# Avida Host Tasks data
# Fri Sep 25 15:11:09 2020
# First column gives the current update, next columns give the number
# of Hosts that have the particular task
#  1: Update
#  2: Not
#  3: Nand
#  4: And
#  5: OrNot
#  6: Or
#  7: AndNot
#  8: Nor
#  9: Xor
# 10: Equals

0 0 0 0 0 0 0 0 0 0 
100 187 0 0 0 0 0 0 0 0 
200 510 0 0 0 0 0 0 0 0 
300 763 0 0 0 0 0 0 0 0 
400 1495 0 0 0 0 0 0 0 0 
500 2120 0 0 0 0 0 0 0 0 
600 3358 2 0 0 0 0 0 0 0 
700 4878 4 0 1 0 0 0 0 0 
800 5796 9 0 2 0 0 0 0 0 
900 7510 11 2 2 0 0 0 0 0 
1000 8731 14 1 3 0 0 0 0 0 
1100 10377 30 3 6 0 0 0 0 0 
1200 11984 43 4 7 0 0 0 0 0 
1300 13282 57 5 7 0 0 0 0 0 
1400 15034 74 5 5 0 0 0 0 0 
1500 16488 96 6 7 0 0 0 0 0 
1600 17870 119 6 11 0 0 0 0 0 
1700 19228 154 8 10 0 0 0 0 0 
1800 20448 184 12 13 0 0 0 0 0 
1900 21702 209 13 14 0 0 0 0 0 
2000 22900 225 18 14 0 0 0 0 0 
2100 23744 232 20 15 0 0 0 0 0 
2200 24637 240 27 22 0 0 0 0 0 
2300 25406 232 29 26 0 0 0 0 0 
2400 26001 247 26 30 0 0 0 0 0 
2500 26508 239 31 26 0 0 0 0 0 
2600 26955 239 34 28 0 0 0 0 0 
2700 27327 251 42 31 0 0 0 0 0 
2800 27487 265 37 34 0 0 0 0 0 
2900 27659 270 37 23 0 0 0 0 0 
3000 27841 274 38 22 0 0 0 0 0 
3100 27985 279 43 22 0 0 0 0 0 
3200 27989 286 46 22 0 0 0 0 0 
3300 28045 294 51 27 0 0 0 0 0 
3400 27946 295 56 24 0 0 0 0 0 
3500 27942 299 63 28 0 0 0 0 0 
3600 27744 329 72 26 0 2 0 0 0 
3700 27548 328 69 21 0 2 0 0 0 
3800 27103 333 76 24 0 3 0 0 0 
3900 26822 360 76 20 0 4 0 0 0 
4000 26451 376 77 25 0 6 0 0 0 
4100 25921 388 80 26 0 6 0 0 0 
4200 25286 418 94 29 0 8 0 0 0 
4300 24525 449 101 24 0 10 0 0 0 
4400 23626 495 110 25 0 8 0 0 0 
4500 22566 550 126 26 0 12 0 0 0 
4600 21460 606 151 32 0 6 0 0 0 
4700 20335 689 192 39 0 7 0 0 0 
4800 19529 784 235 52 0 4 0 0 0 
4900 18913 957 273 59 0 7 0 0 0 
5000 18461 1118 339 87 0 11 0 0 0 
5100 18117 1313 375 122 0 11 0 0 0 
5200 17806 1555 438 152 0 14 0 0 0 
5300 17639 1792 482 198 0 18 0 0 0 
5400 17348 2069 564 228 0 17 0 0 0 
5500 16803 2448 691 260 0 24 0 0 0 
5600 16058 2826 798 294 0 28 0 0 0 
5700 15293 3259 915 375 0 31 0 0 0 
5800 14636 3725 1075 449 0 38 0 0 0 
5900 13998 4273 1223 538 0 35 0 0 0 
6000 13402 4902 1419 643 0 35 0 0 0 
6100 12809 5394 1621 731 0 34 0 0 0 
6200 12194 6017 1810 870 0 37 0 0 0 
6300 11622 6493 2006 1015 0 51 0 0 0 
6400 11127 6981 2151 1078 0 60 0 0 0 
6500 10808 7311 2295 1207 0 71 0 0 0 
6600 10458 7562 2453 1291 0 76 0 0 0 
6700 10179 7817 2590 1414 0 89 0 0 0 
6800 9903 8012 2775 1521 0 98 0 0 0 
6900 9797 8242 2836 1616 0 104 0 0 0 
7000 9697 8277 3034 1728 0 105 0 0 0 
7100 9767 8163 3208 1844 0 112 0 0 0 
7200 9756 8095 3354 1946 0 116 0 0 0 
7300 9725 8025 3466 2064 0 127 0 0 0 
7400 9895 7855 3555 2089 0 134 0 0 0 
7500 9951 7792 3661 2177 0 134 0 0 0 
7600 9952 7717 3806 2282 0 144 0 0 0 
7700 9998 7721 3934 2388 0 151 0 0 0 
7800 9986 7740 4086 2453 0 172 0 0 0 
7900 9911 7795 4180 2508 0 188 0 0 0 
8000 9833 7911 4275 2577 0 190 0 0 0 
8100 9693 8032 4345 2644 0 214 0 0 0 
8200 9375 8164 4496 2732 0 228 0 0 0 
8300 9189 8170 4590 2797 0 232 0 0 0 
8400 8862 8240 4699 2879 0 244 0 0 0 
8500 8691 8243 4776 3000 0 251 0 0 0 
8600 8510 8273 4896 3086 0 263 0 0 0 
8700 8391 8297 4968 3156 0 273 0 0 0 
8800 8324 8242 5036 3268 0 310 0 0 0 
8900 8404 8074 5134 3347 0 319 0 0 0 
9000 8436 7963 5233 3466 0 340 0 0 0 
9100 8472 7785 5319 3591 0 368 0 0 0 
9200 8467 7598 5393 3705 0 361 0 0 0 
9300 8522 7376 5395 3896 0 393 0 0 0 
9400 8497 7200 5441 4013 0 418 0 0 0 
9500 8450 7083 5351 4162 0 447 0 0 0 
9600 8438 6872 5349 4324 0 459 0 0 0 
9700 8298 6660 5380 4431 0 468 0 0 0 
9800 8205 6498 5297 4591 0 494 0 0 0 
9900 8248 6439 5192 4682 0 521 0 0 0 
10000 8172 6395 5157 4771 0 538 0 0 0 
10100 8059 6329 5118 4741 0 574 0 0 0 
10200 8063 6324 5087 4630 0 608 0 0 0 
10300 8103 6367 5050 4443 0 661 0 0 0 
10400 8188 6351 4994 4183 0 712 0 0 0 
10500 8338 6335 4964 3947 2 702 0 0 0 
10600 8411 6293 5044 3697 2 690 0 0 0 
10700 8532 6197 5141 3558 2 718 0 0 0 
10800 8497 6102 5242 3514 1 720 0 0 0 
10900 8530 5865 5405 3478 1 736 0 0 0 
11000 8555 5650 5506 3544 0 762 0 0 0 
11100 8442 5391 5566 3631 0 806 0 0 0 
11200 8371 5111 5634 3725 0 882 0 0 0 
11300 8233 4944 5672 3924 0 935 0 0 0 
11400 8083 4720 5785 4109 0 1001 0 0 0 
11500 7949 4539 5821 4266 2 1073 0 0 0 
11600 7824 4411 5948 4476 2 1145 0 0 0 
11700 7715 4404 6100 4586 3 1223 0 0 0 
11800 7627 4297 6166 4745 5 1306 0 0 0 
11900 7486 4208 6282 4836 6 1353 0 0 0 
12000 7399 4141 6339 4973 10 1408 0 0 0 
12100 7476 4064 6365 4975 13 1446 0 0 0 
12200 7475 4049 6460 4904 18 1464 0 0 0 
12300 7549 3946 6446 4891 23 1562 0 0 0 
12400 7659 3879 6465 4893 27 1584 0 0 0 
12500 7667 3801 6608 4820 29 1682 0 0 0 
12600 7681 3705 6699 4849 43 1745 0 0 0 
12700 7578 3586 6933 4868 55 1730 0 0 0 
12800 7454 3378 7101 4923 64 1819 0 0 0 
12900 7491 3305 7079 5097 68 1862 0 0 0 
13000 7351 3282 7111 5186 87 1966 0 0 0 
13100 7352 3269 7027 5443 90 1989 0 0 0 
13200 7245 3175 6987 5555 103 2047 0 0 0 
13300 7192 3219 6902 5649 115 2146 0 0 0 
13400 7325 3238 6710 5771 118 2195 0 0 0 
13500 7211 3207 6637 5894 129 2260 0 0 0 
13600 7098 3222 6429 6021 155 2366 0 0 0 
13700 6956 3226 6196 6323 165 2460 0 0 0 
13800 6787 3182 6123 6333 182 2563 0 0 0 
13900 6676 3179 5960 6497 199 2660 0 0 0 
14000 6429 3211 5765 6662 216 2777 0 0 0 
14100 6266 3253 5726 6736 248 2945 0 0 0 
14200 6099 3278 5678 6850 246 3050 0 0 0 
14300 5945 3326 5692 6910 266 3180 0 0 0 
14400 5841 3351 5743 6920 279 3332 0 0 0 
14500 5757 3356 5715 6816 313 3494 0 0 0 
14600 5695 3364 5701 6628 358 3630 0 0 0 
14700 5802 3352 5589 6287 371 3794 0 0 0 
14800 5854 3342 5454 5866 409 3952 0 0 0 
14900 5930 3350 5403 5428 459 4059 0 0 0 
15000 6070 3349 5407 5049 496 4154 1 0 0 
15100 6186 3390 5294 4750 576 4209 3 0 0 
15200 6314 3427 5236 4520 614 4171 4 0 0 
15300 6456 3512 5108 4339 651 4129 7 0 0 
15400 6604 3580 5059 4121 724 4139 7 0 0 
15500 6753 3538 5099 3989 798 4084 7 0 0 
15600 6803 3573 5153 3977 891 4053 4 0 0 
15700 6781 3581 5242 3913 947 4084 4 0 0 
15800 6743 3553 5342 3873 1009 4165 4 0 0 
15900 6656 3552 5497 3770 1087 4181 5 0 0 
16000 6420 3491 5656 3670 1147 4228 8 0 0 
16100 6191 3368 5763 3722 1197 4304 8 0 0 
16200 6036 3377 5916 3741 1195 4330 11 0 0 
16300 5723 3319 6111 3727 1236 4413 12 0 0 
16400 5391 3187 6198 3786 1259 4580 16 0 0 
16500 5190 3092 6241 3855 1308 4755 16 0 0 
16600 5075 2911 6313 3901 1405 4766 22 0 0 
16700 5019 2831 6377 3975 1493 4785 23 0 0 
16800 5000 2795 6423 4081 1561 4710 23 0 0 
16900 4900 2737 6443 4099 1651 4678 22 0 0 
17000 4892 2734 6298 4105 1696 4602 20 0 0 
17100 4715 2790 6192 4049 1794 4582 23 0 0 
17200 4630 2772 6100 4032 1843 4591 32 0 0 
17300 4550 2861 6084 3996 1887 4624 35 0 0 
17400 4464 2935 6057 3975 1972 4719 37 0 0 
17500 4430 2978 6143 3981 2019 4684 36 0 0 
17600 4228 2980 6259 3963 2132 4629 38 0 0 
17700 4106 2999 6426 3933 2242 4496 38 0 0 
17800 4027 3069 6681 3831 2336 4242 40 0 0 
17900 4000 3123 6787 3736 2461 4016 44 0 0 
18000 4034 3099 6942 3653 2553 3897 52 0 0 
18100 4086 3140 7129 3565 2668 3857 49 0 0 
18200 4153 3164 7149 3557 2807 3797 41 0 0 
18300 4210 3095 7234 3484 2866 3788 43 0 0 
18400 4255 3009 7196 3565 2981 3751 45 0 0 
18500 4239 2878 7180 3575 3059 3799 42 0 0 
18600 4282 2779 7138 3573 3148 3771 47 0 0 
18700 4306 2784 7013 3662 3303 3838 45 0 0 
18800 4402 2720 6804 3600 3340 3853 60 0 0 
18900 4486 2576 6510 3521 3484 3903 73 0 0 
19000 4424 2572 6238 3494 3553 4031 80 0 0 
19100 4479 2607 5840 3348 3667 4141 91 0 0 
19200 4534 2681 5485 3372 3793 4303 85 0 0 
19300 4528 2745 5238 3401 3822 4493 83 0 0 
19400 4604 2834 4997 3370 3922 4641 88 0 0 
19500 4721 2900 4831 3414 3891 4785 92 0 0 
19600 4874 2872 4748 3322 3806 4912 103 0 0 
19700 4895 2854 4770 3275 3586 5005 109 0 0 
19800 4892 2905 4760 3175 3395 5083 136 0 0 
19900 4919 2985 4847 3163 3155 5042 153 0 0 
20000 4953 3030 4887 3218 2843 5001 152 0 0 
20100 4886 3124 4984 3322 2578 5105 176 0 0 
20200 4901 3096 5072 3374 2299 5098 190 0 0 
20300 4924 3192 5196 3474 2111 5104 206 0 0 
20400 4880 3224 5292 3486 2030 5051 252 0 0 
20500 4885 3296 5412 3589 1987 5069 255 0 0 
20600 4807 3277 5375 3564 2008 5010 291 0 0 
20700 4732 3218 5361 3635 2061 4990 344 0 0 
20800 4659 3230 5279 3669 2106 5042 383 0 0 
20900 4679 3173 5083 3749 2207 5013 454 0 0 
21000 4732 3050 4944 3724 2337 4867 512 0 0 
21100 4811 2951 4823 3748 2442 4716 552 0 0 
21200 4970 2801 4690 3718 2581 4555 619 0 0 
21300 5141 2648 4684 3596 2660 4473 660 0 0 
21400 5140 2554 4637 3478 2805 4350 743 0 0 
21500 5055 2476 4672 3403 2871 4309 839 0 0 
21600 4933 2465 4844 3313 2868 4236 865 0 0 
21700 4878 2430 4848 3309 2865 4206 959 0 0 
21800 4800 2451 4936 3320 2875 4225 1056 0 0 
21900 4666 2488 5050 3311 2915 4199 1120 0 0 
22000 4664 2491 5076 3318 3005 4107 1246 0 0 
22100 4620 2565 5102 3232 3014 4026 1343 0 0 
22200 4649 2619 5127 3296 3081 4009 1397 0 0 
22300 4592 2708 5053 3233 3136 4005 1524 0 0 
22400 4572 2816 4884 3208 3169 3957 1636 0 0 
22500 4538 2932 4802 3060 3245 3924 1752 0 0 
22600 4511 2934 4597 3024 3294 4031 1912 0 0 
22700 4591 3006 4500 2995 3332 4114 2010 0 0 
22800 4636 3053 4422 2844 3303 4147 2166 0 0 
22900 4702 3034 4338 2747 3214 4307 2321 0 0 
23000 4689 3077 4353 2672 3167 4366 2441 0 0 
23100 4699 3031 4240 2573 3080 4477 2618 0 0 
23200 4791 3010 4175 2521 3023 4525 2741 0 0 
23300 4720 3004 4062 2477 2999 4494 2832 0 0 
23400 4660 3064 4082 2462 2941 4531 2878 0 0 
23500 4488 3060 4087 2504 2991 4524 2874 0 0 
23600 4517 3054 4180 2592 3026 4458 2635 0 0 
23700 4379 2954 4206 2675 3050 4440 2364 0 0 
23800 4314 2924 4407 2755 3059 4444 2026 0 0 
23900 4248 2966 4616 2864 3173 4420 1748 0 0 
24000 4236 2937 4738 2956 3212 4493 1599 0 0 
24100 4192 2986 4779 3041 3345 4534 1547 0 0 
24200 4149 3004 4838 3110 3373 4589 1543 0 0 
24300 4082 2972 4780 3252 3418 4574 1637 0 0 
24400 4061 2889 4766 3287 3502 4527 1724 0 0 
24500 3966 2828 4826 3426 3497 4440 1810 0 0 
24600 3961 2730 4818 3577 3512 4345 1925 0 0 
24700 3951 2581 4883 3703 3625 4260 2047 0 0 
24800 3926 2473 4882 3751 3699 4154 2131 0 0 
24900 3998 2493 4797 3846 3741 4035 2248 0 0 
25000 3902 2479 4780 3894 3805 3924 2393 0 0 
25100 3898 2415 4757 3870 3857 3804 2455 0 0 
25200 3892 2360 4731 3866 3887 3642 2575 0 0 
25300 3787 2401 4746 3861 3884 3555 2628 0 0 
25400 3889 2466 4710 3889 3851 3521 2672 0 0 
25500 3918 2462 4632 3890 3853 3520 2725 0 0 
25600 3917 2519 4491 3904 3890 3609 2834 0 0 
25700 4036 2500 4383 3853 3954 3626 2949 0 0 
25800 4032 2470 4201 3846 3969 3704 3147 0 0 
25900 4100 2491 4046 3834 4044 3739 3261 0 0 
26000 4152 2507 3965 3723 4030 3770 3426 0 0 
26100 4051 2442 3888 3571 4015 3924 3665 0 0 
26200 3971 2505 3779 3492 4033 4019 3861 0 0 
26300 3902 2593 3725 3303 4062 4180 3979 0 0 
26400 3946 2597 3698 3254 4153 4322 4104 0 0 
26500 3938 2568 3724 3186 4127 4357 4251 0 0 
26600 3972 2555 3770 3152 4104 4443 4397 0 0 
26700 3991 2531 3799 2916 4042 4510 4649 0 0 
26800 4074 2515 3891 2729 3944 4479 4693 0 0 
26900 4055 2463 3974 2656 3824 4517 4646 0 0 
27000 4011 2521 4096 2691 3787 4569 4606 0 0 
27100 3945 2544 4216 2770 3685 4578 4527 0 0 
27200 3798 2528 4348 2855 3540 4782 4374 0 0 
27300 3668 2453 4398 2840 3518 4868 4199 0 0 
27400 3582 2493 4485 2898 3479 4829 4084 0 0 
27500 3523 2517 4473 2902 3412 5000 3921 0 0 
27600 3515 2639 4496 2853 3431 5053 3667 0 0 
27700 3514 2690 4573 2929 3416 5210 3557 0 0 
27800 3529 2667 4582 2936 3474 5380 3386 0 0 
27900 3550 2672 4606 2967 3508 5475 3276 0 0 
28000 3479 2580 4596 3008 3534 5600 3262 0 0 
28100 3457 2564 4618 3058 3561 5642 3185 0 0 
28200 3487 2492 4586 3071 3673 5553 3239 0 0 
28300 3461 2408 4537 3070 3656 5694 3388 0 0 
28400 3527 2396 4563 3044 3646 5716 3441 0 0 
28500 3505 2367 4691 3038 3624 5696 3500 0 0 
28600 3583 2218 4802 3082 3574 5672 3522 0 0 
28700 3603 2207 4847 3197 3651 5617 3616 0 0 
28800 3549 2245 4912 3214 3615 5605 3665 0 0 
28900 3572 2293 4911 3240 3667 5494 3707 0 0 
29000 3640 2312 4816 3365 3625 5411 3784 0 0 
29100 3668 2321 4840 3337 3591 5343 3823 0 0 
29200 3761 2398 4836 3319 3456 5252 3795 0 0 
29300 3870 2421 4845 3365 3351 5154 3631 0 0 
29400 3943 2524 4779 3519 3295 5022 3528 0 0 
29500 3991 2586 4644 3556 3323 4974 3468 0 0 
29600 3924 2631 4677 3558 3327 4898 3488 0 0 
29700 3921 2572 4704 3525 3307 4784 3579 0 0 
29800 3952 2560 4643 3452 3343 4609 3631 0 0 
29900 3838 2535 4653 3382 3338 4379 3813 0 0 
30000 3813 2551 4625 3361 3396 4211 4066 0 2 
30100 3896 2477 4562 3362 3375 4033 4161 0 2 
30200 3835 2390 4506 3339 3359 3959 4268 0 2 
30300 3748 2356 4350 3255 3395 3874 4339 0 2 
30400 3719 2316 4269 3227 3437 3866 4324 0 0 
30500 3652 2198 4122 3233 3461 3961 4444 0 0 
30600 3598 2117 4079 3210 3515 4025 4505 0 0 
30700 3534 2077 3969 3253 3609 4111 4521 0 0 
30800 3524 2056 4028 3267 3715 4106 4429 0 0 
30900 3448 2094 4097 3264 3720 4305 4209 0 0 
31000 3430 2091 4187 3216 3835 4252 4121 0 0 
31100 3364 2126 4292 3269 3879 4324 4034 0 0 
31200 3423 2113 4318 3298 3885 4278 3959 0 0 
31300 3513 2070 4312 3370 3963 4112 3993 0 0 
31400 3689 2097 4314 3455 3913 4061 3965 0 0 
31500 3786 2136 4243 3499 3955 3908 4029 0 0 
31600 3842 2146 4155 3526 4030 3719 4108 0 0 
31700 3882 2157 4097 3556 3952 3653 4127 0 0 
31800 3717 2133 3981 3517 4033 3555 4104 0 0 
31900 3630 2098 4038 3504 4098 3489 4149 0 0 
32000 3556 2078 4231 3452 4169 3517 4064 0 0 
32100 3465 2115 4349 3370 4347 3435 3971 0 0 
32200 3508 2165 4477 3341 4305 3302 3960 0 0 
32300 3543 2142 4621 3366 4264 3272 3957 0 0 
32400 3566 2140 4645 3348 4183 3276 3985 0 0 
32500 3533 2144 4605 3377 4106 3257 4006 0 0 
32600 3525 2141 4549 3425 4073 3352 3981 0 0 
32700 3536 2130 4479 3483 3981 3378 4018 0 0 
32800 3577 2187 4387 3627 3838 3530 4027 0 0 
32900 3584 2183 4359 3684 3695 3623 3985 0 0 
33000 3491 2206 4361 3748 3661 3726 3954 0 0 
33100 3381 2201 4305 3848 3665 3925 3758 0 0 
33200 3391 2161 4269 3993 3668 3978 3612 0 0 
33300 3319 2117 4229 4043 3782 3986 3636 0 0 
33400 3233 2133 4118 4226 3929 4026 3615 0 0 
33500 3192 2124 4077 4274 4039 3887 3621 0 0 
33600 3026 2102 3929 4340 4107 3840 3694 0 0 
33700 2980 2102 3788 4400 4119 3864 3724 0 0 
33800 3000 2099 3651 4418 4101 3759 3826 0 0 
33900 2975 2066 3466 4385 4169 3810 3999 0 0 
34000 2951 2032 3455 4349 4141 3897 4071 0 0 
34100 3020 2063 3443 4266 4187 3923 4186 0 0 
34200 3014 2088 3367 4263 4155 3810 4275 0 0 
34300 2975 2053 3415 4163 4145 3776 4380 0 0 
34400 2934 2088 3426 4115 4172 3683 4473 0 0 
34500 2874 2085 3639 4029 4104 3534 4525 0 0 
34600 2862 2083 3690 4052 4140 3478 4640 0 0 
34700 2830 2070 3828 3972 4163 3273 4700 0 0 
34800 2875 2039 3994 3819 4171 3216 4787 0 0 
34900 2860 2037 4160 3759 4125 3215 4783 0 0 
35000 2851 2038 4220 3693 4087 3127 4836 0 0 
35100 2863 1970 4194 3740 4040 3218 4738 0 0 
35200 2898 1965 4224 3752 4020 3234 4683 0 0 
35300 2949 1970 4215 3791 3939 3258 4604 0 0 
35400 2947 1976 4287 3780 3979 3390 4475 0 0 
35500 2969 1983 4308 3647 4044 3414 4328 0 0 
35600 2998 1937 4324 3617 4096 3420 4321 0 0 
35700 3083 1896 4189 3656 4168 3401 4259 0 0 
35800 3147 1928 4138 3714 4171 3415 4324 0 0 
35900 3253 1908 4083 3700 4238 3412 4381 0 0 
36000 3264 1977 4105 3667 4184 3450 4429 0 0 
36100 3304 1974 4187 3608 4117 3461 4441 0 0 
36200 3322 1959 4244 3487 4031 3595 4518 0 0 
36300 3412 1960 4308 3445 4009 3545 4580 0 0 
36400 3413 1930 4327 3502 4023 3611 4578 0 0 
36500 3445 1881 4347 3542 4043 3583 4706 0 0 
36600 3427 1893 4292 3572 4067 3534 4868 0 0 
36700 3311 1930 4284 3588 4090 3417 5048 0 0 
36800 3252 1956 4259 3524 4011 3363 5224 0 0 
36900 3146 1951 4295 3544 4100 3316 5409 0 0 
37000 3150 1978 4324 3506 4103 3229 5419 0 0 
37100 3181 1991 4368 3440 4120 3161 5428 0 0 
37200 3147 1929 4344 3402 4190 3097 5491 0 0 
37300 3184 1953 4362 3359 4272 3126 5475 0 0 
37400 3166 1893 4350 3328 4306 3110 5386 0 0 
37500 3273 1936 4312 3288 4344 3139 5284 0 0 
37600 3314 1979 4291 3290 4311 3144 5062 0 0 
37700 3399 2010 4286 3273 4289 3130 5055 0 0 
37800 3437 2010 4306 3253 4248 3110 5021 0 0 
37900 3504 1998 4297 3211 4201 3103 5007 0 0 
38000 3491 1957 4317 3189 4169 3128 5074 0 0 
38100 3537 1948 4433 3122 4176 3091 4969 0 0 
38200 3516 1930 4601 3089 4053 3101 4844 0 0 
38300 3419 1932 4726 3086 4167 3092 4780 0 0 
38400 3329 1940 4927 2982 4130 3021 4725 0 0 
38500 3221 1896 5059 2902 4114 2970 4725 0 0 
38600 3116 1887 5233 2864 4166 2955 4758 0 0 
38700 3064 1863 5372 2791 4024 2994 4775 0 0 
38800 3030 1898 5563 2839 3854 3042 4728 0 0 
38900 3007 1970 5759 2849 3712 3088 4668 0 0 
39000 2971 2001 5852 2875 3696 3065 4645 0 0 
39100 2986 1961 5775 3003 3566 3163 4448 0 0 
39200 2902 2049 5767 3060 3530 3185 4300 0 0 
39300 2827 2084 5526 3144 3664 3262 4251 0 0 
39400 2716 2164 5260 3228 3704 3316 4177 0 0 
39500 2691 2228 5006 3276 3770 3246 4201 0 0 
39600 2684 2252 4717 3411 3830 3263 4240 0 0 
39700 2629 2266 4457 3531 3849 3261 4270 0 0 
39800 2626 2264 4264 3680 3919 3221 4298 0 0 
39900 2582 2330 4081 3687 3989 3198 4349 0 0 
40000 2546 2355 3993 3718 4102 3166 4319 0 0 
40100 2535 2436 3915 3592 4175 3122 4397 0 0 
40200 2560 2502 3927 3489 4199 3195 4422 0 0 
40300 2596 2495 3923 3425 4304 3235 4421 0 0 
40400 2636 2450 3948 3338 4281 3258 4322 0 0 
40500 2648 2395 4014 3332 4264 3405 4183 0 0 
40600 2638 2389 4083 3285 4194 3501 4132 0 0 
40700 2613 2413 4118 3321 4253 3641 4037 0 0 
40800 2581 2369 4247 3370 4243 3817 3864 0 0 
40900 2598 2315 4340 3341 4257 3895 3603 0 0 
41000 2624 2270 4397 3251 4155 3939 3485 0 0 
41100 2676 2237 4554 3287 4010 3891 3346 0 0 
41200 2632 2205 4652 3330 3979 3942 3331 0 0 
41300 2627 2176 4666 3318 3792 3994 3408 0 0 
41400 2638 2145 4591 3306 3703 4010 3450 0 0 
41500 2699 2160 4620 3325 3622 3970 3685 0 0 
41600 2713 2119 4542 3325 3575 4005 3860 0 0 
41700 2693 2081 4488 3277 3612 3955 3976 0 0 
41800 2626 2075 4489 3110 3611 3846 4150 0 0 
41900 2553 2085 4425 3010 3741 3719 4265 0 0 
42000 2520 2056 4378 2921 3943 3555 4464 0 0 
42100 2422 2028 4309 2989 4049 3370 4658 0 0 
42200 2360 2015 4203 2928 4166 3240 4768 0 0 
42300 2317 1946 4250 2845 4280 3056 4807 0 0 
42400 2338 1914 4328 2832 4254 2986 4808 0 0 
42500 2393 1942 4396 2768 4271 2974 4669 0 0 
42600 2430 1952 4470 2718 4100 2977 4574 0 0 
42700 2487 2029 4484 2710 3955 3067 4548 0 0 
42800 2540 2036 4583 2788 3788 3142 4492 0 0 
42900 2526 2173 4704 2787 3576 3210 4470 0 0 
43000 2524 2218 4838 2803 3430 3253 4456 0 0 
43100 2619 2286 4933 2794 3280 3236 4361 0 0 
43200 2645 2296 5075 2751 3093 3173 4255 0 0 
43300 2698 2273 5177 2710 2977 3230 4184 0 0 
43400 2831 2263 5182 2647 2793 3252 4080 0 0 
43500 2889 2251 5285 2608 2732 3274 4093 0 0 
43600 3017 2148 5345 2569 2701 3336 4043 0 0 
43700 3083 2144 5453 2455 2720 3439 4110 0 0 
43800 3094 2113 5453 2368 2669 3515 4162 0 0 
43900 3174 2054 5424 2344 2624 3614 4273 0 0 
44000 3268 2047 5393 2269 2646 3652 4377 0 0 
44100 3229 2046 5303 2245 2641 3696 4491 0 0 
44200 3175 2110 5136 2221 2560 3726 4576 0 0 
44300 3129 2115 5059 2270 2483 3686 4625 0 0 
44400 3068 2069 4972 2237 2493 3736 4626 0 0 
44500 3009 2142 4866 2227 2520 3751 4621 0 0 
44600 2998 2196 4867 2180 2628 3786 4635 0 0 
44700 2896 2251 4901 2164 2694 3827 4688 0 0 
44800 2778 2233 4755 2221 2837 3764 4936 0 0 
44900 2692 2163 4654 2207 2880 3815 5054 0 0 
45000 2708 2132 4656 2243 2987 3858 5107 0 0 
45100 2723 2091 4542 2326 3061 3771 5223 0 0 
45200 2767 1970 4481 2375 3073 3658 5346 0 0 
45300 2748 1965 4533 2469 3091 3532 5366 0 0 
45400 2706 1940 4614 2474 3087 3478 5413 0 0 
45500 2619 1881 4654 2544 2977 3424 5455 0 0 
45600 2671 1947 4653 2600 2964 3419 5485 0 0 
45700 2687 1968 4605 2553 2964 3402 5556 0 0 
45800 2653 1986 4540 2523 2896 3433 5600 0 0 
45900 2565 1977 4656 2434 2829 3529 5460 0 0 
46000 2612 1971 4600 2428 2687 3636 5388 0 0 
46100 2626 1992 4606 2374 2507 3755 5382 0 0 
46200 2616 2015 4687 2391 2369 3773 5347 0 0 
46300 2695 2049 4616 2445 2288 3825 5332 0 0 
46400 2675 2045 4594 2413 2190 3806 5273 0 0 
46500 2678 2016 4669 2469 2117 3759 5204 0 0 
46600 2680 1943 4647 2541 2071 3692 5168 0 0 
46700 2598 2039 4797 2690 2045 3675 5056 0 0 
46800 2605 1995 4864 2760 2064 3751 4970 0 0 
46900 2454 1975 4814 2901 2103 3804 4906 0 0 
47000 2384 2012 4806 2918 2161 3897 4884 0 0 
47100 2352 2011 4672 2854 2245 3847 5018 0 0 
47200 2303 1999 4479 2852 2372 3847 5121 0 0 
47300 2259 1948 4470 2830 2453 3803 5234 0 0 
47400 2222 1913 4342 2769 2520 3754 5361 0 0 
47500 2105 1907 4313 2783 2514 3720 5538 0 0 
47600 2105 1968 4155 2757 2598 3600 5765 0 0 
47700 2021 2025 4082 2815 2650 3480 5963 0 0 
47800 1949 2129 3993 2844 2649 3517 6095 0 0 
47900 1879 2186 4003 2925 2594 3500 6058 0 0 
48000 1833 2261 4031 2995 2466 3651 5899 0 0 
48100 1846 2308 4103 3082 2401 3793 5588 0 0 
48200 1767 2386 4213 3166 2325 3846 5201 0 0 
48300 1697 2491 4278 3183 2339 4018 4867 0 0 
48400 1687 2543 4311 3204 2261 4055 4671 0 0 
48500 1646 2588 4423 3290 2219 4129 4535 0 0 
48600 1644 2543 4483 3319 2238 4209 4369 0 0 
48700 1641 2564 4542 3420 2188 4221 4227 0 0 
48800 1691 2605 4577 3568 2170 4134 4145 0 0 
48900 1741 2609 4480 3641 2219 4036 4032 0 0 
49000 1794 2743 4485 3625 2260 3945 3896 0 0 
49100 1781 2799 4462 3591 2410 3774 3931 0 0 
49200 1805 2865 4408 3567 2558 3665 4033 0 0 
49300 1841 2911 4344 3644 2719 3456 3996 0 0 
49400 1879 2873 4338 3634 2912 3192 3968 0 0 
49500 1867 2755 4296 3679 3020 3111 4016 0 0 
49600 1837 2730 4318 3771 3152 2992 4029 0 0 
49700 1847 2707 4214 3900 3143 2992 4000 0 0 
49800 1895 2675 4133 3855 3159 3072 4043 0 0 
49900 1909 2596 4181 3867 3102 3113 4018 0 0 
50000 1940 2529 4107 3789 3086 3221 4092 0 0 
50100 1920 2453 4118 3712 3043 3430 4159 0 0 
50200 1937 2434 4057 3738 2994 3546 4174 0 0 
50300 1936 2465 4035 3776 2955 3643 4048 0 0 
50400 1884 2502 4032 3762 2950 3718 3992 0 0 
50500 1878 2578 4017 3738 2992 3760 3922 0 0 
50600 1903 2587 3922 3722 3139 3820 3904 0 0 
50700 1940 2666 3889 3780 3182 3843 3864 0 0 
50800 1926 2749 3812 3748 3233 3781 3732 0 0 
50900 1886 2836 3754 3656 3359 3751 3675 0 0 
51000 1846 2879 3768 3550 3349 3643 3680 0 0 
51100 1900 2895 3844 3532 3368 3570 3724 0 0 
51200 1828 2900 3933 3508 3422 3461 3772 0 0 
51300 1842 2889 3971 3421 3443 3424 3831 0 0 
51400 1890 2880 4121 3329 3400 3328 3913 0 0 
51500 1865 2812 4332 3224 3526 3118 4074 0 0 
51600 1889 2777 4463 3165 3504 3042 4142 0 0 
51700 1897 2762 4615 3063 3537 3088 4224 0 0 
51800 1890 2684 4675 3034 3562 3121 4289 0 0 
51900 1985 2663 4780 2942 3486 3213 4264 0 0 
52000 1977 2685 4765 2907 3374 3291 4210 0 0 
52100 2062 2676 4666 2858 3244 3397 4159 0 0 
52200 2104 2707 4683 2838 3214 3471 4129 0 0 
52300 2137 2735 4704 2737 3139 3457 4054 0 0 
52400 2175 2675 4685 2630 3088 3546 4082 0 0 
52500 2222 2622 4787 2538 2959 3575 4125 0 0 
52600 2324 2565 4776 2428 2906 3587 4076 0 0 
52700 2425 2535 4784 2392 2878 3626 4109 0 0 
52800 2473 2515 4817 2366 2728 3636 4116 0 0 
52900 2512 2520 4887 2295 2650 3631 4149 0 0 
53000 2568 2504 4837 2249 2652 3545 4228 0 0 
53100 2588 2452 4820 2228 2569 3425 4358 0 0 
53200 2600 2474 4877 2160 2540 3359 4403 0 0 
53300 2522 2465 4907 2083 2458 3226 4527 0 0 
53400 2515 2388 5016 1973 2417 3047 4535 0 0 
53500 2508 2353 5080 1964 2344 2973 4582 0 0 
53600 2501 2325 5146 1938 2327 2858 4617 0 0 
53700 2496 2242 5132 1926 2365 2836 4685 0 0 
53800 2472 2192 5091 1958 2331 2841 4805 0 0 
53900 2593 2140 5103 1920 2424 2772 4798 0 0 
54000 2642 2063 5239 1846 2498 2698 4880 0 0 
54100 2726 2059 5363 1783 2468 2661 4838 0 0 
54200 2717 2083 5433 1684 2485 2538 4899 0 0 
54300 2690 2057 5514 1557 2564 2454 5068 0 0 
54400 2645 2124 5600 1420 2580 2472 5041 0 0 
54500 2553 2102 5638 1341 2558 2515 5044 0 0 
54600 2499 2053 5725 1271 2504 2565 5046 0 0 
54700 2508 2036 5862 1257 2336 2638 4883 0 0 
54800 2456 2003 5950 1221 2210 2691 4781 0 0 
54900 2412 1993 6166 1155 2125 2779 4618 0 0 
55000 2346 1963 6322 1112 2047 2849 4499 0 0 
55100 2258 1932 6518 1066 2029 2921 4480 0 0 
55200 2221 1906 6646 1022 2002 2929 4535 0 0 
55300 2144 1916 6628 954 1969 2903 4509 0 0 
55400 2145 1928 6520 903 1977 2741 4572 0 0 
55500 2110 1973 6395 948 2046 2648 4717 0 0 
55600 2158 2049 6181 950 2123 2570 4792 0 0 
55700 2163 2094 6069 931 2183 2431 4991 0 0 
55800 2184 2168 5973 906 2255 2382 5144 0 0 
55900 2207 2287 5852 853 2330 2312 5318 0 0 
56000 2134 2408 5890 815 2328 2298 5376 0 0 
56100 1973 2520 5867 818 2355 2334 5484 0 0 
56200 1850 2522 5698 815 2275 2441 5518 0 0 
56300 1689 2568 5723 861 2217 2539 5551 0 0 
56400 1599 2613 5724 914 2174 2586 5540 0 0 
56500 1544 2646 5612 918 2187 2695 5499 0 0 
56600 1512 2625 5661 942 2157 2816 5299 0 0 
56700 1537 2498 5700 985 2169 2876 5071 0 0 
56800 1528 2377 5775 1011 2242 2892 5034 0 0 
56900 1616 2258 5980 1055 2276 2913 4923 0 0 
57000 1668 2242 6104 1099 2285 2930 4792 0 0 
57100 1723 2272 6130 1123 2305 2961 4762 0 0 
57200 1735 2288 6161 1151 2327 3022 4789 0 0 
57300 1713 2312 6169 1177 2316 3029 4708 0 0 
57400 1727 2366 6158 1160 2344 3061 4659 0 0 
57500 1689 2412 6136 1130 2352 3053 4653 0 0 
57600 1705 2506 6240 1131 2241 3115 4526 0 0 
57700 1792 2637 6201 1050 2197 3088 4447 0 0 
57800 1871 2656 6150 1008 2244 3011 4399 0 0 
57900 2030 2780 6065 991 2214 2998 4373 0 0 
58000 2145 2761 5952 1026 2181 2967 4398 0 0 
58100 2181 2761 5869 1070 2191 3000 4484 0 0 
58200 2131 2757 5825 1117 2148 3017 4599 0 0 
58300 2168 2783 5782 1153 2061 2978 4646 0 0 
58400 2127 2822 5642 1190 2001 2953 4681 0 0 
58500 2158 2854 5615 1216 2040 2924 4651 0 0 
58600 2175 2801 5570 1199 2019 2866 4746 0 0 
58700 2179 2765 5661 1212 2025 2780 4728 0 0 
58800 2119 2721 5706 1248 2019 2805 4665 0 0 
58900 2102 2693 5701 1242 2109 2743 4729 0 0 
59000 2037 2753 5741 1262 2194 2797 4770 0 0 
59100 1987 2779 5770 1309 2282 2792 4749 0 0 
59200 1890 2736 5767 1289 2415 2744 4769 0 0 
59300 1850 2726 5763 1328 2521 2773 4787 0 0 
59400 1800 2675 5726 1342 2606 2798 4764 0 0 
59500 1880 2677 5717 1351 2635 2748 4743 0 0 
59600 1894 2606 5737 1373 2566 2688 4756 0 0 
59700 1917 2557 5593 1388 2506 2590 4785 0 0 
59800 1997 2463 5460 1391 2447 2536 4739 0 0 
59900 1967 2451 5495 1402 2380 2531 4747 0 0 
60000 1922 2499 5492 1447 2339 2553 4714 0 0 
60100 1933 2599 5506 1478 2285 2500 4580 0 0 
60200 1882 2669 5653 1440 2302 2479 4524 0 0 
60300 1822 2751 5739 1397 2231 2422 4366 0 0 
60400 1720 2707 5918 1359 2193 2364 4222 0 0 
60500 1731 2617 5996 1334 2250 2304 4272 0 0 
60600 1705 2496 6029 1304 2260 2338 4197 0 0 
60700 1691 2430 6086 1322 2272 2384 4131 0 0 
60800 1705 2417 6121 1332 2307 2374 4095 0 0 
60900 1666 2429 6166 1299 2329 2445 4050 0 0 
61000 1608 2491 6164 1323 2335 2515 4113 0 0 
61100 1585 2522 6103 1358 2316 2505 4081 0 0 
61200 1617 2539 6031 1316 2279 2458 4146 0 0 
61300 1762 2506 5921 1269 2264 2458 4218 0 0 
61400 1852 2425 5823 1268 2316 2372 4469 0 0 
61500 1952 2361 5639 1206 2388 2427 4586 0 0 
61600 2063 2359 5438 1170 2449 2494 4760 0 0 
61700 2176 2336 5368 1110 2534 2455 4861 0 0 
61800 2253 2285 5153 1139 2580 2573 4807 0 0 
61900 2333 2276 4951 1137 2593 2672 4778 0 0 
62000 2325 2241 4898 1164 2538 2713 4661 0 0 
62100 2358 2272 4840 1152 2501 2783 4411 0 0 
62200 2391 2282 4843 1174 2470 2805 4303 0 0 
62300 2347 2285 4962 1258 2449 2766 4224 0 0 
62400 2360 2279 5089 1306 2472 2771 4085 0 0 
62500 2266 2327 5217 1374 2487 2706 4109 0 0 
62600 2138 2414 5356 1415 2500 2690 4077 0 0 
62700 2053 2409 5387 1454 2477 2756 4135 0 0 
62800 1957 2360 5390 1491 2399 2756 4147 0 0 
62900 1873 2408 5394 1550 2357 2776 4218 0 0 
63000 1867 2443 5338 1599 2272 2844 4273 0 0 
63100 1789 2409 5287 1676 2237 2856 4342 0 0 
63200 1870 2467 5128 1672 2132 2880 4427 0 0 
63300 1932 2553 5096 1624 2107 2930 4410 0 0 
63400 1944 2633 5048 1596 2141 2916 4472 0 0 
63500 1963 2716 4971 1603 2181 2966 4507 0 0 
63600 1970 2659 4991 1548 2276 3002 4451 0 0 
63700 1991 2636 5055 1533 2257 2933 4534 0 0 
63800 1981 2611 5068 1447 2288 2905 4613 0 0 
63900 2014 2606 5043 1425 2292 2801 4673 0 0 
64000 2114 2564 5051 1397 2270 2746 4678 0 0 
64100 2144 2572 4991 1366 2306 2661 4759 0 0 
64200 2180 2522 5076 1377 2336 2580 4805 0 0 
64300 2203 2555 5008 1406 2342 2550 4790 0 0 
64400 2216 2455 4997 1364 2398 2530 4784 0 0 
64500 2152 2415 5080 1292 2474 2620 4790 0 0 
64600 2134 2396 5121 1269 2458 2651 4720 0 0 
64700 2045 2397 5292 1257 2466 2753 4662 0 0 
64800 2000 2435 5311 1299 2442 2869 4734 0 0 
64900 1999 2376 5191 1325 2403 2975 4830 0 0 
65000 2025 2336 5068 1348 2391 3011 4887 0 0 
65100 2081 2236 4914 1419 2413 2991 4983 0 0 
65200 2059 2215 4729 1491 2419 2956 5016 0 0 
65300 2063 2171 4694 1463 2425 2936 5005 0 0 
65400 2115 2190 4667 1491 2472 2976 4985 0 0 
65500 2076 2193 4760 1490 2450 3026 4933 0 0 
65600 2093 2193 4887 1495 2483 3083 4800 0 0 
65700 2105 2249 5063 1488 2485 3071 4705 0 0 
65800 2023 2313 5234 1480 2434 3062 4585 0 0 
65900 1900 2333 5399 1440 2452 2991 4548 0 0 
66000 1909 2298 5448 1505 2449 2924 4707 0 0 
66100 1941 2288 5349 1559 2374 2889 4753 0 0 
66200 2023 2367 5254 1627 2326 2827 4891 0 0 
66300 2042 2420 5070 1644 2357 2890 4994 0 0 
66400 1997 2468 4962 1635 2352 2822 5107 0 0 
66500 1977 2492 4888 1626 2391 2826 5200 0 0 
66600 1947 2490 4873 1552 2363 2880 5156 0 0 
66700 1965 2507 4767 1515 2383 2916 5094 0 0 
66800 1967 2473 4703 1437 2469 2972 5030 0 0 
66900 1992 2574 4682 1423 2492 3035 4921 0 0 
67000 1981 2663 4742 1321 2528 3102 4735 0 0 
67100 1997 2715 4841 1354 2661 3160 4551 0 0 
67200 2027 2794 4913 1389 2704 3188 4488 0 0 
67300 1982 2795 4977 1415 2678 3072 4475 0 0 
67400 2069 2809 4901 1426 2738 2910 4539 0 0 
67500 2170 2688 4970 1392 2803 2828 4566 0 0 
67600 2206 2511 5013 1340 2866 2801 4556 0 0 
67700 2172 2346 5016 1368 2992 2898 4553 0 0 
67800 2123 2226 5019 1375 3022 2957 4492 0 0 
67900 2053 2138 5000 1412 3009 3049 4509 0 0 
68000 2079 2125 4991 1444 3081 3138 4603 0 0 
68100 2124 2119 4882 1497 3098 3268 4691 0 0 
68200 2187 2105 4712 1529 3119 3350 4714 0 0 
68300 2247 2119 4570 1556 3135 3379 4689 0 0 
68400 2300 2159 4486 1542 3181 3428 4580 0 0 
68500 2350 2159 4503 1503 3131 3464 4413 0 0 
68600 2401 2147 4579 1453 3118 3361 4253 0 0 
68700 2483 2128 4672 1451 3062 3302 4177 0 0 
68800 2516 2066 4843 1395 2984 3158 4127 0 0 
68900 2647 2067 5088 1420 2951 2965 4186 0 0 
69000 2665 2120 5245 1400 2834 2810 4252 0 0 
69100 2732 2136 5397 1371 2789 2639 4313 0 0 
69200 2742 2085 5586 1369 2620 2517 4438 0 0 
69300 2822 2148 5579 1375 2545 2453 4498 0 0 
69400 2819 2196 5654 1407 2437 2396 4551 0 0 
69500 2873 2219 5535 1421 2342 2337 4641 0 0 
69600 2878 2230 5426 1413 2290 2342 4600 0 0 
69700 2821 2290 5406 1381 2292 2345 4571 0 0 
69800 2829 2302 5400 1351 2353 2323 4540 0 0 
69900 2865 2391 5429 1304 2483 2317 4443 0 0 
70000 2803 2422 5516 1315 2549 2300 4298 0 0 
70100 2801 2426 5497 1296 2659 2289 4265 0 0 
70200 2758 2414 5475 1306 2735 2364 4295 0 0 
70300 2786 2412 5464 1330 2780 2429 4221 0 0 
70400 2825 2416 5450 1295 2791 2387 4180 0 0 
70500 2826 2409 5367 1331 2751 2413 4110 0 0 
70600 2799 2330 5329 1310 2727 2416 4075 0 0 
70700 2743 2244 5292 1349 2685 2473 4151 0 0 
70800 2682 2184 5368 1383 2618 2561 4140 0 0 
70900 2561 2195 5509 1433 2544 2552 4129 0 0 
71000 2499 2099 5704 1456 2491 2614 4070 0 0 
71100 2469 1992 5829 1481 2465 2619 4036 0 0 
71200 2431 1956 6043 1545 2468 2655 3976 0 0 
71300 2393 1924 6149 1651 2418 2599 3927 0 0 
71400 2358 1929 6114 1693 2404 2569 3924 0 0 
71500 2318 1966 6145 1751 2427 2448 3917 0 0 
71600 2288 1953 6072 1762 2484 2291 3896 0 0 
71700 2328 1950 5908 1744 2439 2234 3914 0 0 
71800 2426 2000 5654 1776 2512 2076 4045 0 0 
71900 2484 2083 5401 1749 2565 2020 4017 0 0 
72000 2585 2112 5196 1733 2666 1986 4174 0 0 
72100 2615 2190 5093 1768 2750 1972 4198 0 0 
72200 2711 2233 4999 1744 2750 2037 4149 0 0 
72300 2816 2201 4887 1772 2713 2112 4085 0 0 
72400 2875 2176 4771 1789 2679 2197 3951 0 0 
72500 2900 2190 4633 1758 2580 2296 3905 0 0 
72600 2986 2228 4640 1755 2472 2317 3808 0 0 
72700 3095 2262 4692 1730 2448 2305 3728 0 0 
72800 3112 2361 4616 1752 2493 2260 3712 0 0 
72900 3079 2354 4657 1763 2480 2208 3714 0 0 
73000 3077 2385 4710 1745 2415 2294 3710 0 0 
73100 3072 2465 4777 1718 2363 2366 3771 0 0 
73200 3010 2524 4901 1635 2309 2429 3762 0 0 
73300 3020 2557 5031 1557 2303 2446 3743 0 0 
73400 3011 2612 5093 1451 2282 2356 3759 0 0 
73500 3046 2667 5177 1458 2194 2367 3766 0 0 
73600 3089 2700 5199 1452 2106 2416 3711 0 0 
73700 3143 2690 5117 1453 2060 2502 3755 0 0 
73800 3186 2697 4882 1413 1940 2572 3877 0 0 
73900 3185 2757 4679 1392 1923 2603 4022 0 0 
74000 3153 2665 4491 1367 1876 2557 4231 0 0 
74100 3188 2604 4306 1323 1891 2443 4473 0 0 
74200 3236 2563 4235 1297 1798 2368 4638 0 0 
74300 3292 2524 4232 1271 1858 2342 4771 0 0 
74400 3308 2476 4213 1214 1906 2414 4852 0 0 
74500 3360 2432 4318 1225 1921 2475 4834 0 0 
74600 3255 2415 4455 1154 1876 2603 4719 0 0 
74700 3154 2382 4517 1175 1821 2688 4677 0 0 
74800 2978 2388 4674 1190 1772 2796 4597 0 0 
74900 2875 2415 4735 1207 1722 2867 4502 0 0 
75000 2798 2423 4763 1217 1725 2872 4503 0 0 
