# Avida Host Tasks data
# Wed Aug 26 16:58:29 2020
# First column gives the current update, next columns give the number
# of Hosts that have the particular task
#  1: Update
#  2: Not
#  3: Nand
#  4: And
#  5: OrNot
#  6: Or
#  7: AndNot
#  8: Nor
#  9: Xor
# 10: Equals

0 0 0 0 0 0 0 0 0 0 
100 191 0 0 0 0 0 0 0 0 
200 508 0 0 0 0 0 0 0 0 
300 777 0 0 0 0 0 0 0 0 
400 1529 4 0 0 0 0 0 0 0 
500 2166 7 0 0 0 0 0 0 0 
600 3375 11 0 0 0 0 0 0 0 
700 4842 24 0 0 0 0 0 0 0 
800 5787 29 0 0 0 0 0 0 0 
900 7504 39 0 0 0 0 0 0 0 
1000 8785 48 0 0 0 0 0 0 0 
1100 10342 50 0 0 0 0 0 0 0 
1200 11847 63 0 0 0 0 0 0 0 
1300 13026 67 0 4 0 0 0 0 0 
1400 14736 84 1 4 0 0 0 0 0 
1500 16218 92 1 6 0 0 0 0 0 
1600 17661 102 1 6 0 0 0 0 0 
1700 19152 112 2 7 0 0 0 0 0 
1800 20517 115 1 12 0 0 0 0 0 
1900 21826 144 2 12 0 0 0 0 0 
2000 23082 154 2 18 0 0 0 0 0 
2100 24039 169 3 16 0 0 0 0 0 
2200 24967 185 0 15 0 0 0 0 0 
2300 25691 205 2 25 0 0 0 0 0 
2400 26242 223 2 25 0 0 0 0 0 
2500 26907 248 2 28 0 0 0 0 0 
2600 27123 252 1 29 0 0 0 0 0 
2700 27443 263 0 29 0 0 0 0 0 
2800 27680 276 0 28 0 0 0 0 0 
2900 27939 266 0 29 0 0 0 0 0 
3000 28192 268 0 23 0 0 0 0 0 
3100 28207 280 0 26 0 0 0 0 0 
3200 28273 296 0 25 0 0 0 0 0 
3300 28184 327 2 21 0 0 0 0 0 
3400 28134 320 3 20 0 0 0 0 0 
3500 27983 331 3 18 0 0 0 0 0 
3600 27781 361 2 23 0 0 0 0 0 
3700 27504 386 1 24 0 0 0 0 0 
3800 27024 401 0 31 0 0 0 0 0 
3900 26323 410 0 35 0 0 0 0 0 
4000 25405 447 0 39 0 0 0 0 0 
4100 24274 447 0 46 0 0 0 0 0 
4200 22891 480 0 55 0 0 0 0 0 
4300 21549 602 2 72 0 0 0 0 0 
4400 20454 684 4 81 0 0 0 0 0 
4500 19551 843 7 122 0 0 0 0 0 
4600 19074 995 14 155 0 0 0 0 0 
4700 18888 1191 18 181 0 0 0 0 0 
4800 18770 1473 28 212 0 0 0 0 0 
4900 18617 1739 38 239 0 0 0 0 0 
5000 18357 2084 56 276 0 0 0 0 0 
5100 18012 2437 70 309 0 0 0 0 0 
5200 17516 2863 86 369 0 0 0 0 0 
5300 16830 3382 100 422 0 0 0 0 0 
5400 16223 3864 126 482 0 0 0 0 0 
5500 15541 4445 143 578 0 0 0 0 0 
5600 15062 5037 159 624 0 0 0 0 0 
5700 14452 5571 172 705 0 0 0 0 0 
5800 13735 6315 194 802 0 2 0 0 0 
5900 13206 6945 220 898 0 4 0 0 0 
6000 12699 7472 257 1023 0 5 0 0 0 
6100 12138 8071 291 1112 0 8 0 0 0 
6200 11703 8541 306 1196 0 16 0 0 0 
6300 11143 9076 340 1303 0 19 0 0 0 
6400 10901 9404 363 1399 0 16 0 0 0 
6500 10666 9681 419 1525 0 14 0 0 0 
6600 10508 9934 455 1608 0 20 0 0 0 
6700 10328 9951 482 1775 0 15 0 0 0 
6800 10184 9930 510 1934 0 10 0 0 0 
6900 10266 9712 537 2045 0 14 0 0 0 
7000 10323 9522 560 2241 0 15 0 0 0 
7100 10477 9217 607 2363 0 22 0 0 0 
7200 10647 8849 632 2531 0 30 0 0 0 
7300 10828 8610 664 2718 0 34 0 0 0 
7400 10912 8379 727 2910 0 44 0 0 0 
7500 10994 8229 791 3126 0 44 0 0 0 
7600 11057 8073 860 3301 0 53 0 0 0 
7700 11048 7977 907 3477 0 62 0 0 0 
7800 10923 7977 984 3675 0 53 0 0 0 
7900 10711 7900 1044 3859 0 62 0 0 0 
8000 10415 7804 1105 4088 0 62 0 0 0 
8100 10134 7652 1213 4302 0 73 0 0 0 
8200 9887 7553 1250 4543 0 74 0 0 0 
8300 9570 7422 1357 4778 0 76 0 0 0 
8400 9320 7392 1434 5084 0 89 0 0 0 
8500 9217 7324 1504 5316 0 105 0 0 0 
8600 9008 7344 1587 5510 0 115 0 0 0 
8700 8779 7242 1668 5769 0 122 0 0 0 
8800 8509 7211 1781 5907 2 133 0 0 0 
8900 8335 7141 1864 6125 2 136 0 0 0 
9000 8199 6966 1942 6294 2 153 0 0 0 
9100 7987 6852 2076 6274 2 171 0 0 0 
9200 7582 6916 2182 6148 3 194 0 0 0 
9300 7249 7028 2353 5808 4 200 0 0 0 
9400 7024 7233 2544 5530 3 214 0 0 0 
9500 6787 7534 2735 5106 5 208 0 0 0 
9600 6672 7772 2948 4715 7 209 0 0 0 
9700 6431 8174 3077 4492 8 233 0 0 0 
9800 6136 8395 3288 4318 8 244 0 0 0 
9900 5933 8554 3537 4128 7 251 0 0 0 
10000 5777 8559 3794 3917 8 264 0 0 0 
10100 5537 8500 4125 3733 7 284 0 0 0 
10200 5377 8372 4441 3587 2 324 0 0 0 
10300 5117 8087 4808 3422 2 352 0 0 0 
10400 5107 7712 5222 3251 1 388 2 0 0 
10500 4964 7370 5650 3154 1 415 3 0 0 
10600 4816 7022 6094 3034 2 444 4 0 0 
10700 4624 6580 6541 3067 4 496 4 0 0 
10800 4444 6243 7016 3111 3 521 5 0 0 
10900 4388 6005 7457 3110 5 551 4 0 0 
11000 4416 5774 7853 3139 5 546 4 0 0 
11100 4370 5559 8339 3148 4 570 7 0 0 
11200 4279 5390 8783 3121 2 621 8 0 0 
11300 4221 5217 9237 3102 1 652 10 0 0 
11400 4193 5119 9636 3157 2 660 14 0 0 
11500 4108 4984 10029 3173 2 711 17 0 0 
11600 3985 4845 10334 3239 0 746 22 0 0 
11700 3766 4771 10629 3358 0 777 20 0 0 
11800 3749 4572 10791 3461 0 836 22 0 0 
11900 3714 4471 10934 3620 0 900 25 0 0 
12000 3714 4286 10963 3750 0 976 27 0 0 
12100 3695 4165 10998 3851 0 1050 30 0 0 
12200 3712 4029 10960 3939 0 1087 25 0 0 
12300 3734 3843 10635 4100 0 1202 24 0 0 
12400 3779 3785 10313 4195 0 1274 30 0 0 
12500 3916 3762 10001 4316 0 1333 25 0 0 
12600 4194 3734 9440 4405 0 1383 29 0 0 
12700 4421 3751 8804 4609 0 1469 33 0 0 
12800 4632 3842 8109 4805 0 1593 38 0 0 
12900 4737 3863 7401 5054 0 1738 42 0 0 
13000 5003 3883 6897 5304 0 1810 49 0 0 
13100 5113 3810 6486 5561 0 1900 58 0 0 
13200 5222 3922 6057 5647 0 1973 61 0 0 
13300 5281 3944 5680 5656 0 2042 65 0 0 
13400 5300 3937 5391 5604 2 2183 69 0 0 
13500 5434 3917 5184 5471 4 2295 66 0 0 
13600 5423 3794 5129 5309 7 2438 65 0 0 
13700 5415 3652 5148 5234 8 2598 69 0 0 
13800 5276 3542 5255 5157 9 2806 73 0 0 
13900 5083 3490 5404 4970 10 3065 82 0 0 
14000 4895 3503 5592 4734 11 3270 86 0 0 
14100 4883 3481 5715 4573 14 3521 95 0 0 
14200 4858 3506 5796 4339 16 3813 114 0 0 
14300 4786 3535 5924 4217 16 4090 120 0 0 
14400 4760 3547 5886 4073 17 4236 120 0 0 
14500 4740 3645 5891 3953 22 4361 126 0 0 
14600 4737 3622 5924 3775 26 4441 129 0 0 
14700 4838 3745 5797 3708 33 4589 121 0 0 
14800 4779 3792 5718 3628 40 4744 133 0 0 
14900 4777 3843 5612 3567 52 4842 143 0 0 
15000 4831 3799 5427 3493 73 5032 156 0 0 
15100 4946 3810 5247 3442 70 5169 168 0 0 
15200 4994 3839 4993 3426 92 5289 182 0 0 
15300 5071 3868 4727 3408 111 5524 194 0 0 
15400 5031 3906 4599 3392 116 5769 203 0 0 
15500 5008 3766 4538 3455 139 6013 218 0 0 
15600 4939 3635 4587 3440 148 6233 217 0 0 
15700 4781 3468 4570 3495 181 6474 227 0 0 
15800 4751 3297 4646 3340 211 6559 252 0 0 
15900 4650 3249 4642 3262 231 6714 261 0 0 
16000 4633 3211 4673 3254 269 6684 293 0 0 
16100 4696 3142 4662 3200 324 6578 317 0 0 
16200 4723 3115 4698 3105 357 6612 312 0 0 
16300 4738 3046 4633 2991 440 6484 331 0 0 
16400 4770 2960 4665 2869 486 6446 319 0 0 
16500 4843 2879 4832 2746 567 6470 322 0 0 
16600 4942 2824 5016 2676 639 6487 314 0 0 
16700 5113 2772 5138 2707 680 6416 311 0 0 
16800 5122 2675 5319 2724 789 6235 332 0 0 
16900 5107 2667 5595 2706 851 6014 340 0 0 
17000 5140 2655 5783 2741 919 5764 350 0 0 
17100 4958 2617 6096 2681 1011 5409 363 0 0 
17200 4901 2583 6297 2651 1090 5212 373 0 0 
17300 4781 2564 6317 2561 1189 5060 403 0 0 
17400 4856 2528 6281 2519 1278 4901 432 0 0 
17500 4931 2514 6276 2523 1303 4809 426 0 0 
17600 5012 2417 6230 2449 1350 4734 454 0 0 
17700 5176 2370 6095 2439 1282 4667 471 0 0 
17800 5377 2188 5852 2458 1101 4735 493 0 0 
17900 5561 2090 5691 2521 1012 4741 507 0 0 
18000 5764 1938 5594 2591 884 4795 523 0 0 
18100 5894 1743 5555 2688 774 4809 563 0 0 
18200 6070 1706 5553 2794 815 4796 578 0 0 
18300 6208 1601 5583 2787 812 4892 606 0 0 
18400 6219 1490 5614 2811 897 4857 645 0 0 
18500 6221 1434 5663 2820 989 4867 653 0 0 
18600 6117 1474 5714 2727 1070 4920 672 0 0 
18700 6047 1463 5862 2659 1189 4837 681 0 0 
18800 5957 1455 5862 2633 1287 4799 691 0 0 
18900 5819 1400 5880 2624 1400 4893 713 0 0 
19000 5581 1471 5888 2605 1561 4885 709 0 0 
19100 5536 1395 5888 2595 1568 5015 727 0 0 
19200 5391 1377 5779 2752 1643 5055 753 0 0 
19300 5244 1348 5709 2783 1761 5094 825 0 0 
19400 5144 1382 5515 2861 1810 5178 835 0 0 
19500 5053 1381 5385 2969 1972 5098 827 0 0 
19600 5014 1378 5184 3000 2096 5089 862 0 0 
19700 4963 1359 4988 3007 2214 5079 877 0 0 
19800 4808 1353 4913 3011 2399 5058 880 0 0 
19900 4712 1332 4792 3032 2498 5075 899 0 0 
20000 4634 1328 4772 3048 2676 5063 937 0 0 
20100 4545 1313 4816 3164 2757 4989 936 0 0 
20200 4456 1347 4772 3074 2808 5012 960 0 0 
20300 4355 1357 4689 3058 2883 4950 977 0 0 
20400 4251 1436 4519 3067 2826 4948 993 0 0 
20500 4241 1411 4383 3098 2843 4904 1021 0 0 
20600 4229 1403 4269 3084 2953 4744 1065 0 0 
20700 4275 1444 4137 3230 2971 4641 1058 0 0 
20800 4400 1455 3952 3326 3101 4480 1088 0 0 
20900 4461 1441 3783 3454 3237 4289 1123 0 0 
21000 4477 1480 3764 3479 3330 4195 1147 0 0 
21100 4361 1522 3646 3463 3508 4137 1163 0 0 
21200 4183 1531 3626 3469 3636 4147 1169 0 0 
21300 4059 1514 3659 3406 3785 4193 1194 0 0 
21400 3855 1453 3751 3442 3848 4244 1270 0 0 
21500 3762 1432 3828 3430 3849 4277 1304 0 0 
21600 3653 1326 3874 3383 4013 4382 1329 0 0 
21700 3558 1237 3945 3325 4068 4407 1386 0 0 
21800 3519 1205 4042 3309 4093 4423 1452 0 0 
21900 3374 1154 4117 3248 4148 4450 1484 0 0 
22000 3219 1209 4297 3185 4129 4441 1533 0 0 
22100 3206 1247 4517 3114 4164 4416 1549 0 0 
22200 3107 1297 4732 3021 4155 4485 1540 0 0 
22300 3020 1351 4934 2884 4059 4458 1559 0 0 
22400 2991 1380 5031 2842 3987 4409 1626 0 0 
22500 3006 1441 5140 2819 3844 4261 1664 0 0 
22600 3142 1482 5189 2773 3791 4078 1676 0 0 
22700 3220 1504 5114 2763 3927 4001 1710 0 0 
22800 3455 1529 5034 2745 3928 3784 1699 0 0 
22900 3743 1504 4752 2786 3985 3687 1749 0 0 
23000 4006 1540 4425 2730 4076 3521 1799 0 0 
23100 4168 1499 4123 2721 4167 3360 1823 0 0 
23200 4339 1494 3894 2713 4226 3308 1877 0 0 
23300 4435 1504 3800 2684 4192 3296 1950 0 0 
23400 4374 1532 3844 2694 4188 3344 1978 0 0 
23500 4338 1499 3874 2713 4188 3463 2011 0 0 
23600 4172 1498 4013 2710 4203 3502 2047 0 0 
23700 4130 1430 4044 2692 4341 3556 2061 0 0 
23800 3993 1451 4217 2621 4364 3490 2095 0 0 
23900 3879 1459 4287 2591 4373 3581 2097 0 0 
24000 3863 1472 4389 2550 4428 3614 2083 0 0 
24100 3724 1478 4427 2442 4480 3668 2084 0 0 
24200 3594 1474 4540 2457 4408 3730 2082 0 0 
24300 3529 1488 4597 2423 4319 3767 2145 0 0 
24400 3487 1479 4548 2431 4225 3761 2160 0 0 
24500 3474 1500 4508 2424 4254 3710 2205 0 0 
24600 3498 1519 4421 2426 4283 3667 2294 0 0 
24700 3465 1490 4447 2425 4201 3667 2369 0 0 
24800 3402 1461 4442 2418 4239 3620 2431 0 0 
24900 3363 1421 4525 2382 4237 3622 2515 0 0 
25000 3263 1419 4489 2407 4341 3691 2584 0 0 
25100 3228 1441 4551 2347 4336 3728 2658 0 0 
25200 3182 1416 4451 2289 4343 3678 2748 0 0 
25300 3203 1444 4343 2251 4349 3663 2814 0 0 
25400 3326 1433 4194 2241 4372 3638 2928 0 0 
25500 3415 1452 4037 2297 4386 3570 2952 0 0 
25600 3364 1494 3923 2280 4445 3483 2981 0 0 
25700 3343 1499 3829 2291 4420 3439 3099 0 0 
25800 3403 1536 3748 2320 4465 3386 3076 0 0 
25900 3381 1569 3765 2299 4355 3329 3178 0 0 
26000 3421 1612 3731 2273 4328 3351 3234 0 0 
26100 3433 1675 3699 2233 4392 3319 3192 0 0 
26200 3482 1670 3634 2277 4358 3318 3227 0 0 
26300 3594 1687 3604 2322 4475 3263 3068 0 0 
26400 3643 1729 3545 2361 4530 3249 3009 0 0 
26500 3697 1717 3543 2362 4555 3316 2914 0 0 
26600 3609 1706 3593 2396 4544 3343 2877 0 0 
26700 3558 1686 3640 2455 4518 3439 2789 0 0 
26800 3457 1697 3718 2436 4439 3484 2773 0 0 
26900 3451 1747 3803 2524 4332 3540 2723 0 0 
27000 3488 1785 3812 2589 4229 3573 2740 0 0 
27100 3459 1790 3898 2607 4216 3599 2780 0 0 
27200 3535 1838 3963 2616 4074 3633 2746 0 0 
27300 3498 1932 4072 2539 3910 3729 2774 0 0 
27400 3379 1885 4197 2514 3868 3760 2861 0 0 
27500 3292 1840 4350 2434 3755 3792 2902 0 0 
27600 3147 1765 4400 2484 3705 3849 2955 0 0 
27700 2968 1720 4486 2478 3696 3854 3114 0 0 
27800 2846 1779 4497 2477 3622 3767 3229 0 0 
27900 2765 1739 4477 2490 3704 3683 3403 0 0 
28000 2839 1676 4458 2523 3659 3620 3481 0 0 
28100 2840 1626 4338 2570 3699 3580 3703 0 0 
28200 2807 1569 4159 2640 3704 3518 3905 0 0 
28300 2841 1586 4029 2688 3729 3546 4087 0 0 
28400 2900 1572 3868 2722 3779 3424 4259 0 0 
28500 2973 1603 3688 2752 3756 3287 4432 0 0 
28600 3073 1601 3407 2792 3711 3255 4450 0 0 
28700 3098 1557 3235 2827 3804 3156 4525 0 0 
28800 3263 1498 3012 2899 3887 3077 4586 0 0 
28900 3338 1466 2995 3061 3923 3103 4550 0 0 
29000 3488 1471 2935 3105 3954 3124 4498 0 0 
29100 3559 1522 2869 3136 3882 3116 4502 0 0 
29200 3536 1560 2877 3148 3859 3209 4428 0 0 
29300 3461 1542 2920 3027 3808 3280 4545 0 0 
29400 3293 1539 3015 2964 3806 3428 4539 0 0 
29500 3065 1514 3170 2902 3773 3548 4602 0 0 
29600 2893 1449 3277 2811 3816 3523 4800 0 0 
29700 2707 1467 3354 2723 3794 3556 4980 0 0 
29800 2547 1461 3465 2627 3784 3610 5140 0 0 
29900 2416 1457 3516 2589 3770 3631 5305 0 0 
30000 2395 1403 3569 2598 3722 3636 5428 0 0 
30100 2373 1383 3584 2593 3668 3578 5604 0 0 
30200 2397 1277 3509 2563 3633 3512 5767 0 0 
30300 2344 1210 3438 2602 3552 3472 6025 0 0 
30400 2303 1152 3394 2604 3508 3363 6328 0 0 
30500 2304 1120 3274 2659 3469 3273 6488 0 0 
30600 2323 1116 3161 2688 3419 3260 6668 0 0 
30700 2392 1097 3117 2700 3363 3188 6779 0 0 
30800 2419 1088 3044 2784 3302 3133 6771 0 0 
30900 2494 1137 2982 2893 3268 3108 6602 0 0 
31000 2613 1177 3032 2927 3144 3158 6366 0 0 
31100 2631 1180 3070 3048 3075 3242 6165 0 0 
31200 2715 1168 3126 3153 2936 3258 6048 0 0 
31300 2808 1182 3194 3220 2856 3291 5840 0 0 
31400 2871 1223 3113 3229 2932 3236 5564 0 0 
31500 3045 1230 2998 3256 2929 3182 5411 0 0 
31600 3203 1227 2931 3222 2990 3055 5100 0 0 
31700 3376 1133 2935 3198 3017 2922 4871 0 0 
31800 3491 1107 3070 3114 2972 2904 4505 0 0 
31900 3580 1069 3128 3155 2963 2956 4337 0 0 
32000 3667 1083 3162 3277 2880 2952 4244 0 0 
32100 3718 1103 3122 3406 2807 2955 4176 0 0 
32200 3737 1050 3067 3560 2724 2920 4263 0 0 
32300 3655 998 3137 3675 2648 2789 4397 0 0 
32400 3633 1007 3153 3817 2638 2803 4384 0 0 
32500 3579 948 3186 3817 2617 2732 4485 0 0 
32600 3437 937 3259 3746 2570 2676 4568 0 0 
32700 3315 882 3381 3733 2533 2594 4666 0 0 
32800 3213 858 3484 3645 2465 2537 4770 0 0 
32900 3099 839 3538 3606 2370 2565 4908 0 0 
33000 2978 810 3524 3597 2331 2668 4941 0 0 
33100 2893 817 3537 3556 2262 2796 5082 0 0 
33200 2867 834 3608 3617 2240 2928 5016 0 0 
33300 2925 804 3604 3664 2253 3075 4888 0 0 
33400 2944 796 3579 3806 2254 3073 4709 0 0 
33500 2909 739 3631 3846 2248 3093 4302 0 0 
33600 2935 742 3692 3984 2199 3071 4017 0 0 
33700 2975 710 3909 4051 2159 2945 3778 0 0 
33800 2951 682 4114 3965 2080 2927 3691 0 0 
33900 2901 640 4364 3982 1930 2925 3681 0 0 
34000 2842 647 4598 3902 1822 2934 3636 0 0 
34100 2703 660 4721 3870 1689 2925 3692 0 0 
34200 2646 727 4803 3911 1673 2836 3733 0 0 
34300 2634 788 4840 3884 1669 2785 3761 0 0 
34400 2620 840 4831 3916 1707 2660 3776 0 0 
34500 2627 877 4848 3930 1734 2492 3796 0 0 
34600 2599 899 4767 3934 1753 2440 3807 0 0 
34700 2610 904 4764 4016 1796 2388 3745 0 0 
34800 2590 915 4815 4049 1778 2314 3766 0 0 
34900 2668 934 4689 4015 1787 2291 3855 0 0 
35000 2725 961 4595 3973 1785 2259 4008 0 0 
35100 2769 951 4556 3986 1696 2240 4038 0 0 
35200 2802 929 4409 3977 1642 2236 4082 0 0 
35300 2875 896 4332 3940 1562 2206 4198 0 0 
35400 2935 893 4271 3822 1536 2164 4319 0 0 
35500 3075 880 4154 3686 1631 2075 4462 0 0 
35600 3193 903 4069 3531 1673 1986 4546 0 0 
35700 3217 887 3996 3394 1776 1922 4621 0 0 
35800 3358 877 3784 3358 1862 1788 4663 0 0 
35900 3318 861 3728 3400 1940 1761 4695 0 0 
36000 3355 877 3680 3412 2071 1710 4734 0 0 
36100 3322 905 3660 3537 2058 1687 4777 0 0 
36200 3271 963 3754 3473 2063 1706 4722 0 0 
36300 3082 972 3711 3437 2144 1754 4723 0 0 
36400 3034 963 3676 3441 2082 1889 4531 0 0 
36500 3013 1045 3762 3466 2055 1902 4235 0 0 
36600 2972 1064 3825 3496 1967 2007 3860 0 0 
36700 2889 1092 3961 3531 1836 2061 3502 0 0 
36800 2857 1111 4128 3520 1774 2107 3240 0 0 
36900 2850 1133 4231 3417 1742 2164 3072 0 0 
37000 2895 1170 4367 3326 1671 2131 3027 0 0 
37100 2973 1222 4346 3194 1665 2102 3065 0 0 
37200 3084 1267 4235 3078 1634 2026 3176 0 0 
37300 3224 1317 4064 3023 1713 1956 3386 0 0 
37400 3271 1367 3954 2910 1744 1830 3560 0 0 
37500 3313 1466 3817 2809 1797 1746 3632 0 0 
37600 3317 1560 3753 2629 1864 1721 3733 0 0 
37700 3237 1572 3804 2503 1922 1701 3812 0 0 
37800 3074 1559 3805 2394 1990 1725 3901 0 0 
37900 2926 1495 3812 2355 2062 1742 3919 0 0 
38000 2776 1476 3925 2363 2106 1814 3926 0 0 
38100 2706 1460 3952 2358 2091 1903 3811 0 0 
38200 2662 1425 4060 2281 2035 1986 3704 0 0 
38300 2685 1379 4215 2275 1997 2069 3554 0 0 
38400 2840 1331 4227 2314 1921 2042 3466 0 0 
38500 3025 1244 4166 2363 1855 1993 3366 0 0 
38600 3116 1231 4204 2452 1863 1973 3256 0 0 
38700 3146 1233 4170 2457 1831 1936 3239 0 0 
38800 3118 1309 4155 2434 1830 1933 3312 0 0 
38900 3109 1397 4063 2375 1842 1980 3342 0 0 
39000 3121 1452 3988 2366 1890 2044 3392 0 0 
39100 3047 1459 4037 2284 2002 2080 3371 0 0 
39200 3040 1417 4018 2210 2153 2030 3488 0 0 
39300 3086 1377 3970 2118 2220 1960 3525 0 0 
39400 2998 1352 3923 2038 2363 1939 3618 0 0 
39500 2959 1350 3851 1934 2462 1902 3746 0 0 
39600 2863 1355 3778 1909 2504 1976 3815 0 0 
39700 2760 1370 3747 1913 2532 1987 3821 0 0 
39800 2715 1357 3811 1931 2509 2042 3867 0 0 
39900 2747 1356 3875 1966 2473 2076 3797 0 0 
40000 2717 1321 3963 1986 2400 2127 3713 0 0 
40100 2672 1315 4061 2059 2364 2171 3620 0 0 
40200 2597 1330 4222 2065 2332 2227 3522 0 0 
40300 2529 1350 4233 2077 2312 2193 3437 0 0 
40400 2525 1365 4283 2070 2270 2233 3392 0 0 
40500 2598 1393 4269 1969 2339 2219 3393 0 0 
40600 2677 1419 4313 1857 2446 2230 3470 0 0 
40700 2837 1411 4225 1773 2500 2207 3506 0 0 
40800 2944 1447 4139 1686 2514 2149 3407 0 0 
40900 3013 1400 4047 1686 2604 2168 3419 0 0 
41000 3078 1390 3931 1727 2622 2164 3332 0 0 
41100 3013 1406 3934 1789 2644 2167 3348 0 0 
41200 2954 1414 3926 1893 2630 2244 3279 0 0 
41300 3077 1495 4032 1925 2605 2320 3256 0 0 
41400 3073 1517 4124 1988 2607 2403 3168 0 0 
41500 3111 1484 4122 2040 2640 2470 3141 0 0 
41600 3199 1534 4165 2008 2643 2376 3084 0 0 
41700 3225 1504 4228 2038 2657 2258 3127 0 0 
41800 3232 1503 4209 2047 2688 2117 3258 0 0 
41900 3410 1490 4284 2026 2690 2077 3274 0 0 
42000 3495 1402 4290 1983 2690 2117 3299 0 0 
42100 3736 1403 4327 1988 2693 2169 3219 0 0 
42200 3794 1396 4377 1994 2652 2251 3058 0 0 
42300 3835 1374 4431 1873 2605 2331 2830 0 0 
42400 3851 1376 4520 1823 2519 2406 2654 0 0 
42500 3931 1342 4561 1795 2553 2434 2584 0 0 
42600 4014 1346 4495 1793 2526 2504 2576 0 0 
42700 4108 1351 4452 1807 2565 2417 2545 0 0 
42800 4134 1370 4432 1890 2578 2329 2578 0 0 
42900 4166 1337 4515 1892 2592 2234 2637 0 0 
43000 4204 1314 4596 1893 2594 2174 2687 0 0 
43100 4176 1311 4568 1884 2681 2074 2790 0 0 
43200 4164 1303 4638 1886 2666 1990 2782 0 0 
43300 4075 1303 4494 1886 2650 1961 2776 0 0 
43400 4063 1315 4335 1941 2706 1898 2808 0 0 
43500 4007 1297 4240 1968 2823 1929 2861 0 0 
43600 3842 1253 4196 2048 2968 2028 2852 0 0 
43700 3702 1238 4198 2049 3030 2095 2835 0 0 
43800 3560 1218 4247 2051 3053 2152 2764 0 0 
43900 3451 1245 4390 2078 3044 2133 2676 0 0 
44000 3283 1258 4486 2117 3003 2110 2648 0 0 
44100 3214 1325 4640 2057 3031 2083 2594 0 0 
44200 3126 1341 4869 2009 2974 2062 2552 0 0 
44300 3135 1370 4968 2081 2947 2098 2452 0 0 
44400 3109 1388 4978 1998 2912 2172 2449 0 0 
44500 3039 1403 4921 2078 2894 2209 2405 0 0 
44600 2973 1426 4694 2125 2953 2212 2397 0 0 
44700 2796 1439 4588 2156 2977 2131 2459 0 0 
44800 2687 1441 4548 2131 3041 2142 2510 0 0 
44900 2637 1471 4508 2102 3190 2161 2658 0 0 
45000 2629 1468 4429 2094 3357 2128 2729 0 0 
45100 2724 1483 4446 2092 3459 2091 2742 0 0 
45200 2712 1454 4373 2069 3601 2107 2680 0 0 
45300 2726 1523 4388 2097 3698 2067 2696 0 0 
45400 2739 1552 4365 2072 3783 2043 2676 0 0 
45500 2755 1550 4292 2107 3862 2040 2633 0 0 
45600 2732 1577 4227 2062 3930 1977 2606 0 0 
45700 2712 1536 4227 2094 3996 1987 2511 0 0 
45800 2662 1515 4306 2063 4006 2071 2421 0 0 
45900 2518 1511 4454 2122 3908 2131 2369 0 0 
46000 2442 1494 4568 2219 3682 2215 2310 0 0 
46100 2341 1474 4756 2339 3555 2243 2337 0 0 
46200 2261 1458 4839 2424 3462 2365 2402 0 0 
46300 2255 1392 4951 2477 3378 2412 2433 0 0 
46400 2176 1336 5034 2550 3242 2467 2433 0 0 
46500 2131 1319 5062 2640 3181 2561 2341 0 0 
46600 2235 1260 5005 2683 3105 2525 2257 0 0 
46700 2243 1217 4892 2652 3098 2551 2213 0 0 
46800 2273 1208 4845 2663 3149 2470 2148 0 0 
46900 2229 1188 4767 2675 3255 2403 2135 0 0 
47000 2178 1162 4639 2735 3401 2420 2168 0 0 
47100 2092 1113 4525 2815 3558 2364 2200 0 0 
47200 2078 1072 4422 2806 3718 2340 2273 0 0 
47300 2052 1041 4370 2826 3759 2358 2272 0 0 
47400 1954 1036 4377 2848 3806 2310 2236 0 0 
47500 1974 1097 4413 2819 3819 2298 2248 0 0 
47600 2048 1126 4375 2827 3877 2278 2164 0 0 
47700 2132 1163 4451 2848 3828 2234 2120 0 0 
47800 2200 1120 4485 2870 3753 2221 2090 0 0 
47900 2245 1096 4599 2916 3683 2245 2046 0 0 
48000 2171 1074 4781 2942 3619 2244 2117 0 0 
48100 2144 1026 4939 2958 3537 2229 2162 0 0 
48200 2170 1040 5007 2910 3477 2225 2284 0 0 
48300 2173 976 5018 2856 3420 2189 2368 0 0 
48400 2191 929 4795 2787 3380 2195 2478 0 0 
48500 2225 898 4647 2732 3322 2215 2543 0 0 
48600 2259 833 4619 2700 3342 2335 2556 0 0 
48700 2295 825 4540 2702 3315 2343 2455 0 0 
48800 2318 813 4505 2712 3377 2413 2449 0 0 
48900 2389 852 4479 2697 3487 2377 2400 0 0 
49000 2377 855 4549 2665 3634 2316 2404 0 0 
49100 2293 887 4540 2663 3703 2272 2455 0 0 
49200 2297 903 4563 2654 3749 2238 2443 0 0 
49300 2213 927 4638 2588 3659 2268 2404 0 0 
49400 2063 941 4654 2562 3534 2352 2463 0 0 
49500 1970 938 4762 2578 3426 2431 2408 0 0 
49600 1965 923 4753 2631 3325 2537 2396 0 0 
49700 1963 904 4862 2707 3230 2548 2406 0 0 
49800 2017 893 4938 2794 3227 2549 2396 0 0 
49900 2040 836 4886 2893 3280 2610 2390 0 0 
50000 2020 803 4808 3022 3298 2635 2371 0 0 
50100 2084 769 4679 3019 3344 2659 2288 0 0 
50200 2125 740 4635 2973 3379 2644 2319 0 0 
50300 2174 685 4552 3002 3495 2663 2323 0 0 
50400 2297 683 4447 2895 3608 2675 2325 0 0 
50500 2345 697 4405 2824 3703 2735 2350 0 0 
50600 2434 703 4349 2739 3722 2854 2340 0 0 
50700 2473 722 4206 2689 3778 2933 2351 0 0 
50800 2506 731 4241 2642 3657 3047 2315 0 0 
50900 2504 750 4260 2586 3500 3056 2269 0 0 
51000 2480 757 4326 2556 3345 3076 2198 0 0 
51100 2441 776 4357 2479 3246 3068 2099 0 0 
51200 2370 818 4376 2433 3260 3101 2089 0 0 
51300 2387 877 4460 2336 3332 3105 2117 0 0 
51400 2418 886 4490 2307 3392 3109 2128 0 0 
51500 2454 937 4441 2305 3269 3142 2181 0 0 
51600 2427 967 4342 2318 3244 3147 2232 0 0 
51700 2471 896 4222 2319 3174 3189 2345 0 0 
51800 2487 838 4068 2367 3101 3284 2395 0 0 
51900 2520 795 3949 2425 3096 3374 2465 0 0 
52000 2491 753 3944 2362 3077 3419 2590 0 0 
52100 2426 723 3978 2331 3029 3380 2659 0 0 
52200 2362 707 4007 2287 3022 3369 2718 0 0 
52300 2282 670 4090 2215 3179 3358 2694 0 0 
52400 2234 673 4197 2059 3210 3261 2653 0 0 
52500 2171 676 4259 1962 3390 3261 2564 0 0 
52600 2057 634 4343 1911 3515 3237 2533 0 0 
52700 2018 624 4381 1920 3514 3300 2481 0 0 
52800 1936 640 4305 1906 3507 3447 2521 0 0 
52900 1943 630 4341 1845 3438 3544 2442 0 0 
53000 1884 628 4274 1813 3460 3645 2436 0 0 
53100 1828 673 4166 1735 3455 3662 2453 0 0 
53200 1840 697 4190 1691 3408 3646 2466 0 0 
53300 1929 712 4082 1648 3512 3553 2579 0 0 
53400 2037 740 4052 1638 3543 3506 2665 0 0 
53500 2155 805 4066 1559 3726 3376 2813 0 0 
53600 2227 800 3996 1528 3770 3332 2885 0 0 
53700 2303 894 3953 1530 3741 3408 2948 0 0 
53800 2279 962 3882 1536 3629 3515 2964 0 0 
53900 2352 963 3836 1619 3585 3605 3028 0 0 
54000 2331 963 3895 1647 3540 3682 2983 0 0 
54100 2368 946 3988 1631 3474 3604 2868 0 0 
54200 2417 958 4018 1582 3531 3618 2845 0 0 
54300 2523 967 3959 1599 3504 3502 2751 0 0 
54400 2551 972 3961 1622 3455 3453 2690 0 0 
54500 2596 1007 4026 1583 3354 3419 2658 0 0 
54600 2630 1058 4112 1607 3384 3327 2665 0 0 
54700 2614 1114 4166 1662 3368 3266 2710 0 0 
54800 2566 1176 4224 1666 3388 3276 2795 0 0 
54900 2433 1230 4225 1624 3465 3268 2901 0 0 
55000 2402 1276 4226 1616 3545 3276 2929 0 0 
55100 2307 1272 4132 1559 3571 3251 2959 0 0 
55200 2245 1269 4119 1555 3467 3184 2959 0 0 
55300 2208 1322 4166 1494 3421 3166 2855 0 0 
55400 2208 1365 4336 1516 3315 3182 2850 0 0 
55500 2239 1377 4530 1519 3296 3222 2823 0 0 
55600 2241 1390 4719 1556 3202 3257 2837 0 0 
55700 2200 1389 4790 1561 3138 3349 2838 0 0 
55800 2175 1384 4830 1612 3076 3341 2744 0 0 
55900 2081 1359 4895 1671 3086 3286 2701 0 0 
56000 2112 1350 4837 1728 3149 3208 2717 0 0 
56100 2108 1344 4980 1755 3141 3055 2671 0 0 
56200 2107 1329 4976 1766 3121 3024 2730 0 0 
56300 2188 1281 4893 1826 3210 2947 2764 0 0 
56400 2210 1268 4869 1875 3161 2933 2795 0 0 
56500 2206 1208 4812 1998 3098 2872 2781 0 0 
56600 2159 1205 4871 2087 2986 2844 2707 0 0 
56700 2096 1220 5037 2205 2923 2766 2651 0 0 
56800 2067 1188 5196 2339 2817 2737 2670 0 0 
56900 1998 1150 5388 2410 2706 2570 2617 0 0 
57000 2025 1162 5485 2534 2719 2490 2629 0 0 
57100 2053 1101 5467 2625 2675 2375 2672 0 0 
57200 2104 1069 5351 2703 2610 2222 2655 0 0 
57300 2220 999 5306 2776 2614 2129 2744 0 0 
57400 2340 984 5145 2795 2687 2045 2876 0 0 
57500 2435 943 5135 2716 2721 1975 2942 0 0 
57600 2489 940 4991 2695 2727 1938 2956 0 0 
57700 2450 982 4971 2670 2809 1859 3077 0 0 
57800 2368 957 4989 2640 2883 1833 3096 0 0 
57900 2284 930 5013 2631 2875 1849 3196 0 0 
58000 2285 905 5006 2659 2844 1839 3265 0 0 
58100 2340 851 5021 2677 2775 1832 3408 0 0 
58200 2391 861 5038 2686 2697 1819 3481 0 0 
58300 2459 863 4983 2691 2568 1816 3445 0 0 
58400 2515 873 4981 2625 2510 1778 3365 0 0 
58500 2554 911 5087 2635 2452 1774 3355 0 0 
58600 2532 938 5256 2726 2411 1723 3260 0 0 
58700 2560 985 5316 2767 2446 1783 3226 0 0 
58800 2538 1040 5312 2763 2474 1778 3183 0 0 
58900 2502 1079 5296 2841 2441 1778 3117 0 0 
59000 2470 1151 5303 2826 2393 1742 3007 0 0 
59100 2451 1225 5349 2877 2360 1695 2974 0 0 
59200 2489 1233 5371 2859 2303 1695 2988 0 0 
59300 2451 1197 5390 2797 2332 1698 3132 0 0 
59400 2457 1146 5340 2699 2311 1687 3379 0 0 
59500 2458 1092 5283 2636 2346 1670 3603 0 0 
59600 2501 1073 5333 2579 2286 1642 3807 0 0 
59700 2427 1057 5329 2525 2335 1578 3920 0 0 
59800 2309 1096 5267 2471 2361 1530 3944 0 0 
59900 2262 1141 5244 2410 2361 1490 3883 0 0 
60000 2203 1217 5327 2394 2384 1489 3797 0 0 
60100 2178 1225 5412 2480 2361 1517 3656 0 0 
60200 2238 1232 5454 2533 2350 1559 3480 0 0 
60300 2244 1220 5495 2545 2250 1595 3429 0 0 
60400 2305 1184 5565 2651 2227 1615 3347 0 0 
60500 2294 1175 5629 2648 2164 1672 3445 0 0 
60600 2287 1202 5677 2670 2120 1718 3543 0 0 
60700 2265 1197 5670 2690 2090 1768 3572 0 0 
60800 2206 1176 5483 2733 2088 1770 3698 0 0 
60900 2158 1136 5299 2719 2169 1733 3829 0 0 
61000 2149 1144 5095 2758 2205 1734 3907 0 0 
61100 2146 1155 4953 2723 2316 1632 3941 0 0 
61200 2059 1245 4948 2647 2429 1566 4043 0 0 
61300 2004 1261 5002 2638 2483 1493 4140 0 0 
61400 1997 1314 5063 2670 2460 1452 4187 0 0 
61500 2066 1294 5017 2662 2384 1384 4262 0 0 
61600 2099 1303 4939 2648 2397 1300 4282 0 0 
61700 2167 1330 4939 2684 2433 1211 4252 0 0 
61800 2164 1355 4849 2795 2439 1187 4263 0 0 
61900 2128 1404 4815 2804 2320 1175 4258 0 0 
62000 2060 1454 4813 2831 2198 1166 4262 0 0 
62100 2017 1505 4790 2891 2122 1171 4274 0 0 
62200 2039 1599 4830 2929 2092 1196 4282 0 0 
62300 1993 1637 4819 2947 2099 1240 4234 0 0 
62400 2038 1646 4788 3020 2126 1228 4231 0 0 
62500 1940 1700 4751 3043 2132 1269 4199 0 0 
62600 1944 1717 4559 3027 2146 1252 4293 0 0 
62700 1953 1774 4475 2912 2172 1233 4343 0 0 
62800 1921 1872 4424 2849 2102 1184 4400 0 0 
62900 1937 1902 4354 2819 2127 1203 4471 0 0 
63000 1960 1947 4365 2842 2015 1273 4412 0 0 
63100 1969 2015 4364 2866 1997 1362 4466 0 0 
63200 2033 1995 4410 2887 1967 1417 4450 0 0 
63300 2070 2016 4346 2884 1972 1383 4330 0 0 
63400 2086 2019 4257 2988 1967 1337 4295 0 0 
63500 2015 2001 4270 2974 1923 1317 4270 0 0 
63600 1953 2060 4226 3072 1839 1321 4136 0 0 
63700 1946 2104 4250 3131 1754 1372 4101 0 0 
63800 1978 2149 4232 3215 1707 1393 4076 0 0 
63900 1965 2160 4171 3333 1625 1403 4093 0 0 
64000 2001 2146 4106 3426 1681 1487 4056 0 0 
64100 2074 2134 4007 3516 1723 1549 3937 0 0 
64200 2137 2143 3871 3541 1786 1574 4001 0 0 
64300 2119 2199 3740 3459 1905 1603 4013 0 0 
64400 2127 2246 3664 3353 2045 1511 4059 0 0 
64500 2234 2270 3524 3309 2139 1486 4088 0 0 
64600 2249 2335 3477 3309 2208 1500 4148 0 0 
64700 2227 2351 3479 3255 2225 1458 4140 0 0 
64800 2169 2392 3521 3260 2165 1421 4091 0 0 
64900 2073 2421 3635 3281 2126 1426 4070 0 0 
65000 1966 2452 3719 3321 2060 1438 4097 0 0 
65100 1910 2459 3702 3344 2083 1472 4103 0 0 
65200 1876 2520 3698 3400 2064 1571 4140 0 0 
65300 1827 2557 3583 3405 2099 1639 4054 0 0 
65400 1825 2605 3500 3460 2126 1715 4015 0 0 
65500 1829 2584 3461 3479 2119 1781 3973 0 0 
65600 1763 2705 3488 3428 2157 1811 3901 0 0 
65700 1767 2714 3521 3417 2109 1880 3852 0 0 
65800 1710 2642 3517 3437 2037 1928 3810 0 0 
65900 1692 2583 3513 3406 1968 2021 3776 0 0 
66000 1704 2587 3495 3453 1887 2070 3778 0 0 
66100 1743 2560 3452 3563 1852 2124 3848 0 0 
66200 1737 2530 3399 3566 1881 2162 3855 0 0 
66300 1742 2467 3385 3684 1846 2199 3869 0 0 
66400 1816 2450 3390 3731 1805 2175 3920 0 0 
66500 1804 2458 3428 3632 1786 2202 3855 0 0 
66600 1804 2496 3476 3623 1775 2271 3774 1 0 
66700 1839 2391 3513 3661 1727 2263 3764 0 0 
66800 1891 2322 3558 3627 1717 2335 3645 0 0 
66900 1958 2254 3663 3717 1741 2358 3623 0 0 
67000 2092 2133 3645 3787 1720 2298 3701 0 0 
67100 2176 2077 3753 3692 1721 2296 3786 0 0 
67200 2115 2065 3754 3631 1769 2293 3842 0 0 
67300 2116 1977 3809 3590 1814 2291 3903 0 0 
67400 2071 1962 3839 3559 1838 2333 3885 0 0 
67500 2086 1911 3834 3471 1882 2297 3896 0 0 
67600 2126 1904 3848 3400 1845 2266 3842 0 0 
67700 2118 1924 3876 3448 1809 2381 3743 0 0 
67800 2155 1871 3920 3398 1801 2424 3637 0 0 
67900 2175 1782 3954 3341 1774 2434 3538 0 0 
68000 2192 1778 4015 3350 1762 2397 3521 0 0 
68100 2190 1783 4073 3311 1742 2371 3500 0 0 
68200 2159 1794 4185 3286 1653 2351 3532 0 0 
68300 2176 1780 4317 3186 1568 2261 3494 0 0 
68400 2083 1770 4332 3110 1516 2234 3387 0 0 
68500 2020 1749 4320 3007 1428 2260 3365 0 0 
68600 2076 1788 4413 3025 1366 2229 3275 0 0 
68700 2109 1807 4573 3003 1317 2202 3193 0 0 
68800 2228 1854 4760 2925 1222 2194 3038 0 0 
68900 2243 1902 4870 2872 1203 2162 2926 0 0 
69000 2287 1884 4963 2824 1208 2141 2886 0 0 
69100 2285 1881 5000 2791 1202 2076 2902 0 0 
69200 2281 1818 5033 2720 1265 1987 2920 0 0 
69300 2412 1750 5073 2638 1305 1921 3001 0 0 
69400 2424 1665 5128 2552 1376 1814 2981 0 0 
69500 2486 1610 5120 2472 1392 1759 2930 0 0 
69600 2492 1555 5224 2430 1333 1768 2890 0 0 
69700 2530 1549 5252 2390 1271 1709 2871 0 0 
69800 2562 1518 5306 2363 1245 1646 2801 0 0 
69900 2559 1569 5377 2372 1190 1611 2791 0 0 
70000 2577 1553 5387 2409 1170 1576 2800 0 0 
70100 2550 1606 5381 2403 1217 1570 2863 0 0 
70200 2477 1643 5468 2438 1306 1541 2951 0 0 
70300 2376 1711 5437 2383 1367 1549 2984 0 0 
70400 2334 1681 5325 2489 1439 1568 2923 0 0 
70500 2215 1671 5086 2561 1564 1601 2869 0 0 
70600 2187 1694 4837 2647 1611 1604 2790 0 0 
70700 2250 1667 4719 2679 1712 1574 2780 0 0 
70800 2262 1624 4636 2683 1799 1538 2680 0 0 
70900 2286 1592 4634 2612 1928 1528 2676 0 0 
71000 2335 1638 4648 2490 2031 1575 2671 0 0 
71100 2353 1665 4579 2349 2112 1582 2575 0 0 
71200 2384 1659 4565 2245 2161 1662 2616 0 0 
71300 2378 1722 4482 2170 2171 1707 2588 0 0 
71400 2302 1816 4446 2109 2159 1773 2594 0 0 
71500 2273 1884 4522 2091 2160 1853 2593 0 0 
71600 2219 1953 4539 2041 2163 1906 2639 0 0 
71700 2177 1959 4728 1996 2121 1902 2604 0 0 
71800 2102 1945 4715 1975 2071 1881 2607 0 0 
71900 1989 1997 4717 1992 2051 1874 2550 0 0 
72000 1916 2031 4753 1975 2006 1859 2424 0 0 
72100 1876 2091 4720 1953 1941 1869 2395 0 0 
72200 1797 2149 4719 1922 1937 1955 2328 0 0 
72300 1769 2200 4840 1933 1977 2061 2368 0 0 
72400 1775 2262 4908 1927 2032 2085 2396 0 0 
72500 1723 2365 5001 1852 2011 2127 2397 0 0 
72600 1707 2364 5073 1826 2070 2105 2395 0 0 
72700 1686 2351 5082 1836 2048 2102 2371 0 0 
72800 1647 2379 5126 1836 2016 2137 2377 0 0 
72900 1639 2489 5233 1885 2040 2077 2344 0 0 
73000 1642 2593 5185 1867 1997 2130 2255 0 0 
73100 1647 2642 5128 1801 1929 2252 2159 0 0 
73200 1700 2684 5148 1803 1868 2397 2051 0 0 
73300 1693 2706 5161 1813 1776 2505 1932 0 0 
73400 1753 2697 5133 1860 1793 2571 1875 0 0 
73500 1767 2688 4999 1902 1782 2615 1816 0 0 
73600 1818 2738 4858 1974 1798 2629 1826 0 0 
73700 1812 2812 4746 2018 1845 2649 1819 0 0 
73800 1901 2871 4641 1950 1904 2636 1863 0 0 
73900 1905 2964 4548 1911 1935 2639 1855 0 0 
74000 2010 3004 4504 1907 1950 2681 1747 0 0 
74100 2077 3034 4452 1838 1969 2656 1642 0 0 
74200 2119 3003 4440 1838 1960 2680 1565 0 0 
74300 2141 3066 4485 1809 1871 2751 1463 0 0 
74400 2195 3078 4481 1805 1872 2847 1416 0 0 
74500 2277 3076 4529 1771 1827 2986 1402 0 0 
74600 2360 3037 4533 1743 1835 3029 1365 0 0 
74700 2460 2972 4603 1759 1846 3024 1405 0 0 
74800 2459 2962 4664 1761 1808 2928 1427 0 0 
74900 2421 2952 4708 1761 1812 2875 1478 0 0 
75000 2331 2900 4703 1782 1775 2788 1520 0 0 
