4 -1 6 4 6 4 -1 -1 -1 -1 -1 -1 2 -1 -1 -1 -1 -1 -1 4 
4 4 4 4 4 1 4 1 -1 -1 -1 2 -1 -1 -1 -1 -1 -1 4 4 
1 1 1 4 1 1 1 4 -1 -1 -1 2 2 -1 -1 -1 -1 -1 4 4 
1 1 1 4 1 1 1 -1 -1 -1 2 -1 1 -1 -1 -1 4 4 4 4 
1 4 1 1 4 4 4 4 4 -1 1 1 1 1 -1 -1 -1 1 4 1 
1 4 1 4 -1 4 4 4 -1 -1 -1 -1 1 -1 -1 -1 1 -1 4 1 
4 -1 -1 -1 -1 4 4 -1 -1 4 1 1 2 -1 -1 -1 -1 1 4 4 
-1 -1 -1 -1 -1 -1 -1 -1 4 -1 -1 1 1 2 4 -1 4 4 4 1 
-1 -1 -1 -1 -1 -1 -1 4 2 4 2 -1 4 -1 4 4 -1 4 4 -1 
4 -1 -1 -1 -1 4 4 4 4 -1 2 2 -1 -1 4 4 4 4 5 -1 
-1 4 4 -1 -1 -1 4 2 4 4 2 32 -1 -1 4 4 4 -1 4 -1 
-1 -1 -1 -1 -1 4 2 -1 4 32 -1 32 -1 -1 -1 4 4 4 -1 -1 
-1 -1 -1 4 4 4 2 -1 -1 -1 -1 -1 32 -1 -1 4 4 4 -1 -1 
-1 -1 4 4 4 -1 -1 -1 -1 -1 -1 -1 -1 -1 -1 -1 4 4 4 4 
-1 -1 4 4 -1 -1 -1 1 -1 -1 -1 -1 -1 -1 -1 -1 4 -1 -1 -1 
-1 -1 4 4 -1 -1 -1 1 -1 -1 -1 -1 -1 4 -1 -1 4 -1 -1 -1 
-1 2 2 2 -1 -1 -1 -1 -1 -1 -1 4 4 -1 -1 -1 -1 4 -1 -1 
-1 -1 -1 -1 -1 4 -1 -1 -1 -1 -1 -1 -1 -1 -1 -1 -1 4 -1 -1 
-1 -1 4 4 -1 4 -1 -1 -1 -1 -1 -1 -1 -1 -1 -1 -1 -1 -1 -1 
-1 4 -1 6 4 -1 6 -1 -1 -1 -1 -1 -1 2 -1 -1 -1 -1 -1 -1 
2 -1 -1 -1 -1 -1 4 4 4 1 1 1 -1 1 -1 -1 -1 -1 -1 -1 
4 4 2 -1 -1 -1 -1 4 4 4 1 1 1 -1 -1 -1 -1 4 -1 -1 
4 4 -1 4 -1 4 -1 -1 4 -1 -1 -1 -1 -1 -1 -1 -1 -1 4 4 
4 4 -1 4 4 -1 -1 -1 -1 -1 -1 -1 -1 -1 -1 -1 -1 4 4 4 
-1 4 4 4 4 -1 -1 -1 -1 -1 -1 -1 -1 4 4 -1 -1 4 4 4 
4 4 4 4 4 -1 -1 -1 -1 -1 -1 -1 -1 -1 -1 -1 -1 4 4 4 
4 4 4 4 4 -1 -1 -1 -1 -1 -1 -1 -1 -1 8 8 -1 -1 2 -1 
-1 4 4 4 4 4 -1 -1 -1 1 -1 1 2 8 8 8 8 2 4 4 
4 4 4 4 4 -1 -1 -1 -1 -1 1 -1 -1 -1 8 8 8 2 8 4 
4 4 4 4 4 -1 -1 -1 -1 1 -1 -1 -1 -1 8 8 2 8 8 2 
-1 -1 4 4 -1 4 -1 2 -1 1 -1 -1 -1 4 4 4 2 2 -1 -1 
4 -1 -1 4 -1 4 2 2 2 -1 -1 -1 -1 -1 8 4 4 2 2 4 
4 -1 -1 -1 4 4 4 4 2 -1 4 4 4 -1 2 4 4 4 4 4 
4 4 4 4 -1 4 4 4 4 4 4 -1 4 4 4 2 4 4 4 4 
4 4 2 4 5 4 4 4 4 4 4 -1 -1 4 4 4 4 2 4 4 
4 2 4 4 4 4 4 4 4 -1 4 4 4 4 4 1 2 2 2 4 
2 4 2 4 -1 -1 4 4 4 4 4 4 4 4 4 1 2 2 2 4 
2 -1 2 2 -1 4 4 4 4 4 4 4 4 4 4 2 2 2 -1 2 
-1 2 -1 -1 -1 -1 -1 4 4 4 4 -1 4 4 -1 -1 2 -1 -1 -1 
-1 -1 -1 -1 -1 -1 -1 4 4 4 1 4 -1 -1 4 -1 2 -1 -1 -1 
1 1 1 2 4 -1 2 2 2 -1 -1 -1 1 -1 -1 -1 2 2 1 1 
1 1 1 4 -1 2 2 -1 -1 -1 -1 -1 -1 1 1 8 2 2 -1 1 
1 1 2 8 2 2 -1 -1 -1 -1 -1 8 8 1 8 -1 2 -1 -1 1 
1 -1 8 2 2 2 -1 -1 -1 -1 8 8 8 8 8 -1 -1 -1 -1 1 
-1 8 8 -1 2 8 -1 -1 -1 -1 -1 -1 8 8 -1 -1 -1 -1 -1 -1 
-1 8 8 8 8 8 8 -1 -1 -1 -1 -1 4 4 8 -1 -1 -1 -1 -1 
8 8 8 8 8 8 8 -1 -1 -1 -1 4 4 -1 -1 -1 -1 -1 -1 8 
8 8 2 8 8 8 8 8 -1 -1 4 4 4 -1 -1 -1 -1 -1 -1 -1 
2 2 8 8 8 8 8 8 -1 4 -1 4 -1 -1 -1 -1 -1 -1 2 -1 
2 8 8 8 8 8 -1 2 2 -1 -1 -1 -1 -1 -1 -1 8 -1 2 2 
2 2 8 -1 8 8 -1 -1 -1 -1 -1 -1 -1 -1 -1 -1 -1 -1 -1 2 
-1 8 -1 -1 8 8 8 -1 -1 -1 -1 -1 -1 -1 -1 -1 -1 -1 -1 -1 
-1 -1 -1 -1 8 8 8 -1 -1 -1 -1 -1 -1 -1 -1 -1 -1 -1 -1 -1 
-1 -1 -1 -1 -1 8 -1 -1 -1 -1 -1 -1 -1 -1 -1 -1 -1 -1 -1 -1 
-1 -1 -1 -1 -1 -1 -1 2 -1 -1 -1 -1 -1 2 -1 -1 -1 -1 -1 -1 
-1 -1 -1 -1 -1 -1 -1 2 2 -1 -1 -1 -1 -1 2 -1 -1 2 -1 -1 
-1 -1 -1 -1 -1 -1 -1 2 2 2 -1 -1 -1 -1 2 4 2 -1 -1 -1 
-1 -1 -1 -1 -1 -1 -1 2 2 -1 -1 -1 -1 1 2 2 -1 2 -1 -1 
1 1 4 -1 -1 2 -1 -1 2 2 2 -1 -1 1 -1 2 -1 -1 -1 -1 
1 1 1 4 2 -1 -1 2 -1 2 4 1 1 1 1 -1 2 -1 -1 1 
1 -1 -1 4 4 4 4 -1 -1 -1 -1 -1 -1 -1 1 -1 1 1 2 -1 
-1 -1 -1 4 -1 4 -1 4 -1 4 -1 -1 -1 -1 -1 -1 -1 1 1 1 
1 -1 -1 -1 4 4 4 -1 4 -1 -1 -1 -1 -1 -1 -1 -1 -1 1 1 
1 -1 -1 4 4 4 4 4 -1 -1 -1 -1 -1 -1 -1 -1 1 -1 1 2 
1 -1 -1 4 4 4 4 4 -1 -1 -1 -1 -1 1 1 1 -1 1 1 1 
1 -1 -1 4 -1 -1 4 4 4 -1 -1 -1 -1 1 1 -1 -1 -1 1 -1 
1 1 -1 -1 -1 -1 -1 4 4 -1 -1 -1 -1 -1 1 1 -1 -1 -1 -1 
1 1 2 1 -1 -1 -1 4 4 4 -1 -1 -1 -1 -1 -1 1 -1 1 1 
2 2 -1 1 2 2 -1 -1 4 -1 -1 -1 -1 -1 -1 -1 -1 1 1 1 
2 2 2 2 2 -1 -1 -1 -1 -1 -1 -1 -1 -1 -1 -1 -1 1 2 2 
1 2 2 2 2 2 1 1 -1 -1 -1 -1 -1 -1 -1 1 1 1 -1 2 
2 2 2 2 2 -1 1 1 1 1 1 -1 1 -1 1 1 1 -1 2 2 
2 2 2 2 -1 -1 1 1 1 -1 -1 -1 -1 1 -1 -1 2 2 2 2 
2 -1 -1 -1 -1 -1 -1 -1 -1 -1 -1 -1 -1 1 -1 -1 1 1 -1 2 
8 2 -1 8 -1 -1 -1 -1 -1 1 1 -1 -1 1 -1 1 1 1 2 8 
8 8 2 -1 2 -1 -1 -1 1 -1 1 -1 -1 1 -1 -1 8 -1 8 8 
-1 8 -1 2 -1 -1 -1 -1 1 -1 -1 -1 1 1 8 8 8 8 -1 8 
8 8 2 2 4 -1 -1 -1 1 1 -1 -1 1 1 1 8 8 8 2 2 
2 8 8 4 4 4 -1 4 -1 1 -1 -1 1 1 1 -1 8 8 8 2 
2 -1 8 4 4 4 4 4 -1 -1 -1 -1 -1 -1 1 -1 -1 8 2 2 
2 -1 4 -1 4 -1 8 8 8 8 -1 8 1 -1 -1 -1 2 2 2 2 
-1 2 8 4 4 -1 8 8 8 8 8 8 1 -1 -1 2 2 2 3 2 
3 8 2 4 4 4 -1 -1 8 1 1 1 1 -1 -1 -1 2 2 3 3 
3 8 8 -1 4 -1 -1 8 1 1 1 1 1 -1 -1 -1 -1 -1 -1 3 
8 2 2 8 -1 1 -1 1 4 1 1 1 4 1 -1 -1 -1 -1 3 2 
2 2 8 -1 1 1 1 4 4 4 4 4 1 4 -1 -1 -1 2 3 3 
2 2 2 3 -1 1 1 8 1 1 1 4 4 4 1 -1 -1 2 3 1 
1 2 2 -1 8 8 8 8 4 1 -1 1 4 1 -1 -1 8 3 1 1 
1 1 2 2 -1 2 8 4 -1 -1 4 1 1 8 8 8 3 3 1 -1 
1 1 2 8 8 8 4 -1 -1 -1 1 -1 8 -1 8 8 3 8 1 1 
1 -1 -1 8 4 4 1 -1 -1 -1 -1 -1 8 8 8 8 8 1 1 1 
1 1 8 -1 8 -1 -1 1 -1 -1 -1 1 1 1 -1 8 -1 1 1 1 
8 8 1 8 8 8 8 -1 -1 -1 -1 1 4 -1 -1 -1 1 -1 8 1 
8 -1 -1 8 8 1 8 -1 1 -1 -1 4 6 -1 4 4 -1 1 1 1 
-1 -1 -1 8 8 8 1 8 1 -1 -1 -1 -1 4 4 1 8 8 1 -1 
-1 -1 -1 8 8 8 8 8 -1 -1 -1 -1 -1 -1 -1 4 1 8 8 1 
-1 -1 -1 8 8 8 8 8 8 -1 -1 -1 -1 -1 -1 -1 1 1 8 8 
-1 -1 8 -1 -1 8 8 -1 8 -1 -1 -1 -1 -1 -1 -1 4 8 8 8 
-1 -1 -1 -1 -1 -1 -1 -1 -1 -1 -1 -1 -1 -1 -1 -1 4 -1 4 8 
2 -1 -1 -1 -1 -1 -1 -1 -1 -1 -1 -1 -1 -1 -1 -1 -1 4 2 2 
-1 -1 -1 8 8 8 -1 8 2 8 8 8 -1 -1 -1 -1 -1 -1 -1 -1 
1 -1 -1 2 2 8 8 2 2 2 8 8 8 -1 -1 -1 -1 -1 -1 -1 
1 1 -1 2 2 2 2 -1 8 8 8 8 -1 4 -1 -1 -1 -1 -1 1 
-1 -1 1 1 2 -1 8 8 1 8 8 8 4 4 4 -1 -1 -1 -1 -1 
-1 1 1 -1 1 8 8 8 8 8 -1 8 8 4 4 4 -1 -1 -1 -1 
1 1 1 8 8 8 -1 1 8 8 8 8 8 4 4 4 4 -1 -1 -1 
1 1 1 8 8 8 -1 8 8 8 8 1 4 8 4 -1 4 -1 -1 -1 
1 -1 2 8 2 1 -1 -1 8 8 8 -1 1 -1 4 4 4 -1 -1 -1 
-1 -1 2 2 2 8 2 8 8 8 1 1 8 8 8 8 4 -1 -1 1 
-1 -1 2 2 2 2 8 8 8 8 -1 8 8 8 -1 8 -1 8 -1 1 
-1 -1 -1 -1 2 2 8 2 8 8 8 8 -1 8 8 8 8 1 -1 -1 
-1 -1 1 -1 -1 2 8 2 1 -1 1 8 -1 8 8 1 1 -1 -1 -1 
-1 -1 1 1 -1 -1 8 2 8 8 -1 8 8 8 -1 1 -1 8 -1 -1 
-1 -1 2 1 8 8 8 8 -1 8 8 -1 -1 8 8 -1 -1 -1 8 -1 
-1 -1 2 2 8 2 2 -1 8 8 8 2 8 8 -1 2 2 8 8 8 
-1 -1 -1 2 2 2 2 -1 -1 2 6 8 8 9 8 8 -1 8 8 8 
8 -1 -1 -1 2 2 2 -1 4 -1 8 -1 9 8 8 8 8 8 8 -1 
-1 -1 -1 -1 -1 2 2 2 4 4 8 4 8 8 8 8 8 8 -1 -1 
-1 -1 -1 8 -1 -1 2 -1 -1 8 4 8 8 8 -1 -1 8 -1 -1 -1 
-1 -1 -1 8 8 -1 2 2 4 2 8 4 8 -1 -1 -1 -1 -1 -1 -1 
8 -1 2 2 -1 1 -1 2 1 1 8 -1 -1 -1 8 -1 -1 -1 -1 2 
1 -1 -1 -1 1 1 1 -1 1 4 -1 1 8 8 -1 8 -1 -1 -1 8 
-1 -1 -1 -1 -1 2 2 1 -1 -1 4 1 1 -1 8 2 -1 -1 -1 1 
-1 2 2 2 2 2 1 1 1 1 1 1 1 -1 2 -1 -1 -1 -1 -1 
-1 -1 2 2 2 2 2 -1 -1 1 -1 -1 -1 2 8 -1 -1 -1 2 -1 
-1 -1 2 -1 2 2 2 -1 1 -1 -1 2 -1 2 8 8 -1 -1 -1 -1 
-1 2 -1 2 2 2 2 -1 1 1 -1 -1 2 -1 8 -1 -1 -1 -1 -1 
-1 2 2 2 -1 8 8 8 8 1 2 2 2 -1 -1 -1 -1 8 -1 -1 
-1 2 -1 2 -1 8 -1 8 -1 -1 2 2 2 -1 -1 -1 -1 8 1 4 
4 -1 -1 -1 8 8 -1 8 2 -1 2 2 2 -1 -1 -1 -1 4 4 4 
4 -1 -1 -1 -1 8 8 -1 8 2 2 8 2 -1 8 -1 2 8 4 8 
4 -1 -1 -1 -1 8 -1 -1 2 -1 8 2 2 -1 -1 2 4 4 4 8 
8 8 -1 4 -1 -1 -1 -1 8 -1 8 -1 2 2 4 2 4 4 2 4 
8 8 4 8 -1 -1 -1 8 -1 -1 -1 8 2 2 2 -1 4 8 -1 8 
8 8 4 8 8 8 8 -1 -1 -1 -1 -1 8 8 2 2 8 -1 -1 -1 
8 8 8 4 8 4 -1 8 2 -1 8 2 -1 -1 2 8 2 -1 -1 8 
4 4 4 4 4 -1 4 8 8 2 2 1 8 1 2 -1 8 -1 -1 -1 
4 2 -1 -1 -1 -1 2 1 -1 8 8 1 8 1 1 2 8 -1 4 4 
-1 4 2 4 2 2 -1 2 1 8 8 1 1 8 2 8 2 -1 4 -1 
8 2 -1 4 4 2 2 1 2 8 8 8 8 -1 8 2 -1 -1 -1 -1 
2 -1 -1 2 -1 2 1 1 1 -1 1 1 1 8 -1 8 8 8 -1 2 
-1 -1 -1 -1 32 1 -1 1 1 -1 1 8 -1 8 8 8 8 8 -1 8 
8 8 -1 32 32 32 1 1 1 1 1 1 8 -1 8 8 8 8 8 -1 
8 -1 -1 32 32 -1 -1 1 -1 -1 -1 -1 -1 -1 -1 8 8 -1 -1 8 
8 8 32 32 -1 32 -1 -1 2 2 -1 -1 -1 8 8 8 8 8 8 8 
8 8 -1 -1 -1 -1 -1 -1 8 8 8 8 -1 8 8 8 8 8 8 -1 
8 8 8 -1 -1 -1 8 -1 8 8 8 8 8 -1 8 8 8 8 8 -1 
8 8 -1 8 8 8 8 8 8 8 8 8 8 -1 8 8 8 8 8 8 
8 8 8 8 8 8 8 8 8 8 8 -1 8 8 8 8 8 8 8 8 
8 8 -1 -1 8 8 8 8 8 -1 -1 8 8 8 8 8 8 8 8 8 
-1 8 -1 -1 -1 8 8 8 8 8 8 -1 8 8 8 8 8 8 8 3 
3 -1 -1 -1 -1 -1 1 8 8 8 8 4 8 8 8 8 8 3 8 8 
3 -1 1 -1 1 1 1 8 8 8 1 1 8 8 8 8 -1 3 3 3 
3 3 3 2 1 1 8 8 8 8 8 1 8 8 -1 8 8 3 8 3 
-1 3 2 1 1 -1 -1 8 8 -1 -1 8 1 8 8 8 8 8 3 2 
3 2 -1 1 -1 1 8 8 8 -1 8 1 8 8 1 8 8 3 8 8 
2 8 1 -1 1 2 1 1 8 8 8 1 1 8 8 1 3 -1 8 -1 
2 2 -1 1 2 2 1 1 1 8 8 1 8 1 8 1 8 8 8 8 
2 -1 -1 -1 2 2 -1 1 8 1 8 8 1 8 8 8 8 8 8 -1 
2 2 2 2 2 2 -1 1 1 -1 1 1 -1 1 8 8 8 8 -1 -1 
8 8 8 8 8 8 8 1 2 2 2 2 8 8 8 8 8 -1 1 -1 
-1 -1 8 -1 1 1 -1 1 2 -1 2 2 1 8 8 8 -1 1 -1 -1 
-1 -1 4 4 1 1 1 1 1 2 2 1 2 8 8 8 1 1 -1 -1 
-1 -1 -1 -1 -1 1 1 1 1 -1 2 -1 8 2 3 3 2 2 2 -1 
2 -1 1 -1 -1 1 1 -1 -1 1 -1 8 8 8 2 -1 2 2 3 3 
-1 2 -1 -1 2 2 1 -1 2 2 2 2 -1 2 8 8 8 2 2 2 
-1 -1 2 2 2 2 2 2 2 2 2 2 -1 3 3 8 1 -1 2 -1 
-1 2 2 2 2 -1 2 2 2 2 2 2 3 3 -1 1 1 -1 1 1 
1 1 2 2 -1 2 -1 -1 2 2 2 2 2 3 1 1 1 1 -1 -1 
1 1 -1 -1 -1 2 -1 8 8 2 2 2 1 2 1 -1 1 -1 -1 1 
-1 1 1 1 -1 -1 2 8 8 2 2 1 3 2 2 2 1 -1 4 1 
1 1 1 1 1 2 8 8 9 2 1 1 2 1 2 -1 -1 -1 -1 8 
-1 1 1 1 1 8 8 8 1 1 1 2 2 8 2 -1 -1 -1 8 1 
1 -1 1 1 8 -1 -1 8 8 1 1 -1 1 2 1 2 -1 8 1 -1 
2 1 1 1 1 8 8 8 8 2 2 8 8 1 1 8 1 1 1 1 
1 1 1 1 -1 -1 8 8 8 8 8 1 8 1 1 1 1 1 1 1 
8 1 -1 -1 -1 -1 -1 8 2 8 2 2 1 1 1 1 1 1 2 -1 
8 -1 -1 -1 8 8 8 2 8 2 2 2 -1 1 1 1 1 -1 1 1 
-1 -1 8 1 8 8 8 8 2 2 2 2 1 -1 1 2 -1 -1 -1 -1 
-1 -1 -1 8 8 8 8 1 1 2 2 8 1 8 8 2 -1 -1 -1 -1 
8 8 2 8 4 -1 -1 4 4 4 4 -1 -1 1 -1 -1 -1 -1 1 4 
8 1 1 8 -1 6 4 4 4 4 4 -1 -1 -1 1 -1 4 1 4 4 
4 8 1 8 8 8 8 4 4 4 4 4 4 1 4 1 -1 4 1 4 
4 1 8 8 8 8 4 8 4 4 4 4 4 4 1 4 -1 8 8 1 
1 8 8 8 1 1 4 4 4 4 4 4 4 -1 -1 -1 -1 8 8 8 
-1 1 8 8 1 -1 -1 4 4 4 4 1 -1 4 8 -1 -1 1 -1 -1 
8 2 -1 8 8 2 2 4 8 4 1 1 4 4 8 -1 1 -1 1 -1 
2 2 -1 2 2 2 2 2 -1 8 -1 1 1 8 -1 1 1 -1 -1 2 
-1 -1 2 -1 -1 2 2 2 8 8 8 8 1 8 1 4 -1 1 2 1 
1 1 -1 -1 2 2 2 2 8 8 8 8 8 4 8 4 -1 4 4 2 
1 2 9 -1 2 2 2 -1 -1 -1 8 8 8 4 4 4 4 1 1 1 
1 9 9 9 2 2 2 -1 -1 8 -1 -1 8 4 4 1 1 1 1 1 
-1 2 -1 -1 2 2 -1 -1 -1 -1 -1 -1 -1 8 4 -1 1 1 -1 -1 
2 -1 2 2 -1 -1 4 4 -1 -1 -1 -1 4 4 4 1 1 -1 2 2 
2 -1 1 1 -1 -1 -1 -1 -1 -1 -1 -1 1 2 1 1 1 1 1 1 
8 2 1 8 1 -1 -1 -1 -1 -1 -1 8 8 1 1 1 1 1 1 1 
1 9 2 8 8 8 8 4 -1 -1 -1 -1 -1 8 1 1 6 4 1 1 
2 2 -1 8 8 8 8 -1 4 4 4 -1 -1 -1 -1 -1 4 6 1 2 
2 -1 2 8 8 6 8 -1 4 4 -1 -1 -1 -1 -1 4 -1 -1 -1 2 
2 2 -1 8 8 6 4 4 4 4 4 -1 -1 -1 -1 -1 -1 -1 8 8 
1 1 1 -1 4 4 1 1 1 1 1 1 1 1 -1 -1 -1 -1 3 1 
-1 1 -1 4 4 4 4 1 1 1 1 1 1 -1 -1 1 -1 1 1 1 
-1 -1 -1 4 -1 4 4 1 1 1 -1 8 8 8 -1 -1 1 -1 -1 1 
-1 -1 -1 -1 -1 -1 1 1 1 -1 -1 -1 -1 -1 -1 -1 -1 -1 -1 -1 
-1 -1 -1 -1 -1 1 -1 -1 -1 -1 -1 -1 -1 -1 1 -1 -1 -1 -1 -1 
-1 -1 -1 -1 -1 1 1 -1 -1 -1 -1 -1 -1 -1 -1 1 -1 -1 -1 -1 
-1 -1 2 -1 -1 1 4 -1 -1 -1 -1 5 -1 -1 4 -1 1 -1 -1 -1 
2 2 -1 2 -1 -1 4 -1 -1 2 2 5 4 4 4 -1 -1 -1 2 -1 
2 2 2 2 -1 4 4 -1 -1 -1 2 4 4 6 6 -1 -1 -1 -1 2 
2 2 2 2 4 4 4 -1 -1 -1 -1 4 8 8 -1 8 -1 -1 -1 -1 
2 -1 2 -1 2 4 -1 4 -1 -1 -1 6 4 -1 8 -1 -1 -1 -1 -1 
-1 -1 2 -1 4 4 4 2 -1 -1 -1 4 8 8 8 -1 -1 -1 -1 -1 
-1 -1 2 -1 2 4 2 2 -1 -1 -1 4 4 -1 4 4 4 4 -1 -1 
1 1 -1 2 -1 4 4 2 -1 -1 4 4 4 4 1 4 -1 4 6 1 
1 1 1 -1 2 -1 4 -1 -1 1 -1 1 1 1 4 4 4 4 6 1 
-1 -1 4 -1 2 2 -1 -1 -1 -1 -1 1 1 1 1 4 -1 4 4 1 
-1 4 -1 1 4 2 -1 1 -1 1 1 -1 -1 1 4 -1 6 4 1 1 
1 4 4 1 1 2 1 1 4 1 1 -1 1 1 1 -1 4 1 1 1 
1 1 4 4 -1 2 2 4 1 1 8 1 1 1 -1 1 3 3 1 1 
1 -1 4 4 4 1 2 1 1 1 1 8 8 1 -1 -1 1 3 -1 1 
-1 1 1 1 -1 -1 4 4 4 -1 4 4 4 4 3 -1 -1 -1 -1 1 
-1 -1 1 1 1 4 1 4 4 4 4 3 4 3 3 -1 -1 -1 -1 1 
-1 1 -1 -1 1 4 1 4 4 4 4 4 3 3 3 -1 3 4 -1 -1 
-1 1 4 4 4 1 4 4 -1 4 -1 -1 3 3 3 3 -1 -1 4 -1 
-1 4 -1 4 4 4 4 4 -1 -1 -1 3 -1 3 3 3 -1 1 -1 4 
1 1 -1 -1 4 4 4 4 -1 -1 -1 -1 3 -1 3 1 1 1 -1 4 
4 4 4 4 4 4 4 4 4 4 -1 -1 -1 -1 1 3 3 1 -1 4 
4 4 4 4 4 4 4 4 4 4 -1 -1 -1 1 -1 -1 1 1 1 3 
4 -1 -1 4 4 4 4 4 -1 4 4 -1 -1 -1 1 -1 4 1 -1 3 
-1 4 -1 -1 4 4 4 4 4 -1 4 -1 -1 -1 4 4 3 1 3 4 
-1 3 3 4 4 4 4 4 -1 4 -1 -1 4 -1 -1 3 1 3 4 4 
2 -1 -1 4 4 4 -1 -1 4 -1 -1 4 -1 4 4 4 3 -1 -1 -1 
-1 -1 4 -1 4 -1 4 4 -1 -1 -1 -1 -1 2 4 4 3 2 4 -1 
-1 4 4 4 4 -1 -1 -1 -1 -1 -1 2 2 4 4 2 4 4 2 4 
4 4 4 4 -1 -1 -1 -1 -1 -1 -1 4 2 2 2 4 4 2 4 4 
4 4 4 4 -1 -1 -1 -1 -1 -1 -1 -1 -1 4 4 4 2 4 -1 4 
1 4 4 -1 -1 -1 -1 -1 -1 -1 -1 -1 4 -1 4 4 -1 -1 -1 1 
1 -1 -1 4 -1 -1 4 -1 -1 -1 -1 4 -1 4 4 -1 4 2 -1 1 
1 1 -1 -1 4 4 -1 -1 -1 -1 -1 4 4 4 4 4 4 -1 2 1 
1 1 1 -1 4 4 -1 -1 -1 -1 -1 4 4 4 -1 2 -1 2 -1 -1 
4 -1 -1 4 4 -1 4 4 4 4 4 4 4 4 4 4 4 4 4 4 
4 4 4 4 4 4 4 4 4 4 4 1 1 -1 4 -1 -1 4 4 4 
4 4 4 4 -1 4 4 4 4 1 1 4 1 1 -1 4 4 4 4 4 
-1 4 4 -1 4 -1 4 3 4 1 3 3 4 4 4 4 4 4 4 4 
-1 4 4 32 4 4 4 1 3 4 3 4 4 -1 4 4 32 4 4 4 
-1 4 32 4 4 4 4 -1 3 -1 1 4 4 4 4 32 32 4 -1 32 
4 4 32 4 1 1 4 1 -1 -1 1 1 4 4 1 4 4 32 4 -1 
-1 32 -1 4 1 1 1 4 5 -1 1 1 1 4 1 4 4 4 -1 32 
1 -1 5 -1 1 1 1 5 -1 -1 -1 4 1 1 4 -1 4 4 4 -1 
4 1 4 1 1 4 1 1 -1 -1 -1 1 4 1 4 4 4 4 -1 4 
-1 4 4 -1 4 4 4 1 1 -1 1 -1 4 -1 -1 4 4 4 4 4 
-1 -1 4 4 -1 4 1 4 1 -1 1 1 -1 -1 -1 4 4 -1 4 -1 
2 4 4 4 -1 4 4 4 4 4 1 1 -1 4 -1 4 4 4 -1 -1 
2 4 4 4 -1 -1 4 4 4 4 1 4 4 4 4 -1 4 4 -1 4 
-1 -1 -1 4 -1 -1 4 4 -1 1 -1 4 4 4 -1 4 4 4 4 -1 
-1 -1 -1 4 4 -1 4 -1 -1 1 4 4 4 -1 4 4 4 4 -1 -1 
-1 -1 -1 4 -1 4 -1 -1 4 4 -1 -1 4 4 4 4 1 -1 4 4 
-1 -1 4 -1 4 4 -1 -1 4 -1 -1 4 4 4 4 1 1 1 -1 -1 
4 4 8 4 4 4 4 -1 4 -1 4 4 4 -1 4 1 1 1 1 4 
4 -1 4 4 4 4 4 4 4 4 4 -1 4 4 4 4 4 4 4 4 
4 -1 4 -1 4 1 -1 -1 1 -1 -1 -1 -1 1 -1 -1 -1 -1 -1 -1 
4 4 4 4 4 4 1 1 -1 -1 -1 -1 -1 -1 4 4 -1 -1 -1 2 
-1 4 4 4 4 -1 4 -1 2 -1 4 4 4 4 4 4 4 2 2 -1 
4 -1 4 4 4 4 4 2 2 2 -1 4 -1 4 4 4 4 4 2 2 
4 4 4 4 4 4 4 2 4 2 4 4 4 4 4 2 -1 -1 -1 4 
4 4 4 4 4 4 2 -1 -1 4 2 4 4 2 -1 2 -1 -1 -1 -1 
4 4 4 4 4 4 4 -1 -1 4 4 -1 4 -1 2 4 -1 -1 -1 -1 
4 -1 -1 4 8 -1 4 4 1 4 -1 -1 -1 4 -1 4 -1 -1 -1 -1 
-1 -1 -1 8 8 4 -1 4 -1 -1 -1 -1 1 4 4 4 4 2 2 -1 
-1 -1 -1 -1 4 -1 4 1 -1 1 -1 -1 1 1 4 4 4 2 2 -1 
-1 -1 -1 -1 8 -1 -1 1 1 -1 -1 -1 4 4 4 4 4 4 4 -1 
-1 -1 -1 -1 -1 -1 8 -1 1 1 -1 -1 4 4 4 4 4 4 4 -1 
-1 -1 -1 -1 8 8 8 4 1 1 4 -1 4 4 -1 -1 4 4 -1 4 
-1 -1 -1 -1 -1 -1 4 8 1 -1 -1 4 4 5 4 4 1 -1 -1 -1 
-1 -1 -1 -1 4 4 4 1 1 1 2 4 -1 4 -1 4 4 -1 -1 -1 
-1 -1 -1 4 4 -1 4 -1 -1 1 1 -1 4 4 -1 -1 4 -1 -1 -1 
-1 -1 -1 4 4 4 -1 -1 1 4 1 -1 1 1 1 1 -1 4 4 -1 
-1 -1 -1 4 4 -1 -1 -1 4 1 2 4 4 1 -1 -1 -1 -1 4 4 
4 -1 4 4 4 4 4 -1 1 -1 -1 2 1 -1 -1 -1 -1 -1 -1 8 
4 4 -1 4 4 4 -1 4 4 -1 -1 2 -1 1 1 -1 -1 8 8 -1 
-1 -1 -1 1 1 1 -1 -1 -1 -1 2 1 8 -1 -1 1 -1 -1 -1 -1 
-1 -1 -1 -1 -1 -1 1 1 -1 2 2 -1 1 -1 1 1 1 -1 -1 -1 
-1 -1 -1 -1 -1 -1 -1 -1 -1 2 -1 -1 -1 4 1 -1 -1 -1 -1 -1 
-1 -1 -1 -1 -1 -1 -1 -1 -1 -1 -1 -1 -1 4 4 4 -1 -1 -1 -1 
-1 -1 -1 -1 -1 -1 -1 -1 -1 -1 -1 -1 -1 -1 -1 4 -1 -1 -1 -1 
-1 -1 -1 -1 -1 -1 -1 -1 -1 -1 -1 -1 -1 2 2 1 4 4 -1 -1 
-1 -1 -1 -1 -1 -1 -1 -1 -1 -1 -1 -1 -1 -1 2 1 4 -1 -1 -1 
-1 -1 -1 -1 -1 -1 -1 -1 -1 -1 -1 -1 -1 -1 -1 2 -1 4 -1 -1 
-1 -1 -1 -1 -1 -1 -1 -1 -1 -1 -1 -1 2 -1 2 2 -1 4 4 4 
-1 -1 -1 -1 -1 -1 -1 -1 -1 -1 -1 -1 -1 2 2 -1 -1 4 4 -1 
-1 -1 1 -1 -1 1 -1 -1 -1 -1 -1 -1 -1 -1 -1 2 -1 -1 -1 -1 
-1 -1 1 1 -1 1 1 -1 -1 -1 -1 -1 -1 -1 -1 -1 -1 1 1 -1 
-1 1 -1 -1 -1 -1 -1 1 -1 -1 -1 -1 -1 -1 -1 -1 -1 -1 -1 -1 
-1 -1 -1 -1 -1 -1 -1 -1 1 -1 4 4 -1 -1 -1 -1 -1 -1 -1 -1 
-1 -1 -1 -1 1 1 -1 -1 -1 -1 -1 4 -1 -1 -1 -1 -1 -1 -1 -1 
-1 -1 -1 -1 1 1 -1 -1 2 2 2 2 -1 2 -1 -1 -1 -1 -1 -1 
-1 -1 -1 -1 -1 -1 -1 1 1 2 2 2 2 2 2 -1 2 2 -1 -1 
-1 -1 1 1 -1 1 1 -1 1 1 1 1 2 1 1 1 2 2 2 -1 
1 1 1 1 -1 1 1 1 -1 2 1 2 2 2 1 1 2 -1 -1 -1 
-1 -1 1 1 1 -1 -1 -1 1 2 2 1 1 1 1 -1 -1 2 -1 1 
2 -1 1 -1 -1 -1 -1 4 4 4 4 4 4 4 -1 -1 4 4 1 1 
-1 1 -1 -1 -1 -1 -1 -1 2 4 4 4 4 4 4 4 4 4 1 -1 
2 -1 2 -1 -1 -1 -1 -1 -1 6 4 4 4 4 4 -1 4 1 4 1 
-1 2 -1 -1 -1 -1 -1 -1 -1 6 4 4 6 4 -1 4 4 1 1 -1 
2 -1 4 -1 -1 -1 4 -1 -1 1 6 -1 1 -1 4 -1 -1 1 -1 2 
2 -1 -1 -1 -1 4 -1 4 -1 1 -1 1 4 4 4 4 4 -1 -1 -1 
4 -1 -1 -1 -1 -1 4 4 1 1 1 1 -1 4 -1 4 4 -1 -1 -1 
4 4 -1 1 4 4 4 1 1 1 1 -1 1 -1 -1 -1 -1 -1 -1 4 
-1 1 1 1 4 4 4 4 -1 -1 -1 -1 -1 -1 -1 -1 -1 -1 -1 -1 
-1 -1 -1 -1 8 8 4 8 4 4 -1 -1 -1 2 -1 -1 -1 -1 -1 -1 
-1 8 8 8 -1 8 4 4 -1 -1 -1 -1 -1 -1 1 -1 -1 -1 -1 -1 
-1 8 8 8 8 8 8 -1 8 -1 -1 -1 -1 8 8 1 -1 -1 -1 -1 
8 8 8 8 4 8 8 8 -1 -1 -1 -1 8 -1 1 8 -1 -1 -1 -1 
8 8 8 -1 8 8 8 8 -1 -1 -1 4 1 1 1 8 -1 -1 -1 -1 
2 2 -1 -1 -1 8 8 8 -1 -1 4 -1 4 -1 1 1 -1 -1 -1 8 
8 2 2 -1 8 8 8 1 -1 4 4 4 -1 -1 -1 4 1 2 -1 -1 
2 2 1 -1 8 8 -1 -1 1 -1 4 4 4 -1 4 -1 4 -1 2 2 
2 2 -1 8 8 -1 8 -1 4 4 4 -1 4 -1 -1 4 4 2 2 -1 
2 -1 -1 -1 -1 -1 -1 -1 -1 4 4 4 -1 -1 4 4 4 4 2 -1 
2 -1 1 -1 -1 -1 -1 -1 4 1 1 4 4 -1 4 4 4 -1 4 2 
4 4 4 4 -1 -1 -1 -1 -1 -1 -1 4 -1 4 2 -1 4 6 4 4 
4 4 4 4 4 -1 -1 -1 -1 -1 4 -1 4 -1 -1 4 -1 6 4 4 
4 -1 -1 4 -1 -1 -1 -1 1 -1 4 4 -1 -1 -1 -1 4 4 4 -1 
-1 -1 -1 -1 -1 -1 -1 1 1 4 -1 -1 -1 -1 -1 2 4 4 4 -1 
-1 -1 -1 -1 -1 -1 4 -1 -1 1 -1 -1 -1 -1 -1 -1 2 4 -1 2 
-1 -1 -1 -1 -1 -1 -1 4 -1 -1 -1 -1 -1 -1 -1 -1 -1 4 2 2 
-1 -1 1 -1 1 -1 -1 4 -1 -1 -1 -1 -1 -1 4 -1 -1 -1 -1 2 
-1 -1 -1 1 1 -1 4 4 -1 -1 -1 -1 -1 -1 -1 4 4 -1 -1 2 
-1 2 1 2 1 1 1 1 1 -1 -1 -1 -1 -1 4 4 -1 -1 -1 -1 
-1 -1 2 1 1 4 1 1 1 1 -1 -1 -1 32 32 -1 -1 4 -1 -1 
2 -1 -1 1 1 1 1 1 1 1 2 -1 -1 32 32 -1 -1 4 4 1 
1 -1 -1 -1 1 -1 1 4 1 1 2 -1 -1 32 -1 -1 -1 4 4 2 
1 -1 -1 -1 -1 -1 4 4 4 4 4 -1 -1 -1 1 4 -1 -1 1 1 
4 2 4 4 -1 -1 -1 4 -1 -1 -1 4 1 1 4 1 1 4 1 1 
4 4 4 4 -1 -1 -1 -1 -1 -1 2 -1 2 1 4 1 1 1 1 1 
4 4 4 4 4 -1 4 -1 -1 -1 4 2 -1 4 4 1 1 1 1 4 
4 -1 -1 4 4 4 -1 -1 -1 -1 2 2 -1 -1 1 4 1 1 4 4 
4 4 4 -1 4 -1 -1 -1 -1 -1 -1 -1 -1 1 -1 1 4 -1 -1 4 
-1 4 4 4 -1 4 -1 -1 -1 -1 -1 -1 -1 -1 -1 -1 -1 -1 4 4 
4 4 -1 -1 -1 -1 -1 -1 -1 1 -1 -1 -1 -1 -1 -1 4 -1 4 -1 
4 -1 4 -1 -1 -1 -1 -1 -1 -1 -1 -1 -1 -1 -1 32 -1 -1 4 -1 
4 4 4 4 -1 -1 -1 -1 -1 -1 -1 -1 -1 -1 -1 -1 -1 -1 -1 4 
-1 -1 4 -1 1 -1 -1 -1 -1 -1 -1 -1 -1 -1 1 -1 -1 -1 -1 4 
-1 -1 1 -1 -1 1 -1 -1 -1 -1 -1 -1 -1 -1 -1 1 1 -1 -1 -1 
-1 1 -1 -1 -1 -1 -1 -1 -1 -1 -1 -1 -1 -1 -1 -1 -1 -1 -1 -1 
-1 1 1 -1 -1 -1 -1 -1 -1 -1 1 1 1 -1 -1 4 -1 -1 -1 -1 
-1 1 -1 1 -1 -1 -1 -1 -1 -1 -1 1 4 4 -1 4 4 -1 -1 2 
2 1 1 -1 -1 -1 -1 -1 -1 -1 1 -1 1 -1 -1 4 4 4 4 4 
2 1 -1 1 1 1 -1 -1 -1 4 1 -1 -1 4 4 4 4 -1 4 -1 
1 4 1 -1 1 1 1 -1 -1 -1 -1 -1 -1 4 1 4 4 -1 2 2 
1 -1 4 1 1 1 -1 1 -1 -1 -1 -1 -1 -1 4 1 -1 -1 2 2 
-1 4 4 4 -1 -1 -1 -1 -1 -1 -1 -1 -1 -1 1 -1 -1 -1 -1 2 
4 -1 32 -1 -1 32 -1 -1 -1 4 -1 4 4 -1 32 4 4 4 -1 4 
4 32 32 32 32 32 -1 -1 4 4 4 4 -1 -1 32 32 4 4 -1 4 
4 -1 32 32 32 4 -1 4 -1 4 4 4 -1 4 1 1 4 4 4 4 
4 -1 4 32 32 -1 -1 -1 4 4 4 4 4 -1 -1 1 1 1 4 4 
4 4 4 4 32 -1 4 4 4 4 4 4 -1 -1 1 4 4 -1 -1 -1 
-1 4 4 4 4 -1 4 4 4 4 -1 -1 -1 1 1 4 1 4 4 4 
4 4 4 -1 -1 4 4 1 4 4 -1 -1 -1 4 1 1 -1 -1 -1 -1 
-1 4 4 4 -1 -1 1 -1 -1 -1 -1 -1 -1 1 1 4 32 -1 -1 4 
4 4 4 4 1 4 4 4 4 4 4 4 4 4 -1 4 2 2 2 4 
4 4 4 4 1 1 4 4 4 -1 4 4 4 4 4 4 2 1 1 -1 
4 4 4 4 4 1 4 4 4 4 4 -1 4 -1 -1 4 -1 -1 4 1 
-1 -1 -1 4 4 4 4 1 1 1 4 4 4 -1 4 4 4 1 4 -1 
-1 -1 -1 -1 -1 -1 4 4 1 4 4 -1 4 4 4 4 4 -1 -1 -1 
1 1 4 -1 -1 -1 -1 -1 -1 -1 4 2 2 4 4 -1 -1 -1 -1 -1 
-1 -1 -1 -1 -1 -1 -1 -1 -1 1 2 -1 2 2 -1 -1 -1 -1 -1 -1 
-1 1 -1 -1 -1 -1 1 1 1 -1 -1 -1 -1 -1 -1 -1 -1 -1 -1 -1 
-1 -1 -1 -1 -1 -1 -1 -1 1 -1 -1 -1 -1 -1 -1 -1 -1 -1 -1 -1 
-1 -1 -1 -1 -1 -1 -1 -1 -1 -1 -1 -1 -1 -1 -1 -1 -1 -1 -1 -1 
-1 4 -1 -1 -1 -1 4 -1 -1 -1 -1 -1 -1 -1 -1 -1 -1 -1 -1 5 
4 5 -1 -1 -1 -1 4 -1 -1 32 -1 4 -1 -1 -1 -1 -1 -1 -1 -1 
4 4 5 -1 -1 4 4 -1 -1 -1 4 -1 4 -1 -1 -1 -1 4 -1 -1 
5 4 1 4 4 4 4 -1 -1 1 4 4 -1 -1 -1 -1 4 4 4 -1 
5 1 1 4 4 -1 4 4 4 4 -1 -1 -1 -1 -1 -1 4 4 4 4 
4 1 1 4 4 4 4 -1 4 -1 4 -1 -1 -1 8 -1 4 4 4 4 
4 4 -1 1 1 4 4 -1 -1 4 4 -1 -1 8 -1 8 -1 -1 4 4 
4 4 4 2 1 1 1 4 4 4 4 4 -1 -1 8 -1 1 1 -1 4 
-1 4 4 4 1 1 4 4 4 4 4 4 4 4 -1 -1 -1 -1 4 4 
2 4 4 4 4 1 4 1 4 4 4 4 4 4 4 -1 -1 2 8 2 
8 8 8 -1 -1 -1 -1 4 -1 4 -1 4 4 4 1 1 8 8 -1 8 
8 8 -1 -1 -1 -1 -1 4 -1 4 4 -1 4 1 1 4 -1 8 8 8 
8 -1 -1 -1 -1 -1 4 -1 4 4 4 8 1 -1 8 8 8 8 8 8 
4 1 1 -1 -1 -1 -1 4 4 4 4 8 8 -1 -1 1 8 1 4 4 
1 1 1 1 -1 -1 -1 4 -1 -1 8 8 1 8 1 1 1 1 4 -1 
4 1 1 -1 -1 -1 4 4 4 8 8 1 8 1 1 1 4 -1 -1 -1 
1 1 1 1 4 4 4 8 8 4 8 1 1 1 1 -1 -1 -1 -1 4 
4 -1 1 1 4 -1 4 4 4 4 1 4 1 1 -1 -1 4 -1 -1 -1 
4 -1 -1 1 1 4 4 4 4 4 4 4 -1 -1 -1 4 4 -1 -1 -1 
-1 4 4 1 4 4 4 4 -1 4 -1 -1 4 4 -1 -1 -1 -1 -1 -1 
-1 -1 4 4 1 4 4 4 4 -1 1 -1 -1 -1 -1 4 4 -1 4 4 
4 -1 -1 1 -1 4 4 4 4 1 1 -1 -1 -1 -1 4 2 2 -1 4 
4 8 1 4 4 4 4 -1 4 1 -1 -1 -1 -1 4 -1 4 4 -1 4 
8 8 4 -1 4 8 -1 4 -1 2 2 4 4 4 -1 4 4 4 -1 8 
8 -1 8 4 8 8 -1 -1 -1 -1 -1 4 4 -1 4 4 4 8 1 8 
8 8 4 8 8 8 4 -1 -1 4 4 -1 4 4 4 4 8 8 1 1 
8 8 -1 8 -1 8 4 4 4 4 4 4 4 -1 -1 8 8 4 8 1 
1 -1 -1 -1 8 -1 -1 -1 4 -1 4 4 2 4 8 -1 8 8 8 8 
8 8 -1 -1 -1 -1 -1 4 4 -1 4 2 4 8 8 8 8 -1 8 -1 
8 8 8 -1 -1 -1 4 4 4 -1 -1 4 -1 4 1 8 8 -1 -1 8 
-1 -1 4 -1 -1 -1 -1 4 4 5 -1 4 4 4 -1 -1 -1 -1 -1 -1 
-1 -1 4 4 -1 4 4 4 4 4 4 -1 4 4 4 4 4 -1 4 -1 
-1 4 -1 4 4 4 -1 -1 4 5 4 2 40 4 8 4 4 4 -1 -1 
-1 -1 4 -1 4 4 4 -1 -1 5 2 4 40 40 40 40 40 -1 -1 -1 
-1 4 -1 -1 -1 4 -1 -1 -1 -1 -1 -1 8 40 -1 40 40 40 -1 -1 
-1 -1 -1 -1 -1 -1 -1 -1 -1 -1 -1 -1 4 40 -1 -1 -1 2 2 -1 
-1 -1 -1 -1 1 1 -1 -1 1 4 4 1 4 40 -1 2 4 2 2 1 
1 -1 -1 -1 1 -1 -1 4 -1 4 4 4 1 32 -1 4 2 2 2 -1 
-1 1 -1 -1 -1 -1 4 -1 4 4 4 4 4 32 2 2 1 1 1 1 
1 4 1 -1 -1 -1 -1 -1 4 4 4 4 4 -1 -1 2 -1 1 -1 -1 
-1 4 -1 -1 -1 1 4 4 -1 4 4 4 4 1 1 4 -1 -1 4 4 
4 4 4 4 8 8 1 -1 4 4 1 4 4 4 4 4 4 -1 4 4 
4 4 4 4 -1 1 1 1 -1 4 -1 4 -1 4 4 4 4 -1 -1 4 
-1 4 -1 4 -1 -1 -1 -1 8 8 8 -1 4 -1 4 4 4 -1 4 -1 
4 4 4 4 4 8 -1 8 8 8 -1 -1 4 -1 4 4 4 4 4 4 
4 4 4 -1 4 8 8 8 8 -1 4 4 4 4 5 4 4 4 4 4 
-1 -1 4 -1 4 8 8 4 4 -1 4 4 5 5 4 4 4 4 4 4 
-1 4 4 8 8 8 4 4 4 4 -1 4 5 4 5 4 2 -1 4 4 
-1 4 8 4 -1 8 -1 4 4 4 4 5 4 4 5 -1 2 2 -1 4 
-1 -1 4 4 -1 -1 4 5 4 4 4 4 4 4 -1 -1 -1 -1 -1 -1 
4 4 5 2 4 3 3 -1 -1 -1 -1 3 4 4 4 4 4 4 4 4 
4 2 2 2 2 2 -1 -1 -1 -1 2 -1 4 4 -1 4 4 4 4 4 
2 4 2 -1 2 2 2 -1 -1 2 -1 2 1 -1 4 4 4 4 2 4 
4 4 2 2 -1 1 2 -1 -1 -1 -1 4 1 3 8 -1 4 4 4 2 
4 6 6 2 4 1 1 1 -1 8 -1 -1 -1 -1 8 4 4 4 4 2 
4 6 2 4 4 4 1 4 -1 -1 8 -1 4 -1 1 8 4 4 2 4 
6 6 4 4 1 4 4 8 8 4 8 8 4 8 -1 1 -1 4 4 4 
4 4 4 4 4 2 4 8 8 4 4 -1 8 8 8 -1 4 4 4 4 
4 4 4 4 4 4 -1 5 8 4 4 8 8 8 8 2 -1 1 4 1 
4 4 4 4 4 4 4 5 -1 1 1 -1 8 2 2 -1 1 1 1 4 
4 4 2 4 4 4 4 -1 1 1 1 4 4 2 2 -1 -1 -1 -1 4 
4 4 6 4 4 4 4 -1 1 -1 1 4 4 8 -1 -1 -1 -1 4 4 
4 4 8 4 4 -1 4 8 8 4 1 4 1 -1 1 1 8 8 4 4 
8 4 4 4 -1 -1 4 8 40 4 4 1 1 1 -1 -1 -1 -1 8 8 
4 4 4 8 -1 8 -1 4 4 4 -1 -1 1 4 4 4 -1 4 4 -1 
8 8 4 8 8 -1 4 -1 4 -1 -1 -1 4 1 2 4 4 -1 -1 8 
8 8 -1 -1 8 8 8 -1 -1 -1 -1 4 -1 -1 1 -1 -1 -1 8 -1 
8 -1 8 4 8 8 8 -1 -1 -1 -1 -1 -1 -1 -1 3 3 4 4 8 
8 5 4 8 4 8 -1 8 8 -1 -1 -1 4 -1 3 2 -1 -1 4 4 
4 -1 4 4 4 4 2 8 -1 -1 -1 4 4 4 3 3 4 4 4 4 
2 8 2 8 8 8 8 -1 -1 2 2 1 -1 2 2 2 4 4 4 4 
2 8 8 8 8 8 -1 8 1 -1 1 1 -1 4 -1 2 4 4 4 -1 
4 4 8 8 8 8 8 8 1 1 1 1 1 2 2 -1 4 4 4 4 
4 4 1 8 8 8 8 8 1 -1 1 -1 -1 1 4 2 1 4 4 4 
2 -1 -1 4 8 8 8 1 -1 -1 -1 -1 2 1 1 1 4 -1 4 2 
-1 -1 4 1 -1 -1 8 -1 8 8 -1 1 2 4 -1 1 4 4 4 2 
-1 2 4 1 1 -1 8 8 8 2 -1 -1 1 4 4 -1 -1 4 4 2 
2 2 2 4 1 2 -1 8 8 8 -1 -1 2 4 -1 4 4 4 1 2 
1 1 1 1 -1 2 -1 -1 -1 -1 -1 -1 4 2 4 4 4 1 4 1 
1 1 1 1 2 -1 -1 4 -1 -1 -1 4 4 2 -1 -1 4 2 4 1 
4 1 2 2 2 2 -1 -1 4 4 -1 4 4 -1 -1 2 2 4 4 4 
1 1 -1 2 2 -1 -1 1 -1 -1 4 -1 -1 -1 2 2 2 4 4 -1 
4 -1 -1 -1 -1 -1 1 1 1 -1 -1 4 -1 -1 -1 -1 2 4 4 4 
-1 -1 -1 -1 -1 -1 -1 1 1 1 -1 -1 -1 -1 -1 4 4 4 4 4 
-1 -1 -1 -1 -1 -1 1 1 -1 -1 1 1 8 -1 4 4 4 4 -1 4 
-1 -1 -1 -1 -1 1 -1 -1 -1 8 -1 1 8 -1 4 4 -1 4 4 -1 
4 -1 -1 -1 1 -1 -1 -1 -1 -1 8 8 8 8 8 4 4 4 4 -1 
-1 -1 4 4 1 -1 -1 -1 -1 8 8 8 8 8 8 8 4 4 4 4 
8 2 -1 4 1 -1 8 -1 -1 -1 8 8 8 8 8 -1 4 4 -1 4 
2 8 2 1 2 8 2 -1 -1 2 2 -1 8 8 4 4 4 4 4 4 
-1 -1 -1 -1 -1 -1 4 4 4 2 2 2 2 -1 -1 1 1 -1 4 -1 
-1 -1 -1 1 -1 -1 4 4 4 4 4 2 2 -1 -1 1 1 1 -1 -1 
1 1 1 1 1 -1 -1 4 4 4 4 4 2 -1 -1 1 2 -1 -1 -1 
-1 -1 1 1 1 -1 4 -1 4 -1 4 -1 1 1 -1 2 1 1 -1 2 
2 1 -1 1 1 1 4 4 2 4 4 4 1 1 1 1 1 -1 2 2 
2 1 1 1 1 1 4 4 4 4 4 -1 4 1 1 4 4 -1 -1 2 
4 1 1 4 1 4 -1 4 4 4 -1 4 1 -1 4 4 4 4 4 4 
1 4 4 4 4 4 4 4 4 4 -1 4 4 -1 4 4 4 4 -1 4 
-1 1 1 2 4 4 -1 4 -1 -1 4 -1 4 4 4 4 4 -1 4 1 
1 4 -1 4 9 4 4 -1 -1 -1 -1 4 4 -1 4 -1 4 4 -1 1 
1 1 -1 -1 4 2 2 -1 -1 -1 -1 -1 8 4 4 -1 4 4 4 1 
1 -1 -1 -1 1 1 1 -1 -1 4 4 -1 -1 4 32 4 4 4 1 4 
1 -1 -1 1 1 1 1 8 -1 4 4 4 4 -1 4 4 -1 4 -1 -1 
-1 -1 -1 -1 1 -1 1 -1 -1 -1 4 4 4 4 4 4 -1 4 4 4 
-1 -1 -1 1 1 1 -1 1 -1 -1 4 -1 4 -1 4 -1 4 4 4 -1 
-1 -1 -1 -1 -1 -1 1 -1 -1 -1 4 4 4 -1 4 4 4 4 4 4 
-1 -1 -1 -1 -1 -1 -1 -1 -1 -1 -1 -1 4 -1 4 -1 1 4 1 -1 
-1 -1 -1 -1 -1 -1 -1 -1 -1 -1 -1 4 2 -1 -1 -1 -1 -1 -1 -1 
4 4 -1 -1 -1 -1 -1 -1 -1 2 4 2 4 -1 -1 -1 -1 -1 -1 -1 
4 -1 -1 -1 -1 -1 -1 4 4 -1 2 2 2 -1 -1 -1 -1 -1 -1 4 
2 8 8 -1 4 4 2 -1 4 4 4 4 4 4 -1 -1 -1 4 -1 -1 
2 8 8 4 -1 -1 -1 2 4 4 4 4 -1 -1 4 -1 4 4 4 8 
2 4 2 2 2 -1 4 4 4 4 4 -1 -1 -1 -1 -1 4 -1 4 -1 
4 2 4 2 2 2 4 4 -1 4 -1 -1 -1 -1 -1 4 4 4 -1 4 
-1 4 4 2 2 2 4 4 4 4 4 4 -1 4 4 4 4 4 -1 4 
-1 4 4 4 2 4 4 -1 4 4 4 4 4 -1 4 4 4 -1 4 -1 
3 -1 -1 4 2 4 2 -1 4 4 4 -1 -1 -1 4 4 -1 -1 4 4 
4 -1 4 4 4 2 -1 -1 -1 4 4 -1 -1 4 4 4 4 4 4 4 
4 4 4 1 -1 4 4 4 4 -1 4 -1 -1 -1 -1 4 -1 2 2 2 
1 4 1 1 -1 4 4 4 4 4 -1 -1 -1 -1 -1 -1 -1 2 2 -1 
1 1 1 1 4 4 4 4 4 4 -1 1 -1 -1 -1 -1 -1 2 -1 -1 
-1 -1 -1 -1 4 4 4 -1 4 4 1 1 1 -1 -1 -1 -1 -1 -1 1 
1 -1 -1 -1 4 4 4 1 1 4 -1 -1 1 -1 -1 -1 -1 -1 -1 1 
-1 1 2 4 4 4 1 1 1 1 1 1 1 1 1 -1 -1 -1 -1 1 
-1 -1 -1 -1 4 -1 -1 1 1 1 4 1 4 4 4 -1 -1 -1 -1 -1 
-1 -1 -1 -1 -1 -1 -1 1 1 4 1 1 4 4 -1 -1 -1 -1 -1 -1 
-1 -1 -1 -1 -1 2 -1 -1 4 1 1 -1 -1 -1 -1 -1 -1 -1 -1 8 
-1 -1 -1 -1 -1 -1 4 -1 4 4 4 -1 -1 -1 -1 -1 -1 -1 8 8 
8 8 -1 4 4 -1 -1 4 -1 4 -1 4 4 4 -1 -1 -1 -1 -1 8 
8 8 8 4 -1 4 -1 -1 -1 4 4 4 4 -1 -1 1 -1 -1 8 8 
1 1 -1 8 8 1 1 1 1 1 1 2 2 2 2 -1 8 8 8 -1 
1 1 1 -1 1 1 1 1 1 1 1 2 8 8 8 8 8 2 8 1 
1 1 2 2 2 8 1 1 1 1 1 8 8 1 8 8 2 2 1 1 
2 2 1 2 -1 4 -1 1 1 1 1 -1 1 1 1 1 2 2 1 -1 
1 1 1 -1 8 8 8 8 8 -1 1 8 1 1 1 2 8 1 1 1 
1 1 1 1 8 8 8 8 8 1 -1 -1 1 8 1 8 1 8 -1 1 
-1 1 -1 -1 8 8 8 8 -1 -1 8 4 4 -1 8 8 8 -1 1 1 
1 1 1 1 -1 8 8 8 4 1 -1 -1 4 8 -1 8 8 8 1 -1 
1 1 1 -1 -1 8 8 -1 8 8 1 -1 -1 -1 -1 8 -1 -1 -1 1 
1 1 -1 -1 -1 8 8 1 1 -1 1 1 1 -1 -1 1 2 -1 -1 1 
1 -1 -1 -1 -1 -1 -1 -1 1 1 -1 1 2 -1 1 2 2 -1 -1 1 
1 2 -1 -1 1 -1 -1 1 -1 -1 -1 -1 -1 2 2 1 1 -1 1 -1 
2 -1 -1 2 -1 1 1 1 1 -1 -1 -1 -1 2 -1 1 1 1 1 1 
1 2 -1 -1 2 1 2 -1 -1 -1 -1 -1 -1 8 -1 -1 -1 2 1 2 
2 2 -1 -1 2 2 1 -1 -1 -1 -1 -1 8 8 8 -1 2 2 2 2 
2 -1 8 8 1 2 -1 1 -1 -1 8 8 8 8 8 8 8 8 2 8 
8 2 8 8 8 1 -1 -1 1 -1 -1 8 8 8 8 8 8 8 2 2 
2 -1 -1 8 8 -1 1 8 8 -1 -1 1 8 8 8 8 8 8 8 2 
-1 8 8 8 8 8 -1 8 1 1 8 1 1 8 8 8 8 8 -1 -1 
-1 -1 8 8 8 8 8 1 1 8 8 1 2 -1 -1 -1 8 8 -1 -1 
-1 -1 -1 1 -1 8 2 -1 4 -1 -1 -1 -1 8 -1 1 8 -1 -1 1 
1 -1 4 -1 -1 8 8 -1 -1 -1 -1 1 1 8 8 8 -1 8 1 -1 
4 4 4 -1 8 -1 8 1 1 1 1 1 8 8 -1 -1 8 4 4 1 
4 2 2 -1 8 8 1 1 1 1 1 1 8 8 1 1 1 4 4 4 
4 4 2 2 8 1 1 1 1 1 -1 -1 8 1 1 1 1 1 4 1 
1 4 2 2 -1 8 -1 8 -1 -1 2 -1 1 1 1 1 4 1 1 1 
4 4 4 2 2 -1 8 8 1 -1 1 -1 1 4 1 1 1 4 4 4 
4 4 8 4 4 -1 8 -1 1 -1 -1 -1 -1 4 1 1 -1 4 4 4 
-1 8 4 4 4 2 8 8 -1 1 -1 1 1 -1 1 -1 -1 -1 -1 4 
4 -1 -1 4 2 -1 1 -1 -1 1 -1 -1 1 1 -1 -1 -1 -1 -1 -1 
-1 -1 2 2 2 1 1 -1 -1 -1 1 1 -1 -1 1 -1 -1 -1 -1 4 
-1 2 2 1 4 1 1 -1 -1 -1 -1 -1 -1 2 1 1 -1 -1 -1 -1 
-1 -1 -1 -1 1 1 1 -1 -1 1 -1 -1 -1 2 1 1 1 1 -1 -1 
-1 -1 -1 2 2 1 1 -1 1 1 1 -1 -1 1 2 1 -1 1 1 1 
-1 -1 2 -1 2 2 1 1 -1 -1 -1 1 1 -1 1 1 1 1 -1 1 
-1 -1 2 2 2 1 -1 1 -1 -1 -1 1 -1 1 -1 -1 -1 -1 1 -1 
1 1 -1 1 1 -1 1 1 1 1 -1 2 -1 -1 -1 -1 -1 1 -1 1 
1 1 -1 1 1 1 -1 -1 1 4 2 4 -1 -1 1 -1 -1 -1 1 1 
-1 -1 -1 -1 1 1 -1 8 4 4 4 2 1 1 1 -1 -1 1 1 -1 
-1 -1 -1 -1 1 -1 2 4 -1 4 4 -1 -1 1 1 1 1 -1 1 -1 
-1 1 -1 -1 1 1 -1 -1 1 1 -1 -1 1 8 2 2 2 2 1 1 
1 1 -1 -1 -1 -1 -1 1 -1 1 -1 1 1 -1 2 2 2 1 -1 1 
1 1 -1 -1 -1 -1 1 1 1 1 1 1 1 -1 -1 2 -1 -1 1 1 
8 1 -1 -1 -1 -1 -1 -1 1 1 1 1 1 -1 -1 2 -1 1 1 1 
1 -1 -1 -1 -1 -1 -1 -1 -1 -1 1 1 1 1 -1 4 2 -1 8 8 
8 -1 -1 2 -1 -1 1 -1 -1 -1 1 5 5 -1 -1 -1 2 8 8 8 
-1 8 2 -1 -1 -1 -1 1 -1 -1 -1 5 5 1 -1 -1 -1 -1 2 -1 
-1 -1 -1 -1 -1 -1 -1 -1 -1 -1 1 1 -1 1 -1 -1 -1 -1 -1 -1 
4 4 2 -1 -1 -1 -1 -1 -1 -1 -1 1 1 -1 2 -1 3 -1 -1 -1 
4 -1 -1 2 -1 -1 -1 -1 -1 -1 -1 -1 2 2 2 3 -1 -1 -1 -1 
2 4 -1 2 -1 -1 -1 -1 -1 -1 -1 2 2 2 2 -1 -1 2 -1 -1 
2 -1 -1 -1 2 -1 -1 -1 -1 -1 -1 -1 -1 2 -1 -1 -1 -1 2 -1 
-1 -1 -1 -1 -1 -1 -1 -1 -1 -1 -1 -1 -1 2 2 -1 -1 -1 -1 -1 
-1 -1 4 4 4 4 4 -1 -1 -1 -1 -1 -1 2 2 -1 -1 -1 -1 -1 
-1 4 4 4 4 4 -1 -1 -1 -1 -1 -1 -1 -1 2 -1 -1 -1 -1 -1 
-1 4 4 4 -1 -1 -1 -1 -1 -1 -1 -1 -1 -1 -1 2 1 -1 -1 -1 
4 4 4 -1 4 -1 -1 -1 -1 -1 -1 -1 -1 -1 -1 1 -1 -1 -1 -1 
-1 -1 -1 4 4 -1 -1 -1 -1 1 1 -1 -1 -1 -1 1 1 -1 -1 -1 
-1 1 -1 4 -1 -1 -1 -1 1 1 -1 1 1 -1 1 -1 -1 -1 -1 -1 
1 -1 4 -1 -1 -1 -1 -1 -1 1 -1 -1 8 -1 -1 -1 -1 -1 -1 -1 
-1 -1 8 8 -1 -1 -1 -1 -1 -1 -1 -1 -1 -1 -1 8 8 8 8 10 
10 1 1 1 8 -1 -1 -1 4 -1 -1 1 1 -1 -1 -1 -1 8 -1 10 
8 1 -1 1 8 8 -1 -1 -1 -1 1 -1 -1 -1 -1 -1 8 -1 8 -1 
-1 8 8 8 8 8 8 8 2 1 -1 1 -1 -1 -1 -1 8 -1 8 8 
8 8 8 8 8 8 8 2 2 2 1 2 4 2 2 -1 8 8 -1 8 
8 8 8 8 8 8 2 8 2 2 1 2 4 2 2 2 1 2 8 8 
8 8 -1 8 8 -1 2 8 1 1 1 1 1 1 -1 -1 8 -1 2 8 
8 8 8 8 8 8 8 1 -1 -1 1 1 1 1 -1 -1 -1 8 8 -1 
8 8 -1 8 8 8 -1 -1 -1 1 1 -1 9 -1 2 2 -1 8 -1 -1 
-1 -1 8 -1 8 8 -1 -1 -1 -1 1 9 -1 -1 -1 2 8 -1 1 -1 
1 -1 -1 -1 -1 1 1 1 1 1 1 1 -1 4 2 -1 -1 -1 -1 1 
1 -1 -1 -1 1 1 -1 1 1 1 1 -1 -1 -1 4 -1 -1 -1 -1 1 
-1 1 -1 -1 -1 8 -1 1 1 -1 8 4 -1 4 -1 4 -1 4 4 4 
1 -1 1 1 1 8 -1 -1 1 8 8 -1 4 -1 4 -1 -1 4 -1 4 
1 1 1 1 1 -1 -1 1 4 4 8 4 4 4 4 4 -1 -1 4 4 
4 -1 4 1 4 1 -1 -1 -1 4 4 4 4 -1 -1 4 -1 4 4 -1 
-1 -1 4 4 4 -1 -1 -1 4 4 -1 4 4 8 4 -1 4 4 4 4 
-1 -1 -1 4 -1 -1 -1 -1 -1 -1 -1 -1 8 4 2 8 -1 -1 -1 -1 
-1 -1 -1 -1 4 -1 -1 -1 -1 -1 -1 8 8 8 8 8 8 8 8 -1 
-1 -1 -1 -1 -1 -1 -1 -1 -1 -1 -1 8 8 8 8 8 8 8 8 8 
-1 -1 -1 8 8 8 8 8 -1 -1 -1 -1 1 2 2 2 -1 -1 -1 1 
1 1 1 8 -1 1 -1 -1 8 -1 -1 -1 1 1 -1 -1 -1 -1 -1 1 
-1 1 1 1 1 -1 -1 -1 -1 -1 1 -1 -1 -1 -1 -1 -1 1 1 1 
-1 -1 1 -1 1 -1 -1 -1 -1 1 -1 -1 -1 -1 1 -1 1 -1 -1 -1 
-1 -1 1 1 -1 -1 -1 -1 1 1 -1 8 8 1 -1 1 1 1 -1 1 
1 -1 -1 1 1 1 -1 -1 -1 8 8 8 8 -1 1 1 -1 1 -1 -1 
1 -1 1 -1 1 -1 -1 -1 -1 8 8 8 8 -1 8 1 1 1 1 1 
-1 -1 -1 -1 1 1 1 -1 -1 -1 8 -1 -1 8 8 1 1 1 1 -1 
-1 -1 -1 -1 -1 -1 1 1 -1 -1 -1 1 -1 1 -1 -1 1 1 1 -1 
-1 -1 -1 -1 -1 10 -1 -1 -1 1 1 1 1 -1 8 -1 8 -1 8 -1 
-1 10 10 10 -1 10 10 4 1 1 8 1 -1 -1 -1 8 8 8 -1 -1 
10 -1 10 10 10 10 10 10 4 8 1 -1 -1 -1 -1 8 -1 -1 -1 10 
-1 -1 5 10 4 10 10 4 8 1 8 8 8 -1 -1 1 -1 -1 -1 -1 
-1 10 5 5 10 10 10 4 1 8 8 8 8 8 1 8 1 -1 1 -1 
10 10 1 8 -1 8 10 -1 -1 -1 8 8 8 8 8 8 8 1 -1 -1 
10 1 8 10 -1 -1 8 -1 8 8 -1 8 -1 8 8 8 8 8 8 1 
1 2 10 10 10 8 8 8 8 -1 -1 8 8 8 8 8 1 -1 1 1 
1 2 8 1 4 8 8 8 -1 -1 8 1 8 8 8 2 1 1 1 1 
-1 -1 8 -1 8 8 8 8 8 -1 8 8 8 1 8 8 8 1 1 -1 
-1 -1 -1 8 8 8 8 8 8 -1 -1 1 1 -1 2 8 8 -1 1 1 
4 4 4 4 4 1 1 1 4 1 1 1 8 8 -1 2 2 2 2 2 
4 2 4 4 4 1 1 1 1 1 1 1 8 8 8 2 -1 -1 2 2 
2 -1 8 4 4 4 4 8 4 8 1 1 8 1 1 4 -1 2 2 2 
8 -1 2 40 -1 4 4 8 4 -1 8 1 1 8 8 2 2 2 -1 2 
-1 8 2 2 2 -1 4 8 -1 8 1 8 1 8 2 2 2 -1 -1 -1 
-1 -1 2 8 2 8 4 8 8 8 8 8 -1 8 8 8 2 2 -1 -1 
-1 8 2 -1 -1 8 8 8 8 -1 -1 -1 -1 8 8 2 8 -1 -1 -1 
8 -1 8 8 8 8 8 8 8 8 8 8 8 -1 -1 8 8 8 -1 -1 
8 2 8 -1 8 8 -1 -1 8 8 -1 -1 8 8 8 8 8 -1 -1 -1 
-1 8 -1 1 8 1 -1 -1 -1 -1 -1 -1 -1 -1 4 8 8 8 -1 -1 
-1 8 1 1 5 4 1 1 -1 8 8 8 4 -1 -1 8 8 -1 8 -1 
8 8 1 1 4 4 8 8 1 8 8 -1 4 8 -1 -1 8 -1 8 8 
8 -1 -1 5 2 2 8 1 8 8 4 4 4 8 8 8 8 8 8 8 
8 8 5 2 -1 8 8 8 -1 8 4 4 2 -1 8 8 8 8 8 8 
8 8 5 5 2 2 2 2 8 8 8 -1 4 8 8 8 8 8 8 -1 
8 8 -1 4 2 2 3 -1 8 -1 4 4 4 2 8 2 2 8 8 8 
8 8 4 4 2 3 3 1 -1 -1 2 2 2 2 2 2 -1 -1 8 8 
8 4 4 4 4 3 4 4 -1 -1 -1 4 2 2 2 2 2 2 2 8 
2 8 4 4 3 4 1 1 4 -1 4 1 -1 2 2 2 2 2 2 8 
8 4 4 4 8 1 1 1 1 1 1 1 1 -1 -1 2 2 2 -1 2 
5 4 8 -1 4 -1 4 -1 -1 8 8 8 8 8 8 8 8 2 8 8 
4 -1 4 -1 -1 -1 4 -1 -1 8 8 -1 8 8 8 8 4 -1 8 5 
-1 4 4 4 4 4 4 4 4 8 4 8 1 8 4 4 4 4 4 4 
4 4 4 4 4 1 1 4 1 8 8 8 1 1 1 1 4 4 4 4 
4 4 4 4 4 4 1 1 8 8 8 4 8 1 1 4 4 -1 4 4 
4 4 4 4 4 1 1 4 -1 1 -1 -1 4 8 8 4 1 4 4 4 
4 4 4 4 4 1 4 4 1 1 4 8 -1 8 8 4 8 8 8 8 
1 1 8 -1 4 1 1 1 1 1 1 4 8 1 1 8 8 8 8 4 
8 8 8 4 9 9 1 -1 1 1 1 8 4 1 1 8 8 8 8 8 
-1 8 8 32 9 9 -1 -1 1 1 1 8 8 1 1 1 8 8 -1 1 
9 8 8 32 -1 -1 4 -1 1 1 1 1 1 1 1 1 9 9 8 9 
1 8 -1 4 4 4 4 4 1 -1 1 1 1 1 1 1 1 8 8 8 
1 8 4 4 4 4 -1 -1 -1 1 4 1 1 1 8 8 9 1 8 9 
8 4 8 2 8 8 1 4 1 1 4 4 1 1 8 8 1 1 8 8 
8 -1 8 2 2 -1 4 1 1 1 1 1 1 1 8 8 8 8 8 8 
9 1 2 8 -1 1 1 1 1 1 1 1 -1 1 1 -1 8 8 8 8 
9 8 8 9 8 -1 -1 -1 -1 -1 1 8 1 -1 1 1 8 8 8 8 
9 8 8 8 9 8 -1 4 -1 -1 -1 -1 8 -1 1 8 8 8 8 -1 
8 8 8 1 4 8 -1 -1 -1 -1 8 8 -1 8 8 -1 8 -1 8 -1 
8 4 -1 8 4 -1 -1 -1 -1 1 8 -1 8 -1 8 8 -1 2 8 8 
1 1 8 4 8 -1 8 8 8 8 8 8 -1 8 8 -1 4 2 -1 1 
1 1 1 8 8 8 8 8 8 9 8 8 8 -1 8 4 8 2 1 1 
-1 1 1 8 8 8 8 8 8 9 8 8 -1 8 1 8 9 8 -1 1 
1 1 4 2 8 8 8 8 8 8 8 1 1 -1 -1 1 -1 -1 -1 -1 
4 4 4 8 8 8 8 4 8 8 8 1 8 -1 1 -1 -1 -1 -1 4 
4 4 2 8 1 1 4 4 1 1 8 8 1 -1 -1 -1 -1 4 4 -1 
-1 -1 -1 -1 -1 8 1 8 8 1 8 1 -1 -1 -1 -1 4 -1 1 -1 
-1 -1 -1 1 8 8 1 8 1 8 1 9 9 -1 -1 1 -1 -1 1 1 
1 4 8 8 8 8 -1 8 1 1 1 -1 1 1 1 1 1 1 1 4 
4 1 8 1 8 8 8 8 8 8 8 -1 -1 -1 1 1 1 -1 -1 1 
1 4 1 -1 8 8 8 8 8 8 8 8 -1 -1 -1 1 -1 -1 1 1 
1 1 -1 -1 1 8 8 8 8 1 1 8 -1 -1 -1 1 -1 -1 1 1 
1 -1 1 -1 8 8 -1 -1 1 1 1 1 -1 -1 -1 -1 1 1 -1 -1 
-1 1 1 -1 1 1 1 -1 8 -1 -1 1 -1 -1 -1 -1 -1 1 1 1 
1 1 -1 1 1 1 -1 1 8 -1 -1 -1 -1 -1 -1 1 -1 1 1 1 
1 1 1 1 1 -1 -1 1 1 8 -1 8 -1 -1 -1 1 1 1 4 1 
-1 4 -1 2 2 -1 1 8 1 1 8 8 -1 -1 -1 1 1 1 4 -1 
1 1 -1 -1 -1 2 -1 -1 8 8 8 8 8 1 1 1 1 4 1 1 
1 1 1 8 -1 8 8 8 8 8 8 8 8 8 1 1 -1 -1 1 1 
1 1 1 8 8 8 8 8 8 8 8 8 8 8 8 8 4 -1 1 1 
8 8 -1 1 2 1 -1 -1 -1 1 1 4 4 -1 4 2 1 1 -1 8 
8 -1 2 2 1 2 -1 -1 -1 4 4 4 4 2 2 2 1 1 8 8 
-1 -1 2 4 4 4 2 4 4 4 4 -1 -1 -1 -1 1 1 1 -1 8 
8 2 2 2 4 4 2 2 2 2 4 4 -1 -1 -1 2 2 1 2 8 
-1 2 4 4 4 4 4 -1 2 -1 4 2 1 -1 -1 -1 2 8 1 -1 
-1 -1 4 4 4 4 4 4 -1 2 2 1 1 -1 2 1 -1 -1 -1 -1 
-1 -1 4 2 4 4 -1 -1 4 4 4 4 1 -1 2 1 -1 -1 -1 -1 
-1 -1 -1 8 4 4 4 4 8 4 4 4 1 -1 -1 -1 -1 -1 -1 -1 
-1 -1 -1 -1 8 4 4 -1 8 4 -1 1 -1 1 1 1 -1 -1 -1 -1 
-1 -1 -1 8 1 4 4 8 -1 -1 8 1 1 2 2 -1 -1 -1 -1 -1 
-1 -1 2 1 4 -1 8 8 8 8 -1 8 -1 1 1 -1 -1 -1 -1 -1 
4 4 2 1 -1 -1 8 8 8 1 1 1 1 1 -1 -1 -1 -1 -1 -1 
4 1 -1 2 -1 8 -1 -1 8 1 8 1 1 1 1 1 -1 -1 -1 -1 
-1 1 1 1 2 -1 1 -1 -1 8 -1 -1 1 8 1 2 2 2 -1 -1 
-1 -1 1 1 1 -1 1 -1 -1 -1 -1 9 9 8 1 1 2 -1 2 -1 
-1 -1 -1 1 1 1 -1 -1 -1 -1 9 9 9 -1 1 1 1 -1 -1 -1 
-1 -1 -1 -1 -1 -1 -1 -1 -1 -1 9 9 -1 -1 -1 -1 -1 -1 -1 -1 
-1 -1 -1 -1 -1 -1 -1 -1 -1 4 9 -1 -1 -1 -1 -1 -1 -1 4 4 
-1 -1 -1 1 -1 -1 -1 -1 -1 1 4 4 -1 4 4 -1 -1 -1 4 -1 
8 -1 1 1 -1 -1 -1 -1 -1 1 4 4 4 4 4 2 -1 4 4 8 
-1 2 -1 -1 -1 -1 -1 -1 -1 -1 -1 -1 -1 -1 2 2 2 -1 -1 -1 
2 2 -1 -1 -1 -1 -1 -1 -1 -1 -1 -1 -1 -1 -1 2 2 -1 -1 -1 
2 -1 -1 -1 -1 -1 -1 -1 -1 -1 -1 -1 -1 -1 2 2 2 -1 -1 -1 
2 -1 -1 -1 -1 -1 -1 -1 -1 -1 -1 -1 -1 2 2 -1 2 -1 -1 2 
1 -1 1 1 -1 -1 -1 -1 -1 -1 -1 -1 -1 -1 2 -1 -1 2 -1 -1 
1 1 -1 1 -1 -1 -1 -1 -1 -1 -1 -1 -1 2 -1 -1 2 -1 -1 1 
-1 1 -1 -1 -1 -1 -1 -1 -1 -1 -1 4 -1 -1 -1 -1 -1 -1 -1 1 
-1 -1 -1 -1 -1 -1 -1 -1 -1 -1 -1 8 -1 -1 -1 -1 -1 -1 1 -1 
-1 -1 -1 -1 -1 -1 -1 -1 -1 -1 -1 -1 8 8 -1 -1 -1 -1 -1 -1 
-1 -1 -1 -1 -1 1 -1 -1 -1 -1 -1 -1 8 -1 -1 -1 -1 -1 -1 -1 
-1 -1 -1 -1 -1 -1 1 -1 -1 -1 -1 -1 -1 -1 -1 -1 -1 -1 -1 -1 
-1 -1 -1 -1 -1 -1 -1 -1 -1 -1 -1 -1 -1 -1 -1 -1 -1 -1 -1 -1 
-1 -1 -1 -1 -1 -1 -1 -1 -1 -1 -1 -1 -1 -1 -1 2 2 -1 -1 -1 
-1 2 2 2 -1 -1 -1 -1 2 -1 -1 -1 -1 2 -1 2 2 -1 -1 -1 
-1 -1 2 2 2 2 -1 2 2 -1 -1 -1 -1 -1 2 2 -1 -1 -1 -1 
-1 2 2 2 2 -1 -1 -1 -1 -1 -1 -1 -1 -1 -1 -1 -1 -1 -1 -1 
2 -1 -1 2 -1 -1 -1 -1 -1 -1 -1 -1 2 2 -1 -1 -1 -1 -1 -1 
-1 -1 -1 2 -1 -1 -1 -1 -1 -1 -1 -1 -1 -1 -1 -1 -1 -1 -1 -1 
-1 -1 -1 -1 -1 -1 -1 -1 -1 -1 -1 -1 -1 -1 -1 -1 -1 -1 -1 -1 
-1 -1 -1 -1 -1 -1 -1 -1 -1 -1 -1 -1 -1 -1 2 -1 -1 -1 -1 -1 
4 4 -1 2 -1 -1 -1 -1 -1 -1 4 4 4 1 1 1 1 4 4 -1 
2 2 2 2 -1 -1 -1 -1 -1 8 -1 4 1 1 1 1 -1 -1 -1 4 
-1 -1 2 2 -1 8 -1 8 -1 8 1 1 1 1 1 1 -1 1 -1 -1 
-1 -1 8 8 8 8 8 8 8 1 -1 1 2 1 1 -1 1 -1 -1 -1 
-1 8 8 -1 8 8 8 8 8 8 8 2 -1 1 -1 1 -1 -1 -1 -1 
-1 8 8 8 8 -1 8 8 8 8 -1 8 -1 -1 -1 -1 -1 -1 -1 -1 
-1 -1 -1 -1 8 8 8 8 8 1 8 -1 -1 -1 -1 -1 -1 4 -1 -1 
-1 -1 -1 -1 8 8 8 -1 8 1 -1 -1 -1 1 -1 -1 -1 -1 -1 -1 
-1 -1 -1 -1 -1 8 8 8 1 8 -1 1 1 1 -1 -1 -1 -1 4 -1 
2 2 -1 -1 8 8 -1 -1 1 1 1 -1 1 -1 -1 -1 -1 4 -1 -1 
-1 2 2 -1 -1 -1 -1 -1 -1 -1 1 1 -1 -1 -1 -1 -1 -1 -1 -1 
-1 -1 -1 -1 -1 -1 -1 -1 -1 -1 -1 -1 -1 -1 -1 1 -1 -1 -1 -1 
-1 -1 -1 -1 -1 -1 -1 -1 -1 -1 -1 -1 -1 -1 -1 1 1 1 1 -1 
-1 -1 -1 -1 -1 -1 -1 2 -1 -1 -1 -1 -1 -1 1 1 1 1 -1 -1 
-1 -1 2 -1 -1 -1 -1 -1 2 -1 2 -1 -1 1 1 1 1 -1 -1 -1 
-1 -1 2 2 2 -1 -1 -1 2 2 2 -1 -1 -1 1 1 -1 -1 -1 -1 
-1 -1 2 2 2 -1 -1 -1 -1 -1 2 4 -1 -1 -1 -1 -1 4 -1 -1 
-1 2 -1 -1 2 -1 -1 -1 -1 -1 -1 -1 4 -1 -1 -1 -1 4 4 4 
-1 4 -1 -1 2 -1 -1 -1 -1 -1 -1 4 4 4 1 -1 -1 -1 4 4 
4 4 -1 -1 -1 -1 -1 -1 -1 -1 -1 -1 -1 1 1 1 1 -1 4 4 
4 4 4 4 4 1 2 2 4 1 4 -1 4 1 4 4 4 -1 4 4 
8 8 8 4 4 1 2 4 4 4 1 1 4 4 -1 4 4 4 4 8 
2 2 8 4 4 4 2 2 2 2 4 4 4 -1 4 4 4 4 4 8 
4 -1 1 4 8 4 4 -1 4 4 4 4 4 4 4 4 4 4 4 4 
4 4 -1 4 4 1 4 2 2 4 4 4 -1 4 4 4 4 4 4 -1 
4 4 4 4 1 4 -1 4 4 4 4 4 4 4 4 4 4 4 4 4 
4 4 -1 -1 1 1 4 1 2 4 4 4 4 4 4 4 4 4 4 4 
4 4 4 -1 1 1 4 4 1 4 4 4 4 4 4 4 4 4 4 4 
4 4 4 4 1 -1 1 4 4 4 4 4 4 4 4 4 4 4 4 4 
-1 4 4 4 4 1 -1 1 4 4 4 4 -1 4 4 4 4 -1 4 4 
4 4 -1 4 -1 1 1 -1 1 4 4 4 4 4 4 4 4 4 4 4 
4 4 4 4 4 -1 -1 -1 -1 1 4 4 -1 -1 -1 -1 4 4 4 4 
4 4 4 4 5 1 1 1 -1 -1 4 4 -1 4 4 4 4 4 -1 4 
4 4 4 5 5 1 1 -1 4 4 4 4 4 4 4 4 4 8 4 4 
4 -1 4 4 -1 4 1 4 4 4 4 4 4 4 -1 -1 4 4 4 4 
-1 -1 4 -1 4 -1 4 4 -1 4 4 4 4 4 4 4 4 4 4 -1 
-1 -1 -1 -1 4 4 4 4 4 4 4 4 4 4 4 4 -1 4 -1 8 
8 -1 -1 4 -1 4 4 4 4 4 -1 4 4 4 4 -1 4 -1 8 8 
4 8 -1 4 4 4 1 4 4 -1 -1 4 4 4 -1 -1 -1 -1 8 -1 
4 8 -1 -1 4 1 1 4 1 1 1 4 4 4 1 4 4 8 -1 4 
-1 -1 4 -1 4 4 -1 4 4 -1 6 1 1 6 6 -1 -1 -1 -1 -1 
-1 -1 -1 4 4 4 4 4 -1 -1 -1 6 1 6 6 -1 -1 -1 2 -1 
-1 -1 4 -1 8 4 4 4 8 4 -1 4 6 4 6 6 6 -1 -1 2 
-1 -1 -1 -1 4 4 4 4 4 4 4 -1 4 6 4 4 6 -1 -1 -1 
-1 -1 -1 4 8 2 2 4 4 4 4 8 4 4 1 4 4 -1 4 4 
-1 -1 8 8 2 2 8 8 8 -1 -1 4 -1 -1 4 4 -1 8 -1 -1 
-1 -1 -1 4 -1 1 1 8 8 8 4 4 4 -1 4 -1 -1 -1 -1 -1 
-1 -1 4 4 4 4 4 1 8 8 8 8 4 1 1 -1 -1 1 1 1 
1 4 4 4 4 4 -1 -1 -1 1 1 -1 1 -1 -1 -1 -1 -1 1 1 
1 1 -1 -1 4 -1 -1 -1 8 1 1 1 1 -1 -1 -1 -1 -1 1 1 
-1 -1 -1 -1 -1 -1 -1 8 8 4 1 1 1 -1 -1 -1 -1 -1 -1 1 
-1 4 -1 -1 -1 -1 -1 8 8 4 4 4 1 -1 -1 -1 -1 -1 -1 -1 
4 4 -1 -1 -1 -1 -1 -1 8 4 1 1 1 1 -1 -1 -1 -1 -1 -1 
1 -1 -1 -1 -1 -1 -1 -1 -1 4 -1 1 4 1 -1 -1 -1 4 2 -1 
-1 1 -1 -1 -1 -1 -1 4 4 -1 4 4 4 -1 8 -1 -1 -1 -1 -1 
1 -1 -1 -1 -1 -1 -1 4 -1 -1 -1 4 -1 4 4 -1 -1 -1 -1 -1 
-1 -1 -1 -1 -1 -1 -1 1 -1 -1 -1 -1 -1 4 -1 -1 -1 -1 -1 -1 
-1 -1 -1 -1 -1 -1 -1 1 -1 -1 -1 -1 -1 -1 -1 -1 -1 -1 -1 -1 
-1 -1 -1 -1 -1 -1 1 -1 1 -1 -1 1 -1 -1 -1 -1 -1 -1 -1 -1 
-1 -1 4 4 -1 -1 4 -1 -1 1 1 1 -1 -1 -1 -1 6 -1 -1 -1 
2 2 6 6 6 6 6 6 2 2 -1 2 2 2 2 2 4 2 4 2 
2 40 -1 6 6 6 6 6 6 2 2 2 8 8 -1 -1 2 -1 4 4 
40 2 -1 -1 6 6 -1 6 6 2 2 -1 2 4 -1 -1 2 2 4 4 
2 4 2 4 6 6 6 -1 -1 2 -1 2 -1 -1 4 4 4 4 4 4 
4 4 4 6 4 6 6 6 -1 -1 -1 -1 -1 -1 4 4 4 2 4 4 
2 4 4 4 -1 -1 6 -1 -1 -1 -1 2 -1 -1 -1 4 2 2 4 4 
2 4 4 4 4 6 -1 -1 -1 -1 2 -1 -1 -1 -1 4 4 -1 -1 32 
2 4 4 4 -1 2 2 2 2 -1 -1 -1 -1 4 4 4 4 4 -1 32 
2 4 -1 4 -1 -1 4 4 1 -1 -1 2 -1 -1 4 4 4 -1 32 2 
2 4 4 4 4 4 4 2 1 -1 -1 2 2 2 2 32 4 32 32 2 
1 2 4 4 4 4 4 4 2 -1 -1 32 32 2 32 8 32 1 1 32 
2 1 4 4 4 6 4 4 2 -1 -1 32 32 32 8 8 32 1 1 1 
1 -1 4 4 4 4 4 4 6 -1 2 -1 32 32 4 8 32 32 1 1 
4 4 -1 4 4 4 4 4 -1 -1 2 32 32 -1 32 32 32 32 32 32 
4 4 4 4 4 4 4 4 4 4 2 32 32 32 -1 32 32 32 32 4 
4 4 -1 4 4 4 4 4 -1 2 -1 32 4 4 -1 -1 32 32 32 8 
8 -1 4 -1 4 4 -1 4 2 4 4 4 4 -1 -1 32 32 32 8 8 
8 -1 -1 4 4 4 4 4 2 2 4 4 4 -1 4 4 4 6 8 8 
8 -1 -1 6 6 6 -1 4 2 -1 2 2 -1 -1 4 4 4 2 2 6 
8 -1 6 6 6 6 6 -1 2 2 2 2 2 2 4 4 4 4 2 4 
-1 4 -1 1 8 8 8 -1 4 8 4 4 8 8 1 1 8 8 -1 -1 
1 1 4 1 8 -1 8 8 -1 8 4 8 8 8 1 -1 -1 8 -1 -1 
1 4 4 8 8 32 8 8 8 -1 -1 -1 8 4 8 -1 -1 1 8 1 
-1 4 8 8 32 8 8 8 4 4 -1 8 8 4 1 8 1 1 1 1 
-1 -1 4 8 8 8 2 8 8 -1 -1 -1 8 4 4 1 2 1 2 -1 
4 4 8 8 8 2 8 -1 4 4 8 -1 4 4 4 1 1 1 8 8 
4 4 8 8 8 8 8 -1 4 4 4 4 4 -1 -1 8 1 -1 8 8 
2 8 2 2 8 8 2 2 4 4 4 4 4 1 1 1 8 8 8 2 
8 -1 -1 8 3 4 -1 2 2 4 4 4 4 1 1 2 2 8 2 1 
-1 -1 2 2 8 3 3 2 -1 4 2 8 8 2 2 2 2 -1 -1 -1 
-1 3 3 2 8 8 -1 2 4 -1 4 8 8 2 2 2 2 2 -1 -1 
-1 3 -1 3 4 -1 8 8 2 -1 8 -1 8 2 -1 -1 -1 -1 -1 -1 
3 -1 -1 -1 4 -1 8 8 -1 8 -1 8 -1 -1 -1 -1 -1 -1 -1 -1 
-1 -1 -1 -1 -1 -1 2 -1 8 -1 8 8 -1 -1 -1 -1 1 -1 -1 -1 
-1 -1 -1 -1 2 2 8 -1 8 8 -1 -1 4 -1 -1 1 -1 1 -1 -1 
-1 -1 -1 -1 2 -1 8 -1 8 8 8 4 4 4 -1 -1 -1 -1 -1 -1 
1 6 -1 -1 2 4 8 -1 -1 8 8 -1 4 4 8 -1 -1 -1 -1 -1 
8 8 6 -1 4 8 8 8 8 8 8 -1 -1 -1 8 -1 8 -1 -1 -1 
-1 -1 -1 6 -1 -1 8 8 8 8 -1 8 4 8 8 8 8 8 -1 -1 
-1 -1 1 1 1 8 -1 -1 4 8 4 -1 4 8 8 -1 -1 8 8 -1 
-1 -1 -1 4 8 8 -1 -1 8 -1 1 1 1 1 1 1 -1 -1 -1 -1 
-1 -1 4 -1 -1 1 1 1 1 8 1 -1 1 -1 4 4 -1 -1 -1 -1 
-1 4 -1 -1 -1 1 1 1 1 1 8 -1 -1 4 4 4 4 2 4 -1 
4 4 -1 -1 -1 1 -1 1 1 1 1 1 2 -1 4 4 2 4 4 -1 
-1 -1 4 -1 -1 -1 1 1 1 1 -1 1 2 2 2 2 4 4 4 -1 
-1 -1 -1 -1 -1 -1 -1 1 1 -1 1 1 1 2 2 2 -1 4 -1 -1 
-1 -1 2 2 -1 -1 -1 1 1 4 -1 1 2 2 4 2 2 -1 -1 -1 
-1 -1 2 2 2 -1 -1 -1 -1 -1 -1 -1 4 -1 2 4 2 -1 -1 -1 
-1 -1 2 2 2 2 -1 -1 1 -1 -1 -1 4 4 4 4 4 2 -1 -1 
-1 2 -1 2 2 2 -1 -1 1 -1 -1 4 -1 -1 -1 1 1 2 8 8 
8 -1 2 2 2 -1 -1 -1 -1 -1 -1 -1 -1 -1 -1 4 4 8 8 8 
8 8 8 4 8 8 8 8 -1 -1 -1 -1 -1 4 4 4 -1 8 8 8 
8 8 8 4 8 8 1 8 -1 -1 4 -1 -1 -1 4 4 -1 8 8 8 
8 8 8 8 8 8 -1 1 -1 -1 4 4 4 1 1 4 4 4 8 8 
4 8 8 8 8 1 8 1 -1 -1 4 4 4 1 -1 -1 4 8 8 4 
8 4 4 8 8 8 1 1 -1 -1 4 4 -1 -1 -1 -1 4 4 8 4 
8 8 8 8 8 8 1 1 -1 -1 -1 -1 -1 -1 1 -1 8 -1 4 8 
8 8 8 8 8 8 -1 -1 -1 1 1 1 1 1 -1 1 1 1 -1 1 
-1 8 8 8 8 -1 -1 -1 -1 1 1 1 1 1 1 -1 -1 1 1 1 
-1 -1 8 8 8 -1 -1 -1 1 1 1 1 1 1 1 1 -1 -1 -1 -1 
-1 -1 2 4 4 4 -1 1 1 8 1 1 -1 4 4 4 -1 -1 -1 -1 
-1 4 -1 2 4 -1 -1 -1 -1 1 1 -1 -1 -1 4 -1 -1 -1 -1 -1 
-1 2 2 4 2 4 4 -1 -1 -1 -1 -1 -1 -1 -1 4 4 -1 -1 -1 
2 -1 4 4 4 -1 -1 -1 -1 4 -1 -1 -1 -1 -1 4 4 4 -1 -1 
2 2 4 4 -1 4 -1 -1 -1 4 -1 -1 4 4 4 -1 4 4 -1 -1 
2 4 -1 4 -1 -1 -1 -1 1 -1 -1 -1 4 4 -1 4 4 4 4 2 
-1 4 4 4 -1 -1 -1 -1 -1 1 -1 -1 -1 -1 -1 4 4 1 4 4 
4 4 4 4 -1 -1 -1 -1 -1 -1 -1 -1 -1 1 4 4 4 4 -1 4 
4 4 4 -1 -1 -1 -1 -1 -1 -1 -1 1 1 -1 4 4 1 1 1 4 
-1 4 4 -1 -1 -1 -1 -1 -1 -1 1 1 -1 -1 4 4 1 -1 4 -1 
-1 4 4 -1 -1 32 -1 -1 -1 -1 1 1 1 1 1 1 1 4 4 -1 
4 -1 -1 -1 -1 -1 -1 -1 -1 4 1 4 1 1 1 1 1 1 1 4 
1 -1 -1 -1 -1 1 -1 -1 4 1 -1 4 -1 1 -1 -1 1 -1 -1 1 
-1 -1 -1 -1 -1 1 1 -1 1 1 1 -1 -1 -1 -1 -1 1 1 1 1 
-1 -1 -1 -1 -1 1 1 1 -1 -1 -1 -1 -1 -1 -1 1 -1 1 1 1 
4 4 -1 -1 -1 -1 1 -1 -1 1 4 -1 -1 -1 -1 1 1 1 -1 4 
4 4 4 4 1 -1 1 1 1 1 1 -1 -1 4 -1 -1 -1 -1 1 4 
4 4 4 -1 -1 4 1 4 1 1 1 1 1 4 -1 -1 4 1 -1 -1 
4 4 -1 -1 4 4 4 1 1 1 8 1 1 1 4 4 -1 -1 -1 -1 
-1 4 -1 4 -1 4 1 1 8 8 1 1 4 4 4 4 -1 -1 -1 -1 
2 -1 -1 -1 -1 1 1 -1 -1 -1 4 -1 4 4 4 4 4 -1 -1 -1 
-1 -1 1 1 -1 -1 1 -1 -1 -1 -1 -1 -1 -1 -1 4 4 -1 -1 -1 
-1 -1 1 1 -1 -1 -1 1 -1 -1 -1 -1 -1 -1 -1 4 -1 -1 -1 -1 
-1 -1 -1 1 1 1 1 1 -1 -1 -1 -1 -1 -1 -1 -1 -1 -1 1 -1 
-1 -1 1 1 1 1 -1 -1 -1 -1 -1 -1 -1 -1 1 -1 -1 -1 1 -1 
-1 -1 1 1 1 1 1 -1 -1 -1 -1 -1 1 1 1 1 1 -1 -1 -1 
-1 -1 -1 1 1 1 1 1 -1 -1 -1 -1 -1 -1 1 1 -1 1 -1 -1 
-1 1 -1 1 1 1 1 -1 1 -1 -1 -1 -1 1 1 1 1 -1 -1 -1 
1 1 -1 1 1 1 1 1 1 -1 -1 -1 8 1 1 1 1 1 -1 1 
1 1 1 1 4 1 4 1 -1 -1 -1 8 1 1 1 1 1 -1 -1 -1 
1 1 4 1 -1 4 4 4 -1 -1 -1 -1 1 -1 -1 -1 1 1 1 1 
-1 -1 4 1 -1 -1 4 4 4 2 2 1 -1 -1 2 -1 -1 1 -1 1 
1 -1 -1 -1 -1 1 1 1 1 2 2 1 2 -1 2 2 -1 1 -1 -1 
-1 -1 -1 1 1 1 1 4 -1 -1 2 2 -1 2 2 2 2 2 2 -1 
2 -1 1 1 1 1 4 1 -1 -1 -1 -1 2 2 2 4 4 -1 -1 2 
2 -1 1 1 1 1 1 1 -1 -1 -1 4 4 4 2 2 4 -1 2 2 
1 -1 -1 1 4 -1 1 8 1 1 4 4 4 4 4 4 -1 -1 -1 2 
-1 2 4 -1 -1 -1 -1 -1 -1 -1 4 4 4 4 4 4 -1 -1 -1 2 
2 -1 -1 -1 -1 -1 -1 -1 -1 1 4 4 4 4 -1 4 -1 -1 2 2 
2 2 -1 -1 1 1 -1 -1 1 1 4 -1 4 4 4 4 2 2 -1 -1 
-1 -1 -1 -1 4 4 -1 4 2 2 -1 1 -1 -1 -1 -1 -1 -1 2 2 
-1 -1 -1 -1 1 8 -1 2 4 2 1 1 -1 -1 1 -1 -1 2 2 -1 
-1 -1 -1 2 -1 8 8 -1 4 -1 -1 4 4 4 -1 -1 4 -1 2 -1 
-1 -1 -1 2 2 -1 1 -1 4 4 4 4 4 -1 -1 1 4 2 -1 2 
-1 -1 2 -1 -1 -1 -1 -1 -1 -1 4 4 4 4 1 1 4 -1 4 -1 
8 2 -1 -1 -1 -1 -1 -1 -1 -1 -1 -1 4 1 1 -1 1 4 4 4 
8 -1 8 -1 -1 -1 -1 -1 -1 8 8 8 8 8 -1 -1 1 -1 -1 -1 
8 8 8 1 1 -1 -1 -1 -1 8 8 8 8 8 8 8 -1 -1 -1 -1 
-1 -1 8 1 1 1 -1 -1 -1 8 8 8 8 8 8 8 -1 -1 8 -1 
-1 1 1 1 -1 -1 -1 8 8 8 8 -1 32 8 1 8 8 8 8 8 
-1 1 8 8 -1 -1 1 -1 1 8 8 32 -1 -1 8 1 8 8 -1 -1 
-1 8 8 -1 -1 -1 2 1 -1 8 1 1 1 -1 1 1 -1 8 -1 -1 
-1 8 -1 8 8 -1 2 2 2 -1 1 1 8 1 1 1 8 -1 -1 -1 
8 8 8 -1 -1 8 2 2 2 2 1 1 -1 -1 8 8 8 -1 8 8 
8 8 8 8 8 -1 2 -1 2 2 -1 4 4 1 8 8 1 8 -1 8 
-1 -1 8 8 -1 -1 1 2 2 -1 -1 -1 -1 4 8 8 8 -1 4 -1 
-1 8 8 -1 -1 2 2 1 2 2 -1 -1 -1 4 8 8 8 -1 -1 -1 
-1 8 -1 2 1 -1 -1 1 1 2 -1 -1 -1 8 4 8 1 8 8 8 
-1 8 2 8 2 -1 4 1 2 4 2 -1 -1 8 8 8 8 5 -1 -1 
-1 -1 2 8 -1 4 4 4 4 2 2 -1 -1 8 1 1 8 2 2 -1 
4 4 4 4 4 4 4 -1 -1 -1 -1 -1 -1 -1 1 2 2 2 4 4 
4 4 1 1 4 4 4 -1 -1 -1 -1 -1 -1 -1 1 1 2 2 2 2 
-1 -1 -1 1 4 4 -1 -1 -1 -1 -1 1 -1 1 -1 -1 -1 1 2 2 
4 4 1 1 1 -1 -1 -1 -1 -1 -1 -1 1 1 -1 -1 1 2 -1 -1 
4 1 1 1 1 1 -1 -1 -1 -1 -1 -1 -1 -1 -1 1 1 1 1 4 
1 1 1 1 1 -1 -1 -1 -1 -1 -1 -1 1 -1 -1 -1 -1 -1 1 4 
1 1 1 1 -1 1 -1 -1 -1 1 -1 1 -1 -1 -1 -1 -1 -1 -1 1 
1 -1 -1 -1 1 -1 -1 -1 2 -1 -1 1 -1 -1 2 2 -1 -1 -1 1 
-1 1 1 -1 1 1 4 -1 -1 2 -1 -1 -1 -1 -1 -1 -1 -1 -1 1 
1 1 -1 1 1 1 1 -1 4 -1 -1 -1 -1 -1 -1 -1 -1 -1 4 1 
1 1 1 1 -1 -1 1 -1 -1 4 -1 -1 -1 -1 -1 -1 -1 4 4 4 
4 -1 -1 1 1 -1 -1 -1 -1 -1 -1 -1 -1 -1 1 1 1 1 -1 4 
-1 1 1 -1 1 -1 -1 -1 -1 -1 -1 -1 1 -1 -1 1 1 1 1 1 
1 1 8 -1 -1 -1 -1 1 1 -1 1 1 1 1 1 -1 1 -1 1 -1 
-1 -1 -1 1 -1 -1 -1 1 -1 1 -1 1 1 -1 1 1 -1 1 1 1 
-1 -1 -1 1 1 -1 -1 -1 -1 1 2 1 -1 1 -1 -1 -1 -1 -1 -1 
-1 1 1 1 -1 -1 -1 -1 2 2 2 2 2 -1 -1 -1 -1 -1 -1 -1 
1 1 1 1 -1 4 -1 -1 -1 -1 -1 2 2 -1 -1 -1 -1 8 -1 -1 
1 1 -1 -1 -1 -1 4 -1 -1 -1 -1 2 2 -1 -1 2 -1 2 2 -1 
1 1 1 4 -1 4 4 -1 -1 -1 -1 -1 4 -1 -1 2 2 -1 4 4 
-1 -1 -1 -1 -1 -1 -1 -1 -1 -1 -1 8 8 -1 1 8 8 8 -1 -1 
-1 -1 -1 -1 -1 -1 -1 -1 -1 -1 8 -1 8 8 8 2 8 -1 4 -1 
1 -1 -1 -1 -1 -1 -1 -1 -1 8 -1 8 8 8 8 8 8 2 -1 1 
-1 -1 -1 -1 -1 -1 -1 -1 -1 8 -1 8 8 8 8 8 8 1 1 -1 
-1 -1 -1 -1 -1 -1 -1 -1 -1 8 8 8 8 8 -1 8 1 2 2 -1 
-1 -1 -1 -1 -1 -1 -1 -1 8 8 8 8 8 8 8 8 8 2 -1 -1 
-1 -1 -1 -1 2 -1 -1 -1 -1 -1 8 8 8 8 8 8 -1 -1 -1 -1 
2 -1 -1 2 2 -1 -1 8 -1 2 8 8 8 8 -1 4 -1 4 -1 -1 
2 2 2 2 -1 -1 -1 -1 2 2 2 2 8 8 8 -1 4 -1 -1 4 
2 2 2 -1 -1 -1 8 8 -1 8 9 9 8 8 -1 -1 4 4 4 2 
2 2 2 -1 -1 8 8 8 8 8 8 2 8 8 8 4 -1 4 4 -1 
2 2 2 -1 -1 -1 8 8 2 8 8 8 8 8 8 4 4 4 -1 -1 
2 2 2 -1 -1 8 -1 8 2 2 8 8 8 8 4 8 -1 4 -1 -1 
-1 2 -1 -1 8 8 -1 8 8 8 8 8 8 8 -1 8 8 2 -1 2 
-1 -1 1 1 -1 -1 -1 -1 8 8 8 8 4 4 4 1 1 -1 2 -1 
-1 -1 -1 -1 -1 -1 -1 -1 1 1 1 8 4 4 4 1 1 1 1 2 
-1 -1 -1 -1 -1 -1 -1 -1 1 1 -1 8 4 4 4 -1 1 1 1 -1 
-1 -1 -1 -1 -1 -1 -1 -1 -1 -1 8 8 4 4 4 4 4 1 -1 -1 
-1 -1 -1 -1 -1 -1 -1 -1 -1 -1 8 8 -1 -1 4 4 4 1 -1 -1 
-1 -1 -1 -1 -1 -1 -1 -1 -1 -1 8 8 8 8 8 4 -1 8 -1 -1 
-1 -1 -1 -1 1 -1 -1 -1 -1 -1 -1 -1 -1 -1 -1 -1 -1 -1 -1 -1 
4 1 1 1 1 4 1 -1 -1 -1 -1 -1 -1 -1 -1 -1 1 1 1 -1 
4 4 1 1 1 4 1 -1 -1 -1 -1 -1 -1 -1 -1 1 1 1 1 1 
1 1 4 4 1 4 4 -1 -1 -1 -1 -1 -1 -1 -1 -1 1 1 1 1 
4 4 32 4 4 4 -1 -1 -1 -1 -1 -1 -1 -1 -1 -1 4 1 1 1 
4 4 4 32 4 4 -1 -1 -1 -1 -1 -1 -1 -1 -1 -1 -1 4 1 1 
-1 -1 -1 -1 4 -1 4 -1 2 -1 -1 -1 -1 -1 -1 8 8 -1 1 1 
1 1 -1 -1 4 4 -1 2 2 -1 -1 -1 -1 -1 -1 -1 8 8 -1 -1 
-1 -1 -1 2 4 4 4 2 2 -1 -1 4 -1 -1 -1 4 -1 8 8 -1 
2 -1 -1 4 2 -1 2 2 2 2 2 2 -1 -1 -1 8 8 -1 2 -1 
-1 -1 -1 -1 -1 -1 -1 2 -1 2 -1 -1 -1 -1 -1 4 -1 4 1 2 
-1 -1 -1 -1 -1 -1 -1 2 2 -1 -1 -1 -1 -1 -1 4 4 -1 2 -1 
-1 -1 4 8 -1 -1 -1 -1 2 -1 -1 -1 -1 -1 -1 -1 -1 -1 -1 8 
8 4 8 8 2 2 2 -1 -1 -1 -1 -1 -1 -1 -1 -1 -1 -1 -1 -1 
-1 1 1 8 2 2 2 -1 1 1 -1 -1 -1 -1 -1 -1 -1 -1 -1 -1 
-1 1 1 1 -1 -1 2 -1 -1 -1 -1 -1 -1 -1 -1 -1 -1 -1 -1 -1 
1 1 1 -1 -1 -1 2 -1 -1 -1 -1 -1 -1 -1 -1 -1 1 -1 -1 -1 
1 1 -1 -1 -1 -1 -1 -1 -1 -1 -1 -1 -1 -1 -1 1 1 1 -1 -1 
-1 1 1 1 -1 -1 -1 -1 -1 -1 -1 -1 -1 -1 1 -1 -1 -1 -1 1 
-1 1 1 -1 -1 -1 -1 -1 -1 -1 -1 -1 -1 1 -1 -1 -1 -1 1 -1 
-1 2 2 -1 -1 -1 8 8 8 8 -1 40 40 40 -1 -1 -1 -1 1 1 
-1 1 1 -1 -1 -1 8 -1 -1 8 -1 40 8 -1 -1 -1 -1 4 -1 1 
-1 1 1 -1 -1 -1 -1 -1 -1 -1 -1 -1 -1 -1 -1 -1 4 4 -1 4 
-1 1 1 -1 -1 -1 -1 -1 -1 -1 -1 -1 -1 -1 -1 -1 4 4 4 -1 
1 1 1 -1 -1 -1 -1 -1 -1 -1 -1 -1 -1 -1 -1 -1 -1 2 -1 -1 
-1 -1 -1 2 -1 -1 -1 -1 -1 -1 -1 -1 -1 -1 -1 -1 -1 -1 2 2 
2 2 2 -1 -1 -1 -1 -1 -1 -1 2 2 -1 -1 -1 -1 -1 -1 -1 -1 
2 2 -1 -1 -1 2 -1 2 -1 -1 2 2 2 -1 -1 1 1 1 1 -1 
1 -1 -1 2 2 -1 2 -1 4 2 2 2 2 -1 -1 1 1 1 1 2 
4 4 2 2 2 2 2 2 2 2 2 2 2 -1 1 -1 1 -1 1 -1 
-1 4 2 2 2 2 2 2 2 2 2 2 2 2 1 1 1 -1 -1 -1 
-1 2 2 2 2 2 2 2 2 2 2 2 2 -1 -1 -1 -1 -1 -1 -1 
-1 2 2 2 2 2 2 2 2 2 2 -1 2 2 -1 -1 -1 -1 -1 -1 
2 -1 -1 2 2 -1 9 9 2 2 8 2 -1 -1 -1 -1 -1 -1 -1 -1 
2 -1 -1 -1 -1 9 9 9 -1 -1 2 8 8 -1 -1 -1 -1 -1 -1 -1 
-1 -1 -1 -1 4 8 9 8 8 2 8 8 2 2 -1 -1 -1 -1 -1 -1 
-1 -1 8 8 8 -1 9 9 8 8 8 2 2 40 -1 -1 -1 -1 -1 -1 
-1 -1 -1 8 8 8 8 9 -1 8 1 2 40 40 -1 -1 -1 -1 -1 -1 
-1 -1 -1 -1 8 8 8 8 8 1 8 40 40 -1 -1 -1 -1 -1 -1 -1 
-1 -1 2 2 8 8 -1 8 8 8 1 40 40 -1 -1 -1 -1 -1 1 1 
-1 -1 -1 -1 -1 -1 -1 -1 -1 -1 1 1 1 1 4 4 4 4 2 -1 
-1 -1 -1 -1 -1 -1 -1 4 4 -1 1 2 1 1 1 4 4 1 1 -1 
-1 -1 -1 -1 -1 -1 -1 4 4 -1 2 2 4 1 1 8 4 4 1 -1 
8 -1 -1 -1 -1 -1 4 4 4 2 2 4 4 1 8 4 1 4 4 8 
8 8 -1 -1 -1 -1 -1 4 4 2 2 -1 2 2 2 4 4 4 8 8 
8 8 -1 -1 -1 -1 -1 4 4 2 2 2 2 2 1 4 8 8 4 8 
8 8 -1 -1 -1 -1 -1 2 2 2 2 2 2 2 1 4 8 -1 8 4 
-1 -1 -1 -1 1 -1 -1 2 2 4 4 -1 2 -1 4 -1 1 -1 8 -1 
-1 1 2 -1 -1 1 -1 2 4 4 4 2 2 2 -1 4 4 4 -1 -1 
-1 2 2 -1 1 1 -1 -1 4 4 4 4 2 2 4 -1 -1 4 -1 -1 
-1 -1 -1 -1 -1 1 -1 1 1 4 4 2 4 2 -1 -1 -1 4 -1 4 
-1 -1 -1 -1 -1 4 2 1 1 1 2 2 2 -1 4 -1 -1 4 4 -1 
-1 1 4 -1 4 4 -1 2 2 2 -1 -1 2 4 4 4 -1 -1 -1 1 
1 -1 4 4 4 4 2 4 2 -1 2 2 2 4 4 4 4 4 -1 -1 
-1 1 -1 -1 4 1 1 1 1 2 2 2 4 4 4 4 4 4 4 -1 
-1 -1 -1 -1 4 4 1 1 2 2 2 -1 4 -1 4 4 4 -1 -1 -1 
-1 -1 -1 -1 -1 -1 4 1 2 4 4 4 4 1 1 1 -1 -1 -1 -1 
-1 -1 -1 -1 -1 -1 4 4 4 4 4 4 1 1 1 1 4 4 4 -1 
-1 -1 -1 -1 -1 -1 -1 -1 -1 4 4 4 1 1 1 1 -1 4 -1 4 
-1 -1 -1 -1 -1 -1 -1 -1 -1 -1 -1 1 -1 1 1 1 4 -1 4 -1 
8 8 4 8 8 2 4 4 4 8 4 2 4 4 -1 -1 4 4 4 8 
4 8 8 8 4 2 2 4 2 2 -1 4 4 -1 -1 -1 2 4 4 8 
8 8 8 8 4 2 2 4 2 2 2 -1 -1 4 2 2 4 4 2 -1 
-1 4 4 4 4 2 -1 4 4 4 2 -1 1 1 -1 -1 4 2 2 -1 
4 4 4 4 2 -1 4 4 4 4 4 2 2 4 4 4 2 2 4 4 
4 4 4 2 4 4 4 4 4 4 2 2 -1 4 4 4 -1 -1 4 -1 
4 4 2 4 4 4 4 4 4 -1 2 2 4 4 4 -1 -1 -1 -1 -1 
4 4 4 4 2 4 4 -1 4 2 4 -1 4 4 4 -1 -1 -1 4 4 
4 -1 4 2 4 2 4 4 4 -1 4 4 -1 8 4 4 4 -1 -1 4 
-1 4 2 4 4 4 4 4 -1 -1 8 4 8 4 4 4 -1 -1 -1 -1 
4 4 4 4 4 4 4 4 -1 2 -1 8 4 8 4 -1 6 4 -1 -1 
4 4 4 4 -1 4 4 2 2 -1 2 4 8 8 -1 -1 4 6 4 -1 
-1 -1 4 4 4 2 2 4 4 2 -1 -1 4 8 4 4 4 4 -1 -1 
6 4 4 4 -1 4 4 4 -1 -1 2 -1 2 -1 -1 4 4 -1 -1 6 
6 6 6 4 4 4 4 -1 4 4 -1 -1 -1 -1 -1 -1 -1 -1 -1 6 
-1 -1 6 4 4 4 -1 -1 4 4 4 -1 -1 -1 4 -1 -1 -1 2 6 
-1 -1 6 6 6 8 8 4 4 -1 -1 -1 -1 -1 -1 4 2 -1 -1 -1 
-1 8 8 1 8 8 8 8 4 -1 4 -1 4 -1 -1 4 4 -1 -1 -1 
-1 8 1 8 8 8 8 4 4 4 4 4 4 -1 -1 4 4 -1 -1 -1 
8 8 8 4 8 8 4 4 8 4 4 2 4 4 -1 4 4 4 -1 8 
1 -1 2 2 2 8 2 2 1 1 1 1 -1 1 1 1 1 1 1 2 
1 -1 2 2 2 -1 2 2 2 2 -1 1 1 2 2 1 1 1 1 1 
1 1 -1 -1 2 2 2 2 2 2 -1 1 1 2 -1 1 1 1 1 1 
1 1 -1 2 2 2 2 2 2 -1 -1 1 1 1 1 1 1 1 2 1 
1 -1 -1 -1 2 2 2 2 -1 -1 -1 -1 -1 -1 -1 -1 1 1 2 1 
1 1 -1 -1 2 -1 -1 -1 -1 -1 -1 -1 -1 -1 1 1 1 1 1 1 
1 40 32 2 -1 2 -1 -1 -1 -1 -1 1 1 -1 1 1 1 1 2 -1 
-1 32 32 2 2 -1 2 4 1 1 1 1 1 -1 1 1 1 1 -1 -1 
32 32 2 2 2 2 4 2 1 1 1 1 1 -1 -1 1 1 1 2 32 
32 32 32 2 2 2 2 2 1 1 1 1 1 1 8 1 1 4 32 32 
32 32 32 2 2 2 1 1 1 1 1 -1 1 1 1 1 1 4 4 32 
32 32 2 2 32 2 1 1 1 1 1 -1 -1 -1 1 1 1 1 -1 -1 
6 32 32 32 32 32 4 2 -1 -1 1 1 1 -1 1 -1 -1 1 -1 -1 
32 32 40 32 32 32 2 2 2 4 1 1 -1 1 -1 -1 -1 -1 1 4 
32 32 40 40 32 32 1 -1 -1 4 4 1 -1 -1 -1 -1 -1 -1 1 32 
1 40 40 4 1 1 32 -1 -1 -1 -1 -1 4 -1 -1 4 1 1 -1 -1 
32 32 32 4 1 1 4 -1 -1 -1 4 4 4 4 4 4 4 -1 -1 1 
40 40 32 32 4 4 2 -1 -1 -1 4 4 -1 4 -1 -1 4 -1 32 32 
32 32 32 4 4 -1 2 2 2 -1 4 -1 -1 -1 4 2 2 -1 -1 32 
32 32 32 4 2 2 2 2 2 1 -1 -1 -1 -1 1 1 1 1 1 2 
1 -1 2 1 2 2 1 1 4 -1 -1 4 2 1 -1 4 1 1 1 1 
-1 -1 1 -1 -1 -1 -1 2 2 2 -1 2 -1 4 4 4 8 1 1 -1 
1 1 -1 -1 -1 -1 -1 -1 -1 2 2 -1 -1 4 4 4 8 1 1 -1 
-1 1 1 -1 -1 -1 -1 -1 -1 -1 2 2 -1 -1 4 8 8 -1 1 1 
4 8 8 -1 -1 -1 -1 -1 -1 -1 2 2 2 2 8 -1 4 1 -1 4 
1 8 8 -1 -1 -1 -1 4 1 1 1 6 -1 8 -1 1 1 4 4 4 
4 1 4 -1 -1 2 2 4 2 2 -1 6 6 -1 -1 -1 1 -1 1 4 
1 1 4 -1 -1 -1 2 2 4 2 2 -1 -1 -1 -1 1 2 -1 9 1 
9 9 9 -1 -1 -1 2 2 2 4 -1 -1 4 -1 -1 2 9 9 1 1 
1 9 9 -1 -1 4 -1 2 2 4 4 -1 4 4 4 2 2 -1 -1 1 
9 9 8 -1 8 -1 4 2 4 -1 4 -1 -1 4 2 2 2 -1 1 1 
9 -1 8 8 -1 4 -1 4 -1 -1 -1 4 4 -1 -1 2 2 -1 9 9 
-1 -1 -1 -1 -1 -1 -1 -1 4 -1 -1 -1 -1 -1 2 4 4 4 -1 9 
4 4 -1 -1 4 4 4 -1 -1 -1 -1 1 1 -1 -1 4 4 -1 -1 -1 
-1 4 -1 -1 -1 -1 4 1 1 4 -1 -1 -1 1 4 4 -1 -1 -1 -1 
1 1 4 -1 -1 1 1 1 4 4 4 -1 2 2 4 -1 -1 -1 -1 -1 
4 -1 -1 -1 -1 -1 -1 -1 4 4 4 4 4 -1 -1 4 4 4 -1 -1 
4 4 -1 -1 -1 -1 2 -1 -1 -1 4 4 4 -1 4 1 -1 -1 -1 -1 
-1 4 -1 -1 2 2 -1 2 -1 1 -1 -1 4 4 -1 1 1 1 -1 4 
-1 -1 -1 2 2 2 2 1 1 -1 4 -1 4 1 1 1 -1 1 1 1 
4 4 -1 1 1 1 1 1 -1 1 4 1 1 1 1 4 4 4 -1 -1 
-1 -1 1 1 -1 5 1 1 -1 1 4 1 -1 1 -1 -1 4 -1 4 -1 
1 1 1 1 -1 1 1 1 1 1 1 4 -1 -1 -1 4 4 -1 -1 -1 
4 4 1 1 1 1 -1 -1 1 1 -1 -1 -1 -1 -1 4 4 -1 -1 -1 
4 4 1 9 1 1 1 -1 1 1 1 4 -1 -1 -1 -1 -1 4 4 4 
4 -1 4 9 9 8 4 4 4 1 4 -1 4 -1 -1 4 4 4 -1 -1 
-1 4 8 9 9 1 9 8 4 4 -1 -1 4 4 4 -1 4 4 -1 -1 
4 4 8 8 1 9 2 8 4 4 4 -1 4 2 -1 4 4 4 -1 -1 
4 4 8 -1 8 8 8 2 2 2 2 5 2 2 2 4 4 4 -1 -1 
5 9 8 9 9 8 4 2 4 2 4 2 5 -1 4 4 4 9 9 4 
9 8 9 9 8 4 4 4 2 4 4 -1 4 4 -1 4 4 4 9 4 
8 9 9 9 1 1 4 4 4 4 4 4 -1 4 4 4 4 4 32 8 
32 8 32 8 1 1 5 5 1 4 4 4 -1 4 4 4 4 4 32 4 
32 32 8 2 -1 -1 4 4 4 4 -1 4 -1 4 4 -1 4 32 5 33 
1 8 5 5 2 -1 4 4 4 4 4 -1 4 5 4 4 -1 4 2 4 
1 8 1 -1 -1 -1 1 -1 -1 4 -1 1 5 -1 -1 4 -1 4 33 2 
-1 1 -1 -1 -1 -1 -1 -1 -1 -1 4 1 4 4 4 -1 -1 4 -1 -1 
1 1 1 1 1 -1 1 -1 -1 4 4 -1 -1 -1 -1 1 1 4 -1 -1 
-1 4 1 1 1 1 1 1 4 4 -1 1 -1 1 1 1 -1 1 -1 -1 
-1 4 4 1 1 1 1 1 1 1 4 1 1 1 1 1 1 -1 -1 -1 
4 4 4 4 -1 -1 4 -1 1 -1 -1 -1 -1 -1 4 -1 4 4 4 1 
4 4 4 4 -1 -1 -1 -1 -1 -1 -1 -1 -1 -1 -1 4 4 4 4 -1 
4 4 4 4 4 -1 -1 -1 -1 -1 -1 -1 -1 -1 4 4 4 4 4 8 
8 4 4 4 4 -1 -1 5 -1 5 -1 -1 -1 4 4 4 1 1 -1 4 
-1 -1 4 4 4 -1 -1 -1 5 4 -1 4 -1 -1 4 4 4 4 4 -1 
-1 -1 2 2 2 -1 8 8 4 4 -1 1 4 2 1 4 4 4 4 4 
-1 -1 2 -1 -1 5 8 8 6 4 1 4 2 -1 4 4 4 4 4 4 
-1 2 2 5 5 -1 8 8 8 2 2 4 4 4 4 4 4 4 -1 -1 
-1 -1 2 2 2 4 8 8 8 4 4 4 4 -1 4 4 2 -1 -1 -1 
4 -1 2 -1 4 -1 4 8 8 4 -1 -1 4 -1 4 4 2 4 -1 4 
2 -1 4 4 4 -1 4 4 4 8 -1 4 -1 4 4 4 4 4 4 4 
4 -1 4 4 -1 4 -1 -1 4 4 4 4 4 5 4 4 -1 4 2 2 
2 -1 -1 -1 -1 -1 4 4 -1 4 4 4 5 5 4 4 -1 2 5 -1 
-1 4 -1 -1 -1 4 -1 1 4 -1 4 -1 5 5 4 5 4 5 4 4 
4 -1 4 1 -1 -1 4 1 4 -1 -1 5 5 -1 5 4 -1 4 -1 4 
-1 1 1 -1 -1 4 4 4 -1 -1 -1 4 5 -1 -1 -1 -1 -1 4 -1 
-1 -1 1 1 4 4 -1 4 4 4 4 -1 5 2 4 4 -1 4 -1 -1 
1 -1 1 -1 1 4 4 -1 4 -1 4 4 -1 2 4 4 4 4 4 -1 
1 1 -1 -1 1 4 4 4 -1 4 1 4 4 4 -1 4 -1 -1 -1 -1 
1 1 -1 4 4 4 4 -1 4 1 -1 1 -1 -1 -1 4 -1 4 4 4 
-1 -1 4 1 1 4 -1 4 4 -1 -1 1 -1 1 4 1 -1 1 1 1 
-1 -1 4 1 4 1 4 4 4 -1 -1 -1 1 1 1 1 1 1 32 -1 
4 -1 4 1 1 1 4 4 4 1 -1 -1 1 1 1 1 1 1 1 32 
32 4 4 4 -1 -1 -1 4 1 1 -1 -1 -1 1 1 1 1 1 1 -1 
32 32 32 -1 4 -1 4 4 4 -1 1 1 1 1 -1 1 -1 -1 1 32 
-1 32 4 32 4 4 4 1 -1 -1 -1 1 1 -1 -1 -1 8 -1 1 -1 
-1 -1 -1 4 4 4 4 1 1 1 1 -1 -1 8 8 8 8 -1 -1 -1 
-1 -1 -1 -1 4 4 1 -1 1 -1 -1 -1 1 8 8 8 -1 -1 -1 -1 
-1 -1 -1 4 4 4 -1 1 1 -1 1 1 8 8 8 -1 -1 -1 -1 -1 
-1 -1 -1 -1 4 4 4 1 1 1 1 8 -1 -1 -1 -1 -1 -1 -1 -1 
-1 4 4 4 4 1 1 1 1 -1 -1 2 2 -1 -1 -1 1 -1 -1 -1 
-1 4 4 4 4 4 4 1 1 1 8 8 -1 1 -1 1 -1 4 -1 -1 
-1 4 -1 -1 4 -1 1 1 1 1 8 -1 -1 1 1 4 4 4 4 -1 
4 -1 -1 -1 4 4 -1 1 1 1 1 1 1 1 -1 4 1 4 4 4 
4 -1 -1 4 -1 -1 -1 -1 -1 -1 1 1 1 -1 1 1 1 1 1 4 
4 -1 1 -1 -1 -1 -1 -1 -1 1 1 1 1 1 1 1 1 1 1 4 
1 4 -1 1 -1 -1 -1 -1 1 1 1 1 1 1 1 1 1 1 1 1 
1 4 4 -1 -1 -1 4 1 -1 1 1 1 1 1 1 4 1 1 1 1 
-1 -1 4 5 1 4 4 1 -1 -1 1 1 1 1 4 4 5 4 1 -1 
-1 4 4 1 -1 -1 -1 4 -1 -1 -1 -1 1 4 4 4 4 5 -1 -1 
1 1 1 -1 -1 -1 -1 -1 -1 -1 -1 4 -1 -1 -1 -1 1 1 1 1 
1 1 1 -1 -1 -1 -1 -1 -1 1 -1 -1 4 -1 -1 1 1 1 1 1 
1 1 -1 -1 -1 -1 1 -1 -1 -1 1 -1 -1 4 4 -1 -1 1 1 -1 
1 -1 -1 -1 -1 -1 -1 1 -1 -1 -1 1 -1 4 4 4 -1 -1 1 -1 
-1 -1 -1 1 -1 -1 -1 -1 -1 -1 -1 -1 1 4 4 -1 -1 -1 -1 -1 
-1 -1 -1 -1 1 -1 -1 1 1 1 -1 -1 4 -1 -1 -1 -1 -1 -1 -1 
-1 -1 -1 4 1 -1 1 1 1 1 1 4 -1 -1 -1 -1 -1 -1 -1 -1 
1 -1 -1 4 4 1 -1 4 1 -1 -1 -1 4 -1 -1 4 4 4 -1 -1 
-1 -1 -1 4 1 4 4 4 4 4 -1 -1 -1 -1 -1 4 4 -1 -1 -1 
-1 -1 -1 1 1 1 -1 4 4 -1 -1 -1 -1 -1 -1 -1 4 -1 -1 -1 
-1 1 1 1 1 1 1 -1 4 4 -1 -1 -1 -1 -1 -1 -1 -1 -1 -1 
-1 -1 -1 1 1 1 -1 -1 -1 -1 -1 -1 8 -1 -1 -1 -1 -1 1 1 
1 -1 1 1 1 8 -1 -1 -1 -1 -1 8 8 -1 -1 -1 1 1 1 -1 
-1 1 2 1 8 1 8 8 2 2 2 -1 8 -1 -1 -1 -1 1 1 -1 
1 1 2 1 1 1 8 8 2 2 2 -1 -1 -1 -1 1 1 1 -1 -1 
1 -1 1 -1 1 -1 8 8 2 2 2 2 2 2 -1 -1 1 1 1 -1 
1 -1 1 1 -1 2 2 8 2 2 2 2 2 -1 -1 1 1 1 -1 -1 
1 1 -1 -1 -1 -1 2 2 2 2 2 2 2 -1 1 1 1 1 1 1 
1 1 1 -1 1 -1 -1 -1 -1 2 2 2 2 2 1 1 1 -1 -1 -1 
1 1 1 -1 1 1 -1 -1 -1 -1 -1 -1 2 2 -1 -1 1 1 1 -1 
1 2 -1 -1 -1 -1 -1 1 1 -1 1 -1 2 1 2 1 1 -1 2 2 
-1 2 -1 1 1 1 1 -1 -1 -1 -1 -1 -1 1 1 1 -1 -1 -1 1 
1 1 1 4 1 1 -1 -1 -1 -1 -1 -1 -1 1 1 1 -1 -1 -1 -1 
1 1 1 -1 4 -1 -1 -1 -1 32 -1 -1 -1 -1 -1 -1 -1 -1 -1 1 
1 1 -1 4 4 4 4 -1 -1 1 1 2 2 -1 -1 -1 -1 -1 -1 -1 
1 1 -1 1 1 1 4 -1 -1 1 1 2 -1 -1 -1 -1 -1 -1 -1 -1 
1 1 -1 -1 -1 1 1 1 -1 1 1 1 1 -1 -1 1 -1 -1 -1 1 
1 -1 -1 -1 -1 -1 1 1 -1 1 1 1 1 -1 1 1 -1 1 -1 1 
-1 2 -1 -1 -1 -1 -1 1 1 -1 -1 1 1 1 1 1 1 1 -1 -1 
-1 -1 -1 -1 -1 -1 -1 -1 -1 -1 1 -1 -1 1 1 1 1 -1 -1 -1 
-1 -1 -1 -1 -1 -1 -1 -1 1 -1 1 1 -1 1 1 1 1 1 1 -1 
-1 -1 -1 -1 -1 -1 -1 -1 -1 1 1 2 2 2 1 1 1 -1 -1 -1 
-1 -1 -1 -1 -1 -1 2 1 -1 -1 1 -1 2 2 2 -1 2 2 1 1 
-1 -1 -1 1 -1 -1 -1 1 -1 -1 2 1 2 2 2 2 1 1 1 -1 
-1 -1 -1 1 -1 -1 -1 -1 -1 -1 -1 2 2 1 1 1 -1 -1 1 1 
1 1 1 1 -1 -1 -1 -1 -1 -1 -1 -1 -1 1 1 1 -1 1 1 1 
2 4 2 -1 1 -1 -1 -1 -1 -1 -1 -1 -1 1 -1 1 1 1 1 4 
4 4 2 1 1 -1 -1 -1 1 -1 -1 1 1 1 -1 -1 -1 1 4 1 
4 4 2 1 1 -1 -1 1 1 1 1 -1 1 1 -1 -1 -1 1 1 4 
-1 4 2 -1 -1 -1 -1 1 -1 1 1 -1 -1 2 2 2 1 1 2 1 
2 -1 4 -1 -1 -1 -1 -1 -1 -1 -1 8 8 8 -1 1 8 4 2 2 
2 2 -1 -1 -1 -1 -1 -1 -1 -1 -1 8 8 8 -1 8 8 4 8 8 
2 -1 1 1 -1 -1 -1 -1 -1 -1 -1 -1 8 -1 8 8 8 8 8 8 
2 2 -1 1 1 1 5 -1 -1 -1 -1 -1 -1 8 8 8 8 -1 -1 8 
-1 2 -1 1 1 1 5 5 -1 -1 -1 -1 -1 -1 8 1 1 1 1 2 
-1 -1 -1 -1 1 5 1 5 -1 5 -1 2 -1 2 2 1 1 1 1 1 
1 -1 -1 -1 1 2 1 5 5 -1 -1 2 2 32 2 -1 1 -1 1 1 
-1 -1 -1 1 1 1 1 1 -1 6 -1 -1 2 2 -1 -1 -1 -1 1 1 
1 4 1 1 1 1 1 2 1 -1 6 -1 2 1 1 -1 1 -1 4 1 
1 1 4 1 1 2 -1 1 1 6 2 -1 4 1 1 1 -1 -1 1 1 
1 4 -1 4 2 1 1 2 2 -1 -1 2 -1 4 1 -1 -1 -1 -1 -1 
4 2 2 -1 -1 2 2 2 2 2 -1 -1 2 1 4 40 32 -1 -1 4 
4 4 4 -1 2 2 2 2 2 -1 2 2 -1 -1 -1 40 32 32 4 -1 
4 4 2 2 -1 2 2 -1 2 2 2 2 -1 -1 40 -1 32 32 32 32 
4 2 2 2 -1 -1 2 2 2 2 2 2 2 -1 40 40 32 32 32 -1 
-1 2 2 2 2 2 -1 1 2 2 2 -1 -1 -1 -1 40 -1 32 32 -1 
2 2 2 2 -1 2 2 2 2 -1 -1 2 -1 2 2 2 -1 2 -1 -1 
4 4 2 -1 -1 -1 2 2 -1 -1 -1 2 2 -1 2 -1 -1 2 2 2 
4 2 4 -1 -1 -1 -1 -1 -1 -1 -1 2 2 2 8 8 8 2 2 4 
2 4 -1 -1 -1 -1 -1 -1 -1 -1 2 8 2 8 1 -1 8 2 -1 2 
2 3 3 4 4 4 4 4 4 4 4 8 -1 2 2 2 2 2 2 2 
3 2 2 4 4 4 4 4 4 4 8 8 8 2 1 2 2 2 2 3 
-1 -1 4 4 4 4 -1 4 4 4 -1 1 2 -1 2 4 2 2 2 2 
1 1 4 4 2 4 4 4 4 -1 -1 1 1 6 6 1 4 2 2 -1 
1 1 -1 2 1 -1 -1 4 4 4 4 -1 -1 4 -1 4 1 -1 -1 6 
1 1 1 2 2 1 4 4 4 4 4 -1 4 1 4 4 1 1 1 2 
1 1 1 1 2 1 -1 4 4 -1 4 4 -1 1 4 4 -1 -1 2 2 
1 1 1 1 1 1 -1 -1 -1 4 4 -1 -1 -1 1 -1 -1 -1 2 1 
1 1 1 2 -1 -1 -1 -1 -1 -1 -1 -1 -1 1 1 -1 2 -1 2 1 
1 8 1 1 2 2 2 -1 -1 -1 2 -1 -1 -1 -1 -1 2 2 1 1 
1 8 8 -1 -1 2 -1 -1 1 -1 -1 2 -1 -1 -1 -1 -1 -1 2 -1 
1 8 1 -1 -1 8 -1 -1 1 1 -1 -1 -1 -1 -1 -1 -1 -1 2 1 
-1 1 -1 8 2 8 -1 -1 2 -1 -1 -1 -1 -1 -1 -1 -1 -1 -1 1 
2 8 -1 8 -1 -1 2 2 -1 2 -1 -1 -1 2 2 -1 -1 2 2 2 
8 8 -1 -1 -1 8 8 2 2 -1 2 -1 -1 -1 2 2 2 2 2 8 
8 8 -1 8 -1 -1 -1 4 4 4 2 -1 -1 -1 -1 2 2 8 8 8 
-1 -1 -1 8 -1 -1 4 -1 4 -1 -1 -1 -1 -1 2 2 -1 -1 -1 8 
-1 -1 8 -1 4 4 4 4 -1 -1 -1 -1 -1 2 2 2 2 -1 8 2 
2 -1 -1 8 4 4 4 4 4 -1 -1 -1 -1 2 2 2 2 2 2 2 
3 3 -1 4 4 4 4 4 4 4 -1 -1 -1 2 2 2 2 -1 2 3 
-1 -1 -1 1 1 8 8 -1 8 1 -1 1 1 -1 4 4 4 -1 -1 -1 
-1 1 1 1 8 8 8 8 8 8 -1 -1 1 4 4 4 4 4 -1 -1 
1 1 1 8 8 -1 -1 -1 8 8 8 -1 1 -1 4 4 4 4 -1 -1 
1 1 1 8 -1 -1 -1 -1 -1 8 -1 -1 1 1 -1 4 4 4 -1 4 
1 1 1 -1 8 -1 -1 -1 8 8 8 -1 -1 -1 -1 -1 -1 4 1 1 
-1 -1 1 8 -1 -1 -1 -1 -1 8 2 -1 2 2 -1 -1 -1 -1 1 -1 
1 1 1 1 1 8 -1 -1 -1 -1 2 2 2 2 -1 -1 -1 -1 1 -1 
1 1 1 1 8 8 2 2 2 -1 -1 2 -1 -1 -1 -1 -1 1 1 -1 
1 -1 1 1 1 2 2 2 -1 2 2 2 2 -1 -1 -1 -1 -1 -1 -1 
1 -1 -1 1 1 1 2 -1 -1 -1 2 2 -1 -1 2 -1 -1 -1 1 1 
1 -1 1 1 1 1 1 2 -1 -1 -1 -1 -1 -1 -1 2 -1 -1 1 1 
-1 1 1 -1 1 -1 1 1 2 -1 -1 2 -1 -1 -1 -1 2 2 -1 2 
-1 1 1 1 -1 -1 1 1 -1 -1 2 2 -1 -1 -1 -1 -1 2 2 2 
1 -1 1 1 1 2 -1 -1 1 4 2 -1 -1 2 -1 -1 -1 -1 -1 2 
2 1 -1 1 1 1 1 1 -1 -1 2 -1 2 -1 -1 -1 -1 -1 2 2 
-1 2 1 1 1 1 -1 -1 -1 -1 -1 2 -1 2 -1 -1 -1 -1 -1 -1 
2 2 2 1 1 -1 -1 4 -1 -1 2 -1 2 2 -1 -1 -1 -1 2 -1 
-1 2 -1 -1 4 -1 -1 4 1 1 -1 2 2 2 -1 -1 -1 2 2 2 
-1 -1 -1 1 1 -1 -1 8 -1 1 4 4 4 4 -1 -1 -1 2 2 2 
-1 -1 -1 1 1 1 -1 8 1 1 -1 -1 4 4 -1 -1 -1 2 -1 2 
1 -1 -1 -1 -1 -1 -1 -1 -1 -1 -1 -1 -1 -1 -1 -1 1 1 1 1 
-1 -1 -1 -1 -1 -1 -1 -1 -1 -1 -1 -1 8 -1 1 -1 1 -1 1 -1 
-1 -1 -1 -1 -1 -1 -1 -1 -1 -1 -1 9 8 -1 -1 1 1 -1 -1 -1 
-1 -1 -1 -1 -1 -1 -1 -1 -1 8 8 8 8 -1 -1 1 1 -1 -1 -1 
-1 -1 -1 -1 -1 -1 -1 1 8 8 -1 8 8 -1 8 -1 -1 -1 -1 -1 
-1 -1 -1 -1 -1 -1 1 -1 -1 1 -1 -1 8 8 -1 -1 -1 -1 -1 -1 
-1 -1 -1 -1 -1 -1 -1 1 1 -1 -1 -1 -1 -1 -1 -1 -1 -1 -1 -1 
-1 -1 -1 -1 -1 -1 -1 1 -1 -1 -1 -1 -1 -1 -1 -1 -1 -1 -1 -1 
-1 -1 -1 -1 -1 -1 -1 -1 -1 -1 -1 -1 -1 -1 -1 -1 -1 -1 -1 -1 
-1 -1 -1 -1 -1 -1 -1 -1 -1 -1 -1 -1 -1 -1 -1 -1 -1 -1 -1 -1 
-1 -1 -1 -1 -1 -1 -1 -1 -1 -1 -1 -1 -1 -1 -1 -1 -1 -1 -1 -1 
-1 -1 -1 -1 -1 -1 -1 -1 -1 -1 -1 -1 -1 -1 -1 -1 -1 -1 -1 -1 
-1 -1 -1 -1 -1 -1 -1 -1 -1 -1 -1 -1 4 -1 -1 -1 -1 1 -1 -1 
-1 -1 -1 -1 -1 -1 -1 -1 -1 -1 -1 4 4 -1 -1 -1 1 1 -1 -1 
-1 -1 4 -1 -1 -1 -1 -1 -1 -1 -1 -1 -1 4 4 1 1 1 1 -1 
-1 -1 4 4 -1 -1 -1 -1 -1 -1 -1 -1 -1 4 -1 1 1 -1 1 1 
-1 -1 4 4 -1 -1 -1 -1 -1 -1 -1 -1 -1 -1 -1 -1 1 1 1 -1 
-1 -1 -1 -1 -1 -1 -1 -1 -1 -1 -1 -1 -1 -1 -1 -1 1 1 1 1 
-1 -1 -1 -1 -1 -1 -1 1 -1 -1 -1 -1 -1 -1 -1 -1 1 1 -1 1 
-1 -1 -1 -1 -1 -1 -1 -1 -1 -1 -1 -1 -1 -1 -1 1 -1 1 1 1 
2 4 4 2 2 2 2 2 -1 -1 -1 4 4 4 -1 8 -1 -1 4 -1 
-1 4 4 -1 2 -1 2 8 -1 -1 4 4 4 8 -1 -1 -1 4 -1 -1 
-1 -1 -1 -1 -1 -1 -1 8 -1 -1 8 4 4 -1 -1 -1 -1 -1 -1 -1 
-1 -1 -1 -1 1 -1 -1 -1 8 8 -1 8 8 8 -1 -1 4 -1 -1 -1 
-1 -1 -1 -1 1 -1 1 8 8 8 8 8 8 8 4 4 4 -1 -1 -1 
-1 -1 -1 -1 -1 1 1 1 8 8 8 8 8 8 4 4 -1 -1 -1 -1 
8 8 -1 -1 -1 1 1 1 8 8 8 8 4 4 4 -1 4 -1 -1 8 
-1 -1 -1 -1 -1 1 1 1 1 8 8 8 -1 8 -1 4 -1 -1 8 8 
-1 -1 -1 2 1 1 1 1 1 8 8 8 8 8 -1 4 -1 8 8 8 
8 -1 -1 -1 1 1 1 1 1 8 8 8 8 8 -1 4 4 -1 2 2 
8 1 1 1 9 -1 2 2 2 8 8 8 8 8 4 4 4 2 2 8 
-1 1 -1 9 8 9 2 2 8 8 8 -1 -1 -1 8 4 -1 2 8 8 
1 -1 8 -1 9 8 8 8 8 2 8 8 -1 8 8 2 2 8 8 -1 
1 8 -1 -1 8 10 8 8 8 2 8 8 2 8 8 8 -1 8 -1 -1 
-1 -1 -1 8 8 10 8 -1 8 2 8 2 8 8 8 8 8 -1 8 -1 
-1 -1 8 8 8 8 8 2 2 -1 -1 1 1 1 8 -1 8 8 -1 -1 
-1 8 -1 -1 8 8 -1 2 -1 -1 8 8 8 8 1 1 8 8 -1 8 
8 -1 8 8 -1 4 2 2 2 2 8 -1 8 -1 8 8 8 -1 -1 -1 
8 2 8 4 8 4 2 2 2 8 8 8 4 8 8 -1 4 -1 8 8 
4 4 2 2 2 2 2 2 -1 -1 -1 8 4 -1 -1 8 8 -1 -1 8 
3 8 4 8 4 4 -1 4 4 4 2 2 -1 2 2 -1 10 -1 3 -1 
2 4 8 4 4 -1 -1 4 4 4 4 2 2 8 2 10 10 -1 3 3 
4 4 4 4 4 -1 4 8 4 2 4 -1 4 8 10 8 10 8 8 11 
-1 -1 -1 4 4 4 4 4 4 4 4 4 4 4 8 10 8 10 10 4 
-1 -1 -1 4 4 4 4 4 -1 8 1 1 4 8 4 10 10 8 10 8 
10 -1 4 1 4 4 -1 -1 8 8 8 4 1 10 4 -1 -1 10 8 10 
9 4 4 4 -1 -1 -1 8 8 8 8 1 -1 -1 10 10 8 8 -1 10 
2 9 4 -1 -1 -1 8 8 8 8 1 -1 1 -1 10 -1 10 8 8 8 
8 2 2 10 -1 -1 2 2 8 1 1 1 -1 10 10 10 8 8 8 8 
10 4 10 -1 4 4 2 4 4 -1 1 1 10 8 8 10 8 8 10 10 
8 8 8 8 2 2 4 4 4 4 1 1 1 10 8 10 10 10 -1 10 
10 8 2 2 1 1 1 4 4 4 3 1 10 10 10 10 10 10 8 10 
8 8 10 2 2 1 1 1 -1 -1 -1 4 4 1 2 10 -1 10 3 10 
10 3 8 1 2 1 4 1 4 4 1 4 1 1 2 3 3 -1 3 3 
3 3 10 -1 1 2 1 4 4 4 4 1 1 1 1 3 3 3 3 10 
3 2 8 10 -1 1 4 4 4 4 1 -1 1 1 1 1 1 8 10 3 
3 3 8 8 10 8 4 4 1 1 1 1 1 1 1 3 3 3 8 3 
8 2 2 8 8 -1 4 4 4 8 4 1 2 1 3 1 3 3 -1 3 
3 8 2 8 2 2 4 4 4 4 4 1 2 1 3 3 3 3 3 -1 
8 8 2 8 4 4 -1 4 2 1 2 8 8 1 -1 10 -1 3 -1 -1 
8 8 8 8 -1 4 4 4 -1 2 -1 4 2 2 8 8 8 8 8 8 
8 8 4 8 8 1 4 -1 1 2 4 2 2 -1 2 4 8 10 10 1 
8 4 4 1 1 1 1 -1 -1 2 4 2 -1 -1 4 4 4 8 1 1 
1 1 8 8 1 1 1 4 4 4 -1 4 -1 4 4 4 1 1 1 1 
1 1 8 8 8 4 -1 2 4 4 4 2 2 4 4 8 1 1 1 1 
-1 1 8 -1 -1 -1 4 4 4 4 4 2 2 8 -1 8 1 9 1 8 
8 -1 -1 8 4 -1 4 4 4 4 4 4 4 8 8 8 9 8 8 8 
-1 -1 -1 -1 -1 4 -1 4 4 4 4 4 8 8 -1 10 9 -1 9 -1 
-1 -1 1 1 -1 -1 4 -1 4 -1 4 4 4 10 10 -1 -1 9 -1 -1 
-1 -1 -1 1 1 -1 -1 -1 -1 4 -1 4 -1 10 10 8 -1 8 -1 8 
10 -1 -1 1 1 -1 -1 1 -1 4 4 4 -1 4 -1 -1 8 8 8 -1 
10 10 -1 1 -1 -1 1 1 1 1 4 4 4 4 1 -1 8 8 8 10 
8 -1 1 -1 4 -1 -1 4 1 1 -1 4 4 4 4 -1 -1 8 -1 8 
-1 -1 -1 4 4 4 -1 4 4 4 -1 -1 4 4 4 -1 8 -1 -1 -1 
-1 -1 -1 -1 -1 -1 -1 4 4 4 2 2 4 2 -1 -1 2 -1 -1 -1 
-1 -1 4 4 -1 -1 4 4 4 4 4 4 2 2 2 -1 2 -1 -1 -1 
-1 4 8 4 4 -1 4 4 4 4 4 -1 -1 -1 1 1 3 -1 -1 8 
4 8 8 8 4 4 4 4 4 4 32 4 4 4 -1 8 8 8 -1 8 
8 4 -1 4 4 4 4 4 -1 2 32 4 4 -1 2 8 8 8 8 8 
10 8 4 4 4 -1 4 2 2 32 2 4 4 2 -1 8 8 -1 8 8 
4 1 -1 -1 2 2 -1 8 2 8 8 8 8 -1 -1 -1 -1 -1 -1 4 
4 -1 -1 -1 -1 2 8 2 8 8 2 8 8 8 -1 -1 -1 -1 -1 -1 
-1 -1 -1 -1 -1 -1 2 8 -1 8 2 -1 8 8 8 4 1 -1 -1 1 
1 -1 -1 -1 2 2 2 -1 2 -1 1 1 -1 8 8 -1 -1 -1 1 1 
-1 -1 -1 -1 -1 -1 -1 2 2 -1 -1 1 8 8 8 8 -1 -1 -1 -1 
-1 -1 -1 -1 -1 -1 -1 2 -1 -1 -1 -1 -1 -1 8 8 -1 -1 -1 -1 
-1 -1 -1 -1 -1 -1 -1 -1 -1 -1 -1 -1 -1 8 -1 -1 -1 -1 -1 -1 
-1 -1 -1 -1 -1 -1 -1 -1 -1 -1 -1 -1 -1 -1 -1 -1 -1 -1 -1 2 
2 -1 -1 -1 2 -1 -1 -1 -1 -1 -1 -1 -1 -1 -1 -1 -1 -1 -1 2 
1 -1 -1 -1 -1 3 -1 -1 -1 -1 -1 4 4 -1 2 2 -1 2 -1 2 
4 -1 -1 -1 -1 -1 -1 -1 -1 8 -1 -1 -1 -1 -1 -1 2 2 2 2 
-1 4 -1 2 -1 -1 -1 -1 -1 8 8 -1 -1 -1 -1 -1 1 -1 2 2 
2 2 2 -1 -1 -1 -1 8 8 8 -1 -1 -1 -1 -1 -1 1 2 2 -1 
1 -1 -1 -1 -1 -1 -1 8 8 8 8 -1 -1 -1 -1 -1 2 -1 -1 1 
1 1 -1 -1 -1 -1 -1 -1 -1 -1 8 8 -1 -1 -1 -1 -1 2 2 -1 
-1 -1 -1 -1 -1 -1 -1 -1 -1 8 -1 -1 -1 -1 -1 -1 -1 -1 4 -1 
-1 -1 -1 -1 -1 -1 -1 -1 8 8 8 -1 -1 -1 -1 -1 4 4 4 -1 
4 -1 1 -1 -1 -1 -1 -1 -1 8 4 4 4 -1 -1 4 4 4 4 4 
4 -1 1 -1 -1 -1 8 -1 -1 8 8 8 4 -1 -1 -1 -1 -1 -1 4 
4 1 -1 -1 -1 -1 8 8 8 8 8 8 4 4 -1 -1 -1 -1 -1 -1 
-1 -1 -1 -1 -1 -1 -1 -1 -1 -1 1 -1 -1 -1 -1 -1 -1 -1 -1 -1 
-1 -1 -1 -1 -1 -1 -1 1 1 -1 1 -1 -1 -1 -1 -1 -1 2 -1 -1 
-1 -1 -1 -1 -1 -1 -1 -1 1 1 -1 -1 2 -1 -1 -1 -1 2 -1 2 
1 -1 -1 -1 -1 -1 -1 -1 1 -1 -1 -1 2 -1 -1 -1 -1 -1 2 2 
-1 1 -1 -1 -1 -1 -1 -1 -1 -1 -1 -1 -1 -1 -1 -1 -1 -1 2 1 
1 1 -1 -1 -1 -1 -1 -1 -1 -1 -1 -1 -1 -1 -1 -1 -1 -1 -1 1 
1 2 -1 -1 -1 -1 -1 -1 -1 -1 -1 -1 -1 -1 -1 -1 -1 -1 -1 1 
1 2 1 -1 -1 -1 -1 -1 -1 -1 -1 -1 -1 1 -1 -1 -1 1 1 1 
1 1 3 -1 -1 -1 -1 -1 -1 -1 -1 -1 1 1 -1 -1 -1 1 1 -1 
2 1 1 1 -1 -1 -1 -1 -1 -1 2 -1 -1 1 -1 -1 -1 -1 -1 2 
2 -1 -1 -1 -1 -1 -1 -1 -1 -1 -1 -1 -1 -1 -1 -1 -1 -1 2 -1 
2 -1 -1 -1 -1 2 2 -1 -1 -1 -1 -1 -1 -1 -1 -1 -1 -1 -1 -1 
-1 -1 -1 -1 2 2 -1 -1 -1 -1 1 -1 -1 -1 -1 -1 -1 -1 -1 -1 
-1 -1 -1 -1 2 2 -1 -1 -1 1 -1 1 -1 -1 -1 -1 -1 -1 -1 -1 
-1 -1 -1 -1 -1 2 -1 -1 -1 2 2 -1 2 -1 -1 -1 -1 -1 -1 -1 
-1 -1 -1 -1 -1 -1 -1 1 1 1 1 2 2 2 -1 -1 -1 -1 -1 -1 
-1 -1 -1 -1 -1 -1 1 -1 1 2 -1 2 2 -1 -1 -1 -1 -1 -1 -1 
-1 -1 -1 -1 -1 -1 1 1 -1 1 1 -1 -1 -1 -1 -1 -1 -1 -1 -1 
-1 -1 -1 -1 -1 -1 1 1 -1 1 -1 -1 -1 -1 -1 -1 -1 -1 -1 -1 
-1 -1 -1 -1 -1 -1 -1 1 1 1 1 -1 -1 -1 -1 -1 -1 -1 -1 -1 
4 -1 4 5 -1 -1 -1 8 -1 2 -1 -1 -1 -1 -1 -1 8 8 8 8 
-1 -1 -1 5 -1 -1 -1 -1 -1 -1 -1 -1 -1 -1 -1 -1 -1 8 8 8 
-1 -1 -1 -1 -1 -1 -1 -1 -1 -1 -1 -1 -1 -1 -1 -1 -1 8 8 8 
8 -1 -1 -1 -1 -1 -1 -1 -1 -1 -1 -1 -1 -1 -1 -1 -1 8 8 8 
-1 -1 -1 -1 -1 -1 -1 -1 -1 -1 -1 -1 -1 -1 -1 -1 -1 8 8 8 
-1 -1 1 1 -1 -1 -1 -1 -1 -1 -1 -1 -1 8 1 -1 8 8 -1 -1 
-1 -1 1 -1 -1 -1 -1 -1 -1 -1 -1 -1 8 -1 -1 1 8 8 -1 -1 
-1 -1 -1 -1 -1 -1 -1 -1 -1 -1 -1 8 -1 -1 -1 -1 -1 -1 -1 1 
1 -1 -1 -1 -1 -1 -1 -1 -1 -1 2 -1 -1 -1 -1 -1 -1 -1 -1 -1 
-1 -1 -1 -1 -1 -1 -1 -1 -1 -1 2 8 8 -1 -1 -1 -1 -1 -1 -1 
-1 -1 -1 1 -1 -1 -1 -1 -1 -1 -1 8 -1 -1 -1 -1 -1 -1 -1 -1 
-1 -1 1 -1 2 2 2 -1 -1 -1 -1 -1 -1 -1 -1 -1 -1 -1 -1 -1 
8 8 1 -1 -1 -1 2 2 -1 -1 -1 -1 -1 -1 -1 -1 -1 -1 -1 -1 
-1 -1 -1 -1 -1 -1 -1 -1 -1 -1 -1 -1 -1 -1 -1 -1 -1 -1 -1 -1 
-1 -1 -1 -1 -1 -1 -1 -1 -1 -1 -1 -1 -1 -1 -1 -1 -1 -1 -1 -1 
5 -1 -1 -1 -1 -1 -1 -1 1 1 1 -1 -1 -1 -1 -1 -1 -1 5 5 
5 -1 5 -1 -1 -1 -1 -1 -1 -1 1 -1 -1 8 -1 -1 -1 5 1 -1 
-1 5 -1 -1 -1 -1 2 -1 -1 -1 -1 -1 -1 -1 8 8 -1 1 1 5 
5 5 5 -1 -1 -1 -1 2 2 -1 -1 -1 -1 8 8 8 1 -1 8 -1 
5 5 5 5 -1 -1 -1 -1 2 -1 -1 -1 -1 -1 -1 -1 -1 8 8 4 
1 -1 -1 -1 -1 -1 -1 -1 -1 -1 4 4 4 8 -1 -1 4 5 -1 1 
1 -1 -1 -1 -1 -1 -1 2 2 -1 2 4 4 -1 -1 -1 4 5 1 -1 
-1 -1 -1 -1 -1 -1 -1 -1 2 2 -1 4 -1 -1 5 4 5 4 5 -1 
-1 -1 -1 -1 -1 -1 -1 -1 2 -1 2 5 5 -1 -1 4 4 5 5 5 
5 -1 -1 -1 -1 -1 -1 -1 -1 -1 -1 -1 5 5 5 4 4 -1 4 -1 
1 1 -1 -1 -1 -1 -1 -1 -1 -1 1 -1 4 5 5 4 4 4 4 -1 
1 1 -1 -1 -1 1 1 -1 -1 1 -1 -1 -1 5 4 5 4 1 1 -1 
-1 1 -1 -1 -1 1 -1 -1 -1 -1 -1 -1 -1 -1 4 4 4 1 1 5 
-1 1 -1 -1 -1 -1 -1 -1 -1 -1 -1 -1 -1 -1 -1 1 1 1 -1 -1 
1 1 -1 -1 -1 -1 -1 -1 8 -1 -1 -1 -1 -1 -1 1 1 1 1 -1 
-1 1 1 -1 -1 -1 -1 -1 8 8 8 -1 8 -1 -1 -1 -1 1 1 1 
-1 -1 1 -1 -1 -1 -1 -1 8 8 -1 8 -1 8 -1 -1 -1 1 1 -1 
-1 -1 -1 -1 1 1 1 -1 8 8 8 1 -1 1 -1 1 -1 1 -1 -1 
-1 -1 8 -1 1 1 1 8 8 8 8 -1 -1 -1 1 1 1 -1 -1 -1 
-1 -1 -1 8 8 -1 8 8 8 8 8 4 8 -1 -1 1 5 1 -1 -1 
-1 1 1 8 8 8 8 5 8 5 8 4 4 -1 8 1 1 5 1 -1 
1 1 1 8 8 8 -1 5 5 8 4 8 8 5 8 8 -1 1 -1 -1 
1 -1 -1 1 -1 -1 8 5 -1 5 1 4 5 8 5 8 5 5 5 -1 
-1 -1 1 -1 -1 8 8 -1 -1 -1 5 5 5 4 8 5 5 5 5 4 
5 5 -1 -1 -1 -1 -1 -1 -1 5 4 5 4 8 8 4 5 5 5 -1 
8 -1 8 8 4 4 -1 4 8 8 4 4 1 1 8 8 1 -1 8 8 
-1 4 4 8 4 8 4 4 4 4 8 2 1 8 8 8 8 8 8 8 
4 4 4 4 8 8 8 -1 -1 8 8 8 2 8 2 2 8 2 8 2 
2 2 4 4 4 8 8 4 8 8 8 8 8 2 2 2 8 8 2 2 
2 2 4 4 4 -1 8 8 8 9 9 9 -1 2 2 2 2 8 -1 8 
-1 4 4 4 4 4 -1 9 9 -1 9 9 9 2 2 2 4 4 4 4 
4 4 4 4 4 4 -1 -1 9 9 9 9 2 2 5 4 4 -1 8 -1 
-1 4 4 4 4 4 -1 -1 -1 4 4 9 2 2 5 5 4 8 4 4 
1 4 4 4 4 4 -1 8 4 4 -1 -1 9 8 5 -1 4 4 4 1 
1 4 -1 4 4 -1 4 4 8 4 -1 1 4 4 8 -1 5 4 4 1 
-1 -1 4 -1 -1 4 4 -1 8 2 1 1 -1 4 -1 -1 1 4 4 4 
5 5 5 4 4 4 4 4 5 2 -1 2 1 -1 -1 4 4 1 4 4 
5 4 4 4 4 5 4 5 4 -1 -1 4 1 -1 -1 -1 4 1 4 5 
5 4 -1 -1 -1 4 4 4 -1 4 4 8 -1 -1 -1 -1 -1 -1 1 -1 
5 1 2 -1 4 4 4 4 4 4 4 -1 8 -1 8 -1 -1 -1 -1 -1 
2 2 1 -1 4 4 8 -1 4 8 8 -1 8 8 8 8 -1 -1 -1 -1 
2 2 2 5 -1 4 4 4 4 4 8 -1 8 8 8 5 4 4 -1 2 
-1 2 2 8 8 4 4 4 8 4 4 8 8 8 5 8 4 4 5 -1 
8 -1 8 8 -1 4 4 8 4 4 4 3 8 1 -1 -1 -1 2 2 2 
8 8 8 8 4 -1 8 4 4 4 3 8 1 8 1 1 1 8 2 2 
8 8 -1 5 -1 -1 -1 -1 -1 -1 -1 -1 -1 2 4 4 4 4 4 -1 
-1 8 8 5 5 -1 -1 -1 -1 -1 -1 -1 -1 3 8 -1 4 -1 -1 2 
4 5 8 5 1 1 -1 -1 -1 -1 9 -1 3 9 9 -1 -1 -1 2 1 
4 5 5 5 1 -1 -1 -1 -1 -1 -1 9 3 8 -1 8 -1 -1 1 4 
8 8 8 -1 8 -1 -1 -1 -1 -1 -1 -1 9 8 -1 -1 8 8 1 1 
1 -1 8 -1 8 -1 1 -1 -1 -1 -1 -1 8 9 8 -1 -1 1 1 1 
1 8 -1 8 8 1 32 8 -1 -1 -1 -1 -1 -1 8 -1 -1 8 1 1 
1 8 8 8 8 8 -1 8 -1 -1 -1 -1 -1 -1 -1 8 -1 8 8 8 
8 8 8 8 8 8 8 8 8 -1 -1 -1 -1 -1 1 -1 8 8 8 8 
8 8 -1 8 8 8 8 8 4 2 2 -1 -1 -1 1 -1 8 2 8 8 
1 1 8 8 -1 -1 -1 -1 1 2 4 -1 -1 -1 -1 -1 2 2 8 8 
1 1 -1 -1 -1 -1 -1 -1 1 4 4 -1 -1 5 5 -1 -1 -1 -1 1 
-1 -1 -1 -1 -1 1 1 -1 -1 4 4 -1 2 5 5 5 5 -1 -1 -1 
-1 -1 1 -1 -1 2 -1 -1 4 4 4 4 4 -1 5 5 5 5 -1 -1 
-1 2 4 1 -1 2 2 2 2 2 4 4 4 -1 -1 -1 4 4 4 -1 
4 4 -1 -1 2 2 2 2 2 2 4 4 -1 -1 -1 5 4 4 -1 -1 
4 -1 4 -1 -1 -1 2 -1 -1 4 4 4 -1 -1 -1 5 4 4 -1 4 
-1 4 -1 -1 -1 -1 4 -1 -1 4 -1 -1 -1 -1 -1 -1 4 4 4 4 
4 -1 -1 -1 -1 -1 4 -1 -1 -1 -1 -1 -1 2 2 -1 4 4 4 4 
-1 -1 -1 -1 -1 -1 -1 -1 -1 -1 -1 -1 -1 2 2 4 4 4 4 8 
4 -1 2 -1 8 8 -1 -1 -1 -1 4 4 4 -1 4 4 4 1 4 1 
-1 4 -1 8 8 4 -1 -1 -1 -1 4 4 -1 1 4 -1 4 4 1 4 
4 -1 -1 -1 8 -1 -1 -1 -1 4 -1 -1 4 -1 4 4 4 1 -1 4 
4 4 4 -1 -1 -1 -1 -1 -1 -1 -1 -1 -1 -1 -1 4 -1 4 4 4 
2 4 4 -1 -1 -1 -1 -1 -1 -1 -1 -1 -1 -1 4 4 2 6 4 -1 
2 -1 32 -1 -1 -1 -1 -1 1 -1 -1 -1 -1 -1 4 4 4 2 2 -1 
-1 -1 -1 -1 1 1 -1 1 -1 -1 -1 8 32 4 4 4 2 2 2 -1 
-1 -1 -1 -1 1 -1 1 1 1 -1 8 32 32 -1 4 4 2 -1 2 2 
2 2 1 1 1 1 1 8 -1 32 32 32 32 32 -1 -1 -1 -1 -1 2 
-1 2 2 4 1 4 8 8 8 32 32 32 32 -1 -1 1 -1 -1 -1 -1 
-1 4 4 8 4 8 4 -1 8 4 32 32 32 4 4 -1 -1 1 1 -1 
1 4 1 8 8 4 8 4 8 4 8 32 32 32 -1 -1 1 1 1 1 
1 4 1 -1 8 8 8 8 4 8 8 8 32 32 32 -1 1 1 1 1 
4 4 -1 8 8 8 8 8 -1 4 4 32 32 32 1 1 -1 1 1 -1 
4 -1 -1 -1 2 4 4 2 4 -1 32 -1 1 1 1 1 -1 1 1 4 
1 4 -1 4 2 2 4 2 -1 -1 -1 8 -1 1 1 -1 1 4 4 1 
4 1 1 4 2 2 2 -1 -1 -1 -1 8 8 1 1 1 1 4 4 4 
4 1 -1 4 4 -1 -1 -1 4 4 -1 8 -1 8 -1 1 4 1 1 1 
4 -1 -1 8 4 8 -1 -1 -1 1 -1 4 4 -1 -1 4 1 1 1 4 
4 -1 4 4 8 8 -1 -1 -1 -1 1 -1 4 -1 -1 4 -1 -1 1 1 
4 4 -1 -1 -1 -1 -1 -1 4 1 -1 1 -1 -1 -1 2 -1 -1 -1 -1 
4 -1 -1 -1 -1 -1 -1 -1 -1 3 3 -1 -1 -1 -1 -1 -1 -1 -1 -1 
-1 -1 2 -1 -1 -1 2 -1 -1 -1 8 -1 -1 -1 -1 2 -1 -1 -1 -1 
-1 -1 4 4 4 -1 2 1 -1 -1 -1 8 -1 -1 2 -1 -1 -1 -1 -1 
-1 -1 4 4 4 -1 1 1 -1 1 1 -1 -1 -1 -1 -1 -1 -1 1 1 
1 1 4 -1 4 4 1 -1 -1 -1 1 1 1 1 1 1 -1 1 1 1 
1 4 4 4 4 1 1 -1 -1 -1 -1 1 1 1 1 1 -1 -1 1 1 
1 4 4 4 4 4 1 1 1 -1 1 -1 -1 1 1 1 1 1 1 1 
-1 4 4 4 4 4 -1 1 1 4 4 -1 -1 1 -1 1 1 1 1 -1 
1 1 4 4 4 4 4 1 4 4 4 -1 -1 -1 1 1 1 1 1 1 
1 1 4 4 4 4 1 4 4 -1 -1 1 -1 -1 -1 1 1 1 1 1 
1 4 4 4 4 4 -1 -1 1 1 -1 8 -1 -1 -1 -1 -1 1 1 1 
4 1 4 4 1 1 -1 1 1 1 1 -1 -1 -1 -1 -1 -1 -1 1 1 
1 1 4 4 -1 1 1 1 1 1 -1 -1 -1 -1 -1 -1 -1 -1 1 -1 
1 1 1 4 4 -1 -1 -1 1 1 -1 -1 -1 -1 -1 -1 -1 -1 -1 2 
1 1 1 4 1 1 1 1 -1 -1 -1 4 4 -1 -1 -1 2 2 2 1 
1 1 1 1 -1 -1 1 1 -1 -1 -1 -1 -1 4 -1 4 4 2 2 1 
1 1 -1 1 1 -1 1 -1 1 1 -1 1 -1 4 4 4 2 2 2 -1 
-1 -1 1 -1 -1 -1 -1 1 1 1 1 -1 2 4 4 2 2 2 -1 -1 
-1 -1 -1 -1 -1 -1 -1 1 1 1 1 1 -1 -1 2 -1 2 -1 -1 -1 
3 3 3 3 4 4 4 -1 -1 -1 1 1 1 1 1 1 1 1 4 3 
3 3 4 3 3 4 4 4 -1 -1 -1 4 1 1 1 4 4 4 4 4 
4 4 4 4 1 4 4 4 4 4 4 4 4 1 -1 1 4 4 4 4 
4 4 1 4 4 4 -1 4 -1 4 4 4 8 1 4 -1 1 4 4 4 
4 4 4 4 4 4 4 4 4 4 4 4 4 8 4 8 -1 2 4 2 
2 2 4 4 4 4 3 -1 -1 4 4 4 4 4 8 8 4 4 4 -1 
4 32 32 4 4 3 4 2 4 3 8 4 4 -1 8 8 -1 -1 -1 2 
32 32 32 -1 4 4 2 3 3 1 4 8 8 8 -1 -1 8 8 2 4 
-1 -1 4 -1 -1 -1 -1 3 2 1 4 8 8 8 8 8 8 -1 2 2 
2 -1 4 4 4 -1 2 2 4 3 2 8 4 8 8 -1 8 8 -1 2 
8 4 -1 4 4 -1 2 4 2 4 4 4 4 8 2 8 4 -1 4 8 
4 -1 -1 -1 -1 4 2 2 4 4 4 -1 4 2 2 8 2 4 4 8 
8 2 -1 -1 -1 4 4 4 4 4 4 4 4 2 8 2 8 8 8 8 
8 8 -1 8 -1 4 4 4 4 4 4 -1 -1 2 8 8 8 8 8 8 
8 -1 8 8 4 2 4 4 4 4 4 -1 -1 -1 4 8 -1 8 8 8 
-1 3 2 2 2 2 2 4 4 4 1 1 -1 -1 -1 4 8 4 4 8 
3 3 3 3 3 2 -1 4 4 -1 -1 1 -1 -1 -1 -1 8 2 8 4 
3 3 3 4 4 2 -1 2 1 -1 -1 1 1 1 1 1 1 2 2 4 
3 3 3 4 3 2 2 4 -1 1 1 1 1 1 4 4 4 2 4 2 
-1 3 3 3 4 4 -1 2 4 -1 1 1 1 1 1 4 1 4 4 4 
-1 -1 -1 -1 -1 -1 4 4 4 -1 -1 -1 1 1 2 2 -1 4 -1 2 
-1 -1 -1 -1 -1 -1 -1 -1 6 -1 6 6 2 1 1 -1 1 4 4 2 
-1 -1 -1 -1 -1 1 -1 40 6 6 6 6 4 1 1 1 -1 -1 4 -1 
-1 -1 -1 -1 -1 -1 40 -1 6 -1 6 -1 -1 4 1 -1 -1 -1 4 2 
2 -1 -1 -1 -1 -1 -1 3 -1 -1 -1 -1 4 1 -1 -1 -1 -1 2 -1 
2 2 -1 -1 -1 -1 -1 -1 3 3 -1 1 -1 -1 -1 -1 -1 -1 -1 2 
2 2 -1 -1 -1 -1 -1 -1 3 -1 -1 -1 -1 -1 -1 -1 -1 -1 2 2 
2 2 -1 -1 -1 -1 -1 -1 -1 4 4 4 -1 -1 -1 -1 -1 -1 -1 2 
2 -1 -1 -1 -1 -1 -1 -1 -1 4 4 4 4 4 -1 -1 -1 -1 4 2 
-1 -1 -1 -1 -1 -1 -1 -1 -1 1 1 4 4 4 4 4 4 4 -1 4 
4 4 1 4 4 4 -1 2 2 1 1 1 -1 4 4 4 4 -1 4 4 
-1 4 4 4 4 4 -1 -1 1 -1 -1 -1 1 -1 4 4 4 4 4 4 
-1 8 4 4 4 1 4 -1 -1 -1 -1 -1 1 -1 -1 1 1 1 1 -1 
-1 -1 4 4 4 1 1 4 1 1 -1 -1 -1 -1 -1 1 1 1 4 -1 
4 4 1 4 -1 1 1 1 1 1 -1 -1 -1 -1 -1 4 4 4 4 -1 
4 4 -1 -1 1 -1 1 1 1 1 4 -1 -1 -1 4 4 4 4 4 4 
4 4 4 2 -1 8 1 1 -1 4 4 4 -1 -1 1 1 -1 4 4 -1 
4 -1 2 4 -1 8 1 1 -1 4 4 4 -1 1 4 4 4 4 -1 4 
-1 2 2 -1 -1 -1 -1 -1 -1 4 4 4 -1 1 1 4 4 4 4 2 
-1 2 -1 -1 -1 -1 -1 -1 4 4 -1 -1 -1 1 2 2 4 4 4 2 
2 -1 2 -1 -1 -1 -1 -1 -1 -1 -1 -1 -1 1 1 1 -1 -1 2 2 
-1 2 -1 2 -1 -1 -1 1 -1 -1 2 -1 -1 -1 -1 -1 -1 1 -1 2 
1 -1 -1 -1 -1 1 1 -1 -1 -1 2 4 4 -1 -1 -1 1 1 1 1 
-1 -1 -1 -1 -1 1 -1 -1 -1 4 4 4 4 -1 4 -1 1 1 1 1 
-1 -1 -1 -1 -1 -1 -1 -1 4 4 4 -1 4 4 -1 -1 -1 1 1 1 
-1 -1 -1 1 -1 -1 -1 -1 -1 4 4 4 4 4 4 -1 2 1 1 1 
1 -1 1 -1 1 -1 -1 -1 4 4 4 4 8 4 4 4 2 2 1 1 
1 2 1 1 -1 1 -1 -1 4 4 4 4 8 -1 4 4 2 -1 2 2 
2 2 2 -1 -1 -1 1 3 4 4 4 4 4 -1 4 4 4 -1 2 2 
2 2 2 -1 -1 1 3 4 -1 4 4 4 4 4 4 4 4 2 2 2 
2 2 1 2 1 1 -1 -1 4 4 4 4 32 4 4 4 4 4 -1 2 
2 1 1 1 1 1 -1 -1 4 4 4 32 32 4 4 32 4 -1 2 2 
1 1 1 1 1 1 -1 4 4 4 4 4 4 4 4 4 4 2 2 2 
1 1 1 1 -1 -1 -1 -1 -1 4 4 -1 -1 4 4 32 4 2 -1 -1 
1 1 1 1 -1 -1 -1 -1 -1 4 4 -1 -1 4 4 4 4 -1 -1 1 
1 -1 1 -1 -1 -1 -1 -1 4 -1 -1 -1 -1 4 4 4 4 -1 -1 -1 
2 8 8 -1 -1 -1 -1 -1 -1 -1 -1 -1 -1 4 4 -1 -1 -1 -1 2 
2 8 -1 -1 -1 -1 -1 -1 2 -1 -1 -1 4 4 -1 -1 4 -1 -1 -1 
8 -1 8 -1 -1 -1 -1 -1 -1 -1 -1 -1 -1 -1 -1 4 -1 -1 -1 -1 
2 -1 -1 2 -1 -1 -1 -1 -1 -1 -1 -1 -1 1 1 1 -1 -1 -1 -1 
-1 4 -1 -1 -1 -1 4 2 -1 1 2 -1 1 8 1 2 -1 4 -1 -1 
4 4 4 -1 -1 2 -1 2 -1 -1 1 2 2 1 8 8 8 -1 -1 4 
-1 -1 1 1 -1 -1 -1 -1 -1 -1 1 1 2 1 8 8 8 -1 -1 4 
-1 1 -1 1 2 2 -1 -1 -1 1 1 -1 2 1 2 8 8 8 8 4 
1 -1 -1 -1 -1 -1 2 -1 -1 -1 -1 -1 -1 1 2 8 8 8 8 8 
-1 -1 -1 -1 -1 -1 -1 -1 -1 -1 -1 -1 2 2 8 2 8 8 8 1 
1 -1 -1 -1 -1 1 -1 -1 2 2 2 2 1 4 1 8 -1 2 2 8 
1 1 -1 -1 -1 -1 -1 -1 2 2 2 8 -1 1 4 2 2 -1 2 2 
1 -1 1 1 1 2 -1 -1 -1 -1 -1 8 8 8 2 8 -1 -1 -1 2 
-1 1 -1 1 -1 2 2 -1 -1 8 8 8 8 8 8 8 -1 8 1 -1 
-1 1 -1 -1 -1 -1 -1 -1 8 8 8 1 8 8 8 8 8 8 1 1 
1 1 1 -1 -1 -1 -1 8 8 -1 1 -1 -1 8 8 -1 8 8 1 -1 
1 -1 -1 -1 -1 2 -1 -1 8 -1 -1 -1 -1 8 8 8 8 8 -1 1 
1 1 -1 -1 2 2 -1 2 -1 -1 -1 -1 -1 -1 8 4 8 8 1 1 
-1 1 -1 -1 2 2 2 2 -1 -1 -1 -1 -1 -1 -1 8 4 -1 1 1 
1 1 1 1 8 2 2 -1 -1 1 -1 -1 -1 -1 -1 -1 -1 5 1 -1 
-1 1 4 -1 -1 2 2 1 1 1 1 1 -1 -1 -1 -1 -1 1 -1 1 
4 4 4 4 6 1 1 1 2 1 2 2 -1 -1 -1 -1 -1 4 4 4 
4 4 -1 -1 1 -1 1 1 1 2 2 2 2 8 2 2 8 -1 4 4 
-1 4 4 -1 4 4 1 4 2 1 -1 -1 1 1 8 8 4 -1 -1 -1 
2 1 1 1 1 1 1 4 4 4 32 4 -1 -1 -1 -1 8 8 -1 1 
-1 1 -1 -1 1 1 4 4 8 1 4 -1 8 8 8 -1 -1 -1 -1 2 
-1 -1 -1 1 -1 -1 -1 1 -1 1 -1 4 8 8 8 8 -1 -1 1 1 
-1 -1 -1 -1 -1 8 -1 -1 1 1 4 8 8 8 8 -1 8 -1 -1 1 
-1 -1 -1 -1 1 1 8 -1 -1 -1 1 -1 8 8 8 8 -1 -1 4 -1 
-1 -1 -1 -1 -1 8 -1 -1 -1 -1 1 1 8 8 -1 8 8 8 -1 4 
-1 -1 -1 -1 -1 -1 -1 -1 -1 -1 -1 -1 8 8 -1 8 8 -1 4 -1 
-1 -1 -1 -1 -1 -1 -1 -1 -1 -1 -1 -1 -1 -1 8 8 -1 -1 4 -1 
4 -1 -1 -1 -1 -1 -1 -1 -1 -1 2 2 2 2 2 -1 -1 -1 -1 4 
4 -1 -1 -1 4 -1 -1 8 -1 -1 2 2 -1 -1 8 8 -1 -1 -1 4 
4 -1 8 8 -1 4 -1 -1 8 8 2 8 8 8 -1 -1 -1 -1 4 4 
4 4 -1 8 8 -1 -1 8 -1 -1 8 8 -1 -1 -1 -1 -1 1 -1 -1 
-1 -1 -1 -1 -1 2 -1 -1 -1 8 -1 8 8 -1 8 -1 1 -1 8 8 
-1 -1 -1 -1 2 -1 -1 -1 -1 -1 -1 2 4 8 8 -1 -1 1 -1 -1 
-1 -1 -1 8 2 -1 8 8 -1 -1 2 -1 2 2 8 8 4 -1 -1 -1 
-1 -1 8 8 8 8 -1 -1 -1 1 -1 2 2 8 4 4 -1 8 -1 -1 
-1 -1 -1 -1 2 2 2 2 -1 -1 -1 -1 4 4 4 4 -1 -1 -1 -1 
-1 -1 -1 -1 8 8 2 2 -1 -1 -1 4 -1 2 2 4 4 -1 -1 -1 
-1 1 -1 8 -1 8 8 2 -1 -1 4 4 -1 8 2 4 4 -1 2 -1 
2 1 1 8 8 -1 -1 2 4 4 -1 4 4 4 -1 2 8 8 2 2 
-1 -1 -1 2 -1 2 8 8 -1 8 8 8 1 1 1 8 8 8 -1 -1 
-1 -1 -1 2 2 -1 -1 -1 8 8 9 8 1 8 8 9 8 -1 8 -1 
-1 -1 -1 2 2 2 -1 -1 -1 9 9 1 8 8 -1 8 8 -1 -1 -1 
-1 -1 -1 2 -1 2 4 8 8 1 -1 1 8 -1 8 8 -1 -1 -1 -1 
-1 -1 -1 -1 4 4 4 8 8 8 1 9 9 9 9 8 -1 -1 -1 -1 
-1 -1 -1 1 4 8 8 -1 8 8 8 8 9 9 9 -1 -1 -1 -1 -1 
1 -1 1 -1 1 8 2 -1 8 8 -1 8 -1 8 9 -1 -1 8 8 -1 
-1 1 -1 1 -1 1 1 2 4 -1 -1 -1 -1 9 9 -1 -1 -1 -1 -1 
-1 -1 1 1 1 -1 1 4 4 -1 8 -1 9 1 8 8 8 -1 4 -1 
-1 -1 -1 1 -1 -1 -1 4 4 1 1 8 1 8 8 8 8 8 -1 -1 
-1 -1 -1 1 1 -1 -1 -1 8 1 1 1 -1 8 8 8 8 8 -1 -1 
-1 1 1 1 -1 -1 -1 -1 -1 1 -1 8 8 8 8 8 8 8 -1 -1 
-1 1 1 1 -1 -1 1 1 1 -1 -1 -1 8 8 8 8 8 8 8 -1 
-1 1 -1 -1 -1 1 1 -1 1 1 -1 -1 -1 8 8 8 8 8 8 -1 
-1 -1 -1 -1 -1 1 -1 -1 -1 -1 -1 -1 -1 -1 -1 8 -1 8 8 8 
-1 -1 8 -1 -1 1 -1 -1 -1 -1 -1 -1 -1 8 -1 -1 8 -1 -1 8 
1 -1 -1 8 -1 -1 -1 -1 -1 -1 -1 8 8 8 8 8 8 8 8 8 
1 -1 -1 -1 -1 -1 -1 -1 8 8 8 8 -1 -1 8 8 8 8 8 8 
-1 -1 -1 -1 -1 -1 -1 8 -1 8 8 8 8 8 1 8 8 8 -1 8 
-1 -1 -1 -1 -1 -1 8 -1 -1 8 8 8 8 8 8 1 8 -1 -1 -1 
-1 8 1 -1 -1 -1 -1 -1 -1 -1 -1 -1 8 -1 -1 -1 8 -1 -1 -1 
-1 1 1 -1 -1 -1 -1 -1 -1 8 8 8 -1 8 -1 -1 8 -1 -1 -1 
-1 -1 1 -1 -1 -1 -1 -1 8 8 -1 8 -1 8 8 8 -1 -1 -1 -1 
-1 1 -1 -1 -1 -1 -1 1 8 -1 -1 -1 2 -1 8 8 8 8 -1 -1 
-1 -1 -1 -1 -1 -1 1 1 1 1 8 2 2 2 8 -1 8 4 8 -1 
-1 -1 -1 1 1 -1 1 1 1 1 -1 8 2 2 8 8 4 4 -1 -1 
-1 -1 -1 1 1 1 1 1 -1 1 8 8 8 8 8 -1 8 4 8 -1 
-1 -1 -1 -1 1 1 1 -1 1 8 8 -1 -1 2 2 4 -1 8 1 1 
8 -1 -1 -1 1 1 -1 8 2 -1 2 2 -1 -1 2 8 4 4 8 1 
-1 4 1 1 1 -1 1 -1 2 2 2 2 -1 2 -1 2 2 4 8 -1 
4 -1 1 4 8 1 1 2 2 2 2 4 4 2 2 2 -1 4 4 8 
4 4 -1 8 1 1 1 2 2 2 2 4 -1 2 1 1 2 4 4 1 
1 4 4 4 4 -1 -1 -1 -1 4 -1 -1 -1 2 1 1 4 1 -1 -1 
4 -1 8 4 4 4 -1 -1 -1 -1 4 4 -1 -1 -1 8 4 4 -1 4 
-1 1 8 4 -1 4 4 5 -1 -1 -1 -1 -1 -1 8 8 8 -1 -1 -1 
-1 1 -1 -1 -1 4 4 5 -1 1 -1 8 8 -1 -1 8 8 8 8 -1 
1 -1 8 -1 4 4 4 -1 5 1 -1 -1 8 8 8 -1 8 8 8 -1 
-1 8 -1 8 -1 -1 -1 -1 1 5 -1 8 -1 8 8 8 -1 8 8 8 
8 8 8 8 8 -1 -1 -1 -1 5 -1 -1 8 -1 8 -1 -1 8 -1 8 
-1 8 -1 4 -1 -1 -1 -1 -1 5 -1 -1 -1 8 -1 8 8 -1 8 8 
2 2 -1 4 -1 2 2 -1 4 4 4 4 1 8 4 4 4 -1 4 4 
1 1 1 1 1 4 -1 -1 4 8 1 1 8 8 4 4 8 -1 4 4 
1 1 1 4 1 4 4 -1 1 1 1 -1 8 8 -1 1 -1 2 2 4 
6 8 2 1 -1 4 4 1 -1 1 1 1 1 -1 -1 8 1 1 -1 4 
-1 2 -1 1 4 1 4 4 -1 -1 1 -1 -1 -1 -1 8 -1 8 4 4 
4 2 4 4 2 4 4 4 -1 -1 -1 1 -1 1 -1 8 8 8 8 4 
4 -1 -1 4 4 4 4 -1 -1 -1 1 1 1 1 -1 8 8 8 8 4 
4 4 4 4 4 4 4 4 -1 -1 1 -1 1 1 -1 1 1 8 4 4 
4 4 32 4 4 -1 -1 4 4 -1 -1 -1 1 1 1 1 1 4 8 4 
8 8 32 32 -1 4 8 -1 -1 1 4 4 1 1 1 1 1 8 32 8 
8 8 -1 -1 -1 8 -1 1 1 1 4 1 -1 1 1 1 8 8 8 32 
8 8 -1 -1 8 8 8 1 1 8 1 4 4 4 -1 8 -1 8 8 8 
8 8 2 2 4 8 -1 4 8 8 1 2 4 4 4 4 -1 -1 8 8 
-1 8 -1 -1 4 4 4 4 4 8 -1 4 2 -1 -1 4 2 -1 -1 8 
-1 -1 8 8 4 8 2 8 8 4 -1 -1 -1 -1 8 4 -1 -1 -1 -1 
-1 8 -1 4 8 4 2 1 8 2 2 2 -1 8 -1 -1 -1 -1 -1 1 
-1 -1 -1 2 2 2 2 -1 1 -1 -1 2 -1 -1 -1 2 2 -1 1 -1 
4 4 -1 4 2 2 2 2 -1 1 -1 2 -1 4 -1 2 -1 1 1 1 
4 -1 4 -1 8 2 2 -1 4 4 8 8 8 2 4 4 2 -1 -1 1 
4 -1 4 4 -1 2 -1 -1 4 4 4 4 -1 8 4 4 4 -1 -1 4 
2 2 32 2 2 2 2 2 2 2 2 2 2 -1 2 2 2 4 32 2 
2 32 32 2 40 40 1 2 2 2 2 2 1 2 2 2 2 32 32 32 
32 32 2 2 40 1 2 1 1 2 2 2 2 2 32 32 32 32 32 32 
32 2 2 8 40 1 8 8 1 1 -1 1 1 2 1 4 32 32 32 4 
32 2 2 2 8 32 32 1 1 1 1 -1 2 1 1 4 -1 32 32 4 
4 2 4 2 2 8 32 32 1 -1 -1 1 1 1 1 -1 -1 32 32 32 
-1 2 2 2 4 32 32 32 1 -1 -1 1 1 1 1 -1 -1 -1 -1 32 
-1 2 4 4 -1 32 1 1 1 1 1 1 1 1 -1 -1 -1 -1 8 -1 
4 2 2 2 -1 32 1 1 32 32 -1 1 -1 1 -1 -1 -1 -1 8 8 
8 4 4 2 2 2 2 2 32 8 32 1 1 1 1 -1 1 -1 8 8 
8 8 4 4 2 2 2 2 2 1 1 1 1 1 1 1 1 1 8 8 
8 -1 4 8 4 2 2 -1 8 -1 1 2 1 1 1 1 1 1 1 8 
4 4 4 2 2 2 2 2 8 2 2 1 2 1 1 1 1 1 1 8 
4 4 4 4 2 2 8 8 8 8 2 -1 2 1 1 1 1 1 1 1 
2 32 4 2 2 2 8 8 2 2 8 -1 1 1 1 1 1 1 1 -1 
8 2 32 2 2 -1 8 8 8 4 4 4 1 1 4 1 2 1 2 1 
32 32 2 2 2 2 -1 -1 4 8 4 4 4 1 4 2 2 2 2 2 
2 2 32 2 -1 8 -1 -1 2 -1 2 2 2 2 1 2 2 32 2 2 
2 32 2 2 2 2 2 2 -1 2 2 2 2 2 -1 2 2 32 32 32 
32 2 2 2 2 2 2 2 2 2 2 2 2 2 2 2 2 -1 32 2 
8 8 32 32 32 4 -1 32 40 -1 4 4 32 1 1 1 1 1 32 32 
32 -1 32 32 32 32 32 32 -1 1 4 32 -1 1 2 -1 1 32 32 -1 
32 32 4 32 32 32 32 8 32 -1 32 32 32 2 2 1 -1 -1 32 2 
2 4 -1 32 32 -1 -1 32 -1 32 2 32 32 2 -1 2 -1 2 2 2 
-1 32 32 32 -1 32 32 32 32 -1 2 32 32 2 2 -1 2 -1 2 -1 
32 32 32 32 32 6 32 4 -1 32 32 32 8 8 2 2 2 32 2 2 
2 32 -1 -1 4 6 32 4 32 1 32 32 32 2 2 2 2 2 32 2 
40 4 32 -1 6 6 6 32 32 32 32 32 32 2 2 2 2 32 32 32 
32 32 32 6 -1 -1 -1 32 32 32 32 32 32 2 2 2 2 32 40 32 
32 32 32 32 -1 -1 32 32 32 32 32 32 2 2 2 2 2 32 32 32 
2 32 40 32 32 -1 32 32 32 4 -1 32 8 2 2 2 2 32 32 40 
32 32 32 40 32 32 32 32 40 32 32 4 8 2 -1 8 2 32 1 32 
32 32 -1 32 32 32 32 40 32 32 32 8 2 2 8 8 32 -1 -1 1 
32 32 32 32 32 4 4 4 32 32 32 2 8 8 8 32 1 1 32 32 
32 32 32 32 32 32 32 32 32 32 32 32 8 32 32 8 2 2 1 32 
32 32 32 32 32 32 4 32 32 32 32 8 32 32 4 4 2 2 32 4 
1 32 32 32 32 32 4 32 32 32 32 32 32 6 32 4 4 4 4 1 
32 32 32 32 32 32 4 4 32 32 32 32 -1 6 4 32 32 4 1 1 
-1 32 32 32 32 32 4 4 32 32 32 32 32 32 6 32 -1 4 32 1 
-1 32 32 32 32 32 4 32 32 32 32 32 32 32 1 1 32 32 32 32 
-1 -1 -1 -1 -1 -1 -1 1 4 4 -1 -1 1 1 1 1 -1 32 -1 -1 
-1 -1 -1 -1 -1 -1 -1 8 8 -1 -1 1 -1 1 1 8 8 32 -1 -1 
-1 -1 -1 -1 -1 6 6 8 8 2 -1 -1 -1 32 8 8 8 8 1 1 
-1 8 8 -1 -1 6 6 8 8 -1 -1 -1 -1 -1 2 1 4 32 -1 -1 
-1 -1 -1 8 8 8 1 -1 1 1 -1 -1 -1 2 8 8 4 2 2 -1 
-1 -1 2 2 8 1 8 -1 1 -1 -1 -1 -1 2 2 8 2 2 2 8 
8 -1 2 2 -1 -1 -1 -1 8 8 2 2 2 2 2 2 1 -1 2 -1 
-1 8 1 1 1 2 -1 8 8 8 -1 8 2 2 2 32 1 1 2 32 
8 4 6 1 1 1 6 8 8 -1 32 32 8 2 32 32 32 1 2 2 
8 8 -1 6 6 6 8 8 8 8 8 -1 8 8 8 1 1 1 1 4 
4 4 -1 6 -1 6 1 8 8 8 8 -1 -1 8 1 1 1 1 1 1 
4 1 -1 -1 -1 -1 6 8 8 -1 8 8 8 8 -1 -1 1 3 1 1 
-1 -1 -1 -1 -1 6 6 6 8 8 8 8 8 8 8 -1 1 1 -1 1 
-1 3 -1 -1 -1 -1 -1 8 8 8 8 8 8 -1 1 1 1 1 1 -1 
1 3 1 -1 8 8 -1 -1 8 8 8 8 1 1 8 1 1 1 1 1 
1 1 1 -1 -1 -1 8 8 8 8 8 8 8 8 2 32 1 1 -1 1 
1 1 1 -1 -1 -1 8 8 8 8 8 8 8 8 -1 5 32 5 1 -1 
-1 1 -1 4 -1 -1 -1 8 4 8 8 8 -1 8 8 5 5 5 -1 1 
-1 -1 -1 -1 -1 -1 8 8 4 4 4 8 8 1 8 5 5 5 5 5 
-1 -1 -1 -1 -1 -1 8 4 4 4 4 4 -1 1 8 8 -1 -1 5 5 
4 4 4 2 -1 2 4 4 4 32 4 32 32 4 4 1 4 4 4 4 
2 4 4 8 2 4 4 4 32 -1 32 2 4 4 4 1 4 4 -1 4 
4 2 4 4 4 4 4 4 2 -1 4 1 1 4 4 4 2 2 2 2 
2 2 2 4 4 4 4 4 4 2 2 4 1 1 4 4 4 2 2 2 
2 2 -1 4 4 4 4 4 4 2 4 4 1 1 1 4 1 2 2 2 
2 2 2 2 4 -1 4 4 4 -1 4 4 4 4 1 1 5 2 5 2 
4 2 2 2 4 2 4 4 -1 1 4 4 8 8 -1 5 1 5 2 2 
1 2 2 2 2 2 -1 -1 1 1 -1 4 1 1 1 1 4 1 1 2 
2 2 1 -1 -1 4 4 -1 1 1 -1 1 1 1 1 1 1 1 1 1 
2 1 1 -1 -1 4 -1 -1 -1 -1 1 1 1 1 1 1 1 1 1 1 
2 -1 -1 -1 -1 4 4 4 1 1 1 1 1 1 1 1 4 4 1 1 
1 1 -1 1 -1 -1 -1 1 4 -1 -1 -1 1 -1 1 1 1 1 1 1 
4 4 1 -1 -1 -1 -1 8 1 1 -1 -1 -1 1 1 1 1 1 1 4 
4 1 1 -1 -1 -1 8 8 1 -1 -1 -1 1 1 1 1 1 1 1 1 
-1 -1 1 4 8 8 1 8 32 1 1 -1 1 1 1 4 1 1 1 4 
1 1 -1 -1 -1 1 1 32 8 1 1 1 1 1 1 1 1 1 4 4 
4 4 -1 8 1 4 1 1 1 1 32 1 1 -1 1 1 -1 1 1 4 
4 -1 8 8 4 4 4 32 1 32 1 -1 1 1 -1 1 4 1 1 4 
4 4 8 8 4 4 32 32 4 32 32 4 32 1 1 1 4 4 4 4 
-1 8 4 8 8 -1 4 4 4 32 32 32 32 1 1 1 4 4 4 -1 
4 1 1 -1 -1 -1 4 4 4 4 4 1 4 -1 8 -1 8 -1 4 -1 
-1 4 -1 -1 8 -1 2 4 3 3 2 8 4 8 8 9 8 4 4 8 
4 -1 4 -1 8 4 4 2 3 2 3 8 8 -1 8 9 1 4 1 4 
4 4 -1 -1 8 8 2 2 -1 2 2 -1 -1 8 8 8 1 1 -1 -1 
-1 4 4 4 8 4 4 2 2 2 -1 -1 -1 8 4 -1 -1 1 1 1 
8 2 8 8 -1 4 -1 4 8 8 4 -1 4 8 8 4 -1 -1 -1 -1 
2 1 3 3 4 4 4 4 4 -1 -1 -1 8 8 4 8 -1 8 8 8 
8 2 2 2 4 4 4 4 -1 -1 1 -1 -1 8 8 4 5 5 8 8 
2 -1 -1 -1 -1 -1 -1 4 4 1 4 4 4 4 8 -1 4 4 4 -1 
4 2 -1 -1 -1 -1 4 4 1 1 4 4 -1 1 4 5 4 -1 -1 4 
4 8 -1 -1 -1 4 -1 4 4 -1 -1 4 4 1 1 4 4 3 -1 8 
8 -1 4 -1 -1 4 -1 -1 -1 -1 -1 4 1 -1 4 1 3 -1 8 1 
-1 4 4 -1 4 -1 -1 -1 -1 -1 -1 -1 2 4 4 3 3 8 8 1 
4 4 4 4 8 4 4 -1 -1 -1 -1 -1 4 2 4 2 -1 1 1 8 
8 4 4 8 8 4 4 4 -1 4 -1 -1 4 2 2 -1 1 1 8 4 
3 -1 -1 -1 -1 4 -1 4 4 -1 4 -1 -1 2 4 8 -1 8 -1 8 
8 3 -1 -1 1 4 1 4 4 -1 2 2 8 8 9 1 8 -1 2 3 
8 -1 -1 -1 -1 4 4 -1 4 4 -1 2 2 -1 8 8 8 8 8 -1 
1 1 -1 -1 -1 4 -1 4 4 4 -1 2 4 8 8 8 8 8 8 8 
1 8 1 1 -1 1 4 4 4 4 4 4 4 8 8 8 8 8 8 4 
1 1 1 -1 1 -1 4 4 1 4 4 4 4 8 8 -1 8 8 8 -1 
1 1 1 1 4 1 -1 4 1 1 1 -1 8 8 8 8 -1 8 9 9 
1 1 -1 4 1 1 -1 4 -1 -1 1 1 1 8 8 -1 8 -1 9 9 
1 8 -1 1 1 -1 1 32 32 32 4 1 8 8 8 8 3 9 9 8 
8 8 2 8 8 -1 1 -1 32 1 1 4 8 8 8 -1 9 9 8 8 
8 8 8 8 8 8 8 1 1 -1 1 1 1 8 8 -1 8 8 8 8 
8 8 8 8 8 8 8 1 8 4 8 8 8 8 8 8 8 9 8 8 
8 8 1 2 -1 8 1 8 8 -1 8 8 8 8 8 8 8 8 9 8 
8 8 8 1 -1 8 8 8 8 40 8 8 -1 -1 3 3 8 8 8 8 
8 8 -1 8 -1 8 8 8 -1 40 40 3 3 -1 3 3 8 8 8 8 
3 8 -1 2 8 8 8 8 8 40 3 -1 -1 3 3 3 8 3 8 8 
3 -1 -1 8 8 8 8 8 8 -1 8 3 3 -1 3 3 3 8 3 3 
8 8 8 8 8 2 8 -1 8 8 8 -1 3 -1 3 -1 8 3 3 3 
8 3 8 -1 8 -1 8 8 8 -1 2 -1 3 3 3 3 8 3 8 3 
1 1 3 -1 -1 8 -1 -1 -1 2 2 2 3 3 3 3 3 3 3 8 
-1 8 8 -1 -1 -1 -1 2 -1 2 2 2 -1 3 3 3 -1 3 3 3 
1 8 8 8 8 1 1 2 -1 2 2 -1 -1 -1 -1 3 3 8 9 3 
3 8 -1 8 -1 1 2 2 2 2 -1 -1 -1 8 8 -1 8 8 -1 8 
-1 1 1 8 1 1 2 2 3 2 -1 1 8 1 9 8 -1 8 8 8 
1 -1 1 8 -1 1 1 1 3 2 1 -1 4 8 8 8 -1 8 8 -1 
-1 4 4 8 8 4 40 40 4 4 4 4 4 -1 4 4 -1 4 4 4 
-1 4 1 8 4 4 4 4 4 9 4 -1 4 4 4 4 1 4 2 -1 
4 4 -1 1 4 4 4 1 -1 9 -1 -1 8 -1 4 4 1 1 2 2 
4 4 8 -1 1 4 3 1 8 -1 -1 -1 4 -1 4 -1 1 1 -1 1 
1 1 -1 -1 1 -1 4 -1 -1 8 8 -1 4 4 -1 4 -1 1 1 8 
8 8 1 8 1 1 1 8 -1 4 -1 4 4 4 4 -1 4 4 -1 8 
8 8 8 -1 -1 1 1 8 8 4 4 4 1 1 -1 4 4 4 8 8 
8 1 4 2 8 1 4 4 4 4 1 1 1 4 4 4 4 4 -1 8 
8 4 -1 2 2 2 8 4 8 4 1 1 4 4 8 4 4 -1 8 8 
8 4 2 2 8 2 8 8 -1 -1 1 1 8 4 4 8 8 2 1 2 
-1 8 2 8 8 8 4 -1 8 8 -1 1 -1 8 8 8 8 8 2 2 
2 8 8 8 8 8 8 4 8 8 8 8 -1 8 8 8 8 -1 2 2 
-1 8 8 8 8 8 8 8 8 8 8 8 8 8 8 8 8 -1 2 2 
-1 2 8 8 8 8 -1 8 8 8 8 8 8 8 8 4 8 4 2 2 
8 8 8 -1 8 -1 -1 8 8 8 8 8 8 8 8 8 4 4 4 2 
4 4 8 4 -1 8 -1 -1 -1 8 8 8 8 8 8 4 4 4 2 2 
4 2 4 8 8 -1 -1 -1 -1 9 8 8 8 8 8 8 4 4 4 -1 
2 4 -1 8 4 8 -1 -1 -1 -1 8 4 9 4 8 8 4 4 4 4 
4 8 8 4 8 4 -1 -1 -1 -1 8 9 4 4 8 4 4 9 4 2 
4 4 4 8 8 -1 -1 40 -1 -1 9 4 4 4 4 4 4 4 32 4 
-1 4 4 8 8 8 4 8 8 8 8 8 1 -1 1 4 1 -1 4 -1 
4 4 4 8 8 4 4 4 4 8 8 1 1 1 4 4 -1 8 1 1 
8 5 5 8 8 -1 4 4 4 8 8 8 4 4 4 -1 4 -1 8 1 
4 4 2 4 8 -1 4 4 8 8 8 8 1 1 1 1 -1 4 4 8 
4 4 2 2 8 4 4 8 8 8 1 1 1 4 4 1 1 4 4 -1 
2 2 -1 4 4 4 2 4 1 1 1 1 1 1 4 4 4 4 -1 -1 
-1 -1 4 4 -1 4 2 2 4 1 2 4 1 1 -1 4 4 -1 8 8 
-1 4 4 4 2 2 4 2 -1 -1 4 2 8 1 1 4 5 -1 -1 8 
4 4 -1 -1 4 2 2 -1 2 2 2 2 2 1 -1 4 4 -1 8 4 
4 4 4 4 2 2 2 2 -1 2 2 4 2 -1 8 4 -1 -1 4 -1 
4 -1 -1 4 -1 5 5 2 2 2 2 4 8 4 4 8 4 -1 -1 -1 
-1 -1 -1 -1 4 4 -1 4 -1 2 2 8 4 4 4 4 8 8 -1 -1 
-1 4 8 -1 -1 4 4 4 4 2 8 8 40 8 4 4 4 -1 -1 -1 
-1 -1 4 8 4 4 4 4 2 2 8 40 8 8 8 40 4 -1 -1 -1 
4 -1 4 4 4 4 4 2 -1 4 8 40 40 40 8 8 4 4 -1 -1 
-1 4 4 4 4 4 -1 1 1 1 4 4 40 4 4 4 -1 -1 -1 4 
-1 4 8 -1 8 8 1 8 -1 -1 4 1 -1 -1 4 4 4 4 -1 -1 
-1 4 -1 8 8 8 8 8 4 4 1 4 -1 -1 -1 -1 -1 4 4 4 
2 2 4 4 8 8 8 8 -1 8 1 8 1 1 4 -1 -1 1 4 4 
-1 -1 4 4 2 4 -1 4 8 8 1 1 1 1 4 4 1 -1 4 2 
5 2 5 -1 -1 -1 -1 8 8 -1 -1 4 8 -1 -1 9 4 5 5 5 
4 5 4 4 4 4 9 8 8 -1 5 -1 4 -1 4 4 9 9 -1 4 
4 -1 4 4 4 4 8 8 -1 8 8 8 4 4 6 4 4 5 -1 -1 
5 -1 4 4 4 -1 -1 4 8 8 -1 -1 4 4 4 5 4 5 5 5 
2 1 4 4 4 -1 -1 8 8 8 8 8 -1 4 4 5 5 5 5 5 
1 4 -1 8 8 8 8 8 5 -1 -1 -1 -1 4 5 5 4 4 -1 4 
-1 -1 8 8 8 5 5 8 5 -1 -1 4 -1 -1 4 -1 -1 4 4 4 
-1 -1 -1 -1 4 -1 5 5 8 5 8 8 4 -1 -1 5 -1 4 4 -1 
-1 4 4 4 4 4 8 -1 8 8 5 4 4 4 -1 -1 4 4 4 -1 
5 -1 4 4 4 8 8 8 8 8 5 4 -1 -1 -1 -1 -1 -1 -1 -1 
5 5 33 33 33 -1 8 -1 8 3 4 4 5 -1 -1 -1 -1 -1 4 2 
2 5 33 4 4 4 -1 8 1 -1 5 4 5 -1 -1 -1 -1 4 -1 2 
2 -1 -1 1 4 4 5 3 1 4 5 -1 5 -1 4 -1 -1 -1 4 2 
-1 4 4 4 4 4 4 1 4 5 -1 -1 -1 -1 -1 4 4 4 -1 -1 
-1 -1 4 4 4 1 5 4 -1 4 4 -1 -1 -1 4 4 4 -1 4 -1 
-1 4 4 -1 1 8 9 4 -1 -1 3 -1 -1 -1 4 4 -1 4 4 5 
-1 4 4 4 -1 -1 -1 -1 -1 -1 -1 3 -1 -1 4 -1 4 4 4 -1 
-1 -1 -1 -1 -1 -1 -1 -1 -1 -1 -1 -1 -1 5 4 4 4 4 4 4 
4 -1 -1 -1 -1 -1 -1 9 -1 9 9 5 4 5 4 5 4 4 -1 4 
2 -1 -1 -1 -1 -1 -1 -1 9 -1 4 5 5 4 2 -1 5 4 4 5 
5 -1 1 1 4 12 4 -1 -1 -1 -1 -1 -1 -1 -1 -1 -1 2 5 -1 
-1 9 9 8 8 9 8 -1 -1 -1 -1 -1 8 8 -1 -1 -1 5 5 5 
-1 -1 -1 8 9 8 -1 -1 -1 8 8 8 8 -1 -1 -1 5 5 5 -1 
-1 -1 -1 8 8 -1 -1 -1 8 8 8 8 8 8 8 5 4 4 5 -1 
-1 -1 -1 8 9 -1 -1 -1 -1 -1 8 8 8 8 -1 5 4 5 -1 -1 
-1 -1 8 8 -1 -1 -1 8 8 8 8 8 8 8 8 -1 5 4 -1 -1 
-1 -1 8 8 8 8 -1 8 -1 8 8 -1 8 8 8 8 -1 5 -1 -1 
-1 -1 8 8 8 8 -1 -1 8 -1 8 8 8 -1 -1 1 -1 -1 -1 -1 
-1 -1 -1 -1 8 4 4 8 8 8 8 8 1 1 1 8 1 -1 -1 -1 
1 1 -1 4 4 -1 4 8 8 8 8 8 8 1 1 1 1 -1 -1 -1 
1 -1 1 -1 4 4 -1 -1 8 8 8 -1 8 1 8 2 6 -1 -1 -1 
-1 1 1 1 4 4 1 8 -1 8 8 8 -1 -1 -1 -1 -1 -1 -1 -1 
-1 1 1 1 1 -1 4 1 -1 8 8 8 -1 -1 -1 4 -1 -1 -1 -1 
-1 1 1 1 1 1 4 4 1 1 8 8 -1 -1 -1 4 -1 -1 -1 -1 
-1 1 1 1 4 1 1 1 1 1 8 5 -1 -1 -1 -1 -1 -1 -1 -1 
1 1 1 1 1 4 1 1 -1 1 -1 8 -1 -1 -1 -1 -1 -1 -1 -1 
-1 -1 1 1 1 1 -1 8 -1 -1 1 -1 -1 -1 -1 -1 -1 -1 -1 -1 
-1 1 1 12 1 2 2 -1 -1 -1 -1 -1 -1 -1 -1 -1 -1 -1 -1 -1 
-1 1 1 12 8 2 2 2 -1 -1 -1 -1 -1 -1 4 -1 -1 -1 -1 -1 
-1 1 -1 1 8 4 2 9 2 -1 -1 -1 -1 -1 -1 -1 -1 2 -1 -1 
8 -1 -1 8 6 -1 2 -1 -1 2 2 -1 -1 -1 -1 -1 -1 -1 -1 -1 
-1 -1 -1 -1 1 6 2 2 2 2 -1 -1 -1 -1 -1 2 -1 -1 -1 -1 
-1 -1 -1 -1 6 6 6 2 2 2 2 -1 -1 -1 2 2 2 -1 -1 -1 
-1 -1 -1 -1 6 -1 6 -1 2 2 2 -1 -1 2 2 2 2 -1 -1 -1 
-1 -1 -1 2 2 6 -1 2 1 2 2 -1 2 2 2 -1 2 -1 -1 -1 
-1 -1 -1 -1 2 2 1 1 1 1 2 -1 2 2 2 2 -1 -1 -1 -1 
-1 -1 -1 -1 -1 6 6 1 1 1 -1 2 2 2 2 2 -1 -1 -1 -1 
-1 -1 -1 -1 -1 -1 -1 -1 -1 -1 -1 -1 2 2 2 2 2 2 -1 -1 
-1 -1 -1 -1 -1 -1 -1 -1 -1 -1 -1 -1 2 2 2 2 2 -1 -1 -1 
-1 -1 -1 -1 -1 -1 -1 -1 -1 -1 -1 -1 -1 -1 2 -1 2 -1 -1 -1 
-1 -1 -1 -1 -1 -1 -1 -1 -1 -1 -1 2 2 -1 2 2 2 -1 -1 -1 
-1 -1 -1 -1 -1 -1 -1 -1 -1 -1 -1 2 -1 -1 -1 -1 2 -1 -1 -1 
-1 -1 -1 8 8 -1 -1 -1 -1 -1 -1 -1 -1 -1 2 -1 -1 2 -1 -1 
-1 -1 8 8 8 -1 8 -1 8 -1 -1 -1 -1 -1 -1 2 -1 -1 -1 -1 
-1 8 -1 -1 8 8 8 8 -1 1 -1 -1 -1 -1 -1 -1 6 -1 6 -1 
-1 -1 8 8 8 -1 8 1 1 2 -1 -1 -1 -1 2 3 6 3 3 6 
-1 -1 8 8 8 8 8 -1 1 -1 2 -1 -1 -1 -1 2 3 3 3 2 
8 8 8 8 8 8 8 -1 -1 2 -1 -1 -1 -1 -1 -1 -1 3 2 2 
8 8 8 8 8 8 8 8 -1 -1 -1 -1 -1 -1 -1 -1 3 -1 2 8 
8 8 8 -1 8 8 -1 -1 -1 -1 -1 -1 -1 -1 -1 -1 -1 -1 9 8 
-1 -1 -1 -1 -1 -1 -1 -1 -1 1 1 1 -1 -1 -1 -1 -1 -1 -1 -1 
-1 -1 -1 -1 -1 -1 -1 -1 1 1 1 1 -1 -1 -1 -1 -1 -1 -1 -1 
-1 -1 -1 -1 -1 -1 -1 1 1 1 1 -1 -1 -1 -1 -1 -1 -1 -1 -1 
-1 -1 -1 -1 -1 -1 -1 -1 1 1 -1 -1 -1 -1 -1 -1 -1 -1 -1 -1 
-1 -1 -1 -1 -1 -1 -1 -1 1 1 -1 -1 -1 -1 -1 -1 -1 -1 -1 -1 
-1 -1 -1 -1 -1 -1 -1 -1 -1 -1 1 -1 -1 -1 -1 -1 -1 -1 -1 -1 
-1 -1 -1 -1 -1 -1 -1 -1 -1 -1 -1 -1 -1 -1 -1 -1 -1 2 -1 -1 
-1 -1 -1 -1 -1 -1 -1 -1 -1 -1 -1 -1 -1 -1 -1 -1 2 -1 -1 -1 
-1 -1 -1 -1 -1 -1 -1 -1 -1 -1 -1 -1 -1 -1 -1 -1 -1 -1 -1 -1 
-1 -1 -1 -1 -1 -1 -1 -1 -1 8 8 -1 -1 -1 -1 -1 -1 -1 -1 -1 
-1 -1 -1 2 -1 -1 -1 8 8 8 -1 -1 8 -1 -1 -1 8 -1 -1 -1 
-1 -1 2 3 3 -1 -1 8 8 8 8 8 -1 -1 -1 -1 -1 -1 -1 -1 
-1 -1 -1 3 3 -1 8 8 8 8 8 8 8 8 -1 -1 -1 -1 -1 -1 
-1 -1 3 3 3 -1 -1 8 8 9 8 -1 8 8 -1 -1 -1 -1 -1 -1 
-1 -1 3 -1 -1 -1 2 9 9 9 -1 8 -1 -1 -1 -1 -1 -1 -1 -1 
-1 -1 -1 -1 2 -1 2 9 -1 -1 8 -1 -1 -1 -1 -1 -1 -1 -1 -1 
-1 -1 -1 -1 -1 8 2 -1 -1 -1 -1 -1 -1 -1 -1 -1 -1 -1 -1 -1 
-1 -1 -1 -1 8 -1 2 2 -1 2 -1 -1 -1 -1 -1 -1 -1 -1 -1 -1 
-1 -1 -1 -1 -1 2 -1 2 1 -1 -1 -1 -1 -1 -1 -1 -1 -1 -1 -1 
-1 -1 -1 -1 -1 -1 -1 -1 -1 1 1 -1 -1 -1 -1 -1 -1 -1 -1 -1 
8 -1 -1 -1 -1 -1 2 -1 -1 -1 -1 -1 -1 -1 -1 8 8 8 4 4 
-1 8 -1 -1 -1 2 2 -1 -1 -1 -1 -1 -1 -1 8 8 8 4 8 8 
8 8 8 -1 -1 -1 -1 -1 -1 8 8 -1 8 -1 -1 8 -1 4 4 4 
4 8 8 8 -1 -1 -1 -1 -1 -1 8 8 9 9 8 -1 4 8 4 8 
-1 -1 -1 -1 -1 -1 -1 -1 -1 -1 -1 -1 -1 9 9 4 4 4 4 -1 
-1 -1 -1 4 -1 -1 -1 -1 -1 -1 1 -1 -1 -1 9 9 -1 2 2 4 
4 -1 -1 -1 4 4 4 -1 -1 -1 8 1 -1 -1 9 9 2 2 2 2 
4 -1 -1 -1 -1 -1 -1 -1 -1 -1 -1 8 8 -1 -1 2 -1 -1 -1 -1 
-1 -1 -1 -1 1 -1 -1 -1 2 -1 2 8 8 -1 -1 2 -1 -1 -1 -1 
-1 -1 -1 1 1 1 1 -1 -1 2 -1 -1 -1 -1 -1 -1 -1 -1 -1 4 
-1 -1 -1 8 1 1 -1 -1 -1 -1 -1 -1 -1 -1 -1 -1 -1 -1 4 4 
4 4 -1 -1 4 -1 -1 -1 -1 -1 -1 -1 -1 -1 2 2 4 4 -1 4 
2 4 4 4 -1 -1 -1 -1 -1 -1 2 -1 2 -1 2 2 4 4 2 2 
4 -1 -1 -1 -1 -1 -1 -1 -1 -1 2 2 2 -1 2 2 2 2 4 2 
4 -1 4 -1 -1 -1 -1 -1 -1 2 2 2 2 -1 -1 4 4 4 4 -1 
4 4 8 8 -1 8 -1 -1 -1 4 4 -1 2 2 4 4 -1 4 4 4 
4 4 8 -1 8 -1 -1 -1 -1 -1 -1 -1 4 2 4 4 4 4 4 4 
4 4 8 8 8 -1 -1 -1 -1 -1 -1 -1 4 4 -1 4 4 4 4 4 
4 8 -1 8 8 8 -1 -1 -1 -1 -1 -1 4 4 -1 32 -1 4 4 4 
4 -1 -1 8 -1 -1 -1 2 -1 -1 -1 -1 -1 -1 -1 32 32 4 4 4 
-1 -1 -1 8 -1 -1 -1 1 -1 -1 2 2 -1 32 32 -1 32 -1 32 -1 
-1 -1 -1 -1 8 -1 8 -1 -1 -1 2 1 32 -1 -1 -1 -1 -1 -1 -1 
-1 1 1 8 8 -1 -1 -1 -1 -1 1 1 -1 -1 -1 -1 -1 -1 -1 -1 
1 1 1 -1 -1 8 -1 -1 1 -1 1 1 -1 -1 -1 -1 -1 -1 -1 1 
1 4 1 -1 -1 -1 8 8 -1 -1 -1 -1 -1 -1 -1 -1 -1 -1 6 1 
-1 -1 -1 -1 -1 -1 -1 8 1 -1 -1 -1 -1 -1 -1 -1 -1 6 6 -1 
-1 -1 -1 8 -1 -1 -1 -1 8 1 1 -1 1 -1 -1 -1 6 -1 -1 -1 
-1 8 -1 8 8 -1 -1 -1 -1 -1 -1 1 -1 1 -1 -1 6 6 -1 -1 
-1 8 8 -1 8 8 -1 -1 -1 -1 -1 -1 -1 1 -1 -1 -1 1 -1 -1 
8 8 -1 8 8 -1 -1 -1 -1 1 -1 -1 -1 -1 -1 -1 1 -1 8 -1 
8 8 4 -1 -1 -1 -1 -1 -1 1 1 -1 -1 -1 -1 -1 -1 -1 -1 8 
8 -1 4 -1 -1 -1 -1 -1 1 1 -1 -1 -1 1 1 -1 -1 -1 1 1 
1 -1 -1 -1 8 -1 -1 1 1 1 1 -1 -1 1 -1 -1 -1 -1 1 8 
-1 -1 -1 8 -1 -1 -1 -1 1 1 1 1 1 1 -1 -1 8 8 1 1 
8 8 8 8 8 -1 -1 -1 1 1 1 2 -1 -1 -1 -1 8 1 1 8 
8 8 -1 -1 8 8 -1 4 -1 2 1 2 2 -1 -1 8 8 8 8 8 
-1 8 -1 -1 8 8 -1 -1 -1 -1 -1 2 2 4 -1 -1 -1 -1 8 8 
8 -1 -1 -1 -1 -1 -1 -1 -1 -1 -1 2 2 2 32 32 32 32 8 -1 
-1 -1 -1 -1 -1 -1 -1 -1 -1 1 -1 2 2 2 32 32 32 32 -1 -1 
-1 -1 -1 -1 -1 -1 -1 -1 1 2 2 2 2 32 32 -1 32 32 32 -1 
-1 8 2 -1 4 4 -1 4 -1 1 1 1 1 -1 4 4 4 8 -1 8 
8 -1 2 4 -1 -1 4 4 -1 1 1 1 1 1 1 -1 4 8 8 8 
8 2 -1 2 -1 4 -1 1 1 -1 -1 1 -1 -1 1 -1 4 4 -1 8 
-1 -1 4 -1 -1 4 4 -1 1 -1 1 -1 -1 8 -1 4 4 32 8 -1 
-1 -1 4 4 4 4 4 4 -1 -1 1 -1 -1 -1 8 -1 4 -1 -1 8 
8 -1 -1 -1 4 8 8 8 -1 1 1 1 1 -1 -1 -1 -1 -1 -1 8 
8 -1 -1 -1 8 8 8 -1 -1 -1 1 1 1 -1 -1 -1 -1 -1 8 8 
-1 -1 6 6 8 8 8 8 -1 -1 1 1 1 -1 -1 -1 -1 -1 -1 -1 
-1 -1 -1 4 8 8 -1 8 8 8 1 1 1 -1 1 1 1 1 8 8 
-1 -1 -1 -1 4 4 -1 -1 -1 8 1 1 1 1 1 1 1 1 8 8 
-1 -1 -1 -1 4 4 -1 -1 8 -1 8 1 1 -1 -1 1 1 1 1 8 
-1 -1 -1 -1 -1 -1 -1 -1 1 1 1 1 1 1 -1 32 1 1 8 8 
-1 -1 -1 8 -1 -1 -1 -1 -1 -1 1 1 1 -1 -1 -1 1 8 1 -1 
-1 -1 8 -1 -1 -1 4 -1 -1 -1 -1 1 -1 1 -1 -1 8 8 8 8 
8 -1 -1 -1 -1 4 4 -1 -1 4 8 8 1 -1 -1 -1 8 8 8 8 
8 -1 -1 -1 4 4 4 4 4 -1 8 8 -1 -1 -1 1 8 8 8 8 
-1 8 -1 4 4 4 4 -1 -1 -1 8 8 8 8 1 4 1 8 -1 8 
8 -1 -1 -1 4 -1 4 4 -1 -1 8 8 8 8 4 -1 -1 4 4 -1 
-1 8 -1 -1 4 -1 -1 -1 4 8 4 -1 8 -1 4 4 4 4 4 4 
8 -1 -1 -1 8 8 -1 -1 4 4 1 1 8 4 1 -1 4 8 4 8 
4 4 4 4 8 4 4 8 8 8 8 8 8 4 4 4 4 -1 -1 4 
4 4 4 4 8 4 -1 -1 -1 8 8 1 1 -1 4 4 4 4 4 4 
4 4 8 4 2 -1 -1 -1 8 1 1 8 1 4 4 4 4 4 4 4 
32 4 -1 4 2 -1 -1 1 -1 1 8 -1 4 4 4 4 4 -1 1 4 
4 -1 2 2 4 -1 1 1 1 -1 -1 -1 -1 4 -1 4 -1 4 1 32 
-1 4 2 2 -1 2 -1 -1 -1 1 -1 4 4 4 1 4 4 1 32 32 
32 4 4 2 2 -1 -1 -1 -1 1 -1 -1 4 4 4 40 4 4 32 4 
4 4 1 2 -1 -1 -1 -1 -1 -1 -1 -1 -1 4 4 40 40 32 4 2 
4 -1 4 2 4 -1 -1 -1 -1 -1 -1 -1 -1 4 4 32 32 32 4 4 
4 4 -1 4 2 4 -1 -1 -1 32 -1 32 32 4 32 32 32 32 4 -1 
4 4 4 8 3 8 1 8 -1 -1 2 2 -1 32 32 32 32 32 -1 8 
-1 -1 -1 4 8 1 8 4 -1 2 2 8 32 32 32 32 32 32 8 -1 
-1 -1 -1 4 1 -1 4 4 8 -1 2 2 8 32 32 32 32 32 -1 -1 
-1 -1 4 -1 -1 4 4 4 -1 8 2 2 -1 8 32 -1 -1 -1 -1 -1 
-1 1 4 4 4 4 -1 4 8 -1 8 8 -1 8 -1 -1 -1 -1 -1 -1 
-1 4 1 4 4 4 4 8 8 -1 8 8 8 8 8 1 -1 -1 -1 -1 
-1 1 4 4 8 4 4 4 8 -1 8 8 8 8 8 -1 -1 2 -1 -1 
-1 -1 4 -1 4 4 4 4 -1 8 8 8 8 -1 8 -1 4 -1 2 -1 
-1 -1 -1 4 4 -1 4 4 8 8 8 8 8 8 8 8 4 -1 2 2 
4 4 -1 -1 8 4 -1 -1 8 8 -1 4 8 8 8 4 4 -1 -1 4 
-1 1 1 1 -1 1 1 -1 2 -1 -1 -1 2 2 -1 -1 -1 -1 -1 -1 
8 1 -1 -1 1 -1 1 -1 -1 2 2 -1 2 -1 -1 -1 -1 -1 2 -1 
-1 -1 -1 -1 -1 1 -1 -1 2 2 2 -1 -1 -1 -1 -1 2 2 8 8 
8 -1 -1 1 1 -1 1 2 2 -1 -1 -1 -1 -1 -1 -1 2 8 8 8 
-1 -1 -1 -1 1 1 1 4 -1 2 -1 -1 -1 -1 -1 2 -1 2 8 -1 
4 4 4 -1 -1 1 1 4 -1 -1 -1 -1 1 -1 1 1 2 2 2 4 
4 1 -1 -1 1 1 4 -1 2 -1 -1 -1 4 1 1 -1 -1 2 4 4 
4 1 -1 1 1 1 4 -1 2 -1 4 -1 4 1 2 2 2 2 4 4 
-1 1 1 1 1 -1 4 -1 -1 2 1 1 4 1 2 2 2 -1 -1 -1 
-1 1 1 1 1 -1 -1 -1 2 -1 1 -1 1 -1 1 -1 -1 -1 2 -1 
-1 1 -1 1 1 -1 -1 2 2 -1 2 2 -1 1 -1 -1 -1 2 2 -1 
1 1 1 1 -1 1 -1 1 -1 2 2 2 -1 -1 -1 -1 1 2 2 1 
8 1 1 1 4 4 1 -1 -1 2 2 -1 -1 -1 -1 -1 -1 1 1 2 
1 -1 8 1 1 1 -1 -1 2 -1 -1 1 -1 -1 -1 1 1 1 -1 -1 
1 1 4 8 1 1 1 1 4 -1 -1 -1 1 -1 -1 1 -1 1 1 1 
1 1 4 4 1 1 -1 -1 -1 -1 -1 -1 -1 1 1 -1 2 -1 -1 1 
1 1 1 1 -1 -1 -1 1 1 8 -1 -1 1 1 1 -1 -1 -1 -1 -1 
-1 1 -1 -1 1 1 -1 1 8 8 -1 8 -1 1 -1 -1 -1 -1 -1 1 
-1 -1 -1 1 1 -1 1 -1 8 8 8 8 2 -1 -1 -1 -1 -1 1 -1 
-1 -1 -1 -1 1 -1 1 1 -1 8 -1 -1 2 2 2 -1 -1 -1 -1 -1 
4 4 2 -1 4 -1 -1 1 -1 -1 1 1 3 -1 -1 -1 1 1 -1 4 
4 4 -1 2 4 -1 -1 2 3 1 1 1 -1 -1 1 -1 -1 1 1 4 
4 -1 -1 -1 2 -1 2 3 1 1 1 -1 -1 1 1 1 1 1 4 4 
4 4 1 1 4 2 3 3 3 1 1 1 -1 -1 1 -1 1 -1 4 4 
4 4 4 1 4 -1 8 3 -1 1 1 1 -1 -1 1 -1 1 1 -1 4 
4 -1 -1 4 -1 8 8 8 -1 -1 1 1 1 1 -1 1 4 1 1 -1 
-1 -1 -1 -1 8 8 8 8 -1 -1 8 1 -1 1 1 4 4 4 5 4 
-1 -1 8 -1 8 8 8 8 8 8 -1 1 -1 1 1 4 4 1 5 4 
-1 -1 -1 8 4 -1 8 8 8 -1 1 2 1 1 4 4 4 5 -1 -1 
-1 -1 8 4 2 4 4 4 8 8 -1 1 2 -1 1 1 4 5 -1 -1 
-1 3 2 2 4 4 4 -1 8 8 -1 -1 1 2 2 1 -1 5 -1 -1 
2 3 3 -1 -1 4 -1 8 8 8 2 -1 -1 1 2 2 -1 1 -1 2 
4 3 3 4 4 4 -1 8 -1 8 2 1 -1 4 2 1 -1 -1 -1 -1 
4 4 4 2 4 4 4 4 2 4 4 4 4 4 4 4 1 -1 -1 2 
2 4 2 2 2 4 4 4 4 -1 -1 4 4 4 4 2 -1 1 -1 4 
4 4 2 4 4 -1 4 4 4 4 4 4 4 4 4 2 2 1 -1 -1 
4 4 4 4 4 4 4 4 4 4 4 4 4 4 2 4 4 4 -1 4 
4 4 4 4 4 4 4 4 -1 4 2 4 4 4 4 -1 4 4 4 4 
4 4 4 4 4 4 -1 4 -1 4 3 3 3 4 4 -1 4 4 -1 4 
4 4 -1 4 -1 -1 -1 -1 -1 4 4 2 4 4 2 -1 1 2 4 -1 
4 4 2 -1 -1 4 2 4 -1 4 4 2 4 4 4 4 4 -1 4 4 
4 4 4 2 2 4 -1 4 4 4 4 4 -1 4 4 -1 4 -1 4 4 
4 4 4 4 2 2 4 -1 4 -1 2 -1 4 -1 1 1 1 4 4 4 
4 4 4 4 2 4 4 -1 -1 -1 1 1 1 -1 -1 1 4 2 4 4 
4 4 4 2 -1 4 4 -1 1 1 1 -1 1 1 1 1 -1 4 4 4 
4 4 4 -1 4 4 -1 1 1 4 1 1 4 4 1 1 1 4 2 -1 
4 4 4 -1 4 4 4 4 -1 4 2 4 1 4 -1 1 -1 4 4 3 
4 4 -1 4 -1 4 4 4 4 2 4 2 4 4 4 -1 2 4 4 4 
4 4 -1 4 4 8 4 4 2 4 4 4 4 -1 -1 -1 -1 4 4 4 
4 4 4 -1 1 4 4 -1 4 2 4 -1 1 -1 -1 2 4 4 4 -1 
-1 4 4 -1 -1 4 4 4 1 1 -1 -1 1 1 1 -1 4 4 -1 -1 
4 -1 -1 1 -1 4 4 1 4 1 -1 -1 1 1 1 1 4 -1 -1 -1 
4 -1 1 -1 1 -1 4 4 4 4 -1 4 4 4 1 1 -1 4 1 1 
1 -1 1 -1 2 -1 4 4 4 4 4 4 4 4 -1 1 1 1 4 1 
4 1 4 -1 -1 -1 -1 4 4 -1 4 -1 -1 -1 -1 1 4 4 4 4 
4 4 1 4 -1 -1 -1 4 4 4 4 4 -1 -1 -1 8 -1 4 4 4 
4 -1 4 4 4 1 -1 -1 -1 4 4 -1 -1 -1 -1 4 8 4 4 4 
4 4 8 -1 -1 -1 1 4 4 4 4 4 -1 -1 -1 -1 4 4 4 4 
4 4 4 8 4 -1 -1 4 4 4 4 4 4 -1 4 4 4 4 8 4 
4 4 8 8 -1 4 4 4 4 4 2 1 4 4 4 4 2 2 4 4 
-1 -1 4 -1 -1 -1 -1 -1 -1 -1 -1 4 -1 2 2 -1 -1 -1 -1 -1 
-1 -1 -1 -1 -1 -1 -1 -1 -1 -1 4 -1 4 -1 2 2 -1 -1 -1 -1 
-1 -1 -1 -1 -1 -1 -1 -1 -1 -1 -1 4 4 4 4 2 -1 2 -1 -1 
-1 -1 -1 -1 -1 -1 -1 -1 4 4 4 4 4 32 4 4 2 -1 -1 -1 
-1 -1 -1 -1 -1 -1 -1 -1 -1 -1 4 4 -1 4 4 4 -1 2 -1 -1 
-1 -1 -1 4 4 4 -1 -1 -1 -1 -1 4 4 4 4 4 -1 -1 -1 -1 
-1 -1 -1 -1 4 4 4 4 -1 -1 4 4 4 4 4 -1 -1 -1 -1 -1 
-1 -1 -1 -1 -1 4 4 4 -1 -1 -1 4 4 4 4 4 -1 -1 -1 4 
-1 4 4 4 4 -1 4 -1 4 -1 4 4 4 4 4 4 -1 -1 -1 -1 
-1 4 -1 4 -1 4 -1 4 4 4 -1 4 4 -1 4 4 4 -1 -1 -1 
-1 -1 4 4 4 4 4 4 4 4 4 4 4 4 -1 4 4 4 -1 -1 
-1 -1 1 1 1 1 4 4 -1 4 -1 -1 4 4 -1 4 -1 4 1 -1 
1 -1 -1 1 1 1 1 1 -1 1 4 -1 -1 -1 -1 -1 -1 -1 -1 1 
-1 -1 -1 1 1 1 1 1 1 -1 -1 1 -1 -1 4 -1 -1 -1 1 1 
-1 -1 -1 -1 1 1 -1 1 1 1 1 8 1 6 -1 -1 -1 -1 1 1 
-1 -1 -1 5 -1 -1 1 1 1 1 -1 8 -1 4 6 -1 1 1 -1 -1 
-1 -1 -1 -1 5 -1 -1 -1 -1 1 1 -1 8 -1 4 1 1 1 1 -1 
-1 -1 4 -1 4 -1 -1 -1 -1 1 -1 -1 8 8 8 1 1 -1 -1 -1 
-1 -1 4 4 4 4 -1 -1 -1 -1 -1 -1 -1 -1 2 2 -1 -1 -1 -1 
-1 4 4 4 4 -1 -1 -1 -1 -1 -1 -1 -1 -1 2 2 -1 -1 -1 -1 
