# Avida Host Tasks data
# Fri Sep 25 14:19:08 2020
# First column gives the current update, next columns give the number
# of Hosts that have the particular task
#  1: Update
#  2: Not
#  3: Nand
#  4: And
#  5: OrNot
#  6: Or
#  7: AndNot
#  8: Nor
#  9: Xor
# 10: Equals

0 0 0 0 0 0 0 0 0 0 
100 188 0 0 0 0 0 0 0 0 
200 486 0 0 0 0 0 0 0 0 
300 759 0 0 0 0 0 0 0 0 
400 1464 1 0 0 0 0 0 0 0 
500 2136 1 0 0 0 0 0 0 0 
600 3415 2 1 0 0 0 0 0 0 
700 4855 4 0 0 0 0 0 0 0 
800 5770 10 1 0 0 0 0 0 0 
900 7508 22 4 0 0 0 0 0 0 
1000 8706 31 3 0 0 0 0 0 0 
1100 10263 51 2 0 0 0 0 0 0 
1200 11859 65 4 0 0 0 0 0 0 
1300 13203 83 2 0 0 0 0 0 0 
1400 15012 94 3 6 0 0 0 0 0 
1500 16470 113 7 10 0 0 0 0 0 
1600 18030 127 7 13 0 0 0 0 0 
1700 19461 137 7 12 0 0 0 0 0 
1800 20738 148 6 18 0 0 0 0 0 
1900 22009 163 6 17 0 0 0 0 0 
2000 23218 184 5 21 0 0 0 0 0 
2100 24126 200 6 23 0 0 0 0 0 
2200 25043 222 8 21 0 0 0 0 0 
2300 25728 243 8 24 0 0 0 0 0 
2400 26295 270 10 28 0 0 0 0 0 
2500 26872 286 9 29 0 0 0 0 0 
2600 27109 305 14 32 0 0 0 0 0 
2700 27508 311 11 31 0 0 0 0 0 
2800 27676 336 11 25 0 0 0 0 0 
2900 27801 340 16 21 0 0 0 0 0 
3000 27972 331 15 22 0 0 0 0 0 
3100 28087 334 9 30 0 0 0 0 0 
3200 28292 349 10 30 0 0 0 0 0 
3300 28306 365 11 37 0 0 0 0 0 
3400 28215 389 8 42 0 0 0 0 0 
3500 28110 400 9 35 0 0 0 0 0 
3600 27985 408 6 40 0 0 0 0 0 
3700 27873 432 9 29 0 0 0 0 0 
3800 27803 443 10 29 0 0 0 0 0 
3900 27596 484 9 29 0 0 0 0 0 
4000 27418 503 4 27 0 0 0 0 0 
4100 27301 546 6 26 0 0 0 0 0 
4200 27024 570 10 22 0 0 0 0 0 
4300 26796 604 8 31 0 0 0 0 0 
4400 26412 640 8 32 0 0 0 0 0 
4500 25959 686 8 39 0 0 0 0 0 
4600 25359 745 9 48 0 0 0 0 0 
4700 24585 815 11 61 0 0 0 0 0 
4800 23909 871 12 70 0 0 0 0 0 
4900 22976 992 13 76 0 0 0 0 0 
5000 22250 1130 15 82 0 0 0 0 0 
5100 21350 1276 17 98 0 0 0 0 0 
5200 20373 1441 24 109 0 0 0 0 0 
5300 19460 1654 32 117 0 1 0 0 0 
5400 18605 1889 36 135 0 0 0 0 0 
5500 18062 2159 50 141 0 0 0 0 0 
5600 17464 2374 56 169 0 2 0 0 0 
5700 16996 2651 66 178 0 4 0 0 0 
5800 16666 2998 73 201 0 3 0 0 0 
5900 16242 3306 82 215 0 2 0 0 0 
6000 15958 3655 108 246 0 2 0 0 0 
6100 15640 4029 124 280 0 3 0 0 0 
6200 15320 4436 157 299 0 3 0 0 0 
6300 14905 4898 180 361 0 2 0 0 0 
6400 14535 5408 194 430 0 4 0 0 0 
6500 14087 6008 232 455 0 5 0 0 0 
6600 13681 6536 254 524 2 4 0 0 0 
6700 13310 7122 292 562 4 4 0 0 0 
6800 12990 7642 331 684 6 11 0 0 0 
6900 12615 8095 362 782 4 9 0 0 0 
7000 12382 8460 413 830 4 11 0 0 0 
7100 12088 8730 445 931 6 12 0 0 0 
7200 12003 8926 502 989 6 13 0 0 0 
7300 11867 9110 517 1081 5 14 0 0 0 
7400 11731 9123 575 1233 6 15 0 0 0 
7500 11640 9124 617 1287 5 21 0 0 0 
7600 11452 9108 653 1426 5 20 0 0 0 
7700 11503 9059 686 1544 8 23 0 0 0 
7800 11456 9000 717 1709 9 25 0 0 0 
7900 11473 8918 784 1876 10 35 0 0 0 
8000 11512 8865 833 1992 10 25 0 0 0 
8100 11463 8715 897 2160 9 21 0 0 0 
8200 11332 8525 971 2320 9 30 0 0 0 
8300 11322 8266 1051 2477 6 44 0 0 0 
8400 11313 7940 1104 2717 5 41 0 0 0 
8500 11370 7675 1181 2849 8 52 0 0 0 
8600 11223 7370 1235 3114 9 47 0 0 0 
8700 11167 7034 1287 3249 9 48 0 0 0 
8800 10927 6821 1365 3471 9 58 0 0 0 
8900 10791 6497 1406 3712 12 59 0 0 0 
9000 10595 6333 1514 3893 13 62 0 0 0 
9100 10340 6194 1584 4164 14 60 0 0 0 
9200 10176 6076 1690 4370 12 74 0 0 0 
9300 9908 6073 1778 4585 11 71 0 0 0 
9400 9793 5901 1866 4805 7 78 0 0 0 
9500 9607 5780 1933 4906 6 98 0 0 0 
9600 9522 5599 2007 5119 3 92 0 0 0 
9700 9449 5340 2133 5264 2 83 0 0 0 
9800 9270 5120 2238 5463 1 100 0 0 0 
9900 9101 4879 2343 5662 0 115 0 0 0 
10000 9003 4778 2438 5793 0 115 0 0 0 
10100 8853 4651 2596 5943 0 133 0 0 0 
10200 8726 4569 2713 6050 0 121 0 0 0 
10300 8701 4515 2869 6178 0 127 0 0 0 
10400 8633 4441 3038 6312 0 130 0 0 0 
10500 8615 4330 3123 6502 0 145 0 0 0 
10600 8623 4310 3258 6669 0 162 0 0 0 
10700 8630 4204 3387 6789 2 175 0 0 0 
10800 8625 4158 3528 6843 2 189 0 0 0 
10900 8565 4137 3628 6952 3 212 0 0 0 
11000 8477 4064 3722 6951 3 258 0 0 0 
11100 8508 4008 3823 6914 3 251 0 0 0 
11200 8400 3944 3936 6866 4 274 0 0 0 
11300 8313 3953 4062 6727 6 275 0 0 0 
11400 8333 3947 4178 6617 4 290 0 0 0 
11500 8367 4054 4295 6571 3 299 0 0 0 
11600 8485 4104 4422 6396 3 292 0 0 0 
11700 8573 4149 4510 6339 4 308 0 0 0 
11800 8638 4164 4652 6088 7 341 0 0 0 
11900 8726 4232 4703 6008 7 354 0 0 0 
12000 8596 4290 4793 6002 11 366 0 0 0 
12100 8493 4288 4967 5879 9 389 0 0 0 
12200 8465 4291 5132 5824 16 423 0 0 0 
12300 8332 4368 5277 5662 22 424 0 0 0 
12400 8265 4412 5493 5561 22 445 0 0 0 
12500 8089 4442 5669 5473 27 487 0 0 0 
12600 7885 4441 5765 5525 26 499 0 0 0 
12700 7762 4402 5939 5586 28 523 0 0 0 
12800 7588 4452 6005 5648 39 536 0 0 0 
12900 7426 4446 6083 5773 42 587 0 0 0 
13000 7291 4456 6275 5787 53 612 0 0 0 
13100 7127 4416 6349 5924 57 645 0 0 0 
13200 7107 4328 6510 5977 61 666 0 0 0 
13300 6996 4251 6593 6084 74 695 0 0 0 
13400 6960 4310 6629 6040 78 738 0 0 0 
13500 7037 4282 6701 6066 90 797 0 0 0 
13600 7002 4247 6731 6136 104 833 0 0 0 
13700 6916 4241 6802 6181 118 880 0 0 0 
13800 6890 4127 6743 6294 141 940 0 0 0 
13900 6777 4063 6718 6364 149 978 0 0 0 
14000 6744 4089 6603 6417 168 1026 0 0 0 
14100 6568 4024 6542 6425 183 1073 2 0 0 
14200 6484 4028 6539 6444 198 1118 3 0 0 
14300 6381 4113 6543 6345 221 1191 4 0 0 
14400 6394 4240 6518 6270 240 1284 4 0 0 
14500 6361 4448 6552 6220 258 1371 4 0 0 
14600 6260 4599 6462 6003 282 1453 3 0 0 
14700 6175 4647 6495 5887 297 1569 3 0 0 
14800 6066 4832 6565 5702 328 1650 4 0 0 
14900 5879 4951 6535 5594 342 1722 4 0 0 
15000 5609 5178 6546 5573 366 1851 5 0 0 
15100 5376 5358 6562 5553 406 1923 4 0 0 
15200 5123 5487 6551 5533 416 2090 2 0 0 
15300 5052 5749 6504 5454 458 2225 3 0 0 
15400 5061 5822 6355 5453 504 2360 3 0 0 
15500 4987 5896 6360 5370 520 2563 0 0 0 
15600 5026 5886 6382 5252 584 2731 0 0 0 
15700 5005 5779 6375 5186 617 2841 0 0 0 
15800 4976 5663 6346 5010 663 2975 0 0 0 
15900 4931 5483 6242 4999 682 3082 2 0 0 
16000 4869 5317 6205 4860 697 3289 1 0 0 
16100 4767 5229 6259 4806 747 3405 1 0 0 
16200 4769 5145 6224 4826 787 3589 1 0 0 
16300 4744 5089 6276 4762 804 3747 0 0 0 
16400 4689 5125 6335 4711 855 3857 0 0 0 
16500 4659 5083 6448 4605 899 4008 0 0 0 
16600 4540 5099 6593 4498 917 4187 0 0 0 
16700 4517 5128 6600 4470 963 4289 0 0 0 
16800 4501 5128 6649 4320 977 4453 0 0 0 
16900 4577 5149 6648 4247 1044 4641 0 0 0 
17000 4531 5155 6645 4164 1079 4810 0 0 0 
17100 4601 5112 6697 4164 1096 4939 0 0 0 
17200 4637 5080 6692 4176 1137 5026 0 0 0 
17300 4658 5087 6622 4168 1136 5225 3 0 0 
17400 4676 5033 6644 4153 1167 5305 3 0 0 
17500 4659 5056 6507 4092 1210 5369 1 0 0 
17600 4669 5067 6435 4034 1220 5456 3 0 0 
17700 4573 5108 6370 4035 1242 5575 3 0 0 
17800 4592 5108 6190 4044 1269 5675 2 0 0 
17900 4596 5075 6163 4044 1274 5773 2 0 0 
18000 4645 4990 6083 4070 1279 5898 2 0 0 
18100 4543 4873 6010 4057 1312 6134 2 0 0 
18200 4556 4751 6065 4025 1324 6236 2 0 0 
18300 4515 4485 6002 4080 1331 6440 1 0 0 
18400 4633 4412 6079 3980 1339 6537 1 0 0 
18500 4659 4290 6074 3989 1367 6698 5 0 0 
18600 4708 4188 6081 4060 1411 6813 4 0 0 
18700 4787 4112 6194 4040 1459 6912 5 0 0 
18800 4817 4199 6235 4062 1450 7002 4 0 0 
18900 4911 4132 6242 4110 1475 7148 4 0 0 
19000 4872 4127 6219 4173 1491 7215 5 0 0 
19100 4850 4161 6241 4236 1469 7322 5 0 0 
19200 4799 4197 6274 4278 1492 7336 5 0 0 
19300 4747 4220 6338 4367 1527 7302 5 0 0 
19400 4837 4214 6302 4395 1589 7234 5 0 0 
19500 4845 4218 6385 4413 1647 7192 7 0 0 
19600 4953 4264 6409 4441 1702 7149 8 0 0 
19700 4987 4288 6427 4430 1713 7070 11 0 0 
19800 5003 4282 6397 4366 1747 6957 15 0 0 
19900 4992 4286 6435 4372 1809 6864 18 0 0 
20000 4891 4422 6522 4317 1861 6737 20 0 0 
20100 4866 4495 6625 4314 1879 6573 23 0 0 
20200 4822 4533 6739 4308 1935 6351 18 0 0 
20300 4692 4644 6762 4377 2009 6127 18 0 0 
20400 4766 4747 6844 4333 2057 5766 16 0 0 
20500 4773 4800 6927 4310 2106 5375 18 0 0 
20600 4774 4859 7050 4405 2184 5033 25 0 0 
20700 4750 4875 7111 4484 2266 4743 29 0 0 
20800 4714 4984 7257 4531 2337 4396 34 0 0 
20900 4593 5061 7405 4587 2373 4134 33 0 0 
21000 4508 5143 7540 4563 2478 3891 43 0 0 
21100 4405 5262 7753 4532 2542 3802 44 0 0 
21200 4393 5356 7851 4579 2542 3627 47 0 0 
21300 4447 5534 7988 4575 2633 3452 56 0 0 
21400 4356 5668 8062 4597 2686 3456 60 0 0 
21500 4340 5817 8053 4672 2782 3428 57 0 0 
21600 4368 5896 8024 4781 2883 3354 66 0 0 
21700 4355 6060 8015 4889 3001 3360 73 0 0 
21800 4341 6074 7884 4948 3028 3383 69 0 0 
21900 4470 6138 7732 4964 3113 3422 71 0 0 
22000 4443 6193 7588 4993 3165 3478 76 0 0 
22100 4521 6054 7365 5038 3267 3515 83 0 0 
22200 4530 6097 7233 5069 3312 3508 94 0 0 
22300 4512 5953 7046 5145 3383 3548 95 0 0 
22400 4609 5858 6918 5080 3432 3618 107 0 0 
22500 4691 5801 6623 5096 3526 3653 107 0 0 
22600 4699 5744 6255 5077 3564 3795 108 0 0 
22700 4805 5585 6043 5088 3620 3949 117 0 0 
22800 4919 5605 5822 5133 3674 4107 128 0 0 
22900 5134 5459 5641 5103 3752 4245 132 0 0 
23000 5321 5339 5501 5088 3820 4336 134 0 0 
23100 5484 5091 5416 4961 3945 4421 145 0 0 
23200 5585 4895 5428 4847 3998 4526 154 0 0 
23300 5684 4649 5395 4761 4118 4628 160 0 0 
23400 5751 4430 5342 4621 4247 4786 175 0 0 
23500 5803 4198 5309 4346 4337 4944 166 0 0 
23600 5878 3997 5185 4219 4505 5012 165 0 0 
23700 5877 3719 5122 4047 4612 5092 169 0 0 
23800 5775 3452 5091 3863 4769 5222 173 0 0 
23900 5754 3195 5075 3718 4821 5466 157 0 0 
24000 5585 3019 5056 3686 4953 5640 153 0 0 
24100 5617 2911 4987 3533 5032 5733 138 0 0 
24200 5497 2805 4947 3458 5125 5857 123 0 0 
24300 5306 2703 4962 3332 5238 5899 128 0 0 
24400 5081 2578 4971 3230 5399 5960 137 0 0 
24500 4937 2509 4960 3127 5502 5933 154 0 0 
24600 4851 2513 5046 3055 5591 5792 164 0 0 
24700 4820 2534 4986 2954 5833 5740 176 0 0 
24800 4789 2566 5002 2844 5939 5643 179 0 0 
24900 4730 2605 4983 2832 6189 5520 188 0 0 
25000 4659 2700 4962 2723 6429 5314 194 0 0 
25100 4601 2833 4938 2795 6663 5077 203 0 0 
25200 4548 2876 4850 2789 7001 4890 208 0 0 
25300 4541 2902 4872 2814 7230 4753 221 0 0 
25400 4583 2903 4732 2750 7446 4675 220 0 0 
25500 4588 2794 4617 2743 7730 4607 241 0 0 
25600 4504 2765 4593 2736 7911 4473 241 0 0 
25700 4443 2712 4520 2746 8122 4370 250 0 0 
25800 4416 2729 4528 2771 8221 4271 276 0 0 
25900 4425 2777 4545 2806 8413 4273 283 0 0 
26000 4342 2839 4496 2918 8681 4225 294 0 0 
26100 4281 2978 4639 2939 8876 4002 318 0 0 
26200 4194 3041 4633 3027 9037 3898 319 0 0 
26300 4051 3177 4650 2993 9320 3645 327 0 0 
26400 3915 3178 4741 3030 9522 3328 364 0 0 
26500 3826 3246 4806 3078 9758 3109 367 0 0 
26600 3767 3301 4907 3034 10019 2917 382 0 0 
26700 3724 3329 4918 3132 10155 2878 405 0 0 
26800 3679 3383 4959 3130 10289 2805 400 0 0 
26900 3734 3359 4995 3157 10428 2768 413 0 0 
27000 3741 3388 4931 3147 10623 2776 428 0 0 
27100 3736 3386 4859 3093 10758 2760 445 0 0 
27200 3751 3395 4796 3057 10920 2728 469 0 0 
27300 3716 3306 4731 3073 11032 2664 487 0 0 
27400 3587 3296 4556 3058 11173 2567 500 0 0 
27500 3520 3291 4450 3094 11403 2433 505 0 0 
27600 3508 3302 4268 3129 11596 2333 520 0 0 
27700 3504 3301 4119 3116 11779 2199 546 0 0 
27800 3496 3276 3905 3134 11950 2118 538 0 0 
27900 3479 3299 3786 3175 11992 2063 541 0 0 
28000 3544 3368 3623 3210 12179 1952 547 0 0 
28100 3592 3410 3558 3233 12350 1883 547 0 0 
28200 3567 3427 3506 3294 12453 1804 550 0 0 
28300 3502 3365 3423 3273 12611 1785 574 0 0 
28400 3453 3354 3428 3326 12732 1735 560 0 0 
28500 3424 3360 3363 3337 12953 1699 606 0 0 
28600 3437 3339 3330 3359 13130 1704 598 0 0 
28700 3462 3289 3342 3380 13313 1699 599 0 0 
28800 3441 3245 3287 3446 13468 1672 612 0 0 
28900 3449 3271 3310 3509 13593 1650 586 0 0 
29000 3498 3306 3319 3491 13637 1617 585 0 0 
29100 3538 3323 3350 3529 13713 1624 594 0 0 
29200 3550 3294 3367 3552 13850 1629 568 0 0 
29300 3635 3325 3405 3520 13904 1566 564 0 0 
29400 3736 3313 3402 3546 14011 1566 570 0 0 
29500 3752 3270 3397 3536 14075 1569 559 0 0 
29600 3793 3250 3338 3494 14170 1537 574 0 0 
29700 3831 3198 3334 3446 14311 1499 586 0 0 
29800 3880 3137 3212 3466 14459 1436 598 0 0 
29900 3817 3103 3133 3430 14682 1360 632 0 0 
30000 3846 3058 3080 3483 14826 1344 616 0 0 
30100 3832 3024 3034 3480 14904 1285 628 0 0 
30200 3894 3009 3018 3479 15037 1282 637 0 0 
30300 3838 2991 3048 3475 15105 1223 665 0 0 
30400 4001 2976 3083 3410 15125 1185 662 0 0 
30500 4137 2981 3017 3433 15200 1175 673 0 0 
30600 4222 3000 2955 3452 15266 1218 664 0 0 
30700 4274 3041 2962 3461 15328 1261 659 0 0 
30800 4399 3062 2969 3517 15435 1257 655 0 0 
30900 4472 3162 3008 3561 15412 1295 681 0 0 
31000 4568 3208 2965 3600 15482 1277 702 0 0 
31100 4629 3223 2942 3649 15508 1332 674 0 0 
31200 4654 3284 2932 3754 15453 1306 663 0 0 
31300 4772 3246 2912 3833 15476 1307 657 0 0 
31400 4939 3338 2837 3853 15481 1259 665 0 0 
31500 4994 3326 2789 3956 15431 1222 667 0 0 
31600 5103 3370 2753 4005 15440 1211 654 0 0 
31700 5188 3387 2753 4051 15425 1183 658 0 0 
31800 5271 3356 2715 4109 15550 1160 651 0 0 
31900 5365 3364 2671 4151 15690 1152 681 0 0 
32000 5402 3318 2702 4155 15704 1129 695 0 0 
32100 5503 3255 2698 4211 15794 1131 704 0 0 
32200 5505 3220 2673 4258 15899 1092 737 0 0 
32300 5612 3161 2645 4420 15957 1058 711 0 0 
32400 5687 3116 2597 4444 16082 1054 737 0 0 
32500 5866 3149 2597 4555 16051 1037 734 0 0 
32600 5970 3199 2592 4568 16045 1001 741 0 0 
32700 6077 3229 2602 4583 16053 988 737 0 0 
32800 6347 3318 2578 4637 16010 956 711 0 0 
32900 6434 3352 2535 4681 16009 958 736 0 0 
33000 6569 3386 2477 4727 16062 964 743 0 0 
33100 6743 3445 2415 4774 16041 979 754 0 0 
33200 6877 3440 2365 4811 16025 956 761 0 0 
33300 6954 3515 2340 4848 15992 954 746 0 0 
33400 7077 3511 2338 4998 15944 975 765 0 0 
33500 7227 3578 2377 5026 15978 986 775 0 0 
33600 7421 3655 2373 5050 15876 959 761 0 0 
33700 7553 3637 2360 5118 15851 969 745 0 0 
33800 7723 3610 2320 5174 15841 935 729 0 0 
33900 7850 3629 2342 5323 15735 924 720 0 0 
34000 7884 3641 2359 5442 15791 917 715 2 0 
34100 8007 3609 2331 5549 15784 906 714 1 0 
34200 8095 3576 2305 5654 15781 931 705 1 0 
34300 8228 3527 2276 5699 15781 907 714 1 0 
34400 8380 3563 2288 5784 15686 899 734 1 0 
34500 8575 3553 2264 5918 15754 903 756 0 0 
34600 8754 3617 2249 6012 15750 916 760 0 0 
34700 8868 3580 2192 6074 15735 948 741 0 0 
34800 9005 3559 2170 6134 15707 941 748 0 0 
34900 9133 3583 2142 6237 15668 948 759 0 0 
35000 9232 3612 2100 6260 15627 928 758 0 0 
35100 9293 3617 2068 6356 15531 917 729 0 0 
35200 9393 3645 2068 6421 15594 886 725 0 0 
35300 9460 3633 2077 6516 15562 886 708 0 0 
35400 9527 3602 2076 6561 15480 875 709 0 0 
35500 9658 3648 2102 6678 15545 872 696 0 0 
35600 9761 3627 2099 6772 15571 908 723 0 0 
35700 9761 3673 2113 6781 15512 889 738 0 0 
35800 9899 3680 2102 6892 15481 861 746 0 0 
35900 9941 3665 2089 6871 15356 890 764 0 0 
36000 10059 3703 2071 7005 15264 863 744 0 0 
36100 10208 3701 2074 7050 15264 860 747 0 0 
36200 10219 3779 2110 7119 15098 879 729 0 0 
36300 10358 3776 2064 7202 15080 858 691 0 0 
36400 10456 3839 2072 7243 15081 855 695 0 0 
36500 10509 3799 2037 7253 15192 874 678 0 0 
36600 10566 3819 2026 7340 15149 877 677 0 0 
36700 10564 3851 2023 7378 15073 885 699 0 0 
36800 10613 3863 2045 7345 15081 882 686 0 0 
36900 10636 3847 2022 7378 15069 856 685 0 0 
37000 10619 3792 2020 7507 15076 864 705 0 0 
37100 10570 3800 2007 7465 15035 873 679 0 0 
37200 10382 3773 1996 7499 14907 869 694 0 0 
37300 10184 3758 1985 7415 14947 853 676 0 0 
37400 10110 3790 1961 7480 14785 846 677 0 0 
37500 9910 3775 1960 7548 14747 885 667 0 0 
37600 9768 3867 1942 7474 14676 901 660 0 0 
37700 9581 3878 1919 7451 14689 909 678 0 0 
37800 9288 3888 1903 7347 14705 942 683 0 0 
37900 9116 3949 1922 7315 14677 926 666 0 0 
38000 9025 3938 1944 7330 14764 917 669 0 0 
38100 8866 3950 1957 7199 14730 931 682 0 0 
38200 8660 3996 1989 7049 14659 940 695 0 0 
38300 8579 3955 1982 6901 14800 958 731 0 0 
38400 8365 3952 1930 6694 14912 982 726 0 0 
38500 8209 3972 1927 6424 15035 1013 754 0 0 
38600 7977 3932 1911 6148 15145 1049 771 0 0 
38700 7737 3988 1958 5933 15257 1071 781 0 0 
38800 7532 3955 1906 5702 15423 1049 808 0 0 
38900 7292 3971 1891 5497 15715 1037 851 0 0 
39000 6999 3878 1890 5406 16018 1059 890 0 0 
39100 6890 3857 1888 5261 16250 1057 884 0 0 
39200 6769 3815 1882 5193 16441 1034 923 0 0 
39300 6573 3796 1931 5156 16643 996 924 0 0 
39400 6477 3732 1923 5036 16785 975 943 0 0 
39500 6435 3670 1949 5054 16931 976 946 0 0 
39600 6404 3636 1916 4988 17030 991 967 0 0 
39700 6423 3624 1893 4963 17325 993 957 0 0 
39800 6419 3575 1857 5058 17442 1025 964 0 0 
39900 6502 3560 1856 5000 17601 1040 959 0 0 
40000 6393 3504 1861 5038 17725 1043 968 0 0 
40100 6399 3481 1895 5088 17831 1059 1019 0 0 
40200 6286 3399 1886 5029 17919 1065 1006 0 0 
40300 6195 3329 1917 5048 18009 1072 1023 0 0 
40400 5948 3177 1937 5079 18165 1099 1055 0 0 
40500 5779 2969 1923 5073 18308 1094 1055 0 0 
40600 5653 2749 1871 5083 18440 1109 1086 0 0 
40700 5626 2555 1908 5108 18520 1097 1107 0 0 
40800 5583 2364 1843 5144 18649 1128 1066 0 0 
40900 5610 2284 1782 5282 18644 1109 1087 0 0 
41000 5568 2236 1755 5333 18691 1108 1091 0 0 
41100 5515 2205 1723 5441 18735 1072 1108 0 0 
41200 5572 2182 1685 5512 18736 1096 1126 0 0 
41300 5630 2177 1676 5492 18738 1128 1144 0 0 
41400 5681 2184 1691 5506 18720 1133 1143 0 0 
41500 5722 2171 1723 5610 18623 1102 1116 0 0 
41600 5710 2226 1720 5657 18686 1067 1149 0 0 
41700 5767 2241 1719 5805 18702 1061 1158 0 0 
41800 5792 2277 1731 5824 18765 1077 1184 0 0 
41900 5832 2318 1702 5905 18742 1058 1172 0 0 
42000 5844 2364 1724 5951 18760 1042 1181 0 0 
42100 5795 2396 1728 6039 18711 1006 1178 0 0 
42200 5823 2437 1720 6087 18685 1043 1188 0 0 
42300 5753 2445 1685 6059 18779 1032 1257 0 0 
42400 5731 2440 1690 6108 18740 1029 1281 0 0 
42500 5679 2449 1709 6116 18710 1040 1289 0 0 
42600 5567 2523 1711 6045 18652 1047 1262 0 0 
42700 5525 2546 1692 5941 18683 1011 1300 0 0 
42800 5504 2579 1652 5873 18686 1029 1320 0 0 
42900 5444 2607 1698 5851 18725 1019 1350 0 0 
43000 5446 2612 1698 5849 18868 1023 1390 0 0 
43100 5445 2652 1688 5796 18901 1009 1384 0 0 
43200 5475 2690 1677 5787 18891 995 1384 0 0 
43300 5359 2660 1672 5701 18960 984 1397 0 0 
43400 5251 2717 1713 5664 18909 1018 1421 0 0 
43500 5202 2781 1707 5694 18961 977 1440 0 0 
43600 5155 2820 1714 5655 19030 958 1481 0 0 
43700 5074 2806 1696 5658 19021 932 1511 0 0 
43800 5043 2816 1700 5605 18978 891 1560 0 0 
43900 4942 2833 1675 5512 18922 847 1617 0 0 
44000 4872 2832 1655 5443 18937 801 1673 0 0 
44100 4889 2789 1654 5395 19063 737 1677 0 0 
44200 4889 2820 1679 5372 19111 693 1726 0 0 
44300 4857 2802 1709 5388 19182 634 1732 0 0 
44400 4849 2792 1732 5444 19101 591 1717 0 0 
44500 4757 2818 1759 5411 19168 558 1727 0 0 
44600 4666 2798 1786 5395 19255 546 1775 0 0 
44700 4700 2811 1774 5448 19316 532 1818 0 0 
44800 4671 2736 1792 5380 19353 498 1842 0 0 
44900 4680 2738 1814 5400 19404 514 1840 0 0 
45000 4736 2740 1796 5442 19371 507 1873 0 0 
45100 4720 2699 1769 5450 19422 492 1866 0 0 
45200 4656 2685 1831 5395 19432 489 1881 0 0 
45300 4655 2708 1778 5313 19443 474 1879 0 0 
45400 4688 2704 1766 5353 19518 485 1870 0 0 
45500 4660 2709 1809 5289 19677 477 1882 0 0 
45600 4683 2700 1833 5363 19649 454 1852 0 0 
45700 4722 2717 1844 5427 19623 486 1852 0 0 
45800 4695 2764 1834 5402 19625 478 1847 0 0 
45900 4724 2783 1821 5401 19630 491 1821 0 0 
46000 4804 2842 1814 5494 19712 493 1851 0 0 
46100 4857 2930 1807 5579 19700 508 1870 0 0 
46200 4927 2970 1820 5631 19776 498 1848 0 0 
46300 4980 2987 1777 5589 19794 483 1843 0 0 
46400 5085 3051 1730 5621 19857 467 1863 0 0 
46500 5136 3016 1716 5643 19838 432 1846 0 0 
46600 5255 3165 1704 5740 19821 426 1858 0 0 
46700 5424 3252 1777 5834 19670 402 1831 0 0 
46800 5469 3296 1755 5908 19581 388 1834 0 0 
46900 5474 3405 1759 5841 19490 371 1837 0 0 
47000 5583 3376 1770 5912 19501 376 1842 0 0 
47100 5639 3420 1750 6094 19400 384 1878 0 0 
47200 5765 3463 1760 6168 19330 371 1862 0 0 
47300 5857 3513 1743 6256 19262 388 1830 0 0 
47400 5967 3567 1775 6358 19216 394 1862 0 0 
47500 5982 3609 1748 6331 19179 384 1883 0 0 
47600 6074 3644 1711 6215 19144 370 1858 0 0 
47700 6155 3682 1727 6191 19190 390 1876 0 0 
47800 6133 3655 1716 6252 19131 410 1864 0 0 
47900 6140 3702 1723 6223 19083 401 1837 0 0 
48000 6230 3745 1703 6268 19161 396 1853 0 0 
48100 6357 3770 1687 6330 19084 393 1834 0 0 
48200 6402 3805 1686 6280 19125 383 1811 0 0 
48300 6440 3880 1664 6287 19068 403 1788 0 0 
48400 6473 3925 1652 6384 18895 404 1771 0 0 
48500 6569 3951 1647 6462 18788 409 1769 0 0 
48600 6680 4027 1608 6553 18792 415 1747 0 0 
48700 6689 4058 1589 6548 18888 432 1774 0 0 
48800 6674 4061 1583 6563 18846 420 1748 0 0 
48900 6552 4024 1593 6555 18808 432 1748 0 0 
49000 6547 4038 1624 6568 18702 467 1753 0 0 
49100 6486 4032 1624 6551 18777 490 1747 0 0 
49200 6422 4093 1612 6547 18690 513 1783 0 0 
49300 6319 4100 1669 6448 18658 529 1807 0 0 
49400 6308 4133 1633 6338 18614 525 1781 0 0 
49500 6278 4024 1629 6226 18622 516 1784 0 0 
49600 6158 3914 1596 6073 18695 497 1760 0 0 
49700 6035 3884 1606 5931 18696 449 1772 0 0 
49800 6015 3838 1604 5878 18697 424 1793 0 0 
49900 5901 3738 1596 5764 18717 418 1774 0 0 
50000 5771 3613 1603 5646 18823 404 1843 0 0 
50100 5719 3591 1585 5520 18957 409 1903 0 0 
50200 5642 3582 1610 5448 19020 412 1890 0 0 
50300 5557 3550 1591 5366 19253 420 1933 0 0 
50400 5460 3576 1602 5270 19408 402 1969 0 0 
50500 5366 3538 1621 5255 19467 371 1982 0 0 
50600 5248 3452 1638 5197 19554 377 1987 0 0 
50700 5160 3427 1591 5164 19655 357 1972 0 0 
50800 5093 3379 1592 5103 19649 344 1971 0 0 
50900 5050 3440 1596 5210 19697 342 2050 0 0 
51000 4982 3490 1578 5229 19853 337 2049 0 0 
51100 4887 3521 1606 5225 19941 358 2056 0 0 
51200 4879 3567 1567 5238 19998 365 2060 0 0 
51300 4807 3622 1546 5149 19999 374 2116 0 0 
51400 4756 3536 1529 5205 20080 364 2161 0 0 
51500 4723 3561 1533 5170 20154 387 2166 0 0 
51600 4626 3497 1455 5131 20227 380 2186 0 0 
51700 4615 3411 1433 5198 20361 375 2183 0 0 
51800 4525 3269 1476 5219 20462 352 2192 0 0 
51900 4440 3102 1485 5255 20623 375 2239 0 0 
52000 4347 2938 1533 5337 20743 388 2254 0 0 
52100 4339 2892 1516 5317 20839 415 2250 0 0 
52200 4413 2905 1519 5395 20898 413 2280 0 0 
52300 4468 2985 1516 5575 20825 402 2294 0 0 
52400 4534 3037 1498 5688 20871 419 2339 0 0 
52500 4519 3109 1483 5796 20861 422 2371 0 0 
52600 4607 3115 1501 5799 20715 446 2355 0 0 
52700 4647 3200 1481 5864 20696 432 2380 0 0 
52800 4680 3249 1458 5940 20654 427 2416 0 0 
52900 4727 3213 1473 5976 20694 407 2430 0 0 
53000 4822 3220 1473 6052 20521 408 2474 0 0 
53100 4911 3315 1457 6129 20412 408 2492 0 0 
53200 4991 3311 1472 6226 20381 395 2490 0 0 
53300 5038 3355 1460 6230 20398 405 2491 0 0 
53400 5122 3397 1439 6263 20321 426 2503 0 0 
53500 5220 3328 1432 6296 20307 423 2504 0 0 
53600 5318 3368 1420 6366 20248 453 2517 0 0 
53700 5356 3401 1425 6368 20160 459 2516 0 0 
53800 5438 3523 1440 6457 20181 450 2537 0 0 
53900 5486 3608 1441 6458 19933 516 2528 0 0 
54000 5530 3714 1455 6591 19939 509 2502 0 0 
54100 5635 3822 1486 6730 19802 567 2466 0 0 
54200 5635 3904 1456 6843 19767 582 2486 0 0 
54300 5778 3939 1466 7031 19738 595 2479 0 0 
54400 5906 3919 1458 7102 19712 621 2503 0 0 
54500 5959 3905 1408 7192 19746 670 2518 0 0 
54600 6006 3917 1427 7260 19756 649 2493 0 0 
54700 6117 3938 1417 7427 19682 693 2521 0 0 
54800 6103 3941 1397 7525 19517 688 2513 0 0 
54900 6173 3876 1367 7553 19434 689 2545 0 0 
55000 6115 3862 1342 7600 19396 704 2564 0 0 
55100 6240 3866 1352 7658 19278 711 2547 0 0 
55200 6296 3870 1335 7677 19395 693 2533 0 0 
55300 6389 3881 1345 7740 19262 691 2512 0 0 
55400 6523 3888 1325 7855 19180 692 2513 0 0 
55500 6503 3894 1317 7907 19229 690 2529 0 0 
55600 6607 3943 1309 7923 19158 712 2487 0 0 
55700 6661 4007 1317 8013 19054 731 2462 0 0 
55800 6689 4080 1292 8069 18983 778 2473 0 0 
55900 6752 4138 1270 8048 18968 755 2479 0 0 
56000 6643 4162 1258 8076 18897 766 2471 0 0 
56100 6732 4085 1252 8056 18866 781 2539 0 0 
56200 6782 4131 1246 8114 18736 823 2511 0 0 
56300 6819 4112 1216 8203 18592 851 2491 0 0 
56400 6783 4045 1208 8259 18549 853 2547 0 0 
56500 6782 4035 1204 8327 18652 844 2540 0 0 
56600 6781 3921 1223 8393 18646 854 2584 0 0 
56700 6742 3872 1237 8460 18817 849 2651 0 0 
56800 6673 3781 1291 8440 18837 889 2647 0 0 
56900 6638 3725 1283 8429 18830 907 2710 0 0 
57000 6670 3724 1298 8423 18834 948 2722 0 0 
57100 6569 3704 1314 8444 18740 939 2710 0 0 
57200 6523 3687 1317 8444 18810 913 2737 0 0 
57300 6465 3663 1303 8474 18804 926 2756 0 0 
57400 6411 3659 1332 8480 18805 937 2757 0 0 
57500 6348 3673 1318 8433 18900 939 2814 0 0 
57600 6409 3659 1265 8410 18875 974 2814 0 0 
57700 6388 3730 1252 8472 18864 1015 2798 0 0 
57800 6350 3763 1247 8529 18980 1020 2864 0 0 
57900 6337 3893 1224 8529 19077 1038 2870 0 0 
58000 6346 4030 1206 8659 19033 1081 2898 0 0 
58100 6325 4051 1181 8772 19132 1096 2918 0 0 
58200 6394 4166 1185 8850 19190 1102 2889 0 0 
58300 6432 4174 1126 8879 19194 1120 2907 0 0 
58400 6380 4161 1127 8826 19165 1113 2916 0 0 
58500 6385 4125 1134 8757 19197 1113 2907 0 0 
58600 6273 4158 1080 8783 19212 1124 2898 0 0 
58700 6205 4232 1080 8804 19161 1113 2916 0 0 
58800 6189 4254 1052 8892 19157 1162 2950 0 0 
58900 6205 4358 1041 8933 19068 1136 2973 0 0 
59000 6079 4360 1033 8830 19108 1114 2975 0 0 
59100 6040 4387 1030 8808 19085 1146 3042 0 0 
59200 5968 4448 1034 8747 19071 1125 3038 0 0 
59300 5847 4413 1048 8546 19188 1115 3153 0 0 
59400 5786 4357 1061 8454 19268 1127 3089 0 0 
59500 5622 4332 1070 8317 19223 1110 3097 0 0 
59600 5412 4286 1064 8142 19252 1120 3094 0 0 
59700 5281 4209 1087 8031 19324 1110 3089 0 0 
59800 5117 4131 1103 7755 19419 1050 3111 0 0 
59900 4992 4071 1042 7516 19513 946 3201 0 0 
60000 4863 4058 1005 7432 19597 916 3214 0 0 
60100 4737 4061 992 7325 19629 883 3238 0 0 
60200 4668 3990 941 7188 19906 846 3295 0 0 
60300 4587 3950 955 7111 20057 837 3269 0 0 
60400 4412 3895 964 6976 20181 816 3338 0 0 
60500 4258 3847 965 6803 20260 777 3341 0 0 
60600 4146 3752 967 6695 20335 754 3366 0 0 
60700 4049 3705 943 6629 20416 725 3402 0 0 
60800 4056 3649 960 6539 20649 675 3501 0 0 
60900 4016 3546 966 6436 20644 628 3476 0 0 
61000 3949 3568 967 6359 20776 603 3524 0 0 
61100 3946 3570 961 6269 20694 580 3534 0 0 
61200 3855 3446 957 6034 20732 551 3592 0 0 
61300 3834 3344 938 5800 20853 536 3531 0 0 
61400 3747 3305 954 5440 20854 522 3474 0 0 
61500 3615 3213 939 5014 20797 487 3419 0 0 
61600 3493 3143 947 4685 20652 516 3297 0 0 
61700 3323 3023 951 4418 20597 515 3207 0 0 
61800 3293 2943 941 4343 20374 518 2982 0 0 
61900 3151 2873 969 4261 20100 510 2701 0 0 
62000 3129 2856 1020 4229 19821 493 2380 0 0 
62100 3090 2904 1076 4186 19088 500 2086 0 0 
62200 2987 3004 1170 4205 18190 535 1947 0 0 
62300 2771 3093 1260 4196 16649 522 1762 0 0 
62400 2447 3269 1373 4207 14810 548 1638 0 0 
62500 2027 3605 1513 4378 12739 604 1453 0 0 
62600 1746 4065 1675 4652 10659 664 1247 0 0 
62700 1439 4593 1853 5130 8812 749 1115 0 0 
62800 1119 5251 2062 5605 7093 863 1034 0 0 
62900 886 5903 2251 6149 5674 1025 952 0 0 
63000 762 6576 2446 6691 4810 1183 961 0 0 
63100 719 7176 2639 7134 4384 1262 993 0 0 
63200 724 7489 2794 7455 4341 1317 1064 0 0 
63300 744 7774 2952 7603 4395 1367 1099 0 0 
63400 790 7916 3107 7445 4548 1305 1099 0 0 
63500 792 7990 3237 7226 4841 1224 1097 0 0 
63600 814 7899 3409 6879 5163 1171 1070 0 0 
63700 821 7782 3500 6437 5434 1065 1005 0 0 
63800 873 7516 3590 6153 5743 965 969 0 0 
63900 870 7268 3731 5849 6055 900 1013 0 0 
64000 880 7095 3777 5511 6472 816 1049 0 0 
64100 885 6861 3804 5214 6939 728 1149 0 0 
64200 943 6765 3776 4884 7328 699 1168 0 0 
64300 949 6593 3601 4629 7718 644 1209 0 0 
64400 981 6174 3282 4534 8142 620 1276 0 0 
64500 1017 5655 3040 4442 8494 629 1340 0 0 
64600 1026 5231 2845 4391 8680 658 1416 0 0 
64700 1090 4987 2647 4565 8893 706 1482 0 0 
64800 1071 4817 2678 4655 8929 765 1597 0 0 
64900 1037 4649 2629 4874 8967 819 1762 0 0 
65000 1047 4614 2584 5077 8873 936 1849 0 0 
65100 1000 4617 2611 5350 8612 1070 1914 0 0 
65200 1041 4767 2616 5488 8386 1183 1958 0 0 
65300 1075 4998 2611 5705 8064 1355 1933 0 0 
65400 1067 5214 2668 5913 7669 1547 1822 0 0 
65500 1055 5380 2728 6061 7318 1688 1709 0 0 
65600 1073 5529 2863 6102 6985 1857 1553 0 0 
65700 1041 5585 2958 6009 6665 1990 1492 0 0 
65800 1025 5592 2977 5895 6563 2094 1468 0 0 
65900 1071 5563 3044 5653 6572 2131 1503 0 0 
66000 1096 5310 3074 5458 6584 2186 1507 0 0 
66100 1172 5124 3137 5203 6642 2182 1476 0 0 
66200 1200 4902 3124 4991 6755 2205 1480 0 0 
66300 1286 4762 3144 4835 6935 2225 1517 0 0 
66400 1330 4780 3149 4729 7159 2315 1547 0 0 
66500 1383 4676 3133 4677 7346 2409 1592 0 0 
66600 1374 4692 3165 4590 7510 2511 1667 0 0 
66700 1418 4668 3100 4598 7512 2625 1680 0 0 
66800 1464 4514 2912 4594 7507 2787 1724 0 0 
66900 1488 4505 2720 4560 7448 3043 1749 0 0 
67000 1478 4467 2559 4479 7377 3194 1793 0 0 
67100 1477 4432 2491 4397 7355 3412 1799 0 0 
67200 1521 4415 2490 4351 7335 3582 1779 0 0 
67300 1574 4344 2403 4357 7391 3786 1692 0 0 
67400 1683 4304 2384 4325 7449 3909 1553 0 0 
67500 1688 4227 2345 4352 7619 4146 1506 0 0 
67600 1711 4141 2297 4360 7598 4413 1411 0 0 
67700 1794 4098 2228 4326 7645 4582 1340 0 0 
67800 1715 4096 2244 4374 7524 4820 1285 0 0 
67900 1667 4019 2283 4373 7250 5004 1237 0 0 
68000 1647 4041 2336 4386 7009 5198 1188 0 0 
68100 1588 4086 2373 4369 6768 5392 1146 0 0 
68200 1576 4082 2426 4383 6521 5570 1123 0 0 
68300 1604 4093 2457 4459 6309 5672 1078 0 0 
68400 1535 4122 2458 4562 6280 5837 1064 0 0 
68500 1544 4159 2471 4572 6115 5950 1031 0 0 
68600 1557 4208 2468 4637 5987 6074 1034 0 0 
68700 1569 4271 2511 4676 5840 6229 1021 0 0 
68800 1514 4262 2557 4652 5647 6381 1032 0 0 
68900 1566 4192 2594 4470 5647 6494 1067 0 0 
69000 1570 4044 2534 4278 5591 6786 1093 0 0 
69100 1610 3974 2537 4135 5704 6908 1158 0 0 
69200 1698 3720 2546 3977 5846 7018 1262 0 0 
69300 1819 3635 2553 3907 5923 7236 1283 0 0 
69400 1956 3511 2570 3857 6049 7331 1332 0 0 
69500 2084 3434 2520 3769 6248 7474 1383 0 0 
69600 2131 3313 2504 3632 6426 7589 1447 0 0 
69700 2118 3232 2422 3560 6616 7665 1536 0 0 
69800 2197 3218 2382 3502 6809 7720 1580 0 0 
69900 2197 3267 2309 3435 6970 7664 1611 0 0 
70000 2246 3274 2322 3402 6980 7565 1604 0 0 
70100 2228 3370 2397 3352 6925 7387 1539 0 0 
70200 2191 3434 2465 3333 6719 7210 1482 0 0 
70300 2173 3627 2551 3431 6316 7128 1342 0 0 
70400 2097 3712 2623 3554 5921 6962 1159 0 0 
70500 2026 3820 2751 3742 5533 6975 1039 0 0 
70600 1934 3823 2916 3823 5207 6894 952 0 0 
70700 1907 3999 3086 3928 4972 6774 891 0 0 
70800 1853 4123 3182 4046 4752 6548 826 0 0 
70900 1718 4234 3354 4124 4561 6244 774 0 0 
71000 1649 4429 3472 4201 4387 5798 739 0 0 
71100 1571 4737 3612 4289 4169 5302 731 0 0 
71200 1495 5043 3748 4303 4034 4815 707 0 0 
71300 1413 5343 3900 4325 3937 4493 684 0 0 
71400 1402 5435 4080 4346 4007 4120 674 0 0 
71500 1414 5567 4326 4337 4106 3760 683 0 0 
71600 1404 5687 4472 4300 4097 3427 667 0 0 
71700 1421 5768 4672 4194 4112 3198 654 0 0 
71800 1415 5712 4781 4050 3999 3165 624 0 0 
71900 1417 5628 4871 3971 3919 3270 585 0 0 
72000 1415 5422 4967 3860 3923 3397 586 0 0 
72100 1401 5178 4960 3802 3925 3593 598 0 0 
72200 1396 5000 4939 3659 3970 3769 613 0 0 
72300 1418 4894 4885 3573 4033 3914 679 0 0 
72400 1391 4867 4831 3549 4047 3993 746 0 0 
72500 1472 4866 4865 3636 4034 4008 776 0 0 
72600 1599 4912 4854 3697 4040 3914 785 0 0 
72700 1687 4888 4900 3780 4067 3897 817 0 0 
72800 1698 4819 4807 3852 4093 3945 828 0 0 
72900 1770 4753 4653 3901 4255 3954 892 0 0 
73000 1838 4515 4513 3882 4460 4013 955 0 0 
73100 1850 4300 4390 3814 4643 4110 1027 0 0 
73200 1875 4052 4312 3722 4862 4110 1128 0 0 
73300 1899 3778 4316 3637 5055 4099 1194 0 0 
73400 1973 3686 4266 3572 5226 4121 1275 0 0 
73500 2002 3606 4348 3571 5247 4098 1347 0 0 
73600 2103 3532 4467 3409 5229 4080 1379 0 0 
73700 2179 3504 4588 3304 5183 4100 1440 0 0 
73800 2182 3485 4705 3235 5197 4019 1478 0 0 
73900 2142 3469 4743 3233 5090 4042 1441 0 0 
74000 2081 3392 4905 3264 5048 4063 1378 0 0 
74100 1952 3346 5043 3266 4910 4112 1316 0 0 
74200 1960 3246 5181 3261 4779 4239 1236 0 0 
74300 1964 3170 5205 3202 4708 4291 1187 0 0 
74400 2028 3108 5283 3146 4595 4326 1129 0 0 
74500 2117 3057 5305 3152 4515 4354 1033 0 0 
74600 2178 2981 5350 3200 4509 4373 1000 0 0 
74700 2247 2917 5328 3219 4532 4318 996 0 0 
74800 2295 2984 5237 3246 4486 4374 995 0 0 
74900 2334 2935 5145 3115 4512 4450 1024 0 0 
75000 2307 2913 5162 2966 4603 4470 1076 0 0 
