1 -1 1 1 -1 -1 -1 1 1 -1 1 1 -1 1 1 1 1 1 1 1 
1 1 1 -1 -1 -1 -1 -1 -1 1 -1 1 1 1 1 1 1 1 1 1 
1 1 1 1 1 -1 -1 -1 -1 -1 1 -1 1 -1 -1 1 -1 -1 -1 1 
1 -1 -1 -1 -1 -1 -1 -1 1 -1 -1 -1 1 -1 -1 1 -1 -1 -1 1 
1 -1 -1 -1 -1 -1 -1 1 -1 -1 -1 -1 1 -1 -1 -1 -1 -1 1 1 
-1 -1 -1 -1 1 -1 -1 -1 -1 -1 -1 -1 -1 -1 -1 -1 -1 1 1 -1 
1 -1 -1 -1 -1 1 1 1 1 -1 -1 -1 -1 -1 -1 -1 1 1 -1 -1 
-1 -1 -1 -1 -1 -1 -1 -1 -1 -1 -1 1 -1 -1 -1 1 1 -1 -1 1 
-1 -1 -1 -1 -1 -1 -1 -1 -1 -1 -1 -1 -1 -1 -1 -1 -1 -1 -1 1 
-1 -1 -1 -1 -1 -1 -1 -1 -1 -1 -1 -1 -1 -1 -1 -1 -1 -1 1 -1 
-1 -1 -1 -1 -1 -1 -1 -1 -1 -1 -1 -1 -1 -1 -1 -1 -1 1 1 -1 
-1 -1 -1 -1 -1 -1 -1 -1 -1 -1 -1 -1 -1 -1 -1 -1 -1 -1 -1 -1 
-1 1 -1 -1 -1 -1 -1 -1 -1 -1 -1 -1 -1 -1 -1 -1 -1 1 1 1 
1 -1 -1 -1 -1 1 1 1 -1 -1 -1 -1 1 -1 -1 -1 1 1 1 1 
1 1 -1 -1 1 -1 -1 -1 -1 -1 -1 -1 -1 1 -1 1 1 -1 -1 -1 
1 -1 -1 -1 -1 1 1 1 1 -1 -1 -1 1 -1 -1 1 -1 -1 -1 1 
1 1 -1 1 1 1 -1 -1 1 1 -1 -1 -1 1 -1 -1 -1 -1 1 -1 
1 1 1 1 1 -1 -1 1 -1 1 -1 1 1 1 -1 -1 1 1 1 -1 
1 -1 1 1 1 -1 -1 1 1 -1 -1 -1 -1 -1 1 -1 -1 1 1 1 
1 -1 1 1 1 -1 1 1 -1 -1 -1 -1 -1 -1 -1 -1 -1 1 1 1 
-1 -1 -1 1 -1 -1 1 1 -1 -1 -1 1 1 -1 -1 -1 -1 -1 -1 -1 
-1 -1 -1 -1 -1 1 1 1 1 -1 -1 1 -1 -1 -1 1 -1 -1 -1 -1 
-1 -1 -1 -1 -1 -1 1 1 1 1 1 -1 -1 -1 1 1 1 1 -1 -1 
-1 -1 -1 -1 -1 -1 -1 -1 1 1 1 -1 1 1 -1 1 1 -1 -1 -1 
-1 -1 -1 -1 -1 -1 -1 -1 -1 -1 1 -1 1 -1 -1 -1 -1 1 -1 1 
1 -1 1 -1 -1 -1 1 -1 -1 -1 -1 -1 -1 -1 -1 1 1 -1 -1 -1 
-1 -1 -1 1 1 -1 1 1 -1 -1 1 1 -1 -1 1 1 1 -1 1 1 
-1 -1 1 1 1 1 1 -1 -1 1 -1 -1 -1 -1 1 -1 -1 -1 -1 -1 
-1 -1 1 1 1 1 1 1 1 1 -1 -1 -1 1 -1 1 -1 -1 -1 -1 
-1 1 -1 1 1 1 1 1 1 -1 -1 -1 -1 -1 -1 -1 1 -1 -1 -1 
1 1 1 -1 1 1 1 1 1 -1 -1 -1 -1 1 -1 1 -1 1 1 -1 
1 1 -1 1 -1 -1 1 1 -1 1 1 -1 -1 1 1 -1 -1 -1 1 1 
1 -1 -1 -1 1 1 1 -1 -1 1 -1 -1 -1 1 1 1 -1 -1 -1 1 
1 -1 1 1 -1 -1 1 1 -1 1 1 -1 1 -1 -1 -1 -1 -1 -1 -1 
-1 -1 1 1 1 1 1 1 1 -1 -1 -1 -1 -1 -1 -1 -1 -1 -1 -1 
-1 -1 1 -1 1 1 -1 1 -1 -1 -1 -1 -1 -1 -1 -1 -1 -1 -1 -1 
-1 -1 1 1 -1 -1 1 -1 1 -1 -1 -1 1 -1 -1 -1 -1 -1 -1 -1 
-1 -1 1 1 -1 1 -1 -1 1 -1 -1 -1 -1 -1 1 -1 -1 -1 -1 -1 
-1 -1 1 1 1 -1 -1 1 1 -1 1 -1 -1 -1 1 -1 -1 -1 -1 -1 
-1 -1 1 1 -1 -1 1 1 1 1 -1 1 -1 1 -1 -1 -1 -1 -1 -1 
-1 -1 -1 1 -1 -1 -1 -1 -1 -1 1 1 1 -1 1 1 1 -1 -1 -1 
1 -1 1 -1 -1 -1 1 1 -1 -1 1 1 -1 1 1 1 -1 1 -1 -1 
1 -1 -1 1 1 1 1 1 -1 1 1 1 1 1 1 -1 1 1 1 -1 
1 1 -1 -1 -1 1 1 1 1 -1 1 -1 1 1 1 1 1 1 1 1 
1 1 1 -1 1 -1 1 1 1 -1 1 1 1 1 1 1 -1 -1 1 1 
-1 1 -1 1 1 1 1 -1 1 1 1 1 1 1 1 -1 -1 1 1 -1 
1 1 1 -1 1 1 -1 1 1 1 1 1 -1 1 1 -1 -1 -1 1 -1 
-1 1 -1 1 -1 1 1 1 1 1 1 1 1 -1 -1 -1 -1 1 1 1 
1 -1 1 -1 1 1 1 1 1 1 1 -1 1 -1 -1 -1 -1 -1 -1 1 
-1 1 -1 -1 -1 1 -1 1 1 -1 1 -1 1 -1 -1 -1 -1 -1 -1 -1 
-1 -1 -1 -1 1 1 -1 1 1 1 -1 1 -1 1 -1 -1 -1 -1 -1 -1 
-1 1 1 1 -1 1 1 1 1 1 -1 -1 -1 -1 -1 -1 -1 -1 -1 -1 
-1 1 -1 1 1 1 1 1 1 -1 1 1 -1 -1 -1 -1 -1 -1 -1 -1 
-1 1 -1 1 1 1 1 1 1 1 -1 -1 1 -1 -1 -1 -1 -1 -1 1 
1 1 1 -1 -1 1 1 1 1 1 -1 -1 -1 -1 -1 -1 -1 -1 -1 -1 
-1 1 1 1 1 1 1 -1 -1 -1 1 -1 -1 -1 -1 1 1 1 1 1 
1 1 -1 1 -1 1 1 1 1 -1 -1 1 1 1 -1 1 1 1 1 1 
1 1 1 -1 -1 -1 -1 1 1 -1 1 -1 -1 -1 -1 1 1 1 1 -1 
1 1 -1 1 1 -1 -1 -1 -1 1 -1 -1 1 -1 1 1 -1 1 -1 1 
-1 1 1 1 1 -1 -1 -1 -1 1 1 -1 1 1 1 -1 1 -1 -1 -1 
1 -1 1 1 1 1 -1 -1 1 1 1 -1 1 1 -1 -1 -1 -1 -1 1 
1 1 1 1 1 1 1 -1 -1 1 -1 1 1 -1 -1 -1 -1 -1 1 1 
1 1 1 1 1 -1 -1 -1 -1 -1 1 1 -1 1 -1 -1 1 -1 1 -1 
-1 1 1 1 1 1 -1 -1 -1 1 -1 1 1 -1 -1 -1 -1 1 1 -1 
-1 1 1 1 1 -1 1 -1 1 1 -1 -1 -1 -1 -1 1 -1 -1 -1 1 
1 1 1 -1 -1 -1 1 1 1 -1 1 -1 1 1 -1 1 1 1 -1 1 
-1 1 1 1 -1 -1 -1 -1 -1 -1 -1 1 1 -1 -1 1 1 1 -1 -1 
1 1 1 -1 1 -1 -1 -1 -1 -1 -1 1 1 -1 -1 -1 1 -1 1 -1 
1 1 -1 1 1 -1 -1 -1 -1 1 1 1 1 1 1 1 1 1 1 1 
1 1 1 1 -1 -1 -1 -1 1 -1 1 1 -1 1 1 1 1 1 1 1 
1 1 1 -1 1 -1 -1 -1 1 1 1 1 1 -1 1 1 1 1 1 -1 
1 1 1 1 -1 1 -1 1 1 1 1 -1 1 1 1 1 1 1 1 1 
1 1 1 1 1 -1 -1 -1 1 1 1 1 1 1 1 1 1 1 -1 -1 
-1 1 1 1 1 1 1 1 1 1 1 1 1 1 1 1 1 1 -1 1 
1 -1 -1 1 1 1 1 1 1 1 -1 1 1 1 1 1 -1 1 1 -1 
-1 1 1 -1 1 1 1 1 1 1 1 1 1 1 -1 -1 -1 -1 -1 1 
1 1 1 1 1 1 1 1 1 1 1 1 1 1 1 -1 1 -1 -1 1 
1 1 1 -1 -1 1 1 1 1 1 1 1 1 1 -1 1 1 -1 -1 1 
1 1 1 1 1 1 1 1 1 1 1 1 1 1 1 1 1 -1 1 1 
1 1 1 1 1 1 1 1 -1 1 1 1 1 1 -1 1 -1 -1 1 -1 
-1 1 -1 -1 1 -1 -1 1 -1 1 1 1 -1 1 1 1 -1 1 1 -1 
-1 1 -1 -1 -1 -1 1 1 1 1 1 1 -1 1 1 1 -1 1 1 -1 
1 -1 -1 1 -1 -1 -1 1 1 1 1 1 1 -1 1 -1 -1 1 1 1 
1 1 1 1 1 -1 1 1 -1 1 1 1 -1 -1 1 1 1 -1 1 1 
1 1 1 1 1 -1 -1 1 -1 -1 -1 1 1 1 1 1 1 -1 -1 1 
1 1 1 1 1 1 1 -1 1 1 -1 1 1 1 1 1 1 1 1 -1 
-1 -1 1 1 -1 1 1 1 1 1 1 1 1 -1 1 1 1 1 -1 -1 
-1 1 1 1 1 1 1 1 1 1 1 1 -1 -1 1 1 -1 -1 1 -1 
-1 -1 1 1 1 1 1 1 -1 1 1 1 1 1 -1 -1 1 1 1 -1 
1 1 -1 -1 1 1 1 1 1 1 1 1 1 -1 1 1 1 -1 1 1 
1 1 1 1 -1 1 1 1 1 1 1 1 1 -1 1 -1 1 1 1 1 
1 1 -1 1 1 1 1 1 1 1 1 1 1 1 1 1 1 1 1 1 
1 1 1 -1 1 1 1 1 1 1 1 1 1 1 1 1 1 -1 1 1 
1 1 1 1 1 1 1 1 -1 1 -1 -1 1 1 1 1 1 1 1 1 
1 -1 1 1 1 1 1 1 1 1 1 1 1 1 1 1 1 1 1 1 
1 -1 1 1 -1 -1 1 -1 -1 1 1 1 1 -1 1 1 1 1 -1 1 
-1 1 1 1 1 -1 -1 1 1 -1 1 1 -1 1 1 1 1 1 -1 1 
1 1 -1 1 -1 1 1 1 1 1 -1 1 1 1 1 1 1 1 -1 1 
1 -1 1 -1 -1 -1 1 1 1 1 1 1 1 1 -1 1 1 1 1 1 
1 1 -1 1 -1 -1 -1 1 1 1 -1 1 1 -1 -1 1 1 -1 1 1 
1 1 1 1 -1 1 -1 1 1 1 -1 -1 1 1 1 1 1 1 1 -1 
1 1 1 1 1 1 1 1 1 1 1 1 1 1 -1 -1 -1 1 1 1 
1 1 -1 1 -1 1 1 1 1 1 1 1 1 1 -1 -1 -1 1 1 1 
1 1 1 1 1 1 1 1 -1 1 1 -1 -1 -1 1 1 -1 1 -1 1 
1 1 1 -1 1 1 1 -1 -1 -1 1 1 -1 1 1 -1 -1 -1 1 1 
1 1 1 1 1 1 1 -1 1 -1 1 -1 1 1 1 1 1 -1 1 1 
1 -1 1 1 -1 -1 1 1 1 1 -1 -1 1 -1 1 1 1 -1 -1 1 
1 1 1 1 -1 1 1 1 -1 1 -1 -1 1 -1 1 1 1 1 -1 1 
-1 1 1 1 1 -1 1 1 -1 1 1 -1 1 1 1 1 -1 -1 -1 1 
1 1 1 1 1 1 1 1 1 1 1 1 1 1 -1 -1 -1 1 1 -1 
-1 1 1 1 -1 1 1 1 1 1 -1 1 1 1 1 1 1 -1 -1 -1 
-1 1 1 1 -1 -1 -1 1 1 1 1 1 -1 1 -1 -1 1 1 -1 1 
1 1 1 1 1 -1 1 1 1 1 1 1 1 1 1 1 1 1 -1 1 
1 1 1 -1 1 1 1 1 -1 1 1 1 -1 -1 -1 -1 1 1 1 1 
1 -1 -1 1 -1 1 1 1 1 1 -1 -1 -1 1 -1 1 1 -1 1 1 
1 -1 -1 -1 1 1 -1 1 1 -1 -1 -1 -1 -1 1 1 1 1 -1 1 
1 1 -1 -1 1 1 1 -1 1 -1 -1 -1 -1 -1 1 -1 1 1 1 -1 
-1 -1 -1 1 -1 1 -1 1 -1 -1 -1 -1 -1 -1 1 1 -1 -1 -1 1 
-1 1 1 1 1 -1 1 -1 1 1 -1 -1 -1 1 1 1 -1 -1 1 -1 
1 -1 1 1 1 -1 1 1 1 -1 1 -1 1 1 -1 1 -1 1 -1 -1 
1 1 -1 1 1 -1 1 -1 1 -1 1 -1 1 1 1 1 1 1 1 1 
1 1 -1 1 1 1 1 1 1 1 1 1 1 1 1 1 1 1 1 1 
-1 -1 -1 1 1 1 1 1 1 1 -1 1 1 1 -1 1 -1 1 -1 1 
-1 -1 -1 -1 -1 -1 1 -1 -1 1 1 1 1 1 -1 -1 1 1 1 -1 
-1 -1 -1 1 1 1 -1 1 1 1 1 1 1 -1 1 1 1 1 1 1 
1 1 -1 1 1 1 1 -1 1 1 1 1 1 1 1 1 1 1 -1 1 
1 1 1 1 1 1 -1 -1 1 1 -1 1 1 1 1 1 -1 -1 1 1 
-1 -1 -1 1 1 1 -1 -1 1 -1 1 -1 1 -1 -1 -1 -1 1 -1 1 
-1 -1 -1 1 1 1 -1 -1 -1 1 1 -1 -1 -1 -1 -1 -1 1 -1 -1 
-1 -1 -1 1 1 1 1 1 1 1 1 1 1 1 -1 -1 1 1 1 1 
1 1 1 1 -1 -1 -1 1 1 1 -1 1 1 1 1 1 1 1 1 1 
1 1 1 1 1 -1 -1 -1 1 -1 1 -1 -1 1 1 1 1 1 1 1 
1 1 -1 -1 1 1 -1 1 -1 1 -1 1 1 1 1 -1 1 1 1 1 
1 1 -1 1 -1 1 1 1 1 -1 1 1 1 1 1 1 -1 1 1 1 
1 1 1 -1 1 -1 1 1 1 1 1 1 1 1 1 1 1 1 1 1 
1 1 1 1 1 1 1 -1 1 1 1 1 1 -1 1 1 1 1 -1 1 
1 -1 1 1 1 -1 1 1 1 1 -1 1 1 1 1 1 1 1 1 1 
1 -1 1 1 1 1 1 1 1 -1 -1 1 1 1 1 1 1 1 -1 1 
1 1 1 -1 1 1 1 1 1 1 -1 -1 1 1 -1 1 1 1 -1 1 
-1 1 1 -1 1 1 1 1 -1 -1 1 1 1 1 1 1 1 1 1 -1 
1 -1 1 1 1 1 1 1 1 -1 1 -1 1 1 1 1 -1 1 1 -1 
1 1 1 1 1 1 1 1 1 1 1 1 1 1 1 -1 -1 1 1 1 
1 -1 -1 -1 1 1 1 1 1 1 -1 1 -1 -1 1 1 -1 1 1 1 
1 1 1 -1 1 1 1 1 1 -1 1 1 1 -1 1 1 1 -1 1 -1 
1 1 1 1 1 1 1 1 -1 -1 1 1 -1 1 1 1 1 1 1 1 
-1 1 -1 1 1 1 1 1 -1 -1 1 -1 1 1 1 1 1 1 1 1 
1 1 1 1 1 1 1 1 1 1 1 -1 1 1 1 -1 1 1 1 -1 
-1 1 1 1 1 1 1 -1 1 1 1 -1 1 1 1 -1 -1 1 1 -1 
-1 -1 1 -1 1 -1 1 1 1 1 -1 1 -1 1 -1 1 1 1 1 -1 
1 1 1 -1 1 1 1 1 1 1 1 1 1 -1 1 1 1 1 1 -1 
1 -1 1 1 1 -1 1 1 1 1 1 1 1 -1 1 1 1 1 1 1 
1 1 1 1 1 -1 1 1 1 1 1 1 1 1 1 -1 1 1 1 -1 
1 1 1 1 1 1 -1 1 1 1 1 1 1 1 1 -1 1 1 -1 1 
1 1 1 -1 -1 1 -1 -1 1 1 1 -1 1 1 1 1 1 1 1 1 
1 -1 1 -1 -1 -1 1 1 1 -1 -1 -1 -1 1 -1 1 1 1 1 1 
1 1 1 1 1 1 1 1 1 -1 1 -1 -1 -1 1 1 1 1 1 1 
1 1 1 1 1 -1 -1 -1 -1 -1 1 1 1 1 -1 1 1 1 1 -1 
-1 1 1 1 1 1 1 1 1 -1 1 1 1 1 1 1 -1 1 1 -1 
-1 1 1 1 1 1 1 -1 1 1 1 1 1 1 -1 1 1 1 1 -1 
1 -1 1 1 1 1 -1 1 1 -1 1 1 1 1 1 -1 1 1 1 1 
1 1 1 -1 1 1 -1 1 1 1 -1 -1 -1 -1 1 1 1 1 1 1 
-1 1 -1 1 -1 1 1 1 1 -1 1 1 1 -1 -1 1 1 1 -1 1 
1 1 -1 -1 1 1 1 1 -1 1 1 -1 -1 1 1 1 1 -1 1 -1 
1 1 1 1 -1 1 1 -1 -1 -1 -1 -1 1 1 -1 -1 1 1 1 1 
1 1 1 1 -1 -1 1 1 -1 -1 1 -1 -1 1 1 -1 1 1 -1 1 
1 1 1 -1 -1 1 1 1 -1 1 1 -1 1 1 1 1 1 1 1 -1 
1 1 -1 1 1 -1 1 1 1 1 1 1 1 1 1 -1 -1 -1 1 1 
1 1 -1 1 1 -1 -1 1 1 1 1 1 1 -1 1 -1 -1 -1 -1 1 
1 -1 1 1 1 1 1 1 -1 -1 -1 -1 1 1 -1 1 1 -1 1 1 
-1 -1 1 -1 -1 1 1 -1 1 1 -1 -1 1 1 -1 1 1 1 1 1 
-1 -1 -1 1 1 -1 -1 -1 -1 1 1 1 1 1 -1 -1 1 -1 1 -1 
1 -1 1 1 1 -1 -1 -1 1 1 1 -1 1 1 1 -1 1 1 1 -1 
-1 1 1 1 1 1 1 1 1 1 -1 1 1 1 -1 1 1 -1 1 1 
1 1 1 1 1 1 1 1 1 1 1 1 1 1 1 -1 -1 1 1 -1 
1 1 1 1 1 -1 -1 1 1 -1 1 1 1 1 1 -1 1 1 1 -1 
-1 1 1 1 1 -1 -1 1 -1 -1 -1 1 1 -1 1 1 1 1 -1 1 
1 1 -1 1 1 -1 -1 -1 1 -1 1 1 -1 1 1 1 1 1 1 1 
1 1 1 -1 1 1 1 -1 -1 1 -1 1 1 -1 1 1 -1 -1 1 1 
1 1 1 1 1 1 1 1 1 1 1 -1 1 -1 1 -1 -1 -1 1 1 
1 1 1 1 1 -1 1 1 1 1 -1 -1 1 -1 1 1 1 -1 1 1 
-1 -1 1 1 1 1 1 1 1 1 1 1 1 -1 -1 1 1 1 1 -1 
-1 -1 1 1 1 -1 1 1 1 1 1 1 1 1 1 -1 1 1 1 1 
1 1 1 -1 -1 1 -1 1 1 1 1 1 1 1 -1 1 1 -1 1 1 
1 -1 1 1 1 1 -1 1 -1 1 -1 1 1 1 -1 1 1 -1 1 1 
1 -1 -1 1 1 -1 1 1 1 1 1 -1 1 -1 1 1 1 1 1 -1 
1 1 1 -1 1 1 1 1 -1 1 1 -1 1 1 1 1 1 1 1 1 
1 1 -1 1 1 1 1 1 -1 1 1 -1 -1 -1 1 1 -1 1 1 -1 
-1 -1 1 -1 -1 1 -1 1 -1 1 1 -1 1 1 1 -1 1 1 1 1 
-1 -1 1 1 1 1 1 -1 -1 1 1 1 -1 1 1 -1 -1 1 1 1 
1 -1 1 -1 1 1 -1 1 1 -1 1 -1 -1 1 1 1 1 1 1 1 
1 1 1 -1 1 1 -1 1 1 1 1 1 -1 -1 -1 1 -1 1 1 1 
-1 -1 -1 -1 -1 1 1 1 1 1 1 1 1 1 1 1 1 -1 -1 1 
1 1 1 -1 1 1 1 1 1 1 1 1 -1 -1 -1 1 -1 -1 -1 1 
-1 1 1 -1 1 1 1 1 1 1 1 1 1 1 1 1 1 -1 -1 -1 
1 1 1 -1 1 1 1 1 1 1 1 -1 -1 1 1 1 1 1 -1 -1 
1 1 1 -1 1 1 1 1 1 1 -1 -1 1 1 1 1 1 1 -1 -1 
-1 1 1 -1 -1 1 1 1 1 -1 1 1 -1 1 1 1 1 1 1 1 
1 1 1 1 1 1 -1 -1 -1 1 1 1 1 1 1 1 1 1 1 -1 
-1 1 1 1 1 1 1 1 1 -1 -1 1 1 1 1 1 1 1 -1 1 
1 1 1 1 1 -1 1 1 1 1 -1 1 1 1 1 1 -1 1 1 1 
2 1 1 1 -1 -1 -1 1 1 1 1 1 1 -1 1 1 1 1 1 1 
2 2 2 1 1 1 -1 1 1 1 1 1 1 1 1 1 1 1 1 1 
2 1 2 -1 1 1 -1 -1 1 1 1 1 1 1 1 1 1 1 1 2 
-1 -1 1 1 1 1 1 1 -1 1 1 1 -1 2 2 2 2 1 1 -1 
2 -1 -1 1 1 1 1 1 1 1 -1 1 1 -1 2 2 2 1 1 1 
2 -1 1 1 1 -1 1 1 -1 -1 -1 1 1 2 -1 1 -1 1 2 1 
2 1 1 1 1 1 -1 -1 -1 1 1 1 1 2 -1 1 2 2 2 2 
-1 -1 -1 1 1 1 1 1 -1 -1 1 1 1 1 1 2 -1 2 1 1 
1 1 -1 -1 -1 1 1 1 1 -1 -1 1 1 1 2 1 -1 -1 1 1 
1 1 1 1 1 -1 1 1 1 -1 -1 1 1 1 -1 1 1 1 -1 1 
1 1 1 1 -1 1 1 1 1 1 1 1 1 1 1 2 1 1 1 -1 
1 1 1 1 1 -1 1 1 1 1 1 1 1 -1 -1 1 1 1 1 1 
1 1 1 1 1 -1 1 1 -1 -1 1 1 -1 1 -1 1 -1 1 1 1 
1 1 1 1 1 1 1 1 -1 -1 -1 1 1 1 -1 1 1 1 -1 -1 
1 1 1 1 1 1 1 -1 1 -1 -1 -1 1 1 1 1 1 1 1 1 
1 1 1 1 1 1 -1 1 1 -1 1 -1 1 1 -1 -1 -1 -1 1 1 
1 1 1 1 1 1 1 1 1 -1 -1 1 -1 1 1 1 -1 -1 -1 1 
1 1 -1 1 -1 1 1 1 1 -1 1 1 1 1 1 1 -1 -1 1 1 
1 1 -1 -1 1 1 1 1 1 1 1 1 1 1 1 1 1 1 1 1 
1 1 -1 1 1 1 1 1 -1 -1 1 1 1 1 1 -1 1 1 1 1 
-1 1 1 1 1 -1 -1 -1 -1 1 1 1 1 1 1 -1 1 1 1 1 
1 1 -1 1 1 -1 -1 -1 -1 -1 1 1 1 1 -1 -1 1 1 1 1 
-1 -1 -1 1 -1 -1 -1 -1 -1 1 1 1 1 1 1 1 1 1 -1 1 
1 1 1 1 -1 1 -1 -1 1 1 -1 -1 -1 1 1 -1 1 1 1 1 
1 1 1 -1 1 -1 -1 1 -1 1 -1 1 1 1 1 -1 1 1 -1 -1 
1 1 1 1 1 1 -1 -1 1 1 -1 -1 1 -1 -1 1 1 1 1 1 
1 1 1 1 1 1 1 1 1 1 1 -1 -1 -1 1 1 1 1 1 -1 
1 1 1 1 1 -1 -1 1 1 -1 1 1 -1 -1 1 1 1 -1 -1 1 
1 1 -1 1 1 -1 -1 -1 1 1 1 -1 -1 1 -1 1 -1 1 1 1 
-1 1 -1 1 -1 1 -1 1 1 1 1 1 1 1 1 -1 1 1 1 1 
-1 1 -1 1 1 1 1 1 1 -1 1 -1 1 1 -1 1 1 -1 1 1 
-1 -1 1 -1 1 1 1 1 1 1 -1 1 -1 1 1 1 1 1 1 1 
1 1 -1 1 1 1 1 1 1 1 1 1 1 1 1 1 -1 -1 1 1 
1 1 1 1 1 1 -1 -1 1 1 1 1 1 1 1 1 1 1 -1 -1 
1 -1 1 1 1 1 -1 -1 1 1 1 1 -1 1 1 1 -1 1 1 -1 
1 1 -1 1 1 1 -1 1 1 1 -1 1 1 1 1 -1 1 1 1 1 
-1 1 1 1 1 -1 1 1 1 1 1 -1 1 1 1 1 1 1 -1 1 
1 1 1 1 1 1 1 1 -1 1 1 1 1 1 1 1 1 1 1 -1 
-1 1 -1 -1 1 -1 -1 -1 1 -1 1 1 1 -1 1 -1 1 1 1 1 
1 -1 -1 1 1 1 1 -1 -1 -1 1 1 -1 1 1 1 -1 1 1 1 
1 1 1 1 -1 1 -1 1 1 1 1 1 -1 1 1 -1 -1 1 1 -1 
1 1 -1 -1 -1 -1 -1 1 -1 -1 -1 1 1 -1 1 1 -1 1 1 1 
1 1 1 1 -1 1 1 1 1 1 1 1 1 1 -1 1 1 1 1 1 
-1 1 1 1 -1 1 1 1 1 1 -1 1 -1 -1 1 1 -1 1 1 1 
1 1 -1 1 1 1 1 1 1 1 1 1 -1 1 1 1 1 1 1 1 
-1 1 -1 1 1 1 -1 1 -1 1 1 1 1 1 -1 1 1 -1 1 1 
1 1 1 1 -1 1 1 -1 -1 1 1 1 1 1 1 1 1 -1 1 1 
1 1 1 1 -1 -1 1 -1 1 1 1 1 1 1 1 1 1 1 -1 1 
-1 -1 -1 1 1 1 1 -1 1 1 -1 1 -1 1 1 1 1 1 1 1 
-1 -1 -1 -1 1 1 1 1 -1 -1 -1 1 1 1 1 -1 -1 1 1 1 
-1 -1 -1 1 -1 1 1 1 1 -1 -1 1 1 1 -1 -1 -1 -1 1 1 
1 -1 1 1 1 1 1 -1 -1 1 1 1 -1 1 -1 -1 -1 -1 1 1 
-1 1 1 -1 1 1 1 1 1 1 -1 -1 1 1 1 1 1 1 1 1 
1 1 1 1 1 1 1 -1 1 1 -1 1 1 1 1 1 1 -1 1 1 
1 1 1 1 1 -1 -1 1 1 1 1 -1 1 1 -1 1 1 1 1 1 
1 1 -1 1 1 -1 1 1 1 1 -1 1 -1 1 -1 -1 1 1 1 1 
1 1 1 1 -1 1 1 1 -1 1 1 -1 -1 -1 -1 1 1 1 1 1 
1 1 1 -1 1 1 1 1 1 -1 -1 -1 -1 -1 1 1 1 -1 -1 1 
-1 1 1 1 1 1 1 1 -1 -1 1 -1 -1 -1 1 1 1 1 -1 1 
1 1 1 1 1 -1 1 -1 1 1 -1 -1 1 1 -1 -1 1 1 -1 1 
1 1 1 1 -1 1 -1 1 1 1 -1 1 -1 1 1 -1 1 1 1 1 
1 1 1 1 1 1 1 -1 1 1 -1 1 -1 1 1 1 -1 1 1 1 
1 -1 1 1 1 1 1 1 1 -1 1 1 1 1 1 -1 1 1 1 1 
1 1 -1 1 1 1 1 1 1 1 -1 1 1 1 -1 1 1 1 1 1 
1 1 -1 -1 1 1 1 1 1 -1 -1 -1 1 1 1 -1 1 1 1 1 
-1 -1 1 -1 -1 -1 -1 -1 2 -1 2 -1 1 1 1 1 1 1 1 1 
1 1 -1 -1 -1 -1 -1 2 2 2 -1 2 -1 1 1 1 1 1 -1 1 
1 1 1 -1 -1 1 -1 1 -1 1 -1 1 -1 1 1 -1 1 1 -1 1 
1 1 -1 -1 1 1 1 1 1 1 1 1 1 1 1 -1 1 1 1 1 
1 1 1 1 1 1 1 -1 1 1 1 1 1 1 1 -1 1 -1 1 -1 
1 1 1 1 -1 1 1 1 1 1 1 1 1 4 1 1 1 1 1 1 
-1 -1 1 1 -1 -1 1 1 1 1 -1 1 4 1 1 1 1 -1 -1 1 
-1 1 -1 -1 1 -1 1 1 -1 -1 1 1 -1 1 1 -1 1 -1 -1 1 
1 1 1 1 -1 -1 1 1 1 1 1 1 1 1 -1 1 1 -1 1 -1 
-1 -1 1 1 1 -1 -1 1 -1 1 1 1 1 -1 1 1 1 -1 1 1 
1 1 1 1 1 1 1 1 1 1 1 -1 1 1 -1 1 1 1 1 1 
1 1 1 1 1 1 -1 1 1 1 1 -1 1 1 1 1 1 1 1 1 
1 1 1 -1 1 -1 -1 1 1 1 1 1 1 -1 1 1 1 -1 -1 1 
-1 1 1 -1 1 1 1 -1 1 1 1 1 1 -1 -1 1 1 -1 -1 1 
-1 1 1 1 1 1 -1 1 -1 1 1 -1 1 -1 -1 -1 1 1 1 1 
-1 1 -1 1 1 1 1 1 1 1 1 1 1 -1 1 1 1 1 1 -1 
1 1 1 1 1 1 1 1 1 -1 1 1 1 1 1 1 1 1 1 1 
1 -1 1 1 -1 -1 -1 1 1 1 -1 1 1 1 1 1 1 -1 1 -1 
1 1 1 1 1 1 1 -1 1 1 1 -1 1 1 1 1 -1 -1 -1 1 
1 1 1 1 1 1 1 1 1 1 1 1 1 1 1 -1 -1 -1 -1 1 
1 1 1 -1 -1 1 -1 1 -1 1 1 1 1 -1 1 -1 -1 -1 1 1 
-1 -1 1 1 -1 1 1 -1 1 1 1 1 -1 -1 -1 1 1 1 1 1 
1 1 -1 1 1 -1 -1 1 1 1 1 1 1 1 1 1 1 1 1 1 
1 1 1 1 -1 -1 1 1 1 1 -1 1 1 -1 1 1 1 1 1 1 
1 1 -1 1 -1 -1 1 1 1 1 1 -1 1 -1 -1 1 -1 -1 -1 1 
1 -1 -1 -1 -1 1 1 -1 1 1 -1 -1 -1 1 1 1 1 1 1 1 
-1 1 -1 1 1 1 1 -1 -1 -1 -1 -1 -1 -1 1 1 1 -1 1 1 
1 -1 1 -1 -1 1 -1 1 -1 -1 -1 -1 1 1 1 4 1 -1 -1 1 
-1 -1 -1 -1 -1 -1 1 1 1 -1 1 1 1 1 1 1 -1 -1 -1 1 
-1 -1 -1 -1 -1 -1 1 1 1 1 1 1 1 1 1 -1 -1 -1 -1 1 
1 1 1 -1 -1 1 1 1 1 1 1 1 1 1 1 -1 -1 -1 1 1 
1 1 1 1 1 1 -1 -1 1 1 1 1 1 1 1 1 1 -1 1 1 
1 1 -1 1 -1 -1 -1 -1 -1 1 -1 1 1 1 1 1 -1 -1 1 1 
1 1 1 1 -1 1 1 -1 -1 1 1 1 -1 -1 1 1 1 1 1 -1 
1 1 1 1 1 1 1 1 -1 -1 1 -1 -1 1 1 -1 1 1 1 -1 
1 1 1 -1 1 1 1 -1 1 -1 1 1 1 -1 -1 -1 -1 1 1 -1 
1 1 1 1 1 -1 1 1 1 1 1 1 1 1 -1 1 1 -1 1 1 
1 1 -1 1 1 1 1 -1 -1 1 1 -1 1 1 -1 1 1 1 1 1 
-1 -1 1 -1 1 1 1 1 1 1 1 1 1 1 1 -1 1 1 -1 1 
1 -1 -1 1 1 1 1 1 -1 1 1 1 1 -1 1 1 -1 -1 1 -1 
-1 1 -1 -1 -1 -1 1 1 1 1 1 1 1 -1 1 1 -1 -1 1 -1 
1 -1 -1 -1 -1 -1 -1 -1 1 1 1 1 1 1 1 1 1 -1 1 -1 
-1 1 -1 1 1 -1 1 1 1 1 1 1 1 1 -1 1 1 1 -1 1 
1 -1 -1 1 1 1 -1 1 1 1 1 1 -1 1 -1 1 1 1 1 1 
1 -1 -1 -1 1 1 -1 1 1 1 1 -1 1 1 1 1 1 1 1 1 
-1 -1 -1 -1 1 1 1 -1 1 1 1 1 -1 -1 -1 -1 1 1 1 -1 
1 1 1 -1 1 1 -1 1 1 1 1 1 1 -1 1 -1 1 1 -1 1 
1 1 1 1 -1 -1 -1 1 1 1 1 1 1 -1 -1 1 1 1 1 1 
1 -1 1 1 -1 1 -1 -1 1 1 1 1 -1 -1 -1 1 1 1 1 1 
1 1 1 1 1 -1 -1 1 1 1 1 1 -1 1 -1 1 1 1 1 1 
1 1 1 -1 -1 1 1 1 1 1 1 1 -1 1 -1 -1 1 -1 1 1 
1 1 1 1 1 1 1 1 -1 1 1 1 1 -1 -1 -1 -1 -1 1 1 
-1 1 1 1 1 1 -1 1 1 1 1 1 -1 1 -1 1 -1 -1 -1 -1 
1 -1 1 1 1 -1 -1 -1 1 1 1 1 1 1 1 1 1 1 1 1 
1 1 1 -1 1 1 1 1 1 1 1 1 1 1 1 1 -1 1 1 1 
1 1 1 1 1 1 -1 1 1 1 1 1 1 1 1 1 1 1 1 1 
1 1 1 -1 1 1 1 1 1 -1 1 1 1 1 1 -1 1 -1 1 1 
1 -1 1 -1 1 1 1 1 1 1 1 1 1 1 1 1 1 -1 1 1 
1 1 1 1 -1 1 1 1 1 1 1 1 1 1 -1 1 -1 1 1 1 
1 1 -1 -1 -1 1 1 1 1 1 1 -1 -1 1 1 1 1 1 -1 1 
-1 1 -1 1 1 1 1 -1 1 -1 -1 -1 -1 1 1 1 -1 -1 1 -1 
-1 -1 1 1 -1 1 1 1 -1 -1 -1 -1 -1 1 1 1 -1 -1 1 -1 
1 1 1 1 1 1 1 1 1 -1 -1 -1 -1 1 1 -1 -1 -1 -1 -1 
1 -1 -1 1 1 1 1 1 1 -1 1 1 1 1 1 1 1 1 1 -1 
1 -1 1 1 -1 1 1 1 1 1 1 1 -1 1 1 -1 1 1 -1 1 
1 1 1 -1 1 -1 1 -1 1 1 1 -1 -1 1 -1 -1 -1 1 1 1 
-1 -1 1 1 1 -1 -1 1 1 -1 1 -1 -1 1 -1 -1 -1 1 1 1 
1 1 1 -1 1 -1 1 1 1 1 1 -1 1 1 -1 -1 1 -1 1 1 
1 1 1 -1 -1 1 1 1 1 -1 1 1 1 1 -1 1 -1 1 1 1 
-1 -1 1 -1 1 1 1 1 1 1 1 1 -1 -1 1 1 1 1 1 1 
-1 1 1 1 1 -1 1 -1 1 1 1 1 -1 1 -1 1 1 1 1 1 
1 1 -1 1 1 1 1 1 1 1 1 1 1 1 1 1 1 1 1 -1 
-1 1 -1 1 1 1 1 1 1 1 1 1 1 1 1 -1 1 -1 1 -1 
-1 1 1 1 1 -1 1 1 1 1 -1 1 1 1 -1 1 1 1 -1 -1 
1 -1 -1 1 1 1 -1 -1 -1 1 1 -1 -1 1 1 1 1 -1 1 1 
-1 -1 1 1 1 1 1 1 1 1 1 1 1 1 1 1 1 1 1 1 
1 1 -1 1 1 1 -1 1 1 -1 1 1 -1 1 1 1 1 1 1 1 
1 1 -1 -1 1 1 1 -1 1 1 1 1 1 1 1 1 1 1 -1 1 
-1 -1 1 1 1 1 -1 -1 -1 -1 1 1 1 1 1 -1 1 -1 -1 1 
1 1 1 1 1 -1 -1 1 1 1 1 1 1 1 1 1 1 1 1 -1 
1 1 -1 1 1 1 1 1 1 -1 1 1 -1 1 1 -1 -1 1 -1 1 
-1 1 1 -1 -1 1 1 1 1 -1 -1 1 1 1 -1 -1 -1 1 1 1 
1 -1 1 -1 -1 1 1 1 -1 1 -1 1 1 1 -1 1 1 -1 -1 -1 
-1 -1 -1 1 -1 1 1 1 1 1 1 1 1 -1 1 1 1 1 1 -1 
-1 -1 1 -1 1 1 1 1 1 -1 1 1 1 1 1 1 1 1 1 -1 
-1 -1 1 1 -1 1 1 1 1 1 1 1 1 -1 1 1 1 1 1 1 
-1 1 -1 -1 1 1 1 1 -1 1 1 1 -1 1 1 1 -1 -1 1 -1 
-1 -1 1 1 1 1 1 1 1 1 1 1 1 1 -1 1 1 1 1 1 
-1 -1 -1 1 1 1 1 1 1 -1 1 1 1 1 -1 1 1 1 1 1 
1 -1 -1 -1 -1 1 1 1 1 1 1 1 1 1 1 1 1 1 1 1 
1 1 -1 1 -1 1 1 1 1 1 -1 1 1 1 1 1 1 1 1 -1 
1 -1 1 1 1 1 -1 1 1 1 1 1 -1 1 1 1 1 1 -1 1 
1 1 1 1 1 1 1 1 1 -1 1 1 1 -1 1 1 -1 1 1 1 
1 1 1 1 1 1 1 1 -1 1 1 1 -1 1 1 1 1 1 1 1 
-1 1 1 1 1 1 1 1 -1 1 1 1 -1 1 1 1 1 1 -1 1 
1 1 1 1 -1 1 -1 -1 -1 -1 1 1 1 1 -1 1 1 1 1 1 
1 1 1 -1 1 -1 1 1 1 1 1 -1 -1 1 -1 1 1 1 1 1 
-1 1 1 1 1 1 1 1 1 1 1 1 1 1 1 1 1 1 1 1 
-1 1 1 1 -1 1 1 1 1 1 -1 1 1 1 1 1 -1 -1 1 1 
1 -1 1 -1 -1 1 1 -1 1 -1 1 1 1 1 1 1 1 1 1 -1 
-1 1 1 1 1 1 -1 -1 -1 -1 -1 1 -1 1 1 1 1 1 1 1 
1 1 1 1 1 1 -1 -1 -1 -1 -1 -1 1 1 1 1 1 1 1 -1 
1 1 1 1 1 1 1 -1 -1 -1 1 1 1 1 1 1 1 -1 -1 -1 
-1 -1 1 -1 1 -1 1 1 -1 -1 1 1 1 1 1 1 1 -1 -1 -1 
-1 -1 -1 1 1 1 1 1 -1 1 1 1 1 1 1 1 1 1 1 -1 
-1 -1 -1 1 -1 1 1 1 -1 1 1 -1 1 1 -1 1 1 1 1 -1 
-1 1 1 1 -1 1 1 -1 1 -1 -1 1 1 1 -1 1 1 -1 -1 -1 
1 1 -1 -1 -1 1 1 1 1 1 1 1 -1 1 -1 1 1 1 -1 1 
-1 1 -1 1 1 -1 1 -1 1 1 1 -1 -1 -1 -1 1 1 1 1 1 
1 1 1 1 1 1 1 1 1 -1 -1 1 -1 -1 -1 -1 1 1 1 1 
1 -1 1 1 1 1 -1 1 1 1 1 1 1 -1 1 -1 -1 -1 1 1 
1 1 1 1 -1 1 -1 1 1 1 1 1 1 1 1 -1 -1 -1 -1 1 
1 1 1 1 -1 1 1 1 -1 1 -1 1 1 -1 1 -1 1 1 -1 -1 
1 -1 -1 1 1 -1 1 1 -1 1 1 1 -1 1 1 -1 -1 -1 1 -1 
1 1 1 1 1 1 1 -1 1 1 1 1 1 -1 1 1 -1 1 1 1 
1 1 1 -1 -1 -1 -1 1 1 1 -1 1 1 1 1 1 1 1 1 1 
1 2 1 1 -1 -1 1 -1 1 1 1 -1 1 1 1 1 1 1 1 1 
1 1 -1 2 1 -1 1 1 1 -1 1 -1 -1 1 -1 1 -1 1 1 1 
1 -1 -1 1 1 1 1 1 1 -1 -1 -1 -1 -1 1 1 -1 -1 -1 1 
-1 1 1 1 1 -1 1 -1 -1 1 -1 -1 -1 1 1 -1 -1 -1 1 -1 
1 1 1 1 1 -1 1 1 1 1 1 1 1 1 1 1 -1 1 1 -1 
1 1 1 1 -1 1 1 -1 1 1 1 1 1 1 1 -1 1 1 1 -1 
-1 1 -1 1 1 1 -1 1 1 1 1 2 1 1 1 1 1 1 1 1 
1 1 1 1 1 -1 -1 1 1 1 2 2 -1 -1 1 1 1 1 1 1 
1 1 1 1 1 1 1 1 -1 1 1 -1 -1 -1 1 1 1 1 1 1 
-1 1 1 -1 1 1 -1 -1 1 1 -1 1 -1 1 -1 1 1 1 -1 1 
-1 1 1 1 1 -1 -1 1 1 -1 1 1 -1 -1 1 1 1 -1 -1 1 
1 1 1 1 1 1 1 1 -1 1 1 1 -1 -1 -1 1 1 -1 1 1 
1 1 -1 -1 1 1 1 1 1 1 1 1 -1 -1 1 -1 1 1 -1 -1 
1 1 1 1 -1 1 1 1 -1 1 1 1 -1 -1 1 1 1 1 1 1 
1 1 1 1 -1 -1 1 -1 1 -1 1 1 -1 -1 1 1 1 1 1 1 
1 1 -1 1 -1 1 1 1 1 1 1 1 1 1 1 1 1 1 1 1 
1 1 -1 -1 -1 1 1 1 1 1 1 1 1 1 1 1 1 1 1 1 
1 1 -1 -1 1 1 1 1 1 1 1 1 1 1 1 1 1 1 1 1 
1 1 1 1 1 -1 -1 1 1 1 1 1 1 1 1 1 1 1 1 1 
1 -1 -1 1 -1 -1 -1 -1 -1 1 1 1 1 -1 1 -1 1 1 1 1 
-1 -1 -1 1 1 1 1 1 1 1 1 -1 1 1 1 1 1 1 1 1 
-1 -1 1 1 1 1 1 1 1 1 1 -1 1 1 1 1 1 1 1 1 
1 1 1 1 -1 1 1 1 1 1 -1 -1 -1 1 1 1 1 1 1 1 
1 1 1 1 1 -1 1 1 -1 1 1 1 1 1 1 1 1 1 -1 -1 
1 1 -1 1 1 1 -1 1 1 1 1 1 1 1 1 1 1 1 -1 -1 
1 1 1 1 1 1 1 1 1 1 1 -1 1 1 1 -1 1 1 -1 1 
1 1 1 1 1 1 -1 1 1 1 1 1 1 1 1 1 1 1 1 1 
1 1 1 1 1 1 1 1 1 1 1 -1 1 1 -1 1 1 1 1 1 
1 1 1 1 1 1 1 1 1 1 -1 1 1 1 -1 1 1 1 -1 1 
1 1 1 1 1 -1 1 1 1 1 1 1 1 1 -1 1 1 1 1 1 
1 1 1 -1 1 1 1 1 1 1 1 1 -1 1 1 1 -1 -1 1 1 
1 1 1 1 1 1 1 1 1 1 1 1 1 -1 1 -1 -1 -1 1 1 
1 1 1 -1 1 1 1 1 1 1 -1 -1 1 1 -1 -1 -1 -1 1 1 
1 1 1 1 1 1 1 1 -1 1 1 -1 1 -1 -1 -1 -1 -1 1 -1 
1 1 1 1 1 1 -1 1 1 1 1 1 1 -1 1 -1 -1 -1 1 1 
1 1 1 1 1 1 -1 -1 1 1 1 1 -1 1 -1 -1 1 1 1 1 
1 1 1 1 1 -1 1 -1 1 -1 1 1 1 1 1 -1 1 1 -1 -1 
-1 1 1 1 -1 1 -1 1 -1 1 1 1 1 1 1 -1 -1 1 1 1 
1 -1 -1 1 1 1 -1 -1 -1 1 1 1 1 1 -1 -1 1 1 1 1 
1 1 1 -1 1 1 1 -1 -1 1 1 1 -1 -1 -1 -1 -1 -1 1 1 
1 1 1 -1 1 -1 -1 1 1 -1 1 -1 -1 1 -1 -1 -1 1 1 -1 
-1 -1 -1 -1 -1 1 1 1 1 1 1 1 1 1 -1 1 1 -1 1 1 
1 1 1 -1 -1 1 1 1 1 -1 -1 -1 1 1 1 1 -1 1 1 1 
1 1 1 1 1 1 1 1 1 1 1 1 -1 1 1 -1 1 1 1 1 
1 1 1 1 1 1 -1 -1 1 -1 1 1 1 1 1 1 1 -1 1 -1 
1 1 1 1 -1 1 1 1 1 1 1 1 -1 1 1 -1 1 -1 1 -1 
-1 1 -1 -1 1 1 -1 -1 1 1 1 1 1 1 -1 -1 1 1 -1 -1 
1 1 1 1 1 1 1 -1 1 1 1 1 1 -1 1 -1 1 1 -1 -1 
1 1 1 -1 -1 1 1 -1 1 1 1 1 1 1 -1 1 1 -1 -1 1 
1 1 -1 -1 -1 1 1 -1 -1 1 1 1 1 1 1 1 1 -1 1 1 
1 -1 -1 -1 -1 1 1 1 1 1 1 -1 1 1 1 1 1 1 1 1 
1 1 1 1 1 1 1 1 1 -1 1 -1 -1 1 1 1 -1 1 1 -1 
1 1 1 -1 1 -1 1 1 1 1 1 1 1 1 1 -1 1 1 1 -1 
-1 -1 -1 -1 1 1 -1 -1 -1 1 1 -1 1 1 -1 -1 1 1 1 8 
1 1 1 1 -1 -1 1 1 1 1 1 1 1 1 1 1 1 -1 1 1 
1 1 1 1 1 1 1 1 -1 1 1 1 1 1 1 1 -1 1 1 1 
1 1 1 1 1 1 1 1 1 1 1 1 1 1 -1 1 1 1 -1 -1 
1 1 1 1 1 1 1 1 1 1 1 1 -1 1 1 -1 -1 -1 1 1 
1 1 -1 -1 1 1 1 1 1 1 1 1 1 -1 1 1 -1 1 1 1 
1 1 1 -1 1 1 1 1 -1 1 1 1 -1 1 -1 1 1 -1 1 1 
1 1 -1 -1 1 1 1 -1 1 1 1 1 -1 1 -1 1 1 1 1 1 
1 1 -1 -1 1 -1 -1 1 1 1 1 1 -1 1 1 -1 1 1 1 -1 
1 1 -1 1 -1 1 1 1 1 -1 1 1 -1 1 1 1 1 1 -1 1 
1 -1 1 1 -1 -1 -1 -1 1 1 -1 1 1 1 -1 1 -1 -1 -1 1 
-1 -1 1 1 -1 -1 1 -1 1 1 1 1 1 1 1 -1 -1 -1 -1 -1 
1 1 1 1 1 -1 1 1 -1 1 1 1 1 1 -1 -1 -1 -1 -1 1 
-1 1 1 1 1 1 1 1 1 -1 1 1 -1 -1 -1 -1 -1 1 1 1 
1 1 1 1 1 1 1 1 1 1 1 1 -1 -1 -1 -1 1 -1 1 -1 
1 -1 -1 1 1 1 1 1 1 1 1 -1 -1 -1 -1 -1 -1 -1 -1 1 
-1 1 1 -1 1 1 1 1 -1 -1 -1 1 -1 -1 -1 -1 -1 -1 -1 -1 
-1 1 -1 3 3 1 1 1 -1 1 1 1 1 1 -1 1 1 -1 1 1 
1 1 1 3 3 1 -1 1 1 1 1 1 1 1 -1 -1 1 9 9 9 
3 1 3 1 1 3 1 1 1 1 -1 1 1 1 -1 1 9 9 9 1 
8 9 3 1 1 1 1 1 1 1 1 1 1 1 1 8 9 9 8 -1 
9 3 3 3 1 1 1 1 1 -1 1 1 1 1 1 1 1 8 8 9 
8 -1 1 1 1 1 1 -1 -1 1 1 1 -1 1 1 1 1 9 8 9 
8 8 1 1 1 1 1 -1 1 1 1 -1 1 -1 1 1 1 -1 9 8 
1 -1 8 3 1 1 1 1 1 1 1 1 -1 1 1 1 1 1 9 1 
1 1 3 1 1 1 1 1 1 1 1 -1 -1 1 -1 -1 1 1 1 1 
1 -1 1 -1 -1 1 1 1 -1 1 1 -1 1 1 -1 1 1 1 1 1 
-1 1 -1 -1 1 1 1 1 1 1 -1 -1 1 -1 1 -1 -1 1 1 1 
1 1 -1 -1 -1 1 1 1 1 -1 1 -1 -1 1 -1 1 -1 1 1 1 
1 -1 1 1 1 1 1 1 -1 1 -1 1 1 1 1 1 1 1 -1 1 
1 1 1 1 1 1 1 1 -1 1 1 1 1 1 1 1 1 -1 1 1 
-1 1 1 1 1 1 1 -1 1 1 1 1 1 1 -1 1 1 1 1 1 
-1 1 1 1 1 -1 -1 1 1 1 -1 -1 1 -1 1 -1 -1 1 -1 1 
1 1 1 1 -1 -1 1 -1 1 1 -1 1 -1 -1 -1 1 -1 -1 1 1 
1 -1 1 1 -1 1 1 1 -1 -1 1 1 -1 1 1 1 1 1 1 1 
-1 1 1 1 1 -1 -1 -1 1 1 1 -1 -1 1 -1 1 1 1 1 -1 
1 -1 -1 1 1 1 1 1 1 1 1 1 1 1 1 1 -1 -1 -1 -1 
1 1 -1 -1 1 -1 1 -1 1 1 1 1 -1 1 -1 1 1 1 1 1 
1 1 -1 1 -1 -1 -1 1 1 1 1 -1 1 1 1 1 1 -1 -1 1 
-1 -1 -1 -1 1 -1 -1 -1 1 1 1 1 1 1 -1 1 -1 -1 -1 -1 
-1 1 -1 -1 1 -1 -1 1 1 1 1 1 1 1 1 1 1 1 1 -1 
1 -1 -1 -1 -1 -1 -1 1 -1 1 -1 1 -1 1 -1 1 1 1 1 1 
1 1 -1 -1 -1 -1 -1 1 1 1 1 -1 1 1 1 1 1 1 -1 1 
8 -1 1 -1 -1 -1 -1 1 1 1 1 1 1 1 1 1 1 -1 8 -1 
8 -1 -1 1 1 -1 -1 -1 1 1 -1 1 1 1 1 1 1 1 1 -1 
1 1 1 1 1 -1 1 -1 -1 1 -1 1 1 1 1 1 1 1 1 1 
-1 -1 -1 -1 1 1 -1 1 1 1 -1 -1 -1 1 1 -1 -1 -1 -1 -1 
1 -1 -1 -1 1 -1 -1 -1 -1 -1 1 -1 -1 1 1 -1 -1 -1 -1 -1 
1 -1 -1 -1 -1 -1 -1 -1 -1 1 1 1 -1 -1 -1 1 -1 -1 -1 -1 
1 1 -1 -1 -1 -1 1 1 1 -1 -1 -1 -1 1 1 -1 -1 -1 -1 -1 
1 -1 -1 1 -1 -1 -1 -1 -1 -1 -1 -1 -1 1 1 1 -1 -1 -1 -1 
-1 1 -1 1 1 -1 -1 -1 -1 -1 -1 -1 -1 -1 -1 1 1 -1 1 1 
1 -1 1 1 -1 1 -1 -1 -1 -1 -1 -1 1 -1 -1 -1 1 -1 -1 -1 
1 1 -1 -1 1 -1 -1 -1 -1 -1 -1 1 1 1 -1 -1 1 1 1 1 
1 -1 -1 -1 1 1 -1 -1 1 -1 1 1 -1 -1 -1 1 -1 1 1 -1 
-1 -1 -1 -1 -1 1 -1 -1 1 1 1 1 1 1 1 1 -1 1 -1 -1 
-1 -1 -1 -1 1 1 -1 -1 -1 -1 -1 1 1 1 1 1 1 -1 -1 1 
1 -1 -1 -1 1 1 -1 -1 -1 -1 -1 1 1 -1 -1 -1 -1 1 -1 1 
-1 -1 -1 -1 -1 -1 -1 -1 -1 -1 -1 -1 -1 -1 -1 -1 -1 -1 -1 1 
-1 1 -1 -1 -1 -1 1 -1 -1 -1 -1 -1 -1 -1 -1 -1 -1 -1 -1 -1 
-1 -1 -1 1 -1 1 -1 -1 -1 -1 -1 -1 1 -1 -1 1 -1 -1 -1 -1 
1 1 1 -1 -1 -1 1 -1 -1 -1 -1 -1 1 -1 1 -1 -1 -1 -1 1 
-1 1 -1 1 -1 -1 -1 -1 -1 -1 -1 -1 -1 -1 -1 -1 -1 -1 -1 1 
-1 -1 1 1 1 -1 -1 -1 -1 -1 -1 1 1 1 -1 -1 -1 -1 -1 -1 
-1 -1 1 -1 1 -1 -1 -1 -1 -1 -1 -1 -1 1 -1 -1 -1 -1 -1 -1 
-1 -1 -1 -1 -1 -1 -1 1 -1 -1 -1 -1 -1 -1 1 -1 -1 -1 -1 -1 
-1 -1 -1 -1 -1 -1 -1 1 -1 -1 -1 -1 -1 1 -1 -1 -1 -1 1 -1 
-1 -1 -1 -1 -1 -1 1 -1 -1 -1 -1 1 1 -1 -1 -1 -1 -1 -1 1 
-1 -1 -1 -1 1 -1 1 -1 -1 -1 -1 -1 -1 -1 -1 -1 1 -1 -1 -1 
-1 -1 -1 -1 1 1 -1 -1 -1 -1 -1 -1 -1 -1 -1 -1 1 -1 -1 1 
-1 -1 -1 -1 -1 1 1 -1 -1 -1 -1 1 -1 -1 -1 -1 -1 -1 -1 1 
-1 -1 -1 -1 -1 -1 -1 -1 -1 -1 1 -1 1 -1 -1 1 1 -1 -1 -1 
-1 -1 -1 -1 1 1 -1 -1 -1 1 1 -1 1 1 1 -1 1 -1 -1 -1 
-1 -1 -1 -1 1 1 1 -1 -1 1 1 1 1 1 1 -1 -1 -1 -1 -1 
-1 -1 -1 -1 -1 -1 1 -1 -1 -1 1 1 1 1 1 1 1 -1 -1 -1 
-1 -1 -1 1 -1 -1 -1 -1 1 -1 1 1 1 1 1 1 1 1 -1 1 
1 1 1 1 -1 -1 1 1 -1 -1 -1 1 1 1 -1 1 1 1 1 -1 
1 -1 -1 -1 -1 -1 1 1 1 1 1 1 1 -1 1 1 -1 1 1 -1 
1 -1 -1 -1 -1 1 1 1 1 1 -1 1 1 1 -1 1 -1 1 -1 1 
1 -1 -1 -1 -1 -1 -1 1 1 -1 -1 1 1 1 -1 1 -1 1 -1 -1 
-1 -1 -1 -1 -1 -1 -1 1 1 1 1 -1 -1 -1 1 -1 1 -1 -1 -1 
-1 -1 -1 -1 -1 -1 -1 -1 1 1 -1 -1 -1 -1 -1 1 -1 -1 -1 -1 
-1 -1 -1 -1 -1 -1 -1 -1 1 1 -1 -1 -1 -1 -1 -1 -1 -1 -1 1 
-1 1 -1 -1 -1 -1 -1 -1 1 1 -1 -1 -1 -1 -1 -1 -1 -1 -1 1 
-1 -1 1 -1 -1 -1 -1 1 1 1 -1 -1 -1 -1 -1 -1 -1 -1 -1 1 
-1 -1 -1 -1 -1 -1 -1 -1 1 -1 -1 -1 -1 -1 -1 -1 -1 -1 -1 -1 
1 -1 -1 -1 1 -1 -1 -1 -1 1 -1 1 -1 1 1 1 1 1 1 -1 
1 -1 -1 1 1 -1 -1 1 -1 -1 -1 -1 -1 -1 -1 1 -1 1 1 1 
-1 1 1 1 1 1 -1 1 1 -1 -1 -1 -1 -1 1 1 1 1 1 1 
-1 1 -1 1 1 -1 1 1 1 1 1 -1 1 -1 1 -1 1 -1 1 1 
1 -1 -1 -1 1 1 -1 1 -1 -1 1 1 1 -1 -1 -1 -1 -1 1 1 
-1 1 -1 1 -1 1 1 1 -1 1 1 -1 -1 -1 -1 -1 -1 -1 -1 1 
1 1 1 1 -1 -1 -1 -1 1 1 1 -1 -1 -1 -1 -1 -1 -1 1 1 
1 -1 -1 1 -1 -1 -1 1 1 1 -1 1 -1 -1 -1 -1 -1 -1 -1 1 
1 1 -1 -1 -1 1 1 -1 -1 -1 -1 -1 1 -1 -1 -1 1 1 -1 1 
1 -1 -1 -1 1 -1 1 -1 -1 -1 -1 -1 -1 -1 -1 -1 1 1 1 1 
1 -1 -1 1 -1 1 1 -1 -1 1 -1 -1 -1 -1 1 1 1 -1 -1 -1 
1 1 1 -1 1 1 1 1 -1 1 1 1 1 1 -1 1 1 -1 1 1 
1 1 1 1 -1 1 1 -1 1 1 1 -1 1 1 1 1 -1 1 -1 1 
-1 1 1 1 1 1 1 1 -1 1 1 -1 -1 1 1 1 1 -1 1 1 
-1 1 1 1 1 1 -1 -1 1 -1 1 -1 1 1 1 1 1 1 -1 1 
-1 1 -1 1 -1 -1 1 -1 1 1 1 -1 1 1 -1 -1 1 1 1 -1 
1 -1 1 -1 1 -1 1 1 -1 1 1 1 1 1 -1 -1 -1 1 -1 1 
-1 -1 -1 -1 -1 -1 -1 1 1 1 1 1 1 1 1 -1 1 1 1 -1 
-1 -1 -1 -1 -1 -1 1 1 1 1 1 1 1 1 1 -1 -1 -1 -1 -1 
-1 -1 -1 -1 1 1 -1 -1 1 -1 1 -1 -1 -1 -1 -1 -1 1 -1 1 
1 -1 1 -1 1 1 1 1 -1 -1 1 1 1 1 -1 -1 1 -1 -1 1 
-1 -1 -1 1 1 1 1 -1 -1 1 1 -1 -1 1 -1 -1 -1 1 1 -1 
1 1 1 1 1 1 1 -1 1 1 -1 -1 -1 1 -1 1 1 -1 1 -1 
1 1 1 1 1 1 1 1 1 -1 -1 -1 -1 -1 1 1 1 -1 9 1 
-1 1 1 1 -1 1 1 1 1 1 -1 1 -1 1 -1 1 1 -1 -1 1 
1 -1 1 1 1 1 1 1 1 1 1 -1 1 -1 -1 1 1 -1 -1 -1 
1 1 1 1 1 -1 -1 1 -1 1 1 -1 1 1 1 1 -1 1 1 1 
1 1 1 1 -1 -1 -1 1 1 1 -1 1 -1 -1 1 -1 1 1 1 1 
1 1 1 -1 -1 -1 1 -1 1 -1 -1 -1 -1 1 -1 1 1 1 1 -1 
1 1 1 -1 -1 -1 -1 1 1 -1 -1 -1 1 -1 1 1 1 1 1 1 
-1 -1 1 1 1 -1 1 1 -1 -1 -1 -1 -1 1 -1 -1 1 1 1 1 
1 1 1 1 -1 -1 1 -1 -1 1 -1 -1 -1 1 -1 1 1 1 -1 1 
1 1 1 1 -1 1 -1 1 1 -1 1 -1 -1 -1 -1 1 1 -1 -1 1 
1 1 1 1 -1 1 1 1 -1 -1 -1 -1 -1 -1 -1 -1 1 1 -1 1 
1 -1 -1 -1 -1 -1 -1 -1 -1 -1 -1 1 -1 -1 -1 1 1 1 -1 1 
1 -1 -1 1 1 -1 -1 1 1 -1 -1 -1 1 -1 1 1 1 1 -1 -1 
-1 1 1 1 -1 1 1 1 1 -1 -1 -1 1 1 1 -1 1 -1 1 1 
-1 -1 1 1 -1 -1 1 1 -1 -1 -1 -1 1 1 1 -1 -1 1 1 1 
1 1 1 1 1 1 1 -1 1 -1 1 -1 -1 -1 1 1 -1 1 -1 1 
1 1 1 1 1 -1 1 1 -1 1 1 1 1 1 1 1 1 -1 1 1 
1 1 1 1 1 1 1 1 -1 -1 -1 -1 -1 1 -1 1 1 1 1 -1 
1 -1 1 1 1 -1 1 1 1 1 1 1 1 1 -1 -1 1 1 -1 1 
1 -1 1 1 1 1 1 -1 -1 1 1 1 1 1 1 1 1 1 1 1 
-1 1 1 1 -1 1 1 1 1 1 1 1 1 1 1 1 -1 1 1 1 
1 1 1 1 -1 -1 -1 1 1 1 -1 1 1 1 1 1 1 1 1 1 
1 -1 1 1 1 1 -1 -1 1 1 1 1 1 1 1 1 1 1 1 1 
-1 1 1 -1 1 -1 1 1 1 -1 1 -1 -1 1 1 1 1 1 1 1 
1 1 1 1 -1 1 1 1 -1 -1 1 1 1 1 1 -1 -1 1 1 -1 
-1 -1 1 -1 1 1 1 1 1 -1 1 1 -1 1 1 1 1 1 -1 1 
-1 -1 -1 -1 -1 1 1 1 1 1 1 1 1 1 1 1 1 -1 1 -1 
-1 -1 1 1 1 1 1 1 1 1 1 1 -1 1 1 1 1 1 1 -1 
1 1 1 1 -1 -1 1 1 -1 -1 -1 1 1 -1 1 -1 1 1 1 1 
1 1 1 -1 1 1 1 -1 -1 -1 -1 1 -1 -1 -1 1 -1 -1 -1 1 
1 1 1 -1 1 -1 1 1 1 -1 -1 1 -1 -1 -1 1 -1 -1 -1 1 
1 1 1 1 1 1 1 1 1 -1 -1 -1 -1 -1 -1 -1 1 1 -1 1 
-1 1 1 1 1 -1 1 -1 1 1 -1 -1 1 -1 -1 1 1 1 -1 1 
1 1 1 1 1 1 1 -1 1 1 1 1 1 1 1 -1 -1 -1 1 -1 
-1 -1 -1 1 1 1 1 1 1 1 -1 1 1 1 1 1 1 1 1 1 
1 -1 -1 1 1 1 -1 -1 -1 1 1 1 1 1 1 -1 -1 -1 -1 1 
1 1 -1 1 1 1 -1 -1 -1 -1 -1 -1 -1 1 1 1 1 1 1 1 
1 1 1 -1 -1 -1 1 1 -1 2 1 1 -1 1 1 1 1 1 -1 -1 
-1 1 -1 -1 -1 -1 1 1 2 2 1 1 1 -1 1 1 1 1 -1 1 
-1 1 1 -1 -1 1 1 1 1 1 1 1 -1 1 -1 -1 1 1 1 -1 
1 -1 -1 1 1 -1 1 1 -1 1 1 1 1 -1 1 1 1 -1 -1 -1 
-1 1 1 1 1 -1 -1 -1 2 2 1 1 1 1 1 1 1 1 -1 -1 
1 -1 1 -1 -1 -1 -1 2 2 1 1 1 1 1 1 -1 1 -1 -1 -1 
-1 1 1 1 -1 -1 1 1 1 -1 1 1 1 -1 1 1 1 -1 -1 -1 
-1 -1 1 1 -1 -1 -1 1 1 1 1 1 1 1 1 -1 1 -1 1 1 
1 1 1 1 1 1 1 -1 1 1 1 -1 1 1 1 1 1 -1 -1 1 
1 1 1 -1 1 1 -1 1 1 1 -1 -1 1 1 1 1 1 1 -1 1 
1 1 1 1 1 -1 1 -1 -1 1 1 1 1 1 1 1 1 1 1 1 
1 1 -1 1 -1 -1 -1 1 1 -1 1 1 1 -1 -1 1 1 1 1 1 
1 -1 1 1 1 -1 -1 1 -1 1 1 -1 1 -1 1 1 -1 1 1 1 
1 1 1 -1 1 1 -1 1 1 1 1 1 1 1 1 1 -1 -1 1 -1 
1 -1 1 1 1 -1 1 1 1 1 -1 1 1 1 -1 1 -1 1 1 1 
-1 1 1 1 1 1 -1 1 -1 1 1 1 1 -1 1 -1 1 1 1 1 
-1 -1 -1 -1 1 -1 -1 1 1 1 1 1 -1 1 -1 -1 -1 1 1 1 
-1 1 1 1 1 -1 -1 1 1 1 -1 1 1 1 1 1 1 1 1 1 
1 1 1 1 1 1 -1 -1 1 1 2 1 1 1 1 1 1 1 1 1 
1 -1 1 1 1 -1 -1 1 1 2 -1 -1 1 1 1 1 1 1 -1 -1 
1 1 1 -1 1 -1 -1 1 1 1 -1 1 1 1 1 1 -1 1 1 1 
1 -1 -1 -1 1 1 1 1 -1 1 -1 1 1 1 1 -1 1 1 1 1 
1 1 -1 1 1 1 1 1 1 -1 -1 1 -1 1 -1 1 -1 -1 -1 1 
1 1 -1 1 -1 1 -1 1 1 1 1 -1 -1 1 1 1 1 -1 1 1 
1 -1 1 1 1 -1 1 -1 -1 1 1 -1 -1 -1 1 1 1 1 1 1 
-1 1 1 1 1 1 -1 -1 1 1 1 1 -1 -1 -1 1 1 -1 1 1 
1 -1 1 1 1 1 -1 -1 1 1 1 1 -1 1 1 1 1 -1 1 -1 
1 -1 1 1 1 1 1 -1 1 -1 1 1 1 1 1 1 -1 1 1 1 
1 -1 1 1 1 1 1 1 -1 1 1 -1 1 -1 1 1 1 1 1 1 
1 -1 1 1 1 1 1 -1 -1 1 1 -1 1 -1 1 1 1 1 1 1 
1 -1 -1 1 1 1 1 -1 -1 -1 -1 -1 1 1 -1 -1 1 1 1 -1 
1 1 -1 1 -1 -1 1 -1 1 1 1 1 1 -1 1 -1 -1 -1 1 1 
1 1 1 1 -1 -1 1 1 1 1 1 1 -1 1 -1 -1 -1 1 1 1 
1 1 1 1 1 1 1 1 1 1 1 1 1 -1 -1 1 -1 1 1 1 
1 1 1 -1 1 -1 1 1 -1 1 -1 1 1 1 1 1 -1 1 1 1 
1 1 -1 1 1 1 1 1 1 -1 -1 -1 -1 -1 1 1 1 1 -1 1 
1 1 1 1 1 -1 -1 1 -1 1 1 1 1 1 1 1 1 1 1 1 
1 1 1 1 1 -1 -1 -1 1 1 1 1 -1 1 1 1 -1 1 -1 1 
1 1 1 1 1 -1 1 1 1 1 1 1 1 1 1 -1 -1 1 1 1 
1 1 -1 1 -1 -1 1 1 1 1 1 1 1 -1 -1 1 1 1 1 1 
1 1 -1 -1 1 1 1 -1 1 1 1 -1 -1 1 1 1 -1 1 1 1 
1 -1 -1 -1 -1 -1 -1 -1 1 1 1 1 1 1 1 -1 1 1 -1 -1 
-1 -1 1 -1 -1 -1 -1 1 1 1 1 1 1 1 -1 -1 1 1 -1 -1 
-1 1 1 1 -1 -1 1 -1 -1 1 -1 -1 -1 1 1 -1 1 1 1 -1 
1 1 1 1 -1 -1 1 1 1 -1 -1 -1 1 1 -1 1 1 1 1 1 
-1 -1 1 1 1 1 1 1 1 -1 1 1 1 1 1 -1 -1 1 1 -1 
1 -1 -1 1 1 1 1 1 1 1 1 -1 1 1 -1 -1 -1 1 1 -1 
-1 -1 1 1 1 1 -1 1 1 1 -1 -1 1 -1 -1 -1 1 1 1 1 
1 -1 1 -1 1 1 1 1 -1 1 1 1 1 1 -1 -1 -1 1 1 1 
1 1 -1 -1 1 1 -1 -1 1 1 -1 1 1 1 1 -1 -1 -1 1 1 
1 -1 -1 1 -1 1 1 1 1 1 1 -1 1 1 1 -1 -1 1 1 1 
1 1 -1 1 1 -1 1 1 1 1 1 -1 -1 1 1 -1 1 1 1 1 
1 1 1 1 -1 1 -1 1 1 -1 1 1 1 -1 1 -1 1 1 1 1 
1 1 1 1 -1 -1 1 1 -1 -1 -1 -1 1 1 1 1 1 1 1 1 
-1 1 1 1 1 1 1 1 1 -1 -1 -1 -1 1 1 1 -1 1 -1 1 
1 1 1 1 1 1 1 1 1 -1 -1 -1 1 1 -1 -1 -1 1 1 1 
1 1 1 1 1 1 1 -1 -1 1 1 1 1 -1 1 -1 -1 -1 -1 1 
1 1 1 1 1 -1 -1 -1 1 1 1 1 -1 1 1 -1 1 -1 -1 -1 
-1 1 1 1 1 1 1 1 -1 1 1 1 1 1 1 1 1 -1 -1 1 
1 -1 -1 -1 1 1 -1 1 -1 1 1 -1 1 1 1 1 -1 -1 -1 1 
-1 1 1 -1 -1 1 1 -1 -1 -1 1 -1 1 1 -1 1 1 1 1 1 
1 1 1 -1 1 -1 1 -1 -1 1 -1 1 -1 -1 -1 -1 1 1 -1 1 
-1 -1 -1 -1 1 -1 -1 -1 1 1 1 1 1 1 -1 -1 -1 -1 1 1 
1 1 -1 1 -1 -1 1 1 1 1 1 1 1 -1 -1 -1 -1 -1 -1 -1 
-1 1 -1 -1 -1 1 1 1 -1 -1 1 1 1 1 1 -1 -1 1 -1 -1 
1 1 1 -1 -1 1 -1 -1 1 1 1 1 1 1 1 -1 1 1 -1 1 
-1 1 -1 -1 -1 -1 1 -1 -1 -1 -1 -1 -1 1 1 -1 1 -1 -1 -1 
-1 -1 -1 -1 -1 -1 1 1 -1 1 1 1 1 1 1 -1 -1 1 1 -1 
-1 1 -1 1 1 -1 1 1 1 1 1 -1 -1 -1 1 1 -1 1 1 -1 
1 1 1 1 1 1 1 -1 1 1 1 -1 1 1 -1 1 1 -1 -1 -1 
1 1 1 -1 -1 1 -1 -1 1 1 1 1 1 -1 -1 1 1 -1 1 1 
-1 -1 1 -1 -1 1 1 1 1 -1 1 1 1 -1 -1 -1 -1 1 1 1 
1 1 -1 -1 1 1 1 1 1 1 1 1 1 -1 1 -1 3 -1 1 -1 
1 1 -1 -1 1 1 1 1 -1 1 1 1 1 1 1 1 1 3 1 1 
-1 1 -1 1 1 1 1 1 -1 -1 1 1 1 1 -1 1 1 1 1 1 
1 -1 1 -1 1 1 1 -1 -1 -1 1 1 1 -1 1 1 1 1 1 1 
1 -1 1 1 1 1 1 -1 1 1 1 -1 1 1 1 1 1 1 -1 1 
1 1 1 1 1 1 1 1 1 1 1 1 -1 1 1 -1 1 1 -1 -1 
1 1 -1 1 1 1 1 -1 1 1 1 1 1 -1 -1 1 1 1 1 -1 
-1 1 1 1 1 1 1 -1 1 -1 1 1 -1 1 1 1 1 1 1 -1 
1 1 1 1 -1 -1 1 1 1 1 -1 1 1 -1 1 -1 1 -1 1 1 
1 1 1 -1 -1 1 1 1 1 1 1 1 1 1 -1 1 1 1 1 1 
1 -1 1 1 -1 1 1 1 1 1 1 1 -1 1 1 1 1 1 1 1 
-1 1 1 1 1 1 1 1 1 -1 1 1 -1 1 1 1 1 1 1 -1 
-1 -1 1 1 1 1 1 1 -1 1 -1 1 -1 1 1 1 1 1 -1 1 
1 1 1 1 1 1 1 -1 1 -1 1 1 -1 1 1 1 1 -1 1 1 
1 1 1 1 1 1 -1 1 1 1 1 1 -1 1 1 1 -1 1 1 1 
-1 1 1 1 1 -1 -1 1 1 1 1 -1 1 1 -1 1 1 1 1 1 
-1 -1 1 -1 -1 1 1 1 -1 -1 1 1 1 -1 1 1 1 -1 1 1 
1 -1 -1 -1 1 1 1 1 -1 1 1 -1 1 -1 -1 1 -1 -1 1 1 
-1 1 -1 -1 -1 1 1 -1 1 1 1 1 1 1 1 1 1 -1 1 1 
1 -1 1 1 1 1 1 1 1 1 1 1 1 1 1 1 1 1 1 1 
-1 1 1 1 1 1 -1 1 -1 1 1 -1 1 -1 1 1 1 1 1 1 
1 -1 1 1 1 -1 1 1 1 1 1 1 1 -1 1 1 1 1 1 1 
1 1 1 1 1 -1 1 1 1 1 1 1 1 -1 1 1 1 1 1 1 
-1 -1 1 -1 1 -1 1 -1 1 -1 -1 1 1 1 1 1 -1 -1 1 1 
1 1 1 -1 1 1 1 -1 -1 -1 -1 1 1 1 1 1 1 1 1 1 
-1 1 1 1 1 1 1 1 1 1 1 -1 1 -1 1 1 1 1 1 1 
1 1 1 1 -1 -1 1 1 1 -1 1 1 -1 1 1 1 1 1 1 1 
1 1 1 -1 -1 1 1 1 -1 1 1 1 1 -1 1 -1 1 1 1 1 
1 1 1 1 1 -1 1 -1 -1 1 1 1 1 -1 1 -1 -1 -1 -1 1 
1 1 1 1 -1 -1 -1 -1 1 -1 1 -1 1 1 -1 1 -1 -1 -1 -1 
-1 1 1 -1 -1 1 1 -1 1 1 1 -1 1 1 1 1 -1 1 1 -1 
-1 -1 -1 -1 -1 1 1 -1 1 1 1 1 1 -1 1 1 1 1 1 1 
1 1 1 1 1 -1 1 1 1 1 -1 -1 -1 1 1 -1 1 1 1 1 
1 1 1 -1 1 -1 1 1 1 1 -1 -1 -1 1 -1 -1 1 1 1 1 
1 1 1 1 1 -1 -1 -1 1 1 -1 -1 -1 1 1 1 -1 1 1 1 
1 1 1 1 1 -1 -1 1 -1 1 1 1 1 1 1 1 1 1 1 1 
1 -1 1 1 1 1 1 1 1 1 1 1 -1 1 1 1 1 1 1 1 
1 1 1 -1 1 1 1 1 1 1 1 1 1 1 1 -1 1 1 1 1 
1 1 1 1 -1 1 1 1 1 1 1 1 1 1 -1 -1 -1 1 1 1 
1 1 1 1 1 1 1 1 1 1 -1 1 1 1 -1 1 -1 1 1 -1 
1 -1 1 1 -1 1 -1 1 -1 -1 -1 -1 1 1 1 1 1 1 1 1 
1 1 1 1 1 1 -1 1 1 1 1 1 1 1 1 1 1 -1 1 1 
1 1 1 1 -1 -1 -1 1 1 1 1 1 1 1 1 1 1 -1 1 -1 
1 1 1 -1 -1 1 1 1 1 1 1 1 1 1 1 1 1 1 1 1 
1 -1 1 1 1 -1 -1 1 -1 1 1 -1 1 1 1 1 1 1 1 -1 
1 1 1 1 -1 -1 1 1 1 1 1 1 1 1 1 1 1 1 1 1 
-1 1 1 -1 1 -1 -1 1 1 1 1 1 1 -1 1 1 -1 -1 1 -1 
1 1 -1 -1 -1 1 1 -1 1 1 1 1 1 1 1 1 1 -1 -1 -1 
1 1 -1 -1 -1 -1 1 1 1 1 1 1 -1 -1 1 -1 1 1 1 1 
-1 1 1 1 1 -1 1 -1 -1 -1 1 -1 -1 -1 1 1 1 1 1 1 
-1 1 1 1 1 1 1 1 1 -1 -1 1 -1 -1 1 -1 1 1 1 1 
1 1 1 1 -1 1 1 1 1 1 1 1 1 1 -1 1 1 1 1 1 
-1 1 1 -1 1 1 1 1 1 -1 1 1 -1 -1 1 1 1 1 1 1 
1 1 1 1 1 -1 1 1 1 1 1 1 1 -1 1 1 1 1 1 1 
1 1 1 1 1 1 -1 -1 -1 1 -1 1 1 1 1 1 1 1 1 1 
1 -1 1 1 -1 -1 -1 -1 -1 -1 1 -1 -1 1 1 1 1 1 1 1 
1 1 -1 1 -1 1 1 -1 -1 1 1 -1 1 1 -1 1 1 1 1 1 
1 1 -1 -1 1 1 1 -1 1 -1 -1 -1 1 1 1 1 1 -1 -1 1 
1 -1 -1 -1 1 1 -1 1 1 1 1 1 1 1 1 -1 -1 -1 1 1 
1 1 1 1 1 1 1 1 -1 1 -1 -1 1 1 1 1 1 1 1 1 
1 1 1 1 1 -1 1 -1 1 -1 -1 -1 -1 -1 1 1 1 1 1 1 
1 1 1 1 -1 1 -1 1 1 -1 1 -1 -1 1 1 1 1 1 1 1 
-1 1 1 1 1 -1 -1 1 1 1 1 1 1 -1 1 1 -1 1 1 1 
-1 -1 1 1 1 1 1 -1 1 1 1 -1 -1 1 -1 -1 -1 1 1 1 
-1 1 1 -1 -1 1 1 1 1 1 1 1 1 1 -1 -1 1 1 1 1 
-1 1 -1 1 1 1 -1 1 1 -1 1 1 1 1 1 -1 1 1 -1 1 
1 1 1 -1 1 1 -1 -1 1 1 1 -1 1 1 1 1 1 1 1 1 
1 1 -1 -1 1 -1 1 -1 1 1 1 1 -1 1 1 1 1 -1 -1 1 
1 1 1 1 1 -1 1 -1 -1 1 1 1 1 1 1 1 1 1 1 1 
1 1 1 1 -1 -1 1 -1 1 1 1 1 -1 1 1 -1 1 -1 -1 -1 
1 1 1 1 -1 1 1 -1 -1 -1 1 1 1 1 -1 1 1 -1 1 1 
1 1 1 -1 1 -1 -1 1 1 -1 -1 1 1 -1 1 1 1 1 1 1 
1 -1 1 1 1 1 1 1 -1 -1 1 1 1 1 -1 1 -1 -1 1 -1 
-1 -1 1 1 1 1 1 1 1 -1 1 -1 1 1 -1 1 1 1 1 1 
1 1 -1 -1 1 1 1 1 1 1 1 -1 1 1 1 -1 1 1 -1 1 
1 1 1 1 1 -1 1 1 1 1 -1 -1 1 1 1 -1 -1 -1 1 -1 
1 1 1 -1 1 1 1 1 -1 1 1 1 1 1 1 1 1 -1 -1 -1 
1 -1 1 1 -1 -1 1 1 -1 1 1 1 1 1 1 1 1 1 -1 -1 
1 -1 1 -1 1 1 1 1 1 -1 1 1 1 -1 1 1 1 1 -1 1 
1 1 -1 1 1 1 1 1 1 1 -1 1 -1 1 1 1 1 1 1 1 
1 1 1 1 -1 1 1 1 -1 1 -1 1 1 1 1 1 1 1 1 -1 
-1 1 1 1 1 1 -1 -1 1 1 1 1 1 1 1 1 1 1 -1 -1 
1 1 -1 1 1 1 1 -1 -1 1 -1 1 -1 1 1 1 1 -1 -1 -1 
-1 1 1 1 1 1 -1 1 -1 1 1 1 1 1 1 1 -1 -1 1 -1 
-1 1 1 -1 1 1 1 1 -1 1 -1 -1 1 1 1 1 -1 -1 1 1 
1 1 1 1 -1 -1 1 1 1 1 1 -1 -1 -1 1 1 1 1 -1 -1 
1 -1 1 1 1 1 1 1 -1 1 -1 1 1 1 1 1 -1 1 1 1 
1 1 1 1 -1 1 1 1 -1 -1 -1 1 1 1 1 1 -1 1 1 1 
1 -1 -1 -1 -1 1 1 1 1 -1 1 1 -1 1 1 1 1 1 1 1 
-1 1 1 1 -1 1 1 1 -1 1 -1 -1 1 1 1 1 1 1 1 1 
1 1 1 -1 1 -1 1 1 1 1 1 1 1 1 1 1 1 1 1 1 
-1 1 -1 1 1 1 1 1 -1 -1 -1 1 1 -1 1 1 1 1 1 1 
1 -1 1 1 1 -1 1 1 1 1 -1 1 1 1 1 1 1 1 1 1 
1 -1 1 1 -1 1 1 -1 1 1 1 1 1 1 1 -1 1 1 1 1 
1 1 1 -1 1 1 -1 1 1 1 1 -1 -1 1 1 1 1 1 1 1 
1 1 1 -1 1 1 1 1 1 1 -1 -1 -1 1 1 1 1 1 1 1 
-1 1 1 1 1 1 1 1 1 1 -1 -1 -1 1 -1 1 1 1 -1 1 
1 1 1 -1 1 -1 -1 -1 -1 -1 1 1 1 -1 -1 1 1 -1 1 -1 
1 1 1 -1 -1 1 1 -1 -1 1 1 1 1 1 1 1 -1 1 -1 1 
1 -1 -1 -1 1 1 1 -1 -1 -1 -1 1 1 1 1 1 1 1 1 1 
1 -1 -1 1 1 1 1 1 -1 -1 -1 1 1 -1 1 1 1 1 1 1 
1 1 1 1 1 1 1 1 1 -1 1 1 1 1 1 -1 1 1 -1 1 
1 1 1 -1 1 1 1 1 1 1 -1 -1 -1 -1 1 1 1 1 1 1 
1 1 1 -1 -1 -1 1 1 1 -1 1 -1 1 1 1 1 1 1 1 1 
1 1 -1 1 1 1 1 1 1 1 1 1 -1 1 1 1 1 1 1 1 
1 1 1 -1 1 1 1 1 1 1 1 1 1 1 1 1 1 -1 1 1 
-1 -1 1 -1 1 1 -1 1 -1 1 1 1 1 1 1 1 1 1 1 1 
1 -1 1 -1 -1 1 1 1 -1 1 1 1 1 1 1 1 1 1 1 1 
1 1 -1 -1 1 1 1 1 1 1 1 1 1 1 1 -1 1 1 -1 1 
-1 -1 -1 -1 1 1 -1 -1 1 1 1 1 1 1 1 -1 1 1 1 1 
1 1 -1 -1 1 1 -1 1 1 1 -1 1 -1 1 1 1 -1 1 1 1 
-1 -1 1 -1 -1 -1 1 -1 -1 1 1 1 1 1 -1 -1 1 1 1 1 
-1 -1 -1 -1 1 1 1 1 -1 -1 -1 1 1 -1 1 1 1 1 1 -1 
-1 -1 -1 -1 1 1 1 1 -1 1 -1 -1 1 -1 -1 -1 -1 1 1 -1 
1 1 1 1 1 -1 1 1 1 1 -1 1 -1 1 1 -1 -1 1 -1 1 
1 -1 -1 1 1 1 1 1 1 1 1 1 1 1 1 1 1 1 1 1 
1 1 1 1 1 1 1 1 -1 -1 1 -1 1 1 1 1 1 1 1 1 
1 1 -1 1 1 1 1 1 -1 -1 1 1 1 -1 1 1 1 1 1 1 
1 1 1 1 1 -1 1 1 1 -1 1 1 1 1 1 1 1 1 1 1 
1 1 1 1 1 1 1 1 1 1 1 1 -1 -1 1 1 1 1 1 -1 
1 -1 -1 1 1 1 1 1 1 -1 1 1 1 -1 1 -1 1 1 1 1 
1 -1 1 1 1 1 1 1 -1 1 1 -1 -1 1 1 1 1 -1 1 1 
-1 1 1 1 -1 -1 1 1 1 -1 1 1 1 1 1 1 1 -1 -1 1 
-1 1 1 1 1 -1 -1 1 1 1 1 1 1 1 -1 -1 1 1 1 -1 
-1 1 1 1 1 1 -1 -1 1 1 1 1 1 1 1 1 1 1 1 -1 
1 1 1 1 1 -1 1 1 1 1 1 1 1 1 1 1 -1 1 1 -1 
1 1 -1 1 1 -1 1 -1 -1 1 1 1 1 -1 1 -1 1 1 1 1 
1 -1 1 1 1 1 1 1 -1 1 1 1 1 1 -1 1 1 -1 -1 1 
1 1 1 1 1 1 2 1 1 1 1 1 -1 1 1 1 1 -1 1 -1 
1 1 1 -1 1 -1 1 1 1 1 1 1 1 -1 -1 1 -1 -1 1 1 
-1 1 1 1 1 1 1 1 -1 1 -1 -1 1 1 -1 -1 1 1 -1 -1 
1 1 -1 1 -1 1 1 -1 -1 -1 1 -1 1 1 1 -1 1 1 1 1 
1 1 -1 -1 1 1 1 1 -1 1 -1 1 -1 1 -1 1 1 -1 1 1 
1 1 -1 -1 1 1 1 1 -1 1 -1 -1 1 1 1 1 1 -1 1 -1 
-1 -1 -1 1 -1 1 1 1 -1 -1 -1 -1 -1 1 1 1 1 -1 1 1 
-1 -1 1 1 1 1 1 1 1 1 -1 -1 1 1 1 1 -1 -1 -1 1 
-1 -1 -1 1 1 1 1 1 4 1 -1 1 1 -1 1 1 1 -1 -1 1 
1 -1 1 1 -1 -1 -1 -1 1 1 1 1 -1 -1 -1 1 1 1 1 1 
1 -1 -1 1 -1 -1 -1 -1 1 1 1 1 -1 -1 -1 1 -1 1 1 -1 
1 1 1 1 1 1 1 -1 1 1 1 -1 1 -1 -1 1 1 1 1 1 
1 1 1 1 1 1 1 -1 1 1 -1 -1 1 1 -1 -1 -1 -1 -1 1 
1 1 1 -1 1 1 1 1 -1 -1 1 1 -1 1 1 1 1 1 1 1 
1 1 1 -1 1 1 1 1 1 -1 1 1 1 -1 1 1 -1 1 -1 -1 
1 1 1 1 -1 1 1 1 -1 1 1 1 1 1 -1 1 -1 1 1 -1 
1 1 1 1 1 1 1 1 -1 1 1 1 -1 -1 1 1 1 1 1 1 
1 1 1 1 1 1 -1 1 -1 -1 1 1 1 1 1 1 1 1 -1 1 
-1 1 -1 1 1 -1 1 2 2 2 -1 -1 -1 -1 1 1 1 -1 1 1 
-1 1 1 1 1 1 1 2 2 -1 -1 -1 -1 -1 1 1 1 1 1 -1 
1 -1 1 1 1 -1 1 -1 -1 1 1 1 1 1 -1 1 1 1 1 1 
1 1 -1 1 -1 1 -1 1 -1 1 1 1 1 1 1 1 1 1 1 1 
1 1 1 1 1 -1 1 1 1 1 1 1 1 1 1 -1 1 1 1 1 
-1 1 -1 1 2 1 1 1 1 1 -1 1 1 1 1 1 1 1 1 1 
1 1 1 1 1 -1 1 1 1 -1 -1 1 -1 1 -1 1 1 1 1 -1 
1 1 -1 1 -1 1 -1 -1 -1 -1 -1 1 -1 1 1 1 1 -1 1 1 
1 1 -1 1 1 1 -1 -1 -1 -1 -1 -1 -1 1 -1 1 1 1 -1 1 
-1 1 -1 1 1 1 1 1 1 1 -1 -1 -1 1 -1 -1 1 1 1 -1 
-1 -1 1 1 1 1 1 1 -1 1 -1 -1 1 -1 -1 -1 -1 1 1 -1 
-1 -1 -1 -1 -1 1 1 1 -1 1 -1 -1 1 -1 -1 -1 -1 -1 -1 -1 
1 1 1 -1 -1 1 1 -1 -1 1 -1 -1 1 1 -1 1 1 1 -1 -1 
-1 1 1 1 1 1 1 1 1 -1 1 -1 -1 1 1 1 1 1 1 1 
1 1 1 1 1 1 1 1 1 1 -1 1 1 -1 1 1 1 1 -1 1 
1 1 1 1 -1 1 1 1 1 1 1 1 1 1 1 1 1 -1 -1 -1 
1 1 1 1 -1 -1 1 1 1 1 1 1 -1 1 1 1 1 1 1 -1 
1 -1 1 1 -1 1 1 -1 1 1 1 -1 1 1 1 1 1 1 1 1 
-1 -1 -1 1 1 -1 -1 -1 -1 1 1 1 1 1 1 1 1 -1 -1 1 
-1 -1 -1 -1 1 -1 1 1 -1 -1 1 1 1 -1 1 1 1 1 -1 1 
1 -1 -1 -1 1 -1 -1 1 -1 1 1 1 1 -1 -1 1 1 1 1 1 
-1 1 1 1 1 -1 -1 1 1 1 1 1 -1 1 1 1 -1 1 1 -1 
1 1 1 -1 1 1 -1 1 -1 1 -1 1 1 1 -1 1 1 1 1 1 
1 1 1 1 1 1 1 1 1 -1 -1 -1 1 1 1 1 1 1 1 1 
1 1 1 1 -1 1 -1 -1 1 -1 1 1 1 1 1 1 1 1 1 -1 
-1 1 1 1 1 1 -1 1 1 1 1 1 1 1 1 1 1 1 1 1 
-1 1 -1 -1 1 1 1 -1 -1 1 1 1 1 1 1 1 1 1 -1 1 
1 1 -1 1 1 1 -1 1 1 1 1 1 1 1 1 1 1 1 1 1 
-1 -1 1 -1 1 1 -1 1 1 1 1 1 1 1 1 -1 1 -1 1 -1 
1 -1 1 -1 1 -1 1 -1 1 1 1 1 1 1 1 1 1 1 1 9 
-1 1 -1 -1 1 -1 -1 1 -1 1 1 1 1 1 1 1 1 1 1 1 
1 -1 1 1 1 1 1 -1 1 1 1 1 -1 1 1 1 1 1 -1 1 
-1 1 1 1 1 1 -1 1 1 1 -1 1 1 1 -1 1 1 1 1 1 
2 2 1 1 -1 -1 1 1 1 1 1 -1 1 1 1 -1 1 9 -1 9 
9 -1 1 1 -1 1 1 1 1 1 1 1 1 2 2 1 1 1 -1 1 
1 -1 1 1 1 1 1 1 1 1 -1 1 2 2 1 1 1 1 2 9 
1 1 1 -1 1 1 1 1 1 1 1 1 1 1 1 1 -1 -1 1 1 
1 -1 1 1 1 1 1 1 1 1 1 1 1 1 1 1 1 1 1 1 
-1 1 1 1 1 1 -1 1 1 1 1 1 1 1 1 1 -1 2 2 2 
1 1 1 1 1 -1 1 1 1 1 1 1 1 1 1 -1 -1 -1 -1 -1 
1 1 -1 1 1 -1 1 -1 1 1 -1 1 1 -1 1 -1 -1 -1 -1 -1 
1 1 1 1 1 -1 1 1 1 1 1 1 1 1 -1 -1 1 1 -1 1 
1 1 1 -1 1 1 1 -1 1 1 1 1 -1 1 1 2 1 1 1 1 
-1 1 -1 -1 -1 1 1 1 -1 1 1 1 1 1 1 -1 1 1 -1 -1 
1 1 1 -1 1 1 1 1 1 1 1 1 1 1 -1 2 -1 1 -1 -1 
1 1 1 1 1 1 1 1 1 1 1 1 1 -1 2 1 1 1 1 1 
1 1 1 1 1 1 1 1 1 1 1 1 1 1 -1 1 -1 1 1 1 
1 1 1 1 1 1 1 -1 -1 1 1 1 1 1 1 1 1 1 1 1 
1 -1 -1 1 1 1 -1 -1 -1 1 1 1 1 1 1 1 1 1 1 1 
1 1 -1 1 1 -1 2 2 -1 1 1 1 1 1 1 -1 1 1 1 1 
1 1 1 1 2 1 1 2 2 2 1 1 1 1 2 1 2 1 -1 1 
-1 1 1 2 1 2 2 2 -1 -1 -1 1 1 1 2 2 1 2 1 1 
1 1 1 1 1 1 1 1 1 -1 -1 -1 1 -1 1 1 2 -1 1 1 
1 1 1 1 1 1 1 1 1 1 1 -1 -1 1 1 1 1 1 1 1 
1 1 -1 1 -1 -1 1 1 -1 1 1 -1 1 1 1 2 1 1 1 1 
1 -1 -1 1 1 -1 1 -1 1 1 1 1 1 -1 1 1 1 1 1 1 
1 1 -1 1 1 1 -1 1 1 1 1 1 1 1 1 1 1 1 1 1 
1 -1 1 -1 1 1 1 -1 1 -1 -1 -1 1 1 1 1 -1 1 1 1 
1 1 1 1 1 -1 -1 -1 -1 -1 -1 1 1 1 1 1 -1 -1 1 1 
1 -1 1 1 -1 -1 -1 1 1 1 1 1 1 1 1 -1 -1 1 1 1 
1 1 1 1 1 -1 -1 1 1 1 1 1 -1 1 -1 1 1 1 -1 1 
-1 1 1 1 1 1 1 -1 -1 1 -1 -1 -1 1 1 1 1 1 1 1 
1 1 1 1 -1 1 1 1 1 1 1 1 1 1 -1 -1 1 -1 1 1 
-1 1 1 1 1 -1 -1 1 -1 1 -1 -1 -1 1 1 1 1 -1 -1 -1 
1 1 -1 1 1 1 1 1 1 -1 1 1 -1 -1 1 1 1 -1 1 -1 
1 1 1 -1 1 1 -1 -1 1 1 1 1 -1 -1 1 1 -1 -1 1 -1 
1 1 1 -1 -1 1 -1 1 1 -1 1 1 1 1 1 1 -1 -1 1 1 
1 -1 1 1 -1 -1 1 1 1 1 1 1 -1 1 1 1 1 -1 1 1 
1 -1 1 1 -1 -1 -1 1 1 1 1 1 1 1 1 1 1 1 1 1 
1 1 1 1 1 1 1 1 -1 1 -1 1 1 1 1 1 1 1 1 1 
1 1 1 -1 -1 -1 1 1 1 1 1 1 1 1 1 -1 1 1 1 1 
1 1 1 -1 1 -1 1 1 1 1 1 -1 1 -1 1 -1 1 1 1 1 
1 1 1 1 1 1 -1 -1 1 1 1 1 -1 -1 1 -1 1 1 1 1 
1 1 1 1 -1 1 1 -1 1 1 1 -1 1 1 1 -1 1 1 1 1 
1 1 1 1 1 1 -1 -1 -1 1 1 -1 1 1 1 1 1 1 -1 1 
1 1 1 -1 1 1 1 1 1 -1 -1 -1 -1 -1 1 1 1 -1 -1 1 
-1 1 1 1 1 -1 1 -1 1 1 1 1 -1 1 -1 1 1 1 1 1 
1 -1 -1 -1 1 1 -1 -1 1 1 1 1 -1 -1 -1 1 1 -1 1 1 
1 1 -1 1 1 -1 -1 1 -1 -1 1 1 -1 -1 1 1 1 1 1 1 
1 1 1 1 1 1 -1 1 -1 1 1 1 -1 -1 1 1 1 1 1 1 
-1 -1 1 1 -1 1 1 1 1 1 1 -1 1 1 1 1 1 1 -1 1 
1 -1 1 1 1 -1 1 1 1 1 1 1 1 1 1 1 1 1 -1 -1 
1 -1 1 -1 1 1 1 1 1 -1 -1 -1 1 1 1 1 1 1 1 1 
1 1 1 -1 1 1 -1 -1 1 -1 1 -1 1 1 -1 1 1 -1 1 1 
1 1 1 1 1 1 1 1 1 1 1 1 1 -1 1 1 -1 1 1 1 
1 1 1 1 1 1 1 -1 1 1 1 1 1 1 1 1 1 1 1 1 
-1 1 1 1 1 1 1 -1 -1 1 1 1 1 1 1 1 -1 1 -1 1 
1 1 1 1 1 1 1 1 1 1 -1 -1 -1 1 1 1 1 -1 -1 -1 
1 1 1 1 1 1 1 1 1 1 1 1 1 1 1 1 1 1 -1 -1 
1 -1 1 1 1 -1 -1 1 1 1 -1 -1 1 1 1 1 1 1 -1 1 
-1 -1 1 1 1 1 1 1 1 1 1 1 1 1 1 1 1 1 1 1 
-1 -1 -1 1 1 1 -1 1 1 1 1 1 1 1 1 1 1 1 1 -1 
1 -1 1 -1 1 -1 1 1 1 1 1 1 1 1 1 1 1 1 1 1 
1 1 2 1 2 1 1 1 1 1 1 -1 1 1 1 1 1 1 1 1 
1 -1 2 2 1 1 1 1 1 1 1 1 1 1 1 1 1 -1 1 -1 
1 1 -1 1 1 1 1 1 1 1 1 1 1 1 1 -1 1 1 1 1 
1 1 1 1 1 1 1 1 1 1 -1 1 -1 -1 1 1 -1 -1 1 1 
-1 1 1 1 1 1 1 -1 1 1 -1 -1 1 1 1 1 -1 1 1 -1 
1 1 1 1 1 1 1 1 -1 1 1 1 -1 1 1 1 -1 1 -1 -1 
1 1 -1 1 1 1 1 1 1 -1 -1 1 1 -1 -1 1 1 1 -1 1 
1 1 1 1 1 1 -1 1 1 1 1 -1 1 1 1 -1 1 1 1 1 
1 1 1 1 1 1 1 1 -1 1 1 1 1 1 1 1 1 1 1 1 
1 1 1 1 -1 -1 1 1 1 1 -1 1 1 1 -1 -1 -1 1 -1 1 
1 1 1 1 1 -1 1 -1 1 1 1 1 1 -1 1 -1 1 1 -1 1 
1 -1 1 1 1 1 1 1 1 1 1 1 1 1 -1 -1 1 1 1 1 
1 1 1 1 1 1 1 1 1 1 1 1 1 1 1 -1 -1 1 1 1 
-1 1 1 1 1 1 1 -1 1 1 1 1 1 1 1 -1 -1 1 1 1 
-1 -1 1 1 1 1 1 1 1 1 1 1 1 -1 1 1 1 1 1 1 
-1 -1 -1 -1 1 1 -1 1 1 1 1 1 1 1 1 -1 1 1 1 1 
1 1 1 1 1 1 1 1 -1 1 1 1 1 1 1 1 1 -1 1 1 
-1 1 1 1 -1 1 1 1 1 1 1 1 1 1 1 -1 -1 -1 -1 1 
1 1 1 1 1 1 1 -1 1 -1 1 1 1 1 -1 1 1 1 1 1 
1 1 1 1 1 -1 1 -1 -1 -1 -1 1 1 1 -1 1 1 1 1 1 
1 -1 1 1 1 1 1 -1 -1 -1 -1 1 1 1 1 -1 1 1 1 -1 
1 1 1 1 -1 1 1 1 1 -1 -1 -1 1 1 -1 1 1 -1 1 1 
1 -1 -1 1 -1 -1 1 1 1 1 1 1 1 1 1 1 -1 1 1 -1 
1 1 -1 1 -1 -1 1 1 1 1 1 -1 1 1 1 1 -1 1 1 1 
1 -1 1 -1 1 1 1 1 1 1 1 1 1 1 -1 1 -1 1 1 1 
1 1 1 1 -1 1 1 1 1 1 1 1 1 1 1 -1 1 1 -1 1 
-1 -1 1 1 1 1 1 1 1 1 1 1 1 1 1 1 1 -1 1 1 
1 -1 1 1 1 1 1 1 1 1 1 1 1 1 1 1 1 1 1 1 
1 1 1 1 1 1 1 1 1 -1 1 1 1 1 1 1 -1 1 1 1 
1 -1 1 -1 -1 1 1 1 1 1 -1 1 1 1 1 1 -1 1 -1 1 
1 1 -1 -1 1 -1 -1 1 1 1 1 -1 1 1 1 1 1 1 1 1 
1 1 1 -1 -1 1 1 -1 -1 -1 1 1 1 1 1 1 1 1 -1 1 
1 1 -1 1 -1 1 1 1 1 -1 1 1 1 1 1 1 1 1 1 1 
1 1 1 1 -1 1 1 1 1 -1 1 1 1 1 1 1 1 1 1 1 
1 1 1 1 -1 1 -1 1 1 1 1 1 1 1 1 1 1 1 1 1 
1 -1 1 1 1 -1 -1 -1 1 1 1 -1 1 1 -1 -1 -1 1 1 -1 
1 -1 1 1 1 1 1 -1 1 1 1 1 1 1 -1 -1 -1 1 1 1 
1 -1 -1 1 1 -1 1 1 1 1 1 1 1 1 -1 1 -1 1 1 1 
-1 -1 -1 1 -1 1 1 1 1 1 1 1 1 1 -1 1 1 1 1 1 
-1 -1 -1 -1 -1 1 1 -1 -1 1 1 1 1 1 1 1 1 1 1 1 
1 -1 -1 1 1 1 -1 1 -1 1 1 1 1 -1 1 1 1 1 1 1 
1 1 1 -1 1 1 1 1 1 -1 1 -1 1 1 1 1 1 1 -1 1 
-1 1 1 1 -1 1 1 1 1 1 1 1 1 1 1 1 1 -1 1 1 
1 -1 1 1 1 -1 1 1 -1 -1 -1 1 1 -1 1 1 1 1 -1 -1 
-1 1 1 1 1 1 1 1 1 1 1 1 1 1 1 -1 -1 1 1 -1 
-1 -1 -1 -1 1 1 1 1 1 -1 -1 -1 -1 1 1 1 1 1 1 1 
1 1 1 1 1 1 1 1 -1 1 -1 -1 -1 1 1 1 -1 1 1 -1 
-1 1 1 1 -1 1 -1 1 1 -1 1 1 -1 -1 1 1 -1 -1 1 1 
1 1 -1 1 1 -1 1 1 1 1 1 1 1 1 1 -1 1 -1 1 1 
1 1 1 1 1 1 1 1 1 -1 -1 -1 1 1 1 1 1 1 -1 -1 
1 1 1 -1 -1 -1 1 1 1 1 1 1 1 1 1 1 1 1 1 1 
1 -1 1 1 -1 -1 1 1 1 1 1 1 1 1 1 1 -1 1 1 1 
1 -1 -1 -1 -1 -1 1 1 1 -1 1 1 1 -1 1 -1 -1 3 1 1 
3 1 1 1 1 1 1 1 1 1 -1 -1 1 1 -1 -1 1 -1 3 3 
1 1 1 1 1 1 1 1 -1 -1 -1 1 1 1 -1 1 1 -1 1 2 
1 1 1 -1 -1 -1 1 -1 -1 -1 -1 1 1 1 -1 -1 1 1 1 -1 
1 -1 1 -1 1 -1 -1 -1 -1 -1 1 1 -1 1 1 1 -1 -1 -1 -1 
1 1 -1 1 -1 -1 -1 -1 -1 1 1 -1 1 1 1 1 -1 -1 1 1 
1 1 -1 1 1 1 -1 -1 1 1 1 -1 1 1 1 1 1 1 1 1 
1 1 1 1 1 1 -1 1 1 1 1 -1 1 1 -1 1 -1 1 1 -1 
1 -1 1 1 1 1 -1 1 -1 1 1 1 1 1 -1 -1 1 -1 -1 1 
-1 -1 1 1 1 1 1 1 1 1 1 1 1 1 1 1 1 1 -1 1 
1 -1 1 1 1 1 1 -1 1 -1 1 1 1 1 1 -1 1 -1 -1 -1 
-1 -1 -1 1 1 1 1 1 1 -1 1 1 1 -1 -1 -1 -1 -1 -1 -1 
-1 -1 -1 1 1 1 1 1 1 1 1 1 1 -1 1 -1 -1 -1 1 -1 
1 -1 1 -1 1 1 1 1 1 1 1 -1 -1 1 1 -1 -1 1 -1 1 
1 -1 -1 -1 -1 1 1 1 1 1 1 -1 1 1 1 1 1 1 1 -1 
1 1 1 -1 1 -1 1 1 1 1 -1 1 1 1 1 -1 1 1 1 1 
1 -1 1 1 1 1 -1 1 1 -1 -1 -1 1 1 -1 1 1 1 -1 1 
1 -1 -1 -1 -1 -1 1 1 -1 -1 -1 1 1 1 1 -1 1 -1 -1 1 
-1 -1 -1 -1 -1 1 1 1 1 -1 -1 -1 -1 -1 -1 -1 1 -1 -1 1 
-1 -1 -1 -1 -1 1 1 -1 1 1 -1 -1 -1 1 -1 1 1 -1 -1 -1 
-1 -1 1 -1 -1 -1 -1 -1 1 1 1 -1 -1 -1 1 1 1 1 -1 -1 
1 1 1 -1 -1 -1 -1 -1 -1 -1 -1 1 -1 -1 1 1 -1 -1 1 -1 
1 -1 1 1 -1 -1 -1 -1 -1 -1 -1 5 -1 -1 -1 -1 -1 1 1 1 
1 1 -1 -1 -1 1 -1 -1 -1 -1 1 5 5 1 -1 -1 -1 1 1 1 
-1 -1 -1 1 1 1 -1 1 1 -1 1 1 1 -1 5 -1 -1 -1 -1 -1 
1 1 1 1 1 1 -1 -1 -1 -1 1 1 1 5 -1 -1 -1 -1 1 1 
1 -1 1 -1 -1 1 -1 -1 -1 1 1 1 1 1 1 1 -1 -1 1 -1 
1 1 1 1 -1 1 -1 -1 1 1 5 1 1 1 -1 1 -1 -1 1 1 
1 -1 -1 1 1 -1 -1 -1 1 1 1 1 -1 -1 1 -1 -1 -1 -1 1 
1 -1 1 1 -1 1 -1 -1 1 1 1 1 -1 1 -1 -1 -1 -1 -1 1 
1 1 1 -1 1 -1 1 1 1 1 1 -1 1 1 -1 -1 1 1 1 1 
1 -1 -1 -1 -1 -1 1 1 1 1 1 1 1 1 1 -1 1 1 -1 1 
-1 1 -1 -1 -1 -1 1 -1 1 1 1 1 1 1 1 -1 1 -1 -1 1 
1 1 -1 1 1 -1 -1 -1 1 1 1 1 1 -1 -1 1 -1 -1 -1 1 
1 1 1 1 -1 -1 -1 -1 -1 -1 -1 1 1 1 1 1 -1 1 -1 1 
1 1 -1 -1 1 -1 1 1 -1 -1 -1 1 1 -1 1 1 1 -1 1 -1 
1 1 1 1 1 1 -1 1 -1 1 1 -1 1 1 -1 1 -1 -1 1 -1 
-1 1 -1 -1 -1 -1 1 1 1 1 1 -1 -1 -1 -1 -1 -1 1 1 -1 
1 -1 1 -1 -1 -1 -1 -1 1 1 -1 -1 -1 -1 1 -1 -1 -1 -1 -1 
-1 1 -1 -1 -1 -1 -1 1 -1 1 -1 -1 -1 1 -1 1 -1 -1 -1 -1 
1 1 1 1 1 1 1 1 1 -1 -1 -1 -1 1 1 1 1 -1 -1 -1 
1 1 1 1 -1 1 -1 -1 -1 -1 -1 1 1 1 1 -1 1 1 -1 -1 
1 -1 1 -1 -1 1 1 1 -1 -1 -1 -1 -1 1 -1 1 1 1 1 -1 
1 5 5 -1 -1 -1 1 1 1 -1 1 -1 1 -1 1 1 1 1 -1 1 
1 -1 -1 -1 -1 -1 -1 -1 -1 -1 -1 1 -1 -1 -1 1 1 -1 -1 1 
-1 -1 -1 -1 -1 -1 -1 -1 -1 1 -1 -1 -1 -1 -1 1 -1 1 1 -1 
-1 -1 -1 -1 -1 -1 1 -1 1 1 1 1 1 1 1 1 -1 1 -1 1 
1 -1 -1 -1 -1 -1 -1 1 -1 -1 -1 1 1 -1 1 1 1 1 1 1 
-1 1 -1 1 -1 -1 -1 -1 -1 -1 -1 1 1 1 1 1 1 1 1 1 
1 1 1 -1 -1 -1 -1 -1 -1 -1 -1 -1 -1 1 1 1 1 1 -1 1 
-1 -1 -1 -1 -1 -1 -1 -1 -1 -1 -1 -1 -1 1 1 -1 -1 -1 -1 1 
-1 -1 -1 -1 -1 -1 -1 -1 -1 -1 -1 -1 -1 1 1 -1 -1 1 1 -1 
-1 -1 -1 -1 -1 -1 -1 -1 -1 -1 1 -1 1 -1 -1 1 1 1 -1 -1 
-1 -1 -1 -1 -1 1 -1 -1 -1 -1 1 -1 -1 -1 -1 1 -1 1 -1 -1 
-1 -1 -1 -1 -1 1 -1 -1 -1 -1 -1 -1 -1 -1 -1 1 -1 -1 -1 1 
-1 -1 -1 -1 -1 -1 1 -1 -1 -1 1 1 -1 -1 1 -1 -1 -1 -1 -1 
-1 -1 -1 -1 -1 1 1 1 1 -1 -1 1 -1 -1 -1 -1 1 -1 1 -1 
-1 1 1 -1 -1 1 1 1 1 -1 1 1 -1 -1 -1 -1 1 -1 -1 -1 
-1 1 1 -1 -1 1 -1 -1 -1 1 -1 -1 -1 1 1 1 1 -1 -1 -1 
-1 -1 -1 -1 1 1 1 -1 1 1 -1 -1 1 1 -1 1 -1 -1 -1 -1 
-1 -1 -1 -1 -1 -1 1 1 1 1 1 1 1 -1 -1 -1 -1 1 1 -1 
1 -1 -1 -1 -1 -1 -1 1 1 1 1 -1 1 -1 -1 -1 1 1 -1 -1 
1 -1 -1 -1 -1 -1 1 -1 -1 1 -1 -1 -1 -1 -1 -1 -1 -1 1 1 
-1 -1 -1 -1 -1 -1 -1 1 1 1 1 1 -1 -1 -1 -1 -1 1 -1 1 
-1 -1 -1 -1 -1 -1 -1 -1 1 1 1 1 1 1 -1 -1 -1 -1 -1 -1 
-1 -1 -1 1 -1 -1 1 1 1 1 1 -1 -1 1 1 1 1 -1 -1 -1 
-1 -1 -1 -1 1 -1 -1 1 1 1 1 -1 1 1 1 1 -1 -1 -1 -1 
1 -1 -1 1 1 1 -1 1 1 1 1 1 1 1 -1 -1 1 -1 -1 -1 
-1 -1 -1 -1 -1 1 -1 -1 1 -1 -1 1 -1 -1 -1 1 1 -1 -1 -1 
-1 -1 -1 -1 1 -1 -1 -1 -1 -1 -1 -1 -1 -1 -1 -1 1 -1 -1 -1 
1 -1 -1 -1 1 -1 1 -1 -1 -1 -1 -1 -1 -1 -1 -1 -1 -1 -1 1 
1 -1 -1 -1 -1 1 -1 -1 -1 -1 -1 -1 -1 -1 1 1 -1 1 1 1 
-1 -1 -1 -1 1 1 -1 -1 1 -1 -1 -1 -1 -1 1 -1 1 1 -1 -1 
-1 -1 -1 -1 1 1 -1 1 1 -1 -1 1 -1 -1 -1 -1 -1 -1 -1 -1 
-1 -1 -1 -1 -1 -1 1 -1 -1 -1 1 1 -1 -1 1 -1 -1 1 -1 -1 
-1 -1 -1 -1 -1 -1 1 -1 1 -1 1 1 -1 -1 1 -1 -1 1 -1 -1 
-1 -1 -1 -1 -1 1 1 1 -1 1 1 -1 -1 -1 -1 -1 1 1 -1 -1 
1 1 1 1 1 1 1 1 1 -1 -1 -1 -1 -1 -1 -1 1 1 -1 1 
-1 1 1 1 1 -1 -1 -1 -1 1 -1 -1 -1 1 -1 -1 -1 -1 1 1 
-1 1 -1 1 1 1 1 1 -1 -1 -1 -1 1 -1 -1 -1 -1 -1 1 1 
-1 1 1 1 1 -1 1 -1 -1 -1 1 1 -1 1 -1 -1 -1 -1 -1 -1 
-1 -1 1 1 1 1 -1 -1 -1 -1 -1 -1 -1 -1 1 -1 -1 -1 -1 -1 
-1 -1 1 -1 1 1 1 1 -1 -1 -1 -1 1 1 1 1 -1 -1 -1 -1 
1 1 1 1 1 -1 1 -1 1 1 -1 -1 1 1 -1 1 1 1 -1 -1 
1 1 1 -1 -1 -1 -1 1 -1 1 1 1 1 1 1 1 1 1 1 1 
-1 1 -1 -1 -1 1 -1 1 1 1 1 1 1 1 1 1 1 1 1 -1 
-1 1 1 -1 1 1 1 1 1 1 1 1 1 1 1 1 1 -1 1 -1 
1 1 -1 1 1 1 1 1 1 1 1 -1 1 1 1 -1 1 1 -1 1 
1 1 1 1 -1 1 1 1 1 1 1 1 1 1 -1 -1 1 -1 -1 1 
1 1 1 1 1 -1 1 1 1 1 1 1 1 1 -1 -1 1 1 -1 1 
1 1 1 1 -1 1 1 1 1 1 1 1 1 -1 -1 -1 1 1 -1 1 
1 1 1 -1 1 1 1 1 1 1 1 -1 -1 -1 -1 -1 1 -1 1 1 
1 -1 1 1 1 -1 1 1 -1 -1 1 -1 -1 -1 -1 1 1 -1 1 1 
-1 -1 1 1 1 -1 1 1 1 1 -1 -1 -1 -1 1 1 1 1 1 1 
-1 -1 -1 1 -1 -1 -1 1 1 1 -1 1 -1 1 -1 1 1 -1 1 -1 
-1 1 -1 1 -1 1 -1 1 -1 -1 1 1 1 -1 1 -1 1 -1 1 1 
1 1 1 -1 1 1 -1 -1 -1 -1 -1 -1 -1 -1 -1 1 1 1 -1 1 
1 1 1 1 -1 -1 1 1 1 1 1 1 1 1 1 1 1 -1 1 -1 
1 1 1 1 -1 -1 -1 1 1 1 1 1 1 1 1 1 1 1 1 1 
1 1 1 -1 1 -1 -1 1 1 1 1 1 1 1 1 1 1 1 1 1 
1 1 1 1 -1 1 -1 1 1 1 1 1 1 1 1 1 1 1 1 1 
1 1 -1 1 -1 1 1 1 -1 -1 1 1 1 1 -1 1 1 1 1 1 
1 -1 1 -1 1 1 1 1 1 1 1 1 1 1 1 1 1 1 1 1 
1 1 1 1 1 1 1 -1 -1 1 -1 1 1 1 1 1 1 1 1 1 
1 1 1 1 1 -1 1 1 1 1 1 1 1 1 -1 1 1 1 1 1 
1 1 1 1 1 1 1 1 1 1 1 1 -1 1 1 -1 1 1 1 -1 
1 1 1 1 1 1 1 -1 -1 1 1 1 1 1 1 1 1 1 1 1 
1 1 1 1 1 1 1 1 1 -1 -1 1 1 -1 -1 1 1 1 1 1 
1 1 -1 1 1 1 1 1 1 -1 -1 1 1 -1 -1 1 -1 -1 1 1 
1 -1 1 1 1 1 1 1 1 -1 -1 -1 1 -1 1 1 1 1 -1 1 
-1 1 1 -1 1 -1 1 1 1 1 -1 1 1 -1 -1 1 1 1 1 1 
-1 1 1 1 1 1 1 1 1 1 -1 1 -1 1 -1 1 1 1 1 1 
-1 -1 1 1 1 1 1 1 1 1 1 1 1 1 1 1 1 1 1 1 
1 -1 1 1 1 1 1 1 1 1 1 1 1 1 1 1 1 1 1 1 
1 1 -1 1 1 1 -1 -1 1 1 1 1 1 1 1 1 -1 -1 1 1 
1 1 1 -1 -1 1 1 1 1 1 1 1 1 1 1 1 1 1 1 1 
-1 1 1 1 -1 1 1 1 1 1 1 1 1 1 1 1 1 1 -1 1 
1 1 1 1 1 1 1 1 1 -1 -1 1 1 1 1 -1 1 -1 -1 1 
1 1 1 1 1 1 1 1 -1 1 1 -1 1 1 1 1 -1 1 1 1 
1 1 1 1 1 1 1 1 1 1 1 -1 1 1 1 1 1 1 -1 1 
1 1 1 1 1 1 1 1 1 1 1 1 1 1 1 -1 1 -1 -1 1 
1 -1 1 -1 1 1 1 1 1 -1 1 1 1 -1 1 1 1 -1 1 1 
1 1 -1 -1 1 1 1 1 1 1 1 1 1 1 -1 1 1 -1 1 1 
1 1 1 -1 1 1 -1 1 1 -1 1 1 1 1 1 1 1 1 1 1 
-1 1 1 1 1 1 1 -1 1 1 1 1 1 -1 1 1 1 -1 -1 -1 
1 1 1 1 1 1 1 1 1 1 -1 1 1 -1 -1 1 -1 1 1 -1 
1 1 -1 1 1 1 1 1 1 -1 -1 -1 -1 -1 1 1 1 1 1 1 
1 -1 1 1 1 1 1 1 1 1 1 1 -1 1 1 1 1 -1 1 1 
1 1 1 1 1 1 1 -1 1 1 1 1 1 -1 -1 1 1 1 -1 1 
-1 -1 1 1 1 1 1 1 1 1 1 1 1 1 -1 1 -1 -1 -1 1 
1 1 1 1 1 -1 1 1 1 1 1 1 -1 -1 1 -1 1 1 1 -1 
1 1 1 -1 1 1 1 1 1 1 1 -1 1 1 1 1 -1 1 1 1 
1 1 1 -1 1 1 -1 1 1 1 -1 -1 1 1 1 1 1 1 1 1 
1 1 1 1 1 1 -1 1 1 -1 1 -1 1 -1 1 -1 -1 1 1 1 
-1 -1 1 1 1 1 1 1 1 1 1 1 1 1 -1 1 -1 1 1 -1 
1 1 1 1 1 1 1 1 1 1 -1 -1 1 1 -1 1 1 1 1 -1 
1 1 1 1 -1 1 1 1 1 1 -1 -1 1 1 1 1 1 1 -1 1 
1 -1 1 -1 -1 1 1 1 1 1 1 -1 1 1 1 1 1 1 1 1 
-1 1 -1 -1 1 1 -1 1 1 -1 -1 -1 1 1 -1 1 -1 1 1 1 
-1 1 1 1 -1 1 -1 -1 1 1 -1 -1 1 1 1 1 -1 -1 1 -1 
1 1 1 -1 1 1 1 1 -1 -1 1 1 1 -1 -1 1 -1 -1 -1 -1 
1 1 -1 1 1 -1 1 1 1 -1 1 -1 1 1 1 1 -1 -1 -1 -1 
1 1 1 1 1 1 1 1 1 1 -1 1 1 -1 -1 1 1 -1 1 1 
-1 -1 -1 1 1 1 -1 -1 -1 -1 1 -1 -1 -1 -1 1 1 1 1 1 
1 -1 -1 -1 1 -1 -1 -1 -1 -1 -1 -1 -1 -1 1 1 1 1 1 1 
-1 1 -1 -1 -1 -1 1 -1 1 -1 1 -1 -1 1 1 -1 1 1 -1 1 
1 1 1 1 -1 -1 1 1 1 1 -1 1 1 1 1 1 1 1 1 1 
1 1 1 -1 1 1 -1 1 1 -1 -1 1 1 1 1 1 1 1 1 1 
1 1 1 -1 -1 1 1 -1 1 1 1 1 1 1 -1 1 1 1 1 -1 
1 1 1 1 -1 -1 1 1 1 1 -1 -1 -1 -1 1 -1 1 1 1 1 
1 1 -1 1 1 1 1 1 1 1 1 -1 -1 -1 1 1 1 1 1 1 
1 1 1 1 1 1 -1 -1 1 -1 1 1 -1 -1 1 1 1 1 1 -1 
-1 -1 1 1 1 1 -1 -1 1 1 -1 -1 2 -1 1 1 1 1 1 1 
1 -1 1 -1 1 1 1 -1 -1 1 1 -1 -1 1 1 1 -1 1 1 1 
1 -1 -1 1 1 1 1 1 1 1 1 1 -1 1 2 1 1 1 1 1 
1 -1 -1 1 1 -1 1 1 1 -1 1 1 -1 1 2 2 1 1 1 1 
1 1 1 1 1 1 -1 1 -1 1 1 1 1 1 1 2 1 -1 1 1 
1 1 -1 1 -1 1 -1 1 1 1 -1 1 1 -1 1 -1 1 -1 1 1 
-1 -1 1 -1 1 -1 -1 -1 -1 1 1 1 -1 1 1 1 1 1 1 -1 
-1 1 -1 1 1 -1 1 -1 -1 1 1 1 1 1 1 1 1 1 1 -1 
-1 1 1 1 1 1 1 1 1 1 -1 -1 -1 -1 -1 1 -1 1 1 -1 
-1 1 1 1 1 1 1 1 1 1 1 -1 1 1 1 1 1 1 1 -1 
1 1 1 -1 -1 1 1 1 1 1 1 1 -1 1 -1 -1 1 1 -1 -1 
1 1 -1 -1 -1 -1 1 -1 -1 1 1 1 1 -1 1 -1 1 1 -1 -1 
1 1 -1 1 -1 1 -1 1 1 -1 1 1 1 1 1 1 1 1 1 1 
1 1 1 1 1 1 1 1 1 1 1 1 1 1 1 1 1 1 1 1 
1 1 -1 -1 -1 -1 1 1 1 1 -1 -1 -1 -1 1 1 1 -1 1 1 
-1 -1 -1 1 1 1 -1 1 1 1 -1 -1 -1 1 1 1 1 1 1 1 
1 -1 -1 -1 1 1 -1 1 1 -1 1 1 1 1 1 1 1 1 -1 -1 
-1 1 1 -1 1 1 1 1 1 -1 1 1 1 1 1 1 1 1 1 1 
1 1 1 1 1 -1 1 1 1 1 1 -1 -1 1 -1 -1 1 1 1 1 
1 1 1 1 1 1 1 -1 1 1 -1 -1 -1 -1 -1 -1 1 1 1 1 
1 -1 1 -1 -1 1 1 1 -1 1 1 1 -1 -1 -1 -1 1 1 -1 -1 
-1 -1 -1 -1 1 -1 1 1 -1 -1 1 -1 1 1 1 1 1 1 -1 -1 
1 -1 -1 -1 1 1 1 1 -1 1 -1 1 1 1 1 1 1 1 -1 1 
1 1 1 1 -1 1 1 1 1 1 1 1 1 -1 1 1 1 1 1 1 
1 1 1 -1 -1 -1 1 1 1 1 1 1 1 1 1 1 1 1 1 -1 
1 1 1 -1 1 1 1 -1 1 -1 1 1 1 -1 -1 1 1 1 1 1 
1 1 1 -1 -1 1 1 1 -1 1 1 -1 -1 1 1 1 -1 1 1 1 
1 1 1 1 1 1 1 -1 -1 -1 -1 -1 1 1 1 -1 1 1 -1 1 
1 1 1 1 1 -1 1 1 -1 -1 -1 1 1 1 -1 -1 -1 1 1 1 
-1 1 1 -1 1 1 1 -1 1 1 -1 1 1 1 1 -1 1 -1 1 -1 
-1 1 1 -1 1 1 1 -1 1 1 1 1 1 1 1 1 1 1 1 1 
1 1 1 1 1 1 1 1 1 1 -1 -1 -1 1 1 1 1 1 1 1 
1 1 -1 1 1 1 1 -1 1 1 1 -1 1 -1 1 1 1 1 -1 -1 
-1 1 -1 1 1 1 1 1 -1 1 -1 -1 -1 1 1 1 1 1 -1 1 
1 -1 -1 -1 -1 -1 1 -1 -1 -1 -1 -1 1 1 1 1 1 1 -1 1 
1 -1 -1 -1 -1 1 -1 1 1 1 -1 1 1 -1 1 1 1 -1 1 1 
1 1 -1 1 -1 -1 -1 -1 1 1 1 -1 1 -1 -1 -1 -1 -1 1 1 
1 -1 -1 -1 -1 -1 -1 -1 1 -1 -1 1 1 1 -1 -1 1 1 1 1 
-1 1 -1 -1 1 -1 -1 -1 1 1 1 1 1 1 1 1 -1 1 1 1 
1 1 -1 1 1 1 -1 -1 -1 1 1 -1 -1 1 1 1 1 1 1 1 
1 1 -1 -1 1 1 1 -1 -1 1 1 -1 -1 1 1 1 -1 1 -1 1 
1 1 1 -1 1 1 -1 -1 -1 1 -1 1 -1 1 1 1 -1 1 1 1 
1 1 1 1 1 1 1 -1 -1 -1 -1 1 1 1 1 1 1 1 -1 1 
-1 1 -1 1 1 1 1 -1 -1 -1 -1 -1 1 1 -1 1 1 1 1 1 
1 1 -1 1 1 1 1 1 -1 -1 -1 1 -1 -1 1 -1 1 -1 1 1 
1 -1 -1 1 1 -1 1 -1 1 1 1 1 1 -1 1 1 1 1 1 -1 
1 1 -1 1 1 1 1 -1 1 1 -1 -1 1 -1 1 1 1 1 1 1 
1 1 -1 1 1 1 1 1 1 1 -1 1 1 1 -1 -1 1 -1 -1 1 
1 1 1 1 1 1 1 1 -1 -1 1 -1 -1 1 -1 1 1 -1 1 1 
1 1 1 1 1 1 1 -1 1 1 1 -1 1 -1 1 1 -1 1 -1 1 
1 -1 1 -1 1 1 1 1 1 -1 1 1 -1 1 1 1 -1 -1 1 1 
1 1 1 1 -1 1 -1 -1 1 -1 1 1 1 1 1 1 1 1 1 1 
1 1 -1 1 1 1 1 1 1 1 1 1 1 1 1 -1 -1 1 1 -1 
1 -1 1 1 -1 1 -1 1 1 1 -1 1 1 -1 1 -1 -1 1 -1 -1 
1 1 1 1 1 1 -1 -1 1 1 1 -1 -1 -1 -1 1 -1 -1 1 -1 
-1 -1 1 1 1 1 1 1 1 1 -1 -1 1 -1 1 -1 1 1 1 -1 
1 1 1 -1 -1 -1 -1 -1 1 1 1 -1 1 1 1 1 1 1 1 1 
-1 -1 1 1 -1 -1 -1 1 1 1 -1 1 1 1 1 1 1 -1 -1 1 
1 1 1 1 1 1 1 1 1 1 -1 1 1 -1 1 1 1 1 1 -1 
1 1 -1 1 1 1 1 1 -1 -1 1 1 1 1 -1 1 1 -1 -1 1 
-1 1 1 1 1 1 1 1 -1 1 1 1 1 -1 -1 -1 1 1 -1 -1 
1 1 1 -1 -1 1 1 1 1 1 -1 1 -1 -1 -1 1 -1 1 -1 1 
1 1 1 1 1 1 -1 1 1 1 1 -1 1 1 1 1 1 1 1 1 
-1 1 1 -1 -1 1 1 -1 1 1 -1 1 -1 -1 -1 1 1 -1 1 1 
1 -1 -1 -1 1 1 -1 1 -1 1 1 1 -1 -1 1 1 1 1 1 1 
1 1 1 1 1 1 1 1 1 1 -1 1 1 1 1 1 1 1 -1 -1 
1 1 1 -1 1 1 -1 -1 -1 -1 -1 1 1 1 1 -1 1 1 1 1 
1 1 1 1 -1 1 -1 -1 -1 -1 1 -1 1 -1 1 -1 -1 1 1 1 
-1 -1 -1 1 -1 1 1 1 1 1 1 1 1 1 1 1 1 1 1 -1 
-1 -1 1 -1 -1 1 1 1 1 -1 1 1 1 1 1 1 1 -1 1 1 
1 1 -1 -1 1 1 1 1 -1 1 1 1 1 1 1 1 1 1 1 1 
1 -1 -1 -1 1 -1 -1 1 1 1 1 1 1 1 1 1 -1 1 1 -1 
1 1 1 -1 1 1 1 1 1 1 -1 1 -1 -1 1 -1 -1 -1 -1 1 
1 -1 1 1 1 1 -1 -1 1 1 -1 1 -1 -1 -1 -1 1 1 1 1 
1 1 1 -1 -1 1 1 1 -1 1 1 1 1 -1 1 -1 1 1 1 1 
-1 -1 1 -1 1 1 -1 -1 -1 -1 1 1 1 1 1 -1 1 1 1 -1 
1 1 -1 -1 1 -1 -1 1 -1 -1 -1 1 1 1 1 1 1 -1 -1 1 
1 1 -1 1 1 1 -1 1 1 1 1 1 1 1 1 -1 1 1 1 1 
-1 1 -1 -1 1 1 -1 -1 -1 -1 1 -1 1 1 -1 -1 1 1 1 1 
1 -1 1 -1 1 1 1 1 1 1 -1 1 -1 1 -1 -1 1 -1 1 1 
-1 1 1 1 1 1 1 1 1 1 1 1 1 1 1 1 1 1 -1 -1 
1 1 -1 1 1 -1 -1 1 -1 1 -1 1 1 1 1 1 1 1 -1 -1 
-1 1 1 -1 -1 -1 -1 1 1 1 1 -1 1 1 1 1 1 1 -1 -1 
1 1 -1 1 1 1 1 1 1 1 -1 -1 -1 1 1 1 1 1 1 1 
-1 1 1 1 1 1 1 1 1 1 1 1 1 1 -1 -1 1 1 1 -1 
1 1 -1 1 1 1 1 1 1 1 1 1 1 -1 -1 1 1 1 1 1 
-1 -1 1 -1 -1 1 1 1 1 -1 -1 1 1 -1 1 1 1 -1 -1 -1 
1 1 -1 1 1 -1 -1 1 1 1 1 1 1 1 1 1 -1 -1 -1 1 
1 1 1 -1 1 -1 -1 1 -1 1 1 1 1 1 1 1 1 -1 1 -1 
1 1 1 1 -1 1 -1 1 1 1 1 1 1 1 -1 1 1 1 1 1 
1 1 1 -1 -1 -1 1 1 1 1 1 1 1 1 -1 1 -1 1 1 1 
1 1 -1 1 -1 -1 1 -1 1 1 -1 1 1 -1 1 1 1 -1 1 1 
-1 1 1 1 -1 1 -1 1 1 1 1 1 1 1 1 -1 1 -1 -1 1 
1 1 1 -1 -1 -1 1 1 1 1 1 1 1 -1 1 1 1 1 -1 1 
1 1 -1 1 1 1 1 1 -1 3 -1 1 1 -1 1 1 -1 1 -1 1 
1 1 1 1 1 1 1 1 3 1 -1 1 1 1 -1 1 1 -1 1 1 
1 1 1 -1 1 1 1 -1 3 1 1 1 1 1 -1 1 1 -1 1 1 
1 1 1 1 1 1 1 3 1 1 1 -1 -1 1 1 1 1 1 1 -1 
-1 1 1 -1 1 -1 -1 1 3 1 -1 -1 -1 -1 -1 1 1 1 -1 1 
1 1 1 1 1 1 1 -1 -1 1 -1 -1 1 1 1 1 1 -1 1 -1 
1 -1 1 1 1 1 1 -1 1 -1 -1 -1 1 1 1 1 1 1 1 1 
1 1 1 -1 1 -1 1 -1 -1 1 1 1 1 -1 -1 -1 1 1 1 1 
1 1 1 -1 -1 1 -1 1 -1 1 1 1 -1 1 -1 1 1 1 1 1 
1 1 1 1 -1 -1 1 -1 1 1 -1 1 1 1 -1 1 1 1 1 1 
1 -1 -1 -1 1 -1 1 -1 1 1 1 1 1 1 1 1 1 1 1 1 
-1 -1 1 1 1 1 3 3 1 3 3 3 3 -1 1 1 1 -1 -1 1 
1 1 1 1 -1 3 -1 3 1 1 3 -1 -1 3 1 1 1 -1 1 1 
-1 1 1 1 -1 -1 1 1 1 3 1 -1 1 1 1 1 1 1 -1 1 
1 -1 1 1 1 -1 1 -1 1 1 3 1 -1 1 1 1 1 1 1 -1 
1 -1 1 1 1 1 1 -1 -1 -1 1 1 1 1 -1 -1 1 1 1 -1 
1 1 1 -1 1 1 1 -1 -1 1 1 -1 1 1 -1 -1 -1 1 1 1 
1 1 -1 1 1 -1 1 1 1 -1 1 -1 1 1 1 -1 -1 1 1 1 
1 1 -1 1 1 1 1 1 1 1 1 1 1 -1 -1 1 1 1 1 1 
1 -1 1 1 1 1 1 1 -1 -1 -1 1 1 1 1 1 1 1 1 1 
1 1 -1 1 1 1 1 1 1 -1 -1 1 1 1 -1 1 -1 1 1 1 
1 1 1 -1 1 -1 -1 1 -1 -1 1 1 1 1 1 1 1 1 -1 -1 
-1 -1 1 -1 -1 1 -1 1 -1 -1 1 1 1 -1 1 1 1 -1 -1 1 
1 1 -1 1 1 1 1 1 -1 -1 -1 1 1 -1 -1 1 1 1 1 1 
1 1 -1 1 1 1 -1 -1 1 -1 -1 -1 -1 -1 -1 1 1 1 1 1 
1 1 1 1 1 -1 -1 -1 1 -1 1 1 1 -1 1 1 1 -1 -1 1 
1 1 1 1 1 1 1 1 -1 -1 1 -1 -1 1 1 1 1 -1 -1 1 
1 1 1 -1 -1 1 1 1 1 3 1 3 1 1 1 -1 1 1 -1 1 
1 1 1 -1 -1 3 3 1 1 3 3 3 -1 1 -1 1 1 1 1 -1 
1 1 1 1 1 -1 1 1 1 -1 3 3 -1 1 1 1 1 1 1 1 
-1 -1 -1 1 1 1 3 3 3 3 3 3 3 -1 -1 1 1 1 -1 1 
1 1 1 -1 1 1 1 -1 1 -1 -1 -1 1 -1 -1 1 1 1 1 1 
-1 -1 1 1 1 1 1 1 1 -1 1 1 1 1 1 1 1 1 1 1 
1 -1 1 1 1 1 1 1 1 1 1 1 -1 1 1 1 1 1 -1 1 
-1 1 1 1 1 1 1 1 1 1 1 1 1 1 1 -1 -1 1 1 1 
1 -1 -1 1 1 -1 1 1 1 1 -1 1 1 1 -1 1 1 1 1 -1 
1 -1 -1 1 -1 1 -1 1 1 1 -1 -1 -1 -1 -1 -1 1 1 -1 -1 
1 1 1 1 1 1 1 1 -1 1 1 1 -1 -1 -1 1 1 1 1 1 
1 1 1 1 1 -1 1 1 1 1 -1 1 1 -1 -1 1 1 1 1 1 
1 -1 1 1 -1 1 -1 -1 -1 1 1 1 1 1 1 1 1 1 1 1 
1 1 1 1 1 1 -1 1 1 1 1 1 1 1 -1 1 1 1 1 1 
1 -1 1 -1 1 1 -1 -1 1 1 1 1 1 1 -1 1 1 1 1 1 
1 1 -1 1 1 1 -1 1 1 1 1 1 1 1 1 1 1 1 1 1 
1 1 1 1 1 -1 1 1 1 1 1 1 1 1 1 1 1 1 1 1 
-1 1 1 1 1 1 1 1 1 1 1 1 1 1 1 -1 -1 -1 -1 1 
1 1 1 1 -1 -1 1 1 1 1 1 1 1 1 -1 -1 -1 -1 -1 -1 
1 1 1 -1 1 1 1 -1 1 -1 1 1 1 1 -1 1 1 1 1 1 
1 -1 1 1 1 1 -1 -1 1 1 1 1 1 -1 1 -1 1 1 1 -1 
-1 -1 1 1 1 1 -1 1 1 1 1 1 1 1 -1 1 1 1 1 1 
-1 1 1 1 1 1 1 1 1 1 1 -1 1 1 1 1 1 -1 1 1 
1 1 -1 1 1 1 -1 1 1 -1 1 -1 -1 -1 1 1 1 -1 -1 1 
1 1 1 -1 -1 1 1 -1 1 1 1 -1 -1 1 1 1 1 1 1 1 
1 1 1 -1 2 1 1 1 1 1 1 -1 1 1 -1 1 1 -1 1 1 
-1 -1 1 1 1 1 -1 1 1 1 1 1 1 1 1 1 -1 1 1 1 
-1 -1 1 -1 -1 -1 1 -1 1 1 1 1 1 1 1 1 1 1 1 -1 
1 1 1 -1 -1 -1 -1 -1 -1 1 1 -1 -1 1 -1 -1 1 1 1 1 
1 -1 1 -1 -1 -1 -1 -1 1 1 -1 -1 -1 1 1 1 1 1 1 1 
1 1 1 1 -1 -1 -1 -1 1 -1 -1 -1 1 1 1 -1 1 -1 1 -1 
1 1 -1 1 1 1 1 1 1 -1 -1 -1 -1 -1 -1 1 1 -1 -1 1 
1 1 1 -1 -1 1 1 1 -1 -1 -1 -1 -1 -1 -1 1 -1 1 1 1 
1 -1 1 1 1 1 1 1 1 1 1 1 -1 1 -1 -1 1 -1 1 1 
1 -1 -1 1 1 1 1 -1 1 1 1 1 1 1 1 1 1 1 1 1 
1 1 1 -1 -1 1 1 1 1 1 1 1 1 1 1 1 1 1 1 -1 
1 1 1 1 1 1 1 1 1 1 -1 -1 -1 -1 1 1 1 1 1 1 
-1 1 1 1 1 1 1 1 1 1 1 -1 1 1 1 1 1 -1 -1 -1 
1 1 1 1 1 -1 -1 1 1 1 1 1 1 1 -1 -1 1 1 1 1 
1 1 -1 1 1 1 1 1 1 1 1 1 1 1 -1 -1 1 1 1 1 
1 1 1 1 1 1 1 1 -1 1 1 -1 -1 -1 1 1 -1 -1 1 -1 
1 -1 1 -1 1 1 1 -1 -1 1 1 1 1 1 1 1 -1 1 1 -1 
1 1 1 1 1 1 1 1 1 1 1 1 1 1 1 -1 1 -1 -1 -1 
1 1 1 1 1 1 1 1 1 1 -1 1 1 -1 1 -1 1 1 1 1 
1 1 -1 1 1 1 1 1 1 -1 1 -1 -1 1 -1 1 -1 1 1 1 
1 -1 1 1 1 1 1 1 1 1 1 1 -1 -1 -1 1 1 1 1 -1 
1 -1 1 1 1 1 1 1 1 1 1 1 1 -1 1 1 1 1 1 1 
1 -1 1 1 1 1 1 1 1 1 1 1 1 1 1 1 1 1 -1 1 
1 1 1 1 1 1 1 1 1 -1 1 1 1 1 -1 1 1 1 1 1 
-1 1 1 1 -1 1 1 1 1 1 -1 1 1 1 1 -1 1 1 1 1 
1 1 -1 1 1 1 1 1 1 1 -1 1 1 1 -1 1 1 -1 1 1 
1 -1 1 -1 -1 -1 1 1 1 1 1 -1 1 1 1 1 1 1 1 1 
-1 -1 -1 1 -1 1 -1 1 1 1 1 1 1 -1 1 1 -1 1 1 1 
-1 -1 -1 -1 1 1 -1 -1 1 1 1 1 1 1 1 1 1 -1 -1 -1 
-1 1 -1 1 1 -1 -1 1 1 1 1 1 1 1 1 1 1 -1 -1 -1 
-1 -1 1 1 1 1 1 -1 1 1 1 1 -1 1 1 1 -1 -1 -1 -1 
1 1 -1 1 1 1 1 1 1 1 1 1 1 1 1 1 -1 -1 3 2 
1 1 2 1 1 1 1 1 1 1 1 1 1 1 1 -1 -1 -1 2 2 
3 2 -1 2 -1 1 1 1 1 1 1 1 1 -1 1 1 1 3 3 2 
2 2 -1 1 -1 -1 1 1 1 1 1 1 1 -1 1 1 1 1 2 1 
2 2 -1 1 1 -1 1 1 1 -1 1 1 1 1 1 -1 2 2 1 1 
1 1 1 1 1 -1 1 1 1 1 1 1 1 1 2 -1 2 2 1 1 
1 1 1 1 -1 1 1 1 1 1 1 1 -1 -1 1 2 2 2 -1 1 
1 1 1 1 1 1 1 1 1 1 -1 1 1 1 1 1 2 -1 -1 1 
1 1 1 1 1 1 -1 1 -1 1 1 1 1 -1 1 1 -1 -1 -1 1 
-1 -1 1 1 1 -1 -1 -1 -1 1 1 -1 1 -1 1 1 1 1 -1 1 
-1 -1 -1 1 1 1 1 -1 1 1 1 1 -1 1 1 1 1 -1 1 1 
1 1 -1 1 1 1 -1 1 -1 1 1 1 1 -1 1 1 -1 1 1 1 
1 1 1 -1 1 1 1 -1 1 1 1 -1 1 -1 -1 -1 1 -1 1 1 
1 1 1 -1 -1 1 1 1 1 1 1 1 -1 1 -1 1 1 1 1 1 
1 -1 1 1 1 1 1 1 1 1 1 1 1 1 1 1 1 1 1 1 
1 1 1 -1 1 1 1 -1 1 -1 -1 1 1 1 -1 -1 1 1 1 1 
1 1 1 -1 1 1 1 1 1 1 -1 -1 -1 -1 1 -1 1 1 1 1 
1 1 1 1 1 -1 1 1 1 1 -1 -1 -1 -1 -1 1 -1 1 1 1 
1 1 1 1 1 -1 1 1 -1 -1 -1 -1 -1 -1 1 -1 1 1 1 1 
1 1 1 1 1 1 1 1 -1 -1 -1 -1 -1 -1 -1 1 -1 -1 1 1 
1 1 -1 -1 1 1 1 1 -1 -1 -1 -1 -1 -1 -1 -1 1 -1 -1 1 
1 1 1 1 -1 1 1 1 -1 -1 -1 -1 1 -1 1 1 -1 1 1 -1 
-1 -1 -1 -1 1 1 1 -1 1 1 -1 1 -1 1 1 1 1 1 1 -1 
-1 -1 1 1 1 -1 1 -1 1 -1 -1 -1 -1 1 1 -1 -1 1 1 1 
1 1 1 1 1 -1 1 1 -1 1 1 -1 1 -1 -1 1 1 -1 -1 1 
1 1 1 1 1 1 1 1 1 -1 1 1 1 -1 1 1 1 -1 -1 1 
1 1 1 1 1 -1 -1 1 1 1 -1 1 -1 -1 1 1 1 1 -1 1 
1 1 1 1 1 -1 1 1 -1 1 1 -1 1 1 1 1 -1 -1 1 1 
-1 -1 1 -1 1 1 1 1 -1 1 -1 1 -1 1 1 -1 1 -1 -1 -1 
1 1 1 -1 1 -1 1 1 1 -1 -1 1 1 -1 -1 -1 1 -1 -1 -1 
1 1 1 1 1 -1 -1 1 1 1 1 1 1 1 -1 -1 1 1 1 1 
1 1 -1 1 1 1 -1 -1 1 1 1 -1 1 -1 -1 -1 -1 1 1 1 
1 1 1 -1 -1 1 1 1 -1 1 1 -1 -1 1 1 -1 -1 1 1 -1 
1 1 1 1 -1 -1 1 -1 1 1 1 1 1 1 1 -1 -1 1 -1 1 
1 1 1 1 -1 -1 -1 1 -1 1 1 1 -1 1 1 -1 -1 1 1 1 
1 1 1 1 -1 -1 1 1 -1 -1 1 -1 1 1 -1 -1 -1 1 1 1 
1 1 1 1 1 -1 1 1 1 1 1 1 1 1 1 1 1 1 1 -1 
1 1 1 1 1 -1 1 1 1 -1 1 1 1 1 1 1 1 1 1 1 
1 1 -1 -1 1 -1 1 1 1 1 1 1 -1 1 1 1 -1 1 -1 1 
1 1 -1 -1 -1 1 1 1 1 1 1 -1 1 -1 1 1 1 1 -1 1 
1 1 1 -1 -1 -1 1 -1 1 1 1 -1 -1 1 1 -1 1 1 1 1 
1 1 1 1 -1 -1 -1 1 -1 1 -1 1 1 1 1 1 1 1 1 1 
-1 1 1 -1 -1 -1 -1 1 -1 1 -1 1 1 1 1 1 1 1 1 1 
1 -1 -1 -1 -1 -1 -1 -1 1 1 1 -1 1 -1 -1 1 1 1 -1 -1 
1 1 1 1 -1 1 -1 1 1 -1 1 1 -1 1 1 1 1 -1 1 -1 
1 -1 1 1 1 1 1 -1 1 1 1 1 1 1 1 1 1 -1 -1 1 
1 1 1 1 -1 -1 1 1 1 -1 -1 -1 -1 1 1 1 -1 1 1 -1 
1 1 1 1 1 1 1 -1 1 -1 -1 -1 1 1 -1 -1 1 -1 1 1 
1 1 1 1 1 1 1 1 1 1 1 1 -1 1 -1 1 1 1 1 -1 
-1 1 1 1 1 1 1 1 1 1 -1 -1 1 -1 -1 -1 1 1 1 -1 
1 1 1 1 1 1 -1 1 1 1 1 -1 1 -1 -1 -1 1 1 1 -1 
1 -1 1 1 -1 1 1 -1 1 1 1 1 1 -1 1 1 -1 1 1 1 
1 1 1 1 1 -1 -1 1 1 1 -1 -1 -1 -1 1 1 -1 -1 -1 1 
1 1 1 1 1 1 1 1 1 -1 1 1 -1 1 -1 1 1 -1 1 1 
1 1 1 1 1 1 1 1 1 1 1 1 1 -1 1 1 1 1 1 1 
1 -1 1 1 -1 -1 1 1 -1 1 1 1 1 -1 1 1 1 -1 -1 1 
-1 -1 -1 1 1 1 1 1 1 -1 1 1 1 -1 1 -1 -1 1 1 1 
1 1 1 1 1 1 1 1 -1 -1 -1 -1 -1 1 1 -1 -1 1 -1 -1 
1 1 1 1 1 1 1 1 1 -1 -1 1 1 1 1 -1 1 1 1 1 
-1 1 1 1 1 1 -1 1 1 1 -1 1 1 -1 1 1 1 -1 1 -1 
-1 -1 -1 1 1 1 -1 1 1 1 1 1 1 -1 -1 1 1 1 1 1 
-1 -1 1 -1 1 1 1 1 1 -1 1 1 1 -1 -1 -1 1 1 1 1 
1 1 1 1 1 1 1 -1 1 1 1 1 1 -1 -1 -1 1 1 1 1 
1 1 1 1 1 1 1 1 -1 1 1 -1 1 1 -1 1 1 1 -1 1 
-1 1 1 1 1 1 1 1 1 1 1 1 1 -1 1 1 1 1 1 1 
-1 -1 -1 1 -1 1 1 1 1 1 1 1 1 -1 -1 1 -1 1 -1 -1 
-1 -1 1 -1 1 1 1 1 1 1 1 1 1 1 -1 1 -1 1 1 1 
1 1 1 1 1 1 -1 1 1 1 -1 1 -1 1 1 1 1 1 1 1 
1 -1 1 1 -1 -1 -1 -1 -1 1 1 1 1 1 -1 -1 1 1 1 1 
1 -1 1 1 -1 1 1 -1 -1 -1 1 1 -1 1 -1 -1 1 1 1 1 
1 1 1 1 -1 1 1 1 1 -1 -1 -1 -1 -1 1 1 1 1 1 1 
1 1 1 1 1 1 1 1 -1 -1 -1 -1 -1 1 1 1 1 1 1 -1 
1 1 1 1 1 -1 1 -1 1 -1 -1 1 -1 1 1 1 1 1 1 -1 
1 -1 -1 1 1 1 1 -1 1 1 1 -1 1 -1 1 1 1 1 1 1 
1 1 1 1 -1 -1 1 -1 1 1 1 1 1 1 -1 1 1 1 1 1 
1 1 1 1 1 1 1 1 1 1 1 1 1 1 1 1 1 1 1 -1 
1 -1 1 1 1 -1 -1 1 -1 1 1 1 1 1 1 1 -1 -1 1 1 
1 1 1 1 1 1 -1 1 -1 -1 -1 1 1 1 -1 -1 1 1 1 -1 
1 -1 1 1 -1 1 1 1 1 -1 1 1 -1 1 1 -1 1 1 1 -1 
1 1 -1 -1 -1 1 1 1 1 1 1 1 1 1 1 1 1 -1 1 -1 
1 1 1 1 -1 1 1 1 1 1 1 1 -1 1 1 1 -1 1 1 1 
-1 1 1 1 1 1 -1 1 1 1 1 1 1 1 -1 -1 1 1 1 1 
1 1 1 1 1 -1 1 -1 1 1 1 1 1 1 1 1 -1 1 -1 1 
-1 -1 1 1 -1 1 1 1 1 1 -1 1 1 1 1 1 -1 -1 1 1 
-1 1 1 1 1 1 1 1 1 1 1 -1 1 -1 1 -1 -1 1 -1 1 
-1 -1 -1 1 1 1 1 1 1 -1 1 1 1 1 -1 1 -1 1 1 1 
1 -1 -1 1 1 1 1 1 -1 -1 -1 -1 1 -1 1 -1 -1 1 1 1 
1 -1 -1 1 -1 -1 -1 -1 1 1 1 1 1 -1 1 -1 -1 1 1 1 
1 -1 1 -1 -1 1 -1 1 -1 1 1 1 -1 1 -1 -1 1 1 -1 1 
1 1 1 1 1 -1 1 1 1 -1 1 -1 1 1 1 -1 1 1 1 1 
-1 1 1 1 1 -1 1 1 -1 1 -1 1 1 1 1 -1 -1 1 -1 -1 
1 1 1 1 1 -1 -1 1 -1 -1 1 1 1 -1 -1 -1 -1 -1 -1 -1 
-1 1 -1 -1 1 1 1 1 -1 1 -1 -1 1 1 -1 -1 1 1 1 -1 
1 1 1 -1 1 1 1 1 1 1 1 -1 1 1 -1 1 1 1 1 1 
1 1 1 -1 1 1 -1 1 1 1 1 -1 1 1 1 -1 1 1 1 1 
-1 -1 1 1 1 1 1 1 1 1 1 -1 1 1 1 -1 1 1 1 1 
-1 1 1 1 1 1 1 1 1 1 1 1 1 -1 -1 1 1 1 1 1 
-1 1 1 1 1 1 1 1 1 1 1 1 1 -1 1 1 1 -1 1 -1 
1 -1 -1 1 1 1 1 -1 -1 -1 -1 -1 -1 1 1 -1 -1 1 1 1 
1 -1 1 -1 1 -1 -1 -1 -1 -1 -1 -1 -1 -1 1 1 1 1 1 1 
-1 -1 -1 1 1 -1 -1 -1 -1 -1 -1 -1 1 1 1 1 1 1 1 1 
-1 -1 1 -1 1 -1 1 -1 -1 1 1 -1 1 1 1 1 1 1 1 1 
1 1 -1 -1 1 1 -1 1 -1 -1 -1 1 1 1 -1 -1 -1 -1 1 1 
1 1 1 -1 1 -1 -1 -1 1 -1 1 -1 1 1 -1 -1 -1 1 -1 1 
1 1 1 -1 1 -1 -1 -1 1 1 1 1 1 -1 -1 -1 -1 1 -1 -1 
-1 1 -1 1 -1 1 -1 1 1 1 -1 -1 -1 1 -1 1 -1 -1 -1 1 
1 1 1 1 1 1 1 1 1 -1 1 1 -1 -1 -1 -1 -1 -1 -1 1 
1 -1 1 1 1 -1 -1 -1 1 -1 -1 1 1 -1 -1 -1 -1 1 1 -1 
-1 -1 1 1 1 1 1 1 1 1 1 1 1 -1 -1 1 1 -1 -1 -1 
-1 -1 1 1 1 1 1 1 1 1 1 1 1 -1 1 1 1 1 -1 1 
1 1 1 1 1 1 -1 1 1 -1 1 1 -1 -1 1 1 1 1 1 -1 
1 -1 1 1 1 1 1 1 1 1 1 1 -1 1 1 -1 -1 1 1 1 
1 1 -1 1 1 1 1 1 1 1 -1 1 1 1 1 -1 1 1 1 1 
1 1 1 -1 -1 1 1 1 -1 1 -1 1 1 1 -1 1 1 1 1 1 
-1 1 1 1 -1 1 1 -1 1 1 1 -1 -1 1 -1 -1 1 -1 1 1 
-1 -1 1 1 -1 -1 -1 -1 -1 1 -1 -1 -1 -1 -1 -1 1 1 -1 -1 
1 1 -1 1 1 1 1 1 -1 1 1 1 1 -1 -1 1 1 -1 1 -1 
1 1 1 1 -1 1 1 1 1 1 1 1 1 -1 -1 1 1 1 -1 -1 
-1 1 -1 1 1 1 1 -1 1 -1 -1 1 -1 -1 -1 1 1 1 1 1 
1 1 1 1 1 1 1 1 -1 -1 -1 1 -1 -1 1 1 -1 -1 1 1 
1 1 1 1 1 1 1 1 1 1 -1 -1 -1 -1 1 1 1 -1 1 1 
1 1 1 1 1 -1 1 1 1 1 1 -1 -1 1 -1 -1 1 1 1 1 
1 1 1 1 1 1 1 1 1 1 1 -1 -1 1 -1 1 -1 1 1 1 
1 1 1 1 1 -1 1 1 1 1 -1 -1 1 -1 1 -1 -1 1 -1 -1 
1 1 1 1 1 1 1 -1 -1 -1 1 -1 1 -1 1 -1 1 -1 1 -1 
-1 1 -1 1 1 1 1 1 1 1 -1 1 1 -1 1 1 1 1 1 1 
-1 1 1 1 1 -1 1 1 -1 1 -1 -1 1 1 1 1 1 1 -1 -1 
-1 1 1 1 1 1 1 1 1 1 1 -1 -1 1 1 1 1 1 -1 -1 
1 -1 -1 1 -1 -1 1 1 1 1 -1 -1 -1 1 1 1 1 1 1 1 
1 1 -1 1 -1 1 -1 1 1 1 1 -1 1 1 1 1 -1 -1 1 1 
1 1 1 1 1 -1 1 1 1 1 1 1 -1 1 1 1 1 1 1 1 
1 1 1 -1 -1 1 1 1 1 1 1 1 1 1 1 1 -1 1 1 1 
1 1 1 -1 1 1 1 1 1 1 1 1 -1 -1 1 1 1 1 1 1 
1 -1 -1 1 1 1 1 1 1 1 1 1 -1 1 1 -1 1 1 -1 1 
1 1 1 1 1 1 1 1 1 1 1 -1 1 1 -1 -1 -1 1 1 1 
1 1 1 1 1 1 1 1 -1 -1 -1 -1 1 1 1 -1 -1 1 1 -1 
1 1 1 1 1 1 1 1 -1 1 1 1 1 1 1 1 1 1 1 1 
1 1 1 1 1 1 1 1 -1 1 1 1 1 1 1 1 1 1 1 -1 
1 1 1 1 1 1 -1 1 1 1 1 1 -1 1 1 -1 1 1 -1 -1 
-1 1 1 -1 1 1 -1 1 1 1 1 1 1 -1 1 1 1 1 -1 -1 
-1 1 1 -1 1 1 1 1 1 1 1 1 1 -1 1 1 1 -1 -1 -1 
1 -1 -1 -1 -1 1 1 1 1 1 1 1 1 1 1 1 1 1 1 1 
1 1 -1 1 1 1 -1 -1 1 1 1 1 -1 1 -1 1 1 1 1 1 
1 1 1 1 1 1 1 1 1 1 1 -1 -1 1 1 1 1 1 -1 1 
-1 1 1 1 1 1 1 1 1 1 1 -1 -1 1 1 1 1 -1 1 -1 
1 1 1 1 1 1 1 1 1 1 -1 -1 -1 -1 1 1 -1 -1 -1 1 
1 1 1 1 -1 1 1 1 1 1 -1 -1 -1 1 1 1 1 1 1 1 
1 1 1 1 1 1 1 1 1 1 -1 -1 -1 -1 1 1 1 1 1 1 
1 -1 1 -1 1 1 1 1 1 1 1 1 1 1 -1 1 -1 1 1 1 
1 1 1 -1 1 1 1 -1 1 -1 1 1 1 1 1 -1 -1 -1 -1 1 
-1 -1 -1 1 1 1 1 1 -1 1 1 1 1 1 1 -1 -1 -1 1 1 
1 -1 1 1 -1 1 1 1 1 -1 1 -1 -1 1 1 -1 -1 -1 -1 -1 
1 1 1 -1 1 -1 3 1 1 1 -1 1 1 1 1 1 1 -1 1 1 
1 1 1 1 -1 1 -1 3 1 -1 -1 1 1 1 1 1 1 1 1 1 
1 1 1 -1 1 1 1 1 3 -1 1 1 -1 -1 1 1 1 1 -1 2 
-1 1 1 -1 1 1 -1 1 1 1 3 -1 -1 1 1 1 1 1 1 2 
-1 1 -1 -1 1 -1 -1 3 1 3 1 -1 -1 1 1 1 1 1 1 1 
1 1 1 1 -1 1 -1 1 3 1 1 -1 1 1 1 -1 1 1 1 1 
1 1 1 -1 -1 -1 1 1 1 1 1 1 1 1 1 1 1 1 1 1 
1 1 1 1 1 1 1 1 1 -1 1 1 -1 -1 1 1 1 1 1 1 
1 1 1 1 1 1 1 1 1 1 1 1 1 1 1 1 1 1 1 -1 
1 1 -1 -1 -1 1 1 1 1 1 -1 1 1 1 -1 1 1 1 -1 -1 
1 1 1 1 -1 1 1 1 1 1 -1 -1 1 1 1 1 1 -1 1 1 
1 1 1 1 1 1 1 1 1 1 1 -1 1 1 -1 1 1 1 1 1 
1 1 1 1 1 1 1 1 1 1 1 1 1 1 1 1 -1 1 -1 -1 
1 1 1 -1 1 1 -1 -1 -1 1 1 -1 -1 1 1 1 1 1 1 1 
1 1 1 -1 -1 -1 -1 -1 1 1 1 -1 -1 -1 1 -1 1 1 -1 1 
1 1 1 -1 -1 1 -1 1 -1 1 1 1 1 1 1 1 1 1 1 1 
1 -1 1 1 1 1 1 1 -1 1 1 1 1 1 1 1 1 -1 1 1 
1 -1 1 1 1 -1 1 -1 1 -1 1 1 -1 -1 1 1 -1 1 1 -1 
-1 1 1 1 1 1 1 1 -1 1 -1 -1 -1 1 1 1 1 1 1 1 
-1 -1 1 -1 1 1 1 -1 1 -1 1 1 1 -1 1 1 1 -1 1 -1 
-1 -1 -1 1 -1 1 1 1 1 1 1 1 -1 -1 1 1 1 -1 -1 -1 
-1 -1 1 -1 1 -1 1 -1 1 1 1 1 1 -1 1 1 1 1 -1 -1 
-1 -1 1 1 -1 -1 1 1 -1 -1 1 1 1 1 1 -1 -1 -1 -1 -1 
-1 -1 1 1 1 1 1 1 1 -1 1 1 1 1 1 -1 -1 -1 -1 -1 
-1 -1 1 1 1 1 1 1 1 1 1 -1 1 1 1 -1 1 -1 -1 -1 
1 1 -1 1 1 1 -1 1 1 1 -1 1 1 1 1 1 -1 -1 -1 -1 
-1 1 1 1 1 1 -1 1 1 1 1 1 1 1 1 1 -1 1 1 1 
1 1 1 1 1 -1 1 -1 1 -1 1 -1 1 1 1 -1 1 1 1 1 
-1 1 1 1 1 2 2 1 -1 -1 1 -1 1 1 1 1 1 1 1 1 
-1 1 -1 1 2 1 2 1 1 1 1 1 1 1 -1 1 1 1 -1 -1 
1 1 1 1 1 1 1 2 1 1 1 1 1 -1 1 1 1 -1 1 -1 
1 -1 -1 1 -1 1 1 1 1 1 1 1 1 1 -1 1 1 -1 -1 1 
1 1 1 1 1 1 -1 1 1 1 -1 -1 -1 1 1 1 1 1 1 1 
1 1 -1 1 1 1 1 1 1 1 1 -1 1 1 -1 1 1 1 1 -1 
1 1 1 1 1 1 1 1 1 1 1 1 1 1 1 1 1 1 -1 1 
-1 1 1 -1 1 1 1 1 1 1 1 -1 1 1 1 1 1 -1 1 -1 
-1 1 1 -1 -1 1 1 -1 1 1 -1 -1 -1 1 1 1 1 1 1 -1 
1 1 1 -1 1 1 -1 1 1 1 -1 -1 1 1 1 1 1 1 -1 -1 
1 -1 1 -1 1 1 1 1 1 1 1 1 1 -1 1 1 1 1 1 1 
1 1 1 -1 1 -1 1 1 1 1 1 1 1 1 -1 1 1 1 -1 -1 
1 -1 1 1 1 1 1 1 -1 1 1 1 1 1 1 1 1 1 -1 -1 
1 1 -1 1 1 1 1 1 -1 -1 1 1 1 1 1 1 1 -1 -1 1 
-1 1 -1 1 -1 1 1 1 1 1 1 -1 1 1 -1 1 1 1 1 -1 
1 1 1 1 1 -1 1 1 1 -1 1 1 -1 1 1 1 1 -1 -1 -1 
1 1 1 -1 -1 1 -1 1 1 1 1 1 -1 -1 1 -1 1 -1 -1 -1 
-1 1 1 1 1 -1 1 1 1 1 1 -1 1 1 1 -1 1 1 -1 -1 
1 1 1 1 1 1 1 -1 -1 -1 1 1 1 -1 -1 -1 1 -1 1 1 
1 1 -1 1 1 1 -1 1 1 1 1 1 1 -1 -1 -1 -1 -1 1 1 
1 -1 1 1 1 -1 -1 1 1 1 1 1 1 -1 -1 1 1 -1 1 -1 
-1 1 1 1 -1 -1 1 1 1 1 1 1 1 -1 1 1 1 -1 1 1 
1 1 1 -1 -1 1 -1 -1 -1 1 1 1 -1 -1 1 -1 1 1 1 1 
1 -1 -1 1 1 1 1 1 1 -1 1 1 -1 1 -1 -1 1 1 1 1 
-1 -1 1 -1 1 1 1 -1 1 1 -1 1 1 -1 -1 1 1 -1 1 1 
-1 -1 1 1 1 1 1 -1 -1 1 1 -1 1 1 1 -1 -1 -1 1 1 
-1 1 1 -1 1 1 1 -1 -1 1 -1 1 -1 -1 1 1 1 1 1 1 
-1 1 1 1 1 1 -1 1 1 1 -1 -1 -1 -1 -1 1 1 1 1 1 
1 1 1 -1 1 1 1 -1 1 1 1 1 1 1 1 1 -1 1 1 1 
1 1 1 -1 1 1 1 1 1 1 1 1 1 1 1 1 1 1 1 1 
-1 1 1 -1 1 1 1 1 1 1 1 1 1 1 -1 -1 1 1 -1 1 
1 -1 -1 -1 1 1 1 1 1 1 1 -1 1 1 1 1 1 1 1 -1 
1 -1 1 1 1 1 1 1 1 -1 -1 -1 1 -1 1 -1 1 1 1 -1 
1 1 1 1 1 -1 1 1 -1 -1 1 1 1 -1 -1 1 -1 1 1 -1 
1 1 1 1 1 -1 -1 -1 1 1 1 -1 -1 1 1 1 1 -1 1 -1 
1 1 1 -1 -1 -1 -1 -1 1 1 1 1 -1 1 1 1 1 1 1 1 
1 1 1 1 -1 -1 1 1 1 1 -1 1 1 1 -1 -1 -1 1 1 -1 
1 1 1 -1 1 -1 1 1 1 1 -1 1 1 1 1 -1 1 1 1 1 
-1 1 -1 -1 1 1 1 1 -1 -1 -1 1 1 1 1 1 -1 1 1 1 
1 1 -1 1 1 1 1 1 1 1 1 1 1 -1 -1 1 1 -1 1 1 
1 -1 1 1 1 1 -1 1 -1 1 -1 -1 1 1 1 1 1 -1 1 1 
1 -1 1 1 1 1 -1 -1 1 -1 1 1 1 1 -1 1 1 1 1 -1 
-1 1 1 1 1 1 1 1 1 1 1 1 -1 1 1 -1 1 1 1 -1 
1 1 1 1 1 1 1 1 1 1 1 1 1 1 -1 1 -1 1 1 1 
1 1 1 1 1 1 1 1 1 -1 1 1 1 1 1 -1 -1 1 1 1 
1 1 1 1 -1 -1 1 1 1 1 1 1 1 1 1 -1 -1 -1 -1 -1 
1 1 1 -1 1 1 1 1 1 -1 1 1 1 1 1 1 1 1 1 1 
1 1 1 1 1 1 1 -1 -1 -1 1 1 1 1 1 -1 1 -1 1 1 
-1 1 1 1 1 1 1 1 -1 -1 1 1 1 1 1 1 1 -1 1 1 
1 1 1 -1 -1 1 -1 1 1 1 -1 1 1 1 1 1 1 1 1 1 
1 1 1 1 1 1 1 1 -1 -1 1 1 1 1 1 1 1 1 1 1 
1 1 1 1 1 1 1 -1 -1 1 1 1 1 1 -1 1 1 1 1 1 
-1 -1 1 1 1 -1 1 1 1 1 1 1 -1 1 1 -1 1 1 1 1 
1 1 1 1 1 1 1 1 1 -1 1 1 1 1 1 1 1 1 1 1 
-1 1 1 -1 1 1 1 1 1 1 1 1 1 -1 1 1 1 -1 -1 -1 
1 1 -1 1 1 1 1 1 1 1 1 1 1 1 1 1 1 1 1 1 
1 1 1 1 1 -1 1 1 1 1 1 1 1 1 1 1 -1 -1 1 1 
1 1 -1 1 1 1 -1 1 1 1 1 1 1 1 -1 1 1 -1 1 -1 
1 1 1 1 1 -1 -1 1 1 1 1 1 -1 1 -1 1 -1 1 1 1 
-1 1 1 -1 1 -1 -1 1 1 1 1 1 1 1 1 1 1 1 -1 -1 
1 1 1 1 1 1 1 1 1 -1 1 1 1 -1 -1 1 1 1 -1 -1 
1 1 -1 1 1 1 1 1 1 1 1 -1 -1 1 -1 -1 1 1 -1 1 
1 1 1 1 1 1 1 1 1 1 1 1 1 1 -1 1 1 1 1 1 
1 1 1 1 1 1 1 1 -1 1 1 1 1 1 1 1 1 1 -1 1 
1 1 1 1 1 1 1 1 -1 1 1 1 -1 1 1 1 -1 -1 1 1 
1 1 1 1 1 1 1 1 1 1 -1 -1 1 1 -1 1 1 1 1 1 
1 1 1 1 1 1 1 1 1 1 1 1 -1 -1 1 1 1 1 1 -1 
1 1 1 1 1 -1 1 1 -1 -1 1 1 1 -1 -1 1 1 1 1 1 
1 1 1 1 1 1 1 1 1 1 1 9 1 9 1 1 1 1 1 1 
1 1 1 -1 1 1 1 1 -1 -1 -1 1 1 1 1 1 1 1 1 1 
-1 1 1 1 -1 1 1 1 1 1 -1 1 1 1 1 1 1 1 1 -1 
1 1 1 1 1 1 -1 1 1 1 1 -1 -1 1 1 -1 1 1 1 1 
1 1 1 1 1 1 1 1 1 -1 -1 1 -1 1 1 -1 1 1 1 1 
1 1 1 1 1 1 1 1 1 1 -1 1 1 1 -1 1 1 -1 1 1 
1 1 1 1 1 1 1 1 1 -1 1 1 1 1 1 1 -1 1 1 1 
1 1 1 1 1 1 1 1 1 1 1 1 1 1 -1 -1 1 1 -1 1 
1 1 1 1 1 1 1 1 1 -1 1 1 -1 1 1 1 -1 1 1 1 
1 1 1 1 1 1 1 1 -1 -1 -1 1 -1 -1 -1 1 1 1 1 1 
-1 1 1 1 1 1 1 1 1 1 1 1 -1 -1 1 1 -1 1 1 1 
1 -1 1 1 1 -1 1 1 1 1 1 1 1 1 1 1 1 -1 1 -1 
-1 1 1 1 1 -1 1 1 1 1 1 1 1 1 1 1 1 1 1 1 
-1 1 1 1 1 1 1 1 1 1 1 1 -1 -1 -1 1 1 1 1 1 
1 1 -1 1 1 1 1 1 1 1 -1 1 1 -1 1 1 1 1 1 1 
1 1 -1 1 1 1 1 -1 1 1 1 1 1 1 1 1 1 1 1 1 
1 -1 1 1 1 1 1 1 1 1 1 1 1 1 1 -1 1 1 1 -1 
-1 1 1 -1 1 1 1 1 -1 -1 1 1 1 1 -1 1 1 1 1 1 
1 -1 1 -1 1 1 1 1 -1 -1 -1 1 9 1 1 1 1 1 1 1 
1 1 1 1 -1 1 1 -1 1 -1 9 9 9 9 1 1 1 1 1 1 
-1 -1 1 1 1 1 1 1 1 -1 1 1 1 1 1 1 1 1 1 1 
1 1 1 1 1 2 -1 1 1 -1 -1 1 1 1 1 1 1 -1 1 1 
1 1 1 1 2 1 -1 -1 1 1 1 1 -1 1 1 1 1 1 1 1 
1 1 1 1 -1 1 1 -1 1 1 1 -1 1 -1 1 1 1 1 -1 1 
1 1 1 1 1 1 1 1 1 -1 -1 -1 -1 -1 -1 1 1 1 1 1 
1 1 1 1 1 1 1 1 -1 1 1 1 -1 1 1 1 1 1 1 1 
1 1 1 1 1 1 1 1 1 -1 1 1 1 1 1 1 -1 -1 1 1 
1 1 1 1 -1 -1 -1 1 -1 1 1 1 -1 1 1 1 1 1 1 -1 
1 1 1 -1 -1 -1 1 1 1 1 1 1 1 1 1 1 1 1 1 1 
1 -1 1 1 1 1 1 1 1 -1 1 1 1 1 1 1 1 1 1 -1 
-1 1 1 1 1 1 -1 1 1 1 1 1 1 1 1 1 1 1 1 -1 
1 1 1 1 1 1 1 1 1 1 1 1 1 1 1 1 1 1 1 1 
1 1 1 1 1 1 1 -1 1 1 1 1 1 1 1 1 -1 -1 1 1 
-1 -1 1 1 1 1 -1 -1 1 1 1 1 1 1 1 1 1 -1 1 1 
-1 -1 1 -1 1 1 1 1 1 1 1 1 1 1 1 1 1 -1 1 1 
1 -1 1 -1 1 1 1 1 1 1 -1 1 1 1 3 1 1 1 1 1 
1 1 1 1 1 1 1 -1 1 1 1 1 1 1 1 1 1 1 1 1 
1 1 1 1 1 -1 1 1 1 1 1 1 1 -1 -1 1 1 1 1 1 
1 1 1 1 1 1 1 1 1 1 -1 -1 1 -1 1 1 1 1 1 1 
1 1 1 1 1 -1 1 1 1 1 -1 1 1 1 1 1 1 1 1 -1 
1 1 -1 1 1 1 1 1 1 -1 1 1 -1 1 -1 1 1 1 -1 1 
1 -1 1 1 1 1 1 1 1 1 1 1 -1 1 -1 -1 -1 1 -1 -1 
1 -1 1 1 1 1 -1 1 1 1 1 1 1 -1 1 -1 1 1 1 1 
1 1 1 1 1 1 1 1 1 1 1 1 1 -1 1 -1 1 1 -1 -1 
1 1 1 1 1 1 1 1 -1 -1 1 1 1 1 1 1 1 1 -1 1 
1 1 1 1 1 1 1 1 1 1 1 1 1 -1 1 1 -1 1 -1 1 
1 1 1 1 1 -1 1 1 1 1 1 1 1 1 -1 1 1 1 1 1 
1 1 -1 1 1 1 1 1 1 1 1 -1 1 1 -1 1 1 -1 1 1 
1 1 1 1 1 1 1 1 1 1 -1 1 1 1 1 1 -1 -1 1 1 
1 1 1 -1 1 1 1 1 1 1 1 1 1 1 -1 1 1 -1 -1 1 
1 1 1 1 -1 1 1 1 1 1 1 1 1 1 1 1 1 1 -1 1 
1 1 1 1 1 1 1 1 1 1 1 1 1 -1 1 1 1 -1 -1 1 
1 1 -1 1 1 1 1 1 1 1 1 -1 1 1 -1 1 1 -1 1 1 
1 1 1 -1 1 1 1 1 -1 1 1 1 1 -1 1 1 1 1 1 1 
1 1 1 -1 -1 -1 1 -1 1 1 1 -1 -1 -1 1 1 1 1 1 1 
1 1 1 1 -1 1 1 1 1 -1 -1 -1 -1 1 -1 -1 -1 1 1 -1 
-1 1 1 1 1 1 1 1 1 1 1 -1 1 -1 -1 -1 1 1 -1 -1 
1 1 1 1 1 1 1 1 -1 1 1 1 1 -1 1 -1 -1 1 1 1 
1 1 1 1 1 1 1 1 -1 1 1 1 1 1 1 1 -1 -1 1 1 
1 1 1 -1 1 1 1 1 -1 1 1 -1 -1 -1 1 1 1 -1 -1 1 
-1 1 1 1 1 1 1 -1 -1 1 1 1 1 1 1 -1 1 -1 -1 1 
1 1 1 1 -1 1 1 -1 1 1 1 1 1 1 -1 -1 1 -1 1 -1 
-1 1 -1 -1 -1 -1 1 -1 -1 1 1 1 1 1 -1 1 1 -1 -1 -1 
1 -1 1 -1 -1 -1 1 -1 -1 1 1 1 1 1 1 1 1 1 1 1 
1 -1 -1 -1 -1 -1 1 1 1 -1 1 1 -1 1 1 -1 1 1 -1 1 
1 1 1 -1 1 1 1 1 1 -1 -1 1 1 1 1 -1 -1 1 -1 1 
1 -1 -1 1 1 1 1 1 1 1 -1 1 1 1 1 -1 1 1 -1 1 
-1 -1 -1 1 1 1 1 -1 1 1 1 1 1 1 1 1 1 1 1 1 
1 -1 1 1 1 1 1 -1 1 1 1 1 -1 1 -1 1 1 1 1 1 
-1 -1 1 1 -1 1 1 1 1 -1 1 -1 1 1 -1 1 -1 1 1 1 
-1 1 -1 -1 1 1 1 1 1 1 1 1 1 1 -1 -1 1 -1 1 -1 
-1 -1 -1 1 -1 -1 -1 -1 1 1 1 -1 1 -1 -1 1 1 -1 -1 -1 
1 -1 -1 -1 -1 1 1 -1 1 1 -1 1 1 -1 -1 -1 -1 1 -1 1 
1 1 -1 -1 1 1 1 1 1 1 1 1 -1 1 1 1 1 1 1 1 
1 1 -1 -1 1 1 1 1 1 1 1 -1 1 -1 -1 1 1 -1 1 1 
1 1 1 -1 1 1 1 1 1 1 1 -1 -1 1 1 1 1 1 1 1 
1 1 1 1 -1 1 1 1 1 1 -1 -1 -1 1 1 1 -1 -1 1 1 
1 1 1 1 1 1 1 1 1 1 -1 -1 -1 -1 1 -1 -1 -1 -1 1 
1 1 1 1 1 -1 1 1 -1 1 -1 -1 1 1 -1 -1 -1 -1 1 -1 
1 1 1 1 -1 -1 1 1 1 1 1 -1 1 1 1 -1 1 -1 1 1 
1 1 1 1 -1 -1 1 1 1 -1 -1 -1 1 -1 -1 -1 -1 -1 -1 1 
-1 1 1 -1 -1 1 1 1 1 1 1 1 1 1 -1 -1 -1 -1 -1 1 
1 1 1 -1 1 1 1 1 1 1 1 1 1 1 1 1 -1 1 1 -1 
1 1 1 1 1 1 1 -1 1 1 1 1 1 1 1 1 -1 -1 1 1 
1 1 -1 1 1 -1 1 1 -1 1 1 -1 1 1 1 -1 1 -1 -1 1 
-1 1 -1 1 -1 1 -1 1 1 -1 -1 1 -1 1 1 1 -1 1 -1 1 
-1 -1 -1 1 1 -1 -1 -1 -1 -1 -1 -1 1 1 -1 1 -1 -1 -1 -1 
-1 -1 1 -1 1 -1 -1 -1 1 1 -1 -1 -1 -1 -1 -1 -1 -1 -1 -1 
-1 1 -1 1 1 1 -1 -1 1 1 -1 1 1 -1 -1 -1 -1 -1 -1 -1 
-1 1 1 1 1 1 -1 1 1 1 1 1 1 -1 -1 -1 -1 -1 -1 -1 
-1 1 -1 1 1 -1 -1 1 1 1 1 1 -1 1 -1 -1 -1 -1 1 1 
1 1 1 -1 1 1 1 1 1 1 1 1 1 -1 1 1 1 1 -1 1 
1 1 1 1 1 1 1 -1 1 -1 1 1 1 1 1 1 1 1 1 1 
1 1 1 1 1 -1 -1 1 -1 -1 1 1 1 1 -1 -1 1 1 1 1 
-1 1 1 1 1 1 1 1 1 -1 -1 -1 1 1 1 1 1 1 1 1 
1 -1 1 1 1 1 1 -1 1 -1 -1 1 -1 -1 1 1 1 1 1 -1 
-1 1 1 1 1 -1 1 1 1 1 1 1 -1 1 1 1 1 -1 1 1 
1 1 -1 -1 1 1 1 1 1 1 -1 -1 -1 -1 1 1 1 1 1 1 
-1 1 1 1 1 1 1 1 1 1 -1 -1 -1 -1 1 1 1 1 -1 1 
1 1 1 1 -1 1 1 1 1 -1 -1 1 1 1 -1 -1 -1 1 -1 1 
1 1 -1 -1 1 -1 1 1 -1 1 1 1 -1 1 1 1 1 1 1 1 
-1 1 -1 -1 1 1 -1 1 1 1 1 1 -1 1 1 -1 1 1 1 -1 
1 1 1 1 1 -1 -1 -1 1 1 1 -1 1 1 -1 -1 1 1 1 1 
1 1 -1 -1 1 -1 1 1 1 1 1 1 1 1 1 1 -1 1 -1 1 
1 1 1 1 -1 -1 1 1 1 1 -1 -1 1 1 1 1 -1 1 1 1 
1 -1 -1 1 1 -1 1 1 1 -1 1 -1 1 1 1 -1 1 -1 1 1 
1 1 1 -1 1 1 -1 1 1 1 -1 1 -1 -1 -1 1 -1 -1 1 1 
1 1 -1 1 1 1 -1 -1 1 1 1 1 1 -1 -1 1 1 -1 -1 1 
1 1 1 1 1 1 1 -1 1 1 1 1 -1 -1 1 -1 -1 -1 -1 -1 
-1 1 -1 1 1 1 1 1 1 1 1 -1 -1 -1 -1 -1 -1 -1 -1 -1 
-1 1 -1 1 1 1 1 1 1 1 1 -1 1 -1 -1 -1 -1 -1 -1 -1 
-1 1 -1 -1 1 1 -1 -1 1 1 1 1 1 -1 1 -1 -1 -1 -1 1 
1 1 -1 1 1 1 1 1 1 -1 -1 1 1 1 1 1 1 1 1 -1 
1 1 -1 1 1 1 1 -1 -1 -1 -1 1 1 1 1 1 1 -1 1 -1 
1 1 1 1 -1 1 1 -1 -1 -1 -1 1 1 1 1 1 1 -1 -1 -1 
-1 -1 1 1 1 -1 -1 -1 1 1 1 1 1 1 -1 1 1 -1 1 -1 
-1 -1 1 -1 -1 1 -1 -1 1 1 -1 1 1 1 -1 1 -1 -1 1 -1 
1 1 1 1 -1 1 -1 1 1 -1 -1 1 1 -1 1 1 1 -1 1 1 
1 1 1 1 1 1 -1 -1 -1 1 -1 1 1 1 -1 1 1 -1 -1 1 
1 1 1 1 1 1 1 -1 -1 -1 1 1 1 -1 -1 1 1 1 1 1 
-1 1 1 1 1 -1 -1 1 1 -1 1 1 1 1 1 1 1 1 1 1 
1 1 1 1 1 1 -1 -1 1 -1 -1 1 -1 -1 1 1 1 1 1 -1 
1 1 1 1 1 1 1 -1 -1 -1 -1 1 1 1 -1 1 1 1 1 1 
1 -1 1 1 1 1 1 -1 1 -1 -1 1 1 1 1 -1 1 1 -1 -1 
1 1 1 -1 1 -1 1 1 -1 1 -1 1 1 1 1 -1 1 1 1 1 
1 1 1 1 1 -1 -1 1 1 -1 -1 -1 1 1 -1 1 1 1 1 -1 
1 1 1 1 1 1 1 1 1 -1 -1 -1 1 -1 1 -1 1 1 1 1 
1 1 1 1 1 -1 1 1 -1 -1 -1 1 -1 1 1 1 1 1 -1 1 
1 -1 1 1 1 -1 1 1 1 1 1 -1 1 1 1 -1 1 1 1 -1 
-1 -1 1 1 1 1 -1 1 1 1 1 1 1 1 1 1 1 1 -1 -1 
-1 -1 1 1 1 1 1 1 1 1 1 1 1 1 1 1 1 1 -1 1 
1 1 1 -1 1 1 1 1 1 1 1 1 1 1 1 1 1 1 1 1 
-1 1 1 1 1 1 1 -1 -1 -1 1 1 1 1 1 1 -1 1 1 1 
-1 1 1 1 1 1 1 1 1 1 -1 -1 -1 -1 1 1 -1 1 1 -1 
-1 1 1 1 1 -1 1 1 1 1 -1 1 1 -1 -1 1 1 1 -1 1 
1 1 1 1 -1 -1 1 1 1 1 1 1 1 -1 -1 1 -1 -1 1 1 
1 1 -1 1 1 1 1 1 -1 1 1 1 1 1 1 -1 1 1 1 1 
1 1 1 1 -1 -1 -1 1 1 1 1 1 1 1 1 1 1 1 -1 -1 
-1 1 1 1 1 1 1 -1 1 1 1 1 1 1 1 1 1 -1 1 1 
-1 -1 -1 -1 1 1 1 1 1 -1 -1 1 1 1 -1 1 1 1 1 -1 
1 1 1 1 1 1 1 1 1 1 1 1 1 1 1 1 1 1 -1 -1 
-1 1 1 1 1 1 1 -1 1 1 1 1 1 1 1 1 1 1 -1 1 
1 1 1 -1 1 1 -1 1 -1 1 1 1 -1 1 1 1 1 1 -1 1 
1 1 1 1 1 1 1 1 1 1 1 1 1 1 -1 1 1 1 1 1 
1 1 1 1 1 1 -1 1 1 1 1 1 1 1 1 1 1 1 1 1 
1 1 -1 1 1 1 1 1 1 1 1 1 1 1 1 -1 1 -1 1 1 
1 -1 1 1 1 1 1 -1 1 1 1 1 1 1 -1 1 1 1 1 1 
-1 1 -1 1 1 -1 -1 -1 1 -1 -1 -1 1 1 -1 1 1 -1 1 -1 
-1 1 1 1 1 1 1 1 1 1 1 -1 1 -1 -1 1 1 1 -1 1 
1 1 1 -1 -1 1 1 1 1 -1 1 1 1 -1 -1 1 1 -1 1 1 
-1 1 -1 1 1 1 1 1 -1 1 1 1 1 -1 1 1 1 1 1 1 
1 -1 1 1 1 1 1 1 1 1 1 -1 -1 1 1 1 -1 1 1 1 
-1 1 -1 1 1 1 1 1 1 1 -1 -1 -1 1 1 -1 1 -1 -1 1 
-1 1 1 -1 -1 -1 1 1 1 -1 1 -1 -1 1 1 1 1 1 1 1 
1 1 -1 1 -1 -1 -1 1 1 -1 1 -1 1 1 1 1 -1 1 1 1 
1 1 1 -1 1 -1 1 1 1 -1 1 1 1 1 1 1 -1 1 -1 -1 
1 1 1 1 -1 1 1 1 1 -1 1 1 -1 1 1 1 1 1 1 1 
1 1 1 1 -1 1 1 1 1 1 1 1 1 -1 1 1 1 1 1 -1 
1 1 1 1 1 1 1 -1 1 1 1 1 1 1 1 1 1 1 1 -1 
1 1 1 1 1 -1 1 1 1 -1 -1 1 1 -1 1 1 1 -1 1 -1 
1 1 -1 1 1 1 1 1 1 1 1 1 -1 1 -1 1 1 1 1 1 
1 1 1 1 -1 1 1 -1 1 1 1 -1 -1 1 1 -1 1 -1 -1 1 
1 1 1 -1 1 -1 -1 -1 1 1 1 1 1 1 1 -1 -1 -1 -1 1 
-1 -1 -1 1 1 -1 -1 1 -1 1 1 1 -1 1 1 1 1 -1 -1 1 
1 1 1 -1 1 1 1 -1 1 1 1 1 1 -1 -1 1 1 1 -1 -1 
-1 1 1 1 1 1 1 1 1 1 1 1 -1 -1 -1 -1 1 1 1 1 
-1 -1 1 -1 1 1 1 1 1 1 1 -1 1 -1 1 1 1 1 1 -1 
-1 -1 1 1 1 1 -1 1 1 1 -1 -1 -1 1 -1 1 1 -1 1 -1 
1 1 -1 1 1 1 1 1 1 -1 -1 -1 1 1 -1 1 1 1 1 1 
-1 1 -1 1 1 1 -1 1 1 1 -1 -1 -1 1 1 1 -1 -1 1 -1 
1 -1 1 -1 1 1 1 1 1 1 1 -1 -1 1 1 1 -1 -1 1 1 
1 1 1 1 -1 1 1 1 1 1 1 1 -1 -1 1 1 -1 1 1 1 
1 1 1 1 -1 1 1 -1 -1 1 -1 1 1 1 1 -1 -1 1 1 1 
1 1 1 1 1 1 1 -1 -1 1 1 1 1 1 1 1 -1 1 1 -1 
-1 1 1 -1 1 1 1 1 1 1 1 1 1 1 1 1 1 1 1 -1 
1 1 1 1 1 1 1 -1 1 1 1 1 1 1 1 -1 -1 1 1 -1 
1 1 1 -1 1 1 1 1 -1 1 1 -1 1 1 1 -1 1 1 -1 1 
1 1 1 -1 1 1 1 1 1 1 -1 1 -1 -1 1 1 1 1 1 1 
1 1 1 1 1 1 1 1 1 1 1 -1 1 1 1 1 1 1 1 1 
1 1 1 1 -1 1 1 1 1 1 1 1 1 -1 -1 1 1 1 1 -1 
1 1 1 1 1 1 -1 1 1 1 1 1 1 -1 -1 1 1 1 1 1 
1 1 1 -1 1 -1 -1 1 1 1 1 1 1 1 1 1 1 1 1 -1 
1 1 -1 1 1 1 1 1 -1 1 1 1 -1 -1 1 1 1 1 1 1 
1 1 1 1 1 1 -1 -1 -1 -1 1 1 1 1 1 1 1 1 1 1 
1 1 1 1 1 1 1 1 1 -1 1 1 1 1 1 1 1 -1 1 1 
1 1 1 1 1 1 1 1 1 1 1 1 -1 1 1 1 1 1 1 1 
1 1 1 1 1 1 -1 1 1 1 1 1 1 1 1 -1 1 1 1 1 
1 1 1 1 1 1 1 1 1 1 1 1 1 1 1 1 1 1 1 1 
-1 1 1 1 1 1 1 1 1 1 1 1 1 1 1 1 1 1 1 1 
1 1 1 1 1 1 1 1 1 1 1 1 1 1 1 1 1 1 -1 -1 
-1 1 1 1 1 -1 1 1 1 1 1 1 1 1 -1 1 1 1 1 1 
1 1 1 1 1 -1 1 1 1 -1 1 1 1 1 1 1 1 1 1 1 
1 1 1 1 1 1 1 1 1 -1 1 1 1 1 1 1 1 1 1 1 
1 -1 1 1 -1 1 1 -1 1 1 1 -1 -1 1 1 -1 1 1 1 1 
1 1 1 1 1 1 1 1 1 -1 -1 -1 -1 -1 1 1 1 1 1 1 
1 1 1 1 1 1 1 1 1 1 -1 1 1 -1 1 1 1 1 1 1 
1 -1 -1 1 1 1 -1 1 1 1 -1 1 1 1 -1 1 1 1 1 1 
1 1 -1 1 1 -1 -1 1 1 1 -1 1 1 -1 1 -1 1 1 1 1 
1 1 1 1 -1 1 1 -1 1 1 -1 1 1 1 1 1 1 1 1 1 
-1 -1 1 1 1 1 1 1 -1 1 1 1 1 1 1 1 1 1 1 1 
1 1 -1 1 1 1 1 1 1 1 1 1 -1 -1 1 1 1 1 1 1 
1 1 1 1 -1 1 1 1 1 1 -1 1 1 1 1 1 1 -1 1 1 
-1 1 1 1 1 1 -1 1 1 1 1 -1 -1 -1 1 1 1 1 1 1 
1 1 1 1 1 1 1 1 1 1 1 1 1 1 1 1 1 1 1 1 
1 -1 1 1 1 1 1 1 1 1 1 1 -1 1 1 1 1 1 1 1 
1 -1 1 1 1 1 1 1 1 -1 1 1 1 1 1 1 1 1 1 1 
1 -1 -1 1 1 1 1 1 1 1 1 -1 1 1 1 1 -1 1 1 1 
1 1 1 1 1 1 1 1 1 1 -1 1 1 1 -1 1 1 1 1 1 
1 -1 1 -1 1 1 1 -1 -1 1 1 1 1 1 1 1 1 1 1 1 
1 1 -1 1 1 1 1 1 -1 1 1 1 1 1 1 1 1 1 1 -1 
1 1 1 -1 1 1 1 1 1 1 1 -1 -1 1 1 1 1 1 1 1 
1 1 1 -1 -1 1 1 1 1 1 -1 1 -1 1 1 -1 1 1 1 1 
1 1 1 1 1 1 1 1 1 1 1 1 -1 1 1 -1 1 1 1 1 
1 -1 1 1 1 1 1 -1 1 1 1 1 1 -1 1 1 1 1 1 1 
1 1 1 1 1 -1 -1 1 1 1 1 1 1 1 1 1 1 1 1 -1 
1 1 -1 1 1 -1 -1 1 1 1 1 1 1 1 1 1 1 -1 1 1 
1 1 1 1 1 1 1 1 1 1 1 1 -1 1 1 -1 1 1 1 1 
1 1 1 1 -1 1 1 1 1 1 1 1 1 1 1 1 1 1 -1 1 
1 1 1 -1 1 1 1 1 -1 1 1 1 -1 1 1 1 1 -1 1 1 
1 1 1 1 1 1 1 1 1 1 1 -1 1 -1 1 1 1 -1 1 1 
-1 1 1 1 1 1 1 1 1 1 1 1 1 1 1 1 -1 -1 1 1 
1 1 1 1 1 1 -1 1 1 1 1 1 1 1 1 1 1 1 1 1 
-1 1 -1 1 1 -1 1 1 1 -1 -1 1 1 1 1 1 1 1 1 -1 
1 1 -1 1 -1 -1 1 1 -1 1 -1 1 1 1 1 1 1 1 1 1 
1 1 1 1 1 1 1 1 1 1 1 1 -1 1 1 1 1 1 1 1 
1 1 1 1 -1 1 1 1 1 1 -1 -1 1 -1 1 1 1 1 -1 1 
1 1 1 1 1 1 1 1 1 1 -1 1 1 1 -1 1 1 1 1 -1 
1 1 1 1 1 1 1 1 1 1 1 1 1 1 1 1 1 1 1 1 
1 -1 1 1 1 1 1 1 1 1 1 1 1 1 1 1 1 1 1 1 
1 -1 1 1 1 1 1 1 -1 1 1 1 1 1 1 1 1 1 1 1 
1 1 1 1 1 1 1 1 1 1 1 -1 1 1 1 1 -1 1 1 1 
1 1 1 1 1 1 1 1 1 1 -1 -1 1 1 -1 1 1 1 1 1 
1 1 1 -1 1 1 1 1 1 1 1 -1 1 1 -1 1 1 1 -1 1 
1 1 1 1 1 1 1 1 1 1 1 1 1 1 1 1 1 1 1 1 
1 1 1 1 1 1 1 1 1 1 -1 1 -1 1 1 1 1 1 1 1 
1 1 1 1 1 1 1 1 1 1 1 1 1 1 1 1 1 1 -1 1 
1 1 1 1 1 -1 1 1 1 -1 1 1 -1 1 1 1 1 -1 -1 1 
1 1 1 1 1 1 -1 1 1 -1 -1 1 1 -1 1 1 1 -1 -1 1 
1 1 1 1 1 -1 1 1 1 1 1 1 -1 -1 -1 1 1 1 1 1 
1 1 -1 1 1 -1 -1 1 -1 -1 1 1 -1 -1 -1 1 1 1 1 1 
-1 -1 -1 1 1 1 1 1 1 1 1 -1 1 1 1 1 1 1 1 -1 
-1 -1 1 1 -1 1 1 1 1 -1 1 1 -1 -1 1 1 1 1 1 -1 
-1 1 1 -1 1 1 1 1 1 1 1 1 1 1 1 1 1 1 1 1 
1 1 1 1 -1 1 1 1 1 1 1 1 1 1 1 1 1 -1 1 1 
1 1 1 -1 1 -1 -1 1 1 1 1 1 -1 1 1 1 1 -1 1 -1 
1 1 1 1 1 1 -1 -1 -1 1 1 1 1 1 -1 -1 1 1 -1 1 
1 1 1 1 1 1 1 1 1 1 1 1 1 1 1 1 1 1 1 1 
1 1 1 1 -1 1 1 1 1 1 1 1 1 -1 -1 1 1 1 1 1 
-1 -1 -1 1 1 1 1 1 1 1 -1 1 1 1 -1 1 1 1 1 1 
1 1 1 1 1 1 1 1 1 1 1 1 1 -1 1 -1 1 1 1 1 
1 1 1 -1 1 1 1 1 1 1 1 1 -1 -1 1 1 1 1 1 1 
1 1 1 1 1 1 1 1 1 1 1 -1 -1 -1 1 1 1 1 1 1 
1 1 1 1 1 1 1 1 1 1 1 1 1 1 1 1 1 1 1 -1 
1 1 1 1 -1 1 1 1 1 1 1 1 1 -1 1 1 1 1 1 1 
1 1 1 1 1 1 1 -1 1 1 1 1 1 1 1 -1 1 1 1 1 
1 1 1 1 1 1 1 1 1 1 1 1 1 1 -1 1 1 1 -1 1 
1 1 1 1 1 1 1 1 -1 1 1 -1 1 1 1 1 1 -1 1 1 
1 1 1 1 -1 1 1 -1 1 1 1 1 -1 -1 1 1 1 1 1 1 
1 1 1 1 1 1 1 1 1 1 1 -1 1 1 -1 1 1 -1 1 1 
1 -1 1 1 1 1 1 1 1 -1 1 1 1 1 1 1 1 1 1 1 
1 1 1 1 1 1 1 1 1 1 1 1 1 1 -1 -1 1 1 1 1 
-1 1 1 -1 1 -1 1 1 1 1 1 1 1 1 1 1 1 1 1 -1 
-1 -1 -1 1 1 -1 1 1 1 -1 -1 1 1 1 1 1 1 1 1 1 
1 -1 1 -1 1 1 1 1 -1 1 1 1 1 1 1 1 1 1 1 1 
1 -1 -1 1 1 1 1 1 1 -1 1 1 1 -1 -1 1 1 1 -1 1 
-1 1 -1 -1 1 1 -1 1 1 1 1 1 1 1 1 1 1 1 1 -1 
1 -1 -1 1 1 1 -1 1 1 1 1 1 1 1 -1 -1 1 1 1 1 
1 -1 -1 1 -1 1 1 -1 -1 1 1 1 -1 -1 1 -1 -1 1 1 1 
1 1 1 -1 -1 1 2 1 1 1 1 1 1 1 -1 1 -1 1 1 1 
1 1 1 -1 1 1 1 1 1 -1 1 1 1 1 -1 -1 1 1 1 1 
1 1 1 1 1 1 1 -1 1 -1 1 1 1 1 1 1 -1 1 1 1 
1 1 1 1 1 1 -1 1 1 1 -1 -1 1 1 1 -1 1 1 1 1 
1 1 1 1 1 -1 -1 1 -1 1 1 1 1 -1 1 1 1 1 1 1 
1 1 1 1 1 -1 1 1 1 1 1 -1 -1 -1 -1 1 1 1 1 -1 
-1 -1 1 1 1 1 -1 1 -1 1 -1 -1 -1 -1 1 1 1 1 1 1 
1 1 1 1 1 1 1 1 -1 -1 1 -1 1 -1 1 1 1 1 1 1 
1 9 1 1 1 1 1 1 -1 1 -1 -1 1 -1 1 1 1 1 1 1 
1 9 1 1 1 1 1 1 1 1 -1 -1 -1 1 1 1 1 1 1 1 
1 1 1 1 1 1 -1 1 1 1 1 1 1 -1 1 1 1 -1 1 1 
1 1 1 1 -1 -1 -1 1 1 1 1 1 1 1 1 1 1 1 1 1 
1 1 1 1 1 -1 -1 1 1 1 1 1 1 1 1 1 1 -1 -1 -1 
1 1 1 1 1 1 1 1 1 1 1 1 1 1 1 1 1 1 1 -1 
-1 1 1 1 1 1 1 1 1 1 1 -1 1 1 1 1 -1 1 1 1 
1 1 1 -1 -1 -1 1 1 -1 1 1 1 -1 1 1 1 -1 1 1 -1 
1 -1 -1 -1 1 -1 1 1 1 1 1 1 1 -1 1 1 1 1 1 1 
1 -1 1 -1 -1 1 1 1 1 1 -1 -1 -1 -1 -1 1 -1 -1 1 1 
1 1 1 1 -1 1 1 1 1 1 1 -1 -1 1 1 1 1 1 -1 1 
1 1 1 1 1 1 1 1 1 1 1 1 1 1 1 1 1 1 1 1 
1 1 1 1 1 1 1 -1 -1 1 1 -1 1 1 1 1 -1 1 1 1 
1 1 1 1 1 1 1 1 -1 1 -1 -1 1 1 1 1 1 1 -1 1 
1 1 1 1 1 1 1 1 1 1 -1 1 1 1 1 1 1 1 1 1 
-1 1 1 1 1 1 1 -1 -1 1 1 1 1 1 1 1 1 1 1 1 
-1 1 1 1 1 1 -1 1 1 1 -1 -1 -1 1 1 1 1 1 1 -1 
1 1 -1 1 1 1 -1 -1 -1 1 1 1 -1 1 1 -1 1 1 1 1 
1 1 1 1 1 1 -1 -1 1 -1 1 1 1 1 1 1 1 1 1 1 
-1 -1 1 1 1 1 1 -1 1 -1 1 1 1 1 -1 1 1 1 -1 -1 
-1 1 1 1 1 1 1 -1 -1 -1 -1 1 1 1 1 1 1 1 -1 1 
1 1 1 1 1 1 1 1 -1 -1 -1 1 1 1 1 1 1 -1 1 1 
1 1 1 1 -1 -1 -1 -1 1 -1 1 1 1 1 1 1 1 1 1 1 
1 -1 1 1 1 -1 -1 -1 1 -1 1 1 1 1 1 1 -1 1 1 -1 
1 -1 1 1 1 1 1 -1 1 1 1 -1 -1 1 1 1 1 1 -1 1 
1 1 1 1 1 1 1 1 1 1 1 1 1 1 1 1 1 1 1 1 
1 1 -1 1 1 1 1 1 1 1 1 1 1 -1 -1 1 1 1 1 1 
1 1 1 1 1 1 1 1 1 1 1 1 1 1 1 1 1 -1 -1 1 
1 1 1 1 1 1 1 1 1 -1 1 1 1 1 1 1 1 1 1 1 
1 1 1 1 1 1 1 1 1 -1 1 1 1 1 1 1 1 -1 1 1 
1 1 1 1 1 1 1 -1 -1 -1 1 1 1 1 1 1 1 1 1 1 
1 -1 1 1 1 1 1 1 1 1 -1 1 1 -1 1 1 1 1 1 1 
-1 1 1 -1 1 -1 1 1 1 1 1 1 1 -1 1 -1 1 1 1 1 
1 1 1 1 1 1 1 1 1 1 1 1 1 1 -1 1 1 1 1 1 
1 1 1 1 1 1 1 1 1 1 1 1 -1 -1 1 1 1 1 1 1 
1 1 1 -1 1 -1 1 -1 1 1 -1 1 1 1 1 1 1 1 1 1 
1 -1 1 1 1 1 1 1 1 1 1 -1 1 1 1 1 1 1 1 1 
1 1 -1 1 1 1 1 1 1 1 1 1 1 1 1 1 1 1 1 1 
1 1 -1 1 1 1 1 1 1 1 1 1 1 1 -1 1 1 1 1 1 
1 1 -1 1 1 1 1 1 1 1 1 1 1 1 1 1 1 1 1 1 
1 1 1 1 1 1 1 1 1 1 1 1 1 1 1 1 1 -1 -1 1 
1 1 -1 -1 1 1 1 1 1 1 1 1 1 1 -1 1 1 1 1 1 
1 1 1 1 1 1 -1 1 1 1 1 -1 1 1 1 1 -1 1 1 -1 
1 1 1 1 1 1 1 1 1 1 -1 1 -1 1 1 1 1 1 1 1 
1 1 1 1 1 1 1 1 1 1 1 1 1 1 1 -1 1 -1 1 1 
1 1 1 1 1 1 1 1 1 1 1 1 1 1 1 1 -1 -1 -1 1 
1 1 1 1 1 1 1 1 1 1 -1 1 -1 1 1 1 1 1 1 1 
1 1 1 1 1 1 1 1 -1 -1 1 1 1 1 1 1 1 1 1 1 
-1 -1 1 1 -1 1 1 1 1 -1 1 1 1 1 1 1 1 1 1 1 
1 -1 1 1 1 1 -1 1 1 1 -1 1 1 1 1 1 -1 1 1 1 
-1 1 1 -1 1 1 -1 1 1 -1 1 1 1 1 1 1 1 1 1 1 
1 1 1 1 1 1 1 1 1 1 1 1 -1 1 1 -1 1 1 1 -1 
1 1 1 1 1 1 1 1 1 1 1 -1 1 1 -1 1 -1 1 -1 1 
1 1 1 1 1 1 1 1 1 1 1 1 1 -1 1 1 1 1 1 1 
1 1 1 1 1 1 -1 -1 1 1 1 -1 1 1 1 -1 1 1 -1 -1 
1 1 -1 1 1 -1 1 1 1 1 1 1 1 1 1 1 -1 -1 1 -1 
1 1 1 1 1 1 -1 1 -1 -1 -1 1 1 1 1 1 1 1 -1 1 
1 1 1 1 1 1 1 1 1 1 -1 -1 1 1 1 1 1 1 -1 1 
1 1 -1 1 1 1 1 1 -1 1 1 1 1 -1 1 1 1 1 1 1 
1 1 -1 -1 1 -1 1 1 1 1 -1 1 1 1 1 1 1 1 1 1 
1 1 1 1 1 1 1 1 1 1 1 -1 1 1 1 1 1 1 -1 1 
1 1 1 1 1 1 1 1 1 1 -1 1 1 1 1 1 1 -1 1 1 
1 1 -1 1 -1 1 1 1 1 1 1 1 -1 1 1 1 1 1 1 1 
1 1 1 1 1 1 1 1 1 1 1 -1 1 -1 1 1 -1 1 1 1 
1 -1 -1 -1 -1 -1 -1 1 1 1 1 1 1 1 1 1 -1 -1 1 1 
1 -1 -1 1 -1 1 1 1 -1 -1 -1 1 -1 -1 1 1 -1 -1 1 1 
1 1 1 1 1 1 1 -1 -1 1 -1 -1 -1 1 1 -1 1 1 1 1 
1 1 1 1 1 1 -1 1 1 1 1 1 1 1 1 1 1 1 -1 1 
1 1 1 1 1 1 -1 -1 1 1 1 1 -1 -1 1 1 1 1 1 -1 
1 1 1 1 1 1 1 1 1 1 1 1 -1 1 -1 -1 1 1 -1 1 
1 -1 1 1 1 1 1 1 1 1 1 1 -1 -1 1 1 1 1 1 1 
1 1 -1 1 1 1 1 1 1 1 1 1 1 1 1 1 1 1 1 1 
1 1 1 1 1 1 1 1 1 1 1 1 1 1 1 -1 1 1 -1 1 
1 1 1 1 1 1 -1 1 1 1 1 1 1 1 1 1 -1 1 1 1 
1 1 1 1 -1 -1 1 1 1 1 1 1 1 1 1 -1 1 1 1 -1 
1 1 1 1 1 1 1 1 1 1 1 -1 1 1 1 1 1 1 1 1 
1 1 -1 1 1 1 1 1 1 1 1 -1 1 1 1 -1 -1 -1 -1 1 
1 -1 1 1 1 1 1 -1 -1 1 -1 -1 -1 1 -1 -1 -1 1 -1 1 
1 1 -1 1 1 1 1 1 1 1 1 1 1 1 1 1 1 -1 1 1 
1 1 -1 1 1 1 1 -1 -1 1 1 1 1 1 1 1 1 1 1 1 
1 -1 1 1 1 -1 1 1 1 1 1 1 1 1 1 -1 1 1 1 1 
1 -1 1 1 1 1 1 1 1 1 1 1 1 1 1 1 -1 -1 -1 1 
1 1 1 1 1 1 1 1 1 1 1 1 1 1 1 1 1 1 -1 1 
1 1 1 -1 1 1 1 -1 1 1 1 1 -1 1 1 1 -1 1 1 -1 
1 1 1 1 1 1 1 -1 -1 -1 1 1 1 1 1 -1 1 -1 1 1 
1 1 1 1 1 1 1 -1 -1 1 1 1 1 1 -1 1 1 1 1 1 
-1 1 1 1 -1 1 1 1 1 1 1 1 1 1 1 1 1 -1 1 1 
-1 1 1 1 1 1 1 1 -1 1 1 1 -1 1 1 1 1 1 1 1 
1 -1 -1 1 1 1 1 -1 1 1 1 1 1 1 1 1 1 1 -1 1 
1 -1 1 -1 1 1 1 1 1 1 -1 1 1 1 1 1 1 -1 -1 1 
-1 -1 1 1 1 1 1 1 1 1 1 1 1 1 1 1 -1 -1 1 -1 
-1 1 1 -1 1 1 1 -1 1 1 1 1 -1 1 1 1 1 -1 -1 1 
1 1 1 1 1 1 1 1 1 1 1 -1 1 1 1 1 1 1 1 1 
1 1 1 -1 1 -1 1 1 1 1 -1 1 1 -1 1 1 -1 -1 1 1 
-1 1 -1 1 1 1 1 1 1 1 1 1 1 -1 -1 1 1 -1 1 -1 
-1 1 -1 1 -1 1 -1 -1 -1 -1 1 1 -1 1 1 1 1 1 1 1 
-1 1 -1 1 1 1 1 1 -1 -1 -1 -1 1 -1 1 -1 -1 1 1 1 
-1 -1 1 -1 1 -1 1 1 -1 -1 -1 1 -1 -1 -1 -1 1 1 -1 1 
1 1 1 -1 1 -1 1 1 -1 -1 -1 1 -1 -1 -1 1 1 1 -1 -1 
1 1 1 1 1 -1 1 -1 1 -1 1 1 -1 1 1 1 1 1 -1 1 
1 1 -1 -1 1 1 -1 1 1 1 1 1 1 -1 -1 -1 1 1 1 1 
1 1 -1 -1 1 1 1 1 1 1 1 1 -1 1 -1 -1 1 1 1 1 
1 -1 1 -1 -1 1 1 1 1 1 1 1 1 1 -1 -1 -1 -1 1 1 
1 -1 1 1 1 1 1 -1 -1 1 1 1 1 1 1 -1 -1 1 1 1 
-1 1 1 1 -1 -1 1 1 1 -1 1 1 -1 1 1 1 -1 1 1 1 
1 -1 1 1 1 1 -1 1 -1 1 1 -1 1 1 1 1 1 1 1 1 
1 1 1 1 1 1 1 1 -1 -1 -1 1 1 1 -1 1 1 1 1 1 
-1 1 1 -1 1 1 1 1 1 1 1 1 -1 -1 -1 1 1 -1 -1 1 
-1 1 -1 1 1 1 -1 1 1 1 1 1 1 -1 1 -1 -1 1 1 -1 
1 1 1 1 1 1 1 -1 1 1 1 1 1 1 1 1 -1 1 1 -1 
1 1 1 1 1 1 1 1 1 -1 1 -1 -1 1 1 1 1 -1 -1 -1 
1 1 -1 1 1 -1 1 1 1 1 -1 1 1 1 1 1 1 1 -1 1 
1 1 1 1 1 -1 -1 1 -1 -1 1 1 -1 1 1 1 -1 1 -1 1 
1 1 1 -1 1 -1 -1 1 1 1 1 1 1 1 1 1 1 -1 1 1 
-1 1 1 1 1 -1 1 1 1 1 1 1 1 1 1 -1 -1 1 1 -1 
1 1 1 1 1 1 1 1 1 1 1 -1 1 1 1 1 -1 1 1 1 
1 -1 -1 1 1 1 1 1 1 1 -1 1 -1 -1 1 1 -1 1 1 1 
1 -1 1 1 1 1 -1 -1 1 1 1 1 -1 1 1 1 1 3 1 1 
1 1 -1 1 1 -1 1 1 -1 -1 1 1 1 1 1 1 1 3 -1 -1 
1 -1 1 1 1 1 1 1 1 1 -1 -1 1 -1 1 1 1 1 1 1 
1 1 1 1 1 1 1 1 -1 1 1 1 -1 -1 -1 1 1 1 1 1 
1 1 1 1 -1 -1 1 1 1 1 1 -1 1 1 -1 1 1 1 1 -1 
1 1 1 1 1 -1 -1 1 1 1 1 -1 1 1 1 1 1 1 1 1 
1 1 1 1 1 -1 1 1 1 1 1 -1 -1 -1 1 -1 1 1 1 -1 
1 1 1 1 -1 1 1 1 1 1 -1 1 1 1 1 1 1 -1 1 1 
1 1 1 1 -1 -1 1 1 -1 -1 1 -1 -1 -1 1 1 1 -1 1 1 
1 1 -1 1 1 1 1 -1 1 1 1 1 1 1 1 1 1 1 1 1 
1 1 1 1 1 1 -1 1 -1 -1 1 1 1 1 1 1 1 1 1 1 
1 1 1 1 1 1 -1 1 1 1 1 1 1 1 1 1 1 1 1 1 
-1 1 1 1 1 -1 1 1 1 1 1 1 1 1 1 1 1 1 1 1 
1 1 -1 1 1 1 1 1 1 1 1 1 1 1 -1 1 1 1 1 1 
1 1 1 1 1 1 1 1 1 1 1 1 1 1 1 1 1 1 1 -1 
1 1 1 -1 1 1 1 1 -1 1 1 -1 -1 -1 1 1 1 1 -1 -1 
1 1 1 1 1 -1 1 -1 1 1 1 1 1 1 1 1 1 1 1 1 
1 1 1 1 1 1 1 1 -1 1 1 1 1 -1 1 1 1 -1 1 1 
1 1 1 1 1 1 1 1 1 1 1 1 1 1 -1 1 -1 -1 1 1 
1 1 -1 -1 1 1 -1 1 1 1 1 1 -1 1 1 -1 1 -1 1 1 
-1 1 -1 1 1 1 -1 1 -1 1 1 1 -1 -1 -1 -1 1 1 1 -1 
1 -1 1 1 1 1 1 1 -1 -1 1 -1 -1 -1 -1 -1 1 1 -1 1 
1 1 1 -1 1 1 1 1 1 -1 1 -1 -1 1 1 1 1 1 -1 1 
-1 -1 1 -1 1 1 1 1 1 1 -1 1 1 1 1 -1 1 1 1 1 
1 1 -1 -1 1 1 1 1 1 1 1 1 -1 1 1 1 1 1 1 -1 
1 1 -1 1 1 1 1 1 1 1 1 1 1 1 1 1 1 1 1 1 
-1 1 1 1 1 1 1 1 1 -1 1 1 1 -1 1 1 1 1 1 1 
1 1 -1 1 1 1 1 1 1 1 -1 -1 1 -1 1 1 1 -1 -1 1 
1 1 1 1 1 1 1 -1 1 1 1 1 1 1 -1 1 1 1 -1 1 
1 1 1 -1 1 1 1 -1 1 1 1 1 1 1 1 1 1 1 1 1 
-1 -1 1 1 1 1 1 1 1 1 -1 1 1 1 1 1 -1 -1 1 1 
1 1 1 1 1 1 1 1 1 -1 1 1 -1 -1 -1 -1 -1 -1 1 1 
1 1 -1 -1 1 -1 -1 -1 -1 -1 -1 -1 1 1 1 -1 -1 1 -1 1 
1 -1 1 1 1 -1 -1 -1 -1 1 1 1 1 -1 1 1 1 -1 1 1 
-1 1 1 1 -1 1 1 -1 1 -1 -1 1 1 -1 1 1 1 -1 -1 -1 
-1 -1 1 1 1 1 1 1 1 -1 1 -1 -1 -1 1 -1 -1 1 -1 -1 
1 -1 -1 -1 1 1 1 1 1 1 1 1 -1 -1 1 -1 -1 -1 -1 -1 
1 -1 -1 -1 1 -1 1 1 1 1 1 -1 1 -1 1 -1 -1 -1 -1 -1 
1 1 1 -1 -1 1 1 1 1 1 1 1 1 1 -1 -1 -1 1 -1 1 
1 1 -1 -1 -1 1 1 1 1 1 1 1 -1 -1 -1 -1 1 1 1 1 
1 1 -1 1 1 1 1 -1 -1 -1 -1 1 -1 -1 1 1 1 1 1 1 
-1 1 1 1 1 1 1 -1 1 -1 -1 -1 1 -1 -1 1 1 -1 1 1 
1 1 1 1 1 1 -1 -1 -1 1 1 -1 1 1 1 -1 1 1 1 1 
-1 1 1 1 1 1 1 -1 1 1 1 1 -1 1 1 -1 -1 1 -1 -1 
1 -1 1 1 1 1 1 1 1 1 1 1 1 -1 -1 1 1 1 -1 -1 
-1 1 1 1 1 1 1 1 1 -1 -1 1 1 1 1 1 1 1 1 1 
-1 1 1 1 1 1 1 1 1 -1 1 -1 1 1 1 1 1 1 -1 1 
-1 -1 -1 -1 -1 1 1 1 -1 -1 1 -1 1 1 -1 -1 1 -1 -1 -1 
-1 -1 -1 -1 1 -1 1 1 1 1 -1 -1 -1 1 -1 1 1 1 -1 -1 
1 -1 -1 1 -1 -1 1 1 -1 1 1 1 1 1 1 1 1 1 -1 -1 
-1 1 1 -1 -1 -1 -1 -1 -1 1 1 1 1 1 1 -1 1 1 1 -1 
1 1 1 1 -1 -1 -1 -1 -1 1 -1 -1 1 1 1 1 1 1 1 1 
1 -1 -1 -1 1 -1 1 1 -1 -1 -1 -1 1 1 -1 -1 1 1 1 1 
1 -1 -1 -1 1 -1 1 1 -1 -1 -1 -1 -1 1 1 -1 1 -1 -1 1 
-1 1 1 -1 -1 1 -1 1 1 -1 1 -1 1 1 1 1 1 1 -1 -1 
1 -1 1 -1 -1 -1 -1 1 -1 -1 1 1 -1 -1 1 1 1 -1 -1 1 
-1 -1 1 -1 1 1 1 -1 1 1 1 1 -1 -1 -1 -1 1 -1 1 -1 
-1 1 1 -1 1 1 1 -1 -1 -1 -1 -1 1 -1 -1 -1 -1 1 -1 -1 
1 1 -1 1 1 1 -1 -1 -1 -1 -1 -1 1 1 -1 1 -1 1 -1 -1 
1 1 -1 1 1 1 -1 -1 1 -1 -1 -1 1 1 -1 -1 1 1 1 -1 
-1 -1 1 1 1 1 1 -1 1 -1 1 -1 1 -1 -1 1 -1 1 -1 1 
-1 -1 1 1 -1 1 -1 -1 1 1 -1 1 -1 1 -1 -1 1 -1 -1 -1 
-1 -1 -1 1 1 -1 -1 1 1 1 -1 -1 -1 1 1 1 1 1 1 1 
1 -1 1 -1 -1 1 1 1 1 1 1 -1 -1 -1 -1 1 -1 1 1 1 
-1 -1 1 1 -1 1 1 1 1 -1 -1 -1 -1 1 -1 1 -1 -1 1 1 
-1 1 -1 -1 1 1 1 1 -1 -1 -1 -1 1 -1 -1 -1 1 1 -1 -1 
-1 -1 -1 -1 1 1 1 1 1 1 -1 1 -1 -1 -1 -1 -1 -1 1 -1 
-1 -1 -1 -1 -1 -1 -1 -1 -1 -1 -1 -1 1 -1 -1 -1 -1 -1 -1 -1 
1 1 -1 -1 -1 -1 -1 -1 -1 -1 -1 1 -1 -1 -1 -1 -1 -1 -1 1 
1 1 -1 -1 1 -1 -1 -1 -1 1 -1 1 -1 -1 -1 -1 -1 -1 -1 1 
-1 1 -1 -1 -1 1 1 -1 1 -1 1 -1 -1 -1 -1 -1 -1 -1 -1 -1 
1 1 1 1 -1 1 -1 -1 -1 -1 -1 -1 -1 -1 -1 -1 -1 -1 -1 -1 
1 -1 -1 1 -1 -1 -1 -1 -1 -1 -1 1 -1 -1 -1 -1 -1 -1 -1 1 
-1 1 1 1 -1 -1 -1 1 -1 -1 -1 -1 1 -1 -1 -1 -1 -1 -1 -1 
-1 -1 -1 -1 -1 -1 -1 1 1 -1 -1 1 -1 -1 -1 -1 -1 -1 -1 -1 
-1 -1 1 -1 -1 1 1 -1 -1 -1 -1 1 -1 -1 1 1 -1 1 -1 1 
1 1 -1 -1 -1 -1 1 1 1 1 -1 -1 1 -1 1 1 1 -1 1 -1 
1 -1 -1 -1 -1 -1 -1 1 1 -1 1 1 1 -1 1 1 1 1 1 -1 
1 -1 -1 -1 -1 -1 -1 -1 1 -1 1 1 1 1 1 1 1 -1 -1 -1 
1 -1 1 -1 -1 1 -1 1 1 -1 1 1 1 1 -1 -1 1 1 -1 -1 
1 -1 1 1 1 1 1 1 1 1 -1 -1 -1 -1 1 -1 1 1 -1 -1 
1 1 1 1 -1 1 -1 1 1 1 1 -1 -1 -1 -1 1 1 1 -1 -1 
-1 -1 1 -1 -1 -1 1 -1 -1 1 1 -1 -1 -1 -1 -1 -1 -1 -1 -1 
-1 1 1 -1 -1 -1 -1 -1 -1 1 -1 -1 -1 -1 -1 -1 -1 -1 -1 -1 
-1 -1 1 -1 1 1 -1 -1 -1 -1 -1 -1 -1 -1 -1 -1 -1 -1 -1 -1 
-1 -1 -1 -1 -1 -1 -1 -1 1 -1 -1 -1 -1 -1 -1 -1 -1 -1 -1 -1 
-1 -1 -1 -1 -1 -1 -1 -1 -1 -1 -1 -1 -1 1 -1 -1 -1 -1 -1 -1 
