# Avida Host Tasks data
# Sat Aug 29 12:07:47 2020
# First column gives the current update, next columns give the number
# of Hosts that have the particular task
#  1: Update
#  2: Not
#  3: Nand
#  4: And
#  5: OrNot
#  6: Or
#  7: AndNot
#  8: Nor
#  9: Xor
# 10: Equals

0 0 0 0 0 0 0 0 0 0 
100 193 0 0 0 0 0 0 0 0 
200 537 0 0 0 0 0 0 0 0 
300 828 0 0 0 0 0 0 0 0 
400 1697 0 0 0 0 0 0 0 0 
500 2458 0 0 0 0 0 0 0 0 
600 3855 0 0 0 0 0 0 0 0 
700 5421 0 0 0 0 0 0 0 0 
800 6376 0 0 0 0 0 0 0 0 
900 8229 0 0 0 0 0 0 0 0 
1000 9476 0 0 0 0 0 0 0 0 
1100 11084 0 0 0 0 0 0 0 0 
1200 12660 0 0 0 0 0 0 0 0 
1300 13838 0 0 0 0 0 0 0 0 
1400 15504 0 0 0 0 0 0 0 0 
1500 16837 0 0 0 0 0 0 0 0 
1600 18105 0 0 0 0 0 0 0 0 
1700 19377 0 0 0 0 0 0 0 0 
1800 20538 0 0 0 0 0 0 0 0 
1900 21749 0 0 0 0 0 0 0 0 
2000 22883 0 0 0 0 0 0 0 0 
2100 23820 0 0 0 0 0 0 0 0 
2200 24814 0 0 0 0 0 0 0 0 
2300 25621 0 0 0 0 0 0 0 0 
2400 26432 0 0 0 0 0 0 0 0 
2500 27046 0 0 0 0 0 0 0 0 
2600 27520 0 0 0 0 0 0 0 0 
2700 27886 0 0 0 0 0 0 0 0 
2800 28199 0 0 0 0 0 0 0 0 
2900 28429 0 0 0 0 0 0 0 0 
3000 28599 0 0 0 0 0 0 0 0 
3100 28838 0 0 0 0 0 0 0 0 
3200 28852 0 0 0 0 0 0 0 0 
3300 28769 0 0 0 0 0 0 0 0 
3400 28597 0 0 0 0 0 0 0 0 
3500 28231 0 0 0 0 0 0 0 0 
3600 27493 0 0 0 0 0 0 0 0 
3700 26138 0 0 0 0 0 0 0 0 
3800 24137 0 0 0 0 0 0 0 0 
3900 21544 0 0 0 0 0 0 0 0 
4000 19506 0 0 0 0 0 0 0 0 
4100 18581 0 0 0 0 0 0 0 0 
4200 18895 0 0 0 0 0 0 0 0 
4300 19536 0 0 0 0 0 0 0 0 
4400 20271 0 0 0 0 0 0 0 0 
4500 20447 0 0 0 0 0 0 0 0 
4600 20275 0 0 0 0 0 0 0 0 
4700 19795 0 0 0 0 0 0 0 0 
4800 19500 0 0 0 0 0 0 0 0 
4900 19421 0 0 0 0 0 0 0 0 
5000 19392 0 0 0 0 0 0 0 0 
5100 19402 0 0 0 0 0 0 0 0 
5200 19402 0 0 0 0 0 0 0 0 
5300 19225 0 0 0 0 0 0 0 0 
5400 18883 0 0 0 0 0 0 0 0 
5500 18743 0 0 0 0 0 0 0 0 
5600 18554 0 0 0 0 0 0 0 0 
5700 18346 0 0 0 0 0 0 0 0 
5800 18165 0 0 0 0 0 0 0 0 
5900 18002 0 0 0 0 0 0 0 0 
6000 17776 0 0 0 0 0 0 0 0 
6100 17693 0 0 0 0 0 0 0 0 
6200 17433 0 0 0 0 0 0 0 0 
6300 17236 0 0 0 0 0 0 0 0 
6400 17131 0 0 0 0 0 0 0 0 
6500 16985 0 0 0 0 0 0 0 0 
6600 16798 0 0 0 0 0 0 0 0 
6700 16408 0 0 0 0 0 0 0 0 
6800 16078 0 0 0 0 0 0 0 0 
6900 15691 0 0 0 0 0 0 0 0 
7000 15272 0 0 0 0 0 0 0 0 
7100 14933 0 0 0 0 0 0 0 0 
7200 14686 0 0 0 0 0 0 0 0 
7300 14724 0 0 0 0 0 0 0 0 
7400 14656 0 0 0 0 0 0 0 0 
7500 14603 0 0 0 0 0 0 0 0 
7600 14475 0 0 0 0 0 0 0 0 
7700 14271 0 0 0 0 0 0 0 0 
7800 14132 0 0 0 0 0 0 0 0 
7900 14114 0 0 0 0 0 0 0 0 
8000 14030 0 0 0 0 0 0 0 0 
8100 14157 0 0 0 0 0 0 0 0 
8200 14407 0 0 0 0 0 0 0 0 
8300 14520 0 0 0 0 0 0 0 0 
8400 14555 0 0 0 0 0 0 0 0 
8500 14409 0 0 0 0 0 0 0 0 
8600 14115 0 0 0 0 0 0 0 0 
8700 13817 0 0 0 0 0 0 0 0 
8800 13237 0 0 0 0 0 0 0 0 
8900 12703 0 0 0 0 0 0 0 0 
9000 12319 0 0 0 0 0 0 0 0 
9100 12260 0 0 0 0 0 0 0 0 
9200 12423 0 0 0 0 0 0 0 0 
9300 12743 0 0 0 0 0 0 0 0 
9400 13152 0 0 0 0 0 0 0 0 
9500 13547 0 0 0 0 0 0 0 0 
9600 13844 0 0 0 0 0 0 0 0 
9700 14055 0 0 0 0 0 0 0 0 
9800 13913 0 0 0 0 0 0 0 0 
9900 13721 0 0 0 0 0 0 0 0 
10000 13442 0 0 0 0 0 0 0 0 
10100 13124 0 0 0 0 0 0 0 0 
10200 12885 0 0 0 0 0 0 0 0 
10300 12680 0 0 0 0 0 0 0 0 
10400 12537 0 0 0 0 0 0 0 0 
10500 12578 0 0 0 0 0 0 0 0 
10600 12749 0 0 0 0 0 0 0 0 
10700 13109 0 0 0 0 0 0 0 0 
10800 13426 0 0 0 0 0 0 0 0 
10900 13527 0 0 0 0 0 0 0 0 
11000 13580 0 0 0 0 0 0 0 0 
11100 13364 0 0 0 0 0 0 0 0 
11200 12878 0 0 0 0 0 0 0 0 
11300 12385 0 0 0 0 0 0 0 0 
11400 12109 0 0 0 0 0 0 0 0 
11500 12063 0 0 0 0 0 0 0 0 
11600 12286 0 0 0 0 0 0 0 0 
11700 12699 0 0 0 0 0 0 0 0 
11800 13077 0 0 0 0 0 0 0 0 
11900 13246 0 0 0 0 0 0 0 0 
12000 13396 0 0 0 0 0 0 0 0 
12100 13322 0 0 0 0 0 0 0 0 
12200 13005 0 0 0 0 0 0 0 0 
12300 12728 0 0 0 0 0 0 0 0 
12400 12581 0 0 0 0 0 0 0 0 
12500 12502 0 0 0 0 0 0 0 0 
12600 12431 0 0 0 0 0 0 0 0 
12700 12389 0 0 0 0 0 0 0 0 
12800 12465 0 0 0 0 0 0 0 0 
12900 12578 0 0 0 0 0 0 0 0 
13000 12774 0 0 0 0 0 0 0 0 
13100 12947 0 0 0 0 0 0 0 0 
13200 13119 0 0 0 0 0 0 0 0 
13300 13149 0 0 0 0 0 0 0 0 
13400 12990 0 0 0 0 0 0 0 0 
13500 12978 0 0 0 0 0 0 0 0 
13600 12969 0 0 0 0 0 0 0 0 
13700 12987 0 0 0 0 0 0 0 0 
13800 13113 0 0 0 0 0 0 0 0 
13900 13082 0 0 0 0 0 0 0 0 
14000 13014 0 0 0 0 0 0 0 0 
14100 12950 0 0 0 0 0 0 0 0 
14200 12977 0 0 0 0 0 0 0 0 
14300 12758 0 0 0 0 0 0 0 0 
14400 12606 0 0 0 0 0 0 0 0 
14500 12479 0 0 0 0 0 0 0 0 
14600 12409 0 0 0 0 0 0 0 0 
14700 12428 0 0 0 0 0 0 0 0 
14800 12501 0 0 0 0 0 0 0 0 
14900 12600 0 0 0 0 0 0 0 0 
15000 12848 0 0 0 0 0 0 0 0 
15100 13044 0 0 0 0 0 0 0 0 
15200 13223 0 0 0 0 0 0 0 0 
15300 13238 0 0 0 0 0 0 0 0 
15400 13027 0 0 0 0 0 0 0 0 
15500 12983 0 0 0 0 0 0 0 0 
15600 12900 0 0 0 0 0 0 0 0 
15700 12878 0 0 0 0 0 0 0 0 
15800 12720 0 0 0 0 0 0 0 0 
15900 12642 0 0 0 0 0 0 0 0 
16000 12595 0 0 0 0 0 0 0 0 
16100 12713 0 0 0 0 0 0 0 0 
16200 13202 0 0 0 0 0 0 0 0 
16300 13543 0 0 0 0 0 0 0 0 
16400 13779 0 0 0 0 0 0 0 0 
16500 13770 0 0 0 0 0 0 0 0 
16600 13490 0 0 0 0 0 0 0 0 
16700 13034 0 0 0 0 0 0 0 0 
16800 12727 0 0 0 0 0 0 0 0 
16900 12322 0 0 0 0 0 0 0 0 
17000 12299 0 0 0 0 0 0 0 0 
17100 12344 0 0 0 0 0 0 0 0 
17200 12378 0 0 0 0 0 0 0 0 
17300 12484 0 0 0 0 0 0 0 0 
17400 12516 0 0 0 0 0 0 0 0 
17500 12417 0 0 0 0 0 0 0 0 
17600 12319 0 0 0 0 0 0 0 0 
17700 12149 0 0 0 0 0 0 0 0 
17800 12091 0 0 0 0 0 0 0 0 
17900 12143 0 0 0 0 0 0 0 0 
18000 12347 0 0 0 0 0 0 0 0 
18100 12565 0 0 0 0 0 0 0 0 
18200 12838 0 0 0 0 0 0 0 0 
18300 12920 0 0 0 0 0 0 0 0 
18400 12713 0 0 0 0 0 0 0 0 
18500 12532 0 0 0 0 0 0 0 0 
18600 12407 0 0 0 0 0 0 0 0 
18700 12244 0 0 0 0 0 0 0 0 
18800 12204 0 0 0 0 0 0 0 0 
18900 12176 0 0 0 0 0 0 0 0 
19000 12159 0 0 0 0 0 0 0 0 
19100 12476 0 0 0 0 0 0 0 0 
19200 12694 0 0 0 0 0 0 0 0 
19300 12889 0 0 0 0 0 0 0 0 
19400 13020 0 0 0 0 0 0 0 0 
19500 13206 0 0 0 0 0 0 0 0 
19600 13303 0 0 0 0 0 0 0 0 
19700 13392 0 0 0 0 0 0 0 0 
19800 13266 0 0 0 0 0 0 0 0 
19900 13010 0 0 0 0 0 0 0 0 
20000 12669 0 0 0 0 0 0 0 0 
20100 12520 0 0 0 0 0 0 0 0 
20200 12499 0 0 0 0 0 0 0 0 
20300 12572 0 0 0 0 0 0 0 0 
20400 12904 0 0 0 0 0 0 0 0 
20500 13084 0 0 0 0 0 0 0 0 
20600 13306 0 0 0 0 0 0 0 0 
20700 13526 0 0 0 0 0 0 0 0 
20800 13703 0 0 0 0 0 0 0 0 
20900 13726 0 0 0 0 0 0 0 0 
21000 13454 0 0 0 0 0 0 0 0 
21100 12874 0 0 0 0 0 0 0 0 
21200 12426 0 0 0 0 0 0 0 0 
21300 12324 0 0 0 0 0 0 0 0 
21400 12383 0 0 0 0 0 0 0 0 
21500 12500 0 0 0 0 0 0 0 0 
21600 12572 0 0 0 0 0 0 0 0 
21700 12654 0 0 0 0 0 0 0 0 
21800 12723 0 0 0 0 0 0 0 0 
21900 12615 0 0 0 0 0 0 0 0 
22000 12391 0 0 0 0 0 0 0 0 
22100 12241 0 0 0 0 0 0 0 0 
22200 12203 0 0 0 0 0 0 0 0 
22300 12398 0 0 0 0 0 0 0 0 
22400 12544 0 0 0 0 0 0 0 0 
22500 12533 0 0 0 0 0 0 0 0 
22600 12657 0 0 0 0 0 0 0 0 
22700 12715 0 0 0 0 0 0 0 0 
22800 12771 0 0 0 0 0 0 0 0 
22900 13001 0 0 0 0 0 0 0 0 
23000 13113 0 0 0 0 0 0 0 0 
23100 13200 0 0 0 0 0 0 0 0 
23200 13316 0 0 0 0 0 0 0 0 
23300 13162 0 0 0 0 0 0 0 0 
23400 12996 0 0 0 0 0 0 0 0 
23500 12812 0 0 0 0 0 0 0 0 
23600 12478 0 0 0 0 0 0 0 0 
23700 12211 0 0 0 0 0 0 0 0 
23800 11984 0 0 0 0 0 0 0 0 
23900 11894 0 0 0 0 0 0 0 0 
24000 12012 0 0 0 0 0 0 0 0 
24100 12401 0 0 0 0 0 0 0 0 
24200 12683 0 0 0 0 0 0 0 0 
24300 12980 0 0 0 0 0 0 0 0 
24400 13246 0 0 0 0 0 0 0 0 
24500 13162 0 0 0 0 0 0 0 0 
24600 13192 0 0 0 0 0 0 0 0 
24700 13123 0 0 0 0 0 0 0 0 
24800 13064 0 0 0 0 0 0 0 0 
24900 13065 0 0 0 0 0 0 0 0 
25000 13209 0 0 0 0 0 0 0 0 
25100 13244 0 0 0 0 0 0 0 0 
25200 13256 0 0 0 0 0 0 0 0 
25300 13197 0 0 0 0 0 0 0 0 
25400 13041 0 0 0 0 0 0 0 0 
25500 12830 0 0 0 0 0 0 0 0 
25600 12714 0 0 0 0 0 0 0 0 
25700 12803 0 0 0 0 0 0 0 0 
25800 12930 0 0 0 0 0 0 0 0 
25900 12984 0 0 0 0 0 0 0 0 
26000 13184 0 0 0 0 0 0 0 0 
26100 13354 0 0 0 0 0 0 0 0 
26200 13520 0 0 0 0 0 0 0 0 
26300 13742 0 0 0 0 0 0 0 0 
26400 14038 0 0 0 0 0 0 0 0 
26500 14079 0 0 0 0 0 0 0 0 
26600 14007 0 0 0 0 0 0 0 0 
26700 13701 0 0 0 0 0 0 0 0 
26800 13432 0 0 0 0 0 0 0 0 
26900 13076 0 0 0 0 0 0 0 0 
27000 12735 0 0 0 0 0 0 0 0 
27100 12446 0 0 0 0 0 0 0 0 
27200 12451 0 0 0 0 0 0 0 0 
27300 12545 0 0 0 0 0 0 0 0 
27400 12728 0 0 0 0 0 0 0 0 
27500 12834 0 0 0 0 0 0 0 0 
27600 12949 0 0 0 0 0 0 0 0 
27700 12931 0 0 0 0 0 0 0 0 
27800 12831 0 0 0 0 0 0 0 0 
27900 12716 0 0 0 0 0 0 0 0 
28000 12548 0 0 0 0 0 0 0 0 
28100 12515 0 0 0 0 0 0 0 0 
28200 12607 0 0 0 0 0 0 0 0 
28300 12655 0 0 0 0 0 0 0 0 
28400 12869 0 0 0 0 0 0 0 0 
28500 13074 0 0 0 0 0 0 0 0 
28600 13136 0 0 0 0 0 0 0 0 
28700 13310 0 0 0 0 0 0 0 0 
28800 13157 0 0 0 0 0 0 0 0 
28900 13272 0 0 0 0 0 0 0 0 
29000 13323 0 0 0 0 0 0 0 0 
29100 13146 0 0 0 0 0 0 0 0 
29200 13025 0 0 0 0 0 0 0 0 
29300 12918 0 0 0 0 0 0 0 0 
29400 12606 0 0 0 0 0 0 0 0 
29500 12536 0 0 0 0 0 0 0 0 
29600 12299 0 0 0 0 0 0 0 0 
29700 12368 0 0 0 0 0 0 0 0 
29800 12359 0 0 0 0 0 0 0 0 
29900 12535 0 0 0 0 0 0 0 0 
30000 12637 0 0 0 0 0 0 0 0 
30100 12840 0 0 0 0 0 0 0 0 
30200 12798 0 0 0 0 0 0 0 0 
30300 12918 0 0 0 0 0 0 0 0 
30400 12881 0 0 0 0 0 0 0 0 
30500 12809 0 0 0 0 0 0 0 0 
30600 12776 0 0 0 0 0 0 0 0 
30700 12874 0 0 0 0 0 0 0 0 
30800 13027 0 0 0 0 0 0 0 0 
30900 13296 0 0 0 0 0 0 0 0 
31000 13452 0 0 0 0 0 0 0 0 
31100 13339 0 0 0 0 0 0 0 0 
31200 13191 0 0 0 0 0 0 0 0 
31300 12942 0 0 0 0 0 0 0 0 
31400 12862 0 0 0 0 0 0 0 0 
31500 12773 0 0 0 0 0 0 0 0 
31600 12609 0 0 0 0 0 0 0 0 
31700 12553 0 0 0 0 0 0 0 0 
31800 12483 0 0 0 0 0 0 0 0 
31900 12614 0 0 0 0 0 0 0 0 
32000 12776 0 0 0 0 0 0 0 0 
32100 12714 0 0 0 0 0 0 0 0 
32200 12676 0 0 0 0 0 0 0 0 
32300 12805 0 0 0 0 0 0 0 0 
32400 12841 0 0 0 0 0 0 0 0 
32500 12758 0 0 0 0 0 0 0 0 
32600 12725 0 0 0 0 0 0 0 0 
32700 12400 0 0 0 0 0 0 0 0 
32800 12191 0 0 0 0 0 0 0 0 
32900 11971 0 0 0 0 0 0 0 0 
33000 12007 0 0 0 0 0 0 0 0 
33100 12091 0 0 0 0 0 0 0 0 
33200 12221 0 0 0 0 0 0 0 0 
33300 12476 0 0 0 0 0 0 0 0 
33400 12611 0 0 0 0 0 0 0 0 
33500 12721 0 0 0 0 0 0 0 0 
33600 12834 0 0 0 0 0 0 0 0 
33700 12878 0 0 0 0 0 0 0 0 
33800 12872 0 0 0 0 0 0 0 0 
33900 12666 0 0 0 0 0 0 0 0 
34000 12478 0 0 0 0 0 0 0 0 
34100 12195 0 0 0 0 0 0 0 0 
34200 11947 0 0 0 0 0 0 0 0 
34300 11984 0 0 0 0 0 0 0 0 
34400 12170 0 0 0 0 0 0 0 0 
34500 12452 0 0 0 0 0 0 0 0 
34600 12909 0 0 0 0 0 0 0 0 
34700 13390 0 0 0 0 0 0 0 0 
34800 13541 0 0 0 0 0 0 0 0 
34900 13568 0 0 0 0 0 0 0 0 
35000 13592 0 0 0 0 0 0 0 0 
35100 13412 0 0 0 0 0 0 0 0 
35200 13151 0 0 0 0 0 0 0 0 
35300 13011 0 0 0 0 0 0 0 0 
35400 12942 0 0 0 0 0 0 0 0 
35500 12903 0 0 0 0 0 0 0 0 
35600 12972 0 0 0 0 0 0 0 0 
35700 13052 0 0 0 0 0 0 0 0 
35800 13172 0 0 0 0 0 0 0 0 
35900 13140 0 0 0 0 0 0 0 0 
36000 13122 0 0 0 0 0 0 0 0 
36100 12907 0 0 0 0 0 0 0 0 
36200 12788 0 0 0 0 0 0 0 0 
36300 12555 0 0 0 0 0 0 0 0 
36400 12503 0 0 0 0 0 0 0 0 
36500 12419 0 0 0 0 0 0 0 0 
36600 12385 0 0 0 0 0 0 0 0 
36700 12550 0 0 0 0 0 0 0 0 
36800 12623 0 0 0 0 0 0 0 0 
36900 13061 0 0 0 0 0 0 0 0 
37000 13252 0 0 0 0 0 0 0 0 
37100 13386 0 0 0 0 0 0 0 0 
37200 13603 0 0 0 0 0 0 0 0 
37300 13695 0 0 0 0 0 0 0 0 
37400 13680 0 0 0 0 0 0 0 0 
37500 13553 0 0 0 0 0 0 0 0 
37600 13193 0 0 0 0 0 0 0 0 
37700 12996 0 0 0 0 0 0 0 0 
37800 12821 0 0 0 0 0 0 0 0 
37900 12740 0 0 0 0 0 0 0 0 
38000 12626 0 0 0 0 0 0 0 0 
38100 12626 0 0 0 0 0 0 0 0 
38200 12643 0 0 0 0 0 0 0 0 
38300 12604 0 0 0 0 0 0 0 0 
38400 12747 0 0 0 0 0 0 0 0 
38500 12850 0 0 0 0 0 0 0 0 
38600 12926 0 0 0 0 0 0 0 0 
38700 12844 0 0 0 0 0 0 0 0 
38800 12719 0 0 0 0 0 0 0 0 
38900 12673 0 0 0 0 0 0 0 0 
39000 12590 0 0 0 0 0 0 0 0 
39100 12663 0 0 0 0 0 0 0 0 
39200 12622 0 0 0 0 0 0 0 0 
39300 12619 0 0 0 0 0 0 0 0 
39400 12581 0 0 0 0 0 0 0 0 
39500 12621 0 0 0 0 0 0 0 0 
39600 12628 0 0 0 0 0 0 0 0 
39700 12555 0 0 0 0 0 0 0 0 
39800 12578 0 0 0 0 0 0 0 0 
39900 12525 0 0 0 0 0 0 0 0 
40000 12328 0 0 0 0 0 0 0 0 
40100 12435 0 0 0 0 0 0 0 0 
40200 12507 0 0 0 0 0 0 0 0 
40300 12663 0 0 0 0 0 0 0 0 
40400 12980 0 0 0 0 0 0 0 0 
40500 13206 0 0 0 0 0 0 0 0 
40600 13232 0 0 0 0 0 0 0 0 
40700 13192 0 0 0 0 0 0 0 0 
40800 13028 0 0 0 0 0 0 0 0 
40900 12760 0 0 0 0 0 0 0 0 
41000 12271 0 0 0 0 0 0 0 0 
41100 11887 0 0 0 0 0 0 0 0 
41200 11505 0 0 0 0 0 0 0 0 
41300 11394 0 0 0 0 0 0 0 0 
41400 11408 0 0 0 0 0 0 0 0 
41500 11742 0 0 0 0 0 0 0 0 
41600 12073 0 0 0 0 0 0 0 0 
41700 12587 0 0 0 0 0 0 0 0 
41800 12954 0 0 0 0 0 0 0 0 
41900 13031 0 0 0 0 0 0 0 0 
42000 13082 0 0 0 0 0 0 0 0 
42100 12902 0 0 0 0 0 0 0 0 
42200 12637 0 0 0 0 0 0 0 0 
42300 12485 0 0 0 0 0 0 0 0 
42400 12401 0 0 0 0 0 0 0 0 
42500 12281 0 0 0 0 0 0 0 0 
42600 12284 0 0 0 0 0 0 0 0 
42700 12430 0 0 0 0 0 0 0 0 
42800 12630 0 0 0 0 0 0 0 0 
42900 12861 0 0 0 0 0 0 0 0 
43000 12965 0 0 0 0 0 0 0 0 
43100 12988 0 0 0 0 0 0 0 0 
43200 12995 0 0 0 0 0 0 0 0 
43300 13003 0 0 0 0 0 0 0 0 
43400 12867 0 0 0 0 0 0 0 0 
43500 12776 0 0 0 0 0 0 0 0 
43600 12815 0 0 0 0 0 0 0 0 
43700 12716 0 0 0 0 0 0 0 0 
43800 12840 0 0 0 0 0 0 0 0 
43900 13006 0 0 0 0 0 0 0 0 
44000 13061 0 0 0 0 0 0 0 0 
44100 13224 0 0 0 0 0 0 0 0 
44200 13377 0 0 0 0 0 0 0 0 
44300 13162 0 0 0 0 0 0 0 0 
44400 13092 0 0 0 0 0 0 0 0 
44500 13002 0 0 0 0 0 0 0 0 
44600 12919 0 0 0 0 0 0 0 0 
44700 12801 0 0 0 0 0 0 0 0 
44800 12868 0 0 0 0 0 0 0 0 
44900 13028 0 0 0 0 0 0 0 0 
45000 13177 0 0 0 0 0 0 0 0 
45100 13165 0 0 0 0 0 0 0 0 
45200 13152 0 0 0 0 0 0 0 0 
45300 12993 0 0 0 0 0 0 0 0 
45400 12858 0 0 0 0 0 0 0 0 
45500 12718 0 0 0 0 0 0 0 0 
45600 12723 0 0 0 0 0 0 0 0 
45700 12608 0 0 0 0 0 0 0 0 
45800 12520 0 0 0 0 0 0 0 0 
45900 12597 0 0 0 0 0 0 0 0 
46000 12411 0 0 0 0 0 0 0 0 
46100 12428 0 0 0 0 0 0 0 0 
46200 12474 0 0 0 0 0 0 0 0 
46300 12285 0 0 0 0 0 0 0 0 
46400 12382 0 0 0 0 0 0 0 0 
46500 12572 0 0 0 0 0 0 0 0 
46600 12749 0 0 0 0 0 0 0 0 
46700 12984 0 0 0 0 0 0 0 0 
46800 12828 0 0 0 0 0 0 0 0 
46900 12671 0 0 0 0 0 0 0 0 
47000 12667 0 0 0 0 0 0 0 0 
47100 12574 0 0 0 0 0 0 0 0 
47200 12578 0 0 0 0 0 0 0 0 
47300 12518 0 0 0 0 0 0 0 0 
47400 12580 0 0 0 0 0 0 0 0 
47500 12658 0 0 0 0 0 0 0 0 
47600 12749 0 0 0 0 0 0 0 0 
47700 12840 0 0 0 0 0 0 0 0 
47800 12877 0 0 0 0 0 0 0 0 
47900 12632 0 0 0 0 0 0 0 0 
48000 12437 0 0 0 0 0 0 0 0 
48100 12130 0 0 0 0 0 0 0 0 
48200 11943 0 0 0 0 0 0 0 0 
48300 11742 0 0 0 0 0 0 0 0 
48400 11631 0 0 0 0 0 0 0 0 
48500 11679 0 0 0 0 0 0 0 0 
48600 11659 0 0 0 0 0 0 0 0 
48700 11783 0 0 0 0 0 0 0 0 
48800 12055 0 0 0 0 0 0 0 0 
48900 12265 0 0 0 0 0 0 0 0 
49000 12446 0 0 0 0 0 0 0 0 
49100 12534 0 0 0 0 0 0 0 0 
49200 12633 0 0 0 0 0 0 0 0 
49300 12583 0 0 0 0 0 0 0 0 
49400 12607 0 0 0 0 0 0 0 0 
49500 12639 0 0 0 0 0 0 0 0 
49600 12692 0 0 0 0 0 0 0 0 
49700 12714 0 0 0 0 0 0 0 0 
49800 12681 0 0 0 0 0 0 0 0 
49900 12659 0 0 0 0 0 0 0 0 
50000 12545 0 0 0 0 0 0 0 0 
50100 12443 0 0 0 0 0 0 0 0 
50200 12249 0 0 0 0 0 0 0 0 
50300 12171 0 0 0 0 0 0 0 0 
50400 12089 0 0 0 0 0 0 0 0 
50500 12146 0 0 0 0 0 0 0 0 
50600 12227 0 0 0 0 0 0 0 0 
50700 12471 0 0 0 0 0 0 0 0 
50800 12549 0 0 0 0 0 0 0 0 
50900 12616 0 0 0 0 0 0 0 0 
51000 12489 0 0 0 0 0 0 0 0 
51100 12585 0 0 0 0 0 0 0 0 
51200 12633 0 0 0 0 0 0 0 0 
51300 12786 0 0 0 0 0 0 0 0 
51400 12835 0 0 0 0 0 0 0 0 
51500 12724 0 0 0 0 0 0 0 0 
51600 12618 0 0 0 0 0 0 0 0 
51700 12559 0 0 0 0 0 0 0 0 
51800 12506 0 0 0 0 0 0 0 0 
51900 12642 0 0 0 0 0 0 0 0 
52000 12751 0 0 0 0 0 0 0 0 
52100 12809 0 0 0 0 0 0 0 0 
52200 12817 0 0 0 0 0 0 0 0 
52300 12839 0 0 0 0 0 0 0 0 
52400 12917 0 0 0 0 0 0 0 0 
52500 12921 0 0 0 0 0 0 0 0 
52600 12772 0 0 0 0 0 0 0 0 
52700 12610 0 0 0 0 0 0 0 0 
52800 12659 0 0 0 0 0 0 0 0 
52900 12751 0 0 0 0 0 0 0 0 
53000 12819 0 0 0 0 0 0 0 0 
53100 12819 0 0 0 0 0 0 0 0 
53200 12637 0 0 0 0 0 0 0 0 
53300 12612 0 0 0 0 0 0 0 0 
53400 12464 0 0 0 0 0 0 0 0 
53500 12333 0 0 0 0 0 0 0 0 
53600 12178 0 0 0 0 0 0 0 0 
53700 12260 0 0 0 0 0 0 0 0 
53800 12419 0 0 0 0 0 0 0 0 
53900 12585 0 0 0 0 0 0 0 0 
54000 12840 0 0 0 0 0 0 0 0 
54100 13091 0 0 0 0 0 0 0 0 
54200 13226 0 0 0 0 0 0 0 0 
54300 13365 0 0 0 0 0 0 0 0 
54400 13399 0 0 0 0 0 0 0 0 
54500 13370 0 0 0 0 0 0 0 0 
54600 13258 0 0 0 0 0 0 0 0 
54700 13056 0 0 0 0 0 0 0 0 
54800 12902 0 0 0 0 0 0 0 0 
54900 12790 0 0 0 0 0 0 0 0 
55000 12671 0 0 0 0 0 0 0 0 
55100 12619 0 0 0 0 0 0 0 0 
55200 12731 0 0 0 0 0 0 0 0 
55300 12925 0 0 0 0 0 0 0 0 
55400 13219 0 0 0 0 0 0 0 0 
55500 13308 0 0 0 0 0 0 0 0 
55600 13288 0 0 0 0 0 0 0 0 
55700 13064 0 0 0 0 0 0 0 0 
55800 12860 0 0 0 0 0 0 0 0 
55900 12718 0 0 0 0 0 0 0 0 
56000 12694 0 0 0 0 0 0 0 0 
56100 12678 0 0 0 0 0 0 0 0 
56200 12566 0 0 0 0 0 0 0 0 
56300 12543 0 0 0 0 0 0 0 0 
56400 12457 0 0 0 0 0 0 0 0 
56500 12391 0 0 0 0 0 0 0 0 
56600 12468 0 0 0 0 0 0 0 0 
56700 12587 0 0 0 0 0 0 0 0 
56800 12974 0 0 0 0 0 0 0 0 
56900 13220 0 0 0 0 0 0 0 0 
57000 13467 0 0 0 0 0 0 0 0 
57100 13618 0 0 0 0 0 0 0 0 
57200 13719 0 0 0 0 0 0 0 0 
57300 13586 0 0 0 0 0 0 0 0 
57400 13522 0 0 0 0 0 0 0 0 
57500 13372 0 0 0 0 0 0 0 0 
57600 13194 0 0 0 0 0 0 0 0 
57700 12970 0 0 0 0 0 0 0 0 
57800 12953 0 0 0 0 0 0 0 0 
57900 12771 0 0 0 0 0 0 0 0 
58000 12711 0 0 0 0 0 0 0 0 
58100 12659 0 0 0 0 0 0 0 0 
58200 12483 0 0 0 0 0 0 0 0 
58300 12484 0 0 0 0 0 0 0 0 
58400 12359 0 0 0 0 0 0 0 0 
58500 12308 0 0 0 0 0 0 0 0 
58600 12375 0 0 0 0 0 0 0 0 
58700 12527 0 0 0 0 0 0 0 0 
58800 12734 0 0 0 0 0 0 0 0 
58900 13059 0 0 0 0 0 0 0 0 
59000 13140 0 0 0 0 0 0 0 0 
59100 13260 0 0 0 0 0 0 0 0 
59200 13205 0 0 0 0 0 0 0 0 
59300 12976 0 0 0 0 0 0 0 0 
59400 12816 0 0 0 0 0 0 0 0 
59500 12694 0 0 0 0 0 0 0 0 
59600 12729 0 0 0 0 0 0 0 0 
59700 12794 0 0 0 0 0 0 0 0 
59800 12852 0 0 0 0 0 0 0 0 
59900 13028 0 0 0 0 0 0 0 0 
60000 13146 0 0 0 0 0 0 0 0 
60100 13114 0 0 0 0 0 0 0 0 
60200 13253 0 0 0 0 0 0 0 0 
60300 13137 0 0 0 0 0 0 0 0 
60400 13041 0 0 0 0 0 0 0 0 
60500 12931 0 0 0 0 0 0 0 0 
60600 12676 0 0 0 0 0 0 0 0 
60700 12436 0 0 0 0 0 0 0 0 
60800 12526 0 0 0 0 0 0 0 0 
60900 12670 0 0 0 0 0 0 0 0 
61000 12778 0 0 0 0 0 0 0 0 
61100 13140 0 0 0 0 0 0 0 0 
61200 13370 0 0 0 0 0 0 0 0 
61300 13440 0 0 0 0 0 0 0 0 
61400 13327 0 0 0 0 0 0 0 0 
61500 13003 0 0 0 0 0 0 0 0 
61600 12708 0 0 0 0 0 0 0 0 
61700 12331 0 0 0 0 0 0 0 0 
61800 12242 0 0 0 0 0 0 0 0 
61900 12319 0 0 0 0 0 0 0 0 
62000 12572 0 0 0 0 0 0 0 0 
62100 12908 0 0 0 0 0 0 0 0 
62200 13287 0 0 0 0 0 0 0 0 
62300 13707 0 0 0 0 0 0 0 0 
62400 13842 0 0 0 0 0 0 0 0 
62500 13740 0 0 0 0 0 0 0 0 
62600 13495 0 0 0 0 0 0 0 0 
62700 12924 0 0 0 0 0 0 0 0 
62800 12459 0 0 0 0 0 0 0 0 
62900 12018 0 0 0 0 0 0 0 0 
63000 11567 0 0 0 0 0 0 0 0 
63100 11503 0 0 0 0 0 0 0 0 
63200 11508 0 0 0 0 0 0 0 0 
63300 11577 0 0 0 0 0 0 0 0 
63400 11857 0 0 0 0 0 0 0 0 
63500 12179 0 0 0 0 0 0 0 0 
63600 12599 0 0 0 0 0 0 0 0 
63700 13010 0 0 0 0 0 0 0 0 
63800 13541 0 0 0 0 0 0 0 0 
63900 13992 0 0 0 0 0 0 0 0 
64000 14314 0 0 0 0 0 0 0 0 
64100 14311 0 0 0 0 0 0 0 0 
64200 13927 0 0 0 0 0 0 0 0 
64300 13582 0 0 0 0 0 0 0 0 
64400 13132 0 0 0 0 0 0 0 0 
64500 12736 0 0 0 0 0 0 0 0 
64600 12751 0 0 0 0 0 0 0 0 
64700 12684 0 0 0 0 0 0 0 0 
64800 12955 0 0 0 0 0 0 0 0 
64900 13116 0 0 0 0 0 0 0 0 
65000 13170 0 0 0 0 0 0 0 0 
65100 13191 0 0 0 0 0 0 0 0 
65200 13007 0 0 0 0 0 0 0 0 
65300 12778 0 0 0 0 0 0 0 0 
65400 12475 0 0 0 0 0 0 0 0 
65500 12474 0 0 0 0 0 0 0 0 
65600 12595 0 0 0 0 0 0 0 0 
65700 12787 0 0 0 0 0 0 0 0 
65800 13170 0 0 0 0 0 0 0 0 
65900 13473 0 0 0 0 0 0 0 0 
66000 13516 0 0 0 0 0 0 0 0 
66100 13525 0 0 0 0 0 0 0 0 
66200 13283 0 0 0 0 0 0 0 0 
66300 12870 0 0 0 0 0 0 0 0 
66400 12679 0 0 0 0 0 0 0 0 
66500 12582 0 0 0 0 0 0 0 0 
66600 12374 0 0 0 0 0 0 0 0 
66700 12159 0 0 0 0 0 0 0 0 
66800 12117 0 0 0 0 0 0 0 0 
66900 12017 0 0 0 0 0 0 0 0 
67000 12198 0 0 0 0 0 0 0 0 
67100 12255 0 0 0 0 0 0 0 0 
67200 12367 0 0 0 0 0 0 0 0 
67300 12635 0 0 0 0 0 0 0 0 
67400 12719 0 0 0 0 0 0 0 0 
67500 12743 0 0 0 0 0 0 0 0 
67600 12629 0 0 0 0 0 0 0 0 
67700 12539 0 0 0 0 0 0 0 0 
67800 12548 0 0 0 0 0 0 0 0 
67900 12688 0 0 0 0 0 0 0 0 
68000 12937 0 0 0 0 0 0 0 0 
68100 13161 0 0 0 0 0 0 0 0 
68200 13187 0 0 0 0 0 0 0 0 
68300 13353 0 0 0 0 0 0 0 0 
68400 13316 0 0 0 0 0 0 0 0 
68500 13298 0 0 0 0 0 0 0 0 
68600 13226 0 0 0 0 0 0 0 0 
68700 13139 0 0 0 0 0 0 0 0 
68800 12980 0 0 0 0 0 0 0 0 
68900 12890 0 0 0 0 0 0 0 0 
69000 12888 0 0 0 0 0 0 0 0 
69100 12787 0 0 0 0 0 0 0 0 
69200 12787 0 0 0 0 0 0 0 0 
69300 12687 0 0 0 0 0 0 0 0 
69400 12809 0 0 0 0 0 0 0 0 
69500 12766 0 0 0 0 0 0 0 0 
69600 12784 0 0 0 0 0 0 0 0 
69700 12757 0 0 0 0 0 0 0 0 
69800 12752 0 0 0 0 0 0 0 0 
69900 12665 0 0 0 0 0 0 0 0 
70000 12808 0 0 0 0 0 0 0 0 
70100 13009 0 0 0 0 0 0 0 0 
70200 13201 0 0 0 0 0 0 0 0 
70300 13469 0 0 0 0 0 0 0 0 
70400 13427 0 0 0 0 0 0 0 0 
70500 13343 0 0 0 0 0 0 0 0 
70600 13032 0 0 0 0 0 0 0 0 
70700 12813 0 0 0 0 0 0 0 0 
70800 12636 0 0 0 0 0 0 0 0 
70900 12496 0 0 0 0 0 0 0 0 
71000 12418 0 0 0 0 0 0 0 0 
71100 12345 0 0 0 0 0 0 0 0 
71200 12495 0 0 0 0 0 0 0 0 
71300 12744 0 0 0 0 0 0 0 0 
71400 12970 0 0 0 0 0 0 0 0 
71500 13348 0 0 0 0 0 0 0 0 
71600 13424 0 0 0 0 0 0 0 0 
71700 13317 0 0 0 0 0 0 0 0 
71800 12887 0 0 0 0 0 0 0 0 
71900 12456 0 0 0 0 0 0 0 0 
72000 12193 0 0 0 0 0 0 0 0 
72100 12102 0 0 0 0 0 0 0 0 
72200 12288 0 0 0 0 0 0 0 0 
72300 12463 0 0 0 0 0 0 0 0 
72400 12863 0 0 0 0 0 0 0 0 
72500 13243 0 0 0 0 0 0 0 0 
72600 13661 0 0 0 0 0 0 0 0 
72700 13877 0 0 0 0 0 0 0 0 
72800 13997 0 0 0 0 0 0 0 0 
72900 14006 0 0 0 0 0 0 0 0 
73000 13903 0 0 0 0 0 0 0 0 
73100 13597 0 0 0 0 0 0 0 0 
73200 13197 0 0 0 0 0 0 0 0 
73300 12956 0 0 0 0 0 0 0 0 
73400 12823 0 0 0 0 0 0 0 0 
73500 12891 0 0 0 0 0 0 0 0 
73600 12947 0 0 0 0 0 0 0 0 
73700 12874 0 0 0 0 0 0 0 0 
73800 12848 0 0 0 0 0 0 0 0 
73900 12890 0 0 0 0 0 0 0 0 
74000 12938 0 0 0 0 0 0 0 0 
74100 12894 0 0 0 0 0 0 0 0 
74200 12961 0 0 0 0 0 0 0 0 
74300 12796 0 0 0 0 0 0 0 0 
74400 12800 0 0 0 0 0 0 0 0 
74500 12742 0 0 0 0 0 0 0 0 
74600 12757 0 0 0 0 0 0 0 0 
74700 12838 0 0 0 0 0 0 0 0 
74800 12959 0 0 0 0 0 0 0 0 
74900 13064 0 0 0 0 0 0 0 0 
75000 13308 0 0 0 0 0 0 0 0 
