# Sat Sep 12 18:25:53 2020
#  1: Update
#  2: Unique Phenotypes (by task done)
#  3: Shannon Diversity of Phenotypes (by task done)
#  4: Unique Phenotypes (by task count)
#  5: Average Phenotype Shannon Diversity (by task count)
#  6: Average Task Diversity (number of different tasks)

0 1 0 1 0 0 
100 1 0 1 0 0 
200 1 0 1 0 0 
300 1 0 1 0 0 
400 1 0 1 0 0 
500 1 0 1 0 0 
600 1 0 1 0 0 
700 1 0 1 0 0 
800 1 0 1 0 0 
900 1 0 1 0 0 
1000 1 0 1 0 0 
1100 1 0 1 0 0 
1200 1 0 1 0 0 
1300 1 0 1 0 0 
1400 1 0 1 0 0 
1500 1 0 1 0 0 
1600 1 0 1 0 0 
1700 1 0 1 0 0 
1800 1 0 1 0 0 
1900 1 0 1 0 0 
2000 1 0 1 0 0 
2100 1 0 1 0 0 
2200 1 0 1 0 0 
2300 1 0 1 0 0 
2400 1 0 1 0 0 
2500 1 0 1 0 0 
2600 1 0 1 0 0 
2700 1 0 1 0 0 
2800 1 0 1 0 0 
2900 1 0 1 0 0 
3000 1 0 1 0 0 
3100 2 0.09293 2 0 0.0118669 
3200 2 0.1485 3 0 0.0212677 
3300 2 0.193447 3 0 0.0298118 
3400 3 0.234528 4 0 0.0381585 
3500 4 0.294107 5 0 0.0513075 
3600 3 0.342524 4 0 0.063315 
3700 5 0.378559 7 6.31795e-06 0.0724892 
3800 5 0.422337 7 3.19995e-06 0.0851288 
3900 5 0.46537 7 2.01215e-06 0.0980889 
4000 5 0.513965 7 0 0.114216 
4100 5 0.555196 7 3.79896e-05 0.127987 
4200 5 0.608926 10 0 0.147436 
4300 5 0.666096 9 0 0.171166 
4400 5 0.715403 10 0 0.194545 
4500 6 0.764742 13 8.22132e-05 0.219139 
4600 5 0.822189 12 0.000380308 0.251342 
4700 5 0.873461 13 0.000434009 0.284059 
4800 6 0.917572 17 0.00026775 0.320764 
4900 7 0.946449 14 0.000230383 0.348615 
5000 7 0.959739 16 0.00038021 0.363766 
5100 7 0.974983 16 0.000294363 0.383947 
5200 6 0.983369 18 0.000100796 0.400968 
5300 6 0.990551 18 5.0813e-05 0.416006 
5400 4 0.990353 13 0 0.423293 
5500 4 0.99604 14 0 0.429494 
5600 5 1.00364 20 0 0.444227 
5700 5 1.00731 12 0 0.452061 
5800 5 1.00631 16 0 0.440395 
5900 5 1.0031 13 0 0.422076 
6000 5 0.996942 14 0 0.408738 
6100 5 0.98602 13 0 0.396115 
6200 7 0.976853 13 9.34146e-05 0.379916 
6300 6 0.963141 14 9.71488e-05 0.368912 
6400 8 0.947144 12 0.000238988 0.342372 
6500 6 0.930335 15 0.000206398 0.323168 
6600 6 0.913557 10 0.000153815 0.308655 
6700 5 0.901351 13 0.000203552 0.292759 
6800 5 0.883453 14 0.000960615 0.275393 
6900 5 0.8594 8 0.00210526 0.258045 
7000 6 0.837195 11 0.0032121 0.241204 
7100 7 0.821145 10 0.00391562 0.227204 
7200 6 0.80981 10 0.00480233 0.216444 
7300 8 0.795811 11 0.00579696 0.204427 
7400 7 0.818929 10 0.00874704 0.203026 
7500 5 0.852195 9 0.0113504 0.204587 
7600 4 0.919432 8 0.0133733 0.217893 
7700 4 0.965055 8 0.013256 0.223695 
7800 6 1.01459 13 0.0134099 0.232744 
7900 7 0.99677 12 0.0130032 0.222806 
8000 8 0.921648 13 0.0123729 0.197415 
8100 9 0.874721 15 0.0108254 0.183529 
8200 9 0.838891 15 0.0102282 0.173779 
8300 9 0.834082 15 0.0107754 0.173112 
8400 9 0.843577 15 0.0109027 0.175274 
8500 8 0.833957 13 0.0115412 0.172635 
8600 7 0.810125 11 0.0110427 0.166819 
8700 7 0.811602 10 0.0117119 0.167494 
8800 8 0.811251 10 0.0118778 0.167551 
8900 9 0.801793 13 0.0127856 0.166515 
9000 9 0.806373 14 0.0147565 0.169764 
9100 9 0.828059 16 0.0176843 0.178176 
9200 10 0.851024 15 0.0207492 0.18565 
9300 10 0.859962 14 0.0233547 0.189285 
9400 10 0.908913 19 0.0286501 0.205048 
9500 9 0.932949 16 0.0317858 0.210971 
9600 10 0.981291 17 0.0389845 0.224978 
9700 10 1.01721 18 0.0472473 0.236817 
9800 10 1.03084 17 0.0527948 0.2426 
9900 10 1.06704 14 0.0592428 0.254015 
10000 10 1.11194 16 0.0665235 0.266077 
10100 10 1.15158 20 0.0710753 0.278339 
10200 10 1.23662 22 0.0786803 0.306402 
10300 12 1.28669 21 0.0832514 0.322868 
10400 11 1.30133 21 0.0867407 0.329577 
10500 10 1.31615 21 0.0919034 0.336532 
10600 11 1.33795 21 0.0981515 0.346678 
10700 14 1.37928 24 0.111268 0.367309 
10800 15 1.34464 23 0.109699 0.357222 
10900 14 1.32384 29 0.110524 0.351756 
11000 13 1.34784 25 0.120826 0.362401 
11100 14 1.38912 28 0.132376 0.381444 
11200 13 1.41004 27 0.140689 0.395265 
11300 14 1.43066 32 0.140979 0.399927 
11400 14 1.40786 30 0.134972 0.387913 
11500 15 1.39069 29 0.127041 0.376742 
11600 14 1.38829 27 0.124743 0.376407 
11700 14 1.4103 29 0.126079 0.381364 
11800 14 1.42543 31 0.128851 0.384402 
11900 13 1.45288 31 0.132708 0.393857 
12000 14 1.44672 32 0.136056 0.393561 
12100 15 1.43314 30 0.13486 0.387592 
12200 15 1.39538 31 0.131678 0.373235 
12300 12 1.36607 21 0.128981 0.362443 
12400 13 1.35603 24 0.126595 0.354394 
12500 15 1.33329 26 0.12678 0.348068 
12600 14 1.32327 24 0.127645 0.342991 
12700 14 1.32182 29 0.127202 0.338258 
12800 15 1.32069 28 0.127698 0.335773 
12900 16 1.31842 30 0.128979 0.334015 
13000 15 1.329 33 0.13273 0.339991 
13100 14 1.3254 32 0.130401 0.337491 
13200 14 1.2951 27 0.123079 0.324388 
13300 15 1.24857 28 0.115447 0.306664 
13400 15 1.22657 32 0.113126 0.298427 
13500 16 1.2527 31 0.115727 0.304142 
13600 16 1.28448 29 0.119678 0.313682 
13700 17 1.26675 30 0.117676 0.307843 
13800 18 1.2704 29 0.117642 0.309503 
13900 18 1.26671 27 0.11114 0.301669 
14000 18 1.31169 30 0.112372 0.309613 
14100 16 1.3636 27 0.111724 0.318877 
14200 17 1.38708 28 0.110149 0.31934 
14300 18 1.41632 32 0.109891 0.322211 
14400 19 1.42283 31 0.111187 0.322408 
14500 20 1.43516 29 0.114371 0.325067 
14600 18 1.39981 30 0.110828 0.314821 
14700 19 1.4118 32 0.113646 0.318806 
14800 18 1.36983 30 0.108551 0.305815 
14900 18 1.36459 31 0.112369 0.308663 
15000 17 1.36128 29 0.115477 0.311867 
15100 19 1.3582 33 0.118564 0.314648 
15200 18 1.38633 32 0.127182 0.330516 
15300 19 1.43616 33 0.137886 0.350335 
15400 18 1.44777 32 0.142367 0.357283 
15500 20 1.47152 37 0.147247 0.367626 
15600 19 1.48894 30 0.152009 0.37611 
15700 19 1.47286 29 0.15015 0.370697 
15800 19 1.4549 33 0.147834 0.36636 
15900 18 1.39862 36 0.140683 0.348523 
16000 18 1.35422 34 0.133833 0.332496 
16100 18 1.30624 31 0.12899 0.318027 
16200 17 1.27425 33 0.125 0.308203 
16300 17 1.26379 33 0.127802 0.308795 
16400 17 1.2502 32 0.127464 0.306418 
16500 20 1.25218 36 0.127286 0.306157 
16600 19 1.24921 33 0.126183 0.304071 
16700 19 1.28065 32 0.129781 0.313303 
16800 18 1.25503 34 0.12738 0.30629 
16900 18 1.28916 32 0.135908 0.320468 
17000 18 1.28593 33 0.13796 0.322515 
17100 18 1.28983 33 0.139161 0.324511 
17200 18 1.30868 38 0.142769 0.332628 
17300 17 1.315 37 0.145677 0.336922 
17400 17 1.30638 37 0.146802 0.336856 
17500 19 1.34124 36 0.150047 0.345823 
17600 18 1.36179 35 0.151651 0.351496 
17700 17 1.325 35 0.144216 0.337943 
17800 18 1.34341 39 0.14867 0.346488 
17900 17 1.38597 39 0.151973 0.358648 
18000 18 1.43676 39 0.15656 0.372765 
18100 18 1.48527 44 0.166622 0.392693 
18200 20 1.49175 45 0.170707 0.397745 
18300 21 1.54109 43 0.182182 0.419679 
18400 20 1.56364 46 0.184991 0.426765 
18500 18 1.53328 51 0.179154 0.415158 
18600 20 1.53886 50 0.177857 0.413965 
18700 22 1.55713 56 0.17805 0.415369 
18800 23 1.5501 52 0.175752 0.410763 
18900 23 1.55893 61 0.17854 0.4153 
19000 21 1.53776 61 0.173963 0.406402 
19100 20 1.52452 53 0.171772 0.401372 
19200 20 1.47963 48 0.163673 0.384509 
19300 20 1.47521 45 0.164237 0.385611 
19400 20 1.45177 49 0.157803 0.376176 
19500 18 1.4387 56 0.154349 0.370784 
19600 19 1.41188 49 0.149704 0.36086 
19700 19 1.38751 46 0.146651 0.35354 
19800 18 1.37914 48 0.149618 0.356569 
19900 18 1.40096 49 0.155929 0.36787 
20000 19 1.40466 48 0.159396 0.373272 
20100 19 1.4241 46 0.163785 0.381769 
20200 20 1.43071 54 0.164049 0.381647 
20300 20 1.44294 51 0.165454 0.382756 
20400 22 1.47797 48 0.169953 0.392093 
20500 20 1.49164 49 0.171453 0.396394 
20600 20 1.47498 49 0.16589 0.386042 
20700 21 1.40769 51 0.153009 0.359169 
20800 20 1.35622 47 0.145314 0.340928 
20900 20 1.32552 51 0.142604 0.332375 
21000 18 1.29844 46 0.140475 0.32586 
21100 19 1.2564 45 0.133862 0.312263 
21200 20 1.21396 47 0.125957 0.296255 
21300 17 1.15737 41 0.120152 0.281764 
21400 20 1.11579 45 0.118275 0.274023 
21500 19 1.08983 42 0.117379 0.270033 
21600 20 1.06098 45 0.115157 0.263705 
21700 19 1.06245 42 0.114927 0.263321 
21800 19 1.09779 48 0.122256 0.277066 
21900 20 1.13756 46 0.126798 0.287201 
22000 21 1.18327 47 0.132281 0.299822 
22100 20 1.20391 46 0.13391 0.304929 
22200 21 1.21623 46 0.135479 0.309351 
22300 20 1.20635 46 0.131271 0.304081 
22400 21 1.23491 47 0.12936 0.30805 
22500 22 1.22511 43 0.124076 0.30112 
22600 20 1.25628 38 0.129613 0.312596 
22700 18 1.3096 40 0.139305 0.333418 
22800 19 1.36306 44 0.153647 0.3608 
22900 19 1.41184 42 0.162498 0.379712 
23000 21 1.42438 42 0.166292 0.385551 
23100 21 1.41108 42 0.160408 0.376573 
23200 21 1.37592 42 0.157146 0.368935 
23300 21 1.34518 41 0.151921 0.357719 
23400 22 1.33452 44 0.151325 0.353539 
23500 21 1.35848 42 0.157562 0.365001 
23600 21 1.40606 43 0.162077 0.378919 
23700 20 1.45112 42 0.169432 0.393823 
23800 20 1.42699 47 0.170235 0.390455 
23900 21 1.42327 45 0.168528 0.384177 
24000 22 1.41024 45 0.160958 0.370934 
24100 22 1.39932 42 0.154007 0.360386 
24200 22 1.37082 48 0.144805 0.344938 
24300 24 1.31932 45 0.136661 0.327098 
24400 23 1.24781 42 0.129266 0.307409 
24500 22 1.20254 42 0.123664 0.294192 
24600 21 1.16472 41 0.118774 0.283919 
24700 20 1.18052 42 0.12159 0.290209 
24800 20 1.18663 38 0.123555 0.291948 
24900 20 1.18046 41 0.121133 0.288804 
25000 20 1.17564 39 0.11844 0.285047 
25100 19 1.12746 37 0.110865 0.269034 
25200 20 1.103 35 0.106755 0.260032 
25300 20 1.1061 34 0.103288 0.256296 
25400 21 1.12469 36 0.103604 0.25948 
25500 19 1.13387 35 0.101673 0.258899 
25600 20 1.14541 33 0.103268 0.261822 
25700 20 1.1179 30 0.100179 0.253941 
25800 19 1.09158 33 0.0994923 0.249327 
25900 19 1.09813 35 0.104062 0.254728 
26000 20 1.1326 35 0.109026 0.26478 
26100 19 1.1656 32 0.116249 0.277514 
26200 20 1.18178 36 0.118029 0.282235 
26300 18 1.19441 28 0.120395 0.286823 
26400 18 1.19356 32 0.122702 0.289208 
26500 18 1.18732 34 0.121135 0.285566 
26600 18 1.15373 34 0.11682 0.275363 
26700 18 1.13117 34 0.112458 0.26616 
26800 18 1.09386 30 0.105409 0.251892 
26900 18 1.04239 32 0.0971235 0.234551 
27000 19 1.00933 35 0.0941541 0.225347 
27100 19 1.01794 35 0.0937578 0.225091 
27200 18 1.02736 33 0.0905116 0.221969 
27300 19 1.00836 32 0.0879668 0.216665 
27400 19 1.01298 32 0.089169 0.219174 
27500 19 1.06625 35 0.0968448 0.235794 
27600 19 1.0871 39 0.101166 0.243051 
27700 18 1.10946 32 0.106491 0.251836 
27800 20 1.12675 34 0.106968 0.255614 
27900 19 1.15568 31 0.108203 0.262625 
28000 20 1.15941 32 0.103867 0.26051 
28100 19 1.17289 32 0.103845 0.262697 
28200 20 1.14566 34 0.103788 0.257724 
28300 19 1.12686 32 0.104001 0.25463 
28400 19 1.07127 35 0.100899 0.24245 
28500 19 1.03956 33 0.0998319 0.236715 
28600 19 1.03255 32 0.10279 0.239148 
28700 20 1.02882 34 0.101753 0.2371 
28800 20 1.04988 31 0.102863 0.242162 
28900 21 1.09757 36 0.107415 0.256006 
29000 23 1.16631 35 0.118026 0.282047 
29100 20 1.21414 34 0.125651 0.300507 
29200 21 1.2174 33 0.122879 0.297033 
29300 21 1.12958 35 0.10851 0.266442 
29400 22 1.04975 35 0.0951529 0.238235 
29500 21 1.02327 31 0.0911428 0.229601 
29600 20 1.03063 34 0.0929435 0.233229 
29700 18 1.07026 32 0.103149 0.252703 
29800 20 1.12452 33 0.118697 0.279614 
29900 22 1.13894 37 0.120615 0.28428 
30000 22 1.09805 34 0.111082 0.266272 
30100 21 1.02218 30 0.0982085 0.2399 
30200 20 0.971354 29 0.0898456 0.223138 
30300 19 0.944728 27 0.0865495 0.215568 
30400 19 0.929008 29 0.0868396 0.212185 
30500 19 0.920396 29 0.0873247 0.209433 
30600 20 0.933201 30 0.0894355 0.212107 
30700 21 0.933957 33 0.0924011 0.214185 
30800 21 0.939761 31 0.095416 0.218847 
30900 20 0.960353 31 0.0968119 0.223274 
31000 21 0.902256 35 0.0889391 0.206948 
31100 21 0.84237 35 0.0778863 0.186036 
31200 19 0.80076 32 0.0732417 0.175225 
31300 19 0.789351 31 0.0698158 0.169674 
31400 17 0.762649 27 0.0641275 0.159622 
31500 18 0.726045 31 0.0597309 0.149282 
31600 18 0.710409 30 0.0595333 0.147545 
31700 18 0.699088 30 0.0593684 0.145974 
31800 18 0.659238 32 0.0567891 0.137406 
31900 18 0.66287 32 0.0553925 0.136275 
32000 19 0.688335 32 0.0577837 0.142501 
32100 19 0.710071 34 0.0611465 0.148632 
32200 20 0.710485 32 0.0633292 0.150433 
32300 21 0.712754 34 0.0648615 0.15257 
32400 17 0.72823 32 0.0674265 0.157821 
32500 19 0.747479 27 0.0714514 0.164945 
32600 18 0.796309 29 0.0783612 0.179289 
32700 19 0.801729 34 0.076106 0.177301 
32800 20 0.773981 33 0.0708875 0.166753 
32900 19 0.743976 28 0.0681308 0.158977 
33000 20 0.722932 34 0.0659085 0.153569 
33100 20 0.72928 33 0.067357 0.156256 
33200 20 0.750618 30 0.0692198 0.161065 
33300 19 0.778125 28 0.0730591 0.169107 
33400 19 0.827661 34 0.0772666 0.180407 
33500 19 0.879773 35 0.082 0.192682 
33600 20 0.908156 38 0.0862716 0.200702 
33700 18 0.919102 36 0.0892155 0.204867 
33800 18 0.964667 32 0.0981352 0.222682 
33900 19 0.981013 34 0.0963114 0.222295 
34000 20 0.992273 38 0.0973591 0.224235 
34100 20 0.990756 36 0.0975505 0.223032 
34200 20 0.977017 31 0.098424 0.221677 
34300 22 0.977891 36 0.0997088 0.223142 
34400 23 1.01796 36 0.105278 0.23575 
34500 23 1.03121 38 0.107375 0.240749 
34600 22 1.04521 33 0.109876 0.246658 
34700 20 1.08933 33 0.117468 0.263949 
34800 21 1.08295 37 0.11886 0.267623 
34900 24 1.11314 42 0.123238 0.27853 
35000 24 1.12053 41 0.123853 0.280614 
35100 25 1.15556 43 0.129 0.29036 
35200 23 1.19404 41 0.133003 0.298672 
35300 23 1.21987 40 0.133061 0.300498 
35400 24 1.23718 41 0.13504 0.304515 
35500 24 1.272 44 0.135 0.307126 
35600 25 1.25954 42 0.127359 0.295853 
35700 26 1.24746 47 0.119315 0.284605 
35800 26 1.23158 45 0.112584 0.273881 
35900 25 1.22091 41 0.107905 0.267191 
36000 22 1.23132 38 0.106675 0.266067 
36100 22 1.22153 42 0.106739 0.262867 
36200 22 1.15347 41 0.102397 0.247236 
36300 22 1.12178 39 0.10148 0.241665 
36400 25 1.13413 42 0.10804 0.251676 
36500 24 1.11265 40 0.110005 0.251854 
36600 23 1.0895 39 0.109262 0.247683 
36700 23 1.05576 34 0.103394 0.235941 
36800 24 0.973811 37 0.0914564 0.21147 
36900 24 0.956083 39 0.0884052 0.205958 
37000 22 0.956868 38 0.0878942 0.206135 
37100 20 0.960096 38 0.087314 0.206884 
37200 21 0.94975 38 0.0844881 0.202677 
37300 21 0.941005 41 0.0831333 0.19961 
37400 22 0.939114 41 0.0839152 0.201574 
37500 21 0.952361 41 0.0863207 0.206151 
37600 21 0.947313 39 0.089776 0.209527 
37700 21 0.915597 36 0.0881091 0.202976 
37800 21 0.887419 34 0.0850273 0.195815 
37900 21 0.874803 34 0.0825422 0.191661 
38000 20 0.862202 36 0.0832393 0.190991 
38100 21 0.888813 42 0.0889485 0.201434 
38200 22 0.944275 41 0.102132 0.225393 
38300 22 0.987481 44 0.106972 0.236365 
38400 22 0.992672 40 0.105693 0.235204 
38500 21 0.989406 37 0.103347 0.230984 
38600 21 0.976925 34 0.104196 0.230493 
38700 22 0.967007 35 0.105956 0.231896 
38800 21 0.945295 34 0.102817 0.225464 
38900 21 0.936123 35 0.10176 0.223258 
39000 21 0.966991 30 0.104973 0.231543 
39100 21 1.05188 33 0.113524 0.253034 
39200 21 1.12018 37 0.118613 0.267923 
39300 21 1.12608 36 0.1195 0.269488 
39400 21 1.08226 40 0.114467 0.257386 
39500 22 1.05188 40 0.107154 0.244447 
39600 22 1.0069 35 0.100101 0.229589 
39700 21 0.971254 33 0.0938591 0.217614 
39800 23 0.97464 34 0.094258 0.218176 
39900 22 0.971251 38 0.0963474 0.220143 
40000 24 0.946222 37 0.0944971 0.214057 
40100 22 0.926699 31 0.0914726 0.207925 
40200 21 0.933019 35 0.0889495 0.205695 
40300 21 0.907777 40 0.0843448 0.196756 
40400 20 0.917058 36 0.0854878 0.198865 
40500 20 0.966118 36 0.0932237 0.214448 
40600 21 1.00657 35 0.0997 0.227798 
40700 19 1.01725 31 0.101677 0.231811 
40800 19 1.01712 35 0.0990295 0.229922 
40900 21 1.05215 36 0.106887 0.245672 
41000 20 1.04631 36 0.1099 0.249654 
41100 21 0.999963 39 0.103745 0.236791 
41200 22 0.954851 36 0.0973265 0.223839 
41300 20 0.941199 35 0.095651 0.220674 
41400 19 0.941093 37 0.0982602 0.223392 
41500 21 0.954413 34 0.0989958 0.226347 
41600 20 0.988116 30 0.105635 0.23915 
41700 20 1.01681 34 0.108173 0.245527 
41800 21 0.999618 39 0.107264 0.241932 
41900 20 0.994276 40 0.107409 0.240532 
42000 19 1.02662 36 0.113885 0.252741 
42100 20 1.02777 37 0.116486 0.256645 
42200 20 0.963058 35 0.110171 0.240348 
42300 21 0.895271 35 0.101266 0.221057 
42400 20 0.841235 37 0.0935189 0.204448 
42500 22 0.822842 37 0.092366 0.200246 
42600 22 0.822983 35 0.0913958 0.19855 
42700 22 0.812939 31 0.0906998 0.196576 
42800 22 0.770472 33 0.086014 0.186041 
42900 21 0.747468 33 0.0837744 0.180592 
43000 23 0.765981 32 0.0834099 0.181811 
43100 22 0.788264 34 0.0854487 0.186805 
43200 24 0.796902 39 0.0861292 0.187968 
43300 23 0.799717 35 0.087113 0.189263 
43400 23 0.76432 38 0.0807132 0.17685 
43500 21 0.73082 40 0.0728803 0.163082 
43600 21 0.697396 35 0.0672143 0.152907 
43700 21 0.670508 34 0.0634959 0.14549 
43800 20 0.673249 34 0.0608331 0.143051 
43900 19 0.669394 32 0.0558953 0.137068 
44000 18 0.655588 27 0.0556709 0.135931 
44100 18 0.627229 28 0.054605 0.131132 
44200 18 0.626191 31 0.0554962 0.133071 
44300 17 0.651797 31 0.0600571 0.142399 
44400 18 0.691243 28 0.0663851 0.155846 
44500 17 0.667421 27 0.0647613 0.150742 
44600 17 0.657256 37 0.0645069 0.149216 
44700 18 0.608146 32 0.0582127 0.135473 
44800 17 0.581747 35 0.0540401 0.12606 
44900 19 0.522237 33 0.0466883 0.109096 
45000 18 0.493186 32 0.0425489 0.0994893 
45100 18 0.465865 31 0.0394617 0.0920155 
45200 16 0.450529 34 0.0376839 0.0884157 
45300 18 0.43866 36 0.0366733 0.0855745 
45400 17 0.429884 29 0.0361554 0.0839824 
45500 17 0.44106 24 0.0369765 0.0860922 
45600 17 0.443806 25 0.0382941 0.0878075 
45700 18 0.428263 25 0.034592 0.0817921 
45800 20 0.415309 27 0.0326659 0.0778168 
45900 19 0.410103 27 0.0312469 0.0756229 
46000 19 0.384777 27 0.0288588 0.0701474 
46100 19 0.350755 27 0.0246699 0.0615577 
46200 19 0.340737 31 0.0239194 0.0596037 
46300 18 0.348076 28 0.0247373 0.0614578 
46400 17 0.341288 29 0.0248232 0.0608072 
46500 17 0.344966 25 0.0262457 0.0628571 
46600 20 0.348175 31 0.0285616 0.0660753 
46700 16 0.37242 25 0.0311752 0.0723 
46800 16 0.453061 24 0.0420012 0.0945464 
46900 16 0.503394 26 0.0478609 0.107518 
47000 17 0.525088 27 0.0501578 0.112628 
47100 18 0.567118 31 0.0530954 0.121468 
47200 18 0.614717 29 0.0587191 0.133953 
47300 20 0.656169 29 0.0632771 0.144589 
47400 21 0.683493 29 0.0663538 0.15223 
47500 23 0.727281 33 0.0707415 0.163575 
47600 21 0.784416 38 0.0756551 0.177023 
47700 22 0.77057 37 0.0726992 0.171133 
47800 21 0.753018 32 0.068095 0.162774 
47900 20 0.735739 32 0.0629624 0.153915 
48000 19 0.689913 32 0.0560751 0.140217 
48100 19 0.662543 33 0.0505859 0.13064 
48200 19 0.666091 29 0.0513629 0.132758 
48300 19 0.699903 33 0.0542208 0.141249 
48400 18 0.700461 31 0.0533305 0.140683 
48500 18 0.684585 31 0.0510916 0.136067 
48600 18 0.68901 30 0.052716 0.137787 
48700 19 0.69428 31 0.052815 0.137421 
48800 18 0.675721 33 0.0495387 0.130391 
48900 17 0.652981 33 0.0462239 0.123494 
49000 17 0.636084 33 0.0469144 0.121777 
49100 17 0.623055 25 0.0485703 0.122271 
49200 18 0.604025 26 0.0476076 0.11833 
49300 17 0.572987 28 0.0454726 0.111845 
49400 17 0.526617 28 0.0404326 0.100078 
49500 18 0.496957 30 0.037951 0.0932523 
49600 17 0.473477 30 0.035542 0.0875583 
49700 17 0.453872 26 0.032284 0.0815148 
49800 17 0.459259 28 0.032953 0.0829752 
49900 17 0.485867 26 0.0341027 0.0874667 
50000 18 0.535088 29 0.0378861 0.0979217 
50100 19 0.556995 31 0.0399033 0.103587 
50200 16 0.58034 24 0.0446312 0.111707 
50300 18 0.602805 25 0.0485772 0.118774 
50400 18 0.610375 24 0.0487246 0.12081 
50500 17 0.618107 27 0.0503074 0.123646 
50600 17 0.617733 28 0.0530001 0.127134 
50700 17 0.59452 30 0.0515141 0.122482 
50800 17 0.60162 29 0.051959 0.123766 
50900 18 0.616433 30 0.0518561 0.125327 
51000 17 0.645957 31 0.0525623 0.130085 
51100 18 0.666112 29 0.049738 0.130911 
51200 19 0.730518 30 0.0545888 0.145928 
51300 18 0.799645 32 0.0633514 0.166176 
51400 19 0.9016 29 0.0790255 0.199655 
51500 19 0.979971 29 0.09188 0.227 
51600 19 1.01046 32 0.0995029 0.239306 
51700 18 1.00517 31 0.101665 0.23953 
51800 19 0.921065 34 0.0953266 0.218155 
51900 21 0.84923 36 0.0930085 0.206115 
52000 20 0.77709 35 0.0868774 0.190066 
52100 20 0.725875 36 0.0821763 0.178532 
52200 18 0.726002 31 0.0825288 0.178301 
52300 18 0.74293 27 0.0850992 0.18312 
52400 19 0.783481 29 0.0899061 0.193407 
52500 21 0.783707 32 0.0882371 0.191151 
52600 19 0.770866 29 0.0894768 0.191718 
52700 18 0.776194 30 0.0908351 0.194056 
52800 19 0.817697 34 0.094771 0.203808 
52900 21 0.878341 38 0.100052 0.218773 
53000 19 0.901132 32 0.103017 0.227225 
53100 20 0.911231 36 0.101691 0.22763 
53200 22 0.878674 36 0.097253 0.217397 
53300 22 0.815907 35 0.0890492 0.199088 
53400 21 0.792335 37 0.0875773 0.194319 
53500 21 0.757392 39 0.0841332 0.185685 
53600 22 0.716526 41 0.0787325 0.173675 
53700 21 0.664723 39 0.0719912 0.158051 
53800 22 0.645105 40 0.0701658 0.152771 
53900 20 0.616335 36 0.0664981 0.144754 
54000 21 0.648558 35 0.0730595 0.157574 
54100 23 0.66484 38 0.0783581 0.167282 
54200 22 0.696923 41 0.0817978 0.175276 
54300 21 0.716655 38 0.0795918 0.174465 
54400 21 0.730253 36 0.0757591 0.170812 
54500 22 0.701702 37 0.0688188 0.158352 
54600 22 0.633227 38 0.0611452 0.139617 
54700 23 0.600907 35 0.0597203 0.133399 
54800 23 0.5795 35 0.0573159 0.127466 
54900 23 0.604929 37 0.0601278 0.133561 
55000 23 0.637283 42 0.0631173 0.141076 
55100 23 0.664357 40 0.065964 0.147443 
55200 22 0.708159 38 0.0692757 0.15658 
55300 20 0.71421 34 0.0694508 0.156998 
55400 22 0.738465 38 0.0720925 0.16339 
55500 24 0.740046 40 0.0727073 0.164678 
55600 24 0.724623 42 0.0723927 0.163847 
55700 28 0.717714 48 0.0755319 0.168519 
55800 26 0.704433 43 0.0804687 0.175232 
55900 29 0.695173 45 0.0791024 0.172373 
56000 28 0.654586 45 0.0721529 0.15811 
56100 28 0.632992 47 0.0703021 0.154589 
56200 29 0.609277 45 0.0646474 0.144626 
56300 30 0.561672 45 0.0553773 0.126148 
56400 27 0.485113 41 0.045115 0.103631 
56500 26 0.451507 38 0.0410517 0.09458 
56600 26 0.413204 32 0.0361078 0.0840045 
56700 22 0.410041 29 0.0344091 0.0819509 
56800 22 0.412978 29 0.0338371 0.0809739 
56900 23 0.417969 32 0.0343976 0.0818196 
57000 24 0.421337 35 0.036189 0.0843781 
57100 24 0.423294 37 0.0375024 0.0867269 
57200 23 0.397967 33 0.0371013 0.0833594 
57300 20 0.362862 31 0.0353399 0.0776128 
57400 20 0.327769 30 0.0331083 0.0716202 
57500 19 0.313925 26 0.0322518 0.0692896 
57600 19 0.271621 25 0.0270578 0.0584388 
57700 20 0.273427 24 0.0266411 0.0578164 
57800 20 0.268188 25 0.0246677 0.0550232 
57900 19 0.25776 24 0.0224133 0.0511188 
58000 20 0.231765 27 0.0194243 0.0448997 
58100 21 0.217144 28 0.017532 0.0409577 
58200 20 0.20279 26 0.0154449 0.036963 
58300 19 0.231402 24 0.0180543 0.0433504 
58400 21 0.267298 29 0.0239151 0.0550888 
58500 21 0.328211 28 0.0363693 0.0791505 
58600 25 0.397568 33 0.0518482 0.108136 
58700 25 0.412082 34 0.0572976 0.117556 
58800 24 0.350385 32 0.043781 0.0915742 
58900 23 0.285525 28 0.0294425 0.0643295 
59000 21 0.240472 26 0.0189571 0.0456648 
59100 21 0.221748 26 0.0147438 0.0385097 
59200 20 0.218401 24 0.0135525 0.03637 
59300 19 0.245601 23 0.0157112 0.0420601 
59400 22 0.258618 31 0.0172157 0.0451145 
59500 20 0.262595 26 0.0194895 0.0477132 
59600 19 0.303608 25 0.0279105 0.0626479 
59700 20 0.366132 25 0.0406903 0.0865858 
59800 22 0.424049 29 0.0484186 0.103257 
59900 22 0.41937 29 0.0472783 0.101072 
60000 22 0.368883 27 0.0394994 0.0846517 
60100 20 0.332046 26 0.033041 0.0716469 
60200 18 0.294021 25 0.0277909 0.0608302 
60300 19 0.311424 23 0.0286978 0.0641106 
60400 20 0.315751 25 0.0313386 0.0684539 
60500 21 0.282522 26 0.0285545 0.0615982 
60600 21 0.257797 27 0.0248044 0.053955 
60700 18 0.233182 24 0.0216822 0.0471793 
60800 19 0.219012 26 0.0193581 0.0423299 
60900 17 0.20024 23 0.0167915 0.0377083 
61000 18 0.210827 25 0.0184477 0.0414401 
61100 16 0.216993 21 0.0196335 0.0440127 
61200 18 0.213732 23 0.0194841 0.0435776 
61300 16 0.199027 23 0.0175981 0.0398086 
61400 16 0.183534 22 0.0156029 0.0353591 
61500 17 0.162743 22 0.0142848 0.0316812 
61600 17 0.160284 21 0.0140405 0.0312535 
61700 16 0.15419 20 0.0138128 0.0309946 
61800 14 0.172724 18 0.0143847 0.0338081 
61900 12 0.17718 14 0.0147756 0.0350451 
62000 12 0.171857 14 0.013763 0.0329844 
62100 11 0.14435 13 0.0107594 0.0263584 
62200 11 0.124886 14 0.00932069 0.0226503 
62300 11 0.10417 15 0.00783417 0.0187385 
62400 9 0.0784573 13 0.00671267 0.0149153 
62500 10 0.0717534 13 0.00649684 0.0140142 
62600 11 0.0622938 12 0.00521675 0.0115186 
62700 11 0.0554177 13 0.00438728 0.00968424 
62800 10 0.0440979 13 0.00345405 0.00752351 
62900 11 0.0420107 13 0.00280367 0.00644282 
63000 11 0.0440119 14 0.00263908 0.00643666 
63100 10 0.0450347 13 0.00279259 0.00680422 
63200 8 0.0453682 13 0.00295313 0.00707886 
63300 8 0.0484941 11 0.00347791 0.00803522 
63400 7 0.053305 10 0.00439219 0.00973978 
63500 9 0.0636928 13 0.00535891 0.0121996 
63600 7 0.0715225 11 0.00576566 0.0135349 
63700 7 0.0732556 10 0.00531148 0.0131685 
63800 7 0.059493 9 0.00395031 0.00997635 
63900 7 0.0548716 9 0.00372386 0.00914555 
64000 8 0.0450278 10 0.00281524 0.00707782 
64100 7 0.0423394 9 0.00255893 0.0065019 
64200 6 0.0342178 10 0.00200039 0.00512934 
64300 6 0.0446211 8 0.002577 0.00673735 
64400 6 0.0583996 8 0.00360681 0.00932547 
64500 7 0.066233 9 0.00392262 0.0105764 
64600 7 0.0746109 9 0.00471436 0.0124852 
64700 7 0.0910598 10 0.00583474 0.0155107 
64800 8 0.0994133 11 0.00523678 0.0156666 
64900 8 0.0903515 12 0.00408417 0.0132681 
65000 8 0.0638368 12 0.00274049 0.00895268 
65100 6 0.0447231 10 0.00202725 0.00613248 
65200 8 0.0390089 11 0.00218449 0.00572251 
65300 8 0.0402238 11 0.00293974 0.00670321 
65400 7 0.0508565 10 0.00425339 0.00938601 
65500 7 0.058652 10 0.00506354 0.0111987 
65600 6 0.0724458 9 0.00645085 0.0143901 
65700 6 0.0866513 9 0.00817427 0.0179681 
65800 8 0.0844797 11 0.00746496 0.0166593 
65900 6 0.0903104 9 0.00754617 0.0172875 
66000 6 0.0935806 9 0.00779139 0.0180579 
66100 5 0.0877436 8 0.00681755 0.016307 
66200 5 0.0780499 8 0.0058047 0.0140782 
66300 7 0.0798434 10 0.00531269 0.013623 
66400 5 0.0727212 9 0.00395068 0.01137 
66500 5 0.0882377 8 0.00480954 0.0142049 
66600 6 0.098512 9 0.00544094 0.0160907 
66700 6 0.107586 8 0.00597449 0.0177312 
66800 7 0.0972975 9 0.00446386 0.0149434 
66900 7 0.09388 8 0.00438162 0.0144441 
67000 6 0.083617 7 0.00359864 0.0123737 
67100 6 0.0671511 7 0.00322759 0.0100337 
67200 5 0.0452754 7 0.00208973 0.00638097 
67300 5 0.0398794 7 0.00170783 0.00546098 
67400 5 0.0335926 6 0.00141783 0.00447857 
67500 5 0.0348164 6 0.00126004 0.00442627 
67600 5 0.0304664 6 0.000892656 0.00363255 
67700 5 0.0311686 5 0.000675904 0.00352972 
67800 3 0.0322042 3 0.000336789 0.00348015 
67900 5 0.0383207 5 0.000976306 0.00461868 
68000 7 0.0389113 7 0.000676488 0.00435959 
68100 5 0.0327286 5 0.000489808 0.00357937 
68200 3 0.0277386 3 0.000225166 0.00288963 
68300 3 0.0174799 3 0.000224585 0.00175925 
68400 3 0.0155487 3 0.00018679 0.00153168 
68500 3 0.0167843 3 0.000260902 0.0017145 
68600 3 0.00974556 3 0.000148915 0.000930717 
68700 3 0.0114731 3 0.000259654 0.00118699 
68800 4 0.0123483 4 0.000215864 0.00122581 
68900 5 0.0106745 5 0.00025349 0.00107927 
69000 5 0.00842504 5 0.000178619 0.000816751 
69100 4 0.00377141 4 7.43135e-05 0.000334411 
69200 3 0.00275341 3 7.43854e-05 0.000260349 
69300 2 0.00162584 2 0 0.00011157 
69400 1 0 1 0 0 
69500 1 0 1 0 0 
69600 1 0 1 0 0 
69700 1 0 1 0 0 
69800 1 0 1 0 0 
69900 1 0 1 0 0 
70000 1 0 1 0 0 
70100 1 0 1 0 0 
70200 1 0 1 0 0 
70300 1 0 1 0 0 
70400 1 0 1 0 0 
70500 1 0 1 0 0 
70600 1 0 1 0 0 
70700 1 0 1 0 0 
70800 1 0 1 0 0 
70900 1 0 1 0 0 
71000 1 0 1 0 0 
71100 1 0 1 0 0 
71200 1 0 1 0 0 
71300 1 0 1 0 0 
71400 1 0 1 0 0 
71500 1 0 1 0 0 
71600 1 0 1 0 0 
71700 1 0 1 0 0 
71800 1 0 1 0 0 
71900 1 0 1 0 0 
72000 1 0 1 0 0 
72100 1 0 1 0 0 
72200 1 0 1 0 0 
72300 1 0 1 0 0 
72400 1 0 1 0 0 
72500 1 0 1 0 0 
72600 1 0 1 0 0 
72700 1 0 1 0 0 
72800 1 0 1 0 0 
72900 1 0 1 0 0 
73000 1 0 1 0 0 
73100 1 0 1 0 0 
73200 1 0 1 0 0 
73300 1 0 1 0 0 
73400 1 0 1 0 0 
73500 1 0 1 0 0 
73600 1 0 1 0 0 
73700 1 0 1 0 0 
73800 1 0 1 0 0 
73900 1 0 1 0 0 
74000 1 0 1 0 0 
74100 1 0 1 0 0 
74200 1 0 1 0 0 
74300 1 0 1 0 0 
74400 1 0 1 0 0 
74500 1 0 1 0 0 
74600 1 0 1 0 0 
74700 1 0 1 0 0 
74800 1 0 1 0 0 
74900 1 0 1 0 0 
75000 1 0 1 0 0 
