# Sat Sep 12 18:25:53 2020
#  1: Update
#  2: Unique Phenotypes (by task done)
#  3: Shannon Diversity of Phenotypes (by task done)
#  4: Unique Phenotypes (by task count)
#  5: Average Phenotype Shannon Diversity (by task count)
#  6: Average Task Diversity (number of different tasks)

0 1 0 1 0 0 
100 1 0 1 0 1 
200 2 0.0361579 2 0 1 
300 2 0.0367934 2 0 1 
400 2 0.0523323 2 0 1 
500 2 0.0565683 2 0 1 
600 3 0.0721224 3 0 1 
700 4 0.0889331 7 0 1 
800 4 0.0826534 8 0 1 
900 3 0.0788398 10 0 1 
1000 4 0.0780585 12 0.000209108 1.00023 
1100 4 0.0764051 15 8.92069e-05 1.0001 
1200 4 0.0757824 19 0.000398303 1.00042 
1300 4 0.0764087 17 0.000148725 1.00015 
1400 5 0.0827499 19 0.000265444 1.00027 
1500 5 0.0849123 22 0.000350389 1.00037 
1600 5 0.0842566 21 0.000421857 1.00045 
1700 4 0.0801233 19 0.000245327 1.00026 
1800 4 0.0873185 20 0.000505806 1.00054 
1900 4 0.088921 21 0.000601711 1.00064 
2000 4 0.0911336 24 0.000633627 1.0007 
2100 4 0.0982199 23 0.000473026 1.0005 
2200 4 0.0988045 22 0.000412713 1.00044 
2300 4 0.102637 21 0.000479656 1.00051 
2400 4 0.105566 25 0.000651129 1.00068 
2500 4 0.114048 28 0.000869341 1.00093 
2600 4 0.112481 27 0.000789545 1.00085 
2700 4 0.110261 23 0.000640061 1.00069 
2800 4 0.11631 25 0.000763768 1.00083 
2900 4 0.117135 26 0.000743679 1.00078 
3000 4 0.117257 26 0.00100664 1.00106 
3100 6 0.117573 30 0.000992737 1.00106 
3200 6 0.119118 30 0.0010927 1.00116 
3300 7 0.123134 28 0.00145912 1.00155 
3400 7 0.125406 27 0.00132858 1.00141 
3500 7 0.132428 29 0.00149781 1.00159 
3600 8 0.141288 30 0.00188679 1.00202 
3700 8 0.142063 32 0.00183907 1.00197 
3800 7 0.136197 30 0.00146113 1.00155 
3900 7 0.143115 31 0.00169285 1.00178 
4000 7 0.149869 30 0.00202605 1.00214 
4100 6 0.156779 31 0.00208063 1.00221 
4200 6 0.162039 32 0.00215813 1.00231 
4300 6 0.176632 34 0.00252492 1.0027 
4400 7 0.190193 35 0.00254686 1.00269 
4500 7 0.212176 33 0.00283889 1.00303 
4600 7 0.230633 37 0.00296604 1.00315 
4700 7 0.238763 31 0.00255542 1.00273 
4800 7 0.253347 32 0.00235667 1.0025 
4900 7 0.279906 37 0.00262122 1.00277 
5000 7 0.322216 38 0.0034734 1.00368 
5100 8 0.358314 36 0.00365035 1.00388 
5200 8 0.404791 35 0.00382555 1.00406 
5300 7 0.435689 35 0.00320462 1.00342 
5400 7 0.480249 32 0.00324411 1.00346 
5500 7 0.521695 34 0.00231764 1.00245 
5600 7 0.576815 29 0.00261239 1.00277 
5700 7 0.615186 31 0.00213201 1.00226 
5800 8 0.670048 35 0.00256182 1.00272 
5900 6 0.724082 31 0.00261362 1.00277 
6000 8 0.780438 30 0.00302019 1.00319 
6100 8 0.843045 35 0.00378914 1.004 
6200 9 0.904782 39 0.00526197 1.00556 
6300 9 0.9503 41 0.00494623 1.0052 
6400 9 1.01909 36 0.00562781 1.0059 
6500 9 1.05862 38 0.00626434 1.00655 
6600 9 1.12129 42 0.00704808 1.00735 
6700 9 1.16338 47 0.00772491 1.00802 
6800 9 1.20733 47 0.00861088 1.00896 
6900 9 1.26992 50 0.0107501 1.01117 
7000 8 1.3031 51 0.0114672 1.0119 
7100 9 1.35594 57 0.0140329 1.01459 
7200 9 1.39945 51 0.014415 1.01494 
7300 10 1.439 58 0.0155498 1.01611 
7400 10 1.48083 58 0.0160883 1.01672 
7500 11 1.53184 62 0.0180188 1.01874 
7600 12 1.56629 64 0.0184639 1.01919 
7700 12 1.60506 68 0.0187151 1.01954 
7800 12 1.63482 66 0.0202512 1.02099 
7900 13 1.67773 72 0.0211681 1.02188 
8000 11 1.7086 74 0.0213776 1.02203 
8100 13 1.74412 75 0.0231244 1.02386 
8200 13 1.76398 73 0.0206657 1.02128 
8300 11 1.79572 72 0.0223235 1.02292 
8400 11 1.82303 76 0.0233329 1.02397 
8500 11 1.85073 78 0.0236338 1.0243 
8600 14 1.86931 88 0.024987 1.02565 
8700 14 1.89799 87 0.0268422 1.02763 
8800 14 1.90794 85 0.0265006 1.02714 
8900 14 1.92774 93 0.0272583 1.02797 
9000 14 1.94854 94 0.0283191 1.02904 
9100 13 1.9709 99 0.0295642 1.03032 
9200 14 1.98577 95 0.0310594 1.03168 
9300 14 2.00312 96 0.0314766 1.0324 
9400 14 2.02214 97 0.0308944 1.03167 
9500 13 2.0473 103 0.0309813 1.03191 
9600 14 2.06316 100 0.0320918 1.03308 
9700 14 2.09393 109 0.0338264 1.03488 
9800 14 2.10947 108 0.0344542 1.03547 
9900 14 2.13348 107 0.0359349 1.03695 
10000 14 2.1489 113 0.0364491 1.03769 
10100 15 2.16073 112 0.0372791 1.0385 
10200 15 2.17203 110 0.0373615 1.0385 
10300 15 2.17889 114 0.0374196 1.03859 
10400 15 2.19603 113 0.0391173 1.04036 
10500 15 2.20987 120 0.0407208 1.0421 
10600 15 2.22344 112 0.0413563 1.04266 
10700 15 2.23764 120 0.0414655 1.04266 
10800 15 2.24238 127 0.0411124 1.04245 
10900 15 2.24862 130 0.0419511 1.04334 
11000 15 2.25045 138 0.0412747 1.04254 
11100 15 2.25344 128 0.0413503 1.04246 
11200 14 2.27389 131 0.0445196 1.04583 
11300 14 2.28479 135 0.0452347 1.04659 
11400 14 2.2965 136 0.046951 1.04839 
11500 14 2.30418 142 0.0477918 1.0492 
11600 14 2.32036 139 0.0515878 1.05328 
11700 14 2.32015 139 0.0512776 1.05278 
11800 14 2.33902 145 0.0539691 1.0557 
11900 14 2.35045 143 0.0568591 1.05862 
12000 14 2.3492 147 0.0555797 1.05736 
12100 14 2.35529 144 0.0580226 1.05979 
12200 15 2.35016 156 0.0592591 1.06089 
12300 16 2.34001 152 0.0583082 1.05989 
12400 17 2.31783 158 0.0558623 1.05745 
12500 17 2.32253 151 0.0562763 1.05779 
12600 16 2.3357 152 0.0577414 1.05935 
12700 15 2.35319 159 0.0598727 1.06155 
12800 15 2.37238 162 0.0608528 1.0626 
12900 15 2.40164 161 0.0649892 1.06691 
13000 14 2.4213 167 0.0669333 1.06892 
13100 15 2.43763 163 0.0694748 1.07148 
13200 16 2.45792 172 0.0733286 1.07547 
13300 15 2.46744 171 0.0753812 1.07768 
13400 15 2.47699 174 0.0770762 1.07952 
13500 15 2.48936 172 0.0786311 1.08118 
13600 15 2.50116 177 0.08031 1.08302 
13700 15 2.51291 176 0.0830018 1.08558 
13800 15 2.51772 185 0.0835182 1.08628 
13900 15 2.53023 185 0.0858914 1.0887 
14000 16 2.54616 190 0.0890845 1.09235 
14100 16 2.56926 193 0.0935463 1.09695 
14200 16 2.57442 192 0.0921872 1.09546 
14300 17 2.58049 193 0.0934143 1.09685 
14400 17 2.58144 196 0.0915422 1.09483 
14500 16 2.59383 199 0.0932223 1.09692 
14600 16 2.59867 200 0.0927068 1.09663 
14700 17 2.60538 206 0.0934819 1.09746 
14800 17 2.60883 205 0.0931582 1.09742 
14900 18 2.61455 207 0.0929487 1.09727 
15000 17 2.62148 206 0.0904688 1.09491 
15100 17 2.6271 191 0.0906034 1.09521 
15200 18 2.63607 203 0.0913034 1.096 
15300 18 2.6366 204 0.0903734 1.09507 
15400 19 2.65187 207 0.0912147 1.09627 
15500 19 2.65858 218 0.0888533 1.09377 
15600 20 2.65039 210 0.0858403 1.09064 
15700 20 2.64686 211 0.0838897 1.08832 
15800 20 2.64469 216 0.0813589 1.08564 
15900 18 2.63912 214 0.0802394 1.08432 
16000 18 2.63673 220 0.0783011 1.08232 
16100 18 2.647 218 0.0793967 1.08347 
16200 18 2.65402 212 0.0799501 1.08403 
16300 18 2.66875 215 0.079908 1.08394 
16400 19 2.70132 215 0.0851217 1.08964 
16500 19 2.71351 221 0.0861289 1.09089 
16600 19 2.71668 219 0.0843666 1.08887 
16700 20 2.73774 226 0.0863274 1.09095 
16800 21 2.75783 231 0.0873744 1.09205 
16900 21 2.77711 235 0.0886295 1.09315 
17000 21 2.79983 227 0.089719 1.09434 
17100 22 2.8346 233 0.0918118 1.09672 
17200 22 2.84914 231 0.0927784 1.09783 
17300 20 2.85763 226 0.0904158 1.09587 
17400 21 2.87199 220 0.0908851 1.09635 
17500 21 2.88887 225 0.0910747 1.09655 
17600 19 2.90369 220 0.0895693 1.095 
17700 20 2.91823 216 0.0877013 1.09311 
17800 21 2.93503 234 0.0880274 1.09366 
17900 21 2.94538 236 0.0865767 1.09221 
18000 22 2.95468 245 0.0854585 1.09106 
18100 22 2.95277 241 0.0820396 1.08694 
18200 23 2.96289 256 0.0813875 1.08648 
18300 22 2.96971 260 0.0816564 1.08675 
18400 22 2.98043 260 0.0827023 1.08769 
18500 23 2.99228 256 0.0844404 1.08964 
18600 23 2.9969 276 0.0853725 1.09067 
18700 24 3.00268 260 0.085415 1.09046 
18800 24 3.01376 273 0.0869854 1.09226 
18900 24 3.02225 275 0.0881657 1.09346 
19000 23 3.01811 266 0.0871783 1.0925 
19100 23 3.01669 262 0.0861509 1.09131 
19200 23 3.02758 261 0.0873213 1.09281 
19300 23 3.04293 270 0.0888379 1.09495 
19400 23 3.051 267 0.0905174 1.09671 
19500 22 3.06774 280 0.0943796 1.101 
19600 22 3.07983 287 0.0964894 1.10344 
19700 22 3.09454 278 0.0988597 1.10637 
19800 22 3.09754 298 0.09833 1.10596 
19900 23 3.09824 303 0.0979126 1.10561 
20000 23 3.09724 302 0.0969789 1.10468 
20100 23 3.10695 315 0.0979441 1.10588 
20200 23 3.13171 322 0.101704 1.11024 
20300 22 3.13335 307 0.102269 1.11048 
20400 22 3.15204 318 0.105811 1.11436 
20500 23 3.16362 327 0.108294 1.11653 
20600 24 3.18073 316 0.111728 1.12076 
20700 26 3.20226 326 0.116396 1.1257 
20800 26 3.21107 334 0.118482 1.1278 
20900 26 3.22416 336 0.121502 1.13122 
21000 26 3.23441 339 0.123398 1.13389 
21100 27 3.244 336 0.125848 1.13635 
21200 26 3.23962 332 0.125594 1.13577 
21300 25 3.22508 331 0.123283 1.13266 
21400 25 3.22847 336 0.124237 1.13394 
21500 25 3.22891 337 0.125977 1.1354 
21600 25 3.22308 336 0.126343 1.13599 
21700 26 3.23918 335 0.131541 1.1418 
21800 27 3.24585 323 0.133804 1.14419 
21900 27 3.26148 343 0.13743 1.14862 
22000 27 3.24874 353 0.135194 1.14618 
22100 26 3.26041 371 0.138437 1.14966 
22200 26 3.2586 369 0.139648 1.15102 
22300 27 3.25774 364 0.142269 1.15389 
22400 27 3.25681 371 0.143265 1.15515 
22500 27 3.25155 383 0.144902 1.15635 
22600 27 3.24177 386 0.144618 1.15621 
22700 27 3.22685 385 0.143254 1.15424 
22800 27 3.2385 399 0.147178 1.15901 
22900 29 3.24905 404 0.150964 1.16345 
23000 29 3.24645 411 0.150891 1.16324 
23100 31 3.23569 415 0.149811 1.16171 
23200 31 3.24292 406 0.152886 1.16498 
23300 29 3.24329 410 0.154706 1.16668 
23400 31 3.24671 421 0.157259 1.16962 
23500 30 3.25281 432 0.160043 1.17285 
23600 30 3.25928 439 0.163126 1.17629 
23700 30 3.26365 428 0.16564 1.179 
23800 30 3.25836 430 0.164866 1.17791 
23900 30 3.26316 414 0.165945 1.17878 
24000 30 3.27604 429 0.169197 1.18254 
24100 29 3.27649 433 0.1691 1.18232 
24200 30 3.29749 440 0.173073 1.18671 
24300 29 3.3141 433 0.177505 1.19131 
24400 28 3.30895 441 0.175156 1.18903 
24500 29 3.32251 434 0.177841 1.19192 
24600 28 3.32561 445 0.177854 1.19168 
24700 28 3.32298 451 0.177394 1.19112 
24800 28 3.32025 450 0.176322 1.18982 
24900 27 3.31969 438 0.175202 1.18943 
25000 26 3.31355 449 0.173772 1.18807 
25100 27 3.31556 460 0.174077 1.18867 
25200 26 3.31135 450 0.174149 1.18849 
25300 27 3.30634 452 0.1732 1.18755 
25400 27 3.31641 457 0.175522 1.19019 
25500 27 3.31272 461 0.175541 1.19104 
25600 27 3.31133 458 0.176452 1.19184 
25700 26 3.3187 452 0.179297 1.19525 
25800 27 3.3269 461 0.181087 1.1973 
25900 26 3.33867 465 0.183924 1.20081 
26000 26 3.34814 469 0.18878 1.20639 
26100 27 3.35407 475 0.190211 1.20776 
26200 27 3.3612 482 0.192476 1.21069 
26300 27 3.36887 486 0.195078 1.2134 
26400 27 3.37425 482 0.194888 1.21343 
26500 27 3.38494 493 0.198747 1.2181 
26600 28 3.39042 508 0.199379 1.21932 
26700 28 3.39196 514 0.198645 1.21839 
26800 28 3.39647 509 0.199436 1.21935 
26900 27 3.407 518 0.201388 1.22182 
27000 26 3.41918 524 0.206407 1.22701 
27100 27 3.43214 548 0.211411 1.2329 
27200 27 3.44483 531 0.216545 1.23875 
27300 27 3.45439 529 0.219777 1.24289 
27400 27 3.44603 550 0.219234 1.24281 
27500 26 3.45053 536 0.222207 1.24614 
27600 29 3.46695 539 0.226878 1.25157 
27700 27 3.47346 551 0.230284 1.25545 
27800 28 3.4762 548 0.230489 1.25597 
27900 28 3.49432 567 0.235175 1.262 
28000 29 3.50104 578 0.236692 1.26426 
28100 29 3.51678 569 0.240922 1.26915 
28200 29 3.53578 561 0.246214 1.27534 
28300 28 3.54025 566 0.249131 1.27843 
28400 29 3.55934 584 0.254959 1.28536 
28500 29 3.56423 576 0.257191 1.2877 
28600 34 3.57272 588 0.260714 1.2924 
28700 32 3.58054 583 0.262589 1.29436 
28800 31 3.57859 590 0.261052 1.29197 
28900 31 3.59147 593 0.262254 1.29311 
29000 31 3.59503 607 0.259755 1.29015 
29100 32 3.5951 612 0.255159 1.28372 
29200 32 3.58699 632 0.251718 1.27898 
29300 32 3.58956 643 0.252713 1.2794 
29400 33 3.59138 646 0.250803 1.2776 
29500 32 3.57684 647 0.247281 1.27306 
29600 33 3.58157 669 0.249575 1.27576 
29700 33 3.57111 651 0.247557 1.27336 
29800 33 3.58398 648 0.252928 1.27982 
29900 33 3.59395 651 0.25787 1.28545 
30000 34 3.59549 647 0.259287 1.28748 
30100 33 3.59056 644 0.260922 1.28928 
30200 33 3.60094 652 0.267014 1.29585 
30300 33 3.59953 651 0.26652 1.29549 
30400 33 3.59781 646 0.267899 1.29725 
30500 33 3.59888 656 0.265838 1.295 
30600 34 3.61648 661 0.27048 1.30111 
30700 35 3.62149 650 0.273177 1.30368 
30800 34 3.62166 670 0.274254 1.3051 
30900 33 3.64258 676 0.280088 1.31185 
31000 33 3.64854 673 0.280064 1.31281 
31100 33 3.63504 664 0.278922 1.31145 
31200 33 3.62864 659 0.280966 1.31353 
31300 33 3.61942 639 0.280079 1.31199 
31400 32 3.61288 635 0.281701 1.31465 
31500 32 3.61615 640 0.284836 1.31853 
31600 32 3.61051 661 0.284152 1.31819 
31700 32 3.61426 669 0.288285 1.32236 
31800 32 3.61303 654 0.288141 1.32271 
31900 34 3.61496 673 0.289555 1.32496 
32000 34 3.62255 671 0.292223 1.32875 
32100 34 3.62612 693 0.292684 1.32993 
32200 34 3.64537 712 0.297399 1.336 
32300 34 3.64781 705 0.298297 1.33756 
32400 35 3.65949 721 0.300457 1.34137 
32500 35 3.67491 722 0.304631 1.34645 
32600 34 3.68792 737 0.308201 1.35032 
32700 35 3.71024 752 0.312514 1.35515 
32800 35 3.72557 713 0.317043 1.36134 
32900 35 3.73649 747 0.3219 1.36751 
33000 35 3.74583 742 0.323519 1.36982 
33100 36 3.76553 760 0.329165 1.37688 
33200 37 3.78617 789 0.333759 1.38273 
33300 37 3.80033 798 0.336651 1.38667 
33400 37 3.80543 813 0.336997 1.38745 
33500 37 3.80913 805 0.339105 1.39059 
33600 36 3.8219 827 0.345617 1.39763 
33700 37 3.83395 847 0.35108 1.40512 
33800 37 3.84938 872 0.356657 1.41208 
33900 37 3.85063 867 0.359297 1.41571 
34000 38 3.86443 885 0.362025 1.41972 
34100 38 3.8704 897 0.361351 1.42057 
34200 39 3.87115 904 0.362184 1.42068 
34300 40 3.88027 884 0.363695 1.42293 
34400 39 3.89048 880 0.367699 1.42804 
34500 40 3.89599 897 0.369573 1.4304 
34600 41 3.90396 902 0.370372 1.43166 
34700 40 3.91322 937 0.374149 1.4362 
34800 40 3.91513 942 0.374249 1.43579 
34900 39 3.92724 939 0.378252 1.44059 
35000 40 3.9277 933 0.381119 1.44409 
35100 40 3.92398 956 0.378501 1.44152 
35200 40 3.92751 914 0.380284 1.44408 
35300 41 3.92131 915 0.376164 1.43926 
35400 39 3.91584 917 0.37245 1.43448 
35500 41 3.91838 902 0.367355 1.42897 
35600 42 3.90298 890 0.357834 1.41623 
35700 40 3.89724 895 0.35102 1.40806 
35800 40 3.88207 896 0.343772 1.39796 
35900 41 3.86926 896 0.335445 1.38761 
36000 40 3.8667 896 0.329365 1.38004 
36100 40 3.86106 901 0.326831 1.37616 
36200 41 3.84435 891 0.320393 1.36807 
36300 42 3.83596 907 0.317461 1.364 
36400 42 3.82473 928 0.313081 1.35909 
36500 43 3.80581 898 0.308044 1.3535 
36600 41 3.7917 910 0.303697 1.34855 
36700 42 3.79186 920 0.305227 1.35027 
36800 42 3.78814 927 0.305704 1.35048 
36900 42 3.77847 924 0.30431 1.34968 
37000 42 3.7855 935 0.309466 1.35687 
37100 43 3.79374 948 0.313953 1.3617 
37200 45 3.79904 943 0.315073 1.36366 
37300 44 3.80731 950 0.318843 1.36864 
37400 43 3.79991 953 0.317801 1.36739 
37500 42 3.79918 964 0.318977 1.36883 
37600 40 3.79378 972 0.318374 1.36811 
37700 39 3.77918 972 0.312581 1.36128 
37800 41 3.76378 952 0.305448 1.35248 
37900 41 3.74287 945 0.296978 1.3423 
38000 40 3.70843 947 0.287551 1.33064 
38100 35 3.68369 915 0.283422 1.32542 
38200 37 3.67324 938 0.279709 1.32192 
38300 37 3.66459 945 0.277271 1.31974 
38400 38 3.65485 946 0.277018 1.31918 
38500 40 3.64501 926 0.274275 1.31667 
38600 39 3.64411 914 0.275974 1.31875 
38700 39 3.6494 928 0.277054 1.32038 
38800 40 3.62652 940 0.273474 1.3157 
38900 40 3.6267 931 0.274055 1.31697 
39000 42 3.62941 958 0.27441 1.31674 
39100 42 3.63226 953 0.275529 1.31852 
39200 42 3.63175 953 0.275254 1.31842 
39300 42 3.63512 975 0.276074 1.32005 
39400 43 3.64399 967 0.276584 1.32158 
39500 43 3.65116 992 0.278903 1.32439 
39600 43 3.65989 989 0.279381 1.32508 
39700 47 3.66424 960 0.278816 1.32414 
39800 46 3.66628 995 0.281448 1.32693 
39900 45 3.6713 998 0.280607 1.32694 
40000 45 3.67947 1002 0.281385 1.3291 
40100 46 3.68518 1006 0.28404 1.33224 
40200 45 3.70293 1040 0.290328 1.34042 
40300 46 3.71438 1052 0.291996 1.34293 
40400 46 3.73428 1061 0.298146 1.35037 
40500 46 3.75553 1074 0.301626 1.35492 
40600 46 3.77439 1070 0.307046 1.36189 
40700 47 3.79713 1095 0.313113 1.37002 
40800 47 3.81342 1114 0.316183 1.37391 
40900 47 3.8302 1131 0.322196 1.38134 
41000 47 3.85324 1157 0.326097 1.38795 
41100 47 3.88545 1158 0.334581 1.3992 
41200 45 3.90748 1177 0.339824 1.40562 
41300 44 3.92801 1200 0.345765 1.41257 
41400 44 3.94385 1202 0.349436 1.41716 
41500 44 3.97397 1226 0.358327 1.42822 
41600 45 3.99165 1232 0.364478 1.43547 
41700 44 3.99559 1238 0.367082 1.4384 
41800 46 4.0243 1259 0.374998 1.44818 
41900 47 4.04179 1266 0.37765 1.45225 
42000 47 4.05427 1282 0.383765 1.45948 
42100 47 4.06492 1280 0.390924 1.46841 
42200 50 4.07773 1305 0.395433 1.47324 
42300 50 4.0817 1312 0.400007 1.47869 
42400 49 4.09526 1294 0.405042 1.48549 
42500 49 4.10407 1329 0.407406 1.4884 
42600 49 4.11266 1350 0.412093 1.49437 
42700 49 4.11689 1327 0.415352 1.49898 
42800 48 4.11323 1344 0.417058 1.50091 
42900 48 4.10919 1336 0.418037 1.50163 
43000 47 4.11686 1320 0.422622 1.50799 
43100 48 4.1172 1333 0.428439 1.51407 
43200 48 4.13398 1340 0.43507 1.52345 
43300 48 4.14109 1339 0.439704 1.52943 
43400 46 4.1521 1349 0.445042 1.53629 
43500 46 4.15794 1361 0.447379 1.53828 
43600 46 4.15853 1370 0.44679 1.53787 
43700 44 4.15842 1395 0.448548 1.53815 
43800 45 4.16541 1371 0.455078 1.54628 
43900 44 4.16791 1379 0.457601 1.54931 
44000 45 4.17352 1379 0.459825 1.55207 
44100 44 4.17519 1407 0.461172 1.55408 
44200 45 4.18492 1419 0.465832 1.56109 
44300 45 4.19609 1431 0.469068 1.56554 
44400 44 4.20208 1423 0.470451 1.56837 
44500 44 4.19877 1454 0.470786 1.56938 
44600 43 4.20447 1443 0.472926 1.57228 
44700 43 4.21369 1489 0.479488 1.58135 
44800 43 4.21692 1459 0.480516 1.58179 
44900 43 4.2165 1472 0.479511 1.58026 
45000 44 4.21191 1482 0.478255 1.57712 
45100 43 4.20954 1447 0.479581 1.57787 
45200 44 4.20132 1474 0.474598 1.57057 
45300 44 4.19062 1493 0.474821 1.57007 
45400 45 4.18998 1477 0.469961 1.56339 
45500 45 4.20224 1489 0.475327 1.57031 
45600 45 4.19112 1472 0.473154 1.56657 
45700 46 4.1973 1451 0.473765 1.56745 
45800 46 4.20593 1471 0.477339 1.57193 
45900 46 4.19752 1435 0.476797 1.57126 
46000 46 4.19969 1452 0.47774 1.57248 
46100 43 4.20514 1444 0.474992 1.56931 
46200 44 4.20578 1426 0.474852 1.56832 
46300 44 4.20006 1430 0.471338 1.56299 
46400 44 4.19474 1423 0.465928 1.55582 
46500 45 4.20301 1418 0.465394 1.55622 
46600 45 4.20576 1418 0.45716 1.54634 
46700 45 4.19711 1411 0.450335 1.53748 
46800 43 4.18268 1393 0.43823 1.52335 
46900 44 4.18165 1359 0.426799 1.51112 
47000 44 4.16215 1356 0.410224 1.49223 
47100 44 4.15627 1321 0.401925 1.48312 
47200 44 4.1502 1294 0.391633 1.47068 
47300 44 4.1486 1289 0.385852 1.46417 
47400 43 4.13777 1328 0.377272 1.45307 
47500 43 4.13661 1315 0.374772 1.44928 
47600 42 4.1479 1334 0.374334 1.44948 
47700 44 4.15406 1337 0.373397 1.44918 
47800 43 4.15252 1341 0.37247 1.44765 
47900 43 4.14764 1339 0.373589 1.44769 
48000 43 4.14334 1375 0.370985 1.44432 
48100 43 4.14444 1364 0.371135 1.44501 
48200 44 4.13792 1371 0.368269 1.44208 
48300 42 4.13747 1345 0.369481 1.44334 
48400 41 4.13293 1340 0.368003 1.44202 
48500 41 4.10908 1346 0.359606 1.43173 
48600 42 4.10172 1361 0.356827 1.42872 
48700 43 4.0906 1349 0.349812 1.42036 
48800 44 4.07016 1335 0.343154 1.41206 
48900 46 4.05638 1311 0.339325 1.40616 
49000 45 4.03421 1317 0.330684 1.39529 
49100 46 4.01368 1290 0.322841 1.38734 
49200 45 3.99887 1286 0.320807 1.38464 
49300 44 3.98 1270 0.313065 1.37472 
49400 45 3.95676 1238 0.305977 1.36549 
49500 44 3.94382 1226 0.300833 1.35913 
49600 43 3.92764 1231 0.295428 1.35136 
49700 45 3.91176 1208 0.28891 1.34275 
49800 45 3.9231 1251 0.290748 1.34601 
49900 44 3.91128 1250 0.285984 1.33991 
50000 43 3.90297 1272 0.2861 1.34055 
50100 42 3.91189 1326 0.287403 1.34211 
50200 43 3.92211 1337 0.289645 1.34519 
50300 43 3.93459 1349 0.290052 1.34643 
50400 44 3.94444 1361 0.293059 1.34964 
50500 43 3.95116 1363 0.293878 1.35045 
50600 44 3.95052 1352 0.293328 1.34835 
50700 44 3.97252 1357 0.297319 1.35551 
50800 44 3.97635 1380 0.297968 1.35614 
50900 43 3.99264 1364 0.301321 1.36122 
51000 43 3.99294 1381 0.302664 1.36272 
51100 43 3.99462 1384 0.302682 1.36249 
51200 44 3.98508 1403 0.297929 1.35685 
51300 45 3.98022 1372 0.297608 1.35618 
51400 46 3.97642 1375 0.295364 1.35422 
51500 45 3.96655 1355 0.294544 1.35273 
51600 46 3.96296 1373 0.296508 1.35516 
51700 46 3.97411 1360 0.301329 1.36127 
51800 46 3.99002 1387 0.306183 1.36649 
51900 45 4.00802 1362 0.310535 1.37275 
52000 45 4.02825 1392 0.316282 1.3795 
52100 45 4.04504 1396 0.32098 1.38532 
52200 45 4.05504 1413 0.324313 1.39004 
52300 45 4.07043 1422 0.325046 1.3927 
52400 47 4.0783 1431 0.327384 1.39543 
52500 44 4.06439 1407 0.32441 1.39105 
52600 45 4.06787 1392 0.324869 1.39156 
52700 45 4.07615 1371 0.326174 1.3938 
52800 45 4.07115 1378 0.324624 1.39205 
52900 44 4.07794 1386 0.325964 1.39347 
53000 44 4.08732 1430 0.32719 1.39482 
53100 44 4.08969 1430 0.326802 1.39407 
53200 44 4.0913 1446 0.327078 1.39529 
53300 45 4.09449 1441 0.331516 1.39996 
53400 44 4.09173 1464 0.33077 1.39932 
53500 44 4.09243 1471 0.331311 1.39986 
53600 43 4.09659 1461 0.332391 1.40039 
53700 44 4.10822 1480 0.333948 1.40301 
53800 44 4.12071 1491 0.33497 1.40476 
53900 44 4.12529 1489 0.335838 1.4056 
54000 44 4.13144 1507 0.338676 1.41046 
54100 44 4.14424 1530 0.341368 1.41403 
54200 44 4.14305 1505 0.339509 1.41224 
54300 42 4.15293 1485 0.342821 1.41543 
54400 43 4.15944 1466 0.343274 1.41633 
54500 43 4.14898 1486 0.338866 1.41093 
54600 44 4.14966 1491 0.337198 1.40913 
54700 42 4.14547 1505 0.33675 1.40792 
54800 44 4.14574 1533 0.33493 1.40606 
54900 43 4.15225 1565 0.335721 1.40728 
55000 43 4.15502 1552 0.334899 1.40689 
55100 44 4.15017 1537 0.332184 1.40317 
55200 42 4.14909 1556 0.329214 1.39897 
55300 44 4.14715 1541 0.327308 1.39654 
55400 44 4.14311 1544 0.326698 1.39389 
55500 45 4.13492 1532 0.322181 1.38941 
55600 45 4.12277 1551 0.31772 1.38451 
55700 45 4.11294 1554 0.317034 1.38188 
55800 46 4.1115 1558 0.316558 1.38176 
55900 46 4.09983 1524 0.315034 1.37932 
56000 46 4.0989 1548 0.317445 1.38368 
56100 46 4.1119 1568 0.32153 1.38912 
56200 44 4.09959 1556 0.319229 1.38608 
56300 45 4.1077 1612 0.322091 1.39087 
56400 46 4.1035 1568 0.323949 1.39208 
56500 46 4.09395 1559 0.323587 1.39164 
56600 46 4.09163 1600 0.325449 1.39406 
56700 45 4.08908 1578 0.327353 1.39565 
56800 45 4.09164 1627 0.328646 1.39826 
56900 43 4.09442 1645 0.331564 1.40326 
57000 45 4.08956 1632 0.333315 1.40517 
57100 45 4.08 1615 0.330754 1.40229 
57200 43 4.07097 1590 0.330951 1.40352 
57300 43 4.07322 1580 0.332642 1.40613 
57400 43 4.07452 1592 0.332876 1.4067 
57500 44 4.08377 1614 0.334988 1.41013 
57600 43 4.08309 1629 0.331943 1.40772 
57700 42 4.09105 1641 0.334523 1.41104 
57800 42 4.09179 1630 0.336904 1.41611 
57900 43 4.09162 1617 0.33987 1.4206 
58000 44 4.08812 1651 0.342534 1.42413 
58100 43 4.08034 1645 0.342214 1.42417 
58200 43 4.07441 1654 0.342717 1.42517 
58300 42 4.0778 1652 0.345196 1.42912 
58400 41 4.07994 1659 0.348444 1.43307 
58500 43 4.08395 1657 0.348529 1.43374 
58600 43 4.08567 1680 0.348183 1.43432 
58700 44 4.07434 1687 0.347382 1.43344 
58800 44 4.07469 1698 0.348607 1.43612 
58900 44 4.07194 1742 0.348654 1.43753 
59000 44 4.08969 1749 0.356572 1.44697 
59100 44 4.10568 1743 0.360221 1.45145 
59200 44 4.10987 1724 0.365602 1.45886 
59300 45 4.12442 1734 0.369389 1.46432 
59400 46 4.12681 1746 0.369813 1.46633 
59500 46 4.1326 1769 0.372591 1.47072 
59600 45 4.13307 1778 0.372057 1.4715 
59700 47 4.14973 1797 0.374917 1.47643 
59800 46 4.15492 1827 0.379402 1.48337 
59900 46 4.17083 1813 0.382326 1.48802 
60000 46 4.18248 1804 0.384533 1.49167 
60100 48 4.18366 1881 0.385473 1.49414 
60200 48 4.18612 1883 0.382958 1.49146 
60300 46 4.18829 1888 0.378769 1.48522 
60400 46 4.19492 1866 0.379917 1.48408 
60500 46 4.19396 1826 0.374488 1.47277 
60600 48 4.18269 1816 0.367231 1.46026 
60700 47 4.18649 1760 0.366228 1.45726 
60800 46 4.20125 1760 0.368833 1.45978 
60900 45 4.22089 1766 0.370233 1.46326 
61000 45 4.23486 1804 0.374343 1.4682 
61100 46 4.2288 1795 0.373153 1.46686 
61200 46 4.23775 1791 0.375614 1.46986 
61300 46 4.24162 1774 0.375088 1.47063 
61400 44 4.23391 1789 0.369586 1.46571 
61500 44 4.23098 1784 0.36491 1.46157 
61600 44 4.22282 1781 0.362456 1.45877 
61700 44 4.22037 1778 0.362077 1.45726 
61800 43 4.21346 1774 0.361474 1.4568 
61900 42 4.21728 1791 0.36043 1.45516 
62000 44 4.2172 1779 0.360082 1.45534 
62100 45 4.21727 1823 0.36061 1.45595 
62200 44 4.21282 1830 0.356945 1.45157 
62300 44 4.22471 1810 0.357996 1.45295 
62400 44 4.22408 1808 0.357267 1.45208 
62500 44 4.23359 1788 0.358111 1.45305 
62600 46 4.25386 1814 0.364906 1.46206 
62700 45 4.25944 1848 0.366239 1.4639 
62800 43 4.26429 1860 0.367366 1.46579 
62900 43 4.27477 1879 0.372014 1.47302 
63000 45 4.2799 1860 0.372871 1.47429 
63100 44 4.28584 1852 0.37556 1.47816 
63200 45 4.29163 1858 0.378189 1.48075 
63300 46 4.29786 1875 0.378567 1.48371 
63400 46 4.30124 1911 0.37718 1.48314 
63500 45 4.29394 1866 0.375339 1.47994 
63600 45 4.28787 1859 0.37344 1.4771 
63700 45 4.27564 1851 0.370466 1.4725 
63800 47 4.28827 1903 0.373994 1.47916 
63900 47 4.29312 1947 0.376295 1.4836 
64000 45 4.30074 1927 0.379098 1.48641 
64100 44 4.30963 1948 0.381706 1.49115 
64200 46 4.3195 1973 0.384724 1.49408 
64300 45 4.31593 1986 0.381068 1.48812 
64400 46 4.32034 2023 0.386036 1.49498 
64500 45 4.32905 1992 0.388755 1.49838 
64600 44 4.32494 1994 0.388479 1.49795 
64700 43 4.32599 2026 0.391321 1.50026 
64800 43 4.32658 2039 0.38822 1.49821 
64900 43 4.32786 2058 0.387866 1.49908 
65000 43 4.33884 2058 0.39143 1.50333 
65100 41 4.34945 2059 0.394773 1.50758 
65200 42 4.36369 2067 0.400826 1.51451 
65300 42 4.36707 2103 0.404178 1.5197 
65400 42 4.37563 2132 0.407275 1.52403 
65500 42 4.37885 2116 0.409051 1.52578 
65600 42 4.39071 2135 0.414992 1.53294 
65700 43 4.39317 2180 0.41803 1.53658 
65800 43 4.40215 2166 0.421372 1.54275 
65900 43 4.41014 2195 0.424683 1.54841 
66000 44 4.41781 2221 0.428822 1.55481 
66100 44 4.4276 2238 0.434143 1.56249 
66200 45 4.43309 2216 0.439509 1.56882 
66300 45 4.44058 2243 0.443736 1.57442 
66400 45 4.44893 2256 0.447699 1.5798 
66500 46 4.44893 2276 0.448915 1.5821 
66600 47 4.45978 2280 0.451399 1.58752 
66700 48 4.46848 2291 0.455469 1.59525 
66800 47 4.47296 2304 0.459973 1.60177 
66900 48 4.4848 2304 0.465824 1.61076 
67000 46 4.4901 2316 0.472291 1.61962 
67100 46 4.49177 2340 0.475464 1.62444 
67200 48 4.49998 2341 0.479448 1.63046 
67300 49 4.50228 2344 0.483662 1.63619 
67400 50 4.50962 2333 0.490161 1.64432 
67500 50 4.51695 2327 0.493663 1.64746 
67600 50 4.52697 2347 0.496453 1.65195 
67700 50 4.52442 2313 0.494688 1.64823 
67800 49 4.52454 2361 0.490951 1.64298 
67900 49 4.51689 2342 0.484413 1.63316 
68000 48 4.51301 2310 0.485344 1.6342 
68100 48 4.51691 2302 0.487581 1.6365 
68200 49 4.52202 2283 0.488723 1.6393 
68300 49 4.52699 2336 0.490557 1.64092 
68400 49 4.53574 2317 0.494767 1.64819 
68500 48 4.54515 2363 0.498082 1.65141 
68600 49 4.55239 2406 0.501734 1.65727 
68700 50 4.55584 2430 0.504932 1.66155 
68800 47 4.55474 2400 0.508056 1.6673 
68900 47 4.55665 2420 0.510419 1.66975 
69000 48 4.55899 2431 0.513 1.67427 
69100 48 4.56432 2464 0.515805 1.67896 
69200 48 4.57385 2489 0.520732 1.68595 
69300 47 4.57923 2471 0.525919 1.69247 
69400 47 4.57835 2505 0.529595 1.69853 
69500 48 4.58621 2512 0.532873 1.70292 
69600 47 4.58997 2535 0.53455 1.70597 
69700 47 4.59285 2525 0.538386 1.7117 
69800 46 4.59872 2512 0.542096 1.71661 
69900 47 4.61238 2579 0.549546 1.72755 
70000 46 4.62675 2620 0.556936 1.73919 
70100 48 4.63069 2667 0.558777 1.74172 
70200 48 4.62925 2654 0.560647 1.7444 
70300 48 4.63469 2688 0.569436 1.7559 
70400 48 4.62748 2698 0.570203 1.75756 
70500 49 4.63326 2686 0.577553 1.76915 
70600 50 4.63024 2723 0.580324 1.7725 
70700 49 4.62822 2679 0.583584 1.77652 
70800 48 4.63414 2692 0.588338 1.7847 
70900 49 4.63503 2737 0.593088 1.79076 
71000 49 4.63899 2779 0.594127 1.79182 
71100 49 4.63995 2819 0.596835 1.79639 
71200 48 4.64262 2809 0.600365 1.80158 
71300 48 4.6538 2863 0.607182 1.81095 
71400 49 4.65823 2881 0.611796 1.81834 
71500 50 4.66532 2915 0.615478 1.82483 
71600 51 4.66753 2913 0.622786 1.83594 
71700 50 4.67053 2903 0.62854 1.84401 
71800 51 4.67493 2905 0.636647 1.85694 
71900 50 4.68208 2957 0.641969 1.86467 
72000 49 4.68812 2952 0.646661 1.87214 
72100 50 4.68458 3002 0.651366 1.87815 
72200 49 4.69598 3043 0.66133 1.89298 
72300 49 4.69787 3050 0.664881 1.9011 
72400 48 4.69493 3059 0.673567 1.91209 
72500 48 4.67701 3033 0.675951 1.91416 
72600 47 4.68439 3055 0.680202 1.92009 
72700 47 4.68293 3086 0.684095 1.927 
72800 49 4.67195 3086 0.684894 1.92888 
72900 49 4.67276 3101 0.693531 1.94164 
73000 50 4.67074 3148 0.698868 1.94769 
73100 50 4.67763 3058 0.707064 1.95972 
73200 49 4.66547 3092 0.710691 1.96495 
73300 49 4.66873 3118 0.716582 1.9752 
73400 49 4.66808 3134 0.715432 1.97376 
73500 49 4.66761 3165 0.721498 1.98024 
73600 50 4.66185 3188 0.724208 1.98443 
73700 50 4.66379 3185 0.73012 1.99459 
73800 48 4.65945 3198 0.735465 2.00314 
73900 48 4.65832 3222 0.737832 2.00776 
74000 48 4.65136 3220 0.741075 2.01215 
74100 48 4.64455 3226 0.742784 2.01445 
74200 48 4.64101 3227 0.743751 2.01855 
74300 48 4.64057 3254 0.749017 2.02546 
74400 47 4.63987 3276 0.74966 2.02609 
74500 46 4.64378 3231 0.754488 2.0348 
74600 47 4.64128 3235 0.760083 2.0418 
74700 47 4.63558 3249 0.762653 2.04459 
74800 47 4.62668 3314 0.768641 2.0556 
74900 47 4.6294 3330 0.769312 2.05652 
75000 47 4.62054 3346 0.77151 2.059 
