# Sat Aug 29 12:07:23 2020
#  1: Update
#  2: Unique Phenotypes (by task done)
#  3: Shannon Diversity of Phenotypes (by task done)
#  4: Unique Phenotypes (by task count)
#  5: Average Phenotype Shannon Diversity (by task count)
#  6: Average Task Diversity (number of different tasks)

0 1 0 1 0 0 
100 1 0 1 0 0 
200 1 0 1 0 0 
300 1 0 1 0 0 
400 1 0 1 0 0 
500 1 0 1 0 0 
600 1 0 1 0 0 
700 1 0 1 0 0 
800 1 0 1 0 0 
900 1 0 1 0 0 
1000 1 0 1 0 0 
1100 1 0 1 0 0 
1200 1 0 1 0 0 
1300 1 0 1 0 0 
1400 1 0 1 0 0 
1500 1 0 1 0 0 
1600 1 0 1 0 0 
1700 1 0 1 0 0 
1800 1 0 1 0 0 
1900 1 0 1 0 0 
2000 1 0 1 0 0 
2100 1 0 1 0 0 
2200 1 0 1 0 0 
2300 1 0 1 0 0 
2400 1 0 1 0 0 
2500 1 0 1 0 0 
2600 1 0 1 0 0 
2700 1 0 1 0 0 
2800 1 0 1 0 0 
2900 1 0 1 0 0 
3000 1 0 1 0 0 
3100 2 0.0707393 2 0 0.00850917 
3200 2 0.127953 2 0 0.0176359 
3300 2 0.202117 2 0 0.0315521 
3400 2 0.278077 2 0 0.048055 
3500 2 0.385684 2 0 0.0753792 
3600 2 0.469785 2 0 0.100249 
3700 2 0.544089 2 0 0.125187 
3800 2 0.642468 2 0 0.163437 
3900 2 0.721676 2 0 0.199874 
4000 2 0.786846 2 0 0.235129 
4100 2 0.833611 2 0 0.264601 
4200 2 0.894142 2 0 0.310841 
4300 2 0.940728 2 0 0.357665 
4400 2 0.976185 2 0 0.409401 
4500 2 0.99909 2 0 0.482243 
4600 2 0.989836 2 0 0.55928 
4700 2 0.960763 2 0 0.61608 
4800 2 0.954354 2 0 0.625109 
4900 2 0.967138 2 0 0.606312 
5000 2 0.973244 2 0 0.595998 
5100 2 0.962252 2 0 0.613877 
5200 2 0.946261 2 0 0.635617 
5300 2 0.913121 2 0 0.671757 
5400 2 0.876742 2 0 0.703683 
5500 2 0.863969 2 0 0.713643 
5600 2 0.852569 2 0 0.722103 
5700 2 0.859472 2 0 0.717026 
5800 2 0.870581 2 0 0.708554 
5900 2 0.873726 2 0 0.706084 
6000 2 0.866638 2 0 0.711606 
6100 2 0.852377 2 0 0.722243 
6200 2 0.842027 2 0 0.729608 
6300 2 0.829673 2 0 0.738051 
6400 2 0.846152 2 0 0.726706 
6500 2 0.843959 2 0 0.728254 
6600 2 0.84401 2 0 0.728218 
6700 2 0.837068 2 0 0.73304 
6800 2 0.84903 2 0 0.724655 
6900 2 0.849995 2 0 0.723962 
7000 2 0.856411 2 0 0.719294 
7100 2 0.863952 2 0 0.713655 
7200 2 0.852457 2 0 0.722185 
7300 2 0.844803 2 0 0.72766 
7400 2 0.858439 2 0 0.717794 
7500 2 0.861759 2 0 0.715313 
7600 2 0.862026 2 0 0.715112 
7700 2 0.878842 2 0 0.701992 
7800 2 0.87538 2 0 0.704771 
7900 2 0.873281 2 0 0.706436 
8000 2 0.8671 2 0 0.711251 
8100 2 0.875563 2 0 0.704625 
8200 2 0.884512 2 0 0.697345 
8300 2 0.890746 2 0 0.69209 
8400 2 0.89096 2 0 0.691907 
8500 2 0.897362 2 0 0.686333 
8600 2 0.899853 2 0 0.684112 
8700 2 0.900065 2 0 0.683923 
8800 2 0.902914 2 0 0.681344 
8900 2 0.910575 2 0 0.674202 
9000 2 0.90333 2 0 0.680964 
9100 2 0.906241 2 0 0.678281 
9200 2 0.902486 2 0 0.681734 
9300 2 0.893372 2 0 0.689828 
9400 2 0.893621 2 0 0.689612 
9500 2 0.90003 2 0 0.683953 
9600 2 0.906951 2 0 0.67762 
9700 2 0.918863 2 0 0.666098 
9800 2 0.922625 2 0 0.662275 
9900 2 0.915287 2 0 0.669646 
10000 2 0.921038 2 0 0.6639 
10100 2 0.915183 2 0 0.669749 
10200 2 0.914962 2 0 0.669965 
10300 2 0.918446 2 0 0.666516 
10400 2 0.914142 2 0 0.670766 
10500 2 0.906272 2 0 0.678252 
10600 2 0.89825 2 0 0.685544 
10700 2 0.897739 2 0 0.685998 
10800 2 0.913652 2 0 0.671242 
10900 2 0.919587 2 0 0.66537 
11000 2 0.926237 2 0 0.65851 
11100 2 0.926204 2 0 0.658545 
11200 2 0.928642 2 0 0.65595 
11300 2 0.927111 2 0 0.657584 
11400 2 0.931455 2 0 0.652896 
11500 2 0.921727 2 0 0.663197 
11600 2 0.915891 2 0 0.669053 
11700 2 0.91752 2 0 0.667441 
11800 2 0.919724 2 0 0.665232 
11900 2 0.925932 2 0 0.658832 
12000 2 0.924342 2 0 0.660497 
12100 2 0.923293 2 0 0.661586 
12200 2 0.924725 2 0 0.660098 
12300 2 0.928821 2 0 0.655757 
12400 2 0.943891 2 0 0.638537 
12500 2 0.940215 2 0 0.642941 
12600 2 0.941032 2 0 0.641974 
12700 2 0.934516 2 0 0.649498 
12800 2 0.91977 2 0 0.665185 
12900 2 0.913426 2 0 0.671462 
13000 2 0.913289 2 0 0.671594 
13100 2 0.917279 2 0 0.66768 
13200 2 0.926286 2 0 0.658459 
13300 2 0.929685 2 0 0.654825 
13400 2 0.929377 2 0 0.655158 
13500 2 0.929503 2 0 0.655022 
13600 2 0.937738 2 0 0.645829 
13700 2 0.94403 2 0 0.638367 
13800 2 0.94552 2 0 0.636537 
13900 2 0.938956 2 0 0.644416 
14000 2 0.929288 2 0 0.655254 
14100 2 0.917567 2 0 0.667394 
14200 2 0.916368 2 0 0.668582 
14300 2 0.913269 2 0 0.671613 
14400 2 0.915542 2 0 0.669396 
14500 2 0.918963 2 0 0.665998 
14600 2 0.922988 2 0 0.661901 
14700 2 0.93714 2 0 0.646517 
14800 2 0.943388 2 0 0.639149 
14900 2 0.940585 2 0 0.642504 
15000 2 0.944044 2 0 0.63835 
15100 2 0.935194 2 0 0.648733 
15200 2 0.919751 2 0 0.665205 
15300 2 0.910226 2 0 0.674535 
15400 2 0.91414 2 0 0.670768 
15500 2 0.92534 2 0 0.659454 
15600 2 0.935416 2 0 0.648482 
15700 2 0.942012 2 0 0.640806 
15800 2 0.936183 2 0 0.647611 
15900 2 0.918567 2 0 0.666395 
16000 2 0.906441 2 0 0.678095 
16100 2 0.91152 2 0 0.673299 
16200 2 0.914325 2 0 0.670587 
16300 2 0.937416 2 0 0.6462 
16400 2 0.940656 2 0 0.64242 
16500 2 0.943803 2 0 0.638644 
16600 2 0.940331 2 0 0.642804 
16700 2 0.942332 2 0 0.640422 
16800 2 0.930528 2 0 0.65391 
16900 2 0.922886 2 0 0.662006 
17000 2 0.923957 2 0 0.660898 
17100 2 0.925832 2 0 0.658937 
17200 2 0.913936 2 0 0.670966 
17300 2 0.921157 2 0 0.663779 
17400 2 0.917013 2 0 0.667945 
17500 2 0.924948 2 0 0.659865 
17600 2 0.921232 2 0 0.663702 
17700 2 0.925857 2 0 0.658911 
17800 2 0.936249 2 0 0.647537 
17900 2 0.932199 2 0 0.652077 
18000 2 0.933795 2 0 0.650305 
18100 2 0.9365 2 0 0.64725 
18200 2 0.931152 2 0 0.653228 
18300 2 0.917578 2 0 0.667383 
18400 2 0.913958 2 0 0.670945 
18500 2 0.912887 2 0 0.671983 
18600 2 0.902524 2 0 0.681699 
18700 2 0.907833 2 0 0.676795 
18800 2 0.918249 2 0 0.666713 
18900 2 0.921253 2 0 0.663681 
19000 2 0.929484 2 0 0.655042 
19100 2 0.93085 2 0 0.653559 
19200 2 0.92518 2 0 0.659621 
19300 2 0.922576 2 0 0.662326 
19400 2 0.920432 2 0 0.664516 
19500 2 0.930418 2 0 0.654029 
19600 2 0.93325 2 0 0.650913 
19700 2 0.930344 2 0 0.65411 
19800 2 0.930229 2 0 0.654235 
19900 2 0.91941 2 0 0.665549 
20000 2 0.926665 2 0 0.658058 
20100 2 0.92288 2 0 0.662013 
20200 2 0.929629 2 0 0.654885 
20300 2 0.936524 2 0 0.647223 
20400 2 0.93509 2 0 0.648851 
20500 2 0.93696 2 0 0.646724 
20600 2 0.932575 2 0 0.651662 
20700 2 0.92877 2 0 0.655812 
20800 2 0.926908 2 0 0.657801 
20900 2 0.930196 2 0 0.65427 
21000 2 0.92988 2 0 0.654614 
21100 2 0.935416 2 0 0.648482 
21200 2 0.94234 2 0 0.640412 
21300 2 0.935668 2 0 0.648198 
21400 2 0.927633 2 0 0.65703 
21500 2 0.922535 2 0 0.662368 
21600 2 0.923748 2 0 0.661115 
21700 2 0.934617 2 0 0.649384 
21800 2 0.935778 2 0 0.648072 
21900 2 0.93995 2 0 0.643253 
22000 2 0.935937 2 0 0.647891 
22100 2 0.929856 2 0 0.654639 
22200 2 0.93427 2 0 0.649774 
22300 2 0.940427 2 0 0.642691 
22400 2 0.943631 2 0 0.638853 
22500 2 0.94546 2 0 0.636612 
22600 2 0.937914 2 0 0.645625 
22700 2 0.92866 2 0 0.65593 
22800 2 0.912846 2 0 0.672023 
22900 2 0.905778 2 0 0.678711 
23000 2 0.906318 2 0 0.678209 
23100 2 0.906921 2 0 0.677648 
23200 2 0.926821 2 0 0.657893 
23300 2 0.924845 2 0 0.659972 
23400 2 0.937313 2 0 0.646318 
23500 2 0.944288 2 0 0.638052 
23600 2 0.949206 2 0 0.631895 
23700 2 0.950454 2 0 0.630283 
23800 2 0.940799 2 0 0.642251 
23900 2 0.934247 2 0 0.649799 
24000 2 0.924363 2 0 0.660476 
24100 2 0.928372 2 0 0.656239 
24200 2 0.932128 2 0 0.652156 
24300 2 0.934275 2 0 0.649768 
24400 2 0.939494 2 0 0.643787 
24500 2 0.948547 2 0 0.632738 
24600 2 0.944817 2 0 0.637404 
24700 2 0.938109 2 0 0.6454 
24800 2 0.932376 2 0 0.651882 
24900 2 0.931268 2 0 0.653101 
25000 2 0.935501 2 0 0.648387 
25100 2 0.923372 2 0 0.661504 
25200 2 0.91528 2 0 0.669653 
25300 2 0.915307 2 0 0.669627 
25400 2 0.915785 2 0 0.669158 
25500 2 0.931596 2 0 0.652741 
25600 2 0.94205 2 0 0.64076 
25700 2 0.954888 2 0 0.624382 
25800 2 0.953329 2 0 0.62649 
25900 2 0.951036 2 0 0.629525 
26000 2 0.944701 2 0 0.637546 
26100 2 0.935567 2 0 0.648312 
26200 2 0.929066 2 0 0.655494 
26300 2 0.930359 2 0 0.654094 
26400 2 0.932348 2 0 0.651913 
26500 2 0.928809 2 0 0.655771 
26600 2 0.929312 2 0 0.655228 
26700 2 0.9294 2 0 0.655134 
26800 2 0.930527 2 0 0.653911 
26900 2 0.928051 2 0 0.656584 
27000 2 0.930121 2 0 0.654352 
27100 2 0.941666 2 0 0.64122 
27200 2 0.946384 2 0 0.635464 
27300 2 0.933899 2 0 0.650189 
27400 2 0.914968 2 0 0.66996 
27500 2 0.922398 2 0 0.662509 
27600 2 0.927854 2 0 0.656793 
27700 2 0.935296 2 0 0.648618 
27800 2 0.928475 2 0 0.656128 
27900 2 0.928702 2 0 0.655885 
28000 2 0.933934 2 0 0.65015 
28100 2 0.931554 2 0 0.652787 
28200 2 0.924545 2 0 0.660285 
28300 2 0.929003 2 0 0.655561 
28400 2 0.925627 2 0 0.659153 
28500 2 0.936515 2 0 0.647233 
28600 2 0.945782 2 0 0.636213 
28700 2 0.957216 2 0 0.621163 
28800 2 0.950132 2 0 0.630701 
28900 2 0.940441 2 0 0.642674 
29000 2 0.936207 2 0 0.647584 
29100 2 0.933745 2 0 0.650361 
29200 2 0.9265 2 0 0.658233 
29300 2 0.911109 2 0 0.673693 
29400 2 0.901369 2 0 0.682747 
29500 2 0.908717 2 0 0.675964 
29600 2 0.909981 2 0 0.674768 
29700 2 0.917215 2 0 0.667744 
29800 2 0.933174 2 0 0.650997 
29900 2 0.936551 2 0 0.647192 
30000 2 0.949899 2 0 0.631003 
30100 2 0.946078 2 0 0.635846 
30200 2 0.941913 2 0 0.640925 
30300 2 0.932376 2 0 0.651882 
30400 2 0.926577 2 0 0.658151 
30500 2 0.926365 2 0 0.658375 
30600 2 0.936593 2 0 0.647144 
30700 2 0.937491 2 0 0.646114 
30800 2 0.939628 2 0 0.64363 
30900 2 0.937768 2 0 0.645794 
31000 2 0.9305 2 0 0.65394 
31100 2 0.917889 2 0 0.667073 
31200 2 0.928651 2 0 0.65594 
31300 2 0.928669 2 0 0.65592 
31400 2 0.936982 2 0 0.646699 
31500 2 0.933886 2 0 0.650203 
31600 2 0.940661 2 0 0.642414 
31700 2 0.941295 2 0 0.641662 
31800 2 0.939125 2 0 0.64422 
31900 2 0.929728 2 0 0.654779 
32000 2 0.924636 2 0 0.66019 
32100 2 0.918586 2 0 0.666376 
32200 2 0.913988 2 0 0.670915 
32300 2 0.909136 2 0 0.675569 
32400 2 0.914083 2 0 0.670823 
32500 2 0.912791 2 0 0.672076 
32600 2 0.914293 2 0 0.670618 
32700 2 0.930032 2 0 0.654449 
32800 2 0.938871 2 0 0.644516 
32900 2 0.947179 2 0 0.634469 
33000 2 0.955706 2 0 0.623262 
33100 2 0.955141 2 0 0.624037 
33200 2 0.949692 2 0 0.63127 
33300 2 0.938302 2 0 0.645176 
33400 2 0.918692 2 0 0.66627 
33500 2 0.910459 2 0 0.674313 
33600 2 0.911905 2 0 0.672929 
33700 2 0.917534 2 0 0.667426 
33800 2 0.921568 2 0 0.663359 
33900 2 0.917378 2 0 0.667582 
34000 2 0.930944 2 0 0.653456 
34100 2 0.935937 2 0 0.647891 
34200 2 0.947474 2 0 0.634097 
34300 2 0.951396 2 0 0.629053 
34400 2 0.947398 2 0 0.634194 
34500 2 0.937157 2 0 0.646498 
34600 2 0.930851 2 0 0.653557 
34700 2 0.923974 2 0 0.66088 
34800 2 0.923246 2 0 0.661635 
34900 2 0.916914 2 0 0.668043 
35000 2 0.920685 2 0 0.664259 
35100 2 0.912998 2 0 0.671876 
35200 2 0.911016 2 0 0.673782 
35300 2 0.915413 2 0 0.669523 
35400 2 0.925644 2 0 0.659135 
35500 2 0.934213 2 0 0.649837 
35600 2 0.928028 2 0 0.656607 
35700 2 0.912716 2 0 0.672148 
35800 2 0.910196 2 0 0.674564 
35900 2 0.901525 2 0 0.682606 
36000 2 0.89938 2 0 0.684536 
36100 2 0.916883 2 0 0.668073 
36200 2 0.922313 2 0 0.662595 
36300 2 0.938281 2 0 0.645201 
36400 2 0.93305 2 0 0.651136 
36500 2 0.939747 2 0 0.643491 
36600 2 0.929923 2 0 0.654567 
36700 2 0.925084 2 0 0.659722 
36800 2 0.916863 2 0 0.668093 
36900 2 0.906089 2 0 0.678423 
37000 2 0.904623 2 0 0.679778 
37100 2 0.905497 2 0 0.678971 
37200 2 0.920006 2 0 0.664947 
37300 2 0.929445 2 0 0.655085 
37400 2 0.940997 2 0 0.642016 
37500 2 0.940782 2 0 0.642271 
37600 2 0.940282 2 0 0.642862 
37700 2 0.935444 2 0 0.648451 
37800 2 0.92619 2 0 0.65856 
37900 2 0.923235 2 0 0.661645 
38000 2 0.921962 2 0 0.662956 
38100 2 0.919294 2 0 0.665666 
38200 2 0.930695 2 0 0.653728 
38300 2 0.938521 2 0 0.644923 
38400 2 0.939309 2 0 0.644005 
38500 2 0.94802 2 0 0.633407 
38600 2 0.944249 2 0 0.6381 
38700 2 0.934721 2 0 0.649267 
38800 2 0.933481 2 0 0.650656 
38900 2 0.937418 2 0 0.646198 
39000 2 0.942493 2 0 0.640229 
39100 2 0.93907 2 0 0.644283 
39200 2 0.939461 2 0 0.643826 
39300 2 0.929703 2 0 0.654806 
39400 2 0.92777 2 0 0.656884 
39500 2 0.923738 2 0 0.661125 
39600 2 0.929761 2 0 0.654743 
39700 2 0.928336 2 0 0.656278 
39800 2 0.92388 2 0 0.660978 
39900 2 0.916228 2 0 0.668721 
40000 2 0.915739 2 0 0.669203 
40100 2 0.924141 2 0 0.660707 
40200 2 0.933479 2 0 0.650658 
40300 2 0.947434 2 0 0.634148 
40400 2 0.947463 2 0 0.634112 
40500 2 0.955254 2 0 0.623881 
40600 2 0.950991 2 0 0.629584 
40700 2 0.950687 2 0 0.62998 
40800 2 0.943238 2 0 0.63933 
40900 2 0.930248 2 0 0.654214 
41000 2 0.934609 2 0 0.649393 
41100 2 0.934717 2 0 0.649271 
41200 2 0.928428 2 0 0.656179 
41300 2 0.917309 2 0 0.66765 
41400 2 0.909312 2 0 0.675402 
41500 2 0.92165 2 0 0.663275 
41600 2 0.933235 2 0 0.65093 
41700 2 0.951545 2 0 0.628857 
41800 2 0.955913 2 0 0.622976 
41900 2 0.958173 2 0 0.619814 
42000 2 0.954362 2 0 0.625098 
42100 2 0.946833 2 0 0.634903 
42200 2 0.939373 2 0 0.64393 
42300 2 0.931107 2 0 0.653278 
42400 2 0.924304 2 0 0.660537 
42500 2 0.924775 2 0 0.660046 
42600 2 0.920174 2 0 0.664777 
42700 2 0.929013 2 0 0.655551 
42800 2 0.932484 2 0 0.651762 
42900 2 0.937603 2 0 0.645985 
43000 2 0.947476 2 0 0.634095 
43100 2 0.947912 2 0 0.633544 
43200 2 0.954073 2 0 0.625489 
43300 2 0.957235 2 0 0.621138 
43400 2 0.951453 2 0 0.628979 
43500 2 0.94738 2 0 0.634216 
43600 2 0.941666 2 0 0.641219 
43700 2 0.928107 2 0 0.656523 
43800 2 0.92298 2 0 0.661909 
43900 2 0.92069 2 0 0.664253 
44000 2 0.928147 2 0 0.65648 
44100 2 0.934249 2 0 0.649797 
44200 2 0.939215 2 0 0.644114 
44300 2 0.936499 2 0 0.647252 
44400 2 0.945704 2 0 0.636309 
44500 2 0.952785 2 0 0.627217 
44600 2 0.964935 2 0 0.60979 
44700 2 0.964104 2 0 0.611072 
44800 2 0.956291 2 0 0.622453 
44900 2 0.946395 2 0 0.635451 
45000 2 0.927224 2 0 0.657465 
45100 2 0.934372 2 0 0.649659 
45200 2 0.93621 2 0 0.647581 
45300 2 0.929534 2 0 0.654989 
45400 2 0.921109 2 0 0.663827 
45500 2 0.921998 2 0 0.662919 
45600 2 0.923083 2 0 0.661803 
45700 2 0.931866 2 0 0.652444 
45800 2 0.938361 2 0 0.645108 
45900 2 0.94999 2 0 0.630885 
46000 2 0.955873 2 0 0.623031 
46100 2 0.955363 2 0 0.623733 
46200 2 0.949104 2 0 0.632025 
46300 2 0.938387 2 0 0.645078 
46400 2 0.936358 2 0 0.647412 
46500 2 0.936905 2 0 0.646787 
46600 2 0.93405 2 0 0.65002 
46700 2 0.931751 2 0 0.652571 
46800 2 0.928103 2 0 0.656528 
46900 2 0.919395 2 0 0.665563 
47000 2 0.930266 2 0 0.654195 
47100 2 0.925649 2 0 0.659129 
47200 2 0.926386 2 0 0.658353 
47300 2 0.921985 2 0 0.662932 
47400 2 0.9232 2 0 0.661682 
47500 2 0.929088 2 0 0.65547 
47600 2 0.926583 2 0 0.658144 
47700 2 0.935179 2 0 0.648751 
47800 2 0.924799 2 0 0.660021 
47900 2 0.931536 2 0 0.652807 
48000 2 0.938328 2 0 0.645146 
48100 2 0.939777 2 0 0.643456 
48200 2 0.927552 2 0 0.657116 
48300 2 0.927436 2 0 0.657239 
48400 2 0.921776 2 0 0.663146 
48500 2 0.917187 2 0 0.667772 
48600 2 0.929793 2 0 0.654709 
48700 2 0.930281 2 0 0.654178 
48800 2 0.938834 2 0 0.644559 
48900 2 0.939651 2 0 0.643604 
49000 2 0.939266 2 0 0.644055 
49100 2 0.929516 2 0 0.655008 
49200 2 0.92135 2 0 0.663582 
49300 2 0.921081 2 0 0.663856 
49400 2 0.909665 2 0 0.675067 
49500 2 0.92566 2 0 0.659119 
49600 2 0.931029 2 0 0.653362 
49700 2 0.938166 2 0 0.645334 
49800 2 0.949449 2 0 0.631583 
49900 2 0.946399 2 0 0.635445 
50000 2 0.954946 2 0 0.624303 
50100 2 0.948632 2 0 0.632629 
50200 2 0.942026 2 0 0.64079 
50300 2 0.931294 2 0 0.653072 
50400 2 0.928995 2 0 0.65557 
50500 2 0.925785 2 0 0.658987 
50600 2 0.92574 2 0 0.659034 
50700 2 0.91915 2 0 0.66581 
50800 2 0.91333 2 0 0.671554 
50900 2 0.904684 2 0 0.679721 
51000 2 0.909584 2 0 0.675144 
51100 2 0.926615 2 0 0.658111 
51200 2 0.936018 2 0 0.6478 
51300 2 0.940415 2 0 0.642705 
51400 2 0.943481 2 0 0.639036 
51500 2 0.938661 2 0 0.644759 
51600 2 0.942715 2 0 0.639962 
51700 2 0.942194 2 0 0.640588 
51800 2 0.941948 2 0 0.640882 
51900 2 0.935119 2 0 0.648818 
52000 2 0.916122 2 0 0.668825 
52100 2 0.911411 2 0 0.673403 
52200 2 0.907679 2 0 0.676939 
52300 2 0.9144 2 0 0.670515 
52400 2 0.930336 2 0 0.654118 
52500 2 0.949394 2 0 0.631653 
52600 2 0.956428 2 0 0.622263 
52700 2 0.960015 2 0 0.617172 
52800 2 0.949993 2 0 0.630881 
52900 2 0.938183 2 0 0.645315 
53000 2 0.930619 2 0 0.653811 
53100 2 0.931368 2 0 0.652991 
53200 2 0.923386 2 0 0.661489 
53300 2 0.911436 2 0 0.673379 
53400 2 0.90862 2 0 0.676055 
53500 2 0.918434 2 0 0.666528 
53600 2 0.918082 2 0 0.66688 
53700 2 0.933055 2 0 0.651129 
53800 2 0.946284 2 0 0.635588 
53900 2 0.944879 2 0 0.637328 
54000 2 0.95097 2 0 0.629611 
54100 2 0.938761 2 0 0.644644 
54200 2 0.931597 2 0 0.65274 
54300 2 0.924579 2 0 0.66025 
54400 2 0.919818 2 0 0.665137 
54500 2 0.92943 2 0 0.6551 
54600 2 0.937593 2 0 0.645996 
54700 2 0.938795 2 0 0.644604 
54800 2 0.937853 2 0 0.645697 
54900 2 0.932169 2 0 0.652111 
55000 2 0.925966 2 0 0.658797 
55100 2 0.922156 2 0 0.662757 
55200 2 0.915304 2 0 0.66963 
55300 2 0.922778 2 0 0.662117 
55400 2 0.940807 2 0 0.642241 
55500 2 0.946275 2 0 0.6356 
55600 2 0.937815 2 0 0.645741 
55700 2 0.930268 2 0 0.654192 
55800 2 0.921718 2 0 0.663206 
55900 2 0.929181 2 0 0.655369 
56000 2 0.937133 2 0 0.646525 
56100 2 0.947024 2 0 0.634663 
56200 2 0.947229 2 0 0.634406 
56300 2 0.945434 2 0 0.636643 
56400 2 0.937816 2 0 0.645739 
56500 2 0.923779 2 0 0.661082 
56600 2 0.910242 2 0 0.67452 
56700 2 0.917158 2 0 0.6678 
56800 2 0.915229 2 0 0.669704 
56900 2 0.927129 2 0 0.657566 
57000 2 0.929824 2 0 0.654675 
57100 2 0.934899 2 0 0.649066 
57200 2 0.944544 2 0 0.637739 
57300 2 0.950866 2 0 0.629747 
57400 2 0.941317 2 0 0.641636 
57500 2 0.935386 2 0 0.648516 
57600 2 0.911669 2 0 0.673156 
57700 2 0.900698 2 0 0.683353 
57800 2 0.899866 2 0 0.684101 
57900 2 0.915865 2 0 0.669078 
58000 2 0.929601 2 0 0.654916 
58100 2 0.935575 2 0 0.648303 
58200 2 0.939372 2 0 0.643931 
58300 2 0.933694 2 0 0.650418 
58400 2 0.930779 2 0 0.653635 
58500 2 0.930951 2 0 0.653448 
58600 2 0.936639 2 0 0.647091 
58700 2 0.940651 2 0 0.642425 
58800 2 0.944329 2 0 0.638002 
58900 2 0.936177 2 0 0.647618 
59000 2 0.924658 2 0 0.660168 
59100 2 0.911876 2 0 0.672958 
59200 2 0.912403 2 0 0.67245 
59300 2 0.914421 2 0 0.670494 
59400 2 0.927468 2 0 0.657206 
59500 2 0.936336 2 0 0.647437 
59600 2 0.936526 2 0 0.64722 
59700 2 0.934783 2 0 0.649197 
59800 2 0.941294 2 0 0.641663 
59900 2 0.942159 2 0 0.64063 
60000 2 0.938816 2 0 0.64458 
60100 2 0.943346 2 0 0.639199 
60200 2 0.93686 2 0 0.646838 
60300 2 0.922377 2 0 0.66253 
60400 2 0.909987 2 0 0.674762 
60500 2 0.896337 2 0 0.687237 
60600 2 0.9043 2 0 0.680075 
60700 2 0.907786 2 0 0.676839 
60800 2 0.921455 2 0 0.663474 
60900 2 0.930449 2 0 0.653996 
61000 2 0.938307 2 0 0.645171 
61100 2 0.943844 2 0 0.638594 
61200 2 0.942512 2 0 0.640206 
61300 2 0.946493 2 0 0.635328 
61400 2 0.943824 2 0 0.638619 
61500 2 0.942014 2 0 0.640804 
61600 2 0.940542 2 0 0.642555 
61700 2 0.93126 2 0 0.65311 
61800 2 0.93064 2 0 0.653787 
61900 2 0.926379 2 0 0.65836 
62000 2 0.919591 2 0 0.665366 
62100 2 0.91601 2 0 0.668935 
62200 2 0.913985 2 0 0.670919 
62300 2 0.923432 2 0 0.661442 
62400 2 0.935439 2 0 0.648456 
62500 2 0.940896 2 0 0.642135 
62600 2 0.938045 2 0 0.645474 
62700 2 0.920007 2 0 0.664946 
62800 2 0.916832 2 0 0.668123 
62900 2 0.929987 2 0 0.654497 
63000 2 0.934448 2 0 0.649574 
63100 2 0.947167 2 0 0.634483 
63200 2 0.947974 2 0 0.633465 
63300 2 0.947257 2 0 0.63437 
63400 2 0.944037 2 0 0.638359 
63500 2 0.936885 2 0 0.64681 
63600 2 0.921601 2 0 0.663325 
63700 2 0.900905 2 0 0.683166 
63800 2 0.894698 2 0 0.688674 
63900 2 0.909747 2 0 0.674989 
64000 2 0.936772 2 0 0.64694 
64100 2 0.950263 2 0 0.630532 
64200 2 0.953696 2 0 0.625998 
64300 2 0.95446 2 0 0.624965 
64400 2 0.953239 2 0 0.626611 
64500 2 0.94668 2 0 0.635094 
64600 2 0.931157 2 0 0.653223 
64700 2 0.925388 2 0 0.659404 
64800 2 0.924141 2 0 0.660706 
64900 2 0.935733 2 0 0.648124 
65000 2 0.934041 2 0 0.65003 
65100 2 0.923568 2 0 0.661301 
65200 2 0.918944 2 0 0.666017 
65300 2 0.910231 2 0 0.67453 
65400 2 0.906403 2 0 0.678131 
65500 2 0.91082 2 0 0.673968 
65600 2 0.926375 2 0 0.658365 
65700 2 0.936556 2 0 0.647186 
65800 2 0.940041 2 0 0.643146 
65900 2 0.946321 2 0 0.635543 
66000 2 0.950328 2 0 0.630447 
66100 2 0.947426 2 0 0.634158 
66200 2 0.939326 2 0 0.643984 
66300 2 0.942422 2 0 0.640314 
66400 2 0.933312 2 0 0.650844 
66500 2 0.937489 2 0 0.646116 
66600 2 0.927477 2 0 0.657195 
66700 2 0.927844 2 0 0.656804 
66800 2 0.931565 2 0 0.652776 
66900 2 0.919145 2 0 0.665815 
67000 2 0.918249 2 0 0.666713 
67100 2 0.909168 2 0 0.675538 
67200 2 0.91832 2 0 0.666643 
67300 2 0.935689 2 0 0.648174 
67400 2 0.932772 2 0 0.651444 
67500 2 0.940613 2 0 0.642471 
67600 2 0.933709 2 0 0.650402 
67700 2 0.931579 2 0 0.65276 
67800 2 0.928731 2 0 0.655854 
67900 2 0.927508 2 0 0.657163 
68000 2 0.932291 2 0 0.651976 
68100 2 0.933996 2 0 0.650081 
68200 2 0.934642 2 0 0.649356 
68300 2 0.934646 2 0 0.649352 
68400 2 0.94464 2 0 0.637621 
68500 2 0.945396 2 0 0.63669 
68600 2 0.946423 2 0 0.635415 
68700 2 0.939647 2 0 0.643608 
68800 2 0.934597 2 0 0.649406 
68900 2 0.927408 2 0 0.657269 
69000 2 0.921052 2 0 0.663886 
69100 2 0.908461 2 0 0.676205 
69200 2 0.906336 2 0 0.678193 
69300 2 0.908992 2 0 0.675704 
69400 2 0.913882 2 0 0.671019 
69500 2 0.922674 2 0 0.662225 
69600 2 0.933141 2 0 0.651035 
69700 2 0.936882 2 0 0.646813 
69800 2 0.934347 2 0 0.649687 
69900 2 0.937069 2 0 0.646599 
70000 2 0.938599 2 0 0.644832 
70100 2 0.932936 2 0 0.651262 
70200 2 0.928163 2 0 0.656463 
70300 2 0.927478 2 0 0.657194 
70400 2 0.92547 2 0 0.659318 
70500 2 0.928456 2 0 0.65615 
70600 2 0.925351 2 0 0.659442 
70700 2 0.926492 2 0 0.658242 
70800 2 0.929612 2 0 0.654904 
70900 2 0.930814 2 0 0.653597 
71000 2 0.925879 2 0 0.658887 
71100 2 0.930512 2 0 0.653927 
71200 2 0.931479 2 0 0.65287 
71300 2 0.925651 2 0 0.659128 
71400 2 0.914123 2 0 0.670784 
71500 2 0.916404 2 0 0.668547 
71600 2 0.918383 2 0 0.66658 
71700 2 0.930561 2 0 0.653874 
71800 2 0.93173 2 0 0.652594 
71900 2 0.93305 2 0 0.651136 
72000 2 0.924042 2 0 0.660809 
72100 2 0.907981 2 0 0.676656 
72200 2 0.908164 2 0 0.676484 
72300 2 0.91154 2 0 0.67328 
72400 2 0.912803 2 0 0.672064 
72500 2 0.92435 2 0 0.660489 
72600 2 0.920665 2 0 0.664279 
72700 2 0.907053 2 0 0.677525 
72800 2 0.911071 2 0 0.673729 
72900 2 0.927978 2 0 0.656661 
73000 2 0.933185 2 0 0.650986 
73100 2 0.945225 2 0 0.636901 
73200 2 0.938105 2 0 0.645405 
73300 2 0.924991 2 0 0.65982 
73400 2 0.921154 2 0 0.663782 
73500 2 0.917879 2 0 0.667083 
73600 2 0.925005 2 0 0.659805 
73700 2 0.918738 2 0 0.666223 
73800 2 0.92398 2 0 0.660874 
73900 2 0.918341 2 0 0.666621 
74000 2 0.905986 2 0 0.678518 
74100 2 0.90995 2 0 0.674797 
74200 2 0.917874 2 0 0.667088 
74300 2 0.933712 2 0 0.650398 
74400 2 0.940751 2 0 0.642308 
74500 2 0.940023 2 0 0.643167 
74600 2 0.930202 2 0 0.654264 
74700 2 0.926001 2 0 0.658759 
74800 2 0.928103 2 0 0.656527 
74900 2 0.931547 2 0 0.652795 
75000 2 0.932506 2 0 0.651738 
