-1 -1 2 2 3 3 -1 4 3 -1 -1 -1 -1 -1 -1 -1 -1 -1 -1 4 
2 -1 2 3 3 3 3 3 3 -1 -1 -1 -1 -1 -1 -1 -1 -1 -1 2 
2 4 4 -1 2 2 3 3 -1 6 -1 2 -1 -1 -1 -1 -1 -1 -1 2 
-1 -1 -1 -1 -1 2 -1 3 6 6 6 -1 -1 -1 -1 -1 -1 -1 -1 -1 
-1 4 4 4 2 3 2 3 6 6 6 -1 6 -1 -1 -1 -1 -1 -1 -1 
-1 -1 2 2 2 2 6 6 6 6 -1 6 6 6 -1 6 6 -1 4 -1 
2 2 2 -1 -1 6 -1 -1 -1 -1 1 3 -1 1 6 6 6 -1 8 4 
-1 2 2 2 -1 2 2 2 -1 2 3 3 1 -1 1 6 6 6 4 4 
1 1 2 2 2 2 -1 -1 6 6 -1 6 6 1 1 6 6 6 -1 4 
4 1 -1 -1 6 2 -1 -1 6 6 6 2 -1 1 3 6 6 6 -1 -1 
1 1 1 1 6 -1 -1 6 6 6 6 2 3 1 -1 6 6 -1 -1 4 
6 -1 1 6 6 -1 -1 6 6 -1 -1 -1 6 -1 6 6 -1 -1 -1 4 
-1 6 6 1 1 -1 6 6 2 2 -1 -1 -1 2 2 -1 -1 2 2 4 
-1 4 -1 -1 4 6 6 4 -1 2 -1 6 6 -1 -1 2 2 2 4 -1 
4 -1 4 4 -1 4 -1 -1 4 2 2 2 6 -1 2 2 6 2 4 4 
4 -1 4 4 4 -1 -1 4 -1 2 2 -1 -1 -1 6 2 -1 2 4 -1 
-1 -1 6 6 -1 2 2 8 2 2 2 -1 2 2 -1 -1 -1 2 2 4 
4 -1 -1 -1 -1 2 -1 2 2 2 2 2 2 -1 -1 -1 -1 -1 2 4 
4 4 2 -1 -1 2 2 2 -1 -1 -1 -1 2 -1 -1 -1 -1 -1 -1 2 
-1 4 2 -1 2 2 2 -1 4 -1 -1 -1 -1 2 -1 -1 -1 -1 -1 4 
-1 2 2 2 2 2 2 2 2 2 -1 1 -1 2 2 4 2 2 2 -1 
-1 2 -1 2 -1 -1 2 2 2 2 1 -1 2 4 -1 4 -1 2 2 1 
1 2 2 2 -1 4 -1 2 -1 2 2 4 -1 4 -1 2 2 2 -1 1 
1 2 2 2 -1 -1 -1 -1 -1 -1 2 4 4 4 4 2 -1 2 -1 2 
2 2 -1 -1 -1 -1 -1 -1 -1 -1 -1 4 -1 4 -1 2 2 2 2 2 
2 2 -1 -1 -1 2 -1 -1 -1 -1 -1 4 4 2 4 2 2 2 2 2 
2 2 2 2 2 4 -1 -1 -1 -1 -1 -1 -1 -1 2 -1 2 2 2 2 
2 2 -1 2 2 -1 4 -1 -1 -1 4 -1 -1 -1 -1 2 2 2 2 2 
2 2 2 2 2 2 -1 2 -1 -1 4 -1 -1 -1 2 2 2 2 2 2 
2 2 2 -1 -1 2 2 1 1 -1 1 1 1 -1 -1 2 2 2 2 2 
2 2 2 2 2 2 1 -1 -1 -1 -1 1 1 -1 -1 2 2 -1 2 2 
2 -1 -1 -1 2 -1 -1 2 -1 -1 -1 1 2 2 2 2 -1 2 2 2 
-1 -1 -1 -1 -1 -1 -1 -1 -1 1 1 1 1 2 2 -1 -1 -1 3 2 
-1 -1 -1 -1 -1 -1 -1 1 1 -1 -1 -1 -1 -1 2 -1 -1 3 -1 -1 
3 -1 -1 -1 -1 2 -1 1 1 1 -1 -1 -1 -1 -1 2 2 3 2 -1 
3 -1 -1 6 -1 -1 2 2 1 1 1 -1 -1 -1 -1 2 4 3 3 3 
3 3 3 6 2 -1 2 2 1 2 -1 1 -1 -1 -1 2 2 3 2 2 
-1 3 2 2 2 2 2 2 2 -1 -1 -1 -1 2 2 2 2 3 3 3 
-1 -1 2 2 2 2 2 2 -1 2 -1 -1 -1 -1 -1 2 2 2 -1 -1 
-1 2 2 2 2 2 2 2 2 -1 2 2 -1 -1 -1 2 -1 2 -1 -1 
-1 2 2 -1 -1 -1 -1 -1 -1 -1 -1 -1 -1 -1 2 2 2 8 2 -1 
2 2 -1 -1 -1 -1 -1 2 2 2 -1 -1 -1 1 -1 -1 8 8 1 2 
2 2 -1 -1 -1 -1 -1 2 2 2 -1 -1 -1 -1 -1 -1 -1 8 -1 2 
2 2 2 -1 1 -1 2 2 2 2 2 2 -1 2 2 2 2 2 2 2 
8 8 -1 -1 9 1 1 2 2 2 2 -1 -1 -1 2 -1 2 2 2 2 
8 8 9 9 -1 -1 -1 -1 2 2 2 -1 2 -1 2 2 2 2 2 2 
-1 -1 8 8 -1 -1 -1 -1 -1 2 2 2 2 2 2 2 -1 2 2 -1 
-1 -1 -1 -1 -1 -1 -1 1 2 -1 2 -1 2 2 2 2 2 8 8 8 
1 -1 8 8 8 -1 -1 6 -1 6 2 2 -1 2 2 -1 8 2 2 8 
-1 8 8 8 6 -1 -1 6 6 6 1 2 -1 2 -1 8 2 2 2 -1 
-1 9 9 -1 8 8 -1 2 2 1 1 2 2 2 2 2 2 2 2 2 
2 9 9 -1 8 8 6 6 2 -1 -1 2 2 -1 2 2 2 2 2 -1 
2 2 9 8 9 9 -1 2 2 2 2 2 2 2 -1 2 2 2 2 -1 
-1 2 8 -1 -1 -1 -1 2 2 2 -1 2 2 2 2 -1 2 -1 -1 -1 
-1 -1 -1 -1 -1 -1 -1 -1 2 2 -1 4 2 2 2 2 -1 -1 -1 -1 
2 2 2 -1 -1 -1 -1 -1 -1 -1 2 4 1 -1 2 2 2 -1 -1 -1 
-1 2 2 -1 -1 -1 -1 -1 -1 -1 -1 -1 4 4 -1 -1 2 2 -1 -1 
-1 2 2 -1 -1 -1 -1 -1 -1 -1 -1 -1 4 -1 4 -1 -1 2 -1 -1 
-1 -1 2 -1 -1 -1 -1 -1 -1 -1 -1 -1 -1 -1 4 2 2 2 -1 -1 
-1 2 2 -1 -1 -1 -1 -1 -1 -1 -1 -1 -1 -1 -1 2 2 -1 -1 -1 
-1 2 2 2 8 8 1 -1 1 1 1 1 8 1 8 -1 -1 2 6 2 
3 3 -1 2 8 -1 8 -1 -1 -1 1 -1 8 -1 -1 -1 -1 9 2 6 
-1 2 2 8 -1 8 -1 -1 4 -1 4 4 -1 6 -1 -1 8 8 2 3 
-1 2 -1 -1 -1 8 -1 4 -1 4 4 -1 6 6 -1 -1 -1 3 3 6 
6 6 -1 -1 -1 -1 8 8 -1 4 4 6 -1 6 6 8 -1 3 3 6 
6 -1 -1 -1 -1 -1 8 -1 4 -1 6 6 6 -1 2 6 2 6 -1 -1 
-1 6 -1 -1 -1 2 -1 -1 -1 4 6 6 6 6 2 2 6 -1 6 6 
-1 -1 -1 -1 -1 2 -1 -1 -1 -1 -1 6 6 6 2 2 -1 2 6 -1 
2 2 -1 -1 -1 2 -1 2 -1 2 2 6 6 2 6 -1 -1 -1 2 2 
1 2 2 -1 -1 2 2 2 2 2 2 2 6 2 -1 2 2 -1 -1 2 
1 2 2 -1 -1 1 2 2 -1 -1 2 2 6 -1 2 -1 2 -1 2 2 
1 -1 2 2 2 2 2 2 -1 -1 -1 2 -1 2 2 2 -1 -1 1 1 
-1 2 2 2 2 2 6 1 -1 2 2 2 2 -1 2 2 1 -1 1 1 
1 2 2 2 2 2 2 -1 1 1 2 2 2 2 -1 -1 -1 1 1 4 
1 -1 -1 2 2 2 2 1 2 -1 -1 2 -1 -1 -1 2 1 2 2 1 
1 -1 -1 2 2 2 8 8 -1 -1 -1 -1 -1 -1 2 1 1 1 2 2 
2 2 2 1 2 8 8 2 2 1 1 1 -1 6 8 8 2 1 1 1 
2 2 1 2 8 8 8 1 1 1 1 1 1 8 8 2 6 6 8 1 
2 -1 2 2 2 2 8 1 1 1 1 1 8 2 2 6 8 8 6 2 
6 6 2 2 2 2 -1 1 1 1 1 2 1 8 8 8 2 6 6 -1 
-1 -1 -1 5 -1 -1 -1 8 8 8 -1 8 3 6 6 8 6 6 6 -1 
-1 -1 5 -1 5 -1 8 8 -1 8 8 8 8 6 8 6 6 6 6 6 
-1 5 5 5 5 8 -1 -1 8 8 8 8 8 6 6 6 6 6 6 6 
-1 6 5 5 -1 8 -1 -1 8 8 -1 -1 8 5 6 6 -1 6 6 6 
6 6 10 5 5 -1 -1 8 8 8 8 8 -1 5 5 6 6 6 6 6 
6 6 10 -1 5 8 8 8 8 -1 8 8 8 6 5 4 1 6 6 6 
2 6 6 10 -1 5 6 8 -1 6 6 6 8 8 5 1 6 6 6 6 
-1 2 -1 -1 10 -1 -1 6 6 -1 -1 6 8 5 6 -1 -1 6 2 2 
6 -1 10 3 3 3 -1 -1 6 -1 -1 6 -1 -1 6 -1 6 2 2 -1 
-1 6 -1 10 3 3 10 3 -1 -1 -1 6 -1 6 6 6 2 6 2 2 
6 2 13 -1 -1 10 10 -1 -1 -1 -1 6 6 6 6 6 4 2 6 3 
6 -1 2 13 -1 -1 10 -1 -1 -1 -1 -1 6 6 3 6 3 3 3 6 
6 6 -1 -1 13 -1 -1 -1 -1 6 -1 2 2 6 6 3 -1 3 3 2 
-1 4 3 -1 -1 -1 2 -1 6 6 6 6 2 6 2 3 3 -1 3 6 
3 3 4 -1 2 -1 -1 2 2 6 2 2 2 2 6 -1 -1 2 -1 -1 
-1 -1 4 6 8 2 -1 -1 3 3 2 2 2 3 3 2 -1 -1 -1 -1 
-1 -1 1 1 5 5 -1 3 2 -1 3 3 2 -1 3 2 -1 6 6 3 
-1 3 1 1 1 5 5 3 -1 3 3 3 -1 6 -1 -1 6 -1 6 3 
3 3 1 1 -1 -1 5 -1 -1 8 3 2 -1 6 6 3 6 -1 -1 6 
-1 -1 6 6 1 -1 8 8 8 8 8 3 3 6 6 8 6 6 6 -1 
3 4 4 2 2 6 6 6 2 6 6 3 36 36 -1 36 36 6 6 5 
6 6 4 2 2 6 6 -1 6 6 6 6 -1 3 36 36 6 6 5 6 
-1 4 -1 -1 2 4 4 6 6 6 6 6 6 3 36 36 36 6 5 -1 
-1 6 2 2 2 2 6 -1 -1 6 -1 6 6 36 -1 36 5 6 6 6 
6 6 2 2 2 2 -1 -1 -1 -1 6 6 6 36 36 36 5 5 3 6 
6 2 2 -1 2 2 2 -1 3 6 5 6 6 6 36 36 5 5 3 6 
1 1 2 -1 2 2 2 3 3 2 6 6 6 6 6 5 5 5 3 3 
5 6 6 2 -1 2 -1 -1 2 3 6 3 2 6 3 6 5 -1 3 -1 
6 6 2 6 2 -1 2 2 2 2 6 2 2 3 6 6 6 5 5 6 
6 6 2 6 6 2 2 2 6 6 2 2 2 6 6 6 6 6 5 5 
6 6 6 6 2 6 2 2 2 6 2 2 2 6 6 6 6 6 5 5 
4 4 4 4 6 2 6 2 6 -1 6 2 6 6 6 6 6 6 6 4 
6 6 6 6 6 6 6 2 6 6 6 -1 -1 6 6 6 6 6 6 10 
6 -1 4 6 6 6 6 -1 6 6 6 6 6 6 6 6 6 6 10 6 
6 -1 6 6 6 6 1 6 6 6 6 6 6 6 6 6 6 6 6 6 
6 6 6 6 2 1 4 1 6 6 6 6 6 6 6 6 -1 6 6 6 
4 6 6 6 5 2 1 2 6 6 6 6 6 -1 -1 -1 -1 2 6 -1 
6 6 6 6 6 1 2 2 6 6 6 6 -1 -1 2 -1 2 36 6 -1 
6 6 6 6 6 6 -1 2 6 6 6 6 -1 6 36 2 36 3 -1 -1 
6 3 6 2 6 6 6 6 6 6 3 6 -1 36 -1 36 36 -1 6 -1 
36 36 36 6 6 6 5 6 5 6 3 -1 6 5 5 36 -1 36 36 36 
36 36 36 6 6 5 5 6 -1 3 6 6 5 5 36 36 36 36 36 4 
36 3 6 6 6 6 6 -1 3 3 3 -1 -1 3 36 36 36 36 2 36 
4 4 6 6 6 6 6 3 3 4 -1 3 -1 2 3 36 4 2 4 -1 
4 4 6 -1 6 6 6 6 3 -1 4 3 -1 6 -1 -1 4 -1 -1 4 
1 5 4 -1 -1 -1 -1 -1 6 6 -1 3 -1 -1 6 4 6 4 4 4 
5 4 4 -1 4 -1 6 6 4 -1 -1 -1 6 6 6 6 6 4 -1 4 
5 5 5 4 4 1 3 6 6 4 -1 6 3 5 6 4 4 4 4 5 
5 5 5 4 4 4 3 4 -1 6 4 -1 3 3 -1 -1 4 -1 5 5 
5 5 6 4 4 6 5 6 6 6 6 6 3 3 -1 -1 -1 5 5 5 
-1 -1 6 6 6 5 6 6 6 -1 6 3 -1 1 -1 1 36 1 -1 5 
-1 3 3 -1 6 5 5 6 6 5 6 6 1 1 1 1 1 1 6 -1 
4 4 6 6 6 6 5 -1 5 2 4 6 5 1 1 1 36 36 4 4 
-1 -1 6 6 6 6 -1 5 -1 5 5 4 5 5 1 1 36 36 4 6 
-1 6 6 -1 -1 6 5 5 5 -1 5 5 -1 5 5 1 1 1 1 4 
6 6 6 6 6 6 5 5 5 6 6 5 5 5 5 6 6 1 4 1 
6 6 -1 6 6 -1 5 5 5 6 6 36 36 5 -1 6 -1 4 4 6 
6 6 -1 6 5 5 5 6 7 5 5 6 36 -1 33 33 4 36 6 36 
6 6 6 6 5 5 7 7 7 5 6 6 6 6 6 4 4 4 36 36 
36 6 6 6 -1 5 5 5 -1 6 3 6 6 6 36 36 4 4 36 36 
6 6 -1 4 6 6 6 6 6 6 6 6 6 6 5 5 5 6 -1 -1 
6 6 -1 -1 -1 6 6 6 6 6 6 6 6 1 1 6 5 6 -1 -1 
6 -1 -1 -1 6 6 6 6 6 6 6 6 6 1 6 6 6 5 6 6 
-1 -1 -1 6 6 6 6 6 -1 -1 -1 4 4 -1 -1 6 6 -1 5 6 
-1 -1 3 3 6 6 6 1 -1 5 5 4 -1 -1 -1 -1 4 6 4 6 
4 4 6 6 6 6 1 5 5 5 5 5 5 -1 -1 6 5 6 4 6 
-1 4 4 1 6 1 1 5 6 5 5 5 6 5 6 4 5 4 4 4 
4 4 -1 4 1 4 6 5 5 6 6 5 5 6 -1 4 5 5 4 6 
6 -1 4 1 4 6 6 5 5 -1 5 -1 6 6 5 6 6 4 6 6 
6 6 1 6 6 6 6 5 5 6 6 6 4 5 5 6 6 6 6 5 
-1 6 1 6 6 5 5 5 5 4 6 -1 4 4 5 5 6 6 4 6 
5 6 -1 1 -1 -1 5 4 4 4 4 6 6 -1 -1 6 -1 4 6 5 
5 6 -1 1 -1 5 4 4 4 4 4 4 4 6 -1 -1 -1 6 6 6 
4 6 1 1 -1 4 5 1 1 4 5 5 4 6 6 -1 6 6 6 6 
6 4 -1 4 4 4 1 1 1 -1 -1 -1 4 1 -1 6 4 6 6 6 
6 6 -1 4 4 -1 1 1 1 1 6 6 3 6 1 -1 4 4 4 -1 
6 6 -1 1 1 1 1 5 5 6 6 6 6 4 6 -1 1 1 1 6 
6 6 1 1 1 -1 1 1 40 6 6 5 -1 6 4 6 1 1 1 6 
-1 6 1 1 -1 6 6 6 6 6 6 6 5 5 1 1 1 1 -1 6 
-1 6 -1 -1 6 6 6 6 6 6 6 6 6 6 1 5 5 5 6 -1 
-1 6 4 6 6 1 6 5 -1 6 6 6 6 1 4 1 -1 -1 6 -1 
-1 -1 -1 -1 6 6 6 6 -1 -1 4 4 6 -1 6 -1 -1 6 6 -1 
6 -1 -1 4 6 6 6 6 6 6 4 4 -1 4 5 -1 1 -1 -1 -1 
4 2 -1 4 4 6 6 -1 6 6 4 -1 6 5 4 -1 5 1 -1 6 
-1 -1 -1 4 4 6 1 1 1 4 6 4 6 6 6 4 5 -1 -1 -1 
6 6 6 6 6 6 -1 4 6 -1 4 6 6 6 6 6 4 4 5 -1 
-1 6 6 6 6 5 4 6 4 4 6 6 6 -1 6 4 4 6 5 -1 
6 6 5 6 5 -1 -1 4 4 4 6 6 6 6 4 4 4 4 4 -1 
-1 6 -1 6 6 -1 4 6 -1 -1 4 6 6 4 4 4 4 6 4 4 
6 6 6 4 6 4 -1 4 -1 4 6 5 6 6 -1 4 -1 4 6 6 
-1 6 6 6 -1 3 -1 4 4 6 5 5 4 6 6 -1 -1 -1 -1 -1 
-1 6 -1 5 5 3 3 1 -1 5 6 6 -1 6 -1 5 -1 -1 5 5 
6 -1 5 5 3 3 1 -1 5 5 -1 6 5 5 5 -1 -1 -1 5 6 
-1 5 5 -1 5 -1 -1 1 1 -1 5 5 -1 5 -1 -1 -1 -1 6 6 
-1 5 5 5 -1 5 1 5 1 -1 6 -1 -1 6 5 -1 -1 -1 -1 -1 
5 6 5 5 5 5 5 5 2 5 -1 -1 -1 -1 6 6 -1 -1 -1 -1 
6 6 6 6 5 5 5 5 5 6 -1 -1 -1 -1 -1 6 6 -1 6 6 
6 6 6 6 4 5 5 5 5 -1 -1 -1 -1 -1 -1 4 -1 6 6 6 
-1 6 4 5 4 5 4 5 5 -1 6 -1 -1 1 1 4 4 4 -1 6 
6 4 6 4 6 1 5 6 6 -1 6 6 -1 6 1 4 4 4 -1 -1 
-1 -1 6 5 6 -1 5 40 40 6 4 6 6 6 6 6 5 5 5 6 
6 6 5 6 -1 -1 -1 5 4 1 5 4 4 6 6 5 6 -1 6 -1 
6 -1 6 -1 4 5 6 6 6 5 1 5 6 4 6 -1 -1 6 -1 6 
-1 6 -1 4 4 5 5 6 5 -1 5 4 5 5 -1 -1 -1 -1 -1 -1 
-1 -1 -1 4 4 -1 6 5 -1 -1 -1 5 4 5 33 -1 -1 -1 -1 -1 
-1 -1 4 4 -1 -1 6 4 -1 4 5 -1 5 -1 32 -1 33 -1 -1 -1 
-1 -1 6 6 -1 -1 6 -1 4 -1 2 5 -1 -1 -1 32 33 33 -1 -1 
-1 6 6 6 6 6 6 6 5 6 5 -1 -1 -1 1 33 33 6 6 -1 
-1 -1 6 6 -1 6 6 4 4 -1 6 -1 -1 -1 -1 1 -1 6 -1 6 
6 4 6 6 -1 6 -1 -1 -1 -1 6 6 6 -1 -1 -1 -1 6 6 -1 
4 4 4 6 6 -1 -1 6 -1 6 6 3 5 3 3 3 -1 6 -1 -1 
4 4 4 6 6 4 -1 6 6 -1 6 5 3 3 3 3 -1 -1 -1 -1 
-1 -1 -1 4 3 6 4 -1 6 6 6 -1 3 1 6 -1 5 6 6 -1 
-1 -1 -1 4 2 6 6 6 6 6 5 5 1 5 6 -1 6 4 6 6 
6 -1 -1 3 3 2 -1 6 -1 6 6 1 5 5 5 5 5 -1 -1 -1 
-1 -1 -1 -1 6 6 -1 6 -1 -1 6 6 -1 -1 5 -1 -1 5 -1 -1 
-1 5 5 -1 6 6 6 6 -1 -1 -1 -1 6 -1 6 6 5 5 -1 -1 
-1 5 5 5 2 2 6 40 40 -1 6 -1 1 6 6 6 4 5 5 5 
5 6 5 5 5 -1 -1 40 1 1 6 1 1 1 6 5 5 5 5 5 
6 6 5 5 5 5 -1 40 40 40 -1 4 6 5 6 6 5 5 5 5 
6 4 1 1 1 -1 -1 -1 6 3 3 3 3 4 6 4 4 -1 4 4 
6 6 -1 1 -1 -1 1 6 3 3 3 -1 4 4 4 4 4 4 4 4 
4 6 -1 1 1 1 6 6 1 4 -1 4 -1 4 4 4 4 4 6 4 
6 4 1 -1 1 1 6 6 1 4 4 4 -1 -1 4 -1 4 -1 4 4 
4 6 -1 -1 -1 -1 6 6 6 -1 4 4 -1 6 -1 -1 4 4 4 4 
4 -1 -1 -1 -1 -1 6 6 6 6 4 2 6 6 -1 2 4 4 4 4 
4 -1 6 2 -1 -1 -1 6 6 6 2 6 2 6 -1 2 4 3 -1 4 
4 4 6 2 -1 4 6 6 6 -1 6 6 6 2 -1 3 -1 -1 -1 -1 
4 6 3 -1 -1 4 -1 -1 1 6 6 6 6 -1 -1 2 4 5 -1 4 
4 1 -1 -1 -1 -1 5 -1 1 1 6 -1 -1 -1 2 -1 -1 4 4 -1 
4 2 -1 -1 4 -1 5 -1 5 1 -1 1 -1 -1 -1 -1 -1 5 4 4 
5 -1 4 4 -1 4 -1 5 1 1 -1 -1 1 -1 -1 6 6 4 4 5 
-1 5 5 -1 4 -1 5 1 1 1 1 1 -1 -1 -1 6 -1 -1 5 5 
-1 5 6 4 4 -1 -1 5 5 -1 1 6 -1 -1 -1 -1 -1 -1 -1 6 
6 -1 6 1 6 -1 -1 -1 -1 1 -1 6 1 1 -1 -1 -1 -1 6 5 
5 3 4 6 6 4 -1 -1 -1 -1 1 1 1 1 -1 -1 6 6 6 5 
3 5 4 4 4 1 1 -1 -1 -1 -1 1 6 -1 -1 -1 -1 -1 6 4 
3 3 4 4 1 1 -1 1 -1 -1 -1 -1 6 6 6 -1 6 -1 4 4 
4 -1 -1 -1 4 1 1 -1 -1 -1 -1 -1 6 6 -1 -1 6 6 4 3 
4 3 -1 1 1 1 1 1 -1 3 3 6 6 6 4 6 -1 6 6 4 
3 2 -1 -1 1 -1 2 1 6 6 1 1 6 1 1 6 -1 6 1 1 
1 1 2 -1 -1 1 1 2 1 6 6 6 1 1 6 -1 6 1 1 1 
-1 -1 -1 -1 -1 -1 -1 6 1 6 6 6 3 3 6 6 6 6 6 6 
8 -1 -1 -1 -1 -1 -1 1 1 1 1 1 6 6 6 1 2 6 -1 8 
-1 1 -1 2 -1 -1 1 1 1 4 -1 1 1 6 2 2 1 2 2 -1 
-1 1 2 -1 -1 -1 1 1 -1 4 4 4 1 -1 1 1 1 -1 1 1 
1 2 -1 -1 -1 -1 -1 1 1 4 4 1 1 1 2 1 2 2 1 1 
6 2 2 -1 -1 -1 -1 1 4 4 4 4 1 1 2 2 2 1 2 1 
6 -1 -1 -1 -1 -1 2 6 6 4 4 -1 -1 1 2 -1 -1 2 1 2 
6 -1 6 6 -1 -1 1 6 6 6 4 6 1 1 1 -1 2 1 1 1 
6 -1 6 6 6 -1 -1 -1 1 4 3 1 3 1 1 2 1 1 -1 -1 
6 6 -1 1 1 -1 1 1 -1 -1 3 3 -1 -1 1 1 -1 1 -1 -1 
2 1 1 1 1 1 1 6 1 -1 1 -1 1 -1 -1 -1 1 1 -1 -1 
1 -1 -1 1 -1 1 1 6 6 -1 -1 1 1 -1 -1 1 1 1 -1 -1 
-1 -1 1 -1 -1 1 1 -1 -1 6 -1 -1 1 -1 -1 -1 1 -1 -1 -1 
1 -1 1 -1 -1 1 -1 1 -1 -1 6 1 1 -1 1 1 1 -1 -1 -1 
1 1 1 1 -1 -1 1 -1 1 1 1 1 1 2 1 1 1 1 -1 -1 
1 1 1 1 -1 6 1 1 1 1 1 1 6 2 2 -1 1 1 -1 1 
-1 1 1 1 1 6 6 1 1 1 1 1 6 6 6 2 -1 1 -1 1 
-1 1 2 1 1 1 6 -1 -1 1 6 6 6 6 1 1 1 1 6 6 
8 8 8 1 1 1 1 1 -1 2 2 2 -1 -1 1 1 1 1 -1 8 
8 8 2 1 1 -1 1 2 2 2 -1 2 2 -1 -1 -1 -1 1 8 8 
1 8 -1 1 -1 1 1 2 2 2 2 2 -1 -1 -1 -1 1 -1 8 -1 
1 2 2 -1 -1 2 2 1 2 2 2 1 -1 -1 -1 -1 4 4 -1 8 
2 -1 -1 1 1 1 1 1 -1 -1 -1 -1 -1 -1 -1 4 4 -1 1 1 
4 1 -1 1 1 -1 1 1 1 -1 4 1 1 1 -1 -1 -1 1 1 8 
1 1 -1 -1 -1 -1 -1 -1 -1 8 2 1 1 4 -1 -1 1 1 1 1 
-1 -1 -1 -1 -1 -1 -1 -1 -1 -1 2 2 1 4 -1 1 2 2 -1 1 
1 -1 -1 1 1 1 1 2 -1 -1 -1 -1 -1 -1 1 -1 -1 2 2 1 
8 1 1 -1 9 1 1 2 -1 -1 8 -1 8 1 -1 1 1 1 2 -1 
1 1 9 9 -1 -1 1 -1 1 8 -1 8 8 8 1 -1 1 1 1 1 
1 1 9 1 -1 -1 -1 -1 -1 -1 -1 8 -1 6 6 1 1 1 1 1 
1 1 1 1 1 1 1 1 -1 2 -1 -1 2 6 4 -1 8 1 -1 -1 
-1 1 1 1 -1 1 -1 -1 -1 2 -1 2 2 2 4 6 1 -1 1 1 
-1 1 1 8 1 1 -1 -1 2 2 2 2 4 -1 6 4 8 1 1 1 
-1 -1 8 8 8 1 2 2 -1 -1 2 2 6 4 4 1 1 8 8 8 
-1 -1 -1 -1 8 2 2 2 -1 -1 -1 2 2 -1 4 -1 8 8 8 -1 
8 1 1 8 -1 1 1 -1 -1 1 4 4 4 4 -1 -1 8 8 -1 -1 
1 1 8 1 1 1 1 1 1 2 -1 -1 2 -1 8 8 8 8 8 8 
8 8 -1 1 1 1 1 4 4 2 2 2 -1 -1 -1 8 8 1 8 8 
1 2 1 4 -1 -1 8 4 -1 -1 4 2 6 2 6 -1 2 -1 4 -1 
2 -1 2 4 4 4 8 4 -1 -1 4 -1 -1 2 2 2 2 -1 -1 1 
1 2 4 4 -1 -1 4 -1 -1 -1 4 4 1 2 1 2 -1 2 1 -1 
-1 -1 -1 4 -1 4 -1 4 32 4 4 4 1 1 2 1 8 -1 1 1 
2 -1 -1 4 4 4 4 -1 32 8 4 4 8 2 1 8 8 8 8 2 
-1 -1 -1 4 4 -1 4 -1 4 8 8 8 -1 1 1 -1 1 8 2 -1 
-1 -1 2 4 -1 1 4 -1 4 8 8 -1 -1 1 1 1 1 8 8 1 
1 2 2 6 -1 1 1 4 4 8 8 8 1 -1 1 4 4 1 -1 -1 
2 2 2 -1 6 1 4 4 8 8 -1 4 4 4 4 4 1 8 -1 -1 
8 2 8 8 -1 6 4 4 4 4 4 4 4 1 4 1 8 2 8 -1 
2 8 -1 -1 4 4 6 -1 4 1 4 4 4 -1 4 4 -1 8 8 8 
8 8 -1 -1 2 2 1 1 1 1 4 4 -1 -1 -1 2 1 8 8 -1 
8 1 4 4 2 2 1 2 1 4 1 -1 1 -1 2 1 -1 1 1 -1 
1 1 1 1 1 1 1 2 4 2 1 1 1 1 1 1 1 1 1 8 
1 1 1 1 1 1 2 -1 2 1 1 1 1 -1 1 1 1 1 1 1 
1 1 1 -1 1 1 2 -1 1 1 1 -1 -1 1 1 1 -1 1 1 1 
1 1 1 1 4 4 2 2 2 2 2 2 1 1 1 1 1 1 1 1 
1 4 1 1 1 4 -1 4 -1 2 2 2 -1 1 1 1 1 1 1 1 
1 1 1 1 -1 -1 -1 4 4 4 6 2 6 -1 -1 2 -1 1 1 4 
1 1 -1 1 8 8 -1 4 4 4 4 6 -1 6 2 -1 -1 4 4 4 
4 4 4 -1 4 1 1 1 -1 -1 4 4 4 4 -1 4 4 -1 4 4 
4 4 -1 4 4 4 1 4 4 -1 -1 4 4 4 4 -1 4 2 2 -1 
4 4 1 -1 -1 4 4 4 4 4 1 4 4 4 4 -1 4 4 2 4 
4 1 4 1 4 4 4 4 1 1 4 4 4 6 -1 4 -1 2 -1 -1 
2 -1 -1 1 4 4 1 1 1 1 2 1 1 8 6 -1 2 2 -1 2 
1 -1 1 4 4 4 1 -1 1 1 2 1 -1 8 -1 2 -1 4 4 2 
-1 4 4 4 4 4 4 1 1 2 1 1 -1 4 -1 2 4 4 2 2 
-1 4 4 4 4 4 -1 2 2 2 1 -1 -1 4 4 4 4 4 2 2 
-1 4 4 4 4 1 1 1 1 1 1 1 4 -1 4 4 4 4 4 -1 
-1 2 4 1 4 1 1 1 1 1 -1 4 -1 4 -1 4 4 4 3 3 
4 2 4 -1 -1 1 1 1 -1 1 -1 -1 -1 -1 -1 4 -1 3 4 -1 
4 1 1 1 1 1 4 1 -1 -1 4 4 4 1 -1 -1 4 3 3 -1 
1 1 1 4 1 4 4 -1 -1 -1 4 4 4 1 4 4 4 3 -1 -1 
4 2 4 2 2 4 4 4 -1 4 4 4 4 1 4 4 3 4 4 4 
1 2 2 2 2 4 4 4 4 4 4 4 4 -1 1 4 4 4 4 -1 
1 2 2 2 2 6 4 2 4 4 4 4 4 -1 4 4 4 4 2 4 
4 2 2 2 2 2 2 2 -1 4 4 4 4 2 2 -1 4 4 4 -1 
4 -1 4 2 2 4 2 2 2 4 4 4 2 -1 2 4 -1 4 4 4 
4 4 2 2 4 -1 2 2 2 4 4 4 4 2 4 4 4 4 -1 4 
4 4 2 4 4 4 -1 4 4 4 -1 -1 4 4 4 4 4 -1 4 4 
4 -1 1 1 1 1 1 -1 -1 4 2 -1 -1 4 4 4 4 4 4 -1 
-1 1 1 1 1 1 1 1 4 6 4 4 4 4 4 4 4 4 6 6 
-1 -1 1 1 1 1 1 4 4 4 4 -1 -1 -1 4 4 4 -1 6 2 
-1 32 -1 1 1 1 1 1 4 4 8 4 -1 4 4 4 4 4 2 6 
2 2 -1 -1 4 1 1 1 4 4 4 4 8 4 4 4 4 2 4 2 
3 -1 32 32 4 4 4 1 4 4 -1 4 4 4 4 4 4 2 2 2 
2 -1 32 -1 -1 4 4 4 4 4 4 4 4 2 2 -1 4 -1 2 3 
3 3 3 -1 -1 -1 4 4 2 2 4 2 4 4 -1 4 -1 2 2 2 
3 3 3 -1 4 4 4 4 -1 4 2 -1 4 4 4 4 4 -1 2 2 
2 2 3 3 2 4 4 -1 2 2 2 2 -1 4 4 4 4 -1 2 -1 
2 2 -1 2 2 4 4 4 2 2 2 -1 4 4 4 4 -1 -1 2 2 
32 2 32 32 4 4 4 2 2 2 2 1 4 4 4 4 4 4 4 4 
2 2 -1 1 1 2 4 2 -1 2 2 4 4 4 4 4 4 4 4 4 
-1 1 1 1 -1 2 2 2 2 2 2 1 4 4 6 4 4 4 4 -1 
1 1 6 1 1 -1 2 -1 2 2 1 4 4 4 4 6 -1 4 4 4 
4 1 4 1 1 4 4 4 4 4 4 4 -1 4 4 4 4 4 1 1 
4 1 1 4 4 4 -1 4 4 4 4 4 4 4 4 4 4 4 4 1 
1 1 1 4 4 4 4 -1 4 2 4 4 4 4 4 4 4 4 1 1 
1 -1 1 1 4 4 4 4 2 4 4 4 4 -1 -1 4 4 1 4 1 
4 1 1 4 4 -1 -1 1 -1 2 4 4 4 -1 4 4 4 4 4 4 
2 -1 2 2 2 2 8 4 4 4 1 1 1 2 2 2 4 1 -1 4 
2 -1 2 8 2 4 4 4 1 1 1 1 1 2 -1 4 4 4 -1 -1 
-1 -1 2 2 -1 4 -1 4 1 2 1 1 2 1 2 2 2 -1 -1 2 
2 -1 2 2 2 8 8 4 8 4 4 -1 2 2 2 4 2 2 2 2 
2 -1 -1 2 -1 8 -1 4 4 4 4 4 -1 2 4 2 -1 -1 2 -1 
-1 -1 -1 -1 -1 -1 8 -1 4 4 8 -1 -1 -1 -1 -1 -1 -1 2 -1 
-1 8 8 2 -1 -1 -1 8 4 8 -1 -1 8 8 4 -1 2 -1 2 2 
8 8 8 -1 -1 4 4 4 -1 8 8 8 8 8 -1 4 -1 4 2 2 
4 8 8 -1 2 -1 4 1 1 8 -1 8 8 -1 2 -1 32 4 4 8 
4 4 2 4 -1 -1 1 1 -1 8 -1 -1 2 -1 2 -1 2 32 4 4 
4 2 4 4 -1 1 4 4 1 8 -1 2 2 2 2 -1 2 2 -1 -1 
-1 4 2 2 2 4 4 4 4 1 8 -1 2 2 2 2 2 1 -1 4 
2 2 -1 2 2 4 4 8 8 1 8 -1 2 2 2 2 2 2 2 2 
2 2 2 2 -1 -1 8 8 8 8 8 2 8 2 -1 -1 2 2 2 -1 
2 2 -1 1 1 -1 1 1 8 8 4 -1 8 8 2 -1 -1 2 2 -1 
2 2 1 8 1 -1 1 8 8 1 1 4 -1 8 4 2 4 4 2 2 
2 2 -1 1 8 1 -1 8 -1 1 1 1 1 4 -1 -1 2 4 -1 -1 
2 -1 2 1 8 8 -1 -1 1 1 1 1 1 1 -1 -1 4 -1 -1 34 
8 2 2 1 8 8 8 1 1 1 2 2 1 1 1 4 4 -1 34 2 
-1 8 8 2 2 2 4 8 -1 1 1 1 1 1 2 2 2 1 1 -1 
2 8 8 8 1 1 1 1 1 1 8 -1 1 8 2 2 8 8 8 8 
2 8 8 8 8 1 1 1 1 1 1 1 1 -1 8 2 8 -1 8 2 
-1 -1 8 -1 1 1 -1 1 1 1 8 8 1 1 8 8 8 -1 -1 2 
2 8 -1 8 8 1 1 1 1 1 1 8 1 1 8 8 8 -1 -1 -1 
-1 -1 1 1 8 1 1 1 1 1 8 8 -1 -1 1 8 8 -1 8 -1 
-1 1 -1 1 8 1 1 1 1 1 1 8 -1 -1 8 -1 8 -1 1 1 
1 -1 -1 8 1 1 1 1 1 1 1 -1 1 -1 8 8 8 8 1 1 
2 -1 1 1 1 -1 -1 -1 1 -1 8 -1 1 1 -1 -1 -1 1 2 1 
8 2 1 8 -1 8 -1 8 8 8 8 8 -1 -1 1 -1 1 2 2 8 
1 8 1 1 8 -1 8 8 8 8 -1 8 -1 -1 1 -1 -1 8 8 1 
8 8 8 8 8 8 -1 -1 8 8 -1 -1 -1 1 -1 -1 8 -1 2 2 
8 -1 -1 8 8 -1 8 -1 -1 -1 8 8 -1 1 -1 -1 -1 2 -1 8 
-1 -1 8 8 8 8 1 -1 -1 -1 8 -1 2 -1 -1 -1 4 2 -1 8 
9 8 -1 8 8 1 2 2 -1 8 -1 2 2 2 -1 -1 -1 4 4 4 
4 9 8 -1 -1 2 2 8 8 8 2 -1 2 2 -1 8 4 4 4 -1 
9 8 -1 -1 2 1 8 1 8 2 2 2 -1 8 8 8 4 4 4 4 
4 4 4 -1 -1 8 1 -1 8 8 -1 2 8 8 8 -1 4 4 4 -1 
-1 1 1 -1 1 4 1 1 8 8 8 1 1 8 8 4 4 -1 4 4 
-1 1 1 1 1 4 1 1 -1 8 8 8 8 8 -1 8 8 -1 4 4 
-1 1 1 1 1 8 1 1 1 -1 -1 8 8 -1 -1 -1 8 8 8 8 
8 8 3 1 8 1 1 -1 -1 -1 -1 -1 -1 -1 -1 8 8 8 8 8 
8 8 -1 8 8 8 1 1 -1 -1 -1 -1 4 -1 -1 8 8 8 -1 8 
-1 8 1 1 -1 8 8 1 1 1 1 4 -1 -1 8 -1 8 8 1 -1 
8 8 8 8 8 8 8 1 1 1 -1 4 -1 -1 2 8 1 8 1 1 
8 8 -1 -1 1 8 -1 1 -1 -1 1 2 2 2 -1 -1 1 1 1 8 
1 8 1 1 1 1 8 8 1 -1 1 1 2 8 1 8 -1 -1 8 -1 
1 1 1 1 1 1 1 8 8 8 1 2 8 1 -1 -1 -1 -1 -1 -1 
-1 1 1 -1 1 1 8 8 8 2 2 2 2 8 8 8 -1 -1 8 -1 
1 1 -1 1 1 1 8 8 2 1 1 1 2 8 8 -1 8 8 8 1 
1 -1 -1 1 1 8 8 8 8 8 1 1 2 1 8 -1 1 -1 1 1 
-1 1 8 1 8 -1 -1 8 8 8 8 1 1 1 1 1 1 1 1 1 
8 8 -1 8 -1 8 8 8 8 8 8 1 1 1 1 8 1 1 1 1 
1 8 8 8 -1 -1 8 8 1 -1 1 1 1 1 1 1 1 1 1 1 
8 8 8 8 8 8 1 1 1 1 1 1 1 -1 1 1 1 1 -1 1 
8 8 8 8 8 1 1 1 1 1 1 1 -1 -1 1 1 -1 1 8 8 
8 8 8 8 8 1 3 1 1 1 -1 -1 1 -1 -1 -1 -1 -1 2 2 
8 8 8 -1 1 8 1 3 1 1 1 -1 -1 -1 -1 -1 -1 -1 -1 8 
8 -1 8 1 -1 1 -1 1 1 1 1 -1 8 -1 -1 -1 -1 -1 8 8 
-1 1 8 8 1 1 1 1 1 -1 -1 8 8 -1 -1 -1 -1 8 8 8 
8 8 -1 8 1 1 1 1 -1 -1 -1 -1 -1 -1 -1 8 -1 8 8 8 
8 1 8 3 3 8 9 8 8 -1 8 8 8 8 8 8 8 8 1 1 
8 9 3 8 3 3 8 8 8 -1 -1 8 8 8 8 8 8 1 1 -1 
3 9 -1 3 3 8 8 8 8 8 8 8 8 8 8 8 1 1 1 8 
8 3 3 3 -1 3 8 8 8 8 8 8 2 8 -1 1 1 1 1 8 
8 8 -1 3 3 8 1 2 2 8 8 8 2 2 2 -1 1 1 8 8 
8 8 8 8 8 8 3 8 8 1 2 2 8 1 1 2 2 2 8 8 
8 -1 8 8 8 8 8 1 2 1 2 2 1 8 1 8 2 2 2 2 
-1 8 -1 8 8 8 8 1 1 1 1 1 1 1 1 2 2 8 2 2 
2 8 8 8 8 8 8 2 2 1 1 1 1 -1 1 1 1 1 2 2 
8 8 9 8 8 8 8 2 8 8 8 1 1 8 1 1 1 1 2 2 
8 8 8 9 8 8 2 8 2 8 8 1 32 8 1 1 1 3 -1 8 
-1 8 8 8 8 8 8 8 8 8 8 1 8 3 3 3 3 8 1 -1 
8 8 8 8 8 8 8 8 -1 8 8 8 8 3 3 1 3 -1 3 8 
8 8 8 3 3 8 8 8 8 8 8 4 4 4 3 1 1 3 8 8 
-1 8 8 8 8 3 3 4 8 8 8 8 4 4 1 8 1 8 8 8 
8 8 8 8 3 3 3 3 8 -1 8 1 8 8 8 -1 -1 8 8 8 
8 8 8 8 8 8 3 -1 -1 4 -1 -1 -1 8 8 8 1 -1 1 8 
3 8 9 3 3 8 -1 8 4 8 8 8 8 -1 8 -1 8 8 8 1 
8 3 8 9 8 3 8 4 8 8 8 8 8 8 8 8 8 1 1 1 
8 8 1 8 3 3 9 8 8 -1 8 8 8 8 8 8 -1 8 1 -1 
-1 -1 -1 1 1 -1 1 -1 8 8 8 -1 8 8 8 1 8 8 1 -1 
8 8 -1 1 1 1 1 1 8 1 8 8 8 8 8 1 8 1 -1 -1 
-1 -1 -1 8 1 1 1 1 1 1 -1 8 8 8 1 1 1 -1 -1 -1 
8 -1 1 8 1 1 1 1 1 1 8 8 8 8 8 8 1 -1 3 -1 
8 -1 1 1 1 1 1 8 8 8 -1 8 8 8 8 8 3 3 3 -1 
-1 1 1 1 1 -1 -1 -1 8 8 8 8 8 8 8 -1 8 8 8 8 
8 8 1 1 8 8 8 -1 1 1 8 8 8 8 8 -1 8 8 -1 1 
8 1 1 1 1 8 1 8 1 1 1 8 8 8 8 8 8 8 8 1 
-1 8 1 8 1 1 1 1 1 1 1 1 1 8 8 8 8 8 1 1 
8 8 8 8 -1 -1 1 1 1 1 1 1 1 8 -1 8 8 1 8 8 
8 8 8 -1 -1 8 1 1 1 1 9 1 1 8 8 -1 8 8 8 8 
8 -1 8 8 8 8 8 1 8 1 1 1 1 8 9 8 8 8 8 8 
-1 8 8 3 3 8 8 1 1 9 9 -1 9 1 8 8 8 8 -1 8 
8 8 8 8 3 8 8 8 8 -1 9 9 9 9 8 8 8 -1 8 8 
8 8 1 -1 1 8 8 8 8 3 9 9 9 9 8 8 -1 9 9 1 
1 1 -1 1 -1 1 8 8 3 8 3 9 9 9 9 -1 1 1 1 1 
1 1 1 1 -1 1 1 8 8 8 8 8 8 8 9 9 1 1 1 1 
1 1 1 -1 1 1 1 7 8 8 8 8 8 8 8 1 1 1 16 1 
-1 1 1 -1 -1 1 1 1 8 8 8 8 8 8 8 8 1 8 1 1 
-1 -1 -1 1 -1 1 1 1 8 8 8 8 8 8 8 8 1 8 8 -1 
8 8 -1 -1 8 -1 8 8 8 -1 8 8 8 -1 8 8 8 8 -1 8 
-1 -1 8 8 8 8 8 8 8 8 8 8 1 9 8 8 32 32 3 8 
8 8 8 8 8 3 3 3 8 9 9 9 1 -1 8 8 8 -1 -1 -1 
-1 8 8 -1 8 -1 8 9 9 3 9 8 -1 8 -1 1 -1 -1 -1 1 
1 1 -1 -1 -1 1 8 8 9 3 -1 9 8 8 1 1 1 -1 -1 -1 
1 8 8 8 1 1 1 8 3 3 8 8 8 8 1 8 1 8 1 1 
8 8 8 -1 8 1 8 1 1 1 9 9 8 -1 8 1 8 1 1 1 
-1 8 -1 -1 8 8 -1 1 8 8 9 9 9 8 1 1 8 1 32 32 
8 1 1 -1 8 1 8 1 32 -1 1 1 8 9 -1 -1 8 2 32 1 
1 1 -1 1 1 1 -1 1 8 -1 8 8 8 8 2 8 -1 -1 2 1 
1 2 1 1 8 1 1 8 8 -1 8 8 8 2 8 2 -1 -1 2 2 
2 2 1 1 1 1 1 1 8 8 8 9 9 8 2 8 1 2 2 2 
2 1 8 8 8 -1 8 1 -1 -1 8 8 8 2 2 2 2 -1 2 2 
-1 -1 8 8 8 8 -1 -1 -1 8 8 8 8 1 10 2 2 -1 2 2 
2 -1 8 8 8 -1 3 8 -1 3 3 8 1 1 1 2 2 2 2 -1 
3 -1 8 8 8 -1 3 -1 32 8 8 1 1 1 1 8 2 8 8 8 
8 -1 -1 8 2 8 3 8 8 8 -1 8 -1 -1 1 1 -1 -1 8 3 
-1 -1 -1 8 8 8 2 8 8 8 -1 -1 -1 1 1 -1 -1 -1 -1 -1 
-1 -1 -1 -1 -1 8 8 8 8 8 -1 1 -1 -1 1 1 3 1 -1 -1 
3 -1 -1 -1 -1 8 8 8 8 8 8 1 1 1 -1 8 8 3 -1 8 
8 8 8 8 32 8 -1 -1 8 8 8 32 8 8 2 -1 -1 2 8 8 
8 8 8 8 -1 8 8 -1 8 8 8 8 32 -1 -1 2 2 2 -1 -1 
8 8 32 -1 32 32 32 -1 32 32 8 8 32 -1 -1 2 2 -1 -1 -1 
32 -1 -1 32 32 32 32 32 32 32 32 -1 -1 -1 -1 2 -1 -1 -1 -1 
32 32 -1 32 32 8 32 32 32 -1 -1 8 -1 9 9 2 8 3 3 32 
32 40 32 8 8 32 32 32 8 8 8 -1 1 1 3 8 3 3 -1 -1 
40 32 8 32 8 8 32 8 8 -1 8 8 1 1 -1 8 3 -1 -1 1 
40 1 1 8 8 8 8 8 8 8 8 8 3 -1 8 8 -1 -1 -1 1 
1 1 1 1 1 8 8 32 8 8 8 3 3 3 3 3 -1 -1 1 1 
8 1 1 1 8 -1 -1 32 -1 8 3 1 3 3 3 8 8 8 8 1 
1 8 -1 1 8 8 8 8 8 8 8 3 3 -1 8 2 2 8 8 8 
8 8 9 8 8 8 8 8 8 8 8 -1 3 -1 -1 8 8 8 8 8 
8 9 8 9 8 8 3 32 8 3 3 -1 -1 -1 8 8 8 8 8 3 
-1 8 9 9 8 8 8 3 3 8 1 8 8 8 8 10 8 10 8 8 
8 9 40 8 -1 32 1 3 3 1 8 8 8 8 8 10 10 8 8 8 
10 8 8 8 32 32 32 -1 9 1 2 2 8 8 -1 10 10 8 -1 8 
-1 10 8 8 32 32 -1 8 8 -1 8 2 2 8 8 1 8 8 8 8 
-1 10 -1 32 40 -1 -1 8 2 8 2 2 2 1 1 8 8 8 8 8 
-1 8 32 32 32 32 8 32 32 2 8 2 2 2 -1 2 2 8 8 -1 
8 8 8 8 32 32 32 32 2 8 8 8 8 -1 2 2 2 -1 9 8 
2 2 32 1 8 8 8 8 8 -1 8 8 8 -1 -1 -1 32 -1 -1 2 
2 2 32 2 8 8 8 8 8 -1 8 8 -1 32 -1 -1 2 2 2 2 
2 2 2 8 8 8 8 8 8 8 32 32 32 32 1 -1 8 8 -1 2 
2 2 32 8 32 8 8 8 9 8 8 32 1 32 32 8 -1 2 2 -1 
2 2 2 32 1 8 8 8 8 8 1 1 1 1 8 -1 2 -1 2 -1 
2 2 1 1 8 8 -1 1 1 9 -1 1 1 1 1 -1 -1 2 -1 -1 
1 2 1 1 1 1 -1 1 1 1 9 1 1 -1 -1 -1 2 2 2 -1 
1 -1 1 1 1 1 1 1 -1 1 1 -1 -1 -1 -1 -1 -1 2 -1 1 
-1 1 1 1 1 -1 -1 2 1 1 1 1 -1 -1 -1 -1 1 1 1 1 
1 1 1 -1 1 1 -1 2 1 1 1 1 -1 -1 -1 1 1 -1 2 2 
1 1 2 2 -1 -1 -1 -1 1 1 1 -1 1 -1 32 32 1 -1 -1 2 
8 1 2 2 2 2 2 2 1 1 1 1 1 1 40 -1 -1 8 1 1 
1 8 2 2 -1 2 -1 -1 -1 1 1 -1 1 1 1 1 -1 8 -1 8 
1 2 1 -1 2 -1 -1 -1 -1 1 1 -1 1 -1 -1 1 -1 8 9 9 
9 9 9 1 -1 -1 1 1 -1 -1 -1 2 1 1 -1 -1 3 8 8 1 
-1 1 9 1 1 -1 1 1 32 32 8 2 1 1 -1 3 3 1 8 9 
9 -1 -1 1 1 1 2 -1 32 8 8 2 2 1 -1 -1 -1 8 -1 -1 
1 1 1 1 1 1 32 2 32 8 8 2 2 2 -1 -1 8 3 -1 -1 
2 1 1 1 1 8 1 1 2 2 2 -1 -1 -1 8 8 8 8 1 -1 
2 2 1 -1 8 2 2 8 8 2 8 -1 -1 -1 -1 2 8 -1 1 2 
-1 -1 2 2 -1 -1 8 2 -1 -1 -1 32 -1 -1 8 32 32 -1 -1 -1 
-1 -1 -1 2 -1 1 1 2 2 2 -1 1 32 -1 -1 -1 -1 -1 -1 -1 
-1 -1 2 -1 -1 1 1 2 2 -1 2 1 1 -1 -1 -1 1 -1 -1 -1 
-1 1 1 -1 -1 -1 2 2 2 -1 -1 2 1 -1 -1 1 1 -1 -1 -1 
-1 1 1 -1 -1 -1 -1 2 -1 2 2 -1 -1 1 1 1 1 -1 2 -1 
1 -1 -1 -1 -1 -1 -1 -1 -1 2 -1 -1 -1 -1 1 -1 1 8 8 -1 
-1 -1 -1 -1 -1 1 -1 1 1 -1 1 1 -1 1 1 1 -1 8 1 1 
-1 -1 -1 1 1 1 1 1 1 1 -1 1 1 1 1 1 1 -1 1 -1 
-1 1 1 1 1 1 1 1 1 1 1 1 -1 1 1 1 1 1 1 -1 
1 1 1 8 -1 1 1 1 1 1 1 1 1 -1 1 1 -1 1 -1 1 
1 -1 1 1 1 1 1 1 1 1 1 1 1 1 1 1 -1 -1 1 -1 
1 1 1 1 1 1 1 1 1 -1 1 1 1 1 1 -1 -1 -1 1 -1 
-1 1 1 1 1 1 -1 1 1 1 1 1 1 1 1 -1 -1 -1 -1 -1 
-1 1 1 1 1 8 1 1 -1 -1 -1 -1 1 1 1 -1 1 -1 -1 -1 
-1 1 1 1 1 8 8 1 1 -1 -1 -1 1 -1 1 1 1 -1 -1 -1 
-1 1 1 8 1 1 -1 1 -1 -1 -1 -1 -1 1 -1 1 -1 1 -1 -1 
-1 8 1 8 1 8 1 -1 -1 -1 -1 -1 -1 -1 1 1 32 -1 -1 -1 
-1 -1 8 8 8 1 8 8 8 -1 -1 -1 -1 -1 1 40 40 32 -1 -1 
-1 -1 -1 8 -1 -1 -1 8 8 -1 -1 -1 -1 -1 8 32 32 32 1 1 
-1 -1 -1 8 2 -1 -1 8 -1 -1 -1 -1 -1 8 32 32 32 32 1 -1 
-1 -1 -1 -1 -1 1 1 -1 -1 1 1 -1 -1 -1 -1 -1 -1 -1 -1 -1 
-1 -1 -1 -1 -1 -1 -1 -1 -1 -1 -1 1 -1 -1 -1 -1 -1 -1 -1 -1 
-1 -1 -1 -1 -1 -1 -1 -1 -1 1 -1 -1 -1 -1 -1 -1 -1 -1 -1 -1 
-1 -1 -1 -1 -1 -1 -1 -1 1 1 -1 -1 -1 -1 -1 -1 -1 -1 -1 -1 
-1 -1 -1 -1 -1 1 1 1 1 1 1 1 -1 1 -1 -1 -1 -1 -1 -1 
-1 -1 -1 -1 1 1 1 1 1 1 1 1 1 1 -1 -1 -1 -1 1 -1 
-1 -1 1 -1 -1 1 1 1 1 1 1 1 1 -1 -1 -1 -1 -1 1 1 
-1 1 -1 1 1 6 1 1 1 -1 1 1 -1 1 1 -1 1 1 1 1 
1 1 -1 1 1 1 -1 1 -1 1 1 1 1 1 -1 -1 1 1 -1 -1 
-1 -1 1 1 -1 -1 -1 -1 -1 1 1 -1 -1 -1 -1 1 1 -1 -1 -1 
-1 1 -1 -1 -1 -1 -1 -1 -1 1 1 1 1 -1 1 1 -1 1 -1 -1 
1 1 1 -1 1 -1 -1 -1 1 1 -1 1 1 1 1 1 1 1 -1 -1 
1 -1 1 1 -1 -1 -1 -1 -1 1 1 -1 1 -1 -1 1 1 1 -1 -1 
1 1 1 -1 -1 -1 -1 -1 -1 -1 1 -1 -1 -1 -1 -1 1 1 1 1 
1 1 1 1 -1 -1 -1 -1 -1 1 -1 -1 -1 -1 -1 -1 -1 1 1 -1 
-1 -1 -1 1 -1 -1 -1 1 -1 1 1 1 -1 -1 -1 -1 -1 -1 -1 -1 
-1 -1 -1 -1 1 -1 -1 1 1 1 1 1 -1 -1 1 -1 -1 -1 -1 -1 
-1 -1 -1 -1 -1 -1 -1 1 1 1 1 1 -1 1 -1 -1 -1 -1 -1 -1 
-1 -1 -1 -1 -1 -1 1 1 1 1 -1 -1 1 -1 -1 -1 -1 -1 -1 2 
-1 -1 -1 -1 -1 1 1 -1 1 1 1 -1 -1 -1 -1 -1 -1 -1 -1 2 
2 2 2 6 6 3 -1 3 3 2 1 1 1 1 1 1 4 4 6 2 
2 6 6 6 -1 3 3 3 -1 2 -1 1 1 -1 -1 -1 4 4 4 2 
2 -1 6 -1 2 -1 3 2 2 -1 1 1 1 -1 -1 -1 4 1 1 2 
-1 2 -1 -1 1 -1 3 3 -1 1 -1 1 1 1 2 2 -1 1 1 -1 
1 2 2 1 1 1 1 1 1 -1 32 1 -1 1 1 2 1 -1 -1 1 
1 1 1 1 1 -1 1 -1 1 1 -1 1 1 1 1 1 1 1 1 -1 
-1 1 -1 -1 1 1 -1 -1 1 1 1 1 1 -1 1 -1 1 1 1 1 
1 -1 -1 1 1 -1 -1 1 1 1 1 6 6 -1 1 1 1 1 1 -1 
-1 -1 -1 -1 1 1 -1 1 1 1 6 3 6 1 1 1 -1 1 1 -1 
-1 -1 -1 1 1 1 1 1 1 1 -1 3 3 -1 1 1 1 1 4 -1 
-1 -1 -1 -1 -1 1 1 1 1 2 6 -1 -1 -1 -1 1 1 4 4 1 
32 -1 -1 -1 1 1 1 1 1 -1 2 -1 -1 1 1 1 1 1 4 -1 
1 -1 -1 -1 1 1 1 -1 1 3 2 -1 -1 -1 -1 1 1 1 4 1 
-1 1 1 1 1 1 -1 1 -1 1 1 1 1 1 -1 1 1 4 4 4 
1 1 1 1 -1 1 -1 1 1 1 1 1 1 1 1 1 -1 4 4 4 
-1 -1 -1 1 1 1 1 1 1 -1 1 1 1 1 -1 1 -1 -1 -1 4 
1 1 1 1 1 1 1 1 1 -1 1 1 1 -1 1 -1 4 -1 -1 1 
1 1 1 -1 -1 -1 1 -1 1 1 1 1 1 1 1 -1 -1 -1 -1 1 
1 1 1 2 1 -1 -1 3 3 2 1 1 1 1 1 1 4 -1 6 6 
1 1 3 -1 2 -1 -1 3 2 1 1 1 1 1 1 4 4 6 1 -1 
6 -1 3 3 6 6 -1 -1 4 4 -1 4 4 4 -1 2 2 2 2 -1 
3 3 3 3 -1 3 6 -1 4 -1 -1 4 4 -1 4 2 4 2 2 3 
3 8 -1 3 3 3 3 6 4 4 4 4 4 4 4 4 32 2 2 3 
8 2 2 2 2 3 -1 -1 3 4 4 -1 4 32 32 32 32 4 -1 6 
8 2 2 2 -1 3 -1 3 8 -1 4 4 32 32 32 32 32 32 -1 8 
8 8 -1 2 -1 -1 -1 8 4 2 -1 2 -1 32 32 4 32 -1 32 -1 
8 8 1 8 8 8 8 8 8 2 2 2 4 32 32 4 4 32 -1 -1 
8 1 8 8 8 8 8 8 -1 32 2 32 4 4 4 4 4 -1 -1 -1 
3 8 -1 -1 8 8 8 -1 3 -1 32 32 32 32 4 -1 -1 -1 8 8 
-1 -1 -1 -1 8 -1 -1 3 3 3 2 32 32 4 -1 -1 -1 -1 -1 -1 
-1 -1 -1 8 3 -1 -1 3 32 32 32 32 -1 2 -1 2 32 1 1 -1 
-1 -1 -1 -1 2 2 -1 -1 -1 32 32 3 32 -1 2 2 1 1 1 -1 
-1 -1 3 6 -1 6 -1 -1 -1 -1 -1 3 -1 2 -1 -1 1 1 1 1 
6 -1 3 6 3 1 6 -1 -1 -1 -1 2 -1 2 1 2 1 -1 1 -1 
1 -1 6 6 2 -1 6 -1 -1 -1 2 2 2 -1 2 1 -1 1 -1 -1 
6 6 -1 6 -1 6 6 6 -1 -1 -1 2 -1 2 2 2 2 2 -1 6 
2 6 6 1 2 -1 -1 6 -1 -1 -1 -1 -1 2 2 2 2 2 2 -1 
2 -1 1 2 3 2 2 6 6 -1 -1 -1 -1 2 2 -1 -1 2 -1 2 
-1 6 3 3 6 -1 -1 2 6 2 2 -1 -1 2 2 -1 2 2 2 2 
6 3 2 2 -1 6 2 2 -1 2 -1 -1 2 1 1 1 2 2 2 -1 
2 2 -1 1 1 -1 8 8 8 8 8 8 -1 -1 2 2 -1 2 -1 2 
2 2 -1 -1 -1 -1 8 8 -1 2 -1 -1 -1 2 -1 -1 2 -1 2 2 
-1 3 3 3 -1 8 -1 4 -1 -1 -1 -1 -1 2 2 -1 -1 -1 -1 1 
-1 8 8 3 -1 -1 4 4 -1 -1 -1 -1 2 -1 2 2 -1 -1 1 8 
8 -1 8 -1 3 -1 8 4 8 -1 -1 -1 -1 2 2 -1 -1 -1 -1 1 
-1 -1 8 8 8 8 8 8 6 -1 -1 -1 2 8 8 -1 -1 -1 1 -1 
-1 -1 -1 8 8 -1 8 -1 1 6 8 2 1 8 8 8 -1 1 -1 -1 
-1 2 -1 8 6 -1 -1 6 6 6 -1 2 2 2 8 -1 -1 -1 -1 -1 
-1 2 2 -1 -1 6 -1 6 6 -1 6 8 2 2 8 -1 -1 -1 8 8 
2 2 -1 6 6 -1 2 -1 3 6 6 -1 -1 8 8 -1 -1 -1 -1 2 
2 2 1 -1 1 -1 -1 -1 6 8 6 -1 -1 -1 -1 3 3 -1 2 -1 
-1 1 1 -1 -1 -1 -1 -1 8 -1 -1 -1 -1 -1 -1 -1 1 1 -1 -1 
-1 1 -1 -1 -1 -1 -1 -1 8 8 -1 -1 -1 -1 1 -1 1 1 -1 -1 
-1 1 -1 -1 -1 8 8 8 8 -1 -1 -1 -1 1 -1 1 1 -1 -1 -1 
-1 1 -1 2 1 1 8 8 -1 8 1 1 1 -1 1 1 6 -1 -1 -1 
6 2 2 2 1 1 8 8 8 8 8 1 1 1 -1 6 6 6 -1 1 
1 1 2 2 1 8 8 -1 8 8 8 -1 1 1 1 -1 -1 1 -1 1 
-1 2 2 1 6 1 1 -1 8 -1 -1 -1 2 -1 1 -1 -1 2 3 1 
2 -1 1 1 3 1 -1 -1 8 -1 -1 -1 2 -1 -1 2 2 2 -1 -1 
2 -1 1 -1 1 2 8 -1 8 -1 -1 -1 1 2 2 -1 2 -1 -1 8 
3 3 2 -1 -1 -1 -1 -1 -1 -1 -1 -1 -1 -1 -1 2 2 2 2 2 
3 2 2 2 2 1 -1 -1 -1 -1 -1 -1 -1 -1 2 2 2 2 2 2 
2 -1 2 2 2 -1 1 -1 -1 -1 -1 -1 2 2 -1 -1 2 2 -1 2 
-1 -1 -1 -1 -1 -1 -1 -1 -1 9 -1 8 -1 8 -1 -1 -1 8 -1 -1 
-1 -1 -1 -1 -1 -1 -1 -1 -1 -1 9 8 8 8 8 8 8 -1 -1 -1 
-1 -1 1 -1 -1 -1 2 2 -1 -1 -1 -1 -1 8 8 8 8 8 8 -1 
-1 -1 -1 -1 -1 -1 2 2 -1 -1 -1 1 1 1 -1 -1 8 8 8 -1 
-1 -1 -1 1 -1 -1 2 -1 9 9 1 9 1 -1 -1 8 8 8 8 -1 
-1 -1 -1 -1 1 -1 -1 -1 -1 8 9 1 1 -1 -1 -1 -1 -1 -1 -1 
1 -1 2 2 -1 -1 1 -1 1 -1 8 -1 1 -1 2 2 -1 -1 -1 1 
-1 8 8 -1 -1 -1 1 -1 -1 -1 -1 -1 -1 -1 8 8 -1 -1 1 1 
2 1 8 -1 2 -1 -1 -1 -1 -1 -1 -1 -1 -1 2 8 8 3 3 -1 
8 9 1 8 -1 2 2 -1 -1 -1 8 -1 8 -1 2 2 -1 2 3 8 
8 8 9 8 8 -1 -1 -1 -1 -1 -1 8 -1 8 2 2 2 2 2 8 
-1 2 2 2 8 -1 1 -1 1 1 -1 -1 8 2 2 1 8 -1 8 8 
2 -1 2 2 8 -1 1 1 1 1 -1 -1 8 3 3 8 8 8 2 2 
2 2 2 -1 8 8 8 1 1 1 -1 2 -1 -1 1 3 8 8 1 1 
2 2 2 -1 -1 -1 -1 -1 -1 -1 2 -1 2 -1 3 1 -1 2 2 1 
2 2 1 1 -1 -1 -1 -1 -1 -1 2 -1 -1 -1 -1 2 1 2 2 2 
2 -1 1 1 8 -1 -1 -1 -1 -1 -1 2 -1 -1 2 -1 2 2 2 2 
2 -1 8 8 8 8 8 8 40 40 8 1 1 1 1 1 2 -1 2 2 
2 -1 -1 8 8 8 8 8 8 8 8 8 8 -1 2 -1 1 2 2 2 
2 2 2 8 8 8 -1 8 1 -1 8 8 8 -1 -1 -1 8 -1 -1 -1 
8 2 2 2 8 2 -1 1 1 8 8 8 -1 -1 1 -1 -1 -1 8 8 
2 8 8 2 8 -1 8 1 8 8 8 8 8 1 -1 8 8 1 8 8 
8 2 2 8 -1 8 8 8 8 2 2 8 8 2 8 8 -1 1 8 8 
8 8 8 8 8 8 8 8 3 8 -1 2 8 8 8 1 1 1 -1 8 
2 8 8 8 8 -1 -1 8 -1 3 -1 3 -1 8 8 1 1 1 1 8 
2 -1 8 2 -1 -1 -1 8 8 -1 8 3 8 -1 8 1 1 1 8 8 
8 8 2 8 2 2 -1 8 8 -1 8 8 8 8 1 8 8 8 -1 -1 
8 8 -1 8 -1 2 2 8 -1 2 2 -1 2 8 9 8 8 -1 8 -1 
8 8 -1 2 2 2 -1 8 -1 2 2 -1 8 1 9 8 1 8 -1 -1 
8 8 8 -1 2 2 -1 2 2 -1 2 2 1 -1 1 1 -1 -1 8 -1 
-1 -1 8 -1 2 2 2 2 2 2 2 2 1 1 2 2 -1 -1 -1 -1 
-1 -1 -1 8 -1 -1 -1 2 2 2 8 1 -1 2 2 9 9 -1 -1 8 
2 -1 1 1 2 2 -1 2 -1 -1 1 -1 -1 2 1 9 9 1 3 3 
-1 -1 -1 -1 -1 2 -1 2 2 8 1 -1 1 -1 -1 1 -1 2 2 2 
-1 1 1 1 -1 -1 8 -1 2 8 8 -1 1 1 1 -1 1 2 2 2 
2 2 8 1 1 -1 8 1 8 2 -1 -1 -1 1 1 1 1 2 8 2 
2 2 2 2 1 8 1 8 1 8 -1 -1 1 2 1 1 2 8 2 2 
8 -1 2 -1 -1 1 1 1 -1 -1 8 8 2 -1 8 8 8 1 8 8 
-1 1 1 2 1 -1 1 -1 -1 -1 -1 2 8 3 3 8 8 8 8 8 
2 2 2 2 1 2 1 -1 -1 -1 -1 8 8 8 8 8 8 8 8 8 
2 2 2 2 2 1 8 -1 -1 -1 4 -1 8 8 8 8 8 8 -1 -1 
2 2 2 2 -1 -1 -1 -1 -1 -1 8 3 8 8 8 -1 1 -1 8 8 
-1 2 8 2 2 5 5 -1 -1 -1 8 -1 8 8 8 8 1 1 -1 8 
8 8 8 8 5 5 -1 -1 5 2 2 9 9 8 8 8 1 8 1 -1 
8 8 8 -1 -1 5 5 5 2 2 8 8 2 -1 -1 1 8 1 -1 8 
8 8 -1 8 8 5 -1 5 2 2 2 2 2 -1 8 8 8 -1 1 8 
8 -1 -1 -1 -1 -1 5 5 4 2 8 2 8 2 8 8 2 -1 -1 8 
8 -1 -1 -1 1 -1 -1 4 5 8 2 8 2 2 1 -1 -1 -1 -1 -1 
3 5 -1 -1 1 1 2 2 5 8 8 8 2 1 -1 8 -1 2 2 2 
3 5 -1 -1 1 1 -1 5 5 5 -1 -1 8 8 8 8 -1 -1 2 2 
2 4 2 5 1 8 -1 -1 5 8 -1 -1 -1 -1 8 8 -1 2 2 2 
4 2 2 -1 2 2 4 5 2 4 8 2 8 2 2 8 -1 -1 2 2 
6 2 6 -1 2 2 8 2 4 8 -1 8 2 -1 2 2 -1 3 -1 3 
2 2 -1 2 2 2 2 2 8 -1 8 2 8 8 -1 8 -1 -1 3 2 
2 -1 1 1 2 2 -1 2 8 8 -1 8 8 8 8 -1 8 -1 -1 2 
2 -1 1 2 1 2 2 2 -1 8 8 2 8 8 8 8 8 8 -1 2 
-1 2 -1 2 -1 -1 2 2 -1 8 8 8 2 8 8 8 8 -1 8 8 
-1 5 -1 4 4 8 4 4 4 8 -1 2 -1 -1 -1 -1 5 5 5 2 
5 -1 -1 4 8 8 4 8 8 8 -1 2 2 -1 -1 -1 5 2 2 5 
-1 -1 -1 -1 8 -1 4 8 -1 -1 -1 -1 -1 -1 5 -1 5 2 2 2 
-1 -1 -1 -1 -1 -1 8 8 8 8 8 4 8 -1 2 2 -1 2 2 2 
-1 -1 -1 -1 -1 -1 8 8 8 5 8 4 8 -1 2 2 5 -1 2 -1 
2 -1 8 8 -1 8 4 8 -1 8 8 8 4 5 -1 2 5 2 2 2 
2 -1 -1 -1 -1 -1 -1 -1 8 1 1 -1 4 2 5 2 2 2 2 3 
-1 1 -1 2 8 2 -1 4 1 1 1 1 2 2 2 2 2 2 -1 3 
-1 1 -1 4 8 8 2 4 4 1 1 1 4 8 2 2 2 2 -1 -1 
-1 1 1 4 8 2 -1 1 -1 -1 1 1 -1 2 8 2 2 8 8 -1 
5 -1 1 -1 -1 -1 -1 -1 1 1 2 -1 2 2 2 2 2 8 4 4 
-1 5 -1 -1 -1 -1 -1 2 2 2 2 2 2 -1 -1 2 4 -1 4 4 
-1 4 -1 -1 -1 -1 -1 2 2 2 -1 2 2 2 -1 2 2 4 4 4 
4 -1 4 -1 -1 33 5 2 2 2 2 2 -1 2 -1 2 2 -1 4 4 
-1 4 4 -1 -1 33 33 -1 -1 2 2 -1 -1 2 -1 -1 4 5 1 4 
5 4 5 -1 4 5 33 -1 -1 2 2 -1 2 2 2 4 4 1 5 4 
5 5 4 4 5 -1 -1 33 -1 2 2 -1 2 2 2 2 3 3 1 4 
5 5 1 -1 3 3 -1 -1 3 -1 -1 -1 -1 -1 2 -1 1 3 3 5 
5 5 5 -1 -1 3 4 3 -1 -1 4 -1 -1 -1 2 1 1 2 3 5 
3 5 5 4 4 -1 3 4 -1 4 -1 -1 -1 -1 4 4 5 1 5 3 
4 4 4 4 4 -1 -1 1 4 4 4 4 1 1 1 4 4 4 4 4 
4 4 4 4 4 1 1 4 4 4 4 1 1 4 -1 4 4 4 4 4 
4 4 4 4 4 1 1 4 4 4 4 1 1 4 4 1 2 2 4 4 
4 4 4 4 4 4 4 4 4 4 4 4 4 4 4 4 1 4 4 4 
4 4 4 4 5 -1 4 4 4 4 4 4 4 4 -1 4 4 4 4 4 
-1 4 4 5 4 4 1 4 1 4 4 -1 1 4 4 -1 4 4 -1 4 
4 4 2 2 4 1 1 4 4 4 4 1 4 1 1 1 4 -1 4 4 
4 4 4 4 1 4 4 4 4 4 -1 1 1 -1 1 1 4 4 4 4 
4 4 4 4 4 4 4 4 4 4 4 1 4 4 1 4 4 4 4 4 
-1 4 4 4 4 4 4 4 4 4 -1 4 2 2 2 4 4 4 4 4 
4 4 4 4 -1 4 4 4 -1 2 2 6 2 1 4 2 4 4 4 4 
4 4 4 -1 -1 4 4 4 -1 -1 6 -1 4 -1 2 2 2 4 -1 -1 
4 -1 4 -1 -1 4 4 4 4 6 2 4 2 2 2 4 4 4 4 -1 
4 4 -1 -1 4 5 4 4 4 4 2 -1 6 6 -1 -1 4 -1 4 4 
-1 4 4 4 -1 4 4 2 4 2 -1 -1 2 -1 -1 1 4 4 4 4 
4 4 4 4 5 4 -1 2 -1 2 4 -1 -1 1 1 1 -1 4 4 4 
4 4 4 4 4 4 -1 2 -1 4 4 1 -1 1 1 4 4 4 4 4 
4 4 4 4 4 4 4 4 4 4 4 -1 1 1 -1 4 4 4 4 4 
4 4 -1 4 4 4 4 -1 4 1 -1 1 1 1 4 4 4 4 4 4 
4 4 4 4 -1 -1 4 4 4 4 1 4 4 -1 4 4 4 -1 -1 4 
4 4 4 4 4 4 4 4 4 4 4 4 1 1 4 4 1 4 4 4 
4 4 4 4 4 4 4 4 4 4 4 4 4 4 4 4 -1 1 4 4 
4 4 4 4 4 4 4 4 4 4 4 4 4 4 4 4 4 4 4 4 
4 4 4 4 -1 4 4 4 -1 4 -1 1 1 4 4 4 4 4 4 4 
4 4 4 4 4 4 4 4 4 4 5 5 2 4 4 4 4 4 4 4 
4 4 4 32 4 4 4 4 4 4 -1 4 4 2 4 4 4 4 4 4 
4 4 4 4 2 4 4 4 4 4 6 4 4 4 -1 4 4 4 4 4 
4 4 4 2 4 4 32 4 4 4 4 4 4 4 4 4 4 4 4 4 
4 4 4 4 4 4 -1 4 4 6 6 4 4 -1 4 4 4 4 4 4 
4 4 4 -1 -1 4 4 4 6 -1 4 4 4 -1 4 4 4 4 4 4 
-1 4 4 4 4 4 4 4 4 4 4 4 4 4 4 4 4 4 4 4 
4 4 -1 4 4 4 4 4 4 4 4 4 4 4 4 4 -1 4 4 4 
4 4 4 4 4 4 4 4 4 4 4 4 4 4 4 4 4 4 4 4 
4 4 4 4 4 4 4 4 4 4 4 -1 4 -1 4 4 4 4 4 4 
4 4 4 4 4 4 4 4 4 4 4 4 4 4 4 4 4 4 4 4 
-1 4 4 4 4 4 4 4 4 4 4 4 2 4 4 4 4 4 4 4 
4 4 4 4 4 4 4 4 4 4 4 4 4 4 4 4 4 4 4 4 
4 4 4 4 4 4 4 4 4 1 4 4 4 4 4 4 -1 4 4 4 
4 4 4 4 4 4 4 4 1 1 4 1 1 4 4 -1 -1 1 4 4 
-1 4 4 4 4 4 4 4 4 4 1 4 4 1 4 4 -1 4 4 4 
4 4 4 4 5 8 4 4 4 6 4 4 -1 2 4 2 4 4 2 4 
4 4 4 4 2 4 4 4 4 4 4 2 4 2 2 4 4 4 4 2 
4 4 4 4 4 2 4 4 4 4 4 4 4 4 2 4 4 4 4 4 
4 -1 4 4 4 4 4 4 4 4 4 4 4 4 4 4 4 4 4 -1 
4 4 -1 -1 4 4 4 4 4 4 4 4 4 4 4 4 4 4 4 4 
4 -1 4 4 4 4 4 4 4 4 4 4 4 4 4 4 4 4 4 4 
4 4 4 4 32 4 4 4 4 4 4 4 -1 32 4 4 4 4 4 4 
4 4 4 32 4 32 4 4 4 4 4 4 32 4 4 4 4 4 4 4 
4 4 4 4 4 4 4 4 4 4 4 32 32 4 4 4 4 4 4 4 
4 4 4 4 4 4 4 32 4 4 32 32 4 4 4 4 4 4 4 4 
4 4 4 4 4 4 4 4 32 32 32 4 4 4 4 4 4 4 4 4 
4 4 4 4 4 4 4 4 4 4 6 6 4 4 4 4 4 4 4 4 
4 4 4 4 4 4 4 4 4 -1 6 4 6 4 4 4 4 4 4 6 
4 4 4 4 4 4 4 4 4 6 4 6 5 4 4 4 4 4 6 4 
4 4 2 4 1 4 4 4 4 4 4 4 2 4 4 4 4 4 4 4 
6 2 4 4 4 4 4 -1 4 4 4 4 6 2 4 4 4 4 4 2 
4 -1 4 4 4 4 4 4 4 4 2 4 -1 -1 2 4 4 4 4 2 
4 -1 4 4 4 4 4 4 4 2 4 4 4 4 2 2 4 4 4 4 
4 4 4 4 4 4 8 4 4 -1 4 4 1 3 2 2 2 4 4 4 
4 4 4 5 1 4 8 4 4 4 4 4 4 4 2 4 4 2 2 2 
2 4 4 -1 6 4 4 4 4 4 4 -1 8 4 8 8 8 4 4 2 
2 4 6 6 6 4 4 -1 4 4 4 4 8 8 8 8 4 2 2 2 
4 6 2 2 6 -1 4 2 4 4 4 4 8 4 8 8 4 4 4 -1 
4 4 2 4 6 2 2 4 4 4 4 4 4 4 8 8 2 2 4 4 
2 2 2 2 2 2 2 2 4 4 4 4 4 2 4 2 8 2 4 2 
-1 4 2 2 2 4 4 2 4 4 -1 4 4 4 4 4 2 8 4 2 
4 4 4 2 2 2 2 4 4 4 4 32 4 4 4 4 4 2 2 2 
2 4 2 2 4 4 -1 4 4 4 4 4 4 4 4 2 2 2 2 2 
4 4 2 4 4 4 2 4 4 2 2 4 4 4 2 4 2 2 2 2 
-1 2 2 2 2 2 2 4 4 4 4 2 4 4 4 2 4 2 2 2 
4 4 2 4 2 4 2 2 2 4 4 4 4 4 4 -1 2 2 2 2 
4 4 4 2 4 6 6 -1 4 4 4 4 4 4 4 4 2 2 2 2 
4 4 4 2 4 -1 4 4 4 4 4 4 4 4 4 4 4 4 4 4 
4 32 32 4 4 4 4 4 4 4 4 4 4 4 -1 4 5 4 4 -1 
4 32 32 4 4 4 4 -1 4 4 4 4 4 4 4 -1 4 4 4 4 
32 1 4 4 2 32 4 4 4 4 4 4 4 4 4 4 4 4 4 32 
32 32 2 2 4 4 4 32 32 4 4 4 2 4 4 4 4 -1 4 -1 
32 32 32 32 -1 2 4 32 32 -1 4 4 4 4 4 4 4 4 4 2 
2 2 -1 32 2 2 2 4 4 4 -1 4 4 -1 4 4 4 4 4 2 
2 2 4 2 2 6 4 4 4 4 4 4 4 4 4 8 4 -1 2 2 
4 4 4 4 5 4 4 4 -1 4 4 4 5 2 5 5 2 4 4 4 
4 2 4 1 1 1 4 4 4 4 4 4 5 4 2 5 4 4 4 6 
6 6 4 4 4 4 4 4 6 6 4 4 -1 2 2 2 2 2 4 4 
2 6 4 1 4 4 2 4 4 6 -1 4 -1 6 4 2 2 2 4 6 
2 4 6 4 4 4 4 4 4 4 4 4 4 -1 6 4 2 2 2 4 
4 2 4 6 4 4 4 -1 4 5 -1 4 4 4 2 4 4 2 4 2 
2 4 4 4 4 4 4 4 4 4 4 4 4 5 5 -1 2 4 4 4 
4 4 4 4 4 4 4 4 4 4 32 5 5 2 2 5 2 5 4 4 
4 4 4 4 4 4 4 4 4 2 2 32 5 2 2 5 5 -1 2 4 
4 4 4 4 4 32 32 4 4 4 32 4 4 2 2 5 5 2 2 4 
4 4 4 -1 4 4 4 4 32 32 32 4 4 -1 2 -1 -1 4 2 4 
4 4 4 4 4 4 4 4 32 4 4 4 2 4 2 2 4 4 4 2 
4 4 4 4 4 4 4 4 4 4 2 4 4 2 4 4 4 4 4 4 
4 4 4 4 4 4 4 -1 -1 2 4 -1 -1 4 4 4 4 4 4 4 
4 4 4 4 4 4 4 4 4 2 4 4 2 4 4 -1 4 4 4 4 
4 4 4 4 4 4 4 4 4 4 2 2 2 4 4 4 4 4 4 4 
4 5 4 4 4 4 4 2 4 4 4 2 2 4 4 4 4 4 4 4 
2 4 5 5 -1 4 4 4 4 4 4 4 4 -1 4 2 2 4 4 2 
4 4 4 2 4 2 4 4 4 4 4 2 4 4 2 4 2 2 2 4 
2 4 2 4 4 4 4 4 4 4 4 5 3 5 4 2 4 -1 2 2 
2 4 4 4 4 4 4 4 4 4 4 4 4 4 4 4 4 4 4 4 
4 2 2 4 4 4 4 4 4 -1 4 2 2 4 4 4 4 2 4 4 
4 4 -1 4 1 4 4 4 4 4 4 4 4 1 4 4 4 4 2 2 
4 4 4 1 4 4 4 4 4 32 4 2 4 4 1 4 4 4 4 4 
4 4 4 1 4 4 4 4 4 32 4 4 4 4 4 4 4 4 4 4 
4 4 4 4 4 4 4 4 4 4 4 4 4 4 4 4 4 4 4 4 
4 4 4 4 4 4 4 4 -1 4 4 4 4 4 4 4 4 4 4 4 
4 4 4 4 2 -1 4 4 4 4 4 4 4 4 4 4 -1 4 4 4 
4 4 4 4 4 4 4 4 6 4 4 4 4 4 4 4 4 4 4 4 
4 4 4 4 4 4 4 6 4 4 4 4 4 4 4 4 4 4 4 4 
2 4 4 4 4 4 4 4 -1 4 4 4 4 4 4 -1 4 4 4 4 
4 4 4 4 -1 4 4 4 4 4 4 4 4 4 4 4 2 4 4 4 
4 4 4 4 4 4 4 4 4 4 5 4 4 4 4 2 2 2 4 4 
4 32 4 4 4 4 4 4 4 5 4 4 4 4 4 4 2 4 4 4 
32 32 4 4 4 4 4 4 4 4 4 4 4 2 4 2 32 4 -1 4 
4 4 4 4 4 4 4 4 4 4 4 4 4 5 5 -1 2 4 4 4 
-1 4 4 4 4 4 4 4 4 4 4 4 4 4 4 4 4 4 2 4 
4 4 4 4 4 4 -1 4 4 4 4 4 4 4 4 2 -1 2 4 4 
4 4 1 1 4 4 4 4 4 4 4 4 4 4 4 4 32 4 4 2 
4 4 4 4 4 4 4 4 4 4 4 4 4 4 4 4 4 2 4 2 
3 3 4 4 4 2 4 4 4 2 32 2 1 4 4 4 4 4 4 4 
4 4 4 4 2 -1 4 4 4 4 6 6 1 4 4 32 1 4 4 4 
4 -1 4 4 4 4 4 4 4 2 2 6 1 1 4 4 32 32 4 -1 
4 3 4 4 4 4 3 4 2 2 4 4 4 4 4 4 1 4 1 4 
4 1 3 -1 4 4 4 3 4 4 2 1 4 4 4 4 4 1 4 1 
4 4 4 4 3 4 3 4 4 4 4 4 4 4 4 4 4 1 1 4 
4 4 4 3 4 3 -1 4 4 4 4 3 4 4 4 4 4 1 -1 4 
3 3 4 4 3 4 4 4 4 4 4 3 3 4 4 4 1 1 4 4 
3 4 3 3 4 4 4 4 4 4 4 4 4 4 4 4 -1 1 1 3 
4 4 4 4 4 4 4 4 4 4 4 4 4 4 4 4 4 4 4 3 
4 4 4 4 4 4 4 -1 4 4 4 4 4 4 4 4 1 -1 4 4 
4 4 -1 4 4 4 4 4 4 4 4 4 4 4 4 1 1 4 3 4 
4 4 4 4 4 4 4 4 4 4 4 4 3 3 1 4 2 2 4 2 
4 4 4 4 32 4 4 4 4 4 4 4 4 2 4 4 2 2 2 2 
2 -1 4 4 4 32 32 4 4 4 2 2 4 2 4 4 4 2 2 2 
4 2 4 -1 4 4 32 4 4 4 4 4 2 4 4 4 2 2 2 4 
2 4 4 4 4 32 32 4 4 4 32 -1 4 2 4 4 2 2 4 2 
2 -1 4 4 4 4 32 4 32 32 4 4 4 4 4 2 4 4 2 2 
1 2 4 4 4 32 32 32 32 32 32 4 4 4 4 4 4 4 4 1 
1 3 4 4 32 4 32 32 32 2 32 4 4 4 1 4 4 4 4 1 
2 2 2 -1 -1 -1 4 2 4 2 2 2 -1 2 2 -1 1 -1 -1 2 
1 1 2 -1 -1 -1 -1 4 4 2 -1 1 -1 -1 -1 1 1 1 1 1 
-1 2 -1 -1 -1 -1 -1 -1 -1 2 1 -1 -1 -1 -1 2 1 1 2 2 
2 -1 -1 1 -1 -1 -1 -1 2 2 2 1 -1 2 2 -1 1 4 1 1 
2 2 -1 1 2 2 2 2 2 2 2 2 -1 2 -1 1 1 4 4 2 
2 2 4 2 2 2 2 2 2 2 2 2 2 2 2 -1 2 2 -1 2 
2 -1 2 1 4 -1 1 2 1 2 2 2 2 2 -1 -1 -1 2 2 2 
2 2 -1 1 2 2 -1 1 1 1 2 2 2 -1 2 -1 1 -1 -1 -1 
-1 2 1 1 2 2 -1 2 1 -1 1 2 2 1 2 1 1 4 -1 -1 
2 1 1 1 2 2 2 -1 -1 -1 1 2 1 1 1 1 1 1 1 -1 
3 2 -1 3 1 3 -1 4 4 -1 -1 -1 2 2 2 2 1 1 1 2 
2 3 3 3 3 1 -1 -1 4 2 -1 -1 1 -1 2 1 1 1 1 1 
-1 3 3 3 3 4 4 4 4 4 -1 -1 -1 1 2 1 1 1 1 -1 
2 3 3 4 4 4 4 4 4 4 -1 -1 -1 -1 4 1 9 9 1 1 
1 3 3 3 4 4 4 4 4 4 4 -1 -1 -1 1 1 1 9 9 -1 
-1 2 2 -1 -1 4 -1 -1 -1 4 -1 1 -1 -1 2 1 9 2 1 1 
2 2 2 2 2 -1 -1 -1 -1 -1 1 2 1 1 1 1 2 9 1 1 
2 2 2 2 2 -1 2 -1 -1 1 1 1 -1 1 -1 -1 1 2 1 1 
2 2 -1 -1 -1 2 2 2 2 1 1 -1 4 -1 -1 -1 2 -1 2 1 
2 2 2 2 2 2 -1 2 2 1 -1 4 -1 -1 2 1 -1 2 2 2 
1 -1 3 1 1 2 -1 -1 -1 -1 -1 -1 2 -1 2 -1 -1 -1 -1 -1 
-1 1 1 3 3 3 -1 -1 -1 -1 -1 -1 -1 -1 -1 -1 -1 -1 -1 -1 
-1 -1 1 3 3 1 1 -1 -1 -1 -1 -1 -1 -1 -1 -1 -1 -1 -1 -1 
-1 1 3 1 -1 1 1 -1 -1 -1 3 -1 -1 -1 -1 -1 -1 -1 -1 -1 
-1 -1 -1 1 -1 -1 1 -1 1 2 -1 -1 -1 -1 -1 -1 -1 -1 -1 -1 
-1 -1 1 1 1 -1 1 1 2 1 9 -1 2 -1 1 -1 -1 -1 -1 -1 
-1 -1 -1 1 -1 1 1 1 2 2 2 -1 2 1 -1 -1 -1 -1 -1 -1 
-1 -1 -1 -1 3 3 2 2 3 -1 2 2 -1 2 -1 -1 -1 -1 -1 -1 
-1 -1 -1 -1 -1 -1 2 3 2 -1 1 2 -1 1 1 1 -1 -1 -1 -1 
-1 -1 -1 -1 -1 -1 -1 3 2 2 2 3 1 1 1 -1 3 3 -1 -1 
-1 -1 2 2 1 -1 -1 -1 2 2 3 1 1 2 -1 -1 3 3 -1 -1 
-1 1 1 2 1 1 -1 1 2 2 -1 1 -1 -1 2 -1 3 3 -1 -1 
1 1 1 -1 1 1 1 -1 2 2 2 -1 -1 -1 -1 -1 -1 -1 3 -1 
-1 1 1 -1 1 1 -1 -1 2 2 2 2 -1 -1 -1 -1 -1 1 -1 -1 
-1 1 1 1 1 -1 -1 9 2 -1 -1 -1 2 2 -1 -1 -1 1 1 -1 
1 1 1 1 1 -1 -1 9 9 9 1 -1 2 2 -1 -1 -1 1 1 1 
1 -1 -1 -1 -1 -1 9 1 9 1 2 2 2 2 -1 -1 -1 1 -1 -1 
-1 2 -1 2 2 2 1 1 1 -1 2 2 2 -1 2 2 -1 -1 1 -1 
1 -1 2 2 2 2 1 1 -1 -1 -1 2 2 -1 2 2 -1 -1 -1 1 
1 -1 1 2 2 -1 -1 -1 1 -1 -1 -1 -1 2 -1 -1 -1 -1 -1 1 
-1 -1 1 -1 -1 -1 -1 -1 -1 -1 -1 9 -1 2 9 -1 -1 -1 1 -1 
-1 -1 -1 -1 -1 -1 -1 -1 9 9 -1 9 9 -1 2 1 -1 1 1 1 
-1 -1 -1 -1 -1 -1 -1 9 9 -1 -1 1 9 -1 2 -1 1 1 1 1 
1 -1 -1 -1 -1 -1 9 -1 -1 -1 -1 -1 1 9 -1 -1 -1 -1 -1 3 
3 -1 -1 -1 -1 -1 -1 -1 -1 -1 -1 -1 -1 -1 -1 -1 -1 -1 -1 3 
1 1 -1 -1 -1 2 -1 3 3 -1 2 2 -1 -1 -1 -1 2 -1 -1 3 
3 3 3 -1 2 -1 3 3 -1 -1 -1 2 -1 -1 -1 -1 1 2 -1 3 
-1 3 -1 -1 3 3 3 3 -1 -1 -1 -1 -1 -1 -1 1 1 2 2 -1 
-1 3 -1 -1 3 3 3 -1 -1 2 -1 -1 -1 -1 -1 -1 -1 -1 -1 -1 
3 -1 -1 -1 3 3 -1 -1 -1 2 -1 -1 -1 -1 -1 -1 -1 -1 -1 -1 
-1 -1 9 -1 3 -1 -1 -1 2 -1 2 -1 -1 -1 -1 -1 -1 -1 -1 -1 
-1 -1 9 1 1 -1 1 2 -1 2 2 2 -1 -1 -1 -1 -1 -1 -1 -1 
2 2 2 2 1 1 1 -1 -1 -1 2 2 -1 -1 -1 -1 -1 -1 -1 -1 
1 1 1 1 1 -1 -1 1 -1 2 2 -1 -1 -1 -1 -1 -1 -1 -1 -1 
8 8 -1 -1 3 3 -1 -1 -1 -1 -1 -1 -1 -1 -1 -1 -1 -1 -1 1 
8 8 3 3 -1 3 3 -1 -1 -1 -1 -1 -1 -1 -1 -1 -1 -1 8 8 
8 -1 3 1 1 3 3 -1 -1 -1 -1 -1 -1 -1 -1 -1 -1 8 -1 -1 
8 8 -1 -1 1 1 -1 -1 -1 -1 -1 -1 -1 -1 -1 -1 -1 -1 -1 8 
-1 1 1 1 1 1 -1 -1 -1 -1 -1 -1 -1 -1 -1 -1 -1 1 -1 -1 
-1 -1 -1 1 1 1 -1 -1 -1 -1 -1 -1 -1 -1 -1 9 -1 1 -1 -1 
3 -1 1 4 -1 4 4 2 -1 -1 -1 -1 -1 -1 -1 -1 -1 2 -1 -1 
-1 -1 4 4 4 4 3 2 2 -1 -1 -1 4 -1 -1 -1 2 -1 2 -1 
-1 -1 4 4 4 -1 -1 3 3 -1 -1 4 -1 -1 -1 1 -1 -1 -1 -1 
-1 -1 -1 -1 -1 4 -1 4 4 -1 4 4 -1 1 1 1 -1 -1 -1 -1 
-1 -1 -1 -1 -1 -1 4 4 1 4 1 -1 -1 1 1 1 -1 -1 -1 -1 
-1 -1 4 -1 -1 4 4 4 4 1 4 4 1 1 1 -1 -1 -1 -1 -1 
-1 4 -1 4 4 4 4 4 4 4 4 1 1 1 1 -1 -1 -1 -1 -1 
4 4 4 4 4 4 4 -1 4 4 4 4 1 1 -1 -1 -1 -1 -1 -1 
-1 -1 -1 -1 3 3 3 -1 4 -1 -1 -1 -1 -1 3 -1 -1 -1 -1 -1 
-1 -1 -1 1 -1 3 -1 1 -1 4 -1 -1 -1 -1 -1 -1 -1 -1 -1 -1 
-1 -1 -1 -1 1 1 1 -1 1 -1 -1 -1 -1 -1 -1 -1 -1 -1 -1 -1 
-1 -1 -1 4 2 1 1 1 -1 -1 -1 -1 -1 -1 -1 -1 -1 -1 -1 -1 
-1 -1 -1 -1 4 2 -1 1 -1 -1 -1 -1 1 1 -1 -1 -1 -1 -1 -1 
-1 -1 -1 6 4 2 -1 -1 -1 -1 4 -1 -1 -1 -1 -1 -1 -1 -1 -1 
-1 -1 -1 6 -1 -1 -1 -1 -1 -1 4 -1 -1 -1 -1 -1 1 -1 -1 -1 
-1 -1 -1 -1 6 -1 -1 -1 -1 -1 3 -1 -1 -1 3 -1 1 1 -1 -1 
1 1 -1 -1 -1 -1 1 -1 2 -1 -1 3 -1 -1 -1 3 3 1 -1 -1 
1 1 -1 -1 -1 1 1 -1 -1 2 -1 -1 3 -1 -1 -1 -1 -1 -1 -1 
1 1 -1 -1 -1 1 4 -1 -1 2 -1 3 -1 -1 -1 -1 -1 -1 -1 1 
-1 1 -1 4 4 -1 4 4 -1 -1 -1 -1 -1 -1 -1 -1 -1 -1 1 3 
4 4 -1 4 4 4 -1 4 4 -1 4 4 4 4 -1 -1 -1 6 6 4 
4 4 4 4 -1 -1 4 -1 4 4 4 4 -1 4 4 4 4 4 6 4 
6 -1 -1 4 -1 -1 1 1 -1 4 -1 4 -1 -1 1 4 1 4 6 6 
-1 6 -1 -1 -1 1 1 1 1 4 5 1 1 -1 1 4 4 1 -1 6 
-1 1 4 -1 -1 4 1 1 1 4 -1 4 1 -1 1 1 4 4 1 1 
1 4 4 4 -1 4 4 4 -1 2 4 4 -1 -1 -1 4 4 1 4 1 
1 4 4 4 4 -1 4 -1 4 -1 4 -1 -1 -1 -1 4 4 4 4 1 
1 -1 4 4 4 4 4 4 4 4 4 -1 -1 -1 -1 -1 4 4 4 1 
1 4 4 4 2 4 2 4 4 4 4 -1 -1 -1 -1 -1 -1 4 4 1 
1 1 4 -1 2 2 1 4 1 4 4 -1 -1 -1 4 -1 -1 2 4 -1 
4 4 2 2 2 -1 4 4 4 4 4 -1 4 4 -1 2 2 4 -1 4 
4 4 4 4 2 2 4 4 4 4 4 4 4 4 -1 -1 -1 -1 4 -1 
4 4 4 2 4 2 2 4 4 4 4 4 2 -1 2 -1 -1 2 4 4 
4 -1 -1 -1 4 4 4 4 4 4 4 4 2 2 -1 2 2 -1 -1 4 
-1 -1 -1 -1 4 4 4 4 4 4 4 4 2 4 4 2 -1 4 1 1 
-1 -1 -1 -1 -1 4 -1 -1 4 4 4 4 4 4 -1 -1 2 -1 -1 -1 
-1 -1 4 6 6 -1 -1 -1 4 4 4 6 4 4 6 4 4 4 4 -1 
4 4 -1 -1 -1 -1 -1 -1 4 4 6 6 6 6 4 4 -1 4 -1 4 
4 4 4 2 -1 -1 4 4 -1 4 -1 -1 -1 4 4 4 1 1 -1 4 
-1 4 4 2 -1 -1 4 4 4 4 4 4 4 4 -1 -1 -1 4 4 4 
-1 4 4 5 4 5 2 2 4 7 -1 -1 4 4 2 2 2 2 2 2 
4 4 4 -1 4 4 -1 2 -1 -1 -1 -1 4 4 2 2 -1 2 2 2 
2 5 5 -1 4 4 5 -1 -1 -1 -1 -1 4 4 2 2 2 2 2 -1 
5 5 -1 1 4 4 5 -1 -1 -1 -1 4 -1 -1 4 4 -1 2 -1 5 
4 -1 -1 4 -1 -1 -1 5 -1 -1 4 4 4 5 5 5 4 5 -1 4 
-1 4 4 4 5 -1 -1 -1 5 1 4 4 4 4 5 4 5 5 5 4 
4 4 4 4 4 -1 4 -1 1 4 1 1 4 5 5 4 5 1 4 4 
-1 4 -1 -1 4 -1 -1 5 5 4 4 4 -1 5 -1 4 4 5 -1 -1 
4 -1 -1 4 -1 4 5 5 4 5 4 2 5 -1 4 5 -1 -1 -1 4 
4 -1 4 -1 4 4 4 4 4 4 4 2 2 -1 -1 1 5 4 4 4 
4 4 4 4 2 4 4 4 4 6 4 2 -1 2 2 -1 1 1 4 4 
-1 -1 4 4 2 4 4 4 4 4 4 -1 -1 6 2 4 4 1 4 4 
-1 4 1 4 1 4 4 4 4 4 4 4 -1 6 2 7 4 4 4 4 
1 4 4 4 -1 1 4 4 4 4 -1 4 -1 6 6 -1 2 4 2 2 
4 4 4 1 -1 4 4 4 4 6 4 4 6 6 6 6 2 2 2 2 
4 1 4 4 4 4 4 4 4 5 6 5 6 -1 -1 -1 4 5 4 2 
1 4 4 4 -1 4 5 4 4 5 6 5 6 -1 2 -1 6 6 5 4 
4 1 4 4 4 4 4 5 4 4 5 6 -1 5 2 2 2 2 8 4 
-1 4 4 4 4 5 4 5 4 4 5 6 5 5 4 4 2 2 2 -1 
4 -1 4 4 5 4 5 4 4 4 7 -1 4 5 -1 2 2 2 2 2 
5 2 -1 5 2 -1 2 2 2 -1 -1 -1 2 2 5 4 5 5 5 5 
5 2 -1 2 -1 -1 2 2 -1 -1 -1 -1 -1 -1 2 4 -1 -1 5 2 
2 2 2 2 2 2 5 -1 5 -1 -1 -1 -1 5 1 -1 -1 2 2 2 
-1 -1 2 2 2 5 5 5 5 5 5 4 5 4 1 1 -1 -1 8 2 
2 2 2 2 2 5 -1 -1 5 5 5 4 -1 4 4 1 1 2 4 2 
2 2 2 2 -1 2 -1 -1 -1 -1 -1 -1 4 4 4 4 2 4 2 2 
-1 2 2 2 1 -1 -1 -1 -1 -1 -1 -1 -1 4 4 4 4 4 -1 2 
4 4 4 4 -1 1 4 1 -1 2 -1 -1 2 4 -1 -1 4 4 4 2 
-1 4 4 1 1 -1 -1 -1 -1 2 2 2 2 4 -1 4 -1 4 4 4 
4 4 4 4 1 -1 -1 -1 -1 2 2 2 2 4 4 -1 4 4 4 4 
4 -1 4 4 1 -1 -1 1 1 2 -1 2 1 1 4 4 4 4 1 4 
4 4 4 4 1 1 2 1 -1 1 1 1 1 4 5 4 4 1 4 4 
4 5 -1 5 5 -1 2 2 1 -1 1 1 1 5 5 -1 1 1 4 4 
5 5 5 5 5 2 2 -1 1 1 1 -1 -1 5 5 5 1 1 4 4 
-1 4 5 5 4 1 -1 5 5 1 -1 1 -1 4 4 -1 5 4 4 4 
-1 4 4 5 -1 4 5 5 5 4 -1 1 -1 -1 4 4 4 4 2 -1 
4 4 -1 2 -1 4 -1 5 -1 -1 4 4 -1 -1 -1 4 4 2 4 2 
-1 5 2 -1 4 5 4 -1 -1 -1 -1 -1 -1 5 5 4 4 4 4 4 
5 5 -1 2 2 4 4 4 -1 -1 -1 -1 5 -1 4 4 4 4 4 -1 
2 -1 -1 5 5 5 5 -1 2 2 -1 -1 5 5 -1 4 5 4 5 -1 
1 -1 1 -1 1 4 -1 -1 -1 -1 -1 2 1 -1 2 2 2 2 -1 -1 
-1 1 1 1 1 1 1 -1 -1 -1 -1 2 2 2 2 2 2 2 -1 -1 
-1 1 1 1 1 1 1 -1 -1 -1 -1 2 2 -1 2 4 4 -1 -1 -1 
1 1 1 -1 1 1 -1 -1 -1 -1 -1 -1 2 2 -1 -1 4 -1 -1 1 
1 -1 4 5 4 4 -1 4 4 4 4 4 2 -1 -1 -1 -1 -1 -1 1 
-1 4 4 5 5 4 5 -1 4 5 5 5 2 2 2 2 5 -1 1 -1 
8 8 8 4 4 4 5 5 -1 4 5 4 2 2 2 2 -1 4 -1 -1 
8 -1 -1 5 5 4 4 5 5 5 4 -1 1 2 2 4 4 -1 4 4 
-1 -1 -1 5 5 4 4 4 5 5 -1 5 1 1 -1 -1 4 -1 4 -1 
-1 4 -1 1 -1 -1 5 -1 -1 5 5 5 -1 -1 1 -1 2 2 2 -1 
8 4 8 1 1 4 4 4 -1 5 5 -1 -1 -1 1 1 2 2 -1 -1 
4 8 8 1 4 -1 4 4 -1 -1 -1 -1 2 -1 1 1 1 -1 -1 8 
4 2 4 -1 -1 -1 4 -1 4 -1 -1 -1 -1 -1 -1 1 -1 4 4 4 
4 2 -1 4 8 -1 8 -1 -1 -1 32 -1 32 -1 -1 -1 -1 4 4 4 
-1 4 5 8 8 8 8 -1 -1 -1 32 32 -1 4 2 2 2 -1 -1 1 
4 4 4 -1 8 8 8 8 -1 -1 32 32 32 32 2 2 2 1 1 1 
4 -1 4 4 4 -1 8 8 8 -1 -1 32 32 32 -1 2 2 1 1 1 
-1 4 4 4 4 8 8 8 -1 -1 -1 32 32 32 2 -1 2 1 1 4 
1 1 1 -1 8 4 -1 -1 -1 -1 -1 -1 32 2 2 2 2 1 1 1 
1 1 1 1 4 1 4 -1 -1 -1 -1 1 1 2 2 -1 2 2 -1 -1 
4 -1 -1 -1 -1 -1 -1 -1 -1 -1 -1 -1 2 2 -1 -1 4 4 -1 4 
4 6 -1 -1 -1 -1 -1 -1 8 -1 -1 -1 2 2 2 -1 -1 -1 -1 6 
6 -1 -1 -1 2 -1 -1 -1 8 8 -1 8 2 2 2 -1 2 -1 6 -1 
4 -1 -1 -1 2 -1 4 4 -1 8 8 2 -1 2 2 2 2 -1 2 2 
2 2 2 2 2 -1 4 4 -1 8 8 -1 8 -1 2 2 2 2 2 2 
2 2 4 4 4 2 4 4 1 -1 8 8 -1 8 2 -1 2 -1 2 2 
2 4 4 4 4 1 1 4 4 -1 -1 -1 1 8 2 -1 2 2 2 2 
4 4 -1 4 -1 8 8 -1 -1 -1 8 2 1 8 1 -1 -1 -1 -1 2 
2 -1 -1 4 4 8 4 -1 -1 8 8 8 8 1 1 -1 -1 -1 -1 2 
2 4 4 -1 5 5 -1 8 8 8 8 8 8 5 8 -1 -1 -1 -1 2 
2 2 4 -1 4 5 8 8 8 8 8 8 8 8 8 8 5 -1 -1 -1 
2 2 4 4 8 -1 8 8 8 3 8 8 8 8 8 8 8 -1 -1 -1 
-1 -1 4 8 -1 8 -1 8 8 3 3 -1 8 4 4 8 4 -1 -1 -1 
8 -1 4 4 -1 8 8 -1 8 8 3 4 4 4 4 4 4 4 -1 8 
8 -1 -1 4 8 -1 -1 8 4 8 8 8 8 8 -1 4 4 4 4 4 
4 -1 -1 -1 -1 -1 -1 8 4 8 8 8 -1 8 4 4 4 4 -1 4 
4 4 4 4 -1 6 6 6 -1 -1 -1 -1 -1 1 1 1 4 -1 4 -1 
4 4 4 4 4 -1 -1 4 -1 -1 -1 1 1 -1 1 -1 -1 4 -1 -1 
4 4 4 4 4 -1 -1 4 -1 -1 -1 -1 2 1 -1 -1 -1 -1 -1 -1 
4 4 4 4 -1 -1 -1 -1 -1 -1 -1 -1 -1 -1 4 4 4 -1 4 4 
-1 4 -1 -1 -1 -1 -1 -1 -1 -1 -1 8 8 -1 8 8 3 3 -1 4 
4 -1 -1 -1 2 -1 -1 -1 -1 8 8 8 8 8 -1 -1 4 4 -1 -1 
-1 -1 -1 -1 -1 -1 -1 -1 -1 -1 8 8 8 8 -1 4 -1 4 4 -1 
-1 -1 -1 -1 -1 -1 -1 -1 -1 8 8 8 8 -1 -1 4 4 4 4 4 
-1 -1 -1 -1 -1 -1 -1 -1 -1 8 8 8 -1 4 4 4 4 4 4 -1 
-1 -1 -1 -1 8 -1 -1 -1 -1 8 -1 8 -1 4 4 4 4 4 -1 4 
-1 -1 -1 -1 -1 -1 1 -1 8 8 8 -1 8 4 4 4 4 -1 1 -1 
-1 -1 -1 -1 -1 -1 -1 1 8 8 -1 8 4 -1 4 4 4 4 4 -1 
-1 -1 -1 -1 -1 -1 -1 -1 8 8 8 8 8 4 8 4 4 4 1 -1 
-1 -1 -1 -1 -1 -1 2 -1 -1 8 8 8 8 8 8 4 -1 4 -1 -1 
-1 -1 -1 2 2 2 2 8 8 8 -1 8 8 -1 -1 4 4 1 -1 -1 
-1 -1 -1 2 2 2 2 2 8 -1 -1 8 -1 8 1 4 4 4 -1 -1 
-1 -1 1 2 2 2 -1 2 2 8 8 8 1 8 8 8 -1 -1 -1 -1 
1 1 -1 2 2 2 8 2 8 8 8 8 8 8 -1 8 8 -1 -1 1 
-1 1 2 2 2 2 8 8 8 8 8 -1 -1 -1 8 8 8 -1 -1 1 
-1 -1 1 2 -1 2 2 -1 8 8 8 -1 -1 -1 -1 2 8 -1 -1 -1 
-1 3 -1 2 2 2 2 8 -1 8 -1 -1 -1 -1 -1 -1 2 -1 -1 -1 
3 3 -1 -1 2 2 -1 -1 -1 -1 -1 -1 -1 -1 -1 -1 -1 2 -1 -1 
-1 -1 -1 -1 2 2 8 -1 8 -1 -1 -1 -1 -1 -1 -1 3 -1 -1 -1 
-1 -1 -1 -1 2 2 -1 8 -1 -1 -1 -1 -1 -1 -1 -1 -1 3 -1 -1 
-1 -1 -1 2 -1 -1 -1 -1 -1 -1 -1 -1 -1 1 -1 8 -1 -1 8 8 
8 -1 2 2 2 -1 -1 -1 -1 -1 -1 -1 1 -1 1 -1 8 8 8 8 
8 -1 2 2 2 -1 -1 1 1 1 -1 2 -1 -1 1 1 1 1 8 8 
8 -1 -1 2 -1 -1 -1 1 -1 1 2 -1 -1 -1 1 1 1 1 8 8 
8 8 2 2 2 1 -1 -1 2 -1 -1 -1 -1 -1 -1 1 1 1 -1 -1 
2 2 -1 -1 2 2 2 -1 2 -1 -1 -1 -1 -1 -1 1 1 -1 -1 -1 
-1 -1 -1 2 2 2 2 2 -1 -1 -1 -1 -1 -1 2 2 2 -1 1 -1 
-1 -1 -1 2 2 2 2 -1 2 -1 -1 1 -1 -1 2 2 -1 2 2 1 
-1 -1 -1 -1 2 2 1 2 2 1 1 1 1 -1 2 2 2 2 2 -1 
-1 -1 -1 2 1 1 2 1 2 1 2 2 -1 -1 -1 2 6 2 2 2 
-1 1 -1 -1 -1 -1 2 2 2 2 2 -1 -1 -1 -1 -1 -1 2 2 -1 
-1 -1 -1 -1 -1 2 -1 2 4 2 -1 -1 -1 -1 -1 3 1 2 -1 -1 
-1 -1 -1 -1 -1 -1 -1 4 4 4 -1 -1 -1 1 -1 1 2 2 2 -1 
-1 -1 -1 -1 -1 -1 -1 4 4 -1 -1 -1 1 -1 1 1 2 2 2 2 
2 -1 -1 -1 -1 -1 -1 -1 4 -1 -1 -1 -1 -1 -1 1 1 1 -1 2 
-1 -1 -1 -1 -1 -1 -1 -1 -1 4 -1 -1 -1 -1 -1 -1 -1 -1 1 2 
-1 -1 -1 -1 -1 -1 -1 -1 -1 -1 -1 -1 -1 -1 -1 -1 -1 -1 -1 -1 
-1 2 2 2 -1 -1 -1 2 8 -1 -1 -1 -1 -1 -1 -1 -1 -1 -1 -1 
-1 2 -1 -1 2 -1 -1 2 8 -1 -1 -1 -1 -1 -1 -1 -1 -1 -1 -1 
-1 -1 -1 -1 -1 -1 -1 8 8 -1 -1 -1 1 -1 -1 -1 -1 -1 -1 -1 
-1 -1 -1 -1 -1 -1 2 2 2 -1 -1 2 2 -1 -1 -1 -1 1 1 1 
-1 -1 -1 -1 2 -1 2 -1 1 -1 -1 -1 1 -1 -1 -1 1 1 1 1 
1 1 -1 -1 2 2 2 2 -1 -1 -1 -1 -1 -1 -1 -1 1 1 -1 1 
1 -1 -1 -1 -1 -1 2 2 2 -1 -1 -1 -1 -1 -1 -1 -1 1 1 -1 
-1 -1 -1 -1 -1 -1 2 2 2 2 2 -1 -1 2 2 -1 -1 1 1 -1 
1 2 2 -1 -1 2 2 2 2 2 2 2 2 -1 -1 -1 -1 1 1 1 
1 2 2 2 2 2 2 -1 2 -1 -1 2 2 -1 -1 -1 -1 1 -1 1 
1 -1 2 2 2 2 -1 -1 -1 -1 8 -1 2 1 -1 -1 -1 1 1 1 
1 2 2 2 2 -1 8 -1 2 8 -1 -1 -1 -1 -1 -1 -1 -1 1 1 
-1 2 -1 2 2 -1 8 8 8 -1 -1 -1 -1 -1 -1 -1 -1 -1 1 1 
-1 -1 -1 -1 2 2 -1 8 1 -1 1 -1 -1 2 -1 -1 -1 -1 1 -1 
-1 -1 -1 2 2 2 -1 -1 1 -1 1 -1 -1 2 -1 -1 -1 -1 -1 1 
1 1 1 -1 2 2 2 1 -1 -1 -1 -1 -1 -1 -1 -1 -1 -1 -1 -1 
-1 1 2 2 2 1 1 1 -1 -1 -1 -1 -1 -1 -1 -1 -1 -1 -1 -1 
-1 -1 -1 -1 -1 1 2 -1 -1 -1 -1 -1 -1 -1 -1 -1 -1 -1 -1 -1 
-1 -1 -1 2 -1 2 -1 -1 -1 -1 -1 -1 -1 -1 -1 -1 -1 -1 -1 -1 
-1 -1 -1 2 -1 -1 -1 -1 -1 -1 -1 -1 -1 -1 -1 -1 -1 -1 -1 -1 
2 2 2 2 2 -1 -1 -1 -1 -1 -1 1 1 -1 -1 -1 -1 -1 -1 -1 
-1 2 2 -1 -1 2 -1 -1 1 1 1 2 2 -1 -1 -1 -1 -1 -1 -1 
-1 -1 -1 -1 -1 2 -1 -1 2 1 2 1 2 2 -1 -1 -1 -1 -1 1 
-1 -1 -1 -1 -1 -1 -1 -1 -1 1 2 1 1 -1 -1 1 1 1 -1 -1 
-1 1 1 -1 -1 -1 -1 -1 -1 -1 2 -1 -1 -1 -1 1 1 -1 -1 -1 
-1 -1 1 1 1 -1 -1 -1 -1 -1 -1 -1 -1 -1 -1 -1 1 1 -1 -1 
-1 -1 1 1 1 -1 1 1 -1 -1 -1 -1 -1 -1 -1 -1 -1 -1 1 -1 
1 1 1 1 -1 -1 1 1 2 -1 -1 -1 -1 -1 -1 -1 -1 -1 -1 1 
1 1 1 -1 1 1 -1 1 2 2 -1 -1 -1 -1 -1 -1 -1 -1 -1 -1 
-1 1 1 1 1 1 -1 1 2 2 -1 -1 -1 -1 -1 -1 -1 -1 -1 -1 
-1 1 1 1 1 -1 1 -1 -1 -1 2 -1 -1 -1 -1 -1 -1 8 -1 -1 
-1 -1 -1 2 -1 -1 2 -1 -1 -1 2 2 -1 -1 -1 1 -1 8 2 -1 
-1 -1 -1 9 -1 -1 -1 -1 -1 -1 -1 -1 -1 1 1 -1 -1 1 -1 -1 
-1 -1 -1 -1 -1 -1 -1 -1 -1 -1 -1 -1 1 1 1 1 1 1 -1 -1 
3 3 3 2 -1 -1 -1 -1 -1 -1 -1 -1 -1 1 1 1 1 1 -1 -1 
-1 3 2 2 1 -1 1 -1 -1 -1 -1 -1 1 1 1 -1 1 -1 -1 -1 
-1 -1 -1 1 1 -1 1 1 1 -1 -1 1 -1 -1 -1 -1 -1 1 -1 -1 
-1 -1 -1 -1 1 1 1 -1 1 -1 -1 -1 1 1 -1 -1 -1 -1 -1 -1 
-1 -1 -1 -1 1 1 1 -1 -1 -1 1 -1 1 1 -1 -1 -1 -1 -1 -1 
-1 -1 -1 -1 -1 -1 -1 -1 -1 -1 1 1 -1 1 -1 -1 -1 -1 -1 1 
-1 -1 -1 -1 -1 -1 -1 -1 -1 -1 -1 -1 -1 -1 -1 1 1 1 1 1 
1 1 -1 -1 -1 -1 -1 -1 -1 -1 1 -1 -1 1 1 -1 1 1 1 -1 
1 1 -1 -1 -1 -1 -1 -1 -1 -1 1 1 -1 1 -1 1 1 1 -1 -1 
-1 1 1 -1 -1 -1 -1 -1 -1 -1 1 -1 -1 -1 -1 1 1 1 -1 1 
1 -1 1 1 -1 -1 -1 -1 -1 -1 -1 1 -1 -1 -1 -1 1 1 -1 1 
-1 -1 -1 1 1 -1 -1 -1 -1 -1 2 1 1 1 1 1 1 1 1 -1 
-1 -1 -1 -1 -1 -1 -1 -1 -1 -1 -1 2 1 1 -1 -1 -1 1 1 1 
-1 -1 -1 -1 -1 -1 -1 -1 -1 -1 -1 1 2 1 1 -1 1 1 1 -1 
-1 -1 -1 -1 -1 -1 -1 -1 -1 -1 -1 -1 1 -1 1 1 -1 2 -1 -1 
-1 -1 -1 -1 -1 -1 -1 -1 -1 -1 -1 -1 1 -1 -1 -1 -1 -1 -1 -1 
-1 -1 -1 -1 -1 -1 -1 -1 -1 -1 -1 -1 -1 -1 -1 2 2 -1 -1 -1 
-1 -1 -1 -1 -1 -1 -1 -1 -1 -1 -1 -1 -1 -1 2 -1 -1 -1 -1 -1 
-1 -1 -1 -1 -1 -1 -1 -1 -1 -1 -1 -1 -1 -1 -1 -1 -1 -1 -1 -1 
-1 -1 -1 -1 -1 -1 -1 -1 -1 -1 -1 -1 -1 -1 -1 -1 -1 -1 2 -1 
-1 -1 -1 -1 -1 -1 -1 -1 -1 -1 -1 -1 -1 -1 -1 -1 -1 2 2 -1 
-1 -1 -1 -1 -1 -1 2 -1 -1 -1 -1 -1 -1 -1 -1 -1 2 -1 -1 -1 
2 -1 -1 -1 -1 1 2 2 -1 -1 -1 -1 9 -1 -1 -1 -1 -1 2 -1 
-1 2 1 1 1 -1 2 -1 -1 9 9 9 -1 -1 -1 -1 -1 2 -1 -1 
2 -1 -1 1 1 -1 -1 2 -1 -1 9 9 9 9 -1 -1 -1 -1 -1 -1 
-1 1 1 1 1 1 9 -1 9 9 9 9 9 -1 -1 -1 -1 -1 -1 -1 
2 2 1 1 1 9 -1 9 -1 9 -1 9 9 9 -1 -1 -1 -1 -1 -1 
-1 -1 -1 1 -1 -1 9 -1 9 1 9 9 -1 -1 -1 -1 -1 -1 -1 -1 
1 -1 -1 -1 -1 -1 -1 -1 9 9 1 9 9 -1 -1 1 -1 -1 -1 1 
-1 -1 -1 -1 -1 -1 -1 -1 -1 -1 -1 40 40 40 40 -1 -1 -1 -1 1 
-1 -1 -1 -1 -1 -1 -1 9 9 9 1 40 40 40 -1 -1 -1 -1 -1 -1 
1 1 -1 -1 40 9 9 9 9 1 40 1 -1 1 -1 -1 -1 -1 -1 -1 
-1 -1 -1 9 9 40 9 9 -1 40 -1 -1 1 1 1 -1 -1 -1 -1 -1 
-1 -1 -1 -1 9 9 9 -1 -1 2 -1 -1 1 1 1 -1 -1 -1 -1 -1 
-1 -1 -1 9 9 9 9 9 -1 2 2 1 1 1 1 1 -1 -1 -1 9 
9 -1 10 9 -1 9 9 1 -1 -1 2 1 2 1 -1 1 1 -1 -1 9 
9 10 9 2 -1 -1 -1 -1 -1 2 -1 2 1 1 1 1 1 -1 -1 -1 
-1 2 9 -1 -1 -1 -1 2 2 -1 -1 -1 -1 -1 -1 1 1 1 1 -1 
2 1 -1 -1 -1 -1 2 2 2 -1 -1 -1 -1 -1 -1 -1 1 1 -1 2 
1 1 -1 -1 -1 -1 -1 1 1 -1 1 -1 -1 -1 -1 -1 -1 -1 -1 -1 
-1 -1 1 -1 -1 -1 -1 -1 -1 1 -1 -1 -1 -1 -1 -1 -1 -1 -1 -1 
-1 -1 -1 1 -1 1 -1 -1 -1 -1 1 -1 -1 -1 -1 -1 1 1 1 2 
-1 1 1 -1 -1 1 1 -1 -1 -1 -1 -1 -1 1 -1 -1 1 1 -1 -1 
-1 1 1 1 1 1 -1 -1 -1 -1 -1 -1 1 1 1 -1 1 1 -1 -1 
1 1 1 1 1 1 -1 -1 -1 -1 -1 -1 1 1 1 1 1 -1 1 1 
-1 -1 -1 1 1 1 1 -1 -1 -1 -1 -1 1 1 1 1 -1 -1 1 1 
-1 -1 -1 -1 -1 -1 -1 -1 -1 -1 1 1 -1 1 1 1 -1 -1 1 1 
-1 -1 -1 -1 -1 -1 -1 -1 -1 -1 -1 1 1 1 1 -1 1 -1 -1 1 
1 -1 -1 -1 -1 -1 -1 -1 -1 -1 -1 40 40 -1 1 40 1 -1 -1 1 
-1 -1 -1 -1 9 9 9 -1 1 40 40 1 40 40 -1 -1 -1 -1 2 -1 
-1 -1 -1 -1 8 9 -1 -1 40 40 40 40 40 9 9 -1 8 8 -1 -1 
-1 40 -1 -1 8 -1 -1 -1 -1 40 40 40 9 40 9 -1 2 -1 -1 -1 
-1 -1 -1 -1 -1 -1 -1 -1 -1 40 40 9 40 40 40 40 -1 -1 -1 -1 
1 -1 40 6 -1 -1 -1 -1 -1 -1 9 9 -1 -1 -1 -1 -1 -1 -1 -1 
1 40 -1 6 -1 -1 -1 -1 -1 9 9 1 1 1 -1 -1 -1 -1 -1 1 
1 -1 -1 -1 -1 -1 -1 -1 9 9 -1 9 -1 -1 -1 -1 -1 40 40 1 
-1 -1 -1 -1 -1 -1 -1 -1 1 1 -1 -1 -1 -1 -1 -1 -1 -1 -1 -1 
-1 -1 40 -1 8 -1 -1 -1 -1 -1 -1 -1 -1 -1 -1 -1 -1 -1 -1 -1 
-1 40 -1 -1 -1 -1 -1 -1 1 -1 33 -1 -1 -1 -1 -1 -1 -1 -1 -1 
-1 -1 -1 -1 -1 -1 -1 1 -1 33 9 -1 -1 -1 -1 -1 1 -1 2 -1 
-1 -1 -1 1 -1 -1 -1 -1 8 9 9 -1 -1 -1 -1 40 -1 1 1 -1 
-1 -1 -1 1 1 1 40 40 8 40 9 -1 40 -1 40 -1 1 1 1 1 
-1 1 1 1 1 1 40 40 40 40 40 40 40 40 40 40 1 1 1 -1 
-1 -1 -1 1 40 40 40 40 40 1 40 40 40 40 40 40 1 1 -1 -1 
-1 1 1 -1 1 -1 -1 40 40 -1 1 40 40 40 40 40 40 1 -1 -1 
-1 -1 1 -1 -1 -1 40 -1 40 1 1 40 -1 -1 -1 -1 40 40 -1 -1 
-1 9 -1 1 9 1 1 1 1 -1 1 -1 -1 8 -1 -1 -1 40 -1 -1 
-1 -1 9 -1 9 12 1 1 1 1 1 1 8 8 -1 -1 -1 -1 -1 -1 
-1 -1 9 9 9 12 1 1 1 1 8 1 1 -1 -1 -1 -1 -1 -1 2 
2 2 -1 2 2 8 -1 40 40 40 40 40 40 -1 40 8 8 8 -1 8 
-1 2 2 2 40 8 40 40 40 40 40 40 40 40 8 8 8 8 8 8 
2 2 2 2 2 40 2 40 -1 40 40 40 40 8 8 8 40 40 8 8 
-1 -1 2 -1 2 2 8 40 40 -1 40 1 40 8 -1 40 8 40 8 8 
9 -1 -1 8 8 8 -1 8 40 2 8 -1 -1 3 8 8 40 8 40 40 
-1 2 2 -1 8 8 40 40 9 9 -1 9 40 9 9 9 9 40 2 2 
2 2 -1 2 8 8 9 9 9 9 9 9 40 9 8 9 40 40 1 2 
2 2 2 2 8 8 8 9 -1 9 9 40 9 9 40 40 40 9 -1 2 
1 2 9 -1 -1 8 8 8 9 9 9 40 9 40 40 40 40 9 9 2 
-1 -1 9 9 -1 8 8 40 -1 40 40 40 40 40 40 -1 40 9 9 9 
40 -1 -1 -1 -1 -1 8 40 9 40 40 40 -1 40 40 -1 40 9 9 40 
40 -1 -1 40 40 -1 -1 9 -1 40 40 40 40 40 40 8 -1 -1 9 40 
40 40 -1 40 40 40 9 40 40 -1 -1 40 40 40 8 8 40 40 40 40 
2 40 40 40 40 40 9 9 8 9 9 9 2 8 8 40 40 40 40 40 
40 40 40 40 40 40 40 40 8 8 -1 9 9 -1 40 8 40 40 40 2 
40 40 2 40 40 40 1 40 40 40 40 40 -1 9 8 8 2 2 40 2 
2 2 40 40 40 40 1 1 40 40 40 40 8 8 9 2 2 2 40 -1 
2 2 2 2 40 40 40 1 1 40 1 40 40 8 -1 -1 2 2 -1 -1 
2 2 -1 2 2 -1 40 40 1 1 -1 40 8 40 40 -1 2 -1 -1 2 
2 2 2 2 2 40 40 40 40 40 -1 40 40 40 -1 -1 8 -1 -1 -1 
-1 40 40 40 2 2 2 1 1 1 1 2 2 2 2 2 -1 40 8 8 
40 40 40 40 -1 2 2 2 1 1 2 2 40 40 42 -1 40 -1 40 40 
40 40 40 -1 2 2 2 -1 2 2 2 42 42 40 -1 40 -1 -1 -1 -1 
40 40 40 40 2 2 2 2 2 2 2 2 2 40 -1 2 2 2 40 40 
40 -1 -1 -1 40 40 2 2 2 2 2 2 2 2 40 2 2 2 40 40 
-1 -1 -1 -1 2 40 2 2 2 -1 2 1 1 2 2 2 2 -1 2 40 
-1 -1 -1 -1 -1 -1 40 2 2 2 1 1 1 1 1 2 2 2 2 2 
2 2 -1 2 8 2 2 -1 2 2 -1 1 1 2 1 1 1 2 -1 -1 
2 2 40 -1 2 2 2 2 2 2 40 1 2 2 2 2 1 -1 2 2 
2 2 -1 -1 40 2 -1 2 2 40 2 8 1 40 2 2 2 2 2 2 
2 2 1 2 40 -1 2 9 8 2 -1 8 8 8 2 -1 2 2 2 2 
-1 -1 -1 -1 1 40 9 40 40 40 40 -1 -1 8 40 2 2 2 2 -1 
1 2 1 2 40 -1 40 40 40 40 40 40 40 40 2 40 2 -1 2 40 
-1 1 1 2 40 40 40 1 1 1 40 1 40 40 40 40 40 40 2 1 
40 40 2 2 2 1 1 1 1 40 -1 40 40 40 2 40 2 1 40 9 
40 40 40 2 40 2 2 1 40 40 40 1 40 40 40 40 40 1 40 9 
40 40 40 40 2 8 1 1 40 1 1 2 8 -1 40 40 40 40 8 40 
40 40 40 40 8 -1 40 40 40 40 1 8 2 40 8 2 40 40 40 8 
-1 40 -1 40 40 40 40 40 1 40 1 -1 2 8 -1 40 40 40 1 1 
40 -1 -1 40 1 40 2 2 1 1 1 1 2 2 -1 -1 40 40 1 1 
2 2 40 40 1 1 1 6 -1 40 1 40 3 2 1 2 -1 6 3 2 
2 2 -1 -1 2 1 2 2 -1 40 -1 3 40 -1 1 2 -1 6 3 2 
2 2 6 6 -1 2 1 1 -1 -1 3 2 2 3 3 1 1 1 6 2 
2 2 6 2 -1 2 2 1 1 2 1 1 3 3 3 3 1 1 -1 6 
-1 -1 40 2 40 40 40 2 -1 1 2 1 1 1 3 1 1 1 1 40 
-1 9 2 -1 -1 40 40 2 2 1 1 1 1 1 1 1 1 2 1 1 
9 9 40 40 40 40 2 2 2 2 1 2 2 2 -1 -1 2 2 2 1 
-1 40 2 40 40 40 40 2 2 2 2 2 2 2 -1 7 -1 2 4 4 
-1 -1 2 40 1 2 2 2 2 2 40 2 2 2 7 -1 4 4 -1 4 
-1 -1 2 2 1 -1 2 2 -1 40 2 2 2 2 2 7 6 4 -1 -1 
-1 -1 2 2 2 2 -1 2 40 40 -1 2 2 7 2 2 6 6 -1 -1 
-1 -1 2 2 2 2 -1 40 40 40 40 -1 7 7 6 6 -1 -1 -1 -1 
-1 2 -1 -1 2 2 40 40 40 40 2 2 -1 -1 2 6 7 -1 -1 -1 
-1 -1 2 2 2 2 40 40 40 40 2 2 2 2 2 -1 -1 7 2 2 
-1 -1 7 2 2 2 40 40 -1 -1 40 2 2 1 1 -1 -1 2 2 2 
-1 -1 7 7 2 2 40 -1 2 -1 2 -1 2 1 8 8 8 1 1 2 
2 -1 2 2 2 2 2 2 8 2 -1 2 2 2 8 -1 8 6 6 6 
7 2 2 2 2 2 2 2 40 40 2 2 2 2 40 2 2 6 6 7 
2 2 2 2 2 -1 1 40 40 40 40 2 2 2 2 2 2 6 6 1 
7 2 2 40 -1 1 -1 40 40 40 1 40 1 1 2 2 2 6 6 2 
1 1 1 1 2 -1 2 40 2 2 2 6 6 6 6 6 6 6 6 -1 
1 1 2 2 2 2 2 2 2 2 2 6 6 6 6 6 6 2 6 40 
1 1 2 2 2 -1 2 2 2 2 6 2 -1 -1 6 -1 6 40 6 6 
-1 1 2 2 2 2 2 2 2 -1 2 6 2 6 -1 6 1 6 40 40 
1 -1 2 2 2 2 2 2 2 2 2 2 2 2 6 -1 6 1 2 -1 
2 40 2 2 2 2 2 2 2 2 2 2 -1 2 2 2 2 2 1 2 
2 2 2 2 -1 2 2 2 -1 2 2 -1 2 2 2 2 -1 2 2 1 
1 2 2 2 2 2 2 2 2 -1 2 -1 2 2 2 2 2 2 -1 -1 
2 2 2 2 2 2 2 2 2 2 -1 -1 -1 2 2 2 2 2 8 -1 
2 2 2 2 -1 2 2 2 2 2 2 2 -1 2 2 2 2 8 2 8 
8 8 -1 2 2 -1 2 -1 2 2 8 8 2 -1 2 2 2 8 8 -1 
2 -1 -1 -1 2 2 2 2 2 2 2 2 -1 1 2 1 2 2 8 8 
2 -1 2 -1 2 2 -1 2 2 2 1 1 1 1 1 2 2 6 8 2 
-1 2 -1 -1 -1 2 2 -1 2 1 1 1 1 1 1 1 10 2 6 1 
1 -1 -1 2 2 2 2 -1 1 1 1 2 -1 1 1 1 2 6 1 1 
1 2 -1 2 2 2 2 2 1 1 1 1 1 1 2 2 2 6 1 1 
1 1 2 -1 2 2 2 1 1 1 1 2 1 1 6 6 6 6 1 1 
2 2 2 2 -1 2 1 2 -1 40 2 1 6 6 6 6 6 6 -1 1 
1 2 2 2 2 -1 2 40 40 2 6 6 6 6 6 6 1 2 1 6 
6 1 1 2 1 2 -1 40 40 2 2 6 6 -1 6 6 6 6 1 6 
2 2 2 2 2 2 2 2 2 -1 1 4 1 1 1 1 -1 2 2 2 
2 2 2 2 1 1 2 2 2 2 4 4 4 -1 1 1 2 2 2 2 
1 2 2 -1 1 2 2 2 2 2 1 2 -1 -1 2 2 2 2 2 2 
1 2 2 1 1 1 2 2 2 2 1 1 -1 2 -1 2 2 1 1 1 
-1 -1 -1 3 1 1 -1 2 2 1 1 1 1 2 2 2 2 2 2 1 
2 -1 3 7 1 2 2 2 1 1 1 -1 1 1 1 -1 -1 2 2 2 
2 2 -1 2 1 1 2 1 2 1 1 1 2 2 2 -1 2 2 2 2 
2 2 2 2 2 2 2 2 1 1 -1 1 1 -1 -1 -1 -1 -1 2 2 
-1 -1 2 2 2 2 2 -1 1 1 1 2 1 1 -1 -1 -1 -1 -1 2 
2 2 2 2 -1 -1 1 2 1 -1 -1 2 1 -1 -1 -1 -1 -1 -1 2 
2 -1 2 2 1 1 2 1 1 2 2 2 2 2 -1 -1 -1 -1 -1 -1 
2 2 2 2 2 2 1 -1 -1 2 -1 -1 -1 2 -1 -1 -1 -1 -1 -1 
2 2 2 -1 1 2 -1 2 2 -1 -1 1 2 -1 -1 -1 -1 -1 -1 2 
2 2 2 1 1 2 2 2 2 2 2 2 40 2 -1 -1 -1 -1 -1 2 
2 2 2 1 1 1 2 1 2 2 2 2 40 1 2 2 2 -1 -1 -1 
2 2 2 2 2 1 1 2 2 2 2 2 -1 40 2 2 -1 2 -1 -1 
2 2 2 2 2 -1 1 2 2 2 2 1 40 40 -1 2 2 2 2 2 
2 2 2 2 -1 1 2 2 2 2 41 1 40 1 40 1 -1 2 2 2 
-1 2 2 -1 2 1 1 1 2 -1 4 1 1 40 -1 1 1 2 -1 -1 
2 2 2 2 2 1 1 2 2 2 4 1 40 1 1 -1 -1 2 2 2 
2 -1 4 4 -1 2 2 -1 2 1 1 1 2 2 1 1 8 8 -1 -1 
2 2 4 4 4 2 2 2 1 2 1 2 2 2 2 2 2 3 2 2 
-1 2 4 4 2 2 2 2 2 1 2 2 2 2 -1 2 2 2 2 2 
2 2 2 2 -1 2 2 2 2 2 2 1 1 -1 2 2 2 -1 -1 2 
2 2 -1 -1 -1 2 2 2 -1 2 2 -1 2 1 2 2 2 2 2 2 
2 2 2 -1 2 2 2 2 2 -1 2 2 -1 1 1 2 2 2 -1 -1 
2 2 2 2 2 -1 2 2 2 2 2 2 -1 2 -1 2 -1 2 -1 -1 
2 2 2 1 -1 2 2 2 2 7 2 2 2 -1 2 -1 -1 -1 -1 -1 
-1 2 2 1 -1 2 2 2 2 2 7 7 2 2 2 2 2 -1 -1 4 
4 2 1 2 2 2 2 2 2 2 7 7 7 2 2 2 2 2 -1 -1 
2 4 2 -1 2 2 2 2 2 7 7 7 -1 -1 2 -1 2 2 2 -1 
-1 2 2 -1 2 2 2 2 2 7 7 7 2 2 2 -1 2 2 2 -1 
4 4 2 10 10 2 2 2 2 7 -1 7 7 2 2 2 2 -1 -1 2 
2 2 2 10 6 2 2 7 2 -1 -1 41 41 8 8 -1 -1 -1 -1 4 
-1 -1 2 10 10 -1 41 -1 10 -1 41 41 9 8 -1 -1 -1 -1 2 2 
-1 -1 10 10 10 41 41 41 -1 10 -1 -1 -1 -1 -1 -1 -1 1 2 2 
1 -1 4 -1 2 41 41 41 10 -1 1 8 -1 -1 -1 -1 -1 2 -1 1 
-1 1 4 -1 1 41 2 2 2 9 2 8 -1 -1 1 2 -1 -1 -1 2 
2 1 4 2 2 1 2 2 2 -1 1 -1 -1 -1 1 -1 2 2 2 2 
2 2 2 2 4 2 1 1 1 1 1 1 1 2 -1 2 2 2 2 2 
2 -1 -1 -1 40 40 40 -1 2 4 1 1 -1 8 8 8 8 2 2 2 
2 2 -1 40 40 -1 40 40 2 -1 4 1 2 2 40 8 -1 2 -1 -1 
-1 2 40 -1 -1 8 -1 -1 -1 40 2 2 2 40 -1 8 8 9 2 -1 
1 1 2 40 2 40 8 8 40 40 2 2 40 40 8 8 2 2 2 -1 
-1 9 40 2 2 40 40 8 8 40 -1 -1 40 2 8 8 8 2 8 8 
2 40 40 -1 -1 2 40 8 8 8 9 40 -1 40 40 2 8 2 2 2 
2 40 40 -1 2 2 40 8 8 8 9 40 40 40 2 2 2 2 2 2 
2 2 4 2 1 40 8 -1 -1 2 8 -1 -1 40 40 3 2 2 2 2 
6 4 2 2 2 8 2 2 2 8 1 8 2 2 3 2 2 -1 -1 2 
3 2 2 2 9 -1 -1 2 2 9 3 -1 3 -1 3 3 2 9 9 9 
-1 3 8 4 8 4 4 4 9 9 9 3 8 8 8 3 8 3 9 8 
9 2 3 3 4 3 -1 9 8 9 2 -1 -1 8 8 8 8 9 3 8 
-1 9 -1 4 3 8 8 -1 4 4 2 2 4 4 8 -1 -1 -1 9 8 
9 10 4 6 8 8 9 8 -1 4 4 8 4 8 8 8 2 2 2 2 
6 10 6 6 6 9 3 2 2 -1 8 4 4 8 8 -1 -1 2 -1 -1 
2 10 6 -1 6 6 3 2 3 8 1 8 8 4 8 8 8 -1 -1 10 
-1 10 6 6 -1 40 40 1 40 1 8 8 2 2 2 8 8 8 3 8 
8 10 2 -1 40 40 4 40 40 1 40 8 2 2 2 8 8 2 2 2 
2 2 2 -1 -1 40 -1 4 40 2 1 2 8 8 8 -1 8 1 2 2 
2 2 2 2 -1 40 40 -1 2 2 1 8 8 8 8 2 2 2 2 2 
8 8 1 1 1 1 1 8 9 8 3 8 8 2 8 8 -1 8 8 8 
8 8 8 1 8 1 1 8 8 2 2 8 8 1 8 8 8 8 8 -1 
8 8 8 -1 8 -1 1 8 2 8 2 8 8 8 1 8 40 8 4 8 
8 8 8 8 -1 1 8 8 2 8 8 8 8 -1 2 40 8 4 8 8 
8 8 8 8 -1 1 -1 9 8 8 8 8 8 8 8 40 8 8 4 8 
8 8 -1 1 1 -1 -1 8 8 -1 8 8 8 9 8 2 8 8 8 -1 
8 8 8 8 1 8 8 8 2 8 8 8 9 9 3 2 2 2 8 8 
-1 8 9 2 8 1 8 2 8 8 9 9 2 2 9 2 2 2 2 9 
9 8 6 8 8 -1 8 2 2 2 9 9 9 2 2 2 2 2 9 8 
8 4 8 8 9 8 8 9 2 -1 -1 9 9 2 2 -1 2 9 8 9 
4 9 -1 8 8 3 3 2 2 -1 2 8 -1 -1 2 -1 8 8 -1 -1 
3 3 9 8 2 3 2 3 2 2 9 9 2 8 2 8 8 -1 8 -1 
3 -1 3 -1 2 2 2 2 9 9 2 2 2 8 8 8 8 8 8 -1 
3 3 3 3 3 3 9 2 2 2 9 9 2 2 8 8 8 8 -1 -1 
8 8 3 3 3 9 3 -1 -1 -1 2 -1 8 8 40 8 8 8 8 8 
8 -1 3 3 3 40 8 -1 2 2 2 8 8 -1 40 8 8 8 8 8 
40 40 40 8 6 8 9 9 2 2 2 2 8 8 8 8 8 8 8 2 
-1 8 40 40 -1 6 9 8 9 2 2 2 8 8 8 8 8 -1 8 8 
8 8 8 2 -1 6 8 8 8 8 2 8 8 8 -1 -1 -1 8 8 8 
8 8 8 1 1 1 8 8 8 2 8 8 2 8 -1 -1 -1 8 8 8 
9 2 2 2 2 1 2 -1 1 9 8 8 8 2 3 2 2 2 2 2 
9 9 9 2 -1 2 1 1 1 -1 2 8 8 -1 2 3 2 2 2 2 
9 9 -1 -1 9 9 2 -1 8 -1 -1 -1 8 8 2 3 2 2 2 2 
2 2 2 2 2 2 2 -1 -1 -1 -1 -1 8 8 8 3 -1 2 2 6 
2 2 2 2 2 2 2 40 -1 8 -1 9 -1 8 2 8 8 8 2 2 
2 -1 2 2 2 8 9 40 8 8 40 -1 9 -1 2 9 8 2 2 2 
4 8 2 2 8 2 9 9 40 9 9 8 8 2 -1 9 -1 2 2 2 
2 2 2 2 8 2 -1 9 9 9 9 9 8 8 4 4 -1 2 4 4 
4 2 8 8 -1 2 2 -1 9 3 8 8 9 4 8 8 8 8 4 4 
8 8 8 8 -1 2 2 2 8 3 3 8 8 9 9 8 -1 -1 4 4 
9 -1 8 9 9 2 9 9 8 8 8 -1 8 8 8 8 8 4 4 -1 
8 -1 9 9 8 9 2 9 9 8 8 8 8 8 8 8 8 9 4 -1 
8 -1 9 8 8 9 9 9 9 8 8 2 2 2 2 2 9 -1 -1 8 
8 9 8 8 8 -1 -1 9 5 5 8 2 2 2 2 2 9 -1 -1 8 
8 -1 -1 8 -1 9 -1 5 -1 5 2 2 2 -1 2 2 -1 -1 8 8 
8 8 -1 8 -1 -1 1 1 8 8 8 9 2 -1 2 2 2 -1 3 8 
-1 8 8 8 8 -1 -1 1 1 1 9 8 2 2 2 2 2 3 -1 3 
8 8 8 8 8 -1 9 9 9 8 8 8 2 2 2 2 2 2 2 2 
8 9 2 -1 -1 -1 9 8 9 9 2 2 3 3 2 2 2 2 2 2 
9 2 2 2 2 2 -1 -1 -1 1 8 -1 8 2 -1 2 2 2 2 -1 
3 3 3 3 8 8 1 8 8 1 8 2 3 3 2 2 8 8 3 3 
8 3 8 3 3 8 1 8 1 -1 9 9 2 2 3 -1 2 -1 3 -1 
8 1 1 8 8 8 8 -1 -1 -1 9 8 2 8 -1 2 -1 -1 -1 8 
9 8 9 9 8 -1 2 2 3 9 8 2 2 2 2 2 -1 -1 -1 8 
8 8 9 2 2 2 2 2 8 2 2 8 2 -1 8 -1 6 -1 8 8 
8 -1 -1 9 2 2 2 9 2 8 2 2 2 8 8 8 -1 8 8 8 
-1 -1 -1 -1 2 8 2 9 9 3 9 9 8 9 8 -1 8 -1 -1 -1 
-1 -1 -1 -1 2 2 8 9 -1 3 16 9 -1 9 9 -1 9 -1 -1 -1 
-1 -1 8 2 2 8 8 2 8 8 3 16 -1 9 9 9 9 -1 -1 -1 
8 8 8 8 8 -1 -1 2 9 16 16 -1 9 8 9 -1 -1 -1 -1 8 
8 1 -1 -1 8 8 8 2 9 9 9 8 9 8 8 9 -1 -1 8 8 
1 8 8 8 8 8 8 -1 9 -1 9 9 2 -1 -1 9 8 8 8 8 
8 1 9 9 8 8 9 8 8 -1 3 -1 3 3 -1 2 -1 -1 8 -1 
8 3 3 2 -1 1 9 9 8 8 3 3 3 -1 2 9 2 -1 9 -1 
8 9 3 2 1 8 1 1 8 3 3 3 3 2 9 2 9 9 -1 8 
3 8 8 8 8 1 8 2 9 9 9 3 3 9 9 9 1 9 1 1 
8 2 8 8 -1 8 9 -1 9 9 9 9 2 2 2 1 1 1 8 3 
3 3 3 8 8 8 -1 8 8 9 -1 9 9 2 2 3 3 3 3 3 
3 3 8 8 8 8 8 -1 8 8 9 -1 3 3 3 3 8 8 3 3 
3 8 3 3 8 8 8 8 8 8 8 -1 3 3 8 3 3 8 3 3 
8 1 8 8 8 8 8 8 1 -1 8 -1 3 3 2 -1 -1 8 3 8 
8 8 8 8 8 8 -1 -1 -1 8 8 2 3 2 -1 8 8 -1 -1 -1 
1 1 9 2 -1 8 8 9 8 8 8 8 -1 2 8 8 3 2 -1 9 
1 2 2 32 1 8 8 8 8 -1 8 9 8 8 9 8 3 3 1 1 
2 2 2 -1 1 8 8 9 9 9 9 8 8 9 -1 9 8 8 8 1 
2 -1 2 1 8 8 8 9 9 9 9 8 8 9 -1 8 9 9 9 8 
8 2 1 1 8 32 8 -1 8 9 9 8 9 2 2 8 8 8 8 -1 
2 2 32 32 32 8 -1 8 9 8 8 -1 2 8 2 1 1 8 8 8 
2 2 2 2 -1 -1 8 1 9 9 9 9 9 9 9 2 9 9 8 -1 
8 2 2 2 -1 8 8 8 8 9 9 9 -1 -1 9 9 9 8 9 8 
8 9 9 2 2 -1 3 8 8 -1 9 8 9 9 -1 9 8 -1 8 -1 
8 9 2 8 -1 8 8 3 1 8 -1 9 8 9 8 8 8 8 9 9 
8 2 2 8 8 8 8 8 9 9 4 4 -1 -1 3 8 8 2 9 9 
8 9 8 8 8 9 9 8 8 8 4 4 4 2 2 8 8 2 8 -1 
1 9 9 8 8 8 9 8 8 8 -1 8 -1 -1 -1 3 3 -1 8 8 
1 9 9 8 8 8 8 4 -1 1 8 -1 -1 -1 8 8 -1 8 8 9 
9 9 8 -1 9 4 4 1 1 8 -1 -1 -1 8 -1 8 8 -1 8 8 
8 8 8 -1 9 9 1 1 -1 1 -1 -1 2 -1 2 8 8 8 8 8 
8 8 1 8 9 9 -1 -1 1 1 8 8 8 2 8 8 8 8 8 8 
8 8 8 8 8 8 8 8 1 1 8 8 3 3 3 -1 8 -1 8 3 
8 -1 8 8 1 -1 -1 8 8 8 8 8 4 4 8 8 8 1 8 8 
8 -1 8 8 8 1 1 8 8 8 8 -1 4 4 8 8 -1 8 8 8 
8 8 6 8 8 1 -1 -1 -1 -1 8 8 8 8 4 8 8 4 8 1 
32 6 6 1 1 1 1 1 1 -1 -1 8 5 9 8 8 32 -1 8 6 
6 4 4 -1 1 1 1 8 -1 -1 5 5 5 -1 6 9 8 32 32 32 
6 4 4 8 1 1 1 8 -1 8 5 6 5 6 9 -1 8 9 4 6 
8 8 8 1 -1 -1 1 1 5 5 8 9 9 6 -1 -1 32 4 4 9 
1 8 -1 -1 8 8 1 8 1 1 5 9 9 9 8 9 -1 2 9 9 
9 9 8 8 -1 8 1 1 8 4 -1 5 9 9 9 8 -1 2 9 1 
8 8 8 8 8 8 8 8 8 9 8 5 5 9 9 1 -1 2 9 9 
4 8 8 4 4 8 1 8 8 9 4 9 9 9 9 1 9 9 6 4 
1 4 9 8 9 8 -1 -1 8 9 4 9 9 -1 9 9 8 9 9 1 
1 1 1 9 9 8 9 -1 8 -1 4 4 8 9 9 9 9 8 9 1 
1 9 9 9 -1 8 8 9 8 8 4 8 4 -1 -1 8 8 -1 8 1 
8 8 8 9 8 8 8 8 8 8 4 4 4 4 9 8 8 8 1 1 
8 8 8 8 8 8 8 8 8 8 4 4 8 -1 1 8 8 -1 8 1 
8 -1 8 8 8 -1 1 1 8 9 8 4 4 8 8 1 8 8 8 8 
8 8 -1 1 -1 8 1 8 1 -1 9 4 4 4 8 4 1 1 8 -1 
8 8 -1 1 1 1 -1 1 1 4 8 -1 4 8 4 -1 1 1 8 8 
8 8 8 1 1 1 1 8 8 8 4 -1 4 4 8 8 1 1 8 -1 
4 4 4 1 -1 1 -1 8 -1 -1 1 6 4 4 4 4 4 -1 8 4 
4 4 4 -1 1 4 4 4 4 -1 -1 6 4 4 4 4 4 4 8 -1 
4 6 4 4 4 4 4 4 4 4 6 6 6 -1 4 4 4 -1 4 4 
6 4 6 4 4 -1 4 4 4 4 6 6 1 1 1 4 4 4 4 6 
6 6 4 4 4 4 4 4 4 -1 4 8 1 1 6 4 4 3 6 6 
6 -1 4 4 4 -1 4 4 4 -1 8 8 1 1 1 4 -1 3 4 6 
6 4 4 4 4 4 4 4 4 4 -1 4 8 1 4 1 4 4 4 4 
-1 4 4 4 4 4 2 4 4 6 6 -1 1 4 4 4 4 6 4 4 
4 4 4 4 4 -1 4 2 4 6 6 1 -1 4 32 4 4 -1 6 4 
6 -1 -1 4 4 4 6 -1 4 4 4 -1 -1 -1 32 4 4 2 1 6 
6 6 6 4 4 1 6 -1 -1 4 8 8 -1 6 4 4 4 2 4 1 
6 4 6 2 1 1 1 4 4 4 8 -1 -1 -1 32 8 8 2 -1 6 
4 4 6 4 4 1 1 4 4 8 6 -1 -1 32 32 4 4 2 2 -1 
2 4 4 6 4 1 4 4 4 4 8 6 6 4 32 4 4 4 4 2 
4 4 6 -1 8 1 1 4 4 4 -1 4 4 6 4 4 4 4 4 2 
2 2 6 8 8 1 4 4 4 4 4 4 4 4 4 4 4 4 2 4 
2 2 4 4 -1 9 -1 1 4 -1 -1 1 4 4 -1 4 4 4 2 2 
-1 4 4 4 4 9 1 4 1 -1 1 1 4 4 4 4 4 4 4 4 
4 4 4 4 4 4 4 4 1 1 1 1 4 4 4 4 4 8 8 4 
4 4 4 4 4 4 4 4 9 1 1 4 4 4 4 4 4 4 4 8 
6 1 4 2 2 2 -1 2 2 2 2 2 2 2 2 2 4 -1 2 -1 
1 1 2 4 -1 -1 2 2 2 2 2 2 2 2 2 9 2 2 4 2 
4 1 4 6 6 2 2 2 2 -1 2 2 2 2 9 2 2 4 4 2 
1 4 1 6 2 -1 2 -1 -1 -1 2 2 2 2 2 -1 2 4 4 4 
4 1 1 2 1 2 2 2 2 2 -1 2 2 2 2 8 -1 2 6 1 
1 1 1 2 -1 2 2 2 2 -1 -1 2 4 2 4 2 4 5 -1 1 
1 1 1 4 1 2 2 2 2 -1 -1 4 5 5 5 5 5 5 5 1 
1 -1 4 4 1 1 1 2 2 2 2 4 4 5 4 5 1 1 1 1 
4 4 1 -1 -1 -1 1 1 2 2 4 4 -1 2 -1 -1 5 1 6 1 
4 4 -1 -1 -1 1 1 1 1 2 2 2 2 2 2 5 5 6 6 4 
4 4 -1 -1 -1 1 -1 -1 2 6 2 6 6 2 2 5 3 6 6 4 
4 4 4 -1 4 4 4 1 1 -1 6 2 4 -1 -1 4 5 3 3 4 
4 4 -1 4 4 4 4 1 1 6 5 2 -1 -1 -1 4 4 4 1 1 
6 4 -1 4 4 4 1 6 1 6 5 5 5 -1 4 4 4 4 4 1 
4 4 4 6 4 4 4 4 6 1 2 2 5 6 -1 6 4 5 6 6 
2 2 6 2 1 2 4 1 1 2 2 5 5 5 2 2 5 4 4 6 
4 4 -1 1 2 2 4 4 -1 5 2 1 -1 5 2 4 4 4 4 6 
4 -1 4 1 1 1 4 4 2 -1 5 5 5 5 -1 -1 4 2 4 4 
4 4 -1 1 1 1 2 2 2 -1 2 2 2 2 2 4 4 2 4 4 
4 1 4 1 1 2 2 4 2 2 2 2 2 2 2 -1 2 4 2 2 
-1 -1 -1 -1 1 5 1 1 1 2 4 6 1 1 1 -1 6 1 5 -1 
-1 -1 -1 1 1 -1 -1 1 1 1 1 -1 1 1 1 4 1 6 -1 -1 
-1 5 5 -1 -1 -1 -1 -1 -1 1 4 1 1 -1 6 1 -1 6 -1 4 
4 -1 -1 -1 -1 -1 -1 -1 -1 1 -1 1 -1 5 1 1 1 1 1 1 
1 -1 -1 -1 4 -1 -1 -1 4 1 1 1 1 1 1 1 1 1 1 1 
1 4 -1 -1 4 -1 -1 -1 -1 1 1 1 -1 1 1 1 1 1 1 1 
4 4 -1 4 -1 4 -1 -1 6 1 1 1 1 2 4 1 1 1 -1 1 
1 -1 -1 4 4 -1 -1 -1 6 1 1 1 1 2 2 1 1 4 -1 4 
4 -1 4 6 -1 -1 -1 6 6 1 4 6 6 -1 4 1 4 -1 -1 4 
4 4 1 6 6 -1 -1 6 6 6 -1 4 -1 -1 -1 1 1 33 -1 4 
4 1 6 6 6 -1 6 -1 -1 -1 -1 -1 5 -1 -1 1 4 1 1 4 
-1 4 1 6 -1 -1 -1 2 -1 -1 -1 5 -1 -1 4 -1 1 4 4 4 
4 -1 -1 6 6 -1 -1 -1 -1 4 -1 5 -1 -1 -1 -1 1 1 1 1 
-1 4 -1 -1 4 -1 -1 5 -1 4 4 5 -1 -1 -1 -1 4 4 1 4 
4 4 4 4 4 -1 -1 -1 5 -1 5 5 -1 -1 1 4 4 -1 1 1 
4 4 4 4 -1 -1 -1 -1 6 5 -1 1 1 1 1 1 1 1 -1 -1 
4 4 4 4 4 -1 -1 -1 -1 4 6 -1 1 1 1 1 -1 1 1 -1 
4 4 4 4 -1 -1 1 1 -1 -1 4 -1 1 1 1 1 1 1 1 4 
4 -1 -1 -1 -1 -1 1 1 -1 -1 6 -1 6 1 1 1 1 1 4 4 
-1 -1 -1 -1 -1 1 1 -1 1 1 -1 6 1 1 1 -1 -1 -1 -1 -1 
4 4 7 -1 -1 -1 -1 4 5 4 4 -1 2 4 -1 -1 1 33 -1 -1 
4 -1 -1 -1 -1 -1 1 1 -1 1 1 1 1 -1 4 -1 33 33 33 1 
1 -1 -1 -1 -1 -1 -1 -1 -1 4 1 1 1 -1 -1 -1 33 33 33 -1 
4 -1 -1 -1 -1 1 -1 -1 -1 4 4 5 -1 -1 -1 -1 33 1 1 1 
1 -1 -1 -1 1 -1 -1 -1 -1 -1 -1 5 -1 -1 -1 4 1 33 1 1 
-1 1 4 -1 -1 -1 -1 -1 -1 -1 -1 5 -1 -1 -1 1 4 1 1 1 
1 1 4 4 -1 -1 -1 -1 -1 -1 -1 -1 4 -1 -1 -1 -1 1 1 1 
1 -1 -1 -1 -1 -1 -1 -1 -1 -1 -1 -1 -1 -1 -1 -1 -1 -1 1 1 
1 1 -1 -1 -1 -1 -1 -1 -1 -1 -1 5 -1 -1 1 1 1 1 1 1 
-1 -1 -1 -1 -1 -1 -1 -1 -1 5 -1 -1 5 -1 -1 4 1 1 1 4 
-1 -1 -1 -1 2 2 -1 -1 -1 5 -1 5 -1 -1 -1 -1 1 1 -1 -1 
-1 -1 1 -1 2 2 2 6 -1 -1 5 -1 4 -1 4 4 4 -1 -1 -1 
-1 -1 -1 1 1 -1 -1 6 6 4 4 4 4 4 -1 4 -1 -1 6 -1 
-1 -1 -1 1 -1 -1 -1 6 4 4 4 -1 4 4 -1 -1 -1 -1 6 -1 
-1 -1 1 -1 -1 -1 5 -1 4 4 -1 -1 -1 -1 -1 -1 -1 -1 6 -1 
-1 -1 -1 -1 4 -1 -1 5 -1 -1 -1 -1 -1 -1 -1 -1 -1 -1 6 6 
-1 -1 -1 -1 4 4 -1 6 4 -1 -1 -1 -1 -1 -1 -1 -1 -1 -1 -1 
4 -1 -1 -1 4 4 4 4 6 -1 -1 -1 -1 -1 -1 -1 -1 -1 -1 -1 
-1 -1 6 -1 4 4 -1 4 4 4 -1 -1 -1 2 -1 -1 -1 -1 4 4 
4 -1 6 -1 4 4 -1 4 -1 5 -1 4 2 -1 4 -1 33 -1 -1 -1 
-1 -1 6 6 -1 -1 -1 -1 -1 -1 -1 -1 -1 6 -1 -1 -1 -1 -1 -1 
-1 -1 -1 6 -1 -1 -1 -1 -1 -1 3 -1 -1 -1 -1 -1 -1 -1 4 33 
33 -1 -1 -1 4 1 -1 -1 1 1 1 3 4 4 -1 6 6 -1 4 -1 
-1 33 -1 -1 -1 1 -1 -1 -1 1 1 1 -1 4 1 1 -1 6 6 6 
-1 -1 -1 -1 1 -1 -1 -1 -1 -1 -1 -1 -1 1 6 1 6 -1 6 -1 
-1 -1 -1 1 -1 4 4 4 -1 -1 -1 -1 1 4 4 1 4 -1 -1 -1 
-1 -1 -1 -1 -1 -1 4 -1 -1 -1 -1 4 4 4 -1 -1 4 -1 -1 -1 
-1 -1 -1 -1 -1 4 4 -1 -1 -1 -1 -1 1 4 4 -1 -1 -1 -1 -1 
-1 -1 -1 -1 -1 -1 -1 -1 -1 -1 -1 -1 -1 1 -1 -1 -1 -1 -1 -1 
-1 -1 -1 -1 -1 -1 -1 1 -1 -1 -1 -1 -1 -1 -1 -1 -1 -1 -1 -1 
-1 -1 -1 -1 -1 -1 -1 1 1 -1 -1 -1 -1 -1 -1 -1 -1 -1 -1 -1 
-1 -1 -1 -1 -1 1 1 1 1 1 -1 1 -1 -1 -1 4 4 4 -1 -1 
-1 -1 -1 -1 -1 1 1 1 1 1 1 1 -1 32 -1 -1 -1 4 -1 -1 
-1 -1 -1 -1 -1 1 1 1 1 -1 -1 32 32 32 32 32 -1 -1 -1 -1 
-1 -1 -1 -1 -1 -1 -1 -1 1 1 32 32 -1 -1 32 32 -1 -1 -1 -1 
-1 -1 -1 -1 -1 -1 -1 1 1 1 32 -1 -1 32 -1 -1 -1 -1 -1 2 
2 2 -1 -1 -1 -1 -1 1 1 1 1 4 -1 -1 -1 -1 -1 -1 2 -1 
2 -1 -1 -1 -1 -1 -1 -1 1 -1 1 4 -1 -1 -1 6 6 6 2 2 
-1 -1 -1 -1 -1 -1 4 4 1 1 -1 -1 -1 -1 -1 6 -1 -1 -1 -1 
-1 -1 -1 -1 -1 -1 4 1 -1 -1 -1 -1 6 -1 -1 -1 -1 -1 -1 -1 
-1 -1 -1 -1 -1 -1 -1 -1 -1 -1 -1 -1 -1 -1 -1 -1 -1 -1 -1 -1 
1 -1 -1 -1 -1 -1 -1 -1 -1 -1 -1 -1 -1 -1 -1 -1 -1 -1 -1 -1 
-1 1 -1 -1 -1 -1 -1 -1 -1 -1 -1 -1 -1 -1 -1 -1 -1 -1 -1 1 
1 6 -1 6 -1 -1 -1 -1 -1 -1 -1 -1 -1 -1 -1 -1 -1 -1 1 1 
1 1 6 -1 -1 -1 4 4 -1 -1 -1 -1 -1 -1 -1 -1 -1 -1 -1 1 
1 1 6 -1 -1 -1 -1 -1 -1 -1 -1 -1 4 -1 -1 -1 -1 6 -1 -1 
-1 -1 -1 -1 -1 -1 -1 -1 -1 -1 -1 -1 -1 4 -1 -1 -1 -1 -1 -1 
6 -1 -1 -1 -1 -1 -1 -1 -1 -1 -1 -1 -1 4 4 -1 -1 -1 -1 6 
-1 -1 -1 -1 -1 -1 -1 -1 -1 -1 -1 -1 -1 4 4 -1 -1 -1 -1 6 
-1 4 -1 -1 -1 -1 -1 -1 -1 -1 -1 -1 4 4 4 -1 4 -1 -1 -1 
2 4 4 -1 -1 -1 -1 -1 4 4 4 4 -1 4 -1 -1 -1 -1 -1 -1 
4 -1 4 -1 4 -1 -1 -1 4 4 -1 6 4 -1 4 -1 -1 -1 -1 -1 
-1 4 -1 4 4 -1 -1 4 -1 -1 6 6 4 -1 -1 -1 -1 -1 -1 -1 
-1 4 -1 -1 4 -1 -1 -1 -1 -1 -1 6 -1 -1 -1 -1 -1 -1 -1 -1 
-1 -1 4 -1 -1 4 -1 -1 -1 -1 -1 -1 -1 4 -1 -1 -1 -1 -1 -1 
-1 8 8 8 4 -1 -1 -1 -1 -1 -1 -1 4 -1 -1 4 4 -1 -1 -1 
-1 -1 8 8 4 -1 -1 -1 -1 -1 -1 -1 4 -1 -1 -1 -1 -1 -1 -1 
-1 -1 8 -1 -1 -1 -1 4 -1 -1 -1 -1 4 -1 -1 -1 -1 -1 -1 -1 
-1 -1 -1 -1 32 32 -1 4 -1 -1 -1 4 -1 -1 -1 -1 -1 -1 -1 -1 
-1 -1 -1 -1 -1 32 -1 4 4 -1 -1 4 -1 -1 -1 -1 -1 -1 -1 -1 
-1 -1 -1 -1 -1 -1 -1 -1 -1 -1 -1 4 -1 4 4 -1 -1 -1 -1 -1 
-1 -1 -1 -1 -1 -1 -1 -1 -1 -1 -1 -1 -1 -1 -1 -1 -1 -1 -1 -1 
4 -1 -1 -1 -1 -1 -1 -1 -1 -1 -1 -1 -1 -1 -1 -1 -1 -1 -1 -1 
-1 -1 -1 -1 -1 -1 -1 -1 4 -1 -1 4 -1 -1 -1 -1 -1 -1 4 4 
-1 -1 -1 -1 -1 -1 -1 -1 -1 -1 -1 4 -1 -1 -1 -1 -1 -1 -1 -1 
-1 4 4 -1 -1 -1 -1 -1 -1 -1 -1 -1 -1 -1 -1 -1 -1 -1 -1 -1 
-1 -1 -1 -1 -1 -1 -1 -1 -1 -1 -1 -1 -1 -1 -1 -1 -1 -1 -1 -1 
-1 -1 -1 -1 -1 -1 -1 -1 -1 -1 -1 -1 -1 -1 -1 -1 -1 -1 -1 -1 
-1 -1 -1 -1 -1 -1 4 -1 -1 -1 -1 -1 -1 -1 -1 -1 -1 -1 -1 -1 
-1 -1 -1 -1 -1 -1 4 -1 4 -1 -1 -1 -1 -1 -1 -1 -1 -1 -1 -1 
-1 -1 -1 -1 -1 -1 -1 4 -1 -1 -1 -1 -1 -1 -1 -1 -1 -1 -1 -1 
-1 4 -1 -1 -1 -1 -1 -1 -1 -1 -1 -1 -1 -1 -1 -1 -1 -1 -1 -1 
-1 4 -1 -1 -1 -1 -1 -1 -1 1 -1 -1 -1 -1 -1 -1 -1 -1 -1 -1 
4 -1 -1 -1 -1 -1 -1 4 4 4 -1 -1 -1 -1 -1 -1 4 -1 -1 -1 
-1 -1 -1 -1 -1 -1 -1 4 -1 4 4 -1 -1 -1 -1 -1 -1 4 -1 -1 
-1 -1 -1 -1 -1 -1 -1 -1 -1 -1 -1 -1 -1 -1 -1 -1 -1 -1 -1 -1 
-1 -1 -1 -1 -1 -1 -1 -1 -1 -1 4 -1 -1 -1 -1 -1 -1 -1 -1 -1 
-1 -1 -1 -1 -1 -1 -1 -1 -1 -1 -1 4 -1 4 -1 -1 -1 -1 -1 -1 
-1 -1 -1 -1 -1 -1 -1 -1 -1 -1 5 4 4 -1 -1 2 -1 -1 -1 -1 
-1 -1 -1 -1 -1 -1 -1 -1 -1 -1 -1 5 4 -1 -1 2 -1 -1 -1 -1 
4 4 -1 -1 -1 -1 -1 -1 -1 4 4 -1 -1 4 -1 -1 -1 -1 4 -1 
-1 -1 -1 -1 -1 -1 -1 -1 -1 -1 4 4 -1 -1 -1 -1 -1 -1 -1 -1 
-1 -1 4 4 -1 -1 -1 -1 -1 -1 -1 -1 -1 1 -1 -1 -1 -1 -1 -1 
-1 -1 1 1 4 4 -1 -1 -1 4 4 -1 -1 -1 -1 -1 -1 -1 -1 -1 
-1 -1 1 4 4 4 -1 -1 -1 -1 -1 -1 -1 -1 6 -1 -1 -1 -1 -1 
-1 1 1 4 4 -1 4 -1 4 -1 -1 -1 -1 -1 -1 6 -1 -1 -1 -1 
1 1 1 4 4 4 4 4 4 -1 -1 -1 -1 -1 -1 -1 -1 -1 -1 -1 
-1 4 4 1 4 4 4 4 4 -1 -1 -1 -1 -1 -1 -1 -1 -1 -1 1 
-1 4 4 4 4 4 -1 4 -1 -1 -1 -1 -1 -1 4 2 -1 -1 -1 -1 
-1 -1 4 4 -1 -1 4 -1 -1 -1 -1 -1 -1 -1 -1 2 -1 -1 -1 -1 
-1 -1 -1 -1 -1 -1 -1 -1 -1 -1 -1 -1 -1 -1 -1 2 -1 2 -1 -1 
-1 -1 4 -1 -1 -1 -1 -1 -1 4 -1 -1 -1 -1 4 -1 2 -1 -1 -1 
-1 -1 4 -1 -1 -1 -1 -1 -1 4 4 4 -1 -1 -1 -1 2 -1 -1 -1 
-1 -1 -1 -1 -1 -1 -1 -1 4 4 4 6 -1 -1 -1 4 4 -1 -1 -1 
-1 -1 -1 -1 -1 -1 4 4 4 4 6 4 -1 -1 -1 2 5 5 -1 -1 
-1 -1 -1 -1 -1 4 4 4 6 -1 4 -1 -1 -1 2 -1 5 -1 -1 -1 
-1 4 -1 -1 4 -1 4 6 6 4 2 4 -1 -1 -1 -1 -1 3 -1 -1 
-1 4 -1 -1 -1 -1 -1 -1 -1 -1 4 -1 4 -1 -1 -1 3 3 -1 -1 
-1 -1 4 -1 -1 -1 -1 -1 -1 4 -1 4 -1 -1 -1 3 3 -1 4 -1 
4 4 -1 -1 -1 -1 -1 -1 -1 4 4 4 4 -1 -1 -1 -1 -1 4 -1 
-1 1 1 -1 1 1 -1 -1 -1 -1 -1 -1 2 1 1 -1 1 1 -1 -1 
1 1 1 -1 -1 -1 -1 -1 -1 -1 -1 -1 1 10 1 1 1 1 1 -1 
-1 1 -1 -1 -1 -1 -1 4 -1 10 -1 10 10 10 -1 1 1 1 -1 -1 
-1 -1 -1 -1 -1 4 4 -1 -1 10 -1 -1 -1 10 8 1 1 1 -1 -1 
-1 -1 -1 2 -1 -1 -1 -1 -1 -1 -1 -1 -1 4 -1 -1 -1 -1 -1 -1 
-1 -1 -1 2 2 2 -1 -1 -1 -1 -1 -1 6 -1 -1 -1 -1 -1 -1 -1 
-1 -1 -1 2 2 -1 -1 -1 -1 -1 -1 4 2 2 6 6 -1 -1 -1 -1 
-1 -1 -1 2 -1 -1 -1 -1 -1 4 -1 -1 -1 6 6 6 6 -1 -1 -1 
-1 -1 -1 2 2 2 -1 -1 -1 -1 -1 -1 -1 6 -1 2 2 8 -1 -1 
-1 -1 2 -1 -1 2 -1 -1 -1 -1 -1 -1 -1 -1 6 6 6 8 -1 -1 
-1 -1 -1 -1 -1 -1 -1 -1 -1 -1 -1 -1 -1 -1 2 2 6 -1 -1 -1 
-1 -1 -1 -1 -1 -1 -1 -1 -1 -1 -1 -1 4 2 2 6 6 6 -1 -1 
-1 4 -1 -1 -1 -1 -1 -1 -1 -1 -1 -1 -1 4 4 6 6 2 -1 -1 
-1 -1 4 4 4 2 -1 -1 -1 -1 -1 -1 -1 4 4 4 -1 2 -1 -1 
-1 1 1 6 -1 -1 -1 -1 -1 -1 -1 -1 -1 2 2 4 4 4 -1 -1 
1 1 6 -1 -1 -1 -1 -1 -1 -1 -1 -1 -1 -1 2 4 -1 -1 -1 1 
1 1 1 -1 -1 -1 -1 -1 2 2 -1 -1 -1 -1 -1 4 -1 -1 1 1 
-1 1 -1 1 1 -1 -1 2 -1 2 2 -1 -1 -1 -1 -1 -1 -1 1 1 
-1 1 -1 -1 1 -1 -1 2 -1 -1 -1 -1 1 -1 -1 -1 2 -1 2 -1 
1 1 1 1 1 1 1 2 -1 -1 -1 -1 1 -1 1 2 2 2 2 1 
1 -1 -1 -1 -1 -1 -1 -1 -1 1 1 -1 -1 -1 -1 -1 -1 -1 -1 -1 
-1 -1 -1 -1 -1 -1 -1 -1 1 1 1 1 -1 -1 -1 -1 -1 -1 -1 1 
2 -1 -1 -1 -1 -1 -1 -1 1 -1 -1 -1 -1 -1 -1 2 2 2 -1 -1 
-1 -1 -1 -1 4 1 -1 1 1 1 1 -1 -1 -1 -1 -1 -1 -1 -1 2 
2 1 4 4 1 1 1 1 1 1 -1 -1 -1 -1 -1 -1 -1 -1 2 -1 
1 1 4 1 4 1 1 1 1 1 1 -1 -1 -1 -1 -1 -1 2 -1 -1 
2 4 4 4 1 -1 1 1 1 1 1 1 -1 -1 -1 -1 2 -1 2 -1 
4 4 4 4 4 2 -1 1 -1 1 1 1 1 1 -1 -1 -1 -1 -1 2 
2 -1 4 4 -1 2 2 1 1 1 -1 1 -1 -1 -1 -1 -1 -1 -1 -1 
-1 -1 -1 4 4 -1 -1 1 -1 -1 1 -1 -1 -1 -1 -1 -1 -1 -1 -1 
-1 -1 -1 -1 -1 -1 2 2 2 -1 -1 -1 -1 -1 -1 -1 -1 10 -1 -1 
6 -1 -1 -1 -1 -1 -1 2 -1 -1 -1 -1 10 10 10 -1 10 -1 -1 6 
6 -1 -1 -1 -1 -1 2 -1 -1 -1 -1 -1 -1 10 10 10 10 -1 2 6 
2 6 -1 -1 2 -1 -1 -1 6 -1 4 -1 -1 8 -1 10 -1 -1 -1 2 
2 2 6 6 2 2 2 -1 -1 6 -1 -1 -1 8 8 -1 -1 -1 -1 -1 
-1 2 2 2 2 -1 2 -1 -1 -1 -1 8 8 8 8 8 2 -1 -1 6 
-1 -1 2 1 2 -1 -1 -1 -1 -1 -1 -1 8 8 -1 -1 2 -1 -1 -1 
1 -1 -1 -1 -1 -1 -1 -1 -1 -1 6 -1 -1 -1 -1 -1 -1 -1 -1 -1 
1 1 -1 -1 -1 -1 -1 -1 -1 -1 -1 -1 -1 -1 -1 -1 -1 -1 6 -1 
-1 -1 1 -1 -1 -1 -1 -1 -1 -1 1 -1 -1 -1 -1 -1 -1 -1 -1 -1 
2 -1 8 -1 -1 -1 -1 -1 -1 -1 -1 -1 4 4 4 4 4 2 -1 8 
8 -1 -1 -1 -1 -1 -1 -1 -1 -1 -1 4 4 4 4 4 -1 4 -1 2 
8 8 8 -1 -1 -1 -1 -1 -1 -1 -1 -1 4 4 4 4 2 2 -1 -1 
-1 8 -1 -1 -1 -1 -1 -1 -1 -1 -1 -1 4 4 -1 2 2 2 2 -1 
-1 -1 -1 -1 -1 -1 -1 -1 -1 -1 -1 -1 6 4 2 2 -1 2 -1 -1 
-1 8 8 8 -1 8 -1 -1 -1 -1 -1 -1 -1 4 -1 -1 2 2 -1 -1 
-1 8 8 -1 -1 -1 8 -1 -1 -1 -1 -1 -1 2 2 -1 -1 -1 -1 -1 
-1 1 -1 -1 -1 -1 -1 -1 -1 -1 -1 -1 -1 2 2 2 -1 -1 -1 2 
2 1 -1 -1 -1 -1 -1 -1 -1 -1 -1 -1 2 2 2 -1 -1 -1 -1 2 
1 4 -1 -1 -1 -1 8 -1 8 -1 -1 2 2 -1 -1 -1 -1 -1 2 4 
-1 -1 -1 -1 -1 -1 8 8 -1 -1 -1 -1 -1 2 -1 -1 -1 -1 -1 -1 
-1 -1 -1 -1 -1 -1 -1 -1 -1 -1 -1 -1 -1 -1 2 -1 -1 -1 2 -1 
2 -1 -1 -1 -1 -1 -1 -1 -1 -1 -1 -1 -1 -1 2 2 -1 -1 -1 2 
2 2 -1 -1 -1 -1 -1 -1 -1 -1 4 -1 -1 4 -1 -1 -1 6 2 8 
-1 -1 -1 -1 -1 -1 -1 -1 -1 -1 4 4 4 -1 4 -1 -1 -1 8 2 
-1 -1 -1 -1 -1 -1 -1 -1 1 1 -1 4 4 4 -1 2 -1 -1 -1 -1 
-1 2 -1 -1 -1 -1 -1 1 -1 -1 -1 -1 4 4 -1 -1 -1 -1 -1 -1 
2 -1 -1 -1 -1 -1 1 1 -1 -1 -1 -1 4 4 -1 -1 -1 -1 -1 -1 
2 -1 -1 -1 -1 1 -1 -1 -1 -1 -1 4 4 -1 -1 -1 -1 -1 -1 9 
2 -1 -1 -1 -1 -1 -1 -1 -1 -1 4 4 4 -1 4 4 2 -1 9 2 
-1 -1 -1 -1 -1 -1 -1 -1 -1 4 -1 4 4 9 9 -1 -1 -1 -1 -1 
-1 -1 -1 -1 -1 -1 -1 -1 4 -1 -1 -1 -1 -1 9 9 -1 -1 -1 -1 
-1 -1 -1 -1 -1 -1 -1 -1 4 -1 -1 -1 -1 -1 -1 -1 -1 -1 -1 -1 
-1 -1 -1 -1 -1 -1 -1 -1 -1 -1 -1 -1 -1 -1 -1 -1 -1 -1 -1 -1 
-1 -1 -1 -1 -1 -1 -1 -1 -1 -1 -1 -1 -1 -1 -1 -1 -1 -1 -1 -1 
-1 -1 -1 -1 -1 -1 -1 -1 -1 -1 -1 -1 -1 -1 -1 -1 -1 -1 -1 -1 
-1 4 -1 -1 -1 -1 -1 -1 -1 -1 -1 -1 -1 -1 -1 -1 -1 -1 -1 -1 
-1 4 -1 -1 -1 -1 -1 -1 -1 -1 -1 -1 -1 -1 -1 -1 -1 8 8 -1 
-1 -1 4 -1 -1 -1 -1 -1 -1 -1 -1 -1 -1 4 8 -1 4 8 8 -1 
-1 4 4 -1 -1 -1 -1 -1 -1 -1 -1 -1 4 8 4 4 4 8 4 -1 
-1 4 4 -1 -1 -1 -1 -1 -1 -1 -1 -1 4 4 4 6 4 8 4 -1 
-1 -1 -1 -1 -1 -1 -1 -1 -1 -1 -1 -1 -1 4 6 4 4 4 8 -1 
-1 4 -1 4 -1 -1 -1 -1 -1 -1 -1 -1 6 6 6 -1 8 8 8 -1 
-1 -1 4 -1 -1 -1 -1 -1 -1 -1 -1 -1 -1 6 -1 8 8 -1 -1 -1 
-1 -1 -1 -1 -1 -1 -1 -1 -1 -1 -1 -1 -1 -1 8 8 8 -1 -1 -1 
-1 -1 -1 -1 -1 -1 -1 -1 -1 -1 -1 -1 -1 -1 8 -1 4 -1 -1 -1 
-1 -1 -1 -1 -1 -1 -1 -1 -1 -1 -1 -1 -1 -1 8 -1 -1 4 -1 -1 
-1 -1 -1 -1 -1 -1 -1 -1 -1 -1 -1 -1 -1 -1 -1 9 -1 -1 -1 -1 
-1 -1 -1 -1 -1 -1 -1 -1 -1 -1 -1 -1 -1 9 9 9 9 9 -1 -1 
-1 -1 -1 -1 -1 -1 -1 -1 -1 -1 4 4 -1 9 9 -1 -1 -1 -1 -1 
-1 -1 1 -1 -1 1 -1 -1 -1 -1 -1 -1 -1 -1 -1 -1 9 9 9 9 
-1 -1 -1 -1 1 -1 4 4 -1 4 4 -1 -1 -1 -1 -1 9 9 9 9 
-1 -1 -1 -1 -1 -1 4 -1 -1 4 -1 6 -1 -1 -1 -1 -1 -1 9 9 
9 -1 -1 -1 4 4 4 4 4 4 4 4 6 6 -1 -1 -1 -1 -1 -1 
-1 -1 -1 -1 -1 4 -1 -1 4 -1 4 4 6 -1 -1 -1 -1 -1 -1 -1 
-1 -1 -1 -1 -1 -1 -1 -1 -1 -1 4 4 -1 -1 -1 -1 4 -1 -1 -1 
-1 -1 -1 -1 -1 -1 -1 -1 -1 -1 -1 -1 -1 -1 4 4 -1 -1 -1 -1 
4 4 -1 -1 -1 -1 -1 -1 -1 -1 -1 -1 4 4 -1 4 4 -1 -1 -1 
4 -1 -1 -1 -1 -1 -1 -1 -1 -1 -1 -1 -1 4 4 4 4 -1 9 -1 
4 -1 -1 -1 -1 -1 -1 -1 -1 -1 -1 -1 -1 -1 -1 -1 -1 9 -1 4 
4 -1 -1 -1 -1 -1 -1 -1 -1 -1 -1 -1 -1 4 -1 4 9 9 1 1 
-1 -1 -1 -1 -1 -1 -1 -1 -1 -1 -1 -1 -1 -1 4 4 4 1 1 1 
-1 -1 -1 -1 -1 -1 -1 -1 -1 -1 -1 -1 -1 -1 -1 4 -1 -1 1 1 
1 -1 -1 -1 -1 -1 -1 -1 -1 -1 -1 -1 -1 -1 -1 -1 1 1 1 -1 
-1 -1 -1 -1 -1 -1 -1 -1 -1 -1 -1 -1 -1 -1 -1 -1 -1 -1 -1 -1 
-1 -1 -1 1 1 -1 -1 -1 -1 -1 -1 -1 -1 -1 -1 -1 -1 -1 -1 -1 
4 1 1 -1 1 1 -1 -1 -1 -1 9 -1 -1 -1 -1 9 4 -1 4 4 
-1 -1 1 1 1 1 -1 -1 -1 -1 -1 -1 -1 -1 9 9 4 9 4 4 
-1 1 1 1 1 4 -1 -1 -1 -1 -1 -1 -1 -1 -1 9 9 4 9 1 
1 1 1 -1 4 1 1 -1 -1 -1 -1 -1 -1 -1 -1 -1 9 9 9 1 
4 32 6 -1 -1 -1 -1 -1 -1 -1 32 32 32 32 32 32 32 32 32 32 
32 -1 6 -1 -1 -1 -1 -1 -1 -1 -1 32 32 32 32 32 32 32 32 4 
32 32 4 -1 -1 -1 -1 -1 -1 -1 32 32 32 -1 32 32 32 32 32 32 
32 4 32 32 -1 -1 -1 -1 -1 -1 -1 32 -1 32 32 -1 32 32 32 32 
4 -1 32 32 32 -1 -1 -1 -1 -1 -1 -1 -1 -1 -1 -1 -1 32 -1 32 
-1 -1 32 -1 -1 -1 -1 -1 -1 -1 -1 -1 -1 -1 -1 4 -1 -1 -1 32 
-1 -1 -1 -1 -1 -1 -1 -1 -1 -1 -1 -1 -1 -1 4 4 4 -1 -1 -1 
-1 -1 -1 -1 -1 -1 -1 -1 -1 -1 -1 -1 -1 4 -1 4 4 -1 4 -1 
-1 -1 -1 -1 -1 -1 -1 -1 -1 -1 -1 -1 4 4 4 4 -1 4 -1 -1 
-1 -1 -1 -1 -1 -1 -1 -1 -1 -1 -1 -1 -1 -1 4 4 4 -1 -1 -1 
-1 -1 -1 -1 -1 -1 -1 -1 -1 -1 -1 -1 -1 4 -1 4 4 4 6 -1 
-1 -1 -1 -1 -1 -1 -1 -1 -1 -1 4 -1 4 4 -1 -1 -1 4 6 -1 
-1 -1 -1 -1 -1 -1 -1 32 4 4 -1 4 4 4 -1 -1 -1 6 4 -1 
-1 -1 -1 -1 -1 -1 1 -1 4 4 4 4 4 4 4 -1 -1 -1 -1 4 
-1 -1 -1 -1 -1 -1 -1 -1 4 -1 4 -1 4 4 4 -1 -1 -1 -1 -1 
4 -1 -1 -1 -1 -1 4 -1 4 -1 -1 -1 -1 -1 -1 -1 -1 -1 -1 -1 
4 4 4 -1 -1 -1 -1 4 4 -1 -1 -1 -1 -1 -1 -1 -1 -1 32 32 
4 4 4 -1 -1 -1 -1 -1 4 4 -1 -1 -1 -1 32 -1 -1 -1 32 32 
4 4 4 -1 -1 -1 -1 1 -1 -1 32 -1 -1 32 -1 -1 32 32 32 32 
4 4 4 4 -1 -1 -1 -1 -1 -1 -1 32 32 32 -1 32 32 32 32 -1 
12 -1 -1 -1 -1 -1 -1 -1 -1 -1 -1 -1 -1 -1 32 32 32 32 4 32 
-1 12 12 -1 -1 -1 -1 -1 -1 -1 -1 32 32 32 32 32 -1 32 32 -1 
-1 12 -1 -1 -1 -1 -1 -1 -1 -1 32 32 32 32 32 32 9 32 32 32 
-1 -1 -1 -1 -1 -1 -1 -1 9 9 32 32 32 32 32 32 32 32 32 32 
32 32 32 -1 -1 -1 -1 -1 9 9 32 32 32 32 32 32 32 32 32 32 
-1 -1 -1 -1 -1 -1 -1 4 4 32 32 32 32 32 32 32 32 32 32 32 
4 -1 -1 -1 -1 -1 -1 -1 32 32 32 32 32 32 32 32 32 32 32 4 
32 -1 -1 -1 -1 9 -1 -1 32 -1 -1 -1 32 32 32 32 32 -1 32 32 
-1 32 4 -1 -1 -1 9 -1 -1 -1 -1 -1 -1 32 32 32 -1 32 32 32 
32 -1 -1 -1 -1 -1 9 -1 -1 -1 -1 -1 32 32 32 40 40 32 32 32 
32 -1 -1 -1 -1 -1 -1 9 -1 -1 -1 -1 -1 -1 -1 32 32 40 -1 32 
32 32 32 -1 -1 -1 -1 -1 -1 -1 -1 -1 -1 -1 6 -1 -1 6 6 6 
6 -1 -1 -1 -1 -1 -1 -1 -1 12 12 12 -1 6 6 6 -1 6 6 6 
6 6 -1 -1 -1 -1 -1 -1 12 -1 -1 -1 -1 -1 -1 6 6 6 6 6 
-1 6 14 12 -1 -1 -1 -1 -1 -1 -1 -1 -1 -1 -1 -1 6 6 6 6 
6 6 -1 14 12 -1 -1 -1 -1 -1 -1 -1 -1 -1 -1 6 6 6 6 6 
-1 -1 12 -1 -1 -1 -1 -1 -1 -1 -1 -1 -1 -1 4 4 6 6 6 6 
6 -1 -1 12 -1 -1 -1 -1 -1 -1 -1 -1 -1 4 4 6 4 6 6 6 
6 -1 -1 -1 -1 -1 -1 -1 -1 -1 -1 -1 4 4 4 4 -1 4 32 6 
6 -1 -1 -1 -1 -1 -1 -1 -1 -1 -1 -1 -1 32 4 4 4 4 4 32 
-1 -1 -1 -1 -1 6 -1 4 -1 6 -1 -1 -1 -1 -1 -1 -1 -1 -1 -1 
-1 -1 -1 -1 -1 -1 6 -1 6 -1 -1 -1 -1 -1 -1 -1 -1 -1 -1 -1 
-1 -1 -1 -1 -1 -1 6 6 6 -1 -1 -1 -1 -1 -1 -1 -1 -1 -1 -1 
-1 -1 -1 -1 -1 6 -1 6 6 -1 -1 -1 -1 -1 -1 -1 -1 -1 -1 -1 
-1 -1 -1 -1 -1 -1 -1 1 6 -1 -1 -1 -1 -1 -1 -1 -1 -1 -1 -1 
-1 -1 -1 -1 -1 -1 1 9 9 -1 9 -1 -1 -1 -1 -1 -1 -1 -1 1 
-1 -1 -1 -1 -1 -1 -1 -1 9 9 -1 9 -1 -1 -1 -1 1 11 11 1 
1 -1 -1 -1 -1 -1 -1 12 9 12 1 -1 1 1 9 9 11 1 11 1 
11 11 -1 9 9 -1 12 9 12 9 -1 1 -1 1 1 1 -1 11 11 11 
11 11 11 1 9 9 9 9 9 9 9 -1 9 9 9 9 11 11 11 -1 
11 -1 9 9 9 9 9 1 9 9 9 9 9 9 9 9 11 11 11 -1 
-1 -1 -1 9 9 1 9 9 9 9 9 9 9 9 9 9 9 -1 -1 -1 
-1 -1 9 -1 -1 9 -1 4 9 9 -1 9 9 9 -1 9 9 -1 -1 -1 
-1 -1 9 -1 -1 -1 4 4 9 9 9 9 14 9 9 9 9 -1 -1 -1 
-1 6 32 32 4 4 9 9 4 9 9 9 -1 12 12 9 9 9 -1 -1 
4 4 6 4 4 4 6 9 9 9 9 -1 -1 14 -1 -1 9 -1 -1 4 
-1 4 4 6 6 4 4 4 4 1 9 -1 -1 14 -1 -1 -1 -1 -1 -1 
-1 -1 4 4 4 6 1 4 4 9 -1 -1 -1 -1 -1 -1 -1 -1 -1 -1 
-1 4 -1 4 -1 4 6 1 4 1 1 9 -1 -1 -1 -1 -1 -1 -1 -1 
-1 4 4 -1 4 -1 4 4 -1 -1 9 -1 -1 -1 -1 -1 -1 -1 -1 -1 
-1 9 -1 12 12 12 12 -1 -1 -1 -1 -1 -1 -1 -1 -1 12 9 12 -1 
12 9 9 12 -1 12 12 -1 -1 -1 -1 -1 -1 -1 -1 9 9 -1 -1 -1 
9 9 -1 9 -1 -1 12 -1 12 -1 -1 -1 8 -1 9 9 2 9 -1 -1 
9 9 9 -1 9 -1 -1 -1 -1 12 -1 8 8 12 12 -1 9 2 9 -1 
9 9 9 9 -1 -1 -1 12 12 12 -1 8 8 -1 9 9 4 -1 -1 9 
9 9 9 -1 -1 -1 -1 4 12 12 -1 8 -1 9 9 4 12 -1 9 9 
-1 9 9 -1 9 9 4 3 3 12 8 -1 -1 -1 -1 12 12 -1 9 9 
9 9 -1 9 4 4 4 4 12 12 12 8 -1 -1 12 -1 4 9 -1 9 
-1 -1 9 9 4 4 4 4 12 12 -1 -1 -1 -1 12 -1 12 12 12 -1 
-1 -1 -1 -1 -1 -1 -1 12 12 -1 -1 -1 -1 12 -1 -1 -1 12 12 -1 
-1 9 -1 -1 -1 -1 12 12 -1 -1 -1 -1 -1 -1 -1 -1 -1 -1 12 -1 
-1 -1 -1 -1 -1 -1 -1 12 -1 -1 -1 -1 -1 -1 -1 -1 -1 12 12 -1 
-1 -1 -1 -1 -1 -1 -1 -1 -1 -1 -1 -1 -1 12 -1 -1 34 -1 12 -1 
-1 -1 -1 -1 -1 -1 -1 -1 -1 -1 -1 -1 12 12 -1 -1 34 -1 -1 -1 
-1 -1 -1 -1 -1 -1 -1 -1 -1 -1 -1 -1 34 12 12 -1 34 -1 -1 -1 
-1 -1 -1 -1 -1 -1 -1 -1 -1 -1 -1 -1 12 34 1 34 -1 34 -1 -1 
-1 -1 -1 -1 -1 -1 -1 -1 -1 -1 -1 -1 -1 34 34 34 -1 -1 -1 -1 
11 11 -1 -1 12 -1 -1 -1 -1 -1 -1 -1 -1 -1 -1 4 -1 -1 -1 -1 
-1 -1 -1 12 12 12 -1 -1 -1 -1 -1 -1 -1 -1 -1 -1 9 -1 -1 -1 
-1 -1 -1 1 12 12 12 -1 -1 -1 -1 -1 -1 -1 -1 -1 -1 9 9 12 
-1 -1 -1 -1 1 1 12 12 -1 12 11 3 1 1 1 -1 1 -1 12 -1 
-1 -1 -1 -1 -1 12 -1 -1 12 11 9 12 -1 1 1 1 -1 1 12 12 
-1 -1 -1 -1 12 12 -1 -1 12 9 9 -1 -1 1 1 1 1 1 1 -1 
12 -1 -1 -1 -1 -1 12 -1 -1 -1 9 9 -1 1 1 1 -1 1 -1 -1 
-1 -1 -1 -1 -1 -1 12 12 -1 12 8 9 9 -1 1 1 1 -1 1 -1 
1 -1 -1 -1 -1 -1 -1 -1 12 9 -1 8 -1 -1 -1 -1 -1 -1 -1 1 
-1 -1 -1 -1 -1 12 12 12 -1 9 1 -1 1 1 -1 -1 -1 -1 -1 1 
-1 -1 -1 -1 -1 -1 -1 -1 9 -1 -1 1 1 -1 1 -1 -1 -1 -1 -1 
-1 -1 -1 -1 -1 -1 -1 -1 -1 -1 -1 -1 1 -1 1 -1 -1 -1 -1 -1 
-1 -1 -1 -1 -1 -1 -1 -1 -1 -1 -1 -1 -1 -1 -1 -1 -1 -1 -1 -1 
-1 -1 -1 -1 -1 -1 -1 -1 -1 -1 -1 -1 -1 -1 1 -1 1 -1 -1 -1 
-1 -1 -1 -1 -1 -1 -1 -1 -1 -1 1 1 -1 1 1 1 -1 -1 -1 -1 
-1 -1 -1 -1 -1 -1 -1 -1 -1 -1 1 1 1 1 1 1 -1 12 -1 -1 
-1 -1 -1 -1 -1 -1 -1 -1 -1 -1 1 1 1 1 1 1 1 1 -1 -1 
-1 -1 -1 -1 -1 -1 -1 -1 -1 -1 -1 1 1 -1 1 1 1 -1 -1 -1 
-1 -1 -1 -1 -1 -1 -1 -1 -1 -1 -1 1 -1 -1 -1 -1 -1 -1 -1 -1 
-1 -1 -1 -1 -1 -1 -1 -1 -1 -1 -1 -1 -1 -1 -1 -1 -1 -1 -1 -1 
-1 -1 1 -1 -1 -1 -1 -1 -1 -1 -1 -1 12 12 -1 -1 -1 -1 -1 -1 
-1 -1 -1 1 1 1 -1 -1 -1 -1 12 12 3 1 -1 -1 -1 -1 -1 -1 
-1 -1 -1 1 1 12 -1 -1 -1 -1 12 11 3 1 1 1 -1 -1 -1 12 
12 12 -1 -1 -1 -1 -1 -1 -1 12 -1 -1 -1 -1 -1 -1 -1 -1 12 12 
12 12 -1 -1 -1 -1 -1 -1 12 1 -1 -1 -1 -1 -1 -1 12 -1 12 -1 
-1 12 -1 -1 -1 -1 -1 -1 12 -1 1 -1 1 -1 -1 -1 -1 12 -1 -1 
-1 12 12 -1 -1 -1 -1 1 12 1 -1 1 1 2 2 -1 -1 -1 -1 -1 
12 -1 -1 -1 -1 -1 -1 -1 1 1 1 1 12 12 12 -1 -1 -1 -1 -1 
-1 -1 -1 -1 -1 -1 -1 1 1 -1 -1 1 12 -1 -1 -1 -1 -1 -1 -1 
1 -1 2 2 -1 -1 -1 -1 -1 12 12 12 1 1 12 1 -1 -1 -1 1 
-1 -1 -1 2 2 2 2 -1 -1 12 -1 -1 -1 12 12 1 1 -1 1 -1 
-1 -1 2 -1 2 2 -1 2 -1 12 -1 -1 -1 -1 12 1 1 1 -1 -1 
-1 1 -1 -1 2 -1 2 -1 -1 -1 -1 12 -1 -1 1 1 -1 1 -1 -1 
-1 -1 -1 -1 -1 -1 -1 -1 -1 -1 -1 12 12 -1 1 -1 1 -1 -1 -1 
-1 -1 -1 -1 -1 -1 -1 -1 12 -1 12 -1 -1 -1 -1 -1 -1 -1 -1 -1 
-1 -1 -1 -1 -1 -1 -1 12 12 12 12 12 3 -1 -1 -1 -1 -1 -1 -1 
-1 -1 -1 -1 -1 -1 -1 -1 -1 12 -1 12 12 -1 -1 -1 -1 -1 -1 -1 
12 -1 -1 -1 -1 -1 -1 -1 12 -1 -1 12 12 -1 -1 -1 -1 -1 -1 -1 
2 2 2 -1 2 -1 -1 -1 12 -1 -1 -1 -1 -1 -1 -1 -1 -1 12 12 
12 2 -1 2 2 -1 -1 -1 -1 -1 -1 -1 -1 -1 -1 -1 -1 -1 12 12 
-1 12 -1 -1 -1 2 -1 -1 -1 -1 -1 -1 -1 -1 -1 -1 -1 -1 -1 12 
12 -1 -1 -1 -1 -1 -1 -1 -1 -1 -1 -1 -1 -1 -1 -1 -1 -1 12 12 
12 12 -1 -1 -1 -1 -1 -1 -1 -1 -1 -1 -1 -1 -1 -1 -1 12 -1 12 
-1 -1 -1 -1 -1 -1 -1 -1 1 -1 -1 -1 -1 -1 -1 2 -1 -1 -1 -1 
-1 -1 -1 -1 1 -1 -1 -1 1 1 1 -1 8 12 2 2 -1 -1 -1 -1 
-1 -1 -1 1 -1 -1 -1 -1 -1 -1 1 12 8 1 2 2 -1 -1 2 -1 
1 -1 1 1 1 -1 -1 -1 -1 -1 -1 12 1 -1 -1 -1 -1 2 -1 2 
-1 1 1 -1 1 1 1 -1 -1 -1 1 1 1 12 -1 -1 -1 -1 2 -1 
-1 1 1 1 1 1 1 -1 -1 -1 -1 -1 -1 -1 -1 -1 2 2 -1 2 
2 -1 1 1 1 1 -1 -1 -1 -1 -1 -1 -1 -1 -1 -1 -1 1 -1 -1 
-1 -1 1 1 1 1 -1 -1 -1 -1 -1 -1 -1 -1 -1 -1 -1 1 1 2 
-1 -1 -1 1 -1 -1 -1 -1 -1 -1 2 1 -1 -1 -1 -1 1 1 -1 -1 
-1 2 -1 -1 -1 -1 -1 -1 -1 2 1 -1 -1 -1 -1 -1 -1 -1 -1 -1 
-1 -1 2 2 -1 -1 -1 -1 -1 1 1 1 -1 -1 -1 -1 -1 -1 -1 -1 
2 -1 2 -1 -1 -1 -1 -1 -1 -1 1 1 -1 -1 12 -1 -1 -1 -1 -1 
-1 2 2 2 -1 -1 -1 -1 -1 1 1 -1 -1 12 -1 -1 -1 1 1 -1 
-1 2 2 -1 2 -1 -1 -1 -1 1 12 12 12 12 12 12 2 1 1 1 
-1 -1 -1 2 -1 -1 -1 -1 -1 -1 -1 12 12 12 -1 1 2 2 1 -1 
1 -1 -1 2 -1 -1 -1 -1 12 12 12 -1 12 12 1 12 12 -1 2 1 
1 1 -1 -1 2 2 -1 -1 12 -1 12 12 12 12 12 12 -1 -1 -1 1 
-1 -1 -1 -1 2 2 -1 -1 -1 -1 12 12 12 2 -1 -1 -1 -1 -1 -1 
-1 -1 -1 -1 -1 2 -1 -1 -1 -1 -1 12 2 2 2 -1 -1 -1 -1 -1 
-1 -1 -1 -1 -1 -1 -1 -1 -1 -1 -1 12 -1 -1 2 2 -1 2 -1 -1 
2 -1 -1 1 -1 -1 -1 -1 -1 -1 -1 -1 -1 -1 -1 -1 2 2 1 1 
1 -1 1 1 1 -1 1 -1 -1 -1 -1 -1 -1 -1 -1 -1 -1 -1 1 2 
-1 1 1 1 -1 -1 1 1 -1 -1 1 1 -1 -1 1 -1 2 -1 2 -1 
-1 -1 1 -1 -1 -1 1 1 -1 1 1 1 -1 -1 1 1 2 -1 1 -1 
-1 -1 -1 -1 -1 -1 1 -1 -1 1 -1 1 -1 1 2 1 -1 2 2 -1 
-1 -1 -1 -1 -1 -1 -1 -1 -1 1 -1 -1 1 1 2 1 1 -1 -1 -1 
-1 -1 -1 -1 -1 -1 -1 -1 -1 -1 -1 -1 1 -1 2 2 1 -1 1 -1 
-1 -1 -1 1 -1 -1 -1 -1 -1 -1 -1 -1 -1 2 2 2 -1 2 1 2 
-1 -1 -1 -1 -1 -1 -1 -1 -1 -1 -1 -1 -1 2 -1 2 2 1 2 2 
-1 -1 -1 -1 -1 -1 -1 -1 -1 -1 -1 2 2 2 2 2 2 -1 2 -1 
1 -1 -1 1 -1 -1 -1 -1 -1 -1 2 -1 2 2 -1 2 -1 -1 -1 -1 
-1 1 1 1 1 -1 -1 -1 -1 -1 2 2 -1 -1 2 2 2 -1 -1 -1 
-1 -1 1 1 -1 1 1 -1 1 1 1 -1 2 -1 -1 2 -1 2 -1 -1 
-1 1 -1 1 1 -1 -1 1 -1 1 1 2 -1 -1 -1 -1 2 -1 2 -1 
-1 -1 -1 1 -1 1 1 -1 -1 2 -1 -1 -1 -1 -1 -1 2 2 2 -1 
1 1 1 -1 1 -1 1 1 2 2 2 -1 -1 -1 -1 -1 -1 2 2 -1 
1 8 8 -1 -1 -1 1 1 1 -1 -1 -1 -1 1 1 1 1 2 -1 1 
-1 -1 8 1 -1 1 1 -1 -1 1 -1 -1 -1 1 1 1 2 -1 -1 -1 
1 1 -1 -1 -1 1 1 -1 1 1 1 -1 1 -1 1 1 -1 -1 2 -1 
1 1 1 -1 -1 -1 -1 -1 -1 1 -1 -1 -1 1 -1 1 -1 -1 1 1 
-1 1 1 -1 -1 -1 -1 -1 -1 -1 -1 2 -1 -1 -1 -1 -1 -1 -1 -1 
-1 1 -1 3 9 2 -1 -1 2 -1 2 -1 -1 -1 -1 -1 -1 -1 -1 -1 
-1 -1 -1 -1 3 -1 -1 2 -1 -1 -1 2 2 -1 -1 1 -1 1 -1 -1 
-1 -1 -1 -1 -1 -1 -1 -1 -1 -1 -1 -1 2 2 1 1 1 -1 -1 -1 
-1 -1 -1 -1 -1 -1 -1 -1 -1 -1 -1 -1 -1 -1 -1 1 -1 -1 -1 -1 
-1 -1 -1 1 1 -1 -1 -1 -1 2 -1 -1 -1 1 1 1 1 -1 -1 -1 
-1 9 -1 1 1 1 -1 -1 -1 1 -1 1 1 -1 1 1 1 1 -1 -1 
-1 1 1 9 -1 -1 -1 -1 1 -1 1 1 -1 -1 1 1 1 1 -1 -1 
-1 -1 -1 1 -1 9 -1 1 1 1 1 1 1 1 1 1 1 -1 1 -1 
-1 -1 -1 -1 -1 1 1 -1 -1 -1 1 -1 -1 -1 1 1 2 -1 1 1 
-1 -1 -1 -1 1 1 -1 -1 -1 -1 -1 -1 -1 1 -1 2 2 -1 -1 -1 
-1 -1 -1 -1 -1 -1 -1 -1 -1 -1 -1 -1 -1 -1 2 2 -1 -1 -1 -1 
-1 -1 -1 -1 -1 -1 -1 -1 -1 -1 -1 -1 -1 -1 -1 2 2 -1 -1 -1 
-1 -1 -1 -1 -1 -1 -1 -1 -1 -1 -1 -1 -1 -1 -1 -1 -1 -1 -1 -1 
2 2 -1 -1 -1 -1 -1 -1 -1 -1 -1 -1 -1 -1 -1 -1 -1 -1 -1 2 
-1 2 -1 -1 -1 -1 -1 -1 -1 -1 -1 2 -1 -1 -1 -1 -1 -1 -1 -1 
-1 -1 1 2 -1 -1 -1 -1 -1 -1 3 2 -1 -1 -1 -1 -1 -1 -1 -1 
-1 1 1 1 2 1 1 -1 -1 -1 -1 2 -1 -1 2 -1 -1 -1 3 3 
-1 1 1 1 -1 1 1 -1 -1 -1 2 -1 3 -1 2 2 2 -1 3 -1 
-1 1 -1 1 1 -1 -1 -1 -1 -1 -1 -1 -1 3 2 2 -1 2 -1 -1 
1 -1 -1 -1 -1 -1 -1 -1 -1 -1 -1 -1 -1 -1 -1 -1 -1 1 1 1 
1 1 -1 -1 -1 -1 -1 -1 -1 -1 -1 2 -1 3 -1 -1 2 -1 -1 1 
1 -1 1 -1 -1 -1 -1 -1 -1 3 -1 2 3 3 3 -1 2 -1 -1 1 
1 -1 -1 1 -1 -1 -1 -1 -1 -1 3 -1 2 3 3 -1 3 -1 -1 1 
1 -1 -1 -1 -1 -1 -1 -1 -1 1 -1 -1 2 3 2 3 -1 -1 -1 -1 
1 1 -1 -1 -1 -1 -1 -1 -1 -1 1 -1 -1 3 3 3 -1 -1 -1 -1 
1 1 -1 -1 -1 -1 -1 -1 -1 1 -1 -1 -1 -1 3 3 -1 -1 -1 -1 
1 1 1 -1 -1 -1 -1 -1 -1 -1 -1 -1 -1 -1 -1 3 3 -1 -1 -1 
-1 -1 -1 -1 -1 -1 -1 -1 -1 -1 -1 -1 -1 -1 -1 -1 -1 -1 -1 1 
-1 -1 -1 -1 -1 -1 -1 -1 -1 -1 -1 -1 -1 -1 -1 -1 -1 -1 -1 -1 
-1 -1 -1 -1 -1 -1 -1 -1 -1 -1 -1 -1 -1 -1 -1 -1 -1 -1 -1 -1 
-1 -1 -1 -1 -1 -1 -1 3 -1 -1 -1 -1 -1 -1 -1 -1 -1 2 -1 -1 
-1 -1 -1 -1 -1 -1 3 -1 -1 -1 -1 -1 -1 -1 -1 -1 -1 2 -1 -1 
-1 -1 -1 -1 -1 -1 -1 2 3 -1 -1 3 -1 -1 -1 -1 -1 -1 -1 -1 
-1 -1 -1 -1 -1 -1 -1 -1 3 -1 3 -1 -1 -1 -1 -1 -1 -1 -1 -1 
-1 -1 -1 -1 -1 -1 -1 -1 -1 2 3 -1 -1 -1 -1 -1 -1 -1 -1 -1 
-1 -1 -1 -1 -1 -1 -1 -1 2 3 -1 -1 2 -1 -1 2 2 -1 -1 -1 
1 -1 -1 -1 -1 -1 -1 -1 -1 3 3 2 -1 2 2 -1 -1 2 -1 1 
1 -1 -1 -1 -1 -1 -1 -1 3 -1 3 -1 2 -1 -1 -1 -1 -1 1 -1 
-1 -1 -1 -1 -1 -1 -1 -1 -1 -1 3 -1 -1 -1 -1 -1 -1 -1 -1 1 
-1 4 5 4 4 -1 -1 -1 -1 -1 1 1 1 -1 -1 2 3 -1 2 -1 
5 5 5 4 -1 4 -1 -1 -1 -1 1 -1 1 -1 2 3 -1 2 -1 4 
4 5 -1 -1 -1 -1 -1 -1 -1 -1 1 1 -1 -1 3 3 -1 -1 1 -1 
5 5 -1 -1 -1 -1 -1 -1 -1 -1 -1 1 -1 -1 -1 -1 3 3 1 1 
-1 -1 -1 -1 -1 1 -1 -1 -1 -1 -1 1 -1 -1 -1 -1 -1 -1 -1 -1 
1 -1 1 -1 -1 -1 -1 -1 -1 -1 -1 -1 -1 -1 -1 -1 -1 -1 -1 -1 
1 1 1 -1 -1 -1 -1 -1 -1 -1 -1 -1 -1 -1 -1 -1 -1 -1 -1 -1 
4 4 1 1 -1 -1 -1 -1 -1 -1 -1 -1 -1 -1 -1 -1 -1 4 4 4 
1 1 4 1 -1 -1 -1 -1 -1 -1 -1 -1 -1 -1 -1 -1 -1 4 4 4 
4 -1 -1 -1 -1 -1 -1 -1 -1 -1 -1 -1 -1 4 4 -1 -1 -1 -1 -1 
-1 -1 1 -1 -1 -1 -1 1 1 -1 -1 4 4 4 -1 -1 -1 -1 -1 -1 
-1 1 -1 -1 -1 -1 1 1 1 4 4 -1 4 -1 -1 -1 -1 -1 -1 3 
2 -1 1 -1 1 1 1 -1 -1 -1 4 4 1 1 1 -1 -1 -1 3 3 
2 2 -1 1 1 -1 -1 -1 -1 -1 -1 -1 1 1 1 1 -1 -1 3 3 
2 2 1 -1 1 1 1 -1 -1 -1 -1 1 -1 1 1 1 -1 -1 -1 -1 
-1 2 -1 -1 -1 1 -1 -1 -1 -1 -1 -1 -1 -1 1 1 1 -1 -1 -1 
-1 -1 -1 -1 -1 -1 1 -1 -1 -1 -1 -1 -1 -1 1 1 1 -1 1 -1 
-1 -1 -1 -1 -1 -1 -1 -1 -1 -1 -1 1 1 -1 1 1 -1 1 -1 -1 
-1 -1 5 -1 -1 -1 -1 -1 -1 -1 -1 1 1 -1 1 1 -1 -1 -1 -1 
4 5 5 -1 -1 -1 -1 -1 -1 -1 1 1 1 -1 -1 3 -1 -1 -1 -1 
1 1 1 -1 -1 -1 -1 -1 1 -1 1 1 1 1 1 -1 5 1 5 1 
1 1 1 1 1 -1 -1 1 1 1 1 -1 1 1 -1 -1 5 5 1 1 
1 -1 -1 1 1 1 4 1 1 -1 1 1 1 -1 -1 5 5 5 4 -1 
-1 1 1 1 -1 1 2 1 1 -1 -1 1 1 1 1 5 5 5 1 -1 
1 1 1 1 2 2 1 1 1 -1 1 1 1 4 1 1 5 5 5 1 
1 1 -1 -1 2 2 2 -1 -1 1 1 -1 -1 4 1 5 1 1 1 1 
-1 -1 -1 -1 -1 1 -1 -1 -1 -1 -1 -1 -1 1 4 -1 1 1 1 1 
1 -1 -1 -1 1 1 1 -1 -1 1 -1 -1 -1 -1 4 4 1 1 1 1 
-1 1 -1 -1 -1 -1 -1 -1 -1 1 1 -1 -1 1 -1 -1 4 1 1 1 
-1 -1 -1 -1 -1 1 -1 1 1 1 1 1 1 1 -1 -1 -1 -1 1 -1 
-1 -1 -1 -1 -1 1 1 1 1 1 1 -1 -1 -1 -1 -1 -1 -1 -1 -1 
4 -1 -1 -1 1 1 1 1 1 1 1 1 1 1 -1 -1 -1 -1 -1 -1 
-1 -1 -1 -1 -1 -1 -1 1 1 1 1 1 1 1 -1 -1 -1 -1 4 4 
-1 -1 -1 -1 -1 -1 -1 -1 1 -1 1 4 -1 1 -1 -1 -1 -1 -1 -1 
-1 1 1 1 -1 -1 -1 -1 -1 -1 4 1 -1 1 4 4 -1 -1 -1 -1 
-1 -1 1 1 1 -1 -1 -1 -1 -1 4 -1 1 -1 -1 4 -1 -1 -1 -1 
-1 1 1 -1 1 4 4 -1 4 -1 4 4 1 -1 4 -1 -1 -1 1 1 
-1 -1 1 1 -1 4 -1 4 1 1 -1 4 1 1 -1 -1 -1 -1 1 1 
-1 1 -1 1 -1 4 4 -1 -1 1 1 1 4 1 1 33 33 -1 33 1 
-1 1 1 1 1 -1 -1 -1 -1 1 1 1 1 1 1 -1 5 33 1 -1 
-1 -1 -1 4 4 4 -1 4 4 1 1 1 1 1 1 1 1 4 -1 -1 
-1 -1 4 4 4 4 4 4 1 4 1 1 1 1 1 1 1 1 1 -1 
1 -1 4 -1 -1 -1 -1 1 -1 4 -1 4 1 4 1 1 1 4 1 -1 
1 1 4 4 4 4 -1 1 -1 4 4 4 4 4 1 1 1 1 4 4 
1 4 4 4 4 -1 4 4 4 4 -1 -1 4 1 1 1 1 1 1 1 
1 1 4 4 4 -1 4 4 4 4 4 4 1 1 1 1 1 1 1 1 
5 5 4 4 4 4 -1 -1 -1 4 -1 4 -1 1 -1 -1 1 1 1 5 
5 1 -1 -1 4 4 -1 -1 4 4 4 4 -1 -1 1 -1 1 1 1 1 
1 1 -1 5 5 5 4 -1 4 -1 -1 4 -1 -1 -1 -1 1 1 1 5 
-1 3 5 5 5 4 4 4 4 4 -1 -1 4 -1 -1 -1 33 1 -1 1 
3 5 5 5 4 4 4 4 4 -1 -1 4 -1 -1 -1 -1 -1 33 -1 5 
3 3 -1 5 5 4 4 4 -1 4 4 -1 -1 -1 -1 -1 -1 -1 5 5 
3 1 5 5 4 4 4 4 -1 4 1 -1 -1 -1 -1 5 -1 -1 5 3 
1 5 1 5 5 4 4 1 4 1 1 1 -1 -1 5 -1 -1 -1 -1 4 
5 1 5 2 -1 4 4 4 -1 1 1 -1 -1 5 5 -1 -1 -1 4 -1 
4 1 1 2 -1 1 1 1 1 1 1 -1 -1 5 -1 -1 -1 -1 4 4 
4 -1 1 -1 -1 1 1 1 4 1 -1 1 -1 1 1 -1 -1 -1 4 4 
-1 -1 -1 -1 -1 1 1 1 1 1 1 1 1 1 1 1 -1 1 -1 -1 
-1 -1 -1 -1 -1 4 1 -1 1 1 1 1 1 1 1 1 1 1 1 -1 
-1 -1 -1 4 4 -1 1 1 1 1 1 1 1 1 1 1 1 1 4 -1 
2 4 4 -1 4 -1 -1 -1 3 -1 -1 -1 3 3 3 -1 4 -1 -1 5 
2 5 5 -1 -1 4 4 -1 -1 3 -1 2 3 3 -1 -1 2 2 2 2 
5 -1 5 5 -1 -1 4 4 -1 3 1 2 -1 -1 -1 -1 2 -1 2 2 
5 -1 -1 -1 -1 1 4 2 2 -1 -1 1 2 -1 1 1 1 1 -1 4 
-1 -1 -1 -1 -1 1 -1 -1 -1 -1 -1 2 2 1 -1 1 1 4 4 1 
-1 -1 -1 1 -1 1 1 -1 -1 -1 1 1 2 2 4 4 4 4 1 -1 
4 4 4 4 1 4 4 1 -1 1 1 3 3 3 -1 4 4 4 4 -1 
4 4 4 4 4 4 -1 -1 1 1 3 1 -1 -1 -1 1 1 4 -1 4 
-1 4 4 1 4 4 -1 -1 4 4 -1 -1 3 4 1 1 4 4 4 4 
4 4 1 4 4 -1 -1 4 4 1 -1 3 4 4 4 4 4 4 4 -1 
4 4 1 4 4 4 4 4 1 1 1 1 4 4 4 4 4 4 -1 -1 
3 1 4 4 4 4 4 1 4 1 1 1 -1 4 -1 4 4 4 -1 1 
1 1 4 -1 4 4 4 4 1 1 -1 -1 -1 -1 -1 -1 -1 4 4 1 
1 1 1 4 4 4 4 4 1 1 1 1 -1 4 4 -1 4 -1 -1 4 
1 1 1 -1 4 4 -1 4 1 1 1 1 -1 -1 4 -1 -1 4 4 4 
1 1 -1 -1 -1 -1 4 1 -1 1 -1 -1 -1 4 4 4 -1 -1 4 4 
1 -1 -1 -1 -1 4 4 -1 -1 -1 -1 1 -1 -1 1 -1 -1 -1 -1 -1 
-1 -1 -1 -1 -1 -1 -1 -1 -1 -1 1 1 -1 1 1 -1 4 -1 -1 -1 
-1 -1 -1 5 4 -1 -1 -1 -1 -1 1 1 1 -1 1 -1 4 4 -1 -1 
4 5 -1 5 5 -1 -1 -1 -1 1 -1 -1 3 3 -1 4 4 1 -1 -1 
-1 -1 1 1 -1 1 -1 -1 3 3 3 3 -1 3 -1 -1 -1 -1 -1 -1 
-1 -1 1 1 -1 1 1 -1 3 3 3 3 3 3 1 1 -1 -1 -1 -1 
-1 -1 1 -1 1 1 1 3 2 2 3 1 1 1 1 1 1 1 4 -1 
-1 1 1 1 1 1 1 -1 2 -1 3 -1 1 1 1 1 1 1 4 1 
1 4 1 1 1 1 1 -1 1 -1 -1 1 -1 1 -1 1 1 1 1 1 
1 1 1 1 1 1 -1 1 -1 -1 -1 -1 -1 -1 -1 -1 -1 1 1 1 
1 -1 1 1 1 1 1 -1 -1 -1 -1 -1 -1 -1 -1 -1 -1 -1 -1 1 
-1 -1 1 1 1 1 -1 -1 -1 -1 -1 -1 -1 -1 -1 -1 4 -1 4 -1 
1 -1 1 1 -1 1 -1 -1 -1 -1 -1 -1 4 4 -1 4 4 4 -1 -1 
1 -1 1 -1 -1 1 1 -1 -1 -1 -1 -1 -1 -1 -1 -1 -1 -1 -1 1 
-1 1 1 1 1 1 -1 -1 -1 -1 -1 -1 -1 -1 -1 -1 -1 -1 1 1 
1 1 1 -1 1 1 1 -1 -1 -1 4 -1 -1 -1 -1 -1 -1 -1 -1 1 
-1 1 1 1 -1 1 -1 3 3 -1 4 4 4 -1 -1 -1 4 4 4 1 
1 1 1 1 -1 -1 3 2 -1 -1 4 4 -1 4 -1 -1 -1 -1 -1 -1 
-1 -1 4 5 -1 -1 8 2 3 4 4 4 4 -1 -1 -1 -1 -1 -1 -1 
-1 -1 4 -1 4 8 8 4 4 4 4 1 -1 -1 -1 -1 -1 -1 -1 -1 
-1 -1 -1 4 -1 8 -1 4 4 4 -1 1 1 -1 -1 -1 3 -1 3 -1 
-1 -1 -1 -1 4 -1 -1 -1 -1 -1 -1 -1 -1 -1 -1 3 3 3 -1 -1 
-1 -1 -1 -1 -1 -1 -1 -1 -1 3 3 3 3 3 -1 3 3 -1 -1 -1 
-1 -1 1 1 -1 -1 -1 -1 3 -1 3 3 -1 -1 -1 -1 3 -1 -1 -1 
-1 8 8 8 8 8 -1 8 -1 -1 -1 -1 -1 -1 -1 -1 -1 -1 -1 -1 
-1 8 8 8 8 8 8 1 1 1 -1 -1 -1 -1 -1 -1 -1 -1 -1 -1 
-1 -1 -1 8 8 8 1 1 1 1 -1 -1 -1 -1 1 -1 -1 1 8 8 
8 8 8 1 1 1 -1 1 1 -1 1 -1 -1 1 -1 1 -1 1 1 8 
-1 8 8 8 1 1 1 1 -1 1 1 1 1 -1 -1 -1 1 1 1 -1 
-1 -1 8 -1 1 -1 1 1 1 1 1 1 1 1 -1 -1 -1 1 -1 -1 
-1 -1 1 1 -1 1 1 1 1 -1 1 1 1 1 -1 2 -1 1 -1 -1 
2 -1 -1 1 1 1 1 1 -1 1 1 1 1 1 -1 -1 1 -1 1 2 
2 2 -1 1 1 1 1 1 1 1 1 -1 -1 -1 1 -1 -1 1 2 -1 
-1 -1 1 -1 1 1 1 1 -1 1 1 1 1 -1 -1 -1 -1 -1 -1 1 
1 -1 -1 -1 1 -1 -1 2 1 -1 1 1 1 -1 -1 -1 -1 -1 -1 -1 
1 1 1 1 -1 -1 2 -1 2 -1 1 -1 3 -1 -1 1 -1 -1 -1 1 
1 1 1 1 1 -1 -1 2 2 2 4 2 2 1 1 -1 1 1 1 -1 
-1 1 -1 1 1 1 -1 -1 2 -1 4 -1 -1 -1 -1 4 1 1 1 1 
1 1 1 1 -1 -1 -1 -1 -1 2 -1 -1 4 4 4 4 4 1 1 1 
1 -1 -1 2 2 2 -1 -1 -1 2 -1 -1 -1 -1 4 1 1 1 1 -1 
-1 -1 -1 -1 -1 2 2 -1 -1 -1 -1 -1 -1 -1 -1 -1 -1 1 1 -1 
-1 -1 1 1 1 2 2 -1 -1 -1 -1 -1 -1 -1 -1 2 2 -1 -1 -1 
-1 -1 -1 8 8 8 8 -1 -1 -1 -1 -1 -1 -1 -1 -1 2 -1 -1 -1 
-1 -1 -1 8 8 8 -1 8 -1 -1 -1 -1 -1 -1 -1 -1 -1 -1 -1 -1 
-1 -1 -1 -1 -1 -1 -1 1 -1 1 -1 1 1 1 1 32 32 -1 -1 -1 
-1 -1 -1 -1 -1 -1 -1 -1 1 1 1 1 1 1 -1 32 32 -1 -1 -1 
-1 -1 -1 -1 -1 -1 -1 -1 1 1 1 -1 -1 -1 -1 -1 1 -1 -1 -1 
-1 -1 -1 -1 -1 -1 -1 -1 1 -1 -1 -1 -1 -1 -1 1 -1 1 1 -1 
-1 -1 -1 -1 -1 -1 -1 1 -1 -1 -1 -1 1 -1 -1 -1 1 1 -1 -1 
-1 -1 -1 -1 -1 1 1 1 1 1 1 1 1 -1 -1 -1 -1 1 1 -1 
-1 -1 -1 1 1 -1 1 1 1 1 1 1 1 -1 4 1 -1 -1 -1 -1 
-1 -1 -1 -1 1 1 -1 1 1 1 -1 1 1 1 -1 1 -1 -1 -1 4 
4 -1 -1 -1 -1 1 1 1 1 1 1 1 -1 1 -1 -1 -1 -1 -1 -1 
4 -1 -1 -1 -1 1 1 1 1 1 1 1 4 4 -1 -1 -1 -1 -1 -1 
4 -1 -1 -1 -1 1 1 1 1 1 -1 1 1 -1 -1 -1 -1 -1 -1 -1 
-1 -1 -1 -1 -1 1 1 -1 1 1 1 1 1 -1 -1 -1 -1 -1 -1 -1 
-1 -1 -1 -1 1 1 1 1 1 1 1 1 -1 1 1 -1 -1 -1 4 4 
4 -1 -1 -1 -1 -1 1 1 1 1 1 -1 -1 1 1 4 4 4 -1 -1 
-1 -1 -1 -1 -1 -1 1 -1 2 1 -1 -1 1 1 1 -1 1 4 1 -1 
-1 -1 -1 -1 -1 -1 -1 -1 2 -1 4 -1 4 1 1 1 4 1 1 -1 
-1 -1 -1 -1 -1 -1 -1 4 4 4 -1 4 4 -1 1 1 1 -1 1 -1 
-1 -1 -1 -1 -1 -1 -1 -1 4 -1 -1 1 1 1 1 -1 -1 -1 -1 -1 
-1 -1 -1 -1 -1 -1 -1 -1 -1 -1 1 -1 2 1 -1 -1 -1 -1 -1 -1 
-1 -1 -1 -1 -1 -1 -1 -1 -1 1 -1 2 -1 -1 -1 32 -1 -1 -1 -1 
-1 -1 8 -1 -1 -1 -1 -1 -1 -1 -1 -1 1 8 -1 -1 -1 -1 -1 -1 
1 8 -1 -1 -1 -1 -1 -1 -1 -1 -1 -1 1 -1 1 -1 -1 -1 1 -1 
1 -1 -1 -1 2 -1 -1 -1 -1 -1 -1 1 -1 -1 -1 1 -1 1 1 1 
-1 1 -1 -1 -1 -1 -1 -1 -1 -1 -1 1 1 -1 -1 -1 1 1 -1 1 
1 -1 -1 -1 -1 -1 -1 -1 -1 -1 1 1 8 1 -1 -1 -1 -1 -1 1 
-1 -1 -1 -1 -1 -1 -1 -1 -1 4 -1 1 1 -1 -1 -1 -1 -1 -1 1 
-1 -1 -1 -1 -1 -1 -1 -1 4 -1 -1 -1 1 -1 -1 -1 -1 -1 -1 -1 
-1 -1 -1 -1 -1 -1 4 4 4 -1 -1 -1 -1 -1 -1 -1 -1 -1 -1 -1 
-1 -1 -1 -1 -1 -1 4 4 4 -1 6 -1 -1 4 -1 -1 -1 -1 -1 -1 
-1 -1 -1 -1 -1 -1 -1 4 6 6 6 6 -1 -1 -1 -1 4 -1 -1 -1 
-1 -1 -1 -1 -1 -1 4 -1 -1 -1 -1 -1 -1 -1 -1 -1 -1 4 -1 4 
4 -1 -1 -1 -1 -1 -1 -1 -1 -1 -1 1 1 1 1 1 4 4 4 4 
-1 -1 -1 -1 -1 -1 -1 -1 -1 -1 -1 1 1 -1 1 -1 -1 4 -1 4 
-1 -1 -1 -1 -1 -1 -1 -1 -1 -1 -1 1 -1 -1 -1 -1 -1 -1 4 -1 
-1 -1 -1 -1 1 -1 -1 -1 -1 -1 1 -1 -1 -1 -1 -1 -1 -1 -1 4 
-1 -1 4 -1 -1 1 -1 -1 -1 -1 1 -1 -1 -1 -1 -1 -1 -1 4 4 
-1 -1 4 4 -1 -1 -1 -1 -1 -1 -1 -1 -1 -1 4 -1 -1 -1 4 4 
4 1 4 -1 -1 -1 -1 -1 -1 -1 -1 -1 -1 -1 1 4 4 4 4 -1 
-1 1 4 -1 -1 -1 1 -1 1 -1 1 -1 -1 -1 1 4 4 -1 4 4 
-1 -1 -1 -1 -1 -1 1 1 -1 1 1 -1 -1 -1 -1 -1 -1 4 -1 -1 
-1 6 6 8 -1 -1 -1 -1 -1 1 -1 -1 1 4 -1 1 1 -1 1 6 
6 -1 6 2 -1 -1 -1 -1 1 1 -1 -1 1 -1 -1 1 6 1 1 -1 
-1 8 -1 -1 2 -1 -1 -1 1 8 8 1 -1 -1 -1 -1 -1 1 8 -1 
8 8 8 -1 -1 -1 -1 1 8 1 8 8 -1 -1 -1 -1 -1 -1 -1 8 
8 -1 8 8 -1 -1 -1 1 1 -1 1 -1 -1 -1 -1 -1 -1 -1 -1 -1 
8 8 8 8 -1 8 8 -1 -1 -1 -1 -1 -1 -1 -1 2 2 -1 2 -1 
8 8 8 -1 8 8 -1 -1 -1 -1 -1 -1 -1 -1 -1 -1 2 -1 -1 -1 
8 8 4 8 8 8 -1 -1 -1 -1 -1 -1 -1 -1 -1 -1 -1 -1 -1 -1 
-1 4 4 4 8 -1 -1 -1 -1 -1 -1 -1 -1 -1 -1 -1 -1 -1 -1 -1 
-1 -1 4 4 -1 -1 -1 -1 -1 -1 -1 -1 4 -1 -1 -1 -1 -1 6 -1 
-1 -1 2 4 -1 -1 -1 -1 -1 -1 -1 -1 4 -1 -1 -1 -1 -1 2 -1 
4 2 2 2 4 -1 -1 -1 -1 -1 -1 -1 -1 -1 -1 -1 -1 -1 2 -1 
1 2 1 2 -1 6 -1 -1 -1 -1 -1 2 -1 -1 -1 -1 -1 -1 1 1 
1 1 -1 -1 6 6 -1 -1 -1 -1 -1 -1 2 -1 -1 3 6 1 2 1 
1 1 8 8 -1 -1 -1 -1 -1 -1 1 -1 -1 -1 -1 3 3 6 1 -1 
4 4 6 8 8 6 -1 -1 1 1 -1 1 -1 -1 -1 3 2 4 4 1 
4 4 2 -1 6 4 -1 -1 -1 1 1 1 1 -1 4 2 4 4 4 4 
4 6 -1 8 -1 4 -1 1 1 1 1 -1 -1 -1 -1 4 -1 2 4 -1 
6 6 6 8 8 -1 -1 1 -1 1 1 1 -1 4 4 1 4 2 -1 6 
6 6 8 8 8 -1 -1 -1 -1 1 1 -1 -1 4 -1 1 4 -1 -1 6 
