# Tue Aug 25 19:34:32 2020
#  1: Update
#  2: Unique Phenotypes (by task done)
#  3: Shannon Diversity of Phenotypes (by task done)
#  4: Unique Phenotypes (by task count)
#  5: Average Phenotype Shannon Diversity (by task count)
#  6: Average Task Diversity (number of different tasks)

0 1 0 1 0 0 
100 1 0 1 0 0 
200 1 0 1 0 0 
300 1 0 1 0 0 
400 1 0 1 0 0 
500 1 0 1 0 0 
600 1 0 1 0 0 
700 1 0 1 0 0 
800 1 0 1 0 0 
900 1 0 1 0 0 
1000 1 0 1 0 0 
1100 1 0 1 0 0 
1200 1 0 1 0 0 
1300 1 0 1 0 0 
1400 1 0 1 0 0 
1500 1 0 1 0 0 
1600 1 0 1 0 0 
1700 1 0 1 0 0 
1800 1 0 1 0 0 
1900 1 0 1 0 0 
2000 1 0 1 0 0 
2100 1 0 1 0 0 
2200 1 0 1 0 0 
2300 1 0 1 0 0 
2400 1 0 1 0 0 
2500 1 0 1 0 0 
2600 1 0 1 0 0 
2700 1 0 1 0 0 
2800 1 0 1 0 0 
2900 1 0 1 0 0 
3000 1 0 1 0 0 
3100 2 0.0824999 2 0 0.0102582 
3200 2 0.167549 2 0 0.02479 
3300 2 0.280105 2 0 0.0485266 
3400 2 0.395157 2 0 0.0780181 
3500 2 0.495324 2 0 0.108483 
3600 2 0.554352 2 0 0.128878 
3700 2 0.575513 2 0 0.136693 
3800 2 0.606353 2 0 0.148611 
3900 2 0.637446 2 0 0.161315 
4000 2 0.67148 2 0 0.176104 
4100 2 0.70858 2 0 0.193424 
4200 2 0.747613 2 0 0.213231 
4300 2 0.802565 2 0 0.244575 
4400 2 0.842324 2 0 0.2706 
4500 2 0.882625 2 0 0.301095 
4600 2 0.91541 2 0 0.330474 
4700 2 0.930984 2 0 0.346588 
4800 2 0.940251 2 0 0.357102 
4900 2 0.932227 2 0 0.347954 
5000 2 0.934376 2 0 0.350345 
5100 2 0.944924 2 0 0.362727 
5200 2 0.961403 2 0 0.38486 
5300 2 0.984193 2 0 0.426119 
5400 2 0.995266 2 0 0.459515 
5500 2 0.999746 2 0 0.490619 
5600 2 0.997354 2 0 0.530276 
5700 2 0.987764 2 0 0.565029 
5800 2 0.9681 2 0 0.604756 
5900 2 0.944439 2 0 0.637868 
6000 2 0.920498 2 0 0.664449 
6100 2 0.900645 2 0 0.683401 
6200 2 0.887103 2 0 0.69518 
6300 2 0.890704 2 0 0.692126 
6400 2 0.871928 2 0 0.707501 
6500 2 0.850583 2 0 0.723539 
6600 2 0.839555 2 0 0.731327 
6700 2 0.839366 2 0 0.731457 
6800 2 0.840612 2 0 0.730593 
6900 2 0.845142 2 0 0.72742 
7000 2 0.845253 2 0 0.727342 
7100 2 0.852243 2 0 0.72234 
7200 2 0.847172 2 0 0.725982 
7300 2 0.853494 2 0 0.721431 
7400 2 0.858848 2 0 0.71749 
7500 2 0.854143 2 0 0.720957 
7600 2 0.860656 2 0 0.716141 
7700 2 0.857584 2 0 0.718428 
7800 2 0.861458 2 0 0.715539 
7900 2 0.853608 2 0 0.721348 
8000 2 0.858642 2 0 0.717643 
8100 2 0.874477 2 0 0.705489 
8200 2 0.872089 2 0 0.707374 
8300 2 0.875688 2 0 0.704526 
8400 2 0.881308 2 0 0.699986 
8500 2 0.885964 2 0 0.696135 
8600 2 0.893123 2 0 0.690044 
8700 2 0.897881 2 0 0.685872 
8800 2 0.904193 2 0 0.680174 
8900 2 0.913879 2 0 0.671022 
9000 2 0.915994 2 0 0.668952 
9100 2 0.915551 2 0 0.669387 
9200 2 0.909115 2 0 0.675588 
9300 2 0.90515 2 0 0.679292 
9400 2 0.904725 2 0 0.679684 
9500 2 0.925979 2 0 0.658783 
9600 2 0.925675 2 0 0.659102 
9700 2 0.923741 2 0 0.661122 
9800 2 0.914542 2 0 0.670376 
9900 2 0.91498 2 0 0.669947 
10000 2 0.921644 2 0 0.663281 
10100 2 0.922802 2 0 0.662093 
10200 2 0.928612 2 0 0.655982 
10300 2 0.917248 2 0 0.667711 
10400 2 0.902604 2 0 0.681627 
10500 2 0.886303 2 0 0.695852 
10600 2 0.896283 2 0 0.687285 
10700 2 0.903037 2 0 0.681232 
10800 2 0.904089 2 0 0.680268 
10900 2 0.909018 2 0 0.67568 
11000 2 0.932608 2 0 0.651626 
11100 2 0.949213 2 0 0.631886 
11200 2 0.955027 2 0 0.624193 
11300 2 0.953195 2 0 0.62667 
11400 2 0.934878 2 0 0.64909 
11500 2 0.917792 2 0 0.667169 
11600 2 0.899509 2 0 0.684421 
11700 2 0.883221 2 0 0.698414 
11800 2 0.883085 2 0 0.698526 
11900 2 0.905783 2 0 0.678706 
12000 2 0.927946 2 0 0.656696 
12100 2 0.942691 2 0 0.63999 
12200 2 0.957919 2 0 0.620174 
12300 2 0.967493 2 0 0.605742 
12400 2 0.965934 2 0 0.608227 
12500 2 0.958017 2 0 0.620036 
12600 2 0.930751 2 0 0.653666 
12700 2 0.91311 2 0 0.671768 
12800 2 0.890295 2 0 0.692476 
12900 2 0.881791 2 0 0.699591 
13000 2 0.891989 2 0 0.691023 
13100 2 0.900334 2 0 0.683681 
13200 2 0.924905 2 0 0.65991 
13300 2 0.923357 2 0 0.66152 
13400 2 0.930879 2 0 0.653526 
13500 2 0.937449 2 0 0.646163 
13600 2 0.943381 2 0 0.639157 
13700 2 0.946049 2 0 0.635881 
13800 2 0.944821 2 0 0.637399 
13900 2 0.945795 2 0 0.636197 
14000 2 0.945688 2 0 0.636329 
14100 2 0.944318 2 0 0.638016 
14200 2 0.925733 2 0 0.659042 
14300 2 0.916551 2 0 0.668401 
14400 2 0.899654 2 0 0.684291 
14500 2 0.89832 2 0 0.685482 
14600 2 0.912113 2 0 0.67273 
14700 2 0.924876 2 0 0.65994 
14800 2 0.942798 2 0 0.639862 
14900 2 0.95098 2 0 0.629599 
15000 2 0.960682 2 0 0.6162 
15100 2 0.952532 2 0 0.627553 
15200 2 0.944176 2 0 0.638189 
15300 2 0.929314 2 0 0.655226 
15400 2 0.917514 2 0 0.667447 
15500 2 0.929808 2 0 0.654691 
15600 2 0.938368 2 0 0.6451 
15700 2 0.928697 2 0 0.65589 
15800 2 0.933348 2 0 0.650804 
15900 2 0.924474 2 0 0.660359 
16000 2 0.925382 2 0 0.65941 
16100 2 0.923117 2 0 0.661768 
16200 2 0.937005 2 0 0.646672 
16300 2 0.946748 2 0 0.635009 
16400 2 0.946329 2 0 0.635532 
16500 2 0.939552 2 0 0.64372 
16600 2 0.929356 2 0 0.65518 
16700 2 0.929601 2 0 0.654916 
16800 2 0.938091 2 0 0.645421 
16900 2 0.942673 2 0 0.640012 
17000 2 0.946927 2 0 0.634785 
17100 2 0.949655 2 0 0.631317 
17200 2 0.94217 2 0 0.640617 
17300 2 0.939181 2 0 0.644154 
17400 2 0.927588 2 0 0.657077 
17500 2 0.921063 2 0 0.663874 
17600 2 0.926565 2 0 0.658164 
17700 2 0.930782 2 0 0.653633 
17800 2 0.927636 2 0 0.657026 
17900 2 0.928338 2 0 0.656276 
18000 2 0.92306 2 0 0.661827 
18100 2 0.931917 2 0 0.652389 
18200 2 0.926935 2 0 0.657772 
18300 2 0.925608 2 0 0.659173 
18400 2 0.916219 2 0 0.668729 
18500 2 0.918532 2 0 0.66643 
18600 2 0.917198 2 0 0.667761 
18700 2 0.928038 2 0 0.656597 
18800 2 0.936438 2 0 0.64732 
18900 2 0.941548 2 0 0.64136 
19000 2 0.940712 2 0 0.642353 
19100 2 0.940892 2 0 0.642141 
19200 2 0.937509 2 0 0.646093 
19300 2 0.938198 2 0 0.645297 
19400 2 0.930603 2 0 0.653828 
19500 2 0.926178 2 0 0.658573 
19600 2 0.92912 2 0 0.655435 
19700 2 0.936197 2 0 0.647595 
19800 2 0.93498 2 0 0.648975 
19900 2 0.935453 2 0 0.648441 
20000 2 0.931287 2 0 0.65308 
20100 2 0.930961 2 0 0.653438 
20200 2 0.924127 2 0 0.660721 
20300 2 0.92504 2 0 0.659768 
20400 2 0.91792 2 0 0.667042 
20500 2 0.915834 2 0 0.669109 
20600 2 0.929004 2 0 0.65556 
20700 2 0.94548 2 0 0.636587 
20800 2 0.951424 2 0 0.629017 
20900 2 0.952315 2 0 0.627842 
21000 2 0.934959 2 0 0.648999 
21100 2 0.935955 2 0 0.647871 
21200 2 0.924764 2 0 0.660058 
21300 2 0.928419 2 0 0.656189 
21400 2 0.928657 2 0 0.655933 
21500 2 0.928397 2 0 0.656212 
21600 2 0.943596 2 0 0.638896 
21700 2 0.937002 2 0 0.646676 
21800 2 0.950502 2 0 0.630221 
21900 2 0.945725 2 0 0.636284 
22000 2 0.943088 2 0 0.639512 
22100 2 0.93842 2 0 0.645039 
22200 2 0.936393 2 0 0.647372 
22300 2 0.938404 2 0 0.645059 
22400 2 0.933674 2 0 0.65044 
22500 2 0.936765 2 0 0.646947 
22600 2 0.934462 2 0 0.649558 
22700 2 0.9278 2 0 0.656851 
22800 2 0.931144 2 0 0.653237 
22900 2 0.928528 2 0 0.656072 
23000 2 0.937628 2 0 0.645956 
23100 2 0.949123 2 0 0.632002 
23200 2 0.951216 2 0 0.62929 
23300 2 0.948297 2 0 0.633055 
23400 2 0.945164 2 0 0.636977 
23500 2 0.938702 2 0 0.644713 
23600 2 0.932211 2 0 0.652064 
23700 2 0.923648 2 0 0.661219 
23800 2 0.917703 2 0 0.667258 
23900 2 0.915277 2 0 0.669657 
24000 2 0.92143 2 0 0.6635 
24100 2 0.931822 2 0 0.652493 
24200 2 0.941532 2 0 0.641379 
24300 2 0.945794 2 0 0.636197 
24400 2 0.940654 2 0 0.642422 
24500 2 0.948107 2 0 0.633297 
24600 2 0.943691 2 0 0.63878 
24700 2 0.931425 2 0 0.652929 
24800 2 0.903213 2 0 0.681071 
24900 2 0.887516 2 0 0.694833 
25000 2 0.885625 2 0 0.696419 
25100 2 0.902165 2 0 0.682026 
25200 2 0.925041 2 0 0.659768 
25300 2 0.944484 2 0 0.637813 
25400 2 0.951815 2 0 0.628503 
25500 2 0.949132 2 0 0.63199 
25600 2 0.936471 2 0 0.647283 
25700 2 0.928595 2 0 0.656 
25800 2 0.928189 2 0 0.656436 
25900 2 0.925654 2 0 0.659124 
26000 2 0.934137 2 0 0.649922 
26100 2 0.918712 2 0 0.66625 
26200 2 0.909554 2 0 0.675172 
26300 2 0.922868 2 0 0.662025 
26400 2 0.937086 2 0 0.64658 
26500 2 0.940699 2 0 0.642369 
26600 2 0.94095 2 0 0.642072 
26700 2 0.938139 2 0 0.645366 
26800 2 0.9341 2 0 0.649965 
26900 2 0.928207 2 0 0.656416 
27000 2 0.930417 2 0 0.654031 
27100 2 0.935531 2 0 0.648353 
27200 2 0.936507 2 0 0.647242 
27300 2 0.92929 2 0 0.655252 
27400 2 0.92587 2 0 0.658897 
27500 2 0.910294 2 0 0.67447 
27600 2 0.908382 2 0 0.676279 
27700 2 0.920733 2 0 0.66421 
27800 2 0.923918 2 0 0.660938 
27900 2 0.932794 2 0 0.651419 
28000 2 0.940116 2 0 0.643057 
28100 2 0.948913 2 0 0.63227 
28200 2 0.946466 2 0 0.635362 
28300 2 0.948204 2 0 0.633174 
28400 2 0.94806 2 0 0.633356 
28500 2 0.942183 2 0 0.640601 
28600 2 0.938692 2 0 0.644724 
28700 2 0.935845 2 0 0.647996 
28800 2 0.920733 2 0 0.66421 
28900 2 0.910788 2 0 0.673999 
29000 2 0.91154 2 0 0.67328 
29100 2 0.918725 2 0 0.666237 
29200 2 0.937851 2 0 0.645699 
29300 2 0.946351 2 0 0.635506 
29400 2 0.953933 2 0 0.625678 
29500 2 0.953026 2 0 0.626895 
29600 2 0.950478 2 0 0.630253 
29700 2 0.94225 2 0 0.64052 
29800 2 0.937375 2 0 0.646248 
29900 2 0.939881 2 0 0.643334 
30000 2 0.930059 2 0 0.65442 
30100 2 0.931033 2 0 0.653359 
30200 2 0.921879 2 0 0.663041 
30300 2 0.925959 2 0 0.658803 
30400 2 0.92976 2 0 0.654744 
30500 2 0.933007 2 0 0.651183 
30600 2 0.931431 2 0 0.652923 
30700 2 0.926677 2 0 0.658045 
30800 2 0.928962 2 0 0.655605 
30900 2 0.931944 2 0 0.652358 
31000 2 0.934057 2 0 0.650012 
31100 2 0.937895 2 0 0.645648 
31200 2 0.943335 2 0 0.639212 
31300 2 0.942577 2 0 0.640128 
31400 2 0.942138 2 0 0.640655 
31500 2 0.942009 2 0 0.640809 
31600 2 0.944296 2 0 0.638042 
31700 2 0.944674 2 0 0.637579 
31800 2 0.939712 2 0 0.643532 
31900 2 0.934335 2 0 0.6497 
32000 2 0.9302 2 0 0.654267 
32100 2 0.932016 2 0 0.652279 
32200 2 0.920402 2 0 0.664546 
32300 2 0.916254 2 0 0.668695 
32400 2 0.916113 2 0 0.668834 
32500 2 0.921841 2 0 0.66308 
32600 2 0.928137 2 0 0.656491 
32700 2 0.92367 2 0 0.661196 
32800 2 0.926411 2 0 0.658327 
32900 2 0.926434 2 0 0.658302 
33000 2 0.927452 2 0 0.657222 
33100 2 0.9258 2 0 0.658971 
33200 2 0.916814 2 0 0.668142 
33300 2 0.9036 2 0 0.680717 
33400 2 0.90562 2 0 0.678857 
33500 2 0.920319 2 0 0.66463 
33600 2 0.933305 2 0 0.650852 
33700 2 0.942618 2 0 0.640079 
33800 2 0.942906 2 0 0.639731 
33900 2 0.956718 2 0 0.621859 
34000 2 0.948287 2 0 0.633068 
34100 2 0.940968 2 0 0.642051 
34200 2 0.938029 2 0 0.645493 
34300 2 0.912012 2 0 0.672827 
34400 2 0.910714 2 0 0.67407 
34500 2 0.895525 2 0 0.68795 
34600 2 0.903773 2 0 0.680559 
34700 2 0.906041 2 0 0.678467 
34800 2 0.927966 2 0 0.656674 
34900 2 0.935378 2 0 0.648525 
35000 2 0.945373 2 0 0.636719 
35100 2 0.942641 2 0 0.640051 
35200 2 0.936923 2 0 0.646766 
35300 2 0.946458 2 0 0.635372 
35400 2 0.933992 2 0 0.650085 
35500 2 0.926378 2 0 0.658361 
35600 2 0.919377 2 0 0.665582 
35700 2 0.924376 2 0 0.660462 
35800 2 0.925513 2 0 0.659272 
35900 2 0.935382 2 0 0.648521 
36000 2 0.943208 2 0 0.639367 
36100 2 0.948341 2 0 0.633 
36200 2 0.952585 2 0 0.627484 
36300 2 0.948072 2 0 0.633341 
36400 2 0.942414 2 0 0.640324 
36500 2 0.936617 2 0 0.647117 
36600 2 0.912422 2 0 0.672432 
36700 2 0.914219 2 0 0.670691 
36800 2 0.914237 2 0 0.670673 
36900 2 0.925229 2 0 0.659571 
37000 2 0.93671 2 0 0.64701 
37100 2 0.948012 2 0 0.633417 
37200 2 0.948036 2 0 0.633387 
37300 2 0.943882 2 0 0.638548 
37400 2 0.942581 2 0 0.640123 
37500 2 0.940745 2 0 0.642315 
37600 2 0.947857 2 0 0.633613 
37700 2 0.944079 2 0 0.638307 
37800 2 0.936465 2 0 0.64729 
37900 2 0.924534 2 0 0.660298 
38000 2 0.912817 2 0 0.672051 
38100 2 0.91649 2 0 0.668462 
38200 2 0.920457 2 0 0.66449 
38300 2 0.926903 2 0 0.657806 
38400 2 0.933211 2 0 0.650956 
38500 2 0.937484 2 0 0.646121 
38600 2 0.939944 2 0 0.64326 
38700 2 0.942737 2 0 0.639936 
38800 2 0.940257 2 0 0.642892 
38900 2 0.936044 2 0 0.64777 
39000 2 0.931758 2 0 0.652563 
39100 2 0.933167 2 0 0.651006 
39200 2 0.936313 2 0 0.647463 
39300 2 0.926923 2 0 0.657785 
39400 2 0.939559 2 0 0.643711 
39500 2 0.945105 2 0 0.63705 
39600 2 0.946239 2 0 0.635645 
39700 2 0.944361 2 0 0.637964 
39800 2 0.938593 2 0 0.644839 
39900 2 0.926334 2 0 0.658408 
40000 2 0.917391 2 0 0.667569 
40100 2 0.921653 2 0 0.663272 
40200 2 0.936794 2 0 0.646914 
40300 2 0.944606 2 0 0.637663 
40400 2 0.948313 2 0 0.633035 
40500 2 0.941502 2 0 0.641415 
40600 2 0.9326 2 0 0.651634 
40700 2 0.916677 2 0 0.668277 
40800 2 0.921 2 0 0.663938 
40900 2 0.931217 2 0 0.653157 
41000 2 0.921652 2 0 0.663274 
41100 2 0.925296 2 0 0.659501 
41200 2 0.93205 2 0 0.652242 
41300 2 0.935489 2 0 0.6484 
41400 2 0.94203 2 0 0.640785 
41500 2 0.939051 2 0 0.644306 
41600 2 0.94158 2 0 0.641322 
41700 2 0.936937 2 0 0.64675 
41800 2 0.940574 2 0 0.642517 
41900 2 0.935481 2 0 0.648408 
42000 2 0.924788 2 0 0.660032 
42100 2 0.921788 2 0 0.663134 
42200 2 0.931381 2 0 0.652977 
42300 2 0.94034 2 0 0.642793 
42400 2 0.937042 2 0 0.64663 
42500 2 0.938904 2 0 0.644477 
42600 2 0.938773 2 0 0.644629 
42700 2 0.9362 2 0 0.647593 
42800 2 0.950262 2 0 0.630533 
42900 2 0.943381 2 0 0.639156 
43000 2 0.942923 2 0 0.639711 
43100 2 0.935235 2 0 0.648687 
43200 2 0.932013 2 0 0.652283 
43300 2 0.935029 2 0 0.64892 
43400 2 0.923759 2 0 0.661103 
43500 2 0.918057 2 0 0.666906 
43600 2 0.916264 2 0 0.668685 
43700 2 0.917095 2 0 0.667863 
43800 2 0.923817 2 0 0.661044 
43900 2 0.930701 2 0 0.653721 
44000 2 0.943636 2 0 0.638847 
44100 2 0.950507 2 0 0.630215 
44200 2 0.950129 2 0 0.630706 
44300 2 0.950468 2 0 0.630265 
44400 2 0.942528 2 0 0.640187 
44500 2 0.937974 2 0 0.645557 
44600 2 0.92901 2 0 0.655554 
44700 2 0.91863 2 0 0.666332 
44800 2 0.910618 2 0 0.674162 
44900 2 0.912322 2 0 0.672529 
45000 2 0.919576 2 0 0.665381 
45100 2 0.933972 2 0 0.650108 
45200 2 0.94371 2 0 0.638757 
45300 2 0.949007 2 0 0.63215 
45400 2 0.945296 2 0 0.636814 
45500 2 0.948086 2 0 0.633323 
45600 2 0.950999 2 0 0.629573 
45700 2 0.941554 2 0 0.641354 
45800 2 0.92727 2 0 0.657416 
45900 2 0.909493 2 0 0.675231 
46000 2 0.906394 2 0 0.678139 
46100 2 0.911914 2 0 0.672921 
46200 2 0.922814 2 0 0.66208 
46300 2 0.939966 2 0 0.643234 
46400 2 0.946038 2 0 0.635895 
46500 2 0.94181 2 0 0.641048 
46600 2 0.935222 2 0 0.648702 
46700 2 0.93314 2 0 0.651035 
46800 2 0.929931 2 0 0.654558 
46900 2 0.932526 2 0 0.651716 
47000 2 0.925818 2 0 0.658952 
47100 2 0.917903 2 0 0.667059 
47200 2 0.904255 2 0 0.680116 
47300 2 0.914672 2 0 0.670249 
47400 2 0.928832 2 0 0.655746 
47500 2 0.935914 2 0 0.647918 
47600 2 0.949529 2 0 0.63148 
47700 2 0.950053 2 0 0.630804 
47800 2 0.947821 2 0 0.633659 
47900 2 0.949618 2 0 0.631365 
48000 2 0.937017 2 0 0.646658 
48100 2 0.91932 2 0 0.665639 
48200 2 0.902132 2 0 0.682056 
48300 2 0.91082 2 0 0.673969 
48400 2 0.910601 2 0 0.674178 
48500 2 0.917889 2 0 0.667073 
48600 2 0.917138 2 0 0.66782 
48700 2 0.932328 2 0 0.651936 
48800 2 0.954289 2 0 0.625196 
48900 2 0.95545 2 0 0.623614 
49000 2 0.954296 2 0 0.625187 
49100 2 0.948243 2 0 0.633125 
49200 2 0.942285 2 0 0.640479 
49300 2 0.936026 2 0 0.64779 
49400 2 0.927901 2 0 0.656743 
49500 2 0.91689 2 0 0.668066 
49600 2 0.906524 2 0 0.678017 
49700 2 0.90477 2 0 0.679642 
49800 2 0.923822 2 0 0.661038 
49900 2 0.940141 2 0 0.643028 
50000 2 0.954464 2 0 0.624959 
50100 2 0.948091 2 0 0.633317 
50200 2 0.948379 2 0 0.632952 
50300 2 0.945943 2 0 0.636013 
50400 2 0.938829 2 0 0.644564 
50500 2 0.948798 2 0 0.632417 
50600 2 0.942686 2 0 0.639997 
50700 2 0.933932 2 0 0.650153 
50800 2 0.923201 2 0 0.661681 
50900 2 0.912652 2 0 0.67221 
51000 2 0.917119 2 0 0.667839 
51100 2 0.920127 2 0 0.664825 
51200 2 0.922389 2 0 0.662518 
51300 2 0.931234 2 0 0.653138 
51400 2 0.941996 2 0 0.640825 
51500 2 0.9577 2 0 0.620483 
51600 2 0.951178 2 0 0.629339 
51700 2 0.954804 2 0 0.624497 
51800 2 0.94706 2 0 0.634618 
51900 2 0.936246 2 0 0.64754 
52000 2 0.928543 2 0 0.656056 
52100 2 0.922756 2 0 0.66214 
52200 2 0.910213 2 0 0.674547 
52300 2 0.912961 2 0 0.671912 
52400 2 0.923795 2 0 0.661066 
52500 2 0.926247 2 0 0.6585 
52600 2 0.933335 2 0 0.650819 
52700 2 0.944008 2 0 0.638394 
52800 2 0.949027 2 0 0.632125 
52900 2 0.946567 2 0 0.635235 
53000 2 0.933726 2 0 0.650382 
53100 2 0.9348 2 0 0.649178 
53200 2 0.936761 2 0 0.646951 
53300 2 0.93945 2 0 0.64384 
53400 2 0.935158 2 0 0.648774 
53500 2 0.922874 2 0 0.662018 
53600 2 0.91212 2 0 0.672723 
53700 2 0.89698 2 0 0.68667 
53800 2 0.895235 2 0 0.688205 
53900 2 0.910979 2 0 0.673817 
54000 2 0.929279 2 0 0.655264 
54100 2 0.941827 2 0 0.641028 
54200 2 0.951885 2 0 0.62841 
54300 2 0.956073 2 0 0.622755 
54400 2 0.96356 2 0 0.611904 
54500 2 0.961257 2 0 0.615354 
54600 2 0.952973 2 0 0.626966 
54700 2 0.943735 2 0 0.638727 
54800 2 0.932551 2 0 0.651689 
54900 2 0.922634 2 0 0.662266 
55000 2 0.909828 2 0 0.674913 
55100 2 0.909693 2 0 0.675041 
55200 2 0.901989 2 0 0.682185 
55300 2 0.910673 2 0 0.674109 
55400 2 0.929166 2 0 0.655386 
55500 2 0.94011 2 0 0.643064 
55600 2 0.954262 2 0 0.625233 
55700 2 0.965108 2 0 0.609521 
55800 2 0.962233 2 0 0.613905 
55900 2 0.95621 2 0 0.622565 
56000 2 0.94627 2 0 0.635606 
56100 2 0.936284 2 0 0.647496 
56200 2 0.926502 2 0 0.658231 
56300 2 0.921777 2 0 0.663145 
56400 2 0.924968 2 0 0.659844 
56500 2 0.924187 2 0 0.660659 
56600 2 0.923038 2 0 0.66185 
56700 2 0.930684 2 0 0.65374 
56800 2 0.940069 2 0 0.643113 
56900 2 0.948998 2 0 0.632161 
57000 2 0.942493 2 0 0.640229 
57100 2 0.935464 2 0 0.648428 
57200 2 0.936695 2 0 0.647027 
57300 2 0.932239 2 0 0.652033 
57400 2 0.94054 2 0 0.642557 
57500 2 0.944726 2 0 0.637516 
57600 2 0.938578 2 0 0.644856 
57700 2 0.924631 2 0 0.660196 
57800 2 0.92432 2 0 0.660521 
57900 2 0.918908 2 0 0.666053 
58000 2 0.916118 2 0 0.668829 
58100 2 0.926797 2 0 0.657918 
58200 2 0.928313 2 0 0.656303 
58300 2 0.931112 2 0 0.653272 
58400 2 0.929307 2 0 0.655233 
58500 2 0.937565 2 0 0.646028 
58600 2 0.95059 2 0 0.630107 
58700 2 0.951088 2 0 0.629457 
58800 2 0.941716 2 0 0.64116 
58900 2 0.919584 2 0 0.665373 
59000 2 0.910695 2 0 0.674088 
59100 2 0.917737 2 0 0.667224 
59200 2 0.922664 2 0 0.662235 
59300 2 0.92629 2 0 0.658455 
59400 2 0.93513 2 0 0.648806 
59500 2 0.937252 2 0 0.646388 
59600 2 0.934569 2 0 0.649438 
59700 2 0.931391 2 0 0.652967 
59800 2 0.941025 2 0 0.641983 
59900 2 0.933953 2 0 0.650129 
60000 2 0.938783 2 0 0.644618 
60100 2 0.922891 2 0 0.662001 
60200 2 0.916949 2 0 0.668008 
60300 2 0.916675 2 0 0.668279 
60400 2 0.912436 2 0 0.672419 
60500 2 0.928927 2 0 0.655643 
60600 2 0.923222 2 0 0.661659 
60700 2 0.931332 2 0 0.653031 
60800 2 0.942796 2 0 0.639864 
60900 2 0.938865 2 0 0.644523 
61000 2 0.947961 2 0 0.633482 
61100 2 0.951031 2 0 0.629531 
61200 2 0.951072 2 0 0.629478 
61300 2 0.945313 2 0 0.636793 
61400 2 0.936836 2 0 0.646866 
61500 2 0.927872 2 0 0.656775 
61600 2 0.929504 2 0 0.655021 
61700 2 0.914793 2 0 0.670131 
61800 2 0.904472 2 0 0.679916 
61900 2 0.895651 2 0 0.68784 
62000 2 0.899563 2 0 0.684372 
62100 2 0.916238 2 0 0.668711 
62200 2 0.942381 2 0 0.640364 
62300 2 0.948848 2 0 0.632353 
62400 2 0.94877 2 0 0.632453 
62500 2 0.953858 2 0 0.625779 
62600 2 0.956204 2 0 0.622573 
62700 2 0.957928 2 0 0.620161 
62800 2 0.953716 2 0 0.62597 
62900 2 0.943465 2 0 0.639055 
63000 2 0.9304 2 0 0.654049 
63100 2 0.913408 2 0 0.671479 
63200 2 0.895861 2 0 0.687656 
63300 2 0.891373 2 0 0.691553 
63400 2 0.898158 2 0 0.685626 
63500 2 0.91322 2 0 0.671661 
63600 2 0.930645 2 0 0.653782 
63700 2 0.944699 2 0 0.637549 
63800 2 0.945932 2 0 0.636026 
63900 2 0.945445 2 0 0.63663 
64000 2 0.949579 2 0 0.631415 
64100 2 0.937433 2 0 0.64618 
64200 2 0.937972 2 0 0.645559 
64300 2 0.939472 2 0 0.643813 
64400 2 0.940057 2 0 0.643127 
64500 2 0.94017 2 0 0.642994 
64600 2 0.922983 2 0 0.661907 
64700 2 0.921185 2 0 0.66375 
64800 2 0.913045 2 0 0.671831 
64900 2 0.92167 2 0 0.663255 
65000 2 0.930473 2 0 0.65397 
65100 2 0.931635 2 0 0.652698 
65200 2 0.930874 2 0 0.653532 
65300 2 0.932524 2 0 0.651719 
65400 2 0.924237 2 0 0.660607 
65500 2 0.935624 2 0 0.648247 
65600 2 0.943154 2 0 0.639432 
65700 2 0.932964 2 0 0.651231 
65800 2 0.927939 2 0 0.656703 
65900 2 0.915288 2 0 0.669646 
66000 2 0.919456 2 0 0.665502 
66100 2 0.919725 2 0 0.66523 
66200 2 0.93423 2 0 0.649818 
66300 2 0.939965 2 0 0.643235 
66400 2 0.945735 2 0 0.636271 
66500 2 0.941076 2 0 0.641922 
66600 2 0.932776 2 0 0.651439 
66700 2 0.925949 2 0 0.658814 
66800 2 0.933406 2 0 0.650739 
66900 2 0.93281 2 0 0.651402 
67000 2 0.92702 2 0 0.657681 
67100 2 0.924075 2 0 0.660775 
67200 2 0.924634 2 0 0.660193 
67300 2 0.940833 2 0 0.642211 
67400 2 0.939792 2 0 0.643439 
67500 2 0.927924 2 0 0.656719 
67600 2 0.921256 2 0 0.663678 
67700 2 0.9222 2 0 0.662711 
67800 2 0.924194 2 0 0.660651 
67900 2 0.91752 2 0 0.667441 
68000 2 0.914185 2 0 0.670724 
68100 2 0.911889 2 0 0.672945 
68200 2 0.918556 2 0 0.666406 
68300 2 0.922939 2 0 0.661952 
68400 2 0.923756 2 0 0.661106 
68500 2 0.928929 2 0 0.655641 
68600 2 0.934656 2 0 0.64934 
68700 2 0.943959 2 0 0.638454 
68800 2 0.940626 2 0 0.642455 
68900 2 0.939544 2 0 0.643729 
69000 2 0.933691 2 0 0.650422 
69100 2 0.922643 2 0 0.662256 
69200 2 0.899343 2 0 0.684569 
69300 2 0.893522 2 0 0.689698 
69400 2 0.897569 2 0 0.686149 
69500 2 0.918376 2 0 0.666586 
69600 2 0.92299 2 0 0.661899 
69700 2 0.944129 2 0 0.638246 
69800 2 0.945585 2 0 0.636457 
69900 2 0.948331 2 0 0.633012 
70000 2 0.946813 2 0 0.634928 
70100 2 0.937409 2 0 0.646208 
70200 2 0.923977 2 0 0.660877 
70300 2 0.915184 2 0 0.669748 
70400 2 0.901086 2 0 0.683003 
70500 2 0.891608 2 0 0.69135 
70600 2 0.908056 2 0 0.676585 
70700 2 0.919039 2 0 0.665922 
70800 2 0.93163 2 0 0.652704 
70900 2 0.939521 2 0 0.643756 
71000 2 0.94515 2 0 0.636995 
71100 2 0.957142 2 0 0.621267 
71200 2 0.957993 2 0 0.620069 
71300 2 0.943505 2 0 0.639006 
71400 2 0.91772 2 0 0.667241 
71500 2 0.897112 2 0 0.686554 
71600 2 0.883306 2 0 0.698344 
71700 2 0.893922 2 0 0.68935 
71800 2 0.905549 2 0 0.678923 
71900 2 0.915701 2 0 0.66924 
72000 2 0.919659 2 0 0.665297 
72100 2 0.935345 2 0 0.648563 
72200 2 0.947251 2 0 0.634378 
72300 2 0.948264 2 0 0.633098 
72400 2 0.941754 2 0 0.641115 
72500 2 0.93741 2 0 0.646207 
72600 2 0.924511 2 0 0.660321 
72700 2 0.922461 2 0 0.662443 
72800 2 0.923497 2 0 0.661374 
72900 2 0.935574 2 0 0.648304 
73000 2 0.935577 2 0 0.6483 
73100 2 0.928981 2 0 0.655585 
73200 2 0.92071 2 0 0.664233 
73300 2 0.926074 2 0 0.658682 
73400 2 0.929538 2 0 0.654984 
73500 2 0.939636 2 0 0.643621 
73600 2 0.9325 2 0 0.651745 
73700 2 0.94267 2 0 0.640016 
73800 2 0.933833 2 0 0.650263 
73900 2 0.93468 2 0 0.649313 
74000 2 0.938161 2 0 0.64534 
74100 2 0.937987 2 0 0.645541 
74200 2 0.937499 2 0 0.646105 
74300 2 0.928425 2 0 0.656183 
74400 2 0.930045 2 0 0.654435 
74500 2 0.928313 2 0 0.656303 
74600 2 0.937405 2 0 0.646213 
74700 2 0.948562 2 0 0.632718 
74800 2 0.943254 2 0 0.639311 
74900 2 0.945098 2 0 0.637058 
75000 2 0.93975 2 0 0.643488 
