-1 4 -1 -1 -1 -1 4 4 -1 8 8 32 32 32 32 16 32 -1 -1 -1 
-1 -1 -1 -1 -1 -1 4 -1 4 4 32 -1 2 2 32 32 16 32 -1 16 
-1 16 6 -1 4 4 4 4 4 4 32 -1 -1 32 32 32 16 16 16 -1 
16 6 4 4 -1 4 4 4 4 16 16 32 32 2 32 32 16 16 -1 40 
32 4 4 -1 -1 -1 2 4 4 4 2 2 2 2 -1 -1 32 2 4 -1 
32 40 40 40 32 32 2 2 2 2 2 2 4 -1 -1 1 2 -1 2 -1 
32 6 32 32 32 32 2 2 2 2 2 2 2 4 -1 -1 2 4 40 32 
6 6 6 32 -1 32 2 2 2 16 2 2 2 -1 4 2 2 40 40 -1 
4 32 32 -1 32 -1 -1 16 16 16 2 4 4 -1 4 4 -1 -1 -1 -1 
-1 32 -1 -1 32 32 32 2 2 2 2 4 4 4 4 2 4 4 4 4 
-1 32 -1 -1 32 32 32 2 2 2 2 4 -1 4 4 4 4 4 4 4 
32 -1 -1 -1 32 32 32 32 2 -1 4 2 2 4 4 4 -1 -1 4 4 
8 32 32 -1 32 32 32 16 16 2 2 4 4 4 4 4 4 4 -1 32 
-1 -1 -1 -1 -1 16 16 32 2 2 2 2 -1 -1 4 4 -1 4 -1 8 
-1 -1 -1 32 -1 -1 16 16 -1 2 2 -1 4 4 4 4 4 32 -1 -1 
4 -1 -1 4 8 -1 -1 -1 6 6 -1 4 4 4 4 4 4 4 -1 4 
-1 4 4 -1 8 -1 -1 6 -1 6 6 -1 4 4 4 4 4 4 -1 4 
4 4 -1 -1 -1 -1 16 -1 32 6 8 24 -1 -1 -1 4 4 4 -1 4 
4 -1 -1 -1 -1 -1 -1 16 -1 8 24 -1 40 -1 32 6 4 4 4 -1 
-1 -1 -1 -1 -1 -1 -1 16 -1 -1 -1 32 -1 -1 -1 4 6 6 4 4 
4 40 -1 32 32 32 -1 2 32 32 -1 32 32 -1 -1 -1 -1 8 8 4 
-1 40 4 4 32 32 32 2 2 4 4 -1 4 4 -1 -1 -1 8 8 40 
-1 4 -1 4 4 4 4 2 4 4 4 4 4 4 -1 -1 -1 -1 8 8 
4 4 -1 -1 4 4 4 -1 2 -1 4 4 4 4 4 -1 -1 -1 -1 -1 
4 -1 4 -1 4 4 -1 4 4 4 4 4 4 4 4 -1 -1 4 -1 4 
4 4 4 4 4 -1 4 -1 4 -1 4 16 4 4 -1 8 4 -1 4 4 
4 4 4 4 4 4 -1 1 -1 -1 16 4 4 4 1 4 8 8 4 8 
4 4 4 4 4 4 8 8 -1 4 4 32 4 4 -1 4 8 8 -1 8 
4 8 4 4 4 4 32 8 8 4 4 4 4 4 4 4 4 8 8 8 
16 4 4 4 4 32 32 8 -1 8 32 32 32 4 4 4 4 -1 4 8 
32 -1 4 32 32 32 8 -1 8 8 32 4 4 4 4 32 32 4 4 32 
-1 32 32 32 32 32 32 8 10 -1 8 4 32 4 4 -1 32 32 4 4 
32 -1 -1 32 32 -1 -1 32 32 -1 4 32 4 4 -1 4 40 32 -1 1 
-1 8 6 -1 32 2 2 32 10 32 -1 32 32 -1 4 32 32 32 1 1 
32 6 -1 6 -1 -1 -1 32 4 -1 32 32 32 32 -1 4 32 32 32 -1 
32 32 40 6 32 32 32 32 32 4 -1 32 -1 32 -1 32 4 40 -1 32 
32 32 40 32 6 32 32 32 32 32 32 32 32 -1 -1 32 32 4 32 32 
-1 -1 40 32 32 -1 -1 6 32 32 32 32 32 32 2 2 32 -1 -1 -1 
-1 40 40 -1 -1 32 6 4 6 6 32 32 32 -1 2 -1 32 32 -1 4 
40 40 32 32 -1 -1 -1 2 6 32 32 32 -1 -1 -1 32 32 -1 4 4 
4 4 -1 16 1 1 -1 2 -1 32 32 -1 -1 4 4 -1 4 4 4 -1 
4 4 -1 -1 1 1 -1 6 32 4 4 -1 -1 4 4 -1 -1 -1 4 4 
4 4 4 -1 1 8 6 40 4 4 6 4 6 6 4 4 -1 4 4 4 
4 -1 -1 8 4 1 40 -1 10 10 -1 6 4 6 4 4 4 4 4 4 
-1 4 4 8 40 4 4 -1 4 10 6 -1 6 -1 4 4 4 4 -1 4 
4 -1 -1 40 -1 4 -1 4 -1 4 10 6 -1 4 4 4 5 5 4 4 
-1 40 40 4 4 -1 4 4 8 10 10 10 -1 6 6 6 5 6 5 5 
5 33 -1 4 4 4 4 4 4 10 -1 -1 4 6 4 4 6 6 32 5 
33 -1 4 4 2 4 4 -1 -1 -1 4 -1 4 -1 4 -1 6 -1 6 32 
2 32 32 4 4 4 -1 -1 -1 4 4 4 4 4 -1 32 32 2 2 33 
32 32 4 4 -1 4 -1 4 -1 4 4 4 -1 -1 2 -1 2 2 2 2 
-1 40 40 -1 -1 4 4 4 4 -1 32 4 32 2 2 2 2 -1 2 2 
40 32 32 -1 -1 4 32 32 32 -1 32 1 1 32 2 2 2 4 -1 2 
40 -1 32 -1 -1 32 4 4 32 4 32 32 32 32 2 -1 2 4 2 10 
-1 -1 -1 4 4 4 32 4 4 4 32 32 8 -1 -1 -1 32 40 4 9 
-1 -1 4 -1 4 6 6 10 4 -1 32 8 32 -1 4 -1 32 32 40 9 
-1 16 -1 4 6 -1 -1 8 10 4 32 32 32 32 32 4 4 40 4 16 
16 1 1 1 4 4 10 8 -1 32 32 8 32 32 32 4 4 4 4 16 
1 1 1 1 1 4 -1 8 -1 32 8 4 4 4 4 4 4 4 4 -1 
1 1 16 -1 1 1 1 -1 32 -1 32 4 4 4 4 4 4 4 4 -1 
-1 4 4 6 4 4 4 4 4 5 -1 5 -1 1 4 4 40 4 -1 5 
5 4 6 -1 6 6 4 4 1 -1 -1 5 40 5 1 4 4 -1 5 -1 
4 4 5 6 -1 4 6 6 6 40 5 40 5 5 -1 -1 -1 -1 -1 5 
4 4 4 5 4 4 4 6 40 40 40 -1 5 9 4 4 -1 1 1 4 
4 4 -1 6 4 4 6 4 -1 5 5 5 4 9 4 8 8 32 6 32 
-1 32 4 6 6 6 6 40 -1 4 4 4 9 4 4 4 -1 32 32 32 
-1 32 32 4 4 4 40 6 4 -1 -1 4 4 4 -1 -1 -1 1 32 -1 
6 4 4 -1 4 6 6 6 4 6 4 -1 -1 -1 4 -1 4 4 4 6 
4 4 -1 4 32 4 6 6 6 8 8 4 -1 4 -1 4 -1 -1 -1 4 
4 4 4 -1 32 6 6 6 -1 6 10 8 -1 4 4 4 4 4 4 -1 
-1 -1 4 4 4 4 4 -1 -1 8 8 32 -1 -1 4 -1 4 4 4 4 
-1 -1 -1 32 -1 4 4 6 32 8 -1 -1 -1 4 6 4 4 -1 -1 4 
-1 4 32 -1 4 32 4 32 32 -1 4 4 4 6 6 4 -1 4 4 1 
4 -1 4 32 32 32 32 32 -1 32 4 2 4 6 6 4 4 6 4 4 
4 4 4 4 32 32 4 4 4 4 4 2 2 4 6 4 6 4 4 4 
4 4 -1 4 32 -1 32 4 2 32 4 2 1 -1 -1 6 4 6 -1 4 
4 -1 4 4 32 32 -1 4 4 4 -1 -1 1 1 1 4 4 6 4 -1 
-1 5 1 6 5 -1 4 4 4 4 2 -1 1 1 4 -1 1 4 40 4 
4 5 1 6 4 -1 4 4 4 4 2 -1 -1 -1 -1 1 4 40 4 -1 
6 4 4 4 6 4 4 4 4 4 5 5 -1 1 -1 1 -1 4 6 6 
4 4 -1 4 4 4 -1 5 1 1 1 1 -1 1 -1 6 -1 -1 6 6 
6 -1 -1 4 4 4 5 5 5 4 -1 -1 1 -1 6 -1 6 6 6 6 
4 4 -1 5 4 4 4 5 4 4 -1 1 4 -1 1 6 6 6 6 6 
-1 5 6 4 4 4 4 4 4 -1 4 -1 6 4 1 6 4 -1 6 4 
6 6 4 4 4 4 -1 4 4 2 4 4 4 6 -1 4 4 6 -1 6 
6 6 6 4 6 4 4 4 2 2 4 1 1 6 -1 6 4 4 4 6 
6 -1 6 6 4 6 4 2 6 2 4 2 2 5 6 6 5 5 6 -1 
-1 6 6 4 4 -1 -1 6 2 2 2 6 6 5 5 5 5 5 5 6 
5 6 6 6 6 6 2 2 2 2 2 2 6 6 -1 5 5 5 6 -1 
5 5 5 4 4 2 2 2 6 2 2 2 2 5 -1 5 7 5 5 5 
5 5 5 6 -1 4 6 4 32 4 32 2 5 5 5 7 6 4 5 7 
4 4 5 4 4 4 4 6 32 32 32 1 1 -1 -1 6 -1 5 4 -1 
2 4 2 2 2 2 2 -1 -1 -1 -1 1 1 -1 6 -1 -1 -1 5 4 
4 2 2 4 6 2 2 2 -1 1 1 4 1 1 -1 6 4 -1 4 4 
4 4 4 -1 2 6 -1 2 -1 6 6 4 6 1 6 6 6 4 -1 4 
4 4 2 2 2 -1 6 -1 6 1 1 1 6 4 4 6 33 4 6 -1 
4 -1 2 -1 2 4 -1 6 -1 4 1 4 -1 6 6 6 33 -1 4 -1 
-1 2 2 -1 5 5 4 6 5 1 4 4 -1 4 -1 10 33 33 4 4 
4 2 2 -1 6 4 5 5 5 5 1 -1 4 -1 -1 33 10 4 4 -1 
6 4 -1 2 4 5 5 -1 -1 1 4 -1 1 1 1 6 4 4 -1 4 
4 4 4 4 -1 4 4 6 6 6 6 6 4 -1 4 4 4 -1 4 2 
4 4 4 4 4 4 4 6 6 4 4 6 6 6 4 6 -1 -1 4 2 
-1 6 6 6 4 4 4 4 4 6 4 -1 -1 4 4 4 4 4 6 6 
6 4 4 6 4 4 4 4 6 6 4 -1 -1 4 4 6 -1 6 4 6 
4 6 4 4 6 4 -1 -1 6 4 4 4 4 4 6 4 4 4 6 6 
6 6 4 4 4 4 4 4 2 -1 -1 4 4 -1 4 4 4 4 -1 4 
-1 6 4 4 4 4 4 4 4 -1 -1 4 4 -1 4 4 4 4 -1 4 
33 -1 4 4 4 4 4 4 -1 -1 4 -1 -1 4 4 4 4 4 4 33 
33 33 -1 4 6 4 4 4 4 2 4 -1 4 6 6 4 -1 4 -1 33 
6 33 33 33 6 6 4 4 4 4 6 6 6 6 -1 8 -1 -1 6 33 
4 -1 -1 6 -1 6 6 -1 4 4 6 8 8 -1 -1 8 40 40 4 4 
40 4 4 6 6 -1 4 4 4 6 4 8 8 8 8 40 40 40 40 4 
4 40 4 4 4 4 -1 -1 4 6 4 4 -1 8 8 40 5 4 4 40 
-1 4 -1 -1 4 4 4 6 6 6 -1 4 -1 8 -1 -1 -1 -1 4 4 
4 4 4 4 -1 4 4 -1 6 6 6 6 -1 6 -1 -1 -1 6 8 8 
2 4 4 4 -1 4 -1 -1 6 -1 6 6 6 8 -1 4 -1 -1 2 -1 
8 8 4 4 -1 -1 4 4 -1 -1 -1 6 8 -1 4 4 4 -1 2 6 
8 8 8 4 -1 4 -1 6 6 6 -1 6 6 6 6 4 4 6 6 6 
2 4 -1 6 4 -1 -1 -1 6 6 6 -1 6 6 6 6 6 -1 6 2 
2 4 4 6 -1 -1 -1 6 6 6 6 -1 6 6 6 6 6 6 2 2 
4 4 4 4 4 4 -1 4 4 1 1 1 -1 4 32 32 32 4 4 4 
4 -1 6 41 6 4 -1 6 4 4 -1 1 6 6 32 32 32 6 6 4 
6 6 6 41 4 4 4 6 6 4 4 6 1 6 6 4 4 -1 4 6 
4 6 6 6 4 4 4 6 -1 6 6 -1 4 7 4 4 6 5 5 4 
4 4 4 -1 4 4 4 4 4 4 6 -1 4 4 7 6 4 6 5 4 
4 4 6 4 4 -1 4 4 4 4 4 4 4 6 5 5 6 6 4 4 
-1 6 4 4 -1 4 4 4 4 4 6 6 6 6 4 5 6 -1 4 4 
4 4 4 4 4 4 4 8 8 4 4 4 6 6 6 6 6 4 -1 4 
4 4 4 4 4 -1 8 8 4 4 4 4 -1 4 6 -1 4 4 4 4 
4 4 4 4 4 4 4 4 4 4 4 4 6 6 4 -1 4 4 4 4 
-1 4 4 4 4 4 4 4 4 4 4 4 4 4 4 4 4 -1 4 4 
4 4 4 4 4 4 4 -1 4 4 -1 4 4 2 4 4 4 4 4 4 
4 4 4 4 4 4 -1 -1 -1 4 4 4 4 2 -1 -1 4 4 4 4 
-1 4 4 4 4 4 -1 6 4 4 4 4 4 6 6 -1 -1 4 4 4 
4 4 4 4 4 4 4 -1 32 4 4 4 6 6 -1 2 -1 4 4 -1 
-1 4 4 6 -1 4 4 32 32 6 4 4 6 6 -1 32 -1 4 6 -1 
4 4 6 4 4 4 4 32 32 -1 -1 4 4 6 -1 32 32 4 4 6 
4 4 4 4 4 -1 32 4 1 -1 4 -1 4 4 32 32 4 4 4 4 
4 4 4 4 4 4 4 4 4 4 4 1 4 4 32 32 32 32 -1 4 
4 4 4 4 6 4 4 4 4 -1 4 1 4 4 32 32 32 32 4 4 
4 4 8 4 4 -1 4 4 4 4 4 4 4 4 6 6 4 4 6 4 
-1 4 2 4 12 4 4 4 4 -1 4 4 4 4 4 4 6 6 2 2 
2 4 6 1 4 4 4 4 4 4 4 4 4 4 4 6 -1 -1 2 2 
4 4 4 4 4 4 -1 4 -1 4 4 4 4 4 6 6 8 -1 4 4 
2 4 4 4 4 4 -1 4 6 6 4 4 -1 8 4 8 6 2 2 2 
2 4 4 4 4 4 6 6 -1 6 6 4 4 8 6 8 4 -1 4 4 
4 4 4 4 4 4 4 4 4 4 4 4 4 8 6 8 4 4 4 4 
1 1 4 -1 4 4 4 4 -1 -1 -1 4 4 4 4 6 6 -1 4 4 
4 4 1 4 4 4 6 -1 -1 -1 -1 4 4 4 6 6 -1 4 -1 4 
4 6 4 -1 5 -1 6 6 -1 -1 4 4 4 4 4 -1 4 4 4 4 
4 6 4 5 5 -1 4 4 4 4 4 4 4 4 4 4 4 4 1 4 
4 -1 6 4 4 -1 4 -1 4 4 4 4 4 4 4 4 4 4 4 4 
4 6 6 6 4 4 4 4 4 4 4 4 4 4 4 4 6 4 4 4 
4 4 6 6 6 4 4 4 4 4 4 -1 4 4 4 -1 4 6 -1 4 
4 4 4 6 6 4 4 4 4 4 -1 4 4 4 4 4 6 4 -1 -1 
4 4 4 4 4 4 4 4 4 4 -1 4 4 4 4 4 6 6 4 4 
4 4 4 -1 4 4 -1 4 4 4 4 -1 4 -1 4 4 4 4 4 -1 
4 4 32 4 4 4 4 1 4 2 4 4 4 -1 -1 4 4 4 4 -1 
-1 32 4 -1 4 -1 1 4 2 4 4 4 4 4 4 4 6 4 6 4 
-1 -1 4 8 6 1 4 -1 4 4 4 4 4 4 6 -1 4 6 6 -1 
32 4 -1 -1 32 32 -1 -1 32 4 4 6 4 6 6 6 6 4 4 32 
4 4 4 4 32 4 4 40 6 6 4 6 4 4 6 6 -1 4 4 4 
4 4 4 2 4 4 4 6 40 4 4 4 6 -1 4 -1 4 4 4 4 
4 4 4 4 4 4 4 4 4 40 4 6 -1 4 4 4 4 4 4 4 
4 4 4 4 4 4 4 4 32 5 4 6 4 4 4 4 4 4 4 4 
4 4 -1 6 6 4 4 -1 6 32 6 6 6 4 -1 4 4 6 -1 -1 
4 -1 4 6 4 4 6 4 4 6 6 6 4 4 4 4 4 2 2 6 
-1 4 4 1 6 6 6 4 -1 4 4 4 6 6 4 4 6 4 2 6 
5 4 -1 -1 1 1 4 4 4 6 4 6 6 4 4 6 4 4 4 5 
4 -1 4 -1 1 -1 4 4 4 4 4 4 6 4 6 4 5 -1 4 4 
5 5 1 4 -1 1 4 4 4 4 4 6 4 -1 4 4 6 4 4 -1 
5 5 5 1 4 1 1 1 4 4 6 4 -1 4 -1 4 4 6 4 6 
6 6 -1 -1 1 1 1 4 4 4 4 6 6 4 6 4 -1 4 4 4 
6 6 6 1 1 4 -1 4 -1 4 4 4 6 4 4 4 -1 -1 4 4 
4 4 6 6 1 -1 4 4 12 4 4 -1 6 6 4 4 -1 32 4 6 
4 4 32 -1 1 -1 6 12 6 4 4 -1 6 4 4 5 -1 32 4 -1 
5 32 4 4 4 12 4 6 6 6 6 4 -1 4 5 -1 5 1 32 32 
5 32 4 -1 4 4 -1 6 6 6 4 4 6 6 6 1 -1 1 32 32 
32 6 -1 4 4 -1 40 40 -1 6 6 4 -1 6 6 6 1 6 4 32 
-1 6 4 4 32 -1 32 32 -1 4 4 6 6 6 6 6 6 4 32 4 
4 4 4 -1 6 4 -1 6 1 6 6 6 6 6 4 6 6 4 4 32 
4 4 -1 1 4 4 4 1 5 6 6 4 6 -1 6 1 6 4 4 4 
4 4 6 6 6 6 6 4 -1 6 6 4 4 6 6 6 6 6 4 4 
4 6 32 6 4 6 5 5 6 6 4 4 4 4 6 6 6 4 4 -1 
32 32 6 5 6 4 6 4 4 -1 4 4 4 6 -1 -1 6 1 32 4 
32 32 5 1 1 5 5 6 4 4 4 6 6 4 4 6 6 3 32 32 
4 5 5 5 5 5 5 6 6 6 6 4 7 4 4 6 4 -1 32 32 
-1 4 5 5 5 5 6 6 -1 6 6 6 4 7 6 6 4 -1 -1 -1 
5 5 5 5 5 4 5 4 6 6 6 4 -1 7 5 4 -1 4 -1 5 
5 1 5 -1 5 5 4 4 -1 4 6 4 6 7 5 6 4 -1 -1 -1 
3 -1 6 6 5 5 -1 4 4 6 -1 6 4 4 5 6 -1 5 5 -1 
3 6 4 -1 -1 5 5 -1 6 32 -1 -1 -1 -1 5 5 40 40 40 3 
-1 6 6 4 6 40 6 6 32 32 4 6 6 6 -1 4 6 -1 3 -1 
-1 6 4 4 6 6 -1 32 6 6 6 6 -1 6 4 4 4 -1 4 32 
-1 4 4 5 6 6 -1 4 4 6 6 6 -1 4 4 -1 4 4 40 40 
5 5 5 5 6 4 4 4 -1 4 4 6 6 6 4 -1 -1 4 5 5 
42 5 5 4 4 6 4 4 4 6 4 4 6 6 -1 6 4 -1 5 5 
40 5 5 6 4 6 4 4 6 6 -1 6 6 4 -1 4 6 5 -1 5 
4 4 4 -1 6 6 8 6 -1 4 4 6 6 4 4 4 6 6 42 5 
5 4 4 4 4 -1 6 6 6 4 5 5 4 -1 6 4 6 -1 42 34 
4 4 4 4 5 -1 4 4 4 -1 6 4 2 2 2 2 32 4 4 4 
6 4 -1 -1 5 2 4 4 -1 6 6 2 2 2 2 3 4 4 4 4 
4 6 2 5 2 2 4 2 5 2 2 4 2 -1 -1 -1 4 4 4 4 
4 2 6 6 2 6 2 2 5 4 6 12 4 4 4 4 -1 4 4 4 
2 6 -1 -1 4 6 4 4 6 6 -1 -1 6 6 4 4 4 -1 4 4 
4 4 4 4 4 4 4 4 4 -1 6 -1 -1 2 2 2 4 4 4 4 
9 4 4 4 4 4 4 4 4 4 4 4 4 -1 4 4 2 4 -1 9 
6 6 -1 4 4 4 4 4 4 6 4 4 4 4 2 2 4 -1 6 -1 
6 6 4 -1 4 -1 4 4 4 4 4 4 4 4 4 4 6 6 6 6 
6 6 -1 4 4 4 4 4 4 4 4 4 4 -1 -1 4 -1 6 6 -1 
4 6 -1 4 -1 -1 4 4 -1 4 4 6 6 6 2 6 -1 4 2 -1 
4 6 6 4 4 -1 -1 4 4 4 6 4 4 4 6 2 4 2 2 3 
6 6 6 6 -1 4 4 4 4 4 4 4 4 2 4 4 3 3 3 4 
6 4 4 6 6 4 4 4 4 4 4 4 -1 4 4 2 4 2 2 3 
-1 2 6 4 4 4 4 -1 4 4 4 2 2 2 2 2 2 -1 -1 3 
2 2 4 4 6 4 6 6 4 4 4 4 2 2 2 2 4 2 -1 6 
6 2 4 -1 4 6 4 6 4 4 -1 4 -1 2 2 4 4 6 2 6 
4 4 6 1 7 -1 -1 -1 4 6 6 -1 32 2 2 2 2 6 6 2 
4 1 1 4 7 6 4 4 4 2 6 2 2 2 2 -1 4 4 6 4 
4 4 4 -1 7 7 4 4 8 6 2 2 2 2 2 -1 4 4 4 4 
1 2 6 6 4 4 4 -1 6 -1 2 4 6 4 4 1 1 -1 4 4 
4 4 4 4 4 4 -1 6 6 4 4 4 6 6 1 6 1 4 4 4 
-1 6 4 4 4 4 -1 -1 6 -1 4 4 4 -1 5 -1 6 4 4 -1 
-1 -1 4 4 -1 4 -1 -1 6 4 6 4 4 -1 5 -1 4 4 4 4 
6 6 -1 4 2 -1 6 2 -1 4 2 2 -1 4 4 6 4 4 4 -1 
-1 -1 6 2 2 -1 6 2 2 4 2 2 4 4 -1 5 6 4 4 -1 
-1 1 4 2 2 -1 2 2 6 4 4 4 4 -1 5 4 4 4 6 4 
1 1 2 5 2 2 2 2 6 -1 6 4 -1 4 4 4 4 4 4 6 
4 1 5 2 2 6 2 4 2 4 6 6 -1 -1 5 4 4 6 4 4 
4 1 5 4 -1 6 6 -1 -1 4 6 4 4 5 4 -1 6 4 4 4 
1 1 5 2 2 2 2 4 4 4 6 6 4 4 4 -1 6 4 4 4 
4 1 -1 4 2 2 4 2 2 6 4 4 4 4 4 4 6 5 4 4 
4 4 4 4 2 2 4 4 -1 6 4 4 4 4 4 4 4 -1 4 4 
4 4 4 4 2 2 4 -1 4 4 4 4 4 -1 4 4 4 4 -1 -1 
-1 4 4 4 -1 4 2 4 4 4 32 4 4 -1 4 4 4 4 4 -1 
4 -1 4 -1 4 -1 4 4 4 4 4 4 4 4 4 4 4 4 -1 4 
4 4 2 4 4 -1 2 4 2 4 4 4 4 4 4 4 4 4 -1 4 
-1 4 4 4 6 6 4 2 2 2 4 4 4 -1 4 4 4 4 -1 4 
-1 4 6 6 4 6 4 4 2 2 2 4 4 4 -1 4 4 4 4 4 
2 2 -1 6 6 4 4 -1 2 2 2 2 4 4 4 4 4 4 4 4 
4 4 6 4 4 4 -1 -1 -1 4 4 1 1 -1 1 4 4 4 4 4 
4 4 4 4 2 6 4 4 -1 4 4 1 4 -1 4 4 -1 1 4 4 
4 4 4 4 6 4 4 4 4 -1 4 1 4 4 32 4 4 4 4 4 
4 4 4 6 4 2 4 -1 -1 4 -1 -1 1 32 4 4 4 4 4 4 
-1 4 4 4 4 4 2 2 1 1 4 6 1 4 4 4 4 4 4 4 
4 4 4 4 4 -1 2 2 4 6 4 4 4 4 4 4 4 4 4 4 
4 4 -1 4 4 4 2 2 4 4 4 4 -1 4 4 4 4 8 4 8 
6 4 -1 4 4 4 4 2 4 6 4 4 4 4 4 4 4 4 8 8 
8 -1 -1 -1 4 4 6 6 4 4 4 -1 4 4 -1 -1 4 8 4 4 
-1 6 6 4 4 4 4 4 4 4 6 4 -1 4 4 4 4 4 4 6 
4 4 6 2 -1 -1 4 4 4 6 -1 4 4 4 6 4 4 4 6 4 
4 4 6 6 2 6 4 4 6 40 6 6 4 4 6 4 4 5 4 4 
1 -1 6 6 6 6 -1 40 40 4 6 6 1 4 1 1 -1 -1 1 4 
1 4 6 1 6 6 -1 6 6 6 4 -1 1 1 1 1 1 1 1 1 
-1 4 1 4 1 6 6 6 6 4 4 6 -1 -1 1 4 1 1 4 1 
4 4 -1 4 4 6 6 6 4 4 4 4 4 1 1 -1 4 4 4 4 
4 4 4 4 4 4 4 6 4 4 4 4 1 1 -1 4 -1 -1 -1 4 
4 4 -1 4 4 4 6 4 4 4 4 17 1 -1 4 4 4 4 -1 4 
-1 4 4 -1 4 -1 -1 -1 4 1 1 1 1 4 4 4 4 4 -1 1 
-1 4 4 6 4 6 6 -1 -1 -1 1 1 1 4 1 -1 4 4 4 -1 
4 4 2 -1 6 2 -1 2 2 4 2 -1 2 -1 4 4 2 -1 4 4 
4 4 2 -1 -1 -1 2 2 2 2 2 2 -1 4 2 -1 -1 -1 4 -1 
4 4 -1 4 -1 -1 -1 -1 4 4 4 4 4 2 -1 -1 4 4 -1 4 
4 4 -1 4 4 4 1 4 -1 4 4 -1 4 4 2 4 4 4 4 -1 
4 4 4 4 6 1 4 4 4 4 4 -1 4 4 4 -1 4 4 4 4 
1 4 4 1 4 4 -1 1 1 -1 4 -1 4 4 -1 4 4 4 4 1 
4 4 4 4 4 4 6 -1 6 2 -1 4 4 4 4 4 4 -1 -1 -1 
-1 1 6 8 4 4 6 -1 6 2 2 4 4 4 32 -1 32 4 6 -1 
6 6 1 4 4 -1 4 2 2 6 6 4 32 3 4 32 32 4 6 6 
6 6 4 4 4 4 4 2 2 6 6 -1 4 3 32 32 -1 32 1 6 
6 4 4 4 4 -1 4 6 6 6 6 3 3 -1 4 4 32 4 4 4 
-1 -1 4 4 4 4 -1 -1 6 6 6 4 -1 4 4 -1 4 4 4 4 
-1 -1 4 4 4 4 4 4 -1 -1 4 -1 4 4 4 4 -1 -1 4 4 
4 4 4 4 4 4 4 4 4 4 4 4 4 4 4 4 4 -1 -1 4 
4 4 4 4 2 2 4 4 4 -1 4 4 4 1 1 4 4 4 -1 -1 
-1 4 -1 2 4 4 4 4 4 4 4 -1 1 1 1 -1 -1 4 4 -1 
1 4 4 4 2 2 4 4 4 4 4 -1 4 4 1 4 -1 2 4 4 
-1 -1 4 1 1 2 -1 -1 4 4 -1 4 4 4 4 4 4 -1 4 4 
-1 -1 -1 4 4 2 -1 4 4 4 -1 4 4 4 4 4 1 4 4 2 
4 2 2 4 4 -1 -1 2 4 4 4 4 4 4 4 4 4 4 4 4 
4 4 -1 4 4 6 6 6 4 -1 4 4 4 6 6 4 4 4 4 -1 
4 4 4 4 4 -1 6 -1 4 4 4 4 -1 4 4 4 4 4 -1 -1 
-1 -1 4 4 4 4 -1 4 4 4 4 4 4 4 4 4 4 4 -1 -1 
4 4 6 6 4 2 1 1 1 -1 1 4 -1 -1 4 4 4 4 -1 -1 
4 4 4 -1 4 4 1 4 1 6 6 1 4 4 6 4 4 -1 4 4 
4 4 -1 4 4 1 3 1 4 4 4 4 4 4 6 4 4 4 4 4 
-1 4 4 -1 -1 3 4 4 1 4 4 4 4 4 6 6 4 4 4 4 
-1 4 4 4 3 -1 3 3 1 4 4 -1 4 4 4 4 4 4 4 4 
4 4 -1 3 3 1 1 1 4 4 4 4 4 4 4 4 -1 4 4 2 
4 1 1 3 3 1 1 3 4 4 4 4 -1 4 4 1 4 4 4 2 
4 -1 3 32 32 1 1 4 3 6 4 6 4 4 4 -1 1 4 4 -1 
4 4 3 32 3 3 3 3 -1 -1 6 4 6 1 4 1 1 2 -1 2 
4 4 -1 3 3 3 1 1 4 4 4 4 1 4 4 1 -1 -1 2 2 
4 1 -1 -1 3 2 6 6 4 4 4 6 4 1 4 4 4 4 4 -1 
4 -1 1 -1 1 2 -1 -1 2 4 4 3 4 4 4 4 -1 4 2 -1 
4 -1 1 1 4 4 -1 2 2 4 1 4 4 4 4 4 2 2 2 2 
-1 -1 4 1 4 -1 2 4 4 4 4 1 4 4 1 1 4 2 2 4 
4 4 1 4 -1 -1 2 2 -1 4 4 1 4 4 -1 1 -1 2 4 4 
4 -1 -1 4 4 -1 40 -1 4 6 6 4 4 4 1 -1 -1 4 4 -1 
4 4 -1 6 4 6 6 4 4 6 6 -1 4 1 4 4 4 4 4 4 
-1 32 -1 4 4 10 4 4 4 4 4 4 4 4 4 4 32 32 8 -1 
8 8 8 4 4 4 10 4 4 4 4 4 4 4 4 -1 6 6 6 8 
8 4 4 4 -1 4 4 4 4 -1 4 4 4 4 4 4 4 6 -1 8 
4 -1 4 -1 4 4 4 4 4 4 -1 4 -1 4 -1 -1 4 -1 -1 8 
-1 3 4 4 4 4 6 6 6 6 4 -1 -1 4 -1 -1 4 6 6 40 
3 4 4 4 4 6 4 6 8 8 4 4 4 8 6 6 6 40 40 -1 
2 4 4 4 4 4 -1 8 8 4 4 6 6 6 8 6 6 -1 -1 40 
2 4 4 4 4 4 4 4 -1 4 4 4 4 4 4 4 -1 -1 -1 4 
4 2 4 4 4 4 4 4 4 6 6 4 4 -1 4 6 -1 -1 4 4 
4 4 -1 4 -1 4 4 4 4 4 4 4 4 -1 4 6 6 6 4 4 
4 -1 4 4 4 4 4 1 1 4 4 4 4 -1 4 4 4 6 6 4 
6 -1 -1 4 2 4 4 4 4 1 1 4 4 4 6 4 6 4 4 6 
-1 4 -1 -1 2 2 8 -1 4 4 1 -1 4 4 -1 4 -1 4 4 -1 
4 4 32 32 2 8 2 4 2 4 4 4 4 -1 4 4 4 -1 2 4 
-1 4 8 32 32 2 2 2 -1 4 4 4 4 -1 4 4 4 4 32 2 
4 32 8 8 32 2 2 4 4 4 3 4 -1 1 4 4 4 32 32 32 
4 4 4 8 4 -1 8 4 4 3 4 3 3 1 4 -1 4 32 32 32 
32 8 -1 32 -1 8 4 4 4 4 4 3 3 4 4 4 4 4 32 32 
-1 8 8 32 4 8 8 8 2 4 4 3 4 4 4 4 4 32 8 32 
32 8 32 4 4 4 2 4 2 -1 4 4 3 4 4 -1 4 8 32 8 
4 -1 4 6 4 4 4 6 4 4 8 4 4 4 -1 4 8 6 -1 4 
4 4 4 4 2 4 4 4 8 4 10 4 -1 -1 4 4 8 8 4 6 
6 -1 6 -1 4 2 4 -1 -1 -1 10 10 10 10 -1 4 4 8 4 4 
6 6 6 7 7 7 6 2 32 4 4 10 -1 6 6 4 -1 8 -1 6 
-1 6 -1 -1 7 7 6 32 -1 32 6 10 4 6 6 4 6 6 6 6 
6 6 4 4 -1 32 32 4 -1 -1 6 6 6 32 6 6 6 6 6 6 
6 4 4 4 4 -1 4 -1 4 -1 -1 -1 4 6 6 4 -1 6 -1 -1 
4 6 4 -1 -1 -1 4 -1 4 -1 6 6 6 6 4 4 6 -1 6 6 
4 6 4 4 4 4 4 4 4 4 -1 6 6 6 6 6 6 7 7 6 
4 4 4 4 -1 -1 6 4 6 -1 -1 4 6 4 -1 4 4 6 7 4 
4 4 4 1 1 8 6 6 4 4 4 4 4 6 4 4 4 4 -1 4 
1 1 8 1 1 8 8 6 4 4 4 -1 -1 -1 4 4 -1 6 4 4 
-1 1 1 8 8 8 -1 -1 4 1 1 1 8 8 8 4 6 4 8 8 
8 8 8 1 4 8 4 4 4 4 1 4 1 8 8 -1 6 1 1 8 
8 8 8 8 1 4 4 4 6 4 4 4 4 8 8 6 6 6 6 -1 
8 8 8 4 4 4 4 4 4 6 6 6 8 6 8 6 1 6 1 1 
1 8 2 2 4 4 4 4 4 8 6 4 8 6 6 -1 -1 1 1 1 
4 2 6 6 2 4 4 4 -1 8 4 6 6 4 -1 6 6 6 -1 4 
4 4 4 4 4 6 4 4 6 4 -1 8 4 4 5 6 6 6 -1 -1 
6 6 6 4 4 -1 6 8 6 -1 -1 8 4 -1 4 4 6 6 6 4 
4 7 7 -1 7 2 7 6 2 4 4 6 4 4 -1 -1 4 4 40 4 
7 7 6 6 7 7 7 4 4 4 4 4 4 4 -1 4 4 4 40 4 
5 7 7 6 6 6 7 4 -1 -1 4 4 4 4 -1 2 4 4 -1 -1 
5 5 7 5 6 5 6 -1 -1 4 4 4 4 -1 2 -1 -1 4 4 5 
7 7 5 8 5 7 5 5 4 4 4 4 4 -1 -1 -1 4 7 -1 7 
7 7 6 5 8 5 5 5 5 4 4 4 6 4 -1 4 4 7 7 4 
8 1 1 5 -1 -1 5 4 4 4 4 4 4 6 4 4 4 4 4 4 
1 1 8 8 8 40 40 -1 4 -1 4 4 4 4 4 4 4 4 4 8 
8 -1 -1 2 2 -1 -1 -1 4 4 4 4 4 7 -1 4 40 4 8 8 
8 8 8 2 2 -1 -1 4 4 4 4 4 4 7 7 7 4 8 4 8 
-1 6 8 8 6 -1 6 4 4 6 6 4 6 6 -1 7 4 4 8 8 
8 6 6 6 6 6 6 6 6 4 6 6 6 6 6 4 4 4 -1 8 
8 8 8 6 6 6 6 4 6 6 6 6 6 6 4 -1 2 8 8 -1 
8 8 7 6 6 6 6 6 4 6 6 4 -1 4 4 6 6 6 -1 -1 
-1 4 -1 7 7 6 -1 4 4 4 4 4 4 4 4 4 6 6 4 -1 
4 4 7 7 7 7 7 4 4 -1 4 4 4 4 -1 2 4 6 4 4 
4 4 7 7 7 7 7 2 4 2 4 -1 4 4 4 -1 6 -1 6 -1 
4 4 4 7 7 2 2 2 6 2 2 6 6 6 6 -1 -1 -1 6 4 
5 4 7 6 7 -1 -1 4 2 6 6 6 6 -1 -1 -1 4 40 40 4 
7 7 7 -1 7 7 7 4 6 4 4 6 -1 4 4 4 4 4 40 4 
3 3 2 2 4 6 4 6 2 2 -1 4 4 2 4 5 5 -1 -1 4 
-1 -1 3 2 -1 6 6 6 6 2 2 -1 4 2 5 -1 -1 -1 -1 3 
4 -1 -1 2 6 6 6 6 2 6 -1 2 2 2 2 -1 40 40 3 4 
3 48 2 -1 6 2 6 2 6 6 -1 -1 2 2 -1 4 40 -1 3 4 
-1 48 2 2 2 2 6 7 2 6 6 2 -1 2 2 -1 40 -1 3 3 
-1 48 32 2 2 2 2 2 7 7 6 6 6 -1 6 -1 -1 6 3 32 
6 32 32 8 -1 2 2 2 7 6 7 7 6 2 -1 6 6 6 -1 32 
6 -1 4 4 4 -1 2 2 2 2 2 2 -1 6 2 2 6 6 6 6 
6 6 -1 4 4 2 4 -1 2 2 2 2 2 -1 2 6 6 6 6 6 
6 6 4 -1 3 4 2 5 5 2 2 6 5 6 4 -1 6 -1 6 6 
6 6 4 4 3 3 3 5 2 3 -1 5 6 6 6 6 6 6 6 6 
6 8 4 4 4 -1 3 -1 3 4 4 6 6 6 40 40 40 -1 6 6 
40 4 4 4 6 6 8 8 4 4 6 -1 6 6 -1 40 -1 40 -1 6 
40 40 -1 8 3 8 -1 3 -1 -1 7 6 6 6 4 40 40 -1 40 40 
40 6 6 3 2 8 3 2 4 7 7 6 6 -1 6 -1 40 -1 -1 -1 
-1 -1 6 2 2 2 2 4 4 40 40 33 40 2 -1 6 40 40 40 6 
6 6 6 2 2 2 2 2 40 40 40 40 4 40 6 2 10 40 40 40 
-1 6 2 -1 6 -1 2 33 3 6 6 4 -1 4 -1 10 40 40 40 -1 
6 6 2 -1 6 6 33 -1 6 6 2 6 4 6 -1 -1 -1 40 40 3 
3 2 3 6 -1 6 40 40 -1 2 4 4 4 4 6 -1 -1 40 4 4 
6 4 -1 6 40 -1 4 40 -1 -1 4 4 -1 4 2 4 4 -1 2 6 
6 6 4 -1 6 4 6 6 6 -1 6 4 4 4 2 6 6 32 32 6 
6 40 -1 -1 3 3 6 6 4 -1 4 4 -1 4 2 6 6 6 6 6 
6 6 40 3 3 3 6 4 4 4 6 4 -1 4 4 6 6 6 6 6 
6 40 -1 40 40 40 6 6 4 -1 6 4 2 6 6 -1 32 6 32 -1 
6 -1 40 3 32 3 32 6 6 6 7 -1 6 2 -1 -1 32 32 6 6 
4 -1 40 40 32 32 4 6 6 -1 7 7 32 6 6 32 6 32 6 6 
4 40 40 -1 -1 -1 6 6 6 -1 7 7 -1 2 6 6 32 6 32 6 
4 32 33 40 40 4 40 6 6 6 -1 2 2 4 -1 4 6 4 4 6 
40 40 40 40 40 4 40 6 4 6 -1 2 -1 4 4 -1 4 32 6 4 
41 41 32 32 32 40 32 6 6 2 2 2 4 6 40 40 32 6 -1 -1 
4 41 40 32 40 32 40 6 2 6 2 2 4 40 6 40 6 -1 40 -1 
4 -1 -1 40 40 32 -1 -1 6 2 6 4 -1 40 40 40 8 40 -1 4 
4 32 32 -1 40 40 -1 2 6 6 -1 40 40 40 40 -1 40 -1 -1 -1 
8 8 8 -1 -1 40 2 2 -1 4 7 40 40 -1 40 40 8 8 8 -1 
8 8 8 -1 4 2 40 40 40 4 40 40 40 40 40 40 -1 8 8 -1 
4 4 -1 4 40 40 2 40 1 40 40 4 40 -1 40 40 -1 8 -1 2 
-1 4 40 -1 -1 -1 4 1 40 8 4 2 -1 2 -1 40 2 2 2 2 
4 4 4 40 -1 40 2 40 8 8 8 8 -1 2 40 2 -1 2 2 4 
4 4 40 -1 -1 -1 -1 4 40 4 -1 8 2 2 2 2 2 4 -1 6 
32 -1 3 3 3 -1 32 32 32 32 32 -1 32 32 32 32 32 -1 3 40 
-1 -1 -1 4 -1 3 33 32 32 4 -1 32 -1 -1 -1 32 32 -1 40 3 
-1 -1 -1 4 32 -1 -1 32 4 4 4 4 4 4 4 -1 4 -1 -1 -1 
-1 -1 -1 -1 40 40 4 32 32 4 4 9 4 -1 4 4 4 40 -1 -1 
2 41 -1 40 8 40 -1 4 -1 32 4 -1 9 4 4 -1 4 4 -1 2 
4 4 2 32 40 32 -1 40 4 4 -1 -1 4 4 4 4 -1 -1 4 -1 
4 2 2 40 40 -1 32 11 11 -1 -1 4 4 4 41 4 -1 4 4 4 
4 40 2 40 -1 -1 11 -1 11 9 4 -1 4 41 41 41 2 -1 -1 14 
2 40 40 40 -1 -1 11 11 11 40 4 4 4 41 41 4 40 32 -1 14 
-1 -1 40 -1 -1 -1 11 40 40 11 4 4 41 4 4 40 32 32 40 2 
-1 -1 -1 40 2 11 3 40 40 40 4 4 32 4 4 -1 32 32 -1 -1 
1 1 9 2 3 3 40 -1 40 -1 32 40 32 41 41 9 -1 -1 1 -1 
1 9 9 9 3 32 32 32 32 4 4 32 40 9 9 9 32 32 -1 1 
3 3 3 3 3 3 3 -1 -1 -1 4 40 40 40 9 32 -1 32 1 1 
-1 3 3 3 4 4 4 4 40 32 32 -1 40 40 9 9 1 1 1 1 
2 -1 -1 3 3 4 -1 4 2 32 32 32 32 -1 -1 9 1 1 1 2 
1 -1 3 3 3 -1 -1 3 2 8 32 32 -1 32 40 1 -1 2 2 1 
3 -1 -1 3 3 3 32 32 8 8 32 -1 32 32 40 40 32 -1 2 2 
3 6 -1 3 3 3 32 32 3 -1 -1 32 -1 -1 32 32 32 2 2 2 
2 4 3 3 3 3 3 33 32 32 32 32 -1 -1 32 32 32 2 3 3 
40 40 6 40 32 32 32 40 32 -1 32 2 40 40 2 2 2 2 40 2 
8 6 40 40 -1 32 32 40 40 32 6 32 32 32 2 -1 2 40 2 2 
-1 4 4 40 32 -1 -1 40 40 32 -1 6 40 2 2 2 -1 2 2 40 
40 40 4 -1 6 6 40 -1 -1 -1 32 40 40 2 2 16 4 40 40 40 
40 4 -1 1 -1 32 40 32 -1 6 32 6 -1 2 4 4 -1 40 40 40 
40 -1 3 1 40 40 40 8 32 32 6 32 32 32 17 4 -1 40 40 33 
33 2 -1 40 40 -1 40 8 8 32 32 8 16 17 16 16 16 14 4 17 
2 2 2 40 40 1 8 40 32 32 32 -1 -1 16 16 2 16 2 40 17 
2 2 2 40 -1 40 8 3 32 32 -1 32 32 2 2 16 2 16 41 41 
2 2 -1 40 40 -1 -1 3 32 40 -1 -1 32 2 2 2 16 -1 16 2 
2 -1 2 40 40 40 40 32 40 -1 32 -1 4 16 4 32 4 16 2 2 
2 32 40 40 -1 40 7 7 32 -1 32 8 8 16 32 4 4 2 2 32 
32 32 32 32 -1 40 7 32 32 4 8 8 8 16 4 4 4 2 2 2 
32 32 32 40 40 2 -1 32 32 32 32 8 8 8 4 4 32 4 -1 32 
3 3 3 40 2 2 -1 32 32 32 32 8 8 8 8 2 32 -1 32 2 
3 2 3 3 2 2 32 32 40 -1 32 2 32 2 32 32 2 -1 32 -1 
3 2 3 40 32 32 40 32 40 -1 2 2 -1 32 2 -1 2 2 40 -1 
40 40 40 40 40 32 32 40 32 32 4 32 32 -1 2 2 2 40 40 -1 
40 40 40 -1 32 32 32 4 4 -1 4 2 40 2 2 2 2 40 40 40 
40 40 40 32 32 32 32 40 32 32 2 32 2 40 -1 2 2 40 40 40 
40 13 40 13 13 40 6 1 1 1 -1 8 8 8 4 4 4 -1 32 32 
40 13 13 40 40 40 -1 1 1 8 8 -1 8 8 -1 4 4 32 32 -1 
3 40 -1 40 40 1 1 1 40 -1 8 2 2 1 36 36 4 36 -1 40 
40 40 -1 40 40 3 40 40 40 40 40 2 1 1 36 40 40 -1 -1 -1 
40 40 40 -1 3 40 -1 40 40 40 40 1 1 1 -1 -1 40 -1 40 40 
-1 40 40 40 1 1 3 40 -1 40 1 1 14 14 1 -1 1 6 40 40 
40 40 8 40 -1 1 1 -1 40 -1 1 12 14 1 1 1 1 40 40 41 
40 8 40 32 1 1 1 1 1 40 3 12 14 14 4 4 1 40 40 40 
40 40 1 1 1 1 40 3 -1 3 40 40 12 4 40 40 1 40 1 40 
40 40 1 1 1 12 1 -1 -1 40 40 40 4 4 40 14 1 1 1 40 
-1 40 40 1 -1 1 12 -1 40 40 40 40 12 12 4 40 2 2 -1 40 
-1 40 1 1 -1 32 32 -1 40 40 40 -1 12 12 -1 -1 40 5 -1 5 
5 -1 -1 32 -1 32 32 32 6 6 -1 12 12 5 5 -1 5 5 6 6 
32 -1 32 32 32 32 32 32 6 -1 12 -1 4 12 5 5 5 5 8 6 
32 -1 40 32 32 32 32 6 32 6 6 12 6 12 6 8 8 8 6 8 
7 40 32 40 32 32 -1 -1 6 6 -1 -1 12 -1 6 6 8 8 8 4 
7 32 40 -1 6 32 -1 6 6 6 12 12 -1 8 8 6 6 8 4 8 
8 7 -1 40 -1 6 -1 -1 6 6 12 12 8 8 6 -1 8 8 8 8 
-1 40 40 40 40 6 -1 -1 6 -1 8 8 8 8 8 8 8 8 8 8 
40 40 40 40 13 6 -1 6 32 -1 8 32 8 8 8 4 6 6 4 -1 
3 3 3 3 3 3 3 3 3 6 6 6 -1 -1 40 -1 -1 3 6 3 
5 3 -1 3 3 4 4 40 40 6 -1 -1 -1 -1 32 3 3 3 6 3 
12 3 3 3 3 -1 4 40 -1 -1 6 -1 6 40 40 3 -1 3 3 5 
12 3 3 3 1 4 -1 -1 -1 6 -1 6 40 40 40 -1 3 -1 3 40 
3 3 3 4 4 4 4 2 2 -1 32 32 6 40 40 40 -1 3 40 3 
-1 -1 4 -1 4 4 4 4 6 6 32 -1 40 40 -1 -1 40 40 40 3 
6 -1 11 11 9 -1 6 4 -1 6 -1 32 32 40 -1 40 40 40 6 -1 
1 -1 -1 9 -1 6 6 6 -1 -1 6 40 40 -1 40 40 1 4 -1 1 
-1 6 3 -1 40 6 6 6 6 6 6 6 -1 -1 -1 4 1 1 4 1 
-1 -1 -1 3 -1 40 6 40 6 -1 6 6 40 -1 1 1 40 4 6 6 
-1 32 32 32 -1 40 40 40 4 6 4 40 -1 1 -1 -1 -1 -1 40 6 
32 32 32 -1 32 6 40 6 6 4 4 -1 40 40 40 40 -1 32 32 32 
-1 32 32 32 32 32 6 6 32 6 4 40 40 40 40 40 40 40 32 32 
-1 32 32 32 2 2 32 32 32 6 6 40 40 40 40 -1 40 40 40 -1 
-1 -1 2 32 2 -1 32 32 32 6 -1 4 40 40 40 40 32 32 2 2 
2 2 -1 32 -1 2 2 6 1 32 -1 6 4 4 40 40 40 40 -1 -1 
2 -1 40 40 3 2 3 6 6 3 -1 6 4 40 40 40 40 40 -1 -1 
-1 40 3 -1 40 3 3 3 3 6 -1 40 40 -1 40 32 40 -1 40 -1 
3 3 3 8 3 3 3 8 -1 -1 6 6 40 40 4 40 -1 -1 6 3 
3 3 -1 3 3 3 3 3 -1 6 6 2 40 -1 40 40 -1 -1 3 3 
2 32 2 32 4 2 3 -1 -1 6 6 6 6 6 6 6 6 6 6 6 
32 2 2 32 4 32 2 10 -1 6 6 6 6 6 6 2 -1 6 2 -1 
2 2 2 4 2 -1 32 4 1 1 1 1 6 6 -1 40 40 6 40 2 
-1 -1 3 4 -1 2 4 4 1 1 -1 6 6 -1 6 4 6 -1 6 2 
-1 -1 4 40 4 -1 4 4 -1 -1 1 6 6 6 6 6 6 6 6 2 
-1 3 3 3 4 -1 4 -1 -1 -1 -1 6 -1 6 2 6 -1 6 -1 2 
-1 3 -1 11 -1 -1 4 2 -1 6 -1 -1 -1 -1 6 6 2 -1 6 -1 
2 -1 -1 11 3 -1 -1 2 -1 6 6 -1 1 1 2 2 -1 6 3 2 
2 2 11 11 11 3 2 -1 -1 -1 -1 -1 1 -1 -1 -1 -1 2 6 4 
4 3 2 3 -1 -1 1 1 -1 -1 -1 -1 6 -1 -1 -1 2 2 2 4 
3 3 -1 3 3 1 -1 6 -1 6 6 6 -1 -1 10 3 -1 -1 -1 4 
-1 3 -1 -1 3 -1 -1 -1 6 6 6 6 8 10 3 8 8 -1 4 4 
-1 32 -1 3 3 -1 -1 6 6 6 6 6 10 8 8 8 8 -1 4 -1 
32 -1 4 3 3 3 6 6 6 -1 6 2 10 8 8 4 -1 4 -1 -1 
-1 -1 4 -1 -1 -1 32 -1 -1 6 -1 -1 2 10 4 -1 8 8 -1 -1 
-1 -1 -1 4 32 32 4 -1 6 -1 2 2 40 8 -1 -1 8 8 8 -1 
-1 4 4 4 32 4 4 4 -1 6 2 -1 -1 40 -1 8 8 8 8 -1 
4 32 4 -1 32 -1 4 -1 -1 2 2 6 -1 2 40 8 8 -1 6 8 
6 -1 32 32 32 4 4 4 4 4 4 1 1 -1 2 -1 6 8 6 6 
6 32 32 32 32 3 4 -1 -1 -1 6 6 6 2 -1 2 6 6 6 2 
-1 4 4 -1 -1 -1 -1 10 10 10 10 -1 -1 -1 -1 -1 -1 -1 4 4 
4 4 4 4 -1 2 2 -1 -1 2 -1 2 -1 -1 -1 -1 4 4 4 -1 
10 -1 10 10 -1 -1 -1 -1 2 -1 2 -1 -1 2 2 -1 4 4 4 4 
-1 10 10 10 -1 -1 -1 2 2 2 2 -1 -1 2 -1 -1 -1 -1 6 -1 
-1 10 10 10 1 1 2 -1 -1 -1 6 2 -1 -1 -1 -1 -1 -1 6 -1 
-1 10 -1 1 10 10 -1 2 -1 2 6 6 -1 -1 -1 -1 10 -1 -1 -1 
4 10 10 1 4 6 2 6 6 -1 2 -1 6 -1 -1 10 -1 -1 -1 -1 
-1 -1 6 6 4 6 6 6 6 6 6 6 -1 6 6 -1 -1 6 6 4 
2 6 6 6 -1 -1 6 -1 6 -1 6 6 6 6 6 6 6 6 4 4 
-1 6 6 6 6 6 -1 1 6 -1 1 1 6 6 -1 6 4 4 4 2 
6 6 6 6 6 -1 6 1 6 -1 1 1 1 -1 4 4 4 2 2 2 
6 6 -1 6 -1 -1 1 -1 1 -1 -1 4 -1 -1 4 4 4 4 4 4 
4 -1 -1 -1 6 6 -1 1 -1 -1 -1 -1 -1 1 -1 -1 4 -1 2 4 
4 -1 4 -1 4 -1 -1 -1 -1 10 -1 1 -1 1 1 -1 -1 4 4 4 
6 6 4 4 4 6 -1 -1 10 10 10 -1 1 1 1 -1 1 4 4 6 
4 4 6 4 10 6 10 -1 10 10 10 2 2 1 1 1 4 -1 -1 4 
4 4 4 -1 6 10 -1 10 -1 10 10 -1 1 -1 1 -1 -1 4 4 4 
4 -1 -1 4 6 6 10 -1 -1 10 10 10 1 1 1 1 -1 4 -1 4 
-1 -1 -1 10 4 4 2 8 10 10 -1 10 1 1 1 -1 4 4 4 -1 
-1 4 4 -1 10 4 4 -1 10 10 10 10 1 1 -1 -1 -1 -1 -1 4 
6 6 6 3 3 2 3 3 3 -1 1 -1 4 4 5 5 5 6 -1 6 
6 6 6 3 3 2 2 3 3 3 -1 5 5 5 -1 5 -1 5 6 6 
-1 4 4 6 -1 3 3 3 3 -1 3 -1 5 5 5 -1 5 5 5 6 
4 -1 4 -1 3 3 3 3 -1 3 3 -1 5 5 -1 5 5 5 4 -1 
4 4 -1 -1 3 3 3 3 3 -1 -1 -1 -1 8 -1 -1 5 5 -1 4 
-1 4 -1 3 3 3 3 3 3 -1 -1 -1 8 8 -1 -1 5 5 -1 -1 
-1 4 -1 -1 3 1 -1 3 3 -1 4 -1 -1 8 -1 -1 4 -1 -1 10 
4 4 5 3 -1 3 -1 4 4 4 4 -1 -1 5 5 4 5 4 4 10 
5 4 4 3 -1 4 4 4 4 4 -1 -1 5 8 5 5 4 5 5 4 
4 4 5 42 14 2 5 5 5 4 5 5 5 5 -1 5 3 3 5 4 
4 4 5 14 42 2 5 5 -1 5 4 5 5 5 5 5 3 5 5 -1 
-1 4 5 -1 42 2 5 -1 10 10 5 5 6 -1 5 5 5 5 5 4 
-1 -1 5 5 -1 5 -1 10 10 10 -1 -1 5 5 5 5 5 5 5 4 
2 4 4 -1 5 4 -1 -1 4 -1 6 6 -1 5 5 -1 5 5 2 2 
2 4 4 4 4 4 -1 -1 4 6 6 2 6 5 5 5 5 2 2 -1 
-1 4 4 4 4 -1 3 3 4 4 2 6 5 6 -1 5 5 2 2 -1 
2 -1 1 1 4 4 3 3 5 -1 6 -1 4 -1 5 5 2 -1 2 2 
2 2 4 -1 4 3 3 5 1 6 4 4 -1 -1 5 5 2 -1 2 -1 
2 -1 6 -1 3 3 3 5 6 -1 4 2 6 5 -1 -1 -1 2 2 -1 
7 6 6 6 3 3 6 3 3 -1 1 4 -1 5 5 5 5 5 6 7 
4 4 -1 1 1 1 1 1 -1 3 3 3 3 -1 5 5 5 4 5 -1 
5 4 1 1 1 1 1 1 -1 3 3 3 -1 5 5 5 5 5 5 5 
4 4 -1 1 2 2 2 4 3 33 -1 33 -1 -1 5 5 5 5 5 -1 
4 5 -1 2 -1 2 2 1 5 5 33 33 33 -1 5 -1 5 5 5 -1 
-1 4 6 2 2 4 4 4 4 33 33 33 -1 5 -1 5 5 5 6 5 
6 6 6 -1 4 4 4 4 4 2 -1 33 -1 5 5 5 3 5 5 6 
6 6 -1 -1 4 4 4 4 33 2 -1 -1 -1 2 5 3 5 5 5 6 
6 6 6 -1 6 -1 -1 33 -1 33 -1 2 2 -1 -1 5 -1 5 -1 5 
-1 -1 6 6 -1 4 4 -1 33 2 2 2 2 -1 5 5 5 5 5 -1 
1 -1 -1 -1 6 4 -1 -1 2 33 -1 2 2 -1 5 5 -1 5 5 1 
4 4 5 -1 4 -1 5 5 -1 -1 6 4 2 -1 -1 -1 -1 5 5 4 
5 5 5 -1 4 -1 -1 2 -1 2 4 6 6 2 4 -1 5 5 5 5 
-1 5 5 -1 -1 4 2 2 -1 2 3 6 1 1 1 4 -1 5 -1 -1 
-1 3 5 32 -1 2 6 5 6 -1 3 -1 1 -1 5 5 5 5 5 6 
6 3 5 6 6 3 6 6 5 6 -1 5 -1 4 4 11 11 5 -1 -1 
6 -1 3 3 6 3 -1 6 -1 5 5 -1 4 4 4 4 -1 11 1 -1 
4 2 -1 3 3 3 3 -1 6 4 4 4 -1 4 4 4 -1 -1 4 4 
2 3 3 3 3 3 5 5 6 5 5 -1 3 3 3 4 4 -1 -1 -1 
-1 -1 1 -1 -1 5 5 5 -1 1 5 5 4 4 3 -1 4 -1 1 -1 
4 1 1 -1 1 1 1 5 1 1 3 3 4 -1 4 3 -1 5 -1 4 
1 1 1 1 1 1 1 1 1 1 1 1 1 3 3 -1 1 2 4 -1 
1 1 1 1 1 -1 1 1 1 1 1 1 -1 1 1 -1 1 1 4 4 
-1 1 1 1 -1 1 -1 1 1 1 1 1 1 1 1 1 1 -1 4 3 
1 1 1 1 6 1 -1 -1 -1 1 1 1 1 1 1 1 1 -1 1 1 
1 -1 -1 6 6 1 -1 1 -1 1 1 1 1 -1 -1 1 1 1 3 -1 
-1 1 -1 -1 6 -1 1 3 -1 -1 -1 1 -1 1 1 1 1 1 1 3 
-1 -1 1 -1 -1 6 3 1 3 -1 3 -1 -1 -1 1 1 1 1 5 5 
5 1 -1 -1 -1 3 1 -1 -1 -1 3 -1 3 3 1 1 5 1 1 1 
5 -1 4 3 3 -1 -1 -1 3 3 3 -1 3 1 5 1 -1 1 1 -1 
4 1 4 4 -1 -1 -1 -1 -1 3 5 5 3 5 3 1 1 5 -1 4 
4 1 4 4 4 1 -1 -1 -1 5 5 5 5 3 1 1 -1 5 -1 -1 
-1 -1 4 1 1 1 -1 1 -1 -1 5 5 5 -1 -1 -1 5 -1 -1 3 
1 1 1 1 1 1 1 -1 1 -1 -1 5 5 5 5 5 1 -1 3 1 
1 1 1 1 1 1 1 -1 1 -1 -1 3 5 5 5 5 1 1 3 -1 
1 1 1 -1 -1 -1 1 1 -1 1 3 5 5 -1 5 5 1 -1 1 1 
-1 1 1 1 -1 1 -1 -1 1 3 1 3 5 5 5 5 5 -1 1 -1 
1 1 1 1 1 1 -1 -1 -1 1 1 1 5 5 5 6 -1 -1 -1 1 
1 -1 -1 -1 1 -1 -1 -1 -1 1 1 5 5 2 6 -1 -1 3 3 1 
1 1 -1 -1 1 -1 1 -1 1 1 3 3 3 -1 2 3 -1 2 -1 1 
-1 1 1 -1 -1 1 1 1 1 1 3 1 3 -1 3 3 3 -1 2 1 
1 1 3 -1 -1 1 3 1 1 1 1 1 1 1 1 1 -1 1 1 1 
-1 1 1 -1 3 3 1 1 1 1 1 1 1 1 -1 1 -1 1 1 1 
1 -1 1 1 3 1 -1 10 1 1 1 3 -1 3 3 3 1 1 -1 -1 
-1 3 3 1 3 3 10 10 10 1 1 3 3 1 -1 3 1 1 -1 -1 
-1 1 1 1 1 1 10 10 10 10 1 1 1 -1 -1 -1 1 1 -1 -1 
1 -1 1 1 1 10 10 -1 1 1 5 1 1 -1 1 -1 -1 -1 1 -1 
-1 1 1 1 1 1 1 10 1 3 1 1 -1 1 -1 1 -1 1 1 -1 
3 1 -1 1 1 1 1 -1 3 3 3 1 1 -1 1 1 1 1 3 -1 
1 1 1 1 1 1 1 3 -1 -1 -1 1 1 -1 1 1 -1 1 1 1 
3 1 -1 1 1 1 -1 3 -1 3 3 -1 1 1 1 1 -1 -1 1 3 
3 3 -1 -1 1 1 1 1 3 3 5 5 1 -1 1 1 -1 -1 -1 -1 
1 1 1 1 1 -1 1 1 -1 10 5 5 1 1 1 1 5 -1 -1 1 
1 1 1 1 1 -1 9 1 10 10 -1 1 1 -1 -1 3 1 -1 1 1 
1 1 1 9 9 9 10 9 -1 1 1 1 -1 3 3 -1 -1 1 3 1 
1 1 1 9 9 9 -1 10 10 3 3 3 3 3 3 3 1 1 1 1 
-1 1 1 9 -1 9 1 -1 10 -1 1 3 3 3 3 3 1 -1 1 1 
-1 -1 1 -1 -1 1 1 1 1 1 1 3 3 3 3 3 3 3 1 -1 
1 1 1 -1 1 1 1 9 1 1 1 -1 1 -1 -1 1 1 3 3 1 
1 1 -1 1 1 1 9 1 1 1 1 -1 -1 -1 3 3 1 1 1 1 
1 3 1 1 1 1 1 1 1 1 1 1 1 -1 1 1 -1 1 1 1 
1 1 -1 1 -1 3 -1 3 -1 1 1 1 1 1 1 3 -1 3 -1 3 
1 -1 3 1 1 1 1 3 3 1 1 1 1 3 1 1 -1 3 3 1 
1 1 1 1 -1 1 -1 3 9 1 1 1 1 1 1 1 3 3 1 1 
1 1 1 1 1 1 3 3 3 3 1 1 1 -1 3 3 3 3 1 1 
1 -1 1 1 1 1 -1 -1 1 3 -1 1 -1 -1 -1 3 3 1 1 1 
-1 -1 1 -1 1 1 -1 1 3 3 3 1 -1 -1 3 3 3 1 1 1 
1 1 1 1 -1 1 1 -1 1 -1 1 1 1 -1 3 3 3 1 1 1 
1 1 1 1 1 1 1 1 1 1 1 -1 1 -1 3 3 1 1 1 1 
1 1 1 1 1 1 -1 1 1 3 1 3 -1 1 1 1 3 1 1 1 
1 3 1 1 1 1 1 -1 3 -1 3 3 1 3 -1 3 3 -1 1 1 
-1 3 3 3 1 1 1 1 3 -1 3 3 3 3 3 -1 3 3 3 -1 
3 -1 3 -1 1 1 1 3 -1 3 -1 -1 3 -1 3 3 3 3 3 3 
3 3 -1 1 -1 1 -1 3 3 -1 1 -1 1 3 3 3 3 3 3 3 
1 3 3 1 -1 1 -1 -1 3 3 1 1 1 1 3 3 3 3 3 3 
3 1 1 1 3 1 1 1 3 1 1 -1 -1 1 1 3 3 3 3 3 
1 1 3 1 3 3 3 1 3 3 1 1 1 1 3 3 3 3 3 -1 
-1 -1 -1 -1 3 -1 -1 -1 1 1 1 1 1 3 3 1 3 3 3 -1 
1 -1 -1 3 3 1 -1 -1 1 -1 3 1 1 1 1 3 3 -1 3 3 
1 1 3 3 3 3 3 -1 1 1 1 1 1 1 3 -1 -1 3 -1 1 
1 1 1 -1 3 3 3 -1 1 1 1 1 -1 1 1 3 3 -1 -1 1 
3 1 1 1 1 1 1 3 1 3 -1 -1 3 3 3 -1 3 3 3 1 
-1 -1 -1 1 -1 1 1 1 1 1 1 -1 -1 -1 1 1 3 3 3 3 
3 -1 -1 1 1 1 1 -1 1 1 1 1 -1 1 3 1 3 3 -1 -1 
3 1 1 1 1 1 1 1 1 1 1 -1 1 -1 1 3 3 1 1 1 
1 1 1 1 1 1 1 1 1 1 1 1 1 1 1 1 1 1 3 1 
1 1 -1 1 1 1 1 1 -1 1 1 1 1 1 3 1 -1 3 1 1 
1 3 1 1 1 1 1 -1 1 -1 1 1 1 3 1 2 1 1 -1 1 
1 3 1 -1 1 1 1 1 1 -1 1 1 3 3 3 1 1 -1 1 -1 
1 1 1 1 1 -1 1 1 -1 1 1 3 1 3 -1 3 3 3 3 1 
3 1 1 1 3 1 1 1 1 -1 1 1 1 3 3 3 3 3 -1 3 
1 1 1 1 1 3 1 1 -1 -1 -1 1 1 3 3 3 -1 3 3 1 
1 1 1 3 1 1 1 -1 1 1 1 -1 1 1 1 3 -1 -1 3 1 
1 3 3 1 1 1 1 1 1 -1 1 1 -1 1 1 1 -1 1 3 1 
1 1 -1 1 1 1 1 1 -1 1 1 -1 1 1 1 1 -1 1 1 -1 
1 1 -1 -1 1 -1 1 1 1 1 1 1 3 1 1 -1 1 3 1 1 
1 1 -1 1 -1 -1 -1 1 -1 -1 3 3 1 3 1 -1 -1 1 1 -1 
-1 1 1 1 -1 1 -1 -1 1 -1 3 3 3 1 1 1 1 1 1 -1 
-1 1 3 3 1 1 1 3 -1 3 1 -1 1 1 -1 1 1 3 1 3 
1 1 3 3 1 -1 1 1 3 1 1 1 1 3 3 3 1 3 3 3 
1 1 1 1 1 1 -1 3 3 -1 -1 1 3 3 3 3 -1 3 3 3 
-1 1 -1 -1 1 -1 1 -1 1 3 -1 -1 1 -1 1 -1 -1 -1 1 -1 
1 -1 1 1 1 1 1 3 1 1 1 1 1 1 -1 1 1 1 1 1 
-1 1 1 1 -1 1 1 -1 1 1 1 1 1 -1 1 1 1 1 1 -1 
1 1 -1 1 1 1 1 1 1 1 -1 1 -1 1 1 1 1 1 1 -1 
-1 -1 1 1 1 1 1 1 1 1 -1 -1 1 -1 1 1 -1 1 3 3 
-1 1 1 1 -1 1 3 1 1 -1 1 1 1 3 3 1 -1 1 1 -1 
1 1 1 1 1 1 1 1 1 1 1 1 -1 3 3 3 3 -1 1 -1 
1 1 -1 1 1 1 1 1 -1 1 1 1 3 1 -1 3 -1 3 -1 -1 
1 -1 -1 -1 3 1 -1 1 1 1 -1 1 1 -1 1 -1 3 3 3 1 
1 1 1 3 3 3 3 3 1 1 1 1 -1 -1 1 -1 3 1 1 1 
1 1 1 -1 3 3 1 -1 -1 1 1 1 1 1 1 1 1 -1 1 1 
3 1 -1 1 -1 1 -1 -1 3 1 1 -1 -1 1 1 -1 -1 3 3 3 
1 1 -1 -1 3 3 3 3 3 3 -1 3 -1 -1 1 1 -1 1 3 3 
-1 1 1 -1 3 3 3 3 3 -1 1 3 3 1 1 1 1 1 3 1 
1 -1 3 1 3 3 -1 3 1 1 1 1 -1 1 -1 1 3 3 3 -1 
-1 1 -1 -1 -1 -1 -1 1 -1 1 -1 -1 1 -1 -1 -1 1 3 3 1 
1 1 1 1 1 1 -1 -1 1 3 1 1 3 3 3 3 3 3 1 3 
-1 1 -1 1 1 1 1 -1 1 1 1 1 3 3 3 3 1 1 -1 -1 
1 1 1 -1 -1 1 1 1 3 3 3 -1 3 3 3 3 3 1 1 1 
1 -1 1 -1 3 3 1 -1 3 3 -1 -1 1 -1 1 1 3 1 1 1 
3 3 3 1 1 1 3 3 3 3 1 1 -1 -1 -1 1 9 1 1 3 
3 3 1 1 1 -1 3 3 3 3 3 1 3 3 -1 9 9 1 3 3 
3 1 1 -1 -1 -1 -1 3 3 3 -1 3 1 -1 -1 1 -1 9 3 1 
9 -1 -1 -1 -1 -1 1 3 3 3 3 -1 1 -1 1 1 1 1 1 9 
-1 9 -1 -1 -1 -1 3 3 3 3 -1 -1 1 1 1 1 1 1 1 1 
-1 3 9 3 -1 -1 -1 3 3 -1 -1 3 1 3 -1 1 1 -1 1 -1 
3 3 3 3 3 -1 3 -1 3 3 3 3 3 1 1 -1 1 1 1 1 
-1 3 3 3 3 3 3 3 3 3 3 -1 3 -1 1 -1 -1 1 -1 -1 
-1 3 3 -1 3 -1 -1 3 -1 3 3 3 3 3 -1 -1 -1 -1 -1 -1 
3 -1 3 3 -1 1 1 1 1 1 3 -1 3 1 -1 3 3 1 3 3 
3 -1 3 3 3 -1 1 1 1 3 -1 -1 3 1 1 1 1 1 3 3 
-1 3 3 3 3 3 3 -1 1 -1 3 -1 3 -1 -1 -1 -1 1 -1 -1 
-1 3 9 3 3 3 3 -1 -1 3 3 3 -1 -1 -1 -1 -1 -1 -1 -1 
3 -1 3 9 3 3 3 3 -1 3 3 3 -1 -1 -1 -1 1 -1 -1 3 
3 3 3 3 -1 3 3 3 3 -1 -1 3 3 -1 3 1 3 -1 -1 3 
3 3 3 3 3 3 -1 -1 3 3 3 3 3 -1 3 1 1 3 3 3 
3 -1 -1 -1 -1 3 3 -1 1 3 1 1 1 1 3 3 -1 1 1 3 
3 -1 3 -1 -1 3 3 3 -1 1 1 3 3 3 3 -1 3 -1 -1 1 
3 3 3 -1 3 3 3 3 1 1 1 3 3 -1 3 3 3 9 9 1 
3 3 -1 -1 3 3 3 3 3 -1 3 3 3 -1 -1 3 3 3 9 1 
3 3 3 3 3 3 3 3 -1 1 1 1 3 -1 -1 3 3 3 3 3 
3 3 3 3 3 -1 3 -1 3 1 1 1 3 3 3 3 3 3 3 3 
3 3 3 3 3 -1 -1 3 3 1 3 -1 -1 3 3 -1 -1 3 3 -1 
3 -1 3 -1 3 3 3 3 3 3 3 3 3 3 3 3 -1 3 3 3 
3 3 -1 3 3 3 -1 -1 3 3 3 3 3 -1 3 3 3 3 3 -1 
3 3 3 3 3 3 -1 -1 3 3 3 3 3 3 3 3 3 3 3 3 
3 3 3 3 3 3 3 3 3 -1 3 3 -1 3 3 3 3 3 -1 3 
-1 3 3 -1 3 3 -1 3 3 3 3 3 3 3 3 3 3 3 3 3 
3 -1 3 3 -1 3 3 3 3 -1 -1 3 -1 -1 3 -1 3 3 3 3 
3 3 3 -1 -1 -1 1 3 3 -1 3 3 3 -1 3 3 3 -1 3 3 
-1 3 -1 -1 3 -1 -1 -1 -1 3 -1 3 -1 -1 -1 3 3 3 3 3 
3 -1 3 3 3 3 1 1 -1 3 3 3 3 3 3 3 3 3 3 3 
3 -1 -1 3 3 3 3 3 1 3 3 -1 3 3 -1 -1 1 -1 3 3 
1 3 3 3 3 -1 3 3 1 1 1 1 -1 -1 -1 1 1 3 1 1 
1 3 3 3 3 3 -1 3 3 1 1 -1 1 -1 -1 -1 3 3 1 1 
3 3 3 3 3 -1 -1 3 3 1 1 1 -1 3 -1 3 1 1 -1 -1 
3 3 3 3 -1 3 3 3 -1 3 -1 1 1 1 3 3 -1 -1 -1 -1 
-1 3 3 3 3 -1 3 3 3 3 -1 -1 1 3 1 3 -1 3 -1 -1 
3 3 3 -1 3 3 3 -1 -1 -1 -1 1 1 3 1 3 3 3 -1 3 
3 3 -1 3 3 3 3 -1 -1 3 -1 1 3 3 3 3 3 -1 3 3 
3 3 3 -1 3 3 3 3 3 3 3 3 3 -1 3 3 3 3 3 3 
3 3 3 3 3 -1 3 3 3 3 3 3 -1 3 1 3 -1 3 3 3 
3 -1 3 3 3 3 3 3 3 3 3 -1 3 -1 3 -1 3 3 3 3 
-1 -1 -1 3 3 -1 -1 3 3 3 -1 3 3 3 -1 3 -1 -1 3 3 
3 3 -1 3 3 -1 3 3 3 3 -1 -1 3 3 1 3 1 -1 -1 3 
3 3 -1 3 3 3 3 3 3 3 1 3 1 3 3 3 -1 -1 3 3 
3 3 3 3 -1 3 -1 -1 3 -1 3 3 1 1 1 1 1 1 1 3 
-1 3 3 3 3 3 -1 -1 -1 3 -1 1 1 1 1 1 1 1 3 3 
-1 3 3 -1 3 3 3 3 3 1 -1 1 -1 1 1 1 1 1 3 -1 
-1 3 3 -1 3 3 3 3 3 3 1 1 1 1 1 1 1 -1 2 -1 
-1 -1 3 -1 -1 3 3 -1 -1 3 3 1 -1 3 1 1 1 3 3 3 
3 3 3 3 3 -1 -1 3 -1 3 3 -1 -1 3 3 -1 -1 3 1 3 
3 3 3 3 3 3 -1 -1 3 3 3 -1 3 3 3 -1 -1 3 1 3 
2 3 3 3 3 3 3 -1 -1 3 3 3 -1 -1 -1 3 3 3 3 3 
3 3 3 3 3 -1 -1 3 3 3 3 3 -1 3 3 -1 1 3 -1 2 
3 -1 1 3 3 3 3 3 3 3 3 3 3 -1 3 3 1 3 3 3 
3 3 3 3 3 3 3 3 3 3 3 3 -1 -1 3 3 3 3 3 3 
3 3 3 3 -1 3 3 3 3 3 3 3 3 3 -1 3 3 3 3 3 
-1 -1 3 3 3 3 3 -1 3 3 3 3 -1 3 3 3 3 3 3 3 
3 3 3 3 3 3 3 3 3 3 -1 -1 1 3 3 3 3 3 -1 3 
3 -1 -1 3 -1 3 3 -1 3 3 -1 3 -1 3 3 -1 3 -1 -1 3 
3 -1 3 3 3 -1 3 3 3 3 3 -1 3 3 3 3 3 1 3 3 
3 3 -1 -1 3 3 3 3 3 -1 3 3 -1 3 3 3 -1 1 1 3 
-1 -1 -1 3 3 3 3 3 3 3 3 -1 3 3 3 3 3 -1 1 1 
1 -1 3 3 3 -1 -1 -1 3 3 -1 3 -1 3 -1 3 3 -1 -1 -1 
-1 3 3 -1 3 -1 -1 3 3 -1 -1 3 3 3 -1 -1 3 3 -1 3 
3 3 3 3 -1 -1 3 -1 -1 3 3 3 3 3 3 3 -1 1 -1 3 
3 -1 3 -1 3 3 3 -1 -1 3 -1 3 3 -1 3 -1 -1 -1 -1 -1 
-1 3 -1 -1 -1 -1 1 3 3 3 3 3 3 3 -1 3 3 3 3 3 
3 3 3 3 -1 1 3 3 3 3 3 3 3 3 3 3 3 3 3 -1 
3 3 3 3 -1 3 3 3 -1 -1 3 3 3 3 3 3 3 3 -1 3 
3 -1 3 3 -1 3 3 -1 -1 -1 3 3 3 3 -1 3 3 -1 3 3 
-1 3 3 3 -1 -1 3 3 3 3 3 -1 3 3 3 3 3 3 -1 3 
3 3 -1 3 11 -1 3 -1 -1 3 3 3 3 -1 3 3 3 3 3 3 
-1 3 -1 -1 -1 3 -1 -1 3 3 3 3 3 3 -1 3 3 -1 3 3 
3 3 -1 -1 3 -1 3 3 3 3 3 3 3 -1 3 3 -1 -1 -1 3 
3 3 3 -1 3 3 3 3 3 -1 3 3 3 3 3 3 3 -1 3 3 
3 3 3 3 -1 3 3 3 3 3 -1 3 -1 3 3 3 3 3 -1 3 
3 -1 3 3 3 -1 3 -1 -1 3 -1 3 3 3 3 3 -1 -1 3 3 
3 3 -1 3 3 -1 3 3 3 3 3 -1 3 3 3 -1 -1 -1 3 3 
-1 3 1 3 -1 -1 -1 3 1 -1 -1 -1 -1 -1 -1 3 -1 3 -1 -1 
-1 3 3 3 3 3 -1 1 1 -1 -1 -1 3 3 3 3 3 3 3 3 
-1 3 3 3 3 -1 3 1 11 -1 1 -1 3 -1 3 3 3 -1 -1 1 
-1 3 3 3 1 -1 3 3 -1 -1 1 3 1 -1 3 3 3 -1 -1 1 
3 -1 3 3 -1 -1 3 3 3 3 3 1 -1 1 1 1 3 3 3 3 
3 3 3 1 1 -1 3 -1 1 -1 3 3 3 1 -1 1 3 3 3 3 
3 3 1 1 1 1 -1 -1 -1 3 -1 3 3 1 1 -1 3 3 3 3 
3 1 -1 1 1 -1 -1 1 -1 3 3 1 3 3 3 3 3 3 -1 3 
1 -1 -1 -1 -1 -1 -1 -1 1 -1 1 1 -1 3 3 3 3 -1 3 3 
3 -1 -1 -1 -1 1 -1 -1 -1 -1 3 -1 -1 -1 3 -1 -1 3 3 3 
-1 -1 -1 -1 -1 1 3 -1 -1 -1 -1 -1 3 -1 -1 -1 -1 -1 3 3 
1 3 -1 -1 1 -1 3 3 3 3 -1 -1 1 1 -1 3 3 3 3 3 
3 3 -1 1 -1 -1 -1 3 -1 3 3 -1 -1 1 -1 -1 3 3 3 -1 
1 -1 3 -1 3 -1 -1 -1 -1 -1 -1 -1 -1 1 1 3 3 -1 3 3 
9 9 3 -1 3 -1 -1 -1 -1 -1 -1 -1 -1 -1 3 3 -1 -1 3 3 
3 -1 -1 3 3 3 -1 3 3 -1 1 3 -1 -1 -1 -1 -1 -1 -1 3 
3 3 3 3 3 3 -1 3 -1 3 3 1 -1 1 -1 1 3 3 -1 3 
3 3 -1 3 3 -1 -1 -1 -1 3 -1 -1 1 -1 1 3 1 1 3 3 
3 3 3 3 -1 -1 -1 3 -1 3 3 3 3 1 3 1 1 3 1 3 
3 3 1 3 -1 -1 -1 -1 3 3 -1 3 3 3 -1 -1 1 3 3 3 
-1 -1 -1 1 1 -1 3 3 -1 -1 -1 1 1 -1 -1 -1 1 1 1 1 
1 -1 -1 1 -1 3 3 3 3 -1 -1 1 -1 1 -1 -1 -1 1 1 1 
-1 -1 1 1 3 -1 3 -1 -1 -1 -1 -1 1 -1 -1 -1 -1 1 1 1 
1 1 1 -1 1 -1 -1 -1 -1 -1 -1 1 3 3 3 -1 3 1 1 1 
1 -1 -1 1 3 1 -1 -1 -1 3 -1 1 1 -1 3 3 1 1 1 1 
1 1 1 3 -1 1 -1 1 -1 3 1 -1 1 -1 3 3 -1 1 1 1 
-1 1 1 3 3 1 1 1 1 3 -1 -1 1 1 -1 1 1 1 1 1 
1 -1 -1 3 1 1 1 1 1 1 1 1 1 -1 1 1 1 1 1 1 
1 1 -1 1 3 3 1 1 1 1 1 1 1 1 -1 1 -1 -1 3 3 
1 1 1 -1 1 3 -1 1 1 1 -1 -1 1 1 1 -1 1 1 1 1 
1 1 -1 -1 -1 1 1 1 1 1 1 1 1 1 -1 1 1 1 4 -1 
-1 1 -1 -1 -1 -1 -1 3 -1 1 1 -1 1 -1 -1 1 4 4 1 1 
1 -1 1 -1 -1 -1 -1 -1 1 -1 1 -1 1 -1 1 1 -1 -1 1 1 
1 1 1 -1 -1 -1 -1 -1 -1 1 -1 -1 -1 1 1 1 -1 1 -1 -1 
1 -1 -1 -1 1 1 1 -1 -1 1 1 1 -1 -1 -1 1 -1 1 1 1 
-1 -1 -1 1 -1 1 -1 -1 1 1 1 1 1 -1 3 1 1 1 1 -1 
-1 -1 1 1 1 1 -1 1 1 -1 1 1 -1 1 -1 -1 -1 -1 1 1 
-1 1 1 1 3 1 -1 1 1 6 -1 -1 1 -1 1 1 -1 1 1 -1 
1 1 -1 1 3 3 3 -1 -1 -1 -1 3 -1 1 1 -1 1 -1 -1 1 
-1 -1 1 1 1 -1 -1 -1 3 -1 -1 1 -1 -1 -1 -1 -1 -1 1 -1 
1 1 3 -1 1 -1 -1 1 1 -1 -1 10 1 1 -1 1 1 1 1 1 
1 3 3 -1 -1 1 -1 3 1 -1 -1 10 1 1 -1 1 1 1 -1 1 
1 1 3 3 -1 -1 -1 3 1 3 3 1 1 1 1 1 1 1 1 -1 
-1 -1 1 1 -1 -1 -1 -1 1 -1 1 3 1 1 1 -1 -1 -1 -1 1 
1 1 3 -1 -1 3 1 1 1 -1 1 1 1 1 1 -1 -1 1 1 1 
1 1 1 1 3 3 3 -1 6 3 1 3 1 1 -1 -1 1 -1 1 -1 
4 4 3 -1 3 3 -1 -1 3 6 3 -1 1 -1 -1 -1 -1 -1 1 1 
-1 4 4 3 3 -1 3 3 3 3 3 -1 6 -1 -1 -1 -1 -1 1 1 
-1 4 -1 4 4 1 -1 3 3 1 -1 6 -1 -1 -1 -1 -1 -1 1 1 
1 4 1 -1 -1 -1 1 -1 -1 8 6 -1 -1 -1 -1 1 1 -1 1 1 
4 -1 1 -1 -1 1 1 -1 -1 8 -1 3 1 -1 -1 -1 -1 1 -1 1 
3 1 1 1 1 1 -1 1 -1 -1 3 1 1 1 1 -1 1 1 1 3 
1 3 3 10 3 -1 3 -1 -1 8 -1 3 -1 -1 -1 -1 1 1 1 -1 
1 1 10 3 -1 -1 3 3 -1 -1 8 1 1 -1 -1 -1 1 1 -1 1 
-1 10 10 10 -1 -1 -1 -1 -1 -1 1 1 1 3 1 -1 -1 1 1 1 
1 -1 10 10 -1 -1 -1 4 1 1 -1 1 -1 1 1 -1 1 1 -1 1 
1 -1 3 3 -1 -1 4 4 1 1 1 1 1 3 1 -1 -1 1 1 1 
-1 3 3 -1 3 1 -1 1 1 -1 1 -1 1 1 1 1 1 1 1 -1 
-1 3 3 3 3 1 -1 -1 1 1 1 1 1 4 -1 -1 1 1 1 1 
1 1 3 3 1 -1 1 1 1 1 1 1 4 -1 1 1 1 1 1 1 
-1 -1 -1 -1 -1 -1 -1 1 1 1 1 1 1 -1 1 3 3 3 3 3 
-1 -1 -1 -1 40 -1 1 -1 -1 1 1 -1 -1 1 1 -1 -1 3 -1 -1 
1 -1 40 -1 40 40 -1 -1 -1 -1 40 -1 1 1 40 -1 -1 -1 1 1 
1 40 40 -1 40 -1 -1 -1 8 40 40 1 -1 -1 40 40 -1 40 1 1 
1 1 40 -1 -1 -1 -1 8 8 40 -1 -1 1 1 1 1 40 1 1 1 
1 1 -1 -1 -1 -1 -1 10 40 10 40 1 -1 -1 1 40 -1 1 1 1 
1 1 -1 -1 -1 -1 10 10 -1 10 10 40 1 1 -1 1 40 1 1 -1 
1 1 -1 -1 -1 -1 10 10 10 10 -1 -1 1 1 -1 1 1 -1 -1 -1 
1 1 -1 1 -1 -1 -1 10 -1 10 -1 -1 -1 -1 1 1 1 1 1 -1 
-1 -1 -1 1 1 -1 1 -1 -1 -1 -1 -1 -1 -1 6 1 -1 1 1 -1 
-1 -1 -1 -1 10 1 1 -1 -1 -1 -1 -1 1 -1 -1 6 -1 -1 -1 -1 
-1 -1 -1 10 1 1 1 -1 -1 -1 -1 -1 1 1 -1 -1 -1 3 -1 3 
-1 1 1 1 1 1 1 1 1 1 -1 -1 -1 4 -1 -1 -1 -1 3 3 
3 1 1 1 1 -1 1 1 1 1 1 -1 4 6 -1 -1 -1 -1 -1 3 
3 3 -1 3 1 1 1 1 -1 1 1 -1 -1 -1 6 -1 -1 -1 -1 3 
-1 -1 -1 3 3 -1 1 -1 1 1 1 -1 -1 -1 -1 -1 -1 3 3 -1 
-1 3 3 3 3 -1 -1 1 -1 1 1 -1 4 -1 -1 -1 -1 -1 3 3 
-1 -1 3 -1 -1 -1 1 -1 1 -1 -1 1 -1 3 3 3 -1 -1 -1 3 
-1 -1 -1 -1 -1 -1 -1 1 1 1 1 -1 3 -1 1 3 3 -1 3 3 
-1 -1 -1 -1 -1 -1 -1 1 1 1 1 1 -1 -1 1 1 3 3 3 -1 
-1 -1 -1 1 1 9 1 9 10 -1 -1 10 1 1 1 1 1 1 1 -1 
-1 -1 1 1 1 1 1 1 1 10 10 10 1 -1 1 -1 1 1 -1 -1 
-1 1 -1 1 1 1 1 1 1 10 -1 -1 1 1 1 1 1 -1 -1 -1 
1 1 1 1 1 1 1 1 -1 -1 10 1 -1 1 1 4 4 1 -1 -1 
-1 -1 1 1 1 1 1 -1 1 -1 1 -1 -1 1 1 4 -1 1 -1 -1 
-1 -1 1 1 1 1 1 1 -1 -1 -1 -1 -1 -1 -1 -1 1 3 -1 -1 
3 -1 -1 -1 1 1 1 1 1 -1 1 -1 -1 -1 1 -1 1 3 3 -1 
3 3 -1 -1 1 -1 1 1 1 1 1 -1 -1 -1 1 -1 -1 -1 -1 3 
3 -1 -1 3 1 1 1 1 1 1 1 1 -1 -1 -1 -1 -1 1 -1 4 
-1 -1 -1 -1 1 1 1 4 1 -1 1 -1 -1 -1 -1 -1 1 -1 -1 -1 
9 9 -1 -1 1 -1 1 1 -1 1 1 -1 -1 -1 -1 1 -1 -1 -1 9 
-1 -1 -1 1 -1 -1 1 1 1 1 -1 -1 -1 1 -1 -1 9 9 9 -1 
9 9 9 9 1 1 -1 1 1 1 1 1 1 1 -1 -1 -1 9 9 9 
9 9 9 9 9 1 1 1 -1 -1 1 1 -1 1 -1 1 1 -1 -1 -1 
9 -1 9 9 1 -1 -1 1 1 -1 -1 -1 1 -1 1 1 -1 -1 3 9 
9 -1 1 9 9 -1 1 1 1 -1 -1 -1 1 -1 1 1 -1 -1 -1 9 
-1 9 9 1 9 1 1 1 -1 -1 -1 -1 -1 1 -1 -1 1 -1 -1 -1 
-1 9 -1 -1 -1 -1 1 -1 -1 1 -1 -1 -1 -1 -1 -1 1 -1 1 -1 
-1 9 9 9 -1 -1 1 1 1 -1 -1 -1 -1 -1 -1 -1 -1 1 -1 -1 
-1 9 9 -1 9 1 1 1 -1 -1 -1 -1 1 -1 1 1 1 1 -1 -1 
5 4 7 7 7 1 1 3 5 1 1 5 3 1 3 -1 1 1 -1 1 
4 7 -1 7 -1 4 1 -1 5 7 5 3 3 3 1 -1 1 -1 -1 4 
4 6 6 -1 4 -1 -1 -1 7 5 5 5 -1 3 -1 -1 -1 6 6 4 
4 -1 3 3 -1 3 1 -1 -1 7 5 7 7 1 3 -1 1 4 6 6 
-1 4 3 3 -1 1 1 1 -1 5 7 5 1 -1 3 1 1 -1 4 4 
-1 -1 3 -1 3 1 1 -1 4 -1 5 -1 -1 -1 1 6 1 4 -1 -1 
-1 -1 4 1 4 1 -1 4 4 4 1 5 5 -1 4 6 6 1 6 -1 
-1 -1 1 4 -1 1 5 5 -1 4 -1 5 5 7 -1 1 1 1 -1 -1 
-1 -1 4 9 1 1 5 5 5 5 5 5 5 -1 7 1 1 1 1 -1 
-1 -1 1 1 1 1 5 5 5 -1 5 5 -1 -1 -1 1 1 1 -1 -1 
-1 -1 1 1 1 -1 1 -1 -1 5 5 -1 -1 9 -1 1 1 1 1 -1 
1 1 1 1 1 1 1 1 -1 5 5 -1 9 -1 6 6 4 1 -1 1 
-1 1 -1 1 1 1 1 1 1 -1 -1 9 1 1 -1 6 -1 4 -1 5 
1 -1 1 1 1 1 -1 1 -1 -1 9 1 1 -1 -1 6 6 -1 5 5 
1 -1 1 1 5 -1 1 1 1 -1 3 3 -1 -1 -1 4 4 6 -1 5 
1 -1 -1 1 5 5 -1 1 1 7 3 1 1 1 -1 -1 6 5 5 -1 
1 -1 5 5 3 5 5 -1 3 3 1 1 1 1 -1 -1 6 4 -1 1 
1 1 5 -1 5 -1 5 1 14 14 -1 12 12 1 6 4 4 6 6 1 
1 1 -1 5 1 5 5 5 1 14 1 -1 1 -1 6 6 -1 1 6 -1 
-1 -1 -1 1 -1 1 1 1 -1 14 -1 3 -1 6 -1 6 40 1 1 -1 
5 -1 -1 -1 -1 -1 1 7 40 40 7 1 9 -1 -1 1 -1 -1 -1 5 
-1 5 -1 -1 -1 -1 -1 7 40 40 1 1 9 -1 -1 -1 1 -1 -1 -1 
-1 -1 -1 -1 -1 -1 32 40 40 -1 6 1 -1 -1 -1 -1 -1 -1 -1 -1 
-1 -1 -1 -1 -1 32 32 -1 40 -1 32 32 32 32 32 -1 -1 2 5 5 
-1 -1 1 -1 32 40 32 6 5 4 32 32 32 32 -1 5 2 5 2 1 
1 1 -1 32 -1 40 32 6 5 4 32 32 32 -1 5 5 5 2 1 1 
-1 -1 -1 5 -1 -1 -1 4 -1 6 6 4 6 -1 4 5 6 -1 5 1 
-1 -1 -1 -1 5 -1 -1 6 6 6 6 6 4 -1 6 4 -1 5 5 -1 
-1 -1 5 37 -1 32 6 5 -1 -1 1 -1 4 5 5 5 -1 5 5 -1 
3 5 -1 5 5 32 32 32 -1 -1 5 5 5 4 5 -1 5 5 3 -1 
3 5 5 5 5 -1 -1 -1 5 -1 5 5 5 5 -1 5 -1 1 1 3 
3 3 -1 -1 -1 3 -1 -1 5 5 5 5 5 1 -1 -1 5 1 2 2 
7 3 3 3 3 -1 3 5 5 32 32 32 5 5 1 1 6 2 2 -1 
-1 2 3 -1 3 3 3 5 -1 -1 5 -1 5 5 5 2 2 2 -1 2 
-1 -1 -1 5 3 -1 -1 -1 5 -1 7 5 5 3 -1 6 1 1 2 3 
-1 5 5 5 5 -1 -1 -1 -1 -1 -1 7 7 5 5 5 1 -1 3 -1 
-1 5 5 -1 5 5 5 -1 -1 -1 -1 7 7 1 3 -1 5 5 -1 5 
-1 5 5 5 5 5 -1 -1 7 -1 -1 -1 -1 1 5 -1 -1 5 5 5 
-1 -1 5 5 5 -1 1 1 -1 7 -1 -1 1 1 1 -1 5 5 5 5 
5 -1 -1 5 -1 -1 1 1 7 -1 7 -1 -1 1 1 5 5 5 5 -1 
-1 6 4 8 5 5 5 5 4 4 32 32 32 40 32 32 -1 33 6 32 
4 7 6 6 4 4 5 4 4 4 -1 -1 40 -1 -1 32 -1 32 5 6 
-1 7 -1 32 4 5 4 7 4 4 4 5 40 32 32 32 32 32 5 4 
4 4 4 -1 -1 7 7 4 5 4 -1 7 32 -1 32 32 32 32 5 4 
4 4 32 32 7 7 7 4 4 -1 4 7 5 5 32 -1 32 -1 -1 -1 
1 -1 32 32 32 32 4 5 5 4 -1 7 7 32 32 32 5 -1 -1 -1 
-1 1 -1 32 -1 32 5 5 4 5 -1 5 7 7 -1 5 1 -1 -1 -1 
1 1 33 33 32 -1 5 -1 5 4 -1 -1 7 5 1 1 1 5 -1 -1 
1 1 33 -1 33 32 1 5 -1 -1 7 7 -1 5 5 1 5 5 -1 1 
1 1 1 32 33 -1 -1 1 7 7 7 -1 -1 5 5 1 1 -1 1 -1 
-1 1 32 32 32 -1 1 5 -1 -1 1 5 5 -1 5 5 1 1 -1 1 
1 -1 32 32 1 32 1 1 -1 1 5 5 7 7 5 5 5 -1 -1 -1 
-1 -1 -1 32 -1 -1 -1 -1 -1 -1 5 5 1 1 5 5 5 5 5 -1 
5 -1 7 -1 32 -1 32 -1 -1 32 5 5 1 1 1 7 7 -1 -1 -1 
5 -1 7 40 5 32 32 32 32 32 5 5 -1 1 5 1 7 7 32 5 
8 8 40 5 -1 -1 -1 32 40 32 5 5 5 -1 5 5 1 32 5 32 
8 8 8 -1 -1 32 32 40 32 32 5 3 32 -1 5 1 1 -1 -1 32 
8 8 7 8 -1 -1 5 5 5 32 32 5 3 -1 5 5 1 1 -1 8 
32 -1 8 -1 -1 7 5 5 32 40 32 -1 3 32 33 33 5 5 6 8 
32 8 8 5 5 -1 7 5 5 32 32 32 40 5 32 -1 33 5 8 8 
32 32 1 1 -1 9 9 -1 4 4 1 1 32 32 -1 32 -1 -1 32 32 
32 32 9 9 5 9 5 9 4 1 1 -1 -1 1 1 32 -1 -1 32 1 
32 32 9 33 9 9 5 5 -1 1 1 1 1 1 1 1 32 -1 1 1 
-1 32 9 33 -1 -1 9 1 1 -1 1 1 1 1 1 1 -1 2 2 -1 
33 32 9 9 -1 33 33 1 1 1 1 1 1 1 1 -1 2 1 1 32 
-1 9 9 33 -1 33 5 32 9 -1 1 -1 1 32 1 2 1 32 32 32 
-1 -1 33 -1 -1 -1 -1 -1 32 9 1 -1 32 40 9 -1 2 1 32 -1 
-1 -1 -1 -1 -1 -1 -1 -1 9 9 32 40 40 40 40 -1 -1 2 -1 -1 
-1 -1 32 32 32 -1 -1 -1 9 -1 -1 32 4 40 -1 -1 -1 2 32 -1 
-1 32 32 32 32 -1 -1 -1 -1 -1 -1 -1 -1 32 32 -1 -1 32 32 -1 
32 32 -1 32 32 -1 -1 -1 32 5 5 -1 -1 32 32 -1 -1 -1 32 33 
33 -1 -1 40 32 32 -1 -1 32 32 -1 -1 40 -1 -1 33 -1 -1 -1 33 
33 -1 -1 32 40 -1 32 32 32 32 -1 40 -1 40 33 33 33 33 -1 33 
-1 33 32 32 32 -1 32 32 32 32 32 -1 40 -1 32 33 33 33 33 33 
-1 32 -1 -1 32 32 32 32 -1 -1 32 -1 -1 -1 -1 -1 33 -1 33 33 
40 32 -1 -1 32 32 32 4 1 -1 -1 -1 -1 -1 -1 -1 -1 33 33 -1 
-1 -1 32 32 32 33 -1 -1 4 1 -1 -1 -1 -1 32 32 -1 -1 40 40 
40 -1 -1 32 -1 4 4 -1 -1 1 1 -1 -1 -1 -1 32 40 40 40 40 
40 -1 -1 -1 -1 9 9 -1 -1 9 -1 -1 -1 32 32 32 -1 -1 40 40 
32 1 -1 1 9 -1 9 9 4 9 -1 -1 32 -1 32 32 32 32 32 -1 
32 32 40 40 4 -1 4 -1 -1 -1 -1 1 1 -1 -1 -1 32 -1 32 32 
32 -1 32 32 -1 -1 4 4 -1 -1 1 -1 -1 -1 -1 32 32 32 -1 -1 
40 -1 32 3 -1 4 4 -1 -1 -1 -1 3 -1 32 -1 -1 32 32 -1 -1 
40 32 32 32 -1 -1 3 3 3 3 3 3 -1 32 -1 -1 32 32 -1 -1 
-1 -1 -1 32 32 -1 -1 3 3 4 3 32 32 32 -1 32 32 -1 -1 -1 
-1 -1 -1 32 -1 -1 -1 3 -1 -1 3 3 3 32 -1 32 -1 -1 -1 -1 
32 32 32 32 32 -1 -1 4 -1 1 3 3 32 32 -1 -1 -1 -1 -1 -1 
40 40 32 32 32 32 -1 4 3 -1 3 3 3 3 -1 -1 32 32 -1 32 
32 40 40 -1 -1 4 3 3 3 3 3 3 3 3 -1 32 32 32 32 -1 
-1 32 32 32 32 -1 4 4 4 4 -1 3 3 3 3 32 32 -1 32 32 
-1 32 32 32 32 -1 1 4 4 -1 3 -1 3 -1 32 32 32 -1 32 -1 
-1 -1 32 32 1 1 -1 -1 -1 -1 -1 -1 -1 -1 -1 32 1 1 32 32 
-1 -1 -1 1 -1 -1 -1 -1 -1 -1 -1 -1 -1 32 32 32 32 -1 1 32 
1 -1 -1 -1 -1 -1 -1 -1 -1 -1 -1 -1 32 32 32 32 -1 1 -1 -1 
40 32 40 40 -1 -1 -1 -1 -1 -1 -1 -1 32 32 32 -1 -1 -1 -1 40 
-1 32 40 -1 -1 -1 4 4 4 -1 -1 -1 -1 32 32 32 -1 -1 -1 -1 
-1 -1 -1 -1 -1 -1 4 3 4 -1 -1 -1 -1 -1 32 -1 32 32 4 -1 
-1 -1 -1 40 40 4 4 4 3 3 -1 1 1 -1 -1 32 -1 -1 32 4 
-1 4 -1 -1 40 4 4 3 3 -1 -1 -1 1 -1 -1 -1 -1 32 -1 4 
32 32 4 40 4 4 -1 -1 -1 -1 -1 1 -1 -1 -1 32 -1 32 32 -1 
32 -1 32 32 5 5 4 -1 4 32 32 -1 32 32 32 32 -1 32 8 -1 
32 -1 32 5 32 32 5 -1 4 4 6 6 -1 32 32 -1 34 34 4 -1 
32 -1 32 1 32 -1 32 -1 -1 4 4 3 6 32 32 32 32 32 32 32 
-1 -1 32 1 -1 32 32 32 -1 -1 32 32 32 6 32 32 32 32 -1 32 
3 -1 1 -1 1 -1 32 -1 3 3 32 3 3 32 32 34 -1 4 32 -1 
3 -1 3 3 -1 8 8 1 -1 3 3 3 3 32 -1 -1 -1 34 -1 3 
40 3 3 3 2 3 -1 -1 -1 3 32 -1 32 34 34 34 -1 34 -1 40 
-1 -1 -1 -1 2 3 3 -1 3 -1 -1 32 1 34 -1 -1 34 -1 32 -1 
-1 -1 -1 -1 -1 3 -1 -1 -1 -1 3 -1 34 32 4 -1 4 -1 -1 -1 
32 -1 -1 -1 32 3 -1 3 3 3 -1 -1 1 32 1 4 40 40 32 32 
-1 10 -1 32 32 32 32 3 3 3 -1 1 1 1 1 4 -1 40 10 32 
10 -1 -1 32 32 32 3 -1 3 3 -1 32 1 1 1 4 4 2 32 10 
10 32 10 -1 -1 32 -1 -1 3 3 32 32 1 4 4 32 4 -1 10 -1 
10 10 10 -1 -1 -1 -1 -1 -1 -1 -1 1 4 1 -1 -1 -1 10 10 1 
1 -1 10 10 10 -1 -1 1 -1 -1 -1 -1 1 -1 -1 -1 -1 -1 10 10 
10 10 -1 -1 2 -1 8 8 1 -1 -1 1 -1 -1 1 1 -1 1 10 1 
-1 10 -1 -1 -1 -1 5 -1 8 32 4 -1 -1 -1 1 -1 1 1 -1 10 
-1 32 -1 -1 -1 5 -1 5 5 5 5 4 -1 32 32 -1 -1 1 1 32 
32 -1 32 -1 -1 5 5 5 -1 -1 32 -1 1 32 32 -1 32 10 -1 -1 
32 32 5 5 -1 4 5 -1 -1 -1 -1 32 -1 32 34 34 10 32 -1 8 
10 10 1 1 32 -1 -1 -1 4 -1 32 3 32 -1 6 6 -1 2 10 -1 
10 1 4 4 -1 12 32 32 -1 32 3 32 32 6 6 -1 3 2 2 -1 
12 32 -1 1 1 -1 32 32 -1 3 32 32 32 -1 6 3 3 -1 -1 2 
32 12 40 12 -1 -1 -1 -1 32 32 32 -1 32 6 3 3 33 3 -1 -1 
-1 34 12 40 32 32 32 32 32 32 32 32 4 4 3 33 3 -1 -1 -1 
32 32 -1 -1 32 32 32 -1 32 32 32 32 12 -1 3 3 3 -1 -1 -1 
32 32 32 32 32 32 -1 32 32 32 32 -1 -1 -1 -1 3 -1 -1 32 32 
32 32 -1 32 1 32 32 32 32 32 -1 32 -1 -1 -1 32 32 32 32 32 
-1 1 1 1 32 32 32 32 32 -1 4 -1 -1 -1 4 32 32 32 -1 32 
1 1 1 1 32 32 4 32 32 32 32 32 -1 -1 4 32 32 32 -1 32 
-1 6 1 32 1 32 5 -1 32 -1 -1 -1 1 -1 1 32 1 -1 1 -1 
-1 -1 -1 -1 32 5 5 -1 -1 5 5 1 1 1 -1 -1 1 1 1 -1 
-1 -1 -1 -1 5 -1 -1 -1 5 5 5 -1 -1 -1 -1 1 1 1 -1 -1 
32 -1 -1 1 1 -1 1 -1 -1 -1 4 4 4 4 -1 -1 -1 -1 -1 -1 
-1 -1 -1 1 -1 -1 1 1 -1 -1 32 -1 5 -1 -1 8 8 -1 -1 32 
-1 -1 1 1 1 1 -1 -1 1 -1 1 -1 -1 32 8 32 8 32 32 -1 
-1 1 1 -1 -1 1 1 32 32 1 -1 -1 -1 -1 -1 8 32 -1 -1 -1 
1 10 1 -1 1 1 10 32 4 4 4 4 32 32 32 32 32 32 1 1 
1 1 10 1 1 10 -1 -1 4 4 4 4 32 -1 32 32 6 -1 32 1 
1 1 2 1 1 10 -1 -1 4 4 -1 -1 -1 32 -1 -1 2 -1 10 1 
4 -1 -1 4 32 32 32 32 -1 -1 -1 -1 12 -1 -1 -1 -1 -1 -1 -1 
4 -1 -1 4 1 32 32 32 -1 -1 32 32 -1 -1 32 -1 -1 -1 -1 -1 
4 4 4 4 4 -1 32 32 -1 32 32 32 32 32 32 -1 -1 -1 -1 -1 
-1 -1 4 -1 -1 -1 32 -1 -1 -1 -1 -1 -1 -1 4 4 -1 -1 -1 1 
-1 2 2 32 32 32 -1 -1 -1 32 40 32 32 -1 4 -1 1 -1 1 -1 
-1 3 2 3 32 32 32 32 32 -1 32 32 32 32 4 -1 -1 1 -1 1 
2 3 -1 -1 40 32 32 32 32 -1 32 32 32 -1 4 4 -1 1 1 1 
-1 -1 3 -1 -1 5 32 32 32 40 40 4 -1 4 4 4 12 -1 5 2 
6 -1 4 6 32 32 -1 -1 -1 40 40 4 4 4 4 4 12 5 -1 5 
6 32 32 -1 -1 -1 -1 40 -1 40 40 -1 -1 -1 -1 -1 -1 -1 -1 5 
32 4 6 6 -1 -1 6 6 40 -1 32 -1 -1 -1 -1 -1 -1 32 32 32 
-1 5 2 2 -1 -1 -1 6 40 -1 40 40 40 -1 -1 3 3 32 32 32 
-1 6 6 6 5 -1 -1 -1 40 -1 40 40 -1 -1 -1 -1 1 40 -1 1 
1 -1 6 6 6 -1 -1 32 -1 40 -1 -1 -1 -1 -1 -1 32 40 -1 -1 
6 5 -1 6 6 -1 6 32 6 -1 40 -1 3 -1 -1 -1 32 -1 40 6 
6 -1 5 -1 -1 6 -1 -1 6 -1 -1 40 3 3 3 5 32 -1 40 -1 
-1 -1 -1 -1 -1 -1 6 -1 -1 -1 -1 40 12 12 5 -1 32 -1 -1 -1 
-1 -1 -1 -1 -1 -1 6 -1 -1 -1 -1 -1 12 5 -1 5 -1 -1 -1 -1 
4 -1 -1 8 -1 -1 -1 -1 -1 -1 -1 -1 12 4 4 4 -1 -1 -1 -1 
-1 4 -1 8 -1 -1 -1 -1 -1 -1 -1 -1 12 12 -1 -1 4 -1 -1 -1 
-1 -1 2 -1 -1 -1 -1 -1 -1 -1 -1 -1 -1 -1 7 6 -1 32 12 32 
-1 -1 -1 -1 6 -1 6 -1 5 -1 -1 -1 40 40 7 6 6 32 32 -1 
-1 -1 -1 -1 6 6 6 -1 5 5 -1 12 40 40 7 -1 7 32 32 -1 
-1 32 -1 -1 -1 -1 -1 5 -1 -1 12 12 40 40 7 40 32 7 -1 -1 
5 40 40 -1 -1 -1 -1 -1 -1 40 -1 40 -1 -1 40 32 32 32 -1 5 
5 5 -1 -1 -1 -1 -1 -1 -1 40 -1 -1 -1 -1 32 32 -1 32 32 32 
5 -1 -1 -1 -1 -1 -1 -1 -1 40 40 -1 -1 -1 -1 32 32 -1 5 32 
5 -1 -1 -1 -1 5 4 1 1 40 -1 -1 -1 -1 40 32 -1 5 5 5 
5 -1 -1 -1 5 4 1 -1 -1 -1 -1 40 40 40 40 -1 32 32 -1 32 
32 32 4 4 -1 5 12 12 -1 -1 40 40 40 40 40 32 32 32 6 6 
12 -1 12 12 5 5 -1 4 -1 4 40 40 -1 -1 40 5 32 6 -1 6 
12 4 4 -1 -1 -1 4 -1 12 40 40 -1 40 40 -1 -1 12 12 -1 -1 
4 32 12 12 6 6 6 6 -1 32 -1 40 32 32 32 12 12 -1 6 6 
-1 12 32 -1 -1 4 6 6 -1 6 32 32 12 -1 -1 12 -1 -1 12 32 
32 12 -1 -1 5 4 5 6 6 -1 32 32 12 4 -1 -1 -1 -1 40 12 
-1 32 -1 5 -1 -1 6 -1 -1 32 32 32 -1 12 4 -1 -1 -1 40 32 
32 32 32 -1 -1 -1 5 -1 -1 -1 32 -1 -1 -1 -1 -1 -1 -1 -1 32 
32 -1 32 32 -1 5 -1 -1 -1 -1 -1 -1 -1 -1 -1 -1 -1 -1 32 32 
-1 3 12 3 -1 -1 -1 -1 -1 -1 -1 -1 -1 -1 -1 -1 -1 32 32 32 
3 3 3 -1 -1 -1 -1 -1 -1 -1 -1 -1 -1 -1 -1 -1 -1 32 -1 -1 
1 1 1 -1 -1 -1 -1 -1 -1 -1 -1 -1 -1 -1 -1 -1 -1 4 4 4 
-1 1 1 -1 -1 -1 -1 -1 -1 -1 4 4 -1 -1 -1 -1 -1 -1 4 12 
-1 -1 4 -1 -1 -1 -1 -1 -1 -1 12 12 -1 6 6 -1 -1 -1 -1 4 
12 -1 -1 4 -1 -1 -1 -1 -1 -1 12 -1 -1 5 5 5 -1 -1 -1 4 
-1 -1 -1 -1 -1 -1 -1 -1 -1 -1 -1 -1 -1 -1 4 -1 5 -1 -1 -1 
-1 -1 -1 -1 -1 -1 -1 -1 12 -1 -1 -1 -1 -1 -1 -1 -1 -1 -1 -1 
-1 -1 -1 -1 -1 -1 12 12 12 -1 -1 -1 -1 -1 -1 -1 -1 -1 -1 -1 
-1 -1 -1 -1 -1 -1 12 12 -1 12 -1 -1 -1 -1 -1 -1 -1 -1 -1 -1 
-1 -1 -1 -1 -1 1 12 1 -1 -1 -1 -1 -1 32 32 -1 -1 -1 12 12 
-1 -1 -1 -1 1 -1 -1 1 -1 -1 -1 -1 -1 32 -1 -1 -1 -1 -1 -1 
-1 -1 -1 -1 -1 -1 1 -1 -1 -1 -1 -1 -1 32 -1 1 1 -1 -1 -1 
-1 -1 -1 -1 -1 -1 -1 -1 -1 32 32 -1 -1 -1 7 7 1 1 -1 -1 
-1 -1 -1 -1 -1 -1 -1 8 32 -1 -1 32 -1 -1 -1 5 5 -1 -1 -1 
-1 -1 5 -1 -1 -1 8 -1 -1 -1 -1 -1 -1 -1 -1 5 -1 5 -1 -1 
-1 5 -1 -1 -1 -1 8 -1 -1 32 32 32 -1 -1 -1 -1 4 12 -1 -1 
5 5 -1 -1 -1 -1 8 8 7 -1 12 -1 -1 -1 -1 12 -1 -1 -1 -1 
5 -1 -1 -1 -1 -1 6 -1 7 12 12 -1 -1 -1 -1 -1 12 -1 -1 4 
12 -1 -1 -1 -1 -1 7 -1 -1 7 14 -1 -1 -1 -1 -1 12 4 4 5 
12 1 -1 -1 -1 -1 -1 -1 -1 -1 -1 -1 -1 -1 -1 -1 4 12 4 -1 
1 -1 1 -1 5 -1 -1 -1 -1 -1 -1 -1 -1 -1 -1 -1 12 12 -1 4 
-1 -1 -1 -1 -1 -1 -1 -1 -1 -1 -1 -1 -1 -1 -1 -1 -1 -1 -1 -1 
-1 -1 -1 -1 -1 -1 -1 -1 -1 -1 -1 -1 -1 -1 -1 -1 -1 -1 -1 -1 
-1 -1 -1 -1 -1 -1 -1 -1 -1 -1 -1 -1 -1 -1 -1 -1 -1 -1 -1 -1 
-1 -1 -1 -1 -1 -1 -1 -1 -1 -1 -1 -1 -1 -1 -1 -1 -1 -1 -1 -1 
-1 -1 -1 -1 -1 -1 -1 -1 -1 -1 -1 -1 -1 -1 -1 -1 -1 -1 -1 -1 
-1 -1 -1 -1 -1 -1 -1 -1 -1 -1 -1 -1 -1 -1 -1 -1 -1 -1 -1 -1 
-1 -1 -1 -1 -1 -1 -1 -1 -1 -1 -1 -1 -1 -1 -1 -1 -1 12 -1 -1 
-1 -1 -1 -1 -1 -1 5 -1 -1 -1 -1 -1 -1 -1 -1 -1 12 12 -1 -1 
-1 -1 -1 -1 -1 -1 5 -1 5 -1 -1 -1 -1 -1 -1 12 -1 -1 -1 12 
-1 -1 -1 -1 -1 -1 5 5 -1 -1 -1 -1 -1 -1 -1 -1 -1 -1 12 -1 
-1 -1 -1 -1 -1 -1 -1 5 5 -1 -1 -1 -1 -1 -1 -1 -1 -1 -1 -1 
-1 -1 -1 -1 -1 -1 -1 -1 -1 -1 -1 -1 -1 -1 -1 -1 -1 -1 -1 -1 
-1 -1 -1 -1 -1 -1 -1 1 -1 -1 -1 -1 -1 -1 -1 1 1 -1 -1 -1 
-1 -1 -1 -1 3 3 1 1 -1 -1 -1 -1 -1 -1 1 1 1 1 -1 1 
-1 -1 -1 -1 -1 -1 -1 -1 -1 -1 -1 -1 -1 -1 1 1 -1 1 -1 1 
-1 -1 -1 -1 -1 -1 -1 -1 -1 -1 -1 -1 -1 1 -1 1 1 -1 1 -1 
-1 -1 -1 -1 -1 -1 -1 -1 -1 -1 -1 -1 -1 1 1 1 1 1 -1 1 
-1 -1 -1 -1 -1 -1 -1 -1 -1 -1 -1 -1 -1 -1 1 1 1 -1 1 -1 
-1 -1 -1 -1 -1 -1 -1 -1 -1 -1 -1 -1 -1 -1 -1 -1 -1 1 -1 1 
-1 -1 -1 -1 -1 -1 -1 -1 -1 -1 -1 -1 -1 -1 -1 -1 -1 1 1 -1 
3 -1 -1 -1 8 -1 -1 -1 -1 -1 -1 -1 -1 -1 -1 -1 -1 -1 -1 -1 
3 3 8 8 -1 -1 -1 -1 -1 -1 -1 -1 -1 -1 -1 -1 3 -1 -1 3 
-1 -1 8 8 -1 -1 -1 -1 -1 -1 -1 -1 -1 -1 -1 3 -1 3 -1 3 
-1 -1 -1 -1 -1 -1 -1 -1 -1 1 -1 -1 -1 -1 -1 3 3 -1 -1 -1 
-1 -1 -1 -1 -1 -1 -1 -1 -1 -1 -1 -1 -1 -1 -1 -1 -1 -1 -1 -1 
-1 -1 -1 -1 -1 -1 -1 1 -1 -1 -1 -1 -1 -1 -1 -1 -1 -1 -1 -1 
-1 -1 -1 -1 -1 -1 -1 -1 -1 -1 -1 -1 -1 -1 -1 -1 -1 -1 -1 -1 
-1 -1 -1 -1 -1 -1 -1 -1 -1 -1 -1 -1 -1 -1 -1 -1 -1 -1 -1 -1 
-1 -1 -1 -1 -1 -1 -1 -1 -1 -1 -1 -1 -1 -1 -1 -1 -1 -1 -1 -1 
-1 -1 -1 -1 -1 -1 -1 3 -1 -1 -1 -1 -1 -1 -1 -1 -1 -1 -1 -1 
-1 -1 -1 -1 -1 -1 -1 -1 -1 -1 -1 -1 -1 -1 -1 -1 -1 -1 -1 -1 
-1 -1 -1 -1 -1 -1 -1 -1 -1 -1 -1 -1 -1 -1 -1 -1 -1 -1 -1 -1 
-1 -1 -1 -1 -1 -1 -1 -1 -1 -1 -1 -1 -1 -1 -1 -1 -1 -1 -1 -1 
-1 -1 -1 -1 -1 -1 -1 -1 -1 -1 -1 -1 -1 -1 -1 -1 -1 -1 -1 -1 
-1 -1 -1 -1 -1 -1 -1 -1 -1 -1 -1 -1 -1 -1 -1 -1 -1 -1 -1 -1 
-1 -1 -1 -1 -1 -1 -1 -1 -1 -1 -1 -1 -1 -1 -1 -1 -1 -1 -1 -1 
-1 -1 -1 -1 -1 -1 -1 -1 -1 -1 -1 -1 -1 -1 -1 -1 -1 -1 -1 -1 
-1 -1 -1 -1 -1 -1 -1 -1 -1 -1 -1 -1 -1 -1 -1 -1 -1 -1 -1 -1 
-1 -1 -1 -1 -1 -1 -1 -1 -1 -1 -1 -1 -1 -1 -1 -1 -1 -1 -1 -1 
-1 -1 -1 -1 -1 -1 -1 -1 -1 -1 -1 -1 -1 -1 -1 -1 -1 -1 -1 -1 
-1 -1 -1 4 4 4 -1 -1 4 4 -1 4 -1 -1 -1 -1 -1 -1 -1 -1 
-1 -1 -1 4 -1 4 -1 -1 4 4 4 -1 -1 -1 -1 -1 -1 -1 -1 -1 
-1 -1 4 -1 4 -1 -1 -1 4 -1 4 -1 -1 -1 -1 -1 -1 -1 -1 -1 
-1 -1 4 -1 -1 8 -1 -1 -1 -1 -1 -1 -1 -1 -1 -1 -1 -1 -1 -1 
-1 -1 -1 8 8 8 -1 -1 -1 -1 -1 -1 -1 -1 -1 -1 -1 -1 -1 -1 
-1 -1 -1 -1 -1 -1 8 -1 -1 -1 -1 -1 -1 -1 -1 -1 -1 -1 -1 -1 
-1 -1 -1 -1 -1 -1 -1 -1 -1 -1 -1 -1 -1 -1 -1 -1 -1 -1 -1 -1 
-1 -1 -1 -1 -1 -1 -1 -1 -1 -1 -1 -1 -1 -1 -1 -1 -1 -1 -1 -1 
-1 -1 -1 -1 -1 4 4 4 -1 4 4 -1 -1 -1 -1 -1 -1 -1 -1 -1 
-1 -1 -1 -1 -1 4 4 4 4 4 -1 -1 -1 -1 -1 -1 -1 -1 -1 -1 
-1 -1 -1 -1 -1 -1 4 4 4 -1 4 -1 -1 -1 -1 -1 -1 -1 -1 -1 
-1 -1 -1 -1 1 1 -1 4 4 -1 4 -1 -1 -1 -1 -1 -1 -1 -1 -1 
-1 -1 -1 -1 -1 1 3 3 4 4 4 -1 -1 -1 -1 -1 -1 -1 -1 -1 
-1 -1 -1 -1 -1 -1 1 -1 4 -1 4 -1 -1 -1 -1 -1 -1 -1 9 -1 
-1 -1 -1 -1 1 1 1 -1 4 -1 -1 -1 -1 -1 9 -1 -1 9 -1 -1 
-1 -1 -1 -1 -1 1 1 1 -1 1 -1 -1 -1 4 -1 9 9 9 -1 -1 
-1 -1 -1 -1 -1 -1 1 1 1 -1 1 -1 4 4 4 9 -1 9 -1 -1 
-1 -1 -1 -1 -1 -1 4 4 -1 -1 -1 -1 4 4 4 4 9 -1 -1 -1 
-1 -1 -1 -1 -1 -1 4 4 4 -1 4 4 4 4 -1 -1 -1 -1 -1 -1 
-1 -1 -1 -1 4 4 4 4 4 3 -1 4 -1 4 -1 -1 -1 -1 -1 -1 
-1 -1 -1 9 5 4 4 -1 -1 -1 -1 3 3 3 3 3 -1 -1 -1 1 
-1 -1 9 9 -1 5 -1 -1 -1 -1 -1 3 3 3 -1 3 2 -1 -1 -1 
-1 -1 -1 -1 -1 -1 -1 -1 -1 -1 -1 -1 3 -1 -1 -1 -1 8 -1 -1 
8 3 -1 -1 -1 -1 -1 -1 -1 -1 -1 -1 -1 -1 -1 -1 -1 8 8 -1 
-1 -1 3 -1 3 4 -1 -1 -1 -1 -1 -1 -1 -1 -1 -1 -1 8 8 8 
-1 -1 -1 3 4 4 -1 4 -1 -1 -1 -1 -1 -1 -1 -1 -1 8 8 -1 
-1 -1 -1 3 4 4 4 4 -1 -1 -1 -1 -1 -1 -1 8 8 8 -1 8 
8 -1 -1 -1 4 4 4 4 4 -1 -1 -1 -1 -1 -1 -1 -1 8 1 -1 
-1 -1 -1 -1 4 4 -1 4 4 4 -1 -1 -1 -1 -1 -1 3 1 1 -1 
-1 -1 -1 32 4 -1 4 4 4 5 5 -1 -1 -1 -1 -1 -1 3 3 3 
3 -1 -1 32 32 -1 4 -1 5 5 5 4 -1 -1 -1 4 3 -1 3 3 
-1 -1 -1 -1 -1 -1 4 5 4 5 -1 -1 4 -1 -1 -1 -1 -1 3 -1 
-1 -1 -1 -1 -1 4 -1 4 -1 -1 -1 3 -1 -1 -1 -1 -1 3 -1 -1 
-1 -1 4 -1 -1 -1 4 -1 4 4 3 3 3 3 -1 -1 -1 -1 -1 -1 
-1 -1 -1 4 4 4 -1 4 4 -1 -1 3 -1 3 -1 -1 -1 -1 -1 -1 
-1 -1 -1 4 4 4 -1 4 4 -1 -1 3 3 3 -1 -1 -1 -1 -1 -1 
1 -1 4 -1 4 -1 -1 4 4 3 3 3 3 -1 -1 -1 -1 -1 -1 1 
1 1 -1 4 4 -1 -1 -1 4 4 3 3 3 -1 3 3 -1 1 -1 -1 
1 1 1 4 -1 -1 -1 -1 -1 3 3 3 -1 3 3 3 3 3 1 -1 
5 5 -1 -1 -1 4 5 -1 -1 -1 3 3 3 -1 3 3 3 3 1 1 
-1 -1 -1 -1 -1 -1 4 4 4 4 4 -1 4 6 40 -1 -1 -1 -1 -1 
-1 -1 -1 -1 -1 -1 -1 -1 4 -1 -1 5 4 6 40 40 -1 32 -1 -1 
-1 -1 -1 -1 -1 -1 -1 5 -1 6 6 4 5 -1 32 32 40 -1 -1 -1 
-1 -1 -1 -1 -1 5 5 -1 5 5 5 4 32 32 6 6 32 32 -1 -1 
-1 -1 2 2 8 8 8 4 5 5 4 5 40 40 40 40 40 -1 -1 -1 
-1 -1 2 2 2 -1 -1 5 5 -1 4 4 2 40 -1 40 40 40 -1 -1 
-1 -1 -1 -1 -1 -1 -1 5 -1 5 33 40 -1 2 40 -1 4 -1 4 -1 
-1 -1 -1 -1 -1 -1 -1 -1 -1 -1 40 33 33 2 2 -1 -1 -1 -1 -1 
-1 -1 -1 -1 -1 -1 5 -1 -1 4 -1 -1 -1 5 2 2 -1 -1 -1 -1 
-1 6 -1 7 5 -1 5 -1 -1 -1 -1 -1 2 2 2 -1 2 -1 6 6 
7 -1 6 7 4 -1 -1 -1 -1 -1 -1 -1 2 2 2 2 -1 7 6 7 
7 -1 -1 5 5 4 5 -1 -1 -1 2 2 2 2 2 2 7 7 7 7 
7 -1 -1 4 5 -1 -1 -1 -1 -1 -1 2 2 2 2 -1 7 7 7 4 
-1 -1 -1 7 -1 -1 5 4 5 4 -1 -1 2 2 2 -1 -1 -1 32 32 
32 2 5 5 6 4 4 5 4 4 4 -1 -1 2 2 -1 -1 32 -1 -1 
32 40 -1 4 4 5 4 4 4 4 -1 -1 2 -1 2 -1 -1 -1 -1 -1 
-1 32 40 4 4 5 4 4 -1 4 -1 -1 -1 -1 2 -1 3 -1 -1 -1 
32 32 32 -1 -1 4 4 -1 4 -1 -1 -1 -1 -1 -1 3 -1 -1 -1 -1 
32 -1 32 -1 -1 -1 4 4 -1 4 6 6 6 6 2 -1 -1 -1 -1 -1 
-1 32 32 -1 -1 -1 -1 4 4 4 4 -1 6 40 2 -1 -1 -1 -1 -1 
4 -1 -1 -1 -1 -1 -1 -1 -1 -1 -1 4 4 -1 4 -1 -1 5 4 4 
5 -1 -1 -1 -1 -1 -1 -1 4 -1 -1 4 -1 4 -1 -1 -1 -1 -1 4 
-1 -1 -1 -1 -1 -1 -1 6 6 -1 -1 -1 -1 -1 -1 -1 -1 -1 5 4 
-1 40 40 32 4 32 -1 -1 -1 -1 -1 -1 -1 -1 -1 -1 5 5 5 40 
40 40 -1 32 4 -1 -1 4 4 4 -1 -1 4 -1 -1 4 4 5 -1 5 
4 -1 -1 32 32 5 4 4 4 7 4 4 4 -1 -1 -1 -1 5 5 -1 
4 -1 -1 32 7 5 5 7 7 6 4 4 -1 -1 -1 -1 5 -1 -1 -1 
5 4 32 -1 32 7 7 4 5 -1 6 4 -1 -1 -1 5 5 5 -1 4 
-1 32 -1 32 -1 7 6 -1 5 5 5 4 -1 5 5 5 -1 6 5 -1 
-1 5 -1 -1 -1 -1 -1 6 5 5 -1 5 5 5 5 1 -1 -1 -1 -1 
5 -1 -1 -1 4 -1 -1 4 -1 -1 6 5 -1 5 1 1 -1 -1 -1 -1 
5 5 -1 6 4 -1 -1 4 -1 -1 7 40 5 5 -1 -1 -1 -1 -1 5 
5 -1 -1 4 5 -1 -1 -1 -1 6 7 -1 -1 -1 -1 -1 -1 -1 5 5 
4 32 -1 4 1 -1 5 -1 -1 -1 7 -1 -1 5 5 -1 -1 -1 5 4 
-1 40 32 -1 32 6 -1 -1 -1 -1 -1 -1 -1 -1 -1 5 -1 -1 -1 -1 
-1 40 40 32 -1 6 -1 -1 -1 -1 -1 -1 -1 -1 -1 5 -1 -1 -1 -1 
40 -1 -1 -1 -1 -1 -1 -1 -1 4 -1 -1 -1 -1 5 -1 -1 -1 -1 -1 
-1 -1 -1 -1 -1 2 2 -1 -1 -1 4 4 4 4 2 -1 -1 -1 -1 -1 
5 -1 -1 -1 -1 -1 2 -1 -1 -1 -1 4 4 4 2 -1 -1 -1 -1 -1 
5 5 -1 -1 -1 -1 32 -1 -1 -1 4 4 4 -1 2 -1 7 -1 -1 4 
-1 -1 -1 -1 -1 4 -1 4 4 4 1 -1 -1 1 -1 5 6 -1 -1 -1 
1 -1 -1 -1 -1 -1 -1 -1 -1 -1 -1 -1 -1 -1 5 1 1 -1 -1 1 
-1 -1 -1 -1 -1 -1 3 -1 -1 -1 -1 -1 -1 -1 -1 1 1 -1 -1 -1 
-1 -1 -1 -1 -1 -1 3 3 -1 -1 -1 -1 -1 -1 -1 1 -1 -1 -1 1 
1 -1 -1 -1 -1 3 3 4 4 -1 -1 -1 5 5 -1 -1 -1 -1 -1 -1 
-1 -1 4 -1 -1 -1 -1 5 5 4 -1 -1 5 -1 -1 -1 -1 5 -1 -1 
-1 -1 5 4 -1 -1 -1 -1 5 5 5 4 4 -1 -1 -1 5 -1 -1 -1 
5 5 -1 -1 -1 -1 4 4 5 5 5 5 5 -1 -1 32 -1 -1 -1 5 
-1 5 5 -1 -1 -1 4 5 4 5 10 5 5 -1 32 32 -1 -1 -1 -1 
-1 5 5 -1 -1 -1 5 -1 -1 5 5 4 5 -1 -1 33 11 -1 11 -1 
8 5 -1 -1 -1 -1 4 -1 4 4 5 5 5 5 32 7 33 11 11 -1 
5 4 -1 -1 -1 4 -1 4 4 5 -1 40 40 32 7 -1 7 7 6 -1 
32 -1 32 32 -1 -1 4 4 4 -1 5 -1 4 7 32 7 7 6 6 32 
32 32 -1 -1 -1 -1 5 5 5 4 5 5 6 32 1 7 7 6 1 -1 
32 -1 32 5 -1 -1 5 4 5 5 4 5 5 1 7 6 6 6 -1 32 
32 -1 32 5 -1 5 4 5 -1 5 5 5 1 1 1 -1 -1 3 7 32 
32 -1 4 4 5 -1 4 3 5 5 -1 11 1 1 33 1 3 7 -1 -1 
-1 -1 11 4 4 5 2 6 -1 -1 4 4 1 1 1 2 -1 1 -1 -1 
32 32 -1 11 4 5 4 2 4 4 4 4 1 1 1 1 1 4 -1 -1 
-1 -1 -1 -1 -1 4 -1 4 4 4 4 1 1 1 -1 6 4 6 4 -1 
-1 6 32 32 11 -1 -1 -1 -1 -1 -1 4 4 4 -1 -1 6 6 6 -1 
-1 6 40 10 11 -1 -1 -1 -1 -1 40 32 32 40 -1 6 32 40 4 6 
6 -1 6 -1 -1 -1 -1 -1 -1 32 32 -1 40 -1 -1 40 40 40 4 9 
-1 6 4 -1 -1 -1 -1 -1 7 7 32 40 40 33 33 7 40 40 -1 -1 
-1 -1 6 -1 -1 40 32 6 40 11 40 40 -1 -1 32 33 -1 40 32 40 
5 3 32 6 32 32 40 3 10 -1 11 32 32 33 33 -1 32 32 32 5 
5 3 2 32 6 32 -1 3 11 11 10 10 32 33 -1 -1 32 33 -1 4 
3 -1 3 33 32 -1 32 32 10 40 10 32 32 -1 40 -1 -1 7 6 -1 
3 3 3 32 33 -1 32 32 32 11 10 10 32 40 -1 9 -1 -1 1 9 
-1 9 -1 -1 -1 32 32 32 33 10 10 32 -1 -1 40 -1 9 1 -1 -1 
9 -1 32 32 -1 33 33 -1 -1 33 33 32 -1 32 40 -1 -1 9 1 9 
-1 33 -1 -1 33 33 33 32 32 33 32 -1 32 32 -1 -1 9 1 5 -1 
-1 -1 11 -1 -1 33 33 32 32 33 33 32 32 32 -1 -1 -1 9 5 -1 
4 -1 -1 11 -1 -1 33 33 33 33 32 32 32 32 9 -1 -1 -1 6 -1 
4 32 -1 11 11 -1 32 32 32 33 32 -1 -1 -1 32 40 6 6 6 -1 
32 -1 11 -1 32 32 32 32 32 -1 -1 -1 -1 -1 32 -1 6 6 33 32 
32 -1 10 10 -1 32 -1 32 32 32 -1 -1 -1 40 32 40 7 -1 7 6 
-1 41 10 11 10 -1 -1 -1 -1 32 -1 -1 -1 32 40 -1 -1 7 6 41 
41 40 40 10 11 11 10 -1 -1 -1 -1 10 32 -1 -1 -1 -1 6 7 40 
40 40 40 32 11 10 10 -1 -1 -1 -1 -1 40 -1 32 32 32 6 6 40 
1 1 1 40 9 33 -1 -1 -1 1 1 1 1 1 1 5 5 -1 -1 1 
5 5 9 -1 33 8 7 -1 1 7 -1 1 -1 1 1 1 1 1 5 1 
4 5 4 -1 40 8 -1 7 32 7 -1 1 -1 -1 1 -1 1 5 -1 1 
5 5 5 4 8 8 40 40 7 7 1 -1 -1 1 40 1 1 1 1 -1 
4 5 33 33 32 40 40 40 5 7 7 1 -1 -1 -1 -1 1 1 1 1 
40 5 33 32 -1 -1 4 5 5 7 1 5 1 -1 3 3 1 -1 4 -1 
40 33 33 -1 33 33 5 5 4 5 5 2 1 1 2 -1 -1 1 2 2 
-1 40 32 33 32 -1 -1 7 5 6 6 2 2 -1 -1 2 2 2 3 2 
32 -1 32 32 -1 8 -1 -1 -1 2 2 2 2 2 -1 2 2 2 2 32 
-1 32 33 33 8 33 33 1 -1 -1 -1 3 2 3 4 40 40 2 -1 -1 
9 33 32 8 8 -1 33 1 -1 -1 -1 -1 -1 4 40 -1 32 6 -1 9 
9 33 9 1 32 -1 -1 -1 -1 -1 -1 40 40 3 32 40 32 6 1 9 
1 1 1 33 -1 32 -1 -1 32 32 32 32 40 32 32 40 -1 6 6 9 
9 1 1 33 -1 -1 -1 32 -1 -1 32 -1 40 32 -1 4 4 4 1 9 
1 -1 -1 -1 -1 33 9 32 32 32 40 -1 -1 -1 41 9 9 9 9 9 
-1 7 7 7 32 32 -1 -1 32 40 -1 -1 -1 8 8 8 9 9 9 9 
9 -1 7 33 33 32 -1 -1 -1 -1 -1 -1 -1 3 8 9 -1 9 9 9 
-1 -1 -1 -1 -1 -1 -1 -1 -1 7 1 1 -1 3 3 9 9 9 8 9 
-1 1 -1 -1 -1 -1 -1 -1 7 33 1 1 1 3 1 3 -1 -1 1 8 
9 9 -1 9 -1 -1 -1 -1 -1 5 5 1 1 1 -1 -1 5 -1 1 1 
1 1 7 7 5 6 7 7 8 8 40 40 -1 32 40 1 1 7 7 -1 
-1 -1 1 7 -1 1 7 8 -1 8 4 4 5 -1 1 40 1 7 6 8 
7 1 32 -1 -1 7 8 4 5 -1 32 5 4 4 6 1 1 6 -1 8 
8 -1 -1 -1 -1 -1 4 5 4 -1 32 4 4 4 6 6 6 1 -1 33 
8 -1 -1 -1 5 4 4 33 32 5 4 -1 -1 6 6 5 -1 -1 -1 33 
1 1 -1 5 4 -1 -1 33 33 5 5 -1 6 6 4 33 -1 -1 -1 32 
33 1 -1 4 4 8 33 33 33 -1 4 4 4 4 -1 33 8 -1 -1 33 
33 8 8 8 8 4 33 33 33 4 -1 32 4 33 6 6 8 33 33 33 
33 -1 8 8 4 -1 7 7 6 -1 -1 32 33 6 6 6 8 -1 33 33 
9 1 1 -1 4 4 5 5 5 6 -1 -1 6 6 7 8 8 -1 8 -1 
1 1 1 4 4 5 6 -1 -1 -1 8 -1 6 -1 -1 -1 40 8 8 9 
1 1 -1 4 -1 5 4 -1 8 -1 8 8 -1 -1 33 40 9 -1 -1 1 
9 1 -1 -1 -1 -1 8 -1 -1 8 8 -1 -1 33 32 40 40 40 1 1 
1 -1 -1 32 -1 -1 4 4 -1 8 8 8 -1 -1 32 9 32 40 9 1 
1 1 1 32 -1 4 -1 8 4 8 -1 8 8 32 -1 4 40 40 1 40 
-1 -1 8 4 4 -1 8 8 8 8 8 8 40 40 32 40 4 -1 -1 32 
1 -1 7 6 8 5 -1 8 8 8 8 8 8 40 32 32 32 6 1 1 
1 -1 7 8 6 -1 4 4 6 8 8 8 40 1 32 40 40 4 6 1 
1 -1 1 6 5 6 4 6 4 32 -1 40 40 -1 4 4 40 7 4 1 
-1 1 1 -1 5 5 6 8 8 8 32 -1 40 40 5 4 -1 4 5 7 
4 4 5 -1 5 4 4 6 4 4 6 4 4 1 6 40 1 1 -1 1 
4 1 -1 5 4 4 4 4 4 4 4 6 6 4 6 8 8 -1 1 1 
1 4 5 5 1 5 4 -1 40 -1 32 4 4 1 1 8 8 -1 -1 -1 
5 4 5 5 5 -1 4 -1 -1 -1 4 -1 1 6 6 -1 1 5 5 -1 
4 5 4 5 4 4 32 -1 5 5 -1 1 -1 1 1 1 1 5 -1 -1 
4 4 4 5 5 4 5 5 5 5 5 -1 -1 1 1 1 -1 -1 -1 -1 
-1 -1 -1 -1 5 -1 -1 7 7 4 4 -1 -1 -1 4 -1 1 1 1 1 
32 -1 -1 5 40 -1 -1 7 4 4 -1 4 -1 4 -1 40 1 1 1 32 
1 1 40 32 40 40 -1 40 4 4 4 4 4 -1 -1 1 1 1 1 1 
40 1 1 32 -1 32 40 7 7 4 4 4 -1 -1 1 1 1 1 1 32 
32 9 40 1 40 40 32 40 4 1 1 1 -1 -1 32 32 32 -1 1 32 
32 32 1 -1 32 40 -1 32 40 1 1 1 32 32 -1 -1 -1 -1 40 32 
32 32 32 -1 32 32 -1 32 32 40 1 1 1 32 3 -1 -1 32 40 32 
32 40 32 1 32 1 2 1 40 -1 1 1 1 -1 32 3 32 32 32 32 
32 32 32 6 32 1 1 1 1 -1 1 -1 -1 -1 3 32 32 32 32 -1 
-1 32 32 1 6 1 -1 1 1 -1 -1 1 1 -1 -1 32 -1 -1 9 -1 
-1 32 -1 -1 -1 6 6 1 1 40 1 1 -1 1 -1 -1 -1 -1 -1 -1 
-1 -1 -1 8 -1 -1 6 6 4 32 6 1 -1 -1 1 -1 -1 -1 -1 40 
-1 -1 -1 8 5 6 6 4 4 1 6 -1 1 32 32 -1 -1 -1 -1 32 
-1 -1 -1 -1 -1 -1 6 6 6 4 6 6 40 1 40 -1 40 1 1 -1 
4 4 1 4 4 40 40 32 32 5 -1 4 -1 1 32 32 6 6 8 -1 
-1 1 -1 -1 -1 40 -1 2 5 -1 5 -1 5 -1 1 -1 6 32 -1 -1 
1 -1 1 32 40 -1 6 2 -1 40 4 5 -1 -1 4 6 32 32 -1 1 
1 1 1 -1 -1 -1 -1 6 6 -1 -1 -1 -1 5 4 1 6 1 1 1 
1 1 -1 -1 -1 -1 6 -1 -1 1 -1 1 -1 32 32 1 9 9 1 1 
9 -1 -1 -1 -1 -1 -1 4 6 1 1 33 -1 -1 1 32 32 9 -1 1 
40 40 -1 -1 1 1 5 6 4 32 33 -1 -1 -1 32 32 -1 32 32 -1 
40 -1 -1 -1 -1 -1 5 6 6 -1 32 -1 32 32 -1 7 7 -1 5 40 
-1 -1 40 40 -1 -1 6 5 5 -1 33 32 33 32 32 32 40 5 32 32 
7 7 40 -1 -1 -1 5 1 5 6 -1 33 33 -1 -1 -1 32 5 7 40 
-1 5 5 1 -1 33 33 33 6 4 6 33 -1 4 -1 -1 -1 32 40 7 
-1 -1 1 1 33 5 33 6 32 4 6 -1 4 -1 -1 -1 -1 -1 -1 40 
32 1 1 1 40 33 5 6 4 -1 -1 -1 5 -1 5 5 -1 -1 -1 32 
32 1 -1 40 -1 1 5 5 5 -1 -1 5 -1 4 -1 -1 -1 -1 -1 40 
-1 32 1 -1 1 -1 40 4 4 -1 6 6 4 5 -1 -1 4 -1 4 40 
-1 -1 32 1 -1 40 5 5 -1 5 6 6 4 4 4 4 4 4 8 40 
-1 40 -1 4 1 -1 -1 5 40 -1 5 5 5 5 6 4 4 8 -1 -1 
4 4 4 4 -1 -1 32 -1 40 40 4 7 7 4 4 6 6 9 9 -1 
-1 -1 4 4 4 40 32 -1 5 5 5 5 -1 5 4 4 6 6 -1 -1 
4 -1 -1 4 40 40 32 32 5 5 4 5 5 -1 4 6 4 -1 8 -1 
40 32 40 40 40 40 -1 -1 32 6 6 1 1 6 8 -1 -1 -1 -1 32 
32 40 40 40 -1 40 4 32 32 1 -1 -1 1 6 8 -1 -1 -1 -1 -1 
-1 -1 -1 40 40 40 32 5 32 1 4 1 -1 -1 -1 -1 -1 -1 -1 -1 
40 40 40 40 40 -1 40 32 33 4 40 4 -1 32 -1 40 -1 -1 -1 -1 
40 32 40 -1 40 40 40 33 40 40 6 40 6 32 -1 32 8 -1 -1 -1 
32 -1 40 -1 33 40 1 32 32 33 9 33 32 32 32 -1 8 -1 -1 -1 
-1 32 -1 -1 -1 -1 5 32 33 9 41 6 33 40 1 -1 32 8 32 -1 
-1 32 -1 -1 -1 -1 32 5 41 40 41 32 1 1 1 40 40 40 8 40 
-1 -1 -1 -1 40 40 40 32 -1 40 1 1 1 1 40 -1 1 8 40 -1 
-1 -1 -1 -1 -1 40 40 40 5 41 -1 1 1 1 -1 1 1 40 32 40 
-1 -1 32 32 32 -1 40 7 40 40 1 1 1 1 1 1 -1 -1 40 40 
40 -1 32 32 32 -1 32 40 -1 40 40 1 1 -1 1 1 -1 -1 40 40 
40 32 40 32 32 40 32 40 40 32 40 32 1 -1 -1 33 -1 32 -1 40 
32 32 40 32 -1 -1 40 40 -1 32 33 2 32 2 2 33 -1 -1 32 -1 
1 32 40 40 -1 40 32 -1 33 32 32 2 2 1 2 4 4 -1 -1 -1 
40 1 -1 40 40 32 32 -1 32 33 33 33 2 2 -1 4 4 -1 -1 -1 
-1 1 -1 -1 40 32 32 32 32 32 1 -1 -1 -1 -1 -1 -1 -1 -1 -1 
-1 32 40 -1 -1 40 -1 1 33 -1 1 -1 1 -1 -1 40 -1 -1 -1 -1 
40 32 40 40 -1 40 -1 1 1 -1 12 1 1 -1 40 -1 -1 -1 -1 -1 
32 40 40 32 32 32 32 -1 32 12 1 -1 -1 8 40 -1 -1 -1 -1 40 
1 1 32 -1 -1 -1 2 1 1 1 -1 1 -1 -1 -1 -1 -1 1 1 1 
1 40 32 32 -1 2 -1 -1 1 -1 -1 1 -1 -1 -1 -1 -1 1 1 1 
4 40 32 -1 32 -1 -1 -1 -1 6 6 6 -1 -1 -1 -1 -1 -1 -1 1 
4 4 4 4 -1 40 -1 4 -1 4 6 -1 -1 -1 -1 -1 -1 -1 -1 4 
-1 4 4 41 -1 -1 40 4 4 -1 4 -1 -1 -1 -1 -1 -1 -1 -1 -1 
4 4 -1 -1 -1 -1 -1 40 4 4 6 -1 -1 -1 -1 -1 -1 -1 -1 4 
4 4 4 4 -1 -1 -1 -1 40 4 -1 -1 -1 -1 -1 -1 4 -1 -1 4 
4 -1 4 -1 -1 -1 -1 -1 -1 40 4 4 4 -1 -1 40 4 4 -1 -1 
-1 -1 1 4 4 -1 -1 -1 -1 -1 -1 4 -1 32 32 -1 -1 4 -1 4 
4 32 -1 -1 -1 -1 40 4 4 -1 4 40 2 32 -1 4 40 -1 4 -1 
40 4 32 -1 -1 -1 -1 -1 -1 4 -1 2 32 32 32 32 40 4 4 4 
4 -1 -1 -1 -1 -1 -1 32 -1 -1 -1 1 2 40 -1 40 40 -1 4 5 
-1 -1 -1 -1 -1 -1 -1 32 32 40 -1 -1 -1 2 40 -1 1 40 4 5 
-1 -1 -1 -1 -1 -1 2 2 40 40 40 -1 -1 2 2 1 1 40 40 40 
40 -1 3 3 -1 -1 -1 -1 2 40 40 32 32 -1 1 1 40 40 32 32 
-1 -1 -1 -1 6 6 -1 2 -1 -1 32 1 1 1 1 1 -1 -1 32 32 
1 -1 -1 -1 -1 -1 -1 -1 4 -1 32 1 1 1 -1 1 -1 4 -1 40 
1 1 -1 -1 -1 -1 -1 -1 -1 4 -1 -1 1 1 -1 4 -1 4 4 4 
4 -1 -1 -1 -1 -1 -1 -1 4 1 1 1 1 1 1 -1 4 4 4 1 
4 32 32 -1 -1 -1 -1 -1 1 1 1 -1 -1 -1 -1 -1 -1 1 1 1 
-1 -1 -1 -1 -1 -1 3 -1 -1 -1 -1 -1 -1 -1 -1 -1 4 -1 -1 -1 
-1 -1 -1 4 3 3 -1 -1 2 -1 -1 2 -1 -1 -1 -1 -1 -1 -1 -1 
-1 -1 4 -1 -1 2 -1 -1 2 -1 2 2 2 -1 -1 -1 -1 -1 4 -1 
-1 4 4 4 -1 -1 2 2 2 -1 2 2 2 2 -1 1 -1 4 4 -1 
-1 4 4 4 -1 -1 2 2 -1 -1 2 2 2 2 1 1 1 1 4 1 
1 4 4 -1 -1 2 -1 2 -1 2 2 2 2 2 -1 1 1 -1 1 1 
-1 4 -1 -1 -1 40 -1 2 2 2 2 2 2 2 2 2 1 2 -1 -1 
-1 -1 -1 -1 40 40 40 2 2 -1 -1 2 2 -1 2 2 2 -1 2 -1 
-1 -1 -1 40 32 32 40 -1 -1 4 -1 -1 -1 -1 -1 4 4 -1 4 2 
-1 40 40 -1 -1 -1 -1 -1 -1 4 -1 -1 -1 -1 4 -1 4 -1 4 4 
-1 40 -1 -1 -1 -1 -1 -1 -1 -1 -1 -1 -1 -1 4 4 4 -1 4 4 
-1 -1 -1 -1 -1 32 -1 -1 -1 -1 -1 -1 -1 -1 -1 4 4 -1 -1 4 
-1 -1 -1 -1 32 2 2 2 -1 -1 -1 4 -1 -1 32 -1 -1 -1 -1 -1 
-1 -1 -1 40 40 2 2 2 -1 2 2 4 -1 -1 40 32 4 -1 -1 -1 
-1 -1 -1 -1 -1 -1 2 2 4 4 4 4 40 40 40 4 4 -1 -1 4 
-1 -1 -1 -1 -1 2 -1 2 4 4 -1 3 4 40 4 4 4 4 4 4 
-1 -1 -1 -1 -1 -1 2 -1 -1 4 -1 32 3 2 2 4 -1 -1 -1 -1 
-1 -1 -1 -1 -1 -1 -1 2 2 2 4 3 32 2 40 4 -1 1 1 -1 
-1 -1 -1 -1 -1 -1 -1 -1 -1 -1 4 -1 -1 -1 -1 4 4 1 1 1 
-1 -1 -1 -1 -1 -1 -1 -1 -1 -1 -1 -1 -1 -1 -1 4 4 1 -1 -1 
-1 1 -1 -1 -1 -1 -1 -1 -1 -1 -1 -1 2 2 -1 2 2 -1 -1 1 
-1 -1 1 -1 -1 -1 -1 4 4 -1 -1 -1 -1 -1 2 2 2 2 1 1 
-1 -1 1 1 3 3 -1 -1 4 4 -1 -1 -1 -1 2 2 2 -1 2 1 
-1 -1 1 1 -1 1 -1 -1 4 4 -1 -1 -1 -1 2 2 2 2 1 2 
2 -1 -1 -1 1 4 3 -1 -1 4 -1 -1 -1 2 2 2 -1 -1 -1 2 
-1 -1 -1 -1 4 1 4 4 4 -1 -1 -1 -1 2 -1 -1 -1 -1 2 2 
2 2 -1 -1 1 4 4 4 -1 4 -1 2 2 -1 -1 -1 -1 2 2 2 
2 2 -1 -1 -1 -1 -1 4 -1 -1 4 -1 -1 -1 -1 -1 -1 -1 -1 -1 
-1 -1 2 -1 -1 4 -1 -1 -1 -1 4 -1 4 -1 -1 -1 -1 -1 2 2 
-1 -1 -1 2 4 -1 -1 -1 -1 -1 -1 -1 -1 -1 -1 -1 -1 -1 2 -1 
32 32 -1 -1 3 -1 -1 4 -1 -1 4 -1 -1 -1 -1 -1 -1 -1 32 -1 
32 32 -1 -1 -1 3 3 4 4 -1 4 -1 -1 -1 -1 -1 -1 -1 -1 32 
40 -1 -1 -1 -1 3 3 4 -1 -1 -1 -1 -1 -1 -1 -1 -1 4 -1 -1 
-1 -1 -1 -1 -1 3 3 -1 4 -1 -1 -1 2 -1 -1 -1 -1 -1 4 40 
-1 -1 -1 -1 -1 -1 3 4 -1 4 4 2 2 -1 -1 -1 -1 4 4 -1 
-1 -1 -1 -1 4 -1 -1 3 -1 -1 6 -1 -1 -1 -1 -1 -1 4 -1 -1 
-1 -1 -1 4 -1 4 -1 -1 -1 -1 6 6 -1 -1 -1 -1 -1 -1 -1 -1 
-1 -1 -1 -1 4 4 4 -1 -1 -1 -1 6 -1 -1 -1 -1 -1 -1 -1 -1 
-1 -1 -1 -1 4 -1 -1 -1 -1 -1 -1 -1 2 -1 -1 -1 -1 -1 -1 -1 
-1 -1 -1 -1 -1 -1 -1 -1 -1 -1 -1 -1 2 2 2 -1 -1 2 -1 -1 
-1 -1 6 -1 6 -1 -1 -1 -1 -1 -1 -1 1 1 2 2 2 -1 -1 -1 
-1 -1 -1 6 -1 -1 -1 -1 -1 -1 -1 -1 -1 1 2 2 2 -1 -1 2 
-1 -1 -1 -1 -1 -1 -1 -1 -1 -1 -1 -1 -1 -1 2 2 2 2 -1 4 
4 -1 -1 -1 -1 -1 -1 4 4 -1 -1 -1 -1 -1 -1 -1 2 2 2 2 
-1 -1 -1 -1 -1 -1 -1 4 4 4 -1 -1 -1 -1 -1 2 2 -1 2 2 
-1 -1 -1 -1 -1 -1 -1 -1 4 4 -1 -1 -1 -1 -1 2 2 2 2 -1 
-1 -1 -1 -1 -1 -1 -1 4 4 4 4 -1 -1 -1 -1 2 2 2 2 2 
4 4 4 -1 -1 -1 4 4 4 4 4 4 4 4 4 -1 2 -1 2 4 
4 -1 -1 -1 -1 -1 4 -1 4 -1 -1 -1 4 4 4 -1 -1 -1 -1 4 
-1 -1 -1 2 2 -1 -1 4 -1 -1 -1 -1 3 4 -1 -1 -1 -1 -1 4 
4 2 2 2 -1 -1 -1 4 -1 -1 -1 6 6 4 4 -1 -1 -1 -1 -1 
-1 -1 2 -1 -1 -1 4 -1 -1 4 4 6 4 -1 -1 -1 -1 -1 -1 -1 
-1 -1 -1 2 -1 -1 -1 4 -1 4 4 -1 -1 -1 -1 -1 -1 -1 -1 -1 
-1 -1 2 -1 -1 4 4 -1 4 4 4 4 4 4 -1 -1 -1 4 -1 -1 
-1 -1 4 -1 2 2 -1 4 4 4 4 -1 -1 2 -1 4 -1 4 -1 -1 
-1 4 4 4 -1 -1 1 4 4 -1 -1 -1 -1 2 4 4 4 -1 4 -1 
-1 -1 -1 4 4 1 -1 1 4 -1 -1 2 2 -1 -1 4 4 4 -1 -1 
-1 -1 -1 -1 1 4 -1 -1 -1 -1 -1 2 2 2 4 4 4 4 4 -1 
4 6 4 4 -1 -1 -1 -1 -1 -1 -1 -1 -1 2 -1 4 2 -1 4 4 
-1 6 4 4 4 -1 -1 -1 -1 -1 -1 -1 -1 2 2 2 4 -1 -1 -1 
-1 -1 -1 -1 -1 3 4 4 -1 4 2 4 -1 -1 4 -1 -1 -1 -1 -1 
-1 -1 -1 -1 3 4 -1 -1 -1 -1 4 4 -1 4 -1 -1 -1 4 4 -1 
-1 -1 -1 -1 -1 3 -1 -1 -1 -1 4 -1 -1 -1 -1 4 4 -1 -1 -1 
4 4 -1 -1 -1 -1 -1 -1 -1 -1 -1 -1 -1 -1 4 4 -1 -1 -1 4 
-1 4 -1 -1 -1 1 -1 1 2 2 2 -1 -1 4 -1 -1 4 4 -1 4 
4 -1 4 -1 -1 -1 -1 1 1 -1 -1 4 -1 -1 4 4 4 1 1 4 
-1 4 4 4 1 4 -1 -1 1 1 4 -1 4 4 -1 4 -1 -1 -1 -1 
4 4 1 1 4 1 1 1 1 4 -1 -1 -1 -1 4 1 4 4 -1 -1 
-1 -1 -1 -1 1 -1 1 -1 -1 -1 4 -1 -1 4 -1 4 1 4 4 4 
4 4 4 -1 -1 -1 -1 -1 -1 -1 -1 -1 -1 -1 -1 -1 4 4 4 4 
4 4 4 -1 -1 -1 4 -1 4 4 4 -1 -1 -1 -1 -1 4 4 4 4 
-1 4 -1 4 4 -1 4 4 4 4 4 4 -1 -1 -1 -1 4 4 4 -1 
-1 4 4 4 6 -1 -1 4 4 4 6 -1 4 -1 -1 4 -1 4 -1 -1 
4 4 4 2 2 2 4 2 4 4 6 4 -1 -1 4 -1 4 -1 -1 -1 
-1 4 4 4 -1 -1 2 -1 -1 -1 4 4 -1 -1 -1 4 -1 -1 -1 -1 
-1 4 4 4 4 2 2 2 2 4 4 4 -1 -1 4 2 -1 -1 -1 -1 
-1 4 4 4 -1 2 2 2 4 4 4 -1 4 4 -1 2 -1 -1 -1 -1 
-1 -1 4 4 4 -1 2 4 4 4 4 4 -1 4 -1 2 2 2 -1 -1 
-1 -1 -1 -1 -1 -1 -1 -1 4 4 4 4 -1 4 -1 -1 -1 4 2 -1 
-1 -1 -1 -1 3 -1 -1 1 4 4 4 -1 4 4 4 4 -1 -1 -1 -1 
-1 -1 4 4 4 2 4 -1 4 4 1 -1 3 3 -1 -1 2 2 2 -1 
-1 4 -1 -1 4 -1 2 -1 -1 1 4 1 1 3 -1 -1 -1 2 4 2 
36 4 4 4 4 -1 -1 2 2 -1 -1 2 2 4 3 -1 4 4 4 -1 
-1 36 4 4 -1 -1 2 2 2 -1 -1 -1 4 -1 -1 -1 4 4 -1 -1 
-1 -1 -1 4 4 2 2 2 2 -1 -1 -1 2 2 -1 4 -1 -1 4 4 
-1 -1 -1 4 -1 2 2 2 2 -1 -1 -1 -1 -1 -1 4 4 -1 4 4 
-1 4 2 4 -1 -1 2 6 6 6 -1 4 4 -1 -1 -1 4 4 -1 -1 
-1 4 4 4 4 2 6 6 6 6 -1 -1 4 4 -1 -1 -1 -1 -1 -1 
-1 4 -1 -1 -1 -1 -1 6 -1 6 -1 -1 -1 4 -1 -1 1 4 -1 -1 
4 -1 -1 -1 -1 -1 -1 6 -1 -1 -1 6 4 -1 -1 -1 4 1 4 -1 
4 -1 -1 4 4 -1 -1 -1 -1 -1 6 4 -1 -1 -1 -1 -1 -1 1 4 
-1 -1 -1 -1 -1 -1 6 6 -1 -1 -1 -1 -1 -1 -1 4 -1 -1 4 -1 
-1 -1 -1 -1 -1 -1 -1 6 6 -1 1 1 1 -1 -1 4 -1 4 4 4 
-1 -1 -1 -1 -1 -1 -1 -1 4 -1 -1 -1 -1 -1 -1 -1 4 -1 4 4 
4 -1 -1 -1 4 -1 4 4 -1 4 -1 -1 -1 -1 -1 -1 4 4 4 -1 
4 4 -1 -1 4 4 4 4 4 -1 4 -1 -1 -1 4 -1 4 -1 4 4 
4 4 -1 -1 -1 4 -1 4 -1 -1 -1 4 -1 -1 -1 4 4 4 -1 4 
-1 4 -1 4 4 4 4 4 -1 4 4 4 -1 2 -1 -1 4 4 -1 -1 
-1 -1 -1 4 4 4 4 4 -1 4 4 4 4 2 -1 2 -1 2 -1 -1 
-1 -1 -1 4 4 4 4 4 4 1 4 1 3 3 2 2 2 -1 -1 -1 
-1 4 4 4 4 4 -1 -1 -1 4 -1 6 4 5 -1 -1 6 4 4 -1 
4 -1 4 4 4 4 -1 -1 4 4 6 6 7 7 -1 -1 -1 4 4 4 
-1 4 4 4 4 -1 4 -1 4 4 4 -1 -1 4 -1 -1 4 4 1 1 
4 4 4 4 -1 4 -1 -1 -1 -1 -1 -1 -1 -1 4 4 4 4 4 -1 
1 2 -1 -1 -1 -1 -1 -1 -1 -1 -1 -1 -1 -1 -1 4 -1 -1 1 4 
1 4 -1 -1 -1 -1 -1 -1 2 2 -1 4 4 4 4 -1 -1 4 -1 1 
4 -1 -1 -1 -1 -1 -1 2 2 2 6 4 4 4 4 -1 -1 4 6 1 
1 -1 -1 4 -1 2 2 -1 2 2 2 -1 2 -1 4 4 4 -1 4 -1 
4 4 -1 -1 -1 -1 -1 2 -1 2 2 2 2 -1 2 -1 4 4 -1 4 
-1 -1 -1 -1 -1 2 -1 -1 2 2 2 2 -1 2 2 2 -1 -1 4 -1 
4 -1 -1 -1 2 4 2 -1 2 -1 2 2 2 4 2 2 -1 -1 -1 4 
4 4 -1 -1 -1 1 -1 -1 -1 -1 -1 2 4 4 4 4 4 4 4 4 
4 4 1 1 -1 -1 1 1 -1 -1 -1 -1 6 -1 2 2 -1 4 4 4 
4 -1 -1 1 1 1 -1 4 4 1 -1 -1 6 -1 -1 -1 -1 4 -1 4 
4 -1 4 4 1 1 1 4 1 4 4 4 4 -1 4 -1 -1 4 4 4 
-1 -1 4 4 4 -1 3 -1 4 4 4 2 -1 -1 4 -1 4 4 4 -1 
4 4 -1 4 4 3 3 4 4 4 -1 -1 4 -1 4 -1 4 4 -1 4 
1 4 -1 4 4 -1 3 4 4 -1 -1 4 -1 4 4 5 4 -1 -1 4 
4 4 -1 -1 -1 -1 -1 4 -1 -1 -1 4 4 -1 -1 4 4 -1 4 1 
-1 4 4 -1 4 4 4 -1 -1 -1 -1 5 4 -1 -1 5 4 4 -1 4 
4 4 4 -1 4 1 -1 4 -1 -1 4 -1 4 -1 4 -1 2 2 -1 1 
1 4 4 4 1 1 1 1 -1 -1 -1 2 -1 4 4 2 2 2 -1 -1 
-1 2 4 -1 -1 -1 1 -1 -1 -1 4 4 2 2 2 2 -1 -1 -1 -1 
2 -1 4 4 4 4 -1 -1 1 1 1 4 4 4 5 2 -1 -1 -1 -1 
-1 4 4 6 4 -1 4 4 -1 -1 1 2 2 2 4 4 4 -1 -1 -1 
-1 -1 4 4 4 4 -1 4 6 4 2 1 2 4 -1 4 4 -1 -1 -1 
-1 -1 1 -1 1 -1 4 6 4 6 4 -1 4 -1 -1 4 -1 -1 -1 -1 
-1 -1 -1 1 1 1 6 4 -1 -1 4 5 4 4 4 -1 -1 -1 -1 -1 
-1 -1 -1 -1 -1 -1 2 4 4 4 4 6 -1 -1 4 -1 -1 -1 -1 -1 
-1 -1 -1 -1 -1 4 4 6 -1 4 6 -1 4 4 4 -1 -1 -1 -1 -1 
-1 -1 1 1 4 4 6 4 6 -1 5 5 -1 4 6 6 -1 -1 -1 -1 
-1 4 1 -1 -1 -1 1 1 4 -1 -1 5 -1 -1 -1 6 -1 -1 -1 -1 
-1 4 -1 -1 -1 1 1 4 5 5 -1 -1 -1 -1 -1 -1 -1 1 -1 -1 
-1 -1 -1 -1 4 1 -1 4 4 -1 -1 -1 -1 -1 -1 -1 1 1 1 4 
4 -1 4 6 1 4 4 4 4 4 -1 -1 -1 -1 -1 1 -1 -1 4 4 
4 4 4 6 4 4 4 4 4 -1 -1 -1 -1 -1 -1 -1 -1 -1 4 4 
-1 -1 -1 4 4 4 4 4 4 4 -1 -1 -1 2 -1 -1 2 2 2 -1 
-1 4 4 4 4 -1 -1 4 -1 4 4 -1 -1 4 2 2 2 2 2 -1 
-1 4 4 -1 -1 4 4 -1 2 -1 4 4 2 -1 -1 2 2 2 -1 -1 
-1 6 -1 4 4 4 4 4 4 -1 4 4 4 2 2 4 2 2 -1 -1 
4 4 -1 4 -1 -1 4 -1 1 1 -1 -1 2 -1 -1 1 4 1 1 -1 
4 4 -1 -1 4 -1 -1 -1 4 -1 1 2 2 2 -1 2 -1 4 -1 -1 
-1 4 -1 4 4 4 4 4 4 4 1 1 2 2 -1 -1 2 2 -1 4 
4 4 -1 4 4 1 1 4 4 4 4 4 2 4 -1 4 -1 2 2 4 
4 4 4 -1 -1 1 -1 4 -1 4 -1 4 4 4 4 4 2 2 -1 4 
4 3 4 -1 -1 -1 -1 4 4 4 4 4 -1 -1 4 -1 -1 4 4 4 
4 4 4 -1 -1 -1 -1 4 -1 -1 -1 4 -1 -1 -1 -1 6 6 4 4 
4 4 -1 4 -1 1 1 1 -1 -1 -1 -1 -1 -1 -1 6 6 6 2 -1 
4 4 4 -1 1 6 1 -1 -1 -1 -1 -1 -1 -1 -1 6 2 4 2 4 
4 4 4 -1 -1 -1 6 6 -1 -1 -1 -1 -1 -1 -1 -1 -1 2 4 4 
4 4 -1 4 4 4 1 -1 6 -1 -1 -1 -1 -1 -1 6 2 2 4 4 
4 4 4 -1 4 -1 4 1 6 -1 -1 -1 -1 6 6 6 2 4 4 4 
4 4 -1 -1 -1 4 -1 1 1 6 -1 4 -1 2 6 2 4 4 -1 4 
4 4 4 -1 -1 -1 -1 1 1 6 6 4 -1 2 4 4 4 -1 -1 4 
4 4 -1 -1 4 -1 -1 -1 -1 6 -1 6 -1 2 -1 4 -1 -1 4 4 
4 4 -1 4 -1 -1 -1 4 -1 4 -1 -1 4 4 1 4 4 4 4 4 
-1 -1 -1 -1 4 4 4 -1 4 4 -1 2 -1 -1 1 1 4 4 4 -1 
4 4 4 -1 -1 -1 4 4 4 4 -1 2 2 -1 1 1 1 -1 4 4 
4 4 -1 4 -1 -1 -1 4 4 4 4 2 2 -1 -1 -1 1 4 4 4 
4 4 4 -1 -1 4 4 -1 4 1 4 -1 -1 -1 -1 4 4 4 1 -1 
-1 -1 2 2 -1 -1 1 -1 1 2 4 -1 -1 4 2 -1 2 2 -1 -1 
-1 4 -1 -1 -1 -1 -1 1 2 -1 1 4 1 2 2 2 2 2 -1 -1 
4 4 -1 -1 -1 -1 -1 1 1 1 -1 4 1 -1 -1 -1 4 2 -1 4 
4 4 4 -1 -1 1 1 1 4 4 4 -1 6 -1 -1 6 -1 -1 2 4 
4 4 -1 -1 -1 1 1 1 1 1 -1 6 6 -1 6 -1 4 4 4 4 
4 4 4 4 1 1 1 4 4 1 4 6 -1 -1 6 -1 -1 4 -1 4 
4 4 4 4 1 1 4 4 4 4 4 4 -1 -1 -1 -1 4 -1 4 -1 
4 -1 4 1 4 4 4 4 4 4 4 4 3 2 -1 -1 -1 4 -1 4 
4 4 4 4 1 1 4 4 -1 4 -1 -1 4 -1 2 2 -1 2 -1 -1 
-1 4 -1 4 1 -1 4 -1 -1 4 4 4 2 -1 2 -1 2 1 1 -1 
-1 -1 1 -1 1 1 4 4 -1 4 4 4 4 3 -1 4 -1 1 -1 -1 
4 -1 -1 1 -1 4 4 4 4 4 -1 4 3 4 3 -1 4 4 4 -1 
4 2 2 -1 -1 4 -1 4 4 -1 -1 3 4 3 4 8 8 4 4 4 
2 2 -1 -1 -1 2 4 -1 4 -1 -1 -1 3 1 1 4 8 8 8 8 
2 -1 -1 -1 -1 2 -1 -1 4 -1 4 4 4 -1 2 4 4 -1 -1 -1 
2 -1 2 2 2 -1 1 4 4 4 6 4 4 -1 6 2 2 -1 2 2 
2 -1 2 1 -1 -1 4 4 4 -1 4 6 -1 4 6 -1 -1 -1 2 2 
-1 -1 -1 2 2 -1 2 -1 -1 -1 -1 -1 4 4 4 4 -1 2 2 -1 
-1 -1 -1 -1 -1 2 2 -1 -1 -1 -1 -1 -1 -1 4 4 4 4 2 2 
-1 -1 -1 2 2 2 -1 -1 2 -1 -1 -1 4 4 2 4 4 -1 2 2 
4 2 4 -1 4 4 4 4 4 4 2 4 -1 4 -1 -1 -1 -1 4 4 
-1 4 4 -1 4 4 4 4 2 2 2 -1 4 4 -1 -1 -1 4 -1 4 
4 4 -1 4 -1 -1 1 4 2 4 -1 -1 4 4 4 -1 4 -1 4 4 
4 4 4 -1 4 1 4 4 -1 4 4 4 6 6 4 -1 -1 4 4 8 
3 4 -1 4 -1 4 4 4 4 4 -1 -1 4 -1 -1 2 -1 -1 -1 3 
3 4 1 1 4 -1 1 4 -1 -1 4 4 4 -1 -1 2 2 2 2 3 
-1 4 1 1 4 1 -1 -1 4 4 4 -1 -1 4 4 2 -1 3 3 3 
4 4 -1 1 1 1 4 4 -1 4 4 4 4 4 4 -1 2 -1 3 2 
4 -1 -1 -1 -1 -1 4 4 4 -1 4 -1 -1 4 4 -1 3 3 -1 4 
-1 -1 -1 -1 -1 -1 -1 -1 4 4 -1 -1 -1 -1 4 4 4 4 4 4 
-1 -1 -1 -1 -1 -1 1 -1 -1 -1 -1 -1 -1 4 4 -1 2 4 4 4 
-1 -1 4 34 34 1 -1 4 -1 4 4 -1 -1 4 -1 4 4 4 4 -1 
-1 4 -1 34 1 1 4 4 4 4 4 -1 4 -1 4 4 4 4 -1 -1 
-1 4 34 -1 -1 -1 4 2 4 6 6 4 4 1 4 4 -1 4 -1 -1 
4 4 4 -1 -1 2 2 4 4 6 6 4 6 4 4 4 1 1 4 4 
-1 4 -1 -1 4 4 4 4 4 4 2 6 4 6 4 4 1 1 4 4 
4 -1 4 4 4 4 4 -1 4 -1 -1 2 4 4 4 4 4 -1 4 4 
4 -1 4 4 4 4 4 4 2 -1 4 4 4 4 4 4 -1 4 4 4 
4 -1 -1 4 4 4 4 4 2 4 4 4 -1 -1 4 4 4 4 1 2 
4 2 4 -1 4 4 4 2 4 2 4 4 4 4 -1 4 -1 4 4 4 
4 -1 1 1 1 4 4 4 4 4 4 2 -1 -1 2 4 4 4 4 4 
4 4 -1 1 4 -1 4 4 4 4 4 -1 2 2 4 4 4 4 4 -1 
4 1 1 -1 -1 -1 4 4 -1 4 4 2 2 4 4 4 2 4 1 -1 
1 1 1 1 -1 -1 4 4 -1 4 4 4 -1 4 4 4 4 4 1 1 
4 4 -1 -1 -1 -1 -1 -1 4 -1 4 4 4 4 -1 4 4 4 4 1 
4 4 1 -1 -1 -1 -1 32 32 32 6 4 4 -1 4 4 4 4 4 4 
-1 4 1 1 -1 -1 32 32 4 6 4 4 4 4 4 4 4 4 4 1 
1 1 1 1 -1 32 32 32 4 4 4 4 4 4 4 4 4 4 4 1 
-1 4 1 -1 -1 32 32 4 4 4 4 4 4 4 4 4 4 -1 -1 32 
4 4 4 -1 -1 4 4 4 4 4 4 -1 4 4 4 4 4 -1 4 32 
4 4 -1 -1 -1 4 4 -1 4 4 -1 4 4 4 4 4 4 4 4 -1 
4 4 4 -1 -1 4 1 4 4 4 4 4 4 4 4 4 4 4 4 4 
4 -1 -1 -1 4 1 4 -1 4 -1 4 -1 4 4 -1 4 4 -1 4 4 
4 4 4 4 -1 4 4 -1 4 -1 4 4 4 4 -1 4 -1 4 4 4 
4 4 4 -1 4 4 4 -1 4 4 -1 -1 4 4 4 1 4 1 4 -1 
4 4 4 4 4 -1 -1 -1 4 4 4 -1 4 -1 4 4 1 1 1 -1 
4 4 4 4 4 -1 4 4 4 4 4 4 1 1 -1 4 1 1 -1 -1 
-1 4 4 4 -1 4 4 4 4 -1 4 4 4 -1 1 1 1 4 4 4 
4 4 4 4 -1 4 4 4 4 4 4 4 4 -1 -1 1 6 4 4 -1 
4 1 1 4 4 -1 4 4 -1 4 2 4 -1 -1 2 2 -1 4 4 4 
4 4 -1 -1 4 4 -1 4 4 4 5 6 -1 6 4 4 4 4 4 4 
4 -1 -1 4 4 4 4 4 2 6 2 5 6 6 6 -1 4 4 1 4 
6 -1 4 4 4 4 4 2 2 6 2 2 4 4 6 4 -1 4 1 6 
4 4 4 4 4 4 4 2 -1 2 2 4 -1 6 4 4 4 4 4 4 
-1 4 -1 4 4 -1 4 4 -1 -1 1 6 6 6 10 4 4 4 4 4 
4 4 4 4 4 -1 4 4 4 -1 6 6 6 -1 6 4 4 -1 4 4 
4 4 4 4 4 4 4 4 4 4 1 6 -1 -1 6 4 -1 4 4 4 
4 4 4 4 4 4 4 4 4 4 32 1 6 -1 6 4 -1 4 4 -1 
4 4 -1 2 4 2 2 4 -1 4 4 4 -1 6 4 6 -1 -1 4 4 
2 4 2 -1 2 2 2 -1 -1 -1 4 4 4 4 4 4 4 4 -1 4 
2 2 2 2 2 2 -1 -1 -1 4 -1 4 4 1 4 4 4 6 -1 2 
-1 -1 2 2 2 2 -1 8 8 -1 2 4 4 4 4 4 4 -1 -1 -1 
-1 -1 -1 2 4 4 8 4 4 2 -1 -1 4 4 4 4 4 4 -1 -1 
4 -1 2 4 2 4 4 4 4 4 2 4 4 4 4 4 4 4 4 2 
4 2 2 2 4 4 4 4 4 4 -1 4 4 4 4 4 4 4 4 4 
4 1 -1 4 -1 -1 -1 4 -1 4 4 4 4 4 4 4 4 4 4 4 
4 4 4 4 4 4 4 4 -1 -1 4 -1 4 4 4 -1 4 -1 4 4 
-1 4 4 4 4 4 4 4 -1 4 4 4 -1 9 41 4 4 9 4 4 
4 4 -1 4 4 4 4 4 1 4 4 -1 40 41 -1 4 4 4 4 4 
-1 4 -1 4 4 4 4 4 4 1 41 -1 -1 40 4 4 4 4 4 4 
4 4 -1 -1 4 4 -1 4 4 -1 1 2 4 4 -1 -1 -1 2 2 2 
4 4 4 4 4 -1 -1 -1 4 1 4 2 -1 -1 2 -1 2 2 -1 4 
2 4 4 4 1 1 -1 4 4 10 10 10 2 2 2 2 2 2 2 4 
4 4 2 2 4 1 -1 4 4 10 10 2 2 2 2 2 2 2 4 -1 
2 2 4 4 2 1 1 4 4 4 4 2 2 2 2 2 2 -1 -1 2 
-1 4 4 4 2 2 -1 -1 4 4 4 2 2 2 -1 4 4 2 2 4 
2 2 4 2 2 -1 -1 4 4 2 4 4 4 2 4 4 4 2 2 4 
2 2 -1 -1 2 -1 4 4 4 4 2 4 4 4 4 4 4 4 2 -1 
2 2 2 2 -1 -1 4 4 4 4 4 -1 -1 4 4 4 4 4 4 2 
4 2 2 2 4 4 4 4 -1 4 6 -1 4 4 4 4 -1 2 4 4 
2 4 4 -1 4 -1 -1 6 -1 6 4 -1 -1 4 4 4 4 4 4 4 
2 4 4 4 4 -1 -1 6 6 6 4 4 4 4 4 2 4 -1 -1 2 
4 4 4 -1 4 -1 4 6 4 4 6 -1 4 4 -1 4 2 4 2 4 
-1 4 4 4 -1 -1 4 4 4 4 4 4 4 -1 4 4 4 4 2 4 
4 4 4 4 -1 -1 -1 4 4 4 -1 4 4 4 -1 4 4 4 -1 -1 
4 4 -1 4 4 -1 -1 4 -1 -1 -1 1 1 4 4 2 2 -1 4 4 
-1 4 4 4 4 -1 4 4 4 4 -1 1 -1 1 4 -1 -1 1 -1 4 
4 4 4 4 -1 -1 -1 4 -1 4 4 1 1 -1 -1 -1 1 -1 4 4 
4 -1 -1 4 4 4 -1 -1 4 4 1 4 -1 1 -1 1 4 2 4 4 
-1 4 -1 -1 -1 4 4 -1 4 4 1 4 4 4 -1 -1 -1 -1 2 4 
1 6 6 4 -1 -1 4 4 4 -1 6 4 6 6 4 4 4 -1 1 1 
4 1 6 4 -1 -1 4 4 4 4 4 4 4 4 4 4 4 -1 4 1 
4 1 1 4 4 4 4 6 -1 4 4 4 4 4 4 4 4 4 4 4 
-1 4 -1 6 4 4 6 6 6 4 4 4 -1 4 4 4 6 -1 4 4 
4 4 6 6 -1 -1 -1 4 6 4 -1 6 6 6 6 4 6 6 6 4 
4 4 4 -1 6 4 4 4 4 4 4 6 1 1 6 -1 6 6 4 -1 
4 4 4 4 4 4 4 4 4 4 6 1 1 1 6 4 6 4 4 -1 
4 4 32 -1 -1 -1 4 4 4 -1 -1 -1 1 1 1 4 4 4 -1 -1 
4 4 4 -1 4 4 4 4 -1 1 1 1 1 4 1 4 4 -1 -1 4 
4 -1 4 4 4 4 4 -1 1 1 1 1 4 4 4 -1 4 4 4 -1 
4 4 -1 4 4 4 1 -1 1 1 1 1 4 4 -1 4 4 4 4 4 
-1 -1 -1 4 1 1 1 4 4 1 4 4 1 4 -1 -1 -1 4 4 4 
4 -1 4 -1 2 1 4 1 -1 1 1 -1 4 4 4 4 4 4 2 4 
-1 4 4 4 -1 4 4 1 1 1 1 1 1 4 4 -1 1 2 -1 2 
4 -1 4 -1 4 4 1 1 1 1 1 1 1 1 4 4 4 1 2 4 
4 1 4 1 2 1 -1 1 1 1 1 1 1 4 4 4 -1 1 -1 4 
1 1 1 1 1 1 1 1 -1 1 4 4 -1 1 4 1 2 -1 4 1 
1 1 1 1 4 2 1 4 1 1 4 4 4 4 1 1 -1 -1 4 1 
1 1 4 1 4 2 4 4 1 -1 1 4 6 4 1 4 4 4 4 1 
1 6 4 4 -1 4 4 4 4 4 4 6 6 -1 -1 4 4 -1 -1 1 
4 4 4 6 6 6 -1 4 4 1 -1 1 4 1 4 4 4 4 4 -1 
4 1 4 4 -1 -1 -1 4 4 1 4 4 4 4 4 4 -1 -1 4 4 
1 -1 1 4 4 -1 4 4 4 4 1 4 4 -1 4 4 4 4 4 4 
4 4 4 4 4 4 4 4 1 4 1 4 1 4 4 4 -1 4 4 1 
4 4 4 4 4 4 4 4 4 4 4 4 32 32 32 -1 -1 -1 4 4 
4 4 4 4 4 4 4 4 4 4 4 1 32 32 -1 4 -1 -1 4 4 
4 -1 4 4 4 4 4 4 -1 4 4 1 32 32 4 4 4 -1 -1 -1 
-1 4 4 -1 4 4 4 4 4 6 -1 2 4 4 4 4 4 -1 32 4 
-1 4 -1 -1 -1 4 4 4 6 -1 -1 4 4 4 4 4 4 1 -1 32 
4 -1 -1 4 4 4 4 4 4 4 4 4 -1 4 -1 4 4 4 4 4 
4 4 6 4 -1 4 4 4 4 4 -1 -1 4 -1 -1 -1 4 4 4 4 
-1 6 4 -1 4 4 -1 -1 4 -1 4 4 4 4 4 4 4 -1 4 4 
6 6 6 4 4 4 -1 4 4 4 4 -1 4 4 4 4 6 4 4 -1 
4 4 6 4 4 -1 4 1 4 4 4 4 4 4 4 4 1 6 4 -1 
4 4 -1 6 -1 4 1 -1 1 4 4 1 4 1 4 4 4 4 -1 -1 
4 4 4 4 4 4 4 1 1 -1 1 1 1 4 -1 1 1 6 -1 -1 
6 6 4 4 4 4 4 4 -1 1 1 1 1 -1 -1 -1 6 6 -1 -1 
6 4 4 4 4 -1 4 -1 4 1 1 1 1 1 -1 1 6 4 6 6 
4 4 4 -1 4 4 4 -1 -1 1 -1 1 1 1 1 4 4 6 -1 6 
4 4 4 6 6 -1 -1 -1 1 1 1 1 4 4 4 4 4 4 4 -1 
-1 6 4 -1 4 4 4 -1 1 1 1 1 1 -1 4 4 2 -1 6 6 
4 6 4 4 1 1 1 -1 4 1 1 -1 -1 4 4 2 2 2 6 -1 
-1 4 4 4 -1 -1 -1 -1 4 1 1 1 4 4 4 4 4 4 6 4 
-1 4 4 2 -1 -1 2 1 4 1 1 4 -1 1 4 4 4 4 6 4 
-1 -1 -1 -1 2 2 2 1 1 1 1 32 32 32 4 32 -1 4 4 4 
4 4 -1 -1 -1 -1 -1 -1 -1 4 4 32 32 32 32 4 4 -1 4 4 
4 4 4 4 4 -1 -1 4 4 4 32 32 32 32 4 -1 4 4 4 4 
-1 4 6 6 4 5 5 6 4 -1 32 32 6 4 4 -1 4 4 4 4 
4 4 6 4 6 6 6 5 5 4 32 -1 6 -1 6 4 4 4 4 4 
4 -1 4 6 6 -1 4 5 5 32 6 4 -1 6 6 6 4 4 4 2 
2 -1 6 6 6 6 4 4 -1 5 6 6 4 6 6 6 6 4 2 2 
2 4 -1 6 6 -1 4 4 4 6 -1 6 6 -1 4 -1 -1 2 2 2 
4 4 4 4 -1 4 -1 -1 4 4 4 -1 4 6 -1 6 4 4 2 2 
4 4 4 2 2 4 4 4 4 -1 4 4 4 -1 -1 4 6 4 4 2 
4 6 4 4 -1 4 4 4 4 4 4 4 -1 -1 -1 1 4 4 4 6 
-1 4 4 4 4 4 4 4 4 4 4 4 4 4 1 1 1 -1 6 6 
4 4 4 4 4 4 4 -1 4 1 -1 4 4 1 -1 -1 -1 -1 4 6 
1 -1 4 4 4 4 1 -1 -1 -1 1 1 1 1 1 4 4 4 -1 6 
1 -1 -1 -1 4 4 4 1 -1 -1 1 1 -1 1 4 4 4 4 1 1 
1 -1 4 4 4 4 4 -1 1 1 1 1 1 1 4 4 1 1 6 1 
4 4 4 -1 6 6 -1 4 1 4 4 4 4 -1 4 4 -1 -1 4 4 
-1 4 4 -1 4 -1 4 -1 -1 1 -1 -1 4 -1 4 -1 -1 6 6 4 
4 4 -1 4 -1 -1 6 6 6 -1 -1 4 4 4 4 4 -1 4 6 6 
4 -1 -1 32 32 -1 6 6 -1 4 4 4 4 4 4 4 4 4 6 6 
4 4 4 4 32 32 -1 3 6 4 3 4 4 4 4 4 6 4 4 4 
6 6 4 4 -1 32 32 3 3 3 4 4 4 -1 4 4 6 4 6 4 
6 4 4 -1 32 4 3 3 3 3 -1 4 4 6 6 6 4 6 6 6 
6 4 -1 -1 3 3 3 2 3 -1 4 4 4 4 6 -1 4 6 6 6 
6 4 4 4 4 4 1 4 4 4 6 3 4 4 4 -1 6 6 6 6 
4 4 4 4 4 4 4 1 6 6 3 6 4 -1 4 4 4 4 6 -1 
4 4 4 4 4 4 1 6 -1 -1 -1 4 -1 -1 -1 4 -1 6 6 4 
4 4 4 1 4 2 1 1 6 4 4 4 4 4 4 4 4 4 6 6 
6 6 1 1 1 1 -1 -1 4 4 4 4 4 -1 -1 4 4 4 6 4 
-1 1 1 1 1 2 4 -1 4 4 4 4 4 -1 4 -1 4 4 4 -1 
-1 1 -1 4 2 1 4 4 4 6 6 4 4 4 4 4 -1 4 1 -1 
-1 4 1 1 2 4 4 4 6 6 4 4 4 -1 4 4 4 4 6 4 
4 4 -1 1 6 4 -1 4 -1 4 -1 4 4 4 4 6 4 -1 4 4 
4 4 4 4 -1 6 6 6 4 4 4 4 4 4 6 4 4 4 4 4 
-1 4 4 4 6 6 6 -1 1 4 4 4 4 4 6 6 4 4 4 4 
4 4 4 4 6 4 6 1 4 4 4 6 4 4 4 4 -1 -1 4 4 
-1 6 32 1 4 -1 4 -1 4 -1 -1 2 2 4 6 6 4 4 1 2 
4 1 -1 -1 1 4 4 4 -1 4 -1 2 2 2 4 4 -1 -1 1 2 
4 -1 1 1 1 32 -1 -1 6 -1 -1 -1 6 2 2 4 2 6 2 -1 
40 32 32 1 1 6 6 -1 -1 -1 -1 1 -1 4 6 2 2 2 2 6 
-1 40 32 40 32 1 1 4 6 6 6 1 1 6 2 2 6 6 40 4 
4 32 6 32 -1 1 1 4 4 -1 4 4 4 4 -1 6 40 6 1 40 
32 6 -1 6 -1 -1 -1 1 4 4 4 -1 -1 3 32 32 -1 5 5 4 
4 32 6 6 2 -1 4 4 4 4 4 6 4 6 40 40 6 5 6 4 
4 6 6 6 -1 2 4 -1 4 4 4 -1 4 4 4 2 6 5 6 5 
5 6 6 6 6 2 32 4 4 4 4 4 4 6 -1 4 4 6 5 5 
6 -1 -1 6 2 4 4 4 4 4 4 4 4 4 4 4 4 4 6 -1 
6 32 -1 -1 -1 4 4 -1 1 6 4 4 4 -1 6 4 6 6 6 4 
2 2 -1 2 2 4 -1 1 1 -1 6 6 4 6 6 -1 6 -1 6 4 
2 -1 4 2 2 -1 4 1 1 6 6 2 4 4 6 6 1 -1 6 2 
4 2 4 -1 2 4 -1 1 4 2 2 -1 4 4 1 4 1 1 6 6 
4 4 2 4 -1 -1 -1 4 1 -1 4 4 -1 -1 4 1 6 1 6 6 
-1 4 4 -1 4 -1 4 4 4 4 4 6 4 4 6 6 1 6 4 -1 
6 -1 6 6 -1 4 4 4 4 4 4 6 6 6 4 4 4 4 4 1 
6 6 4 4 4 4 4 4 6 6 6 6 6 6 4 4 4 4 6 1 
6 4 6 4 4 4 -1 -1 -1 6 6 6 -1 6 4 4 4 4 -1 6 
-1 6 6 -1 -1 4 4 4 6 6 4 8 8 8 -1 6 6 6 4 -1 
32 6 6 32 -1 4 6 3 -1 6 2 -1 2 2 2 2 6 -1 6 -1 
32 32 32 6 6 6 3 3 -1 2 2 8 8 8 2 -1 6 6 6 6 
6 1 1 32 -1 6 6 4 -1 -1 8 8 8 8 -1 -1 -1 6 6 6 
4 4 1 -1 -1 6 6 4 8 8 8 8 -1 -1 40 -1 -1 -1 -1 6 
4 4 -1 -1 6 6 6 6 6 8 -1 8 6 -1 -1 40 -1 -1 6 -1 
-1 4 3 3 -1 6 6 4 6 6 -1 6 8 -1 -1 -1 -1 6 6 6 
3 3 3 3 3 3 4 -1 6 6 -1 -1 -1 6 6 -1 -1 6 6 4 
4 3 3 3 -1 4 4 4 -1 6 6 6 6 6 6 6 6 6 6 4 
3 -1 -1 -1 4 -1 40 6 6 6 -1 6 6 6 6 6 -1 6 40 8 
8 -1 4 4 4 40 32 32 -1 -1 -1 6 40 2 6 6 40 6 4 -1 
4 4 6 4 -1 32 32 -1 32 6 6 6 -1 40 2 40 6 6 4 4 
-1 40 4 6 4 -1 33 32 32 32 6 6 2 2 2 6 6 4 4 32 
40 40 2 -1 6 33 4 5 5 32 6 6 2 2 32 -1 6 -1 40 -1 
2 6 2 4 -1 -1 6 4 6 5 8 6 -1 -1 -1 32 32 -1 -1 -1 
6 2 6 6 -1 -1 -1 6 -1 -1 5 8 -1 -1 32 32 32 32 32 6 
6 6 6 6 32 -1 -1 5 -1 5 5 5 -1 32 32 32 32 6 6 -1 
6 6 6 4 4 32 -1 5 5 5 5 5 -1 -1 32 8 -1 6 6 6 
-1 6 6 4 6 -1 -1 5 4 5 6 4 2 2 8 8 8 -1 6 6 
-1 6 6 6 32 32 32 -1 32 6 4 8 2 8 -1 8 6 4 4 4 
32 4 6 6 6 -1 -1 32 5 5 -1 4 4 -1 -1 32 32 6 32 32 
32 4 4 4 6 6 -1 32 5 32 4 4 4 -1 -1 4 32 6 -1 -1 
40 4 6 4 6 6 -1 -1 32 -1 -1 4 6 4 4 4 6 32 40 4 
10 6 6 4 4 4 -1 32 32 32 32 4 4 32 4 4 6 40 32 6 
10 6 40 4 -1 -1 4 4 -1 6 4 32 32 4 32 4 -1 32 32 6 
6 6 -1 40 40 4 6 4 6 40 6 40 6 32 -1 4 32 32 4 4 
4 4 -1 4 4 4 4 6 6 6 32 32 6 6 2 2 -1 32 4 -1 
4 6 6 -1 4 4 4 -1 6 -1 32 32 32 -1 -1 2 2 2 2 2 
6 6 -1 40 -1 4 6 6 -1 -1 32 32 2 -1 2 2 2 -1 2 6 
6 6 6 40 4 6 -1 6 -1 -1 -1 3 -1 2 2 2 4 4 2 2 
-1 6 40 4 6 4 6 6 -1 -1 4 4 2 -1 2 2 4 4 2 2 
5 4 4 40 40 -1 6 -1 4 4 2 2 2 -1 2 4 -1 4 2 4 
-1 5 -1 6 10 10 6 4 4 4 4 -1 2 -1 -1 -1 4 2 -1 4 
4 -1 8 6 6 8 4 4 4 4 4 -1 4 2 2 4 1 32 4 4 
-1 4 -1 8 6 10 -1 4 4 6 6 4 4 2 -1 32 32 32 5 -1 
-1 32 -1 6 -1 -1 6 6 6 6 5 -1 4 4 -1 32 32 32 32 5 
32 -1 6 6 6 6 6 6 -1 5 4 4 4 4 4 -1 32 32 -1 5 
32 4 4 6 4 6 -1 6 -1 5 -1 4 -1 -1 -1 -1 32 32 32 32 
32 -1 2 4 6 6 -1 5 6 6 -1 4 -1 -1 -1 -1 -1 4 4 32 
-1 6 -1 2 6 6 32 5 5 6 6 6 -1 -1 -1 -1 6 -1 4 4 
32 -1 32 4 4 4 6 3 6 6 6 6 -1 4 6 32 6 6 2 32 
32 32 32 4 4 4 6 6 6 6 6 -1 6 4 -1 6 6 -1 32 32 
32 32 -1 32 32 4 6 6 6 6 6 6 -1 -1 -1 32 -1 32 32 -1 
-1 -1 -1 32 32 -1 -1 6 6 6 -1 -1 6 6 32 32 -1 32 32 32 
32 -1 -1 -1 32 -1 1 1 -1 -1 6 -1 4 6 32 32 -1 40 -1 32 
32 7 40 1 -1 6 6 -1 -1 -1 6 6 6 32 32 32 40 32 32 32 
-1 4 1 1 32 5 6 6 -1 -1 32 32 -1 4 2 -1 -1 32 -1 32 
-1 32 32 32 32 32 6 4 -1 32 -1 32 2 2 4 -1 32 32 -1 -1 
-1 32 32 32 32 32 6 6 4 -1 32 2 2 32 -1 6 32 -1 -1 -1 
32 32 -1 4 32 32 6 6 6 -1 32 -1 2 -1 32 6 6 1 1 32 
32 -1 -1 1 4 6 6 1 -1 1 32 1 6 2 6 6 32 -1 6 -1 
-1 6 6 6 1 -1 1 1 1 -1 32 32 6 6 6 6 5 6 6 6 
6 6 -1 1 40 -1 1 1 1 -1 6 32 32 -1 1 1 6 5 -1 6 
6 6 -1 -1 40 -1 1 -1 -1 6 32 6 -1 -1 1 1 32 6 5 -1 
6 -1 6 2 2 -1 1 -1 -1 6 6 6 6 6 -1 6 5 6 6 6 
6 6 2 -1 -1 5 4 1 -1 -1 6 -1 4 4 4 4 -1 -1 6 6 
6 2 2 -1 -1 -1 5 4 3 3 4 4 -1 4 4 4 6 -1 6 -1 
2 2 2 1 4 4 -1 3 -1 3 4 4 4 4 6 6 6 6 32 -1 
32 2 1 4 4 4 4 4 4 6 4 6 6 -1 -1 6 6 4 32 32 
32 2 2 32 4 -1 3 6 6 6 6 -1 -1 4 6 32 4 6 2 32 
-1 6 6 6 6 3 3 1 -1 6 1 1 -1 1 1 1 3 -1 -1 -1 
6 -1 6 -1 7 -1 3 1 1 -1 6 1 1 -1 1 1 2 -1 1 -1 
7 40 6 6 33 33 3 3 3 6 -1 6 1 1 1 1 -1 7 7 1 
-1 40 40 32 33 33 33 3 3 -1 6 -1 1 1 6 6 6 2 7 7 
5 5 5 40 -1 -1 4 6 -1 -1 -1 -1 -1 6 6 -1 6 6 7 7 
5 5 5 5 -1 4 4 6 6 1 6 -1 7 40 -1 1 -1 6 7 7 
7 5 5 5 32 4 4 6 1 6 6 -1 40 40 -1 1 -1 6 32 -1 
-1 1 1 1 32 4 4 4 1 1 6 6 -1 1 1 1 -1 32 7 -1 
6 1 1 -1 1 1 4 4 -1 1 1 6 1 -1 1 1 7 7 32 -1 
6 -1 -1 -1 -1 -1 4 4 1 6 1 1 1 4 1 1 1 7 32 32 
6 6 6 -1 -1 4 4 4 6 6 -1 -1 1 -1 -1 1 -1 -1 1 6 
6 6 6 -1 6 4 4 6 6 -1 1 1 6 1 -1 32 -1 1 32 -1 
5 6 1 1 1 6 6 -1 4 1 1 1 1 -1 -1 32 32 32 -1 5 
5 5 1 1 1 1 6 -1 4 4 1 1 1 1 -1 32 32 5 -1 5 
5 5 1 1 1 1 -1 4 1 4 4 -1 1 1 -1 -1 5 -1 5 5 
5 5 5 1 1 -1 4 -1 4 -1 6 1 1 -1 2 4 4 4 5 5 
5 5 -1 1 1 4 4 4 32 1 1 1 1 3 -1 -1 -1 5 5 5 
5 -1 -1 -1 4 3 3 3 4 6 1 1 -1 3 3 -1 4 -1 -1 5 
5 5 6 6 4 1 4 3 3 1 1 3 3 3 3 -1 4 4 4 4 
-1 1 6 6 6 -1 3 4 1 1 1 -1 -1 3 1 3 3 4 4 -1 
1 6 6 -1 1 1 -1 -1 -1 -1 -1 6 7 1 7 1 1 6 -1 1 
1 -1 6 1 1 1 1 1 1 -1 -1 -1 6 7 7 1 1 6 -1 1 
3 3 -1 -1 1 -1 1 1 1 -1 -1 -1 7 -1 1 1 1 -1 -1 -1 
3 3 3 1 -1 1 1 1 -1 1 1 7 7 1 -1 -1 -1 -1 -1 3 
1 4 -1 1 -1 1 -1 -1 1 1 1 1 7 7 7 3 -1 -1 -1 3 
3 1 1 -1 1 1 -1 6 6 1 7 7 7 7 7 3 3 3 -1 3 
1 1 1 1 1 1 -1 6 6 7 7 -1 -1 -1 7 -1 2 2 3 3 
-1 1 1 1 1 1 -1 6 7 7 7 -1 7 7 7 2 -1 3 3 -1 
2 2 1 1 1 1 -1 -1 6 1 6 7 7 7 -1 6 3 3 -1 6 
2 1 1 1 1 -1 1 1 1 6 2 1 7 1 1 3 3 1 6 -1 
1 1 1 1 1 -1 -1 6 1 1 1 1 1 3 3 3 1 6 6 6 
1 1 1 1 -1 -1 -1 1 1 2 1 1 1 6 3 1 1 6 6 6 
1 1 1 1 1 -1 1 1 1 -1 1 -1 1 3 1 1 1 6 6 6 
6 1 6 1 -1 -1 -1 1 1 1 1 -1 3 1 1 -1 6 6 6 6 
-1 6 1 6 -1 -1 1 -1 1 3 1 1 1 6 1 6 6 1 6 1 
1 6 6 -1 6 6 6 6 1 3 3 1 6 6 6 -1 1 6 6 2 
2 6 1 1 1 6 -1 1 1 1 1 3 3 3 1 6 1 6 6 1 
6 6 1 1 1 -1 -1 -1 -1 -1 3 1 3 1 6 1 6 1 6 -1 
6 1 -1 -1 -1 -1 -1 -1 -1 1 1 1 1 1 6 -1 -1 6 6 6 
6 1 -1 -1 -1 -1 1 1 1 -1 -1 1 1 -1 6 1 -1 6 6 6 
-1 -1 7 7 7 7 -1 4 -1 -1 1 1 1 1 -1 1 1 1 1 -1 
-1 -1 1 7 7 7 5 -1 1 1 1 4 -1 1 1 1 1 1 -1 -1 
-1 1 1 1 1 1 5 1 1 1 1 -1 1 1 1 1 1 1 -1 1 
1 1 1 1 1 1 1 -1 1 1 7 1 1 1 1 1 1 1 -1 1 
1 -1 1 1 1 1 -1 1 -1 7 1 -1 1 -1 1 1 1 1 -1 1 
1 1 1 1 1 1 1 1 1 1 1 1 1 1 1 4 1 1 1 1 
1 1 1 1 1 1 1 -1 1 1 1 1 -1 -1 4 1 1 1 1 1 
-1 1 1 1 1 -1 1 1 1 1 1 1 1 4 -1 1 1 -1 -1 1 
-1 1 -1 -1 1 40 40 1 1 1 3 -1 1 1 -1 -1 1 1 6 -1 
-1 1 1 1 1 1 -1 3 1 1 1 3 3 1 -1 1 1 6 6 6 
6 1 1 1 1 -1 7 3 1 1 -1 -1 -1 -1 1 -1 1 -1 -1 6 
6 1 1 1 6 7 7 7 7 1 -1 -1 -1 1 2 1 1 -1 1 6 
-1 -1 -1 1 7 7 -1 7 7 6 -1 6 1 6 2 1 1 1 1 6 
-1 -1 1 -1 5 7 5 7 6 5 6 -1 1 1 6 1 1 -1 -1 -1 
-1 1 1 7 7 -1 -1 7 7 7 4 6 4 1 1 1 1 -1 1 -1 
1 1 7 7 -1 7 6 6 6 4 -1 6 6 1 1 1 2 1 1 1 
-1 1 7 7 1 7 7 7 6 7 1 -1 1 1 1 1 -1 -1 1 1 
1 1 1 7 7 7 7 1 1 1 -1 1 1 1 1 1 1 -1 1 1 
-1 1 -1 -1 7 7 1 -1 1 1 1 1 1 4 1 1 1 1 1 1 
-1 -1 -1 -1 7 -1 1 4 1 -1 1 1 4 1 1 -1 1 1 1 1 
4 4 9 40 9 40 40 40 40 1 -1 6 6 6 4 -1 -1 1 -1 -1 
1 4 -1 9 9 9 9 1 3 3 -1 -1 6 2 -1 -1 -1 -1 -1 1 
1 1 -1 9 9 9 -1 3 3 -1 3 6 32 32 2 -1 1 -1 -1 -1 
-1 -1 9 9 9 9 -1 -1 3 3 -1 -1 6 6 -1 4 -1 1 -1 1 
-1 -1 -1 6 6 9 -1 -1 -1 -1 6 -1 -1 6 4 1 3 4 1 -1 
1 7 6 9 9 -1 -1 -1 -1 6 -1 6 6 -1 -1 1 -1 4 4 -1 
1 -1 -1 -1 -1 -1 1 1 -1 -1 6 6 6 6 4 4 -1 -1 4 4 
4 4 4 4 1 7 1 9 1 9 6 6 6 4 4 -1 4 1 1 2 
-1 -1 4 4 1 1 1 -1 9 1 -1 -1 6 -1 -1 6 3 5 2 4 
-1 4 4 -1 4 4 1 -1 -1 -1 1 1 3 5 5 4 1 5 -1 5 
-1 4 4 4 4 4 -1 -1 -1 -1 1 3 4 -1 4 5 3 -1 -1 -1 
4 4 4 4 -1 -1 -1 -1 4 -1 1 -1 -1 4 5 1 4 3 5 4 
4 4 32 32 32 -1 9 1 4 -1 1 -1 -1 9 9 9 4 5 4 4 
4 -1 32 32 32 1 32 9 1 -1 1 1 1 5 9 4 9 2 2 40 
4 -1 -1 32 4 6 4 1 4 -1 1 -1 1 1 4 9 4 2 4 4 
-1 -1 -1 6 6 4 6 4 4 4 4 6 6 1 1 9 -1 4 -1 4 
1 4 4 6 -1 6 -1 4 4 4 6 4 4 6 6 9 9 4 4 4 
1 4 -1 -1 6 40 6 6 -1 6 6 4 4 -1 -1 4 4 4 -1 1 
-1 4 4 7 40 40 6 -1 -1 -1 4 6 6 4 -1 4 4 4 -1 1 
-1 4 40 -1 40 -1 9 40 4 4 4 6 6 -1 -1 4 4 -1 -1 -1 
-1 1 9 -1 1 1 -1 3 3 1 1 1 1 1 4 1 -1 1 9 -1 
9 1 9 9 1 1 -1 3 -1 -1 1 1 1 1 4 4 -1 9 1 -1 
9 -1 9 9 3 3 1 3 -1 1 -1 -1 1 4 1 4 4 -1 1 9 
9 1 9 3 9 3 1 1 1 1 1 3 -1 1 -1 1 -1 -1 9 9 
-1 9 3 3 2 2 1 1 1 3 3 -1 4 -1 -1 4 -1 4 -1 -1 
4 9 -1 -1 3 -1 6 1 3 1 -1 -1 -1 4 4 -1 -1 32 4 4 
-1 4 -1 -1 -1 3 -1 3 1 1 1 -1 -1 -1 -1 -1 -1 -1 4 4 
4 4 4 6 5 -1 -1 6 4 4 -1 -1 -1 -1 1 1 -1 -1 -1 -1 
3 -1 -1 -1 5 -1 -1 -1 4 -1 -1 -1 1 1 1 1 1 9 9 3 
3 3 -1 1 4 -1 4 -1 -1 1 -1 -1 -1 1 1 1 1 9 3 3 
-1 -1 -1 4 -1 -1 4 1 2 1 1 4 1 1 1 1 9 3 3 -1 
3 3 4 4 -1 -1 -1 4 1 1 4 1 1 1 1 9 9 -1 -1 3 
3 9 -1 9 4 4 4 4 9 1 1 1 1 1 1 1 9 -1 6 6 
-1 9 9 4 4 4 4 9 4 1 1 1 1 1 1 1 9 9 9 6 
9 -1 9 -1 -1 -1 -1 -1 1 1 1 1 1 -1 9 1 9 9 -1 9 
9 -1 -1 9 -1 -1 1 1 1 1 1 -1 1 9 -1 1 1 9 9 -1 
-1 -1 -1 -1 9 1 1 1 1 -1 1 6 1 1 1 1 1 4 9 -1 
-1 -1 9 9 -1 1 1 1 -1 -1 -1 6 1 1 1 1 -1 -1 9 9 
9 9 9 9 -1 -1 1 -1 1 -1 1 6 6 1 1 1 1 1 9 9 
9 9 9 9 9 9 3 -1 3 1 1 1 -1 1 -1 1 1 1 1 9 
9 -1 9 1 1 1 -1 3 3 3 -1 10 10 -1 3 2 2 2 9 9 
9 9 -1 9 3 3 1 -1 1 11 11 11 -1 3 3 2 9 9 -1 9 
-1 9 9 9 -1 1 1 1 11 11 11 -1 3 9 3 9 9 9 9 -1 
9 9 9 9 -1 9 9 1 9 11 11 11 11 3 9 9 9 9 9 1 
9 9 9 -1 9 1 -1 1 11 11 9 9 11 -1 6 -1 9 9 9 9 
9 9 9 -1 1 1 1 1 -1 11 -1 -1 9 6 1 9 9 9 -1 9 
-1 9 -1 9 1 1 1 -1 1 1 -1 9 -1 1 6 9 9 9 9 9 
-1 9 1 9 1 1 9 -1 1 1 1 -1 9 -1 -1 9 9 9 9 -1 
-1 1 9 -1 9 1 -1 1 1 1 -1 9 -1 -1 9 9 -1 -1 9 9 
9 9 -1 -1 1 9 -1 2 1 9 -1 2 9 9 9 3 9 9 9 9 
9 -1 9 -1 -1 1 9 9 1 9 -1 2 -1 9 9 -1 3 9 9 9 
-1 9 9 -1 -1 -1 9 -1 -1 9 -1 -1 -1 -1 1 -1 -1 -1 9 9 
1 9 9 9 9 -1 -1 9 41 2 -1 -1 -1 -1 -1 -1 3 1 1 1 
9 9 1 9 -1 9 9 9 41 40 40 -1 -1 3 3 -1 -1 3 1 1 
9 9 9 9 9 4 9 9 41 41 -1 -1 1 2 3 -1 -1 -1 3 1 
-1 9 1 1 9 9 41 -1 41 -1 -1 6 6 -1 -1 -1 11 1 3 3 
1 1 1 1 1 -1 9 41 9 9 1 3 41 2 9 -1 -1 -1 3 -1 
-1 -1 -1 1 -1 9 9 9 1 3 3 41 -1 6 2 9 2 -1 8 1 
-1 -1 1 1 9 -1 9 9 -1 -1 3 1 -1 -1 6 2 -1 2 2 9 
9 9 1 1 9 -1 9 -1 9 9 -1 -1 -1 6 6 8 8 2 2 9 
-1 -1 5 5 5 1 -1 -1 9 9 9 9 -1 -1 9 -1 1 -1 -1 -1 
-1 -1 5 5 5 -1 9 -1 41 9 9 9 9 9 9 -1 -1 -1 -1 -1 
-1 5 5 5 8 -1 1 1 -1 41 9 9 -1 9 -1 -1 -1 9 -1 -1 
5 -1 5 5 9 9 9 -1 -1 9 9 9 -1 9 9 -1 9 9 9 -1 
5 2 -1 5 9 9 9 9 9 9 9 9 3 -1 9 -1 9 9 5 -1 
5 -1 5 -1 -1 1 1 1 9 9 9 9 3 3 -1 9 9 9 9 2 
2 5 5 5 -1 -1 1 -1 9 8 9 9 3 3 3 9 -1 9 9 5 
2 -1 5 5 9 -1 9 1 1 9 8 -1 9 3 -1 9 9 9 9 5 
6 -1 9 9 9 9 9 9 -1 9 1 9 9 5 9 9 9 9 9 4 
-1 -1 9 -1 9 9 9 9 -1 1 9 -1 5 -1 9 9 9 9 9 9 
-1 3 11 -1 8 9 9 9 9 1 -1 1 9 -1 9 -1 9 9 9 9 
11 11 3 11 -1 -1 9 9 9 1 1 3 9 -1 9 -1 9 9 9 -1 
11 3 11 9 3 9 9 9 -1 3 9 3 3 3 -1 9 9 -1 -1 11 
-1 -1 3 -1 9 9 9 9 -1 9 9 3 9 3 11 11 11 11 11 11 
3 3 1 1 9 -1 -1 8 3 -1 -1 9 -1 -1 3 11 -1 11 -1 11 
-1 3 3 9 1 9 -1 8 3 9 -1 9 3 3 -1 -1 -1 1 1 9 
-1 11 9 -1 -1 9 9 9 3 3 9 3 3 3 -1 -1 -1 9 9 -1 
-1 9 6 9 9 3 3 3 6 -1 -1 3 9 -1 -1 9 -1 9 9 -1 
-1 9 9 5 -1 9 6 3 3 -1 6 9 9 9 9 -1 9 9 9 9 
9 -1 9 -1 -1 -1 6 6 6 9 9 -1 9 9 -1 9 -1 9 9 9 
11 -1 4 6 -1 6 4 4 -1 -1 9 -1 -1 9 9 -1 5 -1 -1 4 
6 -1 4 6 6 4 4 -1 9 1 9 9 9 9 9 -1 5 -1 -1 6 
-1 6 -1 4 6 4 -1 -1 1 -1 1 9 9 -1 9 4 4 4 6 4 
4 -1 9 -1 6 4 4 1 -1 5 1 -1 4 4 -1 -1 -1 4 4 4 
4 9 9 -1 4 4 4 9 1 1 5 4 -1 9 -1 -1 5 4 4 4 
9 9 9 4 4 9 9 9 5 1 1 -1 -1 9 -1 -1 6 5 9 4 
4 9 -1 4 4 -1 -1 -1 9 -1 -1 1 8 9 -1 -1 6 -1 9 9 
4 4 -1 4 -1 4 4 4 -1 -1 -1 -1 -1 -1 9 9 9 9 9 9 
4 -1 4 -1 -1 -1 1 1 1 1 -1 1 -1 -1 -1 5 9 2 9 9 
-1 4 4 -1 -1 1 -1 -1 1 1 1 9 9 -1 9 9 -1 11 -1 -1 
1 4 4 -1 1 -1 1 1 4 -1 9 1 9 9 -1 -1 -1 1 -1 -1 
4 4 -1 4 4 4 9 1 4 4 1 1 -1 1 -1 1 1 -1 -1 1 
4 -1 -1 4 4 9 -1 9 -1 4 1 1 -1 -1 1 -1 1 -1 -1 1 
-1 -1 -1 5 5 9 9 -1 -1 6 9 -1 -1 1 1 1 -1 -1 -1 -1 
4 -1 5 5 4 5 5 -1 1 9 6 1 -1 1 1 1 1 1 4 4 
4 4 -1 5 5 5 5 6 6 6 -1 6 1 -1 6 -1 1 4 4 4 
4 4 4 5 5 5 9 5 6 -1 6 1 1 1 6 -1 1 1 6 -1 
-1 4 4 5 6 5 6 9 6 6 -1 6 -1 3 1 1 -1 1 6 -1 
-1 -1 -1 6 6 6 6 4 6 -1 -1 6 9 3 3 -1 1 9 4 4 
4 -1 6 6 6 6 4 -1 -1 -1 6 -1 -1 9 9 -1 -1 9 4 4 
32 -1 -1 6 6 4 5 5 4 6 6 6 -1 2 4 4 4 4 -1 -1 
-1 9 -1 6 6 6 6 5 -1 -1 6 6 6 -1 4 4 6 4 4 32 
9 6 6 -1 4 4 6 6 -1 6 6 -1 -1 -1 4 -1 -1 6 -1 9 
6 -1 1 1 4 4 4 6 6 6 -1 -1 -1 4 4 6 -1 6 6 6 
-1 6 6 4 -1 4 -1 4 6 4 4 4 -1 6 -1 4 -1 -1 6 6 
6 6 4 4 4 -1 4 -1 -1 6 1 2 -1 6 4 4 6 -1 -1 -1 
6 4 6 6 4 5 4 6 6 4 4 2 4 4 6 -1 6 -1 -1 6 
6 4 6 -1 4 5 4 4 4 6 6 32 6 32 6 -1 -1 4 -1 -1 
6 4 5 5 5 5 4 4 4 4 6 6 6 32 6 6 -1 4 6 6 
-1 -1 -1 -1 -1 5 5 5 -1 6 6 6 -1 32 32 6 4 6 6 6 
-1 -1 1 -1 -1 5 6 6 6 6 4 -1 6 32 -1 -1 4 -1 6 -1 
6 6 -1 1 4 6 6 6 6 6 6 4 -1 -1 -1 -1 4 4 6 6 
6 6 6 6 6 6 6 6 4 6 6 -1 -1 6 6 -1 -1 4 6 6 
6 -1 6 4 -1 6 6 6 4 -1 4 6 6 6 6 -1 -1 6 6 6 
32 4 4 4 4 -1 6 -1 4 4 -1 4 6 6 6 -1 6 4 6 4 
4 32 32 32 32 4 4 4 4 32 -1 -1 4 6 6 6 4 4 -1 4 
4 32 -1 32 -1 4 4 4 4 4 32 2 2 2 6 -1 -1 4 -1 9 
-1 4 4 -1 -1 -1 4 4 4 4 -1 -1 2 6 2 6 -1 4 9 9 
-1 32 -1 32 32 -1 4 4 -1 4 -1 -1 2 6 2 -1 4 4 -1 9 
9 9 -1 4 4 4 4 4 6 -1 6 -1 6 6 2 4 4 4 -1 32 
4 1 1 1 4 4 4 4 -1 6 5 -1 5 2 -1 6 4 -1 -1 4 
4 4 4 4 4 -1 4 4 -1 6 6 -1 5 5 -1 -1 4 -1 4 4 
4 4 4 4 4 4 -1 4 6 -1 4 4 4 -1 4 -1 -1 7 4 4 
4 -1 4 4 4 -1 -1 -1 4 6 6 -1 4 4 5 5 7 -1 4 4 
4 6 6 4 4 4 4 -1 4 4 -1 4 -1 4 5 5 -1 -1 4 4 
6 4 6 4 4 4 -1 4 -1 -1 6 -1 32 4 5 -1 6 -1 4 4 
4 6 4 4 32 4 4 -1 -1 6 -1 32 4 4 -1 2 4 -1 4 4 
4 4 6 6 -1 -1 -1 -1 4 -1 4 4 4 4 4 2 4 4 4 4 
4 4 4 4 -1 -1 4 4 -1 -1 4 4 -1 -1 4 4 4 -1 4 4 
4 -1 -1 -1 32 4 4 4 4 4 4 4 -1 2 2 4 4 -1 -1 40 
4 -1 -1 4 -1 4 4 4 -1 4 -1 -1 4 -1 -1 5 4 -1 -1 40 
4 4 4 -1 -1 4 -1 5 4 -1 -1 4 5 4 4 5 4 4 4 4 
4 4 4 -1 -1 4 5 -1 4 4 4 4 -1 5 4 4 5 4 4 2 
4 4 4 4 4 -1 5 -1 -1 4 4 4 4 -1 1 1 5 -1 4 2 
-1 4 4 -1 4 4 4 -1 4 4 4 4 4 1 -1 1 1 4 -1 6 
6 4 7 4 -1 4 4 5 5 4 4 -1 4 1 -1 4 4 4 -1 6 
4 4 4 4 4 4 4 -1 5 4 4 4 4 4 1 4 -1 -1 6 6 
-1 4 4 4 4 4 4 4 4 4 4 4 4 4 4 6 4 4 6 6 
-1 1 -1 -1 -1 4 4 4 5 5 4 4 4 4 6 6 4 4 -1 4 
4 1 1 -1 4 4 4 4 5 5 -1 -1 4 -1 4 6 4 4 -1 4 
-1 4 4 4 4 4 4 4 4 6 6 4 2 2 2 4 5 4 4 4 
4 -1 4 4 4 4 4 -1 4 4 4 2 4 -1 4 4 -1 5 -1 -1 
2 4 4 4 4 -1 4 4 4 4 4 -1 4 2 2 -1 5 -1 5 -1 
2 2 4 4 4 4 4 -1 4 4 4 4 -1 5 -1 -1 5 -1 -1 4 
4 2 4 4 4 4 5 4 4 4 4 4 5 4 -1 -1 -1 4 -1 -1 
-1 2 2 -1 -1 -1 4 4 4 4 5 4 5 5 -1 4 4 -1 -1 -1 
4 4 4 4 -1 -1 4 4 -1 -1 -1 -1 5 -1 4 4 4 4 4 4 
4 4 4 4 4 4 4 4 -1 -1 4 -1 -1 -1 4 -1 -1 4 4 4 
4 4 4 -1 4 4 4 -1 -1 4 4 4 4 4 4 4 -1 4 4 4 
4 4 4 4 4 4 4 4 4 4 4 5 -1 5 -1 4 4 1 4 4 
4 4 4 4 4 4 -1 5 -1 -1 -1 4 4 4 4 4 4 1 1 4 
4 4 -1 4 4 -1 4 -1 4 4 -1 4 4 4 4 4 4 1 4 5 
4 4 4 4 4 4 5 4 -1 4 4 4 4 4 -1 4 -1 -1 5 5 
5 4 4 4 5 -1 4 4 4 4 4 -1 4 -1 4 4 4 5 5 5 
5 5 5 -1 4 5 5 4 4 4 4 4 4 4 -1 4 -1 4 4 5 
5 1 5 -1 5 6 4 4 4 4 4 4 4 -1 5 5 4 -1 4 5 
-1 1 -1 6 6 6 4 4 4 5 -1 4 4 -1 -1 5 -1 -1 5 4 
4 4 4 6 -1 4 4 4 -1 -1 4 4 -1 -1 -1 -1 5 5 -1 4 
4 4 4 4 4 -1 4 4 4 4 3 3 4 -1 -1 5 5 5 -1 -1 
6 4 4 6 -1 4 4 4 -1 4 3 4 2 2 -1 5 4 4 3 4 
-1 8 4 -1 9 8 8 6 5 4 4 32 -1 -1 -1 -1 16 16 16 16 
-1 -1 -1 9 -1 8 6 5 4 4 16 4 4 -1 -1 40 -1 -1 16 -1 
-1 -1 -1 -1 8 8 -1 5 4 -1 4 4 4 4 40 -1 40 -1 -1 -1 
-1 -1 -1 -1 -1 -1 -1 -1 5 4 4 4 -1 4 40 40 40 40 6 -1 
-1 -1 -1 -1 -1 -1 -1 -1 4 -1 4 4 4 -1 2 40 40 -1 40 -1 
5 -1 -1 -1 -1 -1 -1 4 4 -1 4 4 -1 -1 2 2 8 40 -1 5 
5 -1 -1 -1 -1 -1 -1 -1 -1 4 -1 8 4 40 2 2 4 -1 8 32 
-1 -1 -1 -1 -1 -1 -1 -1 -1 8 8 8 -1 4 2 4 -1 8 8 32 
-1 -1 -1 -1 -1 -1 -1 -1 -1 8 8 8 8 -1 4 8 8 -1 8 9 
8 -1 9 -1 -1 -1 -1 -1 -1 -1 -1 8 4 8 4 4 8 8 8 -1 
8 9 5 5 -1 -1 -1 -1 4 -1 -1 -1 4 4 32 4 8 32 32 8 
2 -1 -1 -1 2 -1 2 2 -1 -1 -1 -1 4 -1 4 2 32 8 8 -1 
4 8 8 -1 -1 4 -1 2 -1 -1 2 4 2 2 -1 32 2 8 8 8 
-1 -1 8 8 -1 2 2 2 -1 2 2 2 2 3 2 32 32 32 4 4 
4 4 4 4 -1 4 4 2 2 -1 -1 2 2 2 3 3 32 -1 32 4 
4 -1 4 4 4 2 4 4 32 32 2 -1 4 4 3 3 -1 -1 -1 4 
-1 -1 -1 -1 4 4 4 4 -1 32 32 -1 -1 3 16 -1 -1 -1 -1 -1 
-1 -1 4 4 -1 4 -1 4 2 2 32 32 16 16 -1 -1 -1 -1 -1 -1 
8 4 4 4 5 -1 6 4 32 32 32 32 32 32 16 -1 -1 -1 4 -1 
8 8 4 4 4 4 6 4 -1 32 -1 32 32 -1 -1 16 -1 16 16 4 
2 2 32 -1 -1 2 4 -1 4 8 8 8 -1 -1 -1 2 -1 -1 -1 -1 
2 2 2 -1 2 2 4 4 -1 -1 8 8 4 4 -1 4 4 32 2 2 
2 2 -1 2 2 2 8 4 -1 -1 -1 8 8 4 -1 4 32 32 2 2 
2 -1 2 2 2 -1 8 -1 -1 -1 40 8 32 4 -1 -1 32 32 32 -1 
-1 -1 -1 -1 2 8 -1 8 -1 40 -1 -1 40 -1 4 32 -1 -1 -1 -1 
-1 -1 2 2 2 8 8 -1 8 40 32 32 -1 40 32 4 32 2 2 -1 
-1 2 -1 2 2 2 8 -1 -1 -1 -1 32 32 -1 32 32 4 2 2 -1 
-1 -1 -1 -1 2 8 -1 -1 -1 4 32 32 8 -1 32 32 -1 2 2 2 
2 -1 -1 -1 8 2 16 -1 -1 -1 4 8 4 32 32 32 -1 2 2 2 
2 2 -1 -1 2 2 -1 -1 4 4 4 4 4 -1 32 -1 2 2 2 2 
2 -1 -1 2 40 40 40 40 4 -1 4 -1 2 32 32 16 2 2 2 -1 
2 2 -1 -1 -1 40 40 -1 8 4 -1 -1 -1 -1 32 2 -1 16 -1 2 
2 2 2 -1 -1 -1 -1 8 8 8 8 8 -1 -1 -1 32 -1 -1 16 2 
4 2 -1 -1 2 1 1 -1 8 8 8 -1 -1 -1 -1 4 -1 -1 4 -1 
-1 4 4 -1 -1 2 1 8 -1 8 8 9 -1 -1 -1 4 4 -1 4 4 
4 -1 4 4 4 4 1 8 8 8 9 -1 -1 -1 -1 4 -1 4 32 4 
32 -1 32 4 4 -1 -1 8 8 -1 -1 -1 -1 32 -1 -1 -1 2 4 32 
2 32 4 8 -1 4 4 8 8 -1 8 -1 -1 -1 32 32 -1 2 2 2 
32 4 -1 16 8 8 -1 4 -1 8 4 8 -1 -1 -1 32 2 -1 6 2 
2 32 32 40 8 4 -1 -1 -1 8 8 -1 -1 -1 32 2 2 -1 6 -1 
