3 -1 -1 1 -1 3 -1 8 2 3 3 2 -1 7 7 7 7 3 -1 3 
3 3 3 -1 9 2 1 2 2 3 2 10 -1 2 3 9 7 7 3 3 
3 -1 3 3 2 -1 1 1 1 -1 10 -1 -1 -1 3 -1 9 7 3 2 
3 3 3 3 -1 -1 2 2 1 1 1 3 2 -1 -1 6 6 9 3 3 
3 3 3 3 1 1 -1 2 2 1 2 3 2 2 -1 6 6 3 3 3 
3 -1 -1 1 -1 -1 1 2 2 2 2 3 2 2 2 3 3 3 3 -1 
-1 6 3 -1 1 1 1 2 2 2 2 2 2 2 3 45 -1 -1 3 3 
3 3 6 6 1 -1 9 2 2 2 2 -1 2 8 -1 3 -1 3 3 -1 
-1 3 6 3 -1 9 -1 2 8 2 2 -1 8 2 8 3 3 3 2 -1 
3 -1 3 3 8 9 33 7 3 8 2 -1 2 2 8 2 2 3 9 2 
-1 8 9 9 8 33 33 2 8 2 3 2 2 2 2 2 9 9 9 -1 
2 9 9 8 8 8 8 2 2 2 3 2 -1 3 -1 9 9 9 9 9 
9 8 33 -1 8 -1 -1 7 3 3 2 3 -1 1 -1 -1 9 -1 9 8 
8 3 33 33 -1 9 2 2 -1 2 2 -1 -1 1 3 -1 9 39 -1 9 
9 8 33 9 9 4 -1 3 2 40 -1 1 2 3 3 3 2 9 8 8 
3 3 33 3 -1 4 4 -1 40 3 3 3 2 3 7 1 3 45 3 3 
3 3 3 -1 3 9 4 -1 8 3 3 2 3 1 7 9 9 3 3 3 
-1 41 3 3 3 3 8 3 3 3 3 3 1 7 9 7 -1 3 2 3 
3 3 3 3 -1 9 9 -1 3 3 3 -1 -1 6 6 7 7 3 3 3 
-1 3 3 1 9 8 8 3 -1 2 2 3 -1 2 7 3 3 3 3 -1 
9 2 2 5 2 -1 -1 37 8 7 3 9 2 2 -1 8 -1 -1 4 4 
4 33 41 2 -1 2 2 8 8 8 7 2 9 10 1 9 10 4 4 -1 
33 41 2 2 -1 -1 -1 8 7 7 7 33 10 41 10 1 8 4 2 2 
2 41 41 41 -1 8 8 -1 -1 -1 33 10 33 33 10 2 -1 8 2 2 
33 33 41 -1 33 8 8 8 -1 6 4 -1 41 10 2 2 41 41 2 41 
33 45 41 2 -1 -1 8 -1 6 -1 4 4 33 33 33 3 41 33 2 41 
45 33 -1 41 2 2 2 6 -1 -1 4 4 33 33 3 3 41 3 33 -1 
-1 2 2 41 -1 2 1 2 8 4 4 33 33 2 3 -1 3 3 3 3 
3 2 2 45 2 2 2 8 33 33 -1 -1 -1 33 33 3 3 3 -1 3 
3 5 5 2 45 2 45 2 10 4 33 -1 33 33 2 2 2 5 3 3 
-1 3 8 45 8 45 10 10 33 5 5 5 -1 2 5 5 7 39 8 -1 
-1 8 8 8 8 33 10 33 -1 -1 -1 5 5 1 5 5 39 39 8 8 
8 -1 -1 8 -1 10 -1 33 33 41 -1 -1 5 39 39 39 39 8 8 8 
-1 8 8 -1 8 8 9 -1 41 41 8 8 -1 -1 39 -1 8 -1 8 8 
-1 8 -1 8 8 9 9 33 -1 33 9 9 8 -1 -1 8 -1 8 8 -1 
8 5 8 8 9 9 9 33 33 -1 5 5 -1 -1 -1 -1 -1 8 1 1 
-1 -1 5 9 8 9 9 -1 33 5 -1 5 5 -1 -1 -1 -1 1 -1 1 
9 9 9 9 9 9 9 41 9 -1 5 2 2 -1 -1 9 -1 -1 1 -1 
-1 9 9 13 8 13 41 9 33 -1 9 8 2 -1 9 9 9 14 -1 -1 
9 5 9 5 13 -1 13 37 8 -1 9 8 -1 2 2 -1 8 14 -1 4 
45 -1 -1 45 45 45 4 -1 4 4 4 33 33 5 7 -1 -1 45 45 45 
45 -1 2 2 45 33 -1 33 33 4 33 33 33 33 33 33 33 45 45 37 
45 5 5 5 33 33 33 -1 33 -1 -1 33 33 33 33 33 37 -1 45 37 
33 5 5 5 5 -1 -1 33 33 33 33 33 33 41 41 33 -1 37 37 5 
5 5 45 5 5 5 -1 -1 33 33 33 33 33 -1 41 1 45 -1 33 45 
5 5 5 45 5 5 -1 -1 -1 33 33 33 -1 -1 5 1 45 45 33 5 
33 5 45 45 45 -1 5 37 -1 33 33 33 33 33 -1 45 45 33 33 33 
5 7 -1 45 4 4 37 45 41 41 33 -1 33 -1 5 5 5 33 33 33 
7 5 4 4 37 -1 37 4 -1 -1 5 7 5 7 -1 5 5 33 -1 -1 
5 5 5 45 -1 37 37 37 4 7 7 5 -1 -1 9 5 5 5 7 -1 
45 45 5 45 45 37 37 4 -1 -1 7 7 -1 33 9 5 41 33 7 7 
6 45 45 45 45 2 4 -1 5 5 5 5 33 33 7 7 7 7 7 6 
6 5 45 2 45 41 5 5 5 5 5 41 -1 33 7 5 5 7 5 45 
5 45 5 5 5 5 33 41 -1 33 5 -1 41 33 -1 5 41 5 5 7 
7 5 5 5 5 5 41 33 33 8 33 41 33 33 5 41 5 41 5 45 
5 7 7 7 2 4 5 41 41 33 33 41 -1 5 5 33 -1 5 5 -1 
8 5 2 7 2 2 4 4 32 -1 41 41 -1 5 5 33 41 7 -1 8 
5 -1 7 2 -1 2 2 4 32 -1 5 5 5 5 5 7 33 7 33 5 
-1 -1 -1 -1 2 -1 2 2 -1 5 5 -1 5 33 33 -1 7 5 5 5 
45 45 45 2 45 45 4 9 9 4 4 -1 33 5 7 33 -1 -1 -1 45 
-1 3 3 -1 4 5 5 4 -1 5 -1 5 -1 7 5 3 5 -1 7 7 
5 5 3 9 4 4 5 5 33 -1 5 5 -1 7 7 5 7 7 45 5 
9 9 5 -1 5 -1 5 5 -1 -1 5 7 5 5 45 45 5 45 5 5 
5 -1 5 5 4 -1 5 -1 5 -1 7 -1 7 5 45 45 45 -1 45 5 
7 7 7 7 5 5 5 5 -1 -1 7 5 5 5 5 5 5 5 5 5 
7 7 -1 7 5 5 -1 5 7 7 33 5 -1 5 -1 5 -1 32 4 5 
6 6 7 5 -1 5 -1 7 5 7 7 -1 7 5 -1 5 -1 -1 5 4 
4 6 -1 -1 5 -1 -1 7 7 7 5 -1 7 5 5 -1 5 -1 5 5 
7 6 -1 -1 -1 6 -1 -1 -1 -1 41 33 5 5 5 5 7 2 -1 -1 
7 7 -1 5 5 9 6 4 -1 -1 -1 41 5 4 -1 7 7 2 1 5 
-1 5 5 -1 9 6 -1 -1 4 33 5 7 5 9 -1 7 2 -1 1 5 
-1 9 5 5 9 6 9 -1 -1 -1 33 5 5 1 5 4 -1 1 -1 -1 
-1 9 5 9 9 9 7 7 -1 -1 -1 -1 -1 5 1 4 -1 1 -1 -1 
41 5 9 9 9 5 -1 45 5 -1 45 45 7 5 5 -1 1 1 33 41 
41 -1 -1 9 9 5 5 45 45 45 6 45 5 7 -1 -1 -1 -1 -1 41 
5 5 5 -1 5 5 45 45 45 45 45 45 45 10 10 -1 -1 -1 5 5 
5 5 5 9 9 -1 45 45 -1 45 -1 5 45 -1 10 -1 7 7 -1 5 
5 5 5 9 11 9 5 -1 -1 7 5 7 10 10 10 13 -1 7 7 -1 
5 5 9 9 9 5 5 5 7 -1 -1 37 7 -1 45 13 45 3 7 3 
5 9 9 11 -1 5 4 7 -1 5 -1 -1 -1 45 5 5 3 3 3 7 
5 5 5 5 -1 -1 -1 -1 -1 7 1 5 5 5 3 3 -1 -1 5 5 
-1 -1 5 7 -1 -1 -1 5 5 5 1 1 5 6 5 5 -1 7 7 9 
9 -1 -1 5 5 7 5 5 7 5 5 5 5 5 6 6 -1 41 -1 9 
9 -1 5 5 5 -1 5 5 7 7 5 7 5 1 7 6 33 41 9 9 
-1 5 -1 3 -1 -1 5 7 7 7 5 1 1 7 7 41 41 33 -1 -1 
-1 -1 3 3 3 5 5 4 4 5 -1 -1 -1 33 41 -1 33 41 33 5 
5 -1 -1 -1 5 5 7 8 5 4 5 5 5 33 33 9 9 33 33 9 
-1 5 -1 5 -1 5 8 7 8 5 8 -1 5 -1 33 9 5 7 33 5 
9 5 5 5 7 7 8 8 7 -1 -1 8 7 7 -1 41 7 -1 7 -1 
9 11 -1 5 7 41 41 -1 8 -1 33 33 7 7 7 -1 5 5 5 5 
5 5 3 7 33 33 33 41 33 -1 41 -1 -1 7 -1 -1 6 7 9 9 
-1 -1 3 3 33 33 -1 33 33 41 7 -1 -1 7 7 4 5 6 5 6 
6 -1 5 33 -1 41 41 33 -1 -1 -1 7 7 7 -1 5 -1 5 4 5 
5 -1 7 5 7 -1 5 1 1 1 -1 -1 7 3 5 5 -1 -1 5 5 
4 7 -1 -1 1 41 1 1 1 1 1 4 3 3 3 3 3 5 5 4 
7 7 7 1 1 1 5 1 -1 -1 4 4 3 3 -1 3 3 -1 -1 4 
7 7 1 1 1 5 5 1 3 -1 4 3 3 3 3 -1 5 -1 4 4 
-1 1 -1 -1 5 5 5 5 5 3 3 3 3 3 3 3 3 5 4 4 
-1 33 33 -1 -1 5 5 7 9 5 3 7 3 -1 3 3 3 5 5 5 
-1 -1 33 -1 -1 -1 -1 7 11 7 7 3 5 5 3 1 5 -1 -1 5 
5 -1 4 5 5 7 -1 4 1 1 5 -1 4 2 1 6 5 -1 7 5 
4 4 4 7 7 4 4 -1 5 5 2 -1 2 -1 1 6 7 7 -1 -1 
7 4 -1 4 4 4 4 4 5 4 5 2 1 5 1 6 -1 7 7 7 
7 7 4 -1 4 -1 -1 5 7 4 4 5 5 1 7 7 7 5 5 7 
5 -1 4 4 5 -1 5 41 4 7 5 -1 5 7 7 7 7 7 7 5 
-1 4 4 5 4 41 5 5 41 -1 7 5 -1 7 7 7 7 7 5 5 
7 5 32 -1 5 6 -1 3 -1 5 -1 5 5 -1 7 7 7 7 7 7 
7 -1 32 5 6 41 6 3 -1 7 -1 5 5 5 -1 7 7 7 -1 6 
5 5 5 5 5 5 5 -1 40 -1 7 5 7 5 5 5 7 7 -1 6 
7 5 5 5 6 -1 5 5 5 5 5 5 5 -1 -1 1 -1 -1 7 7 
7 -1 5 5 3 6 -1 5 5 5 -1 5 4 5 1 -1 7 7 7 7 
5 5 5 3 -1 3 6 5 5 5 -1 4 7 5 1 5 7 7 7 5 
4 5 4 -1 7 6 3 -1 5 5 7 7 1 1 5 1 5 5 -1 7 
7 4 7 7 5 7 5 5 5 5 -1 7 7 -1 -1 5 1 7 -1 7 
4 5 7 5 7 7 7 5 5 7 7 5 4 4 -1 4 5 5 5 7 
7 4 -1 5 5 -1 5 5 5 7 -1 4 4 4 4 4 -1 -1 5 5 
-1 7 5 5 5 -1 5 7 7 5 5 4 4 4 4 4 -1 4 -1 -1 
5 5 5 7 7 5 5 4 5 -1 5 7 5 4 4 2 4 4 4 4 
4 5 5 5 -1 5 6 4 -1 5 -1 7 7 -1 4 2 4 4 4 -1 
-1 5 -1 7 5 5 6 7 1 5 5 4 -1 4 2 6 4 4 -1 4 
2 2 2 5 6 6 4 4 7 6 6 -1 1 1 1 5 5 2 2 2 
-1 2 -1 5 -1 7 7 4 32 32 32 32 1 1 1 6 1 6 6 -1 
6 6 -1 5 5 32 32 -1 40 40 32 32 1 1 32 6 32 1 6 6 
4 4 6 -1 5 32 32 -1 7 7 32 32 1 32 32 6 6 6 1 6 
6 6 4 -1 7 -1 -1 5 -1 6 32 32 32 1 32 -1 -1 6 1 4 
6 6 4 7 4 7 -1 5 6 32 6 -1 32 1 32 32 40 -1 -1 4 
4 6 4 4 4 4 4 4 4 6 6 6 -1 32 32 -1 32 -1 4 -1 
6 4 5 4 32 5 -1 4 5 6 -1 32 32 -1 -1 32 32 32 2 -1 
4 6 4 32 1 7 7 7 -1 5 32 32 32 -1 32 32 32 32 7 2 
6 4 4 1 1 6 7 7 5 5 5 32 4 -1 32 -1 -1 33 33 7 
6 4 4 1 1 6 6 5 5 1 5 4 -1 4 32 5 5 5 32 6 
-1 4 1 1 1 7 -1 7 -1 5 5 -1 32 4 4 -1 5 7 -1 -1 
5 2 2 2 2 5 -1 -1 -1 7 -1 32 -1 -1 -1 -1 5 7 -1 5 
6 4 2 -1 5 2 4 7 7 7 7 -1 -1 -1 -1 -1 5 -1 7 6 
4 6 -1 -1 2 4 7 7 7 6 7 -1 5 5 2 2 5 -1 -1 -1 
-1 6 6 2 6 2 4 4 7 6 6 7 -1 -1 5 5 5 5 2 -1 
2 2 2 2 2 6 6 -1 6 7 7 -1 7 -1 7 -1 5 5 2 2 
2 2 6 -1 -1 -1 6 -1 -1 7 6 1 -1 7 7 7 5 -1 2 2 
2 2 2 2 2 7 2 7 -1 6 6 1 1 -1 4 4 4 -1 7 2 
2 2 2 2 6 2 7 7 7 6 6 1 -1 1 4 4 2 4 -1 -1 
40 32 -1 32 6 6 6 -1 6 2 4 -1 4 6 6 6 2 6 6 6 
32 32 32 32 32 -1 6 6 6 6 5 5 5 4 4 6 6 6 6 40 
-1 -1 32 32 -1 32 -1 -1 6 6 6 -1 6 -1 4 6 6 2 6 -1 
6 -1 6 6 6 32 -1 -1 -1 6 6 -1 6 6 -1 1 5 6 6 -1 
6 6 6 6 32 6 -1 -1 -1 6 6 -1 6 6 6 1 1 -1 6 6 
6 6 -1 6 6 6 6 -1 -1 -1 6 -1 6 6 6 -1 6 6 6 6 
6 6 6 6 6 6 5 -1 -1 -1 -1 -1 -1 6 -1 6 6 -1 -1 6 
6 6 6 7 6 6 -1 5 6 7 7 6 -1 6 6 -1 -1 6 -1 6 
6 6 -1 -1 7 -1 7 5 4 7 6 6 6 6 6 6 6 6 6 6 
6 6 6 -1 7 -1 7 7 -1 4 6 6 6 -1 -1 6 6 6 6 -1 
6 6 7 -1 7 7 -1 7 7 6 6 6 6 6 6 -1 6 6 6 6 
-1 7 7 5 -1 -1 -1 7 -1 5 -1 6 6 -1 -1 5 6 6 -1 -1 
6 4 5 5 -1 7 7 7 7 7 7 -1 6 5 5 6 -1 -1 4 4 
6 6 4 -1 5 5 -1 -1 1 -1 7 -1 5 32 -1 6 -1 6 4 6 
6 32 -1 5 7 5 -1 5 4 4 4 -1 32 -1 -1 -1 6 6 -1 -1 
-1 32 32 6 -1 6 6 5 4 4 4 6 6 32 -1 5 6 6 6 -1 
-1 32 6 6 6 6 6 -1 4 6 4 4 4 32 5 5 -1 6 6 -1 
6 6 6 6 32 6 4 6 4 4 6 4 4 5 5 6 32 32 32 32 
6 6 6 32 32 6 -1 4 6 4 4 4 4 4 5 6 -1 6 32 -1 
10 6 -1 32 32 6 6 6 4 4 4 4 4 -1 6 6 6 -1 6 6 
6 6 -1 6 6 6 6 6 -1 4 -1 32 32 -1 4 -1 2 4 6 -1 
5 6 5 -1 6 6 6 6 4 -1 4 32 6 4 4 -1 2 -1 -1 6 
6 5 7 6 6 6 6 -1 4 4 4 6 -1 4 4 4 6 -1 6 6 
6 6 -1 -1 6 -1 -1 -1 -1 8 6 6 6 6 32 32 -1 6 6 5 
6 -1 -1 -1 6 -1 6 6 6 6 6 6 6 5 5 6 6 6 6 6 
6 6 6 -1 -1 -1 6 6 6 6 6 6 6 5 5 6 6 6 6 6 
6 6 -1 6 6 6 6 6 6 6 6 6 5 6 6 6 6 6 6 6 
6 6 6 6 6 6 6 6 6 -1 -1 -1 6 6 6 6 -1 6 6 6 
6 6 6 6 6 6 7 6 -1 -1 6 6 6 6 6 4 6 6 6 6 
6 6 6 -1 6 6 -1 -1 4 5 -1 6 6 6 6 6 6 6 6 6 
6 6 6 8 6 6 6 4 6 40 6 6 6 -1 6 6 6 6 6 6 
8 8 8 8 6 6 4 6 -1 -1 40 -1 6 -1 -1 6 6 6 -1 6 
6 6 8 8 8 8 6 6 -1 6 6 -1 6 6 6 6 6 6 6 6 
6 6 8 6 -1 6 -1 6 6 40 6 40 -1 6 6 6 -1 6 -1 6 
6 8 6 -1 6 6 6 6 6 40 6 -1 6 -1 6 6 6 -1 6 -1 
-1 6 6 -1 6 6 -1 6 6 6 -1 6 4 6 -1 6 -1 6 -1 6 
6 6 -1 6 -1 -1 6 -1 6 6 4 -1 6 6 -1 4 6 6 -1 6 
6 -1 6 6 5 6 6 -1 -1 -1 4 4 6 6 4 6 6 6 6 -1 
6 6 6 -1 6 6 6 -1 4 4 4 6 -1 4 4 -1 6 6 6 6 
6 6 6 6 6 6 6 -1 6 4 4 6 -1 4 -1 4 -1 6 6 6 
-1 40 40 40 40 6 6 5 -1 6 6 4 6 6 6 -1 -1 -1 -1 -1 
-1 -1 -1 40 40 6 -1 6 6 -1 6 -1 6 5 6 -1 6 6 32 32 
34 34 34 -1 6 6 6 6 6 6 6 6 6 5 6 6 -1 32 -1 32 
-1 -1 -1 -1 6 6 6 6 -1 6 6 6 5 7 4 -1 -1 -1 32 32 
7 7 -1 2 6 6 6 6 -1 6 8 -1 7 5 4 4 -1 -1 -1 6 
6 -1 -1 2 -1 6 -1 -1 -1 8 -1 7 -1 5 -1 4 -1 6 6 -1 
-1 6 -1 -1 -1 -1 10 10 6 8 8 -1 6 2 -1 6 -1 6 6 6 
4 4 6 -1 -1 10 10 10 6 8 8 -1 2 6 6 6 6 -1 6 -1 
4 6 -1 6 -1 4 10 10 -1 -1 -1 2 2 2 -1 -1 6 -1 -1 -1 
6 -1 6 6 4 4 6 10 10 6 -1 6 6 2 4 6 6 6 -1 -1 
7 6 6 6 6 4 6 6 10 10 6 6 2 6 4 8 6 6 8 -1 
6 7 7 6 -1 6 6 -1 6 6 6 -1 4 4 8 8 8 6 6 6 
6 -1 7 6 6 6 6 6 -1 6 6 -1 4 -1 -1 8 -1 6 6 6 
-1 -1 6 6 -1 6 6 6 6 4 2 2 -1 -1 -1 -1 8 8 6 6 
6 6 6 6 6 6 7 7 6 6 2 2 2 2 -1 4 4 8 6 6 
7 6 6 6 -1 6 6 6 6 -1 2 2 2 7 7 -1 6 7 6 6 
6 6 -1 6 6 6 4 6 6 -1 -1 -1 6 7 7 7 6 6 7 6 
6 6 -1 -1 6 7 4 -1 -1 -1 6 6 6 -1 6 7 7 -1 4 6 
40 -1 6 -1 7 4 4 5 5 -1 6 6 6 6 7 4 6 6 -1 6 
6 40 40 -1 6 6 4 6 -1 6 6 4 6 6 6 6 6 6 6 6 
6 -1 4 4 6 6 2 2 6 -1 6 -1 -1 4 4 6 6 6 6 -1 
8 6 4 -1 6 4 4 2 6 6 6 -1 4 6 6 -1 6 6 6 -1 
8 -1 7 -1 8 4 4 -1 -1 6 -1 10 10 10 10 10 -1 6 6 6 
-1 8 5 8 6 4 -1 -1 6 6 -1 10 10 6 6 6 -1 8 6 6 
-1 8 8 6 -1 6 6 5 6 -1 -1 -1 -1 6 10 6 10 8 8 6 
-1 8 -1 8 -1 6 6 6 5 -1 -1 6 -1 -1 6 -1 8 8 8 7 
8 8 8 -1 -1 8 -1 7 7 6 6 -1 4 4 6 8 8 8 8 7 
8 8 8 -1 8 8 -1 6 -1 6 6 6 4 4 6 -1 -1 -1 -1 -1 
6 8 -1 8 -1 -1 -1 6 7 6 -1 -1 6 -1 4 -1 -1 6 6 -1 
6 6 8 -1 8 -1 -1 6 6 6 6 -1 6 6 4 6 6 6 6 6 
6 6 8 -1 -1 6 6 6 6 -1 6 7 7 6 6 6 6 7 6 6 
6 6 8 8 -1 -1 6 -1 6 -1 6 -1 7 6 7 7 6 6 6 6 
6 -1 8 8 -1 -1 -1 6 6 6 6 6 -1 7 6 6 7 6 6 6 
6 8 8 4 4 -1 -1 6 4 4 6 -1 -1 -1 6 6 6 -1 2 6 
-1 8 8 8 -1 -1 6 6 6 6 4 6 -1 -1 -1 6 2 2 6 6 
-1 4 4 2 7 7 -1 6 6 -1 6 6 10 6 4 -1 6 -1 -1 6 
6 -1 -1 2 -1 -1 -1 -1 6 -1 6 10 10 4 4 -1 -1 4 6 6 
-1 6 6 6 6 -1 6 6 -1 6 6 10 -1 6 6 4 4 -1 4 6 
6 6 6 -1 6 -1 6 4 4 6 6 6 10 6 4 6 -1 4 6 6 
6 2 6 2 2 6 6 -1 -1 6 6 -1 -1 6 -1 6 6 6 6 6 
3 3 -1 4 4 -1 6 6 -1 -1 -1 6 4 4 4 4 6 6 6 -1 
3 3 3 -1 4 6 6 6 4 -1 6 6 4 -1 4 32 4 6 6 6 
-1 2 3 -1 1 4 6 6 6 4 6 6 4 -1 -1 4 32 6 6 6 
2 2 3 1 1 6 4 -1 11 6 4 4 -1 6 3 2 2 2 3 3 
-1 2 2 6 6 4 6 -1 11 5 6 6 6 3 3 3 2 3 6 -1 
6 3 -1 2 4 -1 6 6 -1 5 5 1 6 3 3 -1 2 3 6 6 
3 6 -1 6 6 4 6 6 6 5 1 -1 3 3 3 3 1 1 6 6 
6 6 6 -1 6 4 6 6 6 5 5 1 -1 3 3 3 -1 -1 6 6 
-1 6 4 1 -1 1 1 6 6 5 1 4 -1 3 -1 -1 -1 -1 7 7 
7 -1 4 4 1 1 -1 1 6 -1 5 4 4 2 3 3 3 7 7 7 
7 6 4 4 4 4 4 1 4 2 4 4 2 2 3 3 -1 7 7 7 
5 6 2 2 40 -1 6 1 6 6 6 6 -1 -1 -1 3 -1 -1 6 7 
5 40 40 2 6 6 40 -1 6 6 6 6 6 -1 3 -1 6 6 -1 -1 
-1 6 2 40 2 -1 6 40 -1 -1 2 6 2 2 2 2 2 2 -1 -1 
3 2 6 2 6 6 6 40 40 -1 6 6 6 2 2 2 2 -1 4 -1 
3 -1 2 2 6 -1 6 6 6 6 6 6 6 2 6 2 -1 -1 3 4 
4 5 -1 6 6 6 6 6 6 6 6 -1 6 6 -1 2 2 2 3 3 
6 4 -1 6 6 6 6 6 6 6 6 -1 6 -1 -1 -1 6 2 -1 3 
4 4 4 5 -1 -1 -1 -1 6 -1 -1 -1 -1 4 4 4 6 6 3 6 
4 3 3 -1 -1 -1 6 6 -1 -1 -1 -1 6 -1 4 6 6 6 6 6 
6 6 6 3 6 6 6 6 1 3 6 4 3 6 4 6 6 -1 6 6 
-1 6 3 3 3 3 -1 6 6 6 3 4 -1 6 6 4 -1 6 6 6 
6 -1 -1 3 6 6 3 -1 6 6 4 -1 6 2 6 2 -1 -1 6 6 
6 6 -1 -1 6 -1 6 6 6 6 6 4 2 4 3 6 6 -1 4 4 
4 -1 6 6 6 6 -1 6 6 6 -1 3 3 4 6 3 32 32 -1 4 
6 4 6 6 -1 6 6 6 6 6 3 -1 2 6 3 6 32 3 4 4 
-1 6 4 4 6 6 6 6 6 6 6 2 6 6 3 -1 32 4 4 32 
-1 32 4 4 6 6 -1 6 6 6 6 6 -1 -1 6 -1 -1 3 -1 4 
-1 32 4 4 6 6 6 6 6 6 -1 6 -1 -1 -1 3 3 6 2 2 
4 4 32 4 4 6 6 6 6 4 6 -1 6 6 6 6 6 3 6 6 
3 3 3 -1 -1 -1 6 6 6 6 6 6 6 6 6 6 6 6 6 6 
3 3 -1 -1 3 6 -1 4 6 6 6 6 6 -1 6 6 6 4 4 -1 
-1 4 -1 3 3 -1 6 6 6 -1 6 40 -1 6 6 4 -1 -1 4 -1 
-1 -1 4 3 3 3 3 6 6 6 -1 6 41 41 -1 4 6 1 -1 2 
2 2 3 3 3 -1 3 6 6 2 -1 6 6 -1 4 4 6 1 -1 2 
2 2 3 3 4 3 6 6 2 6 6 6 6 -1 4 6 6 6 2 2 
2 2 4 4 -1 4 2 -1 2 -1 6 -1 6 -1 6 6 -1 -1 2 -1 
6 2 3 -1 -1 4 2 2 2 -1 6 6 6 4 6 6 4 -1 -1 -1 
6 -1 6 -1 4 4 3 3 3 3 3 4 -1 4 4 4 -1 6 -1 4 
4 6 6 4 4 3 3 3 3 3 -1 6 4 4 4 4 6 6 6 6 
3 3 3 3 -1 -1 -1 -1 3 -1 6 6 -1 4 4 3 -1 3 3 -1 
-1 3 3 -1 -1 -1 -1 -1 -1 6 -1 7 -1 4 3 3 3 3 -1 3 
-1 3 3 3 -1 -1 4 -1 -1 -1 4 3 -1 -1 3 3 3 3 -1 3 
-1 3 3 -1 4 -1 4 -1 -1 -1 4 3 -1 -1 -1 3 3 3 3 3 
-1 -1 6 3 -1 4 4 4 4 4 3 4 4 4 -1 -1 -1 3 3 3 
-1 -1 6 3 -1 -1 -1 -1 4 4 4 4 4 -1 4 4 -1 4 -1 -1 
-1 1 1 1 -1 -1 -1 -1 4 4 4 -1 -1 -1 -1 -1 4 4 4 -1 
4 -1 1 -1 -1 -1 -1 -1 4 3 6 6 6 -1 -1 6 -1 -1 4 4 
4 -1 -1 -1 3 1 1 -1 3 6 6 6 3 3 3 6 6 -1 6 6 
3 4 -1 3 -1 -1 -1 -1 -1 6 3 3 3 3 3 6 6 -1 -1 3 
4 3 3 3 -1 -1 -1 -1 6 6 3 6 3 3 3 3 -1 3 3 3 
3 3 3 3 3 -1 3 3 -1 -1 6 6 3 -1 3 -1 3 3 3 3 
-1 3 3 3 3 3 3 3 3 -1 3 3 3 3 3 3 -1 3 3 3 
3 3 3 3 3 3 3 -1 3 3 3 3 6 3 3 -1 -1 -1 -1 -1 
3 -1 3 -1 -1 3 3 -1 3 1 -1 6 3 -1 -1 -1 -1 3 -1 3 
3 -1 -1 3 3 -1 3 3 3 1 -1 -1 4 3 3 3 3 3 6 -1 
6 6 3 3 3 3 -1 2 -1 -1 1 4 3 3 3 3 -1 -1 3 6 
6 6 1 -1 3 -1 -1 3 3 -1 1 7 7 3 -1 4 3 3 3 3 
1 1 3 1 3 -1 -1 -1 3 3 1 1 6 6 6 4 -1 3 6 6 
1 1 3 3 -1 -1 -1 -1 -1 -1 6 7 6 4 4 -1 3 3 3 6 
1 1 3 -1 -1 3 -1 -1 -1 -1 1 1 1 3 3 3 -1 1 1 1 
1 1 3 3 3 3 -1 -1 -1 6 1 1 5 3 3 3 3 -1 1 -1 
7 -1 -1 -1 3 -1 3 -1 6 9 5 9 9 -1 -1 -1 3 3 3 7 
3 3 -1 3 3 3 3 -1 -1 9 9 9 5 3 3 -1 3 3 7 3 
-1 3 3 3 3 3 3 3 9 5 5 5 1 5 3 3 3 7 3 7 
-1 3 -1 1 3 -1 3 -1 5 5 5 1 3 3 3 3 7 -1 7 3 
3 1 3 -1 1 5 5 5 5 1 1 1 3 3 3 3 3 7 3 4 
3 3 1 1 3 1 5 5 1 -1 3 -1 3 3 3 3 3 4 4 3 
1 1 1 1 3 3 1 3 3 1 1 1 3 3 3 3 4 3 4 3 
1 -1 -1 3 -1 3 -1 3 1 -1 -1 -1 3 3 3 3 3 7 3 -1 
-1 3 3 -1 3 -1 -1 5 5 5 5 -1 3 3 3 10 10 4 -1 3 
3 7 -1 3 3 3 3 3 5 5 -1 1 3 3 3 3 -1 -1 -1 3 
3 -1 7 3 3 6 3 3 -1 6 -1 1 1 3 -1 -1 -1 -1 3 3 
-1 -1 7 3 3 6 6 1 6 -1 -1 3 1 10 -1 -1 1 3 3 -1 
9 3 -1 3 6 6 6 1 6 6 -1 6 -1 -1 10 3 1 -1 -1 -1 
3 3 -1 3 3 3 -1 -1 6 6 6 -1 10 10 3 -1 -1 -1 -1 3 
-1 -1 -1 3 3 3 -1 -1 3 3 6 -1 -1 -1 3 3 -1 -1 3 1 
3 1 3 1 -1 3 3 3 -1 3 -1 -1 3 -1 3 3 2 1 -1 3 
1 3 1 -1 3 3 -1 3 -1 3 3 3 1 3 3 3 2 -1 1 1 
1 -1 1 3 3 3 3 3 -1 3 3 -1 1 3 3 3 3 3 1 1 
3 1 1 1 5 7 5 6 5 5 5 5 -1 3 3 3 3 3 3 3 
3 3 7 3 7 7 5 -1 6 3 4 -1 -1 3 -1 3 3 3 3 -1 
3 7 3 7 7 7 -1 3 -1 3 3 3 4 4 4 3 -1 3 3 3 
-1 6 7 7 7 -1 -1 3 3 3 1 1 4 4 4 -1 1 3 -1 3 
1 3 3 7 -1 7 -1 -1 3 -1 6 3 -1 3 3 3 3 1 3 1 
3 6 -1 -1 7 4 4 3 7 7 6 7 3 3 -1 3 3 1 3 3 
-1 -1 6 5 5 4 3 3 7 7 7 3 3 3 -1 -1 3 1 -1 3 
3 -1 5 7 7 5 4 4 3 7 3 3 3 -1 -1 -1 3 3 1 3 
3 3 7 7 4 5 4 3 4 3 5 7 3 3 6 3 3 3 3 3 
3 7 7 4 4 3 4 3 7 7 3 3 1 3 -1 3 3 1 -1 3 
7 7 7 5 5 -1 -1 7 7 5 10 3 -1 -1 -1 -1 3 1 -1 3 
-1 7 7 5 5 3 5 5 -1 5 5 -1 3 -1 3 -1 -1 1 1 7 
7 5 5 3 3 -1 5 5 5 5 -1 5 3 6 3 3 3 -1 1 -1 
-1 -1 3 3 3 3 -1 5 3 5 5 5 -1 3 9 3 9 -1 -1 7 
-1 3 -1 -1 3 3 3 3 3 3 5 3 3 5 9 9 -1 -1 -1 7 
3 -1 -1 3 3 6 3 -1 3 3 3 3 3 5 -1 9 -1 3 -1 -1 
3 3 1 1 6 6 -1 7 -1 -1 3 3 3 -1 9 -1 -1 3 -1 3 
3 3 6 -1 -1 6 -1 7 1 1 7 5 3 9 3 3 3 3 3 3 
4 3 1 7 1 -1 7 7 -1 5 5 3 3 3 3 3 3 3 -1 1 
1 1 1 1 5 5 -1 5 7 5 5 -1 5 -1 3 3 3 3 1 4 
-1 5 5 5 1 1 4 4 6 5 7 7 41 41 7 41 5 3 3 5 
5 -1 5 1 5 1 4 4 3 3 7 -1 41 7 5 5 5 5 5 4 
4 1 1 1 7 4 -1 4 5 3 -1 3 41 41 5 5 5 5 -1 4 
3 1 1 1 7 -1 -1 4 4 6 3 -1 -1 5 5 -1 7 4 5 5 
3 1 1 7 7 3 3 6 4 3 1 1 1 -1 5 7 7 5 4 5 
5 3 5 7 3 7 3 6 4 5 1 1 1 1 1 -1 -1 3 3 4 
-1 3 3 5 5 3 5 -1 5 3 1 3 3 1 -1 3 -1 3 6 4 
-1 3 -1 5 5 6 5 5 3 -1 3 3 -1 3 -1 3 3 -1 5 5 
3 4 4 -1 6 5 5 5 -1 3 3 3 -1 -1 -1 1 -1 -1 3 5 
5 4 4 4 5 5 -1 5 -1 -1 -1 3 3 3 -1 -1 -1 -1 -1 5 
5 5 5 5 5 5 -1 -1 -1 -1 -1 3 -1 3 3 5 5 5 5 5 
5 -1 5 5 5 5 5 -1 1 1 -1 -1 -1 5 3 5 5 6 -1 5 
5 -1 -1 -1 5 5 5 -1 7 7 7 7 -1 5 3 4 5 -1 5 5 
5 5 -1 5 5 5 5 5 5 7 7 7 7 3 -1 5 4 5 5 5 
5 5 -1 5 3 5 -1 -1 3 7 3 5 -1 -1 5 5 6 5 5 5 
5 5 5 5 7 5 5 3 3 3 7 5 3 3 5 6 -1 6 5 -1 
-1 -1 -1 5 1 5 5 -1 3 3 7 5 -1 3 -1 6 6 -1 -1 5 
1 1 1 1 3 5 5 5 5 7 3 -1 -1 -1 41 6 6 1 1 1 
7 7 -1 -1 -1 -1 5 5 5 3 -1 3 41 41 33 33 7 6 3 1 
1 5 -1 4 1 1 5 4 3 3 7 41 3 3 41 41 7 5 3 7 
-1 1 5 6 6 7 7 1 7 7 6 7 1 3 3 3 3 3 1 3 
1 1 5 5 7 7 7 7 1 6 7 -1 6 1 1 -1 3 3 3 -1 
7 -1 7 7 7 7 7 40 6 7 7 7 1 6 5 -1 3 6 -1 -1 
7 7 5 5 7 7 40 40 7 7 1 1 3 3 3 -1 1 4 6 -1 
-1 3 5 7 3 40 40 7 40 7 7 7 7 3 -1 3 4 6 6 3 
3 3 -1 5 3 3 7 7 7 7 7 7 3 3 1 1 3 -1 -1 7 
-1 7 7 3 7 7 7 7 7 -1 7 7 -1 7 7 3 7 1 7 -1 
7 7 1 7 3 7 7 7 -1 -1 10 2 2 2 10 7 1 7 7 4 
4 1 4 -1 1 7 7 7 1 -1 10 2 2 10 7 1 7 7 7 -1 
1 4 4 4 -1 7 -1 -1 -1 1 10 -1 1 7 3 7 7 -1 -1 1 
3 -1 -1 -1 4 7 7 -1 7 10 7 7 7 2 2 3 3 3 3 1 
3 -1 1 4 -1 7 7 7 1 7 7 1 1 1 1 3 -1 1 3 3 
4 4 4 -1 5 -1 7 7 5 7 7 1 1 -1 1 3 3 3 3 3 
4 -1 -1 5 -1 -1 5 5 5 5 -1 1 -1 1 1 3 40 40 40 4 
40 40 5 7 5 7 7 7 5 5 -1 5 1 -1 3 3 3 7 40 40 
5 7 7 -1 7 7 7 5 -1 5 5 -1 1 1 3 3 3 3 7 5 
5 5 5 -1 2 7 7 5 5 5 5 1 -1 -1 3 -1 7 7 3 3 
5 5 -1 -1 5 2 -1 7 7 5 5 5 4 3 3 3 -1 3 7 3 
1 -1 -1 -1 7 2 -1 7 7 -1 -1 5 4 -1 3 3 3 3 3 1 
1 1 1 7 7 7 -1 7 7 7 7 6 1 3 -1 3 3 3 1 1 
-1 5 5 7 7 6 6 3 3 3 -1 6 -1 6 5 5 10 7 7 7 
7 -1 5 5 5 7 7 6 -1 -1 -1 5 6 6 6 10 10 10 7 1 
7 7 -1 -1 7 5 -1 5 -1 7 3 5 6 6 6 6 10 10 10 7 
-1 -1 5 -1 7 7 5 5 7 12 -1 -1 5 6 6 6 6 10 7 7 
5 3 3 3 3 7 5 7 7 7 12 12 12 12 -1 -1 -1 10 7 7 
7 3 -1 3 -1 7 7 7 7 7 -1 12 -1 -1 6 6 -1 7 7 7 
-1 3 3 3 3 7 5 7 7 -1 7 7 6 6 6 -1 6 7 7 7 
3 3 -1 3 3 -1 7 5 7 5 6 7 7 7 6 7 -1 7 7 1 
3 3 3 7 7 -1 2 5 -1 5 5 6 7 7 7 7 5 7 7 7 
3 3 3 7 7 7 -1 3 5 -1 7 7 7 7 7 6 6 5 5 5 
-1 -1 6 7 7 -1 3 -1 5 5 7 5 7 -1 -1 12 6 3 3 -1 
3 6 6 -1 5 5 5 5 -1 5 5 -1 2 7 12 12 12 -1 3 3 
7 3 6 6 5 5 5 5 7 4 -1 2 7 2 12 12 -1 3 3 3 
6 -1 6 6 6 -1 4 7 4 -1 7 7 6 7 7 10 10 3 2 10 
7 6 -1 5 5 4 5 6 4 6 7 7 6 6 10 7 7 2 10 7 
7 7 6 5 6 -1 4 4 5 2 7 10 6 6 6 7 7 10 -1 10 
7 7 6 5 -1 7 -1 7 5 5 6 6 5 -1 6 6 10 -1 7 3 
3 6 6 -1 6 -1 7 7 7 4 -1 6 -1 5 6 5 3 7 -1 5 
5 3 7 7 -1 -1 7 -1 5 5 6 -1 6 5 5 10 3 7 7 -1 
-1 5 7 5 7 7 -1 3 5 -1 -1 6 6 -1 10 7 7 7 7 5 
7 7 2 10 10 10 3 3 5 3 3 7 7 7 10 4 2 7 4 7 
7 40 10 2 2 10 -1 -1 3 3 3 7 3 -1 7 7 4 40 -1 7 
7 7 -1 7 2 2 2 3 3 7 3 3 -1 7 3 6 -1 40 40 7 
7 7 7 -1 2 3 3 3 3 3 3 -1 3 3 3 3 2 40 3 7 
7 7 7 7 3 6 6 3 3 3 3 -1 3 6 6 -1 2 3 3 1 
1 7 6 3 3 3 6 6 -1 3 3 -1 3 6 6 7 3 40 1 -1 
6 6 6 6 6 6 6 6 3 3 3 -1 -1 -1 6 6 -1 -1 5 1 
6 7 -1 6 -1 6 6 6 7 3 3 -1 -1 -1 7 7 -1 5 5 7 
-1 7 7 7 3 3 3 -1 3 -1 7 7 7 7 -1 5 5 -1 -1 7 
-1 7 7 7 3 3 2 6 -1 5 5 5 5 7 7 5 7 -1 7 -1 
-1 7 7 7 -1 6 6 7 7 -1 5 5 5 7 7 7 5 7 7 7 
7 7 7 7 6 1 7 7 6 6 -1 5 5 7 5 5 -1 5 7 7 
7 7 7 7 1 2 7 7 7 6 5 5 5 5 -1 5 -1 7 7 7 
-1 7 7 7 1 -1 2 7 6 5 5 5 5 -1 5 5 7 7 5 -1 
7 7 -1 7 -1 -1 7 6 6 6 7 5 -1 5 5 5 5 5 5 7 
-1 7 -1 5 7 -1 6 6 6 -1 5 7 -1 5 5 5 5 5 5 7 
7 7 5 5 7 7 1 6 -1 7 -1 -1 7 7 5 5 5 5 7 7 
1 6 7 7 -1 6 6 7 7 -1 7 5 3 4 5 -1 5 7 7 7 
7 7 -1 7 7 2 6 7 5 7 6 7 7 4 10 10 -1 5 5 7 
7 7 -1 7 2 2 3 -1 6 5 3 7 -1 6 3 10 2 5 7 7 
7 7 7 7 6 6 6 -1 7 7 7 5 6 6 1 -1 -1 -1 7 7 
7 6 7 6 7 -1 3 3 -1 7 5 7 6 6 5 -1 -1 -1 1 1 
1 -1 7 6 7 7 7 -1 7 -1 7 5 5 5 1 -1 1 1 -1 -1 
-1 -1 7 7 -1 7 7 7 7 7 3 7 5 1 1 -1 7 1 7 7 
7 -1 7 -1 7 -1 7 7 7 6 -1 3 7 7 7 7 7 1 1 1 
7 7 6 -1 7 7 -1 7 -1 7 3 7 7 7 7 7 7 -1 7 1 
-1 -1 7 6 7 7 7 7 7 -1 7 7 7 3 7 7 7 6 -1 7 
6 7 6 7 -1 7 -1 7 7 7 7 7 7 3 -1 7 7 -1 5 6 
7 7 7 7 7 7 7 -1 -1 7 7 7 7 -1 -1 7 7 5 5 -1 
7 7 7 -1 -1 -1 7 3 3 7 40 40 3 7 7 7 -1 5 5 7 
5 6 6 6 6 -1 6 3 7 7 40 7 3 3 3 7 3 5 5 5 
5 5 -1 5 6 6 1 6 -1 7 3 7 3 -1 7 3 5 3 -1 5 
6 5 5 -1 6 6 6 6 6 7 7 3 3 4 5 5 -1 5 5 -1 
5 6 7 5 -1 40 6 6 -1 7 7 3 -1 -1 4 5 -1 4 5 5 
4 6 6 6 6 40 40 6 6 7 5 7 -1 5 5 -1 5 5 5 5 
-1 4 6 -1 40 40 40 9 9 6 5 5 5 5 5 5 5 5 5 -1 
-1 4 -1 7 40 10 6 9 9 9 6 5 7 5 5 5 7 -1 -1 5 
5 6 7 3 6 3 3 10 -1 9 5 5 5 7 -1 6 7 7 5 6 
7 -1 -1 -1 3 3 3 7 9 5 5 5 6 -1 7 7 6 7 5 -1 
7 7 7 7 7 6 3 7 7 7 -1 -1 5 6 1 7 6 6 6 -1 
7 7 7 7 7 7 7 7 6 7 6 6 -1 6 7 7 7 7 7 7 
7 7 7 7 7 -1 7 7 7 6 6 6 6 6 7 7 7 7 7 7 
7 7 -1 7 7 -1 6 -1 6 6 6 7 7 -1 6 6 6 7 6 5 
7 7 7 7 7 7 -1 7 7 7 7 7 7 -1 7 -1 -1 6 -1 -1 
7 7 5 7 7 7 7 7 7 7 7 7 7 7 7 -1 1 -1 -1 7 
-1 7 7 5 7 7 7 7 7 40 5 5 7 7 -1 7 -1 1 -1 7 
7 6 6 6 -1 6 7 7 7 7 5 7 7 7 7 7 7 1 7 7 
7 7 6 6 -1 -1 7 7 7 7 7 7 7 7 7 7 7 1 6 7 
6 7 7 7 7 7 6 6 6 7 7 -1 -1 7 7 7 7 7 7 7 
6 -1 7 -1 6 7 7 6 6 6 6 9 9 -1 -1 -1 7 7 7 6 
-1 -1 -1 7 7 -1 -1 7 32 -1 9 9 -1 7 7 7 -1 7 -1 3 
-1 -1 -1 7 -1 7 7 -1 32 32 32 -1 -1 7 7 -1 -1 -1 3 3 
3 -1 7 7 7 7 -1 3 32 32 -1 -1 -1 -1 7 -1 7 7 7 7 
7 7 -1 7 7 7 7 3 3 32 7 -1 4 4 5 7 7 7 -1 7 
7 7 7 7 7 -1 7 7 7 7 6 6 4 4 7 5 7 -1 7 7 
7 -1 7 -1 7 7 7 7 5 7 7 6 -1 -1 7 -1 7 -1 -1 7 
7 3 -1 -1 7 7 7 -1 7 7 7 7 -1 7 1 1 -1 7 7 7 
7 3 -1 -1 -1 7 -1 -1 -1 9 9 5 7 7 7 1 1 7 7 -1 
7 7 7 7 7 7 7 7 9 -1 7 5 5 7 6 1 7 7 7 7 
7 7 7 7 7 7 7 7 7 6 6 5 6 6 -1 7 3 3 7 7 
7 -1 7 -1 7 41 41 41 41 41 41 41 41 7 9 7 7 -1 7 -1 
7 5 7 -1 7 41 -1 41 41 41 1 3 -1 7 9 7 -1 7 7 7 
7 7 7 40 5 40 40 41 41 41 -1 6 -1 -1 7 7 -1 7 7 7 
7 7 7 40 5 40 41 -1 41 -1 -1 -1 6 -1 6 7 -1 7 7 7 
-1 7 7 5 5 -1 -1 41 -1 -1 -1 4 4 6 6 7 7 -1 7 7 
7 5 7 5 5 -1 -1 -1 41 -1 10 6 6 6 7 -1 7 7 7 7 
7 7 -1 -1 -1 5 10 -1 41 -1 10 10 10 -1 -1 7 7 7 7 7 
7 7 7 7 -1 -1 10 -1 10 10 3 3 3 40 7 7 7 -1 7 7 
6 7 -1 7 -1 -1 10 -1 10 10 -1 3 40 40 40 7 7 7 7 7 
40 -1 7 -1 7 7 -1 -1 7 7 7 -1 40 40 7 7 7 7 6 7 
3 40 7 7 7 7 -1 41 7 7 7 40 40 -1 -1 40 -1 -1 6 6 
-1 -1 7 -1 7 41 41 7 -1 7 -1 40 40 40 40 40 -1 -1 -1 40 
7 40 40 40 7 40 7 41 -1 -1 5 41 40 40 5 40 40 -1 -1 40 
7 7 7 40 40 7 41 -1 -1 -1 5 -1 40 7 5 7 7 -1 -1 40 
-1 7 7 40 -1 41 41 41 -1 7 5 5 41 5 41 5 7 7 40 40 
7 -1 7 7 7 7 41 7 41 5 5 5 5 41 41 7 7 5 40 40 
7 7 -1 7 41 7 -1 41 41 41 41 -1 33 -1 7 7 7 5 5 5 
7 -1 7 7 7 -1 7 7 41 41 33 33 -1 41 5 5 -1 5 5 5 
7 7 41 7 7 7 7 7 41 41 -1 3 3 5 41 41 5 5 7 -1 
-1 7 7 41 7 7 7 41 41 -1 3 41 5 41 41 41 7 7 7 7 
40 40 -1 40 40 40 41 -1 -1 8 40 -1 6 40 40 40 40 40 -1 40 
40 40 -1 40 40 40 7 -1 8 40 6 38 -1 6 40 40 -1 -1 40 41 
41 -1 40 40 40 -1 -1 7 -1 -1 38 8 -1 6 6 6 6 -1 -1 40 
41 6 -1 40 -1 7 7 7 -1 38 38 -1 -1 6 -1 -1 6 -1 40 41 
41 -1 10 -1 -1 -1 7 32 -1 38 40 40 -1 -1 6 -1 -1 32 40 41 
-1 -1 6 -1 7 7 32 32 38 38 38 -1 -1 6 -1 6 1 40 40 40 
6 6 -1 7 40 7 7 38 38 32 -1 40 -1 40 40 40 -1 40 40 40 
6 -1 40 40 7 -1 7 32 38 40 32 32 40 14 40 14 -1 40 40 40 
40 40 -1 -1 -1 -1 7 32 32 40 32 32 40 6 40 6 -1 40 40 -1 
40 40 -1 -1 -1 38 14 14 32 40 32 7 6 32 6 40 40 40 40 -1 
40 -1 -1 -1 -1 38 38 14 -1 -1 40 7 7 -1 7 7 40 8 40 40 
40 40 -1 38 14 -1 14 38 38 -1 -1 -1 -1 40 7 7 7 40 40 40 
-1 40 38 -1 34 14 -1 38 41 -1 -1 -1 32 7 7 7 -1 40 7 7 
40 38 38 38 34 34 40 40 41 41 32 32 7 7 7 7 7 -1 7 7 
40 -1 34 38 34 40 38 1 -1 32 32 -1 -1 32 32 -1 40 40 -1 -1 
40 40 40 38 38 38 40 1 -1 32 -1 40 40 40 40 40 40 -1 -1 14 
40 40 40 -1 40 41 40 40 -1 -1 40 40 40 40 40 40 40 40 14 14 
40 40 -1 -1 -1 40 40 40 -1 -1 40 40 40 6 40 -1 40 40 40 40 
40 40 40 41 -1 -1 41 40 41 -1 40 6 40 -1 -1 40 -1 -1 40 40 
40 40 40 41 41 41 -1 41 40 40 -1 -1 -1 9 9 40 40 -1 40 40 
-1 41 41 41 41 6 41 40 40 -1 -1 40 -1 6 7 40 -1 -1 41 41 
-1 41 41 6 6 6 6 -1 40 40 40 40 6 40 40 7 -1 -1 41 -1 
41 -1 32 6 6 6 6 40 40 40 40 40 6 40 7 -1 -1 -1 -1 41 
-1 32 -1 -1 6 6 40 40 40 -1 40 40 40 40 40 -1 -1 10 41 41 
6 -1 40 -1 10 40 40 40 40 -1 40 40 40 40 40 40 -1 6 -1 -1 
6 6 40 40 40 10 10 40 40 -1 40 40 40 40 40 40 6 6 -1 -1 
-1 -1 6 40 10 10 40 10 6 40 40 40 40 40 40 40 40 6 -1 -1 
-1 -1 6 6 40 40 10 6 6 40 40 -1 40 -1 -1 40 -1 6 -1 -1 
6 6 6 6 14 -1 -1 6 40 -1 40 40 40 -1 -1 40 6 -1 6 6 
-1 6 6 -1 -1 14 6 11 40 -1 40 40 -1 -1 6 6 6 6 32 40 
40 6 6 14 14 -1 -1 40 11 40 40 -1 7 32 6 6 6 32 40 32 
40 -1 6 14 14 14 -1 11 11 -1 11 32 -1 32 6 6 32 13 40 40 
40 40 6 -1 14 -1 40 11 40 11 -1 11 11 -1 -1 -1 -1 -1 -1 -1 
40 -1 -1 40 -1 -1 40 40 -1 40 40 -1 -1 6 6 6 40 40 41 -1 
-1 41 40 40 14 38 40 40 5 40 40 -1 -1 6 6 40 40 40 41 -1 
41 8 40 40 38 40 40 1 40 5 40 40 40 40 41 6 40 41 -1 6 
41 41 -1 -1 40 38 1 40 40 40 40 40 40 40 -1 41 41 41 41 41 
41 41 41 41 38 40 -1 40 40 40 40 5 40 6 -1 41 41 41 41 41 
41 -1 9 9 -1 41 -1 40 5 40 5 -1 -1 6 6 6 41 41 41 41 
41 41 41 41 41 41 40 40 40 5 -1 6 6 7 6 6 41 -1 41 41 
6 -1 40 40 40 40 6 6 -1 6 6 -1 6 6 6 6 6 -1 6 6 
6 40 40 10 40 40 6 6 6 -1 40 -1 6 6 6 6 6 -1 10 40 
40 -1 40 40 40 40 40 32 6 40 -1 -1 -1 -1 -1 6 -1 8 10 -1 
40 40 40 40 40 10 32 6 6 -1 42 -1 14 -1 -1 6 6 -1 -1 40 
40 -1 40 40 10 40 -1 -1 6 6 42 42 -1 -1 -1 42 42 42 -1 40 
41 -1 -1 10 10 10 4 6 6 6 42 42 42 40 42 42 42 -1 40 40 
6 41 -1 10 10 10 4 6 6 14 40 9 40 40 -1 42 -1 36 36 6 
-1 -1 -1 10 6 6 6 6 14 6 9 9 9 9 42 42 42 -1 -1 36 
6 10 10 6 6 6 6 -1 6 6 -1 6 -1 -1 -1 42 42 -1 36 36 
40 40 40 -1 6 6 6 6 -1 6 6 6 42 6 -1 40 9 -1 36 36 
40 6 10 10 -1 6 6 9 -1 6 6 9 -1 -1 6 -1 40 40 5 40 
-1 -1 6 6 -1 -1 6 6 9 6 9 9 9 9 -1 40 40 -1 40 -1 
5 40 40 -1 40 6 -1 41 6 9 -1 9 6 9 -1 9 40 40 5 5 
5 14 40 40 40 6 40 -1 9 9 -1 -1 -1 9 9 9 -1 5 5 5 
-1 -1 14 40 40 40 -1 40 40 9 -1 40 9 9 9 9 5 -1 5 5 
-1 14 40 6 6 6 40 6 -1 -1 40 2 9 7 2 5 5 5 5 5 
-1 6 40 -1 -1 6 6 40 40 6 -1 9 2 7 10 -1 -1 -1 -1 -1 
6 6 6 6 -1 6 40 40 -1 6 -1 -1 9 9 -1 -1 7 7 -1 -1 
6 6 6 40 6 6 6 40 6 -1 6 32 9 -1 -1 7 7 -1 6 6 
6 6 6 40 40 6 40 40 6 -1 6 32 32 6 6 -1 7 6 6 6 
6 -1 14 -1 6 6 -1 -1 6 6 6 -1 6 6 6 6 -1 6 6 -1 
-1 -1 14 14 -1 6 6 6 6 6 6 6 6 -1 14 6 -1 -1 42 42 
42 42 14 14 14 6 6 6 40 6 6 6 -1 14 14 14 14 42 42 -1 
42 42 -1 -1 6 14 6 -1 -1 40 6 6 6 6 14 6 14 -1 42 6 
6 -1 -1 4 4 10 6 6 6 6 6 6 6 6 6 14 -1 -1 4 42 
6 6 6 -1 4 4 6 6 6 6 6 6 -1 -1 -1 -1 4 4 -1 -1 
6 -1 4 -1 -1 6 6 -1 6 -1 -1 6 -1 -1 -1 4 4 -1 4 4 
-1 4 4 4 4 4 6 6 -1 -1 6 6 6 -1 -1 10 -1 -1 4 -1 
-1 4 4 4 4 6 6 6 6 6 6 6 9 9 10 10 10 -1 4 -1 
-1 -1 4 4 4 6 6 6 -1 -1 6 -1 9 10 10 10 -1 40 40 40 
-1 4 -1 6 4 -1 6 6 -1 9 9 17 -1 17 -1 6 -1 -1 40 40 
40 4 4 4 6 4 6 -1 9 9 9 -1 6 -1 17 -1 6 6 40 40 
40 4 4 4 6 -1 6 9 9 9 6 6 6 6 6 6 6 40 6 40 
40 6 4 6 4 4 -1 6 6 6 6 6 6 6 6 -1 40 40 40 40 
-1 4 6 4 4 6 6 6 -1 6 6 6 6 6 6 -1 40 40 40 -1 
40 40 -1 4 4 6 6 6 6 -1 -1 -1 40 6 -1 -1 40 40 40 6 
40 40 -1 -1 -1 6 6 6 6 6 6 6 -1 -1 6 6 6 40 40 6 
14 14 14 14 -1 6 6 -1 6 40 6 6 6 6 -1 6 6 6 6 -1 
9 9 14 14 6 8 8 6 6 40 40 6 6 6 6 6 6 6 6 14 
9 -1 14 6 -1 6 6 6 -1 -1 6 6 6 6 -1 6 6 6 -1 14 
6 6 6 -1 6 6 6 6 -1 -1 -1 6 40 40 40 -1 -1 -1 -1 6 
6 6 6 -1 6 4 6 6 -1 -1 6 6 2 -1 40 3 40 40 6 -1 
6 6 6 6 4 4 -1 -1 -1 -1 2 2 2 -1 40 40 40 -1 6 -1 
6 6 6 6 -1 14 -1 -1 6 6 2 2 2 40 40 -1 -1 6 6 6 
6 6 6 6 14 40 6 -1 6 6 -1 6 6 6 -1 -1 6 -1 6 6 
6 -1 -1 -1 40 6 40 6 6 6 -1 -1 6 6 -1 -1 3 3 -1 6 
6 6 -1 40 40 40 40 6 6 -1 -1 -1 6 6 6 3 3 6 6 6 
6 3 6 6 40 6 40 6 6 -1 -1 -1 6 6 -1 3 6 -1 -1 -1 
6 6 6 -1 6 4 -1 6 3 6 1 6 6 -1 -1 11 3 -1 6 6 
-1 6 6 6 4 -1 -1 -1 6 6 6 6 -1 -1 11 3 3 3 3 -1 
1 -1 6 6 6 6 -1 6 6 1 6 6 -1 11 3 -1 3 3 -1 1 
6 6 6 -1 -1 6 6 6 6 -1 6 10 6 -1 -1 40 40 40 6 6 
6 6 6 -1 6 6 6 6 -1 6 6 -1 10 6 -1 -1 10 -1 6 6 
6 6 -1 6 -1 -1 6 6 6 -1 6 10 -1 6 -1 -1 -1 6 6 6 
6 2 2 -1 -1 -1 -1 -1 -1 -1 10 6 10 6 1 40 40 40 11 6 
6 1 -1 -1 6 -1 9 -1 6 6 6 6 6 -1 40 40 2 40 11 6 
11 6 11 6 -1 -1 9 6 9 2 6 6 40 40 40 -1 40 -1 -1 11 
-1 -1 -1 -1 -1 -1 -1 9 2 -1 6 6 40 6 40 40 -1 11 11 11 
6 -1 -1 -1 -1 -1 -1 -1 -1 2 -1 -1 -1 40 6 -1 -1 -1 6 -1 
-1 6 6 -1 -1 -1 -1 -1 -1 -1 -1 -1 40 40 -1 -1 -1 11 11 6 
-1 -1 -1 -1 1 6 6 6 6 1 1 1 1 1 6 -1 -1 1 1 3 
3 -1 1 1 -1 -1 6 -1 6 1 1 -1 -1 1 1 -1 -1 3 3 3 
3 3 1 1 -1 6 -1 1 1 1 1 1 1 -1 -1 -1 1 -1 3 -1 
-1 1 -1 -1 14 14 -1 -1 1 1 -1 1 3 3 -1 -1 1 1 9 9 
-1 -1 1 -1 -1 14 -1 1 -1 -1 1 40 40 40 -1 1 1 1 1 -1 
-1 -1 1 1 1 -1 1 -1 -1 -1 -1 1 40 -1 1 -1 1 1 1 -1 
-1 1 1 1 -1 -1 11 11 11 -1 1 1 -1 -1 -1 -1 -1 1 -1 -1 
-1 -1 1 1 1 1 1 11 -1 1 -1 -1 -1 -1 -1 -1 -1 1 -1 -1 
-1 1 -1 1 1 1 1 1 1 -1 1 1 -1 -1 -1 -1 1 -1 -1 -1 
1 -1 1 -1 -1 1 1 1 1 -1 1 -1 -1 1 -1 -1 1 -1 -1 -1 
-1 1 -1 -1 -1 1 1 1 -1 1 -1 1 1 1 1 1 1 -1 3 -1 
1 -1 -1 1 1 -1 1 1 1 -1 -1 -1 1 -1 6 3 -1 3 3 -1 
1 -1 -1 -1 1 -1 1 1 1 1 1 1 -1 6 6 3 3 3 3 1 
-1 1 1 1 -1 1 1 -1 1 1 -1 1 -1 6 -1 1 -1 3 1 1 
1 1 1 1 1 1 1 1 1 1 1 1 1 6 -1 3 1 3 -1 1 
-1 1 -1 -1 1 1 -1 1 1 1 1 1 1 1 1 1 3 1 -1 1 
-1 -1 1 1 1 -1 1 3 3 3 1 1 1 -1 1 1 3 -1 1 -1 
-1 -1 -1 -1 -1 -1 1 1 1 1 1 1 1 1 -1 1 -1 -1 -1 -1 
3 -1 -1 1 1 1 6 1 1 1 -1 1 1 -1 1 1 1 -1 1 1 
3 -1 1 1 1 1 6 6 6 1 1 1 1 -1 1 1 1 1 3 -1 
1 1 -1 -1 -1 1 1 1 1 1 1 6 1 1 1 1 -1 -1 1 1 
1 1 -1 -1 -1 1 -1 -1 1 -1 1 1 1 1 1 1 1 11 -1 1 
1 1 -1 -1 1 1 1 1 1 1 1 1 1 1 1 1 -1 1 1 1 
1 1 1 1 11 11 1 1 1 1 1 1 1 1 1 1 -1 1 1 1 
1 1 1 1 -1 -1 1 1 -1 1 1 1 1 1 1 1 1 -1 1 1 
1 1 -1 1 1 -1 -1 -1 -1 1 1 1 1 1 1 1 1 1 1 1 
1 -1 1 1 1 -1 -1 -1 1 1 -1 -1 1 -1 1 1 1 1 -1 1 
-1 -1 -1 -1 -1 -1 -1 -1 -1 1 1 1 -1 1 -1 -1 1 1 1 1 
-1 -1 -1 7 -1 1 1 1 -1 -1 1 -1 1 1 -1 -1 1 1 -1 -1 
-1 -1 1 1 7 -1 -1 -1 1 1 1 -1 1 1 -1 -1 -1 1 -1 -1 
1 -1 1 7 -1 7 -1 1 1 -1 -1 -1 -1 -1 1 1 1 -1 -1 -1 
1 1 1 -1 -1 -1 -1 -1 1 -1 -1 -1 1 1 1 1 1 -1 -1 1 
1 -1 1 1 1 -1 -1 -1 -1 -1 -1 -1 -1 1 1 -1 1 1 1 1 
-1 -1 -1 1 -1 1 -1 -1 -1 -1 -1 1 1 -1 1 1 1 1 -1 -1 
-1 -1 1 1 -1 1 -1 -1 -1 -1 1 1 1 1 1 1 1 1 1 1 
-1 -1 1 1 1 3 -1 -1 1 1 1 1 -1 1 -1 -1 1 1 1 -1 
1 1 1 -1 -1 3 3 1 1 -1 1 -1 1 1 -1 1 1 -1 1 1 
1 1 1 3 3 3 -1 1 -1 1 1 1 1 1 1 1 1 1 1 1 
-1 1 1 -1 1 -1 1 1 1 1 1 1 1 1 1 1 1 1 1 1 
1 1 1 1 1 1 -1 -1 1 1 1 1 1 1 -1 1 1 1 1 1 
1 1 1 3 -1 3 3 -1 3 3 3 -1 3 3 3 1 -1 1 1 1 
1 1 3 -1 -1 -1 -1 -1 -1 3 3 -1 1 1 3 -1 1 -1 -1 1 
3 1 1 -1 1 -1 -1 1 -1 -1 -1 1 1 1 3 1 1 1 -1 -1 
3 1 1 -1 -1 1 -1 -1 -1 3 1 3 3 3 -1 -1 3 -1 1 1 
1 1 1 1 -1 -1 1 3 -1 3 3 3 1 1 -1 1 1 3 3 1 
-1 1 -1 -1 1 1 3 -1 -1 -1 3 1 1 3 3 1 1 -1 3 3 
1 -1 -1 1 1 -1 -1 -1 3 3 3 -1 -1 3 3 3 3 -1 3 1 
-1 -1 -1 1 1 1 -1 3 3 3 3 3 -1 -1 -1 3 -1 1 -1 1 
1 -1 -1 1 1 -1 1 1 3 3 3 3 3 -1 3 3 3 -1 -1 1 
1 1 1 3 3 1 1 1 1 3 3 3 3 3 1 1 1 -1 3 1 
1 1 3 1 1 1 3 -1 -1 -1 -1 -1 -1 1 1 1 1 -1 3 -1 
1 3 1 1 1 -1 1 7 1 7 -1 -1 1 1 1 -1 1 -1 -1 1 
1 -1 1 -1 7 7 7 1 7 -1 1 3 -1 -1 1 1 1 1 -1 1 
1 1 1 1 7 7 7 -1 7 1 1 3 3 -1 1 -1 1 1 1 -1 
-1 1 1 1 1 7 3 7 -1 1 1 3 -1 -1 1 -1 3 1 -1 1 
-1 -1 1 1 7 3 -1 1 -1 1 1 -1 3 1 1 -1 -1 1 1 -1 
-1 -1 1 1 1 -1 3 -1 7 7 7 1 1 7 1 1 1 1 1 1 
1 -1 1 1 1 -1 3 3 -1 -1 1 -1 7 7 1 1 1 1 1 1 
-1 1 -1 1 -1 -1 -1 -1 -1 -1 -1 -1 3 7 1 1 1 1 1 1 
1 -1 3 3 3 3 3 3 -1 -1 -1 3 3 3 1 1 1 -1 -1 -1 
-1 -1 -1 -1 3 -1 3 9 -1 1 -1 -1 3 3 3 3 3 -1 -1 -1 
-1 -1 -1 3 3 -1 -1 3 -1 1 -1 -1 -1 -1 3 3 -1 -1 -1 -1 
-1 -1 3 -1 3 3 3 -1 -1 -1 -1 1 -1 1 -1 -1 -1 -1 1 1 
-1 -1 -1 3 -1 3 3 -1 -1 -1 -1 1 -1 1 3 -1 -1 -1 -1 1 
-1 -1 3 3 1 3 3 3 -1 -1 -1 -1 1 -1 -1 3 3 -1 -1 -1 
-1 -1 1 1 -1 1 -1 1 1 1 -1 1 1 -1 -1 -1 -1 3 3 -1 
3 3 3 1 -1 -1 1 1 1 1 1 1 -1 1 -1 1 -1 -1 3 3 
3 3 3 1 1 -1 -1 1 1 1 1 1 -1 -1 1 -1 -1 -1 -1 1 
3 3 1 3 -1 -1 1 -1 1 -1 -1 1 -1 1 1 -1 -1 -1 1 1 
-1 -1 -1 1 1 1 1 1 1 -1 1 1 1 -1 -1 -1 -1 1 1 -1 
-1 -1 -1 1 1 -1 1 1 1 1 -1 1 1 1 -1 -1 -1 1 3 -1 
-1 1 1 -1 -1 -1 -1 1 -1 1 -1 -1 -1 1 1 1 -1 3 -1 -1 
-1 -1 -1 1 -1 -1 1 1 -1 1 1 -1 -1 1 1 -1 -1 1 -1 -1 
-1 -1 1 -1 1 1 1 -1 1 1 1 1 1 1 -1 -1 -1 1 1 -1 
-1 1 1 1 1 1 1 1 1 1 -1 1 1 1 -1 1 1 1 -1 3 
1 1 1 1 1 -1 3 1 1 1 1 -1 1 1 1 -1 -1 -1 3 1 
1 3 -1 1 -1 3 1 1 1 1 -1 -1 -1 1 -1 -1 -1 3 3 3 
3 3 -1 -1 1 -1 -1 -1 1 1 -1 -1 -1 -1 -1 3 3 3 1 3 
3 3 -1 1 1 1 -1 3 -1 1 1 -1 -1 -1 -1 -1 3 -1 1 3 
1 1 -1 1 1 3 3 3 -1 1 -1 -1 -1 -1 -1 -1 -1 -1 -1 -1 
-1 -1 -1 -1 -1 3 3 3 3 -1 -1 1 1 -1 -1 3 3 3 -1 -1 
3 1 -1 -1 -1 3 3 -1 -1 -1 -1 -1 -1 -1 -1 3 3 -1 3 3 
3 3 -1 -1 -1 -1 3 -1 -1 -1 -1 -1 -1 -1 -1 3 -1 -1 -1 -1 
3 1 -1 -1 3 3 3 -1 -1 -1 -1 -1 -1 -1 -1 3 3 -1 3 3 
3 -1 -1 -1 1 1 -1 -1 -1 -1 -1 -1 -1 -1 -1 3 -1 -1 3 3 
-1 1 1 -1 -1 -1 -1 -1 -1 -1 -1 -1 -1 3 3 3 -1 -1 1 1 
1 1 1 -1 -1 -1 -1 -1 3 -1 -1 -1 -1 3 3 3 3 -1 -1 -1 
1 -1 1 1 1 -1 -1 -1 3 -1 -1 -1 -1 3 3 3 3 3 1 -1 
1 1 1 1 1 -1 -1 1 1 3 -1 -1 1 1 3 3 -1 3 1 1 
1 -1 1 -1 -1 -1 -1 -1 1 -1 3 1 3 3 3 -1 3 3 3 1 
-1 -1 -1 -1 3 -1 3 -1 3 3 1 3 1 3 3 -1 3 3 -1 3 
-1 -1 -1 -1 3 3 3 3 3 -1 3 3 3 -1 1 -1 1 -1 3 3 
-1 -1 -1 -1 3 3 3 -1 -1 -1 -1 3 -1 -1 -1 1 -1 1 1 -1 
-1 -1 -1 -1 -1 -1 -1 -1 -1 -1 -1 3 3 3 -1 1 1 -1 1 1 
-1 -1 -1 3 -1 -1 -1 -1 -1 3 -1 3 3 -1 -1 1 -1 -1 1 1 
-1 1 -1 3 3 3 -1 -1 3 3 3 3 3 -1 -1 1 1 1 1 1 
-1 -1 1 -1 3 -1 3 3 3 -1 1 3 -1 -1 1 1 1 1 1 1 
-1 -1 -1 3 3 -1 -1 -1 3 -1 -1 1 -1 -1 -1 1 -1 -1 -1 1 
1 -1 -1 -1 -1 -1 -1 3 3 -1 -1 3 1 1 1 -1 3 1 1 1 
-1 -1 -1 -1 -1 -1 3 -1 3 3 3 1 -1 1 -1 3 -1 3 -1 -1 
3 -1 -1 -1 3 3 3 3 3 3 3 3 3 3 3 -1 3 3 -1 3 
-1 -1 -1 -1 -1 3 3 3 3 3 3 -1 3 3 3 3 -1 -1 -1 3 
-1 -1 -1 -1 3 -1 3 3 -1 3 -1 3 3 3 3 3 -1 -1 3 -1 
-1 1 1 3 -1 -1 3 -1 3 3 -1 -1 3 3 3 -1 3 3 -1 3 
3 -1 -1 -1 -1 3 3 3 3 3 3 -1 3 3 -1 3 -1 -1 3 -1 
-1 -1 -1 -1 -1 -1 3 -1 3 3 -1 -1 -1 -1 3 3 3 3 3 -1 
-1 -1 -1 -1 -1 -1 -1 -1 3 -1 -1 -1 3 3 3 3 3 3 -1 -1 
-1 -1 -1 -1 -1 3 -1 -1 -1 -1 -1 3 3 3 3 -1 3 3 3 -1 
3 -1 -1 7 3 3 3 3 -1 -1 3 3 3 3 -1 -1 -1 -1 -1 3 
3 3 -1 -1 3 -1 3 3 3 3 -1 -1 3 -1 -1 -1 -1 -1 -1 3 
3 3 -1 -1 -1 -1 3 7 3 3 -1 3 3 3 3 -1 -1 -1 3 -1 
3 3 3 3 3 -1 -1 3 3 -1 -1 -1 -1 3 3 -1 -1 -1 -1 -1 
3 3 3 -1 -1 3 3 3 3 3 3 -1 -1 3 3 3 -1 3 3 3 
3 3 -1 3 -1 3 3 -1 3 3 -1 -1 -1 3 3 3 3 3 3 -1 
3 3 3 3 3 -1 3 -1 -1 3 -1 -1 3 3 -1 3 3 3 -1 3 
3 -1 3 -1 3 3 -1 -1 3 -1 -1 3 -1 3 -1 3 3 -1 -1 3 
3 -1 -1 3 3 -1 3 -1 -1 -1 3 -1 -1 -1 3 3 3 -1 -1 3 
-1 -1 -1 3 3 3 3 -1 -1 3 3 3 -1 -1 3 -1 -1 -1 -1 -1 
-1 -1 3 3 3 3 3 3 3 3 -1 3 -1 3 3 3 -1 -1 1 3 
-1 3 -1 -1 -1 3 3 -1 3 3 3 -1 3 -1 3 3 3 3 3 -1 
-1 -1 -1 -1 -1 1 1 1 -1 -1 3 -1 1 1 -1 1 1 -1 -1 -1 
-1 3 -1 -1 1 1 1 -1 1 1 3 3 3 1 1 1 3 1 3 -1 
-1 3 3 -1 1 1 -1 3 3 3 3 -1 -1 3 -1 1 -1 3 -1 3 
-1 -1 -1 1 -1 -1 -1 -1 -1 3 3 3 3 3 3 1 3 -1 -1 -1 
-1 -1 1 -1 -1 -1 -1 -1 -1 3 3 3 3 3 3 1 3 3 -1 -1 
-1 -1 -1 -1 -1 -1 -1 3 -1 -1 -1 3 -1 3 3 3 -1 3 3 -1 
1 -1 -1 -1 -1 -1 -1 3 3 -1 3 -1 3 -1 3 3 3 -1 -1 1 
-1 3 -1 3 3 -1 3 3 3 -1 3 -1 -1 -1 3 3 3 3 -1 1 
1 3 3 3 -1 3 -1 3 3 3 3 -1 -1 -1 -1 3 -1 -1 -1 -1 
1 1 -1 3 -1 3 -1 3 -1 -1 -1 -1 -1 -1 -1 -1 3 -1 -1 3 
1 1 -1 3 3 3 3 3 -1 -1 3 3 -1 -1 3 3 -1 3 3 3 
-1 -1 -1 -1 3 -1 -1 3 3 3 3 3 -1 -1 -1 -1 3 -1 -1 -1 
-1 -1 -1 -1 -1 -1 -1 3 3 3 -1 -1 -1 -1 -1 -1 -1 -1 3 -1 
-1 -1 -1 -1 -1 -1 -1 -1 -1 3 -1 -1 3 -1 -1 -1 -1 -1 -1 3 
-1 -1 -1 -1 -1 -1 -1 -1 -1 -1 -1 -1 3 -1 -1 3 -1 3 -1 3 
-1 3 -1 -1 -1 -1 -1 -1 3 -1 -1 -1 3 3 3 3 3 -1 -1 3 
-1 -1 3 -1 -1 -1 -1 3 3 -1 3 -1 -1 -1 -1 -1 -1 -1 -1 -1 
-1 3 -1 -1 -1 -1 -1 -1 -1 1 -1 3 -1 3 3 1 -1 -1 -1 -1 
-1 -1 -1 -1 -1 7 7 -1 -1 1 1 1 1 3 1 -1 -1 -1 -1 3 
-1 -1 -1 -1 -1 -1 1 -1 -1 -1 3 1 1 1 -1 -1 1 -1 3 3 
-1 -1 -1 -1 -1 3 3 3 3 3 3 -1 3 -1 -1 -1 -1 -1 -1 -1 
1 -1 -1 -1 3 3 3 3 3 -1 3 3 -1 -1 -1 -1 1 -1 -1 1 
1 1 -1 1 3 3 -1 3 -1 -1 -1 3 -1 -1 -1 -1 -1 -1 -1 1 
1 1 1 -1 -1 3 -1 -1 -1 -1 3 3 -1 -1 3 -1 -1 -1 -1 1 
1 1 -1 -1 -1 -1 3 -1 -1 -1 3 3 3 3 3 -1 -1 -1 1 1 
1 1 1 1 -1 -1 3 3 -1 3 -1 -1 3 3 3 3 3 1 1 1 
-1 1 -1 -1 1 3 3 -1 3 -1 -1 3 3 3 3 -1 -1 -1 -1 1 
1 1 1 1 -1 3 -1 -1 -1 3 3 -1 -1 3 -1 1 1 1 -1 -1 
1 1 -1 -1 -1 -1 -1 1 -1 3 3 3 -1 3 1 1 1 -1 1 1 
1 1 1 -1 -1 -1 1 1 -1 -1 -1 3 3 -1 -1 -1 1 -1 1 1 
3 3 -1 -1 3 -1 1 1 -1 1 -1 3 3 -1 -1 -1 1 3 -1 -1 
3 3 -1 -1 3 -1 1 3 1 -1 -1 3 3 3 3 1 3 -1 3 3 
3 3 -1 -1 -1 -1 -1 3 -1 -1 7 3 -1 -1 1 3 9 -1 3 3 
3 -1 3 -1 -1 -1 -1 -1 -1 -1 7 3 3 -1 -1 3 -1 9 9 -1 
3 3 -1 -1 -1 -1 -1 -1 -1 7 -1 -1 7 7 -1 9 9 9 -1 -1 
33 -1 -1 -1 -1 -1 3 -1 7 -1 -1 -1 7 -1 -1 -1 9 -1 -1 -1 
33 -1 -1 -1 -1 -1 3 7 -1 -1 7 7 7 -1 -1 1 -1 -1 -1 33 
-1 -1 -1 -1 3 3 -1 -1 -1 -1 -1 7 -1 -1 9 9 1 9 -1 -1 
-1 -1 -1 3 -1 -1 -1 -1 1 1 3 -1 -1 -1 -1 9 9 3 3 -1 
-1 3 3 -1 -1 3 3 3 3 3 1 -1 -1 -1 -1 -1 9 9 -1 -1 
-1 3 3 3 3 3 3 -1 3 -1 -1 3 3 3 -1 1 3 3 3 3 
3 3 3 3 3 3 3 3 -1 -1 3 -1 3 -1 3 3 3 3 3 3 
3 -1 3 3 3 3 -1 3 3 3 9 9 9 -1 3 3 3 -1 3 3 
1 3 -1 -1 3 -1 3 3 3 3 -1 9 -1 9 -1 1 3 3 3 3 
-1 1 -1 -1 3 3 -1 3 3 -1 3 3 -1 9 1 9 3 3 -1 -1 
-1 -1 -1 3 3 3 3 7 -1 3 9 9 -1 -1 -1 9 9 3 3 3 
3 -1 -1 -1 -1 -1 -1 9 -1 -1 9 9 9 -1 -1 -1 -1 -1 3 3 
3 3 -1 -1 -1 3 -1 -1 9 7 9 5 9 -1 -1 9 -1 -1 3 3 
3 3 3 -1 -1 3 3 -1 9 -1 5 -1 -1 -1 9 -1 -1 -1 -1 3 
-1 -1 -1 -1 -1 3 3 9 3 5 3 -1 -1 -1 -1 -1 -1 -1 -1 -1 
-1 1 -1 -1 -1 3 3 3 3 3 3 -1 -1 -1 -1 -1 1 -1 -1 -1 
1 -1 -1 -1 -1 -1 -1 3 3 3 -1 9 9 3 1 1 -1 1 -1 -1 
-1 1 1 1 -1 -1 3 3 1 1 -1 9 9 3 -1 1 1 1 1 -1 
-1 -1 1 1 -1 3 3 -1 1 -1 -1 9 1 -1 -1 -1 1 -1 1 -1 
-1 1 1 1 -1 -1 3 3 -1 1 1 9 9 1 9 -1 1 1 -1 3 
3 -1 1 3 -1 3 -1 3 1 -1 1 3 1 1 1 1 1 1 3 -1 
-1 -1 1 3 -1 -1 -1 -1 -1 3 1 9 -1 1 1 3 1 3 -1 3 
-1 -1 -1 -1 -1 -1 3 3 3 3 3 3 -1 -1 -1 -1 -1 3 3 3 
-1 3 -1 -1 -1 -1 3 3 3 3 3 -1 -1 3 -1 3 -1 3 3 -1 
3 -1 3 -1 3 -1 3 3 -1 3 3 3 3 3 -1 3 1 3 -1 3 
3 1 3 1 -1 -1 -1 -1 -1 3 3 -1 -1 3 -1 -1 3 3 -1 -1 
1 -1 3 -1 -1 1 1 3 3 3 -1 3 -1 3 9 -1 3 3 -1 -1 
1 3 -1 3 3 -1 1 -1 -1 3 3 3 -1 -1 -1 -1 3 -1 -1 -1 
9 -1 -1 -1 3 1 1 -1 3 3 3 -1 -1 3 -1 3 -1 3 -1 3 
9 9 -1 -1 1 -1 -1 3 -1 3 3 3 3 3 3 3 3 3 3 -1 
9 3 3 3 -1 3 -1 -1 -1 3 3 3 3 3 -1 3 3 -1 3 -1 
9 3 3 1 3 3 -1 -1 -1 3 3 -1 -1 3 3 3 3 3 1 9 
1 1 -1 -1 1 3 3 3 3 3 -1 -1 -1 -1 3 1 1 1 1 1 
3 1 7 -1 -1 -1 3 3 3 3 -1 -1 -1 -1 -1 -1 -1 1 7 1 
-1 7 1 -1 -1 -1 3 3 3 3 1 -1 -1 -1 -1 3 1 -1 1 7 
7 1 7 1 3 3 3 3 -1 -1 1 1 -1 -1 -1 -1 3 7 1 7 
7 7 -1 -1 3 -1 1 -1 1 1 -1 -1 3 1 1 -1 1 -1 7 7 
7 3 3 3 -1 3 1 1 -1 1 3 3 -1 1 1 1 1 1 3 7 
3 7 -1 -1 -1 1 3 -1 3 -1 1 3 1 -1 -1 1 1 1 7 3 
-1 3 3 3 -1 1 -1 3 3 3 1 1 1 -1 1 -1 1 1 -1 3 
3 -1 3 3 3 1 -1 3 3 1 1 1 1 1 -1 -1 -1 1 -1 -1 
3 3 3 -1 -1 3 1 1 1 1 -1 -1 -1 1 -1 -1 -1 -1 -1 3 
-1 -1 -1 3 -1 3 -1 -1 1 1 -1 -1 -1 -1 -1 -1 -1 -1 -1 3 
3 3 -1 3 3 -1 -1 -1 1 -1 -1 3 -1 -1 -1 -1 -1 -1 3 -1 
3 3 1 3 -1 3 -1 -1 -1 3 3 3 3 -1 -1 -1 -1 -1 3 3 
-1 3 -1 3 3 1 1 -1 -1 3 -1 3 3 3 -1 -1 -1 -1 -1 3 
3 -1 -1 3 3 -1 1 1 -1 3 3 -1 -1 3 -1 -1 3 3 3 3 
3 3 -1 3 -1 3 -1 -1 -1 3 -1 -1 3 -1 -1 -1 3 3 3 3 
3 3 3 3 3 3 -1 3 -1 3 3 3 -1 -1 -1 -1 9 9 -1 -1 
3 3 3 3 3 3 -1 3 3 -1 3 3 3 3 9 9 9 9 -1 -1 
-1 3 3 3 3 3 3 3 -1 -1 3 7 3 3 3 3 -1 9 9 9 
-1 -1 3 -1 3 3 3 3 3 3 3 -1 7 3 7 3 -1 9 9 3 
-1 3 -1 3 3 3 3 3 3 3 3 3 -1 3 7 3 9 -1 -1 3 
3 3 -1 -1 3 -1 3 -1 3 -1 3 -1 3 -1 -1 -1 3 3 3 -1 
3 -1 -1 -1 1 1 1 -1 -1 3 3 3 3 -1 3 3 -1 3 3 3 
3 -1 -1 -1 -1 -1 1 3 3 3 3 3 3 3 -1 -1 3 3 -1 3 
3 -1 -1 3 3 -1 1 -1 3 3 3 3 3 3 3 -1 -1 3 3 3 
3 -1 -1 -1 3 -1 1 -1 3 3 3 3 3 3 3 3 -1 -1 -1 3 
-1 3 3 3 3 1 1 1 -1 3 3 3 3 3 3 -1 -1 7 3 -1 
-1 3 3 -1 -1 -1 1 -1 -1 3 3 -1 -1 3 -1 -1 7 -1 -1 3 
3 3 -1 1 -1 1 1 -1 3 1 3 3 3 -1 3 3 3 -1 -1 3 
3 -1 3 1 -1 1 3 1 -1 1 3 -1 3 3 3 3 3 3 -1 3 
3 3 -1 -1 1 3 1 3 -1 -1 -1 3 7 3 -1 -1 -1 -1 3 -1 
3 3 3 3 -1 1 -1 3 3 -1 -1 -1 3 7 3 -1 -1 -1 -1 3 
3 3 3 3 -1 3 3 3 3 3 3 3 -1 3 -1 -1 -1 -1 -1 3 
3 3 3 3 3 1 3 3 3 3 3 3 3 3 -1 3 3 3 -1 -1 
3 3 1 3 -1 3 3 3 3 3 3 3 3 -1 -1 -1 -1 3 3 3 
3 1 3 -1 3 3 3 3 -1 3 3 3 -1 -1 -1 -1 3 3 3 3 
3 3 -1 3 -1 -1 -1 3 -1 3 3 -1 -1 -1 3 3 3 3 3 3 
3 3 3 -1 -1 -1 -1 -1 3 -1 -1 3 -1 3 -1 -1 -1 3 1 1 
3 3 3 3 1 -1 -1 -1 3 -1 -1 -1 3 -1 -1 -1 -1 -1 1 3 
-1 -1 3 3 1 -1 -1 3 3 3 -1 -1 3 -1 3 3 -1 -1 3 3 
-1 3 3 -1 -1 3 3 3 3 3 3 3 3 3 -1 1 3 3 3 3 
3 3 -1 -1 -1 -1 -1 -1 3 3 3 -1 -1 -1 -1 1 -1 -1 1 -1 
3 3 3 3 -1 -1 -1 -1 3 3 3 3 -1 3 3 -1 3 3 -1 1 
1 3 3 3 -1 -1 3 3 3 3 3 3 3 3 3 -1 3 3 1 3 
-1 1 3 3 -1 -1 3 3 3 3 -1 3 3 -1 3 -1 3 1 1 1 
-1 3 1 1 1 1 -1 3 3 3 3 -1 -1 3 3 3 -1 1 3 -1 
3 1 1 -1 1 -1 -1 3 3 3 3 -1 3 -1 1 -1 1 3 1 1 
1 1 -1 1 -1 -1 -1 3 -1 3 3 3 -1 1 1 1 1 1 1 1 
1 1 -1 -1 -1 1 3 -1 -1 3 3 3 3 -1 3 1 1 1 1 1 
1 -1 -1 -1 -1 3 3 3 -1 3 3 3 -1 3 -1 -1 1 1 -1 -1 
1 -1 -1 -1 -1 3 3 3 -1 3 -1 -1 -1 -1 3 3 1 1 1 1 
-1 -1 -1 3 -1 -1 3 -1 -1 3 -1 3 3 -1 3 -1 3 3 -1 -1 
-1 3 -1 -1 3 3 1 -1 3 3 3 -1 3 3 -1 -1 3 -1 -1 -1 
3 3 -1 3 3 3 3 -1 -1 -1 3 1 3 -1 3 1 1 1 -1 3 
-1 -1 3 -1 -1 1 3 3 -1 3 3 3 3 -1 3 3 3 1 -1 -1 
-1 -1 3 3 3 3 1 -1 -1 3 -1 -1 1 3 -1 -1 3 -1 3 3 
-1 3 3 3 -1 -1 -1 -1 3 -1 -1 1 1 -1 3 3 3 3 3 3 
3 -1 -1 -1 -1 1 1 -1 1 1 -1 1 1 -1 3 3 1 3 3 3 
1 3 -1 -1 -1 3 3 3 3 -1 3 1 -1 3 3 1 1 -1 -1 -1 
1 3 -1 3 3 3 -1 3 3 3 3 1 3 3 3 -1 -1 -1 1 1 
1 1 3 3 3 3 3 3 -1 3 -1 -1 3 -1 -1 -1 -1 -1 -1 1 
-1 -1 -1 3 -1 3 -1 -1 3 -1 -1 -1 1 1 3 -1 -1 -1 -1 -1 
3 -1 -1 3 -1 -1 -1 -1 3 3 -1 3 -1 -1 -1 3 -1 -1 -1 3 
-1 3 3 -1 3 3 -1 3 3 3 -1 3 3 3 -1 3 3 1 1 -1 
-1 3 3 -1 3 3 -1 3 3 -1 3 3 1 -1 3 -1 3 9 -1 -1 
-1 3 -1 3 -1 -1 3 3 3 3 3 -1 -1 1 -1 -1 -1 -1 9 -1 
3 1 3 3 -1 -1 3 -1 3 1 3 -1 1 1 -1 1 -1 -1 -1 3 
1 3 -1 -1 -1 3 -1 3 1 -1 1 1 1 1 1 1 -1 -1 -1 3 
3 3 3 -1 -1 3 -1 -1 -1 1 -1 1 1 -1 1 -1 -1 -1 -1 -1 
-1 3 3 -1 -1 -1 -1 -1 -1 -1 1 1 1 1 1 1 1 3 3 3 
-1 -1 3 -1 -1 -1 -1 -1 -1 -1 1 1 1 1 1 1 -1 3 3 3 
-1 -1 3 3 1 -1 -1 -1 1 3 3 3 -1 1 -1 -1 -1 1 1 3 
3 3 3 3 -1 3 3 1 -1 1 3 -1 1 -1 -1 1 1 3 -1 -1 
5 -1 -1 1 -1 -1 -1 -1 -1 3 -1 -1 -1 3 5 -1 -1 -1 -1 5 
1 -1 -1 1 1 -1 -1 -1 -1 -1 -1 3 3 -1 -1 3 3 -1 -1 -1 
-1 1 -1 1 -1 1 -1 -1 -1 -1 -1 3 -1 -1 3 -1 3 3 1 -1 
1 -1 1 1 1 -1 -1 -1 -1 -1 -1 3 3 3 3 3 3 3 -1 1 
-1 1 1 1 -1 -1 -1 1 -1 -1 -1 -1 -1 -1 -1 3 3 3 -1 -1 
-1 -1 1 1 1 -1 -1 -1 -1 -1 -1 -1 -1 -1 -1 -1 -1 -1 -1 1 
1 1 1 1 1 -1 -1 -1 -1 -1 -1 -1 -1 -1 -1 3 -1 -1 -1 1 
1 1 1 -1 1 -1 -1 -1 -1 -1 3 1 -1 1 3 -1 -1 -1 1 1 
-1 1 -1 -1 -1 -1 -1 -1 -1 3 -1 1 1 3 -1 -1 -1 -1 -1 -1 
-1 -1 -1 -1 -1 -1 -1 -1 -1 -1 -1 -1 1 -1 -1 -1 -1 -1 -1 -1 
-1 5 -1 -1 -1 -1 -1 -1 -1 -1 -1 -1 1 3 3 -1 -1 -1 -1 5 
5 -1 5 5 -1 -1 3 -1 -1 -1 1 3 1 -1 -1 9 9 9 -1 5 
5 -1 -1 -1 -1 3 3 -1 1 1 1 1 1 1 9 9 9 9 9 -1 
-1 -1 -1 -1 -1 3 -1 -1 -1 1 -1 1 1 9 -1 9 -1 9 -1 9 
-1 -1 -1 -1 -1 -1 -1 -1 -1 -1 -1 -1 1 1 9 9 9 -1 -1 9 
-1 3 -1 -1 -1 -1 -1 -1 -1 -1 -1 -1 -1 -1 -1 1 5 -1 -1 -1 
-1 3 5 -1 1 1 -1 -1 -1 -1 1 3 1 -1 -1 -1 1 5 5 3 
3 5 -1 -1 1 1 -1 -1 -1 -1 1 1 3 3 -1 -1 -1 5 -1 5 
5 -1 -1 -1 1 1 -1 -1 -1 1 3 3 3 -1 -1 5 -1 -1 5 -1 
-1 5 -1 -1 1 1 -1 -1 3 -1 -1 -1 3 3 -1 5 -1 -1 -1 5 
-1 -1 1 1 1 1 -1 -1 -1 -1 -1 -1 -1 -1 3 -1 -1 -1 -1 -1 
1 1 1 1 -1 -1 -1 -1 -1 -1 -1 -1 -1 -1 3 -1 -1 -1 -1 -1 
-1 1 1 1 1 -1 -1 -1 1 -1 -1 -1 -1 -1 3 3 3 -1 -1 -1 
-1 -1 -1 1 1 -1 -1 1 -1 1 1 1 -1 -1 3 3 -1 -1 -1 -1 
-1 -1 -1 -1 -1 -1 -1 1 1 1 -1 -1 1 1 -1 -1 -1 -1 -1 -1 
3 -1 -1 -1 -1 -1 1 1 -1 -1 -1 -1 1 -1 -1 -1 3 3 -1 -1 
-1 -1 -1 -1 1 -1 1 -1 1 -1 1 -1 -1 -1 -1 -1 -1 -1 -1 3 
1 -1 -1 -1 -1 1 1 1 1 1 1 -1 -1 -1 -1 -1 -1 -1 9 -1 
3 1 -1 -1 1 1 1 1 1 -1 1 -1 -1 -1 -1 -1 -1 -1 -1 -1 
3 -1 -1 -1 -1 1 1 -1 -1 -1 -1 -1 -1 -1 -1 -1 -1 -1 -1 -1 
-1 -1 -1 -1 -1 -1 -1 -1 1 1 -1 -1 1 -1 -1 -1 -1 -1 -1 -1 
-1 -1 -1 -1 -1 -1 5 -1 -1 1 1 1 1 3 3 -1 -1 -1 -1 -1 
-1 -1 -1 -1 -1 -1 5 -1 -1 -1 1 -1 1 -1 3 3 3 -1 -1 -1 
-1 -1 -1 -1 -1 -1 -1 -1 -1 -1 -1 1 1 3 3 3 3 -1 -1 -1 
-1 -1 -1 -1 -1 -1 -1 -1 -1 -1 -1 -1 -1 1 1 3 3 -1 3 3 
-1 -1 -1 -1 -1 -1 -1 -1 -1 -1 -1 -1 -1 1 3 -1 3 -1 3 -1 
-1 -1 -1 -1 -1 -1 -1 -1 -1 -1 -1 -1 -1 -1 -1 3 3 3 -1 -1 
-1 -1 -1 -1 -1 -1 -1 1 -1 1 -1 -1 -1 -1 -1 3 3 -1 -1 -1 
-1 -1 -1 1 -1 1 1 -1 1 1 1 1 -1 3 3 3 -1 -1 -1 -1 
5 5 1 1 -1 1 1 -1 -1 -1 -1 1 1 -1 3 -1 -1 -1 -1 -1 
3 -1 -1 1 -1 -1 -1 -1 -1 -1 -1 -1 -1 -1 -1 -1 -1 -1 1 -1 
-1 -1 -1 -1 -1 -1 -1 -1 -1 -1 -1 -1 -1 -1 -1 -1 -1 -1 -1 -1 
-1 -1 -1 -1 -1 9 -1 -1 5 -1 -1 -1 -1 -1 -1 -1 -1 -1 -1 -1 
-1 -1 -1 -1 9 -1 -1 3 3 5 -1 -1 -1 -1 -1 -1 -1 -1 -1 3 
-1 -1 -1 -1 -1 -1 -1 -1 3 3 -1 -1 -1 -1 -1 -1 -1 3 3 3 
-1 -1 3 3 3 -1 3 -1 -1 3 3 -1 -1 -1 -1 -1 -1 -1 3 -1 
-1 -1 -1 -1 3 3 3 3 -1 -1 3 -1 -1 -1 -1 9 9 8 -1 3 
5 -1 -1 -1 -1 -1 -1 1 -1 3 3 -1 -1 -1 -1 -1 8 -1 3 3 
5 -1 -1 -1 -1 1 1 -1 3 3 -1 -1 -1 -1 -1 -1 -1 -1 3 5 
1 1 -1 3 3 9 9 9 1 5 -1 8 -1 -1 -1 -1 -1 3 3 -1 
-1 1 1 1 9 9 1 -1 9 -1 8 -1 4 4 4 -1 -1 -1 3 -1 
1 -1 1 9 9 -1 9 9 9 -1 8 8 -1 4 4 -1 -1 -1 3 1 
-1 1 9 9 -1 -1 -1 9 -1 -1 8 -1 -1 -1 -1 -1 1 1 1 -1 
-1 1 1 9 1 9 9 9 -1 9 -1 -1 -1 -1 -1 1 1 9 -1 -1 
1 -1 -1 1 1 9 -1 -1 -1 9 -1 -1 9 1 1 1 -1 9 -1 -1 
1 -1 -1 -1 5 -1 5 -1 -1 9 9 -1 1 1 -1 -1 9 9 1 -1 
-1 -1 -1 -1 -1 5 5 -1 9 9 9 9 -1 -1 1 -1 9 3 1 -1 
-1 -1 -1 -1 5 5 -1 -1 -1 -1 -1 -1 -1 1 -1 -1 5 1 3 3 
-1 3 -1 1 1 5 -1 -1 -1 -1 -1 -1 -1 -1 1 5 -1 -1 3 -1 
3 3 6 -1 1 -1 -1 -1 -1 -1 -1 -1 -1 -1 -1 -1 1 1 -1 -1 
-1 -1 9 -1 -1 7 -1 9 9 9 9 9 1 1 9 7 7 -1 -1 9 
9 9 9 9 7 7 -1 9 9 9 -1 9 1 1 -1 8 8 9 9 -1 
9 9 9 7 -1 -1 7 9 8 9 -1 -1 1 1 1 8 9 -1 9 -1 
9 9 9 -1 -1 9 9 9 8 9 -1 1 -1 1 1 9 9 9 9 -1 
9 9 9 -1 9 -1 9 3 9 9 9 -1 1 1 -1 -1 9 9 9 9 
-1 9 9 9 9 -1 3 -1 -1 3 9 -1 1 1 -1 -1 9 9 -1 -1 
9 9 9 9 -1 -1 -1 -1 -1 3 3 -1 -1 1 1 -1 9 9 9 9 
-1 1 1 9 -1 -1 -1 -1 -1 -1 3 3 1 -1 1 9 9 9 -1 9 
1 1 1 1 -1 3 -1 -1 -1 3 -1 3 3 1 -1 9 9 9 -1 -1 
-1 1 1 1 1 3 3 -1 3 3 9 -1 1 3 9 -1 -1 9 9 1 
1 1 1 9 -1 3 3 3 -1 3 -1 1 9 9 -1 -1 9 -1 1 1 
3 9 1 9 -1 -1 9 3 9 3 9 -1 9 9 9 3 -1 1 1 -1 
9 3 -1 9 1 3 3 3 3 9 9 9 9 9 8 9 3 -1 1 -1 
9 9 -1 -1 -1 1 3 3 9 9 9 -1 9 9 -1 8 9 9 -1 -1 
1 9 7 -1 -1 -1 9 9 9 9 9 -1 -1 9 9 9 -1 9 9 9 
-1 7 -1 -1 9 -1 9 9 9 -1 9 -1 -1 9 9 2 -1 3 9 1 
7 7 -1 -1 -1 9 9 9 9 9 9 9 1 9 -1 -1 2 9 9 5 
5 7 -1 -1 -1 -1 -1 9 9 9 9 9 1 1 -1 2 5 7 9 9 
9 9 -1 -1 -1 -1 -1 -1 9 -1 9 9 1 1 -1 -1 -1 7 9 7 
9 -1 -1 -1 -1 7 9 9 9 9 9 1 1 9 1 -1 7 -1 7 9 
1 3 3 3 -1 9 -1 -1 1 -1 3 3 3 3 3 -1 9 9 -1 1 
1 -1 3 -1 9 9 9 9 1 1 3 3 3 3 -1 -1 9 -1 1 1 
9 -1 -1 9 9 9 9 9 3 -1 3 3 3 9 3 -1 9 -1 -1 -1 
9 -1 3 -1 -1 9 9 9 9 1 9 3 9 -1 -1 9 9 9 9 9 
9 9 -1 -1 -1 -1 9 9 3 9 9 9 -1 9 9 9 -1 -1 -1 9 
9 -1 -1 -1 -1 -1 -1 9 -1 9 9 9 9 9 9 9 -1 -1 -1 9 
9 -1 -1 -1 -1 -1 9 9 9 -1 -1 9 9 9 9 -1 -1 -1 -1 9 
-1 -1 -1 -1 -1 -1 -1 9 9 -1 -1 -1 -1 -1 9 -1 -1 -1 -1 9 
9 9 9 1 -1 -1 -1 9 -1 9 9 -1 -1 -1 -1 -1 9 9 5 9 
5 -1 -1 -1 1 -1 -1 1 1 -1 -1 3 -1 9 -1 9 -1 9 9 5 
5 9 -1 3 1 1 1 1 1 3 -1 -1 9 9 9 -1 9 3 9 9 
5 3 3 -1 -1 1 -1 1 1 3 6 -1 -1 -1 9 3 3 3 9 -1 
-1 3 3 -1 1 -1 -1 3 -1 -1 3 3 -1 -1 3 -1 3 9 1 -1 
3 3 3 1 1 1 1 3 1 -1 3 -1 -1 3 3 -1 9 9 -1 -1 
9 9 -1 3 -1 -1 9 1 -1 -1 -1 -1 -1 3 -1 3 -1 3 3 -1 
-1 3 3 -1 -1 -1 9 1 1 -1 -1 -1 -1 -1 3 -1 9 9 3 3 
3 3 -1 3 -1 -1 9 1 1 -1 1 3 3 -1 9 -1 9 -1 9 3 
3 3 -1 3 1 1 1 1 9 1 9 -1 -1 3 3 9 9 3 3 9 
3 3 3 1 1 1 1 1 -1 9 9 9 -1 3 9 9 9 3 3 9 
1 3 -1 -1 3 1 -1 -1 1 -1 -1 9 3 3 9 9 9 9 3 3 
-1 -1 -1 -1 1 40 -1 -1 40 -1 -1 -1 3 -1 1 3 1 1 3 3 
3 -1 -1 1 -1 -1 -1 -1 3 -1 -1 3 -1 1 1 3 -1 -1 3 3 
3 3 -1 1 1 1 -1 3 3 -1 -1 -1 -1 3 3 3 3 -1 3 3 
9 9 -1 1 1 1 -1 -1 40 -1 -1 -1 -1 -1 3 -1 3 3 3 -1 
3 9 9 3 1 -1 -1 -1 -1 -1 -1 -1 -1 8 10 -1 -1 -1 3 3 
3 3 3 1 32 -1 -1 -1 -1 -1 -1 -1 8 10 10 -1 1 -1 -1 3 
3 3 -1 1 32 9 -1 -1 -1 3 -1 -1 -1 3 3 3 1 1 -1 -1 
-1 3 32 -1 9 9 -1 -1 3 3 -1 -1 -1 -1 3 1 1 -1 4 -1 
-1 32 -1 -1 9 9 32 3 -1 -1 -1 -1 3 -1 3 -1 1 1 4 -1 
-1 3 -1 9 -1 -1 -1 -1 -1 -1 3 3 3 3 -1 -1 1 1 4 3 
3 3 3 -1 3 3 -1 -1 -1 32 32 3 -1 3 -1 -1 -1 -1 9 -1 
-1 3 3 3 3 3 -1 -1 32 32 3 9 9 9 -1 -1 9 -1 9 3 
3 3 3 3 -1 3 3 -1 32 32 9 -1 9 -1 -1 -1 9 -1 3 3 
-1 3 3 3 1 1 32 32 32 32 32 40 -1 1 -1 -1 9 9 3 3 
3 1 -1 1 3 1 -1 -1 40 32 40 -1 9 9 9 9 -1 -1 -1 3 
-1 -1 1 1 1 1 -1 40 40 40 32 9 1 -1 9 1 9 -1 1 -1 
32 1 1 1 -1 40 40 40 -1 1 1 1 1 1 -1 -1 1 9 1 32 
9 -1 1 -1 -1 40 40 40 -1 -1 -1 -1 -1 -1 1 1 1 1 -1 -1 
9 9 32 32 40 40 40 -1 3 -1 10 -1 -1 1 1 1 1 -1 1 9 
-1 -1 -1 -1 40 -1 40 40 40 40 10 9 -1 -1 -1 1 1 1 3 3 
3 -1 -1 -1 3 3 3 3 -1 1 1 3 1 1 1 3 3 -1 1 3 
-1 -1 -1 3 3 3 3 -1 -1 1 3 3 -1 -1 1 3 3 3 3 1 
3 40 -1 -1 -1 32 40 -1 3 3 3 3 3 -1 -1 -1 3 1 1 -1 
-1 -1 40 -1 32 3 -1 40 3 3 3 3 -1 -1 -1 3 1 -1 1 1 
40 40 40 32 32 3 32 -1 -1 -1 -1 3 3 3 -1 -1 3 3 1 -1 
40 3 40 -1 -1 -1 -1 -1 3 -1 -1 3 3 -1 3 3 3 1 -1 -1 
40 -1 40 40 -1 -1 3 3 3 3 -1 3 3 3 3 3 -1 -1 -1 -1 
-1 40 -1 32 40 3 3 3 3 3 -1 3 32 3 3 32 32 -1 -1 40 
1 -1 -1 3 40 3 -1 3 3 3 3 3 3 32 1 32 32 32 32 40 
-1 1 1 -1 3 1 -1 -1 3 3 2 3 32 32 32 32 32 3 32 40 
32 32 -1 1 -1 3 3 3 3 2 3 3 3 -1 32 -1 -1 3 32 32 
-1 1 1 3 -1 -1 3 -1 -1 2 3 2 -1 -1 -1 32 -1 -1 -1 -1 
32 32 32 1 -1 -1 3 -1 -1 3 -1 -1 3 -1 32 -1 32 -1 -1 -1 
32 8 32 32 3 -1 3 -1 -1 -1 3 3 1 1 -1 -1 -1 -1 -1 32 
8 3 32 3 3 3 3 -1 -1 3 3 -1 1 1 1 1 -1 -1 -1 32 
-1 3 3 3 3 3 -1 -1 -1 -1 3 -1 -1 1 -1 8 8 -1 32 32 
32 32 3 3 3 -1 -1 -1 3 1 -1 3 1 1 -1 8 -1 8 -1 -1 
32 -1 -1 3 -1 -1 -1 -1 -1 3 -1 1 -1 -1 -1 -1 32 32 8 8 
-1 -1 -1 -1 -1 3 -1 3 -1 3 1 1 -1 -1 -1 -1 32 8 32 -1 
32 -1 -1 -1 3 3 3 3 3 1 1 1 1 1 -1 -1 40 40 -1 32 
-1 1 1 1 1 1 1 -1 1 1 -1 1 1 1 1 1 -1 1 3 1 
1 1 1 1 1 1 1 -1 1 1 1 -1 -1 1 1 -1 1 -1 1 1 
-1 1 1 1 1 1 1 1 -1 1 1 -1 1 1 1 -1 1 2 2 1 
-1 1 1 1 1 -1 1 1 -1 -1 1 1 1 1 1 2 1 1 2 -1 
1 1 1 1 1 -1 -1 1 1 1 1 -1 1 1 -1 1 2 2 -1 -1 
-1 1 1 1 1 3 -1 -1 1 1 3 3 1 -1 1 -1 1 1 -1 1 
1 -1 -1 1 -1 3 -1 -1 -1 1 -1 3 1 3 -1 1 1 -1 -1 1 
-1 -1 -1 3 3 3 3 -1 3 -1 3 -1 3 3 1 1 -1 1 -1 1 
-1 -1 -1 -1 -1 3 3 3 -1 1 1 -1 -1 1 -1 1 32 -1 1 -1 
-1 -1 -1 -1 -1 -1 -1 1 1 1 -1 -1 3 1 1 1 1 -1 -1 -1 
-1 -1 -1 -1 -1 -1 1 -1 -1 1 -1 -1 -1 1 1 1 -1 -1 -1 1 
-1 -1 -1 3 -1 1 -1 -1 1 1 -1 -1 -1 1 1 1 1 1 1 1 
-1 -1 -1 3 3 -1 1 1 -1 3 1 -1 1 1 -1 1 1 1 1 1 
3 -1 -1 -1 -1 -1 1 -1 3 -1 3 1 -1 -1 -1 -1 -1 1 1 -1 
1 3 3 3 3 -1 -1 1 3 3 -1 1 1 1 1 -1 -1 1 1 1 
1 1 -1 3 -1 3 3 -1 -1 -1 -1 1 -1 1 -1 3 1 3 1 1 
1 -1 1 3 3 -1 -1 1 1 1 -1 1 -1 1 1 1 3 1 3 1 
1 1 1 3 1 -1 -1 1 1 -1 1 1 1 1 1 1 3 3 3 1 
1 1 1 1 -1 1 1 -1 1 1 1 -1 1 1 1 1 3 3 1 1 
1 1 1 1 1 1 -1 -1 -1 -1 1 3 1 1 1 1 1 32 3 1 
1 1 9 1 1 -1 1 1 -1 1 -1 -1 -1 -1 -1 1 -1 -1 1 1 
-1 1 -1 9 9 1 1 1 1 1 1 -1 -1 1 1 -1 -1 -1 1 1 
1 -1 9 1 9 -1 -1 1 1 1 -1 1 -1 -1 -1 1 1 1 1 -1 
1 1 1 -1 -1 9 1 1 1 1 1 -1 -1 1 -1 -1 1 1 1 1 
-1 1 1 -1 -1 1 1 1 1 1 1 1 1 -1 -1 -1 -1 -1 -1 -1 
1 1 1 1 1 1 1 9 -1 1 -1 1 -1 -1 -1 -1 -1 -1 -1 -1 
-1 -1 1 1 1 1 9 1 -1 -1 1 3 1 -1 -1 -1 -1 -1 -1 -1 
1 -1 -1 1 1 1 -1 1 3 3 3 1 3 3 1 -1 -1 -1 -1 1 
1 1 -1 1 1 1 -1 1 -1 -1 3 -1 1 1 1 1 -1 -1 1 1 
3 -1 1 9 9 9 -1 -1 2 -1 -1 3 -1 -1 -1 1 -1 -1 1 1 
9 9 -1 -1 1 -1 1 -1 2 2 1 1 -1 1 1 1 3 3 3 3 
9 8 -1 -1 1 1 1 -1 2 2 1 1 1 1 1 1 3 3 -1 1 
1 8 -1 -1 -1 -1 -1 1 2 -1 1 1 -1 -1 1 1 1 1 1 1 
-1 1 -1 1 -1 1 -1 -1 1 2 1 1 1 -1 -1 1 1 1 1 1 
1 1 1 1 1 1 1 1 1 -1 1 -1 1 -1 1 -1 1 1 1 1 
1 1 9 1 1 1 1 1 -1 -1 -1 1 1 1 1 1 -1 1 1 1 
-1 -1 9 9 9 1 9 1 -1 1 -1 1 1 1 -1 -1 1 1 1 -1 
-1 -1 9 1 -1 9 9 1 1 1 -1 -1 1 1 -1 1 1 -1 -1 1 
-1 1 9 -1 -1 9 -1 -1 1 1 1 1 1 1 1 1 1 -1 -1 1 
1 1 1 9 -1 1 -1 -1 1 -1 1 1 -1 1 1 -1 1 1 1 1 
-1 1 1 1 1 1 5 -1 -1 -1 1 1 1 1 -1 -1 1 -1 1 -1 
1 1 1 1 1 1 -1 1 -1 -1 1 1 1 1 1 1 1 8 -1 -1 
1 1 1 1 1 1 1 1 1 -1 1 1 1 -1 1 -1 1 8 1 -1 
-1 -1 -1 1 1 1 -1 -1 1 1 1 1 -1 1 1 1 1 1 -1 -1 
-1 1 1 -1 1 1 1 1 1 1 1 1 1 1 -1 1 1 1 1 -1 
1 1 1 1 1 1 1 1 -1 1 -1 1 -1 -1 -1 1 1 -1 1 1 
1 1 1 -1 1 -1 -1 1 -1 -1 1 -1 -1 -1 -1 1 1 1 1 -1 
1 1 1 1 -1 1 1 -1 1 -1 1 -1 -1 1 1 1 1 1 1 1 
1 1 1 -1 1 1 1 1 1 1 1 -1 -1 -1 1 1 1 1 1 1 
1 -1 1 -1 1 1 1 1 1 1 1 -1 -1 1 1 1 -1 1 1 1 
-1 1 -1 -1 1 1 1 1 1 -1 -1 -1 1 1 1 1 1 1 -1 1 
1 -1 -1 -1 1 1 1 -1 1 -1 -1 1 1 1 1 1 1 -1 1 -1 
1 -1 -1 1 1 -1 -1 -1 -1 -1 -1 1 1 1 1 -1 1 1 1 1 
-1 -1 -1 1 -1 1 1 1 -1 1 -1 -1 1 1 1 3 1 1 1 1 
-1 -1 1 1 1 1 1 1 1 -1 -1 1 1 1 3 -1 -1 -1 1 -1 
11 11 1 -1 1 1 1 -1 1 1 1 1 1 -1 1 3 -1 1 -1 1 
1 1 1 1 1 1 1 -1 -1 1 1 1 1 9 -1 1 1 1 1 -1 
1 1 1 1 1 1 -1 1 1 1 -1 1 1 -1 -1 -1 1 -1 1 1 
1 1 1 -1 1 -1 1 -1 1 1 -1 1 1 1 1 -1 -1 -1 1 1 
-1 1 -1 1 1 1 1 -1 1 1 -1 1 1 1 -1 -1 -1 1 1 1 
1 1 1 -1 1 1 1 1 1 1 -1 -1 1 9 9 9 -1 -1 -1 -1 
1 1 1 1 3 1 1 1 -1 -1 1 1 9 1 9 11 -1 -1 -1 1 
-1 -1 -1 3 1 1 1 -1 3 1 -1 1 -1 -1 11 3 -1 11 -1 -1 
1 1 1 1 1 1 1 3 1 1 -1 1 -1 -1 10 3 1 11 1 -1 
1 1 1 -1 1 1 3 1 1 1 9 -1 1 1 10 10 10 1 -1 1 
1 1 1 1 1 1 -1 1 -1 1 9 -1 9 1 10 10 -1 -1 1 1 
1 -1 -1 1 1 -1 1 1 1 9 -1 9 9 9 10 10 -1 1 1 1 
1 1 1 1 1 1 -1 1 1 1 -1 1 1 1 -1 -1 -1 1 1 1 
1 1 1 1 1 1 -1 1 1 -1 -1 -1 -1 -1 -1 1 1 -1 1 1 
-1 1 1 1 1 -1 1 -1 -1 -1 -1 -1 -1 -1 1 -1 -1 1 1 1 
1 1 1 1 1 -1 -1 -1 3 -1 1 1 1 1 -1 1 -1 -1 1 1 
1 -1 -1 -1 1 1 -1 -1 -1 3 -1 1 1 1 1 1 -1 -1 1 9 
-1 1 1 1 1 -1 1 -1 1 1 3 -1 3 1 1 -1 -1 -1 9 1 
1 1 1 1 1 1 -1 1 3 3 -1 3 1 -1 1 -1 1 1 9 1 
-1 1 1 1 1 1 -1 -1 3 3 3 1 1 -1 -1 1 -1 1 1 -1 
9 9 1 -1 1 1 1 -1 -1 -1 1 1 -1 -1 -1 -1 -1 1 1 -1 
9 1 1 1 -1 1 1 -1 -1 1 1 1 -1 -1 1 -1 -1 -1 -1 1 
1 1 1 1 1 1 -1 1 -1 -1 1 -1 1 1 9 1 -1 -1 -1 1 
1 1 1 1 1 1 -1 1 -1 -1 -1 1 9 9 1 1 -1 -1 -1 1 
1 1 1 1 1 -1 1 1 1 -1 -1 1 1 9 -1 9 9 -1 -1 -1 
1 1 -1 1 1 -1 1 1 -1 -1 -1 1 1 -1 1 -1 -1 -1 -1 1 
1 1 -1 1 1 1 1 9 -1 -1 -1 1 1 1 1 -1 -1 -1 -1 -1 
1 -1 -1 -1 9 1 9 -1 1 1 1 1 1 1 -1 -1 -1 -1 -1 1 
1 3 3 -1 9 9 -1 -1 1 1 -1 1 3 -1 -1 1 -1 -1 -1 1 
3 3 -1 3 -1 9 9 -1 1 1 1 -1 3 -1 3 -1 3 3 3 -1 
3 -1 3 3 9 -1 1 1 1 1 1 3 3 3 -1 1 3 3 -1 3 
-1 3 3 3 -1 -1 1 1 1 1 -1 1 3 -1 1 3 3 3 -1 -1 
-1 -1 -1 3 -1 1 1 -1 -1 1 -1 1 -1 -1 1 1 -1 -1 -1 -1 
-1 -1 -1 -1 1 1 1 1 1 -1 1 -1 -1 -1 1 -1 -1 -1 -1 -1 
1 9 -1 -1 1 1 1 1 1 1 1 1 1 1 -1 1 1 9 9 -1 
9 1 9 9 1 1 1 1 1 -1 -1 1 1 1 1 -1 1 9 -1 9 
-1 -1 -1 1 1 -1 1 1 -1 -1 -1 1 1 -1 -1 1 -1 -1 9 9 
-1 -1 1 1 1 -1 1 1 1 -1 1 1 1 -1 1 -1 1 9 -1 9 
1 1 1 1 1 1 1 1 1 1 1 -1 1 1 1 1 1 9 9 9 
1 -1 -1 1 1 1 -1 1 -1 1 -1 -1 1 1 1 1 -1 -1 9 9 
3 1 1 -1 1 3 1 1 1 1 1 1 1 -1 1 -1 -1 9 9 3 
3 3 1 1 3 -1 1 1 -1 -1 -1 1 1 3 1 -1 9 9 9 -1 
-1 9 9 9 -1 1 1 1 1 1 -1 -1 1 1 1 1 1 -1 -1 -1 
9 9 9 9 9 1 1 1 -1 1 -1 -1 -1 1 1 1 1 -1 -1 9 
9 9 -1 -1 1 1 1 -1 -1 -1 -1 -1 1 1 1 1 -1 -1 -1 -1 
-1 -1 -1 -1 1 1 1 1 35 1 3 3 3 3 3 1 1 -1 -1 -1 
-1 -1 -1 -1 -1 1 1 1 -1 3 3 3 3 1 1 1 -1 1 -1 -1 
-1 1 -1 -1 -1 1 1 1 1 -1 3 -1 -1 1 1 1 -1 1 9 -1 
-1 -1 -1 1 1 1 1 1 1 1 -1 -1 1 3 1 -1 1 1 1 -1 
-1 -1 -1 1 1 1 1 -1 1 -1 -1 -1 -1 -1 1 1 1 1 1 1 
-1 -1 -1 1 1 5 -1 2 2 2 -1 3 3 1 1 -1 1 -1 1 -1 
-1 -1 -1 1 9 1 2 2 2 2 2 2 1 1 1 3 3 1 -1 -1 
3 3 1 9 9 1 6 2 2 2 -1 3 -1 3 3 -1 -1 3 -1 3 
1 9 9 2 1 1 1 -1 6 -1 2 3 1 3 -1 3 3 -1 1 -1 
-1 -1 2 2 1 -1 -1 6 -1 6 -1 1 3 3 -1 1 3 1 -1 1 
1 -1 2 2 -1 -1 -1 -1 -1 -1 1 3 3 -1 -1 1 -1 1 1 1 
1 -1 2 -1 -1 1 1 -1 -1 -1 1 3 -1 3 1 1 1 1 1 1 
1 1 1 -1 1 1 1 1 1 1 1 3 3 1 -1 1 1 1 1 -1 
-1 -1 -1 -1 -1 -1 2 1 1 1 3 3 3 -1 -1 1 1 1 1 1 
-1 -1 -1 -1 -1 -1 -1 2 3 1 3 3 1 -1 1 1 -1 1 1 -1 
-1 -1 -1 1 1 1 -1 3 3 3 -1 -1 -1 1 1 1 1 1 1 1 
1 -1 2 -1 1 1 3 3 1 1 -1 1 -1 -1 1 -1 1 1 1 -1 
-1 -1 1 1 1 1 -1 1 3 -1 1 -1 -1 -1 1 1 -1 1 1 1 
1 1 1 1 1 1 1 35 35 1 -1 -1 -1 1 1 1 -1 1 1 1 
-1 1 1 1 1 1 1 35 1 1 1 3 1 1 -1 1 1 -1 -1 -1 
3 -1 1 3 -1 -1 35 -1 -1 1 1 -1 1 1 1 1 -1 3 1 1 
3 -1 1 1 3 -1 3 1 1 1 1 -1 -1 -1 1 -1 3 -1 -1 -1 
-1 -1 3 1 1 3 3 -1 -1 8 3 1 1 1 3 3 -1 -1 -1 -1 
9 -1 1 1 -1 3 3 1 3 -1 8 -1 1 -1 -1 -1 3 -1 -1 -1 
9 1 -1 1 1 1 1 1 -1 3 -1 8 -1 -1 -1 -1 -1 3 3 3 
1 3 1 1 -1 1 1 -1 -1 3 3 3 1 -1 -1 -1 3 3 3 1 
1 3 -1 1 -1 1 -1 1 1 3 3 1 3 -1 -1 -1 3 3 -1 -1 
3 3 -1 1 1 1 -1 1 -1 3 3 3 3 3 -1 3 3 -1 -1 1 
3 -1 1 3 1 3 -1 1 3 -1 3 -1 -1 3 3 -1 -1 -1 -1 3 
-1 3 3 1 3 -1 1 1 1 -1 -1 3 3 3 3 3 -1 -1 3 3 
3 -1 1 -1 -1 3 3 1 -1 3 -1 -1 3 1 1 1 1 3 -1 3 
3 -1 -1 1 -1 3 3 3 1 -1 3 -1 -1 -1 1 1 1 -1 -1 3 
3 3 1 1 -1 3 -1 1 1 -1 -1 -1 -1 1 3 -1 -1 3 -1 -1 
-1 3 -1 3 -1 -1 3 -1 -1 1 1 -1 1 1 1 3 3 3 -1 -1 
-1 -1 -1 3 3 3 -1 3 -1 -1 1 3 -1 1 1 1 -1 -1 -1 -1 
3 3 3 3 3 -1 -1 3 -1 1 1 -1 -1 1 1 -1 -1 -1 -1 -1 
3 -1 -1 3 3 -1 3 1 -1 1 -1 1 1 1 -1 -1 3 -1 3 3 
-1 -1 3 3 3 3 -1 -1 1 3 3 -1 1 -1 3 3 -1 -1 3 3 
-1 -1 -1 3 3 3 -1 -1 3 -1 3 1 -1 -1 3 -1 3 3 3 1 
-1 -1 3 3 35 35 -1 1 -1 -1 1 -1 -1 -1 1 -1 3 3 3 3 
3 -1 3 3 3 -1 -1 3 -1 -1 -1 3 -1 3 3 3 3 3 3 3 
3 1 1 3 3 3 3 -1 -1 3 -1 3 3 -1 3 -1 -1 3 3 1 
1 1 1 -1 -1 -1 -1 -1 3 3 -1 -1 -1 3 3 1 1 -1 1 1 
3 3 3 3 -1 3 3 3 9 -1 3 9 3 3 -1 -1 1 3 3 -1 
3 3 -1 -1 3 -1 3 9 3 3 -1 -1 1 3 3 1 3 1 -1 3 
3 -1 3 3 -1 8 8 9 9 3 3 3 1 3 3 -1 -1 3 3 3 
-1 3 3 3 3 3 9 3 3 3 9 3 1 3 3 -1 -1 3 -1 -1 
1 1 3 -1 3 3 -1 3 8 9 -1 -1 1 -1 -1 3 3 -1 -1 1 
1 3 -1 3 1 3 3 3 3 3 3 -1 -1 9 3 3 3 3 -1 3 
3 -1 -1 3 1 -1 3 3 3 3 3 -1 9 -1 9 3 3 3 3 3 
3 3 3 -1 -1 -1 -1 -1 3 -1 3 3 9 9 -1 -1 3 3 3 -1 
3 -1 -1 3 -1 -1 -1 3 -1 -1 3 3 9 9 9 3 3 3 3 -1 
3 3 3 3 -1 1 -1 3 -1 3 3 -1 3 -1 3 -1 -1 3 3 3 
3 3 -1 -1 -1 3 -1 3 -1 3 3 3 3 -1 -1 1 -1 3 3 -1 
3 3 3 1 1 3 3 3 3 -1 3 3 1 1 -1 -1 -1 -1 -1 -1 
3 -1 3 1 -1 -1 3 -1 3 3 3 1 3 3 1 3 -1 -1 -1 3 
3 3 3 3 -1 3 -1 -1 3 3 3 3 3 3 -1 3 3 3 -1 3 
3 -1 3 3 3 3 3 3 3 -1 3 3 3 3 -1 3 3 3 -1 -1 
3 -1 3 3 3 3 -1 -1 3 3 3 3 -1 3 3 3 -1 3 -1 -1 
3 -1 3 3 3 -1 3 3 3 -1 3 3 3 3 3 3 3 3 3 -1 
5 5 9 -1 -1 1 1 3 13 3 -1 5 3 -1 -1 3 5 -1 3 5 
-1 -1 -1 9 -1 -1 -1 3 3 3 -1 3 3 5 5 5 3 5 -1 -1 
-1 -1 -1 -1 -1 -1 1 3 3 3 3 3 3 -1 -1 -1 6 6 -1 7 
7 -1 -1 -1 1 1 -1 3 3 3 3 3 -1 -1 6 6 6 7 6 -1 
5 5 -1 -1 1 3 3 1 3 -1 3 3 -1 -1 6 6 6 6 6 -1 
-1 3 3 3 3 -1 1 3 3 3 3 -1 -1 7 7 7 6 -1 -1 5 
3 3 3 -1 -1 3 3 3 3 3 3 -1 -1 -1 -1 7 6 -1 5 -1 
-1 -1 -1 3 3 3 3 3 3 -1 -1 33 33 -1 -1 -1 3 -1 -1 -1 
-1 -1 -1 -1 -1 3 -1 -1 3 -1 -1 33 33 -1 3 -1 3 3 -1 -1 
-1 -1 -1 -1 -1 3 3 3 -1 3 5 -1 -1 3 -1 3 -1 -1 -1 7 
6 7 -1 -1 -1 7 3 -1 3 3 3 -1 3 -1 3 3 -1 -1 7 6 
7 7 -1 -1 -1 -1 3 3 -1 3 3 3 -1 3 -1 -1 7 7 6 -1 
7 7 3 -1 3 -1 -1 -1 -1 -1 3 3 3 7 -1 7 6 7 6 7 
-1 -1 3 3 3 3 -1 -1 3 3 -1 3 1 7 3 3 -1 6 7 3 
9 3 -1 3 -1 3 1 3 3 3 11 -1 -1 3 3 7 7 -1 -1 7 
3 3 3 3 3 3 3 1 -1 3 11 3 -1 -1 3 6 7 7 9 8 
13 3 3 3 -1 -1 -1 -1 3 3 3 3 3 3 6 -1 -1 -1 7 3 
3 3 -1 1 1 -1 -1 -1 3 3 -1 3 3 -1 3 -1 -1 -1 -1 3 
13 -1 13 -1 7 -1 3 3 3 13 3 3 5 -1 5 3 5 5 -1 3 
5 -1 13 7 -1 1 3 11 13 13 3 5 -1 -1 3 5 5 5 3 5 
13 13 13 -1 3 -1 -1 33 3 3 33 -1 -1 -1 5 5 -1 -1 -1 13 
13 13 -1 3 3 -1 33 -1 -1 33 13 -1 13 13 7 7 7 -1 -1 13 
-1 -1 13 -1 -1 33 -1 33 13 13 5 13 5 5 5 5 5 -1 -1 -1 
-1 5 5 13 -1 -1 5 5 5 13 5 5 5 5 -1 5 -1 -1 -1 -1 
13 13 5 5 13 5 -1 5 -1 5 4 5 -1 -1 7 -1 -1 -1 -1 13 
13 13 13 13 13 -1 5 -1 -1 4 5 5 1 5 -1 5 13 13 13 -1 
13 13 13 13 13 -1 7 5 -1 5 1 1 -1 -1 5 13 -1 13 13 13 
-1 7 5 13 -1 5 7 7 7 7 5 7 5 -1 5 -1 -1 -1 -1 -1 
-1 7 5 5 5 5 5 7 7 5 7 -1 5 7 -1 7 7 -1 -1 -1 
7 6 7 -1 7 7 5 -1 7 7 5 5 5 -1 9 7 -1 -1 -1 -1 
7 7 7 -1 7 5 5 7 6 6 5 5 9 9 -1 7 -1 -1 7 7 
5 7 -1 -1 -1 -1 5 6 5 7 7 -1 -1 9 9 -1 3 -1 7 -1 
7 6 -1 5 -1 -1 7 6 5 -1 -1 -1 3 9 6 6 3 7 7 -1 
6 5 -1 5 5 7 -1 7 7 -1 -1 -1 3 -1 -1 -1 7 7 7 7 
5 5 5 5 5 5 5 -1 -1 3 -1 -1 -1 6 6 7 7 -1 -1 -1 
-1 5 7 5 5 5 5 -1 -1 -1 -1 -1 -1 -1 6 -1 -1 7 -1 3 
5 5 8 -1 13 13 -1 -1 -1 7 6 6 11 3 -1 -1 6 6 3 3 
5 -1 5 5 13 -1 3 -1 -1 3 3 3 3 -1 7 -1 -1 3 3 -1 
5 5 5 3 13 3 3 -1 -1 3 3 3 -1 7 7 7 -1 5 3 5 
5 5 -1 -1 -1 3 -1 -1 -1 3 3 -1 -1 5 5 -1 -1 -1 -1 5 
5 5 5 13 -1 -1 -1 -1 7 7 -1 -1 7 7 1 -1 13 13 13 -1 
-1 -1 5 -1 13 -1 5 7 -1 -1 -1 5 -1 5 -1 -1 13 13 -1 -1 
13 -1 -1 -1 13 -1 5 7 5 -1 5 5 -1 5 5 13 -1 -1 13 13 
13 41 9 -1 13 -1 5 5 5 5 -1 5 -1 -1 -1 -1 -1 -1 -1 13 
41 9 41 41 -1 41 5 5 5 -1 5 -1 7 7 -1 -1 -1 7 -1 13 
5 41 41 41 -1 5 5 -1 6 6 -1 5 7 5 7 -1 -1 5 7 5 
7 5 -1 13 -1 5 5 -1 -1 -1 -1 -1 -1 5 -1 -1 5 5 5 7 
7 7 5 13 -1 5 7 7 -1 -1 -1 -1 -1 5 5 5 5 5 5 -1 
-1 7 7 13 13 13 -1 7 -1 -1 -1 13 13 13 11 11 3 5 5 3 
7 7 -1 -1 13 13 5 5 -1 -1 7 13 13 5 3 3 5 5 5 5 
7 7 -1 -1 -1 -1 13 5 5 7 7 5 13 -1 13 13 13 13 5 7 
5 -1 -1 -1 5 13 5 5 7 7 5 5 5 5 -1 -1 5 5 7 -1 
-1 5 5 -1 5 5 5 5 7 -1 5 -1 7 5 -1 -1 5 5 5 -1 
5 5 -1 -1 -1 5 7 5 -1 7 -1 7 5 -1 5 5 5 5 5 -1 
-1 -1 -1 -1 -1 5 5 5 -1 -1 7 -1 -1 -1 5 5 -1 7 -1 5 
5 -1 -1 5 5 5 5 -1 7 5 -1 -1 -1 5 -1 5 5 -1 -1 -1 
5 -1 3 3 5 5 5 -1 -1 5 -1 -1 7 1 1 -1 5 -1 -1 5 
-1 5 1 1 5 5 -1 -1 5 5 5 5 7 7 5 5 5 5 5 -1 
5 -1 -1 1 -1 -1 7 5 5 5 5 7 -1 -1 -1 -1 5 5 5 5 
-1 5 -1 9 -1 -1 -1 7 7 -1 7 -1 5 1 13 13 5 13 13 -1 
7 -1 7 13 13 7 13 13 7 7 5 5 5 -1 7 7 7 7 7 33 
7 7 13 -1 13 13 7 9 13 -1 -1 7 -1 7 -1 7 -1 5 7 7 
7 -1 -1 3 -1 5 7 -1 13 6 7 7 -1 7 7 -1 -1 5 7 -1 
7 7 7 5 3 5 7 7 7 6 -1 7 -1 -1 -1 -1 -1 5 7 7 
7 7 5 13 5 7 7 7 7 7 -1 33 33 -1 -1 5 5 -1 7 7 
7 7 -1 -1 5 -1 5 7 5 5 11 5 33 5 5 5 7 7 7 7 
7 7 -1 -1 -1 33 7 11 10 10 5 5 5 10 5 5 1 7 7 7 
5 5 -1 -1 -1 33 33 5 11 10 11 10 5 5 5 1 1 -1 7 7 
5 7 5 5 -1 -1 11 -1 33 33 -1 10 6 5 -1 -1 5 5 -1 7 
5 7 5 5 5 5 6 33 11 7 -1 5 6 7 -1 -1 5 5 5 5 
7 7 5 5 5 5 7 6 5 7 7 7 5 6 6 1 7 5 5 5 
7 7 7 7 7 5 11 11 5 7 -1 7 7 -1 1 7 5 5 5 5 
-1 7 7 7 -1 7 5 5 7 -1 -1 7 7 7 7 7 5 5 5 7 
7 5 7 5 5 5 -1 7 7 7 -1 -1 7 7 7 7 5 5 5 7 
14 -1 13 5 5 -1 7 7 7 9 -1 -1 -1 -1 7 -1 5 5 -1 -1 
5 14 14 -1 5 13 13 13 9 -1 -1 1 -1 -1 33 -1 5 5 5 5 
7 7 -1 -1 -1 5 13 -1 13 -1 1 -1 5 7 7 7 5 -1 7 7 
33 -1 -1 13 13 -1 4 4 -1 -1 7 -1 -1 7 7 -1 5 -1 5 7 
33 33 -1 13 13 13 13 5 5 5 7 7 7 7 -1 4 -1 -1 -1 -1 
5 -1 33 7 13 13 13 -1 5 7 5 5 5 7 7 7 4 -1 7 33 
-1 41 5 5 5 33 5 5 5 5 5 5 -1 4 4 11 5 5 5 5 
5 5 11 11 33 -1 1 5 7 5 5 5 -1 5 5 -1 -1 5 5 -1 
5 -1 10 10 -1 1 -1 1 5 5 5 5 -1 5 5 5 -1 5 5 5 
-1 5 5 10 10 -1 1 5 7 7 5 5 5 4 4 33 5 5 5 5 
5 5 5 5 10 -1 5 5 7 -1 -1 5 5 5 5 -1 33 5 -1 5 
5 5 5 5 3 3 5 5 5 -1 -1 5 5 -1 5 5 5 5 5 5 
-1 5 5 5 3 5 -1 5 5 5 -1 5 10 10 -1 4 -1 5 5 5 
5 -1 5 5 5 5 -1 5 5 5 -1 -1 5 10 5 5 4 4 5 5 
5 5 5 -1 -1 -1 5 5 -1 -1 5 -1 11 11 5 -1 5 4 4 5 
5 5 5 5 -1 -1 5 5 5 5 5 5 5 5 11 5 5 4 4 5 
5 5 5 5 5 5 5 5 -1 5 5 5 5 5 5 5 5 5 5 5 
5 5 5 3 5 5 5 5 5 5 5 1 -1 -1 5 5 -1 11 -1 5 
7 5 -1 7 7 5 7 7 5 5 1 -1 -1 5 -1 11 11 -1 -1 -1 
7 7 -1 1 7 33 7 5 -1 5 5 5 5 -1 5 11 10 -1 -1 4 
-1 5 7 3 33 1 7 5 5 5 -1 5 5 -1 5 5 10 -1 5 4 
5 -1 -1 -1 3 7 7 7 -1 5 5 7 5 5 7 5 10 10 10 10 
-1 -1 -1 3 32 -1 33 7 5 -1 5 7 7 11 11 7 5 11 11 11 
-1 -1 -1 3 3 3 2 33 3 5 3 3 7 7 7 -1 11 10 10 41 
41 40 40 -1 5 3 3 3 -1 -1 4 5 7 7 -1 11 41 11 -1 40 
41 -1 5 5 -1 7 5 5 5 5 5 5 -1 7 11 10 11 5 11 -1 
5 5 5 5 5 -1 -1 5 5 5 5 5 5 -1 -1 3 1 5 5 5 
5 5 5 5 -1 5 5 -1 -1 5 5 5 5 5 1 1 -1 5 5 5 
5 5 5 -1 -1 -1 5 7 5 -1 5 5 5 -1 -1 5 5 5 5 5 
5 5 5 -1 -1 7 7 7 7 7 7 5 5 5 -1 5 5 5 5 5 
5 -1 5 -1 7 -1 7 7 7 7 -1 5 5 5 5 5 5 5 5 5 
5 6 -1 7 5 7 7 7 7 5 5 5 -1 5 -1 5 5 5 5 5 
-1 6 33 33 5 5 5 -1 5 5 5 -1 5 -1 5 5 -1 5 33 5 
33 33 5 5 5 5 5 5 5 5 -1 5 -1 -1 -1 5 4 5 33 -1 
-1 5 5 5 5 5 5 5 5 5 5 5 5 5 5 -1 5 5 5 5 
5 5 5 5 5 5 5 5 5 -1 -1 5 5 5 5 5 -1 5 5 5 
-1 5 5 5 -1 5 5 -1 5 5 5 5 5 5 5 5 5 5 5 5 
7 -1 5 -1 -1 5 5 5 -1 5 3 3 5 7 -1 5 5 5 5 7 
7 7 7 32 -1 3 5 5 7 7 -1 5 3 7 5 5 5 5 5 7 
7 -1 32 5 -1 3 3 -1 7 7 -1 -1 5 5 5 -1 -1 -1 -1 5 
-1 -1 40 40 40 3 3 -1 5 5 -1 5 3 5 5 5 5 5 1 5 
5 40 -1 -1 32 -1 -1 3 5 5 -1 5 5 5 5 5 5 5 -1 1 
5 5 5 -1 -1 5 3 5 5 5 5 5 5 5 5 5 5 7 5 -1 
5 5 5 -1 5 5 5 5 5 5 5 5 5 -1 3 3 -1 7 7 7 
7 5 5 -1 -1 5 5 5 5 5 32 5 5 3 3 7 7 7 7 7 
5 5 5 5 5 -1 5 5 5 5 -1 -1 -1 -1 -1 7 3 3 5 5 
5 5 5 5 5 -1 -1 5 5 -1 5 7 5 5 -1 5 -1 33 5 5 
5 5 5 5 4 7 -1 5 5 -1 -1 5 5 1 5 5 5 5 5 5 
5 5 5 4 5 5 5 5 5 5 5 -1 5 -1 1 5 5 5 5 5 
5 5 5 5 5 5 5 5 5 5 5 5 5 5 -1 -1 -1 5 5 -1 
5 5 5 -1 5 -1 -1 5 5 5 5 5 5 2 5 -1 -1 5 5 -1 
5 5 5 5 5 5 5 5 5 5 5 2 2 5 5 -1 5 -1 5 5 
40 5 5 5 32 5 5 -1 5 5 5 5 6 4 5 7 5 5 -1 40 
40 -1 -1 32 40 40 40 5 5 5 -1 5 6 5 -1 7 7 32 40 40 
-1 5 -1 -1 40 5 40 9 5 -1 5 5 6 -1 32 32 7 5 32 40 
5 -1 5 40 40 40 40 5 5 5 5 5 -1 5 -1 -1 32 32 8 40 
7 7 -1 -1 40 40 40 40 5 5 5 5 5 5 -1 -1 4 32 -1 8 
8 7 7 -1 -1 -1 7 -1 5 5 5 5 5 5 4 4 32 -1 40 8 
7 5 7 7 -1 -1 7 7 7 5 5 -1 5 5 5 -1 -1 -1 40 8 
5 -1 5 5 7 7 -1 -1 5 7 -1 -1 33 -1 5 -1 5 40 40 5 
5 -1 -1 -1 7 -1 -1 -1 5 5 33 33 33 33 33 -1 -1 5 5 5 
5 -1 5 5 5 7 5 5 5 32 32 33 33 -1 33 33 -1 33 5 5 
5 -1 5 5 5 5 -1 5 -1 32 33 33 -1 -1 33 33 33 5 5 5 
5 -1 5 1 -1 5 5 -1 33 33 33 32 33 33 33 -1 33 5 5 5 
5 5 1 5 5 5 5 32 5 -1 33 33 32 -1 33 33 33 -1 5 -1 
5 5 5 -1 5 5 5 5 5 5 -1 33 33 5 -1 33 33 -1 5 5 
5 4 4 5 -1 -1 5 5 -1 5 6 5 -1 5 5 -1 5 5 5 -1 
5 40 32 -1 6 5 5 5 5 -1 5 5 5 -1 5 5 5 -1 -1 5 
-1 5 40 40 -1 33 5 5 5 5 5 7 7 4 5 5 5 -1 -1 -1 
-1 -1 -1 -1 5 33 5 5 -1 40 -1 7 -1 9 -1 5 -1 5 -1 -1 
-1 7 -1 5 32 32 5 5 -1 40 6 7 6 4 -1 5 5 7 5 7 
7 -1 -1 32 -1 32 5 -1 40 7 7 7 7 -1 -1 5 -1 7 7 7 
-1 -1 32 -1 32 -1 5 5 1 7 7 7 7 5 5 5 5 5 -1 5 
-1 5 32 5 8 32 5 5 1 1 7 1 6 6 5 5 5 5 7 5 
7 7 7 5 5 -1 -1 -1 5 1 1 7 6 5 -1 5 5 5 7 7 
5 7 5 5 -1 -1 -1 5 5 1 1 1 -1 1 -1 -1 7 5 5 5 
-1 5 5 33 33 33 33 -1 1 -1 1 1 1 1 -1 7 7 7 -1 -1 
-1 5 5 5 5 -1 -1 1 -1 -1 1 32 1 1 7 7 5 5 -1 -1 
-1 5 5 5 -1 -1 -1 -1 -1 -1 -1 -1 33 1 33 7 5 -1 -1 5 
-1 5 5 5 -1 -1 -1 -1 -1 -1 -1 -1 -1 33 1 -1 5 -1 5 5 
5 5 -1 -1 -1 5 5 1 -1 -1 33 -1 -1 -1 5 -1 -1 5 5 5 
5 5 9 5 9 5 5 -1 1 -1 -1 32 32 33 -1 5 5 -1 -1 5 
5 5 9 9 -1 32 1 1 1 -1 32 32 7 -1 5 5 9 9 4 -1 
5 5 5 9 9 -1 -1 1 1 -1 -1 33 -1 7 5 9 7 4 4 4 
5 5 4 4 9 32 9 8 8 -1 -1 33 -1 -1 5 -1 5 5 5 5 
4 4 4 -1 -1 8 5 -1 -1 -1 -1 6 5 1 5 5 5 4 4 5 
8 -1 9 8 9 9 -1 -1 9 33 -1 9 8 8 8 5 5 5 9 9 
9 9 9 8 -1 9 9 9 8 9 9 -1 9 9 9 -1 -1 5 -1 -1 
-1 -1 9 8 9 1 1 8 9 5 -1 -1 9 4 5 9 5 5 5 9 
8 8 9 9 9 -1 -1 8 5 5 -1 -1 4 5 -1 5 5 5 5 -1 
-1 -1 9 -1 -1 -1 -1 -1 33 9 8 8 5 5 -1 5 5 5 5 32 
32 33 33 -1 -1 33 33 9 9 9 9 8 33 -1 5 9 6 5 5 5 
33 32 -1 -1 -1 32 9 9 -1 -1 9 8 32 1 9 9 8 9 5 33 
32 32 -1 -1 32 -1 -1 -1 9 -1 33 9 32 32 1 9 9 -1 -1 -1 
-1 32 -1 33 -1 32 -1 9 33 9 5 -1 -1 1 1 5 5 4 -1 -1 
32 32 -1 33 32 32 4 -1 5 33 4 33 33 5 5 5 5 4 4 32 
-1 4 32 -1 1 1 4 -1 5 5 -1 5 33 4 5 5 5 6 5 32 
4 4 -1 1 33 5 5 3 3 5 -1 -1 -1 -1 5 -1 5 -1 6 32 
5 32 32 32 -1 -1 5 -1 33 -1 5 -1 5 5 -1 4 4 6 -1 -1 
32 5 5 40 -1 5 -1 33 -1 33 32 5 5 5 -1 -1 4 -1 -1 -1 
40 40 32 -1 40 -1 5 33 -1 33 -1 5 33 -1 5 4 -1 -1 -1 -1 
-1 32 32 -1 41 32 33 33 33 33 -1 33 33 33 5 4 5 -1 5 5 
-1 32 40 -1 -1 32 33 33 33 33 -1 32 5 33 -1 5 4 4 4 4 
32 32 -1 40 -1 33 33 -1 -1 -1 33 5 33 32 -1 5 5 4 -1 -1 
32 -1 -1 -1 1 33 -1 33 33 32 -1 -1 8 9 32 5 5 -1 -1 -1 
-1 -1 -1 8 -1 9 9 -1 33 33 33 -1 9 -1 9 5 4 4 -1 5 
-1 -1 -1 33 33 33 33 32 33 -1 -1 8 9 9 -1 33 33 -1 -1 -1 
-1 -1 -1 -1 -1 33 -1 -1 33 -1 -1 9 9 -1 33 -1 33 32 32 -1 
40 -1 -1 -1 -1 -1 -1 -1 33 -1 33 33 -1 33 33 33 32 -1 -1 -1 
-1 -1 -1 6 40 32 32 -1 -1 -1 9 33 33 32 -1 33 33 -1 -1 40 
4 -1 6 33 41 40 33 -1 -1 9 -1 -1 33 33 32 32 -1 33 -1 32 
5 2 33 41 40 33 9 33 33 9 9 9 -1 -1 33 5 -1 5 5 5 
5 8 2 41 -1 9 -1 -1 -1 -1 9 9 33 -1 32 5 -1 4 -1 4 
5 -1 -1 2 -1 9 -1 8 -1 1 9 -1 -1 33 33 -1 5 5 -1 5 
-1 -1 -1 2 -1 32 32 32 9 9 -1 2 -1 33 33 -1 -1 -1 5 5 
-1 -1 33 -1 1 -1 32 -1 9 33 5 2 2 33 2 2 -1 -1 5 5 
-1 -1 33 -1 33 32 33 -1 1 33 5 5 4 2 2 -1 9 -1 -1 -1 
-1 32 33 32 33 1 1 -1 1 -1 33 5 5 2 8 -1 8 9 -1 -1 
8 33 32 32 32 33 33 1 33 33 33 32 5 8 9 9 9 8 8 8 
-1 33 -1 -1 -1 33 32 -1 32 32 -1 2 2 -1 -1 8 -1 8 8 32 
33 33 33 -1 -1 -1 -1 32 33 32 32 -1 -1 -1 8 9 8 8 8 32 
33 33 33 -1 -1 -1 32 40 33 32 -1 -1 -1 9 9 -1 9 32 8 -1 
33 33 33 -1 33 -1 32 40 32 -1 33 33 33 -1 9 -1 9 8 9 9 
9 33 -1 -1 33 32 -1 32 32 32 32 -1 -1 3 8 8 -1 -1 9 9 
33 9 -1 -1 32 32 32 -1 -1 32 -1 -1 8 7 3 8 8 33 9 -1 
-1 33 -1 -1 33 33 32 32 32 -1 -1 8 8 -1 -1 32 33 33 -1 -1 
-1 2 2 -1 -1 -1 -1 -1 -1 -1 -1 33 33 32 -1 -1 -1 -1 -1 2 
-1 -1 -1 -1 -1 -1 -1 -1 -1 7 -1 -1 33 -1 -1 -1 -1 -1 9 -1 
2 2 -1 7 -1 -1 -1 -1 -1 41 7 41 -1 -1 -1 -1 -1 -1 2 -1 
-1 2 7 7 7 -1 -1 -1 -1 41 41 -1 -1 -1 -1 1 -1 -1 2 -1 
2 -1 7 7 -1 -1 -1 -1 41 40 -1 -1 -1 8 1 -1 -1 2 -1 2 
-1 -1 -1 -1 -1 -1 -1 33 41 41 41 -1 9 9 2 2 -1 -1 2 34 
34 -1 -1 40 -1 -1 1 41 -1 -1 -1 9 9 2 2 -1 2 -1 34 -1 
34 40 -1 -1 -1 1 -1 -1 -1 -1 -1 41 -1 -1 2 2 -1 -1 -1 -1 
-1 -1 -1 -1 -1 -1 -1 -1 32 -1 -1 -1 -1 -1 -1 -1 -1 -1 -1 -1 
-1 -1 -1 -1 -1 -1 -1 33 -1 -1 -1 -1 36 -1 -1 -1 -1 -1 -1 -1 
33 -1 -1 -1 -1 -1 -1 -1 -1 -1 -1 -1 36 -1 -1 -1 -1 33 33 1 
33 2 -1 -1 33 -1 -1 -1 33 33 -1 41 -1 -1 -1 -1 -1 33 -1 33 
33 -1 -1 -1 2 33 33 33 33 33 41 40 -1 32 -1 -1 -1 32 32 33 
-1 2 2 -1 33 -1 -1 33 -1 41 41 41 -1 32 32 -1 33 32 32 32 
2 -1 2 2 -1 33 33 33 32 32 32 32 32 -1 -1 -1 -1 33 2 2 
2 2 -1 -1 32 -1 32 33 33 -1 33 -1 -1 -1 2 -1 -1 -1 -1 -1 
2 -1 -1 -1 32 40 32 33 -1 -1 -1 -1 32 2 33 33 -1 -1 -1 2 
2 -1 -1 41 41 40 40 40 -1 33 -1 -1 -1 33 33 33 32 -1 -1 2 
-1 -1 -1 -1 2 -1 41 -1 33 33 -1 -1 -1 32 32 33 32 33 -1 -1 
2 2 -1 -1 2 41 -1 -1 41 41 -1 -1 32 -1 -1 -1 -1 -1 -1 -1 
2 2 -1 2 2 -1 2 2 2 -1 2 2 2 -1 2 -1 -1 2 -1 2 
2 2 2 2 2 -1 2 2 -1 2 2 -1 2 -1 -1 2 -1 -1 2 2 
2 2 2 -1 2 2 -1 2 41 -1 -1 -1 -1 -1 -1 -1 2 2 2 2 
2 2 2 -1 2 -1 2 -1 -1 1 -1 -1 -1 -1 -1 -1 2 2 2 2 
2 2 -1 2 -1 -1 -1 2 41 41 41 -1 -1 -1 -1 2 2 2 -1 2 
2 -1 2 2 -1 -1 -1 41 1 41 -1 -1 -1 -1 2 40 2 -1 2 -1 
-1 32 -1 -1 -1 -1 41 -1 -1 2 -1 2 -1 -1 2 -1 40 41 2 41 
33 32 -1 -1 -1 -1 -1 -1 -1 -1 2 2 2 2 -1 2 -1 40 41 41 
-1 33 -1 -1 -1 -1 -1 -1 -1 -1 2 2 2 -1 2 -1 40 40 41 41 
-1 -1 -1 -1 -1 -1 -1 -1 -1 -1 2 2 2 -1 -1 -1 40 40 41 -1 
-1 -1 -1 -1 -1 -1 -1 2 -1 -1 -1 2 -1 -1 -1 -1 -1 -1 -1 -1 
-1 -1 -1 -1 -1 -1 -1 -1 2 2 2 2 2 -1 -1 -1 -1 -1 -1 -1 
-1 -1 -1 -1 -1 -1 2 -1 2 -1 -1 2 -1 -1 -1 -1 -1 -1 -1 -1 
-1 -1 -1 -1 -1 -1 2 2 -1 -1 -1 -1 -1 -1 -1 -1 -1 -1 -1 -1 
-1 -1 -1 -1 32 -1 -1 -1 -1 -1 -1 -1 41 -1 -1 -1 -1 -1 -1 -1 
-1 -1 -1 -1 32 32 2 2 -1 2 2 41 41 -1 -1 -1 -1 -1 -1 -1 
-1 -1 -1 -1 32 32 -1 -1 2 2 2 -1 -1 -1 -1 2 -1 -1 -1 -1 
-1 -1 2 2 2 32 -1 2 2 -1 -1 33 32 32 -1 2 2 2 -1 -1 
2 2 -1 2 2 -1 32 -1 2 -1 -1 33 -1 -1 -1 2 2 2 -1 2 
-1 -1 -1 2 -1 9 -1 2 2 2 2 2 33 -1 -1 -1 2 2 2 2 
2 2 -1 2 2 2 40 -1 2 -1 2 40 41 41 41 41 -1 2 -1 2 
-1 -1 -1 2 2 2 40 40 -1 -1 -1 2 -1 41 41 -1 -1 2 -1 -1 
-1 -1 -1 2 -1 -1 40 2 40 -1 -1 2 -1 41 41 41 40 40 40 -1 
-1 -1 -1 -1 40 32 40 32 -1 -1 -1 -1 40 40 41 40 40 -1 -1 -1 
-1 -1 2 2 40 2 40 32 40 32 -1 -1 40 41 -1 -1 -1 -1 -1 -1 
2 2 -1 -1 2 2 2 -1 2 -1 2 2 -1 -1 -1 -1 -1 -1 -1 2 
-1 -1 -1 -1 -1 -1 -1 -1 2 -1 2 -1 2 -1 -1 -1 -1 -1 2 2 
-1 -1 -1 -1 -1 -1 -1 -1 2 -1 -1 2 2 2 3 -1 -1 -1 -1 -1 
-1 -1 2 -1 -1 -1 2 2 -1 2 -1 2 -1 3 -1 -1 -1 -1 2 2 
-1 -1 -1 2 2 2 2 2 2 2 2 3 3 3 3 -1 -1 2 -1 2 
-1 -1 2 -1 2 -1 2 2 2 2 3 2 2 3 3 -1 3 2 2 -1 
-1 -1 -1 2 2 3 3 -1 2 -1 3 -1 2 3 -1 3 -1 3 3 -1 
41 -1 -1 -1 2 3 -1 -1 -1 -1 -1 -1 -1 3 3 3 -1 -1 41 -1 
41 41 41 -1 3 3 2 2 -1 41 3 -1 -1 3 2 -1 -1 2 2 41 
40 41 -1 3 -1 3 2 2 2 -1 -1 -1 -1 -1 3 2 -1 2 2 2 
-1 -1 -1 3 3 3 -1 2 2 -1 -1 -1 3 2 3 3 2 3 2 -1 
2 -1 3 2 -1 2 2 2 -1 -1 -1 -1 -1 3 3 2 -1 3 -1 2 
-1 -1 2 2 2 -1 2 2 2 -1 -1 -1 -1 3 -1 -1 3 3 2 -1 
-1 2 2 -1 -1 2 -1 2 2 2 -1 -1 -1 3 3 -1 41 2 2 -1 
-1 2 2 -1 -1 2 2 2 -1 2 -1 -1 40 41 -1 41 -1 -1 2 2 
-1 6 -1 3 6 -1 -1 -1 -1 -1 -1 3 -1 3 3 4 4 4 -1 -1 
-1 -1 -1 -1 -1 -1 -1 3 3 3 3 -1 -1 3 3 4 4 4 4 -1 
-1 -1 -1 -1 2 -1 -1 -1 -1 3 -1 -1 -1 -1 -1 -1 4 -1 -1 -1 
-1 -1 -1 -1 2 2 2 -1 7 -1 -1 -1 -1 -1 -1 -1 -1 -1 -1 -1 
-1 -1 -1 2 2 -1 2 2 7 -1 -1 5 -1 -1 -1 -1 -1 -1 -1 -1 
-1 -1 -1 -1 -1 2 7 7 -1 -1 7 -1 -1 -1 -1 -1 -1 -1 -1 -1 
1 -1 -1 1 -1 7 4 7 -1 -1 5 -1 -1 -1 -1 -1 -1 -1 1 1 
-1 -1 1 1 7 7 4 7 7 4 -1 7 -1 -1 4 -1 -1 -1 -1 1 
-1 -1 1 2 7 1 -1 6 7 6 -1 7 4 1 1 -1 1 4 -1 -1 
-1 -1 -1 2 2 -1 -1 -1 6 4 -1 4 -1 1 1 1 1 6 4 -1 
4 -1 -1 2 -1 -1 -1 -1 2 4 -1 -1 -1 1 -1 -1 -1 -1 6 -1 
4 4 -1 4 2 -1 -1 -1 2 -1 -1 -1 -1 4 -1 -1 -1 -1 4 2 
2 -1 4 4 -1 -1 -1 -1 -1 -1 2 -1 -1 -1 4 -1 4 4 4 -1 
2 2 2 -1 -1 -1 -1 -1 -1 -1 2 -1 -1 -1 -1 4 -1 4 2 2 
2 2 2 -1 -1 -1 -1 -1 -1 -1 2 -1 -1 -1 -1 -1 4 -1 -1 2 
2 -1 6 -1 6 -1 -1 -1 -1 -1 -1 -1 -1 -1 -1 -1 -1 -1 -1 -1 
2 -1 6 6 6 -1 -1 6 -1 -1 -1 -1 -1 -1 -1 -1 4 -1 -1 -1 
-1 6 6 6 6 6 6 6 6 3 -1 4 4 4 4 3 4 4 -1 -1 
-1 6 -1 6 3 3 -1 6 6 3 -1 4 4 4 3 4 4 4 -1 -1 
-1 -1 6 3 3 6 6 -1 -1 3 -1 -1 3 3 4 4 4 -1 -1 -1 
1 6 1 -1 -1 2 1 1 1 1 2 2 2 -1 -1 -1 -1 -1 -1 1 
6 1 2 2 -1 -1 1 1 1 2 -1 2 4 4 -1 4 4 -1 -1 6 
4 1 2 2 -1 1 1 -1 -1 -1 2 2 2 4 4 4 4 -1 7 -1 
4 2 -1 -1 -1 1 2 2 -1 -1 2 2 4 4 4 4 4 -1 7 4 
2 -1 2 2 2 2 2 2 1 2 2 4 -1 -1 -1 -1 -1 -1 4 4 
4 -1 -1 -1 -1 2 -1 -1 2 2 2 -1 -1 -1 -1 4 4 -1 -1 4 
4 -1 4 4 4 4 2 2 2 2 -1 -1 -1 -1 4 4 4 -1 -1 -1 
4 -1 4 4 4 4 -1 2 2 -1 4 -1 4 4 4 4 4 2 -1 -1 
-1 -1 4 4 4 -1 -1 4 -1 4 -1 4 4 -1 4 -1 2 -1 -1 4 
4 4 -1 -1 -1 -1 4 4 4 4 4 -1 4 4 4 4 2 2 4 4 
-1 -1 -1 -1 4 4 4 4 4 -1 4 -1 4 4 -1 4 2 -1 -1 -1 
-1 -1 -1 4 4 -1 -1 4 -1 4 4 4 4 -1 4 2 -1 -1 -1 -1 
2 2 4 4 -1 -1 -1 4 -1 -1 4 4 -1 -1 -1 -1 -1 -1 -1 -1 
4 2 2 6 -1 4 -1 4 4 4 4 4 4 -1 -1 -1 -1 -1 -1 4 
4 4 -1 6 -1 4 4 1 -1 4 4 4 4 -1 4 4 -1 -1 6 -1 
6 4 -1 4 2 4 -1 4 -1 -1 4 4 -1 4 -1 4 4 -1 -1 6 
-1 -1 6 6 2 2 -1 4 -1 -1 -1 2 -1 2 -1 4 -1 -1 -1 -1 
6 1 1 -1 2 2 2 -1 -1 -1 2 -1 2 2 -1 -1 6 -1 6 6 
1 -1 1 -1 1 1 -1 1 1 -1 -1 2 2 2 -1 -1 6 6 -1 -1 
1 1 1 -1 -1 1 1 2 1 2 -1 -1 2 -1 -1 -1 6 6 -1 1 
4 4 4 4 -1 2 2 2 2 2 4 -1 -1 4 -1 4 4 -1 4 4 
6 4 4 -1 32 2 2 -1 2 2 2 4 -1 4 6 6 4 4 4 4 
4 -1 2 2 2 2 -1 2 2 2 2 2 -1 4 4 4 1 4 -1 -1 
2 2 2 4 2 2 2 2 -1 2 -1 2 -1 6 -1 1 1 -1 -1 -1 
4 -1 4 -1 -1 2 2 2 2 2 -1 -1 2 6 -1 1 -1 2 -1 6 
4 4 4 -1 6 6 2 2 6 2 2 2 -1 2 -1 -1 2 2 -1 -1 
6 6 6 -1 6 6 2 2 6 2 2 4 -1 2 4 4 6 4 4 4 
4 6 32 -1 -1 6 6 2 2 4 4 4 -1 2 6 6 4 -1 4 4 
-1 4 4 32 -1 2 6 2 2 6 -1 2 4 -1 6 6 6 -1 4 4 
-1 4 6 -1 32 -1 4 4 -1 4 1 4 6 -1 2 6 -1 -1 -1 4 
-1 4 6 6 6 -1 2 4 4 4 -1 6 6 -1 4 -1 -1 -1 4 4 
4 4 4 -1 -1 4 -1 6 4 4 4 -1 6 6 -1 -1 -1 -1 -1 4 
4 4 4 -1 6 -1 4 4 6 4 4 4 6 6 4 4 -1 -1 4 4 
4 4 -1 -1 6 6 -1 6 4 6 4 6 -1 4 4 4 -1 -1 -1 4 
4 4 4 6 -1 6 -1 4 4 6 4 -1 -1 4 4 6 -1 -1 -1 -1 
4 4 2 -1 6 6 4 4 -1 -1 4 4 -1 -1 -1 -1 6 6 2 -1 
2 2 -1 2 -1 4 4 4 4 4 4 -1 -1 2 -1 2 -1 2 2 2 
2 4 -1 2 -1 4 4 4 4 -1 -1 4 2 -1 2 -1 2 2 2 -1 
4 -1 2 2 4 4 4 4 4 -1 -1 -1 -1 2 2 2 2 1 -1 -1 
-1 2 4 4 4 4 2 2 2 4 -1 -1 -1 2 -1 2 -1 -1 4 -1 
-1 4 -1 6 6 6 -1 4 -1 6 6 4 4 4 4 4 4 -1 4 -1 
4 -1 4 -1 6 4 4 4 -1 -1 -1 4 -1 -1 -1 4 4 4 -1 4 
4 4 -1 6 4 -1 -1 -1 4 4 4 -1 -1 -1 -1 -1 4 4 4 4 
4 6 6 4 -1 -1 -1 5 5 4 4 4 4 4 2 2 -1 4 4 -1 
4 6 4 -1 4 4 4 5 5 4 4 4 4 -1 2 2 4 4 4 -1 
-1 6 4 6 4 6 6 6 4 5 4 -1 4 2 4 4 -1 4 -1 -1 
6 -1 6 4 4 -1 4 4 6 2 -1 -1 2 4 4 4 4 4 4 6 
4 2 6 4 -1 4 -1 4 -1 -1 2 1 33 -1 4 -1 -1 2 2 -1 
4 4 4 -1 -1 4 4 -1 -1 2 6 2 2 4 4 -1 -1 -1 6 6 
4 4 -1 -1 -1 4 -1 -1 -1 -1 6 6 4 6 6 4 -1 4 6 6 
4 -1 6 -1 -1 2 2 6 -1 6 4 6 -1 6 6 -1 6 4 6 6 
4 4 6 6 -1 2 6 6 -1 4 4 4 6 6 6 6 7 4 6 4 
-1 4 -1 -1 -1 2 2 6 6 6 -1 6 6 -1 6 7 7 4 4 4 
4 6 4 4 4 6 6 6 6 4 6 6 6 -1 -1 -1 4 4 4 -1 
6 4 -1 -1 4 6 -1 6 6 -1 6 4 6 6 6 6 4 4 4 6 
6 4 4 -1 4 2 -1 -1 4 4 6 6 6 -1 6 4 4 -1 -1 4 
-1 4 4 4 2 -1 -1 6 4 4 4 6 -1 4 4 4 4 -1 -1 -1 
4 4 6 -1 4 -1 6 6 4 -1 2 -1 -1 -1 4 4 4 4 4 2 
2 4 6 6 6 -1 6 6 4 -1 -1 4 -1 -1 4 4 -1 4 4 4 
4 4 4 6 6 6 -1 4 4 4 -1 -1 4 4 4 -1 4 4 4 4 
2 2 2 2 2 2 -1 6 6 4 6 4 4 -1 -1 6 6 4 4 4 
-1 4 2 2 -1 2 2 2 6 -1 4 6 4 6 -1 -1 -1 4 -1 -1 
4 4 4 4 4 4 33 -1 -1 -1 4 -1 6 6 6 2 6 4 6 -1 
-1 -1 -1 4 -1 33 33 33 -1 -1 -1 4 -1 6 -1 -1 6 -1 2 2 
3 -1 -1 -1 -1 33 33 32 32 -1 33 -1 6 6 -1 2 2 -1 2 2 
-1 -1 -1 -1 33 -1 33 32 32 33 -1 -1 2 6 -1 -1 -1 2 2 -1 
-1 2 2 6 2 6 4 33 32 33 -1 2 -1 -1 -1 2 2 2 2 -1 
-1 2 2 2 6 -1 -1 -1 32 32 -1 -1 2 -1 -1 -1 2 -1 -1 -1 
2 2 2 6 6 -1 -1 4 -1 33 2 2 2 2 2 -1 -1 -1 -1 2 
2 2 2 -1 -1 4 6 6 -1 4 -1 2 2 2 -1 2 2 2 -1 2 
2 -1 2 -1 -1 4 -1 4 -1 4 2 -1 -1 3 2 2 2 2 -1 2 
-1 2 2 2 2 4 4 4 4 2 -1 3 3 3 2 2 6 -1 2 2 
4 2 2 4 2 4 -1 -1 2 4 -1 -1 -1 -1 -1 -1 2 2 2 2 
2 2 2 4 4 4 4 2 3 3 3 -1 -1 4 4 -1 4 4 -1 4 
-1 2 4 2 -1 4 4 -1 3 -1 3 -1 -1 4 4 6 4 4 4 4 
4 4 4 2 2 4 4 -1 -1 3 -1 -1 -1 -1 6 -1 4 4 4 4 
4 4 -1 -1 -1 4 6 3 3 3 -1 -1 -1 2 2 -1 4 4 -1 4 
4 2 2 -1 -1 6 3 -1 2 -1 -1 -1 -1 -1 2 4 4 4 4 4 
-1 2 2 2 2 -1 -1 2 6 -1 4 -1 -1 -1 -1 6 6 4 -1 -1 
2 2 2 2 2 -1 2 6 6 4 6 -1 -1 6 6 -1 6 4 4 2 
4 4 -1 4 4 -1 -1 32 -1 6 3 -1 -1 -1 -1 4 -1 -1 4 4 
-1 -1 4 4 4 -1 4 -1 6 3 -1 -1 4 4 -1 -1 4 4 4 4 
4 4 4 2 4 4 4 4 4 3 3 3 3 -1 -1 -1 -1 4 4 4 
4 -1 4 2 4 4 4 4 -1 -1 -1 3 3 3 4 4 -1 4 4 4 
3 4 -1 4 4 4 -1 4 2 2 3 3 3 3 -1 4 -1 -1 4 4 
4 4 4 -1 -1 4 4 4 -1 3 3 3 3 -1 11 4 -1 3 -1 -1 
3 4 4 4 4 4 4 4 4 -1 3 3 3 3 8 3 4 -1 3 3 
3 6 -1 4 4 3 3 -1 4 4 -1 3 3 3 3 4 4 8 8 6 
-1 1 1 4 4 -1 3 3 4 -1 -1 3 3 8 -1 8 8 8 6 4 
8 8 4 1 4 -1 3 4 4 -1 3 -1 4 -1 8 8 8 8 8 8 
8 -1 4 4 -1 4 4 -1 4 3 -1 4 -1 3 3 6 8 8 -1 8 
4 4 4 -1 4 -1 4 -1 -1 4 3 3 4 4 33 6 8 -1 -1 4 
-1 4 -1 -1 -1 4 4 -1 4 4 3 3 3 33 -1 8 6 6 -1 4 
4 4 2 2 -1 4 -1 -1 4 3 3 3 3 -1 4 -1 -1 3 -1 -1 
4 -1 -1 -1 2 4 4 -1 32 32 3 33 -1 -1 4 3 3 4 4 -1 
-1 4 -1 -1 4 4 4 -1 32 -1 33 33 33 4 4 3 4 3 4 4 
4 -1 -1 -1 -1 4 4 -1 32 3 -1 4 32 -1 -1 3 3 3 3 4 
-1 4 4 -1 4 -1 32 32 3 -1 33 4 -1 4 -1 3 3 3 4 4 
4 4 4 -1 -1 4 32 32 32 -1 4 -1 4 -1 -1 -1 2 4 -1 4 
4 4 -1 4 -1 4 -1 32 -1 -1 -1 -1 -1 4 4 4 4 2 2 4 
-1 4 3 3 3 3 3 3 3 3 3 -1 3 -1 3 6 6 6 -1 4 
4 6 -1 -1 -1 -1 -1 4 4 3 3 3 3 3 6 -1 -1 6 4 4 
-1 4 6 -1 -1 -1 3 3 3 3 3 3 3 6 6 6 -1 6 4 4 
3 -1 -1 -1 -1 -1 4 3 3 -1 3 -1 -1 3 3 6 -1 6 3 4 
3 3 3 -1 -1 4 -1 32 -1 -1 3 3 3 3 2 2 6 3 -1 3 
3 -1 -1 3 -1 -1 4 5 -1 3 3 3 3 -1 3 3 6 6 -1 -1 
-1 -1 4 4 6 32 -1 5 -1 3 3 3 -1 3 3 6 3 6 41 33 
6 -1 -1 4 4 5 5 4 -1 3 3 -1 3 3 3 -1 6 -1 6 41 
41 6 -1 4 -1 -1 5 4 3 4 3 3 3 3 3 3 -1 3 3 3 
-1 -1 4 -1 4 -1 -1 4 4 4 3 3 3 3 -1 -1 -1 3 3 4 
4 -1 4 4 4 4 -1 -1 4 4 4 -1 3 -1 3 -1 3 6 3 4 
4 4 41 4 4 -1 4 4 -1 -1 -1 4 4 4 4 -1 -1 -1 6 -1 
4 4 4 4 4 4 4 4 4 -1 -1 4 4 4 6 6 6 -1 3 6 
33 4 -1 4 4 -1 -1 4 -1 4 -1 4 3 3 3 6 6 -1 3 3 
-1 -1 4 4 4 4 4 4 4 4 4 4 4 4 -1 -1 -1 3 3 3 
4 4 -1 4 4 4 4 4 -1 -1 4 -1 4 4 -1 -1 -1 3 3 3 
3 4 4 4 -1 -1 4 4 -1 4 4 -1 -1 32 32 -1 -1 3 3 3 
3 3 4 3 -1 -1 -1 4 4 -1 3 -1 -1 -1 -1 -1 3 3 3 3 
4 4 3 4 4 4 4 3 3 3 3 -1 32 -1 6 6 3 3 -1 -1 
4 3 4 3 -1 4 4 -1 3 3 3 32 -1 -1 6 6 6 3 3 -1 
-1 -1 4 -1 3 -1 -1 2 2 -1 2 -1 -1 4 4 -1 -1 -1 4 4 
3 4 4 4 3 3 -1 3 -1 3 3 2 2 3 -1 -1 -1 -1 -1 4 
3 4 3 4 3 3 3 2 3 3 3 -1 2 3 3 -1 -1 6 -1 4 
3 3 3 3 4 -1 2 3 3 -1 -1 3 3 3 3 -1 6 6 6 -1 
3 3 3 -1 3 3 3 3 3 3 3 3 32 32 3 3 -1 6 3 3 
3 3 -1 3 3 3 3 -1 -1 3 3 32 3 3 3 -1 -1 -1 -1 3 
3 -1 3 -1 2 -1 -1 -1 3 3 3 3 3 3 3 -1 3 3 3 3 
3 -1 3 -1 -1 -1 -1 -1 3 3 3 32 3 3 3 3 3 3 3 3 
-1 3 3 4 3 3 -1 -1 3 3 3 3 -1 3 3 3 3 3 3 3 
3 3 -1 -1 3 3 -1 -1 3 3 3 -1 3 3 3 3 3 3 3 3 
1 3 3 3 -1 -1 -1 3 3 3 32 3 32 3 3 -1 3 3 -1 3 
3 3 3 3 3 -1 3 -1 3 3 3 32 3 3 -1 3 3 -1 3 1 
3 3 3 -1 -1 -1 -1 -1 3 -1 3 3 3 3 3 3 3 3 3 3 
3 3 -1 4 -1 -1 3 3 3 3 3 3 3 3 3 3 3 3 3 3 
3 -1 4 -1 4 3 3 3 3 -1 3 3 3 -1 3 3 3 -1 3 3 
3 -1 3 3 3 3 3 3 4 4 3 2 3 -1 -1 3 3 -1 -1 3 
4 3 3 3 3 3 3 -1 3 -1 4 -1 2 -1 -1 -1 3 4 -1 3 
4 4 3 -1 3 -1 -1 3 -1 -1 -1 -1 2 4 -1 4 4 4 3 4 
4 4 3 -1 3 3 3 -1 2 -1 2 -1 4 4 4 4 -1 4 4 4 
4 3 -1 3 -1 -1 3 2 2 2 2 2 4 -1 -1 -1 -1 4 4 4 
-1 4 -1 3 3 3 3 3 3 -1 6 3 3 3 3 3 4 -1 3 -1 
6 4 3 3 3 -1 -1 3 3 4 4 3 3 4 4 -1 -1 -1 -1 -1 
6 6 3 3 3 -1 3 3 2 3 4 3 -1 -1 -1 -1 -1 9 -1 6 
2 -1 3 3 -1 4 -1 8 2 3 4 3 -1 -1 4 3 -1 -1 9 2 
32 3 3 3 -1 4 8 -1 -1 3 3 3 3 3 3 3 -1 -1 4 2 
3 -1 3 32 32 9 9 3 -1 3 3 3 3 6 3 3 -1 3 -1 2 
-1 2 -1 3 4 4 4 -1 3 3 -1 3 6 -1 -1 3 3 1 1 -1 
4 2 2 2 -1 -1 4 -1 32 4 3 -1 3 3 6 -1 3 1 1 -1 
4 4 2 -1 2 -1 -1 -1 32 32 32 32 -1 3 -1 6 -1 -1 4 4 
4 -1 2 -1 2 -1 32 32 32 -1 32 -1 3 3 -1 -1 3 -1 -1 4 
6 -1 6 6 2 -1 6 -1 6 32 6 6 -1 3 3 3 -1 -1 -1 4 
6 -1 6 6 2 6 -1 6 3 4 -1 6 3 3 -1 3 3 -1 3 6 
3 -1 6 4 4 4 6 6 -1 3 -1 3 3 3 -1 3 3 3 3 3 
6 6 -1 4 4 4 4 6 4 -1 3 3 3 3 3 3 3 3 3 3 
3 -1 6 6 4 -1 -1 6 4 4 -1 3 -1 3 3 -1 3 3 3 3 
3 6 6 6 -1 -1 -1 4 -1 -1 -1 3 3 3 3 3 2 3 -1 3 
3 3 -1 3 -1 -1 -1 -1 -1 3 -1 -1 3 3 3 3 3 3 3 3 
3 3 -1 -1 3 -1 3 3 3 3 3 3 -1 3 3 3 -1 3 3 -1 
-1 3 -1 3 3 3 3 3 -1 3 3 3 3 -1 3 3 3 3 -1 3 
-1 3 -1 -1 -1 3 3 3 3 -1 -1 3 3 3 3 3 -1 4 3 3 
-1 -1 -1 4 4 -1 6 6 -1 -1 -1 -1 -1 6 6 2 2 2 4 2 
4 4 4 4 4 6 4 6 6 -1 -1 -1 -1 6 6 2 2 -1 2 4 
4 -1 6 6 4 -1 4 4 6 6 6 -1 -1 -1 6 -1 -1 -1 6 -1 
-1 -1 6 6 6 -1 4 6 -1 6 4 6 -1 -1 -1 6 6 6 6 -1 
-1 -1 -1 6 -1 -1 -1 4 4 -1 6 6 -1 -1 -1 -1 6 6 -1 4 
-1 -1 6 6 6 6 -1 4 2 1 -1 6 -1 6 -1 -1 6 4 4 4 
-1 4 6 -1 4 -1 4 2 1 -1 -1 1 -1 6 -1 6 4 4 4 -1 
6 4 -1 -1 4 4 4 4 4 1 1 1 1 4 6 -1 4 4 4 -1 
6 -1 -1 -1 -1 4 -1 2 2 -1 6 1 -1 4 4 4 4 4 4 6 
6 6 6 -1 4 2 2 2 4 6 -1 6 -1 -1 4 4 -1 4 4 6 
6 -1 -1 6 -1 3 2 3 2 4 -1 -1 -1 -1 4 -1 4 4 -1 -1 
6 3 6 3 6 3 -1 2 3 4 1 -1 2 -1 -1 3 3 6 4 6 
6 6 3 6 -1 3 -1 -1 3 2 2 1 2 3 3 -1 3 3 4 6 
-1 -1 -1 -1 3 3 3 3 4 4 2 1 3 3 3 3 -1 4 4 -1 
4 -1 4 -1 2 4 3 3 -1 2 2 2 6 3 3 4 3 4 4 4 
4 4 6 6 -1 4 4 3 4 -1 4 4 3 6 -1 57 4 56 6 4 
4 -1 -1 2 -1 4 4 -1 4 4 4 4 3 6 -1 -1 4 6 4 2 
2 2 2 2 -1 4 -1 -1 -1 -1 -1 4 6 6 -1 -1 56 -1 2 4 
4 -1 2 -1 -1 -1 -1 4 4 -1 -1 -1 4 6 6 6 56 56 4 4 
2 4 4 4 4 -1 -1 6 -1 -1 -1 -1 4 4 6 6 -1 4 -1 -1 
-1 -1 -1 -1 -1 -1 32 32 -1 2 2 1 1 1 4 4 4 -1 -1 4 
4 6 -1 4 -1 -1 -1 1 1 1 4 4 -1 4 4 4 -1 4 4 4 
4 -1 6 6 -1 -1 -1 4 2 2 1 1 4 -1 4 6 -1 4 4 4 
6 6 6 2 -1 -1 4 1 -1 2 1 2 2 2 6 6 6 -1 6 -1 
-1 6 6 6 -1 -1 4 4 4 32 2 4 2 -1 6 4 4 4 -1 -1 
6 -1 4 6 2 2 2 -1 4 4 4 4 4 4 4 4 4 -1 6 6 
6 4 6 2 2 2 6 4 4 4 4 4 4 -1 4 -1 1 -1 -1 6 
6 4 4 4 4 2 4 4 -1 6 4 4 -1 4 -1 4 2 4 6 6 
4 6 6 2 4 4 4 4 4 4 4 -1 4 4 -1 -1 2 6 -1 6 
2 2 6 6 6 -1 4 4 -1 -1 -1 4 4 -1 4 2 -1 6 2 4 
2 2 -1 -1 4 6 4 4 -1 -1 -1 6 -1 -1 4 8 6 6 2 2 
2 -1 2 -1 6 -1 4 -1 -1 6 6 6 -1 4 -1 8 4 4 2 4 
4 4 4 4 4 4 -1 1 2 -1 6 6 6 4 2 2 4 4 -1 -1 
4 4 6 4 -1 4 2 4 -1 6 -1 -1 6 2 4 2 4 4 -1 -1 
-1 6 4 4 4 2 6 2 6 4 4 2 6 1 2 4 4 -1 -1 -1 
-1 4 6 6 6 4 2 2 2 6 4 2 2 1 1 4 -1 -1 -1 -1 
6 -1 6 -1 4 -1 -1 6 2 2 -1 -1 1 1 4 4 6 -1 6 6 
6 -1 -1 -1 4 1 2 2 2 2 4 1 1 1 -1 1 2 6 6 6 
40 40 -1 6 -1 -1 1 2 6 2 2 1 1 -1 1 -1 1 2 -1 6 
40 -1 -1 -1 -1 -1 32 2 6 2 2 1 1 4 4 4 4 1 6 -1 
4 4 4 -1 -1 4 4 -1 6 6 -1 6 2 4 4 4 6 2 2 2 
-1 -1 4 4 4 -1 6 6 -1 2 2 2 6 4 4 4 2 2 2 2 
2 6 -1 4 4 4 4 -1 2 2 6 6 6 4 3 4 -1 2 2 2 
2 -1 4 4 2 4 4 4 6 -1 6 6 6 -1 -1 3 4 -1 2 2 
-1 2 2 -1 2 2 2 4 6 -1 6 6 6 6 4 4 4 2 2 2 
2 2 2 2 -1 2 4 4 4 6 6 6 -1 6 4 4 4 4 -1 2 
2 2 2 -1 6 6 -1 4 4 4 1 6 2 -1 6 4 4 4 -1 32 
4 4 4 4 6 4 6 6 6 -1 4 4 6 4 4 4 4 -1 4 4 
4 4 4 -1 4 -1 6 6 6 4 6 -1 6 6 4 4 -1 4 -1 4 
2 4 4 4 4 6 -1 6 6 6 6 -1 6 6 4 6 6 4 4 -1 
6 6 -1 -1 -1 -1 -1 6 4 4 -1 -1 -1 6 -1 -1 6 6 6 6 
-1 6 6 -1 -1 4 -1 4 4 6 -1 6 6 6 6 -1 6 6 -1 -1 
4 -1 6 4 -1 4 6 4 6 4 6 6 -1 -1 6 6 6 -1 6 6 
6 -1 6 -1 4 4 -1 4 -1 6 6 6 6 -1 -1 4 4 4 6 6 
6 4 6 6 6 6 6 6 6 6 6 6 -1 6 -1 4 4 4 4 6 
6 4 4 6 6 -1 6 6 6 6 6 -1 6 4 6 6 4 -1 4 1 
6 4 -1 6 6 6 -1 6 6 6 6 6 6 4 4 4 4 6 6 4 
2 2 4 4 4 -1 -1 -1 6 6 4 6 4 6 4 4 6 4 4 4 
4 2 2 2 2 6 6 -1 6 6 6 6 6 -1 6 6 4 6 6 6 
4 4 -1 2 -1 6 6 4 2 6 4 6 -1 4 4 4 6 6 2 2 
4 4 4 6 4 6 -1 -1 -1 4 4 6 6 4 -1 4 -1 -1 4 4 
4 4 4 4 -1 4 4 -1 40 40 6 6 4 -1 4 4 2 6 2 4 
4 4 4 -1 -1 4 6 6 40 40 4 -1 -1 6 4 2 6 4 4 4 
4 4 4 4 4 4 4 6 6 40 4 4 -1 -1 4 2 4 6 4 -1 
-1 4 4 4 33 6 4 6 6 40 -1 -1 6 4 2 6 2 6 6 -1 
4 4 4 4 32 33 8 4 4 4 4 6 6 32 2 2 6 -1 8 8 
8 8 6 -1 4 8 6 6 6 -1 4 -1 6 2 32 2 -1 4 4 4 
8 8 6 4 8 8 4 6 4 6 4 6 6 32 32 32 32 6 8 8 
8 8 8 8 4 -1 4 4 -1 4 -1 1 32 32 32 32 32 -1 8 8 
8 8 4 4 4 4 4 4 4 4 -1 1 32 32 -1 -1 32 -1 8 8 
4 -1 8 4 4 4 -1 4 4 4 -1 4 2 2 -1 -1 32 32 32 4 
6 6 6 4 4 -1 -1 4 4 4 4 -1 32 32 2 -1 32 32 32 4 
4 6 6 6 6 4 -1 4 -1 6 4 4 6 2 4 -1 -1 4 4 -1 
-1 6 6 6 4 -1 4 4 4 6 4 -1 2 6 -1 4 32 4 32 6 
4 -1 6 40 4 4 -1 2 6 6 2 2 2 2 2 32 4 32 6 4 
6 6 6 6 40 4 6 2 2 -1 4 -1 2 2 2 2 32 4 6 -1 
6 6 6 6 6 6 2 2 -1 -1 4 4 2 -1 2 -1 6 4 6 4 
6 -1 6 -1 -1 6 6 -1 6 6 4 4 2 2 -1 6 4 4 4 4 
6 4 6 4 6 4 -1 -1 6 4 -1 4 4 4 6 6 6 4 4 -1 
4 6 6 6 4 4 -1 4 2 4 4 6 4 4 6 -1 6 4 4 4 
2 6 2 32 32 40 6 6 6 -1 4 4 4 -1 4 -1 4 2 4 -1 
2 32 2 6 32 -1 -1 -1 -1 6 -1 4 4 4 -1 4 4 4 2 2 
2 32 2 2 4 4 4 4 6 4 6 4 4 4 -1 32 4 4 2 2 
4 4 32 4 2 4 4 4 4 4 4 6 2 -1 -1 32 4 40 40 2 
4 4 6 -1 2 2 6 9 4 -1 4 2 2 -1 -1 32 6 -1 40 40 
4 6 6 6 6 -1 9 6 -1 2 2 4 6 6 6 6 4 40 32 4 
4 -1 6 6 6 6 6 -1 2 6 -1 -1 6 6 6 2 4 32 4 32 
6 -1 6 -1 6 6 2 6 4 4 6 -1 6 6 6 2 2 4 4 4 
4 4 6 6 -1 6 2 4 -1 6 4 -1 6 6 2 2 -1 4 4 4 
32 32 4 -1 4 32 32 -1 2 2 2 -1 -1 2 2 2 4 2 4 2 
32 32 32 4 4 -1 32 4 2 2 2 4 2 2 2 -1 2 2 2 2 
2 32 2 -1 33 6 4 32 -1 -1 4 -1 4 2 2 4 2 -1 2 -1 
2 2 2 32 -1 33 33 32 -1 2 2 4 4 2 4 2 4 4 2 2 
-1 4 -1 -1 32 4 4 -1 -1 2 2 4 2 4 2 -1 4 2 2 2 
4 -1 -1 -1 33 32 4 6 6 8 8 6 2 4 2 2 -1 2 -1 -1 
-1 4 -1 -1 33 32 8 6 4 1 6 2 -1 2 4 2 2 -1 4 6 
6 -1 6 4 6 32 -1 -1 4 -1 4 4 2 -1 2 2 -1 4 4 4 
4 4 4 6 6 8 32 4 4 4 4 2 -1 2 2 -1 6 -1 4 -1 
4 4 8 8 8 6 9 1 6 6 4 4 2 6 6 6 6 6 6 4 
4 -1 6 8 8 40 8 4 1 6 4 4 -1 6 6 4 6 6 6 6 
4 6 6 6 4 5 5 6 4 4 6 6 6 6 6 -1 4 4 4 4 
6 4 6 6 4 -1 5 5 6 6 6 6 -1 4 4 4 6 4 4 4 
4 6 6 6 6 6 4 6 -1 -1 6 4 4 2 6 6 -1 6 6 4 
4 6 6 6 6 6 6 -1 4 -1 -1 6 -1 -1 -1 -1 6 4 4 4 
4 -1 6 4 6 6 -1 6 4 4 -1 -1 4 4 -1 4 6 4 4 4 
6 -1 4 6 6 4 4 -1 6 6 4 -1 4 4 4 4 -1 4 4 4 
4 6 6 6 6 6 -1 4 6 6 4 4 4 4 4 4 4 4 4 4 
4 6 6 -1 6 -1 41 -1 6 4 4 4 4 4 -1 6 4 4 4 6 
-1 6 6 4 41 6 41 6 -1 6 4 4 4 4 6 1 -1 4 4 6 
6 40 6 41 6 40 40 41 4 32 -1 -1 -1 6 6 6 1 1 4 4 
6 6 6 2 40 6 6 40 40 -1 6 4 -1 -1 4 6 1 2 -1 -1 
6 6 2 40 6 2 -1 6 40 6 2 2 4 4 2 2 2 2 6 -1 
6 -1 -1 6 36 4 4 6 6 -1 2 2 2 4 4 6 2 6 -1 6 
-1 6 6 6 36 32 32 4 6 6 2 2 4 2 -1 6 -1 6 6 6 
6 6 6 36 -1 2 6 -1 6 4 6 6 6 6 6 6 6 6 6 6 
6 4 4 -1 -1 -1 6 6 6 4 -1 6 6 6 6 6 6 4 4 -1 
6 -1 4 -1 4 4 6 4 4 -1 6 6 6 6 4 4 -1 4 4 -1 
-1 4 -1 4 -1 5 5 6 4 6 4 6 -1 -1 6 6 6 4 4 -1 
-1 6 1 4 4 4 -1 4 4 4 6 6 -1 6 6 4 4 4 -1 -1 
-1 1 1 4 -1 5 5 5 4 4 4 6 6 6 6 -1 4 4 4 -1 
2 2 1 1 1 1 6 1 1 36 38 36 4 1 1 6 6 6 2 2 
2 1 1 1 1 -1 6 36 36 36 36 36 36 -1 1 6 1 1 1 2 
1 1 1 1 10 1 10 36 36 36 36 -1 36 36 1 6 1 1 1 -1 
1 -1 1 1 1 10 6 4 36 36 36 -1 -1 -1 6 1 1 4 -1 2 
-1 1 1 1 1 1 6 36 36 36 -1 1 1 6 1 1 4 -1 2 2 
1 6 1 1 1 6 -1 36 -1 36 4 1 4 1 1 -1 6 6 4 1 
1 1 1 1 36 1 36 6 36 1 4 4 1 1 1 4 4 4 4 1 
6 4 4 1 1 1 6 36 -1 1 4 -1 -1 4 1 -1 1 6 4 4 
4 4 6 4 1 1 6 36 1 -1 1 1 6 1 -1 -1 1 1 6 4 
-1 4 6 4 -1 1 6 6 6 -1 1 1 -1 6 6 6 1 1 6 4 
4 4 4 2 2 2 -1 6 -1 1 1 1 1 6 6 1 1 -1 6 4 
4 -1 4 4 6 1 6 6 6 1 1 1 1 -1 1 1 -1 1 4 4 
1 1 1 1 2 2 -1 6 6 6 -1 1 1 -1 -1 6 6 1 1 4 
1 1 1 -1 2 4 -1 6 6 -1 -1 1 6 -1 2 6 6 1 -1 1 
1 1 -1 4 -1 2 4 6 6 6 6 6 6 6 6 6 1 6 1 1 
1 1 1 -1 2 6 -1 6 6 6 6 6 6 6 6 6 6 6 -1 1 
1 1 1 1 -1 -1 -1 6 -1 -1 -1 6 6 6 6 4 4 4 1 1 
1 1 1 1 1 1 1 6 6 -1 1 -1 4 6 4 4 6 4 1 1 
6 1 1 1 1 1 1 1 1 1 1 6 4 4 4 6 6 6 6 -1 
1 1 1 1 1 1 1 1 1 1 1 -1 -1 4 6 6 6 -1 6 6 
32 4 4 6 6 6 6 -1 6 -1 6 6 -1 6 6 4 4 4 1 1 
40 40 4 4 6 6 6 -1 -1 -1 -1 -1 -1 6 4 4 4 -1 4 4 
-1 40 1 1 4 -1 6 6 6 -1 4 -1 -1 -1 6 3 4 6 6 -1 
1 1 6 1 1 -1 -1 6 6 6 4 6 4 -1 1 6 6 4 4 1 
1 -1 1 6 1 1 1 1 4 4 6 4 -1 -1 -1 4 4 4 6 -1 
1 1 6 6 1 -1 -1 1 6 4 4 4 4 -1 -1 4 4 6 6 1 
1 6 1 6 -1 -1 6 6 1 6 1 -1 -1 -1 -1 -1 4 4 6 1 
1 6 1 6 6 6 6 1 1 1 6 1 -1 -1 -1 7 7 6 1 6 
1 1 1 1 1 1 6 2 2 1 1 1 -1 7 -1 7 6 6 4 4 
1 -1 1 1 1 6 6 2 2 2 6 -1 7 7 7 6 6 -1 1 4 
1 1 1 1 -1 6 4 6 6 6 4 2 4 -1 6 6 6 3 1 1 
6 1 1 1 1 3 6 6 6 6 6 6 2 -1 6 6 -1 3 -1 1 
1 6 1 1 -1 1 1 6 6 6 6 4 -1 2 -1 6 6 6 1 1 
6 -1 1 6 1 1 1 6 6 6 6 4 4 -1 -1 6 6 6 1 1 
6 1 6 6 2 1 6 6 6 6 4 4 4 -1 -1 7 6 6 1 -1 
7 -1 1 2 -1 6 6 -1 6 6 1 6 -1 -1 -1 6 7 -1 7 7 
1 1 1 1 6 6 -1 6 6 1 -1 -1 -1 4 -1 -1 4 7 7 7 
1 1 -1 6 6 -1 1 1 1 -1 6 6 6 4 6 4 4 -1 1 7 
-1 1 1 -1 6 6 6 1 1 -1 4 6 4 4 4 4 -1 -1 1 1 
4 32 4 6 6 6 6 6 -1 -1 4 6 -1 4 6 4 1 4 1 4 
7 7 4 4 -1 1 1 32 1 6 -1 6 6 -1 6 6 6 -1 6 6 
3 4 7 -1 1 -1 32 1 32 1 1 6 6 6 6 6 7 6 6 6 
6 7 10 -1 32 32 32 6 1 1 3 6 6 6 6 6 32 -1 6 6 
6 -1 2 2 2 2 4 6 4 1 -1 -1 6 6 7 -1 7 32 32 -1 
-1 -1 3 2 10 3 -1 4 6 6 6 -1 1 1 -1 3 7 32 3 3 
3 3 3 -1 3 3 4 -1 -1 -1 6 6 6 3 7 7 32 7 32 32 
3 -1 3 -1 3 6 -1 4 -1 6 6 6 -1 7 -1 -1 7 33 32 3 
3 -1 6 -1 6 3 -1 -1 6 6 6 6 3 -1 -1 -1 -1 -1 33 3 
-1 4 -1 6 6 3 3 -1 -1 6 6 3 3 3 -1 -1 40 40 -1 -1 
4 32 1 1 6 6 -1 6 -1 6 6 6 6 6 3 32 32 32 1 1 
1 32 6 1 3 6 6 -1 6 6 6 6 6 6 3 -1 32 32 1 32 
1 40 1 6 1 6 6 6 7 6 6 -1 6 3 3 3 32 -1 -1 1 
40 4 6 6 6 6 6 6 7 7 6 1 6 3 3 3 -1 32 1 1 
-1 4 6 6 6 6 6 -1 6 6 6 3 6 3 6 3 -1 -1 32 -1 
4 -1 6 -1 6 6 6 6 6 6 3 6 6 7 3 -1 -1 -1 -1 32 
-1 6 6 -1 6 6 -1 -1 4 6 -1 6 -1 -1 -1 -1 -1 -1 -1 4 
6 7 7 6 -1 -1 -1 4 6 6 6 -1 -1 -1 3 -1 -1 -1 -1 -1 
7 7 -1 -1 -1 -1 1 -1 6 6 32 6 4 4 4 -1 -1 -1 -1 6 
4 4 7 -1 -1 1 -1 6 6 1 6 6 -1 4 -1 7 6 6 6 7 
7 7 4 7 1 1 -1 32 6 1 -1 4 6 -1 7 7 7 6 6 6 
7 3 -1 7 7 7 7 7 3 -1 3 3 3 -1 3 -1 11 3 3 3 
3 -1 3 2 3 7 7 7 3 7 7 7 7 -1 3 3 -1 11 -1 7 
3 3 7 3 7 7 7 3 3 7 7 3 -1 3 3 3 -1 -1 7 3 
3 3 3 3 3 7 3 7 7 3 3 3 -1 3 3 3 3 7 32 3 
-1 3 3 3 3 -1 7 7 7 -1 3 3 7 7 3 3 7 7 7 40 
40 -1 3 3 7 -1 -1 -1 -1 3 3 -1 7 7 7 7 -1 7 40 40 
-1 3 7 4 3 -1 -1 3 7 3 6 6 -1 7 7 7 7 7 32 -1 
3 7 7 -1 -1 7 7 7 3 3 3 -1 7 7 7 3 3 7 32 3 
7 3 -1 10 7 -1 6 -1 3 3 3 3 3 7 7 3 3 3 5 5 
-1 -1 -1 10 10 10 -1 6 3 3 3 -1 3 -1 3 3 3 3 5 7 
3 7 7 7 -1 10 -1 -1 10 3 -1 3 3 3 3 7 3 7 -1 7 
3 3 3 3 10 3 10 10 15 10 -1 3 3 3 3 3 3 3 7 7 
7 3 3 10 3 3 3 10 3 3 3 4 3 3 -1 3 3 3 -1 3 
3 3 3 10 3 6 10 -1 3 3 -1 3 3 -1 3 3 3 -1 -1 3 
3 3 10 10 10 7 10 -1 3 -1 -1 -1 3 3 3 3 3 3 -1 3 
-1 7 6 7 -1 3 3 3 3 -1 3 3 -1 3 3 -1 -1 3 3 -1 
-1 -1 7 7 7 3 7 3 3 3 5 -1 3 -1 1 1 3 -1 3 -1 
-1 7 7 7 3 7 -1 -1 7 5 3 3 3 1 1 3 3 3 -1 11 
-1 7 7 -1 7 7 7 -1 7 3 -1 3 3 1 1 3 3 3 11 11 
3 -1 7 7 7 7 7 7 7 3 -1 3 -1 3 3 3 -1 3 3 11 
-1 -1 -1 3 3 3 3 -1 -1 -1 3 3 6 3 3 3 -1 -1 3 3 
7 -1 1 3 3 3 -1 -1 3 7 -1 6 3 7 7 -1 3 3 7 3 
7 1 1 7 3 3 -1 -1 3 -1 3 6 7 7 7 7 3 7 7 7 
3 3 7 1 7 3 -1 3 3 3 7 -1 7 -1 -1 7 7 -1 7 7 
3 -1 1 -1 3 -1 3 7 -1 7 7 7 7 7 6 6 7 7 3 3 
3 -1 -1 -1 7 3 3 3 7 7 7 7 7 7 7 7 15 6 3 3 
-1 -1 -1 7 3 3 3 -1 1 7 7 7 7 7 -1 15 15 7 6 7 
7 -1 3 10 3 3 3 3 -1 1 -1 7 7 -1 3 7 7 15 15 5 
5 7 10 3 3 3 7 3 7 -1 -1 7 7 7 7 15 15 -1 3 5 
7 3 3 -1 7 7 7 7 7 -1 7 -1 -1 11 11 13 7 15 -1 3 
3 7 -1 5 -1 -1 7 7 7 7 11 11 11 11 -1 15 7 3 3 5 
-1 3 -1 5 7 -1 7 7 7 7 3 11 11 11 -1 11 -1 3 5 3 
1 1 5 3 5 7 7 7 -1 -1 3 3 3 11 -1 11 11 11 3 -1 
-1 1 3 -1 3 7 3 7 7 3 3 3 3 3 3 3 11 11 11 3 
3 3 3 3 -1 3 7 7 3 -1 3 3 3 3 2 2 3 2 3 3 
3 3 3 3 7 -1 -1 7 7 2 3 3 3 2 3 3 2 3 2 3 
3 3 3 3 3 7 10 10 3 2 2 -1 3 3 3 -1 -1 2 3 3 
3 3 3 3 3 3 -1 3 -1 3 3 -1 -1 3 3 10 3 -1 3 3 
3 3 3 3 3 3 3 3 -1 3 3 3 -1 -1 3 3 -1 7 7 3 
7 -1 3 3 3 3 3 3 3 -1 3 -1 3 -1 3 3 -1 3 7 7 
1 1 -1 1 3 3 1 -1 1 -1 -1 1 1 -1 1 1 1 3 3 3 
1 1 1 3 1 1 3 -1 -1 -1 1 -1 -1 3 1 3 3 -1 2 2 
-1 1 -1 3 7 1 1 -1 -1 7 -1 -1 -1 3 3 3 3 3 2 2 
-1 -1 1 3 -1 7 7 -1 7 7 -1 1 1 3 1 3 3 -1 -1 -1 
-1 -1 -1 1 1 7 7 7 7 7 7 -1 1 3 1 1 3 3 3 -1 
-1 -1 3 -1 -1 -1 7 -1 -1 7 7 -1 3 -1 1 3 3 -1 3 3 
-1 -1 3 3 7 7 -1 7 -1 -1 7 6 6 3 3 3 -1 3 -1 3 
3 3 3 7 7 7 11 7 7 7 6 6 6 6 3 -1 -1 3 3 -1 
-1 3 3 -1 1 1 7 7 -1 7 7 -1 6 3 -1 -1 3 3 -1 -1 
2 3 -1 -1 -1 1 -1 7 7 -1 7 7 -1 7 -1 3 3 3 3 3 
1 -1 3 1 -1 -1 -1 7 -1 7 3 7 -1 7 7 3 3 3 3 3 
1 -1 -1 1 1 1 7 7 1 7 3 -1 7 7 -1 3 3 3 3 -1 
1 1 1 1 1 1 1 1 7 3 7 7 -1 -1 3 7 3 3 3 3 
1 1 -1 1 1 -1 -1 1 1 7 7 7 7 3 3 -1 -1 3 -1 -1 
-1 3 3 1 3 7 7 1 1 7 7 7 -1 -1 -1 3 1 -1 7 -1 
-1 3 1 3 -1 3 3 3 5 3 1 1 11 -1 11 3 1 1 7 7 
7 7 7 7 3 3 3 -1 -1 1 1 1 -1 11 11 1 1 1 -1 7 
7 7 7 -1 3 3 -1 -1 -1 1 -1 -1 -1 1 1 -1 1 1 7 -1 
3 -1 7 3 3 3 3 -1 1 1 -1 -1 1 1 1 3 3 7 7 3 
3 3 3 3 3 3 -1 -1 7 7 7 -1 -1 1 -1 1 3 3 3 3 
3 1 1 1 1 1 1 11 -1 1 1 1 1 3 3 2 -1 -1 -1 3 
1 -1 -1 1 1 1 11 1 1 1 -1 -1 1 -1 3 3 2 3 -1 -1 
-1 -1 7 1 1 -1 1 1 1 -1 -1 -1 -1 -1 3 3 3 3 3 -1 
-1 3 3 3 1 7 3 1 7 -1 -1 -1 -1 3 -1 3 3 3 3 3 
-1 3 3 7 7 1 3 7 7 11 11 1 1 1 3 3 3 -1 -1 7 
1 1 7 7 1 1 1 -1 7 7 -1 11 1 1 -1 -1 -1 -1 -1 -1 
-1 1 3 3 3 1 1 -1 1 -1 -1 10 11 1 1 1 -1 -1 7 1 
-1 7 7 1 -1 -1 1 1 3 1 1 1 3 1 1 7 7 7 7 7 
-1 -1 -1 1 1 1 1 1 -1 1 1 -1 1 1 1 1 7 7 -1 7 
3 -1 1 1 -1 1 1 1 1 1 1 -1 1 1 1 -1 -1 7 7 7 
1 -1 1 1 1 1 3 3 1 1 -1 -1 1 1 1 -1 7 -1 7 3 
1 1 1 1 1 1 1 1 1 -1 -1 -1 -1 -1 3 3 7 1 7 7 
1 1 3 3 3 1 1 1 3 -1 -1 -1 -1 -1 -1 -1 7 7 1 1 
-1 1 -1 1 1 3 -1 1 1 1 -1 -1 -1 7 -1 7 7 3 1 1 
1 1 1 1 3 3 -1 1 1 1 -1 1 1 -1 7 7 7 3 1 1 
1 1 1 1 3 1 -1 1 1 1 1 1 -1 1 3 1 -1 -1 1 -1 
1 1 1 -1 -1 -1 1 1 1 1 -1 -1 -1 1 1 1 1 -1 -1 -1 
1 1 1 1 -1 1 1 -1 1 1 1 1 3 -1 -1 1 1 1 -1 1 
-1 1 3 1 -1 -1 1 1 -1 -1 1 3 1 -1 -1 -1 -1 -1 1 3 
3 -1 1 1 1 -1 11 1 1 -1 1 1 1 1 -1 3 -1 -1 3 3 
3 -1 -1 1 1 -1 -1 1 1 10 10 1 -1 -1 3 3 3 3 3 3 
11 1 11 1 1 1 1 1 10 1 10 3 -1 3 -1 3 3 3 11 -1 
3 11 1 1 1 -1 -1 1 1 11 11 1 -1 3 3 3 3 3 3 11 
1 1 1 1 -1 -1 -1 1 11 -1 1 -1 -1 3 3 3 3 3 -1 11 
1 1 1 1 1 -1 -1 -1 11 -1 -1 3 3 1 1 3 -1 3 11 1 
1 1 1 1 -1 -1 -1 1 -1 11 -1 -1 -1 -1 3 1 1 3 1 -1 
1 1 1 1 1 1 1 -1 -1 -1 11 -1 -1 -1 1 -1 3 -1 1 1 
-1 -1 1 1 3 -1 -1 -1 -1 1 11 11 -1 -1 -1 3 3 -1 1 1 
1 -1 -1 -1 -1 3 3 -1 -1 11 11 11 -1 -1 -1 1 1 3 3 1 
-1 -1 -1 -1 3 -1 -1 11 11 11 3 3 3 1 1 -1 -1 3 1 -1 
-1 -1 -1 3 3 3 11 11 -1 11 1 1 1 3 1 1 -1 3 3 -1 
-1 -1 -1 -1 1 3 3 3 -1 1 1 1 -1 3 1 -1 1 7 3 -1 
-1 -1 3 1 1 3 3 3 1 1 1 1 9 -1 1 -1 3 3 3 1 
1 3 -1 3 1 1 1 3 3 1 -1 9 1 1 -1 1 3 3 1 -1 
3 -1 3 3 -1 3 3 1 1 1 9 -1 -1 1 -1 1 3 3 -1 3 
3 3 -1 3 3 3 -1 1 -1 1 1 -1 -1 1 1 1 1 -1 3 -1 
3 3 1 -1 -1 -1 3 -1 -1 1 -1 1 1 1 1 1 -1 -1 1 1 
3 3 1 -1 1 -1 1 -1 1 1 1 1 1 1 1 -1 -1 1 1 3 
3 -1 -1 1 1 -1 -1 -1 -1 1 1 -1 -1 1 1 1 -1 -1 1 -1 
3 -1 1 1 1 -1 -1 -1 1 -1 1 -1 -1 -1 3 3 -1 -1 3 1 
-1 -1 3 1 1 3 -1 -1 3 3 -1 3 3 -1 9 3 3 3 1 -1 
-1 -1 3 3 3 -1 3 3 3 3 1 1 -1 9 -1 3 1 3 3 -1 
-1 43 3 3 -1 3 3 3 3 1 3 1 3 3 3 -1 3 1 3 9 
9 43 3 3 3 -1 3 3 3 3 1 1 3 3 3 -1 3 3 1 9 
-1 43 43 3 3 40 40 3 3 3 3 1 -1 3 1 3 3 -1 1 9 
43 43 43 43 -1 40 3 3 3 -1 3 -1 -1 3 -1 -1 3 3 -1 43 
43 43 43 42 40 40 40 3 3 3 -1 -1 3 3 3 3 3 -1 40 43 
40 43 43 42 40 40 40 3 3 -1 9 -1 3 3 43 -1 43 1 43 3 
3 9 -1 40 40 40 40 7 7 -1 3 -1 -1 -1 3 43 1 1 1 40 
9 9 9 -1 40 42 40 43 7 3 -1 3 3 -1 -1 3 -1 3 1 3 
1 9 9 1 -1 -1 42 43 43 43 -1 9 -1 3 -1 -1 3 1 9 1 
-1 9 1 9 9 -1 42 43 43 43 9 9 3 3 3 3 3 9 9 9 
-1 -1 9 1 1 9 9 43 43 1 9 9 1 1 -1 3 -1 3 9 9 
-1 -1 -1 9 9 9 -1 -1 1 3 3 9 1 9 -1 1 3 9 9 -1 
2 -1 -1 -1 -1 9 9 9 1 -1 3 3 1 3 3 3 3 1 1 1 
2 3 -1 -1 -1 3 9 -1 1 3 1 1 1 3 -1 3 1 1 -1 -1 
-1 -1 -1 -1 -1 3 1 1 3 3 3 9 -1 3 -1 1 1 1 1 -1 
-1 -1 1 -1 1 3 -1 3 3 3 1 1 -1 -1 1 1 -1 -1 -1 -1 
1 1 -1 1 1 1 -1 3 3 3 3 1 1 3 -1 9 -1 -1 -1 -1 
1 1 1 3 3 -1 -1 -1 3 3 -1 -1 3 3 9 9 9 9 -1 -1 
-1 40 -1 40 40 40 -1 11 -1 9 3 3 2 3 3 3 43 3 -1 -1 
-1 9 6 40 40 -1 40 11 9 3 3 3 3 2 3 3 3 3 -1 -1 
1 -1 40 6 40 40 40 -1 11 -1 -1 -1 40 3 -1 -1 3 3 3 -1 
3 40 9 9 9 -1 -1 -1 11 9 -1 40 -1 40 40 40 1 3 -1 3 
9 -1 9 9 9 -1 -1 -1 1 9 -1 -1 -1 9 40 40 -1 -1 3 3 
-1 9 -1 9 9 -1 -1 1 -1 1 -1 1 -1 1 -1 9 -1 1 9 -1 
9 1 9 9 9 9 -1 -1 1 1 4 4 -1 -1 -1 9 -1 1 1 9 
9 9 1 9 9 -1 -1 -1 1 -1 4 1 9 9 -1 9 1 -1 -1 9 
9 9 9 9 9 -1 -1 -1 -1 5 -1 4 9 9 9 9 -1 1 1 9 
1 -1 9 40 9 -1 9 9 -1 1 -1 9 9 1 9 9 -1 1 1 -1 
9 9 9 9 40 -1 9 -1 1 -1 -1 9 9 9 9 9 -1 -1 1 -1 
9 40 40 -1 9 40 -1 9 -1 -1 -1 9 9 9 9 -1 3 -1 9 1 
1 9 40 40 -1 -1 9 -1 9 9 9 9 -1 9 1 1 9 9 -1 1 
9 40 40 40 40 -1 1 9 1 1 9 9 -1 -1 -1 1 -1 -1 -1 9 
40 -1 40 40 40 40 -1 -1 1 1 -1 1 9 9 9 -1 -1 -1 -1 9 
9 40 40 40 40 -1 -1 -1 -1 1 -1 9 9 9 3 -1 1 -1 -1 1 
-1 -1 1 40 40 40 40 -1 1 1 2 2 9 9 3 -1 1 1 1 1 
1 1 4 -1 -1 40 1 40 -1 -1 1 -1 9 9 1 1 1 -1 3 1 
1 1 4 -1 40 40 1 1 -1 -1 -1 9 9 1 1 1 43 43 -1 1 
-1 40 -1 -1 1 40 11 1 1 1 3 3 -1 1 1 43 1 43 -1 -1 
40 -1 40 9 6 6 6 6 -1 1 -1 9 9 4 8 8 8 -1 40 -1 
-1 40 2 6 -1 6 2 -1 -1 1 9 9 4 4 4 8 -1 -1 -1 40 
40 40 -1 2 2 -1 -1 2 1 9 9 9 9 9 -1 -1 8 -1 -1 40 
40 40 11 -1 -1 -1 2 1 2 -1 9 9 9 9 40 8 40 9 9 9 
40 40 40 1 1 1 9 3 1 2 -1 -1 -1 -1 2 40 2 40 9 40 
40 -1 1 1 -1 1 1 9 -1 -1 -1 40 9 9 9 2 40 6 40 2 
2 -1 -1 6 6 1 -1 9 1 1 8 9 9 9 9 9 -1 -1 6 -1 
10 6 6 -1 6 9 9 -1 40 -1 8 8 9 9 -1 9 3 -1 40 -1 
-1 10 6 6 6 6 -1 -1 40 40 -1 9 1 -1 9 3 -1 -1 40 40 
-1 -1 10 -1 6 6 6 40 -1 40 -1 9 -1 8 8 8 8 -1 -1 40 
-1 -1 -1 2 2 2 6 2 40 40 40 8 -1 8 -1 8 8 6 -1 9 
9 2 2 2 2 6 6 40 -1 40 8 40 8 8 -1 1 8 6 9 9 
2 2 2 2 2 -1 2 2 40 40 -1 6 -1 8 40 -1 40 -1 9 -1 
2 2 2 2 2 2 2 40 40 34 6 1 40 8 8 40 40 40 -1 1 
2 2 2 2 40 40 2 9 34 40 40 8 3 8 40 8 40 9 1 9 
2 2 2 2 -1 40 2 34 40 -1 40 8 8 8 -1 8 9 9 9 11 
11 2 -1 6 -1 40 -1 2 9 2 1 1 1 -1 40 40 -1 40 9 8 
8 2 -1 6 2 40 40 2 40 1 1 1 1 8 8 40 40 40 8 11 
-1 8 2 2 6 6 40 2 40 40 1 1 1 8 -1 8 40 8 8 -1 
40 8 -1 2 2 6 6 6 6 -1 1 1 1 8 8 8 8 40 40 40 
8 3 2 1 6 3 3 8 2 2 2 8 2 6 -1 16 6 2 2 -1 
8 -1 3 3 2 2 2 2 8 -1 1 1 6 -1 4 -1 -1 6 2 8 
4 8 3 3 3 6 6 6 8 -1 1 6 -1 1 1 4 4 6 6 4 
8 -1 -1 -1 -1 -1 6 -1 -1 8 1 2 -1 -1 1 2 4 4 4 -1 
8 4 9 3 3 2 8 2 8 8 -1 2 2 6 1 -1 4 -1 2 8 
2 9 3 -1 8 3 8 2 -1 -1 2 2 -1 -1 2 4 3 2 2 2 
2 2 2 2 -1 -1 -1 -1 2 2 2 -1 2 -1 -1 6 6 6 2 3 
4 2 -1 4 -1 4 2 2 2 40 40 2 2 2 -1 6 6 6 -1 -1 
4 4 4 4 4 4 -1 6 2 2 2 -1 2 2 -1 6 -1 2 6 8 
-1 4 4 4 -1 2 2 2 2 2 -1 2 2 6 6 8 2 6 8 8 
8 4 -1 -1 4 2 2 2 6 6 -1 2 2 6 6 -1 8 -1 -1 6 
8 8 8 -1 2 2 2 2 6 6 2 2 2 6 2 -1 40 -1 -1 8 
-1 -1 8 3 6 2 8 2 2 2 6 6 6 2 3 6 -1 40 40 8 
4 4 8 8 2 6 2 2 -1 2 6 6 2 2 6 2 -1 40 40 40 
40 4 4 8 2 2 2 -1 6 2 -1 6 6 2 2 6 2 2 6 2 
40 1 8 40 40 2 6 6 2 6 2 6 6 2 6 2 -1 2 2 -1 
1 1 -1 3 -1 -1 2 2 6 6 6 6 2 2 2 6 6 -1 1 2 
2 2 6 1 6 6 6 2 2 -1 6 6 -1 6 -1 2 -1 -1 1 1 
2 1 1 6 6 6 2 2 8 -1 6 -1 -1 6 2 -1 -1 1 1 2 
2 8 2 3 6 3 3 3 8 2 -1 -1 8 2 6 -1 -1 -1 2 -1 
3 2 2 2 2 -1 2 6 2 2 2 34 2 6 6 6 6 2 6 3 
-1 -1 2 2 2 2 2 -1 6 -1 34 2 2 6 6 2 2 6 6 3 
6 6 -1 -1 2 2 -1 6 6 34 2 -1 -1 2 2 6 6 2 6 2 
2 6 2 2 2 2 2 2 2 6 2 3 2 2 6 2 2 2 2 2 
6 2 2 2 2 6 -1 -1 3 -1 3 2 -1 2 2 40 6 -1 -1 2 
2 2 -1 -1 6 2 6 -1 6 2 6 6 2 6 6 6 -1 6 -1 -1 
2 2 2 2 2 6 2 6 6 6 2 2 2 6 6 2 6 -1 1 1 
2 2 2 6 2 2 -1 2 6 6 2 2 2 6 6 2 2 6 6 6 
2 2 2 2 6 2 2 2 6 2 2 2 -1 6 6 6 6 6 6 2 
2 2 6 -1 6 -1 2 2 -1 6 2 2 6 2 6 6 6 -1 2 2 
1 1 -1 -1 2 2 2 3 3 2 2 6 2 2 2 3 6 -1 -1 2 
6 2 2 3 -1 3 -1 3 -1 1 2 2 6 6 6 6 6 2 3 -1 
6 2 6 3 -1 3 -1 -1 3 2 2 6 2 6 6 6 2 3 2 1 
1 1 1 3 4 6 -1 6 2 1 6 2 6 6 6 6 2 2 2 -1 
1 6 3 3 6 4 6 6 2 2 2 2 6 6 2 2 -1 2 6 2 
6 2 -1 3 6 6 6 -1 6 1 8 6 6 6 6 6 6 2 6 6 
6 6 1 3 6 -1 6 6 6 1 2 2 -1 6 6 2 -1 6 6 6 
-1 3 3 1 -1 4 4 -1 2 6 2 1 2 2 -1 6 6 -1 6 -1 
3 2 1 1 1 4 3 6 6 2 2 6 2 6 2 6 6 -1 -1 -1 
2 1 -1 -1 2 2 2 6 2 2 -1 2 6 2 6 -1 6 6 3 6 
2 2 2 -1 -1 -1 2 6 3 3 3 2 2 2 2 6 2 -1 7 2 
6 6 6 -1 -1 6 2 2 8 2 2 -1 6 6 6 6 6 7 2 2 
6 -1 6 6 2 2 8 8 8 2 2 3 6 6 6 2 2 2 7 2 
-1 6 -1 -1 -1 -1 8 -1 2 2 2 3 6 9 9 2 6 2 2 -1 
9 8 -1 -1 -1 -1 2 2 2 2 2 3 -1 -1 2 -1 6 2 2 2 
8 8 9 9 -1 2 6 2 2 2 2 2 2 2 -1 -1 2 2 2 8 
8 8 9 -1 -1 6 2 2 -1 2 2 -1 2 -1 2 -1 -1 -1 -1 -1 
-1 -1 9 -1 6 6 2 2 2 2 2 2 2 2 9 -1 6 6 6 6 
41 -1 41 6 6 6 2 -1 -1 -1 2 2 2 -1 2 9 6 6 6 40 
6 6 6 6 6 6 2 2 2 -1 2 2 2 -1 2 6 -1 -1 2 6 
6 3 6 -1 -1 -1 2 -1 2 2 2 2 2 2 -1 6 2 -1 2 6 
6 6 -1 6 -1 -1 2 2 2 2 2 6 2 -1 2 2 2 6 6 2 
6 -1 -1 6 -1 2 2 2 2 2 2 2 6 2 6 2 3 -1 6 6 
2 6 6 2 2 2 2 2 2 2 2 2 2 2 6 2 2 -1 6 2 
6 -1 2 2 2 2 2 2 2 2 2 2 2 6 2 6 6 2 6 6 
-1 2 2 6 2 2 2 -1 2 6 2 2 3 6 6 6 2 2 2 6 
-1 2 6 -1 6 2 6 3 3 3 2 3 3 -1 2 2 2 6 6 2 
2 -1 6 -1 6 6 2 3 3 2 3 -1 3 3 2 2 2 2 2 6 
6 2 6 2 6 6 6 -1 -1 3 2 3 3 2 2 3 -1 6 2 2 
2 6 2 2 6 2 -1 6 3 6 3 3 2 2 2 2 6 2 2 1 
-1 -1 8 8 3 3 2 3 3 3 -1 7 3 -1 3 3 2 -1 7 9 
8 8 8 8 2 3 3 -1 3 3 7 3 7 7 -1 2 2 2 2 -1 
-1 -1 2 2 2 3 8 3 3 3 3 7 7 -1 -1 -1 2 1 1 -1 
-1 8 2 7 2 3 3 3 3 7 7 7 7 7 3 2 -1 -1 2 2 
-1 -1 7 2 2 -1 -1 1 -1 3 2 -1 6 3 3 3 2 2 2 -1 
2 2 -1 2 2 2 3 -1 3 7 3 2 3 2 2 3 2 -1 -1 8 
8 2 2 2 7 3 2 -1 3 3 3 3 2 2 3 -1 6 2 -1 7 
-1 1 1 6 2 -1 2 7 3 3 8 -1 6 -1 3 3 -1 2 2 2 
2 -1 6 6 6 2 2 7 7 8 8 6 6 3 3 3 -1 2 -1 2 
1 1 -1 6 -1 2 2 2 7 2 8 -1 3 3 3 6 6 2 3 3 
1 -1 3 3 -1 2 -1 7 2 8 3 3 3 9 3 -1 2 6 3 1 
7 2 -1 -1 -1 8 2 7 8 -1 32 3 9 -1 9 3 3 3 2 2 
3 3 -1 -1 8 8 9 -1 8 32 32 -1 -1 -1 3 3 3 3 -1 2 
-1 3 7 -1 2 9 9 -1 -1 8 9 -1 -1 -1 3 3 3 3 3 2 
8 8 3 7 3 9 -1 9 8 8 9 3 3 3 -1 3 3 9 -1 -1 
8 8 3 7 4 9 -1 9 9 9 10 -1 3 3 3 3 8 9 8 2 
-1 8 3 3 3 3 9 -1 -1 -1 10 -1 3 3 3 -1 -1 8 8 3 
7 8 8 8 8 3 -1 -1 3 -1 -1 -1 8 -1 3 -1 -1 9 3 3 
3 3 8 -1 3 3 -1 3 3 3 3 3 3 -1 3 8 1 1 9 7 
7 -1 3 3 3 3 3 -1 3 3 3 3 3 3 8 3 8 2 9 7 
3 3 1 1 1 -1 1 1 1 1 -1 -1 3 7 -1 -1 9 3 3 3 
3 3 1 1 1 7 7 1 1 -1 3 3 3 3 -1 -1 8 3 -1 3 
-1 -1 1 1 1 7 1 1 1 -1 -1 4 2 -1 3 3 -1 3 3 3 
3 6 6 6 1 6 1 1 7 -1 4 -1 2 2 3 3 3 3 3 3 
1 -1 6 6 6 6 6 1 -1 7 -1 2 2 2 3 3 3 3 6 3 
7 5 -1 6 -1 -1 6 -1 4 -1 -1 2 2 3 3 3 3 3 6 -1 
5 -1 5 -1 3 6 -1 -1 -1 2 2 2 3 3 3 3 3 3 6 7 
-1 5 5 5 5 6 -1 -1 3 3 3 -1 3 3 3 33 3 9 7 9 
7 -1 4 5 5 6 3 -1 -1 -1 -1 3 3 3 -1 2 9 9 9 -1 
5 5 -1 4 -1 3 3 6 -1 3 3 -1 -1 -1 3 2 3 9 4 -1 
5 -1 4 4 -1 -1 3 3 3 3 -1 -1 -1 -1 2 2 2 9 4 4 
5 5 -1 -1 7 5 3 3 3 3 -1 -1 -1 -1 6 4 2 -1 4 4 
-1 5 5 7 4 1 3 3 3 3 3 -1 -1 -1 4 3 4 4 3 4 
-1 3 5 4 1 1 1 3 3 3 3 3 1 -1 -1 8 8 3 8 3 
3 -1 5 5 1 1 1 1 -1 1 3 3 1 1 -1 8 9 -1 6 3 
3 3 -1 1 1 1 1 1 -1 1 1 -1 -1 1 -1 9 3 6 -1 3 
3 3 3 -1 1 1 1 -1 3 1 1 1 8 8 9 9 3 3 3 3 
3 3 3 1 1 1 1 -1 1 3 1 8 8 8 1 8 3 3 3 3 
3 3 3 3 1 1 1 1 9 1 1 -1 3 1 1 8 3 3 3 -1 
-1 3 3 1 3 1 1 1 1 1 -1 -1 3 9 7 -1 9 3 3 3 
