2 2 2 37 7 7 -1 45 -1 -1 -1 13 2 6 7 7 -1 -1 2 7 
7 2 6 6 -1 45 45 45 13 13 13 13 -1 5 5 7 -1 7 7 -1 
-1 -1 6 6 45 -1 45 45 13 13 13 37 2 5 7 7 7 7 3 7 
-1 45 -1 -1 6 45 45 45 -1 37 37 7 13 2 7 7 7 7 7 3 
7 -1 45 -1 -1 45 45 45 3 3 13 13 13 7 7 -1 -1 3 5 7 
7 -1 45 45 45 45 45 -1 -1 13 3 13 13 7 -1 7 7 3 3 5 
13 45 45 45 45 45 45 42 -1 13 3 13 7 -1 -1 7 7 3 13 13 
45 45 -1 -1 -1 45 45 45 -1 33 -1 7 7 7 7 7 7 13 13 13 
-1 5 -1 -1 -1 2 2 45 3 5 33 -1 -1 7 7 7 7 -1 13 13 
5 -1 -1 -1 37 -1 -1 5 5 5 5 -1 33 33 7 7 -1 -1 37 -1 
5 5 13 6 7 7 -1 7 2 5 2 -1 -1 33 37 13 -1 37 37 37 
-1 -1 5 13 -1 -1 -1 2 7 2 7 13 13 -1 -1 13 13 -1 37 -1 
-1 7 5 -1 37 -1 37 37 13 -1 -1 -1 37 37 13 13 13 3 -1 3 
-1 -1 37 37 14 14 37 37 13 13 13 -1 37 13 13 45 45 -1 3 3 
37 -1 -1 37 5 -1 -1 13 -1 13 7 2 45 13 45 45 -1 37 -1 3 
37 -1 5 -1 5 14 14 13 13 7 2 7 13 45 45 37 37 37 45 45 
-1 -1 5 -1 5 14 14 14 13 -1 -1 13 -1 45 45 -1 37 7 45 45 
7 -1 -1 5 14 -1 -1 -1 5 13 13 3 -1 45 5 7 7 -1 7 2 
7 7 14 14 14 -1 -1 14 -1 5 7 7 5 7 37 7 7 7 2 7 
2 -1 7 -1 6 14 14 14 -1 -1 7 7 7 6 7 2 7 2 7 7 
14 7 7 -1 -1 5 -1 5 5 6 6 7 7 -1 7 7 7 -1 -1 -1 
-1 7 -1 5 5 5 -1 5 6 6 7 3 7 3 -1 3 -1 7 37 3 
7 14 5 -1 -1 5 5 6 6 6 7 7 7 7 3 3 3 7 7 -1 
14 -1 5 5 5 5 5 5 5 1 3 7 7 7 3 3 3 7 7 7 
7 7 5 -1 7 7 -1 5 5 -1 1 7 7 -1 3 3 -1 -1 7 7 
7 41 5 5 7 7 -1 -1 5 5 -1 3 7 3 5 5 5 7 7 7 
7 7 -1 5 7 7 7 37 3 7 13 -1 7 7 7 5 7 7 7 7 
2 7 7 7 -1 5 7 7 7 3 3 13 7 -1 7 5 -1 7 3 2 
3 -1 -1 6 5 -1 7 -1 -1 37 7 7 3 3 -1 -1 7 3 2 3 
3 6 7 6 6 7 7 7 15 5 7 7 3 3 3 -1 5 3 3 3 
3 -1 3 6 6 7 7 7 5 15 7 3 3 3 -1 3 3 -1 3 3 
3 7 7 7 7 3 7 15 6 5 3 3 -1 3 3 -1 3 6 -1 3 
3 7 -1 7 3 7 6 6 13 5 -1 3 3 7 3 6 6 3 2 7 
7 7 -1 -1 7 7 6 13 3 3 3 -1 3 7 7 3 7 3 6 7 
7 -1 3 7 7 7 -1 37 37 13 37 3 7 3 -1 9 9 6 7 7 
7 7 7 7 7 -1 -1 37 3 5 5 3 3 3 -1 9 3 3 7 7 
7 7 7 7 7 7 37 37 37 3 37 3 3 3 3 3 3 3 -1 7 
7 7 -1 5 7 -1 -1 37 37 3 3 3 7 6 3 7 3 3 3 14 
14 7 5 5 5 7 37 37 3 -1 3 7 3 3 6 3 7 -1 3 14 
14 7 -1 -1 7 5 -1 2 3 -1 7 7 7 7 -1 -1 7 3 3 3 
1 1 1 -1 6 6 6 5 6 -1 5 5 7 5 5 5 -1 5 1 1 
-1 1 5 5 5 6 6 6 5 7 7 5 7 5 5 5 5 5 11 -1 
5 1 1 5 5 5 5 5 7 5 7 5 9 5 5 5 5 5 -1 5 
5 -1 5 5 5 5 5 5 5 5 5 5 4 9 9 9 9 5 -1 5 
5 5 5 5 -1 5 5 5 -1 -1 -1 5 4 5 5 5 5 5 5 5 
5 5 5 5 5 3 5 5 4 4 5 5 4 5 5 3 5 5 5 5 
5 -1 5 3 3 -1 5 5 4 7 7 6 -1 7 7 5 -1 5 5 5 
5 3 7 7 7 7 7 5 7 5 7 7 7 5 5 5 5 5 5 5 
3 3 7 7 3 7 5 7 -1 7 7 -1 7 7 5 7 5 5 5 3 
3 3 3 3 7 3 5 3 -1 7 6 7 7 7 7 -1 7 2 -1 3 
3 -1 3 3 5 3 3 3 5 5 5 6 7 5 -1 7 6 2 2 -1 
2 5 5 3 3 7 5 5 7 7 5 7 -1 5 -1 7 7 7 -1 -1 
2 2 -1 -1 5 5 5 7 7 7 7 7 -1 -1 5 7 7 -1 7 2 
2 9 9 -1 5 5 3 7 7 7 7 -1 7 7 7 7 7 -1 3 3 
3 -1 9 9 5 5 5 7 7 7 7 -1 5 7 3 7 3 7 7 3 
7 -1 7 -1 5 5 5 5 15 7 -1 -1 -1 5 5 7 5 5 -1 7 
5 7 -1 3 -1 5 5 -1 5 15 -1 -1 7 7 7 7 7 5 -1 7 
7 3 3 3 3 5 37 5 -1 15 -1 15 -1 -1 5 5 7 -1 -1 5 
-1 7 7 3 3 37 37 5 5 15 15 7 -1 5 -1 5 7 5 5 5 
1 -1 -1 5 -1 37 7 37 -1 5 7 7 5 7 5 5 5 5 5 1 
5 3 3 -1 5 -1 5 5 5 5 5 5 -1 7 5 7 7 -1 5 5 
-1 3 3 3 3 7 -1 -1 -1 7 3 7 -1 5 -1 -1 7 5 7 7 
7 3 -1 3 3 3 3 -1 5 3 5 7 7 5 5 7 5 5 7 7 
3 6 3 -1 3 3 5 5 5 5 5 7 3 5 7 5 7 5 -1 7 
5 5 5 3 3 -1 5 7 7 5 7 3 7 5 7 5 5 7 7 -1 
7 7 4 5 5 3 7 7 7 7 5 -1 -1 7 5 -1 3 7 -1 7 
7 5 5 5 7 7 7 7 5 5 -1 -1 7 7 -1 7 3 3 3 33 
3 5 5 5 7 7 7 7 7 -1 -1 7 7 -1 7 7 3 3 -1 3 
3 3 5 -1 5 5 7 7 5 5 7 7 -1 7 7 7 3 7 3 3 
3 3 5 5 3 5 -1 7 5 7 7 7 7 7 7 7 7 -1 7 3 
3 3 5 3 3 5 7 5 5 7 7 7 6 7 7 7 -1 7 6 7 
5 3 -1 5 3 7 7 5 5 5 5 3 7 6 6 6 6 -1 7 -1 
5 5 -1 2 -1 5 -1 -1 5 3 5 5 5 -1 -1 6 -1 6 7 7 
5 -1 5 -1 2 7 7 5 5 -1 3 5 3 5 -1 7 -1 -1 3 3 
5 5 5 5 2 3 7 5 3 3 5 5 2 -1 5 3 3 7 7 7 
5 7 5 5 -1 5 -1 3 3 -1 5 5 5 5 -1 7 7 7 3 7 
5 5 7 -1 -1 5 -1 3 3 -1 5 4 5 7 7 7 7 7 7 7 
5 5 7 -1 5 5 -1 3 -1 5 -1 5 5 5 4 7 7 7 7 5 
5 7 5 7 7 5 5 -1 5 5 5 5 5 -1 5 7 7 7 7 -1 
5 7 5 5 -1 5 5 5 5 5 4 5 5 5 7 7 -1 -1 5 7 
6 6 5 7 7 7 -1 7 7 7 7 7 -1 7 3 7 5 1 5 7 
5 5 5 3 3 7 6 7 -1 7 7 7 7 7 -1 -1 7 7 5 5 
5 5 7 7 3 3 6 5 5 5 5 7 6 7 6 7 7 7 7 5 
5 5 7 7 3 7 3 -1 5 5 5 5 7 6 7 7 7 7 -1 5 
5 5 5 5 5 5 3 3 5 7 3 7 7 7 7 7 5 5 5 5 
5 5 5 3 5 3 3 7 3 5 3 7 -1 7 7 7 5 -1 5 5 
7 5 5 7 7 7 4 7 7 7 -1 5 7 -1 -1 7 5 5 5 5 
7 7 7 7 7 -1 4 7 7 5 5 5 7 -1 7 7 5 5 5 5 
7 5 7 5 7 -1 -1 7 7 5 5 5 5 5 5 5 5 5 5 7 
5 5 7 7 -1 7 5 7 5 5 5 5 -1 5 5 5 5 5 -1 7 
5 5 7 7 7 -1 7 5 5 5 5 -1 -1 4 5 5 7 7 -1 7 
7 7 -1 5 7 -1 7 32 7 7 5 4 4 5 -1 5 5 5 5 5 
5 -1 7 5 5 5 32 -1 7 5 -1 -1 -1 5 5 5 3 3 7 5 
7 7 7 5 5 5 -1 -1 -1 -1 5 5 5 5 -1 -1 3 -1 7 5 
5 5 5 5 5 5 7 -1 5 5 5 5 5 5 3 3 3 3 7 7 
7 7 7 7 5 7 -1 7 7 5 7 7 5 5 5 -1 3 -1 -1 -1 
7 7 7 7 7 7 7 5 5 7 7 1 1 5 5 3 3 -1 7 7 
7 7 7 7 7 7 7 7 5 5 7 5 1 -1 5 3 3 3 7 7 
7 7 6 -1 7 7 7 -1 5 7 5 1 3 3 3 3 5 7 7 7 
7 6 7 5 7 7 7 7 -1 7 5 3 -1 3 7 -1 5 5 3 7 
6 7 3 3 7 7 -1 7 7 7 7 2 7 7 7 7 7 5 7 6 
7 7 7 7 5 7 5 5 7 7 -1 -1 -1 7 7 7 5 -1 -1 7 
7 7 7 5 5 7 7 5 7 3 3 5 7 7 5 7 7 7 7 7 
7 7 5 7 7 5 5 -1 -1 7 5 6 6 6 7 -1 -1 7 7 7 
7 -1 5 7 5 5 5 7 5 5 5 7 6 7 7 -1 5 5 5 5 
7 7 5 7 5 5 7 5 5 5 7 -1 5 6 7 7 7 7 5 5 
7 7 5 5 5 -1 7 7 7 7 7 7 7 6 -1 5 5 7 5 7 
7 7 5 5 5 7 6 7 7 5 5 5 6 7 7 5 7 5 5 7 
7 7 7 7 7 6 -1 7 5 5 7 7 7 6 5 7 7 -1 7 7 
7 7 7 5 7 6 6 6 -1 41 6 6 7 7 7 7 7 7 7 7 
-1 1 7 7 5 5 7 7 7 41 7 5 6 5 7 7 5 7 7 7 
-1 1 5 1 7 7 5 6 7 7 5 6 6 7 5 7 7 5 7 7 
7 1 1 1 1 7 -1 7 -1 5 6 6 6 5 5 7 7 7 7 7 
7 -1 5 5 7 -1 7 7 5 5 5 6 7 -1 7 7 7 7 7 7 
7 -1 5 5 7 6 -1 -1 7 7 -1 7 7 7 7 7 7 7 7 7 
7 7 7 7 6 6 6 6 7 7 7 7 7 7 7 7 7 7 7 7 
7 -1 5 7 6 6 6 7 7 7 7 7 7 7 7 7 7 7 5 7 
5 5 5 6 6 6 7 -1 7 7 3 3 -1 -1 -1 7 7 -1 7 5 
5 5 5 6 7 6 7 6 5 7 7 -1 -1 7 5 5 7 7 5 5 
5 5 5 6 7 7 7 6 7 7 7 7 2 2 7 7 7 5 5 6 
7 7 7 7 7 7 5 5 7 7 7 7 7 7 5 5 7 7 5 7 
7 7 7 7 41 7 7 5 7 5 7 5 7 7 7 5 7 7 7 5 
7 7 7 -1 41 41 7 7 6 5 5 7 5 7 7 7 7 7 7 6 
7 7 7 7 41 7 5 5 5 6 -1 5 7 7 7 7 7 7 7 7 
7 7 7 7 41 7 7 5 7 6 6 5 -1 7 7 -1 7 7 2 7 
7 7 7 7 7 7 7 7 7 -1 6 -1 -1 -1 7 7 5 7 7 7 
-1 7 7 7 7 7 6 6 5 7 5 5 5 6 6 5 5 5 7 -1 
7 5 7 7 7 6 6 6 -1 5 7 7 7 6 6 5 5 7 6 7 
5 7 7 7 -1 6 6 7 7 7 7 6 6 5 5 5 40 40 7 7 
7 7 7 7 -1 -1 6 5 7 -1 7 7 7 5 5 7 40 40 5 5 
40 5 -1 -1 5 5 5 7 7 4 4 7 40 40 40 40 40 40 40 40 
-1 -1 -1 5 5 5 7 7 7 7 4 40 40 40 40 40 40 40 -1 40 
-1 7 5 5 5 7 7 7 7 5 5 7 7 7 40 40 40 5 5 5 
5 1 7 7 7 7 7 7 5 6 6 7 7 7 5 5 5 7 7 5 
5 7 7 7 7 7 7 -1 6 7 7 7 7 7 -1 7 5 5 7 5 
7 5 7 7 7 7 7 5 4 -1 7 5 7 7 -1 7 7 7 7 7 
7 5 5 5 7 7 7 7 7 7 7 5 7 7 7 -1 7 7 7 7 
7 7 5 5 7 7 7 7 7 7 5 -1 5 7 7 7 -1 7 7 7 
7 -1 5 5 7 7 7 7 7 5 7 5 -1 -1 7 7 7 7 5 7 
7 7 5 6 6 7 7 5 7 7 7 7 7 -1 5 7 7 7 7 5 
7 5 5 7 7 -1 7 5 5 5 7 7 7 -1 7 7 41 7 7 7 
7 7 7 5 7 7 7 5 5 5 7 7 41 7 7 41 -1 7 7 7 
-1 7 7 7 5 7 7 5 7 5 7 -1 7 5 -1 7 -1 41 -1 7 
7 7 7 -1 5 7 7 5 -1 7 7 -1 5 7 5 7 -1 41 5 -1 
-1 7 7 5 7 7 7 7 7 7 7 5 7 7 7 6 41 -1 -1 -1 
-1 -1 -1 -1 5 7 7 7 7 7 7 7 7 7 7 7 6 6 6 -1 
-1 5 5 5 7 5 7 7 7 7 7 7 7 7 7 7 -1 7 6 7 
7 5 5 5 5 7 5 5 7 7 7 7 7 7 7 7 7 6 7 7 
7 7 5 5 5 7 5 5 5 7 -1 7 7 7 7 7 5 7 -1 7 
7 5 5 5 5 5 5 5 5 5 7 6 -1 -1 7 7 7 5 5 -1 
5 5 5 5 -1 5 -1 7 5 5 6 6 7 7 -1 7 7 5 5 5 
5 5 6 5 5 5 7 7 7 7 7 7 7 7 7 7 7 7 5 -1 
-1 7 7 6 7 5 7 7 7 7 7 5 7 7 7 7 7 7 6 5 
7 7 6 6 7 7 7 7 7 -1 7 7 5 7 7 7 7 7 7 7 
-1 7 6 6 7 7 7 -1 7 7 -1 7 7 7 7 7 4 4 7 7 
7 7 7 7 5 7 -1 7 7 7 6 7 -1 7 5 7 7 7 7 7 
7 7 7 -1 7 5 7 6 7 6 40 -1 5 -1 41 7 4 -1 -1 7 
4 7 7 7 7 7 7 7 7 40 40 5 5 41 41 41 -1 -1 7 4 
7 -1 7 7 7 7 7 7 7 7 7 -1 5 5 -1 5 -1 -1 7 7 
7 7 5 5 7 7 7 7 7 7 7 -1 7 5 7 5 7 41 7 7 
7 7 -1 40 5 41 7 7 7 7 5 5 7 7 7 -1 5 -1 3 -1 
-1 6 6 6 5 5 7 -1 7 9 5 7 7 7 7 -1 5 5 3 7 
6 6 6 6 7 7 -1 5 5 7 7 -1 7 7 -1 7 5 5 5 -1 
5 6 6 6 7 7 7 7 5 5 6 6 7 7 7 5 5 5 5 5 
5 6 -1 7 7 7 7 7 6 7 5 5 5 7 7 7 -1 5 -1 5 
6 5 6 7 7 7 -1 7 6 7 5 -1 -1 7 7 7 7 5 7 6 
6 6 7 -1 7 7 6 6 6 6 5 5 -1 7 7 -1 -1 7 7 -1 
-1 -1 6 7 7 5 -1 -1 6 -1 7 -1 7 7 7 7 -1 -1 7 -1 
-1 7 6 41 5 5 41 41 -1 7 7 7 7 7 -1 7 7 -1 7 -1 
-1 -1 41 41 5 5 41 5 -1 41 41 7 7 -1 7 7 7 7 7 7 
-1 -1 6 7 5 41 9 5 41 41 7 7 5 7 -1 7 7 6 7 7 
7 5 6 7 7 41 7 9 41 41 7 7 5 7 -1 7 7 7 7 7 
7 5 41 5 7 7 7 -1 9 41 5 5 7 41 7 -1 7 7 7 7 
7 7 5 7 7 7 7 9 9 41 7 5 5 7 7 7 7 7 7 7 
7 7 7 7 7 7 7 7 7 7 7 7 7 7 5 7 5 -1 6 5 
-1 7 -1 -1 7 -1 -1 7 7 7 7 -1 7 7 7 5 5 5 7 5 
-1 -1 41 41 -1 -1 40 40 40 7 5 5 7 7 7 7 5 -1 -1 -1 
-1 7 -1 41 40 -1 40 40 7 -1 5 -1 -1 7 7 7 7 7 7 3 
3 -1 7 5 40 40 40 40 32 32 7 -1 7 -1 7 7 7 7 3 7 
7 7 5 5 41 -1 7 7 7 7 -1 7 7 7 7 7 -1 7 3 -1 
2 -1 7 7 7 -1 5 7 7 7 6 6 -1 7 7 7 7 -1 7 2 
2 7 7 7 -1 40 47 7 7 7 6 -1 6 7 7 7 -1 6 7 6 
7 7 5 7 5 5 5 -1 -1 7 -1 6 6 6 7 7 7 7 -1 7 
-1 7 7 -1 -1 -1 5 5 7 47 6 6 6 6 7 7 7 7 7 7 
7 -1 7 5 5 7 5 -1 7 7 47 5 6 6 7 -1 7 7 7 7 
7 7 5 -1 -1 5 -1 -1 -1 -1 5 6 6 6 6 5 7 6 -1 -1 
7 5 7 7 5 -1 -1 -1 7 5 -1 -1 5 5 7 5 7 -1 6 7 
5 7 6 7 5 5 -1 -1 7 7 5 5 5 5 7 7 7 7 7 7 
5 5 5 6 -1 -1 5 7 5 -1 5 5 -1 -1 -1 7 -1 7 -1 -1 
-1 -1 5 -1 -1 -1 5 5 5 5 -1 7 5 -1 -1 -1 12 -1 4 -1 
1 5 7 -1 -1 5 5 5 5 -1 7 7 5 5 12 12 12 4 -1 5 
1 5 5 7 5 -1 5 5 7 5 5 5 5 7 12 4 4 5 5 -1 
7 5 5 -1 4 5 -1 5 5 7 5 7 7 7 -1 7 7 7 7 5 
5 5 5 -1 4 -1 -1 -1 5 5 5 7 -1 -1 7 4 -1 7 7 7 
2 2 5 4 -1 -1 -1 7 5 -1 7 5 -1 7 7 -1 4 7 7 7 
6 2 5 5 -1 -1 5 5 5 5 7 11 7 7 -1 4 4 -1 6 5 
6 5 5 -1 6 -1 5 6 6 7 5 7 -1 4 -1 4 4 6 6 5 
-1 -1 -1 -1 -1 6 6 6 -1 7 7 -1 -1 7 4 4 -1 6 6 2 
2 -1 -1 7 7 7 7 -1 7 -1 -1 3 3 7 -1 4 -1 7 2 -1 
2 2 -1 -1 -1 7 7 7 -1 -1 -1 -1 -1 7 7 4 4 7 7 2 
-1 7 7 7 7 7 -1 6 6 -1 -1 4 -1 7 7 7 7 5 -1 5 
6 -1 7 7 6 7 -1 6 6 -1 3 -1 -1 5 5 -1 7 -1 5 5 
-1 -1 5 -1 6 6 -1 6 -1 -1 7 -1 5 5 5 5 7 5 -1 5 
5 -1 5 5 8 7 -1 4 -1 -1 7 7 3 -1 5 -1 5 -1 5 5 
5 5 5 8 8 -1 6 -1 4 -1 4 -1 5 5 5 5 5 5 5 5 
5 5 5 -1 8 10 7 -1 -1 4 4 4 -1 5 5 5 5 5 5 -1 
-1 -1 -1 6 7 7 7 7 4 4 4 -1 -1 5 5 5 5 5 5 -1 
-1 -1 -1 6 7 7 4 4 -1 -1 -1 -1 -1 -1 5 5 -1 5 7 -1 
7 7 7 3 -1 -1 7 -1 5 -1 7 -1 -1 5 5 -1 -1 -1 -1 7 
4 7 7 3 -1 -1 7 5 -1 5 5 -1 5 -1 6 -1 40 -1 40 -1 
-1 7 -1 -1 -1 -1 5 7 5 -1 -1 6 6 6 6 5 40 5 -1 6 
4 7 -1 5 5 -1 7 5 7 7 -1 -1 6 6 -1 6 6 -1 5 6 
6 7 7 6 6 5 -1 7 5 5 6 6 5 6 6 5 5 6 -1 -1 
-1 6 6 7 6 7 7 7 5 -1 5 5 6 5 5 6 6 5 -1 7 
7 6 6 6 6 5 7 5 7 5 5 6 -1 -1 6 5 -1 4 5 7 
4 6 6 6 6 -1 -1 7 -1 -1 5 4 6 6 4 4 4 -1 4 6 
6 6 -1 7 6 -1 -1 6 -1 4 -1 4 -1 -1 6 4 4 4 4 6 
6 6 7 7 7 6 6 6 -1 4 4 -1 -1 -1 6 6 4 4 4 6 
6 -1 7 7 -1 7 6 -1 -1 4 4 4 -1 4 4 4 7 4 4 6 
6 6 7 7 7 7 -1 -1 -1 -1 4 4 -1 -1 7 7 -1 -1 -1 5 
6 -1 5 5 5 5 5 6 6 6 -1 5 4 4 5 5 5 3 -1 6 
-1 -1 5 5 5 4 -1 5 6 6 6 6 4 6 5 5 3 4 3 -1 
6 6 -1 -1 6 4 6 -1 6 -1 6 -1 4 4 6 5 3 4 -1 6 
6 5 6 -1 6 6 5 6 -1 6 6 -1 6 6 6 6 3 6 4 6 
-1 6 -1 6 -1 6 5 4 5 5 5 6 6 6 -1 4 -1 5 -1 6 
6 6 -1 6 -1 -1 6 6 6 6 6 6 6 6 -1 4 4 -1 -1 -1 
6 -1 6 -1 -1 32 4 -1 4 6 6 6 -1 -1 -1 -1 6 -1 -1 6 
-1 6 -1 32 5 4 -1 4 4 6 -1 -1 6 6 -1 -1 1 6 6 -1 
4 -1 -1 -1 4 4 -1 4 4 4 6 -1 6 -1 -1 7 -1 -1 6 4 
-1 -1 -1 6 40 4 4 40 40 40 40 -1 -1 7 7 6 -1 -1 -1 -1 
4 4 4 -1 40 5 40 -1 7 4 40 -1 6 6 7 6 6 6 -1 -1 
4 4 4 5 -1 -1 -1 7 7 7 40 -1 -1 -1 6 6 6 -1 5 -1 
5 4 5 -1 5 4 7 4 7 40 6 6 -1 -1 -1 -1 6 6 -1 5 
5 5 -1 -1 4 4 -1 7 4 -1 7 7 -1 7 7 4 6 5 5 5 
5 -1 -1 -1 5 5 5 -1 7 7 -1 7 7 7 5 -1 5 5 5 5 
5 -1 1 1 5 5 5 7 5 7 5 -1 -1 -1 5 5 -1 5 5 -1 
5 1 5 5 5 5 -1 5 5 5 5 -1 5 -1 5 -1 -1 -1 4 5 
5 6 5 5 -1 5 5 5 -1 5 5 5 5 -1 4 -1 5 4 -1 5 
6 -1 -1 -1 5 5 5 5 5 5 5 5 5 4 -1 4 4 5 5 4 
-1 -1 5 5 5 5 5 5 5 5 5 4 4 5 4 5 -1 -1 3 6 
2 7 7 7 5 5 7 -1 -1 6 6 6 6 -1 -1 3 -1 2 2 2 
-1 7 7 5 7 -1 4 7 -1 6 6 6 6 -1 -1 3 -1 -1 2 -1 
-1 7 7 3 5 4 4 -1 6 6 -1 6 -1 -1 -1 3 -1 -1 -1 2 
7 3 7 7 7 -1 4 -1 -1 6 -1 -1 -1 -1 2 2 2 -1 3 3 
-1 7 7 7 -1 7 -1 4 -1 5 4 -1 -1 2 2 2 2 -1 -1 3 
3 -1 5 4 4 -1 -1 -1 -1 -1 5 4 4 3 4 3 2 -1 -1 -1 
3 -1 5 40 40 -1 -1 7 -1 4 4 5 4 3 3 2 3 3 -1 4 
4 5 5 40 40 5 -1 7 7 -1 4 -1 4 4 3 3 2 -1 4 7 
5 5 5 5 5 5 -1 7 7 -1 -1 -1 4 4 -1 -1 3 -1 -1 5 
-1 -1 -1 5 5 -1 -1 -1 7 5 5 -1 4 3 3 5 3 -1 5 5 
5 -1 5 5 -1 -1 -1 -1 4 -1 4 3 4 5 5 4 5 -1 5 -1 
-1 5 5 5 5 -1 -1 -1 4 -1 4 4 3 5 3 5 -1 -1 -1 5 
5 5 1 5 5 5 -1 -1 6 4 4 4 3 3 3 5 5 5 5 -1 
7 1 -1 5 5 5 5 6 4 -1 4 3 3 3 3 -1 3 -1 -1 -1 
7 -1 -1 5 5 5 6 -1 6 4 3 3 3 3 3 3 5 5 -1 7 
-1 -1 -1 -1 -1 6 6 -1 -1 -1 -1 5 3 6 5 3 5 5 -1 4 
-1 -1 -1 -1 6 -1 6 6 -1 -1 -1 5 5 6 -1 5 5 4 -1 5 
-1 -1 5 7 -1 6 -1 5 -1 6 6 -1 -1 -1 5 -1 -1 4 5 -1 
7 5 7 -1 7 -1 5 5 6 -1 6 5 5 5 -1 -1 -1 -1 -1 6 
7 7 7 5 5 7 -1 7 -1 -1 6 6 -1 -1 5 -1 -1 -1 -1 7 
5 3 3 3 -1 -1 5 -1 7 7 2 2 3 7 7 6 2 7 -1 6 
7 7 -1 3 7 7 7 7 7 -1 7 -1 7 7 3 3 -1 7 7 5 
5 7 7 -1 -1 7 7 2 -1 3 3 3 -1 -1 -1 3 7 -1 6 7 
7 -1 -1 7 -1 2 7 7 -1 -1 -1 -1 -1 -1 7 7 6 6 -1 6 
7 -1 -1 7 -1 7 7 7 7 7 -1 -1 3 7 -1 -1 4 7 -1 -1 
7 -1 3 3 3 3 3 7 3 2 2 3 3 3 3 4 4 4 7 -1 
3 3 -1 3 7 3 6 6 7 3 2 2 3 3 -1 -1 6 7 -1 7 
3 -1 -1 7 3 2 6 -1 7 7 3 5 5 -1 5 6 6 5 -1 -1 
3 3 4 4 3 7 7 -1 2 7 5 2 7 5 5 6 5 -1 -1 3 
3 -1 4 3 7 3 7 2 2 2 -1 6 7 40 -1 5 -1 5 -1 3 
7 -1 3 7 3 3 2 2 2 -1 40 -1 7 7 40 6 -1 5 -1 3 
3 -1 7 7 3 7 3 2 2 40 40 7 -1 40 40 40 5 3 3 3 
-1 -1 7 7 -1 7 3 3 -1 3 -1 -1 -1 -1 40 5 5 5 7 7 
7 3 3 -1 3 3 -1 3 3 6 6 -1 -1 40 1 1 5 5 7 7 
3 7 7 3 3 3 -1 -1 -1 -1 5 -1 -1 -1 5 5 5 2 2 3 
7 7 7 7 3 -1 3 3 5 1 5 -1 -1 5 -1 5 3 3 3 3 
3 7 7 7 3 3 -1 3 5 5 5 -1 -1 -1 5 -1 -1 3 3 3 
3 7 7 -1 3 3 3 3 5 3 5 5 5 -1 -1 -1 -1 2 -1 4 
7 3 3 3 -1 3 -1 -1 5 5 3 3 -1 2 2 -1 2 2 2 -1 
-1 3 -1 -1 -1 5 -1 7 -1 3 2 3 3 3 6 -1 2 5 -1 3 
-1 -1 3 3 3 2 3 3 -1 4 4 2 2 1 1 1 -1 -1 -1 3 
-1 -1 3 3 2 3 -1 3 3 3 4 4 4 2 -1 -1 3 1 3 -1 
-1 1 1 3 3 -1 3 7 3 3 7 4 4 2 -1 3 1 3 1 -1 
-1 1 1 1 3 3 -1 -1 7 7 3 4 -1 -1 -1 3 1 1 3 -1 
1 -1 -1 -1 3 3 -1 1 1 2 4 2 6 6 3 -1 -1 3 1 -1 
1 -1 3 -1 -1 3 2 2 1 2 3 6 6 6 1 -1 3 -1 1 1 
1 -1 3 3 3 3 2 1 1 3 3 -1 6 1 1 -1 2 2 2 1 
2 2 -1 2 2 2 3 3 3 6 6 6 3 -1 -1 -1 3 3 2 2 
2 -1 -1 3 2 3 2 3 6 3 3 3 6 1 1 2 3 1 3 -1 
2 -1 3 2 3 2 2 -1 -1 6 6 6 -1 -1 1 1 1 3 3 3 
2 2 2 3 3 1 4 1 -1 -1 2 -1 1 1 1 3 3 -1 -1 3 
6 5 3 -1 1 1 5 4 4 4 4 4 -1 -1 -1 1 3 -1 -1 4 
6 5 5 -1 -1 3 5 -1 -1 4 4 -1 -1 -1 5 -1 -1 -1 4 -1 
2 2 2 -1 3 3 -1 -1 -1 5 -1 -1 -1 1 1 1 -1 -1 6 -1 
2 2 -1 2 3 -1 3 -1 2 -1 3 -1 4 1 1 1 -1 6 6 2 
2 2 -1 3 3 3 3 3 -1 2 -1 4 -1 -1 1 6 1 6 6 6 
-1 3 3 3 3 3 3 3 2 -1 -1 -1 2 3 1 1 6 6 6 6 
2 2 3 3 -1 -1 3 6 2 -1 2 2 -1 2 1 6 6 6 6 6 
2 2 3 3 3 3 -1 6 3 4 -1 2 2 1 3 3 -1 -1 2 2 
-1 -1 3 3 3 3 2 3 3 4 4 -1 2 -1 1 -1 -1 -1 -1 -1 
1 -1 6 6 3 -1 -1 6 -1 3 6 -1 2 2 -1 -1 6 6 6 1 
-1 3 3 6 6 6 6 6 -1 -1 3 3 3 6 6 -1 6 6 -1 6 
6 3 3 6 6 6 6 -1 3 3 3 3 6 6 -1 6 3 6 6 6 
3 6 -1 6 -1 3 -1 -1 3 3 3 3 3 6 3 6 3 6 6 3 
3 6 6 -1 -1 3 3 3 3 3 3 3 6 6 3 -1 6 3 3 -1 
3 3 6 6 -1 5 3 3 -1 -1 -1 -1 6 -1 3 3 3 -1 3 1 
3 3 3 6 -1 5 5 6 3 3 -1 -1 3 3 3 3 3 -1 1 3 
3 -1 -1 2 5 5 5 6 3 3 3 7 2 3 3 3 3 2 -1 3 
3 6 2 2 2 7 5 7 2 -1 3 7 7 2 -1 3 -1 3 2 3 
6 6 2 2 2 7 -1 7 2 2 7 7 2 -1 3 -1 2 2 5 3 
3 6 1 -1 -1 -1 -1 2 2 2 7 2 2 2 3 2 -1 2 5 6 
6 1 -1 3 2 2 -1 -1 2 -1 2 2 2 3 2 5 5 5 2 5 
2 1 1 -1 2 2 -1 2 2 2 2 2 2 3 3 2 5 -1 5 -1 
-1 3 2 1 1 2 2 2 2 -1 2 -1 3 3 -1 -1 4 6 -1 2 
2 2 2 2 3 1 1 6 6 6 2 2 3 7 -1 -1 4 5 5 2 
2 2 2 3 1 1 -1 -1 6 6 6 -1 -1 -1 3 3 -1 2 2 2 
-1 -1 -1 -1 3 -1 -1 -1 6 7 6 -1 3 3 3 3 3 3 2 8 
8 -1 -1 3 3 4 4 -1 -1 7 6 7 -1 6 -1 -1 3 -1 -1 8 
1 3 3 3 4 4 3 -1 -1 3 7 7 7 2 3 -1 -1 -1 -1 1 
1 6 3 3 3 3 4 6 -1 6 3 -1 2 2 3 -1 -1 -1 1 6 
2 -1 3 3 5 3 -1 -1 2 2 -1 6 7 3 3 2 3 3 3 3 
6 1 -1 -1 -1 1 -1 3 -1 -1 6 6 6 7 3 3 6 3 7 3 
2 6 7 -1 -1 -1 1 -1 -1 -1 3 3 6 3 3 6 6 7 6 6 
6 6 7 -1 -1 1 1 1 -1 3 7 7 3 2 -1 -1 1 -1 -1 6 
6 -1 6 6 1 1 1 1 7 7 5 7 -1 2 3 1 1 1 -1 6 
-1 -1 -1 1 1 1 7 6 3 7 7 5 -1 3 -1 1 -1 1 6 6 
6 6 -1 -1 1 1 3 3 7 7 7 5 3 3 -1 1 1 -1 6 6 
2 6 6 -1 6 1 1 7 3 -1 -1 -1 3 3 3 1 1 6 6 6 
6 6 7 6 -1 -1 -1 7 -1 1 3 -1 7 3 3 3 -1 -1 2 2 
7 6 6 -1 -1 -1 7 -1 7 1 7 3 3 3 3 3 -1 2 -1 1 
-1 7 6 3 6 3 3 3 3 3 3 -1 3 3 7 2 2 -1 1 -1 
1 2 7 3 6 3 3 3 3 -1 3 3 3 3 7 -1 -1 1 -1 -1 
2 6 -1 -1 3 3 3 3 -1 -1 3 -1 3 3 7 -1 -1 1 1 1 
1 -1 -1 -1 3 3 3 -1 3 3 -1 -1 -1 6 7 3 7 1 1 1 
1 7 -1 -1 7 3 3 7 3 -1 -1 -1 6 3 -1 3 7 7 2 3 
-1 1 1 -1 7 3 3 3 3 3 7 6 -1 3 3 3 -1 2 3 3 
1 -1 1 -1 3 7 -1 -1 3 3 -1 3 3 -1 3 6 6 3 3 3 
-1 3 3 -1 -1 2 3 2 3 3 3 3 -1 -1 -1 3 3 3 3 -1 
3 3 3 3 3 2 2 3 3 3 7 3 3 3 3 -1 3 3 -1 -1 
-1 3 3 -1 3 2 2 2 2 2 -1 3 3 3 3 3 2 3 3 3 
6 6 6 2 2 -1 -1 7 7 7 7 6 6 6 3 2 -1 6 6 6 
2 6 3 2 3 6 6 2 7 -1 -1 -1 -1 2 2 -1 -1 -1 2 -1 
6 -1 2 3 2 2 -1 2 2 2 -1 -1 7 2 2 2 6 6 6 2 
-1 -1 2 6 2 -1 2 6 2 -1 -1 -1 -1 -1 6 6 2 2 -1 -1 
5 3 -1 6 7 7 6 7 6 2 -1 2 -1 -1 6 6 6 6 5 5 
7 3 3 3 6 6 7 7 7 3 -1 -1 -1 6 6 7 6 -1 5 -1 
7 3 3 3 3 -1 -1 3 7 3 3 -1 -1 6 7 7 -1 7 7 -1 
7 -1 -1 2 6 6 7 7 3 -1 -1 -1 6 -1 -1 7 7 2 7 -1 
7 -1 -1 7 -1 6 6 3 -1 3 6 6 2 6 -1 7 7 7 7 7 
7 -1 7 5 -1 -1 3 -1 -1 2 3 -1 6 6 6 -1 7 7 7 7 
7 7 5 7 -1 6 2 -1 2 2 3 3 -1 7 7 -1 2 7 7 7 
7 5 7 -1 7 7 6 2 3 -1 -1 3 3 3 -1 2 7 7 7 -1 
7 7 7 3 7 7 7 -1 -1 1 6 -1 -1 3 2 7 7 -1 -1 -1 
3 7 3 7 7 7 3 -1 -1 6 1 -1 7 3 7 -1 7 5 -1 -1 
3 6 3 -1 7 -1 7 3 7 40 7 7 -1 -1 7 -1 5 5 5 -1 
2 3 6 2 6 -1 3 7 7 7 -1 7 -1 7 7 2 5 5 5 2 
2 6 -1 2 2 2 2 -1 2 7 -1 -1 7 7 3 2 5 2 5 2 
2 -1 6 -1 2 2 2 2 7 7 6 7 7 3 2 -1 2 -1 -1 2 
-1 6 -1 2 2 -1 7 -1 7 -1 -1 7 2 -1 2 3 2 3 6 -1 
6 -1 2 2 2 -1 7 7 -1 -1 7 6 3 3 -1 3 3 6 -1 6 
40 -1 -1 7 -1 7 7 6 6 2 2 2 3 3 3 3 2 2 6 -1 
40 40 -1 -1 -1 7 6 6 6 6 2 -1 6 -1 3 7 6 6 2 6 
6 2 -1 -1 6 -1 6 6 6 6 -1 6 1 6 -1 6 7 6 6 2 
2 1 1 -1 6 6 6 6 6 6 6 6 6 6 6 6 6 6 6 2 
2 -1 -1 6 6 2 -1 -1 6 6 7 7 7 7 7 3 6 6 2 -1 
6 6 -1 2 6 2 6 -1 -1 7 7 -1 7 34 3 7 3 -1 6 6 
6 6 2 6 2 2 6 7 34 7 2 -1 34 34 -1 -1 3 6 2 6 
-1 -1 -1 2 2 -1 7 3 34 2 -1 34 34 -1 -1 -1 -1 2 2 6 
6 -1 -1 -1 7 7 -1 6 6 6 2 2 34 34 3 -1 -1 2 -1 7 
6 6 6 -1 -1 7 6 -1 6 6 2 6 6 -1 7 -1 -1 -1 7 6 
6 7 7 7 7 -1 -1 6 6 2 -1 2 6 6 6 2 6 6 7 7 
7 -1 7 7 7 -1 6 -1 -1 -1 -1 6 6 6 6 -1 6 6 6 6 
7 7 -1 7 7 7 6 6 6 -1 -1 2 -1 -1 -1 6 2 2 6 -1 
6 6 6 7 7 6 -1 1 1 1 -1 2 -1 -1 -1 -1 -1 2 6 -1 
-1 6 6 7 7 7 -1 -1 1 1 -1 -1 -1 6 -1 -1 -1 2 7 -1 
-1 7 6 2 -1 7 6 6 6 6 1 -1 -1 -1 -1 2 2 7 2 6 
6 7 7 -1 -1 3 6 6 6 6 -1 -1 7 -1 -1 2 2 2 2 2 
2 2 -1 7 7 6 6 6 6 -1 6 -1 7 7 -1 2 2 -1 2 -1 
3 7 -1 7 -1 7 6 6 6 6 -1 -1 -1 -1 3 -1 2 2 3 3 
7 7 7 7 7 6 6 6 6 6 2 3 3 3 3 -1 2 3 2 40 
6 -1 6 6 6 7 7 7 -1 7 7 5 7 7 -1 5 7 7 7 7 
7 6 6 6 7 7 7 -1 7 7 7 -1 5 5 5 -1 -1 7 7 7 
-1 6 -1 6 -1 -1 7 7 7 -1 -1 -1 5 -1 5 7 7 2 7 7 
-1 -1 6 -1 -1 -1 7 7 -1 -1 -1 7 7 7 -1 5 7 2 7 7 
-1 7 7 6 2 -1 2 7 7 7 7 7 7 3 7 7 7 7 -1 7 
-1 7 3 3 2 2 2 7 7 7 7 5 7 3 -1 7 7 7 7 7 
7 7 5 2 5 -1 2 -1 7 3 -1 5 -1 6 3 3 3 6 3 -1 
7 7 5 5 -1 2 -1 -1 3 3 -1 -1 -1 6 -1 -1 3 3 3 3 
7 5 -1 5 -1 -1 2 3 7 -1 7 -1 6 6 6 -1 -1 3 3 7 
-1 7 -1 5 5 -1 -1 3 7 7 6 7 6 6 6 6 -1 6 6 7 
7 -1 7 7 5 5 6 6 7 6 -1 6 -1 -1 -1 3 -1 3 6 -1 
7 7 3 3 7 6 40 -1 6 6 6 7 7 -1 -1 -1 3 3 3 3 
7 7 3 7 5 5 7 40 -1 6 7 7 7 2 4 4 7 3 3 7 
7 3 7 7 7 5 -1 40 6 6 -1 7 7 6 2 4 4 3 7 3 
3 3 3 3 3 -1 7 -1 40 6 6 6 -1 6 2 3 3 7 7 3 
-1 -1 3 -1 -1 7 7 7 -1 6 -1 6 6 6 2 -1 -1 -1 7 7 
7 3 -1 -1 -1 -1 7 6 6 6 6 6 -1 2 6 6 -1 -1 7 7 
7 -1 7 -1 -1 7 7 6 -1 -1 6 6 7 -1 -1 6 7 7 7 -1 
-1 5 7 -1 7 7 7 -1 -1 5 5 6 7 7 7 7 7 7 7 -1 
7 6 6 6 -1 6 7 7 -1 -1 -1 5 7 7 7 5 7 7 7 7 
7 7 7 7 -1 -1 3 2 -1 6 7 7 6 -1 5 5 5 5 5 3 
7 -1 -1 7 3 -1 2 -1 6 6 6 6 6 -1 5 5 -1 5 3 3 
-1 3 3 5 5 -1 -1 -1 6 6 6 6 -1 -1 -1 -1 -1 -1 5 3 
5 -1 3 5 6 6 3 -1 6 6 4 -1 -1 -1 -1 7 -1 -1 -1 3 
5 5 5 5 -1 6 6 6 -1 4 4 -1 -1 -1 7 7 7 -1 7 5 
5 5 6 -1 3 3 -1 6 -1 -1 -1 4 -1 7 7 7 5 7 5 7 
-1 7 7 6 6 7 6 6 6 -1 -1 -1 7 -1 -1 7 7 7 -1 5 
7 6 -1 7 6 4 -1 6 -1 7 7 -1 3 7 7 7 7 7 7 -1 
7 7 7 7 -1 4 4 6 7 7 7 7 3 7 7 5 5 -1 7 -1 
7 -1 7 6 6 -1 6 6 6 7 7 7 3 3 5 3 3 3 -1 7 
7 7 7 -1 -1 -1 -1 6 6 6 -1 7 7 7 3 3 -1 3 7 -1 
7 6 6 3 3 6 6 -1 6 -1 -1 -1 4 -1 3 3 3 7 7 7 
7 7 -1 7 6 3 6 6 7 -1 6 6 -1 3 3 3 -1 -1 7 7 
-1 7 7 -1 7 7 7 -1 7 7 7 6 5 3 9 3 3 3 3 7 
7 7 7 -1 7 7 7 7 7 7 7 7 7 -1 9 7 3 7 7 7 
7 3 5 3 3 -1 7 7 7 -1 -1 -1 -1 9 9 -1 7 7 7 -1 
7 7 3 3 -1 -1 7 3 39 39 -1 7 5 9 7 -1 7 -1 7 7 
7 5 5 3 3 3 -1 3 7 7 7 6 6 6 -1 -1 5 7 5 7 
5 -1 -1 3 3 -1 3 3 3 3 -1 6 6 6 5 5 5 5 7 5 
5 5 7 -1 3 -1 3 3 6 3 -1 7 7 -1 5 5 -1 5 -1 7 
7 -1 5 5 5 5 5 34 34 -1 5 5 6 5 7 5 7 7 7 5 
7 7 7 5 -1 5 5 -1 -1 5 5 5 -1 -1 5 5 5 7 7 -1 
7 7 5 7 7 5 4 5 6 6 5 5 5 -1 -1 5 5 7 -1 -1 
7 4 7 -1 7 7 4 4 -1 5 5 5 -1 -1 -1 7 -1 -1 7 -1 
7 7 4 -1 -1 7 4 4 -1 -1 5 5 5 5 7 1 7 7 7 -1 
-1 -1 -1 7 4 7 7 4 5 -1 5 5 5 7 -1 1 1 7 -1 -1 
-1 -1 7 4 7 -1 7 40 7 5 5 5 -1 7 7 5 7 7 7 1 
7 6 7 -1 4 4 7 -1 5 7 5 5 -1 -1 6 6 5 7 7 1 
-1 7 -1 -1 7 7 -1 -1 -1 5 -1 -1 5 7 7 7 7 7 1 7 
7 -1 -1 4 -1 3 3 -1 -1 7 7 5 6 7 -1 7 7 -1 7 7 
7 -1 7 -1 7 3 -1 -1 -1 7 -1 7 5 6 5 5 7 7 7 7 
7 7 7 -1 7 7 -1 5 -1 -1 7 -1 5 5 5 5 7 -1 7 -1 
6 5 5 -1 7 7 7 7 5 -1 5 5 -1 5 5 7 7 7 7 5 
5 5 7 7 7 7 7 7 -1 5 6 5 5 5 5 5 5 5 5 -1 
7 7 7 7 7 7 7 -1 7 6 5 5 -1 -1 5 -1 5 5 -1 -1 
7 7 -1 7 7 5 5 7 7 7 5 5 -1 -1 5 4 -1 5 -1 7 
8 7 7 6 5 5 -1 5 7 -1 5 5 5 5 5 -1 -1 -1 7 7 
-1 7 6 6 11 7 -1 7 7 5 5 5 5 -1 5 -1 7 -1 8 8 
-1 5 7 6 6 5 7 -1 5 -1 5 34 -1 5 5 5 7 7 8 -1 
5 5 5 5 5 7 34 34 -1 5 5 2 2 34 5 7 7 7 -1 -1 
7 7 5 5 5 -1 5 5 5 5 -1 5 5 7 -1 5 5 -1 5 7 
-1 7 7 7 -1 -1 -1 5 -1 -1 5 -1 5 5 5 5 -1 6 -1 -1 
5 5 7 7 5 5 5 5 -1 -1 5 7 7 5 5 5 6 6 6 6 
-1 -1 7 6 5 5 5 -1 -1 -1 6 6 6 7 -1 5 6 6 6 6 
-1 7 6 6 -1 5 5 -1 5 7 7 -1 7 7 7 -1 7 6 6 6 
7 7 6 5 -1 -1 5 -1 5 5 7 5 7 -1 7 7 -1 6 6 5 
7 5 5 5 5 5 5 -1 7 7 -1 7 7 -1 -1 -1 6 5 6 7 
5 -1 5 5 5 5 5 5 -1 7 -1 7 7 7 7 -1 -1 -1 -1 5 
-1 5 5 5 5 5 5 -1 -1 -1 -1 -1 5 7 7 -1 -1 -1 -1 5 
5 -1 5 5 5 5 -1 5 -1 7 7 7 5 7 5 -1 -1 -1 -1 -1 
-1 5 5 5 5 5 5 5 -1 -1 7 5 5 5 5 5 -1 5 5 5 
5 5 5 11 5 -1 5 5 -1 -1 5 5 -1 5 6 5 5 5 5 5 
11 11 5 5 5 5 -1 5 5 -1 5 5 5 5 5 6 -1 5 -1 5 
5 5 11 5 5 -1 -1 5 5 5 5 5 5 -1 5 6 6 5 -1 -1 
5 5 5 5 5 5 5 5 5 -1 5 5 5 5 5 5 5 5 5 -1 
5 5 5 5 5 5 3 5 5 -1 -1 -1 5 5 5 -1 5 5 -1 5 
-1 -1 5 5 5 5 5 5 -1 5 -1 -1 5 5 5 -1 7 5 5 5 
5 5 5 5 5 -1 3 5 5 5 4 -1 5 5 5 -1 5 -1 5 7 
7 -1 5 5 5 5 3 5 5 5 5 4 5 -1 -1 5 5 5 -1 7 
7 7 5 5 6 5 -1 -1 5 5 5 5 5 5 -1 5 5 5 5 5 
5 5 5 5 5 5 10 5 7 7 7 7 5 7 7 -1 -1 6 5 5 
5 5 -1 5 5 5 5 5 5 5 5 5 5 5 7 7 -1 -1 5 5 
1 -1 -1 -1 -1 5 -1 5 5 5 -1 -1 5 5 5 7 5 -1 5 5 
1 1 6 -1 5 5 5 5 5 5 5 -1 5 5 5 7 -1 5 -1 -1 
5 -1 6 6 5 5 5 5 5 5 5 11 5 -1 5 7 7 7 7 5 
-1 -1 5 5 -1 5 5 6 6 -1 5 11 5 5 5 7 -1 7 -1 5 
7 6 6 5 5 5 -1 -1 5 5 5 5 5 5 5 5 -1 7 7 7 
-1 6 -1 6 -1 -1 -1 7 11 11 5 -1 5 7 -1 7 7 7 7 7 
7 -1 6 -1 6 -1 7 11 11 5 -1 5 7 5 7 -1 7 7 7 7 
37 6 -1 6 3 6 -1 -1 -1 -1 7 7 7 7 7 7 -1 5 7 7 
37 5 -1 5 7 7 -1 -1 -1 5 7 5 -1 7 7 7 7 5 -1 37 
7 3 -1 5 7 7 7 3 3 7 5 6 7 7 7 7 -1 -1 -1 -1 
5 3 5 5 -1 -1 7 3 -1 6 7 7 7 7 7 7 -1 -1 7 7 
-1 34 -1 3 5 -1 5 -1 7 6 6 7 7 7 7 -1 -1 7 7 -1 
34 -1 7 7 3 5 -1 5 5 6 6 7 -1 7 -1 -1 -1 5 11 11 
-1 34 7 7 7 7 5 5 5 -1 7 -1 7 7 7 -1 7 7 5 -1 
-1 7 7 -1 7 -1 7 5 -1 7 6 -1 -1 7 7 -1 7 6 6 -1 
-1 7 5 5 7 10 10 7 10 7 -1 -1 -1 7 -1 -1 7 -1 6 -1 
-1 5 5 7 10 10 10 10 7 7 -1 -1 5 -1 -1 7 7 -1 -1 -1 
5 5 5 5 -1 5 7 7 7 7 7 -1 7 5 7 -1 5 5 6 -1 
5 5 -1 5 7 7 11 11 11 -1 7 -1 7 35 35 35 35 35 35 34 
5 5 5 5 5 11 11 7 7 5 -1 -1 7 7 7 15 35 35 41 34 
35 7 7 5 7 -1 5 5 5 5 -1 -1 5 7 7 15 35 -1 9 5 
35 7 3 3 7 7 -1 5 5 7 7 15 15 5 15 -1 9 9 -1 35 
11 11 3 3 -1 -1 7 -1 7 7 7 7 -1 15 5 7 7 -1 7 35 
35 7 3 -1 -1 3 -1 3 3 7 7 7 7 -1 7 -1 7 7 35 35 
7 3 7 7 7 7 3 3 -1 7 7 7 12 -1 -1 7 7 7 7 7 
7 3 7 7 11 -1 -1 3 7 3 3 -1 6 12 12 7 7 7 7 7 
7 7 7 11 11 -1 7 7 7 7 7 6 6 -1 -1 7 7 7 7 7 
3 -1 6 7 11 7 7 7 -1 7 7 2 12 -1 -1 -1 -1 -1 7 -1 
-1 3 6 7 7 7 14 7 7 7 7 2 6 6 -1 -1 7 7 -1 -1 
7 -1 7 -1 7 7 14 14 7 7 7 2 6 6 6 7 -1 7 6 7 
2 7 6 6 7 6 14 7 7 3 2 -1 2 6 5 5 7 7 7 6 
6 5 6 6 6 -1 7 7 7 7 3 2 2 2 5 7 39 6 7 7 
6 5 6 6 7 -1 7 7 -1 7 2 2 7 5 5 7 -1 39 7 39 
-1 6 6 6 6 7 7 7 -1 2 2 7 5 7 5 -1 -1 -1 34 6 
6 6 5 6 3 6 7 7 -1 7 7 7 7 7 -1 -1 -1 -1 34 11 
11 5 2 5 7 7 7 7 7 7 7 -1 7 7 -1 35 43 11 11 11 
5 5 2 2 -1 11 7 7 7 7 7 7 7 7 35 35 11 35 11 7 
35 -1 -1 2 11 11 11 11 11 7 -1 7 7 -1 7 7 35 35 11 35 
7 7 7 7 5 7 7 -1 7 5 -1 -1 -1 7 7 5 7 7 -1 7 
7 7 7 7 7 7 7 -1 -1 -1 5 -1 7 7 5 7 7 7 7 7 
7 7 -1 7 7 7 -1 7 -1 5 5 7 3 5 -1 -1 7 6 -1 6 
6 7 7 7 7 7 7 7 5 -1 5 5 7 7 -1 7 6 6 6 7 
6 7 7 7 7 7 7 7 7 5 5 5 3 3 -1 7 6 6 7 -1 
7 7 7 7 7 7 2 7 -1 5 7 7 3 3 -1 15 7 6 6 7 
15 15 7 7 7 5 7 7 -1 -1 7 -1 -1 7 7 7 -1 7 7 -1 
15 7 7 7 5 5 -1 -1 7 37 7 7 35 7 -1 7 7 7 -1 7 
7 -1 7 7 7 -1 7 7 37 7 37 7 -1 7 7 -1 -1 -1 -1 7 
7 7 7 7 7 7 7 7 -1 37 37 7 7 7 7 -1 7 5 5 7 
7 7 7 7 7 7 7 7 7 37 7 7 7 -1 7 7 5 5 7 7 
7 -1 -1 7 7 7 7 7 7 37 -1 37 7 7 7 -1 7 7 7 7 
7 7 7 -1 7 -1 37 41 37 -1 7 7 7 -1 7 7 -1 7 7 7 
7 7 7 -1 -1 -1 7 37 -1 7 7 7 7 7 -1 7 7 -1 7 7 
7 7 7 7 -1 7 7 7 7 7 7 7 5 7 7 7 7 -1 -1 3 
7 7 7 7 7 7 7 7 7 7 -1 3 -1 5 7 7 7 3 3 7 
-1 7 7 3 7 7 7 7 7 7 7 7 5 7 7 5 7 7 3 -1 
7 7 7 3 7 7 7 7 -1 7 7 5 5 5 7 3 3 7 7 7 
7 3 7 7 7 7 2 7 -1 -1 7 7 5 7 3 7 7 3 7 7 
7 3 7 7 7 2 7 7 7 -1 -1 7 -1 -1 7 -1 7 7 7 -1 
7 7 3 7 7 -1 -1 3 -1 -1 7 5 5 -1 6 -1 7 7 7 7 
7 7 7 7 7 3 3 7 3 7 7 5 5 7 7 6 7 7 7 7 
7 7 7 -1 7 -1 -1 7 3 7 7 5 -1 -1 5 7 7 7 7 7 
-1 7 7 7 7 7 5 7 7 5 -1 5 5 5 -1 7 7 7 7 7 
37 7 7 7 -1 5 5 6 7 7 7 7 5 7 38 38 38 7 7 7 
-1 7 7 -1 7 5 5 7 6 6 7 7 7 7 7 -1 37 37 7 37 
7 -1 7 7 6 -1 5 7 7 7 7 -1 -1 37 7 7 -1 37 7 7 
-1 -1 7 7 7 4 5 6 7 7 7 7 7 7 7 7 7 7 -1 7 
5 7 7 2 4 4 7 6 6 7 7 7 7 7 -1 37 7 -1 3 -1 
7 7 7 6 4 -1 -1 -1 5 6 -1 7 7 7 -1 -1 -1 7 3 7 
7 7 7 7 7 -1 5 5 5 6 6 7 7 5 -1 -1 7 7 7 7 
7 7 7 7 7 7 5 5 4 5 5 -1 7 7 7 -1 7 7 7 7 
7 7 7 7 7 7 5 4 5 -1 5 7 -1 7 -1 -1 7 7 7 7 
7 -1 -1 7 7 7 -1 5 5 5 7 7 7 -1 -1 -1 -1 7 7 7 
7 7 7 7 7 7 2 2 -1 7 -1 7 7 -1 3 3 -1 5 -1 5 
5 -1 7 7 6 -1 2 7 7 7 7 5 15 3 5 5 5 5 5 5 
5 5 7 6 3 7 7 7 7 7 7 15 5 -1 5 5 5 6 4 7 
7 7 -1 -1 7 3 7 7 7 5 7 5 -1 5 5 -1 5 4 7 -1 
7 3 -1 -1 7 -1 7 -1 7 7 7 -1 5 5 5 7 7 7 7 7 
7 3 3 37 -1 7 7 3 7 7 7 5 5 5 -1 7 7 7 7 7 
5 5 7 5 7 7 5 7 -1 7 -1 7 7 -1 5 5 5 5 5 -1 
5 5 5 5 7 7 5 7 -1 7 7 7 7 7 7 5 -1 -1 5 5 
7 5 5 7 7 7 5 7 7 7 7 7 7 7 7 7 5 5 5 5 
7 7 7 7 -1 7 7 7 7 7 7 7 -1 7 -1 -1 34 34 7 7 
7 7 7 7 6 7 7 7 7 7 7 7 7 6 -1 -1 -1 35 -1 7 
7 7 7 7 6 7 7 -1 7 -1 7 7 -1 -1 6 -1 -1 3 3 7 
7 7 7 7 7 7 47 7 2 2 7 7 38 6 -1 6 3 7 7 7 
7 7 7 7 7 -1 7 -1 7 7 38 7 38 -1 -1 -1 6 6 7 7 
7 7 7 3 7 7 -1 7 38 7 7 -1 -1 -1 38 38 38 -1 6 6 
7 7 3 7 7 7 -1 2 38 38 7 -1 38 38 -1 38 5 6 6 7 
7 7 7 7 7 7 7 2 2 38 -1 6 6 6 6 5 5 5 5 7 
7 7 -1 7 7 7 2 2 7 7 7 6 6 6 6 5 5 5 7 7 
-1 -1 7 7 7 7 7 2 2 2 7 2 6 6 -1 5 5 7 7 7 
7 7 -1 -1 -1 5 7 -1 -1 7 7 2 6 2 -1 3 5 5 7 6 
-1 -1 -1 -1 5 5 -1 -1 7 7 -1 7 7 -1 7 -1 5 5 6 7 
7 -1 -1 -1 5 4 -1 5 7 7 -1 7 7 7 -1 5 6 5 -1 7 
5 -1 -1 3 7 7 7 7 7 7 7 7 7 7 7 -1 6 5 5 5 
5 -1 3 7 3 7 -1 7 7 7 7 7 7 7 7 5 5 5 5 5 
5 7 7 -1 7 7 7 7 7 7 7 7 7 7 7 -1 5 5 5 5 
5 -1 7 7 7 7 7 7 -1 7 7 7 5 -1 -1 5 5 5 5 5 
7 -1 6 7 5 7 -1 5 5 5 -1 5 5 5 -1 -1 3 -1 -1 7 
7 7 6 5 6 5 5 -1 5 5 -1 5 5 -1 -1 3 -1 3 7 7 
7 7 -1 6 6 5 5 5 6 5 5 -1 5 -1 -1 -1 3 -1 -1 7 
7 7 5 5 -1 5 -1 5 6 6 6 -1 -1 -1 7 7 7 7 7 7 
5 7 5 -1 5 -1 -1 6 6 6 6 5 -1 -1 7 7 7 7 -1 5 
7 5 5 5 6 5 5 5 6 6 -1 5 -1 -1 -1 7 -1 -1 5 5 
5 -1 7 -1 6 6 5 -1 6 -1 -1 5 -1 -1 -1 -1 -1 -1 5 5 
37 7 -1 14 5 -1 14 -1 -1 6 5 5 5 5 5 5 -1 -1 5 5 
7 5 14 -1 14 5 7 -1 6 6 5 5 7 -1 5 5 5 2 -1 5 
6 5 5 14 -1 5 5 6 6 5 6 -1 5 6 5 2 -1 5 2 6 
5 2 5 5 5 -1 35 6 6 -1 6 1 -1 -1 5 2 2 34 -1 6 
6 6 5 5 5 5 35 6 5 6 5 6 6 -1 -1 5 5 2 6 2 
6 2 5 5 -1 7 -1 6 6 5 -1 -1 5 5 5 5 34 5 2 2 
5 -1 5 5 -1 -1 7 6 6 5 5 5 -1 -1 -1 34 5 8 6 6 
5 5 5 -1 5 -1 6 6 -1 5 5 5 5 -1 -1 -1 34 1 1 8 
-1 5 7 7 -1 -1 6 6 -1 5 5 5 -1 5 5 -1 34 34 5 8 
7 5 7 5 -1 5 -1 -1 5 5 5 5 5 -1 5 5 5 34 34 5 
-1 7 7 -1 5 5 5 -1 5 7 5 5 7 6 6 5 6 34 5 5 
7 7 7 -1 5 5 -1 5 5 5 5 5 5 6 6 6 6 -1 5 7 
7 7 7 5 7 7 -1 5 5 5 5 5 5 5 5 -1 6 6 -1 5 
-1 -1 -1 14 -1 -1 1 6 6 6 6 -1 5 6 -1 6 5 -1 6 -1 
5 6 6 6 6 5 6 1 6 5 6 -1 6 -1 -1 6 -1 6 5 -1 
-1 6 6 6 -1 5 5 -1 5 6 5 5 -1 6 6 3 -1 5 5 -1 
6 6 6 6 6 13 13 -1 6 6 6 -1 6 5 3 -1 -1 5 5 5 
-1 -1 -1 -1 5 5 13 6 6 6 6 5 5 -1 -1 8 -1 -1 6 -1 
5 5 -1 5 6 6 13 6 12 12 5 -1 5 -1 5 -1 8 -1 6 -1 
5 5 6 6 5 -1 -1 -1 12 6 12 5 5 5 7 7 7 6 6 5 
6 6 6 -1 33 33 -1 2 -1 5 -1 5 -1 -1 7 8 7 7 6 6 
6 -1 -1 33 33 33 -1 -1 5 5 5 5 5 7 7 -1 7 7 -1 -1 
-1 6 -1 6 5 5 5 -1 5 -1 5 5 5 5 -1 5 -1 6 6 -1 
-1 -1 10 12 12 5 -1 -1 5 5 5 5 5 -1 -1 5 7 6 6 6 
-1 10 10 2 12 -1 5 4 5 -1 -1 -1 5 -1 -1 6 7 -1 6 6 
5 -1 2 6 2 2 5 5 4 5 5 5 5 5 -1 -1 6 5 6 6 
5 -1 -1 -1 5 5 5 5 5 5 5 5 5 5 5 38 5 38 5 5 
5 5 -1 5 5 5 -1 5 5 -1 5 5 5 5 -1 38 38 5 5 5 
5 5 6 5 5 5 5 -1 6 5 5 5 5 -1 -1 -1 6 5 14 5 
37 37 -1 6 -1 -1 -1 6 -1 6 6 5 -1 5 -1 5 5 5 14 14 
5 5 6 -1 6 -1 6 -1 6 -1 5 5 5 5 5 -1 -1 6 -1 -1 
-1 -1 5 6 -1 6 6 -1 6 6 5 6 6 5 5 -1 6 6 6 -1 
-1 -1 -1 5 5 6 6 6 6 6 -1 5 -1 6 5 5 -1 -1 -1 -1 
1 6 6 -1 -1 6 6 -1 -1 5 -1 -1 6 5 6 -1 6 6 -1 -1 
-1 -1 9 -1 6 6 5 6 -1 -1 -1 6 -1 6 6 1 14 1 5 5 
9 9 6 6 6 5 6 -1 6 6 -1 6 -1 -1 12 -1 1 5 5 9 
-1 6 -1 6 5 6 -1 6 -1 6 6 -1 12 12 12 1 6 1 5 9 
6 6 -1 6 5 6 6 -1 -1 -1 6 -1 6 6 -1 -1 1 12 6 5 
6 6 6 6 6 6 6 -1 -1 -1 -1 6 -1 -1 6 -1 12 12 -1 -1 
5 5 -1 6 -1 6 6 6 6 -1 -1 6 -1 -1 -1 -1 -1 12 -1 -1 
5 5 -1 -1 5 -1 6 -1 -1 6 6 6 6 6 -1 -1 -1 -1 5 5 
5 -1 1 1 -1 1 -1 -1 -1 6 6 6 6 6 6 6 6 5 -1 5 
5 -1 1 1 1 6 6 6 6 6 6 -1 -1 6 1 6 5 5 5 5 
5 -1 -1 -1 -1 6 6 6 6 -1 6 -1 -1 -1 6 6 6 5 -1 5 
5 -1 6 6 6 6 -1 6 6 6 -1 -1 -1 6 6 -1 6 12 -1 5 
6 6 5 6 6 -1 6 6 6 -1 6 6 6 -1 -1 6 12 12 12 5 
6 5 -1 6 6 -1 6 -1 6 -1 6 6 6 -1 6 6 6 6 6 6 
12 5 -1 -1 6 -1 -1 6 6 -1 -1 6 6 6 -1 6 6 6 6 12 
-1 -1 5 5 2 6 -1 -1 -1 5 6 6 6 -1 -1 6 6 6 6 12 
-1 -1 -1 2 6 -1 5 6 -1 5 6 6 5 5 5 -1 6 -1 -1 12 
6 -1 -1 -1 -1 -1 5 -1 -1 -1 5 5 5 6 6 -1 6 6 -1 12 
6 6 -1 -1 -1 6 -1 6 -1 5 5 -1 -1 6 6 6 -1 1 14 1 
6 6 -1 -1 -1 -1 6 -1 5 5 5 -1 -1 6 -1 1 6 1 -1 14 
1 1 -1 1 -1 -1 1 1 1 1 1 1 1 -1 -1 1 -1 1 1 1 
-1 -1 -1 1 1 -1 1 -1 1 1 1 1 -1 -1 -1 1 -1 1 1 -1 
-1 -1 -1 -1 -1 1 1 1 1 1 -1 -1 1 -1 -1 -1 1 1 1 1 
-1 -1 -1 1 -1 -1 -1 -1 1 -1 1 1 6 6 -1 -1 1 -1 1 1 
-1 1 1 1 1 1 -1 1 6 1 1 1 -1 -1 -1 1 -1 -1 -1 -1 
-1 1 1 1 1 1 1 6 1 1 1 1 -1 -1 -1 1 1 -1 -1 -1 
-1 -1 1 1 1 -1 6 1 -1 1 12 -1 12 -1 -1 1 1 1 -1 -1 
1 -1 1 1 1 -1 6 6 1 -1 1 1 -1 1 -1 -1 1 1 1 -1 
1 1 1 1 1 -1 -1 6 -1 1 6 6 1 -1 -1 -1 -1 1 -1 -1 
-1 1 1 1 1 -1 -1 -1 -1 6 1 6 1 -1 -1 -1 -1 1 1 -1 
-1 1 1 1 -1 1 1 1 -1 6 1 1 1 -1 1 -1 -1 -1 -1 1 
1 1 1 1 1 14 1 -1 1 6 -1 1 -1 1 1 -1 -1 -1 -1 -1 
1 5 1 -1 1 -1 14 -1 6 6 -1 -1 -1 1 -1 1 1 -1 -1 1 
5 -1 5 -1 5 -1 -1 -1 -1 6 -1 -1 -1 -1 1 -1 1 -1 -1 1 
5 5 5 5 1 5 -1 -1 -1 -1 -1 -1 -1 -1 1 -1 -1 -1 14 5 
14 14 5 5 5 -1 1 -1 -1 -1 -1 -1 -1 -1 -1 1 1 14 -1 5 
14 14 5 -1 -1 -1 6 -1 -1 -1 -1 -1 -1 -1 1 -1 -1 -1 -1 -1 
-1 -1 -1 -1 -1 -1 6 -1 -1 -1 -1 -1 -1 -1 3 -1 -1 -1 -1 1 
14 -1 -1 -1 -1 -1 -1 -1 6 6 -1 -1 -1 1 -1 3 -1 -1 1 1 
1 -1 -1 -1 -1 1 1 -1 1 1 1 -1 -1 -1 1 -1 1 1 1 1 
1 -1 1 6 6 1 1 1 -1 -1 -1 -1 3 1 -1 -1 6 6 6 -1 
5 1 1 1 1 -1 1 -1 -1 -1 -1 3 -1 1 1 4 -1 6 -1 5 
1 -1 -1 -1 -1 1 1 -1 -1 -1 -1 -1 1 1 1 -1 6 -1 -1 -1 
-1 -1 -1 -1 -1 -1 -1 -1 6 1 -1 -1 1 1 1 1 -1 6 6 6 
-1 -1 -1 -1 -1 -1 -1 6 1 1 -1 -1 -1 -1 1 -1 -1 -1 6 6 
-1 -1 -1 -1 -1 -1 6 -1 1 -1 -1 -1 -1 -1 -1 -1 -1 -1 -1 -1 
-1 -1 -1 -1 -1 6 -1 -1 1 -1 6 -1 -1 -1 1 -1 -1 -1 -1 -1 
-1 1 -1 -1 6 6 1 1 1 -1 6 1 1 -1 -1 1 -1 -1 -1 -1 
1 -1 1 -1 6 14 14 -1 6 -1 -1 1 -1 -1 -1 1 -1 -1 -1 -1 
-1 -1 -1 1 14 14 -1 6 6 -1 -1 6 6 -1 1 -1 1 -1 1 -1 
1 1 1 -1 6 -1 6 6 6 6 6 -1 6 6 1 -1 1 1 1 1 
-1 1 -1 6 -1 -1 -1 -1 6 6 6 6 6 6 -1 1 -1 1 1 1 
-1 -1 1 1 1 1 -1 -1 -1 6 6 6 6 -1 -1 -1 -1 -1 1 -1 
-1 -1 -1 1 1 1 1 -1 -1 -1 -1 -1 -1 -1 -1 -1 -1 -1 1 -1 
-1 -1 -1 1 -1 1 1 1 1 -1 -1 -1 6 1 1 -1 -1 1 1 -1 
-1 -1 -1 -1 1 1 1 -1 -1 -1 -1 -1 6 -1 -1 1 1 1 -1 -1 
1 -1 1 -1 -1 -1 -1 -1 -1 -1 -1 -1 -1 1 1 1 1 1 -1 -1 
1 1 1 -1 -1 -1 -1 -1 -1 -1 -1 -1 -1 -1 1 1 -1 1 1 1 
-1 1 1 6 6 -1 -1 -1 1 -1 -1 -1 -1 -1 1 -1 -1 -1 -1 1 
-1 1 -1 6 6 1 1 1 -1 1 3 -1 -1 -1 -1 6 6 6 -1 1 
1 1 -1 -1 1 -1 1 1 -1 -1 -1 -1 -1 -1 3 3 1 -1 -1 -1 
1 1 -1 1 -1 1 1 -1 -1 -1 -1 -1 -1 -1 1 1 1 1 1 -1 
1 1 3 -1 1 -1 -1 -1 -1 -1 -1 -1 -1 -1 3 -1 1 -1 3 -1 
-1 -1 -1 3 -1 -1 1 -1 -1 -1 -1 -1 -1 -1 -1 3 3 -1 3 -1 
-1 -1 -1 3 -1 3 -1 1 1 -1 -1 -1 -1 -1 -1 -1 3 3 -1 -1 
-1 -1 -1 -1 3 -1 3 -1 1 -1 -1 -1 3 3 -1 -1 -1 -1 -1 -1 
-1 -1 -1 -1 3 3 -1 -1 -1 -1 -1 -1 3 -1 -1 -1 -1 6 -1 -1 
1 1 3 3 3 3 -1 -1 -1 6 -1 -1 -1 -1 -1 -1 6 14 6 -1 
14 -1 -1 1 -1 -1 -1 -1 6 6 6 -1 -1 -1 6 13 1 -1 14 -1 
-1 1 1 1 1 -1 1 3 -1 6 6 6 6 -1 13 -1 -1 -1 14 1 
1 -1 -1 1 -1 1 -1 -1 3 -1 -1 -1 3 -1 -1 3 3 -1 -1 1 
1 1 -1 -1 -1 -1 -1 -1 -1 -1 -1 3 -1 3 3 6 -1 -1 14 -1 
46 1 1 1 -1 -1 -1 -1 -1 -1 -1 -1 -1 -1 3 -1 6 -1 -1 46 
1 -1 1 -1 3 -1 -1 -1 -1 -1 -1 -1 -1 -1 -1 1 -1 46 46 1 
1 -1 -1 -1 -1 1 -1 -1 -1 -1 -1 -1 -1 -1 -1 -1 -1 -1 -1 1 
1 1 1 1 1 1 -1 -1 -1 -1 -1 -1 -1 -1 -1 1 1 1 1 1 
-1 -1 1 1 1 -1 1 -1 -1 -1 -1 -1 -1 1 1 1 1 -1 1 -1 
-1 -1 -1 1 -1 1 -1 -1 -1 -1 -1 -1 3 1 1 -1 1 -1 1 1 
-1 -1 -1 -1 -1 -1 1 -1 -1 -1 -1 3 -1 3 3 3 -1 -1 1 1 
1 1 -1 -1 -1 1 1 -1 -1 -1 -1 3 3 3 3 3 1 -1 -1 1 
-1 -1 -1 -1 -1 -1 -1 3 -1 3 -1 -1 -1 -1 1 1 -1 1 -1 -1 
-1 -1 -1 9 -1 -1 -1 -1 3 1 -1 -1 -1 -1 -1 1 1 -1 -1 -1 
-1 -1 9 9 9 -1 -1 -1 -1 -1 -1 -1 -1 -1 -1 1 1 1 1 -1 
-1 9 9 9 -1 -1 -1 -1 -1 -1 -1 -1 -1 -1 -1 1 1 -1 1 1 
-1 9 9 -1 -1 -1 -1 -1 -1 1 -1 -1 -1 -1 1 -1 1 -1 -1 -1 
-1 -1 3 -1 -1 -1 -1 -1 -1 1 -1 1 -1 -1 -1 -1 -1 -1 -1 3 
3 3 3 -1 -1 -1 -1 -1 -1 1 1 -1 -1 -1 -1 -1 -1 -1 -1 -1 
-1 3 -1 -1 3 -1 3 -1 -1 1 1 -1 -1 -1 -1 -1 -1 -1 -1 -1 
-1 -1 -1 -1 -1 3 -1 3 -1 -1 -1 -1 -1 1 -1 -1 -1 -1 -1 -1 
-1 -1 -1 -1 -1 -1 -1 -1 -1 -1 1 -1 1 -1 -1 -1 -1 -1 -1 -1 
-1 -1 -1 5 5 -1 -1 -1 -1 -1 1 1 -1 -1 -1 -1 -1 -1 -1 -1 
-1 -1 -1 -1 -1 -1 -1 -1 -1 -1 1 1 -1 -1 -1 -1 -1 -1 -1 -1 
-1 -1 -1 -1 -1 -1 -1 -1 1 -1 -1 -1 -1 -1 -1 -1 -1 -1 -1 -1 
-1 -1 -1 -1 1 -1 1 -1 3 3 -1 -1 -1 -1 -1 -1 1 1 -1 -1 
-1 -1 -1 1 1 1 1 -1 -1 -1 -1 -1 -1 -1 -1 3 -1 1 -1 -1 
-1 -1 1 1 1 1 -1 1 -1 -1 -1 -1 -1 -1 -1 3 -1 -1 -1 -1 
-1 -1 -1 -1 1 1 1 -1 -1 -1 -1 -1 -1 3 3 -1 -1 1 -1 -1 
-1 -1 -1 -1 -1 3 1 -1 -1 -1 -1 -1 3 -1 1 -1 -1 -1 1 -1 
-1 -1 -1 -1 -1 -1 3 -1 -1 -1 -1 -1 1 3 1 1 1 1 1 -1 
-1 -1 -1 -1 -1 -1 -1 3 3 -1 -1 -1 1 -1 1 1 1 1 -1 -1 
-1 -1 1 1 1 -1 -1 1 1 1 3 3 3 3 3 -1 -1 -1 -1 -1 
-1 -1 -1 9 -1 1 1 1 1 1 1 -1 -1 3 -1 3 3 -1 -1 -1 
-1 -1 9 -1 -1 -1 1 1 1 -1 -1 -1 -1 3 3 -1 3 -1 -1 -1 
-1 -1 -1 9 -1 -1 1 -1 1 1 -1 -1 -1 3 -1 -1 -1 -1 -1 -1 
3 -1 -1 -1 -1 -1 -1 1 1 -1 -1 -1 3 -1 3 -1 -1 -1 -1 3 
-1 -1 -1 -1 -1 -1 -1 1 1 3 3 -1 3 -1 3 -1 -1 -1 3 3 
-1 -1 -1 -1 -1 -1 1 1 1 -1 -1 3 -1 -1 -1 -1 -1 -1 -1 -1 
-1 1 -1 1 1 1 -1 1 1 -1 -1 -1 -1 -1 -1 -1 -1 1 -1 -1 
1 -1 -1 -1 1 1 1 1 1 -1 -1 -1 -1 -1 -1 -1 -1 1 -1 -1 
-1 1 1 -1 1 1 1 1 1 -1 -1 -1 -1 1 -1 -1 -1 -1 1 1 
-1 -1 -1 1 1 -1 1 -1 1 -1 -1 -1 1 1 1 1 -1 -1 1 1 
1 1 -1 1 -1 -1 3 3 3 1 -1 -1 -1 -1 3 -1 -1 -1 -1 1 
-1 -1 -1 -1 -1 3 -1 3 1 3 -1 3 -1 -1 3 3 3 1 1 1 
-1 1 1 -1 -1 1 -1 -1 -1 -1 -1 3 3 -1 -1 3 -1 -1 -1 -1 
-1 1 1 1 1 1 3 3 3 -1 -1 -1 3 -1 3 -1 -1 -1 -1 -1 
-1 -1 1 1 1 -1 3 3 -1 3 -1 -1 -1 -1 -1 1 1 -1 -1 -1 
1 -1 1 1 1 1 -1 3 -1 3 -1 -1 5 -1 -1 -1 -1 -1 1 1 
1 1 1 1 -1 -1 -1 3 3 -1 5 5 -1 -1 1 -1 -1 -1 -1 1 
1 1 -1 -1 -1 -1 -1 -1 3 -1 -1 -1 -1 1 3 -1 -1 -1 -1 1 
1 1 1 1 -1 -1 -1 -1 1 3 -1 3 3 3 3 -1 -1 -1 -1 -1 
1 1 -1 -1 -1 -1 -1 3 1 1 1 -1 -1 1 3 -1 3 1 -1 -1 
1 1 -1 -1 -1 3 -1 1 1 1 -1 -1 -1 -1 3 1 1 -1 -1 -1 
1 1 -1 -1 3 3 3 -1 1 1 1 1 1 1 1 1 1 -1 -1 1 
1 3 -1 3 3 -1 -1 -1 -1 1 1 1 1 1 -1 1 1 -1 1 1 
3 3 -1 3 3 -1 9 -1 1 -1 -1 1 -1 -1 -1 -1 -1 1 1 1 
9 9 -1 -1 3 3 9 -1 -1 -1 -1 -1 1 -1 -1 -1 -1 -1 -1 9 
-1 3 3 -1 3 3 -1 1 1 1 -1 1 -1 -1 -1 -1 -1 -1 -1 1 
1 1 3 -1 -1 3 -1 -1 1 1 1 -1 -1 -1 -1 -1 1 -1 -1 -1 
1 3 3 3 3 3 3 3 -1 1 -1 -1 -1 -1 -1 -1 1 1 1 1 
-1 -1 -1 3 3 3 3 1 -1 -1 -1 -1 -1 -1 -1 -1 1 1 1 1 
-1 -1 9 1 -1 3 1 1 1 -1 -1 -1 -1 -1 -1 -1 1 1 1 -1 
1 -1 -1 1 1 1 -1 1 1 1 1 -1 -1 -1 -1 -1 1 1 1 1 
1 -1 -1 -1 1 -1 1 1 1 1 1 -1 -1 -1 -1 -1 1 1 -1 -1 
-1 -1 1 1 1 1 1 1 1 1 1 -1 -1 -1 -1 1 1 1 1 -1 
-1 -1 1 1 -1 1 1 -1 -1 -1 -1 1 1 1 3 -1 -1 -1 -1 1 
-1 -1 -1 1 1 1 -1 7 3 -1 -1 1 1 1 1 3 -1 1 1 -1 
1 -1 1 1 1 -1 7 -1 3 -1 -1 1 1 1 1 9 1 -1 1 -1 
1 -1 -1 1 -1 -1 -1 7 1 1 1 1 1 1 1 9 1 -1 1 1 
-1 -1 3 -1 3 3 3 3 1 -1 -1 1 3 -1 9 1 -1 -1 -1 1 
1 -1 3 3 -1 3 3 -1 3 -1 1 -1 1 -1 -1 -1 -1 -1 -1 -1 
-1 -1 -1 -1 -1 3 -1 3 -1 -1 -1 3 -1 1 1 -1 1 -1 3 -1 
-1 1 -1 -1 3 -1 3 -1 -1 -1 1 -1 -1 1 1 1 1 -1 -1 -1 
-1 1 -1 -1 3 3 -1 -1 -1 -1 1 1 -1 1 -1 1 1 -1 -1 -1 
-1 1 1 -1 3 -1 -1 -1 -1 3 -1 -1 3 1 -1 1 -1 -1 1 1 
1 1 1 -1 3 -1 -1 -1 -1 3 -1 3 -1 1 1 1 -1 -1 -1 1 
1 1 -1 -1 -1 -1 -1 -1 3 3 3 -1 1 -1 -1 1 -1 -1 -1 1 
1 1 1 1 -1 -1 1 3 3 -1 -1 3 -1 -1 -1 -1 1 1 1 1 
-1 -1 1 -1 1 1 -1 1 3 -1 -1 -1 -1 -1 -1 3 3 1 1 1 
1 -1 1 3 3 3 -1 1 -1 3 3 -1 -1 -1 -1 3 3 3 1 1 
1 -1 -1 -1 3 3 1 1 -1 -1 3 -1 -1 3 3 3 1 1 1 1 
-1 -1 -1 3 3 3 -1 1 1 1 3 -1 -1 3 1 3 -1 1 1 1 
-1 1 -1 -1 -1 -1 3 -1 1 -1 -1 1 -1 3 1 1 1 -1 1 -1 
-1 -1 1 -1 -1 3 3 1 -1 1 -1 1 1 1 1 -1 -1 1 -1 1 
1 -1 1 1 1 -1 -1 -1 1 1 1 -1 1 1 1 -1 1 -1 -1 -1 
1 1 1 1 -1 -1 3 3 3 -1 -1 -1 1 1 1 -1 -1 -1 -1 1 
1 1 -1 3 3 3 -1 1 -1 -1 -1 1 1 1 -1 1 3 1 1 -1 
-1 -1 -1 3 3 -1 -1 -1 -1 -1 -1 1 -1 1 1 3 3 -1 1 -1 
-1 -1 -1 3 -1 3 -1 -1 -1 -1 3 3 1 1 -1 1 -1 -1 -1 3 
3 -1 -1 -1 3 3 -1 -1 -1 -1 -1 3 3 1 -1 1 -1 3 3 3 
3 -1 -1 -1 3 3 3 3 -1 -1 -1 3 3 3 1 1 1 -1 3 -1 
-1 1 1 1 -1 -1 -1 1 1 1 1 -1 -1 1 1 1 1 1 1 3 
-1 -1 -1 -1 1 -1 -1 1 -1 1 -1 1 -1 1 -1 1 -1 3 3 3 
-1 -1 1 1 -1 1 -1 1 1 -1 1 -1 -1 -1 1 -1 -1 3 -1 3 
-1 -1 1 1 1 1 -1 1 1 -1 -1 -1 1 -1 -1 3 3 3 -1 -1 
3 1 1 1 1 1 -1 1 1 1 -1 -1 1 1 -1 3 3 -1 3 3 
3 1 1 -1 1 1 -1 1 1 3 1 1 -1 1 -1 -1 -1 -1 3 3 
3 3 1 -1 1 -1 1 1 1 3 1 -1 -1 1 1 1 -1 1 3 3 
-1 -1 1 -1 -1 -1 1 3 -1 1 3 1 1 1 1 1 1 3 -1 -1 
-1 1 1 1 -1 -1 1 3 3 3 1 1 1 1 -1 1 -1 3 3 -1 
-1 1 1 3 -1 -1 -1 3 3 1 -1 1 1 1 -1 -1 -1 -1 -1 -1 
-1 1 1 3 3 -1 -1 3 3 -1 -1 -1 -1 3 3 3 3 -1 3 -1 
1 -1 -1 -1 3 3 -1 -1 -1 3 -1 -1 -1 -1 -1 -1 3 3 -1 1 
1 -1 -1 3 3 3 3 3 -1 -1 -1 -1 -1 -1 -1 -1 3 1 1 1 
-1 3 3 3 3 -1 3 -1 -1 3 -1 -1 -1 -1 -1 3 3 3 -1 3 
3 -1 3 -1 -1 -1 -1 -1 -1 1 3 -1 -1 -1 -1 3 -1 3 3 3 
3 3 3 -1 -1 -1 1 -1 -1 1 1 1 1 -1 -1 -1 -1 -1 3 3 
3 3 3 -1 1 1 1 -1 -1 1 -1 3 -1 -1 -1 1 -1 3 3 3 
3 3 3 3 1 1 -1 -1 -1 -1 -1 -1 -1 -1 -1 1 -1 3 3 3 
3 1 1 1 -1 1 1 -1 1 1 -1 -1 1 -1 1 3 3 1 3 3 
3 -1 1 -1 -1 -1 -1 -1 -1 1 1 1 -1 -1 -1 1 -1 1 1 3 
-1 -1 -1 3 3 1 1 -1 -1 -1 -1 -1 3 -1 -1 -1 -1 1 -1 -1 
3 3 -1 1 -1 1 -1 -1 -1 1 -1 -1 -1 3 -1 -1 3 -1 1 3 
3 -1 -1 1 -1 -1 1 -1 1 -1 -1 -1 -1 3 3 -1 1 3 1 -1 
-1 3 1 -1 1 1 1 1 -1 -1 1 -1 -1 3 -1 3 -1 1 1 -1 
-1 -1 40 1 1 9 1 -1 -1 1 -1 -1 -1 -1 3 -1 -1 -1 -1 -1 
1 -1 -1 -1 9 1 1 1 1 -1 -1 3 -1 -1 3 3 -1 -1 -1 1 
1 1 -1 -1 -1 3 1 1 1 1 3 -1 -1 1 -1 3 1 -1 3 1 
1 1 1 1 1 1 3 1 1 1 1 -1 -1 1 1 1 1 3 -1 -1 
1 -1 1 1 -1 -1 -1 9 1 1 -1 1 -1 1 -1 1 1 3 -1 1 
3 -1 -1 -1 -1 -1 1 1 1 1 -1 -1 1 -1 1 -1 1 3 -1 -1 
3 -1 -1 -1 -1 -1 1 1 -1 1 -1 -1 -1 1 1 -1 1 -1 3 -1 
3 -1 1 1 -1 -1 1 -1 -1 -1 -1 -1 -1 -1 3 1 -1 -1 -1 3 
3 1 1 1 1 1 1 -1 -1 -1 1 1 -1 -1 3 -1 -1 -1 -1 3 
-1 -1 -1 1 -1 1 1 -1 -1 3 3 3 3 3 -1 3 3 -1 -1 -1 
-1 -1 1 1 -1 -1 1 -1 -1 -1 3 -1 3 3 1 1 3 3 3 -1 
-1 1 1 1 -1 -1 1 1 -1 1 -1 -1 -1 -1 1 1 -1 3 -1 -1 
-1 1 1 1 1 1 1 1 1 3 1 1 -1 -1 1 1 3 3 -1 -1 
-1 -1 1 1 1 -1 1 1 1 1 1 -1 1 1 -1 -1 1 -1 9 -1 
-1 -1 -1 1 -1 -1 1 1 3 -1 1 1 3 1 1 1 -1 1 -1 9 
-1 -1 -1 -1 1 -1 -1 -1 3 -1 -1 1 -1 1 1 -1 1 1 9 -1 
40 9 9 -1 9 9 -1 9 -1 -1 1 -1 -1 1 -1 -1 -1 -1 40 -1 
40 40 9 9 9 -1 -1 -1 9 1 1 1 1 -1 -1 -1 -1 40 40 -1 
-1 -1 40 -1 -1 -1 1 1 1 1 1 1 -1 1 1 -1 -1 40 40 -1 
-1 -1 -1 -1 -1 -1 -1 -1 1 -1 1 1 1 1 -1 -1 40 40 40 -1 
-1 40 -1 -1 -1 -1 -1 1 -1 1 1 1 1 -1 1 -1 -1 40 1 -1 
-1 40 -1 -1 -1 -1 1 -1 1 1 1 -1 1 1 3 -1 -1 -1 1 -1 
-1 40 40 -1 40 -1 -1 -1 1 -1 1 -1 1 1 1 3 -1 -1 -1 1 
1 1 9 1 -1 40 -1 -1 -1 1 -1 -1 -1 1 -1 -1 -1 -1 -1 40 
1 9 1 -1 -1 -1 33 -1 1 -1 1 1 1 1 1 1 -1 -1 -1 1 
-1 1 -1 1 -1 9 -1 1 -1 1 1 1 1 -1 1 1 3 -1 -1 -1 
-1 -1 1 -1 -1 9 1 -1 1 1 1 1 3 3 9 3 3 -1 -1 -1 
-1 -1 1 1 9 -1 9 -1 1 1 1 1 1 1 1 -1 -1 -1 -1 -1 
-1 -1 9 1 9 9 9 9 -1 9 1 1 1 1 1 -1 -1 -1 -1 -1 
-1 -1 -1 -1 -1 -1 -1 -1 1 3 9 1 -1 1 1 3 -1 -1 -1 1 
-1 -1 -1 -1 -1 -1 -1 -1 1 -1 3 -1 -1 1 1 -1 3 -1 1 1 
1 40 -1 -1 -1 -1 -1 -1 -1 1 -1 1 1 -1 -1 -1 -1 1 1 -1 
40 1 -1 -1 -1 1 1 1 1 1 1 1 -1 -1 40 -1 1 -1 40 -1 
1 -1 -1 -1 1 1 9 1 1 -1 -1 1 -1 -1 -1 40 40 1 -1 40 
9 9 9 9 -1 -1 9 9 9 -1 -1 -1 -1 -1 -1 -1 40 -1 40 40 
-1 9 9 9 -1 9 9 -1 -1 -1 1 -1 -1 -1 -1 -1 -1 40 40 40 
-1 -1 -1 1 1 1 1 33 -1 1 40 -1 -1 1 9 9 9 9 -1 9 
9 1 -1 33 33 33 33 -1 1 1 40 -1 -1 -1 1 -1 -1 -1 -1 -1 
1 -1 -1 -1 1 1 40 -1 -1 40 -1 -1 -1 1 -1 -1 -1 -1 -1 -1 
-1 1 -1 -1 -1 1 40 -1 40 1 1 -1 40 40 -1 -1 -1 -1 -1 -1 
-1 -1 9 9 40 40 -1 -1 1 40 1 1 1 40 40 3 -1 -1 1 1 
1 -1 1 1 -1 -1 -1 -1 1 1 -1 1 3 -1 -1 3 -1 -1 1 1 
3 1 -1 1 -1 -1 -1 -1 -1 -1 -1 3 3 3 -1 -1 -1 -1 -1 -1 
-1 3 -1 1 -1 -1 -1 -1 -1 -1 -1 3 -1 3 -1 -1 -1 3 3 3 
3 -1 -1 1 1 -1 -1 -1 40 -1 -1 3 -1 33 -1 33 -1 -1 3 1 
-1 1 -1 1 1 1 -1 -1 -1 1 40 -1 -1 -1 33 33 33 33 1 -1 
-1 1 1 1 -1 -1 -1 -1 -1 -1 40 -1 -1 -1 -1 -1 -1 -1 9 -1 
1 -1 1 -1 1 1 -1 -1 -1 1 1 1 -1 1 -1 -1 -1 9 9 -1 
-1 1 1 1 1 -1 -1 -1 -1 -1 -1 1 -1 1 -1 -1 1 9 -1 -1 
-1 -1 -1 1 1 1 -1 3 -1 -1 -1 -1 -1 1 1 1 -1 1 1 9 
-1 -1 -1 1 1 -1 3 -1 -1 -1 1 -1 -1 -1 1 -1 -1 -1 9 9 
9 -1 -1 -1 3 -1 3 -1 -1 1 -1 -1 -1 1 -1 1 -1 -1 9 9 
-1 -1 -1 -1 1 1 -1 -1 -1 9 9 -1 -1 -1 -1 -1 9 -1 -1 9 
-1 -1 -1 -1 1 1 1 -1 1 1 9 -1 -1 -1 9 9 8 9 -1 9 
9 -1 -1 -1 1 1 1 -1 -1 1 1 -1 -1 -1 9 8 8 9 -1 -1 
-1 -1 -1 1 1 1 33 1 1 1 -1 -1 1 -1 -1 9 -1 -1 9 9 
-1 -1 -1 9 9 9 -1 -1 9 -1 -1 -1 -1 -1 40 40 40 -1 9 -1 
-1 -1 -1 9 -1 -1 -1 40 -1 -1 -1 1 40 -1 8 40 40 40 -1 9 
-1 -1 33 41 -1 -1 -1 -1 40 1 1 1 40 40 -1 -1 40 40 -1 -1 
41 -1 33 41 1 1 40 40 -1 40 1 1 -1 40 40 -1 -1 40 -1 41 
33 33 -1 -1 1 1 -1 -1 33 -1 1 1 -1 -1 -1 -1 -1 1 1 -1 
33 33 -1 -1 1 -1 -1 -1 -1 33 1 -1 40 40 -1 9 9 9 33 33 
33 -1 33 33 33 -1 33 33 33 33 9 40 -1 -1 9 9 1 33 33 33 
33 -1 -1 -1 33 33 33 33 9 33 -1 -1 40 9 9 9 9 1 -1 33 
-1 9 33 -1 -1 33 9 9 33 33 9 -1 -1 -1 9 9 9 9 9 9 
9 -1 9 33 33 33 -1 33 9 33 -1 -1 -1 -1 -1 -1 9 9 9 9 
-1 -1 40 9 33 33 33 41 33 9 -1 -1 -1 -1 -1 -1 -1 9 1 1 
-1 40 -1 3 33 33 -1 -1 -1 33 -1 -1 -1 -1 -1 -1 9 1 1 -1 
1 9 40 9 9 -1 -1 -1 -1 -1 -1 -1 -1 1 -1 -1 -1 -1 -1 -1 
40 40 -1 -1 -1 -1 -1 -1 -1 6 6 -1 -1 1 40 1 -1 1 -1 1 
1 -1 -1 1 -1 -1 -1 -1 6 6 1 -1 1 1 1 1 1 9 9 -1 
1 1 1 1 -1 -1 -1 6 -1 1 1 1 1 1 1 1 1 -1 -1 1 
1 1 1 1 -1 -1 9 -1 -1 -1 1 -1 -1 1 1 -1 1 -1 1 1 
-1 9 9 1 -1 9 -1 1 1 1 -1 -1 -1 -1 1 1 -1 41 41 1 
9 9 1 9 9 1 1 1 -1 1 1 1 -1 1 1 1 -1 -1 -1 -1 
-1 -1 -1 1 9 -1 9 9 9 9 9 40 1 -1 -1 -1 9 9 -1 -1 
-1 -1 -1 -1 9 -1 9 -1 -1 -1 1 33 -1 9 9 -1 -1 -1 -1 -1 
-1 -1 -1 40 40 9 -1 9 1 -1 1 -1 -1 -1 -1 -1 -1 -1 -1 9 
-1 -1 -1 40 -1 -1 -1 1 9 1 1 40 -1 9 9 9 -1 -1 9 -1 
9 -1 -1 -1 40 -1 -1 -1 9 -1 40 40 40 9 9 -1 9 9 9 -1 
-1 -1 -1 -1 -1 -1 -1 9 -1 -1 40 40 9 9 -1 -1 9 -1 -1 9 
9 -1 -1 -1 -1 1 9 1 -1 -1 9 9 -1 40 -1 40 9 9 -1 9 
-1 -1 -1 -1 -1 1 1 9 -1 9 -1 9 9 40 40 9 9 9 9 9 
-1 9 -1 9 -1 -1 9 -1 9 9 9 9 9 -1 9 40 9 -1 9 -1 
9 -1 9 -1 9 -1 -1 -1 -1 9 -1 9 9 9 9 9 -1 9 -1 -1 
-1 9 1 -1 3 -1 -1 9 -1 -1 -1 9 9 9 9 -1 9 9 -1 9 
-1 -1 -1 3 3 -1 1 -1 -1 -1 -1 1 9 9 9 -1 -1 9 -1 -1 
40 -1 -1 -1 -1 3 1 1 -1 1 1 1 -1 9 -1 9 1 -1 -1 -1 
40 -1 40 3 -1 -1 -1 1 -1 1 1 1 1 -1 1 9 1 -1 -1 40 
40 40 3 -1 -1 -1 1 1 1 1 1 -1 -1 -1 9 1 9 -1 -1 40 
-1 3 3 -1 -1 -1 -1 1 1 -1 1 9 -1 9 9 9 -1 -1 9 9 
9 -1 3 3 -1 -1 -1 8 -1 -1 9 -1 9 -1 1 1 -1 -1 9 3 
3 3 3 -1 -1 -1 8 40 -1 -1 -1 -1 9 9 9 -1 9 -1 9 -1 
3 -1 -1 -1 -1 9 9 40 40 6 -1 9 9 9 -1 9 9 -1 -1 9 
-1 -1 -1 -1 -1 9 9 9 -1 1 9 9 9 9 -1 -1 -1 -1 -1 -1 
-1 -1 -1 -1 -1 9 9 1 1 -1 9 -1 9 9 9 -1 -1 -1 -1 -1 
1 9 -1 1 -1 -1 9 9 -1 9 3 -1 -1 3 9 9 -1 9 -1 1 
-1 -1 -1 -1 -1 9 -1 -1 9 9 -1 -1 9 9 9 9 3 3 3 1 
-1 -1 -1 -1 -1 1 1 1 1 9 9 9 -1 9 9 -1 3 9 9 9 
9 9 1 -1 -1 -1 1 1 1 1 1 9 9 9 -1 9 9 -1 9 1 
9 9 -1 1 1 1 1 1 1 -1 1 1 -1 1 1 9 -1 9 -1 9 
9 9 9 -1 1 1 9 1 1 1 1 -1 9 1 -1 9 -1 9 9 -1 
9 -1 9 9 -1 -1 9 1 1 1 1 9 9 9 -1 -1 9 9 -1 -1 
-1 9 9 9 -1 -1 -1 1 9 9 -1 9 9 -1 9 -1 9 9 9 -1 
9 9 9 9 6 6 1 1 -1 -1 9 -1 9 1 -1 9 9 -1 9 9 
9 9 9 -1 9 6 1 -1 -1 -1 9 9 9 9 9 9 9 9 9 9 
9 -1 9 -1 -1 9 -1 -1 -1 -1 -1 9 -1 9 9 9 9 9 9 9 
9 9 9 -1 9 9 9 -1 -1 -1 -1 -1 9 9 9 9 -1 -1 9 9 
-1 9 9 1 -1 -1 9 -1 -1 -1 -1 1 9 9 9 9 40 -1 -1 9 
9 9 -1 -1 1 1 -1 -1 9 9 9 9 9 9 9 40 40 9 9 9 
9 6 -1 -1 1 9 -1 -1 -1 9 9 9 3 9 9 -1 -1 9 9 9 
-1 -1 6 6 9 40 40 40 9 9 9 -1 9 3 -1 -1 9 9 9 9 
9 6 6 6 6 40 9 9 -1 -1 9 8 -1 -1 -1 -1 9 -1 -1 -1 
9 9 -1 -1 6 9 9 9 -1 8 8 8 -1 -1 9 -1 -1 9 40 9 
40 40 -1 9 9 9 9 9 9 9 8 -1 3 3 3 3 9 9 -1 40 
9 9 -1 9 -1 9 9 9 9 9 9 3 3 -1 3 9 9 -1 -1 1 
9 9 9 -1 1 -1 -1 -1 9 9 9 9 9 9 9 9 -1 9 9 9 
-1 9 9 -1 -1 -1 -1 -1 9 9 9 9 9 9 9 -1 9 -1 -1 9 
9 -1 8 -1 -1 -1 1 -1 9 9 9 -1 3 1 9 9 9 -1 -1 -1 
1 -1 -1 -1 -1 -1 -1 1 1 9 -1 3 3 9 9 1 9 -1 9 -1 
1 1 1 -1 3 -1 -1 -1 1 9 9 -1 9 1 -1 9 9 9 -1 1 
1 1 -1 1 -1 3 -1 1 9 1 1 -1 1 1 9 9 9 9 3 -1 
9 -1 1 -1 3 -1 -1 1 1 1 1 9 9 9 9 9 1 3 9 9 
9 9 9 -1 -1 -1 9 -1 1 1 1 -1 -1 -1 -1 3 3 3 1 9 
9 9 9 9 9 9 9 9 1 1 9 1 -1 1 -1 3 3 1 9 -1 
1 -1 -1 -1 9 9 -1 -1 -1 9 1 9 1 1 -1 -1 3 9 9 -1 
3 -1 -1 -1 9 9 9 9 9 9 -1 1 9 1 -1 -1 -1 9 -1 9 
1 -1 -1 9 -1 9 9 9 9 9 9 9 9 9 9 9 1 -1 1 1 
1 -1 -1 -1 9 9 9 9 9 -1 9 9 9 9 9 1 9 -1 -1 -1 
1 -1 -1 9 9 9 9 9 9 9 9 9 -1 9 9 9 9 -1 -1 -1 
-1 -1 -1 -1 9 -1 9 9 -1 9 9 -1 -1 3 3 3 3 3 -1 1 
-1 -1 -1 -1 -1 -1 9 9 1 -1 -1 3 3 -1 3 -1 3 -1 -1 1 
9 -1 -1 -1 -1 -1 1 1 9 -1 -1 3 3 3 3 -1 9 9 9 -1 
-1 -1 -1 -1 -1 1 1 -1 -1 9 -1 -1 -1 9 3 9 9 9 9 -1 
-1 -1 -1 9 1 -1 -1 9 9 -1 -1 -1 -1 9 9 -1 -1 -1 9 9 
9 -1 9 1 -1 -1 -1 9 9 -1 9 -1 -1 9 9 -1 -1 -1 9 9 
9 9 -1 -1 9 9 9 -1 -1 -1 3 9 9 9 9 9 9 9 9 -1 
9 9 -1 -1 9 9 9 9 9 1 3 9 9 9 -1 9 9 9 9 8 
9 9 9 1 9 -1 -1 -1 1 1 -1 1 -1 -1 9 -1 -1 9 -1 9 
9 1 1 1 9 9 -1 9 9 -1 6 1 -1 9 9 9 8 9 9 9 
1 -1 9 9 -1 1 1 1 -1 9 -1 6 6 9 -1 9 9 9 9 9 
9 -1 9 9 9 1 9 1 9 -1 -1 -1 6 6 -1 -1 9 9 1 9 
-1 9 9 9 -1 -1 1 9 1 9 9 6 -1 6 9 9 -1 -1 1 -1 
-1 -1 -1 9 -1 9 -1 9 9 9 9 9 -1 -1 6 -1 -1 1 1 -1 
-1 -1 -1 1 9 9 9 9 9 -1 9 -1 6 6 3 -1 -1 1 -1 -1 
1 -1 -1 1 9 9 9 1 1 1 -1 9 6 -1 3 -1 -1 1 1 -1 
1 -1 -1 -1 1 9 9 1 9 -1 9 -1 6 9 9 -1 9 9 9 1 
-1 -1 -1 -1 -1 -1 9 9 9 -1 9 9 9 9 9 -1 9 9 9 -1 
-1 -1 -1 -1 9 9 -1 -1 9 9 -1 9 9 9 9 9 -1 -1 -1 9 
-1 -1 -1 -1 9 9 -1 -1 -1 9 9 9 -1 9 9 -1 -1 9 -1 9 
9 -1 9 9 -1 9 -1 9 1 1 9 9 9 9 9 9 9 9 -1 9 
9 9 1 -1 9 9 9 9 9 1 9 9 9 9 9 9 9 9 -1 -1 
9 1 3 -1 -1 9 -1 9 1 1 9 9 9 9 -1 9 9 -1 -1 9 
9 9 3 9 -1 -1 -1 9 9 9 -1 -1 -1 1 9 9 9 9 -1 3 
9 9 9 9 9 -1 -1 -1 1 -1 -1 -1 1 -1 9 9 9 9 3 -1 
9 9 9 9 9 9 -1 -1 -1 -1 -1 1 9 9 9 9 9 9 9 9 
1 1 1 -1 -1 -1 2 1 5 1 8 -1 1 9 9 -1 3 9 -1 9 
-1 -1 -1 -1 -1 2 2 -1 9 9 -1 40 -1 9 9 -1 -1 3 9 3 
-1 1 -1 -1 -1 2 -1 -1 9 -1 9 9 9 9 9 -1 -1 -1 3 -1 
1 -1 9 -1 -1 -1 2 3 9 9 9 9 9 -1 9 9 9 -1 -1 -1 
-1 9 9 -1 6 6 3 -1 -1 1 9 -1 9 9 9 9 9 9 -1 -1 
-1 9 9 9 -1 -1 -1 -1 1 1 -1 9 -1 9 9 9 9 1 -1 1 
9 9 9 -1 1 1 9 -1 9 1 -1 9 9 9 9 1 1 1 9 9 
-1 -1 8 9 8 1 9 9 9 -1 -1 9 9 9 9 -1 -1 9 9 9 
9 -1 9 8 8 -1 9 -1 -1 -1 9 9 9 9 40 40 -1 9 9 9 
9 9 -1 9 1 1 -1 -1 -1 -1 9 -1 -1 9 -1 40 -1 1 9 9 
9 -1 9 1 1 1 -1 -1 -1 -1 -1 9 -1 -1 9 9 -1 9 1 9 
9 9 9 -1 9 9 9 -1 -1 -1 -1 9 9 9 9 -1 -1 -1 1 9 
9 9 9 -1 9 9 9 -1 1 -1 -1 -1 33 9 -1 9 -1 -1 9 9 
9 9 9 9 9 9 9 9 1 -1 -1 33 9 9 9 9 9 -1 1 9 
1 1 1 1 9 -1 9 1 -1 1 9 9 -1 9 9 9 9 1 -1 1 
-1 1 3 3 6 -1 -1 -1 1 -1 9 -1 -1 1 -1 9 1 9 9 -1 
-1 -1 9 -1 1 6 -1 1 -1 -1 -1 9 9 1 1 9 9 9 9 9 
-1 -1 -1 -1 -1 -1 -1 -1 -1 -1 9 9 -1 1 9 1 9 9 -1 9 
1 1 -1 -1 -1 -1 -1 -1 -1 5 -1 1 9 9 9 9 9 -1 9 9 
1 1 -1 -1 -1 2 -1 1 5 5 1 -1 -1 1 1 1 9 9 -1 1 
1 -1 1 -1 9 9 -1 1 1 1 -1 -1 5 -1 5 5 -1 -1 1 5 
-1 1 1 -1 9 -1 1 1 1 -1 1 -1 -1 5 -1 5 -1 -1 -1 1 
1 1 1 -1 1 1 -1 1 1 1 -1 -1 -1 -1 -1 -1 -1 -1 1 1 
-1 -1 1 -1 1 -1 1 1 1 -1 -1 1 1 -1 -1 -1 -1 -1 -1 1 
-1 1 1 -1 -1 1 1 1 1 -1 -1 -1 -1 1 -1 -1 -1 -1 -1 -1 
-1 1 -1 1 1 1 1 -1 3 3 -1 -1 1 -1 1 -1 -1 -1 -1 -1 
3 3 1 1 9 9 1 1 3 1 -1 -1 1 1 1 33 -1 -1 -1 -1 
1 3 1 -1 -1 1 9 1 1 -1 3 3 1 1 -1 -1 -1 -1 -1 -1 
3 1 1 -1 -1 -1 9 1 -1 -1 -1 -1 -1 -1 -1 -1 -1 10 -1 1 
1 1 1 -1 1 1 -1 -1 -1 -1 -1 -1 3 -1 -1 10 -1 10 10 1 
-1 -1 -1 -1 1 1 -1 -1 -1 -1 -1 -1 3 -1 3 10 10 10 -1 1 
-1 1 -1 -1 -1 9 9 1 1 1 1 -1 1 -1 10 -1 10 10 -1 1 
1 1 1 -1 -1 9 9 -1 1 1 -1 -1 1 1 1 10 10 10 1 -1 
1 9 1 -1 -1 9 9 9 -1 -1 -1 -1 1 1 -1 -1 10 10 -1 -1 
9 -1 -1 9 -1 9 -1 9 -1 9 -1 9 -1 -1 1 -1 -1 1 1 9 
-1 -1 9 -1 9 9 9 9 9 5 5 9 9 9 -1 -1 1 1 -1 -1 
-1 -1 1 9 9 9 9 9 5 -1 5 5 9 -1 -1 -1 1 1 1 -1 
1 1 -1 -1 1 -1 9 -1 9 9 -1 9 -1 -1 -1 -1 1 1 1 1 
1 1 1 1 1 1 1 1 -1 -1 -1 -1 9 5 5 1 -1 5 5 -1 
1 -1 1 1 -1 -1 -1 1 -1 -1 5 5 6 -1 5 5 5 5 5 1 
-1 1 3 3 -1 -1 3 -1 -1 -1 -1 -1 1 1 -1 1 1 -1 -1 -1 
-1 -1 3 -1 -1 -1 -1 1 1 9 1 -1 -1 1 -1 -1 -1 -1 -1 -1 
1 -1 -1 1 -1 -1 1 1 -1 9 9 1 1 1 -1 -1 -1 5 -1 1 
5 5 -1 -1 -1 -1 -1 -1 -1 1 -1 -1 -1 -1 -1 -1 -1 -1 5 1 
5 5 -1 -1 -1 1 1 -1 -1 -1 1 -1 -1 -1 -1 -1 -1 -1 -1 5 
-1 -1 -1 5 1 2 2 6 3 1 -1 1 -1 -1 -1 -1 -1 -1 -1 -1 
5 -1 5 1 1 -1 1 -1 3 -1 1 -1 3 -1 1 -1 -1 -1 -1 5 
1 5 5 1 -1 1 1 -1 3 3 3 3 1 1 1 2 2 -1 -1 1 
1 1 -1 1 -1 1 -1 -1 3 -1 3 3 1 3 2 2 3 -1 -1 1 
-1 1 1 1 1 -1 3 -1 -1 -1 5 3 3 3 3 3 3 -1 -1 -1 
-1 -1 1 1 -1 -1 -1 3 -1 -1 -1 3 3 3 3 -1 -1 -1 -1 1 
-1 -1 -1 1 1 3 -1 -1 -1 -1 3 3 -1 -1 3 3 -1 1 1 -1 
1 1 -1 -1 1 -1 3 3 -1 -1 3 3 3 -1 -1 -1 1 1 1 1 
1 1 1 1 1 -1 -1 3 3 3 3 3 -1 -1 5 -1 3 3 -1 1 
-1 1 -1 1 -1 1 -1 -1 -1 -1 -1 3 -1 -1 -1 1 3 -1 -1 1 
-1 -1 1 -1 1 1 9 -1 -1 -1 -1 -1 -1 -1 1 -1 -1 -1 1 -1 
1 1 1 1 -1 2 -1 -1 -1 -1 -1 -1 1 -1 1 1 1 1 1 1 
1 -1 1 -1 3 3 -1 -1 -1 -1 -1 1 1 1 1 1 1 1 1 -1 
-1 1 -1 1 3 -1 -1 -1 -1 -1 -1 -1 -1 1 1 1 1 1 -1 1 
1 1 3 3 -1 3 -1 -1 3 3 3 -1 -1 1 1 1 1 1 1 -1 
-1 -1 -1 -1 1 1 -1 -1 3 -1 -1 -1 -1 -1 -1 -1 -1 1 1 -1 
3 -1 1 -1 9 -1 1 -1 3 3 -1 -1 -1 -1 3 -1 -1 -1 3 1 
3 -1 1 1 -1 -1 -1 -1 3 3 -1 -1 -1 -1 3 -1 -1 -1 -1 3 
-1 3 1 1 -1 -1 -1 -1 -1 3 1 1 -1 3 -1 -1 -1 -1 -1 -1 
3 1 1 -1 -1 -1 -1 -1 1 1 1 3 9 -1 3 3 -1 -1 -1 -1 
1 1 1 1 -1 -1 1 1 -1 1 1 3 9 -1 -1 3 3 -1 -1 1 
1 1 1 -1 1 1 1 1 1 1 1 1 1 1 -1 -1 -1 1 1 -1 
1 1 1 -1 -1 1 1 -1 1 1 1 -1 3 1 1 1 1 1 -1 -1 
-1 -1 -1 5 -1 -1 -1 -1 1 1 1 1 -1 1 1 1 -1 -1 1 -1 
-1 -1 5 5 -1 -1 -1 1 1 -1 -1 1 -1 3 3 1 -1 -1 1 1 
-1 -1 5 -1 1 1 1 1 1 1 -1 -1 3 3 3 -1 1 -1 -1 1 
1 -1 -1 -1 1 1 -1 1 1 -1 -1 3 -1 3 3 1 -1 -1 -1 -1 
-1 1 1 -1 1 1 1 1 1 -1 3 3 3 3 3 -1 -1 -1 -1 -1 
1 -1 -1 1 1 1 1 1 -1 -1 -1 3 -1 3 3 -1 -1 -1 -1 -1 
-1 -1 -1 1 -1 1 1 3 3 -1 3 -1 3 3 3 3 -1 3 -1 -1 
-1 -1 -1 -1 1 3 -1 3 3 -1 -1 -1 -1 3 3 3 1 1 -1 -1 
-1 -1 -1 1 1 -1 3 3 -1 -1 -1 -1 -1 -1 3 3 1 1 1 -1 
-1 -1 1 1 -1 -1 -1 3 3 3 -1 -1 3 3 -1 -1 -1 1 -1 -1 
-1 1 1 -1 1 1 -1 -1 3 -1 -1 -1 3 -1 -1 -1 -1 -1 1 -1 
-1 -1 1 -1 1 1 -1 -1 -1 -1 -1 -1 3 -1 -1 1 1 -1 1 1 
-1 1 1 1 -1 3 -1 -1 -1 -1 1 1 1 1 -1 -1 -1 1 1 -1 
1 1 1 1 1 -1 3 -1 -1 -1 1 -1 -1 -1 -1 -1 -1 1 1 1 
1 1 -1 -1 1 3 -1 3 -1 1 1 -1 -1 -1 -1 -1 -1 -1 -1 1 
1 1 1 1 3 -1 3 3 3 1 -1 1 -1 -1 -1 -1 1 1 1 -1 
-1 1 1 1 -1 -1 -1 -1 -1 -1 1 -1 1 -1 1 -1 -1 1 -1 -1 
1 -1 -1 1 1 -1 3 -1 -1 -1 1 1 -1 1 1 1 1 -1 -1 1 
3 -1 1 1 1 1 3 1 1 1 -1 1 1 1 -1 -1 1 1 -1 1 
3 -1 1 1 1 1 3 -1 1 1 1 1 1 -1 -1 1 1 1 -1 1 
1 -1 -1 -1 -1 1 1 1 -1 1 -1 1 1 -1 -1 1 1 1 -1 1 
-1 1 1 -1 -1 -1 1 1 -1 1 1 -1 1 1 -1 1 -1 -1 1 1 
1 1 -1 1 3 -1 -1 1 1 1 -1 -1 1 1 1 -1 1 1 1 1 
1 -1 1 3 1 -1 -1 1 1 1 1 1 1 -1 -1 -1 -1 -1 -1 1 
-1 -1 -1 1 1 -1 -1 -1 1 1 -1 -1 1 -1 -1 -1 -1 1 1 -1 
-1 -1 1 1 1 1 -1 1 1 1 1 1 1 1 1 -1 1 1 -1 -1 
-1 1 -1 -1 1 1 -1 1 -1 1 1 1 1 -1 -1 1 -1 -1 -1 -1 
-1 1 -1 1 1 -1 -1 1 1 1 1 -1 -1 3 -1 -1 -1 -1 -1 1 
-1 -1 1 -1 3 -1 -1 -1 -1 -1 3 1 -1 3 -1 -1 -1 1 1 -1 
-1 -1 -1 -1 -1 3 -1 -1 -1 3 -1 1 -1 1 1 -1 -1 3 3 1 
-1 -1 -1 -1 3 3 -1 -1 3 -1 -1 -1 -1 9 9 1 -1 -1 1 -1 
-1 -1 -1 -1 1 3 -1 -1 -1 -1 -1 1 1 9 -1 1 1 1 3 -1 
-1 -1 -1 -1 -1 -1 -1 -1 -1 -1 -1 1 3 3 3 2 -1 1 1 -1 
-1 -1 -1 -1 13 -1 -1 -1 -1 1 1 -1 -1 3 3 3 -1 -1 1 -1 
-1 -1 -1 -1 -1 -1 -1 -1 -1 -1 -1 -1 3 -1 3 1 -1 1 1 -1 
-1 -1 -1 -1 -1 -1 -1 -1 -1 -1 9 3 3 -1 1 -1 1 -1 -1 -1 
-1 -1 -1 -1 -1 -1 -1 -1 -1 9 1 8 3 8 8 8 -1 -1 -1 -1 
-1 -1 -1 -1 -1 -1 -1 -1 3 3 8 3 -1 -1 8 8 8 -1 -1 -1 
-1 -1 -1 -1 -1 -1 1 -1 3 3 3 -1 -1 8 8 -1 -1 3 1 1 
-1 -1 1 -1 -1 1 -1 -1 -1 -1 3 3 3 -1 8 -1 3 1 -1 -1 
-1 -1 -1 1 -1 -1 1 -1 -1 3 -1 -1 -1 8 3 3 3 -1 -1 -1 
-1 -1 1 -1 -1 -1 1 1 1 -1 -1 -1 8 -1 -1 3 3 -1 -1 -1 
-1 -1 -1 -1 1 1 1 -1 1 1 1 -1 -1 -1 -1 -1 3 1 1 -1 
1 -1 1 -1 -1 -1 -1 -1 -1 -1 1 -1 -1 1 1 3 1 1 -1 -1 
-1 1 -1 -1 1 -1 -1 -1 -1 1 1 1 3 3 -1 1 1 1 -1 -1 
-1 -1 1 -1 1 1 -1 -1 -1 -1 1 1 1 3 1 -1 1 -1 -1 -1 
-1 1 1 1 1 1 -1 -1 1 1 1 -1 -1 -1 -1 1 1 -1 -1 1 
1 -1 -1 1 -1 1 1 -1 1 1 -1 1 -1 -1 -1 1 1 1 -1 1 
1 1 -1 1 -1 1 -1 -1 -1 -1 -1 -1 -1 1 -1 -1 1 -1 1 -1 
1 1 1 -1 1 -1 -1 1 -1 -1 -1 -1 -1 -1 1 1 -1 1 1 1 
1 1 -1 -1 -1 -1 1 1 1 -1 -1 -1 1 1 1 1 1 1 1 -1 
1 -1 -1 -1 -1 1 -1 -1 -1 -1 -1 1 1 1 2 2 1 -1 1 1 
9 9 9 9 9 9 9 -1 -1 -1 1 1 1 1 1 -1 -1 9 1 -1 
1 9 9 -1 9 9 9 -1 -1 -1 -1 1 1 1 1 1 -1 -1 9 1 
9 9 9 41 9 9 -1 -1 -1 -1 9 1 -1 1 1 1 -1 9 -1 9 
-1 9 -1 -1 41 -1 9 -1 -1 9 9 -1 9 -1 1 1 1 -1 -1 9 
9 -1 -1 -1 -1 -1 -1 -1 9 -1 9 -1 9 -1 1 9 -1 -1 9 -1 
9 -1 -1 -1 -1 -1 -1 -1 -1 -1 -1 9 9 -1 9 9 9 9 9 -1 
9 9 -1 -1 -1 -1 1 -1 -1 -1 -1 -1 -1 -1 -1 9 -1 1 9 -1 
1 1 -1 -1 -1 -1 1 -1 -1 -1 -1 -1 -1 -1 -1 1 -1 1 -1 -1 
1 -1 -1 -1 -1 -1 1 1 1 -1 -1 -1 -1 -1 -1 -1 1 1 -1 -1 
1 1 13 -1 -1 -1 1 1 1 1 -1 -1 -1 -1 -1 -1 -1 -1 -1 -1 
-1 13 13 -1 -1 1 -1 1 1 -1 -1 -1 1 -1 -1 -1 -1 -1 -1 -1 
-1 -1 13 -1 -1 -1 -1 -1 -1 -1 -1 1 -1 1 -1 -1 -1 -1 -1 -1 
-1 -1 -1 -1 -1 -1 -1 -1 1 -1 -1 -1 1 1 -1 -1 -1 -1 -1 3 
-1 -1 -1 -1 -1 -1 -1 1 1 -1 -1 1 -1 -1 1 1 -1 -1 -1 -1 
-1 -1 -1 -1 9 1 1 -1 -1 -1 -1 1 -1 6 6 -1 -1 -1 -1 -1 
-1 -1 -1 9 1 1 -1 -1 1 2 6 1 6 6 6 1 -1 -1 -1 -1 
2 13 1 -1 -1 -1 -1 1 2 -1 -1 -1 6 6 -1 1 1 1 -1 -1 
-1 -1 1 9 9 -1 -1 -1 1 -1 1 -1 -1 -1 1 1 1 1 2 2 
-1 -1 9 9 9 -1 -1 -1 1 -1 1 -1 -1 1 -1 -1 1 -1 9 2 
9 9 9 9 9 9 -1 -1 -1 -1 -1 -1 -1 -1 -1 1 1 1 9 9 
-1 -1 -1 9 9 -1 -1 5 13 13 -1 -1 -1 -1 -1 1 1 -1 1 1 
-1 -1 -1 9 9 -1 -1 5 -1 -1 -1 -1 -1 -1 -1 -1 -1 -1 1 -1 
-1 -1 9 -1 -1 -1 -1 -1 -1 -1 -1 -1 -1 -1 -1 -1 -1 1 -1 1 
-1 -1 9 9 9 -1 -1 -1 -1 -1 -1 -1 -1 -1 -1 -1 -1 13 1 1 
1 -1 9 9 -1 -1 -1 -1 -1 5 -1 -1 -1 -1 -1 -1 13 13 -1 -1 
1 1 -1 -1 -1 -1 -1 -1 -1 5 5 -1 3 -1 3 3 -1 -1 -1 1 
1 -1 -1 9 -1 -1 -1 -1 -1 -1 5 -1 -1 -1 3 -1 -1 -1 -1 -1 
-1 1 -1 9 -1 -1 1 1 -1 1 -1 5 -1 -1 -1 -1 -1 -1 -1 -1 
-1 -1 1 9 -1 -1 -1 1 1 -1 -1 5 5 -1 -1 -1 -1 -1 -1 -1 
-1 -1 -1 1 1 -1 1 1 1 -1 -1 1 -1 -1 -1 -1 -1 -1 -1 3 
3 -1 1 1 -1 1 -1 1 -1 -1 -1 -1 -1 -1 -1 -1 9 -1 -1 -1 
-1 1 1 -1 1 -1 1 1 -1 -1 -1 -1 -1 -1 -1 9 1 -1 -1 -1 
1 -1 -1 1 1 -1 -1 1 41 -1 41 41 41 41 -1 -1 -1 1 1 1 
-1 1 -1 -1 -1 1 -1 -1 33 33 41 41 -1 -1 -1 -1 1 -1 1 1 
1 13 1 1 -1 -1 1 -1 -1 -1 -1 -1 1 1 1 1 -1 -1 -1 -1 
-1 13 1 1 1 1 1 1 13 -1 -1 -1 -1 1 1 1 13 13 13 -1 
13 13 -1 -1 -1 1 1 13 7 -1 -1 -1 -1 -1 1 -1 5 -1 -1 -1 
13 1 13 13 -1 13 -1 13 5 5 1 -1 -1 -1 -1 1 1 13 13 -1 
13 1 1 1 13 13 9 13 5 5 13 1 -1 -1 -1 1 -1 -1 13 13 
-1 1 -1 1 13 9 9 5 13 13 -1 -1 -1 -1 -1 -1 1 -1 13 13 
13 13 13 13 -1 33 33 9 13 1 -1 11 11 13 13 -1 13 13 13 -1 
-1 13 13 33 41 -1 33 1 1 1 -1 -1 -1 -1 13 -1 41 13 -1 -1 
5 13 13 41 33 9 33 9 -1 -1 13 5 -1 5 5 5 5 1 1 -1 
5 13 41 -1 1 1 9 5 5 5 -1 -1 13 -1 5 5 1 1 1 -1 
-1 41 1 1 1 1 1 5 5 5 5 5 13 13 13 5 1 1 1 1 
-1 -1 -1 1 -1 1 5 5 5 5 5 5 5 5 -1 5 -1 1 1 -1 
-1 -1 1 1 -1 -1 1 -1 -1 -1 5 5 5 5 5 5 -1 1 1 -1 
-1 -1 13 -1 -1 1 1 1 33 -1 33 7 7 5 5 5 1 -1 1 1 
1 13 -1 -1 -1 -1 -1 1 33 33 -1 7 7 -1 5 -1 -1 5 1 5 
13 -1 -1 13 -1 -1 33 4 1 1 -1 -1 -1 5 5 5 1 13 -1 13 
13 13 13 13 13 -1 4 33 1 1 -1 -1 5 5 -1 -1 -1 1 13 1 
1 13 13 -1 13 -1 -1 1 33 -1 -1 -1 -1 -1 -1 -1 -1 -1 1 -1 
-1 -1 -1 -1 5 -1 -1 4 -1 13 13 -1 -1 9 9 9 -1 -1 1 1 
-1 -1 -1 -1 -1 -1 -1 -1 33 -1 13 13 13 13 -1 -1 -1 -1 -1 -1 
-1 -1 -1 -1 -1 -1 -1 33 33 13 13 13 13 13 13 -1 13 13 13 -1 
-1 -1 -1 -1 -1 -1 -1 33 11 11 9 13 -1 -1 -1 13 13 13 -1 13 
-1 13 -1 -1 -1 -1 -1 -1 11 11 11 -1 13 13 13 13 13 -1 13 13 
13 13 -1 -1 -1 -1 -1 -1 -1 11 -1 -1 -1 13 13 13 -1 -1 13 13 
-1 5 5 -1 -1 -1 -1 -1 -1 -1 11 11 11 13 13 13 -1 -1 -1 13 
-1 5 13 -1 13 -1 33 -1 -1 -1 -1 11 11 13 -1 -1 -1 -1 -1 -1 
-1 -1 1 -1 13 13 -1 -1 5 -1 -1 9 9 9 -1 9 9 -1 -1 5 
5 -1 -1 -1 -1 13 -1 5 13 13 -1 9 9 -1 -1 -1 9 -1 -1 5 
5 5 -1 -1 -1 -1 -1 5 5 -1 13 -1 -1 -1 -1 11 11 -1 -1 5 
-1 -1 -1 -1 -1 -1 13 -1 -1 5 -1 -1 -1 -1 -1 -1 -1 -1 5 5 
13 9 -1 -1 13 13 -1 -1 5 5 13 13 -1 -1 -1 5 -1 11 9 9 
9 -1 -1 13 -1 13 -1 5 5 -1 -1 13 13 5 5 5 -1 13 11 -1 
-1 -1 -1 13 13 -1 -1 5 -1 -1 13 13 5 5 5 -1 -1 -1 13 5 
13 13 13 13 -1 5 -1 -1 -1 13 13 -1 5 5 5 -1 -1 -1 -1 -1 
5 13 -1 5 5 5 5 -1 41 41 13 -1 -1 33 -1 5 -1 5 13 -1 
13 33 7 5 13 5 5 -1 4 41 13 -1 33 33 33 -1 13 -1 13 13 
13 -1 33 13 5 -1 5 4 5 5 41 13 33 33 33 -1 -1 5 15 13 
33 33 5 -1 -1 5 -1 4 5 -1 41 13 33 -1 5 5 -1 -1 5 -1 
5 5 5 5 -1 -1 -1 -1 33 5 -1 33 33 5 5 5 -1 -1 5 5 
-1 5 5 5 -1 -1 5 5 33 5 33 33 5 5 33 13 -1 -1 33 5 
5 -1 -1 5 5 -1 5 5 5 33 33 5 33 33 33 -1 33 33 5 -1 
-1 5 -1 5 5 5 5 5 -1 -1 -1 33 33 33 33 33 5 5 5 5 
5 -1 -1 5 -1 -1 -1 9 -1 -1 -1 -1 -1 33 33 33 5 5 5 5 
5 5 -1 -1 -1 -1 13 9 -1 -1 -1 -1 -1 -1 33 33 33 33 5 5 
-1 1 5 5 1 13 -1 13 11 11 9 -1 -1 -1 9 -1 9 5 -1 5 
-1 5 1 5 1 13 -1 -1 7 7 7 9 9 9 9 9 -1 41 -1 5 
-1 -1 -1 -1 1 -1 -1 5 -1 5 5 5 15 5 3 5 -1 -1 -1 -1 
-1 1 -1 1 1 1 -1 -1 -1 5 -1 -1 15 -1 -1 -1 -1 9 9 -1 
1 1 1 1 1 13 13 -1 5 5 -1 -1 -1 -1 -1 -1 -1 -1 13 -1 
1 -1 -1 13 13 13 13 -1 -1 -1 -1 -1 -1 -1 -1 13 -1 -1 -1 -1 
1 -1 1 1 13 13 13 15 -1 -1 -1 -1 5 5 13 13 13 -1 -1 -1 
1 1 -1 13 -1 13 15 5 13 13 -1 5 13 -1 13 13 -1 13 -1 1 
1 41 -1 -1 13 1 1 13 1 -1 5 5 5 1 -1 -1 13 -1 13 1 
-1 -1 41 41 -1 13 -1 13 5 1 1 5 1 -1 13 13 5 13 -1 1 
-1 41 -1 41 1 1 -1 1 -1 5 1 -1 13 13 -1 13 5 7 5 5 
1 -1 41 -1 -1 -1 1 1 -1 -1 -1 13 13 41 13 13 -1 7 -1 -1 
13 1 35 -1 -1 -1 -1 1 -1 -1 -1 13 41 13 13 -1 -1 13 13 13 
-1 1 -1 35 -1 -1 -1 -1 9 -1 -1 41 13 -1 -1 13 -1 -1 13 13 
-1 -1 13 -1 -1 13 -1 9 9 -1 -1 13 13 5 13 13 -1 -1 -1 13 
-1 13 13 -1 13 9 9 -1 7 7 -1 -1 13 13 13 13 -1 5 5 -1 
13 13 -1 -1 -1 -1 5 5 7 5 -1 -1 -1 13 -1 -1 13 5 5 13 
13 -1 -1 13 13 -1 5 -1 7 7 -1 5 5 13 -1 13 13 -1 13 -1 
-1 -1 13 13 13 -1 5 5 -1 7 7 5 -1 -1 13 -1 -1 13 13 -1 
-1 13 13 -1 -1 -1 -1 -1 -1 7 -1 -1 1 1 -1 -1 -1 -1 -1 -1 
-1 13 -1 -1 -1 -1 -1 5 5 5 5 5 -1 -1 -1 -1 -1 -1 -1 -1 
13 -1 -1 -1 -1 -1 11 -1 5 -1 5 5 -1 3 -1 -1 -1 -1 -1 -1 
-1 13 5 -1 5 -1 13 33 33 -1 -1 3 -1 -1 3 3 3 3 3 33 
5 13 5 13 5 13 13 33 33 -1 -1 33 33 -1 3 -1 -1 3 33 3 
-1 5 5 13 -1 13 13 33 33 33 33 33 33 33 33 3 -1 5 -1 5 
-1 5 13 13 13 -1 -1 33 -1 33 -1 1 33 33 3 3 3 5 -1 5 
5 -1 5 5 5 -1 -1 33 5 5 -1 1 5 5 33 5 -1 -1 5 13 
5 5 -1 5 5 5 5 33 -1 -1 -1 -1 5 5 -1 -1 5 -1 -1 5 
5 -1 5 5 5 5 5 33 5 -1 -1 -1 5 5 -1 -1 5 5 -1 -1 
-1 5 -1 -1 -1 -1 5 -1 33 -1 -1 -1 -1 -1 -1 -1 5 5 5 -1 
5 -1 5 5 5 5 -1 4 -1 -1 -1 5 5 5 5 -1 -1 5 -1 -1 
-1 -1 -1 5 5 4 4 4 -1 -1 -1 -1 5 5 -1 5 -1 11 5 -1 
-1 -1 5 5 7 4 4 -1 -1 -1 -1 -1 11 5 5 5 5 5 11 -1 
5 5 5 5 5 5 4 -1 -1 -1 -1 -1 11 -1 5 5 5 5 -1 5 
5 -1 5 5 5 5 5 -1 5 -1 -1 -1 11 5 7 -1 5 -1 5 5 
5 5 5 5 5 5 -1 5 5 5 -1 11 3 -1 7 5 -1 -1 -1 5 
5 -1 -1 5 5 -1 -1 5 5 -1 -1 3 -1 7 -1 5 -1 -1 -1 -1 
-1 5 -1 5 -1 -1 5 5 5 5 5 33 3 -1 7 7 5 5 -1 -1 
5 5 5 -1 -1 5 -1 -1 5 5 -1 3 33 -1 -1 5 -1 5 5 5 
-1 -1 5 -1 -1 5 5 -1 5 5 -1 33 3 33 -1 -1 -1 3 -1 5 
5 -1 13 -1 5 5 5 5 33 5 -1 3 33 3 -1 3 -1 2 5 5 
-1 5 -1 13 5 5 -1 -1 33 33 3 33 -1 3 3 3 3 -1 5 5 
-1 -1 4 -1 -1 -1 -1 5 5 -1 5 -1 5 -1 7 7 7 33 33 33 
33 33 33 33 33 32 32 -1 5 5 5 5 5 -1 -1 7 7 7 -1 -1 
-1 33 33 33 32 32 32 -1 32 5 5 5 -1 7 7 -1 7 -1 -1 -1 
7 -1 -1 33 32 5 32 32 5 5 7 5 5 7 -1 7 -1 7 -1 7 
-1 -1 -1 -1 -1 32 5 32 32 7 7 -1 5 5 7 -1 7 -1 7 -1 
-1 -1 -1 -1 5 32 7 7 7 7 -1 4 4 7 5 -1 -1 7 -1 -1 
33 -1 -1 5 5 5 5 -1 -1 -1 7 5 5 5 7 -1 33 -1 -1 33 
33 -1 5 5 5 5 -1 -1 -1 5 5 5 -1 -1 -1 33 -1 33 -1 33 
5 5 -1 5 5 -1 5 -1 5 5 5 -1 5 -1 7 5 33 -1 -1 5 
5 3 7 7 -1 5 5 -1 33 5 5 5 -1 -1 5 5 5 3 -1 -1 
-1 41 -1 7 -1 5 5 5 5 33 5 5 -1 -1 5 5 -1 3 3 -1 
41 41 -1 33 33 5 5 -1 5 5 33 5 -1 5 5 5 3 3 -1 -1 
41 -1 -1 33 33 -1 33 -1 5 33 33 33 5 -1 3 3 3 -1 41 -1 
41 -1 5 -1 -1 33 33 -1 33 33 -1 33 5 3 -1 3 3 41 41 41 
-1 5 5 33 33 33 33 33 33 -1 33 7 5 7 7 -1 3 3 -1 41 
-1 5 5 33 33 -1 33 33 -1 -1 -1 5 7 7 3 3 -1 7 3 33 
33 33 33 33 33 33 33 -1 33 -1 33 5 5 5 -1 -1 7 -1 -1 33 
33 33 33 33 -1 5 33 5 5 -1 5 5 5 -1 -1 7 33 33 -1 -1 
33 33 5 33 5 33 33 33 5 5 5 5 5 -1 -1 -1 7 33 33 33 
33 33 5 5 5 -1 33 33 33 -1 5 5 5 5 -1 -1 7 7 33 33 
-1 33 33 -1 33 -1 -1 1 5 7 5 5 -1 5 5 5 5 5 7 1 
33 33 -1 33 -1 -1 -1 1 7 -1 5 -1 -1 -1 5 5 5 -1 1 33 
33 5 5 -1 -1 -1 -1 -1 5 5 -1 5 -1 -1 -1 7 5 5 5 5 
5 -1 -1 3 -1 -1 -1 -1 -1 -1 -1 5 5 -1 7 7 5 -1 5 5 
5 5 -1 -1 -1 5 5 5 5 -1 5 5 5 -1 5 5 5 5 5 5 
-1 7 5 -1 5 -1 33 5 -1 -1 -1 5 5 5 -1 5 5 -1 -1 5 
-1 5 -1 5 5 -1 -1 -1 -1 5 5 5 -1 -1 7 5 5 5 -1 5 
5 -1 -1 -1 5 5 5 -1 5 -1 -1 5 5 5 -1 5 5 -1 5 -1 
-1 -1 5 -1 -1 5 -1 5 5 5 5 5 5 5 -1 5 5 5 5 5 
5 5 5 5 5 5 -1 5 5 5 5 5 5 5 -1 5 3 -1 -1 5 
5 -1 -1 5 -1 5 5 5 5 5 -1 5 5 5 5 5 -1 3 5 5 
5 5 -1 5 -1 5 5 5 33 5 5 -1 -1 5 5 5 -1 -1 -1 -1 
5 5 5 -1 5 -1 -1 -1 5 -1 33 -1 -1 -1 -1 5 5 -1 -1 -1 
-1 5 5 5 5 5 7 7 -1 33 33 -1 5 5 5 5 5 -1 32 32 
32 -1 -1 5 -1 5 5 -1 5 -1 -1 5 5 5 5 5 -1 5 -1 32 
-1 -1 -1 -1 5 5 5 5 5 -1 5 -1 5 5 5 5 5 -1 5 5 
-1 -1 -1 -1 -1 5 5 5 5 5 -1 5 5 -1 5 -1 -1 5 5 5 
5 -1 7 33 -1 -1 5 5 5 5 5 5 5 5 -1 5 5 5 5 5 
5 -1 7 33 32 32 5 5 5 5 5 5 5 -1 5 5 -1 5 7 5 
-1 -1 33 -1 -1 32 -1 5 -1 5 5 -1 5 5 -1 5 5 7 5 7 
-1 -1 -1 5 5 -1 -1 -1 3 -1 3 5 3 -1 5 -1 -1 5 5 5 
5 -1 -1 5 5 -1 -1 3 -1 7 7 -1 -1 -1 -1 5 5 5 -1 5 
-1 5 5 5 -1 7 5 7 7 3 7 -1 3 -1 5 5 5 5 -1 -1 
-1 5 5 7 7 7 7 7 7 7 3 3 3 3 -1 5 5 -1 5 -1 
6 5 7 7 -1 7 -1 7 -1 -1 3 -1 3 5 5 -1 -1 -1 -1 -1 
-1 5 7 7 -1 5 7 7 -1 3 -1 -1 -1 -1 5 -1 7 5 5 6 
5 5 5 -1 5 7 33 7 7 -1 -1 33 33 5 -1 -1 33 5 5 -1 
5 5 5 5 5 33 32 7 7 5 7 33 5 5 5 5 33 33 5 5 
7 -1 -1 7 7 32 32 -1 7 7 -1 7 -1 5 5 1 -1 -1 5 7 
7 7 -1 -1 -1 7 7 7 7 7 7 -1 7 7 1 1 -1 7 7 7 
7 7 -1 5 5 7 7 7 7 7 7 7 7 5 5 5 -1 -1 -1 -1 
-1 5 -1 -1 -1 -1 -1 5 -1 7 7 5 -1 5 1 -1 5 5 5 5 
5 5 -1 -1 -1 7 7 5 5 7 5 5 -1 1 -1 5 5 5 5 -1 
-1 7 7 7 5 5 7 5 7 5 5 7 5 5 -1 -1 5 5 5 5 
5 -1 -1 -1 7 -1 7 1 5 5 7 -1 -1 -1 5 5 5 -1 5 5 
-1 7 -1 5 -1 -1 -1 -1 1 5 7 5 5 5 5 5 -1 7 5 5 
-1 -1 5 5 -1 -1 -1 5 5 -1 5 4 5 5 -1 -1 7 7 5 -1 
-1 -1 5 5 5 -1 -1 -1 5 5 5 5 5 5 -1 5 -1 5 7 5 
-1 -1 5 5 5 -1 5 -1 -1 -1 5 1 3 -1 5 -1 5 5 5 5 
-1 5 5 5 5 5 -1 5 -1 -1 3 5 3 5 5 -1 -1 5 5 -1 
5 33 5 5 5 5 -1 -1 -1 7 5 -1 5 5 -1 -1 -1 -1 -1 5 
-1 -1 33 33 33 5 5 5 5 -1 7 7 7 -1 5 5 7 -1 33 -1 
5 33 33 5 -1 5 33 33 -1 5 -1 7 33 -1 5 -1 -1 5 33 33 
5 33 5 33 5 5 33 33 33 5 5 5 -1 33 33 33 5 -1 5 5 
5 5 5 -1 5 33 5 5 5 -1 7 5 33 5 33 33 5 5 5 5 
5 5 -1 -1 -1 5 -1 5 5 5 5 7 5 33 7 5 5 5 5 5 
5 5 5 5 5 5 -1 -1 5 5 5 5 5 7 5 7 5 -1 -1 5 
5 5 5 5 5 5 5 -1 -1 5 5 -1 5 5 5 5 -1 -1 -1 5 
-1 5 5 5 5 5 5 5 5 -1 -1 -1 5 -1 -1 5 -1 5 -1 -1 
5 -1 5 -1 -1 5 5 -1 5 5 -1 -1 5 5 5 7 5 5 -1 -1 
5 -1 5 -1 5 5 5 5 5 -1 5 5 -1 -1 7 5 5 5 5 5 
-1 5 -1 5 -1 -1 -1 5 5 5 5 5 7 7 5 7 5 5 5 5 
-1 5 5 -1 5 5 -1 5 -1 5 5 5 7 7 -1 5 -1 -1 5 5 
-1 5 -1 5 -1 -1 5 -1 -1 7 7 5 5 7 7 -1 5 -1 5 5 
-1 5 -1 5 5 5 5 5 -1 7 5 5 4 7 -1 -1 4 -1 7 7 
-1 -1 -1 5 5 5 -1 5 -1 -1 -1 4 -1 5 -1 4 5 7 7 7 
5 -1 -1 -1 5 5 5 -1 5 5 -1 5 5 5 4 -1 -1 7 7 -1 
7 5 -1 5 -1 5 5 5 5 -1 5 5 5 -1 -1 -1 -1 -1 -1 -1 
5 -1 5 -1 5 5 5 5 5 -1 5 5 4 -1 -1 -1 5 5 5 5 
5 5 -1 5 5 5 -1 -1 5 5 5 -1 -1 -1 -1 -1 -1 5 5 5 
4 5 5 5 5 5 5 41 -1 33 33 -1 7 5 5 -1 -1 -1 -1 -1 
4 4 -1 5 5 5 3 5 -1 -1 33 -1 -1 33 5 -1 5 -1 5 -1 
5 4 4 5 -1 5 3 5 -1 -1 5 5 -1 5 5 -1 -1 5 5 -1 
5 5 -1 5 -1 5 5 5 1 -1 5 5 5 5 -1 5 5 -1 -1 -1 
5 5 5 -1 -1 5 5 5 1 5 -1 5 5 5 5 -1 -1 -1 -1 5 
5 5 -1 -1 5 5 5 5 5 -1 5 5 5 5 5 7 -1 5 -1 5 
5 -1 -1 5 -1 -1 1 5 1 5 5 -1 5 5 5 7 5 -1 5 5 
-1 2 -1 -1 5 5 -1 -1 1 5 5 5 -1 -1 -1 7 7 -1 5 -1 
3 3 5 5 5 -1 -1 -1 1 -1 -1 -1 5 5 5 5 7 7 7 7 
3 3 3 2 5 5 5 5 -1 -1 -1 5 5 5 -1 7 7 7 7 7 
3 3 2 5 5 -1 5 5 -1 5 5 5 5 -1 7 7 -1 7 7 41 
5 5 5 5 -1 -1 -1 5 5 7 5 5 5 -1 7 -1 7 41 41 5 
5 -1 -1 5 5 5 -1 -1 7 7 -1 5 -1 5 7 7 41 41 41 41 
-1 -1 5 -1 5 5 -1 7 7 -1 5 7 5 -1 -1 -1 -1 -1 -1 -1 
-1 -1 -1 -1 5 -1 5 5 -1 -1 -1 7 7 -1 -1 1 -1 4 5 -1 
-1 -1 7 5 -1 -1 5 5 5 -1 -1 7 7 -1 -1 1 -1 -1 4 -1 
5 5 7 5 5 -1 -1 5 5 -1 -1 7 -1 -1 -1 -1 5 5 5 -1 
5 5 -1 -1 5 -1 9 9 5 -1 -1 -1 -1 -1 -1 -1 -1 -1 5 5 
41 41 -1 -1 5 9 9 41 41 -1 7 7 7 -1 -1 -1 -1 5 5 5 
41 41 -1 5 5 5 5 41 41 -1 7 7 7 5 -1 -1 -1 -1 5 41 
33 5 7 -1 -1 5 5 7 -1 5 -1 5 3 -1 5 5 3 -1 -1 5 
5 -1 5 5 5 -1 -1 -1 7 5 5 5 -1 3 -1 5 3 -1 5 5 
33 5 5 5 -1 5 -1 -1 5 5 5 -1 3 -1 -1 5 5 5 5 33 
-1 5 -1 5 -1 40 -1 -1 5 5 41 -1 -1 5 -1 7 7 -1 5 5 
-1 -1 -1 5 5 41 41 41 41 41 5 41 5 -1 -1 7 5 -1 -1 -1 
-1 -1 5 5 41 41 41 41 41 41 41 40 41 5 -1 7 5 7 7 -1 
-1 -1 5 33 41 41 -1 -1 41 -1 -1 41 5 5 7 7 7 7 -1 7 
5 7 -1 33 33 41 41 41 -1 -1 -1 -1 41 37 37 5 5 7 7 7 
5 5 -1 33 -1 -1 41 -1 41 41 41 -1 37 36 -1 7 7 -1 -1 4 
7 -1 5 33 -1 7 7 41 41 7 41 41 41 37 37 36 -1 -1 4 -1 
-1 5 5 -1 7 7 7 7 41 41 41 41 41 -1 36 37 -1 40 4 -1 
-1 5 7 7 -1 -1 -1 -1 7 7 41 -1 41 37 37 37 40 40 4 -1 
-1 7 -1 41 -1 -1 5 5 -1 -1 41 -1 7 -1 37 36 7 -1 -1 -1 
5 5 41 41 -1 41 5 5 5 -1 -1 -1 -1 1 1 7 5 5 -1 -1 
5 5 5 41 41 5 5 5 5 -1 5 5 5 -1 5 5 5 5 5 -1 
41 41 41 41 41 41 -1 5 5 4 4 5 -1 5 7 5 40 5 -1 5 
41 5 5 -1 41 41 41 41 41 33 5 5 5 5 5 7 5 5 5 5 
-1 5 -1 -1 41 7 41 -1 5 33 -1 -1 -1 5 5 5 5 5 -1 5 
5 5 5 5 5 7 7 41 5 5 33 -1 -1 5 5 -1 3 5 5 5 
33 7 5 5 7 5 7 -1 -1 5 -1 5 5 -1 5 5 3 3 -1 5 
3 -1 -1 11 41 41 41 5 -1 -1 5 5 -1 -1 -1 -1 -1 -1 -1 41 
3 3 41 41 41 41 5 -1 5 5 -1 -1 -1 -1 -1 -1 41 3 3 3 
3 -1 -1 41 -1 41 -1 5 -1 5 5 -1 -1 -1 -1 5 5 5 3 3 
5 -1 -1 5 5 -1 5 7 5 5 5 -1 5 5 5 5 5 -1 7 7 
5 -1 5 5 5 5 5 7 5 5 5 5 5 5 5 5 -1 -1 -1 -1 
5 5 5 5 7 7 7 7 5 5 5 5 5 -1 -1 -1 -1 -1 -1 5 
-1 -1 5 5 5 5 7 7 5 5 33 5 33 5 -1 3 -1 -1 5 5 
5 36 5 -1 5 7 7 7 5 5 -1 33 33 7 43 10 -1 -1 5 -1 
5 5 5 5 5 5 -1 7 7 5 5 11 7 7 7 -1 7 11 7 10 
5 -1 -1 41 5 5 7 -1 5 9 41 11 11 7 7 7 7 -1 7 7 
-1 -1 41 -1 5 -1 5 5 -1 9 9 11 -1 9 7 7 7 10 7 -1 
-1 -1 -1 41 5 5 5 5 9 9 -1 41 40 41 7 7 -1 7 7 -1 
-1 -1 41 5 5 5 5 -1 5 -1 41 40 41 41 41 -1 -1 7 7 -1 
40 40 -1 5 5 5 5 -1 -1 -1 41 41 41 7 5 7 7 -1 7 -1 
41 41 -1 5 5 5 5 5 -1 5 5 5 7 7 7 5 -1 7 7 7 
5 5 41 41 5 5 5 5 5 5 5 5 7 7 5 5 5 5 7 -1 
5 5 5 5 -1 5 5 5 -1 5 5 -1 7 -1 33 5 5 5 7 -1 
-1 41 5 -1 -1 40 5 5 5 -1 -1 -1 -1 33 -1 5 5 5 5 5 
41 -1 41 -1 40 41 41 41 -1 1 5 5 -1 -1 40 -1 5 5 5 5 
-1 -1 -1 -1 41 41 5 -1 5 5 -1 -1 -1 40 40 5 40 -1 41 41 
33 5 5 5 5 5 5 -1 -1 7 1 -1 10 -1 10 -1 -1 5 -1 -1 
5 -1 -1 -1 5 5 5 5 7 7 -1 7 7 11 10 -1 -1 5 -1 -1 
33 5 5 -1 -1 5 5 -1 -1 -1 7 -1 -1 11 11 -1 -1 -1 33 -1 
-1 5 5 -1 -1 5 -1 8 9 11 11 -1 11 -1 -1 -1 33 33 33 33 
-1 11 11 10 5 33 33 -1 9 5 1 11 -1 11 11 10 33 33 33 -1 
-1 10 10 11 33 -1 -1 33 -1 1 11 -1 -1 -1 -1 -1 -1 11 -1 -1 
11 10 10 -1 -1 -1 7 -1 7 7 11 41 41 41 -1 -1 11 -1 11 -1 
41 -1 10 11 40 11 -1 7 -1 7 41 41 41 41 -1 11 11 11 11 11 
-1 11 11 40 40 40 7 -1 -1 41 3 41 41 41 7 -1 11 -1 11 -1 
-1 11 -1 11 40 10 10 3 41 3 -1 -1 41 -1 7 -1 -1 11 11 10 
-1 11 -1 11 1 10 10 41 3 -1 3 33 -1 6 11 10 11 -1 11 11 
11 11 -1 -1 1 1 -1 41 41 -1 2 2 -1 7 11 11 41 -1 11 -1 
41 41 -1 1 -1 1 -1 3 40 -1 -1 -1 -1 41 7 41 41 41 -1 -1 
-1 41 -1 41 1 -1 1 -1 -1 -1 41 41 41 41 41 41 41 41 41 -1 
5 5 40 40 -1 1 -1 -1 5 -1 -1 -1 -1 41 41 41 1 1 -1 -1 
5 5 40 -1 -1 41 1 -1 -1 -1 9 -1 -1 -1 9 -1 -1 5 5 5 
-1 41 -1 5 -1 5 5 -1 5 -1 9 9 9 -1 9 -1 5 -1 -1 -1 
40 -1 5 -1 5 5 5 2 2 5 9 9 -1 -1 -1 5 5 5 -1 -1 
40 -1 33 33 -1 5 5 -1 -1 -1 9 -1 -1 -1 -1 -1 -1 5 -1 5 
-1 33 33 -1 5 -1 -1 -1 -1 -1 -1 1 -1 10 -1 -1 5 5 5 -1 
-1 1 40 -1 -1 -1 -1 -1 -1 -1 1 6 6 2 8 -1 7 5 5 1 
41 40 41 5 -1 5 -1 -1 10 10 6 -1 6 2 1 1 7 7 1 1 
-1 41 -1 -1 5 -1 41 10 10 10 1 6 6 2 1 1 1 7 -1 -1 
5 5 -1 5 -1 -1 41 10 10 10 33 33 6 1 -1 1 2 1 2 2 
5 5 5 41 -1 41 41 -1 -1 10 10 -1 1 1 1 -1 2 2 2 5 
-1 5 40 41 41 41 -1 -1 -1 -1 -1 -1 1 1 1 -1 -1 -1 2 -1 
5 41 41 40 -1 -1 -1 -1 -1 -1 -1 -1 -1 1 1 1 -1 -1 -1 -1 
5 -1 -1 -1 -1 -1 1 -1 1 1 -1 1 1 1 1 -1 -1 -1 -1 -1 
5 -1 -1 41 41 41 -1 1 1 1 -1 -1 11 1 1 -1 1 5 5 5 
2 2 2 2 -1 2 -1 1 1 -1 -1 -1 -1 11 11 -1 1 -1 -1 5 
1 2 -1 -1 2 2 -1 -1 -1 10 -1 -1 -1 11 -1 -1 -1 1 5 1 
-1 -1 -1 -1 -1 2 -1 -1 10 1 1 1 -1 -1 1 -1 1 1 1 3 
-1 -1 -1 -1 -1 -1 -1 -1 1 1 1 5 5 1 5 1 1 1 1 3 
-1 -1 -1 -1 -1 -1 -1 -1 1 1 -1 5 -1 -1 1 1 1 -1 -1 -1 
-1 -1 -1 -1 -1 10 -1 -1 1 -1 -1 5 5 5 -1 -1 10 11 11 11 
-1 -1 -1 -1 10 10 -1 1 1 10 -1 -1 11 -1 -1 10 -1 11 -1 -1 
-1 -1 -1 -1 -1 -1 10 -1 -1 10 -1 -1 -1 11 11 6 2 2 -1 1 
-1 -1 -1 37 -1 10 10 10 10 -1 10 -1 11 6 11 6 -1 2 1 1 
-1 -1 37 37 -1 10 10 10 -1 10 6 6 6 6 1 2 -1 -1 -1 -1 
1 1 37 -1 -1 -1 -1 10 -1 -1 -1 1 6 2 2 1 2 -1 1 -1 
9 -1 -1 -1 -1 2 2 -1 -1 -1 -1 -1 -1 3 -1 3 3 -1 9 -1 
-1 8 -1 1 2 -1 2 -1 -1 -1 -1 -1 -1 3 -1 3 -1 3 -1 -1 
-1 1 1 2 -1 2 2 -1 -1 -1 -1 -1 -1 -1 -1 -1 -1 -1 -1 -1 
-1 -1 1 -1 9 -1 -1 3 -1 -1 -1 -1 -1 -1 -1 -1 -1 -1 -1 -1 
-1 1 1 9 9 -1 -1 -1 3 3 -1 -1 -1 -1 -1 -1 -1 1 1 -1 
1 1 -1 -1 1 9 2 -1 3 3 -1 3 -1 -1 -1 -1 1 -1 -1 1 
1 1 -1 -1 -1 -1 -1 2 3 3 3 -1 -1 -1 -1 1 1 -1 1 -1 
-1 1 -1 2 -1 -1 -1 -1 2 3 3 3 -1 -1 -1 1 -1 1 -1 -1 
-1 1 -1 -1 4 -1 -1 -1 3 3 3 -1 3 -1 -1 1 -1 -1 -1 -1 
4 4 -1 4 4 2 2 -1 3 3 -1 3 -1 -1 -1 -1 1 1 -1 10 
4 4 4 4 4 -1 3 3 3 3 3 3 -1 -1 -1 -1 1 -1 -1 1 
4 4 4 4 -1 -1 -1 2 2 -1 -1 2 -1 -1 -1 -1 -1 -1 -1 -1 
-1 4 4 4 4 1 -1 2 2 2 2 2 2 -1 -1 -1 -1 2 2 -1 
-1 -1 -1 4 -1 1 1 2 -1 2 2 2 -1 -1 -1 -1 -1 -1 2 -1 
-1 -1 4 4 1 1 1 1 -1 -1 2 2 2 2 -1 -1 -1 2 2 2 
2 -1 -1 1 -1 1 -1 -1 -1 -1 -1 1 2 2 -1 -1 -1 -1 -1 2 
-1 -1 -1 9 9 1 1 -1 -1 -1 1 -1 -1 -1 -1 -1 -1 -1 -1 2 
-1 -1 -1 9 -1 1 1 -1 -1 -1 -1 -1 -1 -1 -1 -1 11 -1 -1 -1 
-1 -1 -1 -1 -1 -1 1 -1 -1 -1 -1 -1 -1 -1 -1 -1 -1 -1 -1 -1 
9 -1 -1 -1 -1 2 2 -1 -1 -1 -1 9 9 -1 -1 3 3 -1 -1 9 
1 11 -1 -1 -1 3 3 -1 1 1 1 -1 -1 -1 1 1 -1 1 1 9 
6 11 4 3 3 3 3 1 6 -1 -1 -1 -1 1 -1 -1 1 1 1 1 
1 11 11 -1 3 3 3 -1 -1 6 2 -1 -1 -1 -1 -1 2 1 1 -1 
-1 -1 11 3 -1 -1 3 -1 6 6 -1 2 2 -1 -1 1 1 -1 -1 -1 
-1 -1 -1 6 -1 3 6 6 -1 -1 3 -1 2 2 2 2 1 1 -1 -1 
-1 -1 6 6 3 6 -1 -1 2 3 3 3 -1 -1 -1 -1 -1 1 -1 -1 
-1 -1 -1 -1 6 6 -1 -1 3 3 3 3 -1 2 2 1 1 1 1 -1 
-1 1 -1 2 2 6 6 3 -1 -1 3 3 2 -1 -1 1 1 1 1 1 
1 -1 1 -1 -1 6 -1 6 -1 -1 3 3 3 3 -1 -1 1 1 1 1 
-1 -1 -1 -1 -1 -1 6 -1 -1 3 -1 -1 3 3 3 1 1 -1 -1 1 
1 -1 -1 -1 -1 6 -1 -1 -1 -1 3 -1 3 3 -1 -1 -1 -1 -1 1 
1 -1 -1 -1 -1 6 6 6 6 -1 3 3 -1 3 1 -1 1 -1 1 1 
-1 -1 -1 -1 -1 -1 6 6 -1 3 -1 3 -1 -1 -1 1 3 1 1 1 
1 -1 -1 11 -1 -1 -1 6 3 3 1 1 -1 1 -1 1 3 -1 -1 -1 
-1 9 3 -1 11 -1 -1 -1 3 3 -1 1 1 1 -1 3 6 -1 -1 -1 
9 11 9 -1 -1 3 3 3 3 -1 -1 -1 1 1 1 -1 3 -1 1 -1 
9 1 -1 11 11 3 3 3 3 -1 -1 -1 1 1 1 3 3 3 1 1 
11 -1 -1 11 11 3 3 3 3 3 3 -1 1 -1 1 -1 3 1 -1 1 
-1 11 11 11 11 3 3 -1 1 3 3 3 -1 -1 1 1 -1 9 9 9 
33 33 11 -1 -1 -1 3 -1 -1 1 -1 3 3 -1 1 1 1 -1 1 9 
4 4 -1 -1 -1 -1 9 9 9 9 9 9 -1 -1 9 9 -1 4 -1 4 
4 4 2 -1 -1 9 -1 9 9 9 9 9 9 9 -1 -1 -1 -1 -1 4 
-1 -1 2 -1 10 10 1 9 9 11 9 9 9 -1 9 9 2 -1 2 -1 
-1 -1 -1 2 -1 10 10 -1 11 -1 -1 33 1 9 -1 6 2 2 -1 -1 
11 -1 -1 10 10 3 10 6 -1 -1 33 33 1 2 6 6 6 -1 -1 -1 
11 11 10 -1 10 6 10 4 3 33 -1 2 2 2 -1 -1 -1 -1 11 2 
11 11 11 3 -1 10 3 3 3 -1 2 2 2 2 -1 -1 -1 2 2 -1 
11 11 3 11 -1 3 3 2 2 11 -1 33 2 33 2 -1 -1 2 -1 11 
-1 11 11 11 1 3 -1 2 2 2 -1 -1 33 33 -1 2 2 -1 2 -1 
11 11 11 -1 1 2 2 2 2 -1 -1 33 33 33 33 -1 2 2 -1 -1 
11 11 11 -1 -1 2 4 2 -1 3 1 33 33 33 33 3 3 -1 2 -1 
-1 11 11 -1 11 -1 2 4 -1 -1 3 3 3 33 33 3 11 11 11 11 
2 2 -1 -1 -1 11 2 -1 -1 4 -1 4 -1 3 11 11 3 11 2 2 
2 -1 4 -1 -1 11 11 2 2 4 4 -1 3 -1 3 3 11 -1 2 2 
2 -1 -1 4 -1 11 11 -1 4 2 2 3 3 9 3 3 3 -1 -1 2 
-1 -1 -1 -1 3 -1 3 -1 3 3 3 -1 9 -1 6 -1 6 3 -1 -1 
-1 -1 1 3 -1 3 3 3 3 11 -1 9 9 9 6 6 -1 -1 -1 -1 
4 -1 -1 3 3 3 3 3 11 -1 11 9 9 -1 6 6 -1 -1 -1 -1 
-1 -1 -1 -1 -1 3 3 3 -1 11 9 9 9 -1 -1 -1 -1 -1 -1 4 
-1 -1 -1 -1 -1 -1 3 -1 3 -1 9 9 9 -1 -1 9 -1 4 4 -1 
11 11 6 6 -1 -1 3 3 3 2 6 6 -1 -1 2 3 3 1 11 -1 
-1 -1 -1 6 6 11 -1 3 2 2 2 -1 2 2 -1 3 -1 -1 1 11 
-1 -1 -1 6 6 11 -1 11 2 2 -1 -1 2 1 1 -1 -1 -1 1 2 
2 -1 6 2 6 6 11 11 6 6 2 2 4 4 4 1 1 -1 3 4 
4 -1 -1 6 2 11 11 11 6 -1 6 -1 -1 4 4 1 -1 -1 -1 3 
3 4 -1 2 6 -1 11 11 6 -1 6 6 -1 4 4 4 -1 3 3 4 
4 3 1 1 2 2 11 6 6 6 6 -1 -1 4 3 -1 -1 -1 3 4 
4 -1 -1 6 -1 2 2 6 2 2 -1 11 11 -1 4 -1 -1 3 3 3 
3 3 -1 6 6 2 2 2 -1 11 11 11 11 11 -1 -1 -1 3 3 -1 
3 2 3 2 -1 6 2 -1 -1 -1 11 11 11 9 9 -1 3 -1 3 3 
3 3 3 3 2 9 -1 -1 -1 11 -1 -1 -1 9 9 9 -1 -1 3 3 
3 3 3 2 2 3 9 11 11 11 6 -1 6 9 9 9 -1 3 3 -1 
3 -1 3 3 3 -1 -1 -1 11 11 -1 6 -1 9 9 9 -1 -1 3 3 
3 3 3 3 6 11 -1 -1 11 6 6 2 -1 -1 -1 -1 -1 -1 3 3 
3 3 3 -1 11 6 -1 11 -1 9 9 -1 6 6 -1 -1 -1 2 2 3 
-1 6 -1 6 6 11 11 -1 2 -1 -1 -1 -1 -1 -1 11 -1 -1 3 -1 
2 6 -1 -1 -1 -1 6 4 2 3 -1 -1 3 -1 -1 3 -1 3 2 2 
6 3 -1 6 6 6 -1 4 3 2 3 -1 -1 3 -1 3 3 -1 -1 6 
4 4 2 2 6 6 3 -1 6 6 3 -1 -1 -1 -1 -1 3 -1 -1 2 
4 4 2 6 4 6 6 3 3 6 6 6 -1 -1 -1 -1 -1 -1 2 11 
3 6 -1 -1 3 3 2 4 4 -1 1 4 3 -1 3 3 -1 4 4 3 
4 6 6 -1 3 3 -1 4 4 1 3 1 -1 3 3 3 -1 -1 4 4 
-1 6 3 6 3 -1 3 -1 -1 3 1 1 1 3 1 3 6 6 4 4 
2 -1 -1 3 6 6 -1 3 3 1 1 3 3 1 -1 -1 -1 4 4 -1 
4 4 4 6 6 6 6 6 6 6 -1 3 -1 -1 -1 4 -1 4 4 2 
2 4 6 -1 6 6 6 -1 6 6 6 -1 6 6 4 6 6 4 6 4 
-1 4 4 -1 -1 4 6 3 6 3 6 -1 -1 -1 -1 6 6 6 4 -1 
-1 -1 4 4 4 -1 -1 3 3 -1 3 2 6 6 -1 6 -1 -1 3 3 
3 -1 4 4 -1 -1 3 3 3 3 3 6 6 6 -1 -1 -1 -1 -1 3 
-1 -1 4 -1 4 -1 -1 -1 3 3 -1 -1 -1 -1 -1 4 -1 -1 -1 -1 
-1 4 3 -1 4 3 -1 3 3 3 3 -1 -1 1 -1 -1 -1 3 3 -1 
-1 4 3 3 4 -1 3 3 3 3 -1 -1 1 1 -1 -1 3 3 3 -1 
3 3 3 3 -1 -1 -1 3 3 -1 -1 1 -1 1 1 -1 3 3 3 -1 
3 3 3 3 -1 -1 -1 -1 -1 3 3 -1 -1 1 4 -1 3 3 3 -1 
3 3 -1 3 3 -1 3 -1 2 3 3 -1 3 3 1 4 3 3 3 -1 
3 3 3 -1 -1 -1 2 3 2 2 4 3 3 6 -1 4 3 4 4 3 
3 6 3 3 -1 -1 2 2 4 2 4 -1 -1 -1 4 4 4 4 4 3 
-1 6 6 -1 -1 -1 -1 2 -1 4 2 4 -1 4 4 4 4 4 4 3 
6 -1 6 6 -1 2 -1 4 6 4 4 2 4 4 6 4 -1 3 3 5 
-1 6 -1 -1 2 3 4 4 4 -1 4 4 -1 6 3 3 3 3 3 3 
6 6 4 6 6 6 1 1 1 1 -1 -1 1 2 1 -1 1 -1 -1 2 
6 6 6 6 6 -1 3 3 -1 1 -1 -1 -1 1 6 -1 -1 2 2 2 
-1 6 6 6 4 6 6 -1 3 4 -1 -1 1 1 6 -1 6 -1 6 2 
2 6 4 4 4 -1 -1 6 2 4 4 1 3 -1 4 6 6 -1 -1 6 
4 6 4 2 2 4 -1 4 -1 2 -1 3 3 3 6 4 -1 -1 -1 4 
4 -1 2 2 2 2 -1 -1 -1 -1 2 3 3 6 6 -1 -1 -1 -1 -1 
4 4 4 4 2 2 -1 -1 4 4 2 4 -1 -1 6 6 -1 -1 -1 -1 
1 1 4 4 4 2 -1 -1 4 4 4 -1 -1 -1 -1 1 1 1 -1 1 
1 -1 6 -1 -1 -1 -1 -1 -1 4 -1 -1 -1 -1 -1 1 1 1 1 1 
1 -1 6 -1 -1 -1 -1 -1 -1 -1 6 6 6 4 6 1 1 1 1 1 
-1 6 6 6 -1 -1 -1 -1 -1 2 4 6 6 6 4 1 2 4 -1 6 
3 -1 1 1 2 3 -1 -1 4 2 6 4 6 6 3 4 4 2 3 3 
1 1 2 2 3 3 3 -1 4 -1 6 6 4 6 3 4 2 -1 3 3 
1 -1 1 2 3 3 3 3 4 4 4 6 4 4 4 -1 -1 -1 3 1 
3 6 6 9 3 3 3 3 -1 2 -1 4 6 6 4 4 -1 -1 3 3 
6 6 6 6 1 -1 -1 3 -1 2 2 2 2 4 4 -1 -1 3 3 6 
6 6 6 6 1 1 1 3 1 1 2 1 1 1 1 -1 3 3 3 3 
-1 2 6 -1 -1 1 -1 1 1 1 1 1 1 -1 1 3 4 3 3 -1 
-1 -1 2 4 6 1 1 -1 1 1 1 1 1 1 1 1 -1 4 7 -1 
2 2 4 6 6 -1 1 1 1 -1 1 1 1 1 1 1 1 -1 -1 6 
-1 -1 -1 3 3 3 3 -1 -1 -1 -1 6 6 2 2 3 3 -1 2 2 
2 -1 -1 6 3 6 -1 6 6 -1 6 -1 2 2 2 -1 -1 2 3 2 
-1 6 3 3 6 6 6 3 6 3 -1 -1 -1 -1 -1 3 3 2 -1 3 
3 6 3 3 3 6 -1 6 3 6 6 2 -1 -1 3 3 2 3 2 6 
4 3 3 3 3 3 -1 3 6 -1 2 2 2 -1 2 -1 2 2 2 2 
4 -1 3 -1 -1 -1 3 -1 3 -1 3 -1 2 2 2 -1 2 -1 2 4 
6 4 -1 3 3 3 3 -1 3 3 -1 -1 -1 2 2 2 2 2 4 4 
6 -1 2 -1 3 3 -1 -1 -1 -1 -1 -1 6 2 2 4 4 2 -1 4 
6 4 2 4 3 6 -1 -1 -1 6 6 -1 6 -1 2 2 2 4 -1 6 
6 4 6 6 6 4 4 4 -1 2 6 4 -1 -1 2 2 2 2 4 4 
-1 -1 -1 4 -1 -1 -1 2 2 -1 6 6 -1 -1 -1 -1 -1 -1 2 2 
2 2 4 4 -1 -1 -1 2 -1 -1 2 -1 -1 -1 2 -1 2 2 2 2 
4 3 4 2 2 2 -1 -1 -1 -1 -1 2 -1 2 -1 2 -1 -1 2 4 
3 -1 2 2 -1 -1 -1 -1 3 2 2 -1 4 -1 2 2 2 2 4 4 
3 6 6 6 6 6 4 4 3 3 -1 2 -1 3 -1 2 2 -1 -1 -1 
6 3 3 6 6 6 6 3 3 3 4 -1 2 2 3 2 -1 2 3 -1 
1 1 6 -1 6 6 6 -1 -1 4 -1 -1 -1 2 -1 3 2 -1 3 -1 
6 6 -1 6 6 3 3 3 3 -1 -1 -1 2 2 2 2 -1 3 3 -1 
7 3 3 3 3 6 3 3 3 -1 -1 -1 -1 2 2 2 3 -1 3 7 
7 3 -1 3 -1 3 3 3 -1 -1 -1 -1 2 2 2 -1 3 2 3 7 
-1 -1 6 6 3 3 -1 3 3 3 -1 1 3 3 3 3 6 4 6 4 
6 -1 6 3 4 6 3 3 3 3 -1 1 -1 -1 -1 -1 4 6 6 3 
4 4 6 6 40 4 3 3 3 -1 -1 -1 -1 -1 -1 3 3 3 6 3 
6 -1 6 6 3 -1 40 3 3 3 -1 11 -1 -1 -1 -1 4 4 6 6 
6 2 -1 6 -1 -1 40 4 4 3 11 11 -1 -1 6 -1 4 6 6 6 
6 2 6 -1 -1 -1 -1 -1 6 -1 -1 -1 2 2 -1 6 -1 -1 -1 6 
6 2 2 2 -1 -1 -1 -1 -1 6 -1 -1 3 3 4 -1 6 -1 -1 -1 
2 2 2 -1 2 -1 -1 -1 6 6 6 6 3 3 3 3 3 -1 -1 -1 
2 2 2 6 -1 4 -1 -1 -1 6 6 -1 -1 3 2 3 3 -1 -1 3 
4 4 2 -1 6 6 4 -1 4 -1 6 6 -1 3 -1 2 3 -1 3 6 
4 6 -1 2 2 4 -1 4 -1 4 -1 -1 6 -1 -1 -1 -1 -1 3 -1 
-1 6 6 4 4 -1 4 4 4 4 -1 -1 4 -1 3 3 -1 -1 6 6 
6 6 4 -1 4 -1 4 -1 4 4 6 4 4 4 -1 3 -1 -1 6 6 
4 -1 -1 4 4 4 4 4 4 6 6 -1 34 -1 3 3 3 3 6 6 
4 -1 6 4 4 4 4 -1 -1 -1 6 34 -1 4 3 3 6 -1 6 6 
-1 3 6 4 -1 4 -1 -1 -1 6 4 6 -1 4 3 -1 6 6 6 4 
3 3 -1 3 3 3 3 -1 -1 -1 -1 4 4 4 1 1 -1 1 4 -1 
3 3 3 3 3 3 3 -1 -1 -1 -1 1 4 3 -1 1 1 -1 -1 -1 
3 -1 3 -1 3 3 3 3 -1 -1 3 -1 -1 3 3 3 -1 -1 -1 -1 
3 -1 6 3 3 -1 3 3 3 3 -1 1 3 3 -1 -1 4 -1 4 3 
-1 4 -1 -1 -1 -1 4 4 -1 -1 -1 -1 4 6 6 -1 6 -1 -1 9 
-1 6 4 -1 -1 -1 4 6 4 4 6 6 6 6 6 4 4 4 4 9 
6 6 -1 6 6 6 6 6 4 6 6 6 -1 -1 -1 8 -1 8 -1 4 
-1 3 -1 9 -1 9 -1 6 -1 6 6 -1 -1 -1 -1 -1 8 4 8 -1 
-1 -1 6 9 9 9 -1 6 4 4 4 6 -1 4 -1 4 -1 4 -1 -1 
-1 -1 -1 11 9 9 6 4 6 4 6 4 -1 4 -1 4 4 -1 -1 -1 
-1 9 9 9 9 6 -1 -1 4 6 -1 4 4 6 -1 6 6 4 6 -1 
-1 -1 9 9 9 -1 4 6 2 2 6 4 -1 -1 -1 6 -1 -1 6 4 
6 -1 9 4 4 4 6 2 2 2 2 -1 4 -1 -1 6 -1 -1 4 6 
-1 -1 6 9 9 9 6 -1 -1 2 -1 -1 -1 -1 -1 -1 -1 6 6 -1 
-1 4 3 4 9 6 3 -1 -1 -1 6 6 -1 -1 -1 -1 -1 6 6 -1 
6 -1 4 3 4 3 3 3 -1 -1 6 6 6 -1 -1 -1 6 -1 -1 6 
32 -1 4 4 6 4 3 3 3 3 -1 6 6 6 -1 6 6 9 9 6 
-1 32 3 3 4 2 3 1 3 4 3 4 4 -1 6 -1 6 6 -1 -1 
32 40 -1 3 3 -1 3 1 4 6 4 4 6 6 6 6 -1 6 32 32 
11 11 3 3 3 3 3 3 3 6 6 6 4 -1 6 -1 6 32 11 40 
32 2 -1 3 3 3 3 3 3 4 6 4 -1 6 6 6 -1 32 11 11 
-1 4 4 3 3 3 3 7 -1 -1 4 -1 6 6 6 4 -1 -1 11 11 
-1 4 4 3 3 -1 4 -1 6 4 -1 -1 6 6 6 9 4 -1 11 -1 
4 -1 -1 4 -1 -1 6 6 6 6 6 -1 4 -1 6 6 9 -1 11 11 
9 34 -1 9 9 8 -1 9 9 9 9 9 9 9 2 -1 2 -1 8 8 
9 -1 -1 9 -1 -1 11 11 9 9 9 9 9 -1 6 6 9 8 8 -1 
6 4 -1 -1 4 9 11 11 9 9 -1 8 8 8 6 6 9 8 8 -1 
6 6 4 -1 4 -1 9 9 9 9 9 9 9 9 4 6 9 9 8 -1 
9 -1 6 -1 4 9 -1 9 11 9 9 9 4 6 6 6 9 9 9 6 
4 4 6 6 -1 -1 -1 11 9 9 -1 -1 9 9 9 9 11 11 9 6 
10 11 11 -1 6 -1 11 11 9 11 11 4 4 4 9 9 9 9 11 9 
10 -1 11 11 6 -1 6 9 9 9 9 9 9 4 -1 6 9 9 11 10 
9 1 1 6 -1 6 -1 6 9 9 9 9 9 9 -1 6 9 2 9 11 
-1 1 1 -1 -1 4 4 -1 9 9 9 9 9 9 9 9 9 11 11 11 
11 1 1 1 4 4 -1 9 41 -1 -1 -1 9 9 3 3 -1 11 11 11 
-1 -1 1 1 -1 9 -1 9 9 -1 3 9 4 -1 9 3 3 11 8 8 
-1 1 1 1 -1 -1 9 9 9 41 -1 4 9 3 3 2 3 2 2 -1 
-1 -1 1 -1 9 -1 9 33 41 9 6 3 6 -1 -1 3 2 3 -1 3 
1 -1 1 -1 -1 6 9 41 9 9 4 4 3 -1 17 2 -1 3 3 1 
-1 1 33 35 6 -1 -1 9 9 9 9 -1 1 -1 -1 -1 3 3 3 1 
1 35 33 35 4 4 4 9 9 9 9 1 -1 1 -1 -1 3 3 3 8 
35 1 35 35 4 -1 6 4 9 9 9 9 1 1 1 8 8 -1 8 3 
-1 35 11 -1 4 4 9 -1 9 9 9 9 -1 9 -1 8 8 2 2 3 
8 -1 -1 9 3 8 9 -1 9 9 9 9 9 -1 2 2 -1 2 2 8 
9 4 5 6 6 6 -1 9 9 9 6 6 3 9 -1 9 -1 33 33 33 
4 -1 4 5 6 6 4 -1 9 -1 6 6 3 9 9 -1 -1 -1 33 33 
4 4 34 34 4 4 -1 9 -1 -1 35 6 6 9 9 -1 -1 -1 8 4 
4 4 -1 -1 4 6 32 34 -1 -1 -1 9 6 9 9 9 9 -1 -1 4 
6 4 -1 -1 6 -1 6 33 33 -1 6 6 9 9 -1 6 9 9 -1 -1 
4 6 6 6 33 -1 6 6 35 6 -1 6 9 9 -1 9 9 9 -1 6 
6 -1 35 6 9 33 35 33 35 6 6 6 -1 9 9 9 9 -1 6 6 
6 11 35 9 33 35 33 35 33 -1 8 8 -1 2 9 9 9 9 6 8 
11 9 -1 9 35 11 3 33 35 35 -1 32 9 9 2 2 9 5 8 6 
11 9 9 -1 9 3 9 35 9 35 9 -1 9 9 2 9 5 9 9 6 
11 11 9 9 9 9 9 9 9 8 8 9 9 9 9 -1 9 9 11 11 
11 11 6 -1 9 9 -1 9 8 9 8 9 10 9 9 9 9 11 9 11 
-1 11 -1 9 9 9 9 9 9 9 9 9 11 9 9 9 9 9 -1 9 
9 9 9 9 9 9 9 9 9 9 9 9 9 11 9 9 9 9 -1 -1 
9 9 -1 9 -1 9 9 -1 -1 -1 9 9 9 9 9 2 2 9 1 9 
9 9 8 9 9 -1 -1 9 9 9 -1 9 9 11 11 -1 9 9 9 9 
9 9 8 8 -1 8 9 9 9 9 11 11 -1 9 11 11 11 9 9 9 
9 8 9 8 8 9 9 33 33 9 -1 9 11 9 41 -1 4 6 9 9 
35 35 9 8 8 -1 9 -1 -1 9 9 9 33 41 9 -1 9 9 6 33 
35 9 9 5 6 6 9 -1 -1 9 6 9 33 33 9 9 33 9 9 33 
1 10 9 10 9 9 9 -1 9 9 5 9 9 9 9 3 9 9 9 3 
1 -1 10 9 9 9 9 9 -1 9 9 5 9 9 -1 3 -1 9 9 3 
9 1 9 9 9 9 9 9 9 -1 5 -1 9 41 9 33 -1 9 9 -1 
9 9 9 9 9 -1 10 -1 9 9 9 -1 9 9 9 33 33 33 9 9 
9 9 9 -1 9 -1 -1 9 9 5 9 9 9 11 -1 11 3 33 33 9 
9 9 9 9 9 9 9 9 9 9 9 9 9 2 -1 3 3 -1 9 9 
9 9 9 9 9 9 9 9 9 9 -1 -1 3 -1 11 11 9 3 -1 9 
9 -1 9 9 9 9 10 9 9 -1 9 -1 11 11 9 3 11 3 3 11 
-1 11 9 9 9 -1 9 10 9 -1 9 9 -1 9 11 -1 -1 3 11 35 
9 11 9 9 -1 9 11 9 32 3 9 5 -1 11 11 11 3 3 3 3 
9 9 9 9 -1 32 11 11 11 5 9 1 -1 4 4 3 11 3 3 9 
-1 3 3 -1 32 -1 38 11 3 5 5 5 5 -1 9 5 9 -1 -1 9 
9 9 3 9 9 33 33 33 1 -1 5 5 5 5 5 5 9 9 -1 9 
-1 6 9 3 3 3 8 5 33 -1 7 -1 -1 5 5 9 9 9 9 9 
6 9 9 3 8 8 8 -1 7 7 7 5 11 11 5 -1 6 9 9 -1 
9 8 9 9 9 9 -1 9 9 -1 5 -1 11 -1 -1 9 9 9 9 6 
6 10 11 9 11 -1 8 38 5 5 5 11 11 11 9 9 9 -1 9 4 
34 11 11 11 11 9 4 8 5 5 5 5 11 -1 11 8 9 9 9 4 
9 9 11 -1 -1 9 6 6 -1 5 9 4 4 9 9 8 9 9 9 9 
3 11 11 9 9 9 -1 9 6 9 9 -1 9 4 9 9 9 9 9 -1 
33 5 33 33 10 8 9 9 9 9 9 9 9 9 -1 32 -1 1 -1 1 
5 5 5 5 10 9 9 -1 8 9 9 9 34 32 9 32 1 1 1 5 
9 9 5 5 -1 2 9 10 8 10 10 9 -1 34 32 -1 1 1 1 -1 
3 5 9 -1 10 2 -1 4 10 10 9 -1 4 41 34 1 1 1 1 9 
3 -1 3 3 10 8 10 4 6 4 9 6 41 4 34 -1 9 1 1 3 
3 3 10 10 10 8 4 10 4 6 6 8 41 41 -1 9 9 1 -1 9 
10 10 10 10 10 8 10 4 4 6 6 6 -1 34 9 11 10 10 10 9 
-1 10 10 10 -1 10 -1 4 4 -1 -1 41 41 9 41 10 11 10 10 1 
10 10 10 1 1 -1 3 -1 -1 9 4 4 41 43 10 -1 10 10 10 -1 
9 9 -1 10 11 9 -1 -1 9 9 -1 4 43 41 11 11 11 9 10 9 
9 -1 9 -1 41 41 -1 9 -1 -1 9 11 41 41 9 11 -1 9 42 9 
9 9 9 9 9 9 9 -1 9 9 11 -1 9 -1 11 11 9 42 11 9 
9 9 9 -1 -1 9 9 9 -1 9 9 9 9 -1 8 -1 40 41 9 9 
9 9 9 9 41 41 -1 9 9 9 9 9 9 8 -1 33 41 41 41 41 
9 -1 9 9 9 -1 41 11 9 9 9 9 8 8 41 41 41 41 41 41 
9 9 9 9 9 9 -1 9 9 9 9 9 9 9 8 41 41 41 41 41 
9 9 9 9 9 9 9 9 9 10 -1 32 32 -1 43 43 41 43 9 41 
9 9 9 9 11 11 11 9 9 9 10 10 8 8 -1 9 43 9 9 9 
10 11 11 -1 11 11 32 9 9 9 9 9 9 -1 -1 -1 9 9 9 9 
11 11 11 11 11 -1 9 9 -1 9 9 9 -1 -1 -1 -1 -1 -1 1 9 
-1 9 -1 9 9 9 9 9 33 33 -1 9 9 -1 41 9 9 9 9 9 
9 -1 9 9 9 9 9 9 -1 -1 11 9 11 -1 41 41 -1 9 41 9 
3 9 41 9 9 9 -1 9 -1 11 9 11 9 41 9 41 -1 9 41 41 
41 41 41 41 41 9 9 -1 9 9 9 9 -1 9 41 41 41 -1 41 41 
41 41 41 41 41 -1 -1 9 11 11 11 11 -1 41 41 10 10 -1 -1 -1 
41 41 41 3 33 41 -1 9 2 11 11 -1 9 -1 41 -1 -1 -1 -1 9 
3 3 3 33 41 41 9 2 -1 11 -1 9 9 -1 -1 10 -1 -1 -1 -1 
-1 3 3 33 41 -1 3 9 3 2 2 -1 9 9 9 -1 -1 -1 -1 9 
9 3 3 -1 41 41 9 11 2 3 9 9 9 9 -1 11 -1 -1 9 9 
-1 9 -1 -1 41 -1 9 9 9 9 9 9 9 9 11 -1 -1 -1 9 9 
11 9 9 9 9 -1 9 9 9 9 9 9 9 9 11 -1 -1 9 3 3 
9 11 33 -1 9 9 9 -1 9 -1 9 9 9 9 9 9 9 3 3 3 
9 33 33 -1 9 9 9 9 9 9 9 9 9 9 -1 9 9 9 9 9 
9 9 33 9 9 9 9 9 9 -1 9 9 9 9 9 9 9 9 9 8 
8 9 11 33 9 -1 9 9 9 -1 9 9 9 9 9 9 9 9 9 9 
8 3 11 -1 3 3 9 -1 -1 9 9 9 3 9 9 9 9 -1 9 -1 
-1 -1 3 11 3 11 9 33 9 9 9 9 3 3 -1 9 9 9 9 8 
8 -1 1 11 9 9 9 9 -1 9 9 11 3 3 9 9 9 9 9 9 
9 9 9 9 -1 9 9 -1 -1 9 9 9 11 9 9 9 9 9 -1 9 
9 9 11 -1 9 9 9 -1 33 33 9 9 9 -1 9 9 9 -1 9 9 
8 8 -1 9 9 9 9 -1 9 9 11 11 11 -1 33 9 9 -1 33 8 
9 9 9 9 -1 11 -1 -1 9 9 11 11 -1 33 33 33 9 33 33 -1 
33 33 -1 9 -1 -1 9 -1 -1 9 33 33 -1 33 33 33 33 33 33 33 
33 33 33 8 -1 9 9 9 9 9 33 -1 -1 33 33 -1 -1 33 11 -1 
32 33 -1 8 8 9 9 -1 9 9 9 -1 33 33 33 33 33 11 11 -1 
-1 9 -1 -1 -1 9 32 32 35 11 -1 -1 33 33 33 -1 11 11 33 -1 
-1 9 9 9 -1 -1 35 9 35 3 2 33 33 33 33 33 33 33 33 11 
-1 9 9 9 9 33 9 -1 -1 35 35 -1 33 33 33 33 33 11 -1 -1 
-1 3 3 3 9 41 33 -1 -1 33 33 -1 33 33 33 33 -1 -1 -1 -1 
-1 9 3 -1 9 33 41 11 35 35 11 11 11 41 -1 33 -1 -1 9 -1 
9 9 -1 -1 -1 9 41 35 -1 11 11 11 11 -1 41 -1 9 9 9 -1 
9 9 9 -1 -1 -1 35 9 -1 -1 11 11 -1 9 -1 9 9 -1 -1 -1 
9 9 9 -1 9 -1 -1 33 -1 -1 11 -1 9 9 9 -1 9 9 -1 -1 
-1 9 -1 9 -1 9 8 33 35 -1 -1 9 9 9 9 9 9 9 9 9 
35 9 8 9 9 -1 8 -1 -1 -1 9 9 9 9 9 -1 9 9 9 9 
35 9 9 8 9 8 9 9 -1 11 9 11 9 -1 9 9 9 3 3 9 
11 9 -1 8 8 9 9 9 9 9 -1 3 11 9 9 9 3 9 9 9 
9 8 -1 -1 9 9 8 9 9 9 -1 -1 3 9 -1 9 9 3 9 9 
-1 -1 9 9 9 8 9 9 9 9 -1 11 11 9 3 -1 9 41 8 8 
8 9 9 9 9 9 9 9 9 9 -1 9 11 11 -1 9 41 41 8 -1 
33 33 33 33 33 9 9 -1 -1 33 9 9 -1 -1 11 9 -1 -1 11 9 
8 33 33 33 33 9 11 41 -1 33 9 9 9 9 9 9 9 9 9 8 
33 33 33 -1 32 32 41 -1 33 -1 9 9 9 9 9 9 -1 -1 9 9 
33 33 -1 33 11 11 9 -1 -1 9 9 9 -1 -1 -1 -1 9 35 35 -1 
-1 -1 38 33 9 9 -1 -1 9 9 9 9 9 9 35 -1 35 35 35 9 
9 34 38 9 9 -1 11 9 9 9 9 9 9 -1 35 35 33 33 -1 -1 
33 38 -1 9 -1 11 33 9 9 -1 9 9 9 9 35 33 33 9 -1 33 
9 9 9 9 11 -1 9 32 32 32 32 9 9 9 9 9 9 9 9 9 
-1 9 9 41 9 -1 9 32 32 32 32 9 9 9 9 33 9 9 -1 -1 
41 41 41 9 9 9 9 33 32 32 -1 -1 9 9 -1 9 33 9 -1 41 
9 41 41 9 9 33 33 33 32 32 9 -1 33 -1 9 41 9 9 41 41 
9 41 9 41 9 9 9 33 32 9 -1 9 11 33 41 9 9 -1 9 9 
41 41 33 9 40 9 9 9 -1 9 9 11 -1 -1 9 9 9 -1 9 9 
9 9 -1 9 9 9 9 9 9 9 9 9 9 9 9 9 9 9 9 9 
9 9 9 9 -1 9 9 9 9 9 -1 -1 9 9 9 9 9 9 9 9 
9 -1 9 9 -1 9 9 9 8 -1 -1 -1 -1 9 11 11 -1 9 -1 33 
33 9 9 9 -1 9 5 9 9 8 9 9 9 11 11 -1 9 33 33 9 
33 9 -1 9 41 9 9 8 8 8 -1 9 11 11 11 -1 -1 9 9 9 
33 41 33 -1 9 9 9 9 33 8 9 9 9 11 11 -1 9 10 -1 33 
-1 33 33 9 9 9 9 9 9 9 8 9 9 -1 -1 -1 -1 11 10 -1 
9 9 8 8 33 41 41 41 41 41 41 -1 33 33 -1 -1 33 33 33 9 
32 40 -1 -1 -1 33 -1 41 41 41 -1 33 -1 33 33 33 33 41 33 33 
40 32 40 -1 -1 32 40 8 41 41 33 -1 9 -1 33 33 33 33 33 40 
33 33 32 -1 38 40 32 11 41 41 -1 33 33 33 8 33 33 33 33 40 
-1 33 32 38 40 40 41 41 11 11 10 10 -1 -1 33 41 33 33 9 33 
-1 -1 40 32 38 8 40 41 5 5 5 5 5 5 41 33 33 9 9 9 
40 40 42 40 40 -1 8 1 5 5 5 5 5 5 5 33 -1 33 33 32 
32 32 -1 33 -1 40 8 1 5 7 5 5 5 5 5 35 33 33 33 40 
42 -1 -1 9 40 40 8 -1 7 -1 5 9 5 9 -1 33 33 33 11 11 
42 -1 9 9 -1 -1 8 8 5 5 9 9 9 -1 44 -1 40 40 11 9 
9 9 9 41 41 41 8 41 41 41 9 6 -1 44 33 42 32 32 -1 9 
9 9 41 32 41 41 41 3 -1 9 6 9 9 44 -1 42 -1 7 32 9 
41 9 40 33 41 41 41 3 9 -1 6 6 9 -1 -1 7 7 32 -1 32 
-1 41 41 41 41 9 9 9 33 9 -1 6 -1 -1 7 7 7 7 7 32 
41 41 41 41 41 9 9 9 9 9 33 33 -1 33 -1 7 -1 7 34 -1 
35 35 33 -1 8 41 9 9 9 9 33 33 33 41 33 33 7 7 -1 9 
33 33 -1 8 8 6 6 9 9 -1 43 43 33 40 41 40 -1 -1 -1 33 
33 33 9 8 8 -1 9 9 1 -1 -1 43 33 9 40 33 33 9 33 33 
9 33 8 8 8 41 41 6 1 43 43 33 9 -1 33 33 33 9 9 -1 
9 9 8 -1 -1 41 41 -1 41 43 33 41 33 33 9 -1 33 9 9 9 
42 42 40 42 3 9 9 9 6 6 6 6 6 -1 9 9 9 9 9 34 
9 42 42 3 9 9 9 9 9 6 6 6 -1 -1 9 9 42 9 9 42 
42 42 42 42 42 9 -1 9 9 8 6 33 -1 4 42 42 42 42 -1 42 
42 42 42 42 42 42 42 -1 -1 8 -1 35 33 33 4 42 42 34 42 42 
42 42 42 42 3 42 33 11 -1 8 8 -1 33 33 -1 42 42 34 34 42 
-1 6 42 33 33 33 33 11 11 6 11 -1 -1 33 33 42 4 34 -1 42 
5 6 -1 2 2 33 33 33 11 11 6 -1 3 33 33 -1 42 -1 -1 42 
6 6 -1 2 -1 34 34 33 33 9 6 3 3 3 33 33 42 -1 42 6 
2 -1 -1 9 9 33 34 41 4 9 9 6 32 -1 33 33 33 -1 42 2 
-1 2 2 9 34 34 34 11 9 9 -1 6 32 32 32 33 33 33 42 42 
-1 2 -1 9 9 41 34 9 11 9 32 32 32 32 33 33 33 33 -1 -1 
-1 -1 9 -1 9 34 41 34 9 11 42 -1 9 9 32 8 -1 -1 -1 2 
9 9 -1 41 41 -1 9 34 -1 42 -1 42 6 9 9 9 9 9 9 9 
9 9 9 -1 -1 -1 41 9 42 9 9 -1 -1 9 9 9 9 9 9 9 
9 -1 9 33 6 41 -1 42 9 9 9 9 -1 9 9 9 9 -1 9 -1 
9 9 9 9 11 11 41 42 42 42 -1 -1 9 9 -1 9 1 1 9 9 
4 4 9 9 11 11 34 -1 42 42 42 -1 -1 6 9 9 1 8 -1 -1 
33 41 9 9 9 11 11 6 6 42 42 -1 6 11 9 9 9 9 -1 42 
42 33 -1 9 11 11 -1 6 6 6 42 6 11 1 6 6 9 9 42 42 
42 -1 33 11 3 3 6 -1 6 33 6 6 11 6 1 9 9 9 9 42 
1 -1 -1 -1 34 -1 -1 -1 -1 6 4 4 33 -1 1 33 33 2 2 -1 
1 1 1 10 -1 -1 -1 -1 4 -1 6 -1 -1 -1 1 33 -1 -1 -1 -1 
-1 10 10 -1 -1 6 -1 6 2 4 6 2 1 41 1 1 1 1 -1 1 
3 10 10 6 34 2 6 -1 6 6 2 6 2 41 1 42 1 1 -1 3 
3 -1 -1 6 6 34 6 2 2 2 2 -1 41 -1 1 42 -1 1 4 2 
1 3 4 4 4 4 6 2 2 33 6 6 -1 41 41 42 -1 1 -1 2 
1 1 3 4 4 2 -1 6 33 33 33 6 6 1 1 9 9 9 9 -1 
1 1 -1 4 2 4 6 -1 6 -1 6 6 6 6 42 6 4 1 1 1 
41 1 -1 2 2 2 6 6 6 6 6 6 6 6 6 1 4 -1 -1 41 
4 4 2 2 4 4 6 6 8 8 8 6 6 -1 -1 6 34 -1 -1 41 
-1 2 2 2 6 -1 6 6 8 8 8 8 6 -1 6 6 34 2 -1 4 
41 41 -1 2 4 6 6 6 6 8 8 8 6 6 -1 34 34 2 -1 41 
41 -1 41 -1 -1 6 6 6 6 8 8 8 6 34 34 34 2 34 34 41 
11 42 4 -1 6 -1 6 6 6 6 -1 6 6 34 34 -1 -1 34 -1 41 
-1 42 2 4 6 6 -1 8 -1 6 6 6 6 6 -1 -1 -1 6 6 11 
42 42 -1 2 6 -1 -1 8 -1 11 6 6 -1 6 6 -1 1 -1 2 -1 
42 -1 6 6 6 -1 8 -1 11 2 -1 6 2 6 6 1 1 1 2 -1 
-1 42 6 6 6 6 -1 -1 2 -1 -1 42 6 1 1 1 2 2 2 -1 
-1 -1 6 6 6 6 -1 -1 -1 4 42 42 33 33 1 1 -1 1 2 -1 
1 6 -1 6 6 34 -1 -1 -1 42 6 -1 4 6 33 33 1 -1 -1 -1 
-1 1 1 1 1 1 -1 -1 -1 -1 8 44 -1 -1 -1 -1 8 8 40 -1 
1 1 1 1 1 8 8 10 1 1 6 40 -1 -1 -1 40 40 40 -1 -1 
1 1 10 -1 8 -1 10 10 -1 1 2 2 2 2 -1 40 -1 -1 -1 1 
-1 2 -1 8 10 10 1 2 2 -1 -1 2 2 2 2 40 40 8 -1 2 
2 10 10 -1 -1 3 3 2 2 -1 -1 2 2 2 2 40 6 6 -1 2 
-1 10 10 -1 -1 -1 3 3 -1 2 2 2 2 40 40 3 3 6 6 2 
6 2 -1 -1 -1 -1 6 3 -1 -1 2 -1 -1 2 2 -1 -1 3 3 -1 
6 -1 -1 -1 -1 44 44 -1 -1 -1 -1 -1 -1 2 2 -1 3 3 3 6 
-1 -1 -1 -1 44 44 44 6 36 -1 -1 -1 -1 -1 2 -1 3 6 3 6 
-1 3 -1 36 -1 44 4 44 6 36 1 6 -1 2 8 -1 8 3 3 -1 
3 -1 -1 -1 -1 4 4 44 6 6 1 6 2 32 8 8 3 3 3 6 
6 6 6 6 -1 4 4 1 4 1 1 1 32 8 32 32 1 3 3 3 
6 6 6 6 6 1 8 4 1 1 -1 1 -1 6 -1 1 1 1 -1 6 
6 3 3 3 6 1 8 4 4 1 -1 1 1 7 1 -1 1 1 6 6 
1 1 1 1 -1 8 4 4 -1 4 1 1 -1 1 1 2 -1 -1 -1 1 
-1 1 1 1 -1 -1 8 -1 4 -1 -1 -1 1 1 1 -1 2 -1 9 9 
1 6 1 1 8 1 -1 8 -1 4 6 -1 -1 -1 1 1 9 9 -1 1 
6 1 6 6 6 6 6 -1 -1 -1 6 6 44 44 44 -1 9 9 1 9 
1 1 1 1 -1 1 -1 -1 1 1 44 -1 44 32 72 72 -1 1 1 1 
-1 -1 1 -1 -1 -1 1 -1 1 1 8 -1 44 72 72 72 72 8 1 1 
1 -1 -1 1 1 1 7 7 7 1 -1 -1 -1 -1 6 6 6 6 6 -1 
7 -1 1 1 1 1 -1 7 7 -1 1 1 6 -1 6 2 1 6 -1 7 
7 1 1 -1 1 1 1 1 -1 1 6 6 -1 -1 1 1 1 1 6 1 
7 6 6 -1 72 1 1 1 1 1 1 -1 6 2 1 1 1 1 6 1 
1 1 1 1 -1 1 1 1 -1 3 1 1 -1 2 -1 1 1 -1 1 6 
1 1 -1 1 32 -1 1 -1 -1 3 -1 1 -1 -1 -1 -1 1 1 1 1 
1 1 -1 1 1 1 1 1 3 -1 3 3 1 3 1 1 -1 1 1 1 
1 1 -1 -1 1 1 2 2 1 -1 -1 -1 2 3 1 1 1 -1 -1 1 
-1 -1 1 7 7 1 2 2 2 1 2 1 3 3 3 1 1 -1 1 8 
8 1 1 1 7 2 2 2 -1 2 2 -1 3 -1 3 1 1 1 8 -1 
1 1 -1 1 2 2 2 1 2 1 2 -1 -1 1 1 1 1 1 8 8 
44 -1 -1 1 1 -1 2 1 1 -1 2 -1 11 1 -1 1 1 1 1 1 
-1 -1 6 1 1 1 -1 1 -1 1 -1 -1 11 -1 11 1 -1 1 1 44 
-1 6 6 1 -1 -1 1 1 1 -1 -1 11 -1 11 1 1 1 3 3 -1 
-1 -1 6 -1 -1 -1 -1 1 1 -1 2 2 11 11 1 1 6 3 3 -1 
-1 1 6 6 -1 -1 1 -1 -1 1 2 2 -1 -1 -1 6 32 -1 3 -1 
-1 -1 6 6 6 1 8 2 2 -1 2 -1 -1 -1 1 -1 -1 -1 6 -1 
6 -1 1 1 -1 -1 8 1 -1 2 2 2 -1 1 -1 6 6 6 6 -1 
1 1 1 1 1 -1 1 1 -1 2 2 2 -1 1 6 6 6 6 6 6 
-1 -1 -1 -1 1 1 -1 1 1 2 -1 -1 6 6 6 9 -1 6 6 1 
-1 -1 1 1 1 1 1 -1 1 1 1 -1 1 -1 -1 -1 1 1 1 -1 
1 1 1 -1 1 1 1 1 -1 1 -1 -1 2 2 -1 1 -1 1 1 1 
1 -1 -1 1 1 -1 1 1 -1 1 1 -1 -1 -1 1 -1 -1 1 1 1 
1 1 -1 1 1 1 1 -1 1 1 -1 1 1 1 -1 1 -1 1 1 1 
1 -1 -1 1 1 -1 -1 1 1 1 1 -1 1 1 1 -1 1 -1 -1 -1 
-1 1 1 1 1 -1 1 1 1 -1 1 -1 -1 -1 -1 1 2 1 1 1 
1 -1 -1 1 1 1 -1 1 1 1 1 -1 -1 -1 -1 -1 1 2 2 -1 
1 -1 -1 -1 -1 -1 -1 1 1 1 -1 -1 -1 -1 1 3 1 1 1 -1 
-1 -1 7 -1 3 -1 -1 1 1 1 1 -1 -1 -1 3 -1 1 2 1 1 
-1 3 7 1 3 1 7 -1 1 1 -1 -1 -1 1 1 1 -1 -1 -1 1 
-1 -1 3 -1 3 1 7 -1 -1 1 -1 1 1 1 1 1 1 1 1 1 
2 -1 3 3 1 1 -1 1 1 -1 1 -1 1 1 7 1 -1 1 1 1 
1 -1 3 -1 1 1 -1 1 1 1 1 -1 1 7 1 -1 -1 1 1 -1 
-1 1 3 3 3 1 1 1 1 -1 7 7 7 7 -1 1 1 1 -1 -1 
1 -1 -1 -1 6 3 3 1 1 1 1 1 7 7 1 -1 -1 -1 -1 1 
1 1 6 -1 3 6 6 1 6 1 -1 -1 1 -1 3 7 7 1 1 1 
3 3 1 -1 6 -1 -1 6 6 -1 1 -1 1 1 -1 3 1 -1 1 3 
1 3 3 6 6 6 6 6 6 1 1 1 1 -1 7 -1 1 7 1 1 
1 1 6 3 6 6 1 1 1 1 -1 -1 1 1 1 1 7 1 -1 1 
1 1 -1 -1 1 1 1 1 1 1 -1 1 1 1 -1 -1 -1 1 1 1 
1 1 -1 1 1 1 1 1 1 7 7 -1 1 -1 -1 1 1 1 1 1 
1 1 1 1 1 1 1 7 3 7 7 1 1 1 -1 1 -1 1 1 1 
-1 -1 -1 -1 -1 1 1 -1 7 1 1 7 1 1 -1 -1 1 1 1 1 
-1 -1 -1 -1 -1 3 7 3 1 1 1 1 -1 1 -1 -1 -1 1 1 -1 
-1 -1 -1 -1 1 -1 3 3 1 3 3 1 -1 1 1 1 1 -1 1 -1 
1 1 1 3 3 -1 5 -1 3 3 1 3 3 -1 1 1 1 -1 1 1 
1 1 1 -1 3 3 5 5 5 3 3 3 3 -1 -1 -1 -1 1 1 1 
1 -1 -1 -1 3 -1 -1 -1 9 3 3 3 -1 -1 -1 -1 -1 -1 -1 1 
1 1 3 3 3 3 -1 3 3 3 3 3 -1 -1 -1 -1 -1 -1 -1 1 
1 1 -1 3 3 -1 3 3 3 3 -1 3 -1 -1 -1 -1 -1 1 1 -1 
1 1 3 -1 3 -1 -1 3 3 1 -1 1 1 -1 -1 -1 -1 1 1 1 
-1 1 1 1 -1 -1 -1 1 1 1 -1 -1 -1 1 -1 1 -1 1 -1 -1 
-1 3 1 -1 -1 1 1 3 1 1 3 1 1 1 -1 1 -1 1 1 -1 
-1 1 1 -1 -1 3 1 1 3 3 3 1 1 1 1 -1 -1 1 -1 -1 
-1 2 -1 -1 -1 1 -1 3 -1 -1 3 1 -1 -1 -1 1 1 1 1 -1 
-1 -1 2 -1 -1 -1 1 1 1 -1 -1 3 1 1 -1 1 7 1 -1 -1 
-1 -1 2 -1 -1 -1 1 -1 1 1 1 1 1 6 -1 -1 7 7 -1 -1 
1 -1 -1 -1 1 1 1 -1 1 -1 1 1 1 1 6 -1 7 -1 -1 -1 
1 1 1 -1 1 1 1 1 3 1 1 1 -1 -1 1 1 1 -1 -1 -1 
-1 1 1 -1 1 1 1 1 1 1 1 1 -1 1 1 1 1 1 -1 -1 
1 9 1 1 7 9 9 -1 9 9 3 3 3 -1 3 -1 1 9 9 -1 
1 1 9 9 -1 -1 8 9 8 -1 8 8 -1 9 -1 -1 1 -1 1 -1 
1 1 -1 1 8 9 -1 8 3 8 8 -1 9 9 9 9 2 9 1 1 
1 1 1 1 -1 9 1 -1 3 1 8 -1 9 9 9 9 9 -1 -1 6 
1 3 1 -1 9 -1 1 -1 -1 1 1 9 9 9 3 -1 -1 -1 6 1 
1 3 3 -1 1 9 1 1 1 1 1 1 -1 3 3 -1 3 3 -1 -1 
3 3 -1 1 1 1 1 1 1 1 1 1 9 3 1 3 9 3 3 -1 
-1 -1 3 3 -1 -1 -1 -1 1 1 -1 9 3 3 3 1 3 9 9 9 
9 3 9 3 -1 -1 -1 1 1 1 1 1 -1 3 -1 1 1 -1 9 -1 
3 -1 -1 9 9 -1 -1 -1 -1 1 -1 1 3 1 3 3 9 9 -1 9 
3 3 -1 -1 9 9 -1 -1 -1 -1 1 9 -1 1 3 -1 9 3 -1 -1 
3 -1 -1 9 9 9 1 1 1 1 1 1 1 1 3 -1 9 3 3 5 
3 3 3 3 -1 -1 1 1 1 1 1 1 1 -1 -1 3 1 1 5 3 
3 3 3 3 3 -1 -1 1 1 1 1 1 1 -1 -1 3 1 3 3 -1 
3 3 3 3 3 -1 1 1 1 1 1 1 1 1 1 7 3 3 9 9 
-1 -1 3 3 3 -1 1 -1 -1 1 1 1 1 1 -1 -1 9 -1 9 3 
9 -1 1 1 3 3 -1 -1 -1 1 11 -1 11 1 9 9 -1 9 9 9 
1 1 1 1 11 9 3 9 9 9 1 11 7 3 9 9 -1 9 9 9 
1 1 1 1 1 9 9 9 9 1 9 7 -1 3 9 -1 9 9 -1 9 
-1 1 1 1 -1 -1 9 9 9 -1 9 -1 -1 2 2 9 9 9 9 9 
-1 9 9 3 9 9 -1 3 -1 3 3 -1 3 3 3 3 9 2 3 3 
3 3 3 9 9 -1 3 3 3 3 3 11 3 -1 3 3 2 2 3 3 
-1 3 9 9 -1 9 9 3 3 3 11 11 -1 3 3 9 3 -1 3 3 
9 3 -1 9 9 3 9 3 3 3 -1 11 3 3 3 -1 -1 -1 3 -1 
3 3 3 1 -1 9 -1 -1 -1 5 5 -1 -1 -1 3 -1 9 3 3 3 
3 3 -1 1 3 3 -1 6 6 -1 9 11 11 11 11 3 -1 9 3 3 
9 -1 -1 1 1 6 6 -1 -1 -1 9 11 11 11 11 3 6 -1 9 3 
-1 -1 1 -1 6 6 6 1 -1 1 1 3 11 11 3 9 9 9 9 -1 
-1 -1 9 1 1 -1 1 1 1 1 1 11 11 11 -1 9 9 9 9 -1 
2 -1 9 1 1 6 -1 1 1 -1 9 11 3 11 11 9 -1 8 9 9 
8 8 9 -1 -1 -1 6 1 -1 9 2 11 11 11 11 11 9 8 8 2 
9 8 -1 -1 -1 -1 1 1 1 1 2 10 -1 11 -1 9 9 9 8 -1 
6 -1 6 6 -1 -1 2 1 1 -1 10 9 9 9 9 9 9 -1 8 8 
6 6 9 9 1 2 3 -1 -1 -1 9 9 9 9 -1 -1 -1 6 8 1 
6 6 9 9 9 9 6 6 -1 3 3 9 9 2 9 -1 -1 8 8 9 
-1 9 9 9 9 9 6 -1 3 3 -1 3 2 2 7 2 2 9 8 8 
7 9 9 9 9 9 -1 6 6 -1 3 7 2 2 -1 -1 9 -1 -1 8 
9 -1 9 -1 5 9 9 6 6 3 -1 2 2 -1 2 9 -1 3 9 9 
-1 9 -1 9 41 41 -1 -1 1 2 -1 2 3 2 2 -1 -1 9 9 -1 
9 9 3 -1 -1 9 41 1 -1 3 -1 3 3 3 2 -1 -1 9 -1 3 
2 9 9 9 9 -1 9 -1 9 9 9 9 9 -1 9 1 1 1 1 2 
3 9 9 9 -1 -1 -1 -1 9 9 -1 9 -1 9 9 9 1 1 -1 2 
2 -1 9 9 9 9 9 9 -1 3 -1 -1 9 -1 9 -1 1 8 -1 2 
9 2 9 9 9 9 -1 -1 -1 9 9 9 9 9 -1 3 3 -1 8 2 
-1 5 2 5 2 9 9 9 -1 2 2 9 9 9 9 9 3 9 9 9 
-1 5 -1 3 9 2 2 9 -1 2 2 2 2 2 -1 9 -1 9 9 9 
3 -1 3 3 -1 -1 2 9 9 10 2 2 2 2 2 9 9 9 -1 -1 
3 5 3 -1 3 2 -1 2 9 9 10 2 9 2 9 9 9 9 9 5 
5 3 5 -1 -1 -1 -1 6 9 10 3 9 2 9 9 9 9 9 9 5 
9 5 9 -1 -1 -1 6 9 2 2 2 9 9 -1 9 9 9 9 9 7 
9 5 -1 -1 -1 5 5 5 2 2 2 2 9 -1 -1 -1 9 -1 9 7 
6 6 5 -1 5 5 5 -1 5 2 2 -1 -1 -1 9 9 6 -1 7 -1 
7 7 5 7 -1 5 7 5 2 -1 2 2 2 9 9 9 7 7 7 7 
7 -1 2 7 7 7 5 2 2 2 2 2 2 9 9 9 9 7 7 7 
-1 -1 -1 7 5 5 7 5 5 -1 -1 1 1 2 -1 9 9 9 7 7 
9 9 -1 7 7 5 5 9 9 -1 -1 1 -1 2 9 9 9 -1 -1 9 
9 9 -1 7 7 7 7 -1 9 9 9 1 -1 1 2 9 9 9 41 41 
9 9 9 9 -1 7 7 7 -1 9 9 -1 1 2 1 9 9 9 9 -1 
9 9 9 -1 -1 7 7 9 9 9 9 -1 9 1 9 -1 9 11 9 3 
3 9 3 3 -1 -1 9 9 9 9 9 9 -1 -1 1 -1 -1 11 1 3 
-1 1 9 1 8 -1 -1 2 -1 6 6 6 6 5 5 2 2 6 6 -1 
-1 -1 5 8 -1 -1 -1 6 -1 6 6 6 2 6 5 2 2 -1 6 6 
6 -1 -1 5 -1 -1 6 6 -1 -1 6 5 2 2 2 7 7 7 -1 6 
-1 -1 5 5 5 5 9 -1 -1 -1 5 -1 -1 5 -1 -1 7 -1 -1 -1 
9 9 9 -1 -1 -1 5 9 -1 5 5 9 -1 -1 5 -1 6 6 6 -1 
-1 -1 -1 9 9 9 9 4 5 5 9 9 9 5 9 5 6 6 -1 -1 
9 9 -1 9 9 9 4 5 -1 5 9 9 9 9 9 9 6 -1 -1 -1 
9 9 9 -1 5 9 5 9 9 5 5 9 9 9 9 9 -1 9 -1 -1 
-1 9 9 -1 9 -1 -1 5 9 5 9 9 -1 9 9 9 -1 9 9 9 
-1 9 1 -1 -1 -1 9 -1 6 6 9 9 9 9 9 9 9 9 40 9 
9 5 9 9 9 10 -1 6 9 9 9 9 9 9 9 9 9 40 40 -1 
9 5 9 9 9 -1 10 9 9 9 9 -1 -1 9 9 9 9 40 40 9 
9 5 9 -1 9 10 9 9 9 9 9 9 -1 -1 9 -1 9 40 40 40 
7 5 -1 8 9 9 9 9 9 -1 9 9 9 -1 9 9 40 40 7 7 
7 6 9 9 8 6 -1 9 9 -1 6 6 6 -1 -1 -1 40 9 40 7 
-1 7 9 -1 -1 6 9 9 6 6 6 6 9 9 9 -1 40 2 40 7 
3 -1 7 1 6 -1 -1 9 -1 6 6 3 6 2 2 1 7 2 7 7 
7 7 7 6 1 1 2 2 -1 -1 6 6 6 2 2 9 7 7 -1 6 
6 1 1 1 1 1 1 2 -1 -1 6 6 9 2 9 -1 2 6 6 -1 
1 2 1 9 -1 -1 8 2 6 -1 6 6 -1 9 -1 2 2 6 6 6 
-1 9 9 2 2 6 2 2 6 6 6 -1 9 9 9 9 9 -1 -1 -1 
9 -1 9 2 2 2 -1 6 6 6 6 6 9 9 9 9 -1 -1 -1 9 
9 9 -1 9 -1 2 2 6 6 2 2 -1 -1 -1 9 9 9 -1 9 9 
9 9 -1 9 2 6 -1 2 6 2 -1 -1 -1 9 9 9 9 8 9 9 
9 9 9 9 2 2 2 6 -1 2 2 -1 -1 9 9 -1 8 -1 2 -1 
2 9 9 -1 2 6 -1 6 2 2 2 2 2 -1 9 9 9 2 2 6 
2 9 9 9 -1 2 2 2 2 2 2 2 2 -1 -1 9 9 2 6 6 
9 2 6 1 -1 3 2 2 2 6 -1 -1 -1 -1 -1 -1 -1 -1 -1 6 
9 2 1 6 2 -1 -1 3 -1 3 -1 1 1 -1 -1 -1 -1 -1 9 6 
40 9 9 -1 9 2 2 3 3 -1 9 -1 1 8 8 -1 -1 9 9 41 
40 9 9 9 40 9 2 3 -1 9 1 1 8 8 -1 -1 9 -1 40 40 
40 40 40 9 9 40 3 -1 4 -1 9 8 9 -1 -1 8 9 9 40 40 
9 -1 9 -1 -1 4 4 4 4 9 9 2 9 9 9 9 -1 9 -1 40 
-1 9 9 9 40 4 9 40 9 9 9 2 9 9 9 9 9 -1 9 9 
9 9 9 -1 40 4 40 6 -1 3 -1 9 9 9 9 9 9 9 9 -1 
9 9 9 -1 40 40 4 -1 -1 -1 3 -1 9 9 9 9 9 -1 9 9 
-1 9 -1 40 40 40 -1 -1 1 -1 3 9 -1 9 9 9 -1 -1 9 9 
9 -1 9 6 40 2 2 -1 1 1 3 3 2 9 9 -1 -1 -1 9 9 
9 9 9 9 9 40 2 -1 1 6 3 2 -1 -1 -1 9 9 9 9 9 
9 -1 9 9 -1 2 2 2 6 -1 3 -1 -1 9 9 9 -1 9 1 9 
-1 9 9 9 2 9 9 -1 2 2 2 2 2 -1 -1 2 2 -1 -1 -1 
2 9 9 9 9 9 9 2 -1 2 -1 2 2 -1 9 2 9 2 -1 2 
9 9 -1 -1 9 9 2 2 2 2 2 41 2 9 -1 9 9 -1 8 2 
9 40 9 9 -1 9 2 -1 2 -1 -1 2 2 -1 1 -1 -1 9 9 8 
8 8 9 -1 -1 2 2 2 2 -1 -1 -1 2 -1 1 1 9 9 9 -1 
8 -1 8 -1 2 2 2 -1 2 -1 41 41 2 -1 -1 -1 9 9 -1 -1 
-1 8 9 -1 -1 2 -1 2 2 -1 41 2 2 2 1 9 9 -1 9 -1 
8 9 40 9 -1 2 2 8 1 2 2 2 -1 -1 9 1 1 -1 -1 8 
9 8 -1 9 -1 -1 8 1 8 -1 -1 2 2 -1 9 9 8 -1 9 8 
9 9 -1 9 -1 8 8 8 -1 2 2 2 2 2 9 9 8 8 9 9 
-1 9 9 9 8 -1 8 -1 8 -1 2 2 9 9 9 8 -1 9 9 9 
9 9 -1 9 9 9 -1 2 2 -1 2 2 9 9 -1 -1 9 9 9 9 
-1 9 1 1 9 9 9 2 2 2 2 -1 2 9 -1 9 3 9 9 9 
9 -1 1 1 -1 9 2 -1 -1 -1 2 2 -1 2 9 9 9 -1 9 -1 
9 8 8 -1 -1 9 9 2 -1 -1 2 2 2 2 9 8 9 -1 4 9 
8 9 9 -1 8 -1 3 -1 2 2 2 2 2 2 2 9 9 -1 -1 4 
9 8 -1 9 2 2 8 2 2 2 2 2 2 2 -1 9 9 9 4 8 
9 -1 9 9 -1 -1 8 -1 2 2 2 2 2 2 2 2 9 9 4 -1 
9 9 9 8 9 -1 8 8 -1 -1 2 2 2 2 2 -1 9 -1 -1 9 
9 9 9 8 8 2 8 -1 2 2 2 2 -1 2 2 2 -1 2 9 -1 
2 -1 -1 2 3 -1 2 10 2 -1 -1 33 -1 2 2 2 2 2 -1 -1 
2 -1 -1 3 2 2 10 10 -1 -1 33 2 2 2 -1 2 6 2 -1 -1 
-1 -1 -1 -1 2 2 10 -1 10 -1 -1 2 -1 2 2 6 2 -1 -1 -1 
-1 -1 -1 10 10 2 2 9 2 2 2 -1 2 5 2 -1 -1 -1 -1 -1 
-1 -1 10 10 -1 2 2 2 2 2 2 2 2 5 -1 2 2 2 -1 -1 
8 8 -1 -1 2 2 2 2 -1 2 -1 -1 2 2 -1 2 2 2 2 8 
8 -1 8 -1 -1 2 2 2 2 2 2 2 2 2 -1 -1 2 -1 5 5 
8 8 -1 8 -1 2 2 2 -1 2 2 2 -1 2 -1 2 -1 -1 5 -1 
2 2 2 2 -1 2 2 -1 2 -1 2 2 -1 6 -1 2 2 5 -1 5 
5 2 2 2 2 -1 -1 -1 -1 -1 2 2 -1 -1 6 2 6 -1 -1 -1 
2 2 2 2 2 -1 -1 -1 -1 2 2 2 2 2 -1 6 -1 -1 2 2 
2 2 2 2 2 2 -1 -1 2 2 2 -1 2 2 -1 -1 6 -1 2 -1 
2 2 2 2 -1 -1 -1 -1 2 2 2 -1 2 -1 2 -1 2 2 2 2 
-1 2 2 -1 2 -1 -1 2 -1 -1 2 2 -1 -1 2 2 2 2 2 2 
2 2 2 2 -1 -1 2 2 2 1 2 2 2 2 3 2 2 2 2 2 
2 2 2 -1 2 2 2 9 9 1 1 2 2 2 3 3 2 -1 2 -1 
2 2 2 -1 -1 2 -1 9 9 1 1 -1 2 -1 2 -1 -1 3 -1 2 
2 2 -1 2 10 10 9 -1 9 1 1 2 -1 2 2 3 3 -1 2 2 
-1 -1 2 2 10 10 10 2 2 2 2 2 -1 -1 3 15 -1 2 2 -1 
2 -1 10 3 2 10 -1 2 2 -1 2 1 1 2 3 2 -1 2 -1 -1 
2 -1 -1 -1 37 -1 -1 -1 2 2 2 4 2 2 -1 -1 -1 2 2 2 
15 -1 -1 6 37 6 2 2 2 2 2 -1 2 2 2 2 2 15 2 15 
15 15 6 -1 -1 2 2 2 2 2 2 -1 2 2 2 2 15 -1 2 -1 
-1 13 13 2 2 2 -1 2 -1 2 2 2 2 2 2 -1 -1 -1 2 2 
13 13 13 13 13 -1 2 2 -1 2 2 -1 2 2 -1 2 2 6 -1 37 
37 13 2 2 -1 2 -1 2 -1 2 2 2 -1 2 2 2 6 6 37 37 
37 -1 7 2 2 2 2 2 -1 -1 2 2 2 2 -1 -1 6 6 -1 37 
37 7 7 2 2 2 2 2 2 2 2 -1 -1 -1 2 2 -1 -1 2 -1 
-1 45 37 -1 37 -1 -1 13 13 2 -1 2 6 2 6 -1 6 6 2 37 
37 45 -1 37 37 13 13 2 13 2 -1 -1 2 6 6 2 -1 15 15 15 
-1 37 37 13 37 13 2 2 2 -1 -1 2 -1 6 2 6 -1 2 3 37 
5 -1 37 37 -1 13 2 2 2 -1 2 -1 -1 2 6 2 -1 3 3 5 
2 5 -1 37 37 37 37 -1 2 2 2 2 2 3 2 -1 2 5 3 2 
3 2 5 3 3 2 2 2 -1 2 2 1 3 2 -1 -1 -1 2 5 -1 
2 2 -1 2 37 3 2 -1 -1 -1 1 -1 2 6 2 6 -1 5 5 2 
5 2 -1 2 3 3 3 3 -1 1 2 2 13 13 6 -1 -1 5 2 2 
5 5 3 3 3 5 3 -1 2 2 2 2 2 6 13 -1 2 2 5 2 
5 5 -1 -1 -1 3 5 3 2 -1 2 2 2 6 2 2 -1 2 -1 5 
6 6 5 1 1 5 5 2 3 2 2 2 -1 -1 2 2 2 -1 -1 5 
-1 6 -1 -1 1 13 5 3 2 2 2 2 2 2 -1 2 -1 -1 -1 2 
-1 2 -1 6 2 -1 15 15 15 45 2 2 2 -1 2 15 37 15 -1 -1 
2 2 2 2 -1 13 15 15 15 2 2 -1 2 2 -1 13 2 15 15 -1 
2 2 -1 -1 -1 -1 15 13 -1 2 2 -1 6 33 2 2 -1 15 2 2 
2 -1 -1 2 2 -1 13 13 13 -1 2 33 6 -1 2 2 -1 -1 15 2 
2 -1 2 2 -1 13 6 2 2 -1 -1 33 -1 2 15 -1 -1 -1 2 2 
-1 2 2 2 -1 2 33 2 2 2 33 -1 33 33 15 -1 -1 -1 2 2 
2 -1 2 -1 2 2 2 33 6 5 -1 33 -1 -1 -1 45 45 45 -1 2 
3 -1 -1 2 1 2 33 -1 6 2 -1 33 33 -1 45 45 -1 7 45 7 
3 -1 7 45 7 1 -1 33 33 13 13 33 -1 -1 45 -1 -1 45 45 3 
7 7 7 7 2 7 7 -1 2 2 13 45 -1 45 5 -1 -1 7 7 7 
7 7 5 7 7 -1 7 -1 -1 13 45 45 5 -1 45 5 -1 7 7 1 
7 5 5 5 7 -1 -1 7 -1 33 -1 -1 45 5 7 5 5 -1 1 7 
5 5 45 13 7 5 5 33 33 7 -1 -1 3 7 5 5 -1 5 5 -1 
5 5 13 2 -1 7 33 -1 7 -1 7 7 -1 3 -1 7 -1 -1 -1 5 
5 5 13 -1 15 15 6 2 -1 3 7 7 7 -1 3 -1 7 3 -1 -1 
5 5 -1 6 41 6 6 13 13 13 13 7 7 7 -1 7 3 -1 -1 -1 
5 6 6 -1 6 6 6 -1 2 2 13 13 7 -1 -1 3 13 13 -1 5 
5 5 6 6 -1 6 -1 6 2 13 13 13 13 3 3 2 3 3 13 5 
-1 -1 2 2 2 -1 6 45 2 -1 2 2 3 -1 2 -1 37 15 13 -1 
-1 -1 2 6 -1 6 -1 45 45 2 2 -1 -1 2 -1 37 15 -1 15 -1 
