7 2 14 8 7 -1 7 7 7 -1 6 7 -1 6 3 3 7 7 7 -1 
-1 2 8 2 14 7 7 7 -1 6 7 7 -1 -1 6 6 -1 7 -1 7 
-1 7 2 14 14 7 -1 7 3 7 6 7 7 -1 -1 6 7 -1 7 -1 
7 7 14 14 14 12 12 -1 7 7 5 5 7 2 7 7 -1 -1 7 7 
-1 -1 14 14 14 14 14 7 7 7 5 5 7 7 7 -1 -1 45 45 45 
-1 14 45 14 14 -1 -1 7 37 7 5 5 -1 7 7 -1 -1 7 45 45 
2 2 45 45 45 6 6 37 -1 37 37 37 -1 7 7 7 -1 7 7 -1 
7 45 2 -1 -1 13 -1 -1 37 43 37 15 15 7 7 7 7 7 7 2 
-1 7 3 -1 -1 41 13 -1 41 37 37 37 13 13 -1 -1 7 7 5 5 
-1 7 7 -1 -1 -1 13 -1 37 -1 7 37 7 -1 7 7 -1 7 7 -1 
-1 -1 -1 7 7 -1 41 41 7 7 37 7 13 7 -1 7 7 6 7 -1 
7 7 7 7 -1 -1 -1 7 7 7 7 7 13 13 -1 -1 13 6 -1 7 
7 7 7 7 7 -1 -1 -1 7 7 7 -1 13 45 13 13 7 2 13 -1 
37 13 13 7 7 37 45 37 -1 37 6 -1 45 45 13 7 13 7 13 7 
37 7 13 7 37 45 7 45 37 13 6 6 -1 2 13 13 3 7 7 7 
7 37 -1 37 37 37 37 13 13 13 6 6 2 3 3 3 -1 3 13 5 
7 7 37 -1 -1 7 13 7 13 7 -1 -1 2 3 3 -1 -1 -1 3 5 
7 7 14 -1 -1 7 7 -1 7 -1 -1 -1 -1 -1 7 3 13 7 7 41 
14 14 2 2 -1 -1 -1 7 -1 -1 -1 6 6 6 3 13 13 7 13 7 
7 7 14 2 -1 7 7 -1 -1 -1 7 -1 6 6 -1 3 7 14 -1 7 
7 5 5 7 5 7 7 7 45 7 3 3 3 7 7 -1 5 5 5 5 
5 5 5 -1 5 5 7 7 7 5 3 3 3 7 7 5 5 5 5 7 
7 5 5 1 1 5 7 7 7 7 5 6 3 3 7 7 5 5 5 -1 
-1 5 1 1 -1 -1 6 7 7 5 6 3 3 7 3 -1 3 5 5 5 
5 -1 -1 -1 13 13 7 7 3 3 3 7 5 3 7 7 -1 3 5 5 
7 -1 -1 -1 13 13 3 41 3 -1 7 6 3 3 3 3 3 3 7 7 
-1 7 7 -1 7 7 41 3 7 7 -1 3 6 3 3 3 3 3 -1 7 
7 7 3 7 7 7 3 -1 -1 7 7 2 6 6 3 7 3 7 2 2 
40 2 2 7 -1 3 -1 3 -1 7 7 6 1 3 7 3 3 7 -1 -1 
2 2 7 7 5 -1 3 3 -1 -1 1 3 2 7 7 7 7 7 7 3 
-1 2 -1 5 5 13 3 3 -1 6 3 1 -1 7 7 3 7 3 3 7 
7 -1 -1 5 5 13 3 2 -1 3 3 1 -1 3 7 7 3 3 3 7 
5 7 5 5 13 5 -1 2 3 5 3 3 7 3 6 6 -1 3 7 7 
7 5 -1 5 5 -1 6 -1 5 3 7 3 3 7 3 3 -1 6 6 7 
6 -1 5 5 5 6 7 -1 7 5 7 7 7 7 -1 -1 7 7 7 7 
6 -1 5 5 -1 5 7 7 7 5 3 7 7 7 7 -1 -1 7 7 -1 
5 7 -1 -1 -1 5 5 5 3 5 7 7 -1 7 -1 5 7 5 7 7 
-1 5 -1 7 5 5 5 3 5 7 7 7 5 5 -1 5 5 7 1 -1 
-1 5 7 7 7 5 5 7 5 7 7 7 7 5 5 5 3 5 5 5 
7 7 7 7 -1 7 5 45 5 7 -1 7 7 5 5 5 3 5 5 5 
7 7 1 1 -1 7 5 -1 6 5 7 5 5 5 5 5 5 5 -1 -1 
7 1 1 1 1 5 5 -1 6 7 5 5 5 32 32 5 5 7 7 5 
7 1 1 1 1 -1 1 5 6 6 5 5 5 7 7 5 5 5 5 7 
7 7 5 5 5 1 5 5 5 6 3 5 -1 7 7 5 5 5 5 5 
-1 5 5 1 1 -1 -1 -1 5 3 6 5 3 5 3 5 5 5 5 5 
1 5 5 1 1 -1 -1 7 7 7 3 7 7 5 6 -1 -1 5 5 -1 
1 1 1 1 -1 -1 7 7 5 3 5 -1 6 6 3 -1 -1 5 5 1 
5 1 1 7 7 7 7 7 5 5 -1 6 -1 6 6 -1 -1 7 1 7 
7 7 7 7 5 5 7 5 5 5 6 6 6 6 6 -1 5 7 5 5 
-1 33 7 5 5 -1 5 7 5 5 5 7 7 7 -1 6 6 5 5 5 
7 7 5 5 7 5 7 5 5 7 5 7 -1 6 6 7 -1 7 5 -1 
7 7 7 5 7 5 5 5 40 7 7 7 7 7 6 -1 7 7 7 7 
-1 7 7 7 -1 -1 5 5 40 -1 6 7 7 5 -1 7 5 6 -1 7 
7 7 7 -1 7 -1 5 5 7 5 7 6 -1 5 5 3 6 7 -1 7 
7 3 7 6 6 -1 5 -1 5 7 2 6 6 6 6 6 7 7 7 7 
7 7 7 3 6 5 -1 5 5 7 7 2 7 -1 6 6 7 7 7 -1 
-1 -1 5 1 5 6 5 7 5 5 7 7 7 7 7 7 7 7 7 7 
3 3 5 5 1 5 5 7 5 7 -1 7 7 7 7 7 7 7 7 7 
5 1 5 -1 5 5 5 5 -1 5 7 7 -1 7 5 6 6 7 -1 5 
1 5 -1 -1 7 -1 5 5 5 7 7 7 5 7 5 5 5 -1 -1 -1 
7 7 -1 3 7 7 -1 7 7 7 7 7 7 7 7 -1 -1 1 1 7 
7 7 7 3 7 7 7 7 5 7 7 7 7 7 7 -1 5 1 -1 7 
7 7 7 7 3 7 7 7 7 5 5 5 7 7 7 7 1 5 6 6 
7 7 7 7 7 7 7 -1 7 5 5 -1 7 7 7 7 5 -1 6 7 
7 7 -1 7 7 7 7 7 7 5 7 7 7 5 7 7 1 6 7 7 
7 -1 -1 7 7 41 7 7 5 7 7 7 -1 7 7 1 1 7 -1 6 
7 3 41 41 41 41 7 -1 7 7 7 7 7 7 1 1 7 1 5 1 
7 5 7 41 41 41 7 7 7 7 7 7 1 1 7 1 1 1 1 7 
7 5 5 5 41 7 -1 7 7 7 7 6 6 1 1 -1 1 1 1 1 
1 1 7 5 7 41 7 7 7 3 3 5 7 7 1 1 1 -1 -1 1 
7 7 1 1 7 7 7 7 7 7 7 7 7 7 7 7 1 1 1 1 
1 1 7 7 7 7 7 7 7 6 6 7 7 7 1 1 1 1 1 7 
5 5 6 7 7 7 7 7 6 6 7 7 7 1 7 7 1 1 1 1 
5 7 7 6 7 7 7 7 5 7 7 6 7 7 7 -1 -1 -1 -1 1 
1 5 -1 7 7 7 7 5 40 7 -1 7 7 7 7 7 7 7 1 5 
7 1 5 7 7 -1 5 5 -1 -1 -1 6 7 7 7 7 7 1 1 1 
1 7 6 7 5 5 7 -1 5 7 6 5 6 7 7 7 7 1 1 1 
1 1 6 7 7 -1 7 5 5 7 7 5 7 7 7 7 1 1 1 1 
1 7 7 1 7 7 7 7 7 7 7 7 7 7 -1 1 1 -1 1 1 
7 7 -1 3 1 7 7 7 5 7 7 7 7 7 7 -1 -1 1 7 7 
7 7 7 7 7 7 5 7 7 5 7 7 5 5 7 5 7 7 7 5 
7 -1 7 5 7 5 7 5 7 7 7 7 5 5 7 7 7 7 7 7 
7 7 7 7 5 5 7 5 5 -1 7 7 5 5 7 7 7 7 7 7 
7 7 -1 7 7 5 7 5 5 -1 7 7 7 7 7 7 7 7 7 5 
7 -1 7 7 7 7 7 -1 5 7 7 7 7 7 1 7 7 7 -1 5 
7 7 7 7 7 7 7 6 6 7 7 7 7 1 7 3 -1 7 5 5 
7 7 7 7 7 7 5 7 5 5 7 7 7 6 7 3 7 7 7 7 
7 -1 7 7 7 7 5 5 7 1 7 -1 7 5 7 7 3 7 -1 7 
-1 7 7 7 7 3 5 7 -1 1 7 7 7 7 7 7 3 7 7 7 
7 7 7 1 7 1 1 7 7 7 7 7 5 7 -1 7 7 7 7 7 
7 7 7 7 1 1 -1 1 7 7 7 5 7 7 5 7 7 -1 7 -1 
7 7 7 7 1 1 1 1 1 1 7 1 1 1 7 7 7 -1 5 7 
7 7 -1 7 7 1 1 1 7 7 7 7 7 1 7 7 7 5 7 7 
7 7 7 7 7 7 7 1 1 -1 7 7 7 7 7 7 7 5 7 5 
-1 7 7 7 -1 7 7 7 -1 7 -1 7 5 7 -1 7 7 7 7 7 
7 41 41 7 7 7 7 7 7 7 -1 7 7 -1 -1 7 7 7 5 5 
-1 41 7 41 37 7 7 7 7 7 7 7 -1 -1 6 6 5 5 7 5 
7 7 7 6 6 37 7 7 7 7 7 7 7 6 6 5 7 7 7 7 
7 7 7 6 7 6 6 7 7 7 7 7 7 6 5 6 7 7 7 7 
5 7 7 7 7 5 5 5 7 7 -1 -1 7 5 6 6 5 7 7 7 
5 7 5 7 7 7 7 7 7 7 7 7 7 7 7 7 5 5 5 7 
7 7 5 7 7 5 -1 7 7 7 7 7 -1 7 7 7 5 7 5 5 
-1 5 5 5 3 7 7 5 7 7 7 7 7 7 5 7 -1 5 5 5 
-1 5 5 5 3 5 7 5 7 7 5 7 5 7 7 7 7 7 5 5 
5 5 5 5 3 5 5 7 7 5 7 5 7 7 7 7 7 7 7 7 
7 7 5 3 3 7 5 7 5 5 7 7 7 7 7 7 7 7 7 9 
7 7 7 7 7 5 -1 7 7 5 7 -1 7 7 7 7 9 7 9 9 
7 7 7 7 7 7 7 7 7 7 7 7 -1 7 7 7 7 7 7 7 
7 7 7 7 7 7 7 7 7 7 7 7 7 -1 7 7 -1 7 -1 7 
7 7 7 5 5 7 7 7 7 7 7 7 7 7 7 7 7 7 7 7 
7 7 7 7 3 -1 7 7 7 7 7 7 7 7 7 7 7 7 7 7 
7 7 5 3 7 5 5 5 7 7 -1 7 7 7 7 7 -1 7 7 7 
7 7 7 7 7 3 5 5 7 7 7 7 7 7 41 7 7 7 7 7 
-1 -1 7 7 7 -1 -1 5 5 5 6 7 6 7 41 7 7 7 7 7 
7 7 7 7 7 7 -1 5 5 7 7 7 7 -1 7 7 7 7 7 7 
7 7 7 5 7 -1 -1 -1 7 5 6 6 6 -1 7 7 7 7 5 -1 
7 7 7 7 7 7 3 3 5 7 7 6 41 41 7 7 7 7 5 7 
7 -1 7 7 7 4 3 -1 5 5 7 41 7 7 7 7 7 7 7 7 
5 5 7 7 7 7 3 40 7 7 7 7 7 7 7 7 7 7 7 7 
5 5 7 5 7 7 7 7 7 7 7 7 7 7 7 7 7 -1 7 7 
7 7 -1 5 5 7 -1 7 7 7 7 7 5 7 7 7 7 7 7 7 
7 7 7 7 7 7 7 7 7 7 7 -1 5 7 6 7 7 7 7 7 
7 7 7 7 7 7 -1 7 7 7 7 -1 7 -1 7 6 7 7 7 7 
7 7 7 7 7 7 5 7 7 7 7 7 7 6 6 7 7 5 7 7 
7 5 7 5 7 5 5 5 7 7 7 7 7 7 7 7 7 7 7 5 
5 5 7 7 -1 5 5 5 7 7 7 7 7 7 7 -1 5 5 5 7 
5 5 5 -1 7 5 5 7 7 7 7 7 7 7 7 -1 7 5 -1 5 
5 7 5 -1 7 7 5 5 6 7 7 7 7 7 7 7 7 5 -1 5 
7 7 -1 7 7 6 5 -1 7 7 5 5 7 7 5 7 7 5 5 -1 
5 7 5 5 7 7 7 5 7 7 7 5 7 7 5 5 7 7 7 7 
7 5 7 5 5 5 5 7 7 7 7 7 7 5 5 5 5 -1 5 7 
7 7 7 5 7 5 5 7 7 7 7 7 7 7 7 5 5 5 7 5 
5 -1 5 5 7 7 7 7 7 7 7 7 5 5 5 7 5 5 -1 7 
7 5 5 7 7 7 7 -1 7 7 7 -1 7 5 5 5 5 7 7 -1 
7 7 5 5 7 7 -1 7 41 7 41 7 5 7 7 5 5 7 7 7 
7 1 -1 7 7 7 7 4 41 41 32 32 7 7 5 5 5 7 7 7 
7 1 7 7 7 7 7 7 4 32 7 7 7 7 7 5 7 5 7 7 
7 7 -1 7 7 7 7 7 7 32 32 7 7 7 7 7 7 7 7 7 
7 7 7 7 7 5 -1 7 7 32 7 7 7 7 7 7 7 7 7 5 
7 7 7 -1 7 7 7 7 7 7 7 5 5 7 7 7 7 7 7 7 
7 40 7 6 4 6 7 7 7 5 7 7 7 -1 7 7 7 -1 40 7 
7 7 7 7 4 4 7 7 7 7 7 7 7 -1 7 7 7 7 7 7 
-1 40 7 7 7 7 5 7 7 7 7 7 7 7 7 6 7 5 40 40 
-1 40 7 7 7 5 7 5 5 7 6 7 -1 -1 7 5 5 5 5 7 
7 7 7 7 5 7 7 7 7 6 5 7 7 7 7 7 5 -1 41 7 
7 7 7 7 1 7 7 5 7 7 7 6 7 7 7 7 7 41 7 41 
7 41 7 7 7 -1 7 7 7 7 7 6 6 6 7 5 5 7 7 7 
7 7 7 7 -1 3 7 7 -1 7 7 7 6 7 7 5 7 7 7 7 
7 3 7 7 3 7 7 7 7 7 7 7 7 7 7 7 7 7 7 7 
7 7 7 5 7 7 7 -1 6 -1 -1 7 7 7 7 7 7 -1 7 7 
7 7 7 7 5 -1 7 6 6 7 6 7 7 7 7 7 7 7 7 7 
7 7 -1 7 7 7 7 6 7 7 7 7 7 2 7 7 7 7 7 7 
7 7 7 6 7 1 -1 -1 7 7 7 7 2 7 7 2 -1 2 7 5 
7 7 7 7 6 1 7 7 7 7 7 -1 7 7 7 7 7 7 7 7 
7 -1 7 6 1 7 7 7 7 7 7 7 7 -1 7 7 7 7 7 7 
7 5 7 7 7 7 7 7 5 2 7 5 7 7 7 7 7 7 7 7 
-1 7 7 7 7 7 7 5 2 5 7 5 7 7 7 7 7 7 7 7 
7 7 7 7 7 7 5 7 2 7 -1 5 7 7 7 7 1 7 7 7 
7 7 5 7 7 -1 -1 7 7 7 7 -1 7 7 7 6 1 5 7 7 
7 7 7 7 6 6 6 7 7 7 5 7 7 7 5 5 -1 40 40 7 
5 41 41 6 7 6 6 6 6 5 7 7 7 5 7 5 5 7 7 5 
7 41 6 7 6 6 6 6 6 7 7 5 7 7 7 7 7 -1 7 -1 
7 7 7 7 7 6 5 5 7 7 7 7 7 7 7 7 7 7 7 -1 
-1 7 7 7 7 7 7 -1 7 7 7 7 5 7 7 7 7 7 7 7 
-1 7 4 7 7 7 7 7 7 7 7 7 5 7 5 7 7 7 7 7 
7 4 -1 5 -1 7 7 7 7 37 37 33 -1 5 5 5 7 7 7 7 
6 6 7 7 7 -1 7 7 7 7 -1 5 33 5 5 5 7 7 7 6 
6 7 7 7 7 -1 7 7 7 7 5 7 5 7 7 7 7 7 7 7 
7 7 7 -1 7 7 7 7 7 7 7 7 5 7 7 7 7 7 5 7 
7 7 7 7 7 7 5 -1 7 5 7 5 7 7 7 7 7 7 5 7 
7 7 7 7 7 7 7 7 7 7 5 7 7 7 7 7 7 7 7 7 
7 7 7 7 7 7 7 7 7 7 7 7 7 5 5 -1 7 7 7 7 
7 -1 7 7 7 7 7 7 7 7 6 7 7 7 7 7 6 7 7 -1 
-1 7 7 7 7 5 7 7 7 7 6 7 7 7 -1 7 7 6 7 33 
7 7 5 5 5 -1 -1 7 7 6 7 7 7 7 7 -1 7 5 33 5 
5 7 7 7 7 5 7 7 7 6 7 7 7 7 7 7 7 33 5 5 
7 7 7 7 7 7 7 7 7 7 7 7 7 7 7 7 7 7 5 5 
5 7 5 5 7 7 -1 7 5 7 7 7 7 7 7 7 7 7 7 7 
7 7 7 7 7 5 7 5 5 5 5 -1 7 7 7 7 7 7 7 1 
5 5 5 6 6 7 6 7 7 7 5 7 -1 5 5 7 7 7 7 -1 
-1 7 7 7 7 -1 7 7 5 3 3 7 4 -1 7 -1 -1 7 7 7 
7 7 7 -1 7 7 5 5 -1 3 -1 -1 4 4 7 7 7 7 7 -1 
7 7 7 7 7 7 5 5 5 7 -1 7 7 7 7 7 7 7 -1 -1 
5 7 7 6 7 6 6 7 5 7 -1 7 7 7 7 -1 7 7 7 5 
-1 7 7 7 6 7 5 6 7 7 7 7 7 7 7 7 7 -1 -1 -1 
7 7 5 7 7 7 7 5 7 7 7 7 7 -1 -1 7 7 7 5 7 
7 5 5 7 5 5 7 7 -1 7 7 7 7 5 7 7 7 7 7 5 
-1 -1 -1 -1 5 5 -1 -1 7 7 7 -1 7 7 7 7 7 7 7 7 
7 -1 -1 -1 7 7 7 7 7 7 7 7 7 7 7 7 7 -1 7 7 
7 7 -1 -1 7 7 7 5 7 7 -1 7 7 -1 7 7 7 7 7 7 
7 7 -1 7 7 7 7 5 5 -1 7 7 7 -1 7 7 7 7 7 7 
7 7 -1 7 7 7 7 7 5 -1 7 5 7 7 7 7 7 7 -1 7 
-1 7 7 7 7 7 -1 5 5 5 1 7 5 7 7 7 7 -1 7 -1 
7 7 7 7 7 7 -1 5 5 -1 -1 1 -1 7 7 7 7 5 -1 -1 
7 7 7 7 7 7 7 7 5 5 -1 7 -1 7 7 5 5 5 -1 7 
7 -1 -1 7 7 7 7 7 7 -1 7 7 7 -1 5 5 5 5 -1 -1 
7 7 7 7 7 7 7 7 7 7 -1 7 7 7 7 5 5 7 7 7 
7 7 7 7 7 7 7 7 7 7 7 7 5 7 5 5 5 7 7 -1 
7 7 7 7 7 7 -1 7 7 7 7 7 7 7 -1 5 7 -1 -1 -1 
7 7 7 7 7 -1 7 -1 5 3 7 7 7 7 7 -1 7 -1 7 7 
7 5 7 5 5 5 5 5 7 7 5 5 5 5 -1 7 -1 -1 6 5 
5 5 5 -1 5 5 7 5 5 7 5 5 5 5 -1 -1 -1 6 -1 -1 
-1 5 5 7 -1 7 7 7 -1 7 -1 7 5 5 5 -1 -1 7 5 7 
5 5 -1 -1 7 7 7 7 5 -1 7 5 7 5 5 -1 4 7 7 7 
5 -1 -1 -1 7 -1 7 -1 7 5 -1 7 7 5 5 4 5 5 5 5 
7 -1 5 7 -1 -1 -1 7 7 7 7 5 5 6 4 4 5 5 5 7 
7 7 5 -1 -1 -1 7 7 5 -1 7 -1 -1 -1 5 5 7 7 7 5 
5 7 33 -1 -1 7 -1 7 -1 -1 7 7 7 -1 7 5 5 5 5 7 
41 7 33 -1 -1 7 7 -1 -1 -1 -1 7 7 7 7 7 -1 -1 7 5 
41 7 6 6 -1 7 7 7 7 6 7 -1 -1 6 7 7 7 7 7 41 
5 7 6 -1 -1 6 7 7 7 7 -1 -1 7 6 -1 5 -1 -1 5 5 
5 7 7 7 7 7 6 7 7 7 7 7 7 -1 5 6 5 5 5 5 
-1 7 7 7 7 7 7 7 7 7 7 4 4 -1 6 -1 -1 5 5 5 
7 7 7 7 -1 7 -1 -1 7 -1 7 4 -1 -1 -1 -1 4 -1 5 -1 
-1 7 7 7 7 7 7 7 7 -1 7 7 6 -1 -1 -1 4 -1 -1 41 
7 7 7 7 7 7 7 7 7 -1 -1 7 -1 6 -1 -1 4 -1 41 41 
7 7 7 1 -1 7 41 5 -1 7 7 5 6 5 -1 5 -1 -1 7 7 
7 7 5 7 7 -1 41 5 5 6 5 5 5 6 -1 -1 7 7 7 7 
-1 5 5 1 7 7 -1 5 -1 5 7 5 5 6 7 7 -1 -1 -1 5 
5 7 7 5 -1 -1 5 -1 5 7 7 5 -1 5 7 7 7 7 7 5 
5 5 5 7 -1 7 7 7 7 -1 7 33 7 -1 -1 7 32 -1 32 -1 
4 5 5 -1 7 7 7 7 7 7 7 7 7 7 -1 -1 -1 -1 32 4 
5 6 -1 7 7 5 7 6 7 7 7 -1 7 -1 -1 4 6 6 4 4 
4 5 -1 -1 7 7 6 6 6 7 7 7 6 6 6 6 6 4 4 -1 
-1 -1 -1 -1 6 7 7 6 6 6 6 -1 6 -1 6 6 -1 -1 6 -1 
-1 -1 -1 -1 6 6 7 6 6 6 4 -1 5 6 -1 7 5 7 6 -1 
7 -1 -1 -1 6 6 6 6 6 6 5 6 -1 -1 7 7 7 5 -1 7 
-1 -1 -1 -1 6 6 6 6 6 5 6 7 7 5 5 5 5 7 7 7 
7 -1 -1 4 6 6 -1 4 4 6 6 7 -1 -1 5 5 5 5 7 4 
5 5 5 4 6 4 4 -1 -1 -1 7 7 7 7 5 -1 -1 7 7 4 
5 -1 -1 4 4 5 5 -1 -1 7 7 7 7 5 5 5 5 7 -1 -1 
5 -1 6 5 -1 5 5 -1 7 -1 7 7 7 5 5 7 7 7 5 5 
-1 5 -1 3 5 5 5 7 6 7 7 7 5 7 7 5 7 -1 5 -1 
5 5 -1 5 5 5 7 7 7 7 5 5 -1 3 5 5 7 5 5 -1 
5 5 5 -1 -1 -1 7 -1 7 7 -1 5 3 3 -1 5 5 5 5 -1 
-1 5 5 -1 3 -1 7 7 7 7 7 7 7 3 5 -1 -1 5 2 5 
-1 5 5 5 5 5 -1 7 7 7 7 7 7 7 7 41 6 -1 5 -1 
5 -1 5 5 -1 5 -1 7 7 7 7 7 -1 41 41 6 -1 -1 -1 5 
7 5 -1 -1 -1 -1 7 7 7 7 7 7 41 33 41 41 6 6 6 5 
5 5 -1 -1 7 -1 7 7 7 7 33 33 33 33 41 32 6 -1 -1 6 
-1 6 6 -1 -1 32 32 7 5 -1 6 4 6 6 5 -1 -1 7 7 7 
-1 6 6 7 7 -1 5 5 -1 -1 7 -1 -1 -1 -1 -1 3 -1 7 -1 
-1 3 -1 -1 7 7 5 7 7 7 7 3 4 3 -1 3 3 7 -1 -1 
6 -1 3 3 7 7 3 7 7 7 7 3 3 -1 -1 3 -1 -1 -1 -1 
3 3 3 -1 1 7 7 7 7 -1 6 7 3 -1 -1 -1 3 -1 -1 3 
6 3 3 3 3 -1 3 -1 -1 -1 6 3 -1 -1 -1 7 3 3 -1 6 
6 3 3 6 3 3 -1 3 3 -1 -1 3 7 4 -1 -1 3 3 6 6 
6 6 7 7 -1 -1 -1 3 3 3 -1 7 7 -1 -1 -1 3 3 -1 6 
5 -1 -1 7 7 6 3 3 3 3 3 3 -1 -1 6 4 5 7 3 -1 
5 4 -1 -1 -1 6 -1 3 2 2 3 3 -1 6 -1 5 4 7 5 5 
-1 4 -1 -1 -1 -1 -1 3 -1 2 5 3 3 -1 6 5 5 -1 5 5 
5 -1 5 -1 -1 -1 -1 6 5 4 5 -1 6 5 5 -1 5 5 5 -1 
5 5 5 7 -1 -1 6 6 6 5 5 6 6 -1 5 5 5 5 5 5 
5 7 7 7 7 -1 -1 6 6 5 7 7 6 6 5 6 -1 5 5 -1 
5 5 7 7 -1 5 -1 6 6 6 7 7 6 -1 5 4 6 4 5 5 
6 5 5 7 6 5 7 6 6 5 5 5 5 5 5 3 3 6 -1 5 
5 5 5 5 -1 -1 5 7 6 7 5 5 5 5 5 6 6 -1 5 5 
5 -1 -1 5 -1 -1 7 7 7 7 7 5 6 6 6 -1 7 -1 -1 5 
-1 -1 5 -1 5 -1 32 7 -1 7 -1 2 6 6 6 -1 7 7 5 5 
7 6 6 -1 -1 32 7 -1 -1 -1 6 6 -1 -1 5 5 7 7 7 -1 
3 -1 6 6 -1 6 6 6 7 1 1 7 7 7 7 3 -1 -1 -1 2 
2 -1 6 6 6 6 6 -1 7 7 7 7 7 -1 3 3 3 3 3 3 
-1 5 6 6 6 -1 6 5 7 7 7 7 7 2 7 3 1 3 3 3 
-1 3 3 -1 -1 6 -1 6 6 6 -1 -1 7 7 -1 -1 -1 7 3 7 
3 3 3 -1 -1 6 6 6 6 -1 7 7 7 -1 7 7 7 1 7 3 
-1 3 3 4 -1 6 6 6 6 3 -1 -1 2 2 7 7 1 7 -1 7 
3 3 3 5 5 7 -1 -1 6 3 3 3 -1 -1 2 1 -1 -1 -1 7 
7 3 -1 5 7 -1 -1 1 -1 -1 3 3 3 2 1 -1 7 -1 7 7 
7 3 3 -1 7 7 -1 6 1 -1 -1 7 7 7 -1 -1 7 -1 7 7 
7 4 4 -1 7 6 1 1 -1 1 3 -1 3 7 7 7 -1 -1 -1 -1 
7 4 -1 -1 7 -1 6 6 1 1 3 3 -1 7 7 7 -1 -1 -1 -1 
-1 -1 -1 -1 3 -1 1 1 -1 3 -1 7 3 7 7 7 7 7 7 -1 
-1 -1 3 -1 3 3 -1 2 1 -1 3 3 7 1 7 7 7 7 7 7 
-1 2 2 3 3 3 2 4 1 1 5 3 7 -1 -1 3 3 3 7 -1 
3 3 2 2 3 3 2 2 4 -1 3 3 -1 -1 -1 3 3 7 3 3 
3 3 3 2 7 3 2 4 4 7 7 -1 7 -1 -1 3 -1 3 5 3 
-1 3 -1 -1 7 7 3 4 -1 7 7 7 -1 -1 -1 -1 -1 5 7 7 
7 -1 -1 3 3 3 7 -1 7 7 7 -1 7 -1 -1 -1 5 7 -1 7 
-1 -1 3 -1 -1 3 7 7 7 7 -1 -1 7 -1 -1 -1 -1 5 -1 -1 
3 -1 -1 -1 6 -1 6 6 7 -1 1 -1 7 7 7 -1 -1 -1 -1 -1 
-1 -1 -1 -1 6 -1 1 -1 6 6 6 3 3 3 3 6 6 6 6 -1 
-1 -1 -1 3 3 3 -1 3 4 4 3 3 3 3 3 6 -1 -1 -1 -1 
-1 -1 -1 -1 3 3 3 5 5 4 3 3 3 -1 -1 -1 -1 -1 -1 3 
3 -1 -1 3 -1 -1 3 5 -1 -1 4 5 5 3 -1 3 -1 -1 3 3 
8 3 3 3 3 -1 5 5 5 5 5 -1 -1 3 3 3 -1 7 7 3 
3 8 3 3 -1 5 5 5 5 -1 -1 2 2 6 6 3 -1 7 7 7 
5 3 -1 5 5 -1 -1 5 5 5 -1 2 2 3 2 3 3 3 -1 -1 
-1 5 -1 -1 5 5 -1 -1 2 5 2 -1 2 -1 -1 3 3 3 3 -1 
5 5 -1 5 5 5 -1 3 2 -1 2 -1 -1 2 -1 -1 -1 3 1 3 
3 -1 -1 1 5 5 3 3 3 -1 2 3 2 2 2 3 -1 -1 -1 1 
-1 -1 -1 -1 6 41 3 2 2 3 -1 3 3 2 2 2 3 1 1 -1 
-1 -1 6 6 6 -1 2 2 2 2 3 3 3 1 -1 2 3 3 1 1 
6 -1 6 6 6 2 3 3 2 2 3 3 1 3 2 1 3 3 6 6 
-1 4 -1 6 2 6 3 3 3 2 2 -1 2 -1 1 -1 2 -1 6 6 
6 4 6 6 -1 -1 -1 3 -1 -1 3 3 -1 -1 1 2 2 -1 -1 -1 
4 6 6 6 -1 2 2 3 -1 3 3 3 -1 -1 1 2 2 -1 6 6 
2 2 6 -1 2 2 3 3 3 6 6 2 3 3 -1 -1 2 2 -1 6 
6 6 6 6 3 3 6 6 3 -1 6 3 3 3 3 3 -1 -1 -1 6 
6 -1 6 -1 3 6 -1 6 3 -1 -1 6 -1 -1 -1 -1 -1 -1 -1 4 
-1 6 -1 6 6 1 -1 1 -1 3 3 -1 6 -1 -1 -1 6 -1 4 6 
7 7 -1 -1 -1 2 2 3 -1 6 3 -1 3 3 2 7 4 -1 3 3 
3 7 3 -1 -1 2 3 3 3 6 -1 3 3 3 2 -1 -1 3 3 -1 
-1 -1 3 -1 -1 3 3 3 -1 -1 3 3 3 2 3 2 -1 3 3 3 
3 7 -1 3 3 5 3 -1 2 2 2 2 -1 3 -1 -1 3 3 3 5 
3 3 -1 -1 3 5 5 -1 2 2 -1 3 2 3 3 3 3 3 3 3 
-1 3 -1 -1 -1 3 3 3 3 -1 -1 3 3 3 -1 -1 3 3 3 3 
-1 3 -1 -1 3 -1 3 -1 3 -1 -1 3 -1 3 3 3 3 -1 2 3 
3 3 -1 -1 -1 -1 3 3 3 -1 -1 2 3 3 3 3 3 3 3 2 
2 3 3 2 3 3 -1 3 3 3 -1 2 2 3 3 3 3 -1 3 -1 
-1 3 2 2 2 2 -1 3 3 3 -1 2 3 -1 2 3 3 -1 3 2 
7 -1 -1 -1 -1 2 2 -1 3 2 3 3 2 3 -1 -1 -1 3 -1 3 
3 7 6 -1 -1 2 2 2 2 -1 5 5 3 -1 2 3 3 -1 3 3 
6 6 -1 7 -1 2 2 2 2 3 3 5 3 3 3 3 3 3 3 6 
-1 -1 7 3 2 -1 -1 3 2 -1 -1 -1 3 3 3 3 3 3 3 7 
-1 3 3 -1 7 -1 3 3 3 -1 -1 3 -1 3 3 3 3 3 3 7 
3 3 -1 3 -1 3 3 3 3 -1 3 -1 -1 3 3 3 3 3 -1 -1 
3 3 3 3 3 3 3 -1 3 3 -1 3 3 3 3 -1 -1 -1 3 3 
3 3 3 -1 -1 -1 -1 3 6 3 3 3 3 3 -1 -1 -1 3 1 3 
7 7 -1 -1 -1 -1 2 6 6 6 6 3 -1 7 7 7 3 3 1 7 
7 7 7 -1 -1 2 2 2 2 6 3 3 -1 3 7 2 4 3 3 3 
3 -1 -1 -1 1 1 1 1 3 3 3 -1 6 3 3 3 6 3 3 3 
3 3 -1 -1 3 3 6 1 3 -1 4 4 -1 6 -1 -1 3 3 -1 -1 
3 3 3 3 3 -1 6 3 3 -1 4 3 3 -1 6 -1 3 -1 3 -1 
-1 7 7 7 -1 -1 -1 6 3 3 -1 3 -1 3 -1 3 3 3 3 3 
7 3 7 -1 -1 -1 -1 -1 -1 -1 -1 -1 3 -1 -1 3 -1 3 3 7 
3 -1 7 1 -1 -1 -1 7 3 3 3 3 3 3 3 6 3 3 3 7 
-1 -1 4 4 1 7 3 3 3 3 3 3 3 3 6 1 1 2 3 3 
-1 4 -1 4 6 6 3 -1 3 3 3 3 3 -1 3 3 1 2 3 3 
-1 -1 4 4 3 -1 3 3 3 3 -1 3 3 6 2 2 -1 2 3 3 
3 -1 -1 -1 4 3 3 -1 3 3 2 2 2 6 6 -1 -1 2 3 3 
-1 2 -1 -1 -1 3 3 3 -1 3 3 -1 3 2 6 -1 2 2 3 3 
2 -1 -1 -1 4 -1 -1 3 3 3 -1 2 2 2 -1 -1 2 -1 3 3 
-1 4 -1 4 2 6 2 3 3 -1 2 -1 2 2 -1 -1 3 -1 -1 3 
-1 -1 4 2 2 2 2 1 -1 6 2 2 3 3 3 -1 -1 3 3 -1 
-1 3 -1 -1 2 3 2 2 -1 -1 6 -1 3 3 3 3 -1 3 3 -1 
-1 3 3 7 -1 7 2 2 -1 3 -1 3 3 3 3 3 -1 3 -1 -1 
3 -1 3 -1 7 3 3 3 -1 -1 3 3 -1 6 3 -1 -1 -1 -1 3 
3 3 3 -1 7 7 3 -1 -1 -1 3 -1 -1 3 6 6 6 -1 -1 3 
3 3 3 3 7 3 6 6 1 6 4 3 3 3 3 6 6 -1 -1 -1 
3 -1 -1 3 1 1 6 1 6 4 4 3 3 3 3 3 -1 6 -1 -1 
7 -1 -1 6 7 7 -1 7 -1 7 7 6 7 -1 -1 -1 -1 2 2 7 
7 7 -1 -1 -1 -1 7 7 7 7 6 7 7 7 -1 -1 -1 -1 -1 7 
7 -1 6 7 7 -1 7 7 7 7 7 7 7 6 6 -1 7 -1 -1 7 
-1 7 7 6 7 7 7 -1 7 7 7 -1 6 -1 2 4 6 -1 -1 7 
-1 7 2 -1 -1 7 7 -1 -1 -1 -1 -1 6 2 6 4 4 -1 6 -1 
-1 2 2 2 7 3 3 7 5 -1 -1 6 2 6 -1 6 4 -1 -1 6 
7 -1 -1 -1 -1 3 7 5 7 -1 7 7 6 2 7 -1 6 6 -1 -1 
7 7 -1 3 -1 3 7 7 5 7 7 7 2 7 -1 7 6 6 2 -1 
-1 -1 -1 -1 -1 7 5 7 7 -1 7 -1 1 7 7 7 7 2 3 7 
7 40 40 -1 -1 -1 5 -1 -1 7 7 7 -1 -1 7 7 -1 3 -1 3 
3 40 7 40 -1 5 3 5 -1 7 7 7 7 -1 -1 7 -1 -1 3 6 
-1 7 7 3 3 5 5 5 7 2 2 7 7 7 7 7 -1 3 6 6 
7 6 7 7 7 -1 -1 -1 -1 2 2 -1 7 7 7 7 7 3 3 6 
6 7 -1 7 7 -1 -1 2 2 -1 3 2 -1 7 7 7 7 7 3 -1 
7 7 7 7 7 -1 2 6 2 2 7 7 1 1 1 7 7 6 6 6 
7 7 -1 7 7 2 2 2 2 2 7 7 1 1 7 7 7 6 -1 7 
7 7 5 6 7 6 2 2 6 6 7 7 1 1 7 -1 6 7 6 -1 
7 7 7 7 6 7 6 3 -1 6 7 7 1 6 6 7 -1 7 7 -1 
7 -1 7 7 -1 6 6 6 -1 6 7 6 7 -1 7 -1 6 7 7 -1 
-1 7 5 7 7 6 -1 6 3 -1 7 6 6 -1 -1 -1 2 6 -1 7 
6 -1 6 -1 -1 6 2 -1 -1 -1 6 2 6 2 -1 7 6 -1 6 6 
6 -1 6 6 2 2 2 6 7 -1 6 2 -1 -1 2 6 6 -1 2 2 
2 -1 6 2 2 -1 2 7 6 -1 -1 -1 2 6 6 6 6 6 6 2 
6 6 6 6 -1 -1 7 7 6 2 7 -1 6 2 6 6 6 6 -1 -1 
-1 6 6 6 -1 2 2 -1 2 6 -1 -1 -1 2 6 -1 -1 7 7 6 
-1 -1 -1 6 6 6 2 -1 6 6 6 6 1 1 1 6 7 6 7 -1 
7 7 3 7 7 2 2 -1 3 6 -1 -1 3 3 6 6 6 7 6 7 
7 7 -1 7 -1 7 3 3 6 2 6 -1 3 6 -1 2 6 -1 7 7 
-1 -1 -1 -1 7 -1 3 -1 6 6 2 6 -1 7 2 2 -1 6 7 7 
7 7 7 -1 6 6 2 -1 -1 6 6 6 6 7 -1 -1 6 7 7 -1 
-1 7 7 -1 -1 3 2 2 -1 -1 6 6 7 7 -1 6 -1 6 6 -1 
1 7 -1 -1 3 39 39 2 2 -1 6 -1 6 7 6 2 6 6 6 6 
1 7 7 -1 7 7 39 -1 -1 -1 -1 7 -1 -1 -1 3 2 -1 6 1 
1 -1 7 -1 -1 -1 -1 39 -1 7 2 2 7 -1 -1 2 7 -1 1 6 
-1 -1 6 6 -1 -1 6 -1 -1 7 -1 2 2 -1 7 7 7 3 -1 3 
3 2 2 6 -1 6 -1 6 -1 -1 -1 -1 2 7 7 2 -1 -1 3 3 
3 -1 3 3 -1 7 6 -1 -1 -1 -1 2 6 7 2 2 -1 -1 -1 -1 
-1 -1 -1 -1 7 6 7 -1 6 6 -1 2 7 7 6 2 -1 3 -1 -1 
-1 -1 -1 7 3 6 2 -1 7 7 6 2 2 6 6 2 -1 -1 3 6 
3 6 6 6 6 2 6 7 7 6 6 6 2 2 6 6 3 -1 2 3 
6 -1 1 -1 3 -1 7 7 -1 -1 7 -1 -1 -1 3 40 7 7 7 7 
5 3 1 1 -1 7 7 7 -1 -1 3 3 7 7 40 -1 7 7 3 5 
3 5 1 -1 -1 7 7 -1 -1 7 2 3 3 7 40 3 3 7 3 5 
5 5 5 1 -1 -1 7 3 7 7 -1 2 3 -1 6 3 -1 3 -1 3 
3 5 5 -1 -1 -1 7 -1 3 7 7 -1 2 6 3 -1 3 -1 3 -1 
6 6 7 7 5 5 7 -1 -1 7 7 7 7 9 -1 3 -1 3 -1 3 
-1 6 -1 7 5 5 -1 3 -1 -1 -1 7 -1 9 3 -1 -1 6 6 3 
6 6 -1 -1 7 5 3 -1 3 7 7 -1 -1 -1 -1 -1 -1 -1 6 6 
6 -1 -1 5 5 3 3 -1 -1 7 7 -1 -1 -1 -1 6 6 -1 6 6 
-1 2 2 5 -1 6 -1 -1 -1 6 7 2 -1 -1 -1 6 6 6 -1 -1 
-1 -1 5 -1 -1 6 6 6 6 -1 6 -1 2 2 -1 -1 6 6 -1 -1 
6 7 7 7 -1 -1 6 6 6 6 6 -1 -1 2 -1 2 -1 6 6 7 
7 -1 -1 3 3 -1 -1 6 6 6 6 6 6 6 2 -1 2 6 6 6 
6 -1 -1 3 3 3 3 -1 6 6 2 2 2 2 -1 2 6 2 6 6 
6 6 3 3 -1 -1 -1 -1 3 6 3 2 2 -1 -1 6 2 2 2 6 
7 6 3 3 -1 3 -1 7 3 3 -1 3 -1 -1 -1 -1 -1 -1 -1 7 
7 7 -1 -1 3 -1 7 -1 3 3 3 3 -1 -1 6 6 -1 7 -1 7 
6 6 -1 -1 3 3 -1 7 7 -1 -1 7 6 6 6 -1 6 -1 7 -1 
-1 6 -1 -1 3 3 7 7 7 7 7 7 7 6 6 6 6 7 -1 -1 
-1 6 1 1 -1 7 7 7 7 7 7 7 7 3 7 40 -1 7 -1 7 
-1 1 1 7 1 -1 1 -1 -1 6 5 3 -1 -1 -1 -1 -1 7 -1 7 
-1 1 5 1 1 1 1 1 6 7 6 7 -1 -1 -1 -1 5 7 7 7 
5 6 6 1 1 1 1 1 7 6 -1 7 6 6 6 5 6 5 7 7 
-1 6 1 -1 1 1 1 7 7 7 6 6 6 6 -1 6 5 -1 7 6 
6 1 1 1 -1 1 7 1 -1 7 6 6 6 6 6 2 -1 7 -1 6 
6 6 1 -1 -1 -1 7 -1 7 -1 -1 6 6 6 6 6 2 -1 6 6 
6 7 6 6 -1 6 6 -1 -1 -1 -1 6 5 6 6 3 2 3 3 6 
7 7 -1 6 6 6 6 -1 -1 -1 6 5 5 3 3 -1 -1 7 7 7 
7 -1 -1 -1 -1 -1 6 3 3 7 7 6 -1 3 3 -1 3 -1 3 5 
7 -1 7 -1 -1 7 5 -1 3 3 7 6 -1 3 3 3 3 5 3 7 
3 7 7 7 7 7 -1 5 -1 3 7 3 -1 3 7 7 -1 -1 7 7 
3 -1 7 7 7 -1 5 14 -1 3 3 3 2 -1 3 3 3 -1 7 3 
-1 7 -1 7 1 14 6 -1 -1 3 3 2 7 7 3 7 -1 -1 7 3 
3 7 -1 -1 14 1 6 -1 -1 3 2 -1 3 5 3 -1 7 3 3 3 
3 -1 7 -1 -1 3 3 -1 -1 -1 -1 -1 -1 3 -1 3 9 7 9 3 
5 5 -1 -1 3 3 3 -1 6 6 -1 -1 3 -1 7 -1 9 9 9 9 
7 -1 -1 3 1 -1 7 1 -1 -1 -1 3 6 -1 7 7 9 9 7 7 
7 5 -1 -1 1 1 -1 1 1 -1 7 7 -1 7 7 9 -1 9 -1 7 
-1 -1 1 1 1 1 1 7 1 -1 7 7 7 -1 -1 7 -1 -1 -1 -1 
-1 -1 -1 1 1 1 1 -1 5 5 5 -1 -1 -1 -1 -1 -1 -1 -1 -1 
7 7 7 7 7 -1 -1 -1 5 -1 -1 7 7 -1 -1 5 -1 5 6 -1 
6 7 7 7 7 7 -1 -1 5 5 7 7 -1 -1 5 -1 5 6 -1 -1 
7 7 -1 6 5 7 -1 7 -1 -1 7 -1 7 -1 7 -1 -1 6 5 5 
-1 -1 -1 6 7 7 7 7 7 7 -1 7 7 3 3 3 5 -1 7 5 
-1 6 6 -1 -1 -1 7 7 -1 -1 7 6 7 7 7 -1 5 5 -1 -1 
6 6 6 6 -1 7 -1 7 6 6 6 6 6 7 7 7 7 -1 5 -1 
6 6 6 3 -1 -1 -1 6 3 7 -1 -1 6 6 7 7 7 7 -1 6 
-1 3 3 3 3 -1 3 3 -1 7 5 6 6 6 6 -1 -1 7 7 3 
3 3 3 3 3 3 3 -1 3 5 5 6 -1 -1 -1 -1 7 7 7 6 
3 3 3 3 3 3 7 5 5 5 -1 7 7 6 7 -1 -1 7 7 7 
7 -1 3 3 -1 5 7 7 5 -1 5 7 7 7 -1 -1 7 7 7 7 
-1 3 -1 3 -1 7 -1 7 7 5 5 -1 5 7 7 7 -1 7 7 7 
-1 6 6 -1 -1 7 7 7 7 7 6 5 -1 7 7 -1 7 7 7 7 
-1 6 -1 7 7 7 7 7 5 -1 5 5 7 5 -1 -1 7 7 6 7 
-1 -1 -1 7 7 7 7 5 7 7 -1 -1 -1 5 5 5 7 6 7 37 
-1 -1 -1 7 7 7 7 7 -1 5 5 5 -1 -1 7 5 5 -1 7 37 
-1 -1 7 7 7 7 7 -1 -1 -1 5 5 -1 5 -1 -1 -1 7 -1 7 
6 7 7 7 7 -1 7 7 7 5 5 -1 5 7 -1 -1 1 1 -1 -1 
7 6 6 -1 7 -1 5 5 -1 5 -1 7 -1 5 7 -1 1 -1 -1 -1 
5 7 7 7 -1 -1 5 5 5 -1 5 7 5 5 7 7 -1 1 -1 7 
6 -1 5 5 5 5 -1 5 5 -1 7 7 3 3 11 11 11 7 6 -1 
6 5 -1 5 5 5 5 -1 5 -1 7 3 3 5 2 11 -1 -1 7 6 
6 6 5 -1 5 5 5 7 7 7 5 -1 5 -1 7 2 11 -1 7 7 
7 -1 -1 5 5 -1 7 5 7 5 5 5 -1 7 7 2 7 6 6 7 
7 5 5 5 5 7 5 5 7 7 -1 7 -1 7 7 7 7 7 6 6 
-1 5 5 -1 5 7 7 5 7 7 7 7 7 7 7 7 7 7 -1 7 
6 5 7 5 5 7 7 7 7 7 7 7 7 7 7 7 -1 -1 -1 -1 
5 7 5 5 5 5 7 5 7 7 7 7 5 40 7 9 7 -1 37 7 
37 2 5 5 3 7 5 7 7 -1 5 5 -1 -1 9 9 7 7 -1 37 
37 2 2 2 5 5 -1 -1 -1 -1 -1 -1 7 7 -1 -1 7 7 -1 7 
7 7 5 5 5 5 -1 -1 -1 -1 -1 -1 -1 6 -1 7 7 6 7 -1 
7 7 5 5 7 5 5 5 7 7 5 5 -1 -1 7 7 7 7 7 7 
5 -1 5 5 7 5 5 7 7 7 7 6 34 7 7 7 7 7 7 7 
5 -1 -1 5 5 7 5 5 7 7 6 6 6 -1 7 -1 7 -1 7 5 
5 5 -1 -1 2 5 5 5 -1 7 7 -1 6 6 7 7 5 5 5 -1 
-1 5 5 5 -1 7 5 5 -1 5 5 5 6 11 6 6 7 2 6 5 
5 -1 -1 5 -1 5 5 -1 7 5 5 5 5 11 6 6 2 -1 2 6 
6 -1 5 5 5 5 5 5 -1 5 5 11 6 6 5 -1 6 2 6 6 
-1 -1 -1 5 5 5 -1 5 5 5 -1 11 -1 6 6 5 6 6 6 2 
-1 -1 -1 5 -1 -1 5 -1 5 5 -1 -1 -1 3 -1 6 2 2 7 -1 
7 3 7 7 7 7 6 5 11 5 11 7 11 5 11 -1 3 3 7 7 
-1 -1 7 7 5 7 7 5 5 5 5 11 -1 11 5 3 -1 7 7 7 
7 -1 -1 7 7 5 5 6 7 7 11 7 7 -1 7 7 -1 -1 7 7 
-1 -1 -1 7 7 5 6 7 5 7 7 7 7 7 7 7 7 7 -1 7 
-1 7 -1 -1 5 5 7 5 5 7 7 7 7 -1 6 -1 7 7 7 -1 
7 7 7 5 5 5 -1 5 7 7 7 5 5 5 6 6 2 7 7 5 
5 7 5 7 5 5 7 7 7 5 5 -1 -1 5 7 11 34 7 -1 7 
-1 5 7 5 5 7 7 7 -1 -1 -1 -1 -1 7 -1 7 7 5 7 -1 
5 7 5 -1 -1 7 7 -1 -1 -1 -1 7 5 -1 7 7 7 5 -1 -1 
5 -1 5 7 43 5 5 5 5 -1 -1 5 7 7 7 -1 -1 7 5 5 
5 5 7 43 -1 5 7 5 5 7 -1 7 -1 7 7 7 7 -1 7 -1 
5 -1 7 7 43 -1 7 7 5 7 7 -1 7 7 7 -1 7 3 3 7 
-1 7 7 -1 -1 -1 5 7 40 7 7 7 -1 7 7 7 7 7 7 3 
7 7 7 -1 -1 -1 7 -1 7 40 5 7 5 -1 -1 7 7 7 3 -1 
-1 7 -1 -1 -1 7 7 7 -1 7 11 7 7 7 7 7 7 -1 -1 -1 
7 7 7 5 11 11 -1 11 7 11 7 7 7 -1 7 7 7 7 3 -1 
7 7 -1 -1 -1 -1 11 7 11 11 7 3 7 7 7 7 7 -1 3 -1 
7 7 7 -1 -1 11 11 11 11 11 11 3 7 7 7 7 7 7 3 7 
7 7 7 7 7 6 6 11 9 9 9 -1 11 7 7 7 35 3 3 3 
7 7 7 7 7 -1 7 -1 11 11 9 11 11 7 -1 7 3 3 3 3 
7 -1 -1 -1 -1 5 7 6 7 -1 -1 -1 7 7 -1 -1 35 7 35 7 
7 11 11 -1 -1 -1 7 7 7 -1 -1 -1 7 7 35 -1 7 35 7 7 
11 11 7 7 -1 -1 3 -1 -1 -1 -1 15 15 7 7 7 7 7 -1 7 
11 7 7 7 3 3 -1 -1 -1 -1 -1 7 7 -1 -1 7 7 7 -1 7 
6 -1 3 3 7 3 6 -1 -1 -1 -1 7 -1 6 -1 7 7 7 -1 6 
6 6 -1 7 7 7 3 6 -1 5 5 7 -1 6 7 -1 7 7 7 6 
-1 7 7 7 7 -1 -1 6 -1 6 6 7 7 7 7 7 7 7 7 7 
35 7 7 7 7 3 -1 -1 7 7 6 -1 7 5 7 7 7 -1 35 7 
7 3 3 -1 7 7 3 3 7 7 5 -1 5 7 10 10 10 11 35 35 
35 -1 3 7 -1 3 -1 7 3 7 7 7 7 -1 -1 -1 7 10 35 35 
6 3 3 7 -1 5 7 7 7 5 -1 -1 7 7 7 7 11 7 -1 35 
2 35 -1 3 7 7 5 7 7 6 5 7 7 7 7 -1 7 6 35 6 
2 7 7 7 7 7 7 7 7 6 7 -1 7 7 7 7 7 6 6 6 
7 7 7 7 -1 6 6 6 6 6 5 7 7 7 -1 -1 6 6 6 7 
6 7 7 -1 -1 -1 6 6 5 6 5 7 7 6 7 7 7 7 6 6 
11 7 7 7 -1 -1 6 6 6 7 5 5 7 6 6 7 35 -1 6 6 
11 -1 7 7 7 6 6 6 -1 7 7 7 -1 35 7 6 7 -1 6 11 
11 11 7 -1 -1 -1 6 6 7 7 5 5 5 3 7 7 35 35 35 11 
-1 7 7 -1 -1 6 7 34 -1 -1 -1 -1 3 3 7 -1 35 35 -1 7 
7 7 7 7 -1 -1 7 6 -1 -1 3 3 7 7 7 -1 35 35 35 7 
7 -1 6 6 7 7 7 7 7 7 7 -1 -1 -1 7 7 7 7 -1 -1 
7 -1 -1 6 7 -1 7 7 7 -1 -1 -1 -1 7 7 7 7 7 7 7 
7 -1 7 7 -1 7 7 7 -1 7 -1 7 7 7 7 7 7 7 7 7 
-1 7 7 3 -1 7 7 -1 7 7 7 7 7 7 35 7 7 7 7 7 
3 3 3 -1 3 7 -1 7 7 7 -1 3 7 7 7 7 7 7 7 7 
3 6 3 3 7 7 7 7 7 -1 3 7 -1 7 7 7 7 -1 7 -1 
7 6 6 6 7 7 7 7 7 -1 -1 7 7 7 7 7 -1 -1 -1 -1 
-1 7 6 6 7 7 7 7 7 -1 7 7 7 7 6 6 -1 7 7 -1 
7 7 7 6 7 7 7 7 7 7 7 7 7 7 6 7 7 -1 7 7 
7 6 6 -1 6 6 6 7 7 7 7 7 -1 5 5 5 7 7 6 6 
6 6 6 -1 6 6 -1 -1 7 7 -1 7 -1 7 7 7 -1 6 7 7 
-1 6 6 6 -1 7 6 -1 7 7 -1 7 7 -1 7 7 7 7 7 -1 
6 6 7 -1 7 6 6 -1 7 7 7 7 -1 -1 6 -1 7 7 7 -1 
7 6 -1 7 13 6 -1 -1 -1 7 7 7 7 7 -1 6 7 -1 7 6 
6 -1 15 7 7 -1 7 7 7 7 14 14 7 7 7 7 7 7 7 7 
15 -1 7 -1 7 7 7 7 -1 -1 7 14 7 -1 -1 7 7 7 7 -1 
7 15 7 7 5 5 7 7 7 -1 7 7 7 7 7 7 7 7 7 7 
-1 7 15 5 -1 5 5 -1 7 7 7 7 7 7 7 7 3 3 7 3 
3 -1 15 5 -1 5 7 7 7 7 7 7 7 7 7 7 3 -1 7 -1 
7 7 5 6 -1 -1 -1 7 7 -1 7 7 7 7 7 7 7 7 3 -1 
7 -1 -1 7 7 7 -1 7 7 -1 7 7 -1 7 7 7 3 3 7 -1 
7 7 7 15 7 -1 7 7 -1 -1 7 7 7 -1 7 -1 7 7 7 7 
7 -1 7 15 7 7 -1 -1 7 -1 -1 -1 7 -1 -1 7 7 7 -1 7 
7 7 15 7 7 -1 7 2 2 -1 -1 7 7 7 -1 7 7 -1 7 7 
7 2 7 7 7 7 7 -1 2 -1 7 7 7 7 7 7 -1 7 7 7 
2 2 7 7 7 -1 -1 2 -1 2 2 7 7 7 3 7 7 7 7 -1 
-1 2 2 -1 7 -1 -1 -1 2 2 -1 -1 -1 -1 7 -1 7 7 7 7 
2 7 -1 7 -1 7 7 -1 -1 -1 2 7 -1 7 -1 7 -1 7 7 7 
2 2 3 7 -1 7 7 7 7 -1 2 -1 7 7 -1 -1 7 -1 -1 2 
7 -1 7 -1 -1 7 7 7 -1 2 7 -1 7 7 7 7 7 7 7 7 
7 7 7 -1 -1 -1 -1 7 7 6 7 7 7 7 7 7 7 7 7 7 
7 7 7 7 -1 7 7 7 7 6 6 7 7 7 7 7 -1 3 -1 3 
3 7 7 7 7 7 7 7 7 7 7 7 -1 7 7 7 3 -1 3 7 
7 -1 -1 7 -1 7 7 7 7 7 7 7 7 7 -1 7 7 3 3 7 
7 7 7 7 -1 7 7 7 7 7 -1 7 -1 7 7 7 7 -1 7 3 
34 7 7 7 7 7 7 7 7 7 7 7 7 3 3 7 7 3 7 7 
7 7 7 15 7 7 -1 7 7 7 7 7 7 3 3 3 3 7 7 7 
7 15 15 7 15 7 -1 7 7 7 7 7 7 7 3 7 7 -1 -1 7 
-1 7 7 -1 7 7 7 -1 -1 7 -1 7 3 3 7 7 -1 7 -1 7 
-1 -1 15 15 -1 7 7 7 7 7 7 7 7 7 -1 7 7 7 -1 7 
-1 -1 7 7 -1 7 7 7 7 -1 -1 7 7 -1 7 7 3 5 7 7 
7 7 -1 6 7 7 6 -1 -1 -1 7 7 -1 7 7 7 7 5 7 7 
7 7 7 7 6 7 7 42 2 2 7 7 7 7 7 7 7 7 7 5 
-1 5 -1 6 7 -1 7 3 6 2 -1 7 7 3 3 3 7 7 3 5 
5 5 -1 7 6 6 6 6 3 6 7 12 -1 12 -1 -1 7 3 -1 -1 
-1 7 7 5 6 6 6 15 3 3 -1 7 7 12 12 5 7 7 7 -1 
3 7 -1 5 6 6 6 -1 3 3 -1 -1 7 7 5 5 7 -1 7 3 
7 5 7 7 6 7 6 7 6 2 7 7 7 14 5 5 7 7 7 -1 
5 5 5 2 7 -1 -1 -1 7 2 2 -1 7 14 5 7 -1 7 7 7 
7 7 2 7 7 -1 7 7 2 2 7 -1 -1 7 -1 14 14 7 7 7 
7 7 -1 2 -1 7 -1 15 7 7 -1 7 -1 -1 7 14 14 7 7 7 
6 7 7 -1 3 -1 -1 15 7 7 7 -1 7 -1 -1 7 7 7 7 7 
7 6 7 7 -1 5 5 7 3 3 7 -1 13 -1 7 7 7 7 7 7 
7 6 6 7 7 5 3 7 7 7 3 7 -1 13 -1 5 7 7 7 3 
3 3 6 7 3 7 7 3 7 3 7 7 5 5 5 5 7 5 5 7 
3 15 7 7 -1 7 -1 7 -1 7 7 -1 -1 5 5 5 5 5 7 3 
-1 3 7 7 7 7 -1 -1 2 -1 7 7 7 7 -1 -1 5 5 -1 -1 
7 -1 7 7 7 -1 7 -1 7 7 2 -1 7 7 7 -1 5 5 5 -1 
7 7 7 -1 -1 -1 7 5 7 7 2 7 7 -1 7 -1 7 7 5 7 
7 7 7 7 -1 -1 7 7 7 7 7 2 7 7 -1 -1 7 3 7 -1 
-1 -1 3 3 3 3 3 5 5 5 -1 -1 5 3 3 5 5 3 3 -1 
-1 7 -1 3 3 3 -1 3 13 13 15 5 6 -1 6 5 3 3 3 -1 
7 7 7 7 -1 5 -1 -1 5 15 -1 15 15 3 3 5 3 3 5 7 
5 7 5 5 5 5 5 -1 5 2 15 15 -1 -1 6 3 3 3 7 7 
5 5 5 5 5 5 5 5 15 15 15 -1 5 -1 3 3 3 5 -1 14 
14 7 5 2 -1 5 5 -1 15 6 6 5 -1 5 4 5 5 -1 14 7 
14 14 2 2 -1 5 5 15 15 6 5 6 7 5 5 4 -1 -1 5 7 
5 14 -1 2 -1 5 15 15 7 6 5 6 5 5 5 -1 -1 2 2 5 
5 -1 5 -1 5 7 15 15 7 -1 7 -1 15 15 -1 7 -1 2 5 5 
5 5 5 7 -1 -1 7 15 -1 15 15 15 -1 5 -1 15 6 -1 2 5 
-1 -1 -1 7 7 -1 -1 7 5 -1 3 3 5 5 15 -1 6 2 5 -1 
12 -1 -1 7 7 7 5 5 -1 5 -1 5 5 13 -1 -1 -1 6 3 -1 
5 5 5 5 7 5 5 5 5 5 5 5 5 5 5 -1 -1 3 5 12 
5 -1 5 -1 5 5 5 5 -1 -1 -1 5 5 -1 -1 7 -1 7 3 5 
5 5 -1 5 5 5 -1 5 -1 -1 -1 5 -1 5 -1 7 7 -1 -1 -1 
-1 7 5 5 -1 5 6 6 6 -1 5 -1 5 -1 5 7 7 -1 -1 3 
7 7 -1 5 5 -1 6 6 6 -1 5 5 -1 7 5 5 3 3 3 5 
7 7 7 5 5 6 6 -1 5 5 5 -1 5 7 5 5 5 3 3 7 
5 7 7 14 14 3 5 5 -1 5 -1 -1 5 -1 7 5 3 3 3 3 
-1 -1 5 14 -1 3 5 5 5 5 5 5 -1 3 5 5 5 -1 3 -1 
5 -1 -1 -1 5 5 5 5 5 -1 3 5 -1 7 7 7 15 15 15 -1 
5 5 -1 5 5 5 5 6 -1 3 3 7 7 -1 7 4 4 15 5 5 
5 5 -1 5 5 5 5 6 6 6 3 7 3 7 7 37 5 5 5 5 
5 6 5 5 5 5 5 5 6 6 7 -1 7 7 7 7 37 37 37 5 
2 5 5 5 -1 5 -1 5 5 7 7 7 7 7 7 37 37 37 -1 5 
7 7 5 5 5 3 5 13 13 7 7 5 -1 7 37 7 7 -1 -1 -1 
7 -1 5 7 5 3 5 13 13 -1 7 7 7 7 7 7 7 7 7 7 
7 7 -1 5 37 -1 5 5 5 -1 -1 -1 7 -1 7 7 7 7 7 7 
7 7 5 37 -1 5 5 5 5 5 5 7 -1 37 37 37 7 -1 2 7 
-1 7 7 7 6 5 5 -1 5 5 -1 3 -1 37 -1 37 5 7 7 7 
7 7 7 7 6 5 5 5 5 5 5 -1 3 -1 5 5 5 -1 -1 -1 
7 7 7 7 -1 6 5 -1 5 5 -1 3 -1 3 5 5 5 5 5 -1 
7 5 5 5 -1 -1 5 5 5 5 5 3 3 5 5 5 -1 3 -1 -1 
5 5 5 5 5 5 5 6 5 15 5 5 5 -1 5 38 3 3 6 6 
5 5 5 -1 5 6 6 15 6 5 5 5 5 7 -1 -1 38 5 5 -1 
-1 5 5 15 -1 15 15 15 -1 15 15 5 5 6 7 5 38 5 -1 -1 
-1 5 -1 15 6 5 15 15 -1 5 15 5 5 -1 5 5 5 5 -1 5 
5 6 6 6 6 5 5 15 6 6 6 15 5 5 5 5 5 5 15 15 
6 5 6 -1 -1 5 5 5 13 6 15 15 15 -1 -1 5 5 5 15 15 
5 6 -1 -1 5 -1 -1 6 6 15 5 15 5 15 -1 7 5 5 5 5 
6 6 -1 15 14 -1 -1 1 15 -1 -1 15 15 -1 5 5 12 -1 -1 6 
-1 6 -1 6 14 -1 -1 -1 15 6 6 -1 -1 -1 5 -1 -1 -1 -1 6 
6 6 6 14 -1 6 -1 -1 15 6 -1 6 -1 -1 5 5 -1 -1 6 -1 
6 6 -1 14 6 -1 6 15 6 7 5 5 5 -1 5 -1 -1 6 6 6 
6 -1 -1 6 6 6 6 6 15 6 5 5 5 -1 -1 -1 -1 6 5 5 
-1 -1 -1 -1 -1 -1 6 6 -1 6 -1 -1 5 -1 6 -1 -1 -1 7 7 
-1 -1 -1 -1 -1 6 -1 6 6 6 -1 5 -1 6 6 -1 -1 37 7 -1 
-1 -1 6 -1 -1 6 6 6 -1 6 6 -1 -1 6 -1 37 37 7 37 -1 
-1 -1 6 -1 -1 -1 6 37 6 6 15 15 -1 37 -1 -1 -1 37 -1 -1 
-1 -1 -1 -1 -1 -1 -1 -1 37 6 15 13 13 37 -1 -1 -1 -1 7 -1 
-1 6 -1 6 -1 -1 -1 6 -1 37 13 13 6 15 -1 3 3 -1 -1 -1 
-1 6 6 6 6 6 -1 -1 6 6 37 -1 6 -1 37 3 3 3 7 7 
-1 -1 3 6 6 6 -1 -1 -1 5 -1 6 -1 -1 37 37 -1 12 -1 -1 
-1 -1 6 6 -1 -1 -1 -1 6 -1 -1 37 6 37 37 -1 12 12 12 -1 
-1 -1 -1 6 6 6 -1 15 5 5 6 -1 37 -1 -1 -1 12 12 12 -1 
6 6 6 6 -1 6 15 15 -1 5 6 6 37 37 37 -1 12 12 12 6 
6 6 -1 -1 -1 -1 -1 5 5 6 15 6 15 15 6 6 12 6 6 12 
6 -1 -1 -1 6 5 5 5 15 15 15 15 15 15 5 5 6 6 6 6 
6 6 6 -1 -1 6 5 5 15 15 15 6 15 5 5 5 6 6 6 6 
6 6 6 6 -1 6 -1 1 -1 15 15 -1 6 15 5 5 12 -1 -1 6 
-1 -1 5 5 5 5 5 6 6 -1 6 6 6 6 6 6 -1 6 14 14 
-1 -1 14 -1 -1 1 -1 -1 -1 6 6 -1 -1 6 6 6 -1 6 6 -1 
6 -1 -1 14 -1 -1 1 -1 -1 6 4 -1 6 6 -1 -1 -1 -1 -1 -1 
6 6 1 -1 14 -1 14 -1 6 4 -1 -1 6 6 -1 -1 6 6 -1 6 
6 -1 1 6 -1 14 14 14 -1 6 6 -1 6 6 -1 -1 -1 6 -1 6 
6 6 6 1 15 -1 14 -1 -1 6 6 -1 -1 6 -1 -1 6 1 6 6 
-1 6 6 6 12 12 12 5 6 6 -1 -1 -1 6 14 1 1 1 1 6 
6 6 6 12 12 12 6 6 6 6 6 -1 -1 14 1 1 -1 1 -1 1 
6 -1 12 6 6 6 6 -1 6 6 6 -1 14 6 1 -1 1 1 1 -1 
34 -1 6 12 6 6 -1 -1 -1 6 6 14 37 6 6 1 1 1 1 2 
-1 -1 -1 6 6 -1 -1 -1 -1 6 -1 -1 37 37 1 1 6 1 34 6 
6 6 -1 6 6 -1 -1 -1 6 6 -1 37 -1 37 37 -1 1 1 6 -1 
6 6 6 6 6 6 6 -1 6 -1 -1 6 -1 1 -1 6 6 6 -1 -1 
5 6 6 6 -1 6 -1 -1 -1 -1 -1 6 -1 1 -1 -1 6 6 -1 5 
5 -1 -1 5 -1 6 6 -1 5 -1 37 7 37 6 6 6 6 6 6 -1 
5 5 -1 1 -1 -1 5 -1 5 37 37 -1 37 6 -1 6 6 -1 5 5 
-1 -1 1 -1 6 -1 5 5 -1 -1 5 37 -1 -1 -1 6 6 6 6 -1 
-1 -1 6 6 6 6 6 5 5 5 -1 -1 -1 -1 37 6 6 6 6 -1 
-1 -1 -1 6 6 -1 5 -1 -1 5 5 5 -1 6 6 6 14 6 -1 14 
-1 -1 5 -1 5 5 5 5 -1 -1 6 1 -1 6 6 6 14 14 -1 14 
6 6 6 6 6 6 6 6 6 6 -1 -1 -1 -1 -1 -1 1 -1 6 1 
-1 6 6 -1 -1 -1 6 6 6 6 -1 -1 6 3 3 -1 1 -1 6 -1 
-1 -1 6 6 -1 6 6 -1 6 6 -1 -1 -1 6 6 -1 -1 6 6 -1 
-1 6 1 -1 6 6 6 -1 6 6 -1 3 3 3 -1 -1 -1 -1 6 -1 
6 -1 6 1 -1 6 -1 -1 -1 -1 -1 -1 3 6 6 6 -1 6 6 6 
6 6 1 7 -1 6 -1 6 6 -1 -1 6 6 6 6 6 6 -1 -1 7 
7 7 -1 -1 6 -1 -1 44 6 6 6 6 6 6 -1 -1 6 -1 -1 -1 
6 -1 -1 -1 6 -1 44 -1 -1 6 -1 -1 6 6 6 -1 -1 -1 -1 6 
7 6 -1 6 6 6 44 -1 6 -1 -1 -1 -1 -1 6 -1 -1 -1 -1 6 
6 7 34 6 -1 -1 -1 6 6 6 6 6 -1 -1 6 -1 -1 -1 6 6 
6 1 1 6 6 6 44 6 6 -1 -1 6 6 6 -1 4 -1 6 6 4 
4 6 -1 44 44 6 44 -1 44 -1 -1 6 6 6 6 4 4 4 6 4 
6 -1 44 6 44 44 -1 -1 6 6 -1 -1 6 6 6 6 4 4 6 6 
6 -1 -1 -1 -1 -1 -1 6 6 6 6 6 6 6 -1 -1 6 4 6 -1 
-1 -1 -1 -1 6 6 6 6 6 6 -1 6 -1 6 6 6 1 6 -1 -1 
-1 -1 -1 -1 -1 6 6 6 6 -1 6 6 1 1 1 6 -1 1 1 -1 
-1 -1 -1 -1 -1 -1 -1 1 1 6 1 -1 1 1 1 1 1 1 -1 -1 
6 6 -1 -1 -1 -1 -1 1 -1 6 6 -1 6 -1 1 1 -1 1 1 -1 
-1 -1 6 -1 6 6 6 6 6 6 6 6 -1 -1 1 1 1 1 -1 -1 
-1 6 6 6 6 6 6 -1 6 -1 6 -1 6 1 -1 1 -1 6 -1 6 
1 -1 -1 -1 -1 -1 3 -1 -1 -1 -1 -1 -1 -1 -1 1 1 1 1 1 
1 -1 -1 -1 -1 -1 3 -1 -1 -1 -1 -1 5 5 -1 -1 -1 1 -1 -1 
1 1 -1 -1 -1 -1 -1 -1 -1 -1 -1 -1 5 5 -1 6 -1 -1 -1 -1 
-1 -1 -1 -1 -1 -1 -1 -1 -1 -1 6 6 5 -1 6 6 6 -1 6 1 
6 -1 -1 -1 -1 -1 -1 1 1 -1 -1 -1 -1 6 6 -1 6 -1 6 6 
-1 -1 -1 -1 -1 1 1 1 1 6 6 6 6 6 -1 -1 4 -1 -1 6 
6 -1 -1 -1 1 -1 -1 1 1 1 6 6 6 6 6 6 -1 4 4 -1 
-1 -1 -1 6 -1 -1 1 -1 1 6 -1 -1 6 6 -1 -1 6 4 6 -1 
-1 -1 6 6 6 -1 -1 1 -1 -1 -1 -1 1 -1 -1 6 6 6 -1 6 
-1 -1 -1 6 -1 -1 -1 -1 -1 -1 1 -1 1 6 6 6 6 6 6 6 
6 6 -1 -1 -1 -1 -1 1 -1 -1 1 -1 -1 1 6 6 6 6 6 6 
6 6 6 -1 6 -1 -1 -1 1 -1 -1 -1 1 1 6 6 6 6 6 6 
4 6 6 6 -1 -1 -1 -1 -1 -1 -1 1 1 -1 -1 6 6 6 6 6 
-1 -1 6 6 6 6 6 -1 6 -1 1 1 1 1 6 -1 -1 -1 6 6 
-1 6 -1 6 6 6 1 6 6 1 -1 -1 -1 -1 -1 -1 -1 -1 6 -1 
-1 -1 6 -1 -1 -1 1 1 6 -1 -1 -1 -1 -1 1 -1 -1 -1 -1 -1 
-1 6 -1 -1 -1 -1 1 6 6 6 6 -1 1 1 1 -1 -1 -1 -1 -1 
-1 -1 -1 1 -1 -1 -1 6 6 6 6 1 1 1 7 -1 -1 -1 -1 -1 
1 -1 -1 -1 1 -1 6 -1 -1 1 -1 1 -1 1 1 6 1 1 1 -1 
-1 1 -1 1 1 1 6 -1 1 1 1 1 -1 1 -1 1 1 1 1 1 
-1 -1 -1 -1 -1 1 1 -1 -1 1 -1 -1 -1 3 3 3 1 -1 -1 -1 
-1 -1 -1 -1 -1 -1 -1 -1 -1 -1 1 -1 -1 -1 3 3 3 1 -1 1 
1 -1 -1 -1 -1 -1 -1 -1 -1 1 -1 -1 -1 -1 1 3 -1 1 1 1 
-1 -1 -1 -1 -1 -1 -1 -1 -1 -1 -1 -1 -1 -1 1 -1 3 1 1 1 
-1 -1 -1 -1 -1 -1 -1 -1 -1 -1 -1 -1 -1 -1 -1 -1 1 1 1 -1 
-1 -1 -1 -1 -1 -1 -1 -1 -1 -1 -1 -1 -1 1 1 -1 1 -1 -1 -1 
-1 -1 -1 -1 -1 -1 -1 -1 1 -1 -1 -1 1 -1 1 1 1 1 -1 -1 
-1 -1 -1 -1 -1 -1 -1 1 1 1 1 1 1 -1 1 1 1 -1 -1 -1 
-1 -1 -1 -1 -1 -1 1 -1 -1 -1 1 1 -1 1 -1 1 1 3 -1 -1 
1 1 1 -1 -1 1 1 1 -1 3 1 -1 1 1 -1 1 1 3 3 -1 
1 1 -1 -1 -1 -1 -1 -1 -1 3 -1 1 -1 1 1 -1 -1 -1 -1 -1 
-1 1 1 -1 -1 -1 -1 -1 -1 -1 -1 -1 -1 -1 -1 -1 -1 -1 -1 -1 
-1 1 -1 1 -1 -1 -1 -1 -1 -1 -1 -1 -1 -1 -1 -1 -1 -1 -1 -1 
-1 1 -1 1 -1 -1 -1 -1 -1 -1 -1 -1 -1 -1 -1 -1 -1 -1 -1 -1 
-1 -1 -1 1 -1 -1 -1 -1 -1 -1 -1 -1 1 -1 -1 -1 -1 1 1 -1 
-1 -1 -1 1 -1 -1 -1 -1 -1 -1 1 -1 -1 -1 -1 -1 -1 1 1 -1 
1 -1 -1 1 1 1 1 1 -1 -1 1 -1 -1 -1 -1 -1 1 1 -1 -1 
-1 -1 1 1 1 -1 -1 1 -1 -1 -1 -1 -1 1 -1 1 1 1 1 -1 
1 -1 -1 -1 -1 -1 1 1 -1 1 -1 -1 -1 1 1 1 -1 1 1 1 
1 -1 -1 -1 -1 -1 1 -1 -1 1 1 -1 3 -1 3 1 1 1 1 1 
-1 1 1 -1 1 1 -1 1 -1 1 -1 -1 -1 -1 -1 -1 -1 -1 -1 -1 
-1 -1 -1 -1 1 1 1 1 -1 1 1 1 -1 -1 -1 -1 -1 -1 -1 -1 
-1 -1 -1 -1 1 -1 1 1 1 -1 -1 1 3 -1 -1 -1 1 1 1 -1 
-1 -1 -1 -1 -1 -1 -1 -1 1 -1 -1 -1 1 3 -1 3 3 3 1 1 
1 -1 -1 -1 -1 -1 1 1 -1 -1 -1 -1 -1 -1 3 -1 -1 3 1 1 
-1 -1 -1 -1 -1 -1 -1 -1 -1 1 1 -1 -1 -1 -1 -1 -1 -1 -1 1 
1 -1 -1 -1 -1 -1 -1 1 1 1 1 -1 -1 -1 -1 -1 -1 -1 -1 -1 
-1 -1 -1 -1 -1 -1 -1 1 -1 1 -1 -1 -1 -1 -1 1 -1 -1 -1 -1 
1 -1 -1 -1 -1 -1 -1 -1 -1 -1 -1 -1 -1 -1 1 1 -1 -1 -1 1 
-1 -1 -1 -1 3 -1 -1 -1 -1 -1 1 1 -1 -1 -1 1 1 -1 -1 1 
-1 1 -1 -1 -1 3 3 -1 3 -1 1 -1 -1 -1 -1 3 -1 1 1 -1 
-1 1 1 -1 3 1 3 3 1 1 1 -1 -1 -1 -1 3 1 1 1 -1 
-1 -1 1 1 3 1 1 -1 1 -1 -1 1 -1 -1 -1 3 -1 -1 -1 -1 
-1 -1 1 1 1 1 -1 1 -1 1 1 1 -1 -1 -1 3 3 1 -1 1 
1 -1 1 1 1 -1 1 -1 -1 1 1 1 1 3 3 3 3 3 1 1 
1 -1 -1 1 1 1 -1 1 1 -1 1 1 -1 3 3 -1 3 1 1 -1 
1 -1 -1 -1 -1 -1 -1 1 -1 1 1 1 1 3 -1 3 -1 -1 -1 1 
-1 -1 -1 -1 1 1 -1 1 1 -1 -1 -1 1 -1 -1 -1 -1 -1 -1 -1 
-1 1 1 1 1 1 1 1 1 1 1 -1 -1 -1 -1 -1 -1 -1 -1 -1 
1 1 1 -1 1 1 1 1 1 1 1 -1 -1 -1 -1 -1 -1 -1 -1 -1 
-1 -1 -1 1 1 1 1 -1 -1 -1 1 1 1 -1 1 1 1 1 3 1 
-1 -1 -1 -1 -1 -1 1 -1 -1 1 1 -1 1 -1 1 1 -1 1 -1 -1 
-1 1 1 -1 -1 -1 -1 1 1 1 -1 1 1 -1 1 -1 -1 -1 1 -1 
-1 1 -1 -1 -1 -1 -1 -1 -1 1 1 -1 -1 -1 1 1 1 1 -1 -1 
-1 9 9 9 -1 -1 -1 -1 -1 1 -1 -1 1 1 1 1 1 -1 -1 -1 
-1 9 -1 -1 -1 -1 -1 -1 -1 -1 1 1 1 1 -1 1 -1 -1 1 -1 
-1 -1 -1 -1 -1 -1 -1 -1 -1 1 -1 1 1 -1 1 -1 -1 -1 1 -1 
-1 -1 1 -1 -1 -1 -1 -1 1 1 1 1 1 -1 -1 -1 -1 -1 -1 -1 
1 1 -1 1 1 -1 -1 -1 -1 -1 -1 -1 -1 -1 -1 -1 -1 -1 -1 1 
1 1 -1 1 -1 1 -1 -1 -1 -1 1 1 -1 -1 -1 -1 -1 -1 -1 -1 
1 1 -1 1 -1 -1 -1 -1 -1 1 -1 -1 -1 -1 -1 -1 -1 -1 -1 -1 
1 1 -1 -1 -1 -1 -1 -1 -1 -1 -1 -1 -1 -1 -1 -1 -1 -1 -1 -1 
1 -1 -1 -1 -1 -1 -1 -1 -1 -1 -1 -1 -1 -1 -1 -1 -1 -1 -1 -1 
1 1 1 1 -1 -1 1 -1 -1 -1 -1 -1 -1 -1 -1 -1 1 -1 -1 -1 
1 1 1 -1 1 -1 -1 1 -1 -1 -1 -1 -1 -1 -1 1 1 1 -1 1 
1 1 -1 -1 -1 1 1 -1 -1 -1 -1 -1 -1 -1 -1 1 1 1 1 1 
1 1 1 3 -1 1 -1 1 1 -1 -1 -1 -1 -1 -1 -1 1 1 1 -1 
-1 -1 1 -1 1 1 -1 1 -1 1 -1 -1 -1 -1 -1 1 1 1 1 1 
-1 1 -1 1 1 1 1 1 1 1 1 -1 1 -1 -1 1 1 1 -1 -1 
-1 1 1 1 -1 1 1 1 1 1 1 1 -1 1 1 1 -1 3 3 -1 
1 -1 -1 1 -1 1 1 -1 1 1 -1 -1 -1 -1 1 -1 1 -1 -1 1 
1 1 1 -1 1 1 -1 -1 -1 -1 -1 -1 -1 -1 1 -1 1 1 -1 -1 
1 1 1 1 -1 -1 1 1 1 -1 -1 -1 -1 -1 1 -1 1 3 1 -1 
1 1 1 -1 -1 -1 -1 -1 -1 1 -1 -1 -1 -1 -1 1 3 3 3 3 
1 1 1 -1 -1 -1 -1 -1 -1 -1 1 1 1 -1 -1 -1 -1 -1 3 3 
1 -1 -1 -1 1 -1 -1 -1 -1 1 -1 1 1 1 1 1 -1 3 -1 3 
-1 -1 -1 1 -1 -1 -1 -1 1 -1 3 -1 1 1 -1 1 1 3 -1 3 
-1 -1 -1 1 1 1 -1 -1 -1 -1 3 1 1 -1 1 1 1 -1 -1 -1 
-1 -1 1 1 1 1 -1 -1 -1 -1 -1 1 3 -1 -1 1 1 1 -1 -1 
3 -1 1 1 -1 1 -1 -1 -1 -1 -1 3 -1 -1 -1 1 1 1 -1 -1 
3 -1 1 -1 -1 -1 -1 -1 -1 -1 -1 3 3 -1 -1 1 -1 1 1 1 
1 1 -1 1 1 1 -1 -1 -1 1 -1 3 -1 -1 -1 -1 1 -1 1 -1 
1 1 1 1 -1 -1 -1 -1 -1 -1 -1 -1 -1 -1 -1 1 -1 -1 -1 -1 
1 1 -1 -1 1 -1 1 -1 -1 -1 1 1 1 1 -1 -1 -1 -1 -1 -1 
1 -1 1 1 -1 -1 3 1 1 3 1 1 1 1 1 1 1 1 -1 -1 
-1 1 1 -1 -1 -1 1 1 1 3 1 1 1 1 1 1 1 1 -1 -1 
1 1 1 -1 -1 -1 -1 1 1 1 -1 -1 -1 1 1 1 -1 -1 -1 -1 
1 1 -1 -1 -1 1 1 -1 1 -1 -1 -1 1 -1 1 -1 -1 1 1 1 
1 1 -1 -1 1 1 1 1 1 1 -1 -1 -1 1 -1 1 1 -1 1 -1 
1 1 1 -1 1 1 1 -1 1 -1 1 -1 -1 1 -1 1 -1 -1 1 1 
3 3 3 -1 -1 -1 3 -1 -1 -1 -1 -1 1 1 1 1 -1 -1 -1 -1 
3 3 3 3 3 3 -1 -1 -1 -1 -1 -1 1 1 -1 1 -1 -1 1 -1 
-1 3 -1 3 3 -1 3 -1 -1 -1 -1 1 1 1 -1 -1 -1 -1 1 1 
1 1 1 -1 -1 -1 -1 1 -1 -1 -1 1 -1 -1 1 -1 -1 1 -1 3 
3 1 1 -1 -1 -1 -1 -1 1 1 -1 1 1 1 -1 -1 -1 1 1 3 
3 -1 -1 1 -1 3 -1 1 1 1 -1 1 -1 1 -1 -1 -1 3 1 3 
-1 -1 1 -1 3 1 1 -1 1 1 1 8 1 1 1 1 3 3 3 1 
1 1 -1 -1 -1 1 -1 1 1 1 1 1 -1 -1 -1 -1 3 -1 -1 -1 
-1 -1 -1 -1 -1 -1 1 -1 1 -1 1 1 1 1 -1 -1 1 1 -1 -1 
-1 -1 -1 -1 -1 1 1 -1 1 -1 1 -1 1 1 1 -1 1 -1 -1 -1 
3 -1 -1 -1 -1 -1 -1 -1 1 -1 1 1 1 1 1 -1 -1 1 1 3 
3 3 -1 1 -1 -1 -1 -1 -1 -1 -1 1 -1 1 -1 1 1 3 3 3 
-1 3 3 -1 1 -1 -1 -1 -1 1 1 -1 3 1 -1 3 -1 1 -1 -1 
3 3 3 -1 1 1 1 -1 -1 -1 -1 -1 3 3 3 3 3 3 -1 -1 
3 3 3 3 -1 1 -1 1 -1 -1 -1 -1 -1 -1 -1 -1 9 9 9 -1 
3 3 3 3 1 1 -1 -1 -1 -1 -1 -1 -1 -1 -1 -1 9 9 9 -1 
3 3 -1 3 -1 -1 -1 -1 -1 1 -1 -1 -1 -1 -1 -1 -1 9 -1 -1 
3 3 -1 3 3 -1 3 -1 1 -1 1 1 -1 -1 -1 -1 -1 -1 -1 3 
3 3 3 -1 -1 3 -1 1 1 1 1 -1 -1 -1 -1 -1 -1 -1 3 -1 
3 3 -1 -1 -1 -1 1 -1 -1 -1 -1 -1 1 -1 1 -1 -1 -1 -1 -1 
9 -1 -1 -1 40 40 -1 1 1 9 9 9 -1 -1 9 -1 9 -1 -1 9 
1 -1 1 1 1 40 -1 -1 -1 9 9 -1 -1 -1 -1 9 9 9 -1 -1 
3 3 3 1 1 -1 40 -1 -1 -1 -1 -1 -1 -1 1 9 9 -1 -1 -1 
-1 3 -1 1 1 -1 -1 -1 1 1 -1 -1 1 1 1 -1 -1 3 -1 -1 
3 3 1 -1 9 -1 -1 -1 -1 1 1 1 1 -1 1 -1 -1 3 3 -1 
-1 -1 -1 -1 1 -1 -1 -1 -1 -1 -1 -1 -1 -1 -1 -1 -1 -1 3 3 
-1 -1 -1 -1 1 -1 -1 -1 -1 -1 -1 -1 -1 -1 -1 -1 -1 -1 -1 3 
-1 -1 -1 1 -1 -1 1 -1 -1 -1 -1 -1 -1 -1 -1 -1 -1 -1 -1 3 
-1 -1 3 1 -1 -1 1 1 -1 -1 -1 -1 -1 -1 -1 -1 -1 -1 3 -1 
-1 3 -1 -1 -1 -1 9 1 -1 1 -1 -1 -1 3 3 3 3 -1 3 3 
-1 -1 -1 -1 -1 -1 -1 9 1 1 -1 -1 -1 -1 3 3 -1 3 3 -1 
-1 -1 1 1 -1 -1 9 1 9 1 -1 -1 -1 -1 -1 -1 3 3 3 -1 
-1 -1 1 -1 -1 -1 9 9 9 9 -1 9 -1 -1 -1 -1 -1 3 -1 -1 
-1 1 1 1 1 1 -1 9 9 9 9 -1 -1 -1 -1 -1 -1 3 3 -1 
-1 1 1 1 1 1 -1 9 -1 9 9 -1 -1 -1 -1 3 3 -1 3 9 
9 9 -1 -1 -1 -1 -1 1 -1 -1 -1 -1 -1 9 9 3 3 -1 -1 9 
9 -1 -1 9 9 -1 1 1 1 1 1 1 -1 -1 9 9 3 -1 -1 9 
9 -1 -1 -1 -1 9 9 9 1 1 1 1 1 -1 -1 9 9 -1 -1 9 
9 9 -1 -1 -1 1 1 1 1 9 -1 1 1 -1 -1 9 -1 -1 -1 9 
9 -1 -1 -1 -1 9 -1 1 1 1 9 -1 9 -1 -1 -1 -1 -1 9 3 
40 -1 -1 -1 -1 -1 9 9 1 1 -1 -1 -1 -1 -1 -1 -1 -1 40 40 
-1 40 9 -1 -1 -1 -1 1 1 -1 1 -1 -1 -1 -1 -1 -1 -1 40 40 
40 1 40 9 -1 -1 -1 9 -1 -1 -1 -1 -1 -1 -1 9 -1 1 1 40 
40 -1 -1 -1 -1 -1 -1 -1 -1 -1 -1 -1 -1 -1 -1 -1 -1 1 -1 1 
-1 -1 -1 -1 -1 -1 1 -1 -1 -1 -1 -1 -1 -1 -1 1 1 1 -1 -1 
-1 -1 -1 -1 -1 -1 3 1 9 -1 1 -1 -1 -1 -1 -1 1 -1 -1 -1 
1 -1 1 -1 -1 -1 -1 3 1 1 -1 1 -1 -1 -1 -1 1 3 3 1 
1 1 1 1 -1 -1 -1 9 9 9 1 1 9 1 1 -1 3 1 3 1 
1 -1 -1 -1 -1 -1 -1 1 9 9 -1 9 9 -1 1 1 -1 -1 1 -1 
-1 -1 -1 3 -1 -1 3 9 1 9 9 9 -1 1 -1 -1 -1 1 1 1 
1 -1 -1 3 -1 -1 -1 -1 9 9 -1 9 1 -1 -1 -1 -1 -1 -1 3 
1 -1 -1 -1 -1 -1 -1 -1 -1 9 -1 1 -1 -1 -1 -1 3 -1 -1 1 
-1 1 1 -1 -1 -1 -1 -1 1 1 1 -1 1 -1 -1 3 3 -1 -1 1 
1 -1 -1 -1 -1 -1 -1 -1 1 -1 -1 1 -1 -1 -1 -1 40 40 -1 -1 
-1 -1 -1 -1 -1 -1 -1 -1 9 9 1 1 -1 -1 -1 3 -1 -1 -1 -1 
-1 -1 -1 -1 -1 1 1 1 -1 -1 1 1 1 1 3 3 -1 -1 -1 -1 
-1 -1 -1 9 -1 -1 1 9 -1 9 1 1 9 -1 -1 -1 -1 -1 -1 -1 
-1 -1 -1 9 9 -1 9 -1 9 9 1 9 1 -1 1 1 1 40 -1 -1 
-1 9 9 9 9 9 -1 9 9 9 -1 -1 9 -1 -1 1 -1 -1 40 -1 
40 9 9 -1 -1 9 9 -1 9 -1 -1 -1 -1 -1 -1 -1 -1 -1 -1 -1 
-1 -1 -1 1 -1 -1 -1 -1 1 -1 1 9 -1 1 9 9 9 33 -1 -1 
-1 -1 -1 -1 1 -1 -1 1 1 -1 9 -1 9 9 9 9 9 9 -1 -1 
-1 -1 1 -1 -1 1 -1 -1 1 1 1 9 1 9 9 9 9 -1 1 -1 
1 -1 1 -1 -1 1 1 -1 -1 -1 9 1 1 -1 9 -1 -1 1 1 -1 
1 1 -1 -1 1 -1 1 -1 -1 -1 -1 1 1 -1 9 -1 -1 -1 1 1 
1 1 -1 -1 1 33 1 -1 -1 -1 -1 1 -1 9 -1 9 -1 1 1 1 
-1 -1 -1 -1 -1 1 -1 -1 -1 -1 -1 -1 -1 -1 -1 -1 9 -1 1 1 
-1 -1 -1 -1 -1 1 1 -1 -1 -1 -1 -1 1 -1 -1 -1 -1 1 1 -1 
-1 -1 -1 -1 -1 -1 1 -1 -1 -1 -1 -1 9 1 -1 -1 1 -1 1 -1 
-1 -1 -1 -1 -1 -1 1 -1 -1 -1 -1 -1 9 1 9 -1 -1 1 1 -1 
-1 1 -1 -1 -1 9 1 -1 -1 -1 -1 9 9 9 1 -1 1 -1 -1 -1 
1 1 -1 -1 1 9 1 1 33 33 -1 -1 -1 -1 -1 33 1 1 -1 1 
1 1 1 9 9 9 9 -1 33 33 -1 -1 -1 1 1 1 1 -1 1 1 
9 1 1 1 1 1 1 -1 -1 -1 -1 9 -1 -1 -1 1 1 1 -1 1 
1 1 -1 1 -1 1 1 -1 -1 -1 -1 -1 9 9 1 -1 -1 -1 -1 9 
9 9 -1 -1 -1 1 -1 -1 -1 -1 -1 9 9 1 1 -1 1 9 9 9 
-1 9 9 1 -1 -1 -1 -1 -1 -1 -1 1 1 1 -1 1 1 9 9 9 
1 -1 1 1 -1 -1 -1 -1 -1 9 9 1 1 -1 -1 -1 -1 -1 9 9 
-1 1 1 1 -1 -1 1 -1 9 9 -1 1 1 1 -1 -1 -1 -1 9 -1 
-1 -1 1 1 -1 1 1 1 -1 -1 -1 1 -1 1 1 -1 9 9 9 -1 
-1 -1 33 9 -1 -1 -1 -1 -1 -1 -1 1 -1 -1 9 40 1 33 -1 -1 
-1 -1 -1 -1 -1 -1 -1 -1 1 -1 -1 -1 -1 9 -1 1 33 33 -1 9 
33 -1 -1 41 -1 3 -1 -1 -1 1 -1 -1 -1 -1 33 33 9 33 33 33 
41 41 41 -1 -1 -1 -1 -1 -1 -1 -1 -1 -1 -1 33 -1 -1 9 33 41 
41 41 -1 33 33 -1 33 -1 33 -1 -1 -1 -1 -1 -1 -1 -1 -1 -1 33 
41 41 9 33 33 33 33 33 41 -1 33 33 -1 -1 33 -1 41 -1 -1 -1 
41 41 9 -1 33 33 33 41 33 33 33 -1 -1 33 -1 -1 41 -1 -1 -1 
41 -1 -1 -1 33 33 33 33 -1 33 33 -1 -1 -1 -1 -1 41 -1 -1 1 
1 41 -1 -1 -1 33 33 -1 33 -1 33 33 1 33 -1 41 41 -1 -1 1 
-1 41 -1 -1 33 33 3 33 -1 33 33 33 33 1 -1 -1 41 3 -1 -1 
3 -1 33 -1 33 -1 33 33 -1 -1 33 33 33 33 3 3 -1 -1 -1 -1 
-1 33 -1 33 1 -1 33 -1 -1 -1 -1 33 33 33 -1 -1 -1 -1 -1 3 
-1 9 1 1 33 1 33 33 -1 -1 -1 -1 33 33 3 3 3 3 3 -1 
-1 -1 1 1 1 5 -1 -1 -1 -1 -1 -1 -1 1 3 3 -1 3 3 9 
9 1 1 1 -1 5 -1 -1 -1 -1 -1 -1 1 -1 1 -1 1 -1 -1 -1 
9 1 1 -1 -1 -1 -1 -1 -1 -1 -1 -1 -1 9 1 -1 -1 1 -1 9 
1 1 1 1 -1 -1 -1 -1 9 9 9 -1 9 -1 -1 1 1 -1 -1 -1 
9 1 9 1 -1 -1 -1 -1 -1 9 9 9 1 1 -1 1 1 1 1 -1 
33 9 -1 40 40 1 -1 -1 -1 -1 -1 9 1 -1 -1 -1 -1 -1 1 -1 
-1 33 -1 9 -1 1 1 -1 -1 -1 9 9 -1 9 -1 40 1 1 1 33 
9 9 9 -1 -1 9 -1 -1 3 -1 9 -1 9 -1 -1 -1 40 9 9 9 
9 9 -1 3 3 -1 9 9 9 9 -1 9 -1 -1 -1 40 9 9 -1 -1 
9 -1 9 9 -1 3 -1 9 9 9 9 -1 -1 -1 -1 9 9 9 9 9 
-1 9 9 9 -1 9 3 -1 -1 -1 9 -1 -1 40 40 9 9 9 40 9 
9 9 9 9 9 9 9 9 9 9 -1 -1 -1 40 40 40 9 9 9 9 
9 -1 9 -1 9 -1 9 9 9 9 9 9 -1 -1 40 9 40 9 9 -1 
-1 9 -1 -1 9 -1 -1 9 9 -1 9 -1 -1 -1 40 40 9 9 9 9 
-1 9 9 -1 -1 -1 9 9 -1 9 -1 9 9 9 9 9 9 9 9 9 
9 9 9 -1 3 9 9 -1 9 9 -1 -1 -1 1 1 -1 9 9 9 9 
9 9 9 9 3 3 3 9 9 9 9 -1 -1 -1 1 -1 9 1 9 9 
9 9 9 9 3 -1 3 9 -1 -1 9 -1 9 -1 -1 9 9 1 -1 9 
9 9 -1 -1 -1 -1 -1 -1 9 1 1 9 9 9 9 1 -1 9 -1 -1 
9 9 -1 -1 -1 -1 -1 9 1 -1 1 9 9 9 9 -1 1 1 -1 3 
3 -1 3 -1 -1 3 -1 1 1 9 9 9 9 9 -1 -1 1 1 -1 3 
3 3 3 -1 3 -1 3 9 -1 1 9 9 9 -1 -1 -1 9 1 -1 -1 
-1 -1 3 3 3 -1 9 -1 -1 9 -1 9 9 -1 9 9 1 9 -1 -1 
1 -1 -1 1 3 3 -1 -1 9 9 -1 -1 9 -1 1 1 9 9 3 3 
3 1 9 -1 1 1 9 -1 9 9 -1 9 -1 9 9 9 9 40 3 -1 
9 -1 -1 9 -1 9 9 1 9 -1 9 -1 -1 9 -1 9 3 40 40 9 
-1 9 1 -1 9 9 1 -1 3 -1 -1 -1 -1 -1 -1 40 40 40 9 9 
9 9 9 9 -1 9 -1 9 9 9 8 -1 9 9 9 9 -1 9 9 -1 
9 -1 9 9 9 -1 -1 -1 -1 9 -1 8 -1 9 9 -1 9 9 9 9 
9 9 9 9 9 6 6 6 -1 9 -1 9 8 9 9 9 9 9 9 9 
9 9 9 9 9 -1 6 -1 -1 -1 -1 9 9 9 9 9 9 -1 9 9 
9 9 9 9 6 9 -1 -1 -1 -1 -1 -1 -1 -1 9 9 -1 9 9 9 
9 9 9 6 -1 -1 -1 -1 -1 -1 9 9 9 9 9 -1 -1 -1 9 9 
-1 9 -1 6 -1 -1 6 -1 9 9 9 9 9 9 -1 9 9 -1 -1 9 
9 9 -1 -1 6 9 -1 6 -1 9 9 9 9 9 9 9 9 9 9 9 
-1 9 9 -1 -1 9 -1 -1 9 8 9 -1 9 9 9 9 9 -1 9 9 
9 9 9 9 9 9 -1 9 8 9 -1 9 9 -1 -1 -1 -1 -1 -1 -1 
9 9 -1 -1 -1 9 9 -1 -1 -1 -1 9 9 9 -1 -1 -1 -1 -1 9 
9 -1 -1 9 -1 -1 9 -1 -1 -1 9 9 -1 9 9 -1 9 9 9 3 
-1 9 9 9 9 9 9 9 9 9 9 -1 3 9 -1 3 9 3 3 9 
9 -1 8 -1 9 -1 9 9 9 9 9 9 9 9 9 -1 3 -1 3 3 
-1 8 9 9 -1 9 -1 -1 -1 9 9 -1 9 9 3 -1 -1 -1 -1 9 
9 8 -1 -1 9 9 9 9 9 -1 9 -1 3 3 -1 3 3 3 -1 -1 
-1 8 9 9 9 9 -1 9 9 -1 -1 9 -1 3 -1 -1 -1 -1 -1 -1 
-1 -1 -1 9 9 9 -1 9 9 -1 9 9 9 -1 9 -1 9 9 9 9 
9 -1 9 9 9 9 9 9 9 9 9 9 9 9 -1 9 -1 9 9 9 
9 9 -1 9 9 9 9 9 9 9 9 -1 -1 -1 -1 9 9 9 9 9 
9 9 9 -1 -1 -1 -1 -1 1 -1 -1 9 -1 9 -1 -1 -1 9 9 9 
9 9 9 9 9 -1 9 1 -1 9 9 9 9 9 -1 9 -1 9 9 9 
9 9 -1 8 9 9 9 1 9 9 -1 -1 -1 -1 -1 9 9 9 9 9 
9 -1 9 9 8 -1 -1 9 9 -1 8 9 9 9 -1 9 9 9 9 -1 
9 -1 9 9 9 9 9 -1 -1 8 -1 9 9 1 1 -1 -1 9 9 9 
-1 -1 40 9 9 -1 -1 9 8 8 9 -1 9 9 1 -1 -1 9 -1 9 
40 40 40 8 9 -1 -1 9 -1 9 9 40 40 9 1 -1 9 -1 -1 -1 
9 9 8 9 9 9 9 8 8 8 40 -1 40 9 -1 -1 1 1 -1 -1 
-1 9 9 9 9 9 9 9 9 9 9 9 3 3 40 1 1 1 9 9 
9 9 9 9 9 9 9 9 -1 9 -1 -1 3 40 40 40 1 -1 9 9 
9 9 9 -1 9 -1 9 9 -1 -1 9 3 3 40 40 -1 40 9 -1 -1 
9 9 -1 9 -1 9 -1 9 9 9 9 9 9 3 -1 -1 9 9 3 -1 
6 3 3 -1 9 -1 9 -1 -1 -1 9 9 9 -1 -1 9 9 9 9 3 
6 6 9 9 9 9 9 9 9 -1 9 9 -1 3 9 -1 -1 9 9 9 
6 -1 -1 9 -1 9 9 9 -1 9 -1 9 9 9 -1 -1 -1 -1 9 -1 
-1 -1 -1 -1 -1 9 -1 -1 -1 -1 9 9 -1 9 -1 9 -1 -1 9 9 
-1 -1 -1 9 9 -1 9 9 -1 -1 -1 -1 9 9 9 -1 -1 9 9 -1 
-1 9 9 9 -1 9 9 -1 9 -1 -1 -1 9 9 9 9 9 9 40 -1 
9 -1 9 9 9 9 9 -1 9 -1 -1 -1 9 -1 -1 9 9 9 9 40 
9 9 9 9 -1 9 9 -1 -1 9 -1 -1 9 9 -1 9 9 9 9 9 
9 9 9 9 9 40 9 -1 9 1 1 1 9 9 -1 9 9 9 40 8 
9 9 40 9 40 9 9 9 9 1 -1 1 1 9 -1 -1 9 -1 40 8 
1 9 -1 40 40 9 9 40 9 9 9 9 9 9 9 9 9 -1 -1 -1 
9 1 -1 -1 9 9 41 40 9 9 -1 9 9 -1 9 -1 -1 9 -1 9 
9 -1 -1 9 -1 41 40 40 40 3 9 3 9 9 -1 -1 9 -1 9 -1 
9 9 -1 -1 -1 40 40 9 9 9 3 3 -1 9 -1 9 1 9 9 9 
9 9 9 9 40 9 9 9 9 9 9 3 -1 9 9 1 9 1 9 9 
9 9 9 9 -1 -1 9 -1 -1 9 9 -1 -1 9 9 9 1 9 9 9 
9 9 9 9 -1 -1 -1 1 1 1 -1 -1 -1 9 9 9 9 9 -1 9 
9 9 -1 9 9 -1 9 9 9 3 -1 -1 9 9 9 9 9 40 40 9 
9 9 9 9 9 9 9 9 9 3 -1 9 -1 9 9 -1 9 9 9 9 
9 9 9 9 9 9 9 9 9 40 9 9 9 9 9 9 -1 40 9 9 
9 9 40 9 9 9 9 9 9 -1 40 9 40 9 9 9 -1 -1 -1 9 
1 1 9 9 9 9 9 9 9 8 9 40 40 -1 9 9 9 1 1 1 
1 -1 -1 9 1 1 9 9 9 8 9 -1 9 9 9 9 9 -1 1 1 
1 9 9 9 -1 9 -1 -1 9 9 8 9 -1 9 -1 9 9 1 1 -1 
-1 9 9 9 9 9 -1 9 -1 9 9 -1 9 9 9 9 1 9 9 9 
9 -1 -1 -1 9 9 9 9 -1 9 -1 -1 9 9 9 9 1 1 9 9 
-1 -1 -1 -1 -1 9 9 9 9 1 1 9 9 9 9 9 9 9 9 9 
9 9 9 9 9 40 9 9 9 1 9 9 1 -1 -1 -1 -1 -1 40 40 
-1 -1 -1 9 9 9 9 9 -1 9 9 9 1 -1 9 9 9 9 9 9 
1 1 -1 9 9 9 9 -1 9 9 9 9 -1 -1 9 -1 9 9 9 -1 
1 -1 -1 -1 9 -1 -1 -1 9 9 9 -1 -1 -1 9 9 -1 -1 9 9 
9 2 -1 -1 -1 9 9 3 9 9 9 -1 9 9 9 9 -1 9 9 -1 
3 -1 2 2 9 2 9 -1 9 9 9 9 -1 -1 -1 -1 9 9 9 9 
-1 -1 9 2 2 -1 -1 -1 9 9 9 9 -1 9 1 -1 9 9 9 9 
2 2 -1 2 9 2 -1 9 9 -1 9 9 -1 9 -1 1 9 -1 9 -1 
9 9 -1 2 9 9 9 9 9 9 9 9 -1 9 1 1 -1 9 -1 9 
9 -1 9 -1 9 -1 -1 -1 9 9 9 9 -1 9 9 1 9 9 -1 1 
9 9 9 9 9 -1 9 9 9 9 9 9 9 9 9 9 -1 -1 -1 1 
9 9 41 9 9 9 9 9 9 9 9 -1 9 -1 -1 1 9 -1 -1 9 
1 9 41 -1 9 -1 -1 9 -1 9 -1 -1 1 -1 -1 1 -1 9 9 1 
1 40 40 9 -1 -1 -1 -1 -1 9 -1 -1 -1 1 1 9 9 9 -1 -1 
9 41 41 40 -1 -1 -1 9 -1 -1 9 1 1 -1 -1 9 9 -1 -1 9 
9 -1 -1 40 40 9 9 -1 9 -1 9 -1 1 -1 9 9 9 -1 -1 -1 
9 9 9 9 9 -1 -1 -1 -1 9 -1 -1 -1 9 -1 9 1 9 -1 9 
9 -1 9 9 -1 -1 9 -1 9 9 -1 -1 -1 -1 -1 -1 1 9 1 9 
9 9 9 9 9 -1 9 9 9 9 9 9 9 9 -1 9 9 9 9 9 
9 9 -1 9 9 -1 -1 -1 9 -1 9 9 9 9 9 9 9 -1 9 9 
-1 9 9 9 -1 9 9 9 9 -1 -1 1 9 9 9 9 9 9 9 9 
-1 -1 -1 -1 1 -1 1 -1 1 -1 -1 -1 9 -1 5 5 5 -1 -1 -1 
-1 -1 -1 -1 -1 -1 1 1 -1 -1 -1 -1 9 -1 5 -1 9 -1 41 41 
-1 1 1 -1 -1 1 -1 -1 1 -1 -1 -1 -1 -1 -1 5 40 41 -1 -1 
-1 -1 9 -1 1 -1 -1 1 1 -1 -1 -1 -1 -1 5 40 40 -1 41 -1 
-1 1 9 1 9 -1 9 9 -1 9 -1 -1 -1 -1 40 41 -1 41 -1 -1 
-1 9 9 9 -1 9 -1 9 9 9 9 -1 -1 -1 -1 41 40 -1 1 -1 
1 -1 -1 9 9 9 -1 -1 -1 -1 -1 1 1 33 1 33 -1 -1 -1 1 
1 -1 -1 9 9 9 -1 -1 -1 -1 -1 1 -1 33 1 1 -1 9 9 1 
1 -1 9 -1 -1 -1 -1 1 -1 1 1 1 -1 9 41 -1 -1 -1 1 -1 
-1 -1 -1 -1 -1 -1 1 -1 1 1 -1 -1 1 1 -1 1 1 1 -1 3 
3 -1 -1 -1 -1 -1 1 1 -1 1 1 -1 9 1 -1 10 1 -1 -1 -1 
10 3 3 -1 9 1 1 -1 1 1 1 -1 -1 9 10 10 10 10 -1 -1 
10 9 9 -1 -1 1 1 1 1 1 -1 -1 9 9 -1 -1 10 10 -1 3 
10 9 9 9 -1 1 9 9 9 -1 -1 3 9 -1 10 10 -1 10 -1 -1 
10 -1 9 10 -1 1 9 -1 9 9 9 -1 1 -1 -1 10 2 2 -1 10 
10 10 10 10 -1 -1 -1 -1 9 -1 -1 9 1 1 -1 2 -1 2 -1 2 
-1 1 -1 10 -1 1 -1 -1 9 9 9 1 1 9 9 -1 -1 -1 2 10 
1 1 -1 -1 1 -1 -1 1 1 9 9 9 9 9 1 1 -1 1 -1 1 
1 1 -1 -1 -1 -1 -1 9 9 9 1 -1 -1 1 -1 1 -1 1 -1 1 
-1 1 1 -1 -1 -1 1 -1 3 9 9 1 1 -1 -1 -1 1 5 5 -1 
-1 -1 -1 9 -1 9 3 3 3 3 -1 -1 1 3 3 3 3 -1 1 1 
-1 -1 9 9 9 -1 -1 3 3 3 1 1 -1 -1 3 3 3 -1 1 1 
-1 9 9 9 9 9 -1 3 1 1 1 1 -1 -1 3 3 3 1 -1 1 
-1 -1 9 9 9 9 9 1 -1 1 1 -1 1 3 3 3 -1 1 1 -1 
-1 9 9 9 9 9 9 -1 -1 -1 -1 -1 -1 -1 3 -1 3 -1 -1 -1 
-1 9 9 9 9 9 -1 -1 -1 -1 1 -1 -1 -1 -1 -1 -1 -1 -1 -1 
-1 -1 1 -1 1 -1 -1 -1 -1 -1 -1 -1 -1 -1 -1 -1 -1 -1 -1 -1 
-1 -1 -1 -1 -1 -1 -1 -1 -1 -1 3 -1 3 3 -1 -1 -1 -1 -1 -1 
-1 1 1 -1 1 -1 -1 -1 -1 3 3 3 -1 3 3 3 -1 -1 -1 -1 
-1 -1 1 1 -1 -1 -1 -1 -1 3 1 3 -1 3 -1 3 1 1 -1 -1 
1 -1 -1 1 -1 -1 -1 -1 3 -1 1 -1 3 3 3 3 -1 1 -1 1 
1 1 1 1 -1 -1 -1 -1 -1 3 3 3 3 3 -1 3 3 1 1 1 
1 1 1 3 1 -1 -1 -1 3 3 3 -1 -1 3 -1 3 1 3 1 -1 
1 -1 -1 1 3 3 -1 -1 -1 3 -1 -1 2 -1 3 3 -1 3 -1 -1 
-1 -1 3 3 1 -1 1 9 3 3 3 -1 -1 -1 3 3 -1 3 3 -1 
-1 5 -1 3 -1 -1 -1 9 -1 -1 -1 3 9 9 -1 -1 -1 1 5 -1 
5 -1 3 3 -1 9 -1 -1 9 9 -1 -1 9 9 -1 -1 -1 1 -1 5 
-1 -1 -1 -1 -1 -1 -1 -1 -1 9 9 9 -1 -1 1 -1 -1 -1 -1 5 
1 -1 -1 -1 -1 9 9 -1 -1 9 9 -1 3 -1 1 -1 1 1 1 1 
1 -1 -1 1 -1 9 9 -1 -1 -1 9 3 3 3 3 -1 9 1 -1 -1 
-1 -1 6 6 6 6 -1 3 -1 3 -1 1 1 1 -1 -1 1 -1 3 3 
-1 6 6 -1 6 -1 -1 3 -1 3 3 -1 -1 -1 -1 1 3 3 -1 -1 
-1 -1 6 1 -1 -1 -1 3 -1 3 3 -1 -1 3 -1 -1 3 3 -1 -1 
9 9 1 -1 1 -1 -1 -1 3 -1 3 3 3 3 3 -1 3 1 -1 1 
9 -1 -1 1 1 1 -1 -1 3 3 3 -1 3 3 3 3 -1 -1 1 1 
-1 -1 -1 -1 -1 -1 1 -1 -1 3 3 3 3 3 -1 -1 -1 -1 1 -1 
-1 -1 -1 -1 -1 -1 -1 1 3 3 -1 3 -1 3 1 -1 -1 -1 5 -1 
-1 -1 -1 -1 -1 -1 -1 -1 -1 3 -1 -1 1 -1 1 1 -1 1 5 5 
-1 -1 -1 -1 -1 -1 -1 -1 -1 -1 -1 -1 3 1 -1 -1 -1 -1 -1 5 
-1 -1 -1 5 -1 -1 1 1 -1 3 -1 3 3 -1 -1 -1 -1 1 5 -1 
-1 -1 5 5 -1 -1 1 1 -1 -1 -1 -1 -1 3 1 1 -1 1 -1 -1 
-1 -1 -1 -1 -1 1 1 1 1 -1 -1 3 3 3 1 -1 -1 1 1 -1 
-1 -1 -1 -1 -1 -1 -1 -1 3 2 -1 3 3 -1 1 1 -1 -1 -1 -1 
-1 -1 -1 -1 -1 -1 -1 -1 3 3 -1 3 -1 1 -1 1 1 -1 -1 -1 
-1 -1 3 -1 -1 -1 9 -1 -1 3 3 -1 1 1 -1 1 -1 1 1 -1 
-1 -1 -1 3 -1 -1 9 -1 3 -1 3 3 1 1 1 -1 -1 1 1 -1 
-1 -1 1 -1 -1 -1 -1 3 3 3 3 3 3 -1 -1 -1 3 -1 1 1 
-1 -1 1 -1 3 3 -1 3 3 -1 -1 3 3 -1 -1 3 -1 3 -1 -1 
-1 -1 -1 -1 -1 -1 3 3 -1 -1 -1 3 -1 -1 -1 -1 3 -1 -1 -1 
-1 6 -1 -1 -1 -1 3 -1 3 3 -1 1 -1 -1 -1 -1 -1 -1 -1 3 
5 -1 -1 -1 -1 -1 -1 -1 1 1 1 3 3 1 -1 1 5 5 -1 1 
-1 -1 -1 -1 -1 -1 -1 3 3 -1 1 -1 1 1 -1 -1 1 5 -1 5 
-1 -1 -1 1 1 1 3 3 3 1 1 -1 -1 1 -1 -1 -1 1 -1 -1 
-1 -1 -1 5 5 -1 1 3 3 1 -1 -1 -1 1 3 3 1 -1 -1 -1 
-1 1 -1 -1 3 1 3 3 3 -1 -1 -1 -1 -1 1 3 1 1 -1 -1 
-1 1 1 3 3 -1 -1 -1 1 1 -1 -1 -1 -1 1 1 1 -1 1 -1 
-1 -1 -1 1 3 3 -1 1 1 1 -1 -1 -1 -1 -1 1 1 -1 1 -1 
-1 -1 1 -1 3 -1 -1 -1 3 -1 -1 -1 -1 -1 -1 -1 1 1 -1 -1 
-1 -1 -1 1 1 -1 -1 -1 -1 -1 -1 -1 -1 -1 -1 -1 1 1 -1 -1 
-1 1 1 -1 1 -1 -1 -1 -1 -1 -1 -1 -1 -1 -1 -1 -1 -1 1 -1 
-1 -1 -1 1 -1 -1 -1 1 -1 -1 -1 -1 -1 1 1 1 1 -1 1 -1 
-1 -1 -1 -1 -1 -1 -1 1 1 9 -1 9 1 1 1 1 -1 1 1 -1 
-1 -1 -1 -1 -1 1 1 -1 1 1 1 9 9 1 1 1 -1 -1 -1 -1 
-1 1 1 -1 -1 1 -1 -1 1 1 1 1 1 -1 -1 -1 -1 -1 1 1 
-1 1 1 1 -1 -1 -1 -1 1 1 1 -1 1 -1 -1 -1 -1 -1 -1 -1 
-1 -1 1 -1 -1 1 1 1 1 1 -1 -1 -1 -1 -1 -1 -1 -1 -1 -1 
-1 -1 -1 -1 -1 -1 -1 1 1 -1 1 -1 -1 -1 -1 -1 -1 -1 -1 1 
1 -1 1 -1 -1 -1 -1 1 1 1 1 -1 -1 -1 -1 1 -1 -1 1 1 
1 1 -1 1 -1 -1 -1 -1 -1 -1 1 1 -1 -1 -1 1 1 -1 1 1 
-1 -1 -1 -1 -1 -1 1 1 -1 1 1 3 1 1 -1 -1 1 1 1 1 
-1 -1 -1 9 9 2 2 -1 -1 -1 -1 1 1 -1 -1 -1 -1 -1 -1 -1 
-1 -1 -1 -1 -1 2 2 2 2 -1 -1 -1 1 -1 -1 -1 -1 -1 -1 -1 
-1 -1 -1 -1 -1 -1 2 2 -1 2 -1 -1 -1 -1 -1 -1 -1 -1 1 -1 
-1 -1 -1 -1 2 2 -1 2 2 -1 -1 -1 -1 -1 3 -1 -1 1 -1 -1 
-1 -1 -1 -1 -1 -1 -1 2 2 -1 -1 -1 -1 -1 3 -1 -1 1 -1 -1 
-1 -1 -1 -1 -1 -1 -1 -1 -1 -1 -1 -1 -1 3 -1 -1 -1 -1 -1 -1 
-1 -1 -1 -1 -1 -1 -1 -1 -1 -1 -1 -1 -1 1 -1 -1 -1 -1 -1 -1 
-1 -1 -1 -1 -1 -1 -1 -1 -1 -1 -1 -1 -1 3 1 3 -1 -1 -1 -1 
1 -1 -1 -1 -1 1 -1 -1 -1 -1 -1 -1 -1 1 -1 3 -1 -1 -1 1 
-1 -1 -1 1 -1 1 -1 -1 -1 -1 -1 1 -1 -1 -1 -1 -1 -1 -1 1 
1 1 -1 1 -1 1 1 -1 1 1 1 -1 -1 -1 -1 -1 -1 1 1 1 
-1 -1 1 -1 1 1 1 1 6 -1 1 -1 -1 1 1 1 -1 1 1 -1 
-1 -1 1 -1 -1 -1 -1 -1 -1 6 -1 1 1 -1 -1 -1 1 -1 -1 -1 
1 -1 1 1 1 -1 -1 -1 -1 -1 -1 -1 -1 9 -1 9 -1 -1 -1 1 
-1 -1 1 1 -1 -1 -1 -1 -1 -1 -1 -1 9 9 9 -1 -1 -1 -1 1 
1 -1 -1 -1 -1 -1 -1 -1 -1 -1 -1 -1 9 9 -1 -1 -1 1 1 1 
-1 -1 -1 -1 -1 -1 -1 -1 -1 -1 -1 -1 -1 -1 -1 -1 -1 -1 1 -1 
-1 -1 1 -1 -1 -1 -1 -1 -1 -1 -1 1 -1 -1 -1 -1 -1 1 1 -1 
-1 -1 1 -1 -1 -1 -1 -1 -1 -1 1 1 -1 -1 -1 -1 -1 -1 1 -1 
-1 -1 9 1 9 2 -1 2 -1 -1 1 1 -1 -1 -1 -1 -1 -1 -1 -1 
1 9 -1 -1 -1 -1 -1 -1 -1 -1 -1 1 -1 -1 -1 -1 -1 -1 1 -1 
-1 -1 -1 -1 -1 -1 -1 -1 -1 -1 -1 1 1 -1 -1 -1 1 1 -1 -1 
1 -1 -1 -1 -1 1 1 -1 -1 -1 -1 1 1 1 -1 -1 1 -1 -1 1 
1 1 -1 -1 -1 -1 -1 -1 -1 -1 1 1 -1 -1 -1 -1 1 1 1 -1 
1 -1 1 -1 -1 -1 9 -1 -1 1 1 -1 1 -1 -1 1 -1 -1 -1 1 
-1 1 -1 -1 9 -1 9 -1 -1 -1 1 -1 -1 -1 -1 -1 13 1 -1 -1 
9 9 1 1 9 9 9 9 -1 -1 -1 -1 -1 -1 41 -1 1 -1 -1 -1 
-1 1 -1 -1 1 1 -1 -1 -1 -1 -1 13 -1 41 -1 41 7 -1 -1 -1 
9 9 -1 -1 -1 1 1 -1 -1 -1 -1 13 -1 -1 -1 -1 7 -1 -1 9 
9 -1 -1 -1 -1 -1 -1 -1 -1 -1 -1 13 -1 -1 -1 -1 -1 7 7 1 
1 -1 -1 1 -1 -1 -1 -1 1 -1 -1 1 9 -1 -1 -1 -1 -1 1 1 
-1 1 1 -1 -1 -1 -1 -1 -1 1 1 -1 -1 9 -1 -1 1 1 1 -1 
-1 -1 -1 -1 1 -1 -1 1 1 1 -1 -1 9 -1 -1 -1 -1 -1 1 1 
-1 -1 1 1 -1 -1 1 1 1 1 1 -1 -1 -1 -1 -1 -1 -1 -1 1 
-1 -1 -1 1 -1 -1 -1 1 -1 -1 1 -1 -1 -1 -1 -1 -1 1 1 -1 
-1 -1 -1 1 -1 -1 -1 -1 -1 -1 -1 -1 -1 -1 -1 1 1 -1 -1 -1 
-1 -1 9 -1 -1 -1 -1 -1 -1 -1 -1 1 -1 -1 -1 1 1 1 -1 -1 
-1 9 -1 9 -1 -1 -1 -1 -1 -1 1 -1 1 -1 1 1 1 1 1 1 
-1 -1 9 9 -1 -1 -1 -1 -1 1 1 -1 -1 1 -1 -1 -1 -1 -1 1 
-1 -1 9 9 -1 -1 -1 -1 -1 3 -1 -1 -1 -1 -1 -1 -1 -1 -1 1 
1 9 13 13 13 -1 -1 -1 13 13 -1 -1 13 -1 1 -1 -1 -1 -1 9 
-1 9 -1 9 -1 -1 -1 -1 -1 -1 -1 1 -1 -1 1 1 9 13 -1 9 
9 13 9 9 13 -1 -1 -1 -1 -1 1 -1 -1 -1 1 1 13 13 13 -1 
9 9 13 13 13 13 -1 -1 -1 -1 -1 -1 -1 -1 -1 1 1 13 -1 9 
-1 -1 9 9 13 13 13 -1 -1 -1 -1 5 -1 -1 -1 -1 -1 13 13 -1 
-1 -1 -1 -1 -1 13 -1 -1 5 5 5 5 -1 -1 -1 -1 13 13 -1 -1 
-1 -1 -1 -1 -1 -1 -1 -1 -1 5 -1 41 -1 -1 -1 13 13 -1 -1 -1 
-1 -1 -1 5 -1 -1 -1 -1 5 -1 41 -1 41 -1 -1 -1 13 -1 -1 -1 
-1 5 5 -1 5 -1 -1 -1 -1 -1 -1 -1 -1 41 41 -1 -1 -1 -1 -1 
-1 1 -1 5 -1 -1 -1 -1 -1 -1 -1 -1 41 41 41 9 9 -1 -1 -1 
7 -1 7 7 -1 -1 -1 -1 -1 -1 -1 -1 41 41 9 9 9 9 -1 -1 
7 7 7 -1 -1 -1 -1 -1 13 -1 -1 41 41 41 9 9 9 13 13 7 
7 7 6 -1 -1 -1 7 13 13 13 -1 41 -1 -1 -1 13 13 -1 -1 7 
41 6 -1 -1 -1 -1 13 -1 -1 -1 -1 41 -1 -1 -1 -1 13 13 7 41 
6 7 7 7 -1 13 13 -1 -1 -1 41 -1 -1 -1 -1 -1 13 -1 -1 7 
7 -1 7 7 -1 7 13 -1 13 -1 -1 13 -1 -1 -1 -1 -1 -1 -1 -1 
7 7 7 7 7 -1 13 13 13 13 13 -1 -1 -1 -1 -1 1 -1 -1 -1 
7 -1 7 -1 -1 1 -1 -1 13 13 13 13 -1 9 -1 1 1 -1 -1 7 
-1 -1 13 13 -1 13 -1 13 -1 13 13 13 13 -1 9 -1 1 1 -1 -1 
-1 -1 -1 13 13 13 13 13 13 13 13 13 13 -1 -1 -1 -1 -1 1 1 
-1 -1 1 1 1 1 1 1 33 33 33 1 1 5 5 5 5 33 33 -1 
-1 13 1 1 -1 -1 1 1 1 -1 -1 1 1 -1 5 5 -1 5 5 -1 
-1 -1 13 1 -1 -1 -1 5 1 5 1 -1 5 -1 -1 -1 4 5 5 -1 
-1 13 1 13 13 -1 -1 5 -1 5 5 5 5 -1 -1 -1 -1 -1 5 -1 
13 -1 13 -1 -1 1 1 5 5 5 5 5 -1 -1 -1 -1 5 -1 -1 -1 
-1 -1 -1 -1 -1 -1 1 -1 5 -1 5 5 -1 -1 -1 5 5 -1 -1 -1 
-1 -1 -1 5 -1 -1 -1 5 5 5 5 5 -1 -1 -1 -1 -1 -1 -1 -1 
13 -1 5 -1 5 33 5 -1 7 5 5 5 -1 5 33 1 -1 -1 -1 -1 
-1 13 -1 5 5 -1 33 33 7 7 -1 7 -1 5 33 7 -1 -1 -1 -1 
-1 -1 13 5 -1 33 33 33 -1 -1 7 9 -1 -1 9 13 7 -1 -1 -1 
-1 -1 13 13 13 33 33 33 13 -1 -1 9 9 9 13 13 -1 1 33 -1 
-1 -1 13 33 33 33 -1 -1 -1 -1 9 9 9 13 -1 41 1 33 -1 -1 
-1 -1 13 4 -1 5 -1 -1 -1 9 -1 9 -1 -1 13 13 33 33 -1 -1 
-1 -1 -1 4 4 5 -1 -1 -1 -1 -1 -1 -1 -1 -1 -1 -1 -1 -1 -1 
13 -1 -1 -1 -1 -1 -1 -1 -1 -1 7 -1 -1 -1 7 -1 6 -1 -1 -1 
13 13 41 -1 -1 -1 -1 -1 -1 -1 7 7 7 7 7 33 33 33 13 -1 
-1 -1 -1 41 -1 41 -1 5 5 7 -1 7 7 7 7 5 33 -1 13 -1 
-1 -1 -1 -1 41 -1 5 -1 5 -1 7 7 7 5 5 33 33 33 33 33 
-1 -1 -1 41 -1 5 5 33 1 1 -1 -1 -1 5 -1 -1 -1 -1 -1 -1 
-1 -1 -1 1 1 1 1 5 33 33 33 -1 5 -1 5 -1 -1 5 33 -1 
5 5 -1 -1 -1 4 -1 -1 5 5 5 5 5 5 -1 -1 5 9 9 5 
5 -1 -1 5 -1 -1 4 5 5 5 5 -1 -1 5 -1 5 7 5 9 5 
5 5 5 5 5 4 5 -1 -1 5 5 -1 -1 -1 -1 -1 -1 7 5 5 
-1 4 5 5 4 -1 -1 5 5 -1 5 -1 -1 -1 -1 -1 -1 -1 -1 -1 
-1 13 -1 13 -1 -1 5 -1 5 -1 -1 -1 -1 -1 -1 -1 -1 -1 5 13 
5 -1 13 13 -1 5 5 5 5 -1 -1 -1 -1 -1 -1 13 -1 13 13 5 
-1 -1 -1 13 5 -1 5 5 5 5 -1 -1 5 5 -1 13 -1 13 13 5 
13 13 13 5 5 5 -1 -1 5 -1 5 -1 5 9 5 -1 13 -1 13 -1 
13 13 -1 5 5 5 -1 5 -1 -1 -1 5 9 5 13 -1 -1 13 -1 13 
13 13 -1 -1 -1 -1 5 5 5 5 5 -1 -1 5 5 -1 -1 13 13 -1 
13 -1 -1 -1 -1 -1 5 5 5 5 5 5 5 -1 -1 -1 13 -1 13 13 
-1 -1 5 -1 -1 -1 5 -1 5 5 5 5 5 -1 -1 33 7 -1 5 13 
-1 5 5 -1 -1 5 5 5 -1 -1 5 -1 5 -1 -1 -1 7 7 5 7 
9 5 5 -1 -1 5 5 5 5 41 -1 9 9 9 9 7 7 7 7 5 
-1 7 -1 -1 5 5 5 5 -1 5 41 5 5 9 9 9 9 7 7 -1 
7 5 5 -1 5 5 5 5 5 9 5 5 5 5 9 9 -1 -1 -1 -1 
-1 5 5 5 -1 5 5 5 -1 5 9 5 5 9 33 33 -1 -1 -1 -1 
5 -1 5 -1 5 5 5 5 -1 -1 9 5 -1 5 9 33 33 9 -1 7 
7 7 5 5 -1 -1 -1 5 -1 5 5 -1 5 5 5 5 9 -1 9 7 
7 6 -1 -1 -1 5 6 5 5 5 -1 -1 -1 5 5 -1 9 9 9 9 
-1 -1 -1 5 5 5 -1 5 7 41 41 -1 5 -1 9 41 -1 -1 -1 -1 
-1 -1 41 41 5 -1 -1 5 5 5 -1 5 5 5 -1 -1 41 41 -1 -1 
-1 -1 -1 -1 -1 -1 -1 -1 -1 -1 5 -1 5 5 -1 13 13 41 -1 41 
-1 -1 -1 -1 -1 -1 -1 -1 -1 -1 -1 5 5 7 5 -1 -1 13 41 -1 
-1 -1 -1 -1 -1 -1 -1 -1 -1 13 -1 7 5 5 -1 5 13 -1 -1 -1 
-1 -1 -1 -1 -1 -1 -1 -1 13 13 -1 -1 13 -1 -1 -1 13 -1 -1 -1 
-1 -1 -1 5 -1 49 -1 -1 13 13 -1 -1 13 -1 -1 33 5 -1 13 -1 
13 -1 5 5 49 49 -1 -1 13 13 13 5 5 5 33 5 5 -1 13 13 
-1 13 -1 -1 -1 -1 49 49 13 13 -1 -1 5 5 -1 -1 -1 5 -1 13 
13 13 -1 -1 -1 -1 -1 7 7 -1 -1 -1 -1 -1 13 -1 -1 13 -1 13 
-1 5 13 -1 -1 -1 5 5 -1 -1 -1 -1 -1 -1 -1 13 13 -1 -1 -1 
-1 -1 5 -1 -1 32 3 3 3 5 -1 -1 -1 -1 -1 -1 -1 -1 -1 -1 
-1 -1 -1 -1 -1 32 32 3 -1 -1 -1 -1 -1 41 -1 -1 13 13 -1 -1 
-1 -1 -1 5 5 5 -1 -1 -1 -1 5 -1 41 41 -1 -1 13 -1 -1 1 
1 1 -1 5 5 33 5 5 -1 -1 5 -1 -1 -1 -1 -1 -1 5 1 1 
1 -1 -1 -1 33 33 33 5 -1 5 5 -1 -1 -1 -1 4 5 -1 -1 1 
-1 -1 -1 -1 5 5 -1 33 5 5 -1 -1 -1 -1 4 13 13 13 1 1 
1 -1 -1 -1 -1 5 5 33 -1 -1 -1 -1 -1 4 4 4 13 13 -1 1 
-1 -1 -1 5 -1 5 5 33 41 41 -1 -1 5 -1 5 4 -1 13 -1 -1 
-1 -1 5 -1 5 -1 5 41 7 41 -1 5 -1 -1 5 -1 -1 -1 -1 -1 
-1 5 5 5 5 5 9 33 9 9 33 -1 -1 2 -1 3 -1 5 5 -1 
5 -1 -1 5 -1 -1 33 9 -1 9 33 33 -1 3 3 -1 3 5 5 -1 
5 -1 -1 -1 42 42 33 -1 9 -1 33 -1 5 -1 3 33 -1 5 5 5 
5 5 5 -1 -1 42 41 41 41 33 -1 5 -1 5 33 -1 5 5 5 5 
-1 -1 5 -1 -1 -1 41 41 41 33 33 5 5 5 33 5 5 5 -1 -1 
-1 5 5 -1 -1 41 -1 41 -1 -1 -1 5 5 33 5 33 5 5 -1 -1 
5 5 5 -1 13 4 -1 33 33 33 -1 5 -1 -1 33 5 5 5 5 5 
7 5 9 13 -1 -1 5 -1 33 33 33 33 -1 5 5 5 -1 5 5 5 
7 -1 5 13 13 9 -1 -1 33 33 33 -1 -1 -1 5 5 5 -1 5 -1 
7 5 13 13 13 9 -1 5 -1 -1 33 5 -1 5 -1 7 5 -1 -1 5 
-1 5 5 13 13 -1 5 5 5 -1 5 5 5 5 5 7 7 7 -1 5 
5 5 -1 13 13 5 5 -1 -1 5 5 5 -1 33 33 7 7 -1 7 -1 
13 5 -1 13 5 5 5 5 -1 -1 5 5 4 33 -1 7 7 7 -1 5 
-1 41 5 5 5 5 -1 -1 -1 -1 -1 5 33 5 -1 -1 -1 7 7 5 
41 41 5 -1 5 5 5 5 5 -1 5 4 -1 5 -1 9 5 -1 3 -1 
41 -1 41 -1 -1 -1 -1 -1 5 5 -1 4 5 -1 9 9 -1 -1 -1 2 
2 -1 -1 -1 -1 -1 5 -1 4 5 -1 -1 5 5 9 9 3 -1 -1 -1 
3 3 -1 -1 -1 5 5 5 5 5 5 -1 -1 2 3 -1 3 -1 7 7 
3 3 -1 -1 5 33 9 5 5 5 5 -1 -1 -1 2 -1 -1 -1 -1 5 
-1 -1 5 5 5 5 -1 9 9 9 -1 -1 -1 2 -1 -1 5 5 -1 5 
41 41 33 33 -1 -1 -1 5 -1 5 -1 -1 5 -1 3 5 -1 -1 41 -1 
41 41 -1 33 33 -1 33 33 5 5 -1 -1 -1 -1 -1 5 5 -1 -1 41 
-1 -1 -1 33 33 33 33 33 -1 -1 7 7 -1 -1 5 5 33 5 -1 -1 
-1 -1 33 33 33 33 -1 1 5 -1 7 7 7 -1 -1 -1 33 33 33 -1 
-1 -1 33 5 5 -1 5 1 5 5 7 7 7 7 33 33 5 33 5 5 
5 -1 -1 5 5 -1 5 33 -1 7 7 -1 -1 -1 33 3 -1 -1 -1 5 
5 -1 -1 -1 5 -1 5 33 33 5 -1 -1 -1 -1 -1 33 -1 -1 -1 5 
5 5 5 5 5 5 5 5 33 5 -1 -1 -1 5 -1 -1 33 -1 -1 -1 
5 5 -1 -1 -1 5 5 -1 5 -1 -1 -1 -1 -1 5 -1 -1 -1 -1 9 
5 5 -1 -1 -1 5 5 5 -1 33 33 33 5 5 5 -1 41 13 -1 -1 
-1 5 -1 5 -1 5 -1 5 -1 33 33 7 7 7 5 -1 -1 5 -1 -1 
-1 5 4 4 5 33 -1 -1 5 -1 -1 33 7 5 33 -1 41 -1 41 41 
-1 5 5 5 33 -1 -1 -1 33 33 33 33 33 33 33 33 41 5 41 41 
41 41 5 5 33 7 7 33 -1 33 33 33 33 33 33 41 41 41 41 41 
-1 41 41 5 5 5 7 33 33 5 -1 -1 -1 33 -1 41 41 41 41 41 
41 -1 41 33 5 5 33 33 33 -1 5 5 -1 5 33 -1 -1 41 41 41 
41 -1 33 41 -1 5 33 33 33 5 5 -1 5 -1 5 5 41 41 -1 -1 
33 33 -1 5 41 5 5 -1 5 5 5 -1 5 5 1 5 -1 -1 -1 41 
41 33 5 33 5 5 5 -1 -1 -1 -1 -1 -1 5 5 -1 -1 41 -1 41 
41 33 33 33 33 5 5 5 5 -1 -1 -1 -1 5 5 3 41 41 -1 41 
-1 -1 5 5 5 -1 5 5 5 5 -1 -1 5 -1 5 5 5 -1 -1 7 
-1 3 -1 5 -1 -1 -1 5 11 -1 5 5 5 5 5 5 5 5 -1 -1 
-1 -1 7 5 -1 5 7 -1 5 11 -1 7 7 -1 5 5 5 5 -1 -1 
5 -1 7 7 5 7 7 -1 33 -1 7 7 -1 -1 -1 5 5 5 5 -1 
-1 5 7 7 7 -1 -1 33 -1 7 7 7 -1 -1 -1 5 5 5 -1 -1 
-1 -1 -1 7 -1 -1 -1 33 5 5 7 -1 -1 -1 -1 -1 5 -1 -1 -1 
33 -1 -1 7 -1 1 5 33 -1 5 6 5 -1 -1 -1 5 5 5 5 33 
33 -1 33 33 1 -1 5 5 5 6 -1 7 5 -1 5 5 -1 5 5 -1 
-1 33 33 1 1 -1 5 5 -1 -1 -1 5 -1 5 5 -1 5 5 5 1 
33 1 1 33 33 1 -1 -1 5 -1 5 -1 5 5 5 -1 -1 5 5 1 
1 1 1 33 33 33 5 5 -1 -1 -1 7 7 -1 -1 5 5 5 5 -1 
1 1 1 -1 33 -1 5 5 5 3 7 3 6 6 -1 5 5 33 -1 1 
33 33 1 33 -1 -1 5 5 5 6 3 -1 5 -1 -1 5 5 5 33 33 
33 33 -1 -1 -1 -1 -1 5 5 5 6 3 5 -1 5 5 5 -1 -1 33 
33 33 33 -1 7 -1 -1 -1 -1 3 3 5 5 5 -1 5 5 5 -1 -1 
33 -1 33 33 7 7 -1 5 -1 3 -1 5 3 -1 -1 -1 5 33 5 33 
33 33 5 7 33 6 5 5 5 5 5 3 5 -1 -1 -1 -1 5 -1 33 
-1 -1 5 5 6 5 -1 5 5 3 3 3 5 -1 -1 -1 7 -1 -1 7 
5 7 -1 5 5 -1 5 5 5 5 5 3 3 -1 -1 -1 -1 -1 7 7 
7 -1 5 5 7 5 5 5 5 -1 -1 -1 -1 5 5 -1 5 7 7 7 
5 5 5 5 5 5 -1 5 5 7 7 7 5 33 -1 5 7 5 5 -1 
-1 5 -1 7 -1 5 5 -1 5 7 7 5 5 33 1 -1 -1 -1 5 5 
7 -1 7 -1 -1 5 5 5 7 -1 -1 5 33 -1 -1 -1 -1 5 -1 -1 
7 7 -1 5 -1 -1 5 -1 -1 7 5 33 -1 33 -1 -1 -1 7 -1 7 
5 -1 5 -1 -1 4 4 -1 -1 7 7 7 5 -1 33 -1 -1 -1 7 5 
5 -1 -1 5 -1 5 5 -1 -1 7 7 7 7 7 33 -1 -1 5 -1 5 
-1 -1 5 5 5 5 -1 -1 7 7 7 -1 -1 7 7 -1 5 5 5 5 
5 7 7 5 5 -1 -1 7 7 7 -1 7 -1 7 7 -1 5 -1 5 5 
-1 -1 5 5 5 1 1 -1 7 -1 7 -1 7 -1 -1 5 5 -1 5 -1 
5 5 5 5 5 -1 -1 -1 -1 7 -1 7 1 -1 5 -1 5 -1 5 5 
-1 5 5 -1 -1 -1 -1 -1 -1 -1 7 1 -1 -1 -1 5 5 -1 -1 5 
-1 5 5 -1 5 5 5 -1 -1 -1 -1 7 -1 -1 -1 -1 5 5 5 -1 
5 5 -1 -1 5 -1 5 5 -1 5 5 -1 -1 7 7 5 5 5 5 5 
7 -1 7 7 7 -1 5 5 5 7 33 7 7 33 7 -1 -1 5 5 5 
7 7 -1 -1 -1 7 7 5 5 7 7 5 33 33 5 -1 -1 -1 5 5 
5 7 7 7 5 -1 5 5 5 5 -1 5 -1 -1 -1 5 5 5 5 5 
5 5 -1 -1 7 5 5 5 5 11 11 5 5 -1 -1 -1 -1 5 5 5 
5 5 -1 5 5 -1 5 5 -1 11 11 5 5 5 -1 5 5 -1 5 3 
5 5 5 5 5 7 -1 -1 -1 9 11 -1 -1 5 5 -1 5 5 5 -1 
5 -1 5 5 5 -1 -1 -1 5 7 7 11 5 5 5 5 -1 5 -1 5 
-1 7 -1 -1 -1 7 5 5 -1 -1 7 7 7 -1 9 9 33 -1 7 7 
5 -1 -1 5 7 6 5 5 5 -1 5 7 -1 -1 -1 5 33 5 5 -1 
-1 5 5 5 7 5 5 5 5 5 5 5 3 -1 5 5 5 -1 5 5 
-1 -1 -1 -1 5 5 5 5 5 5 5 3 5 5 5 5 5 -1 5 5 
5 5 -1 1 5 5 5 5 -1 -1 5 3 5 -1 -1 5 -1 7 -1 5 
-1 -1 -1 -1 -1 5 5 5 -1 -1 -1 5 -1 5 5 -1 -1 -1 5 -1 
-1 -1 -1 7 4 5 5 5 -1 5 5 5 5 5 5 -1 -1 -1 -1 -1 
-1 5 7 5 5 4 5 -1 5 -1 5 5 -1 5 5 -1 -1 -1 7 -1 
5 5 5 -1 -1 5 -1 5 -1 5 -1 5 -1 -1 5 5 -1 -1 -1 7 
5 7 5 5 5 -1 -1 -1 5 -1 5 5 -1 5 5 5 5 5 -1 5 
5 7 5 5 5 5 -1 5 -1 5 5 -1 -1 -1 5 -1 -1 5 -1 5 
-1 7 -1 5 3 7 5 5 -1 3 5 5 3 3 -1 5 -1 5 -1 -1 
-1 -1 -1 3 7 -1 7 5 3 5 3 5 5 -1 7 7 -1 -1 5 5 
-1 -1 -1 5 -1 7 5 5 -1 5 5 5 5 -1 7 7 -1 -1 5 5 
4 5 5 5 5 -1 -1 -1 5 7 7 5 5 -1 -1 -1 -1 -1 5 5 
5 5 -1 5 5 7 -1 5 7 -1 5 -1 5 -1 -1 -1 -1 -1 5 5 
-1 5 -1 -1 7 5 7 5 5 7 5 5 5 -1 33 5 5 5 5 -1 
4 -1 -1 7 -1 -1 7 5 5 7 5 5 7 33 5 5 5 5 -1 4 
-1 -1 7 7 -1 -1 5 5 5 -1 -1 7 5 -1 33 9 -1 -1 -1 4 
6 6 33 33 -1 -1 -1 5 -1 -1 -1 7 -1 5 33 -1 -1 -1 -1 -1 
-1 3 33 -1 -1 -1 -1 5 33 33 -1 -1 5 5 5 33 5 -1 5 -1 
3 3 3 33 -1 -1 5 -1 33 -1 33 -1 5 -1 -1 5 -1 5 5 5 
37 3 33 -1 -1 5 5 5 5 5 5 -1 5 -1 -1 -1 5 5 -1 -1 
5 33 33 5 5 5 5 -1 5 5 5 -1 1 1 -1 -1 -1 5 33 37 
5 5 5 5 5 5 5 5 -1 -1 -1 1 1 33 7 7 5 33 3 -1 
5 5 5 5 -1 5 -1 -1 -1 -1 -1 -1 -1 33 5 5 5 5 3 -1 
-1 5 5 5 5 -1 5 -1 -1 7 -1 1 -1 5 5 5 5 5 1 1 
5 5 5 5 -1 5 5 5 -1 7 1 1 -1 5 5 -1 5 5 -1 1 
-1 5 5 5 5 -1 -1 5 6 5 5 5 -1 -1 -1 -1 -1 5 1 -1 
-1 5 -1 -1 -1 -1 7 7 6 6 6 -1 -1 -1 -1 -1 5 5 5 1 
-1 -1 5 5 7 7 5 6 -1 5 6 -1 -1 5 5 5 5 -1 5 9 
5 5 5 5 7 7 -1 -1 7 5 5 5 -1 5 -1 -1 33 -1 -1 -1 
5 5 7 -1 -1 5 5 7 7 7 5 5 -1 5 5 -1 5 33 -1 5 
5 5 5 5 5 5 5 5 5 -1 -1 -1 -1 4 -1 5 6 33 -1 -1 
5 5 5 5 -1 -1 5 7 -1 -1 -1 -1 4 -1 5 6 37 -1 33 -1 
5 5 -1 -1 5 5 7 -1 5 5 5 5 -1 -1 -1 -1 36 36 6 -1 
5 -1 -1 5 5 -1 7 7 -1 -1 5 5 -1 -1 5 5 37 6 -1 5 
-1 5 -1 5 5 5 -1 7 5 -1 5 -1 5 5 5 4 5 5 -1 5 
-1 -1 5 -1 5 -1 -1 5 -1 -1 5 -1 -1 5 5 4 -1 4 5 -1 
-1 -1 33 -1 -1 -1 5 5 -1 -1 -1 -1 5 5 33 33 4 5 5 5 
5 -1 -1 -1 -1 5 5 5 5 -1 5 5 5 36 -1 5 5 5 5 -1 
-1 -1 -1 5 5 5 -1 -1 5 5 -1 5 5 5 5 -1 5 5 5 -1 
-1 -1 5 -1 5 -1 -1 -1 -1 -1 5 -1 5 -1 5 5 5 5 5 5 
5 -1 -1 5 5 5 5 -1 5 5 5 -1 -1 5 5 5 5 -1 5 5 
5 -1 -1 -1 5 5 -1 5 5 -1 -1 5 5 7 7 5 -1 -1 5 5 
5 5 5 5 -1 5 -1 5 5 5 -1 -1 7 7 7 -1 -1 -1 5 -1 
5 5 5 5 5 5 5 5 5 5 -1 -1 7 -1 -1 45 5 5 -1 -1 
-1 -1 41 5 -1 41 5 -1 -1 5 -1 -1 41 44 5 5 -1 5 -1 -1 
2 41 41 41 -1 41 5 5 -1 5 5 41 41 41 -1 5 5 45 5 -1 
2 41 41 -1 5 -1 -1 41 5 5 41 5 41 -1 45 45 5 -1 5 -1 
41 41 -1 41 -1 9 41 41 5 41 5 41 41 41 5 44 -1 -1 7 37 
5 -1 5 -1 9 9 -1 41 41 41 41 41 41 41 41 44 5 -1 7 7 
36 37 -1 5 -1 -1 9 41 5 41 33 41 41 -1 44 5 7 7 5 5 
36 37 5 -1 -1 5 5 41 41 5 -1 5 41 41 5 5 7 36 5 36 
36 36 -1 5 5 5 -1 5 33 41 41 -1 41 41 41 5 5 36 7 37 
5 5 5 5 5 5 5 5 -1 33 -1 -1 41 44 44 -1 36 37 37 36 
37 5 5 5 5 -1 5 5 -1 41 -1 -1 -1 5 44 37 5 -1 37 37 
37 -1 5 5 -1 -1 5 5 -1 -1 41 41 -1 5 37 36 37 37 37 -1 
5 5 7 3 3 -1 5 -1 5 5 -1 -1 5 5 37 5 5 37 37 5 
5 5 3 5 -1 3 3 5 41 41 -1 5 5 37 -1 5 5 5 5 5 
5 5 7 5 5 -1 -1 -1 -1 -1 -1 5 -1 -1 -1 -1 7 5 5 5 
-1 5 5 5 -1 7 5 5 6 6 5 5 -1 -1 -1 -1 -1 7 7 -1 
7 -1 5 5 -1 -1 6 -1 6 -1 5 5 -1 -1 -1 -1 7 -1 7 41 
7 -1 5 -1 5 -1 -1 5 5 5 -1 5 5 -1 -1 -1 5 -1 7 7 
-1 -1 -1 -1 7 -1 5 5 5 5 5 5 5 -1 -1 5 5 7 7 5 
5 5 5 7 7 5 5 5 5 5 -1 5 -1 40 40 5 7 7 -1 5 
5 5 5 5 5 5 5 5 7 -1 7 -1 41 41 -1 5 -1 7 5 5 
5 5 5 -1 5 -1 5 5 -1 7 7 41 -1 41 40 -1 7 7 5 5 
5 5 5 -1 -1 -1 7 7 -1 -1 -1 -1 -1 40 -1 7 6 7 -1 7 
7 7 -1 -1 -1 -1 -1 40 41 -1 -1 7 7 -1 40 -1 7 -1 7 7 
7 7 5 5 -1 5 40 5 5 5 5 7 40 7 -1 6 6 7 40 7 
-1 -1 7 -1 5 41 -1 5 5 41 5 -1 7 -1 -1 7 7 7 40 40 
-1 7 7 -1 -1 -1 41 5 5 5 5 -1 7 41 41 7 7 7 7 -1 
7 7 7 -1 3 5 5 -1 5 5 7 -1 -1 7 7 -1 -1 7 7 7 
-1 7 -1 5 5 3 5 5 5 -1 7 7 7 7 -1 7 -1 7 -1 -1 
5 5 5 5 5 5 5 5 5 -1 -1 -1 -1 -1 7 7 -1 -1 -1 5 
5 5 5 5 -1 -1 5 5 5 5 -1 -1 -1 -1 -1 -1 -1 -1 -1 5 
-1 5 3 5 -1 5 -1 5 -1 5 -1 5 5 5 -1 -1 -1 -1 -1 5 
5 -1 5 3 5 5 -1 -1 -1 -1 -1 5 5 -1 5 5 5 -1 -1 5 
5 5 5 7 -1 5 -1 -1 -1 -1 5 -1 -1 -1 -1 -1 5 5 5 -1 
-1 5 33 5 33 3 3 -1 3 -1 3 -1 -1 41 41 5 -1 -1 10 -1 
5 -1 -1 5 33 3 5 3 -1 3 7 3 3 41 41 -1 5 -1 10 -1 
-1 -1 5 -1 -1 5 -1 -1 3 7 -1 41 41 -1 -1 -1 -1 -1 -1 -1 
11 -1 11 -1 -1 5 -1 5 5 -1 -1 -1 41 9 -1 -1 -1 -1 -1 -1 
11 11 11 -1 -1 -1 -1 5 5 -1 -1 -1 -1 11 5 -1 -1 10 -1 11 
11 11 11 -1 -1 -1 -1 41 5 5 5 -1 -1 -1 5 -1 10 40 11 41 
41 -1 11 -1 3 41 41 5 -1 -1 -1 40 -1 -1 -1 13 -1 41 41 41 
40 41 11 3 41 -1 5 5 5 -1 40 -1 -1 41 -1 13 13 40 40 41 
41 -1 40 -1 -1 41 5 40 -1 -1 40 -1 -1 41 41 13 13 7 41 41 
41 41 40 40 -1 -1 7 7 40 41 -1 -1 -1 -1 -1 7 13 7 41 40 
41 -1 -1 -1 -1 41 -1 -1 41 41 -1 -1 -1 -1 7 7 7 41 7 10 
-1 -1 -1 7 41 41 -1 -1 40 -1 40 40 -1 -1 7 7 -1 41 41 10 
-1 6 6 -1 41 -1 6 1 41 41 5 5 -1 -1 -1 7 7 -1 -1 -1 
7 -1 7 7 -1 6 1 -1 41 1 1 -1 5 -1 -1 -1 6 6 -1 -1 
6 7 7 7 7 -1 6 1 7 -1 -1 -1 -1 33 33 -1 6 -1 -1 6 
7 7 7 7 -1 6 -1 -1 7 5 5 -1 -1 33 -1 -1 -1 6 6 3 
3 -1 5 -1 -1 -1 -1 5 -1 -1 3 -1 -1 33 7 -1 -1 6 7 7 
6 5 5 -1 -1 -1 5 5 -1 -1 7 7 7 -1 -1 -1 -1 -1 -1 -1 
-1 -1 5 -1 -1 -1 7 5 -1 -1 7 7 -1 41 -1 -1 -1 -1 -1 -1 
5 -1 -1 5 -1 -1 3 -1 5 3 7 -1 -1 41 -1 -1 -1 -1 -1 -1 
-1 -1 -1 -1 -1 -1 -1 -1 6 6 41 33 33 33 6 -1 -1 5 5 -1 
-1 -1 -1 -1 -1 -1 -1 -1 6 -1 33 41 33 6 -1 1 1 5 -1 5 
5 -1 -1 -1 -1 -1 -1 6 -1 -1 -1 -1 -1 -1 -1 -1 -1 5 5 -1 
5 5 -1 -1 -1 -1 -1 -1 -1 33 -1 -1 6 6 33 -1 -1 -1 5 5 
5 5 5 -1 10 -1 -1 10 33 -1 33 -1 10 -1 33 -1 -1 -1 -1 5 
4 5 -1 10 10 10 -1 11 10 -1 33 -1 11 -1 33 33 -1 -1 5 5 
4 5 41 -1 10 10 11 11 -1 -1 10 10 -1 11 3 3 5 -1 3 5 
-1 41 3 41 -1 11 10 11 -1 -1 11 11 11 3 3 3 3 5 3 -1 
-1 3 3 -1 41 -1 -1 -1 -1 -1 -1 10 3 3 3 -1 3 3 5 -1 
-1 3 1 -1 -1 -1 -1 -1 -1 -1 -1 -1 3 3 -1 -1 3 3 3 -1 
3 3 1 -1 -1 -1 -1 -1 -1 -1 11 -1 -1 3 3 3 -1 3 -1 3 
3 -1 -1 -1 -1 -1 -1 -1 -1 11 11 -1 4 3 1 1 1 3 -1 -1 
3 -1 -1 -1 -1 -1 -1 -1 6 -1 5 5 5 3 -1 1 1 -1 11 -1 
-1 3 -1 -1 -1 -1 -1 -1 -1 6 -1 -1 -1 -1 -1 -1 -1 11 11 11 
-1 5 5 -1 -1 -1 6 6 6 6 4 -1 -1 -1 10 -1 -1 -1 5 -1 
-1 -1 5 4 4 -1 6 -1 6 -1 -1 6 -1 6 -1 10 5 5 11 -1 
5 5 -1 -1 -1 4 -1 4 -1 6 6 6 6 -1 10 -1 11 11 5 5 
-1 1 -1 -1 -1 -1 4 -1 -1 6 6 6 6 6 -1 11 11 11 -1 5 
5 1 1 -1 -1 -1 6 6 -1 6 -1 -1 6 -1 11 11 11 5 -1 -1 
-1 -1 -1 -1 -1 -1 6 -1 6 6 41 33 -1 -1 -1 -1 -1 11 11 -1 
-1 2 -1 -1 -1 9 -1 9 -1 11 11 3 -1 -1 -1 -1 -1 -1 -1 -1 
9 -1 9 9 9 8 9 -1 -1 5 -1 -1 -1 -1 -1 -1 3 3 -1 -1 
-1 -1 9 9 -1 8 8 -1 5 5 5 7 5 -1 5 -1 3 3 3 3 
5 5 -1 -1 9 9 -1 -1 -1 7 7 7 5 5 -1 5 3 5 3 3 
-1 5 5 5 -1 9 -1 -1 -1 7 -1 -1 -1 -1 5 -1 5 4 5 4 
-1 5 5 -1 9 -1 -1 -1 5 9 3 3 -1 -1 -1 -1 -1 4 4 -1 
-1 4 4 33 9 9 -1 -1 5 9 3 -1 -1 -1 -1 -1 -1 1 1 4 
4 4 -1 9 9 -1 -1 -1 7 3 9 9 2 -1 -1 1 1 1 1 1 
-1 1 -1 1 -1 3 -1 -1 3 9 9 9 -1 2 2 2 1 1 1 -1 
-1 1 -1 4 -1 3 3 -1 3 7 9 9 -1 2 2 2 1 4 4 -1 
-1 -1 -1 4 -1 -1 3 4 1 -1 -1 -1 -1 2 2 2 -1 5 5 -1 
-1 -1 -1 -1 -1 11 3 -1 -1 1 -1 1 1 2 2 3 -1 5 5 -1 
-1 -1 6 11 11 11 -1 -1 -1 1 1 1 1 -1 3 3 -1 -1 5 5 
-1 -1 5 11 11 -1 11 -1 1 1 -1 1 -1 3 3 3 3 -1 5 5 
4 -1 -1 11 11 11 -1 1 1 1 -1 -1 1 3 3 3 -1 -1 -1 5 
-1 4 4 -1 11 11 -1 -1 1 1 1 1 1 3 3 -1 -1 1 1 -1 
-1 -1 4 4 3 4 4 -1 -1 1 -1 1 -1 -1 -1 3 3 -1 1 -1 
-1 -1 4 4 -1 -1 5 -1 2 -1 -1 1 1 -1 3 3 -1 3 3 -1 
8 2 -1 9 -1 -1 5 5 5 11 11 1 3 1 3 -1 3 3 -1 8 
2 2 2 -1 9 -1 -1 5 5 11 -1 3 3 3 6 3 3 3 -1 -1 
3 9 -1 -1 -1 -1 -1 -1 3 3 3 3 -1 9 9 -1 9 1 6 9 
9 9 9 3 -1 -1 -1 -1 3 -1 3 3 -1 9 9 9 9 9 6 6 
9 -1 -1 -1 3 -1 -1 -1 -1 3 -1 -1 11 9 9 9 -1 -1 1 -1 
-1 3 -1 -1 3 1 1 -1 -1 -1 -1 -1 -1 -1 -1 -1 -1 -1 -1 9 
-1 1 1 -1 -1 1 -1 -1 -1 -1 6 -1 -1 -1 -1 -1 -1 -1 -1 -1 
11 11 1 1 -1 -1 6 6 3 6 -1 -1 -1 -1 -1 -1 -1 -1 -1 -1 
11 11 -1 6 -1 -1 3 6 6 3 -1 -1 -1 1 -1 -1 11 11 -1 11 
11 11 9 -1 -1 6 6 3 3 3 3 -1 -1 1 1 -1 -1 11 -1 11 
-1 9 5 -1 -1 6 6 -1 3 3 -1 3 1 1 1 1 1 -1 11 11 
9 5 5 -1 6 6 6 3 9 4 3 3 3 1 1 1 1 -1 1 -1 
5 5 -1 5 -1 -1 4 -1 4 3 -1 1 1 1 -1 1 -1 43 43 1 
-1 2 5 -1 5 3 -1 9 4 -1 -1 -1 1 1 1 -1 -1 43 -1 2 
2 2 -1 9 -1 3 9 3 -1 -1 -1 -1 -1 -1 1 -1 1 43 -1 2 
2 -1 11 -1 9 9 3 3 -1 -1 -1 9 2 -1 1 1 9 9 9 9 
9 -1 11 11 -1 9 11 -1 11 -1 -1 3 3 3 1 4 -1 4 1 1 
1 9 11 11 11 11 11 11 -1 3 -1 -1 -1 1 1 -1 4 -1 1 1 
-1 1 1 -1 -1 11 -1 3 3 3 3 3 3 -1 1 1 11 -1 6 1 
1 1 -1 -1 -1 -1 11 -1 -1 3 3 3 -1 -1 -1 -1 11 6 1 -1 
-1 -1 1 -1 11 11 10 11 3 3 3 3 -1 11 11 11 -1 -1 6 -1 
-1 -1 -1 -1 -1 11 10 3 3 3 -1 3 3 -1 11 11 6 6 6 -1 
9 3 3 3 -1 3 -1 9 -1 -1 -1 -1 -1 9 9 -1 -1 6 9 3 
6 3 3 3 3 -1 3 3 -1 -1 -1 1 -1 3 3 9 -1 9 9 9 
6 -1 -1 -1 -1 -1 -1 -1 -1 -1 -1 -1 1 3 1 -1 -1 6 9 6 
6 -1 -1 -1 -1 -1 -1 -1 1 -1 -1 -1 -1 3 -1 -1 6 6 6 -1 
6 -1 -1 -1 -1 -1 2 -1 -1 1 -1 -1 2 -1 3 3 41 -1 6 6 
6 1 -1 11 -1 -1 -1 11 -1 3 -1 -1 2 2 -1 3 41 -1 -1 -1 
1 -1 11 11 -1 -1 -1 9 -1 -1 9 -1 2 2 2 -1 3 -1 -1 -1 
1 11 11 -1 11 9 9 9 9 9 33 2 2 -1 2 2 2 1 -1 1 
6 -1 -1 11 9 9 9 9 -1 33 3 -1 -1 -1 -1 2 2 1 3 11 
6 -1 11 11 11 9 11 -1 9 3 3 -1 -1 -1 3 3 3 1 -1 6 
6 -1 6 6 11 11 -1 11 9 -1 6 3 -1 -1 3 -1 3 3 2 11 
11 11 -1 13 6 11 9 9 -1 -1 3 6 -1 -1 -1 3 3 3 -1 11 
11 -1 11 13 -1 -1 -1 3 3 -1 33 3 3 -1 -1 3 3 3 -1 11 
11 -1 -1 11 -1 -1 -1 3 -1 33 33 -1 -1 -1 -1 -1 3 3 3 11 
3 5 10 10 11 -1 -1 -1 3 3 3 -1 6 11 -1 11 3 11 11 -1 
-1 11 11 10 11 -1 -1 -1 3 3 -1 6 6 6 11 6 6 -1 -1 -1 
11 -1 -1 -1 11 11 -1 11 3 11 11 11 6 -1 6 -1 6 -1 -1 -1 
-1 3 11 -1 11 11 11 -1 -1 11 11 11 1 1 6 6 -1 -1 6 11 
11 3 11 11 3 11 11 -1 -1 -1 11 9 9 6 6 -1 6 -1 6 6 
6 3 3 11 11 3 9 11 9 -1 -1 11 9 9 -1 6 6 -1 6 11 
4 3 3 3 -1 -1 3 3 3 3 6 6 6 -1 11 3 11 11 4 3 
4 -1 -1 3 -1 -1 6 3 3 6 6 6 11 11 11 9 3 11 11 4 
4 4 -1 3 6 4 4 4 -1 -1 11 11 11 11 -1 -1 9 -1 11 -1 
4 4 6 3 4 4 -1 4 4 -1 -1 11 11 -1 11 -1 4 4 -1 4 
4 -1 3 6 6 6 -1 4 4 11 11 11 -1 -1 -1 -1 4 4 -1 3 
-1 9 3 -1 6 6 4 4 10 11 11 -1 -1 -1 -1 -1 -1 3 3 4 
9 9 9 -1 6 6 2 2 10 10 -1 11 -1 -1 -1 -1 -1 -1 3 3 
9 9 -1 9 -1 6 -1 -1 2 -1 11 11 -1 -1 -1 -1 1 -1 -1 -1 
-1 -1 9 3 3 -1 -1 1 -1 11 6 6 11 -1 1 1 1 -1 -1 1 
9 -1 -1 3 3 1 1 -1 -1 -1 -1 3 -1 3 -1 1 1 -1 1 1 
9 -1 -1 -1 -1 1 1 -1 -1 -1 -1 -1 3 6 -1 -1 1 1 9 1 
9 9 -1 -1 -1 1 1 -1 3 -1 -1 6 6 -1 -1 -1 1 1 9 9 
3 9 3 1 3 1 1 -1 3 -1 3 3 6 6 6 -1 -1 -1 9 9 
9 9 1 -1 3 3 1 -1 3 3 3 3 6 6 6 -1 -1 -1 -1 9 
3 -1 -1 1 -1 1 -1 -1 -1 -1 3 -1 11 6 -1 -1 -1 -1 -1 -1 
3 -1 3 3 3 -1 -1 -1 -1 11 -1 -1 6 11 -1 11 -1 11 -1 3 
-1 3 3 3 -1 3 -1 -1 3 -1 3 6 6 -1 11 -1 -1 -1 1 -1 
-1 -1 3 -1 3 -1 3 3 -1 3 3 3 6 11 3 3 -1 -1 3 11 
-1 3 3 3 -1 3 3 3 3 -1 3 3 -1 -1 11 3 -1 3 -1 11 
3 -1 3 3 -1 3 3 3 3 3 41 6 3 11 -1 3 3 -1 -1 -1 
-1 -1 -1 3 -1 3 3 3 -1 -1 -1 3 3 -1 -1 4 3 3 3 -1 
6 -1 3 3 3 -1 3 3 -1 -1 -1 -1 3 -1 3 4 3 4 -1 6 
-1 -1 3 3 3 -1 -1 3 3 -1 -1 -1 6 3 3 -1 4 -1 -1 -1 
3 -1 3 -1 3 3 3 3 6 -1 6 6 6 3 -1 -1 -1 4 -1 3 
-1 3 3 -1 -1 1 -1 -1 -1 -1 6 3 6 -1 -1 -1 4 4 3 -1 
1 3 3 -1 1 1 6 2 -1 -1 -1 9 3 4 6 -1 4 4 3 1 
-1 3 3 -1 -1 -1 2 2 6 -1 9 -1 -1 4 4 6 4 3 3 1 
-1 -1 -1 -1 3 3 2 2 2 -1 9 -1 -1 6 6 4 4 1 3 -1 
3 -1 -1 -1 3 3 2 -1 2 -1 1 3 -1 -1 6 1 3 -1 1 -1 
3 -1 -1 -1 3 -1 3 -1 -1 3 3 3 3 -1 -1 6 -1 3 3 3 
3 3 -1 3 -1 3 3 3 3 3 3 4 3 3 3 3 3 3 3 3 
3 -1 -1 -1 3 3 -1 3 3 11 -1 3 3 -1 -1 -1 3 3 3 3 
3 -1 -1 3 3 -1 3 3 3 3 -1 -1 1 -1 -1 3 3 3 3 3 
-1 3 3 3 -1 3 -1 1 1 -1 -1 -1 -1 3 3 3 3 3 3 -1 
3 3 -1 -1 4 3 6 6 -1 1 3 -1 3 -1 -1 3 3 -1 -1 3 
3 -1 -1 -1 -1 4 6 6 -1 -1 -1 3 3 -1 -1 -1 10 3 3 3 
3 -1 3 -1 -1 6 -1 -1 -1 -1 -1 -1 -1 -1 -1 10 3 -1 -1 -1 
-1 3 3 -1 -1 6 6 -1 -1 2 -1 9 9 -1 10 4 3 3 -1 3 
-1 3 11 11 11 6 -1 -1 -1 -1 2 9 9 -1 -1 3 4 3 -1 -1 
-1 -1 3 -1 -1 -1 -1 3 -1 -1 2 2 2 -1 -1 -1 3 -1 -1 -1 
-1 -1 2 -1 7 7 -1 2 2 -1 -1 -1 -1 -1 -1 -1 -1 -1 -1 -1 
6 -1 -1 -1 -1 7 7 -1 2 2 -1 -1 -1 -1 -1 3 -1 -1 -1 6 
6 -1 -1 -1 -1 7 -1 2 -1 3 -1 3 3 3 3 3 3 -1 6 6 
6 3 -1 -1 -1 -1 -1 3 -1 3 3 3 3 3 -1 -1 3 -1 3 -1 
3 4 -1 -1 -1 -1 -1 2 2 3 3 3 3 -1 -1 3 -1 3 -1 3 
-1 -1 4 -1 -1 -1 -1 6 -1 -1 3 -1 3 3 3 3 3 -1 -1 3 
-1 -1 4 4 3 -1 6 6 4 4 3 -1 3 3 3 3 2 -1 3 -1 
-1 4 4 -1 4 2 -1 -1 1 4 3 3 3 3 3 2 3 -1 -1 1 
1 -1 1 1 -1 1 2 2 1 3 6 6 6 6 3 2 -1 2 1 1 
-1 -1 -1 1 6 -1 1 2 -1 1 3 -1 6 6 6 6 3 -1 4 4 
4 -1 -1 1 6 2 3 3 2 3 4 -1 3 -1 6 3 3 -1 -1 -1 
-1 4 6 -1 1 1 2 2 3 3 3 4 3 3 -1 3 -1 -1 4 4 
4 4 6 6 -1 2 -1 2 3 3 3 -1 4 -1 -1 2 -1 4 4 1 
4 4 -1 -1 6 6 2 2 -1 -1 -1 4 4 4 4 2 -1 3 1 -1 
4 4 -1 -1 -1 7 7 -1 2 -1 -1 4 4 4 4 3 -1 1 1 -1 
-1 4 4 7 -1 -1 7 6 -1 2 -1 4 4 4 4 3 3 -1 -1 -1 
6 7 7 -1 -1 3 6 6 2 2 -1 -1 4 4 4 -1 1 1 -1 -1 
6 6 7 7 -1 7 -1 6 2 -1 -1 -1 4 4 4 4 1 3 -1 6 
6 6 -1 7 -1 7 3 6 3 2 2 -1 4 -1 4 -1 -1 4 6 6 
6 -1 6 -1 7 -1 7 7 2 2 2 -1 4 4 -1 -1 -1 -1 4 -1 
-1 6 6 6 -1 4 3 3 -1 -1 -1 -1 -1 9 9 2 -1 -1 -1 -1 
-1 -1 6 6 3 3 3 3 3 -1 -1 -1 -1 9 9 -1 -1 -1 4 4 
-1 -1 -1 3 3 4 3 2 3 6 -1 -1 4 4 4 2 2 2 2 4 
-1 -1 6 -1 -1 4 -1 2 2 -1 -1 4 3 6 6 -1 -1 2 4 2 
-1 -1 6 6 -1 6 6 -1 2 -1 3 3 -1 -1 6 6 -1 6 2 -1 
-1 -1 6 -1 -1 -1 -1 -1 -1 -1 -1 40 40 -1 6 2 6 2 2 -1 
6 6 6 6 -1 -1 6 2 2 -1 -1 -1 -1 -1 -1 6 3 3 2 3 
3 -1 11 -1 -1 -1 6 4 2 2 -1 2 -1 -1 -1 3 3 3 3 -1 
-1 -1 -1 -1 -1 -1 -1 2 -1 4 -1 2 2 2 2 -1 -1 -1 -1 -1 
3 -1 -1 6 -1 -1 -1 2 -1 4 4 -1 2 2 -1 2 -1 -1 -1 3 
-1 -1 4 4 6 -1 -1 -1 -1 -1 -1 -1 2 2 2 3 3 -1 -1 -1 
1 -1 -1 6 -1 6 -1 -1 6 6 6 6 2 -1 2 2 2 -1 3 -1 
1 1 4 4 4 6 -1 6 6 6 41 6 -1 -1 -1 -1 3 3 -1 -1 
-1 -1 -1 4 -1 -1 6 6 3 6 6 41 -1 3 -1 3 3 3 -1 -1 
-1 4 -1 6 4 4 -1 3 3 6 6 6 6 -1 3 3 3 3 -1 6 
-1 6 4 4 4 3 6 -1 6 -1 4 6 6 -1 -1 -1 3 -1 6 6 
-1 -1 -1 3 -1 -1 3 3 3 4 4 3 -1 -1 -1 6 3 3 -1 -1 
-1 1 3 3 3 3 -1 3 3 3 -1 3 3 -1 -1 2 -1 -1 -1 -1 
1 6 4 4 3 3 3 -1 -1 3 2 -1 3 -1 -1 2 2 -1 -1 4 
6 6 6 -1 4 3 -1 -1 -1 -1 -1 2 3 -1 -1 2 2 -1 -1 4 
-1 6 6 6 6 -1 9 9 6 -1 6 6 4 -1 4 -1 6 6 6 6 
6 -1 6 6 -1 9 -1 6 6 6 3 -1 6 4 11 4 11 6 6 6 
-1 6 -1 6 -1 9 -1 -1 6 6 6 11 2 4 11 11 11 -1 -1 -1 
6 6 6 -1 -1 -1 -1 6 6 6 2 2 11 11 6 11 -1 -1 -1 6 
3 4 4 4 6 15 6 6 -1 -1 6 11 -1 -1 -1 -1 -1 -1 -1 6 
3 3 4 6 6 6 -1 -1 -1 -1 11 2 -1 -1 -1 3 -1 -1 3 3 
-1 4 -1 6 -1 6 -1 -1 -1 6 6 -1 -1 -1 -1 3 3 3 3 -1 
9 9 9 -1 4 6 4 -1 6 6 6 -1 -1 3 3 3 -1 3 -1 3 
9 -1 9 8 8 8 6 6 -1 6 -1 6 -1 -1 3 3 -1 -1 -1 -1 
9 9 9 8 -1 4 6 6 6 -1 6 -1 -1 -1 -1 6 -1 3 6 -1 
9 9 -1 11 -1 11 -1 6 3 4 -1 6 -1 -1 -1 6 6 9 3 9 
9 9 11 9 11 11 11 -1 6 6 -1 -1 -1 -1 6 4 6 -1 3 -1 
9 9 1 9 9 11 11 -1 -1 4 -1 4 4 -1 6 6 6 6 -1 -1 
-1 6 -1 9 6 -1 -1 3 4 3 -1 -1 6 4 -1 -1 6 -1 -1 -1 
4 6 6 6 6 -1 3 6 3 -1 -1 6 4 4 -1 -1 9 9 4 4 
6 6 6 6 3 3 3 6 -1 -1 9 4 -1 6 4 9 9 9 6 6 
9 2 6 -1 3 3 4 6 6 -1 -1 6 6 6 9 4 9 -1 6 4 
4 4 4 6 6 3 3 6 -1 -1 4 -1 6 4 9 9 -1 -1 2 6 
-1 6 6 6 -1 6 6 3 -1 4 -1 -1 4 -1 -1 -1 -1 -1 6 6 
6 6 6 6 6 -1 3 3 -1 -1 -1 4 -1 4 -1 -1 -1 -1 4 6 
-1 8 2 -1 3 9 2 9 -1 8 8 -1 -1 -1 -1 9 -1 9 9 9 
1 8 8 9 9 9 9 -1 -1 8 8 -1 -1 -1 9 -1 9 -1 9 -1 
1 11 9 11 9 9 9 9 -1 -1 8 -1 3 -1 -1 9 9 9 9 3 
9 9 11 9 9 9 9 3 3 -1 11 11 -1 4 4 -1 6 4 4 3 
9 9 -1 9 -1 3 3 3 6 -1 6 4 4 4 -1 -1 6 4 6 -1 
9 11 -1 -1 3 3 3 3 3 9 6 6 4 6 -1 -1 -1 6 -1 9 
-1 9 9 3 3 3 3 3 9 3 -1 -1 6 -1 -1 -1 1 -1 6 9 
4 11 9 -1 9 9 9 -1 -1 3 3 11 3 -1 -1 6 1 -1 6 4 
-1 9 -1 9 -1 9 9 -1 -1 11 11 11 -1 3 6 -1 6 -1 -1 4 
9 9 9 9 -1 9 15 3 3 -1 11 11 3 11 3 35 35 9 35 11 
9 9 -1 -1 7 -1 7 15 3 3 -1 -1 -1 11 -1 -1 35 35 11 3 
9 -1 -1 -1 7 7 15 1 -1 -1 -1 -1 -1 11 -1 -1 35 9 9 3 
9 2 2 33 1 -1 11 1 -1 -1 8 8 8 11 8 8 35 9 9 9 
2 2 2 1 1 11 11 -1 1 8 -1 8 8 8 8 11 11 -1 9 9 
-1 -1 2 4 6 6 3 3 1 1 -1 -1 9 8 8 11 -1 9 9 11 
3 -1 -1 1 1 3 6 3 3 8 8 8 8 9 11 -1 11 9 -1 -1 
3 3 -1 3 1 3 3 3 3 8 8 8 8 9 9 9 9 9 9 3 
-1 -1 -1 3 3 -1 3 9 3 9 8 8 -1 9 9 9 3 9 -1 3 
3 3 -1 -1 9 33 3 6 -1 -1 9 -1 -1 9 9 9 9 3 -1 -1 
-1 9 3 9 9 2 9 9 6 -1 -1 -1 8 8 -1 -1 -1 3 -1 3 
3 11 -1 -1 -1 1 1 33 33 35 3 3 -1 9 8 8 8 8 -1 33 
11 -1 41 41 -1 1 34 1 33 3 9 -1 9 9 -1 2 8 8 9 -1 
9 9 9 -1 41 -1 34 33 -1 9 9 9 9 9 -1 9 9 9 -1 3 
3 9 9 9 -1 9 9 -1 9 9 9 9 9 3 8 6 11 9 3 3 
-1 35 9 -1 9 -1 9 9 9 9 9 9 9 9 3 6 6 11 -1 3 
35 -1 9 9 9 9 -1 9 9 9 -1 -1 9 9 9 6 6 6 -1 -1 
35 9 9 9 9 -1 -1 -1 9 3 -1 9 3 -1 6 9 6 6 6 35 
-1 35 11 9 9 9 9 9 9 9 3 -1 35 6 6 6 9 6 9 -1 
9 9 11 -1 9 9 9 9 9 -1 2 -1 35 6 3 3 3 9 9 9 
9 9 -1 -1 9 9 41 41 9 9 -1 2 9 9 2 -1 2 11 9 9 
8 35 -1 -1 41 33 41 33 -1 9 9 9 9 -1 -1 9 3 2 9 8 
8 -1 35 -1 3 33 -1 9 9 9 9 14 9 9 9 3 9 9 9 3 
3 3 33 3 -1 9 9 9 9 -1 -1 14 9 9 9 9 9 9 -1 3 
9 33 33 33 9 9 33 9 9 -1 3 -1 9 9 9 9 9 3 33 3 
9 33 33 9 33 33 33 9 9 35 3 3 11 9 33 9 9 3 3 3 
9 9 -1 33 33 33 -1 9 33 35 9 -1 9 9 3 9 9 3 3 3 
9 9 9 -1 41 33 -1 33 33 35 9 -1 -1 9 -1 3 3 3 -1 -1 
9 9 9 9 33 35 33 33 33 9 -1 9 9 9 3 11 3 3 9 9 
11 11 -1 41 33 33 33 33 35 9 32 34 3 3 3 3 8 9 33 11 
11 3 -1 35 33 33 33 1 33 -1 35 32 3 3 3 8 11 33 11 3 
9 33 6 6 6 6 -1 11 9 8 6 6 6 34 32 32 11 11 11 11 
3 -1 3 6 6 10 9 9 -1 6 6 6 -1 -1 9 -1 9 3 35 35 
35 34 -1 6 9 9 9 -1 -1 4 6 -1 9 34 -1 9 3 3 3 3 
11 11 -1 -1 9 -1 9 9 9 9 9 9 -1 -1 34 -1 -1 3 3 3 
-1 -1 9 9 9 9 9 9 -1 9 9 9 -1 -1 33 -1 43 -1 -1 -1 
-1 -1 -1 11 9 9 9 -1 9 9 35 35 -1 -1 41 33 9 -1 -1 -1 
-1 9 -1 9 9 9 9 9 9 9 9 11 33 41 33 33 -1 11 9 9 
-1 -1 9 9 9 9 9 9 9 -1 9 35 11 33 33 33 33 9 9 -1 
33 9 9 -1 9 9 9 9 9 11 9 9 3 3 11 33 33 9 -1 9 
9 33 9 9 -1 9 9 9 9 9 9 9 9 11 -1 -1 9 9 -1 9 
9 9 9 9 9 9 9 9 9 -1 9 9 9 11 9 -1 33 33 -1 9 
9 3 -1 9 9 9 9 9 9 9 9 9 9 3 11 -1 -1 33 33 -1 
3 3 9 9 3 3 9 9 9 3 9 9 3 9 9 9 -1 9 11 33 
3 3 9 3 -1 9 9 9 -1 3 -1 9 9 9 9 9 11 11 11 43 
9 9 9 -1 9 9 9 9 9 -1 3 -1 9 -1 -1 9 11 11 11 43 
9 -1 11 9 9 9 9 9 9 3 3 -1 -1 9 8 9 -1 11 43 -1 
9 -1 9 -1 9 8 9 9 9 6 3 6 -1 8 9 9 11 -1 11 9 
9 9 -1 9 9 9 9 9 9 9 6 11 6 6 6 11 -1 33 33 35 
-1 35 33 11 9 9 9 9 -1 -1 11 11 8 11 6 11 35 11 33 9 
11 33 33 -1 11 6 -1 -1 11 11 6 6 11 3 34 11 11 35 33 9 
-1 -1 8 11 11 9 9 9 9 9 9 9 -1 10 10 -1 -1 -1 9 9 
9 -1 -1 11 11 8 9 9 9 9 -1 -1 9 9 9 10 9 9 9 -1 
-1 9 11 11 9 -1 9 -1 9 9 9 9 9 -1 -1 10 9 9 11 -1 
9 9 -1 11 11 9 -1 41 9 9 9 9 9 9 -1 9 9 11 9 11 
9 11 -1 11 -1 -1 41 -1 9 9 -1 9 -1 9 -1 11 11 11 9 9 
11 11 11 -1 41 41 9 9 -1 9 9 11 -1 9 9 -1 11 9 9 -1 
-1 -1 11 41 41 9 9 9 9 9 -1 -1 9 6 9 11 -1 9 9 9 
11 11 11 9 9 9 9 9 9 -1 9 9 -1 5 -1 -1 11 -1 9 9 
11 11 9 9 3 3 9 9 9 9 9 9 9 9 5 -1 11 11 5 9 
-1 -1 11 11 3 9 3 6 9 9 9 9 9 9 9 3 -1 5 11 -1 
-1 -1 9 9 11 11 -1 11 9 9 9 9 9 9 9 3 3 11 5 8 
-1 9 9 9 3 3 11 9 9 9 9 -1 11 2 9 3 3 9 11 11 
3 9 9 -1 9 -1 8 33 9 8 8 9 9 2 2 -1 3 9 3 3 
3 5 9 9 41 -1 5 -1 33 8 11 11 11 2 -1 2 2 2 2 3 
3 5 5 -1 5 5 5 5 -1 11 10 -1 9 2 2 2 2 2 3 3 
5 -1 5 5 -1 -1 5 5 33 -1 11 10 9 -1 2 -1 2 -1 -1 -1 
-1 -1 5 9 -1 -1 5 5 5 8 10 9 9 -1 9 -1 2 33 33 5 
-1 9 8 11 9 -1 5 9 9 10 7 7 7 -1 9 9 9 2 33 33 
-1 8 9 -1 8 9 9 9 -1 1 -1 9 -1 -1 8 9 8 10 33 -1 
-1 -1 8 8 11 9 -1 9 -1 1 9 9 -1 -1 -1 8 8 10 10 10 
9 -1 3 3 33 -1 -1 9 -1 8 9 9 9 9 1 1 -1 -1 9 9 
9 9 -1 11 33 33 6 9 9 5 -1 9 9 1 -1 -1 -1 -1 9 9 
9 9 11 11 33 6 2 7 7 -1 5 -1 1 1 -1 9 9 3 9 9 
-1 4 4 33 -1 -1 2 2 6 6 4 -1 9 9 -1 9 9 3 9 9 
4 9 4 -1 33 4 8 8 4 4 9 9 9 9 9 1 9 1 9 1 
9 9 4 1 6 4 8 4 4 5 6 9 9 9 -1 11 11 1 -1 1 
1 9 -1 1 4 4 5 6 33 6 5 9 9 -1 11 11 11 -1 1 -1 
-1 2 1 4 4 6 4 33 6 6 14 9 6 41 11 -1 11 1 1 1 
9 -1 1 11 5 4 33 35 5 11 14 9 41 41 11 33 33 -1 1 -1 
-1 -1 -1 8 11 11 33 35 10 5 5 41 -1 41 -1 8 33 1 -1 1 
-1 11 11 10 8 9 -1 5 5 5 -1 41 33 33 8 33 11 9 1 -1 
11 -1 11 10 10 -1 9 5 -1 -1 41 33 41 33 -1 33 11 11 -1 10 
-1 11 9 11 11 -1 11 9 5 41 33 33 33 33 33 -1 41 11 10 11 
-1 3 11 9 -1 11 9 9 9 5 5 -1 33 9 9 33 -1 -1 11 -1 
3 3 9 9 9 9 -1 9 9 -1 5 9 9 9 -1 9 -1 -1 -1 -1 
11 3 3 3 9 -1 -1 -1 9 9 -1 -1 9 9 -1 9 9 9 -1 11 
3 3 3 -1 -1 -1 9 9 9 9 9 9 9 9 9 -1 9 -1 -1 3 
3 8 3 3 9 9 -1 -1 9 9 -1 9 9 11 9 9 9 11 3 3 
3 3 3 33 -1 -1 -1 9 9 9 9 9 -1 -1 3 3 9 9 3 3 
3 3 33 33 33 33 33 -1 9 9 9 9 9 9 -1 1 -1 -1 -1 11 
35 -1 -1 -1 6 11 11 11 11 9 9 9 9 9 9 9 9 9 3 33 
8 -1 -1 6 6 -1 -1 11 11 3 11 11 9 9 35 9 9 3 9 -1 
8 9 -1 -1 11 11 -1 11 11 11 11 9 9 9 35 9 9 9 9 9 
9 -1 9 33 9 9 9 2 9 11 11 9 9 9 3 3 9 9 9 9 
9 9 33 9 1 9 -1 9 11 11 9 -1 3 3 3 11 9 9 9 9 
9 9 9 1 -1 -1 9 9 9 9 11 11 3 8 11 11 -1 9 9 9 
9 9 9 -1 -1 11 11 11 9 11 -1 9 9 -1 41 -1 -1 9 9 9 
9 9 9 9 9 11 11 11 11 11 -1 -1 11 -1 -1 41 3 9 9 9 
9 9 3 3 9 11 -1 -1 -1 9 3 11 4 9 9 -1 9 9 9 9 
9 9 -1 -1 3 11 -1 -1 3 3 9 3 4 9 33 9 9 9 9 -1 
-1 9 9 9 9 9 -1 9 9 9 3 4 4 9 -1 -1 9 9 9 9 
9 9 9 -1 9 9 9 9 9 3 9 9 9 4 1 9 9 9 -1 9 
-1 11 9 9 5 5 -1 11 9 9 3 3 11 9 9 1 9 8 9 9 
9 11 -1 9 9 -1 41 41 41 9 9 33 11 8 9 9 -1 8 9 9 
11 9 9 -1 41 41 -1 41 41 9 9 9 -1 10 8 -1 8 8 8 9 
9 9 9 9 9 11 32 32 41 9 9 8 -1 10 -1 3 8 8 9 -1 
11 9 8 8 11 -1 11 33 33 -1 9 10 8 -1 -1 -1 -1 8 8 -1 
11 8 11 8 9 11 33 3 33 -1 -1 -1 -1 -1 10 -1 10 11 8 11 
-1 8 8 6 -1 33 -1 33 3 33 9 3 -1 -1 5 9 -1 10 11 11 
33 -1 6 6 -1 2 2 3 11 -1 9 -1 9 9 9 9 9 9 33 33 
-1 13 9 35 35 -1 3 3 41 41 41 41 33 32 33 33 41 -1 9 -1 
33 33 8 35 33 33 35 9 41 -1 -1 41 41 32 33 33 33 32 32 -1 
11 9 33 33 33 35 -1 41 41 41 41 41 41 41 33 33 33 32 33 33 
11 11 -1 33 33 -1 3 41 41 41 -1 9 41 41 41 33 33 33 33 -1 
9 13 13 33 33 33 -1 35 -1 32 9 9 41 11 11 33 33 33 33 33 
32 13 13 13 33 33 41 35 -1 38 32 32 -1 -1 11 11 33 33 33 9 
11 11 33 33 33 33 35 41 9 38 -1 -1 -1 -1 33 33 -1 33 33 33 
9 33 33 33 35 9 9 9 -1 33 33 -1 -1 -1 43 33 43 33 41 33 
33 33 33 33 35 33 9 -1 33 11 41 32 11 9 41 43 43 33 9 9 
9 33 33 -1 -1 33 33 33 11 11 41 11 11 9 41 41 33 33 -1 -1 
41 -1 9 33 -1 33 33 33 11 11 -1 -1 11 41 35 41 41 -1 33 9 
41 9 33 9 33 33 11 33 9 11 11 -1 -1 41 35 41 35 41 33 33 
-1 9 9 41 9 41 11 11 11 11 11 11 11 41 35 35 41 41 41 33 
-1 9 9 9 9 41 11 9 -1 11 11 11 41 -1 -1 41 43 43 33 -1 
-1 9 9 9 -1 41 11 105 11 11 9 -1 -1 41 41 -1 43 43 10 33 
9 -1 -1 -1 -1 11 11 11 105 9 -1 9 41 9 41 43 43 -1 -1 9 
9 -1 10 -1 11 11 11 105 -1 -1 -1 -1 9 -1 43 43 43 43 9 32 
32 32 -1 -1 -1 -1 105 105 -1 -1 41 33 33 9 43 -1 -1 33 32 -1 
32 9 -1 9 -1 105 105 105 105 41 41 11 -1 33 33 43 33 41 41 32 
32 9 -1 9 -1 -1 -1 41 105 41 -1 35 35 -1 33 33 41 41 41 32 
-1 41 41 40 -1 -1 9 35 9 35 3 11 -1 33 33 43 -1 9 9 33 
41 -1 34 40 40 -1 9 9 9 -1 3 11 11 33 9 -1 9 9 9 9 
33 33 -1 9 -1 -1 9 9 9 9 33 -1 11 11 9 9 -1 9 9 9 
9 9 9 34 -1 -1 9 9 9 -1 33 33 -1 11 9 9 9 9 9 9 
8 -1 11 11 32 -1 -1 -1 33 -1 -1 33 -1 33 9 38 -1 9 9 8 
9 40 11 40 32 32 33 33 33 -1 33 41 -1 41 -1 38 -1 9 -1 40 
40 40 42 41 32 32 33 33 -1 33 41 5 41 9 9 -1 34 -1 -1 40 
32 40 41 41 40 32 33 35 33 41 41 41 41 41 -1 35 35 -1 9 32 
-1 32 42 41 -1 32 33 33 35 41 -1 33 33 41 9 -1 9 -1 -1 9 
42 9 41 41 41 41 33 33 33 33 33 33 33 33 33 9 -1 9 -1 32 
9 -1 -1 33 41 33 33 -1 33 9 9 9 33 9 33 33 -1 41 41 32 
9 32 9 -1 33 33 33 33 -1 -1 9 9 8 33 9 33 -1 41 9 9 
9 32 40 9 33 33 33 33 33 9 9 9 8 9 9 9 33 9 9 9 
9 9 40 40 9 40 -1 33 33 9 9 11 9 9 33 9 9 9 9 9 
9 40 40 40 40 40 40 -1 -1 33 9 9 41 -1 33 9 9 -1 -1 9 
33 40 40 40 -1 40 9 -1 9 -1 9 9 41 9 9 9 41 3 -1 9 
2 33 41 40 40 33 9 9 9 9 9 -1 8 -1 -1 9 9 41 3 3 
41 2 41 41 33 33 9 9 35 33 -1 -1 -1 -1 9 9 9 -1 3 41 
41 41 -1 41 41 -1 -1 35 35 3 -1 -1 41 9 33 -1 33 3 33 33 
9 -1 41 41 41 9 9 35 35 9 11 -1 9 9 33 -1 -1 33 33 -1 
9 9 9 9 -1 9 -1 -1 43 11 -1 33 35 -1 -1 5 9 3 -1 -1 
41 38 38 9 9 -1 9 9 11 -1 33 35 33 -1 5 -1 11 3 3 41 
41 -1 32 41 32 32 41 11 -1 33 33 33 33 35 -1 9 41 33 3 41 
41 -1 41 32 32 -1 -1 32 33 33 33 33 33 33 9 33 -1 9 3 3 
41 40 40 38 41 32 38 38 -1 33 33 33 33 33 33 -1 33 33 7 5 
33 -1 41 41 38 -1 32 -1 -1 -1 9 33 33 33 9 9 33 -1 33 5 
9 32 38 -1 38 -1 32 -1 9 -1 -1 33 33 33 -1 -1 11 -1 9 9 
9 -1 32 38 -1 5 9 32 9 -1 -1 41 33 33 -1 -1 -1 11 41 9 
9 9 -1 38 38 -1 5 5 9 35 35 41 -1 33 33 -1 -1 -1 -1 41 
-1 -1 -1 -1 38 5 -1 33 33 33 35 41 33 33 33 41 41 -1 41 9 
3 3 -1 41 41 34 33 5 33 11 -1 33 9 -1 -1 41 -1 9 9 41 
41 33 41 34 -1 34 33 33 35 -1 11 -1 33 33 -1 -1 35 9 41 41 
41 41 -1 33 34 33 33 33 35 -1 -1 41 33 41 -1 -1 8 8 41 11 
-1 41 33 -1 34 33 33 10 -1 35 41 41 33 33 41 41 35 33 -1 11 
35 35 -1 33 33 33 34 10 33 33 41 41 41 41 33 33 33 33 -1 -1 
-1 35 -1 41 33 33 33 6 33 33 41 41 41 -1 41 41 33 33 33 35 
-1 35 35 41 41 41 33 6 33 -1 33 33 41 41 41 -1 33 33 9 35 
-1 35 9 9 41 -1 41 33 -1 -1 -1 33 9 9 9 32 32 32 -1 9 
40 9 9 9 6 6 -1 35 33 2 33 9 -1 9 32 -1 9 9 -1 -1 
40 9 40 -1 11 6 -1 -1 43 2 2 -1 9 9 9 9 33 -1 3 -1 
33 40 42 11 40 40 42 40 42 41 -1 11 9 14 9 9 41 -1 -1 40 
42 42 -1 9 40 40 40 42 42 41 41 -1 11 11 9 11 42 41 -1 -1 
8 -1 9 9 9 40 -1 42 42 12 41 -1 11 9 -1 -1 -1 42 -1 -1 
9 9 9 9 9 9 -1 4 4 -1 42 -1 41 41 42 42 -1 -1 9 8 
9 9 42 -1 9 9 -1 4 12 -1 42 -1 -1 41 10 41 42 42 9 9 
9 9 9 9 -1 4 4 -1 4 32 -1 -1 33 -1 10 10 -1 42 40 40 
40 40 40 3 9 -1 4 5 5 -1 -1 -1 33 -1 42 -1 -1 42 42 40 
-1 -1 9 3 3 41 41 5 -1 9 11 -1 33 -1 2 42 42 -1 42 42 
40 -1 9 41 3 33 -1 41 -1 11 9 -1 -1 11 11 -1 42 42 42 -1 
40 9 41 11 33 35 41 33 -1 9 32 -1 11 41 41 41 -1 -1 40 40 
-1 9 11 41 33 33 33 33 -1 9 9 32 9 9 9 9 11 42 9 40 
-1 40 8 33 33 33 33 -1 33 35 9 -1 -1 9 9 9 9 9 40 40 
40 40 33 11 11 -1 11 9 9 33 33 9 9 9 33 33 40 40 40 40 
40 33 11 11 11 9 11 9 9 9 9 9 9 33 9 41 40 40 11 40 
-1 -1 35 -1 11 11 11 -1 9 42 9 9 33 33 41 -1 41 -1 -1 11 
33 9 9 9 -1 11 -1 42 -1 11 42 33 33 -1 -1 -1 -1 -1 33 33 
9 -1 -1 9 -1 -1 -1 -1 42 -1 11 11 -1 11 33 11 11 11 41 33 
33 9 9 9 9 -1 35 -1 35 42 -1 42 -1 11 11 33 11 11 11 42 
42 41 42 9 -1 35 40 40 40 35 42 42 42 33 11 11 -1 42 42 42 
-1 42 -1 11 -1 42 -1 40 40 42 42 11 33 -1 9 33 42 2 42 42 
32 41 41 -1 41 -1 -1 9 4 -1 33 -1 33 33 35 6 6 1 10 10 
9 41 41 9 41 41 9 4 4 2 33 6 33 35 6 6 6 10 10 10 
9 9 9 8 9 -1 9 9 -1 2 2 5 6 35 6 6 9 10 10 -1 
9 42 -1 -1 8 42 42 -1 9 -1 5 5 35 -1 9 9 10 9 -1 10 
42 -1 -1 -1 -1 42 8 42 9 9 5 -1 2 -1 2 2 33 10 41 41 
42 42 42 42 -1 2 42 9 9 -1 -1 -1 -1 2 33 33 35 35 34 41 
42 42 42 42 -1 42 2 -1 2 2 8 -1 8 33 6 35 9 6 6 42 
42 42 42 42 -1 -1 42 8 8 -1 8 8 8 8 34 33 -1 11 -1 3 
42 42 42 -1 -1 42 -1 8 8 8 8 8 8 34 33 35 35 11 3 42 
41 3 -1 41 34 42 42 8 8 8 8 33 33 33 -1 8 11 11 11 9 
41 41 41 -1 34 6 -1 8 33 42 33 33 33 33 8 8 8 -1 11 9 
9 -1 41 41 -1 -1 6 33 42 33 33 33 33 32 8 34 34 35 41 42 
-1 43 41 41 7 -1 6 6 6 33 33 33 33 33 32 42 42 35 -1 42 
-1 41 11 -1 42 7 6 6 35 9 -1 33 33 32 8 35 33 -1 42 -1 
11 42 42 11 6 42 6 34 33 9 33 33 -1 33 33 33 32 32 -1 -1 
-1 41 11 42 11 41 34 -1 33 9 33 33 33 33 33 33 -1 11 32 32 
-1 -1 41 11 41 41 6 33 -1 33 9 9 33 -1 33 33 11 -1 -1 42 
42 42 6 -1 41 41 42 42 42 -1 9 9 -1 33 33 11 41 -1 -1 -1 
42 42 6 41 41 41 -1 -1 9 -1 -1 -1 -1 33 33 41 -1 41 -1 -1 
41 4 4 4 41 9 -1 9 9 42 -1 -1 33 35 33 33 2 6 41 41 
6 6 -1 -1 2 1 1 1 1 -1 -1 1 1 -1 1 40 -1 11 -1 11 
-1 -1 6 -1 2 2 1 1 -1 3 3 1 1 40 40 40 -1 40 40 -1 
-1 6 6 3 3 3 -1 1 3 -1 41 1 41 40 -1 40 -1 40 -1 2 
2 6 6 -1 -1 3 -1 3 1 -1 -1 41 2 -1 40 6 -1 -1 4 4 
-1 -1 -1 6 -1 -1 2 1 -1 1 40 40 2 -1 1 -1 6 1 4 33 
-1 6 6 6 -1 -1 -1 2 1 40 -1 2 41 41 1 1 1 6 -1 33 
34 -1 -1 6 6 -1 6 6 2 41 8 41 41 41 1 1 -1 4 4 -1 
41 -1 6 -1 6 -1 -1 6 -1 8 41 41 41 41 -1 4 1 -1 4 6 
41 41 41 6 1 6 -1 8 6 44 44 41 34 34 41 1 4 6 6 6 
-1 41 41 33 44 -1 6 8 8 44 6 -1 -1 41 34 40 -1 8 6 41 
33 -1 41 41 41 6 6 6 44 6 -1 6 8 8 40 -1 8 6 6 6 
-1 33 41 -1 -1 -1 10 10 -1 -1 6 6 8 8 -1 8 -1 -1 8 -1 
8 8 -1 -1 -1 10 -1 6 6 -1 -1 1 1 10 8 6 8 9 -1 9 
8 8 -1 -1 -1 -1 -1 6 40 6 6 1 -1 8 8 6 8 8 9 8 
8 -1 -1 -1 -1 2 40 40 6 6 4 1 1 8 8 8 -1 -1 8 9 
8 41 -1 -1 2 2 -1 40 4 -1 4 4 1 4 -1 -1 -1 -1 8 8 
8 -1 2 -1 6 2 6 40 -1 4 4 -1 4 1 1 -1 1 8 8 6 
8 6 -1 2 2 6 2 -1 40 40 -1 -1 4 1 4 1 -1 1 8 -1 
6 -1 6 2 -1 -1 1 6 -1 40 40 1 1 1 1 1 1 -1 8 8 
6 6 6 -1 -1 1 1 1 1 -1 1 1 1 1 -1 -1 -1 -1 11 8 
1 1 -1 -1 6 1 1 -1 1 -1 2 3 3 -1 -1 1 40 -1 -1 -1 
-1 -1 1 1 41 -1 1 1 1 1 -1 3 3 40 40 -1 -1 40 1 -1 
1 -1 -1 1 1 -1 1 1 1 -1 1 3 2 -1 40 -1 -1 -1 -1 1 
1 -1 1 1 -1 1 -1 1 1 -1 -1 -1 -1 40 6 -1 -1 -1 -1 1 
1 -1 1 -1 -1 1 1 1 1 2 -1 -1 40 6 6 -1 1 -1 -1 1 
1 1 -1 -1 -1 1 1 1 1 -1 -1 3 -1 -1 -1 3 1 -1 -1 1 
1 1 -1 -1 1 1 1 1 1 1 -1 -1 3 3 3 3 -1 -1 1 1 
-1 -1 1 -1 1 1 1 1 1 1 -1 3 -1 -1 -1 3 -1 2 2 6 
8 -1 6 1 -1 1 1 1 1 1 1 -1 2 -1 2 3 3 -1 6 6 
-1 8 8 8 10 10 10 -1 -1 -1 2 1 3 2 -1 3 3 1 -1 6 
6 6 6 8 8 10 -1 -1 -1 2 -1 -1 3 1 2 1 1 1 1 6 
6 6 10 10 10 8 -1 -1 -1 -1 -1 -1 3 3 1 -1 -1 1 1 6 
-1 8 8 1 10 8 -1 -1 -1 4 4 -1 3 3 1 3 1 1 -1 1 
1 6 6 6 1 8 -1 -1 8 -1 3 3 -1 3 3 3 -1 -1 1 -1 
-1 -1 6 -1 1 8 8 8 -1 3 3 3 -1 -1 3 3 -1 -1 1 -1 
6 6 1 1 2 -1 8 8 8 -1 40 8 8 1 3 -1 -1 -1 -1 6 
6 6 1 1 -1 2 8 -1 8 8 8 -1 1 -1 -1 -1 -1 -1 -1 6 
-1 6 1 6 2 2 2 8 -1 8 -1 8 -1 2 40 -1 -1 -1 -1 -1 
1 1 6 6 6 2 1 1 -1 -1 -1 2 1 41 40 40 40 40 1 1 
1 1 -1 6 1 6 1 1 1 2 -1 2 -1 -1 1 1 40 1 -1 1 
1 6 1 1 1 1 1 1 -1 1 1 1 1 -1 -1 -1 -1 -1 3 3 
3 -1 -1 1 1 1 1 1 1 -1 -1 1 1 1 -1 -1 -1 -1 3 3 
-1 1 1 1 -1 1 1 1 1 -1 1 -1 1 1 -1 1 1 3 3 6 
6 1 1 -1 -1 -1 -1 -1 1 1 -1 1 -1 -1 -1 1 -1 1 6 -1 
-1 6 1 1 1 1 1 1 -1 1 1 1 -1 1 1 -1 -1 -1 -1 -1 
-1 -1 6 1 1 1 -1 -1 -1 1 1 1 -1 1 1 -1 1 1 -1 -1 
-1 -1 3 1 1 1 -1 -1 1 -1 -1 40 1 -1 -1 -1 -1 -1 -1 -1 
-1 3 3 3 -1 1 1 1 1 1 -1 3 1 -1 -1 3 1 -1 1 1 
3 3 -1 3 1 -1 -1 -1 1 -1 -1 -1 1 1 2 2 1 1 -1 1 
1 -1 3 1 1 1 -1 -1 1 -1 -1 -1 1 1 -1 2 1 1 -1 1 
-1 1 1 -1 -1 1 -1 -1 1 -1 -1 -1 1 -1 1 -1 -1 1 -1 -1 
-1 -1 -1 7 -1 -1 1 1 1 1 -1 -1 -1 -1 1 -1 -1 1 1 3 
-1 -1 7 3 -1 1 -1 1 1 1 1 1 -1 -1 -1 -1 -1 -1 -1 1 
1 -1 3 1 -1 -1 1 -1 -1 1 1 3 1 -1 -1 1 -1 1 1 1 
1 1 1 3 -1 1 3 -1 -1 3 1 3 3 1 1 -1 1 -1 1 1 
1 -1 1 -1 -1 -1 -1 3 3 3 3 -1 1 1 1 -1 -1 -1 -1 1 
3 1 3 -1 -1 -1 3 -1 3 2 2 3 -1 -1 7 -1 -1 1 1 1 
-1 3 1 -1 -1 -1 -1 -1 -1 -1 -1 1 1 1 -1 -1 -1 -1 -1 1 
-1 1 -1 6 1 1 -1 1 1 -1 1 1 1 1 -1 -1 -1 -1 -1 1 
1 6 6 -1 1 1 1 1 1 1 -1 1 1 -1 -1 -1 -1 -1 -1 -1 
-1 -1 -1 -1 7 7 3 -1 3 3 3 3 -1 -1 -1 -1 -1 -1 1 -1 
7 7 -1 7 -1 7 7 7 3 -1 3 -1 -1 -1 -1 -1 -1 1 -1 -1 
7 1 7 7 7 -1 7 7 3 3 3 3 -1 3 -1 -1 -1 -1 1 7 
-1 -1 7 7 7 1 1 3 3 -1 3 3 3 3 3 3 -1 1 -1 1 
1 -1 -1 1 -1 1 -1 1 -1 -1 3 -1 3 3 3 3 3 -1 1 1 
-1 -1 1 -1 -1 -1 1 -1 -1 7 5 3 3 3 3 1 -1 -1 -1 -1 
-1 -1 -1 1 -1 -1 1 -1 7 7 5 3 -1 3 3 -1 1 -1 -1 -1 
-1 -1 -1 1 1 1 1 1 7 7 -1 -1 -1 -1 3 -1 1 -1 1 1 
1 -1 -1 -1 -1 1 1 1 1 -1 -1 7 7 3 3 -1 1 1 1 1 
1 -1 -1 -1 -1 -1 -1 1 1 3 3 3 3 3 3 3 1 8 -1 1 
-1 1 1 -1 -1 -1 -1 -1 -1 3 3 -1 3 7 3 1 -1 -1 -1 1 
1 1 1 -1 -1 -1 -1 -1 3 -1 -1 -1 -1 7 3 1 -1 -1 -1 1 
1 1 -1 1 -1 -1 1 1 -1 3 3 -1 1 7 1 3 3 -1 -1 1 
1 1 -1 1 -1 1 -1 1 3 -1 1 2 2 3 -1 -1 3 3 -1 1 
-1 -1 -1 -1 1 1 1 1 3 3 -1 2 3 3 3 3 3 3 1 1 
-1 1 -1 -1 1 1 1 3 7 2 2 -1 -1 -1 -1 -1 3 -1 1 1 
1 1 -1 -1 1 1 1 7 1 7 2 -1 -1 3 3 3 3 -1 1 1 
1 1 1 -1 -1 -1 -1 -1 -1 7 7 -1 -1 -1 -1 7 3 3 1 -1 
-1 -1 1 1 -1 -1 1 1 -1 7 -1 -1 7 -1 -1 3 1 3 -1 -1 
-1 -1 1 -1 7 7 7 7 -1 -1 3 3 -1 -1 -1 3 1 -1 -1 -1 
3 3 1 -1 -1 9 -1 1 1 1 -1 3 -1 -1 3 3 3 8 3 -1 
3 3 -1 -1 -1 -1 -1 9 1 1 3 -1 9 -1 3 9 3 8 -1 3 
3 3 3 3 3 -1 -1 3 3 3 -1 3 9 3 9 3 9 9 2 3 
3 3 3 3 9 3 -1 3 3 3 -1 9 3 3 9 9 3 -1 3 2 
2 1 -1 9 3 9 3 3 1 1 -1 3 -1 3 3 3 3 1 -1 3 
3 1 1 8 -1 9 9 1 1 -1 1 3 3 3 3 3 3 1 -1 3 
3 1 3 -1 8 1 9 -1 -1 1 -1 3 3 3 3 3 3 3 1 1 
1 3 1 8 3 3 -1 9 1 1 -1 3 3 2 3 3 -1 3 1 1 
3 1 1 -1 3 -1 -1 1 1 1 1 3 2 3 3 3 3 3 -1 -1 
-1 3 3 3 3 3 -1 11 9 1 1 3 -1 7 7 3 3 -1 -1 3 
3 3 3 41 3 3 -1 11 11 9 11 -1 3 7 3 -1 -1 -1 3 3 
3 3 3 -1 -1 -1 3 11 11 11 11 -1 -1 7 7 7 -1 -1 3 -1 
3 3 3 -1 3 3 11 11 11 1 -1 1 -1 9 3 3 -1 3 3 3 
-1 3 -1 -1 -1 -1 9 -1 3 1 1 1 1 9 9 3 3 3 3 -1 
1 1 -1 -1 9 3 9 -1 1 1 1 9 1 1 9 1 -1 3 -1 1 
-1 -1 -1 -1 -1 9 9 -1 1 1 9 9 -1 -1 1 9 1 1 -1 1 
1 1 1 -1 -1 1 -1 1 -1 3 -1 -1 -1 1 -1 -1 1 1 1 1 
1 -1 1 1 1 1 -1 1 3 -1 -1 3 3 3 3 -1 -1 1 -1 3 
1 1 1 1 1 -1 -1 2 -1 1 -1 3 3 3 3 3 -1 -1 3 1 
3 1 -1 1 -1 -1 -1 1 1 1 -1 3 3 3 3 3 8 3 3 3 
-1 9 3 -1 1 -1 -1 1 1 -1 -1 1 1 1 3 -1 3 -1 3 3 
-1 -1 3 -1 1 1 -1 -1 1 1 -1 1 1 3 3 -1 -1 3 3 -1 
3 -1 -1 -1 1 1 -1 1 3 3 -1 1 3 3 3 9 -1 -1 3 -1 
3 3 -1 3 -1 1 1 1 -1 3 3 3 3 -1 -1 3 -1 -1 -1 -1 
-1 -1 1 1 -1 -1 1 1 1 -1 3 3 -1 3 3 -1 -1 -1 3 3 
9 9 1 9 1 1 1 1 1 -1 7 3 3 3 3 -1 3 11 11 -1 
1 1 9 1 1 -1 1 1 1 3 -1 -1 3 3 3 -1 -1 3 11 9 
9 1 1 9 9 -1 3 3 1 1 -1 -1 3 3 3 -1 -1 9 9 9 
9 -1 1 9 9 3 -1 3 -1 9 9 -1 -1 3 -1 41 -1 3 9 9 
9 1 1 1 -1 -1 3 3 -1 9 3 -1 3 -1 41 -1 41 3 3 9 
9 1 -1 9 -1 -1 3 3 3 3 3 3 -1 -1 -1 41 41 -1 7 3 
-1 1 9 9 -1 -1 -1 3 -1 3 3 3 3 9 7 41 41 -1 3 9 
1 -1 1 -1 -1 3 3 3 3 3 -1 3 9 9 7 -1 41 -1 9 9 
9 9 9 3 -1 3 3 3 3 -1 -1 -1 -1 -1 7 7 -1 9 9 -1 
1 -1 3 9 3 3 3 3 3 3 -1 -1 -1 9 -1 7 11 11 11 -1 
1 9 1 -1 -1 3 3 -1 -1 41 41 -1 -1 -1 7 7 11 1 11 -1 
3 1 1 -1 -1 3 3 3 -1 -1 -1 2 2 2 7 11 7 7 -1 -1 
9 3 3 3 9 3 3 3 3 -1 2 5 2 2 7 7 7 7 3 -1 
3 3 9 9 9 1 3 -1 -1 2 2 5 3 -1 7 9 9 -1 9 3 
9 3 3 9 9 -1 1 -1 1 2 2 5 3 -1 9 3 -1 3 3 -1 
1 -1 9 5 7 7 7 7 7 7 7 7 7 3 9 3 -1 1 1 -1 
-1 -1 5 -1 -1 7 7 -1 7 7 7 7 3 3 -1 -1 3 1 1 1 
1 1 2 2 -1 5 7 7 -1 -1 -1 3 3 -1 1 2 -1 -1 1 1 
1 -1 5 5 9 9 7 7 -1 -1 3 3 3 1 1 1 -1 -1 1 1 
1 1 -1 5 5 5 9 -1 7 7 3 9 -1 3 9 9 -1 -1 -1 -1 
-1 1 -1 5 6 -1 9 3 3 3 7 -1 9 9 9 -1 -1 -1 -1 -1 
5 5 1 -1 5 6 3 3 3 9 9 9 -1 9 -1 -1 -1 -1 -1 9 
9 5 5 7 -1 -1 2 3 3 -1 -1 -1 -1 -1 -1 7 -1 5 9 1 
9 5 5 5 7 -1 7 3 7 -1 -1 9 9 -1 7 7 7 5 9 1 
-1 9 -1 7 7 5 5 7 7 2 2 2 2 -1 7 7 5 5 5 5 
-1 -1 8 7 -1 -1 5 7 7 -1 2 9 2 -1 -1 -1 7 5 5 9 
9 5 5 5 7 7 5 5 -1 -1 -1 2 9 2 -1 -1 7 -1 9 -1 
5 5 5 5 7 7 5 5 7 -1 -1 9 -1 -1 2 -1 9 3 9 5 
-1 5 -1 -1 7 -1 5 9 7 9 9 9 -1 9 9 9 3 3 3 -1 
-1 -1 -1 -1 9 9 9 -1 9 -1 9 9 -1 -1 9 -1 -1 3 3 3 
10 -1 -1 -1 -1 9 9 9 9 -1 -1 -1 9 9 -1 -1 -1 -1 -1 3 
9 9 9 1 9 9 -1 9 9 9 9 9 9 -1 -1 -1 1 1 3 10 
9 9 -1 1 -1 -1 -1 -1 7 9 -1 9 9 -1 -1 -1 -1 -1 1 1 
-1 9 9 9 -1 7 -1 9 7 7 -1 1 9 -1 -1 -1 1 1 1 9 
1 -1 9 9 -1 7 7 7 2 7 7 -1 -1 9 -1 -1 1 1 1 1 
5 -1 6 1 2 -1 2 3 6 6 2 2 6 3 -1 -1 -1 5 2 4 
5 2 2 2 -1 2 3 -1 -1 6 3 -1 3 9 -1 5 5 -1 6 4 
1 5 -1 1 2 -1 2 9 2 -1 -1 3 9 -1 -1 5 5 -1 -1 -1 
1 1 -1 2 9 2 2 9 2 5 3 9 3 5 9 9 9 9 1 1 
9 9 1 9 -1 1 9 9 -1 5 -1 3 -1 9 9 5 9 9 6 9 
9 -1 -1 9 9 1 1 9 -1 5 5 -1 -1 9 5 5 -1 -1 9 -1 
6 6 -1 9 -1 1 -1 -1 9 5 10 -1 10 -1 9 5 40 -1 -1 9 
9 6 9 -1 -1 -1 -1 5 -1 5 -1 10 10 9 -1 9 9 9 -1 9 
-1 -1 9 -1 -1 -1 -1 -1 -1 -1 9 10 9 -1 9 9 9 9 -1 9 
9 -1 9 -1 -1 6 -1 -1 -1 9 -1 10 9 9 -1 -1 -1 9 -1 9 
9 8 8 9 6 9 9 -1 -1 -1 5 5 -1 -1 -1 -1 -1 -1 9 9 
9 9 8 9 6 3 1 -1 -1 5 5 5 1 -1 9 9 9 9 -1 9 
8 8 8 6 6 6 6 1 1 1 1 -1 7 9 9 9 -1 9 -1 -1 
3 8 8 8 2 1 1 1 1 9 -1 10 9 7 6 9 2 -1 9 9 
8 8 8 2 2 6 1 1 1 9 -1 10 10 2 6 1 7 2 9 8 
-1 40 -1 -1 2 -1 1 1 1 9 -1 10 10 2 -1 1 -1 6 9 -1 
-1 1 2 1 1 -1 -1 9 1 6 6 6 9 2 9 9 1 6 -1 -1 
-1 1 2 1 1 9 9 -1 2 2 6 -1 6 6 9 9 9 9 9 6 
-1 6 -1 1 1 1 5 -1 -1 5 -1 -1 9 6 3 -1 9 9 6 6 
6 5 1 -1 1 -1 1 -1 6 5 6 6 9 3 -1 -1 -1 2 5 6 
-1 -1 9 -1 -1 9 9 9 2 2 1 2 2 -1 -1 9 9 -1 1 9 
9 -1 -1 -1 -1 9 9 9 2 2 -1 6 9 2 -1 9 9 9 9 -1 
-1 6 6 -1 9 -1 2 6 6 -1 6 6 -1 9 9 -1 9 9 -1 9 
9 9 9 -1 9 2 -1 -1 -1 -1 -1 6 6 9 -1 -1 -1 9 -1 -1 
9 -1 9 -1 -1 -1 -1 -1 -1 -1 6 6 -1 9 9 -1 -1 -1 -1 -1 
-1 5 6 6 6 6 3 6 6 6 -1 -1 -1 9 -1 9 9 5 -1 5 
5 -1 -1 6 6 6 -1 2 2 6 6 -1 -1 -1 9 9 -1 -1 5 5 
5 -1 6 -1 6 6 6 6 6 3 3 6 2 9 9 -1 -1 -1 5 -1 
5 -1 -1 6 6 6 2 6 6 6 5 5 2 2 9 5 -1 -1 -1 5 
5 -1 9 1 -1 2 6 -1 -1 6 3 5 -1 5 5 9 5 5 -1 5 
9 9 9 -1 -1 9 -1 6 1 3 3 -1 5 5 5 5 5 9 5 -1 
9 9 -1 9 9 9 9 -1 1 3 3 -1 5 5 5 5 5 9 -1 9 
9 9 2 -1 -1 9 9 -1 3 2 5 -1 -1 5 5 5 -1 -1 -1 9 
9 9 -1 9 9 -1 40 9 -1 5 2 -1 -1 5 40 -1 -1 40 -1 9 
-1 9 -1 9 9 40 40 5 9 40 5 -1 -1 -1 -1 40 40 -1 -1 9 
9 9 -1 9 -1 40 9 5 40 40 40 3 3 3 5 40 40 -1 9 9 
9 -1 9 -1 9 9 -1 5 40 40 -1 3 3 3 40 40 -1 40 9 9 
9 9 9 9 9 9 -1 40 9 40 -1 -1 3 3 40 40 40 -1 9 9 
9 9 -1 9 9 9 -1 -1 9 9 2 2 3 40 -1 -1 40 40 -1 9 
9 9 9 9 9 -1 -1 -1 -1 9 9 9 2 -1 -1 9 40 9 -1 2 
-1 9 -1 9 -1 -1 -1 -1 2 2 2 -1 -1 2 2 2 2 9 2 2 
-1 9 -1 -1 -1 -1 -1 2 -1 2 2 2 2 2 2 -1 2 9 2 2 
2 2 -1 -1 -1 6 2 2 2 -1 2 -1 2 2 2 2 2 2 -1 2 
2 -1 -1 9 9 2 -1 2 2 -1 5 2 -1 2 2 -1 2 2 9 2 
2 -1 9 2 2 2 2 2 -1 2 2 2 6 -1 2 2 2 2 2 2 
2 -1 -1 9 9 -1 2 2 2 2 -1 6 -1 2 2 2 2 2 6 2 
2 2 -1 2 -1 -1 2 2 2 2 -1 2 6 9 -1 -1 2 9 9 -1 
-1 2 2 2 9 2 2 -1 8 8 2 2 9 9 -1 -1 9 9 9 2 
-1 9 9 2 -1 8 8 8 8 2 2 9 9 9 9 9 9 -1 9 9 
2 2 -1 -1 -1 8 -1 8 -1 8 2 2 9 9 -1 -1 9 9 -1 1 
2 2 -1 -1 -1 2 8 8 8 2 2 2 9 -1 9 9 9 9 1 2 
2 3 -1 6 2 8 2 -1 -1 -1 2 2 9 9 2 -1 9 -1 -1 -1 
-1 -1 3 -1 -1 8 9 -1 -1 2 -1 2 -1 2 9 9 9 -1 -1 -1 
1 -1 -1 -1 -1 -1 2 2 2 2 -1 6 2 2 2 9 9 9 -1 1 
40 40 -1 -1 -1 6 -1 -1 2 -1 -1 2 2 2 2 2 9 9 9 40 
-1 -1 8 -1 6 -1 2 -1 2 -1 -1 -1 -1 2 -1 2 2 2 8 40 
-1 8 1 8 2 -1 -1 2 -1 2 -1 -1 -1 -1 2 2 -1 2 8 -1 
9 9 1 1 1 2 -1 2 2 6 -1 -1 -1 -1 -1 -1 -1 -1 9 -1 
2 8 8 9 9 1 2 2 2 2 6 -1 2 2 2 -1 -1 9 9 9 
-1 -1 -1 9 9 9 9 2 -1 2 2 -1 -1 2 2 9 9 -1 9 9 
2 2 5 5 5 2 2 2 -1 2 2 2 2 2 -1 2 -1 -1 2 1 
2 2 5 5 -1 5 3 2 2 3 -1 -1 -1 -1 2 2 2 -1 -1 2 
2 2 2 5 5 5 3 -1 3 2 3 -1 -1 -1 2 2 5 -1 2 2 
2 2 3 6 6 -1 2 3 -1 3 -1 -1 -1 -1 2 2 5 5 2 2 
-1 -1 6 3 -1 2 -1 3 3 -1 2 2 2 2 2 9 5 5 2 -1 
2 -1 2 6 6 2 -1 2 2 2 40 -1 2 2 9 9 37 5 9 9 
9 2 6 6 3 3 2 9 -1 -1 -1 2 9 9 5 9 9 5 5 9 
2 -1 -1 2 9 3 9 -1 2 -1 -1 -1 -1 9 2 5 5 5 5 5 
5 3 2 9 9 9 -1 9 9 9 -1 2 -1 2 3 3 2 -1 2 -1 
5 2 2 2 5 9 9 9 9 9 -1 -1 2 2 2 3 -1 2 2 2 
2 2 2 9 9 9 9 2 2 -1 2 2 2 2 2 -1 2 -1 2 2 
2 3 9 9 9 9 13 2 2 2 2 2 2 2 2 -1 2 -1 2 2 
2 3 9 -1 9 9 13 13 13 2 2 2 2 2 2 -1 2 6 2 2 
3 2 -1 -1 9 9 9 13 13 -1 2 -1 2 2 -1 2 2 -1 -1 2 
3 2 -1 -1 -1 -1 6 13 13 -1 2 2 -1 -1 2 2 2 -1 -1 -1 
2 3 -1 -1 9 6 6 -1 6 9 9 -1 -1 3 2 2 -1 -1 -1 -1 
6 2 1 -1 9 9 2 9 9 -1 9 -1 2 3 -1 2 2 -1 2 2 
2 2 1 9 -1 -1 2 5 9 9 -1 2 2 3 3 -1 -1 6 2 6 
2 2 1 -1 -1 -1 5 2 9 9 2 2 2 3 2 -1 -1 -1 6 2 
2 -1 5 -1 -1 5 2 2 -1 9 9 2 2 -1 2 -1 -1 -1 -1 1 
13 1 3 5 2 2 -1 2 2 -1 3 2 2 2 2 -1 6 2 -1 1 
-1 -1 -1 7 45 7 -1 2 2 -1 2 3 3 -1 2 -1 2 2 -1 3 
3 3 7 7 -1 7 2 2 -1 2 3 3 3 -1 7 7 7 2 2 15 
3 -1 3 7 7 7 -1 -1 2 3 2 2 2 3 -1 -1 -1 -1 -1 -1 
6 6 7 -1 7 40 40 40 40 2 3 2 2 2 -1 6 -1 -1 6 -1 
6 7 -1 7 7 7 40 40 2 -1 -1 -1 2 2 6 6 6 6 6 6 
-1 6 5 -1 7 8 8 40 2 40 40 -1 2 2 6 6 6 6 6 5 
-1 5 5 40 2 7 40 40 40 40 40 -1 2 2 6 6 6 6 6 5 
2 5 2 6 2 -1 -1 40 40 40 40 40 2 6 2 -1 6 3 -1 6 
2 2 5 3 6 -1 -1 40 40 40 40 -1 6 6 -1 -1 -1 6 6 6 
2 3 3 6 3 -1 -1 40 -1 40 40 2 2 6 6 6 -1 6 6 6 
-1 -1 7 3 -1 -1 40 -1 -1 45 40 2 2 6 6 2 2 -1 5 6 
-1 -1 7 7 -1 -1 37 45 45 2 2 -1 2 6 -1 3 3 -1 5 5 
5 5 7 7 7 7 -1 37 -1 2 2 -1 6 -1 5 5 3 -1 -1 5 
5 -1 5 -1 45 2 -1 37 -1 2 2 2 -1 -1 -1 7 5 -1 3 5 
2 6 -1 -1 45 2 2 37 37 -1 2 2 2 -1 5 -1 -1 3 3 3 
2 5 -1 -1 -1 2 2 37 -1 2 2 2 -1 2 -1 -1 -1 -1 3 6 
13 13 13 -1 2 2 2 37 2 -1 2 2 2 2 2 -1 -1 3 -1 13 
13 13 13 13 5 2 2 2 2 2 3 2 -1 -1 3 2 -1 -1 13 13 
13 13 5 -1 5 5 2 2 2 3 -1 3 -1 -1 -1 3 6 6 13 13 
15 15 5 4 45 45 5 4 -1 13 7 7 -1 6 6 6 -1 15 15 -1 
13 5 5 5 4 5 4 4 -1 15 7 15 6 6 6 6 6 6 -1 15 
-1 5 2 -1 2 14 14 -1 4 6 15 7 6 6 6 6 -1 6 -1 13 
2 2 2 -1 2 5 -1 6 6 2 15 -1 6 6 -1 6 6 -1 6 -1 
2 2 2 2 5 -1 45 45 45 -1 15 -1 -1 -1 3 3 6 -1 -1 6 
6 -1 2 2 2 2 -1 45 2 45 -1 -1 6 3 3 3 -1 6 6 6 
-1 -1 2 2 2 -1 -1 2 6 3 45 7 6 3 3 3 3 7 6 6 
-1 2 2 2 2 2 2 2 -1 3 7 7 2 3 2 7 3 3 6 -1 
-1 -1 2 2 -1 -1 2 2 3 3 3 7 7 7 7 3 9 3 3 7 
6 -1 2 2 2 3 3 3 -1 3 3 3 7 7 7 9 9 -1 -1 -1 
-1 7 7 -1 -1 -1 3 -1 2 -1 3 3 3 7 3 7 7 15 15 6 
15 -1 7 -1 7 7 3 2 3 -1 -1 3 3 3 3 3 15 -1 15 15 
-1 15 -1 7 7 7 3 5 5 8 8 3 3 3 15 15 -1 6 7 15 
3 15 -1 3 45 7 3 -1 3 37 3 3 3 7 3 7 15 15 15 15 
15 7 -1 3 5 45 3 3 37 3 3 3 3 7 7 15 -1 15 -1 15 
-1 5 3 5 -1 45 -1 45 3 -1 2 3 -1 7 7 7 -1 6 -1 15 
5 5 3 45 45 45 -1 45 -1 2 -1 6 7 -1 -1 -1 -1 6 5 -1 
5 5 5 45 45 5 5 -1 2 7 7 6 -1 7 2 -1 -1 5 -1 15 
15 5 -1 -1 45 45 -1 45 2 4 2 7 7 7 -1 2 -1 -1 15 15 
-1 5 5 45 45 5 5 13 4 2 7 7 7 -1 6 6 -1 -1 15 15 
