45 7 45 37 45 2 2 15 1 2 3 5 2 2 2 -1 45 45 45 45 
7 45 45 45 45 45 2 2 2 3 5 5 2 2 -1 7 -1 3 -1 -1 
45 45 45 45 -1 2 2 2 2 -1 3 2 2 -1 -1 -1 2 3 45 7 
45 45 45 45 5 2 6 2 2 -1 -1 2 2 2 13 2 2 -1 3 -1 
2 45 45 45 5 5 2 2 5 5 5 2 37 2 13 13 3 3 37 3 
2 2 -1 2 -1 5 -1 2 2 37 37 37 37 37 2 3 37 37 37 2 
2 3 45 2 2 5 2 2 2 37 37 37 37 37 37 37 37 37 2 2 
2 2 2 2 2 2 2 -1 2 -1 37 37 13 37 37 37 37 -1 1 2 
2 2 -1 7 2 2 -1 2 5 2 2 37 13 13 37 45 37 1 -1 -1 
-1 -1 -1 37 -1 2 37 37 37 37 37 13 13 13 45 13 5 1 -1 -1 
1 -1 -1 37 37 37 37 37 37 37 13 -1 -1 13 13 13 -1 -1 1 15 
-1 -1 -1 45 37 -1 37 37 37 2 -1 13 -1 5 5 13 13 13 15 1 
1 -1 45 45 45 37 37 37 37 13 13 13 13 13 1 1 13 13 13 15 
-1 -1 45 45 45 2 -1 2 13 13 13 13 3 13 -1 13 13 13 15 -1 
37 7 45 45 45 45 2 13 2 13 13 13 -1 3 13 -1 13 13 13 13 
5 7 45 2 45 45 -1 2 -1 13 13 -1 13 13 13 13 37 37 37 -1 
37 7 -1 -1 2 2 3 15 3 37 3 -1 13 13 -1 7 13 37 37 37 
37 5 37 2 45 3 -1 3 -1 3 3 13 13 13 13 -1 7 37 37 37 
-1 37 37 7 2 -1 -1 -1 2 -1 -1 -1 13 13 6 45 45 13 37 37 
45 37 37 37 2 2 -1 9 2 1 -1 2 -1 2 -1 45 45 45 45 45 
37 5 5 -1 7 7 7 7 9 9 7 7 5 -1 -1 -1 7 37 3 7 
7 5 5 7 -1 7 39 39 -1 -1 9 7 7 5 2 2 7 3 3 5 
-1 13 3 5 15 39 39 -1 45 -1 7 7 7 9 -1 5 7 7 -1 7 
7 3 3 7 15 39 45 39 45 37 7 7 37 6 6 45 37 13 37 7 
3 3 15 15 7 2 45 -1 37 45 7 37 37 37 6 -1 45 -1 7 7 
3 3 -1 15 7 7 45 4 45 7 5 37 -1 -1 5 5 5 -1 -1 5 
37 2 2 7 15 -1 -1 45 13 11 37 37 -1 -1 5 37 5 5 5 -1 
2 2 2 2 7 -1 6 13 11 -1 37 37 37 -1 -1 41 41 -1 37 37 
45 2 -1 45 -1 6 11 11 13 11 37 37 37 37 -1 41 41 37 37 37 
37 -1 45 -1 -1 -1 37 37 45 45 37 37 37 37 37 37 41 2 2 45 
45 7 7 45 45 -1 -1 45 37 9 3 -1 45 37 37 37 2 -1 2 37 
2 37 -1 7 7 45 45 5 9 9 5 9 37 37 37 -1 37 37 2 2 
37 2 7 2 7 5 5 5 5 5 5 9 -1 -1 37 -1 37 37 37 2 
2 45 2 2 -1 7 2 5 5 5 -1 6 9 9 -1 -1 -1 7 37 37 
45 45 2 2 2 7 5 37 37 13 6 -1 45 -1 -1 -1 -1 7 -1 -1 
-1 2 -1 2 2 37 -1 37 -1 13 6 45 5 5 -1 7 7 7 7 45 
41 2 2 2 2 37 37 13 37 6 6 5 5 1 1 7 7 7 7 5 
33 41 -1 37 37 37 37 13 13 -1 5 5 5 5 1 -1 5 7 5 3 
41 33 5 5 37 37 3 37 -1 -1 8 5 3 1 3 1 7 7 5 3 
3 5 5 5 37 7 -1 3 -1 -1 8 3 1 3 9 7 3 3 -1 -1 
5 5 7 7 5 9 5 5 -1 5 7 5 7 7 9 9 9 5 -1 5 
5 5 5 5 -1 -1 5 5 4 5 5 5 1 3 9 9 -1 9 5 -1 
5 5 5 5 8 8 -1 4 4 -1 5 -1 3 7 7 7 9 7 5 5 
-1 41 33 33 -1 33 4 -1 -1 4 5 3 3 7 7 7 7 5 -1 5 
5 5 5 33 -1 -1 33 5 5 -1 3 -1 -1 -1 7 7 5 41 5 5 
5 5 33 7 5 5 5 5 5 -1 -1 -1 -1 -1 33 -1 33 41 -1 6 
5 7 7 7 5 7 5 5 -1 5 7 7 7 41 41 33 -1 41 6 5 
7 7 7 7 5 5 5 5 5 -1 7 7 7 41 7 33 33 6 6 -1 
3 7 7 7 -1 -1 5 5 5 5 7 7 7 7 7 33 5 7 -1 3 
3 3 7 7 37 -1 5 -1 -1 5 -1 7 7 7 7 5 5 -1 -1 -1 
3 3 7 3 3 -1 -1 7 7 -1 7 7 7 7 5 5 5 5 7 7 
7 7 7 3 3 -1 5 -1 7 7 7 7 7 7 7 7 5 -1 7 7 
-1 7 7 7 7 -1 5 5 -1 7 7 7 7 7 7 -1 7 7 7 -1 
9 3 3 -1 -1 -1 7 3 3 7 7 7 7 7 9 7 7 7 9 -1 
9 3 3 11 11 -1 7 3 7 7 7 7 7 7 9 9 7 3 7 9 
9 5 5 5 5 -1 5 7 41 41 41 41 7 7 9 9 7 3 5 -1 
5 5 5 7 7 5 -1 5 33 33 7 7 -1 33 7 7 9 7 5 5 
5 7 7 7 5 7 5 7 33 7 7 41 -1 7 7 5 7 7 5 5 
5 7 7 5 -1 5 5 5 3 7 41 3 -1 -1 9 9 9 7 -1 5 
5 5 5 7 7 5 5 4 3 5 7 3 37 9 9 9 7 -1 5 5 
7 5 5 33 33 7 7 7 7 5 7 7 6 33 7 7 -1 5 5 5 
-1 5 33 33 33 33 33 -1 -1 5 7 7 33 33 7 5 5 5 5 5 
5 33 33 33 -1 -1 5 -1 5 7 7 5 7 7 7 7 7 5 5 7 
5 7 33 33 33 -1 -1 -1 5 5 -1 7 5 7 7 -1 7 -1 7 5 
5 5 7 33 33 5 5 -1 5 5 5 7 41 -1 7 7 5 5 7 5 
5 -1 5 33 5 33 5 5 5 5 5 7 41 7 -1 -1 -1 5 -1 7 
9 9 5 -1 33 7 7 5 5 5 -1 5 7 -1 -1 -1 7 7 7 -1 
9 7 5 -1 33 33 -1 -1 5 5 5 6 5 7 5 7 7 7 7 9 
9 5 5 5 5 -1 -1 7 -1 5 5 6 6 5 -1 6 6 -1 7 5 
5 5 5 -1 5 -1 -1 7 7 5 -1 4 5 9 5 6 6 7 3 3 
-1 7 5 5 5 5 5 5 5 -1 5 5 4 9 5 6 -1 -1 7 3 
6 6 5 -1 5 5 5 5 7 7 5 5 9 5 5 5 -1 5 5 7 
-1 6 6 -1 5 7 -1 5 5 7 -1 9 5 5 7 7 7 5 5 7 
6 6 6 5 7 7 5 7 -1 -1 7 5 5 -1 7 5 5 5 5 5 
-1 6 5 5 -1 7 7 7 5 -1 7 5 5 5 -1 -1 7 5 5 5 
5 7 7 5 6 -1 7 -1 7 7 5 -1 7 41 7 -1 5 5 5 5 
-1 -1 5 6 7 7 7 7 5 7 5 5 7 5 -1 7 5 5 5 5 
1 7 7 33 7 -1 7 -1 -1 5 5 -1 -1 7 5 7 6 7 5 4 
-1 -1 7 33 -1 7 -1 5 5 7 7 -1 -1 7 7 6 7 7 7 4 
5 7 -1 33 33 7 7 5 7 7 7 6 6 -1 7 7 5 -1 4 5 
7 -1 -1 -1 5 7 7 7 -1 -1 7 7 7 -1 5 5 5 -1 7 5 
7 7 7 5 5 -1 7 7 7 7 -1 -1 7 7 7 5 7 5 7 7 
7 7 3 7 7 7 7 7 -1 -1 7 -1 7 7 7 5 7 7 5 5 
7 3 -1 7 7 -1 -1 -1 5 7 5 7 -1 7 7 3 7 7 5 5 
7 7 5 5 7 -1 5 5 5 7 5 7 -1 -1 5 5 7 7 5 7 
5 5 5 5 7 5 5 5 7 5 5 9 7 5 5 -1 5 5 -1 -1 
5 5 7 5 5 5 -1 5 5 9 9 9 7 7 5 5 5 5 5 5 
5 5 5 7 5 5 5 9 -1 9 9 9 7 -1 6 5 7 7 7 5 
5 5 5 1 5 5 5 -1 9 9 9 7 5 5 7 7 7 7 7 -1 
-1 5 -1 7 5 5 5 -1 9 7 7 7 7 -1 -1 -1 7 -1 -1 -1 
5 5 7 7 -1 5 5 -1 9 9 5 5 5 -1 7 7 -1 7 5 5 
-1 5 5 7 5 1 13 9 9 -1 5 5 5 -1 5 -1 7 7 7 5 
-1 5 5 5 -1 -1 7 4 15 -1 -1 5 5 -1 5 5 -1 -1 7 5 
-1 4 4 5 5 5 4 4 4 -1 5 1 7 5 -1 -1 -1 5 -1 7 
-1 4 4 5 5 5 4 7 -1 5 1 -1 -1 -1 -1 5 5 3 7 7 
7 -1 4 5 5 5 5 -1 5 6 -1 -1 -1 5 5 5 -1 5 5 3 
3 7 4 -1 5 5 -1 5 6 -1 5 -1 -1 5 5 5 -1 -1 3 3 
3 -1 -1 5 5 -1 7 7 6 6 5 3 3 5 5 5 -1 3 7 3 
-1 -1 -1 5 5 5 -1 41 41 6 -1 3 5 5 5 5 3 3 7 -1 
3 -1 -1 9 -1 5 5 7 41 6 6 7 7 7 5 5 5 3 5 3 
5 5 5 3 5 4 -1 5 7 7 7 7 7 5 5 5 5 5 5 5 
-1 5 5 5 5 5 5 -1 5 5 7 7 7 -1 5 5 5 5 5 5 
-1 5 3 7 5 5 5 5 5 5 5 -1 7 7 5 5 5 5 -1 5 
5 5 5 7 5 5 5 5 5 5 -1 -1 5 7 5 -1 7 7 5 5 
7 7 5 7 7 7 5 5 -1 7 7 5 5 7 5 5 -1 7 7 7 
7 1 7 5 7 7 -1 5 -1 7 1 5 5 6 6 5 7 7 7 7 
7 -1 7 7 7 7 5 -1 5 7 7 7 7 6 7 7 7 7 7 7 
7 7 7 7 7 5 5 5 7 7 7 7 5 -1 5 7 7 7 7 7 
7 5 -1 5 5 5 5 3 5 7 5 7 5 5 7 7 7 5 5 5 
7 7 5 7 5 -1 7 5 5 7 7 5 5 5 5 5 6 -1 5 -1 
7 7 -1 5 5 5 7 -1 5 7 5 5 5 5 5 5 5 5 7 7 
7 7 7 5 5 -1 5 5 6 5 5 5 5 5 5 7 5 7 7 7 
7 7 3 5 5 5 5 5 -1 5 7 5 5 7 5 7 7 7 7 7 
7 5 3 5 5 5 5 5 5 7 7 5 5 7 7 7 7 4 5 5 
5 -1 3 3 -1 5 5 5 5 7 7 5 5 7 7 5 7 4 4 5 
6 5 3 1 1 5 5 5 5 5 5 7 -1 7 7 7 5 4 4 -1 
4 5 5 3 7 -1 5 5 5 5 5 5 -1 3 5 5 7 4 5 6 
3 3 3 7 3 5 5 5 7 5 7 5 5 5 5 -1 5 5 -1 3 
3 5 3 7 3 5 5 7 5 5 5 5 -1 5 5 5 5 5 5 3 
5 5 5 5 3 6 -1 5 7 5 5 -1 7 7 5 5 5 5 5 5 
7 5 5 5 5 5 5 5 5 5 7 7 5 5 5 5 -1 5 5 5 
7 5 7 32 5 5 5 5 5 5 7 5 5 -1 5 -1 5 5 5 7 
-1 7 7 7 32 5 7 -1 7 7 6 6 5 6 6 3 3 5 5 5 
-1 -1 7 7 33 5 -1 5 5 5 5 6 5 7 7 7 7 5 5 7 
7 7 7 33 33 -1 5 5 5 5 5 5 5 7 5 5 5 5 -1 7 
7 7 7 5 33 33 7 5 5 7 5 5 -1 5 5 5 5 5 7 7 
5 7 7 -1 5 -1 7 7 7 7 5 5 5 5 7 7 -1 6 -1 7 
7 5 5 5 7 7 7 7 7 4 4 7 5 7 5 7 7 -1 3 7 
7 5 5 5 7 7 7 7 4 4 7 5 5 45 -1 5 -1 6 7 7 
7 5 5 7 7 7 -1 4 -1 5 -1 7 45 5 -1 5 -1 1 7 -1 
5 5 5 -1 7 7 -1 7 4 -1 7 7 3 3 5 -1 7 6 -1 7 
5 5 5 -1 -1 6 -1 7 6 7 4 7 5 5 5 2 7 -1 7 5 
5 5 5 -1 6 6 6 6 6 6 6 7 5 5 -1 7 7 7 5 5 
5 5 5 6 6 6 7 6 6 6 6 5 5 5 7 7 -1 -1 5 5 
5 -1 7 -1 5 6 6 6 6 5 -1 5 5 5 5 5 -1 5 1 1 
7 -1 7 5 7 6 -1 6 6 6 5 6 6 7 5 5 7 5 5 5 
5 7 7 7 5 5 5 6 5 -1 6 6 6 -1 5 7 5 5 5 5 
5 5 7 5 5 5 6 5 5 5 5 5 6 -1 -1 5 7 5 -1 5 
-1 5 5 7 5 6 5 5 5 5 5 5 5 -1 -1 7 7 7 5 5 
5 5 7 7 5 5 5 5 5 5 -1 5 5 5 -1 7 7 -1 5 -1 
33 33 5 5 7 33 12 12 5 5 -1 7 7 5 5 1 7 5 33 33 
33 33 5 5 -1 12 12 12 -1 -1 -1 -1 5 5 38 38 5 7 7 33 
-1 5 33 3 5 -1 -1 7 12 12 3 -1 -1 7 5 38 7 5 -1 5 
5 33 6 33 3 -1 -1 12 7 12 -1 3 3 7 5 5 5 5 5 5 
5 5 33 3 33 -1 12 12 -1 -1 -1 -1 -1 3 7 7 5 5 5 5 
5 5 5 5 7 12 7 7 -1 -1 -1 -1 3 7 7 7 7 5 5 5 
5 5 5 7 -1 -1 7 -1 -1 5 5 -1 7 7 5 7 5 5 -1 5 
-1 5 7 7 5 -1 -1 -1 -1 5 5 6 7 5 -1 5 7 5 5 5 
5 -1 5 -1 5 -1 -1 7 -1 5 5 5 5 -1 6 -1 5 -1 -1 5 
5 5 5 5 5 7 7 7 7 40 5 5 5 5 -1 5 -1 5 7 5 
5 7 5 -1 -1 -1 -1 5 5 -1 40 5 -1 5 5 5 -1 7 5 7 
7 5 7 7 -1 -1 7 5 5 5 5 -1 5 -1 -1 5 5 7 7 -1 
-1 -1 5 7 -1 7 3 5 -1 5 5 5 3 5 -1 5 5 5 7 5 
7 -1 7 7 7 3 3 5 7 7 7 4 4 7 7 5 5 5 7 7 
7 7 -1 -1 3 -1 3 -1 -1 7 7 7 -1 7 -1 7 7 5 7 5 
7 -1 7 7 -1 33 5 -1 5 -1 7 7 5 5 7 7 7 7 7 -1 
7 7 7 4 5 5 5 33 5 5 -1 -1 5 -1 7 7 7 5 7 5 
41 7 7 4 6 5 -1 7 5 5 -1 7 -1 7 7 7 -1 -1 5 41 
33 7 -1 5 7 7 5 33 5 5 7 6 -1 7 7 7 7 7 41 41 
7 -1 5 6 7 5 33 5 5 7 -1 7 7 7 5 7 7 40 -1 41 
5 5 -1 7 7 -1 -1 6 5 -1 7 7 7 5 5 7 7 7 5 5 
5 7 7 7 7 -1 6 6 5 -1 -1 7 5 5 5 7 7 -1 5 5 
5 7 7 7 -1 7 -1 6 -1 32 40 -1 5 3 3 5 5 5 -1 7 
6 6 7 7 7 -1 7 -1 -1 33 -1 -1 -1 5 5 5 5 5 5 5 
6 -1 6 -1 -1 12 12 5 5 -1 7 7 7 5 -1 5 33 5 5 -1 
5 5 -1 4 4 -1 -1 -1 5 3 7 7 7 7 5 33 5 5 5 7 
5 5 -1 -1 4 5 4 4 3 7 7 7 7 7 5 5 5 5 7 5 
5 5 5 6 5 4 33 3 3 -1 7 7 -1 7 7 5 5 5 7 5 
-1 5 6 -1 7 5 33 3 -1 -1 3 -1 -1 7 7 7 -1 5 5 5 
-1 5 5 7 -1 33 33 33 -1 3 -1 6 6 6 7 5 5 5 5 4 
7 -1 -1 7 33 33 33 5 -1 6 7 5 6 7 5 -1 5 -1 5 -1 
7 7 4 4 33 -1 7 7 6 6 6 6 6 5 7 -1 -1 5 5 5 
-1 -1 4 -1 -1 -1 7 7 7 6 7 6 6 7 7 7 5 5 5 -1 
-1 6 4 -1 -1 -1 7 7 6 6 6 7 5 7 7 -1 7 -1 7 -1 
6 4 4 -1 -1 -1 -1 7 33 6 6 5 -1 6 7 7 7 7 -1 7 
4 4 6 -1 6 5 5 5 41 33 6 6 6 7 7 7 7 6 7 4 
-1 7 6 6 -1 -1 5 5 33 41 6 6 6 7 7 7 7 6 6 4 
7 6 7 6 -1 7 7 33 33 -1 -1 6 7 -1 7 6 6 7 -1 7 
7 7 6 7 6 -1 -1 7 7 33 7 6 5 -1 5 7 7 7 7 7 
-1 7 5 7 6 7 -1 7 -1 7 6 7 5 5 3 7 7 7 7 -1 
-1 4 4 5 7 7 7 7 7 -1 -1 -1 7 -1 -1 7 -1 -1 -1 -1 
-1 4 4 4 -1 -1 7 -1 -1 7 -1 -1 4 4 7 -1 -1 3 -1 6 
6 4 4 4 -1 7 4 -1 7 7 7 4 7 4 -1 7 32 3 3 6 
6 4 4 4 -1 4 7 7 -1 7 -1 7 4 6 7 7 -1 -1 32 3 
-1 -1 -1 4 4 4 4 7 -1 -1 -1 -1 6 6 7 -1 -1 4 4 4 
-1 -1 -1 7 4 7 7 7 -1 -1 6 6 4 6 40 32 -1 -1 4 4 
6 -1 -1 7 -1 7 7 7 -1 6 6 4 4 34 -1 32 32 -1 4 -1 
6 -1 7 7 -1 7 7 -1 6 5 6 5 34 6 -1 -1 4 -1 4 4 
5 5 7 5 7 -1 -1 7 7 -1 5 6 7 34 34 -1 4 4 6 4 
5 5 5 5 7 7 6 7 7 5 5 7 7 32 34 7 4 -1 7 5 
5 7 5 7 7 7 7 6 7 7 7 7 -1 -1 7 7 6 -1 32 5 
5 5 5 5 7 7 7 7 6 -1 -1 11 -1 6 6 7 5 32 -1 -1 
-1 5 5 -1 -1 7 6 7 5 5 5 -1 11 6 6 6 6 5 5 -1 
40 40 7 7 7 -1 7 6 5 5 5 -1 6 6 -1 -1 6 5 5 5 
40 -1 7 40 6 7 7 7 -1 5 5 -1 6 -1 -1 -1 7 5 5 -1 
-1 7 40 40 6 -1 7 4 -1 5 7 7 -1 -1 7 -1 -1 5 5 -1 
5 4 4 40 -1 7 4 5 -1 5 6 7 -1 7 -1 -1 -1 -1 -1 5 
40 -1 4 4 -1 7 7 5 -1 6 7 7 7 7 5 -1 -1 5 5 5 
-1 -1 5 4 -1 -1 -1 5 -1 -1 -1 7 -1 7 7 -1 7 -1 6 6 
-1 4 4 4 -1 7 7 5 -1 7 -1 -1 -1 -1 7 -1 7 -1 40 -1 
4 4 4 5 5 6 -1 6 2 2 6 2 6 6 4 4 4 6 4 -1 
-1 4 4 4 4 4 -1 6 4 2 2 6 6 6 4 4 -1 7 7 4 
4 4 4 6 6 6 6 6 6 2 2 -1 6 -1 7 7 7 7 7 -1 
4 4 5 5 6 6 6 -1 2 2 4 6 -1 7 7 7 7 -1 7 7 
-1 5 5 6 6 4 6 6 -1 -1 4 4 6 7 -1 -1 7 -1 -1 -1 
-1 5 5 5 4 4 4 -1 4 -1 -1 4 -1 -1 -1 -1 6 6 -1 7 
7 7 5 5 5 7 -1 4 -1 4 4 4 4 6 6 6 5 7 7 -1 
7 7 7 5 5 7 6 4 -1 4 -1 4 4 4 6 6 5 -1 -1 -1 
7 7 6 -1 -1 4 6 6 4 6 6 4 4 4 6 -1 5 5 -1 3 
7 7 7 6 -1 -1 4 -1 -1 4 4 4 5 4 -1 4 5 5 -1 2 
2 7 -1 6 -1 4 4 6 4 -1 4 4 4 5 5 5 5 5 6 4 
4 4 6 6 6 6 4 4 -1 -1 4 -1 -1 -1 6 5 6 6 6 4 
3 6 5 6 6 6 -1 4 4 6 -1 -1 -1 -1 6 5 6 -1 3 3 
3 6 5 6 6 6 6 -1 6 6 -1 -1 6 6 4 4 6 3 3 3 
3 6 -1 5 6 6 6 6 6 6 6 6 6 6 -1 4 3 4 3 3 
4 -1 6 6 5 6 6 1 6 6 6 6 6 6 6 3 4 -1 3 3 
4 4 6 6 6 6 6 1 1 -1 -1 6 6 6 4 4 2 2 2 6 
6 4 4 6 6 -1 -1 -1 7 2 -1 6 6 6 4 6 -1 -1 -1 6 
4 4 4 -1 -1 -1 -1 7 7 2 -1 -1 -1 6 6 4 -1 6 -1 4 
4 -1 -1 -1 6 -1 7 7 2 7 2 6 6 6 6 4 6 6 -1 4 
4 4 4 -1 5 5 5 5 6 -1 7 7 6 41 -1 6 6 6 6 6 
6 -1 4 -1 -1 -1 4 4 4 4 6 6 6 6 6 -1 6 6 6 6 
6 -1 -1 -1 4 5 4 4 -1 4 4 4 4 6 6 6 -1 -1 6 -1 
-1 4 4 -1 -1 -1 -1 6 4 6 6 6 6 6 6 5 6 -1 -1 6 
4 4 4 -1 -1 -1 4 6 6 6 6 6 6 -1 5 -1 6 -1 6 -1 
-1 4 6 -1 -1 -1 -1 -1 6 6 6 6 -1 6 5 6 -1 6 6 -1 
-1 -1 6 6 6 6 -1 6 4 -1 -1 6 6 6 -1 6 6 6 6 -1 
4 4 4 6 4 6 -1 4 -1 6 6 6 6 6 6 -1 -1 6 -1 4 
4 4 4 4 4 4 4 4 4 4 6 6 6 6 6 -1 6 6 4 4 
4 -1 -1 4 -1 4 -1 6 4 4 -1 6 6 6 6 6 6 4 -1 -1 
-1 -1 -1 4 -1 -1 5 5 6 4 4 4 -1 6 6 6 -1 4 4 4 
-1 -1 6 4 -1 5 5 5 -1 -1 7 -1 6 6 6 -1 4 4 -1 4 
-1 4 4 6 6 6 5 -1 7 -1 -1 7 6 6 6 6 -1 -1 -1 4 
-1 6 6 6 6 5 5 7 7 7 7 7 7 6 6 -1 -1 6 6 6 
4 4 6 6 5 -1 6 7 -1 7 -1 7 7 7 6 6 6 6 6 6 
-1 5 4 5 -1 6 -1 -1 5 -1 5 -1 7 6 6 6 6 6 6 -1 
4 5 5 -1 -1 -1 5 5 5 5 5 2 -1 -1 -1 -1 6 6 -1 -1 
5 5 5 5 -1 -1 5 5 5 5 5 2 2 -1 6 6 6 -1 6 6 
5 -1 5 -1 -1 5 5 5 5 -1 -1 7 6 6 6 4 6 6 6 -1 
-1 -1 -1 -1 5 5 5 6 -1 -1 7 6 1 41 4 6 6 6 6 6 
6 6 7 7 -1 7 7 7 -1 -1 -1 -1 6 6 -1 6 6 6 -1 6 
-1 6 7 -1 -1 -1 -1 -1 -1 4 -1 -1 -1 6 5 -1 -1 6 6 -1 
-1 6 6 6 -1 6 -1 -1 -1 4 3 4 4 -1 5 6 -1 -1 6 6 
-1 6 6 6 4 4 6 4 -1 3 6 6 6 4 6 -1 5 5 5 -1 
-1 6 6 -1 4 4 4 -1 -1 -1 4 6 6 5 5 5 -1 5 5 5 
-1 4 -1 -1 -1 -1 -1 5 -1 4 5 -1 4 -1 5 -1 5 5 5 5 
4 -1 4 -1 -1 5 4 -1 5 5 5 5 -1 4 4 5 4 4 6 5 
5 4 6 5 -1 5 5 -1 -1 -1 5 5 5 -1 -1 4 5 -1 6 5 
5 5 6 6 5 -1 5 -1 5 5 -1 5 -1 -1 4 -1 -1 -1 -1 6 
-1 6 6 6 -1 5 -1 -1 5 -1 -1 5 5 4 5 5 -1 -1 6 -1 
6 -1 6 -1 -1 5 5 -1 5 7 5 5 4 4 5 5 5 -1 5 -1 
3 6 -1 -1 5 5 5 5 5 7 7 6 6 4 4 -1 6 4 5 -1 
6 -1 6 -1 -1 5 5 5 5 7 7 6 4 6 4 -1 4 -1 3 3 
6 4 -1 -1 -1 5 6 5 5 3 3 -1 6 6 6 4 -1 -1 -1 3 
6 4 -1 -1 5 5 5 -1 5 -1 3 3 6 4 6 6 6 -1 -1 6 
6 6 6 -1 6 5 5 5 5 7 -1 3 6 -1 4 6 6 6 5 6 
6 -1 6 -1 -1 6 4 5 5 7 3 3 3 3 4 5 5 5 5 5 
5 7 -1 -1 -1 6 6 6 6 -1 -1 -1 -1 5 5 4 5 5 5 5 
5 7 7 7 6 -1 -1 6 6 6 6 -1 6 6 5 -1 4 5 5 5 
7 7 3 7 7 -1 -1 -1 6 -1 -1 -1 6 6 5 5 6 3 3 5 
5 -1 5 -1 5 5 5 5 6 5 -1 -1 -1 4 5 3 -1 -1 -1 5 
-1 5 5 5 5 5 5 -1 3 6 6 6 4 4 7 5 -1 -1 -1 1 
-1 -1 -1 5 4 5 5 5 -1 -1 -1 6 -1 7 7 5 7 7 -1 1 
5 5 -1 5 4 32 -1 5 4 4 -1 7 -1 7 7 6 6 7 7 5 
5 3 -1 4 5 5 4 4 5 -1 5 5 7 7 7 3 3 -1 32 32 
5 5 5 3 4 4 4 -1 5 5 7 7 7 7 3 3 3 3 4 3 
3 5 5 5 3 -1 1 1 5 5 7 7 7 -1 3 3 3 4 4 4 
3 5 5 -1 3 3 1 5 5 5 5 5 5 7 -1 7 3 4 4 4 
5 5 5 5 5 3 -1 5 5 5 -1 5 7 -1 7 7 3 3 4 -1 
5 -1 5 -1 5 -1 -1 5 5 2 -1 7 -1 7 -1 7 7 4 5 5 
-1 5 -1 5 -1 -1 -1 -1 -1 -1 2 -1 7 7 -1 6 7 5 5 5 
5 -1 5 5 -1 -1 3 -1 -1 -1 2 7 -1 6 6 6 -1 -1 6 -1 
5 5 4 5 5 3 3 3 -1 -1 -1 5 5 6 7 5 5 5 3 3 
-1 5 2 -1 3 3 -1 3 5 -1 -1 5 5 7 -1 -1 5 3 6 3 
4 5 -1 2 3 -1 -1 5 5 3 3 -1 -1 5 -1 5 5 5 5 6 
6 4 3 3 3 3 5 5 5 5 3 5 5 1 -1 -1 -1 6 7 6 
6 -1 -1 -1 -1 3 5 3 5 5 5 -1 5 1 -1 -1 -1 3 6 6 
6 -1 3 3 3 3 3 5 4 5 -1 5 1 1 -1 3 3 -1 3 -1 
5 3 3 3 -1 3 5 5 5 4 5 1 5 5 1 3 3 3 -1 -1 
-1 3 5 -1 -1 -1 5 3 5 -1 -1 1 1 5 -1 3 3 -1 -1 5 
6 6 3 3 3 2 2 5 5 -1 5 3 5 5 3 -1 -1 -1 4 -1 
3 3 3 3 3 3 2 5 3 -1 5 -1 -1 -1 3 3 3 -1 4 4 
4 3 3 3 5 2 5 2 -1 3 -1 -1 5 1 -1 -1 1 3 4 4 
4 4 -1 3 -1 3 3 3 3 -1 -1 1 1 5 1 1 1 1 3 -1 
-1 3 -1 3 3 3 5 1 -1 -1 -1 1 1 1 1 5 -1 3 3 3 
3 3 3 5 5 5 1 -1 1 -1 1 -1 1 5 5 5 5 5 3 2 
-1 3 3 5 5 5 5 1 1 1 1 1 1 1 1 5 2 3 3 3 
3 2 3 1 1 5 2 -1 -1 1 1 -1 1 -1 1 3 -1 2 2 2 
2 2 2 5 5 5 2 5 5 -1 -1 1 1 1 3 -1 3 2 2 2 
-1 5 2 3 5 5 5 5 5 3 3 -1 -1 -1 -1 3 6 3 3 2 
3 -1 5 5 5 5 -1 5 5 3 6 -1 -1 -1 -1 3 -1 7 7 -1 
-1 -1 -1 -1 5 5 -1 -1 5 3 3 6 6 -1 3 3 7 7 -1 7 
7 7 2 5 5 -1 -1 5 -1 5 -1 5 5 6 1 3 5 7 5 7 
7 2 -1 3 3 3 5 5 5 3 3 5 1 7 1 5 3 7 7 7 
3 3 3 3 3 7 5 -1 3 -1 1 1 1 7 3 -1 -1 3 -1 3 
3 7 7 5 -1 7 3 3 1 -1 5 1 5 5 5 5 -1 7 -1 3 
7 7 7 7 7 2 2 -1 1 1 5 5 5 5 5 6 7 7 3 3 
5 7 7 -1 -1 2 2 -1 -1 5 5 4 5 3 -1 3 1 -1 -1 -1 
-1 5 -1 -1 2 2 2 -1 5 -1 5 2 4 5 3 7 7 1 1 -1 
-1 6 6 -1 3 3 -1 5 -1 5 3 5 -1 5 5 -1 7 -1 1 1 
-1 3 7 7 3 7 -1 7 7 6 6 6 6 6 -1 -1 6 6 1 1 
-1 7 -1 7 -1 3 7 1 1 7 7 -1 -1 6 6 6 -1 6 1 -1 
7 7 7 7 7 7 1 7 1 1 -1 -1 -1 6 6 -1 -1 1 1 -1 
-1 -1 -1 7 3 7 7 5 -1 3 -1 -1 6 -1 -1 6 3 3 -1 -1 
-1 -1 -1 3 2 7 2 -1 3 3 3 -1 6 -1 -1 1 3 3 3 1 
3 3 -1 -1 -1 7 2 2 3 3 3 3 6 3 -1 1 3 1 1 3 
3 -1 -1 -1 -1 2 -1 2 -1 3 3 3 3 3 -1 5 3 3 3 3 
-1 3 -1 3 3 -1 2 -1 -1 3 3 -1 -1 5 -1 5 3 3 -1 3 
3 -1 3 3 3 3 2 2 -1 3 -1 5 -1 5 5 3 3 3 3 3 
-1 -1 4 7 7 3 2 -1 3 3 -1 5 5 5 -1 3 3 3 3 -1 
3 3 -1 1 4 7 7 3 -1 3 7 -1 5 3 3 3 -1 3 -1 5 
-1 1 3 1 7 4 7 -1 -1 7 -1 2 3 -1 3 -1 -1 3 3 3 
-1 -1 4 1 -1 7 -1 7 7 2 2 -1 -1 -1 3 3 3 3 -1 -1 
7 7 3 3 3 -1 2 -1 7 2 2 -1 -1 3 3 3 3 3 3 3 
7 7 5 3 2 3 2 7 2 5 -1 3 3 3 3 3 3 2 3 2 
7 -1 5 5 3 3 -1 7 5 5 5 3 3 3 3 3 3 2 3 3 
7 -1 5 3 3 -1 3 7 7 5 3 3 3 3 3 3 3 2 2 2 
7 5 1 2 -1 3 7 -1 7 7 3 3 3 3 3 3 3 2 7 -1 
-1 2 2 1 2 2 3 -1 -1 7 3 6 6 -1 -1 -1 3 3 7 -1 
-1 7 -1 -1 7 3 7 7 7 6 6 6 6 -1 -1 -1 6 7 -1 1 
-1 3 2 3 -1 3 6 3 2 3 3 3 3 -1 3 2 3 3 2 2 
2 3 2 2 7 6 7 2 2 2 3 -1 -1 3 -1 3 3 2 6 3 
2 2 2 2 7 7 7 6 3 6 6 -1 -1 3 3 2 2 2 2 3 
6 6 2 2 7 2 2 6 3 -1 2 2 2 3 3 2 6 6 3 2 
6 2 7 7 -1 2 3 2 -1 2 2 -1 2 3 3 3 6 6 -1 6 
6 2 -1 7 7 3 2 2 6 3 2 2 -1 3 3 3 -1 1 -1 -1 
-1 1 7 1 7 -1 3 6 3 2 3 -1 6 -1 3 1 1 -1 1 -1 
1 -1 1 -1 -1 3 3 3 3 3 3 2 2 2 3 3 2 3 1 2 
2 1 1 1 1 2 -1 -1 3 3 3 7 7 7 2 2 -1 1 3 3 
6 6 6 1 3 2 2 2 2 3 3 3 3 -1 -1 -1 -1 3 1 3 
1 1 3 -1 -1 3 -1 2 -1 3 3 3 3 -1 5 -1 -1 -1 -1 -1 
6 1 6 3 -1 3 -1 2 -1 3 3 3 -1 -1 2 2 -1 -1 -1 -1 
5 6 3 3 3 2 2 -1 3 3 3 3 3 5 5 2 -1 4 5 4 
5 2 -1 -1 3 3 2 3 7 -1 -1 3 5 5 -1 7 -1 5 5 32 
32 -1 2 -1 3 3 3 3 3 3 5 5 5 3 -1 3 5 3 5 5 
3 -1 -1 3 3 3 3 3 3 6 6 6 5 3 2 3 3 3 -1 5 
3 -1 -1 -1 3 3 -1 6 6 3 6 6 5 3 2 3 3 3 3 3 
-1 1 1 1 3 3 3 6 6 6 6 3 6 5 3 -1 5 5 3 3 
3 3 5 1 3 3 3 3 3 3 3 6 3 6 5 3 5 5 3 -1 
2 2 2 2 3 5 3 -1 3 3 3 6 3 3 5 2 5 -1 2 3 
3 3 1 1 7 7 7 7 3 6 7 7 7 -1 6 6 3 3 3 3 
3 3 2 -1 5 7 5 3 3 6 4 -1 3 -1 2 6 6 3 3 3 
3 2 3 -1 6 5 5 2 3 6 4 -1 7 -1 7 2 6 -1 3 3 
3 2 6 6 7 5 -1 3 -1 -1 3 7 -1 7 7 -1 3 -1 -1 3 
-1 2 2 6 -1 6 -1 -1 -1 7 3 -1 -1 7 7 1 6 2 2 2 
2 2 1 6 -1 2 6 2 7 7 7 3 -1 2 7 6 3 3 2 2 
2 2 6 -1 2 2 6 -1 -1 7 7 3 3 6 2 2 3 3 3 2 
-1 2 6 2 -1 6 6 5 7 7 7 3 2 6 2 6 8 3 2 2 
8 -1 2 6 2 2 6 -1 5 7 7 -1 2 -1 -1 6 6 8 2 8 
-1 8 2 -1 -1 6 7 7 7 5 7 -1 3 2 2 6 8 8 3 -1 
3 7 7 3 -1 6 7 7 7 -1 7 7 7 7 6 7 7 7 3 3 
7 3 7 3 -1 3 3 7 7 7 7 7 2 2 7 -1 7 -1 3 3 
6 7 -1 3 -1 -1 3 6 6 7 7 -1 2 3 7 7 7 7 7 3 
3 2 7 7 3 -1 3 -1 6 6 2 1 3 7 7 4 7 -1 3 7 
-1 3 3 3 7 3 3 -1 7 6 1 3 3 -1 4 4 7 7 2 2 
3 3 3 -1 3 3 3 3 6 6 3 2 6 2 6 2 6 6 -1 -1 
3 3 3 3 3 3 3 -1 3 6 6 2 2 6 2 6 6 6 6 -1 
3 -1 3 -1 3 6 2 -1 6 6 7 2 7 -1 6 2 -1 1 6 2 
2 3 3 3 3 2 6 3 -1 7 -1 7 7 6 3 -1 2 6 -1 6 
1 1 3 -1 1 -1 7 3 -1 2 7 7 7 6 -1 6 -1 3 6 -1 
-1 2 2 -1 3 2 3 4 -1 -1 -1 3 3 3 3 2 2 2 6 3 
-1 -1 6 2 2 2 2 3 -1 -1 -1 3 3 3 -1 2 2 6 3 3 
3 -1 6 6 -1 -1 3 -1 3 3 3 -1 3 3 3 6 -1 2 5 5 
-1 5 6 2 6 6 3 3 3 -1 -1 -1 3 3 5 6 5 -1 2 3 
-1 6 6 -1 2 3 2 -1 3 3 6 -1 3 -1 3 3 5 5 2 2 
-1 -1 6 2 2 2 6 3 3 3 6 6 6 6 7 -1 5 2 2 -1 
-1 -1 -1 -1 2 -1 -1 2 -1 -1 3 6 6 -1 -1 7 3 2 -1 6 
3 -1 -1 -1 2 2 2 -1 3 3 6 6 -1 -1 3 3 3 5 3 3 
-1 -1 -1 -1 2 2 2 2 2 3 3 -1 3 9 9 3 5 5 -1 3 
3 3 3 -1 7 -1 2 2 2 2 6 -1 3 -1 9 9 -1 -1 -1 3 
3 3 3 -1 -1 -1 2 2 2 3 -1 -1 1 1 7 3 3 -1 3 3 
-1 1 6 2 -1 -1 -1 7 7 3 3 3 7 7 3 -1 3 3 3 7 
1 1 2 7 7 7 7 7 7 7 3 3 3 3 3 -1 3 3 3 -1 
7 1 1 1 1 7 -1 7 3 3 3 3 3 3 -1 3 3 3 -1 3 
1 7 6 6 1 2 6 7 7 -1 3 3 -1 -1 -1 3 -1 3 3 2 
3 7 3 3 1 6 7 -1 -1 3 -1 4 4 4 7 -1 7 3 3 3 
3 3 3 3 6 7 7 7 -1 -1 -1 4 -1 3 7 4 7 6 3 3 
3 3 3 3 6 3 2 -1 1 -1 3 3 -1 -1 4 4 -1 2 1 3 
3 3 3 3 3 2 3 -1 1 4 -1 3 -1 -1 2 3 2 1 3 3 
2 3 -1 7 -1 -1 3 -1 1 3 3 -1 3 3 3 3 2 3 3 3 
-1 7 -1 -1 7 -1 -1 -1 7 7 1 1 1 -1 3 5 -1 -1 7 3 
5 7 7 -1 7 7 7 7 7 7 -1 5 5 -1 5 3 3 3 -1 3 
7 7 -1 7 7 7 -1 7 6 5 7 5 -1 5 5 7 3 3 7 -1 
7 -1 2 -1 7 -1 7 7 7 2 5 5 5 5 -1 -1 7 7 7 7 
-1 -1 2 7 7 -1 4 4 4 6 2 2 3 5 5 -1 -1 7 7 -1 
4 2 2 -1 7 -1 -1 4 4 6 5 6 5 3 5 5 -1 -1 -1 4 
-1 -1 2 -1 7 7 3 3 7 5 5 5 5 5 5 5 -1 7 5 -1 
-1 -1 2 -1 -1 7 3 7 7 7 5 5 5 5 3 7 -1 5 7 7 
5 3 3 2 -1 7 7 -1 6 7 -1 5 5 3 -1 -1 3 -1 7 7 
6 5 -1 3 -1 7 7 -1 6 6 6 3 -1 6 -1 3 -1 6 7 6 
2 5 5 3 7 7 -1 -1 7 2 3 3 -1 6 3 3 6 6 3 3 
2 2 6 6 7 7 -1 7 6 7 6 6 2 3 3 3 6 -1 6 2 
2 2 -1 6 7 7 6 3 -1 6 6 2 3 3 3 2 2 6 2 2 
7 6 -1 7 3 7 6 -1 3 2 2 2 7 3 -1 2 2 6 6 6 
-1 -1 7 6 7 3 7 3 3 7 2 7 3 -1 2 -1 2 2 6 7 
-1 -1 7 7 -1 -1 3 -1 3 6 -1 3 2 2 2 1 6 6 6 7 
-1 -1 7 7 7 7 -1 -1 -1 -1 6 -1 -1 2 5 2 2 6 2 7 
-1 7 7 7 7 7 -1 -1 7 7 7 32 1 1 1 1 -1 2 6 5 
-1 -1 7 7 7 2 -1 -1 7 7 7 -1 -1 1 1 1 6 -1 5 5 
3 7 7 -1 2 -1 7 7 7 -1 7 1 1 -1 -1 3 -1 7 5 -1 
3 -1 -1 7 7 7 7 7 7 7 -1 -1 7 3 3 3 -1 3 3 3 
3 -1 -1 -1 7 7 7 7 -1 7 7 7 4 3 3 -1 3 3 3 3 
3 -1 -1 7 7 7 7 -1 7 7 -1 6 -1 -1 -1 -1 3 3 3 3 
6 -1 6 -1 6 7 7 -1 -1 -1 6 6 -1 -1 -1 3 3 3 3 -1 
5 6 7 7 7 -1 7 7 -1 6 6 -1 -1 -1 -1 3 3 5 -1 5 
7 5 6 7 6 7 7 -1 7 6 6 -1 4 5 -1 -1 -1 4 5 5 
7 7 7 7 7 7 6 -1 -1 6 5 -1 4 5 1 -1 -1 5 5 7 
7 7 7 -1 7 2 7 6 6 5 6 -1 5 -1 5 -1 5 -1 7 7 
6 6 5 7 7 7 7 6 -1 6 4 -1 -1 5 -1 7 5 5 5 7 
7 6 5 7 7 7 -1 7 -1 4 -1 -1 4 6 5 4 -1 5 -1 7 
-1 6 6 7 -1 6 -1 7 2 -1 4 4 6 7 7 7 3 -1 7 7 
7 7 7 7 6 7 6 2 2 2 7 -1 7 7 7 -1 -1 7 4 7 
-1 7 7 7 -1 7 7 -1 2 2 7 7 7 7 -1 5 4 4 -1 -1 
-1 7 7 7 2 2 7 -1 -1 -1 -1 7 -1 5 5 5 5 -1 -1 5 
7 3 7 7 6 -1 -1 6 4 -1 6 -1 6 6 -1 5 5 5 -1 5 
2 3 3 3 -1 6 -1 4 4 -1 6 4 4 6 -1 5 5 5 5 5 
3 3 3 3 3 6 3 6 7 7 32 4 6 -1 6 -1 5 -1 5 2 
3 5 3 -1 3 3 6 4 7 7 7 7 6 6 3 3 -1 5 3 2 
3 3 3 3 -1 7 7 6 4 7 -1 -1 6 4 5 3 3 -1 3 3 
3 3 -1 7 7 7 7 7 7 7 -1 -1 4 7 3 7 3 -1 -1 -1 
5 7 -1 7 3 3 4 5 5 5 5 -1 1 7 3 3 7 7 5 -1 
7 5 7 7 6 3 6 6 5 -1 -1 -1 3 3 3 3 3 7 -1 5 
-1 7 -1 6 3 -1 6 -1 5 7 1 -1 -1 7 3 3 3 7 7 7 
-1 7 7 7 3 -1 -1 4 5 7 1 -1 7 3 3 3 -1 6 7 7 
7 7 7 7 7 7 -1 4 4 4 -1 -1 7 3 3 3 6 6 7 7 
7 7 7 7 7 -1 4 -1 4 -1 4 7 4 7 7 7 6 6 7 7 
7 7 7 7 7 7 7 -1 -1 4 4 4 7 7 7 7 7 6 -1 3 
-1 -1 7 7 2 3 7 -1 4 4 4 7 7 7 7 7 -1 7 7 -1 
3 3 7 -1 2 7 3 -1 3 4 7 7 7 7 7 7 -1 7 7 7 
7 7 7 7 -1 7 -1 -1 7 7 7 7 -1 7 7 -1 7 7 -1 7 
6 6 7 3 -1 7 7 -1 -1 7 7 -1 7 7 6 7 7 7 7 7 
6 7 -1 3 7 7 7 7 7 -1 7 7 6 6 7 7 1 1 6 6 
7 -1 -1 3 -1 -1 7 7 7 3 7 7 6 -1 7 1 1 1 7 -1 
-1 7 7 7 -1 -1 -1 7 7 7 7 5 -1 -1 7 -1 7 7 -1 7 
7 7 -1 -1 -1 -1 7 -1 7 7 -1 5 -1 5 -1 7 7 7 7 7 
7 7 7 7 5 -1 7 -1 6 5 5 -1 -1 5 5 5 7 5 5 7 
7 -1 -1 7 -1 5 7 6 6 6 5 -1 5 5 3 -1 5 7 5 -1 
-1 5 -1 -1 6 -1 7 7 -1 6 6 -1 -1 3 -1 7 -1 5 5 5 
7 5 4 4 7 6 7 7 -1 6 7 -1 7 -1 3 7 5 5 7 5 
-1 7 4 -1 7 7 6 4 4 7 7 1 1 -1 3 -1 7 7 5 5 
6 6 7 7 7 5 5 -1 -1 5 3 5 -1 -1 3 -1 6 -1 -1 6 
6 6 5 7 5 5 5 -1 3 3 3 -1 -1 3 3 6 -1 6 6 6 
5 5 5 7 7 5 5 7 1 1 7 7 3 3 6 2 2 6 6 6 
6 5 5 5 5 5 -1 1 1 1 3 3 5 7 6 2 3 6 6 6 
5 7 -1 5 -1 5 -1 1 1 3 3 3 -1 5 3 3 7 -1 7 7 
5 7 -1 -1 5 5 5 5 3 3 3 -1 -1 5 5 5 7 -1 5 7 
6 5 5 5 5 5 5 10 10 3 3 3 -1 -1 5 5 5 5 5 5 
-1 5 -1 5 5 5 5 -1 5 5 10 -1 3 3 5 5 5 5 5 5 
-1 5 5 5 5 5 -1 5 10 5 5 1 1 5 5 5 5 5 5 5 
-1 -1 5 5 5 5 5 7 -1 -1 -1 7 2 7 5 5 5 5 -1 -1 
5 -1 5 5 5 5 3 3 7 -1 7 2 7 7 5 -1 5 -1 12 12 
5 5 -1 5 5 5 5 3 3 7 7 7 5 5 7 -1 -1 12 5 12 
-1 5 7 7 5 -1 3 5 3 3 7 5 5 5 -1 5 5 12 5 5 
5 5 7 7 7 5 5 5 3 3 7 -1 6 6 -1 -1 5 -1 -1 5 
7 5 7 7 7 5 5 -1 3 7 7 7 6 5 7 5 5 5 5 7 
5 -1 7 7 5 5 7 3 7 5 5 5 -1 -1 7 7 5 5 5 5 
-1 -1 -1 -1 5 -1 5 7 5 5 5 -1 -1 7 7 7 7 7 5 7 
7 -1 -1 5 5 -1 5 -1 5 -1 5 7 7 7 -1 -1 6 -1 7 2 
2 7 6 -1 5 5 5 5 -1 5 7 7 7 5 7 6 6 7 -1 2 
6 6 7 5 5 5 5 -1 5 7 5 7 5 -1 7 7 -1 7 -1 -1 
5 5 5 5 -1 5 -1 5 5 5 7 7 5 5 5 5 5 5 5 5 
5 5 5 5 -1 -1 5 5 5 -1 5 5 5 5 5 5 5 5 5 -1 
5 5 5 5 5 -1 5 -1 5 5 7 7 5 5 34 5 5 5 5 -1 
5 5 5 5 5 5 -1 7 7 7 5 5 -1 -1 5 5 -1 5 5 5 
5 5 -1 5 5 5 5 5 7 7 5 5 5 5 5 5 5 5 5 5 
5 5 -1 -1 5 5 7 7 7 5 -1 5 5 5 5 5 5 5 5 5 
5 -1 2 5 5 5 -1 7 7 7 5 5 6 5 5 5 -1 -1 5 5 
5 2 5 2 5 6 5 -1 7 6 5 6 5 -1 7 5 5 5 -1 5 
5 -1 5 5 5 6 -1 6 -1 7 5 5 5 -1 3 3 3 5 -1 -1 
5 -1 5 5 5 7 7 7 6 7 7 7 -1 7 3 5 5 5 5 5 
5 5 5 5 7 6 5 5 5 7 7 7 -1 7 7 5 -1 -1 5 5 
5 6 7 7 7 7 7 7 5 7 -1 7 6 -1 -1 7 5 5 5 5 
5 41 7 6 7 7 7 7 -1 -1 7 7 7 7 -1 5 7 5 5 5 
41 -1 11 6 5 -1 5 7 -1 -1 5 -1 7 -1 -1 -1 5 7 5 -1 
7 41 41 -1 5 -1 6 5 5 5 5 6 6 7 7 41 5 7 7 7 
6 1 -1 5 5 3 3 6 5 5 5 -1 -1 -1 41 7 5 7 5 7 
1 5 5 5 5 -1 6 6 5 5 -1 -1 7 7 -1 5 7 5 6 5 
5 5 5 5 5 -1 5 -1 5 7 7 7 7 -1 5 5 4 6 6 6 
-1 5 5 5 5 5 5 -1 5 5 7 5 7 -1 5 -1 5 6 5 5 
5 5 -1 5 5 5 5 -1 -1 7 5 7 7 -1 -1 5 -1 -1 -1 5 
7 -1 5 -1 -1 5 2 7 7 6 5 5 5 5 5 5 5 5 5 5 
5 5 5 5 5 3 -1 3 6 7 5 -1 5 5 5 5 -1 5 5 7 
7 5 5 -1 5 3 3 5 5 6 -1 6 5 5 5 6 6 7 5 7 
-1 5 5 5 -1 -1 6 5 5 6 6 6 -1 -1 5 6 5 7 7 7 
5 5 -1 -1 -1 6 6 5 -1 6 6 6 -1 5 -1 5 5 3 3 -1 
5 -1 5 -1 6 6 5 5 5 -1 -1 6 -1 5 5 5 5 4 4 -1 
-1 3 5 -1 -1 6 -1 7 5 7 7 7 6 5 5 3 5 5 6 -1 
3 -1 5 5 5 6 5 5 7 7 7 7 7 5 5 -1 3 3 3 3 
3 5 5 5 6 6 6 7 7 7 -1 7 5 5 5 3 3 3 3 3 
-1 5 5 5 6 5 6 7 7 5 5 7 5 5 5 5 3 5 3 -1 
5 5 5 7 7 6 6 5 7 7 7 7 7 3 2 5 5 7 5 3 
5 5 5 5 7 6 6 6 5 7 3 3 7 2 3 5 7 5 5 3 
5 5 7 7 7 7 -1 -1 3 3 3 -1 7 7 7 7 5 5 3 -1 
-1 5 7 5 5 7 -1 -1 1 3 7 7 7 7 7 7 7 5 5 5 
-1 5 5 5 7 7 -1 38 1 1 7 7 7 5 7 7 7 7 5 7 
-1 5 5 5 -1 5 38 37 37 37 7 7 7 7 7 7 -1 -1 5 7 
5 5 5 6 -1 6 5 5 5 5 3 5 5 7 7 7 -1 5 5 -1 
-1 5 -1 6 6 2 2 3 3 3 7 5 5 7 7 7 -1 5 5 6 
6 5 5 2 2 5 -1 5 3 3 3 -1 6 7 5 5 5 5 6 -1 
5 5 5 5 5 2 5 7 -1 3 3 -1 6 6 5 5 -1 -1 5 5 
-1 -1 7 -1 5 7 5 7 7 7 -1 7 -1 5 3 3 7 -1 7 7 
7 -1 7 7 7 -1 -1 7 5 5 5 7 7 5 5 7 7 7 7 7 
7 3 5 7 -1 -1 -1 7 -1 -1 5 -1 7 -1 5 -1 7 7 7 7 
7 -1 5 5 5 -1 7 -1 5 -1 5 7 7 7 5 -1 7 7 7 7 
-1 5 5 5 -1 -1 5 5 -1 -1 7 7 7 7 5 5 5 7 3 6 
5 5 5 5 5 5 -1 5 -1 -1 5 7 7 -1 5 3 7 6 7 5 
5 5 5 7 5 5 5 5 5 5 5 5 5 5 3 -1 -1 7 7 -1 
-1 -1 7 7 5 5 6 5 5 -1 5 5 7 7 7 7 5 7 7 7 
7 -1 7 7 5 5 7 7 5 5 7 5 7 5 7 5 7 7 7 7 
7 7 7 5 7 5 5 7 7 5 5 5 5 7 7 7 -1 7 -1 7 
-1 13 -1 7 7 5 7 7 7 7 7 7 7 7 -1 7 7 7 7 -1 
13 -1 13 7 7 5 -1 5 7 7 7 7 5 -1 7 7 -1 7 7 7 
13 13 7 7 7 7 7 7 7 5 7 7 7 5 7 7 7 7 7 7 
7 13 7 5 5 7 5 7 5 5 7 7 7 -1 7 7 7 7 7 7 
7 13 13 7 5 5 5 7 5 -1 -1 7 7 7 5 5 5 2 7 7 
-1 5 5 5 7 5 5 5 5 5 5 6 6 6 -1 6 2 7 -1 -1 
-1 -1 5 7 5 5 5 5 5 5 6 7 7 6 6 -1 2 2 -1 -1 
5 5 7 -1 5 5 5 5 5 -1 -1 7 6 7 6 7 2 2 -1 7 
7 7 5 5 -1 -1 5 5 5 5 -1 6 7 -1 7 7 2 7 7 7 
5 7 7 5 5 5 5 5 5 37 6 6 6 7 7 3 7 7 7 5 
2 2 7 5 7 5 5 7 5 5 6 -1 -1 5 7 -1 7 -1 5 5 
2 2 2 7 7 -1 5 7 5 5 5 -1 5 5 6 7 -1 7 7 5 
-1 -1 7 7 5 5 7 -1 7 5 5 -1 5 5 6 -1 -1 7 7 7 
5 5 5 5 5 5 -1 7 7 5 5 7 -1 5 5 5 -1 -1 7 7 
-1 5 5 5 5 -1 5 7 7 7 7 -1 5 -1 5 5 5 -1 5 -1 
-1 6 5 5 5 5 -1 5 5 5 7 5 11 11 5 5 5 -1 5 -1 
-1 5 -1 5 -1 -1 5 5 5 5 5 5 5 5 -1 5 6 5 -1 -1 
-1 -1 5 7 -1 -1 5 5 5 5 5 5 5 11 -1 5 5 6 5 -1 
5 5 5 5 5 -1 -1 5 5 5 5 5 5 -1 5 5 -1 7 6 -1 
5 5 -1 5 5 5 5 5 -1 5 7 5 5 -1 -1 5 -1 7 7 5 
5 5 6 -1 5 7 5 7 5 13 7 5 5 5 3 5 5 7 7 -1 
7 -1 7 6 -1 -1 5 5 7 13 5 7 5 3 5 5 7 5 -1 7 
-1 7 -1 -1 6 1 5 5 -1 -1 5 -1 3 5 5 5 5 5 7 -1 
-1 5 7 9 7 1 6 6 6 5 5 5 6 5 5 5 5 -1 -1 -1 
5 7 7 7 -1 40 5 -1 6 6 -1 6 -1 5 -1 -1 5 5 5 5 
5 5 -1 -1 -1 40 5 7 -1 -1 6 -1 5 5 5 -1 5 5 3 3 
5 5 -1 7 -1 5 5 7 7 6 7 7 7 5 5 5 5 5 3 3 
-1 5 5 7 7 5 5 5 5 5 7 7 5 -1 5 5 5 -1 2 5 
5 2 5 -1 6 7 7 5 5 5 5 5 5 5 7 5 6 38 2 3 
2 2 7 5 7 5 5 7 5 -1 5 -1 -1 5 5 6 6 -1 3 2 
5 5 5 5 5 -1 4 5 5 4 -1 7 4 7 7 6 -1 5 5 5 
5 5 5 5 5 5 5 5 5 5 5 4 -1 4 6 6 5 5 5 5 
7 5 5 5 5 5 -1 5 -1 4 4 4 4 4 4 6 5 -1 5 5 
5 -1 5 5 5 5 5 6 5 4 4 4 -1 4 4 6 -1 5 5 3 
3 5 -1 5 5 5 -1 -1 6 4 4 6 -1 6 4 4 6 5 5 6 
6 6 -1 -1 5 -1 -1 -1 -1 5 6 6 4 4 4 6 6 6 3 -1 
6 6 6 6 5 6 -1 -1 -1 6 5 -1 4 -1 -1 6 6 6 6 4 
4 -1 1 -1 6 6 6 6 6 6 5 5 -1 -1 6 6 6 6 6 34 
6 1 1 -1 6 -1 5 5 -1 5 -1 6 5 -1 -1 5 -1 6 1 6 
6 -1 -1 1 5 6 3 5 5 5 5 -1 6 6 -1 5 6 6 5 5 
6 -1 5 5 6 5 6 3 5 5 -1 5 6 2 -1 6 -1 6 5 5 
5 5 -1 5 6 6 6 3 3 6 7 5 5 -1 2 -1 -1 5 5 5 
5 -1 5 5 -1 -1 37 37 37 6 37 -1 -1 5 -1 6 6 -1 5 5 
-1 5 7 -1 -1 5 37 36 36 37 37 -1 -1 5 -1 6 5 5 5 5 
6 6 -1 5 5 5 5 5 37 -1 5 -1 6 -1 6 5 6 5 6 5 
5 5 5 5 5 5 5 5 -1 -1 5 -1 5 6 -1 6 7 6 -1 7 
7 -1 5 5 4 5 4 5 -1 -1 -1 5 -1 5 6 -1 -1 -1 5 5 
7 -1 5 5 -1 5 5 5 -1 4 7 -1 5 5 5 6 6 5 5 5 
5 5 -1 6 -1 4 5 4 4 4 7 -1 5 7 5 6 -1 5 6 5 
-1 5 5 -1 -1 4 -1 4 5 4 7 -1 7 7 6 6 6 6 5 6 
7 7 7 7 -1 5 5 5 5 -1 6 6 6 5 7 5 7 13 13 13 
13 7 7 6 7 -1 5 5 -1 -1 6 -1 7 7 6 6 13 13 13 13 
13 13 6 6 7 -1 2 -1 -1 -1 6 6 5 13 6 6 13 13 5 5 
-1 13 6 -1 6 2 2 -1 4 -1 6 6 5 6 13 13 6 6 13 5 
6 6 -1 6 -1 6 6 4 6 -1 -1 5 5 -1 5 5 6 6 -1 -1 
-1 6 -1 -1 -1 6 1 4 -1 6 5 5 5 5 5 5 6 6 -1 -1 
6 -1 -1 -1 6 1 6 6 5 5 37 6 5 6 5 6 5 6 6 -1 
5 6 6 6 6 6 5 5 5 5 37 6 6 -1 6 6 6 6 6 5 
-1 6 6 6 -1 6 5 -1 5 37 6 6 6 5 5 6 -1 6 6 -1 
6 6 6 6 1 -1 6 5 37 37 5 5 -1 5 5 -1 6 4 6 -1 
5 -1 5 -1 1 6 6 6 6 6 5 5 -1 5 -1 -1 6 6 6 5 
5 5 5 6 -1 -1 6 -1 6 5 -1 5 5 5 -1 -1 -1 6 5 5 
5 5 5 5 6 6 -1 6 -1 -1 13 -1 -1 7 -1 -1 -1 6 -1 5 
5 5 5 5 5 6 6 6 6 13 13 13 7 6 6 -1 -1 -1 5 -1 
5 5 5 5 6 6 6 6 13 13 -1 13 -1 5 1 -1 6 -1 -1 -1 
5 5 5 6 5 6 6 13 13 13 -1 13 6 5 6 -1 -1 6 -1 6 
-1 5 5 6 6 5 6 6 5 -1 -1 6 6 6 6 6 -1 6 -1 6 
-1 5 6 -1 6 6 5 6 -1 5 -1 5 -1 -1 5 6 6 -1 6 -1 
-1 -1 5 6 5 -1 5 5 5 6 -1 6 6 -1 -1 7 7 -1 6 6 
7 7 5 7 -1 5 5 5 6 6 -1 6 6 -1 5 5 5 7 6 6 
-1 5 5 1 5 5 5 1 -1 -1 -1 6 7 6 -1 -1 6 -1 5 1 
-1 5 5 5 5 1 5 33 -1 6 1 -1 6 1 6 6 6 6 -1 14 
-1 5 5 5 1 -1 -1 6 33 -1 1 1 1 -1 6 6 6 6 14 -1 
14 5 -1 -1 1 -1 -1 -1 6 6 6 -1 5 5 -1 6 6 14 12 14 
14 6 -1 14 -1 -1 -1 -1 6 6 6 5 6 6 -1 -1 6 -1 14 6 
14 14 -1 14 -1 -1 -1 6 -1 6 5 6 1 6 6 6 6 -1 14 6 
14 6 14 -1 -1 -1 -1 -1 5 5 6 6 1 1 1 1 1 14 14 -1 
-1 14 14 -1 5 5 5 5 5 5 6 -1 -1 1 -1 -1 -1 1 -1 -1 
6 1 6 14 -1 5 5 6 6 3 3 -1 -1 -1 -1 -1 6 6 6 6 
-1 1 -1 -1 -1 -1 5 5 6 5 3 -1 -1 -1 -1 -1 6 6 6 -1 
6 6 -1 7 7 5 -1 5 -1 1 -1 -1 -1 -1 1 1 6 6 6 6 
6 6 7 7 1 5 6 -1 6 -1 1 1 -1 -1 -1 -1 1 6 6 6 
5 5 1 1 6 -1 5 6 1 1 1 -1 -1 1 -1 6 6 6 6 6 
6 1 1 1 6 6 6 1 1 -1 6 6 1 1 -1 -1 6 6 6 6 
6 6 1 1 6 13 5 1 1 6 -1 1 1 -1 -1 -1 -1 6 6 5 
6 6 1 6 6 5 1 1 6 -1 -1 -1 -1 -1 -1 -1 2 2 2 5 
5 5 6 1 6 1 5 1 -1 5 5 -1 6 -1 -1 -1 1 6 5 6 
5 1 1 5 1 5 -1 -1 5 5 7 5 6 6 -1 6 -1 6 6 1 
1 1 6 5 -1 5 5 5 5 -1 -1 7 7 6 6 6 6 6 6 5 
1 6 -1 1 5 -1 5 1 -1 -1 -1 7 7 7 6 -1 6 6 5 -1 
-1 1 6 6 6 -1 6 6 6 6 6 6 6 6 -1 14 14 6 -1 14 
1 -1 1 -1 -1 6 6 6 6 6 6 6 1 1 1 14 14 -1 -1 -1 
-1 6 6 1 6 1 6 6 6 6 6 6 1 1 -1 14 -1 14 -1 -1 
-1 -1 6 6 6 1 6 -1 -1 1 6 1 1 1 -1 -1 1 5 1 -1 
1 1 1 -1 1 6 -1 6 -1 1 1 1 -1 -1 -1 -1 -1 -1 -1 1 
-1 -1 -1 1 -1 1 -1 -1 -1 6 6 6 -1 -1 -1 1 6 6 -1 -1 
1 1 -1 6 -1 -1 1 -1 1 -1 6 6 -1 -1 1 -1 6 -1 -1 -1 
1 -1 -1 6 1 -1 1 1 -1 6 6 -1 -1 -1 1 1 3 3 -1 7 
3 -1 -1 1 1 -1 1 1 6 6 6 -1 -1 -1 1 3 1 3 -1 1 
-1 3 3 -1 -1 1 -1 -1 -1 6 -1 -1 -1 1 1 1 -1 1 1 1 
1 1 -1 -1 1 1 1 -1 6 -1 -1 -1 -1 -1 4 1 1 1 1 -1 
-1 1 1 1 1 -1 -1 -1 -1 6 1 -1 -1 -1 1 1 1 1 1 1 
-1 1 -1 6 1 1 -1 -1 -1 1 -1 1 -1 -1 1 1 6 6 1 -1 
1 1 5 -1 6 1 -1 -1 1 5 6 6 1 1 1 -1 6 6 6 -1 
1 1 -1 5 -1 1 -1 1 1 6 6 -1 1 1 6 -1 -1 -1 6 6 
6 1 6 6 -1 -1 -1 1 1 -1 6 -1 -1 1 6 6 6 4 4 4 
1 1 1 1 -1 -1 -1 -1 1 -1 6 -1 -1 -1 6 6 6 -1 4 6 
1 1 1 1 -1 -1 -1 -1 6 6 6 6 -1 6 -1 -1 -1 4 6 -1 
1 -1 1 1 -1 6 -1 6 6 6 6 6 -1 -1 6 -1 -1 -1 6 1 
1 6 1 -1 6 44 6 6 6 6 6 -1 9 9 -1 14 -1 -1 6 1 
-1 1 1 1 1 1 -1 1 1 1 -1 1 1 3 3 1 1 -1 1 1 
1 1 1 -1 -1 1 1 1 1 1 -1 3 1 3 3 3 1 1 1 3 
3 1 1 1 -1 1 1 1 1 1 1 -1 3 1 3 1 1 1 1 1 
1 1 -1 1 -1 1 1 1 1 1 1 -1 -1 1 -1 -1 1 1 1 1 
1 1 1 -1 1 1 -1 -1 -1 1 1 1 1 -1 -1 -1 6 -1 -1 1 
-1 1 1 1 -1 1 -1 -1 -1 -1 1 1 1 -1 -1 -1 -1 -1 -1 1 
1 1 -1 -1 1 1 -1 -1 -1 -1 -1 1 1 -1 9 -1 -1 -1 -1 1 
-1 -1 -1 -1 1 1 1 -1 -1 -1 -1 1 9 9 9 9 9 -1 -1 -1 
-1 -1 -1 1 1 -1 -1 -1 -1 -1 1 9 9 9 9 9 3 3 -1 1 
6 1 1 1 -1 1 -1 -1 -1 -1 -1 -1 6 -1 -1 -1 -1 3 3 -1 
6 6 1 1 -1 -1 -1 -1 -1 -1 -1 6 9 -1 -1 -1 -1 -1 3 -1 
6 -1 -1 -1 1 1 -1 -1 -1 -1 6 6 6 -1 1 1 -1 -1 -1 6 
1 1 -1 -1 1 1 1 -1 -1 1 1 6 1 1 -1 -1 -1 1 6 1 
1 1 1 1 1 1 1 1 -1 1 1 1 1 -1 -1 -1 -1 1 1 1 
1 1 1 1 -1 1 -1 -1 -1 1 -1 1 1 1 -1 -1 -1 1 -1 1 
1 1 -1 1 1 -1 -1 -1 -1 1 1 3 -1 3 3 3 1 -1 -1 -1 
1 1 1 1 1 -1 -1 1 -1 -1 1 1 3 -1 -1 1 3 1 -1 1 
1 1 1 1 -1 1 1 1 1 -1 1 -1 -1 -1 -1 -1 3 3 -1 -1 
-1 1 1 1 1 -1 1 1 1 -1 -1 -1 -1 1 -1 -1 -1 -1 -1 -1 
-1 -1 1 1 1 1 -1 1 -1 1 1 1 1 -1 -1 -1 -1 -1 1 -1 
-1 1 -1 -1 1 1 -1 -1 -1 -1 -1 3 -1 3 -1 -1 1 1 -1 -1 
-1 -1 -1 -1 1 1 1 -1 -1 -1 -1 3 3 3 3 -1 1 6 1 -1 
-1 -1 -1 -1 -1 -1 -1 -1 1 -1 3 3 3 3 -1 1 6 1 -1 -1 
1 -1 -1 -1 -1 -1 -1 -1 1 1 -1 -1 3 -1 -1 -1 1 6 1 1 
-1 -1 -1 -1 1 -1 1 -1 1 1 -1 6 6 -1 -1 -1 -1 1 1 6 
6 6 -1 -1 1 1 -1 -1 -1 1 -1 6 6 -1 -1 6 6 6 6 6 
3 6 -1 -1 1 1 1 -1 -1 1 -1 6 1 1 6 6 6 1 6 1 
1 -1 -1 -1 -1 1 -1 -1 1 1 1 6 1 1 6 6 1 -1 1 3 
-1 -1 -1 -1 -1 1 -1 1 -1 1 1 1 1 1 1 6 6 1 1 1 
1 -1 -1 -1 1 1 -1 1 1 1 1 1 -1 -1 -1 1 -1 -1 1 1 
1 -1 -1 -1 1 1 -1 1 -1 -1 1 1 -1 -1 -1 -1 -1 1 -1 1 
1 -1 -1 -1 -1 1 1 1 -1 1 1 -1 -1 -1 1 -1 1 -1 1 1 
-1 -1 -1 -1 -1 1 1 1 1 1 1 1 1 -1 1 1 1 1 -1 -1 
-1 -1 1 1 -1 1 -1 1 1 -1 1 -1 1 1 1 -1 1 1 1 1 
1 1 -1 -1 1 1 1 1 1 1 -1 -1 -1 1 -1 1 1 1 1 1 
-1 -1 1 -1 -1 1 1 1 1 -1 -1 -1 -1 -1 -1 -1 1 1 1 -1 
-1 -1 -1 -1 -1 1 1 1 -1 -1 -1 -1 -1 -1 -1 -1 -1 1 -1 -1 
1 1 1 1 1 1 1 -1 1 -1 -1 -1 -1 -1 -1 -1 -1 -1 1 -1 
1 -1 1 1 1 1 -1 1 -1 1 -1 -1 -1 -1 -1 -1 -1 1 -1 -1 
1 1 1 -1 -1 -1 -1 -1 -1 1 3 -1 -1 -1 -1 -1 -1 1 1 1 
5 5 -1 1 1 -1 -1 -1 -1 1 1 1 -1 -1 -1 -1 -1 -1 -1 -1 
5 5 -1 -1 -1 -1 -1 1 -1 1 1 -1 1 1 -1 -1 -1 -1 -1 1 
-1 -1 -1 -1 -1 -1 1 -1 1 1 1 1 -1 -1 -1 -1 -1 -1 -1 1 
1 -1 -1 -1 -1 -1 -1 -1 1 -1 1 1 6 -1 -1 3 -1 -1 -1 1 
1 -1 -1 -1 -1 -1 -1 -1 1 -1 -1 6 6 -1 3 3 3 3 -1 -1 
1 1 -1 -1 -1 -1 -1 -1 1 6 6 6 6 3 3 -1 3 -1 -1 -1 
-1 -1 1 1 1 1 1 1 1 6 6 -1 -1 3 9 9 9 -1 -1 -1 
-1 1 -1 -1 -1 -1 1 1 -1 -1 1 -1 -1 -1 -1 -1 -1 9 -1 1 
1 -1 1 -1 -1 3 -1 -1 -1 -1 -1 -1 -1 -1 -1 -1 -1 9 1 -1 
-1 1 1 1 -1 3 -1 -1 1 -1 -1 -1 1 -1 -1 -1 -1 -1 -1 1 
-1 -1 -1 1 1 3 1 1 1 1 -1 1 1 1 -1 3 -1 -1 -1 -1 
-1 -1 3 -1 3 3 -1 3 3 1 -1 -1 -1 -1 -1 -1 3 3 3 3 
-1 -1 -1 3 -1 3 3 -1 1 -1 -1 -1 -1 -1 -1 3 -1 -1 -1 -1 
3 1 3 3 -1 -1 3 -1 -1 -1 -1 -1 -1 -1 -1 -1 -1 1 1 3 
1 1 -1 1 3 1 1 -1 -1 -1 -1 -1 -1 9 -1 -1 -1 -1 1 3 
-1 -1 -1 1 3 1 -1 -1 -1 -1 -1 -1 -1 -1 -1 1 -1 1 1 -1 
-1 -1 1 -1 1 1 -1 -1 -1 -1 -1 -1 -1 -1 1 -1 -1 1 1 1 
-1 -1 -1 1 1 1 1 -1 -1 -1 -1 -1 -1 -1 -1 -1 -1 1 1 -1 
1 -1 -1 -1 1 1 -1 -1 -1 1 -1 -1 -1 -1 -1 -1 -1 -1 -1 1 
-1 5 5 -1 1 1 -1 -1 1 -1 1 -1 -1 -1 -1 -1 -1 -1 -1 -1 
-1 -1 -1 -1 -1 9 -1 -1 -1 -1 -1 3 3 -1 -1 -1 -1 -1 -1 -1 
-1 1 -1 -1 9 9 -1 -1 -1 -1 -1 -1 3 -1 -1 -1 -1 -1 -1 -1 
-1 -1 1 1 9 -1 -1 -1 -1 -1 -1 3 3 -1 -1 3 -1 -1 -1 -1 
-1 -1 1 1 1 -1 -1 -1 -1 -1 -1 -1 -1 -1 -1 3 -1 -1 -1 -1 
-1 -1 1 1 1 -1 -1 -1 -1 -1 -1 -1 -1 -1 -1 -1 -1 -1 -1 -1 
3 -1 -1 1 -1 -1 -1 -1 -1 -1 -1 -1 -1 -1 -1 -1 3 -1 3 3 
-1 -1 -1 -1 -1 -1 -1 -1 -1 -1 -1 -1 -1 -1 -1 1 -1 -1 -1 -1 
-1 -1 -1 -1 -1 -1 -1 -1 -1 -1 -1 -1 1 1 1 1 1 -1 -1 -1 
-1 -1 -1 -1 1 -1 -1 -1 -1 -1 -1 -1 1 1 1 -1 -1 -1 -1 -1 
-1 3 -1 1 -1 -1 -1 1 -1 1 1 1 1 -1 -1 -1 -1 -1 -1 -1 
-1 -1 3 -1 -1 1 1 -1 -1 -1 1 -1 -1 1 -1 -1 -1 1 1 -1 
-1 -1 3 -1 -1 -1 1 -1 -1 -1 1 1 1 1 -1 -1 -1 -1 -1 1 
-1 -1 -1 -1 -1 -1 -1 1 -1 -1 -1 -1 1 1 -1 -1 -1 -1 1 -1 
-1 -1 -1 -1 -1 -1 -1 -1 -1 -1 -1 -1 -1 1 -1 -1 -1 -1 -1 -1 
-1 3 -1 -1 -1 -1 -1 -1 -1 -1 -1 -1 -1 -1 -1 -1 -1 -1 -1 -1 
-1 3 -1 -1 -1 -1 -1 -1 -1 -1 -1 -1 -1 -1 -1 3 3 -1 -1 -1 
3 3 3 -1 -1 -1 -1 -1 -1 -1 -1 3 -1 -1 -1 3 -1 5 -1 -1 
-1 -1 -1 -1 -1 -1 -1 -1 -1 -1 -1 -1 -1 -1 -1 -1 -1 -1 -1 3 
3 -1 9 -1 -1 -1 -1 -1 -1 -1 -1 -1 3 3 -1 -1 -1 -1 -1 -1 
3 9 -1 -1 -1 -1 -1 -1 -1 -1 -1 -1 3 -1 -1 -1 -1 -1 -1 -1 
33 9 9 -1 -1 -1 -1 -1 -1 -1 -1 -1 -1 -1 -1 -1 3 -1 3 -1 
-1 33 -1 -1 -1 -1 -1 -1 -1 -1 1 1 -1 -1 -1 3 -1 3 -1 -1 
-1 33 -1 -1 -1 -1 -1 -1 -1 -1 1 1 -1 -1 -1 -1 -1 -1 -1 1 
-1 1 -1 -1 -1 -1 -1 -1 -1 -1 -1 -1 -1 -1 -1 -1 -1 -1 -1 1 
1 -1 -1 -1 -1 -1 -1 -1 -1 -1 -1 3 3 -1 -1 -1 1 -1 -1 1 
-1 -1 -1 -1 -1 -1 -1 -1 -1 -1 -1 3 3 -1 -1 1 1 -1 -1 -1 
-1 -1 -1 -1 -1 -1 -1 -1 -1 -1 -1 3 3 -1 1 1 -1 1 -1 -1 
-1 -1 -1 9 -1 -1 -1 -1 -1 -1 -1 -1 3 3 -1 -1 -1 1 1 1 
-1 -1 -1 9 -1 -1 -1 -1 -1 -1 -1 3 3 3 3 3 3 1 1 1 
-1 -1 9 -1 -1 -1 -1 9 9 -1 -1 3 3 -1 3 -1 1 -1 -1 1 
-1 -1 5 3 -1 -1 -1 -1 9 -1 9 -1 -1 3 3 -1 9 1 1 -1 
1 -1 -1 5 -1 -1 9 -1 -1 9 9 -1 -1 3 3 9 9 9 9 -1 
-1 -1 -1 5 -1 -1 9 -1 -1 9 9 -1 3 3 -1 -1 9 9 9 1 
-1 -1 -1 1 -1 -1 1 1 -1 -1 9 -1 3 -1 -1 -1 9 9 9 1 
-1 -1 -1 1 -1 1 1 -1 1 -1 -1 -1 9 9 -1 -1 9 -1 1 1 
3 1 -1 1 1 1 1 1 -1 -1 -1 -1 -1 -1 -1 -1 -1 -1 -1 -1 
-1 3 1 1 1 1 1 -1 -1 -1 -1 -1 -1 -1 9 9 -1 -1 -1 -1 
-1 -1 1 1 -1 -1 1 -1 -1 -1 -1 -1 -1 9 -1 9 -1 -1 -1 -1 
-1 -1 9 -1 1 -1 1 -1 -1 -1 -1 -1 1 1 -1 3 -1 -1 -1 -1 
-1 9 9 -1 -1 -1 -1 -1 -1 -1 -1 -1 1 -1 3 3 3 -1 -1 1 
-1 1 1 -1 -1 3 -1 -1 -1 -1 -1 -1 -1 1 1 1 -1 1 1 -1 
-1 -1 -1 3 3 -1 -1 -1 -1 -1 -1 -1 1 1 -1 -1 1 1 -1 1 
1 1 1 -1 3 -1 -1 -1 9 -1 9 -1 1 -1 -1 1 1 1 1 1 
1 1 3 3 3 3 -1 -1 -1 9 9 9 -1 -1 1 -1 -1 1 1 -1 
-1 -1 1 1 -1 -1 -1 -1 -1 9 -1 9 9 1 1 1 1 1 -1 -1 
-1 -1 -1 9 -1 -1 -1 -1 -1 -1 9 9 9 -1 1 1 1 1 -1 -1 
-1 9 -1 9 -1 -1 -1 -1 -1 -1 9 -1 9 -1 -1 1 1 1 1 -1 
-1 -1 9 9 -1 -1 -1 -1 -1 -1 -1 9 -1 -1 -1 -1 1 1 -1 -1 
-1 -1 9 9 -1 -1 -1 -1 -1 9 -1 9 9 1 1 1 -1 -1 -1 9 
9 9 9 -1 -1 -1 -1 -1 1 9 9 9 5 -1 1 -1 -1 -1 9 9 
-1 9 -1 -1 -1 -1 -1 1 -1 1 1 1 5 -1 5 5 9 9 -1 9 
1 9 3 -1 -1 -1 -1 1 -1 -1 1 1 5 5 5 -1 1 -1 -1 1 
1 3 -1 -1 -1 -1 1 1 1 1 1 1 5 5 5 -1 -1 1 1 1 
3 -1 -1 -1 -1 1 1 1 1 1 1 1 5 5 -1 1 -1 -1 1 1 
-1 3 -1 -1 -1 1 1 1 1 1 3 -1 1 -1 -1 1 1 1 1 -1 
1 -1 3 9 -1 9 -1 1 1 1 -1 3 -1 1 -1 -1 1 1 1 1 
1 -1 9 9 9 9 1 -1 1 1 1 -1 -1 -1 1 1 1 1 -1 1 
-1 1 1 1 9 1 -1 1 -1 -1 1 -1 -1 -1 -1 -1 1 1 1 1 
-1 1 1 -1 -1 -1 1 -1 -1 -1 1 1 -1 1 -1 -1 1 1 1 1 
-1 1 1 -1 -1 -1 -1 -1 -1 -1 -1 -1 -1 1 -1 -1 1 -1 1 1 
1 1 -1 -1 -1 -1 -1 1 3 1 1 1 1 1 1 1 -1 1 1 1 
-1 3 3 3 -1 -1 -1 1 -1 3 1 -1 -1 1 -1 1 1 1 -1 1 
1 -1 3 -1 -1 -1 1 -1 1 3 -1 -1 -1 -1 -1 -1 1 1 1 3 
3 -1 -1 -1 3 -1 1 -1 -1 -1 -1 -1 -1 -1 -1 -1 1 1 -1 -1 
-1 3 3 3 3 3 -1 1 -1 -1 -1 -1 -1 1 1 -1 1 1 -1 -1 
3 3 3 3 3 3 3 1 -1 -1 -1 -1 3 1 1 -1 -1 -1 -1 3 
-1 -1 3 3 -1 3 3 1 -1 -1 -1 -1 -1 3 3 -1 -1 -1 -1 3 
3 3 3 3 -1 3 -1 -1 -1 -1 -1 -1 -1 -1 3 3 3 1 -1 1 
-1 3 1 3 -1 -1 3 1 1 1 -1 3 -1 -1 3 -1 3 -1 1 1 
3 3 1 3 -1 -1 1 1 1 -1 3 3 3 3 -1 -1 -1 1 -1 1 
3 1 1 -1 -1 -1 1 1 -1 -1 -1 -1 3 -1 1 -1 -1 -1 -1 3 
-1 1 1 1 1 1 -1 -1 -1 -1 -1 -1 -1 1 1 -1 -1 -1 3 -1 
1 -1 -1 -1 -1 -1 1 -1 -1 -1 1 -1 -1 1 -1 3 -1 -1 -1 -1 
-1 3 3 -1 -1 -1 1 1 1 1 -1 1 1 1 1 1 1 1 -1 -1 
-1 3 3 3 -1 -1 -1 -1 -1 1 1 -1 -1 1 1 1 1 1 -1 -1 
1 -1 1 -1 1 1 -1 3 1 1 1 1 -1 1 -1 -1 1 -1 -1 -1 
1 1 1 3 1 3 3 -1 1 -1 -1 1 -1 1 1 1 1 1 -1 -1 
-1 -1 3 3 3 3 3 3 -1 1 1 1 1 1 1 1 1 1 -1 -1 
-1 -1 3 3 3 9 -1 3 1 1 -1 1 -1 -1 1 -1 1 -1 1 -1 
1 -1 3 -1 3 -1 -1 1 3 1 1 1 -1 1 1 -1 -1 1 1 1 
-1 1 1 1 1 1 -1 -1 1 -1 -1 1 -1 3 -1 1 -1 1 1 1 
1 -1 -1 1 -1 -1 -1 1 -1 -1 1 -1 -1 -1 -1 1 -1 1 1 -1 
-1 -1 1 1 1 -1 -1 1 1 -1 -1 1 1 1 -1 1 -1 1 1 1 
1 -1 1 1 1 1 -1 -1 -1 -1 1 1 1 1 1 -1 -1 1 1 -1 
-1 -1 -1 1 -1 1 -1 -1 -1 -1 -1 1 1 -1 1 -1 3 1 -1 1 
1 -1 1 1 -1 -1 1 -1 -1 -1 -1 -1 -1 -1 3 1 3 3 1 -1 
-1 -1 -1 1 1 1 -1 -1 -1 -1 1 -1 -1 -1 -1 3 3 1 1 -1 
-1 1 1 -1 1 1 -1 -1 -1 -1 -1 1 -1 -1 -1 3 -1 -1 -1 -1 
3 3 -1 -1 -1 3 -1 3 3 -1 -1 -1 -1 3 3 3 -1 -1 -1 -1 
3 3 -1 1 3 3 3 1 3 -1 -1 1 1 3 1 -1 -1 -1 1 -1 
1 -1 1 3 3 3 1 1 -1 1 -1 1 1 1 1 3 -1 -1 1 -1 
1 3 1 1 3 -1 -1 1 1 -1 1 1 1 1 3 3 3 1 1 3 
1 3 1 1 3 3 1 1 1 -1 -1 1 1 1 3 3 3 3 1 1 
-1 3 -1 1 1 1 1 -1 1 -1 1 1 3 -1 -1 -1 -1 -1 1 1 
-1 -1 3 1 1 -1 -1 -1 -1 1 1 -1 -1 3 -1 -1 -1 -1 1 1 
-1 1 -1 1 1 1 3 -1 -1 -1 3 3 3 -1 -1 -1 -1 -1 1 1 
1 -1 1 1 -1 1 1 1 -1 3 3 3 3 3 -1 -1 -1 3 -1 -1 
-1 1 -1 -1 1 -1 -1 -1 -1 -1 1 1 3 3 3 3 3 3 -1 -1 
1 1 1 3 3 -1 -1 1 -1 1 1 -1 1 -1 3 3 1 1 1 1 
1 1 1 1 3 3 -1 -1 1 1 1 -1 1 3 -1 -1 1 1 -1 1 
-1 -1 -1 -1 -1 1 1 3 -1 1 1 1 1 1 -1 -1 -1 -1 1 -1 
-1 -1 -1 -1 -1 -1 -1 3 3 -1 1 1 1 1 -1 -1 1 1 1 -1 
-1 -1 -1 -1 -1 1 -1 -1 3 1 1 1 1 -1 1 -1 1 -1 -1 -1 
1 -1 1 -1 -1 -1 -1 -1 -1 3 -1 1 -1 -1 -1 1 -1 -1 -1 -1 
-1 -1 1 1 1 1 -1 -1 -1 -1 3 -1 -1 1 1 -1 1 1 1 1 
-1 -1 1 -1 1 1 1 -1 -1 3 1 1 -1 -1 1 -1 1 -1 1 -1 
-1 -1 1 1 1 1 -1 -1 -1 -1 -1 1 1 -1 1 1 1 1 -1 -1 
-1 -1 -1 1 1 1 -1 -1 -1 -1 1 1 1 1 1 1 1 1 1 -1 
-1 1 1 1 1 -1 -1 -1 -1 -1 1 1 -1 1 1 1 -1 1 -1 1 
1 1 1 1 -1 -1 -1 -1 1 1 1 1 -1 -1 1 -1 -1 1 -1 1 
1 1 -1 -1 -1 -1 -1 -1 -1 1 1 1 -1 1 -1 1 1 -1 -1 -1 
1 1 1 -1 3 -1 -1 -1 -1 -1 1 -1 3 -1 1 1 -1 1 -1 -1 
1 1 3 -1 3 3 1 1 -1 1 -1 3 -1 3 1 -1 1 -1 -1 1 
-1 3 -1 3 3 -1 -1 -1 1 -1 3 -1 3 3 3 3 3 3 1 1 
-1 -1 -1 3 1 -1 -1 -1 3 3 -1 3 3 3 3 3 3 3 1 -1 
-1 3 3 -1 1 -1 -1 1 9 3 3 3 3 -1 3 3 1 -1 1 1 
-1 1 3 -1 -1 1 1 1 3 3 -1 3 -1 -1 3 3 1 1 1 1 
1 1 -1 -1 -1 1 1 -1 -1 -1 1 1 1 -1 1 -1 1 1 1 1 
1 1 1 1 1 1 1 1 -1 1 1 1 1 1 -1 -1 -1 1 1 1 
1 -1 -1 -1 1 1 -1 -1 1 -1 -1 1 1 1 -1 -1 -1 -1 -1 1 
3 -1 1 -1 -1 1 -1 1 -1 -1 1 1 1 1 -1 40 -1 -1 40 1 
3 -1 1 3 3 1 1 1 1 -1 1 -1 1 1 1 1 40 -1 1 3 
-1 3 -1 -1 -1 3 -1 1 3 -1 -1 1 1 1 1 40 40 -1 1 1 
-1 -1 -1 -1 3 -1 -1 -1 -1 -1 -1 1 1 1 1 1 -1 40 1 1 
-1 -1 -1 -1 -1 1 1 1 1 -1 -1 1 1 -1 1 1 1 -1 -1 1 
40 -1 -1 1 1 1 1 1 -1 1 1 -1 3 -1 -1 -1 -1 1 -1 40 
3 -1 -1 1 3 1 -1 3 3 3 -1 1 3 -1 -1 -1 1 -1 40 -1 
3 -1 -1 1 1 1 -1 -1 3 -1 -1 -1 -1 1 1 1 1 1 3 -1 
3 1 1 -1 -1 -1 3 3 -1 -1 -1 -1 -1 -1 1 1 -1 -1 -1 3 
1 1 1 3 3 -1 3 3 3 -1 -1 -1 1 -1 1 1 1 3 3 3 
-1 1 3 3 3 3 -1 3 -1 -1 -1 -1 1 -1 -1 1 1 -1 -1 -1 
-1 -1 -1 3 -1 -1 -1 -1 3 -1 -1 -1 -1 1 1 -1 1 1 3 -1 
3 3 3 3 3 3 3 -1 -1 -1 -1 1 -1 1 1 1 3 3 -1 3 
-1 3 -1 -1 -1 3 3 -1 -1 -1 -1 -1 1 1 1 1 1 1 3 3 
-1 -1 -1 -1 -1 3 -1 3 3 1 1 1 -1 1 -1 1 1 -1 1 -1 
-1 -1 -1 1 -1 -1 3 1 1 1 1 1 -1 1 -1 -1 1 -1 -1 -1 
-1 -1 1 1 3 1 1 1 -1 -1 1 -1 -1 -1 1 1 -1 -1 -1 -1 
-1 -1 3 1 3 3 1 1 1 -1 1 1 1 1 1 1 -1 -1 -1 -1 
-1 -1 1 -1 3 1 1 1 1 1 1 1 1 1 1 1 -1 40 40 -1 
-1 1 1 1 1 1 1 1 -1 1 1 1 -1 1 -1 -1 40 -1 1 40 
3 3 -1 -1 1 40 1 1 1 3 3 3 1 -1 -1 -1 -1 3 3 3 
3 3 -1 -1 40 1 40 1 1 3 3 3 1 1 3 -1 1 3 3 -1 
-1 9 -1 -1 40 -1 1 1 -1 -1 3 3 -1 -1 3 -1 1 1 1 -1 
1 -1 -1 40 -1 -1 1 1 3 1 1 3 -1 -1 -1 -1 -1 -1 1 1 
-1 -1 -1 -1 -1 1 -1 3 3 3 -1 -1 -1 -1 1 -1 40 1 1 1 
-1 -1 -1 -1 1 -1 -1 -1 3 -1 -1 -1 1 1 3 3 -1 40 -1 -1 
-1 -1 -1 1 1 1 1 -1 3 3 -1 3 -1 1 1 -1 -1 1 -1 40 
1 -1 1 -1 -1 1 -1 -1 3 3 3 3 3 -1 -1 41 -1 1 40 -1 
-1 1 1 -1 -1 3 3 1 3 -1 3 -1 3 -1 -1 -1 -1 -1 -1 1 
1 -1 3 3 -1 -1 3 1 3 3 -1 -1 -1 -1 -1 3 3 3 1 3 
-1 3 -1 3 -1 -1 -1 -1 3 -1 -1 -1 -1 1 -1 3 3 -1 3 1 
-1 3 3 3 3 -1 3 3 3 -1 -1 -1 1 -1 -1 -1 3 3 -1 3 
-1 9 3 3 3 3 3 -1 -1 -1 -1 -1 -1 -1 -1 -1 -1 1 3 3 
9 9 9 9 3 1 -1 -1 -1 -1 -1 -1 -1 -1 -1 -1 1 1 -1 3 
9 9 9 -1 3 1 1 1 1 -1 -1 -1 -1 -1 -1 -1 1 -1 3 9 
-1 -1 9 9 -1 1 -1 1 1 -1 -1 -1 -1 -1 -1 -1 1 -1 9 -1 
-1 -1 -1 -1 1 1 1 -1 -1 -1 1 1 -1 -1 -1 -1 1 1 -1 -1 
3 3 -1 -1 -1 1 -1 -1 -1 -1 -1 1 -1 -1 -1 -1 1 -1 3 3 
3 -1 -1 -1 -1 1 -1 -1 -1 -1 -1 -1 1 -1 -1 -1 -1 3 3 3 
3 -1 -1 -1 -1 40 40 1 -1 -1 -1 -1 -1 1 -1 -1 3 3 3 3 
1 1 1 1 41 41 -1 -1 -1 -1 40 -1 40 40 -1 -1 -1 1 -1 -1 
1 -1 1 1 1 41 -1 -1 40 40 40 40 40 40 40 1 9 -1 1 1 
-1 -1 41 1 41 -1 -1 1 9 -1 40 40 -1 40 -1 -1 1 -1 -1 1 
1 41 -1 -1 1 41 1 9 -1 -1 40 40 -1 -1 9 9 1 1 1 -1 
41 -1 -1 -1 -1 -1 41 -1 -1 -1 3 40 -1 9 -1 -1 9 -1 1 9 
-1 -1 9 -1 41 41 -1 -1 -1 -1 40 40 -1 -1 -1 -1 -1 -1 9 1 
33 9 41 41 41 33 -1 -1 -1 -1 41 40 40 1 -1 1 1 9 9 33 
33 9 -1 9 41 3 33 -1 41 1 8 -1 -1 1 -1 -1 1 -1 -1 33 
9 -1 9 9 9 1 3 3 3 8 -1 9 -1 9 -1 -1 -1 1 9 9 
9 9 9 9 1 -1 -1 -1 3 -1 -1 -1 9 9 9 9 1 1 9 9 
-1 1 -1 9 -1 3 3 -1 -1 -1 -1 -1 -1 9 9 -1 -1 1 1 9 
9 1 -1 9 9 -1 -1 -1 -1 -1 -1 1 1 1 3 3 -1 -1 1 -1 
1 -1 9 9 -1 9 3 -1 -1 -1 1 1 -1 1 3 3 -1 -1 -1 1 
-1 -1 9 9 3 9 6 1 6 -1 -1 -1 -1 -1 3 -1 -1 -1 1 1 
-1 -1 -1 -1 -1 9 -1 1 1 9 -1 -1 9 3 -1 -1 -1 -1 -1 1 
-1 -1 -1 -1 9 9 -1 6 9 1 1 -1 1 9 3 -1 -1 -1 -1 -1 
1 1 1 1 -1 -1 1 9 6 1 1 1 9 9 9 -1 -1 -1 -1 1 
1 1 -1 -1 1 -1 1 1 9 1 1 -1 1 -1 -1 -1 -1 -1 1 -1 
-1 -1 -1 -1 41 1 -1 -1 1 40 -1 1 1 -1 9 -1 -1 -1 -1 -1 
-1 -1 1 -1 41 41 1 -1 -1 40 -1 1 1 40 -1 -1 1 1 1 1 
-1 -1 -1 -1 -1 -1 9 9 1 1 1 1 1 1 1 1 1 1 -1 9 
9 9 9 9 9 9 9 9 -1 1 -1 1 1 -1 -1 1 1 1 -1 -1 
9 1 -1 1 9 -1 9 9 1 9 9 1 1 1 1 1 1 -1 1 -1 
9 -1 1 -1 1 -1 9 1 9 1 33 9 9 9 9 -1 3 1 1 1 
-1 -1 9 1 1 9 -1 -1 1 9 33 33 33 9 9 -1 -1 3 1 9 
9 9 9 -1 -1 9 1 1 -1 9 1 33 33 9 -1 -1 9 9 9 9 
8 9 9 9 9 3 -1 3 3 9 -1 1 -1 33 9 -1 9 9 9 -1 
-1 9 -1 9 -1 3 11 -1 3 -1 9 -1 -1 -1 -1 -1 9 9 -1 -1 
-1 9 9 9 9 -1 11 -1 -1 -1 1 -1 -1 -1 -1 9 9 9 9 9 
-1 9 9 9 -1 -1 -1 -1 -1 1 -1 1 9 -1 -1 9 9 -1 -1 -1 
-1 9 1 40 -1 -1 -1 -1 1 1 1 -1 1 1 9 -1 -1 -1 -1 -1 
9 9 -1 -1 40 9 -1 -1 -1 1 -1 1 1 1 9 9 1 1 -1 -1 
-1 9 9 -1 -1 -1 -1 -1 1 -1 -1 1 1 1 9 9 1 1 -1 -1 
-1 9 9 -1 -1 -1 -1 1 1 1 1 1 1 1 1 1 -1 -1 -1 -1 
-1 -1 -1 33 33 40 -1 -1 1 1 1 1 1 1 -1 -1 1 1 -1 1 
1 -1 -1 33 -1 40 33 9 9 -1 1 1 1 1 -1 -1 1 1 1 -1 
9 -1 33 33 33 33 33 -1 -1 -1 1 1 1 1 -1 1 -1 -1 1 1 
-1 1 -1 1 33 33 -1 -1 -1 1 -1 -1 1 -1 1 1 9 1 9 9 
1 1 -1 -1 33 1 1 -1 -1 1 1 1 1 1 1 1 1 9 9 9 
-1 -1 -1 -1 -1 33 1 -1 1 1 1 1 -1 1 1 1 1 -1 9 -1 
9 -1 -1 -1 33 1 1 9 33 9 9 9 9 -1 -1 9 9 9 -1 -1 
-1 9 33 33 33 -1 -1 33 -1 9 -1 -1 9 9 9 -1 9 9 -1 -1 
9 9 9 33 33 33 33 33 -1 9 9 9 9 9 -1 9 9 -1 9 9 
9 9 -1 -1 33 -1 33 33 9 9 9 9 -1 -1 -1 -1 -1 9 9 9 
-1 -1 -1 33 -1 33 33 -1 9 9 9 9 9 9 9 -1 9 9 9 9 
-1 9 9 9 33 33 9 9 -1 9 -1 -1 9 9 9 9 9 9 9 9 
9 9 -1 -1 -1 33 9 9 -1 9 -1 -1 -1 9 9 9 -1 9 9 -1 
9 9 9 -1 9 9 9 9 9 -1 -1 -1 1 -1 9 -1 41 -1 9 -1 
1 9 9 9 9 9 -1 9 9 9 -1 -1 1 1 1 9 -1 9 9 9 
1 -1 9 9 9 9 9 -1 33 9 -1 -1 1 -1 1 33 -1 -1 -1 1 
9 1 9 -1 9 9 9 -1 9 9 -1 -1 1 -1 33 -1 -1 -1 -1 1 
-1 9 -1 -1 1 1 9 9 9 -1 9 -1 -1 1 -1 -1 -1 -1 -1 -1 
40 -1 9 41 -1 1 1 -1 1 1 -1 -1 1 -1 -1 -1 1 40 -1 -1 
40 -1 -1 -1 -1 9 -1 9 -1 1 -1 -1 -1 -1 -1 -1 1 1 40 40 
-1 40 -1 -1 -1 9 9 -1 9 9 9 9 -1 -1 -1 -1 1 40 40 -1 
-1 1 1 -1 -1 -1 -1 -1 -1 9 -1 9 -1 -1 -1 9 40 40 -1 -1 
-1 -1 -1 -1 -1 -1 9 -1 9 9 9 -1 9 9 9 9 40 -1 1 -1 
1 -1 1 1 1 1 1 9 -1 -1 9 9 -1 9 9 40 40 40 -1 -1 
-1 1 1 1 1 9 1 1 9 9 9 9 -1 9 -1 40 -1 -1 -1 -1 
-1 -1 1 1 33 1 1 9 9 9 9 9 -1 -1 9 3 9 -1 -1 -1 
-1 -1 -1 -1 1 1 1 9 9 -1 9 9 9 9 1 1 1 -1 -1 -1 
-1 3 3 -1 -1 1 -1 -1 -1 9 -1 -1 -1 3 3 1 -1 -1 3 -1 
3 -1 -1 3 -1 -1 -1 1 -1 9 3 9 3 3 3 9 1 -1 3 3 
1 -1 3 -1 -1 -1 1 1 1 -1 -1 3 3 -1 -1 -1 1 -1 -1 3 
3 -1 3 3 -1 1 1 1 1 -1 -1 -1 3 -1 -1 1 -1 -1 -1 1 
1 3 -1 3 3 -1 -1 -1 1 1 9 -1 -1 -1 1 1 9 -1 9 9 
1 1 -1 -1 -1 1 -1 9 -1 9 9 -1 9 -1 1 -1 1 9 9 9 
9 9 9 -1 9 -1 -1 -1 9 9 -1 9 9 9 -1 1 1 -1 -1 -1 
9 9 9 1 9 1 -1 1 9 9 9 9 9 -1 -1 -1 -1 -1 9 9 
-1 9 1 9 1 9 -1 1 9 9 9 -1 -1 9 1 -1 -1 -1 9 -1 
-1 -1 -1 9 -1 -1 1 1 9 9 9 9 9 1 1 1 33 33 -1 -1 
9 9 -1 -1 9 -1 9 9 -1 9 9 9 9 -1 -1 1 1 33 -1 9 
9 -1 -1 -1 9 9 -1 -1 9 9 9 9 9 9 1 1 33 1 -1 -1 
9 -1 -1 1 9 -1 -1 -1 -1 -1 -1 9 9 -1 1 9 9 -1 -1 -1 
9 -1 -1 1 1 1 -1 -1 -1 9 1 9 9 9 9 9 9 9 9 9 
9 9 -1 -1 -1 -1 -1 -1 9 9 9 9 9 9 9 9 9 9 9 9 
9 -1 -1 -1 -1 9 -1 9 9 9 9 9 9 -1 -1 9 9 9 9 9 
1 40 40 -1 -1 1 9 -1 9 9 9 -1 9 9 9 1 9 -1 -1 -1 
1 1 -1 -1 -1 1 1 1 1 1 -1 9 9 -1 9 9 -1 -1 -1 -1 
-1 -1 40 -1 1 1 1 1 1 1 -1 9 9 9 9 9 9 -1 -1 -1 
1 1 -1 1 1 1 1 1 1 1 1 1 -1 -1 1 -1 -1 -1 3 -1 
1 1 -1 1 1 1 1 1 -1 -1 1 -1 -1 -1 1 1 1 1 -1 1 
-1 1 -1 1 1 1 1 -1 -1 -1 -1 -1 -1 -1 1 -1 -1 -1 1 1 
-1 -1 1 -1 1 -1 1 1 -1 -1 -1 -1 -1 1 -1 1 -1 -1 -1 1 
-1 -1 1 1 1 -1 1 1 1 1 2 2 1 -1 -1 -1 1 -1 -1 1 
-1 -1 1 1 1 -1 1 -1 9 2 2 6 6 -1 -1 -1 -1 9 9 -1 
-1 1 -1 1 1 3 3 9 -1 -1 -1 2 2 2 -1 -1 -1 -1 -1 9 
-1 -1 -1 -1 1 -1 3 -1 -1 -1 -1 -1 -1 2 -1 1 1 -1 -1 -1 
-1 -1 -1 1 -1 -1 -1 -1 -1 -1 -1 -1 -1 -1 1 -1 -1 -1 -1 -1 
1 1 1 1 -1 -1 -1 -1 9 -1 -1 -1 -1 9 -1 -1 -1 -1 -1 -1 
-1 1 -1 -1 2 -1 3 3 1 -1 1 9 9 -1 9 -1 -1 -1 1 1 
-1 9 9 2 2 -1 3 9 -1 1 9 9 -1 1 -1 -1 -1 -1 -1 1 
9 -1 2 -1 -1 -1 -1 1 2 9 -1 9 -1 2 1 9 9 -1 -1 9 
-1 2 2 2 2 2 1 -1 2 1 1 1 -1 -1 9 -1 -1 -1 -1 9 
-1 -1 9 2 2 -1 1 1 1 1 -1 -1 -1 9 -1 9 1 1 -1 1 
-1 -1 9 9 8 9 9 9 -1 1 -1 -1 1 1 9 9 1 1 1 1 
-1 1 -1 9 9 -1 -1 -1 -1 -1 -1 -1 1 1 1 1 9 1 1 1 
1 -1 -1 9 1 1 -1 1 -1 -1 -1 1 1 1 1 1 1 1 1 -1 
-1 1 1 -1 1 -1 1 1 1 -1 1 1 -1 1 1 1 1 1 1 -1 
1 -1 1 1 1 -1 1 1 -1 1 1 1 -1 -1 1 -1 1 1 3 -1 
3 -1 -1 -1 -1 -1 1 1 1 -1 1 1 1 -1 -1 3 1 1 9 -1 
3 3 -1 -1 1 -1 -1 -1 -1 1 -1 3 3 1 3 3 1 1 -1 -1 
1 -1 -1 -1 -1 1 -1 1 -1 6 -1 3 -1 3 -1 1 1 -1 -1 3 
1 1 1 -1 1 1 1 -1 3 6 -1 -1 -1 -1 -1 1 1 1 -1 -1 
1 1 1 1 1 1 3 1 3 3 3 1 9 9 9 1 1 -1 -1 1 
1 -1 -1 1 1 1 1 -1 -1 -1 -1 3 1 -1 9 9 1 1 -1 1 
-1 3 1 1 1 -1 1 1 1 -1 3 1 -1 9 -1 1 -1 1 1 1 
3 3 1 -1 3 3 -1 1 1 -1 -1 9 9 9 -1 1 1 1 1 1 
3 3 3 3 -1 3 1 1 1 -1 1 9 9 9 9 -1 1 -1 -1 3 
-1 -1 3 3 3 3 1 1 -1 1 1 1 9 9 9 -1 1 1 1 3 
-1 -1 -1 3 -1 1 3 1 1 -1 1 9 9 9 -1 9 9 -1 9 9 
-1 -1 3 1 3 1 -1 9 9 9 9 -1 9 9 9 9 9 -1 9 1 
1 -1 -1 -1 1 1 1 -1 9 9 -1 9 -1 8 9 -1 9 9 9 1 
1 1 -1 -1 1 1 1 1 -1 -1 1 -1 1 8 1 9 9 1 1 -1 
-1 -1 -1 -1 1 1 -1 -1 -1 1 1 1 -1 1 1 1 1 1 -1 1 
1 -1 -1 1 1 -1 1 1 -1 -1 -1 1 -1 -1 1 1 1 -1 -1 1 
1 1 -1 -1 1 1 1 1 -1 -1 -1 1 -1 -1 -1 1 -1 -1 -1 -1 
1 1 1 -1 1 -1 1 -1 -1 -1 1 -1 -1 1 -1 1 -1 -1 -1 1 
1 1 1 -1 -1 -1 1 1 -1 -1 -1 1 1 -1 1 -1 1 1 9 1 
-1 -1 1 -1 -1 1 -1 1 1 -1 -1 -1 1 1 3 -1 -1 -1 9 1 
9 1 1 1 1 -1 1 -1 1 1 1 -1 -1 1 1 -1 -1 1 1 1 
1 3 -1 3 1 1 -1 -1 -1 1 -1 1 1 1 1 1 1 1 1 1 
1 -1 3 1 -1 -1 -1 -1 -1 -1 1 -1 -1 -1 1 1 1 -1 1 -1 
-1 1 3 -1 1 1 -1 1 1 1 -1 1 -1 -1 1 1 1 -1 -1 -1 
1 1 1 -1 -1 1 -1 -1 1 1 1 3 3 -1 1 1 1 -1 1 9 
-1 1 1 1 1 1 -1 1 1 -1 3 3 3 -1 1 -1 -1 1 9 -1 
-1 1 -1 -1 -1 -1 1 1 1 3 1 1 3 -1 -1 -1 1 -1 -1 -1 
-1 -1 -1 -1 -1 -1 1 1 3 1 -1 3 -1 -1 -1 -1 -1 3 -1 1 
1 1 1 1 -1 -1 -1 -1 1 3 -1 3 3 1 3 9 -1 -1 1 1 
1 1 -1 1 -1 -1 -1 -1 -1 3 3 -1 3 3 1 3 -1 1 1 1 
1 1 1 1 3 -1 -1 3 2 5 2 -1 -1 3 -1 3 3 3 -1 -1 
-1 1 1 1 3 -1 -1 -1 -1 2 -1 -1 -1 1 1 1 1 -1 1 1 
-1 -1 1 1 1 1 -1 -1 -1 -1 5 -1 1 -1 1 3 3 1 -1 1 
-1 -1 1 1 1 -1 -1 -1 1 1 5 1 1 1 -1 3 1 -1 -1 -1 
-1 1 1 1 -1 1 -1 -1 5 1 1 1 1 -1 -1 -1 -1 -1 -1 1 
1 1 -1 -1 -1 -1 1 -1 3 1 1 -1 1 -1 -1 -1 -1 -1 -1 -1 
1 1 -1 1 1 -1 -1 1 1 3 1 1 -1 -1 -1 -1 -1 -1 -1 1 
1 1 1 1 1 -1 -1 -1 -1 1 1 1 1 -1 -1 -1 -1 1 1 -1 
1 1 1 -1 1 1 1 1 1 1 1 1 1 -1 -1 -1 -1 -1 -1 -1 
1 1 1 -1 1 1 1 1 -1 1 -1 1 -1 1 -1 -1 1 -1 1 1 
5 1 -1 -1 1 1 1 1 1 -1 -1 -1 -1 -1 -1 5 5 -1 5 -1 
-1 1 1 -1 -1 -1 -1 1 -1 -1 1 1 1 -1 1 -1 9 -1 -1 5 
1 1 1 1 1 1 -1 1 1 1 1 1 1 1 -1 9 1 -1 1 -1 
-1 -1 1 1 -1 1 1 1 -1 -1 1 1 1 -1 1 -1 1 1 1 -1 
-1 1 1 -1 1 -1 1 -1 -1 1 1 1 -1 1 1 1 1 1 1 1 
-1 5 -1 1 1 1 1 1 1 1 1 -1 1 1 -1 1 1 -1 1 -1 
5 -1 -1 -1 1 1 -1 -1 -1 -1 1 -1 -1 -1 1 -1 1 33 5 -1 
5 5 1 -1 1 1 1 -1 -1 -1 1 3 -1 -1 3 -1 -1 -1 5 5 
1 1 1 1 -1 1 -1 -1 -1 -1 3 -1 -1 3 3 3 -1 -1 -1 -1 
-1 1 1 -1 1 1 1 -1 -1 3 3 3 -1 3 3 3 -1 5 -1 -1 
-1 1 -1 -1 1 -1 -1 1 3 3 3 3 3 -1 3 3 5 5 -1 -1 
1 1 1 -1 1 1 -1 1 3 3 1 -1 -1 3 -1 3 -1 -1 -1 -1 
-1 -1 -1 1 1 1 -1 1 3 3 1 1 -1 -1 -1 -1 9 -1 -1 -1 
-1 1 1 -1 1 -1 3 -1 3 1 3 1 1 1 -1 -1 -1 9 -1 -1 
-1 5 -1 -1 -1 1 -1 3 3 1 1 -1 -1 -1 -1 -1 -1 1 -1 -1 
-1 5 1 -1 -1 -1 -1 -1 3 3 -1 -1 -1 -1 -1 -1 1 -1 -1 -1 
-1 5 5 -1 -1 -1 -1 -1 -1 -1 -1 -1 -1 1 -1 1 -1 -1 -1 -1 
-1 5 -1 -1 1 -1 1 1 -1 -1 -1 -1 -1 -1 -1 1 5 -1 5 -1 
-1 -1 -1 -1 -1 1 1 -1 1 -1 -1 1 1 -1 -1 -1 5 5 5 -1 
5 -1 -1 -1 -1 1 -1 1 -1 -1 -1 -1 1 1 -1 -1 -1 5 -1 -1 
-1 -1 9 9 -1 -1 -1 3 3 -1 -1 1 1 1 1 1 1 1 1 1 
1 1 1 3 1 -1 3 -1 3 -1 -1 1 1 1 1 1 1 -1 1 1 
-1 -1 1 1 1 1 -1 -1 1 1 -1 1 1 1 1 1 -1 -1 -1 -1 
-1 -1 -1 1 1 1 -1 1 1 1 3 3 -1 1 -1 1 -1 -1 -1 -1 
-1 -1 -1 1 1 1 1 1 1 1 1 1 9 9 -1 1 1 -1 -1 -1 
-1 -1 -1 -1 1 -1 1 1 3 1 1 1 1 -1 -1 -1 -1 -1 -1 1 
-1 1 1 1 1 1 1 1 1 1 -1 -1 -1 1 1 1 -1 -1 -1 1 
1 1 -1 -1 -1 1 1 1 1 1 1 1 -1 5 1 -1 -1 -1 1 1 
1 -1 -1 3 1 3 -1 -1 1 1 -1 1 -1 -1 5 1 1 -1 1 -1 
-1 1 -1 3 1 1 3 -1 1 -1 -1 -1 -1 5 5 5 -1 -1 1 5 
1 1 3 1 1 1 1 8 -1 1 -1 -1 -1 -1 -1 3 -1 3 -1 1 
1 1 1 -1 1 1 1 1 8 1 1 1 -1 1 1 -1 3 3 -1 -1 
1 1 1 -1 1 -1 1 -1 -1 -1 -1 1 1 1 1 1 3 3 3 -1 
1 1 1 1 1 -1 1 1 -1 -1 1 1 1 -1 3 -1 3 3 3 -1 
1 -1 -1 1 1 -1 1 1 -1 -1 -1 1 -1 -1 3 3 3 3 3 3 
-1 -1 -1 1 -1 1 -1 -1 1 -1 -1 -1 1 -1 3 3 3 3 -1 3 
-1 -1 1 1 1 1 1 -1 -1 3 3 1 1 1 3 3 3 1 1 -1 
-1 -1 -1 1 1 1 1 -1 3 -1 -1 1 1 1 1 3 2 1 1 -1 
-1 -1 -1 1 1 -1 1 3 1 -1 3 -1 1 -1 -1 1 -1 2 1 1 
-1 -1 -1 1 1 1 -1 3 -1 3 3 -1 1 1 -1 1 1 -1 1 1 
1 1 1 1 1 1 1 1 1 1 1 -1 5 5 1 1 -1 -1 -1 -1 
1 1 1 1 1 1 -1 1 1 -1 1 -1 -1 -1 1 -1 -1 -1 -1 -1 
1 -1 -1 1 1 1 -1 -1 -1 1 1 1 1 1 -1 1 1 -1 -1 -1 
-1 1 -1 -1 1 1 -1 1 1 1 1 1 1 1 1 1 1 1 1 -1 
1 -1 -1 -1 1 3 1 -1 1 1 -1 -1 -1 -1 -1 -1 1 1 -1 -1 
1 1 -1 2 3 1 3 3 -1 1 -1 1 1 -1 -1 -1 1 1 -1 1 
1 1 1 3 2 3 3 -1 1 -1 -1 1 1 -1 -1 -1 -1 -1 1 -1 
1 1 1 2 1 -1 3 1 -1 -1 -1 1 -1 -1 -1 -1 1 1 1 -1 
3 1 -1 3 -1 3 1 -1 -1 1 -1 -1 -1 3 3 -1 -1 1 1 -1 
-1 1 1 1 3 1 3 -1 1 1 -1 -1 -1 3 1 1 -1 -1 3 3 
-1 1 1 -1 1 1 3 3 1 1 1 -1 -1 1 -1 3 1 -1 3 -1 
-1 -1 -1 6 3 1 3 -1 1 -1 -1 -1 -1 -1 -1 3 3 3 -1 1 
1 -1 6 1 1 -1 3 -1 1 1 1 1 -1 -1 -1 -1 3 -1 1 1 
1 -1 -1 -1 -1 1 1 1 1 1 1 1 -1 -1 -1 -1 -1 1 1 -1 
1 1 1 -1 -1 1 -1 1 -1 -1 -1 1 1 -1 -1 -1 1 1 1 1 
-1 1 1 -1 -1 -1 -1 1 1 1 1 1 1 1 -1 -1 1 1 1 1 
1 1 -1 -1 -1 -1 1 1 1 1 1 -1 1 1 -1 9 1 1 1 1 
1 1 1 -1 -1 -1 1 1 1 1 1 -1 -1 1 1 1 1 -1 1 1 
-1 -1 1 1 1 -1 1 1 1 1 -1 1 1 1 1 1 -1 1 1 1 
1 1 1 1 1 -1 1 1 1 1 1 1 1 1 1 1 1 -1 -1 1 
-1 1 1 1 -1 -1 1 -1 -1 -1 -1 -1 1 -1 9 -1 -1 1 1 -1 
1 1 -1 1 -1 -1 1 -1 -1 -1 -1 -1 -1 -1 -1 -1 -1 -1 1 1 
1 1 -1 -1 -1 1 1 1 -1 -1 -1 1 -1 -1 -1 1 3 1 1 1 
-1 3 -1 -1 -1 1 -1 1 -1 -1 -1 -1 1 3 3 3 -1 -1 -1 1 
3 3 3 -1 -1 -1 1 1 -1 -1 -1 -1 -1 1 1 3 -1 -1 -1 -1 
-1 -1 1 -1 -1 1 -1 -1 -1 1 -1 -1 1 1 1 1 3 1 -1 -1 
-1 -1 -1 -1 -1 1 1 -1 1 1 -1 -1 1 -1 1 1 1 -1 -1 -1 
-1 -1 -1 1 1 1 -1 -1 -1 -1 -1 -1 -1 -1 -1 1 1 1 -1 -1 
1 1 1 1 -1 3 1 -1 -1 -1 -1 1 1 -1 1 -1 -1 -1 -1 -1 
1 -1 -1 -1 3 3 3 -1 3 -1 -1 1 1 -1 1 1 -1 -1 -1 1 
-1 -1 -1 -1 -1 3 3 3 9 -1 -1 1 -1 -1 -1 -1 -1 -1 -1 -1 
-1 -1 1 1 3 3 3 3 1 1 1 -1 -1 -1 -1 -1 1 -1 1 -1 
-1 1 1 1 3 3 3 1 1 1 1 1 -1 -1 -1 -1 1 1 -1 -1 
-1 1 1 1 -1 -1 1 1 1 1 1 1 1 -1 -1 -1 1 -1 -1 -1 
1 -1 1 -1 -1 -1 1 1 -1 -1 -1 -1 -1 1 -1 1 -1 -1 -1 -1 
-1 -1 -1 -1 -1 -1 1 1 1 1 -1 1 1 -1 1 1 1 -1 -1 1 
-1 -1 -1 -1 -1 -1 -1 1 1 1 1 1 1 1 1 -1 1 1 -1 1 
-1 -1 1 1 -1 -1 -1 1 1 1 1 -1 1 1 1 1 1 1 1 -1 
1 1 1 -1 -1 1 1 1 -1 1 -1 1 1 -1 1 -1 -1 -1 1 -1 
1 -1 -1 1 1 -1 -1 1 1 -1 -1 -1 1 1 -1 -1 1 1 -1 -1 
9 -1 3 9 9 9 1 1 1 1 1 -1 -1 -1 -1 -1 -1 1 1 -1 
9 9 9 9 9 9 9 -1 -1 -1 -1 -1 -1 -1 -1 -1 -1 -1 -1 -1 
-1 -1 -1 -1 9 9 -1 9 -1 -1 1 -1 -1 -1 -1 -1 -1 1 -1 -1 
9 -1 -1 -1 -1 9 -1 9 -1 -1 1 1 -1 -1 -1 -1 -1 9 -1 -1 
-1 -1 -1 -1 -1 -1 -1 1 9 1 1 1 1 -1 -1 1 -1 -1 9 9 
-1 -1 -1 -1 -1 3 -1 9 1 1 -1 1 1 1 1 1 1 1 -1 -1 
-1 -1 -1 -1 -1 -1 -1 9 1 1 1 1 1 -1 -1 1 1 -1 -1 -1 
-1 -1 -1 -1 -1 -1 1 1 -1 9 9 -1 -1 -1 -1 1 1 -1 -1 -1 
-1 -1 1 -1 -1 -1 -1 1 3 -1 -1 -1 1 -1 -1 -1 1 1 1 -1 
1 1 1 -1 -1 -1 -1 -1 -1 3 1 1 1 -1 -1 1 1 1 -1 1 
-1 -1 1 -1 -1 -1 -1 -1 -1 1 1 -1 -1 -1 -1 1 1 -1 1 1 
1 -1 1 1 -1 1 -1 -1 -1 -1 1 1 -1 -1 1 1 1 1 1 1 
1 1 -1 1 1 1 1 -1 -1 -1 -1 1 1 -1 1 1 1 1 -1 1 
1 1 1 9 1 1 1 -1 1 1 1 1 -1 -1 1 -1 1 -1 1 1 
1 1 1 1 9 -1 -1 1 1 1 1 1 -1 -1 -1 -1 -1 -1 -1 -1 
1 1 -1 -1 -1 -1 -1 1 1 1 1 -1 -1 -1 -1 -1 1 1 -1 -1 
1 -1 -1 -1 -1 -1 -1 1 1 1 -1 1 -1 -1 -1 -1 -1 -1 -1 -1 
1 1 -1 -1 1 -1 -1 -1 1 1 -1 -1 -1 -1 -1 -1 -1 -1 -1 1 
1 3 3 -1 1 1 1 1 -1 -1 -1 -1 -1 -1 -1 -1 -1 1 1 1 
-1 3 -1 1 1 1 1 1 1 1 -1 -1 -1 -1 -1 -1 -1 1 1 1 
-1 -1 13 13 -1 13 -1 -1 1 1 -1 -1 -1 -1 3 1 1 1 -1 1 
-1 -1 -1 -1 -1 -1 3 3 -1 -1 1 1 -1 -1 -1 1 1 1 -1 1 
-1 -1 -1 -1 -1 -1 3 -1 -1 1 1 1 1 41 1 -1 -1 -1 -1 -1 
-1 -1 -1 -1 -1 3 3 -1 -1 3 1 -1 41 1 1 1 1 1 1 1 
-1 -1 -1 -1 3 1 1 1 -1 1 -1 -1 1 -1 -1 1 1 1 1 -1 
-1 -1 -1 -1 -1 -1 1 1 -1 -1 1 -1 -1 1 1 41 -1 -1 -1 -1 
1 -1 -1 -1 -1 -1 1 1 -1 1 -1 -1 1 -1 41 -1 -1 -1 -1 -1 
-1 1 -1 -1 1 1 -1 1 1 -1 1 1 -1 -1 -1 3 3 -1 1 1 
1 -1 -1 -1 -1 -1 1 -1 1 1 1 1 -1 -1 -1 3 3 -1 1 1 
1 -1 -1 -1 -1 -1 -1 1 1 3 1 1 -1 -1 -1 3 -1 1 1 1 
-1 1 -1 -1 -1 -1 3 -1 3 -1 -1 -1 -1 -1 -1 -1 -1 1 1 3 
3 3 -1 -1 -1 3 3 1 -1 1 1 1 1 -1 -1 -1 1 1 3 -1 
-1 -1 -1 -1 -1 -1 -1 -1 -1 1 1 -1 -1 -1 -1 -1 -1 3 1 3 
-1 -1 -1 -1 -1 -1 -1 -1 -1 -1 -1 -1 -1 -1 -1 -1 -1 1 3 3 
-1 -1 -1 -1 -1 -1 -1 -1 -1 -1 -1 -1 -1 -1 -1 3 1 3 -1 -1 
-1 -1 -1 -1 -1 -1 -1 1 -1 -1 -1 -1 -1 -1 3 3 -1 1 1 -1 
-1 -1 -1 -1 -1 -1 -1 1 -1 -1 1 -1 -1 -1 3 3 -1 -1 -1 -1 
-1 -1 -1 -1 -1 -1 -1 1 -1 1 -1 -1 -1 -1 -1 -1 3 -1 1 -1 
-1 -1 13 -1 -1 -1 -1 -1 1 -1 -1 -1 -1 -1 3 -1 -1 -1 1 -1 
-1 -1 13 13 13 -1 -1 1 -1 -1 -1 -1 -1 -1 3 -1 -1 1 1 -1 
1 1 13 13 9 41 41 41 41 41 41 -1 -1 -1 -1 1 -1 1 1 1 
1 -1 -1 9 -1 -1 41 41 41 41 -1 -1 -1 -1 -1 -1 1 1 1 1 
1 1 41 41 13 -1 -1 41 -1 41 -1 -1 -1 3 -1 1 1 1 1 -1 
1 -1 -1 41 13 -1 -1 -1 -1 -1 -1 -1 -1 3 3 13 -1 1 1 1 
1 -1 -1 -1 13 13 -1 -1 -1 -1 -1 -1 -1 -1 13 -1 -1 -1 -1 -1 
-1 -1 -1 -1 13 13 13 -1 -1 -1 -1 -1 -1 13 -1 -1 -1 -1 -1 -1 
-1 -1 -1 -1 -1 13 13 -1 -1 -1 -1 -1 -1 -1 -1 3 -1 -1 -1 -1 
1 1 -1 -1 13 -1 -1 -1 -1 13 -1 -1 -1 13 3 -1 3 -1 -1 -1 
1 -1 3 -1 -1 -1 -1 -1 13 13 -1 -1 -1 -1 -1 -1 -1 -1 -1 -1 
3 3 13 3 -1 -1 -1 -1 -1 -1 -1 -1 -1 -1 13 9 -1 -1 -1 -1 
3 3 1 13 -1 -1 -1 -1 -1 3 -1 3 -1 13 9 13 13 -1 13 -1 
3 1 3 13 13 13 -1 13 13 3 3 -1 -1 -1 13 -1 13 13 -1 3 
-1 3 3 3 13 13 -1 -1 -1 -1 -1 -1 -1 13 13 -1 13 13 -1 -1 
3 -1 -1 3 13 13 13 -1 -1 3 3 3 9 13 -1 -1 13 13 41 -1 
-1 -1 13 -1 13 13 13 13 -1 9 9 9 9 13 -1 -1 -1 -1 -1 -1 
-1 -1 -1 13 13 13 -1 -1 13 41 13 9 9 13 13 -1 13 -1 -1 -1 
-1 -1 13 -1 3 -1 13 13 41 13 9 -1 -1 13 13 13 13 13 13 13 
-1 -1 -1 3 -1 9 -1 -1 -1 -1 -1 -1 13 -1 -1 13 13 13 13 -1 
-1 -1 -1 13 -1 -1 9 -1 -1 -1 -1 -1 13 -1 -1 -1 1 13 -1 -1 
1 1 13 -1 -1 -1 41 -1 -1 -1 -1 -1 -1 -1 -1 -1 1 -1 1 -1 
-1 3 13 3 1 13 13 13 -1 -1 13 -1 -1 -1 -1 41 13 -1 13 -1 
-1 -1 -1 -1 3 3 13 13 -1 -1 13 -1 -1 -1 -1 41 -1 13 13 13 
-1 -1 13 13 13 13 13 13 13 -1 -1 13 13 -1 41 41 -1 -1 -1 -1 
-1 -1 -1 -1 -1 -1 13 13 -1 1 -1 -1 3 3 -1 41 13 13 -1 -1 
-1 -1 -1 -1 -1 -1 13 13 13 -1 13 -1 3 13 3 -1 13 13 13 -1 
13 13 -1 -1 -1 -1 13 13 -1 -1 -1 13 -1 13 3 41 13 13 13 13 
13 -1 -1 -1 -1 3 3 -1 -1 -1 13 9 -1 13 13 41 -1 3 -1 13 
-1 -1 -1 -1 3 -1 -1 -1 -1 13 -1 -1 -1 13 3 3 3 -1 -1 9 
-1 -1 -1 13 13 5 -1 3 -1 3 3 -1 13 13 -1 9 9 -1 9 13 
-1 -1 13 -1 13 -1 3 -1 3 3 3 3 3 13 -1 9 9 -1 13 5 
13 13 -1 -1 -1 -1 -1 -1 3 3 7 3 13 13 3 5 -1 9 -1 5 
13 13 -1 -1 -1 -1 -1 13 3 -1 -1 13 -1 3 5 -1 5 -1 -1 5 
-1 -1 13 13 -1 -1 13 13 13 7 -1 -1 -1 -1 3 5 -1 5 5 7 
-1 -1 -1 -1 13 -1 13 13 -1 7 7 -1 -1 -1 -1 3 3 -1 -1 -1 
-1 -1 -1 -1 -1 -1 13 -1 -1 13 -1 -1 -1 41 41 3 -1 -1 -1 -1 
-1 -1 -1 13 13 -1 -1 -1 13 13 13 13 -1 41 41 -1 3 -1 -1 41 
41 -1 41 41 13 -1 -1 13 -1 13 -1 13 -1 13 -1 -1 -1 -1 41 -1 
-1 41 41 13 -1 13 13 13 13 -1 -1 13 13 -1 -1 41 -1 -1 -1 41 
-1 -1 13 13 13 13 -1 -1 -1 -1 -1 -1 13 13 -1 -1 -1 -1 41 41 
-1 -1 3 3 -1 -1 13 -1 -1 13 -1 -1 13 -1 -1 -1 -1 -1 13 41 
-1 -1 41 -1 -1 5 5 5 -1 5 5 -1 -1 13 -1 13 13 -1 -1 -1 
41 41 -1 13 13 5 5 -1 -1 5 -1 -1 13 -1 13 13 -1 -1 -1 -1 
-1 -1 13 3 3 5 1 -1 -1 -1 -1 -1 -1 13 -1 -1 -1 -1 -1 9 
9 -1 -1 -1 -1 3 -1 -1 -1 -1 13 13 13 -1 -1 -1 5 5 -1 -1 
41 9 9 -1 -1 -1 -1 -1 -1 -1 5 13 13 13 5 5 5 -1 1 9 
41 41 1 1 -1 5 -1 -1 -1 -1 -1 5 -1 13 5 5 -1 1 1 41 
41 -1 1 -1 1 5 5 -1 5 -1 5 5 5 5 13 -1 -1 1 -1 -1 
-1 -1 1 1 -1 5 13 13 -1 5 5 5 -1 13 -1 13 -1 41 -1 -1 
-1 41 1 1 -1 -1 5 13 -1 -1 5 13 -1 13 13 13 13 -1 9 41 
41 41 13 1 1 -1 -1 13 13 -1 13 13 13 13 -1 13 -1 9 9 41 
13 -1 41 13 13 1 13 13 13 13 -1 -1 13 -1 -1 -1 9 13 13 13 
13 13 5 13 -1 13 13 13 -1 13 13 -1 -1 -1 13 -1 9 9 -1 5 
5 -1 13 13 13 -1 13 -1 -1 -1 41 -1 -1 -1 13 13 -1 -1 -1 5 
13 13 -1 -1 13 13 13 41 -1 -1 13 41 -1 -1 13 13 -1 -1 5 -1 
-1 13 -1 13 13 13 13 13 41 41 -1 41 -1 -1 -1 5 45 5 -1 13 
13 -1 -1 -1 13 13 -1 1 -1 -1 -1 -1 13 9 -1 45 13 -1 13 -1 
-1 -1 -1 13 -1 13 13 1 5 5 -1 -1 13 9 -1 33 -1 -1 -1 -1 
-1 13 13 13 5 5 5 5 5 5 -1 -1 9 9 -1 -1 -1 -1 -1 13 
13 13 -1 -1 13 -1 5 -1 -1 -1 -1 -1 9 9 -1 -1 13 -1 13 13 
13 -1 -1 -1 13 5 5 5 -1 -1 -1 -1 -1 -1 9 -1 -1 13 13 13 
3 4 13 13 13 5 5 -1 -1 33 33 33 5 5 -1 -1 -1 3 3 3 
-1 -1 13 13 13 5 5 5 5 33 33 5 33 -1 5 -1 3 3 -1 -1 
7 4 -1 13 13 -1 5 5 5 -1 33 33 33 5 -1 5 5 7 -1 7 
4 13 -1 13 13 5 1 5 5 -1 1 33 1 -1 -1 5 -1 9 9 4 
-1 13 13 -1 13 -1 5 5 5 -1 -1 -1 1 1 13 -1 41 7 7 9 
9 13 13 -1 -1 -1 -1 5 -1 33 33 9 1 13 13 13 9 41 -1 -1 
-1 13 -1 -1 -1 -1 -1 -1 -1 -1 33 9 -1 5 -1 5 5 -1 9 -1 
13 -1 -1 -1 -1 -1 13 -1 -1 -1 33 5 5 5 5 5 11 -1 -1 9 
-1 -1 -1 -1 -1 13 -1 13 13 13 -1 33 5 5 5 -1 -1 -1 9 9 
9 -1 9 9 13 13 13 -1 13 13 5 5 5 5 5 5 5 -1 9 9 
1 -1 -1 9 13 13 -1 -1 -1 -1 5 5 5 5 5 5 5 5 9 1 
9 -1 9 -1 -1 13 -1 -1 5 5 5 5 5 5 5 5 -1 5 -1 9 
9 9 9 -1 -1 -1 -1 -1 5 -1 5 -1 5 5 5 5 5 -1 9 -1 
5 9 9 5 -1 -1 -1 -1 -1 5 5 5 5 5 5 5 -1 -1 9 9 
-1 9 -1 5 9 9 -1 -1 -1 -1 5 -1 -1 5 5 5 -1 -1 -1 -1 
-1 -1 -1 -1 -1 13 9 -1 -1 -1 -1 -1 -1 -1 -1 13 -1 -1 -1 -1 
5 -1 -1 -1 13 13 5 -1 -1 33 -1 -1 -1 -1 -1 13 -1 -1 -1 -1 
-1 -1 -1 -1 -1 5 -1 -1 -1 11 11 -1 -1 -1 5 3 3 -1 -1 -1 
-1 -1 4 5 13 5 -1 33 33 -1 33 5 5 5 5 7 7 -1 -1 -1 
3 4 13 -1 5 13 -1 -1 33 -1 -1 5 -1 5 5 5 5 -1 3 3 
-1 33 5 5 5 5 -1 -1 5 5 5 5 5 -1 5 -1 -1 3 5 33 
-1 33 5 5 5 5 5 5 5 5 5 5 5 -1 -1 5 -1 5 5 -1 
5 -1 -1 5 5 5 5 5 5 -1 -1 -1 -1 -1 -1 11 -1 3 5 -1 
-1 -1 5 5 -1 5 5 5 -1 -1 3 -1 -1 11 11 -1 11 -1 5 5 
9 5 -1 5 5 -1 5 5 5 -1 3 3 3 3 11 7 -1 5 7 9 
9 -1 5 5 5 13 5 5 5 -1 -1 3 3 11 3 11 7 -1 7 7 
-1 5 5 5 -1 -1 13 13 13 -1 3 3 5 -1 11 7 5 -1 -1 -1 
-1 13 5 -1 5 -1 13 13 13 -1 3 3 5 -1 -1 3 3 5 -1 -1 
-1 -1 -1 -1 5 5 13 13 13 13 -1 13 5 5 -1 7 7 3 3 -1 
-1 -1 -1 13 13 13 5 -1 5 13 13 5 5 -1 3 -1 -1 5 -1 -1 
5 -1 5 5 5 13 5 5 -1 -1 5 -1 -1 -1 3 3 5 5 -1 -1 
-1 -1 -1 7 5 5 5 5 5 -1 5 5 -1 -1 3 -1 3 -1 -1 -1 
-1 5 5 5 7 7 7 5 -1 -1 -1 -1 5 -1 3 3 3 3 3 3 
-1 5 5 -1 -1 -1 7 5 -1 -1 -1 5 5 -1 33 33 5 3 -1 -1 
-1 7 7 7 -1 -1 -1 5 4 4 -1 -1 -1 -1 33 -1 32 -1 -1 -1 
-1 -1 -1 7 -1 5 3 7 5 5 4 -1 -1 33 33 -1 32 33 -1 -1 
5 -1 5 -1 5 3 7 3 -1 -1 5 -1 5 5 -1 -1 -1 -1 -1 -1 
5 5 9 -1 3 -1 -1 5 -1 5 4 5 5 5 33 9 -1 -1 -1 -1 
-1 -1 -1 -1 -1 5 5 -1 5 5 -1 5 5 5 5 -1 -1 -1 33 33 
33 33 5 -1 -1 -1 5 -1 5 5 5 5 5 -1 -1 -1 -1 -1 33 33 
5 5 -1 5 33 33 4 4 5 5 5 -1 5 -1 5 5 5 5 5 5 
5 5 5 33 33 7 4 5 5 5 5 5 -1 5 5 5 5 5 5 5 
5 5 5 5 5 -1 5 5 5 5 5 -1 -1 -1 1 5 5 5 5 5 
5 -1 5 33 5 7 -1 5 5 5 -1 -1 1 -1 1 1 -1 5 5 -1 
5 5 7 -1 7 -1 5 5 5 5 5 1 1 5 1 5 -1 5 -1 5 
-1 7 -1 7 7 5 5 5 5 5 -1 7 1 5 5 -1 5 5 5 5 
6 -1 7 7 4 5 -1 5 5 5 7 5 -1 -1 5 5 5 5 -1 5 
6 7 7 4 4 4 5 5 5 5 7 7 7 -1 5 -1 3 5 -1 6 
5 5 -1 5 -1 -1 -1 -1 -1 4 -1 5 5 5 5 5 3 5 5 5 
5 -1 5 5 5 -1 -1 -1 -1 5 5 -1 5 5 5 3 5 -1 5 5 
5 5 5 -1 5 -1 5 4 5 5 4 -1 5 5 5 3 -1 5 -1 5 
5 -1 -1 5 5 -1 4 5 5 4 5 5 -1 5 3 -1 -1 7 -1 -1 
5 5 5 -1 5 5 7 -1 5 -1 5 5 5 5 -1 5 7 -1 3 5 
5 -1 5 5 5 5 4 -1 -1 5 -1 5 5 -1 5 5 1 5 5 3 
-1 3 5 -1 -1 7 -1 4 -1 -1 5 5 5 -1 5 -1 3 5 3 5 
3 3 5 -1 -1 5 5 4 -1 5 5 -1 5 -1 5 5 -1 3 3 3 
5 5 5 4 4 5 -1 -1 1 -1 5 33 5 5 5 7 5 3 5 5 
5 5 1 4 4 5 -1 5 1 -1 33 5 5 5 5 5 7 5 5 5 
5 5 5 4 4 4 4 5 -1 -1 5 5 5 5 5 -1 -1 5 -1 5 
-1 -1 5 5 4 4 -1 5 5 -1 -1 -1 5 5 5 5 -1 -1 5 5 
-1 7 5 5 5 5 5 5 5 5 -1 5 5 5 -1 5 5 5 5 5 
5 5 5 5 -1 5 5 5 5 5 5 5 -1 5 5 -1 -1 5 5 5 
-1 5 5 5 5 -1 -1 5 5 5 5 5 5 5 5 5 5 5 5 -1 
5 5 5 5 5 5 5 5 5 -1 5 5 5 5 -1 5 5 5 -1 5 
5 5 5 5 5 5 5 5 5 5 -1 -1 7 5 -1 5 5 -1 5 5 
5 5 5 5 5 33 5 5 5 5 -1 -1 5 5 5 5 5 5 -1 5 
-1 -1 5 5 5 5 5 5 -1 -1 -1 5 -1 -1 5 5 5 5 5 -1 
5 5 -1 5 5 5 5 5 5 5 5 5 -1 5 5 5 5 -1 5 -1 
-1 5 5 5 5 5 -1 7 7 7 -1 -1 5 5 5 5 5 5 5 -1 
5 5 5 5 5 -1 -1 5 7 -1 5 -1 3 5 5 -1 5 5 -1 5 
-1 5 5 -1 -1 5 5 5 5 5 5 3 -1 3 5 5 5 5 5 1 
1 5 5 5 -1 -1 5 5 5 33 -1 5 3 -1 5 5 5 5 5 1 
-1 1 -1 5 7 7 5 7 7 -1 5 -1 3 -1 -1 5 5 -1 1 -1 
1 -1 1 7 7 7 7 7 5 5 33 3 5 3 -1 5 5 -1 -1 -1 
5 1 -1 5 -1 7 7 7 7 5 5 5 3 5 -1 5 5 -1 -1 -1 
-1 5 5 -1 5 7 7 -1 5 5 5 5 5 5 -1 -1 5 5 -1 -1 
5 5 5 5 5 5 -1 -1 5 5 -1 -1 5 -1 -1 3 5 5 5 5 
5 5 -1 5 5 -1 5 5 5 7 -1 7 5 5 5 5 -1 5 1 5 
5 7 -1 5 5 5 5 5 5 5 7 -1 5 -1 -1 5 -1 5 -1 5 
5 5 7 -1 5 5 5 5 -1 5 5 5 -1 -1 5 -1 5 -1 -1 5 
4 5 5 4 5 3 3 -1 5 -1 5 5 5 5 -1 5 -1 -1 33 33 
-1 -1 -1 -1 4 4 3 5 5 5 5 5 5 5 5 5 -1 -1 -1 -1 
-1 5 -1 -1 4 3 3 5 -1 5 5 5 5 5 5 5 7 -1 -1 -1 
-1 5 -1 5 -1 3 3 5 -1 5 5 5 -1 -1 -1 7 -1 -1 5 5 
5 -1 -1 3 3 3 3 5 5 -1 5 -1 5 33 5 -1 5 -1 5 -1 
5 5 1 1 1 7 3 3 5 5 5 -1 33 5 33 5 -1 5 -1 5 
5 5 5 1 7 -1 -1 3 -1 -1 -1 5 33 33 5 -1 5 5 -1 5 
5 7 1 -1 1 7 -1 -1 -1 -1 -1 33 -1 33 -1 -1 -1 5 5 5 
5 5 1 1 -1 -1 -1 -1 5 5 5 -1 33 5 -1 5 5 41 5 5 
5 5 -1 7 7 5 -1 7 5 5 5 -1 -1 -1 5 5 5 5 7 7 
7 -1 5 -1 5 7 5 -1 5 5 5 -1 5 5 5 5 -1 5 5 -1 
5 -1 5 5 5 5 7 -1 7 -1 -1 5 5 5 5 5 -1 -1 4 4 
4 5 5 5 5 -1 -1 -1 7 -1 -1 -1 5 5 5 -1 -1 -1 -1 -1 
5 5 -1 5 -1 -1 5 5 5 -1 -1 -1 -1 5 5 5 -1 -1 -1 33 
5 5 -1 -1 5 5 5 5 -1 -1 -1 -1 -1 5 -1 5 5 -1 5 33 
33 5 5 5 4 5 5 5 5 -1 -1 -1 -1 -1 5 5 5 5 5 33 
-1 5 5 4 5 5 5 5 -1 5 5 5 5 5 5 5 5 -1 5 33 
5 5 5 -1 5 5 7 7 -1 1 5 5 5 5 5 5 5 33 33 33 
33 5 4 5 5 3 -1 -1 1 5 5 5 5 5 5 5 5 -1 -1 -1 
33 33 -1 4 5 3 -1 -1 5 5 -1 5 5 5 5 5 5 -1 -1 33 
5 -1 5 5 -1 5 5 -1 5 5 5 5 5 5 5 5 5 5 -1 -1 
5 5 5 5 5 5 5 5 5 5 5 1 5 5 5 5 5 5 -1 5 
5 5 5 5 5 5 5 5 5 -1 -1 7 5 5 5 5 -1 5 5 5 
5 5 5 1 5 5 5 5 -1 -1 7 -1 5 5 5 5 3 5 5 5 
5 5 5 5 5 5 -1 5 5 -1 7 5 -1 1 5 5 5 3 3 5 
5 -1 5 5 5 5 -1 5 5 5 -1 5 5 5 -1 -1 5 5 5 5 
-1 5 5 5 -1 5 5 5 5 -1 5 5 5 5 5 5 -1 -1 5 5 
5 5 5 5 5 5 5 5 -1 5 5 5 -1 5 5 -1 5 5 -1 5 
5 5 5 5 -1 5 5 -1 5 -1 5 5 5 41 41 -1 -1 -1 5 -1 
5 5 -1 -1 -1 5 5 -1 5 5 5 5 41 41 5 5 5 5 -1 5 
5 5 5 -1 -1 5 5 5 5 -1 5 5 -1 41 5 5 5 -1 -1 5 
5 -1 -1 -1 5 5 5 5 5 -1 5 5 5 1 -1 5 5 5 4 5 
-1 7 -1 5 5 5 5 5 -1 5 -1 5 5 5 -1 7 5 5 4 6 
7 -1 5 5 5 5 5 -1 -1 -1 5 7 7 -1 5 7 7 5 -1 41 
41 5 5 5 5 5 -1 5 5 -1 -1 -1 -1 5 5 1 5 -1 -1 5 
-1 -1 5 5 5 -1 5 5 5 -1 5 -1 -1 5 1 -1 1 5 5 5 
5 5 -1 5 5 5 5 5 5 -1 4 5 4 5 5 5 5 5 5 5 
5 5 -1 5 5 5 5 5 5 5 5 7 5 5 5 5 5 6 -1 -1 
42 5 -1 5 5 5 5 5 5 5 7 7 5 -1 5 5 6 -1 5 5 
42 42 5 -1 -1 5 5 -1 -1 1 5 5 7 5 -1 5 -1 -1 5 5 
5 -1 5 5 5 4 41 -1 7 5 1 5 41 33 5 5 1 40 40 11 
13 -1 5 5 5 41 41 5 5 1 5 5 33 41 41 1 33 40 -1 13 
13 13 13 -1 41 41 -1 33 -1 -1 -1 5 41 41 10 33 11 11 1 10 
10 -1 -1 -1 13 41 41 41 41 41 -1 41 41 41 41 10 11 11 3 1 
-1 1 41 -1 41 41 41 41 40 41 41 41 41 10 41 40 10 11 3 -1 
-1 1 41 41 5 41 41 40 41 41 -1 41 41 40 40 41 40 -1 -1 -1 
-1 -1 5 5 5 5 41 41 41 41 41 41 41 40 41 -1 -1 -1 5 5 
-1 5 5 41 41 5 40 40 41 41 41 41 41 -1 42 -1 5 5 5 -1 
-1 5 5 5 -1 -1 5 5 40 5 41 -1 5 -1 5 5 5 5 -1 -1 
-1 -1 5 -1 5 5 -1 41 -1 -1 5 7 5 -1 5 42 5 -1 -1 -1 
11 11 -1 -1 5 -1 5 -1 41 41 7 -1 5 -1 -1 42 5 -1 -1 5 
11 11 5 5 5 5 -1 41 41 -1 5 5 5 5 33 -1 -1 -1 41 5 
41 5 5 5 5 -1 -1 5 5 -1 -1 33 33 5 -1 -1 -1 -1 -1 41 
-1 41 5 1 1 5 5 5 -1 -1 33 5 5 -1 -1 41 33 -1 -1 -1 
41 5 41 5 5 -1 -1 -1 -1 -1 33 5 41 -1 -1 33 33 -1 -1 -1 
5 5 5 5 -1 -1 1 -1 -1 1 1 1 5 -1 41 40 -1 33 -1 -1 
-1 5 -1 41 5 -1 1 -1 -1 -1 -1 1 5 5 41 33 1 -1 5 5 
5 5 -1 41 5 41 1 41 41 41 -1 7 5 5 1 1 -1 -1 33 5 
40 -1 -1 5 5 -1 -1 41 41 7 41 5 5 5 1 5 5 -1 -1 40 
-1 -1 -1 5 5 -1 -1 -1 41 5 -1 5 5 33 33 5 40 5 11 40 
-1 -1 5 5 -1 6 6 6 40 41 9 9 7 7 7 -1 5 5 -1 -1 
-1 -1 -1 5 -1 7 7 7 7 -1 -1 -1 41 7 11 5 -1 5 -1 -1 
7 7 5 -1 6 -1 7 7 7 -1 -1 41 33 11 -1 -1 5 -1 5 7 
7 7 -1 -1 41 6 6 -1 -1 -1 5 5 5 -1 10 11 5 1 1 7 
-1 -1 5 -1 41 -1 -1 6 5 5 3 3 5 -1 5 10 33 10 11 5 
5 1 5 5 5 41 -1 9 5 -1 5 5 -1 5 5 41 11 -1 10 5 
1 5 33 41 -1 41 41 40 5 5 5 -1 5 5 5 10 5 5 -1 -1 
-1 5 41 41 40 41 40 7 5 5 7 33 33 41 5 5 5 5 5 -1 
5 5 5 -1 40 41 41 -1 7 -1 -1 -1 1 7 41 -1 5 -1 -1 5 
41 5 -1 -1 -1 40 41 -1 -1 7 7 -1 -1 11 -1 5 5 -1 41 41 
41 41 -1 -1 -1 11 11 -1 -1 7 7 10 -1 11 1 5 -1 41 -1 41 
41 41 41 5 41 41 7 7 7 -1 11 -1 10 -1 -1 5 9 9 9 41 
41 41 41 -1 41 3 -1 -1 -1 -1 33 11 -1 -1 41 9 41 41 9 5 
5 5 -1 -1 -1 -1 -1 -1 -1 11 11 10 10 33 -1 -1 33 -1 41 5 
5 41 -1 -1 -1 -1 33 -1 11 11 11 -1 33 33 5 33 -1 41 41 41 
41 5 -1 -1 -1 33 -1 40 11 10 11 5 5 -1 -1 -1 41 41 -1 41 
5 -1 5 33 33 33 33 -1 40 10 5 4 5 -1 -1 33 -1 41 -1 5 
41 41 5 -1 -1 33 33 -1 -1 5 5 -1 5 5 5 -1 5 -1 -1 -1 
41 5 5 5 5 33 33 -1 -1 5 -1 -1 5 -1 -1 -1 5 33 -1 5 
-1 5 5 5 5 33 -1 41 41 41 -1 -1 -1 7 -1 -1 -1 5 5 -1 
10 6 -1 33 -1 33 33 5 8 2 9 -1 -1 1 -1 7 -1 10 10 6 
6 6 -1 -1 33 33 33 33 -1 9 2 9 3 -1 1 7 1 10 -1 10 
4 6 -1 41 41 33 33 3 33 8 11 41 9 9 5 -1 1 -1 -1 6 
6 4 2 2 41 41 -1 3 33 33 -1 3 3 -1 5 41 11 11 -1 4 
-1 4 2 -1 41 -1 -1 33 -1 -1 41 41 41 11 11 11 11 -1 -1 -1 
-1 -1 -1 2 33 33 -1 -1 -1 -1 10 11 -1 40 41 -1 11 11 -1 -1 
6 -1 6 33 33 -1 -1 -1 -1 -1 -1 11 41 41 40 -1 11 11 11 -1 
6 -1 4 6 6 -1 -1 -1 41 41 -1 41 41 41 41 11 -1 -1 11 6 
-1 -1 -1 4 6 -1 -1 -1 -1 33 33 33 41 41 41 11 -1 -1 -1 -1 
11 11 11 4 -1 4 4 -1 -1 33 1 1 -1 41 -1 41 -1 -1 -1 -1 
11 11 10 11 -1 -1 -1 -1 -1 -1 -1 -1 41 33 33 -1 -1 -1 10 -1 
11 11 10 32 33 -1 -1 -1 -1 -1 -1 32 -1 -1 -1 -1 -1 -1 -1 10 
33 11 11 -1 6 33 -1 -1 -1 -1 33 33 32 -1 -1 -1 -1 2 -1 -1 
33 33 33 -1 33 -1 -1 -1 -1 -1 32 33 -1 33 -1 -1 -1 2 2 5 
5 33 -1 33 -1 -1 -1 -1 -1 -1 -1 32 33 33 -1 -1 -1 -1 2 -1 
-1 -1 -1 -1 -1 -1 -1 33 -1 -1 -1 -1 33 33 33 -1 -1 -1 -1 -1 
-1 -1 33 33 33 1 1 33 33 -1 -1 -1 33 -1 -1 41 11 -1 -1 -1 
-1 -1 9 1 1 1 1 1 1 -1 -1 -1 -1 41 11 41 6 -1 -1 -1 
-1 -1 33 9 33 1 33 2 33 1 9 -1 -1 41 -1 11 -1 6 7 -1 
-1 6 33 -1 7 1 33 33 2 2 -1 -1 41 -1 -1 -1 -1 -1 6 -1 
5 5 2 -1 10 10 10 -1 10 -1 2 1 -1 1 -1 1 5 2 -1 5 
5 -1 -1 10 -1 -1 -1 1 -1 10 -1 -1 -1 1 1 1 -1 5 5 5 
-1 -1 -1 -1 -1 -1 -1 1 1 -1 -1 -1 1 1 1 1 3 5 5 -1 
-1 -1 -1 -1 2 -1 -1 -1 1 -1 -1 1 1 1 -1 -1 1 3 5 -1 
-1 2 2 2 2 -1 -1 2 -1 1 1 1 -1 1 -1 2 1 5 5 -1 
2 2 2 2 -1 -1 -1 2 -1 -1 -1 1 1 -1 2 1 5 -1 5 5 
2 2 2 2 -1 -1 2 33 2 -1 -1 1 -1 -1 -1 1 -1 1 2 2 
2 2 2 -1 -1 2 33 2 2 2 -1 1 -1 11 -1 -1 1 1 -1 -1 
-1 2 2 2 2 2 -1 -1 -1 1 1 -1 -1 11 -1 -1 -1 -1 -1 -1 
-1 2 -1 2 2 -1 2 -1 2 4 4 -1 -1 -1 -1 -1 -1 -1 1 1 
2 -1 2 -1 -1 2 2 2 2 2 -1 -1 -1 -1 -1 1 1 1 1 1 
2 4 -1 -1 -1 -1 -1 4 4 4 -1 -1 -1 -1 1 1 1 2 -1 -1 
2 4 -1 -1 2 -1 -1 4 4 -1 -1 -1 -1 1 -1 1 2 2 4 2 
-1 2 2 2 2 2 4 -1 -1 1 -1 1 1 -1 1 1 -1 -1 2 4 
2 2 2 2 2 2 2 2 2 -1 1 -1 1 1 -1 1 1 1 4 2 
2 2 2 2 -1 -1 -1 -1 -1 -1 1 2 -1 -1 -1 -1 1 1 4 2 
2 2 -1 -1 -1 2 2 2 -1 -1 -1 -1 -1 -1 -1 -1 -1 -1 1 -1 
2 -1 -1 -1 -1 2 2 -1 -1 -1 -1 -1 -1 1 1 1 -1 1 -1 1 
1 2 2 2 41 2 10 -1 -1 -1 1 1 -1 1 1 -1 1 -1 2 2 
2 2 33 2 2 2 10 10 -1 10 2 2 1 -1 1 -1 1 2 2 -1 
1 -1 -1 -1 6 1 6 6 2 2 -1 2 2 -1 -1 2 1 -1 1 -1 
1 1 -1 -1 -1 -1 -1 -1 -1 2 2 2 2 3 3 -1 1 1 -1 1 
-1 1 -1 2 2 -1 1 2 -1 2 2 -1 3 3 -1 3 -1 1 2 -1 
-1 1 -1 3 3 -1 1 2 2 2 2 1 3 3 3 3 -1 -1 2 2 
-1 1 -1 2 2 3 3 2 2 1 -1 3 3 3 3 -1 -1 2 2 2 
-1 -1 2 2 3 3 2 2 2 1 1 1 -1 -1 3 -1 2 -1 2 2 
2 2 -1 -1 -1 -1 3 -1 1 1 1 1 1 3 -1 -1 -1 -1 1 -1 
2 2 2 2 2 -1 -1 3 3 3 1 1 -1 -1 -1 -1 -1 1 -1 1 
2 -1 2 2 2 2 -1 3 3 2 -1 2 -1 -1 1 1 -1 1 1 1 
3 2 2 2 2 -1 -1 3 3 2 2 2 -1 -1 2 1 2 2 2 -1 
1 1 2 -1 -1 1 1 -1 2 2 -1 2 -1 -1 -1 2 -1 2 2 -1 
-1 -1 -1 -1 -1 1 -1 2 -1 -1 1 2 -1 -1 -1 2 2 -1 -1 -1 
-1 4 -1 -1 1 -1 -1 2 2 1 2 -1 -1 2 2 2 2 -1 2 4 
4 -1 2 1 -1 -1 -1 2 -1 2 -1 -1 -1 -1 2 2 1 1 1 2 
-1 -1 1 -1 2 -1 -1 2 -1 2 2 2 -1 2 2 2 1 1 1 1 
1 1 -1 2 1 -1 -1 -1 -1 -1 2 -1 2 -1 -1 -1 1 -1 1 1 
-1 -1 1 -1 2 1 1 1 -1 2 2 -1 2 2 -1 1 1 1 1 1 
-1 1 1 -1 1 -1 1 4 2 2 2 2 2 2 -1 -1 1 -1 1 1 
1 -1 1 1 -1 1 1 -1 2 2 -1 2 2 -1 -1 2 1 -1 1 -1 
-1 -1 1 1 1 -1 -1 -1 -1 2 -1 2 -1 4 1 2 -1 -1 1 -1 
1 -1 -1 3 3 -1 3 -1 -1 3 -1 4 4 -1 -1 -1 1 1 1 1 
1 1 1 3 -1 2 2 -1 -1 -1 4 4 1 1 1 -1 -1 1 1 1 
1 1 1 -1 2 2 2 2 1 1 4 1 1 1 1 1 -1 1 -1 1 
-1 1 -1 -1 -1 2 2 -1 1 -1 1 1 1 1 1 1 -1 2 2 1 
1 -1 1 -1 -1 -1 2 -1 -1 1 -1 5 1 1 1 1 2 -1 -1 -1 
-1 1 2 2 2 2 -1 2 -1 1 1 5 1 -1 1 -1 -1 2 -1 -1 
-1 -1 -1 2 -1 -1 2 2 -1 -1 1 -1 -1 1 -1 1 1 -1 -1 -1 
1 -1 1 2 -1 -1 -1 -1 -1 -1 -1 1 1 1 1 1 -1 -1 -1 -1 
-1 1 1 1 2 2 6 2 6 -1 -1 1 1 1 1 1 -1 -1 -1 -1 
6 -1 1 1 -1 6 2 6 6 6 -1 1 6 6 -1 -1 -1 -1 -1 1 
-1 6 6 -1 2 -1 6 6 -1 -1 6 6 6 6 6 -1 -1 1 1 -1 
-1 -1 -1 6 6 2 6 -1 -1 -1 -1 -1 -1 6 6 -1 -1 1 1 -1 
1 -1 -1 6 6 6 6 6 -1 -1 6 6 6 1 6 -1 -1 2 1 -1 
1 1 1 3 6 6 -1 6 -1 -1 6 6 1 1 -1 -1 2 2 -1 1 
1 -1 1 3 6 -1 -1 -1 -1 -1 1 6 -1 1 -1 -1 -1 11 11 1 
-1 -1 1 3 3 6 3 3 -1 1 3 3 -1 -1 1 -1 2 11 11 11 
-1 1 3 3 3 3 -1 -1 1 1 1 1 -1 -1 1 1 2 -1 4 -1 
1 1 3 3 3 -1 3 2 2 2 3 1 -1 -1 -1 2 1 -1 4 -1 
1 -1 -1 3 3 3 3 -1 3 3 3 -1 -1 4 4 -1 1 4 6 1 
1 1 -1 3 3 3 3 3 3 3 4 4 4 -1 -1 -1 1 1 1 1 
-1 4 1 1 -1 -1 -1 -1 -1 -1 1 -1 -1 -1 -1 -1 4 3 3 -1 
1 4 4 2 2 -1 -1 -1 -1 11 -1 -1 -1 1 1 4 4 3 3 1 
1 -1 2 2 2 -1 -1 -1 -1 -1 11 -1 -1 -1 11 -1 4 -1 3 1 
1 -1 -1 2 2 2 -1 -1 -1 -1 -1 -1 -1 11 11 11 4 4 4 1 
-1 -1 -1 -1 -1 6 -1 -1 -1 -1 -1 1 11 -1 -1 -1 4 4 -1 4 
-1 -1 6 -1 2 2 6 6 -1 -1 1 1 3 -1 -1 -1 4 4 -1 4 
-1 -1 11 6 1 6 6 6 6 -1 -1 -1 1 3 1 -1 -1 -1 -1 4 
-1 -1 11 -1 11 1 6 6 6 -1 1 -1 1 3 -1 3 3 3 4 3 
11 11 -1 11 11 2 2 -1 1 1 -1 -1 -1 3 3 1 3 3 3 11 
11 11 11 11 2 2 11 1 2 -1 4 4 -1 4 4 4 1 -1 3 11 
3 3 3 3 2 3 11 2 2 2 4 4 4 4 -1 -1 -1 -1 3 3 
3 3 -1 -1 -1 2 2 2 2 2 -1 -1 4 4 4 4 -1 -1 3 3 
3 3 2 2 2 -1 2 2 2 2 2 2 -1 7 4 7 3 3 3 3 
-1 -1 2 2 2 -1 -1 2 2 4 2 4 4 7 7 3 2 2 3 2 
2 2 2 1 2 -1 -1 4 4 2 -1 -1 2 -1 -1 2 2 2 2 3 
-1 -1 1 -1 1 -1 4 4 4 1 1 1 -1 2 -1 2 -1 4 2 -1 
1 1 -1 -1 9 -1 -1 3 4 -1 1 1 2 2 4 4 4 -1 2 1 
2 2 1 -1 -1 3 3 3 3 -1 -1 4 -1 -1 4 4 4 4 1 1 
1 -1 1 1 1 1 -1 3 -1 3 4 -1 4 -1 -1 -1 4 4 -1 -1 
-1 1 1 1 1 1 -1 -1 3 4 -1 4 4 -1 -1 1 -1 4 -1 -1 
4 -1 2 -1 -1 4 6 -1 6 -1 -1 3 3 -1 -1 -1 -1 3 -1 6 
4 2 4 4 4 -1 6 -1 -1 6 -1 3 -1 3 -1 -1 -1 3 6 4 
4 4 -1 4 4 -1 6 -1 -1 6 -1 -1 3 3 11 -1 9 9 9 4 
11 11 2 4 6 6 6 -1 -1 6 6 -1 3 11 11 1 11 -1 11 11 
2 -1 -1 -1 -1 6 -1 6 3 -1 6 6 -1 3 1 11 11 2 -1 2 
-1 2 2 4 -1 4 4 -1 -1 11 11 6 3 -1 3 11 11 4 2 11 
3 3 3 4 4 4 -1 -1 -1 -1 -1 11 11 -1 -1 1 4 -1 4 4 
3 3 3 3 -1 4 2 2 4 -1 -1 -1 11 11 11 11 1 4 -1 3 
-1 11 3 -1 4 2 4 4 4 11 -1 11 11 11 11 11 3 1 3 3 
3 -1 2 2 2 4 2 11 4 11 11 11 11 11 11 3 3 3 3 3 
-1 3 2 2 2 4 4 11 6 11 -1 9 11 11 -1 11 -1 -1 3 -1 
-1 -1 3 2 2 -1 11 11 11 11 9 9 9 11 -1 3 3 -1 -1 -1 
2 2 -1 3 2 -1 11 11 11 9 9 11 9 4 3 -1 3 -1 -1 -1 
3 3 3 2 2 6 -1 11 11 11 9 9 3 3 3 -1 -1 -1 6 -1 
6 3 -1 6 6 6 6 -1 11 11 11 -1 6 3 3 3 -1 -1 6 6 
6 4 6 -1 6 6 6 6 9 11 -1 -1 -1 6 -1 -1 -1 -1 -1 6 
6 6 6 -1 4 6 4 -1 6 9 -1 -1 2 6 3 -1 -1 3 -1 6 
-1 -1 -1 4 4 4 6 6 2 -1 9 4 -1 6 -1 3 3 3 3 6 
-1 -1 -1 -1 4 6 6 -1 2 -1 2 2 4 -1 3 3 3 3 3 -1 
6 -1 -1 4 -1 -1 6 -1 2 2 2 -1 3 3 -1 3 3 3 -1 -1 
3 -1 -1 -1 3 3 3 3 6 6 6 3 3 -1 -1 -1 -1 3 3 3 
-1 2 -1 -1 3 -1 -1 6 -1 2 -1 6 3 3 -1 -1 3 4 -1 3 
-1 2 2 -1 3 3 -1 2 -1 -1 2 -1 -1 -1 -1 6 6 4 4 3 
4 2 2 -1 3 3 9 9 3 3 3 -1 3 -1 -1 6 6 6 3 6 
6 4 2 3 3 2 3 9 3 3 3 3 3 -1 3 6 -1 6 6 6 
-1 3 3 3 3 3 9 2 2 2 -1 3 3 3 6 3 4 6 -1 6 
3 3 3 3 2 2 3 6 2 3 2 6 6 6 6 3 4 4 4 -1 
4 -1 2 2 3 3 3 6 2 2 2 2 6 6 3 3 4 4 4 4 
4 4 -1 2 4 3 6 2 2 2 2 6 6 3 -1 -1 4 2 4 4 
4 4 4 2 2 6 2 6 2 2 2 6 6 6 -1 -1 2 -1 4 4 
-1 4 11 2 2 2 2 6 4 2 6 6 6 6 6 4 -1 2 -1 -1 
4 2 -1 -1 6 2 2 9 2 4 6 -1 -1 4 6 6 -1 2 -1 -1 
3 2 2 2 6 6 -1 9 -1 6 4 4 3 -1 -1 -1 2 2 2 4 
3 2 2 -1 6 9 9 9 9 3 6 3 3 -1 -1 -1 -1 2 2 3 
3 -1 2 6 -1 3 9 -1 3 9 -1 6 3 6 6 4 6 -1 -1 -1 
3 -1 2 -1 3 3 3 9 3 3 4 4 4 4 -1 -1 4 4 -1 3 
-1 3 -1 -1 -1 3 3 9 3 4 3 4 -1 4 4 -1 4 -1 3 3 
3 3 -1 3 3 3 3 3 6 3 3 -1 3 4 -1 4 -1 3 3 3 
-1 -1 -1 -1 3 3 3 6 6 3 3 3 -1 4 4 4 4 6 3 3 
-1 -1 -1 -1 3 3 3 2 6 3 3 -1 -1 4 -1 -1 6 -1 3 -1 
2 -1 6 6 -1 3 -1 3 2 3 -1 -1 2 4 4 -1 4 2 -1 2 
2 3 6 -1 3 -1 -1 -1 3 -1 -1 -1 3 3 -1 2 2 2 4 2 
2 2 3 3 -1 -1 2 2 3 -1 -1 -1 -1 -1 -1 -1 6 6 4 2 
-1 3 3 -1 -1 2 2 2 2 2 4 -1 4 4 3 -1 4 4 4 4 
4 -1 3 -1 2 2 2 2 2 4 4 -1 3 6 3 4 -1 4 4 4 
-1 -1 6 3 2 2 2 2 2 2 3 -1 3 -1 3 3 3 4 4 -1 
2 4 -1 2 2 2 2 -1 2 6 -1 -1 -1 3 3 4 -1 -1 -1 2 
2 4 4 -1 -1 -1 2 2 2 -1 -1 -1 -1 -1 6 -1 4 -1 4 2 
-1 4 4 4 4 -1 -1 2 2 -1 -1 2 6 6 3 3 4 4 2 2 
4 4 -1 4 4 -1 -1 -1 -1 6 -1 2 2 6 -1 -1 3 2 2 2 
-1 -1 -1 -1 -1 3 -1 -1 -1 2 -1 -1 6 -1 -1 -1 3 2 2 4 
-1 -1 -1 -1 3 3 4 4 2 4 4 -1 6 6 -1 -1 -1 3 -1 -1 
4 4 4 3 -1 4 4 4 4 4 4 2 2 6 2 1 3 -1 1 1 
-1 4 -1 2 -1 4 -1 4 4 4 -1 4 2 -1 2 -1 -1 1 -1 1 
1 3 -1 -1 2 2 4 4 4 3 3 4 2 2 1 -1 1 1 1 1 
3 3 3 3 -1 -1 4 2 3 2 -1 4 2 1 2 -1 -1 1 2 2 
3 3 3 3 2 -1 -1 2 3 2 2 2 4 2 2 2 2 1 2 6 
1 1 3 2 -1 6 2 -1 2 3 2 -1 4 2 2 2 2 2 1 6 
1 1 1 -1 -1 -1 6 2 3 -1 6 -1 -1 4 4 2 2 2 6 1 
2 2 -1 2 3 3 3 2 3 3 -1 -1 3 3 -1 4 -1 -1 2 6 
3 3 -1 3 2 3 -1 3 3 4 4 4 -1 2 2 -1 3 3 4 3 
-1 3 -1 2 3 3 3 4 -1 4 4 -1 -1 2 2 2 3 -1 4 4 
-1 -1 -1 2 -1 3 4 4 4 -1 2 4 2 2 2 -1 3 4 -1 2 
-1 3 4 -1 -1 -1 3 2 2 4 2 -1 6 6 2 -1 -1 3 -1 -1 
-1 3 3 3 3 6 6 2 4 2 2 4 4 2 6 -1 -1 4 4 -1 
-1 3 3 3 3 6 6 6 2 -1 -1 4 2 6 2 -1 -1 -1 -1 4 
4 -1 3 3 3 3 3 2 -1 2 -1 4 4 2 2 2 2 -1 -1 2 
4 4 3 -1 3 3 3 -1 2 2 2 4 -1 2 2 -1 2 -1 2 -1 
4 4 3 -1 3 3 3 -1 3 2 4 -1 4 2 2 8 -1 2 2 2 
-1 -1 3 3 6 -1 -1 3 3 -1 -1 2 2 2 2 4 4 4 -1 2 
4 3 3 3 -1 4 3 3 3 3 2 2 -1 -1 4 4 4 4 2 1 
1 3 4 4 4 3 3 3 3 3 3 -1 2 2 4 2 2 2 -1 -1 
6 3 3 4 4 2 2 6 6 3 -1 2 2 2 3 3 2 -1 -1 6 
3 3 -1 3 -1 2 -1 3 3 -1 2 2 -1 -1 3 -1 -1 2 2 6 
3 2 1 3 3 3 -1 -1 -1 3 2 2 -1 3 3 -1 3 -1 2 4 
2 2 3 2 -1 -1 3 2 2 -1 -1 -1 -1 -1 3 3 3 4 4 2 
6 2 2 -1 -1 -1 -1 -1 -1 2 2 -1 -1 10 3 3 3 4 2 2 
6 3 -1 -1 -1 -1 -1 -1 2 -1 3 3 3 3 10 -1 3 3 10 2 
3 6 3 -1 -1 -1 -1 3 3 3 3 3 -1 10 10 -1 3 10 10 -1 
3 3 -1 -1 3 3 3 3 3 -1 3 -1 -1 -1 4 3 3 3 3 3 
6 -1 -1 2 -1 2 -1 -1 -1 3 -1 6 6 3 3 -1 10 3 -1 3 
10 10 -1 3 2 3 2 -1 3 3 3 6 6 3 3 -1 3 -1 -1 10 
10 3 10 3 3 3 -1 -1 3 3 3 4 -1 3 3 3 3 3 3 3 
3 3 3 3 -1 -1 3 3 -1 3 -1 -1 4 4 3 3 3 -1 3 -1 
-1 -1 3 -1 3 3 3 -1 3 3 -1 3 3 3 6 3 3 -1 3 3 
-1 3 -1 -1 3 3 -1 3 -1 3 3 3 -1 -1 3 3 3 3 -1 3 
-1 3 -1 3 3 3 3 3 -1 -1 -1 3 3 3 3 3 -1 3 6 6 
-1 3 -1 3 3 3 3 3 3 -1 3 3 3 3 3 3 3 -1 6 -1 
3 6 3 3 3 3 3 3 -1 3 3 2 3 2 2 2 -1 -1 6 4 
4 3 -1 3 -1 3 3 -1 3 3 3 3 2 2 -1 -1 -1 6 1 4 
-1 3 3 -1 3 -1 3 4 3 -1 3 3 3 -1 3 -1 -1 1 1 -1 
-1 -1 -1 3 3 -1 4 4 4 3 4 4 3 3 -1 -1 6 6 1 6 
-1 3 -1 4 4 4 4 4 4 -1 3 4 -1 -1 -1 -1 6 6 6 6 
3 3 -1 -1 4 4 3 4 4 3 6 3 -1 -1 -1 -1 -1 -1 3 10 
-1 10 3 -1 -1 4 -1 4 -1 4 4 -1 -1 -1 -1 -1 3 -1 3 3 
3 10 10 -1 3 6 -1 -1 -1 4 4 -1 1 1 1 -1 3 3 10 3 
-1 10 -1 3 6 6 -1 -1 4 6 -1 1 -1 1 1 1 -1 3 10 3 
3 -1 -1 -1 6 6 -1 6 6 -1 -1 1 1 -1 1 1 3 10 10 3 
-1 10 10 -1 -1 6 6 10 -1 -1 -1 1 1 1 3 1 1 3 10 3 
3 6 -1 2 -1 2 6 6 -1 -1 4 -1 1 6 3 3 3 -1 3 3 
-1 1 6 -1 2 2 6 4 4 4 -1 6 -1 2 4 -1 6 4 1 -1 
1 1 1 -1 -1 2 4 4 4 -1 6 -1 2 -1 2 4 6 6 1 1 
1 -1 -1 6 -1 2 4 6 6 6 6 6 2 2 2 2 -1 1 -1 1 
-1 -1 1 6 2 2 -1 -1 4 6 6 -1 6 2 -1 4 6 -1 1 -1 
-1 8 3 -1 2 2 6 3 -1 4 6 6 2 2 4 4 -1 -1 3 -1 
-1 3 8 2 -1 3 -1 6 6 3 -1 6 4 4 4 4 4 4 3 3 
3 3 6 -1 6 3 -1 6 6 6 4 4 4 -1 4 4 4 4 -1 -1 
-1 -1 6 6 2 2 2 2 -1 4 4 4 -1 4 4 4 4 4 4 -1 
-1 4 -1 4 2 2 4 4 -1 -1 4 4 4 4 -1 -1 1 1 -1 4 
1 -1 -1 6 2 4 2 2 2 4 4 4 4 4 -1 -1 -1 -1 1 4 
1 3 6 6 4 6 -1 -1 6 6 4 4 4 3 -1 6 4 1 6 4 
2 4 3 3 3 3 4 -1 4 -1 3 -1 3 3 -1 6 6 6 -1 6 
6 4 -1 3 -1 6 4 -1 4 4 3 3 3 2 2 4 6 -1 6 2 
4 6 4 2 6 4 4 4 4 4 4 3 -1 2 6 2 -1 2 6 6 
4 -1 6 -1 -1 4 6 -1 6 -1 6 -1 -1 -1 -1 6 2 -1 2 -1 
1 1 6 6 6 4 6 6 9 4 -1 6 -1 -1 6 6 6 6 2 2 
-1 1 4 -1 6 4 4 9 4 -1 4 -1 6 -1 4 4 6 8 -1 -1 
1 1 6 4 6 3 9 6 4 4 -1 6 4 6 4 6 -1 1 6 4 
4 1 4 4 3 9 9 6 4 4 6 4 6 6 6 6 -1 6 1 -1 
-1 -1 6 6 4 6 6 6 6 6 6 -1 6 2 6 6 6 1 -1 -1 
1 -1 6 -1 -1 4 6 4 -1 -1 6 6 -1 -1 4 1 1 -1 1 4 
6 4 6 6 6 4 4 4 6 6 -1 -1 9 -1 6 6 -1 2 6 1 
-1 2 4 4 40 4 -1 6 6 9 1 1 9 -1 6 6 1 2 2 1 
2 -1 -1 4 40 6 4 -1 -1 1 9 9 9 9 4 -1 1 1 1 -1 
2 4 -1 4 6 4 -1 6 6 1 9 9 9 9 6 6 1 -1 1 -1 
2 -1 4 4 4 6 -1 6 6 6 6 6 9 6 6 -1 6 -1 -1 4 
4 2 4 4 6 6 6 -1 6 6 6 6 6 6 6 6 6 6 -1 -1 
4 6 3 -1 4 6 6 -1 -1 6 6 6 9 6 6 4 6 1 4 4 
4 -1 3 3 6 6 -1 6 6 -1 -1 9 6 6 4 -1 1 -1 4 -1 
-1 4 6 4 -1 6 -1 -1 6 6 6 9 4 6 6 -1 -1 -1 6 4 
4 6 4 -1 -1 4 -1 6 4 6 -1 6 -1 6 -1 6 -1 -1 6 6 
6 6 6 -1 4 -1 -1 -1 4 4 -1 -1 1 -1 6 -1 -1 -1 -1 -1 
3 3 -1 6 -1 -1 -1 -1 4 4 6 4 -1 6 6 6 -1 6 -1 4 
-1 4 4 4 -1 -1 -1 4 -1 4 6 4 -1 6 6 -1 6 6 6 4 
3 4 4 6 6 6 6 4 6 6 6 6 6 6 6 6 6 9 -1 -1 
3 -1 -1 4 -1 6 4 -1 6 6 6 4 4 6 6 6 9 9 1 1 
-1 -1 4 -1 6 6 4 6 -1 -1 1 4 6 6 4 -1 -1 -1 1 3 
1 -1 -1 4 4 -1 -1 4 6 -1 -1 1 6 4 6 1 -1 -1 6 -1 
3 -1 -1 -1 -1 -1 6 -1 -1 -1 -1 -1 -1 -1 -1 -1 1 3 3 3 
-1 -1 -1 -1 -1 -1 4 -1 -1 -1 -1 -1 6 6 4 1 1 1 3 3 
-1 6 6 -1 6 6 -1 -1 1 8 2 6 -1 9 -1 9 -1 4 -1 -1 
4 6 6 -1 6 6 6 6 2 2 6 5 4 33 3 40 9 -1 -1 -1 
-1 6 6 1 1 6 6 8 8 6 6 5 33 33 4 3 9 -1 -1 -1 
6 -1 -1 6 2 6 -1 2 -1 40 33 33 2 9 33 4 -1 -1 -1 1 
6 -1 1 1 40 2 6 2 2 33 2 2 9 9 4 6 -1 -1 4 4 
6 1 -1 1 -1 40 40 40 2 2 40 40 2 4 6 6 -1 -1 -1 6 
6 -1 1 1 1 40 40 40 2 2 2 2 4 4 -1 4 -1 -1 6 -1 
2 2 -1 2 6 40 40 2 40 2 8 -1 4 6 9 9 9 -1 6 4 
4 8 2 -1 6 4 40 -1 2 2 8 8 -1 6 -1 9 9 9 6 6 
8 8 8 6 9 4 40 6 1 -1 4 6 -1 9 9 9 -1 -1 6 8 
8 8 4 9 -1 40 6 40 6 -1 4 -1 9 9 9 6 4 4 8 8 
-1 4 4 4 4 41 6 6 -1 -1 6 9 11 9 9 10 4 4 8 8 
4 4 4 -1 4 9 9 6 -1 9 9 11 11 11 -1 -1 4 4 8 8 
4 4 4 4 6 4 4 9 9 9 9 11 9 3 -1 -1 -1 4 8 8 
4 4 6 6 6 6 4 -1 9 -1 9 9 9 3 3 -1 4 4 4 8 
-1 6 6 -1 3 6 9 9 1 9 9 9 -1 9 6 -1 -1 6 6 4 
1 -1 6 4 3 3 9 9 6 -1 11 9 6 6 4 1 4 9 4 4 
-1 6 6 6 9 -1 9 9 6 -1 -1 4 4 6 4 1 4 -1 -1 4 
9 4 4 6 -1 -1 -1 4 -1 1 9 4 6 4 1 1 9 9 4 6 
6 9 9 -1 -1 6 -1 -1 -1 1 1 1 4 4 9 1 9 4 4 4 
-1 1 41 6 6 6 6 -1 6 2 2 -1 -1 2 6 4 6 -1 6 -1 
-1 4 41 4 -1 6 6 9 9 6 -1 -1 2 2 4 6 6 9 9 4 
-1 33 33 4 9 -1 9 9 9 4 -1 2 1 -1 -1 2 8 8 9 4 
-1 1 1 -1 6 9 9 9 4 9 9 2 2 -1 -1 -1 8 8 8 8 
1 -1 -1 -1 9 6 9 9 9 9 9 9 1 6 6 11 11 8 8 -1 
8 8 -1 9 -1 9 9 -1 6 6 -1 -1 6 -1 -1 -1 11 9 8 8 
8 -1 -1 -1 4 9 -1 9 40 6 -1 -1 -1 11 11 -1 -1 11 -1 4 
4 8 -1 -1 4 4 9 8 8 40 40 1 1 1 9 9 -1 -1 11 4 
8 4 4 4 4 9 -1 8 40 40 1 1 1 9 4 9 9 -1 9 9 
2 4 -1 9 9 -1 40 40 1 -1 1 -1 9 -1 9 4 -1 3 9 9 
-1 2 9 1 1 8 8 40 1 1 1 1 -1 9 -1 4 11 9 2 9 
-1 40 40 1 -1 8 40 2 1 1 -1 1 1 1 9 9 11 -1 -1 9 
-1 9 9 9 -1 -1 2 2 -1 -1 40 9 1 1 1 9 9 9 2 -1 
9 -1 9 -1 -1 2 2 -1 2 -1 41 -1 1 1 9 -1 -1 2 2 2 
8 3 9 9 2 -1 -1 2 2 6 41 1 -1 9 -1 9 9 9 9 9 
3 9 9 9 9 -1 6 6 6 6 15 5 -1 -1 9 9 9 9 9 8 
3 9 11 -1 9 9 2 5 6 15 5 5 5 5 -1 9 9 9 3 3 
-1 11 -1 11 -1 2 1 5 5 1 -1 5 5 5 -1 -1 4 6 9 -1 
9 -1 11 40 40 -1 1 1 4 6 2 1 5 2 5 4 6 4 9 -1 
9 9 11 11 6 6 1 6 -1 4 2 2 2 2 6 -1 4 6 4 4 
9 9 40 40 3 9 -1 3 9 33 9 9 9 33 3 9 9 8 8 -1 
9 8 9 40 32 9 9 11 -1 9 40 -1 -1 -1 -1 -1 8 8 9 9 
9 8 8 10 10 9 11 9 -1 40 40 40 10 9 -1 -1 8 8 -1 8 
8 10 10 8 9 11 -1 -1 40 40 -1 40 9 10 40 9 9 8 -1 10 
11 11 10 9 10 10 10 40 40 40 40 9 9 40 40 9 9 -1 -1 10 
10 10 34 10 10 10 40 40 -1 -1 40 9 33 40 40 9 9 9 5 10 
10 8 34 10 10 8 -1 -1 10 -1 44 9 46 40 9 9 9 9 5 5 
10 8 8 10 1 1 10 38 38 10 46 46 33 9 1 9 4 9 -1 11 
-1 10 -1 1 10 10 10 -1 9 2 9 -1 9 1 1 9 -1 9 -1 -1 
6 10 -1 32 40 32 -1 6 6 9 2 9 38 9 4 9 9 9 -1 -1 
6 6 -1 40 32 33 6 6 9 9 9 9 9 9 9 9 -1 9 11 6 
32 6 40 32 33 33 32 33 9 9 9 9 9 9 9 41 9 11 9 32 
11 11 40 40 32 40 33 -1 8 9 9 9 9 9 9 -1 9 11 11 11 
11 40 40 40 40 40 -1 -1 9 1 -1 9 9 9 9 9 9 11 -1 -1 
9 40 40 40 8 -1 40 40 9 1 1 9 -1 -1 11 9 -1 9 11 11 
9 33 9 -1 40 8 41 -1 -1 -1 1 9 33 33 11 11 -1 9 11 9 
9 9 9 9 8 41 9 9 9 -1 9 9 33 33 11 8 -1 9 9 9 
9 9 9 9 -1 3 9 9 9 1 1 9 1 11 11 8 -1 9 9 9 
9 9 1 1 1 9 3 3 9 1 1 9 9 11 11 -1 9 9 -1 9 
9 40 -1 1 9 9 3 3 9 -1 9 9 9 9 9 9 -1 9 9 9 
33 32 -1 9 11 11 11 11 11 11 9 11 41 41 9 9 9 11 11 33 
11 33 32 32 33 11 11 11 1 11 -1 -1 11 33 9 9 9 9 33 33 
32 -1 32 33 1 -1 1 1 11 10 10 9 11 9 9 9 9 32 -1 11 
-1 32 33 1 1 -1 1 1 10 10 10 -1 9 9 9 9 40 9 32 32 
9 9 -1 1 -1 40 1 40 1 10 5 9 9 9 9 40 10 10 32 9 
-1 -1 8 11 40 9 1 1 9 -1 -1 5 9 11 11 9 8 32 9 8 
9 8 11 9 9 9 9 1 9 9 5 5 5 9 9 33 8 32 -1 9 
-1 -1 -1 9 9 9 1 -1 -1 5 11 10 11 10 5 5 32 32 9 40 
-1 -1 10 -1 9 9 -1 -1 11 11 11 11 5 10 10 5 5 33 9 9 
11 3 3 10 9 9 9 2 2 11 -1 5 5 10 -1 8 9 5 9 -1 
8 8 3 9 9 9 9 -1 2 11 2 5 -1 8 9 8 8 5 9 11 
8 8 -1 -1 9 9 9 3 3 2 5 2 2 8 9 3 9 -1 -1 9 
9 9 9 -1 9 9 11 2 2 2 -1 2 2 -1 9 9 9 -1 43 43 
33 33 9 9 11 11 -1 8 8 2 -1 -1 9 9 9 8 -1 8 8 41 
32 33 9 9 11 11 11 9 2 10 -1 9 9 -1 1 8 1 32 33 32 
33 9 9 -1 11 -1 10 9 8 10 10 9 10 9 8 1 9 33 32 -1 
9 -1 9 -1 8 8 9 10 9 8 11 -1 9 10 8 8 -1 9 -1 -1 
9 -1 -1 8 -1 8 10 9 -1 11 10 32 33 9 10 8 -1 9 9 8 
9 -1 32 -1 9 9 8 9 9 9 11 33 9 32 -1 -1 9 11 11 9 
-1 32 -1 9 9 9 9 -1 11 9 11 11 -1 9 9 9 -1 11 11 -1 
9 -1 -1 9 -1 9 9 9 9 9 -1 9 9 3 -1 10 10 -1 -1 -1 
9 9 -1 9 9 9 9 9 9 9 9 9 1 1 10 4 -1 9 -1 9 
-1 9 9 9 9 9 9 9 -1 -1 1 8 3 1 10 4 -1 11 -1 -1 
-1 9 9 9 9 9 9 -1 4 4 8 41 9 9 1 9 4 9 11 -1 
9 9 9 9 9 9 11 4 4 4 41 9 -1 9 9 9 9 9 9 9 
9 -1 9 9 -1 9 9 4 11 11 9 9 9 9 9 9 9 9 9 9 
9 8 8 8 -1 8 8 8 -1 9 9 9 9 9 9 11 9 9 9 -1 
4 9 8 8 8 40 8 9 9 9 9 9 9 3 3 3 5 9 9 9 
-1 9 9 9 8 8 9 40 9 40 9 9 9 3 3 3 5 5 5 5 
2 9 9 9 8 8 40 9 40 9 9 6 9 9 3 3 9 9 11 4 
9 9 8 2 8 -1 -1 33 40 -1 -1 6 9 3 3 -1 5 11 5 3 
9 9 2 9 2 9 -1 9 32 -1 6 6 6 3 3 3 -1 5 3 9 
9 9 9 9 9 9 9 32 -1 32 6 6 6 11 3 4 -1 -1 11 9 
9 8 9 9 9 9 9 -1 3 3 -1 3 3 11 11 3 3 3 9 -1 
-1 -1 9 9 9 9 -1 11 11 3 3 3 3 3 41 3 3 -1 3 9 
9 -1 9 9 -1 -1 9 9 11 9 -1 3 41 41 41 41 9 9 3 9 
-1 9 -1 9 9 9 -1 11 11 9 9 -1 -1 -1 -1 3 3 3 9 -1 
9 9 9 8 9 9 11 9 9 9 9 9 -1 3 3 3 3 3 3 9 
9 9 8 9 8 8 9 9 9 9 9 3 3 3 3 3 3 -1 3 9 
9 9 -1 -1 -1 -1 9 9 9 -1 9 9 3 3 10 10 8 -1 -1 9 
9 9 11 9 9 -1 9 9 9 8 9 9 6 6 6 9 9 9 9 -1 
9 6 6 9 9 9 9 9 -1 8 8 9 9 9 9 6 6 33 9 9 
9 9 4 9 -1 11 11 8 8 9 9 9 9 9 9 6 33 -1 9 9 
9 4 -1 6 6 9 9 8 10 9 -1 9 9 9 9 33 33 33 -1 33 
36 9 -1 9 9 6 9 10 9 -1 -1 9 9 9 9 33 33 -1 33 33 
8 6 -1 9 -1 -1 9 -1 9 9 9 9 9 9 9 33 6 33 33 33 
9 9 9 9 9 -1 9 -1 -1 1 9 9 9 9 -1 41 33 33 8 8 
-1 9 9 9 9 9 11 11 11 1 9 9 9 40 33 9 41 8 8 9 
9 5 9 11 6 9 9 11 9 9 -1 -1 9 33 33 41 9 8 8 -1 
33 6 11 11 11 -1 9 10 9 9 9 40 40 41 41 33 -1 8 6 33 
33 8 6 6 6 9 -1 10 -1 9 9 9 9 9 41 41 -1 8 6 33 
33 9 6 6 9 1 1 -1 -1 36 9 9 9 9 9 6 8 8 6 9 
9 9 9 -1 6 1 -1 9 36 -1 -1 9 -1 9 9 40 6 6 6 9 
-1 9 -1 -1 11 9 9 -1 9 9 9 9 -1 9 40 9 6 -1 6 6 
9 -1 9 9 11 9 9 9 9 -1 9 9 9 9 3 6 -1 -1 -1 6 
6 6 9 9 9 9 9 9 -1 9 9 9 9 8 9 9 6 6 6 9 
6 9 9 9 33 9 9 8 9 9 -1 9 -1 6 9 9 9 9 6 9 
9 9 4 9 9 9 11 9 9 9 9 9 -1 6 6 -1 9 9 9 9 
9 9 9 -1 9 9 9 9 9 9 32 9 -1 6 6 9 9 9 9 9 
9 9 9 11 9 9 9 9 9 33 33 9 9 6 6 6 9 -1 9 9 
6 1 1 -1 9 9 -1 9 -1 6 9 6 33 2 2 -1 6 6 6 6 
-1 1 1 1 -1 -1 9 8 6 8 8 6 2 6 -1 2 2 6 6 6 
6 6 1 -1 -1 1 8 8 8 8 8 -1 6 6 6 6 2 2 6 6 
6 6 32 1 32 1 1 8 8 -1 6 -1 4 6 6 6 6 33 2 6 
6 6 1 32 33 33 -1 8 8 -1 -1 6 4 6 6 33 33 33 33 33 
-1 33 -1 33 33 33 1 1 1 36 -1 6 6 6 6 33 2 33 33 33 
33 -1 33 33 33 33 5 5 36 -1 36 6 2 2 2 33 33 -1 33 33 
33 -1 33 33 33 33 33 33 44 -1 -1 36 6 -1 6 -1 -1 -1 6 33 
33 33 33 33 35 39 39 -1 36 6 33 -1 44 -1 2 6 -1 9 6 33 
33 -1 33 33 33 14 6 36 44 33 44 44 44 6 4 -1 9 33 33 -1 
-1 -1 9 44 14 14 11 -1 36 6 36 36 44 44 6 4 -1 40 32 33 
9 9 9 44 9 9 9 11 6 -1 6 36 36 6 6 1 4 40 40 9 
6 -1 6 9 1 9 9 9 9 -1 44 6 36 6 44 6 1 -1 6 9 
-1 9 6 -1 9 9 9 9 9 9 -1 36 36 9 6 44 6 40 33 6 
6 6 6 6 44 9 9 9 -1 -1 36 44 36 6 6 6 -1 40 6 -1 
4 6 8 8 -1 44 9 9 9 9 9 36 44 6 6 6 4 -1 6 -1 
1 4 -1 8 9 9 9 9 9 9 36 -1 36 6 9 6 -1 1 4 6 
1 1 -1 6 8 9 9 9 9 9 9 33 33 -1 9 6 6 -1 1 6 
1 1 -1 6 9 9 9 9 9 6 9 33 33 9 -1 6 4 1 -1 1 
1 -1 1 6 -1 9 -1 9 9 9 6 6 33 33 9 -1 -1 4 -1 1 
6 6 6 6 6 6 -1 4 -1 33 33 2 -1 6 6 9 9 -1 -1 6 
6 6 6 6 6 6 4 -1 9 -1 6 2 6 6 9 9 6 2 2 6 
6 6 6 6 8 6 -1 9 3 4 6 6 6 -1 -1 -1 6 6 -1 6 
6 6 6 6 6 9 4 4 4 6 6 6 -1 -1 3 -1 3 3 6 -1 
-1 6 6 6 42 9 9 -1 -1 9 6 6 -1 3 3 3 3 3 11 3 
1 -1 6 6 42 -1 9 -1 9 9 6 3 9 6 11 11 11 1 1 3 
33 6 -1 -1 42 42 9 -1 -1 6 6 9 15 15 11 -1 15 11 -1 -1 
33 33 -1 -1 6 6 -1 4 -1 6 6 2 6 15 3 -1 3 11 -1 33 
-1 -1 1 6 6 6 4 4 2 2 6 6 -1 6 3 6 6 3 3 -1 
33 1 1 6 -1 -1 6 2 -1 -1 6 -1 -1 -1 3 6 6 33 33 33 
33 1 6 1 1 4 6 6 -1 2 -1 -1 -1 2 3 -1 6 33 33 33 
-1 33 6 1 6 1 6 2 2 6 2 2 -1 2 2 -1 4 6 33 33 
33 4 -1 -1 6 6 6 -1 2 6 6 2 2 2 2 4 4 -1 33 33 
-1 4 -1 -1 -1 6 2 2 33 6 6 6 6 2 2 -1 -1 6 6 33 
6 -1 -1 -1 -1 -1 2 2 2 6 6 6 2 6 6 -1 6 6 6 6 
-1 8 8 6 6 6 2 2 -1 -1 9 6 -1 6 6 -1 9 9 -1 6 
6 6 6 6 6 -1 6 6 6 6 6 6 -1 -1 6 9 9 9 4 6 
-1 4 4 -1 -1 -1 6 6 6 6 6 6 6 6 -1 9 9 9 4 6 
4 4 -1 -1 6 6 6 -1 6 6 6 6 6 9 9 9 -1 6 9 9 
9 6 -1 -1 6 -1 6 6 33 6 6 6 6 6 9 9 9 -1 9 -1 
11 11 11 6 6 -1 6 2 -1 2 2 -1 6 2 -1 6 -1 3 15 15 
11 -1 -1 -1 4 6 2 6 2 2 2 2 6 6 -1 6 3 15 15 11 
-1 -1 -1 6 4 6 3 -1 2 2 6 -1 -1 -1 6 3 -1 -1 -1 6 
6 -1 6 6 6 6 6 2 2 3 2 6 -1 -1 2 2 -1 -1 6 -1 
-1 -1 -1 6 6 6 6 2 2 2 3 -1 -1 -1 2 2 -1 1 6 6 
6 6 -1 6 6 -1 2 2 6 3 3 2 1 2 -1 2 1 2 1 6 
3 6 6 6 6 6 -1 2 2 3 3 3 2 -1 1 2 -1 -1 2 6 
6 6 8 -1 6 -1 -1 -1 -1 2 2 2 3 2 1 -1 -1 1 6 6 
6 8 6 8 8 6 -1 -1 6 -1 6 -1 3 2 2 2 1 6 6 6 
-1 6 6 6 6 4 4 6 -1 6 6 6 6 3 2 2 2 -1 1 6 
1 6 6 6 6 6 -1 -1 -1 -1 6 6 -1 3 -1 6 1 6 6 1 
6 6 1 -1 -1 6 6 -1 -1 6 6 6 -1 1 3 1 6 6 -1 2 
6 6 6 6 -1 6 6 6 -1 -1 -1 -1 -1 1 1 6 1 1 1 -1 
6 6 6 -1 6 6 6 -1 -1 -1 -1 3 1 1 -1 -1 -1 1 -1 -1 
6 -1 6 6 -1 6 6 -1 -1 -1 3 -1 1 1 -1 -1 1 -1 2 11 
1 -1 -1 6 6 6 -1 -1 6 3 1 1 6 -1 6 1 1 -1 2 2 
1 -1 6 6 6 -1 6 6 6 -1 -1 -1 1 1 1 1 1 -1 2 -1 
6 6 4 6 6 6 4 6 6 -1 -1 1 1 1 6 6 1 1 -1 6 
-1 -1 15 11 6 -1 4 2 2 -1 -1 -1 1 1 1 1 1 -1 15 15 
11 11 6 11 11 6 -1 -1 2 -1 -1 -1 2 -1 6 6 -1 1 15 15 
3 3 3 3 3 3 -1 3 2 3 6 2 -1 8 8 2 2 1 1 1 
3 3 3 3 3 3 3 3 3 11 -1 2 2 8 8 2 2 -1 1 -1 
7 -1 3 3 3 -1 3 3 -1 11 11 2 2 2 1 2 -1 -1 -1 1 
7 7 7 -1 3 -1 -1 3 3 1 11 1 1 1 8 8 2 10 10 -1 
3 3 3 3 -1 -1 3 3 -1 3 11 1 1 -1 8 1 1 1 -1 -1 
3 3 3 3 -1 -1 3 2 2 1 1 3 -1 -1 -1 8 1 1 1 3 
3 3 3 3 -1 1 -1 2 -1 -1 1 1 1 -1 6 1 1 3 -1 3 
3 -1 3 -1 2 1 1 2 -1 1 -1 3 -1 3 -1 -1 1 -1 -1 3 
3 3 -1 2 2 2 -1 1 1 -1 -1 -1 -1 1 3 3 -1 3 3 -1 
3 3 -1 -1 34 -1 -1 1 -1 -1 -1 1 3 -1 3 3 3 3 -1 3 
3 3 3 -1 34 34 -1 -1 1 -1 -1 -1 3 3 3 3 -1 3 3 3 
-1 3 3 34 3 -1 1 -1 -1 4 4 -1 6 2 -1 3 -1 3 3 3 
-1 3 3 1 -1 2 2 1 1 -1 6 6 2 2 2 6 3 3 3 3 
-1 3 3 1 -1 1 -1 -1 1 1 1 1 1 2 6 -1 3 3 -1 -1 
3 3 3 3 1 -1 -1 -1 1 1 1 1 6 6 6 3 3 3 3 3 
3 -1 3 3 3 1 -1 2 2 -1 1 6 6 6 6 6 1 1 -1 3 
-1 3 3 -1 -1 -1 -1 2 1 1 6 6 6 7 1 -1 1 -1 3 4 
-1 4 -1 -1 -1 -1 -1 2 -1 1 8 8 -1 7 7 1 2 2 6 4 
4 4 3 3 3 3 -1 -1 -1 3 3 8 8 7 -1 -1 -1 6 2 4 
-1 -1 -1 3 3 3 -1 -1 -1 -1 3 2 8 8 8 8 -1 1 -1 1 
6 -1 6 6 -1 7 7 7 7 7 -1 1 -1 -1 -1 1 -1 6 6 -1 
-1 6 6 -1 7 7 -1 7 7 7 7 -1 -1 7 -1 1 1 -1 7 7 
6 6 6 -1 7 7 -1 -1 -1 1 -1 -1 6 7 -1 -1 -1 1 7 -1 
6 6 7 6 7 -1 1 -1 1 1 -1 -1 6 6 -1 -1 -1 1 1 6 
6 7 6 7 -1 7 7 -1 1 -1 -1 -1 6 6 6 3 1 -1 1 -1 
7 1 -1 1 1 1 7 7 2 2 2 6 6 6 -1 3 2 2 -1 -1 
7 1 1 -1 1 1 7 7 7 6 2 6 -1 7 -1 3 -1 3 7 7 
7 1 1 1 1 1 7 7 -1 -1 1 -1 -1 -1 3 -1 3 3 3 3 
1 3 1 1 1 -1 1 7 7 1 -1 1 11 11 11 -1 2 3 3 -1 
1 1 3 1 1 1 1 1 1 1 7 7 3 11 -1 11 -1 3 -1 3 
1 1 -1 1 1 1 -1 -1 1 7 7 -1 11 -1 -1 3 -1 -1 -1 3 
3 -1 3 1 -1 1 -1 7 -1 7 1 11 11 11 11 -1 -1 -1 3 -1 
-1 3 3 2 2 -1 1 7 7 -1 3 11 11 -1 11 3 6 3 -1 6 
-1 -1 1 -1 2 -1 1 7 -1 1 1 11 -1 -1 11 3 -1 6 6 6 
-1 1 1 -1 2 -1 1 7 7 -1 1 11 11 11 -1 -1 6 7 6 4 
-1 1 1 -1 -1 -1 7 7 -1 -1 1 11 11 11 14 14 6 3 -1 4 
6 1 1 -1 1 -1 -1 2 2 7 1 1 14 3 6 6 3 2 6 6 
-1 1 1 -1 -1 3 2 2 7 2 1 1 11 -1 3 6 6 6 2 6 
-1 1 1 3 3 7 7 -1 7 2 1 1 1 6 -1 3 6 -1 6 6 
1 1 -1 3 -1 -1 7 7 7 -1 1 -1 -1 -1 -1 6 1 1 6 6 
-1 1 1 6 6 1 1 -1 1 -1 -1 1 1 1 1 1 7 1 -1 7 
-1 -1 1 1 -1 -1 1 1 -1 1 1 1 1 1 1 -1 7 7 -1 7 
1 1 1 -1 1 -1 -1 1 -1 1 1 1 1 -1 1 1 1 7 7 7 
-1 1 1 6 -1 -1 -1 -1 1 1 1 1 1 -1 1 1 7 7 7 7 
7 1 -1 -1 1 -1 1 1 -1 1 -1 1 1 1 1 1 1 7 7 7 
7 7 -1 -1 1 1 1 1 1 -1 1 1 1 1 1 1 7 7 7 7 
1 -1 7 1 1 1 -1 1 1 -1 1 1 -1 6 1 -1 7 -1 -1 -1 
1 1 7 -1 1 1 1 1 1 1 1 1 6 -1 1 1 7 7 -1 -1 
-1 -1 1 -1 -1 1 1 1 1 1 -1 -1 -1 6 -1 -1 -1 -1 7 -1 
7 3 1 1 1 1 1 -1 -1 1 -1 -1 -1 6 -1 7 -1 7 7 -1 
7 -1 3 3 1 1 1 1 1 1 -1 3 3 1 -1 7 7 7 7 7 
-1 7 3 3 -1 1 1 1 1 1 1 1 3 -1 7 7 7 7 7 -1 
7 7 1 -1 1 1 1 1 1 1 1 -1 -1 -1 -1 -1 7 -1 7 7 
7 -1 1 3 -1 -1 1 1 -1 -1 1 -1 -1 -1 -1 -1 -1 7 7 7 
7 1 1 1 1 1 1 -1 1 1 -1 -1 -1 -1 35 -1 7 7 7 7 
1 1 -1 -1 1 1 1 1 1 1 -1 -1 -1 -1 35 7 -1 7 7 7 
1 -1 1 1 1 1 1 1 1 -1 -1 -1 -1 -1 -1 -1 7 -1 1 1 
1 1 -1 1 1 1 -1 -1 1 -1 -1 1 1 1 -1 -1 7 1 1 1 
-1 -1 1 1 1 1 1 -1 -1 -1 1 1 1 -1 -1 -1 1 -1 7 -1 
-1 -1 -1 1 1 1 1 -1 -1 -1 1 1 1 -1 1 -1 -1 -1 -1 -1 
-1 -1 -1 1 1 1 1 1 -1 1 1 -1 1 1 1 1 1 1 1 -1 
-1 1 -1 1 1 1 1 1 1 -1 1 1 1 1 1 1 1 -1 1 3 
1 -1 -1 9 -1 -1 1 1 -1 1 -1 1 1 1 1 1 -1 -1 1 2 
2 -1 9 -1 -1 1 1 1 -1 -1 -1 1 1 -1 1 3 1 1 1 1 
2 -1 9 1 9 -1 1 -1 -1 -1 1 -1 1 3 3 3 1 1 1 2 
2 2 2 1 -1 -1 1 -1 -1 -1 -1 -1 1 -1 1 3 1 1 1 1 
-1 -1 1 -1 1 -1 -1 1 -1 -1 1 1 -1 1 1 1 -1 1 1 1 
2 -1 -1 1 -1 -1 -1 3 -1 -1 -1 -1 -1 -1 1 1 1 3 2 2 
3 2 2 1 1 -1 3 1 8 -1 -1 -1 3 1 1 1 3 3 3 2 
-1 3 -1 2 1 1 1 8 1 1 -1 -1 3 -1 1 1 1 1 3 3 
-1 -1 -1 2 1 1 8 1 -1 1 -1 -1 -1 -1 -1 1 1 1 3 -1 
-1 1 1 2 2 -1 1 1 1 1 -1 -1 -1 3 3 -1 -1 3 3 3 
3 3 1 2 2 1 1 -1 -1 -1 -1 -1 -1 3 3 -1 -1 1 1 3 
3 1 -1 -1 1 1 1 -1 -1 -1 -1 -1 -1 3 3 -1 -1 1 1 -1 
3 3 1 1 -1 1 1 1 -1 -1 -1 -1 -1 -1 -1 3 -1 2 2 2 
2 1 1 1 -1 3 -1 1 -1 -1 -1 -1 -1 3 3 -1 1 1 2 2 
-1 -1 1 -1 3 2 3 1 2 2 1 1 1 3 -1 -1 1 1 2 2 
1 1 -1 -1 2 -1 1 -1 2 2 1 -1 1 1 1 1 -1 1 -1 1 
-1 -1 1 3 3 1 1 1 2 -1 -1 1 -1 1 1 1 1 -1 1 1 
-1 1 1 1 -1 1 1 1 -1 -1 -1 1 1 1 1 1 -1 -1 1 -1 
1 -1 -1 -1 8 8 8 8 9 1 1 -1 9 1 1 1 1 1 -1 3 
3 3 1 1 -1 8 8 -1 8 9 2 2 9 9 1 -1 1 -1 1 1 
3 3 1 1 8 8 8 8 8 -1 9 9 9 9 8 8 -1 1 1 3 
3 3 3 -1 8 8 8 8 1 9 9 9 -1 8 9 -1 1 -1 -1 3 
3 3 3 8 -1 8 1 1 1 -1 9 9 9 8 8 8 -1 -1 -1 -1 
-1 -1 3 -1 -1 1 1 1 1 9 -1 9 -1 3 8 8 8 3 3 3 
3 3 -1 -1 1 -1 1 1 1 1 1 -1 -1 3 8 8 -1 -1 3 9 
3 9 3 -1 -1 -1 -1 8 1 1 -1 1 1 1 3 3 3 3 3 3 
3 3 9 -1 -1 -1 8 -1 1 1 1 1 1 3 3 3 3 3 3 -1 
-1 -1 9 9 -1 -1 1 2 1 1 2 1 -1 -1 3 3 3 3 3 -1 
-1 2 9 -1 -1 1 1 1 -1 1 2 2 1 -1 3 -1 -1 3 3 3 
3 2 3 3 -1 -1 1 1 -1 1 -1 2 2 1 3 3 3 -1 3 3 
3 3 3 3 -1 3 1 3 1 -1 3 2 1 1 3 3 3 -1 3 -1 
3 3 8 1 3 1 1 -1 -1 -1 -1 1 1 1 1 3 3 3 3 -1 
3 3 8 3 1 1 1 1 1 1 -1 1 1 1 1 3 3 3 3 3 
3 3 3 -1 3 1 -1 -1 1 -1 1 1 1 1 3 1 3 -1 -1 3 
3 3 -1 1 -1 -1 1 1 -1 1 -1 1 1 1 -1 2 6 -1 -1 -1 
-1 3 1 1 1 1 1 1 1 -1 1 1 -1 -1 -1 -1 -1 1 1 -1 
1 1 -1 1 9 1 1 1 -1 -1 -1 -1 -1 2 2 -1 -1 6 1 1 
1 1 -1 8 1 -1 1 1 1 -1 1 -1 2 -1 2 -1 1 -1 1 -1 
9 9 -1 8 -1 -1 8 8 7 7 -1 7 -1 3 3 1 1 1 1 1 
9 -1 -1 -1 8 8 8 8 40 40 9 -1 1 3 3 9 3 1 -1 1 
-1 9 -1 -1 -1 8 8 8 -1 -1 9 9 1 -1 -1 -1 -1 1 9 -1 
1 -1 40 40 40 -1 8 -1 40 9 -1 -1 -1 -1 -1 -1 1 9 1 1 
-1 -1 40 -1 -1 -1 8 9 9 9 -1 3 9 3 -1 -1 1 1 1 -1 
-1 -1 -1 -1 -1 9 9 9 9 9 9 3 3 9 9 6 -1 -1 1 1 
1 -1 1 1 1 -1 -1 -1 -1 9 9 8 9 9 9 9 9 1 1 -1 
9 9 1 1 1 -1 -1 -1 1 8 9 8 -1 9 -1 9 6 9 -1 -1 
-1 -1 -1 -1 1 -1 7 7 -1 1 7 -1 7 -1 9 -1 -1 -1 9 9 
-1 9 -1 1 1 -1 7 7 7 1 1 7 7 2 8 -1 9 9 -1 2 
2 -1 -1 -1 -1 -1 1 1 -1 -1 6 7 8 8 8 9 9 9 2 -1 
-1 -1 -1 -1 9 9 1 -1 -1 6 1 8 8 8 8 -1 9 9 -1 -1 
-1 -1 -1 9 9 9 1 1 1 1 1 1 -1 8 8 8 8 2 -1 -1 
-1 -1 -1 8 9 9 1 1 1 1 -1 1 8 8 8 8 2 2 6 6 
9 9 8 8 -1 -1 1 1 1 1 1 1 1 2 8 2 -1 -1 6 9 
9 9 9 -1 8 9 9 1 40 7 7 -1 9 -1 8 -1 -1 -1 -1 6 
-1 -1 -1 9 9 -1 9 40 40 7 7 7 -1 9 -1 8 -1 9 -1 6 
3 33 8 1 9 -1 40 40 1 -1 -1 -1 8 8 -1 -1 9 9 9 9 
33 9 -1 8 3 3 8 1 1 7 -1 -1 -1 9 -1 -1 9 9 -1 8 
9 9 8 -1 -1 8 8 -1 3 7 3 -1 -1 -1 1 40 1 1 -1 8 
7 7 6 -1 -1 9 -1 9 -1 40 40 41 8 8 -1 9 9 8 7 7 
7 2 6 -1 7 7 9 9 -1 9 41 8 8 2 -1 9 9 8 -1 1 
9 2 -1 6 7 7 9 9 9 9 -1 9 9 2 8 9 9 9 1 9 
9 9 7 7 7 7 7 9 9 9 9 9 9 9 9 9 9 9 1 1 
1 7 7 7 7 7 -1 2 -1 -1 9 9 9 9 9 9 9 1 1 1 
1 7 7 7 -1 -1 2 2 2 -1 9 9 9 9 9 9 9 9 -1 1 
7 2 7 -1 2 2 2 9 2 2 2 2 9 9 9 9 -1 -1 -1 7 
7 2 -1 2 -1 2 9 -1 33 2 2 -1 9 -1 -1 9 9 9 -1 7 
2 8 2 -1 -1 -1 2 2 2 2 2 -1 -1 9 9 9 9 9 2 2 
7 2 2 2 2 -1 2 2 2 2 -1 -1 -1 9 9 7 -1 9 7 9 
-1 -1 2 2 5 2 2 2 9 9 -1 5 5 -1 -1 8 41 7 -1 -1 
9 2 2 5 6 2 2 9 8 5 9 7 -1 8 -1 8 8 40 40 40 
9 9 -1 6 6 8 2 8 1 -1 9 9 -1 8 8 -1 -1 9 -1 9 
9 9 -1 40 40 -1 8 8 1 9 -1 9 -1 8 8 8 8 -1 8 9 
40 40 40 6 7 -1 8 1 9 9 9 2 1 9 8 8 8 9 9 9 
-1 40 7 7 7 1 1 9 9 9 -1 -1 -1 41 41 8 9 -1 9 9 
9 7 7 7 7 8 -1 1 1 9 -1 41 41 -1 41 41 41 9 9 9 
9 7 -1 6 6 -1 40 40 1 1 2 41 9 9 9 41 9 9 -1 -1 
6 6 6 6 -1 40 -1 9 40 -1 -1 -1 41 9 9 41 -1 -1 9 -1 
-1 6 6 9 9 -1 9 -1 -1 40 40 40 41 41 9 9 8 7 -1 7 
2 2 9 9 -1 -1 6 2 8 5 -1 5 5 5 -1 2 2 -1 -1 2 
2 -1 9 9 9 9 8 8 -1 -1 5 5 5 5 9 2 2 7 9 7 
2 9 -1 6 9 9 9 9 -1 9 5 7 -1 5 9 -1 -1 9 7 6 
7 -1 -1 6 9 9 -1 5 9 5 5 5 5 9 5 9 9 2 9 2 
8 -1 9 9 9 -1 -1 5 5 9 9 5 5 5 9 9 -1 9 9 9 
8 8 9 9 9 9 2 3 9 5 5 -1 3 5 9 -1 -1 9 9 8 
9 9 1 9 9 9 9 2 9 -1 -1 -1 2 2 -1 9 9 9 9 -1 
9 1 1 9 9 9 2 9 9 -1 2 -1 2 9 9 9 9 7 -1 9 
7 1 6 9 9 -1 -1 8 9 3 3 2 -1 2 40 9 9 9 7 7 
-1 -1 9 9 -1 2 8 -1 2 8 3 9 9 9 9 5 9 9 7 9 
-1 5 6 -1 3 2 8 8 -1 2 -1 -1 2 3 5 5 5 7 3 9 
-1 -1 -1 -1 2 -1 3 3 -1 -1 8 3 3 9 9 9 5 5 1 9 
-1 -1 -1 -1 8 9 8 -1 -1 8 9 2 9 -1 -1 9 -1 5 -1 2 
1 -1 -1 -1 9 9 9 8 8 -1 8 8 7 9 9 5 -1 5 5 -1 
-1 40 40 -1 9 9 9 9 8 8 8 -1 3 3 5 9 9 -1 7 1 
7 7 7 -1 -1 9 9 9 8 -1 -1 2 2 7 9 9 2 7 7 7 
7 7 -1 -1 2 9 9 -1 9 9 9 9 9 7 -1 2 -1 7 7 40 
2 40 -1 2 2 9 9 9 -1 9 9 9 7 -1 2 2 2 -1 7 -1 
2 2 2 2 2 9 -1 -1 9 9 5 5 5 2 2 2 2 2 2 2 
2 2 2 9 9 2 6 -1 -1 5 9 5 5 5 -1 2 -1 -1 2 2 
2 2 1 -1 -1 -1 9 3 3 6 6 6 6 9 -1 9 9 2 9 41 
1 2 6 6 -1 2 2 -1 6 6 6 6 6 6 -1 -1 -1 2 41 -1 
3 -1 8 6 6 6 2 2 6 3 6 6 6 -1 -1 -1 9 9 9 -1 
2 2 8 2 6 2 2 2 -1 -1 3 -1 6 -1 -1 9 -1 9 9 4 
2 2 6 6 2 6 6 -1 -1 -1 -1 6 -1 6 -1 9 9 9 9 2 
2 -1 -1 6 2 2 -1 -1 -1 -1 -1 6 6 6 6 2 9 9 9 2 
9 2 2 2 -1 4 -1 2 -1 -1 -1 6 -1 6 6 2 2 6 6 2 
9 9 2 -1 4 4 4 6 2 2 2 2 -1 8 6 4 4 9 6 9 
9 9 -1 2 4 4 -1 3 -1 9 -1 -1 8 9 2 9 6 2 9 6 
9 9 9 -1 1 -1 -1 -1 9 -1 -1 -1 9 6 9 2 2 2 9 9 
9 9 -1 -1 1 6 -1 -1 9 9 9 9 -1 -1 2 2 2 9 9 9 
9 9 9 9 4 -1 6 -1 -1 9 -1 -1 -1 2 2 1 9 9 -1 9 
9 -1 9 6 6 -1 6 6 6 9 9 9 9 9 1 9 8 9 9 9 
6 -1 9 6 9 4 6 6 2 8 2 9 8 9 9 9 9 -1 9 9 
1 1 1 4 -1 4 6 6 6 6 6 8 -1 9 9 9 9 8 5 -1 
1 1 -1 -1 4 -1 2 2 2 6 6 6 9 9 2 -1 9 8 8 9 
1 40 1 6 6 -1 2 2 6 9 9 9 9 9 9 -1 9 9 40 9 
9 40 -1 6 -1 6 6 -1 -1 9 9 6 9 9 -1 -1 -1 1 9 40 
-1 41 2 6 1 6 -1 8 9 -1 -1 6 -1 9 -1 -1 -1 9 1 -1 
2 -1 2 1 -1 -1 9 -1 -1 -1 6 -1 -1 9 -1 -1 9 2 9 2 
9 9 9 9 9 9 2 -1 9 -1 -1 -1 2 2 2 2 -1 2 -1 -1 
9 -1 9 1 9 9 9 9 -1 -1 -1 2 2 2 2 -1 -1 -1 2 9 
9 9 1 1 9 9 9 9 9 -1 3 3 -1 2 2 2 -1 -1 -1 9 
9 9 9 -1 9 6 9 -1 9 9 3 -1 -1 2 2 2 -1 9 -1 -1 
-1 -1 -1 4 5 -1 -1 1 1 9 -1 2 2 2 2 2 -1 9 9 -1 
-1 -1 6 2 5 9 -1 -1 9 9 -1 -1 2 2 9 2 9 9 9 9 
6 6 6 6 2 9 9 2 9 -1 2 2 2 9 9 -1 -1 9 -1 9 
-1 6 6 2 9 2 2 2 2 -1 -1 -1 2 2 2 5 9 9 9 9 
4 2 2 2 2 2 2 2 -1 6 6 6 2 2 9 9 9 6 -1 9 
4 -1 6 6 2 -1 7 -1 -1 2 2 2 2 2 2 9 3 3 6 6 
6 2 2 2 6 7 2 2 -1 2 2 2 2 2 9 6 3 3 3 6 
-1 2 -1 6 6 2 2 2 2 2 2 2 2 6 2 9 6 3 3 6 
9 9 6 6 6 2 2 2 2 -1 6 2 2 -1 6 6 9 -1 9 3 
9 -1 -1 2 2 -1 2 2 2 6 6 6 1 1 -1 6 2 -1 -1 9 
-1 9 2 -1 -1 6 2 -1 -1 -1 6 6 -1 1 6 -1 9 -1 9 9 
2 6 2 -1 2 2 7 7 -1 -1 6 -1 1 -1 -1 9 9 9 8 8 
-1 2 6 -1 2 6 -1 -1 -1 -1 1 1 9 -1 4 9 9 9 -1 2 
9 -1 2 2 2 -1 2 -1 6 2 2 9 1 1 9 -1 9 9 9 -1 
9 -1 2 -1 -1 2 2 -1 2 -1 2 9 -1 1 9 -1 -1 9 -1 9 
-1 9 -1 -1 9 2 -1 -1 -1 2 2 -1 -1 -1 9 2 2 -1 -1 -1 
2 2 -1 13 2 2 2 2 2 2 2 2 -1 -1 2 3 3 3 2 2 
2 6 2 13 -1 2 2 2 -1 -1 2 2 2 2 6 -1 -1 2 -1 -1 
-1 -1 2 2 3 3 2 2 2 2 2 2 -1 2 -1 2 2 -1 -1 2 
2 -1 -1 2 -1 -1 2 2 2 -1 2 -1 -1 4 2 -1 2 2 -1 2 
2 2 2 -1 -1 2 2 -1 2 2 -1 -1 4 4 6 -1 -1 6 2 2 
2 2 2 2 2 -1 2 2 2 2 -1 6 6 -1 6 2 2 6 2 2 
2 2 2 2 2 2 2 2 -1 -1 2 -1 6 4 -1 2 6 2 2 2 
2 2 2 2 2 2 2 2 2 2 -1 2 2 6 2 2 2 2 2 2 
2 2 -1 2 2 -1 2 2 2 2 2 6 -1 2 2 -1 2 2 2 -1 
-1 -1 2 2 2 2 2 2 4 2 4 4 -1 4 6 -1 2 2 2 -1 
2 9 2 2 2 2 2 2 2 6 4 4 -1 4 6 2 2 2 2 2 
2 2 -1 2 -1 2 2 2 6 4 4 4 4 2 -1 -1 2 2 2 2 
2 2 2 2 2 -1 2 2 4 4 4 -1 2 2 2 2 -1 2 2 -1 
2 2 -1 2 2 2 2 -1 2 4 2 -1 3 2 2 2 2 2 2 2 
2 2 -1 2 2 2 2 -1 2 2 2 -1 2 3 2 2 2 2 2 2 
2 2 2 2 45 -1 37 2 6 2 2 2 3 3 2 2 2 2 -1 2 
2 2 2 45 45 -1 2 37 2 6 -1 2 2 3 2 2 -1 2 2 2 
2 -1 13 -1 -1 -1 37 2 2 2 -1 2 2 -1 2 2 2 2 -1 -1 
-1 -1 -1 -1 10 2 37 10 2 2 -1 -1 2 2 2 2 2 -1 2 2 
2 -1 -1 -1 -1 -1 10 -1 2 2 2 2 2 2 -1 -1 2 2 2 -1 
-1 -1 6 45 1 2 2 2 2 2 6 -1 2 2 2 -1 1 -1 -1 -1 
-1 6 -1 2 -1 1 2 2 2 2 2 -1 -1 2 -1 2 2 2 -1 2 
2 2 6 45 -1 2 2 2 2 2 2 2 2 2 -1 -1 2 2 2 2 
45 45 45 45 6 6 -1 2 2 2 2 -1 2 2 -1 2 2 2 2 -1 
-1 45 45 -1 6 2 2 2 2 2 2 2 2 -1 -1 2 2 2 2 2 
-1 -1 2 2 -1 2 -1 2 2 2 -1 2 2 2 2 2 2 2 2 -1 
-1 2 2 2 2 -1 6 2 2 -1 2 2 -1 2 13 -1 2 2 2 2 
-1 2 -1 2 2 2 2 2 2 -1 2 2 2 2 2 2 2 2 2 2 
-1 -1 2 -1 2 2 2 2 2 -1 -1 2 2 -1 2 6 -1 -1 -1 -1 
2 2 -1 2 2 2 2 2 -1 -1 2 2 2 -1 2 2 2 2 2 -1 
2 2 6 3 2 2 2 2 -1 -1 2 2 2 2 -1 2 2 -1 2 2 
2 6 3 6 6 2 2 2 2 2 2 2 -1 2 2 -1 -1 -1 2 2 
2 3 3 6 -1 2 2 2 -1 2 2 2 2 2 2 2 -1 -1 2 2 
3 3 3 6 3 2 2 -1 -1 -1 -1 2 2 2 2 2 2 -1 4 2 
2 2 2 -1 6 3 3 -1 2 2 2 2 2 2 -1 2 2 -1 -1 6 
6 2 2 -1 6 6 1 -1 -1 2 3 -1 -1 2 2 -1 2 7 6 2 
2 -1 6 2 -1 2 1 1 1 2 -1 -1 -1 2 2 2 -1 -1 2 2 
6 45 45 45 6 6 1 1 6 2 -1 -1 -1 2 2 2 2 2 2 2 
-1 -1 45 6 45 -1 -1 -1 45 6 6 6 -1 2 2 2 2 -1 6 2 
-1 6 6 45 45 1 2 -1 6 6 2 -1 2 2 2 -1 2 2 -1 -1 
37 2 -1 7 -1 3 7 -1 13 13 5 45 -1 3 3 15 2 3 3 15 
13 -1 2 -1 3 7 -1 7 13 45 45 13 2 13 15 2 3 2 15 13 
-1 2 37 3 2 2 7 -1 13 -1 13 -1 13 2 5 15 2 2 2 13 
2 2 2 37 6 -1 15 45 2 -1 -1 13 -1 -1 -1 2 2 2 2 -1 
2 2 -1 2 -1 2 2 2 2 2 -1 1 1 -1 -1 2 2 2 2 -1 
2 2 2 -1 2 -1 2 -1 2 -1 -1 1 2 3 -1 2 45 9 2 2 
2 9 2 -1 -1 2 2 2 1 2 2 -1 2 -1 3 2 2 2 9 2 
9 2 -1 -1 2 2 2 2 2 1 1 -1 2 3 2 2 2 2 2 2 
9 13 2 2 2 2 2 2 1 2 -1 1 2 2 3 2 2 2 2 2 
7 2 2 -1 -1 2 2 2 2 2 -1 1 -1 2 2 -1 2 2 2 7 
2 2 2 -1 2 2 -1 2 -1 1 1 1 -1 3 -1 2 2 2 2 2 
7 2 2 2 2 13 -1 2 2 2 2 1 3 45 2 2 2 2 2 2 
7 7 2 -1 2 2 2 2 2 2 1 1 3 3 3 2 2 2 2 -1 
7 7 -1 41 13 2 2 -1 -1 2 2 2 -1 3 3 15 15 -1 2 2 
7 2 -1 41 2 2 -1 -1 -1 -1 3 2 2 -1 2 15 15 2 15 15 
15 15 41 37 37 2 -1 45 -1 -1 -1 45 -1 -1 -1 2 -1 -1 15 -1 
37 6 -1 37 37 37 -1 45 3 3 3 45 45 6 6 6 6 6 15 15 
15 5 6 37 37 7 7 45 3 45 3 45 5 6 6 15 6 6 15 15 
15 15 5 37 -1 7 45 45 2 45 -1 45 3 6 2 6 15 15 15 -1 
15 -1 37 -1 7 7 3 45 45 13 45 45 45 6 2 15 15 15 -1 15 
