2 3 3 -1 9 41 2 37 37 5 -1 5 -1 37 -1 3 3 3 3 3 
2 3 3 6 -1 9 37 2 45 45 13 13 37 37 3 3 3 45 45 45 
3 3 -1 6 6 6 2 2 45 13 13 13 37 37 3 3 3 45 -1 -1 
-1 3 6 -1 -1 -1 45 2 -1 -1 13 37 -1 -1 3 3 3 -1 39 3 
3 8 9 9 3 3 9 45 2 13 13 2 3 3 15 3 41 41 39 15 
15 9 9 9 3 3 3 -1 2 2 2 13 2 15 -1 13 13 39 15 15 
-1 -1 -1 3 -1 3 -1 2 2 2 2 2 -1 15 15 39 39 45 15 15 
2 2 2 2 -1 9 2 2 2 2 2 37 -1 -1 15 -1 39 9 2 -1 
2 2 2 3 2 2 2 2 2 2 37 37 -1 15 15 15 9 3 -1 3 
-1 45 2 -1 2 2 2 -1 2 2 -1 3 -1 -1 -1 -1 3 3 3 45 
45 45 2 2 2 2 2 2 -1 -1 2 2 2 -1 45 45 45 45 3 -1 
45 45 45 2 2 2 2 2 -1 2 2 2 -1 45 45 45 45 3 -1 -1 
-1 3 3 -1 3 -1 2 3 5 45 45 -1 45 45 45 45 -1 37 45 37 
45 3 3 2 -1 3 3 -1 45 5 45 45 45 45 -1 45 37 45 37 37 
9 45 3 3 3 3 7 -1 -1 -1 45 45 37 37 37 37 37 8 8 45 
9 9 -1 -1 3 7 7 -1 5 5 37 37 37 37 37 7 45 -1 8 9 
9 9 9 3 3 -1 -1 -1 -1 -1 5 5 45 37 -1 7 45 7 8 9 
9 3 3 3 3 7 7 -1 -1 -1 4 37 5 -1 -1 7 5 7 45 45 
-1 3 2 3 -1 -1 3 2 -1 37 37 37 -1 -1 -1 -1 5 45 45 9 
3 2 3 3 41 -1 2 3 3 -1 5 45 -1 -1 3 3 45 45 45 2 
15 41 41 41 33 -1 -1 -1 7 8 10 -1 -1 33 33 33 -1 41 13 -1 
15 41 -1 9 -1 9 -1 -1 10 7 -1 10 -1 33 -1 -1 33 41 -1 13 
41 -1 1 9 -1 1 9 -1 33 33 33 -1 -1 33 33 -1 33 -1 9 -1 
-1 -1 -1 1 1 1 1 1 1 33 41 -1 -1 5 -1 33 33 33 -1 -1 
-1 41 1 1 1 1 1 -1 -1 33 45 45 5 4 4 4 5 33 41 41 
41 -1 -1 -1 45 -1 1 1 45 45 7 -1 5 4 4 5 33 33 41 41 
8 -1 -1 45 45 1 1 1 37 7 7 -1 8 -1 5 5 33 -1 41 45 
-1 6 45 45 45 1 1 1 7 1 -1 7 7 5 -1 5 33 33 45 45 
-1 13 45 45 -1 7 45 -1 -1 7 -1 7 7 5 5 5 33 33 8 8 
8 -1 45 -1 -1 7 45 -1 -1 5 5 5 5 5 5 45 33 -1 -1 -1 
3 6 8 45 45 45 45 7 5 5 5 7 -1 32 5 33 45 -1 33 33 
33 8 45 45 40 45 7 7 5 5 7 7 -1 32 32 33 -1 45 33 5 
10 -1 45 45 40 7 7 7 5 7 3 3 -1 9 3 5 -1 33 5 5 
37 37 45 45 7 7 5 5 7 5 7 -1 -1 9 32 5 33 5 5 -1 
3 45 -1 7 7 -1 7 7 7 -1 -1 37 37 9 5 5 5 5 5 -1 
7 45 -1 -1 7 7 7 7 37 9 -1 -1 37 37 9 5 5 5 -1 7 
-1 7 -1 -1 -1 3 8 5 -1 37 9 -1 37 37 9 5 -1 1 5 -1 
33 -1 7 2 2 3 9 8 -1 9 37 33 -1 33 -1 1 1 1 5 -1 
5 -1 -1 7 3 7 3 9 9 -1 5 5 33 33 33 33 -1 -1 15 33 
-1 -1 41 33 41 9 9 9 9 10 8 -1 33 33 33 33 -1 15 -1 5 
9 -1 5 5 5 41 41 3 3 3 41 5 33 33 33 5 -1 5 9 9 
6 5 -1 5 5 3 41 -1 3 3 3 3 33 33 33 5 5 5 -1 6 
5 5 33 33 33 1 3 3 3 3 -1 33 41 33 -1 41 41 41 -1 -1 
41 5 -1 33 1 1 -1 3 1 1 7 41 41 41 41 41 41 6 6 5 
41 5 41 33 41 -1 1 1 1 41 7 5 41 41 41 41 6 -1 5 5 
5 41 41 -1 33 -1 1 -1 5 41 3 5 5 -1 41 41 6 41 41 5 
41 37 40 40 -1 1 1 -1 5 3 41 3 5 -1 33 2 41 41 41 41 
40 40 37 -1 -1 1 1 1 7 5 -1 7 7 -1 37 2 41 -1 -1 -1 
40 -1 37 37 5 -1 -1 -1 5 9 7 7 7 37 7 37 37 33 -1 40 
-1 37 37 13 45 -1 -1 36 5 5 7 7 7 37 37 7 -1 40 -1 40 
-1 13 8 14 40 45 5 36 6 5 7 -1 7 7 7 7 5 -1 40 40 
37 37 13 40 14 5 5 5 5 4 5 5 5 5 5 7 5 5 -1 37 
37 -1 14 14 14 46 5 5 5 5 5 5 5 5 7 7 7 9 9 9 
9 9 46 14 14 45 -1 5 5 5 -1 5 7 -1 7 -1 -1 7 37 9 
9 14 11 46 33 14 45 5 5 5 5 5 4 4 5 5 9 37 9 9 
9 9 9 -1 -1 -1 14 5 5 5 33 41 -1 -1 41 9 9 9 9 9 
9 9 -1 45 45 -1 -1 -1 5 5 5 33 9 7 -1 9 9 -1 9 9 
41 9 9 45 9 45 -1 3 1 45 45 41 33 7 41 41 -1 -1 9 9 
9 9 45 33 33 33 41 45 3 45 -1 41 -1 33 7 -1 41 -1 9 9 
9 9 9 9 33 33 7 3 45 3 -1 41 33 33 33 41 -1 -1 9 9 
7 -1 -1 7 7 5 5 5 5 5 -1 7 5 5 -1 5 7 7 7 7 
7 7 7 7 7 7 3 3 5 5 7 5 7 7 7 -1 5 7 7 7 
7 7 7 40 -1 7 7 7 -1 -1 7 7 7 6 6 5 5 6 9 9 
-1 40 5 -1 -1 -1 7 5 5 -1 7 7 7 -1 -1 7 5 9 9 9 
3 3 -1 5 -1 5 5 5 -1 5 7 5 7 7 14 5 7 9 9 -1 
41 -1 3 5 5 5 5 5 5 7 5 7 -1 14 7 7 9 9 -1 5 
5 3 3 -1 5 5 -1 5 5 5 5 5 7 7 7 5 7 9 9 5 
5 -1 3 5 5 5 5 5 5 5 5 5 -1 5 5 9 -1 9 9 -1 
7 5 5 5 -1 5 -1 5 5 5 5 5 5 -1 5 11 -1 9 5 -1 
5 5 5 5 5 7 5 5 5 5 -1 7 5 -1 7 11 11 -1 5 7 
5 5 5 5 5 -1 5 5 5 7 5 5 5 -1 -1 7 11 -1 5 5 
5 5 5 5 -1 -1 5 5 7 5 7 5 1 -1 7 5 3 5 5 5 
5 5 5 5 1 5 6 5 5 5 -1 -1 5 5 5 7 -1 3 5 5 
7 7 5 1 1 5 5 6 5 5 5 1 1 1 5 5 5 5 5 5 
5 5 5 5 -1 5 5 5 7 5 1 5 5 -1 5 5 5 5 5 5 
-1 5 5 5 1 5 33 33 7 7 45 7 -1 -1 5 5 5 5 5 5 
-1 -1 -1 5 5 5 5 5 5 -1 7 7 7 3 3 5 5 7 7 -1 
-1 5 -1 5 5 5 5 5 5 7 7 7 7 3 5 5 5 5 7 7 
5 5 5 5 5 -1 5 5 5 -1 7 7 5 3 5 5 5 7 7 7 
7 5 5 -1 5 5 5 7 5 5 -1 7 5 5 -1 5 5 -1 7 7 
7 7 7 7 7 5 -1 -1 4 4 5 6 5 5 6 7 7 5 7 37 
7 7 7 7 7 5 -1 -1 5 4 5 6 5 7 7 6 -1 -1 7 7 
-1 7 7 7 7 7 -1 -1 7 5 4 5 6 7 7 7 7 -1 7 7 
-1 -1 7 7 5 7 7 5 7 7 6 6 6 7 7 7 7 3 7 -1 
-1 -1 6 6 -1 5 5 5 5 -1 5 6 -1 5 7 7 7 3 7 -1 
6 6 6 -1 3 7 5 5 5 5 5 5 5 -1 7 7 7 7 7 7 
7 7 6 3 7 5 -1 5 5 5 5 5 7 7 7 7 7 7 -1 7 
7 7 6 45 5 -1 -1 5 1 5 1 5 5 32 32 7 9 9 7 7 
45 6 7 45 6 -1 5 5 1 1 1 -1 1 1 5 7 9 7 7 7 
-1 7 45 6 6 6 -1 -1 1 1 1 5 1 7 1 7 -1 7 7 6 
45 45 45 6 7 -1 -1 5 5 1 1 5 1 1 7 5 -1 5 6 45 
45 7 7 7 5 5 5 5 1 1 1 1 5 7 5 5 5 5 7 45 
-1 7 -1 7 7 5 7 -1 -1 1 7 1 5 5 5 5 5 1 -1 -1 
5 7 7 7 7 7 7 7 -1 -1 7 7 5 5 5 5 5 1 -1 7 
5 5 5 -1 -1 5 7 7 7 7 7 7 7 7 7 5 7 5 5 5 
5 5 7 6 1 1 5 5 33 7 7 7 7 7 7 7 -1 5 5 -1 
5 -1 -1 -1 6 -1 7 33 7 7 7 7 7 5 5 7 -1 5 5 5 
-1 5 6 6 7 7 7 7 7 7 5 7 7 5 5 7 7 -1 -1 37 
37 37 6 6 6 7 6 1 7 7 5 5 5 7 -1 -1 7 -1 5 -1 
37 6 -1 7 7 6 6 7 5 7 4 5 5 6 -1 7 7 5 37 7 
7 7 -1 -1 5 5 7 -1 3 5 7 7 7 5 5 5 -1 -1 7 7 
7 5 -1 5 3 3 5 3 3 -1 7 7 7 -1 7 5 5 -1 7 7 
-1 7 5 -1 5 5 5 5 -1 5 7 7 7 7 -1 5 5 -1 -1 5 
5 7 7 5 5 5 5 5 5 4 5 7 7 7 7 7 5 5 5 5 
5 7 5 5 -1 5 5 5 5 5 4 7 7 -1 7 7 5 1 5 5 
7 7 5 5 5 7 -1 5 5 5 5 4 7 7 -1 -1 7 7 5 5 
7 7 7 7 7 -1 7 -1 5 5 5 7 -1 7 7 7 7 7 7 7 
7 7 7 7 -1 7 -1 6 6 5 5 -1 -1 7 7 -1 7 5 7 7 
1 -1 5 5 7 7 7 5 5 5 5 -1 7 7 7 7 7 5 5 -1 
1 1 5 5 -1 33 7 -1 5 5 -1 7 7 7 7 7 7 5 5 1 
5 5 5 5 5 5 33 7 5 5 -1 7 5 -1 -1 7 7 5 5 5 
5 5 5 5 5 5 5 5 33 33 -1 7 7 5 5 5 7 5 5 -1 
5 5 -1 6 5 5 5 -1 33 -1 -1 1 7 5 5 5 7 5 5 5 
6 6 6 -1 7 5 -1 5 5 5 -1 5 5 5 5 5 5 40 40 6 
6 6 6 5 5 5 3 5 6 6 5 -1 7 7 5 40 40 -1 32 6 
-1 6 7 5 5 3 6 6 7 6 5 5 7 7 40 -1 40 -1 5 5 
5 -1 7 5 5 7 -1 6 6 6 5 7 7 7 40 5 40 7 7 5 
5 5 5 5 7 6 6 6 5 6 5 7 -1 7 7 -1 -1 -1 5 7 
5 5 5 7 6 7 6 5 6 5 5 -1 7 -1 5 7 -1 -1 5 7 
7 5 7 -1 5 5 7 7 5 5 5 7 5 7 5 -1 7 -1 -1 7 
7 7 7 7 5 5 5 4 6 6 5 5 -1 -1 1 -1 1 1 1 7 
7 7 7 5 7 5 7 4 4 -1 4 5 -1 5 -1 1 1 1 7 7 
7 5 -1 5 5 7 -1 4 4 4 5 5 5 1 1 1 1 1 1 1 
5 5 -1 6 5 6 -1 -1 4 4 5 7 5 5 5 -1 -1 -1 1 1 
-1 6 7 6 7 5 -1 4 -1 4 5 5 7 7 5 1 -1 -1 -1 -1 
42 -1 7 5 6 7 -1 5 4 5 -1 5 7 6 1 1 -1 -1 -1 -1 
-1 42 -1 5 5 5 5 -1 -1 -1 5 -1 5 6 1 1 1 1 42 -1 
-1 42 42 5 5 5 5 -1 -1 5 7 5 5 5 6 1 1 42 7 42 
42 42 5 5 5 5 -1 -1 -1 7 5 7 5 5 5 1 1 1 7 42 
5 5 5 5 5 5 32 32 7 4 4 32 7 -1 5 -1 1 7 7 7 
5 5 5 5 5 -1 32 32 4 4 4 4 -1 5 5 7 1 7 7 7 
5 7 5 33 -1 5 32 -1 4 -1 4 -1 5 7 7 32 7 7 5 5 
7 7 7 33 33 33 -1 32 5 4 4 -1 5 7 5 32 5 7 7 5 
5 7 7 7 33 33 33 5 5 -1 4 5 5 5 7 5 5 40 40 -1 
5 -1 -1 7 -1 5 5 5 5 5 4 5 4 5 5 40 -1 5 5 5 
-1 5 5 7 -1 5 5 5 5 5 5 4 -1 5 5 4 40 5 5 5 
5 5 7 5 7 7 5 5 5 5 5 5 5 5 4 4 5 4 -1 40 
5 5 5 7 7 7 5 5 5 5 5 3 5 3 5 4 7 7 40 40 
7 -1 5 7 5 7 7 -1 5 6 5 3 3 5 4 -1 4 7 7 7 
7 7 7 7 7 5 5 -1 4 -1 5 5 3 -1 -1 1 1 7 7 7 
7 7 7 7 5 7 -1 6 6 5 6 6 6 -1 4 6 -1 5 6 -1 
7 -1 -1 7 4 5 7 7 7 6 5 7 7 6 6 4 5 -1 5 7 
-1 6 7 7 7 7 7 -1 -1 7 -1 7 6 6 6 4 5 6 5 5 
-1 7 5 5 5 7 5 5 -1 -1 -1 7 7 6 -1 -1 6 6 5 5 
7 7 7 -1 -1 1 7 5 -1 -1 3 7 7 -1 6 6 6 6 5 -1 
7 7 5 6 6 6 1 5 -1 -1 3 -1 7 7 7 -1 -1 -1 7 5 
-1 6 7 6 6 1 6 -1 -1 -1 -1 -1 7 -1 -1 6 -1 -1 7 7 
7 6 -1 -1 6 6 1 6 -1 -1 7 7 7 -1 5 5 5 6 5 7 
6 6 -1 -1 -1 5 6 -1 5 7 7 5 7 7 -1 -1 5 5 7 5 
5 6 5 7 -1 -1 5 5 5 -1 5 7 7 7 -1 7 7 -1 6 6 
6 -1 7 5 -1 7 3 -1 5 5 5 7 7 7 7 7 7 -1 -1 6 
-1 -1 7 7 -1 -1 -1 3 7 5 -1 7 7 7 7 7 4 -1 5 6 
-1 -1 -1 7 -1 -1 7 7 7 7 7 -1 7 7 7 7 7 7 7 6 
6 -1 -1 7 7 7 -1 7 7 7 -1 7 7 7 -1 7 6 7 -1 6 
-1 7 -1 7 7 7 7 7 7 -1 7 7 -1 7 5 -1 7 -1 -1 5 
7 6 7 7 5 -1 7 5 5 7 7 6 6 -1 6 6 6 -1 -1 -1 
6 7 5 7 5 7 6 6 6 -1 6 6 6 6 4 6 -1 6 -1 6 
7 6 6 5 5 5 -1 6 6 -1 6 6 6 4 6 4 6 -1 -1 -1 
-1 -1 6 -1 7 5 -1 7 6 -1 -1 6 6 -1 4 6 -1 -1 5 5 
-1 6 7 7 5 7 7 -1 6 5 6 -1 6 4 6 5 5 -1 5 5 
-1 6 -1 3 -1 3 4 4 7 7 7 7 4 6 7 -1 5 6 3 -1 
-1 -1 6 6 3 3 3 7 7 6 -1 32 32 4 32 -1 3 5 -1 3 
-1 -1 -1 -1 -1 -1 -1 -1 -1 -1 6 32 7 32 32 3 3 5 5 -1 
-1 40 40 6 -1 5 5 5 5 32 32 7 7 32 32 3 -1 5 5 -1 
5 5 5 6 6 -1 5 5 5 -1 32 32 -1 -1 -1 6 6 5 -1 6 
5 4 5 7 7 5 -1 5 5 32 6 32 -1 -1 6 6 5 5 -1 5 
4 4 7 4 5 5 7 -1 -1 5 -1 6 -1 -1 6 6 -1 -1 -1 5 
-1 4 4 -1 32 5 -1 5 7 7 -1 6 5 6 6 6 6 -1 7 5 
5 4 4 32 5 32 -1 5 5 7 6 3 6 5 10 6 4 6 -1 5 
-1 -1 4 4 32 32 32 32 32 6 -1 6 6 -1 5 10 6 4 4 7 
-1 -1 -1 32 -1 32 32 32 5 5 6 6 6 6 6 5 -1 -1 -1 -1 
-1 -1 -1 32 32 10 32 8 -1 6 6 6 6 6 6 6 6 6 6 6 
6 7 7 -1 -1 -1 8 8 10 -1 -1 6 6 6 6 1 6 6 6 4 
-1 5 -1 6 -1 -1 -1 8 8 -1 -1 -1 6 5 5 7 7 6 4 6 
6 -1 7 7 6 -1 -1 7 -1 -1 7 7 -1 -1 -1 7 -1 6 6 -1 
6 -1 7 7 -1 5 7 7 7 -1 7 7 6 6 -1 -1 6 -1 7 6 
-1 -1 7 7 7 -1 7 7 7 7 7 6 6 6 6 6 6 6 -1 -1 
-1 -1 -1 7 -1 -1 -1 7 7 7 7 7 7 6 7 6 6 -1 6 -1 
-1 -1 6 -1 -1 4 7 7 7 7 7 7 7 7 -1 6 6 6 -1 -1 
-1 -1 6 -1 3 4 4 4 7 7 -1 7 7 6 7 7 6 6 6 -1 
4 6 4 4 4 4 6 4 6 4 6 6 -1 32 32 6 -1 -1 -1 7 
6 -1 -1 4 4 4 4 4 4 4 4 6 6 -1 6 6 -1 10 10 2 
7 7 -1 -1 6 40 40 4 4 -1 6 6 -1 6 -1 6 10 -1 2 -1 
7 -1 7 7 -1 -1 -1 40 5 -1 6 -1 6 6 2 2 7 2 -1 2 
4 -1 7 40 40 -1 -1 -1 5 5 -1 -1 7 -1 2 2 7 2 -1 -1 
4 7 7 40 40 -1 -1 5 5 5 -1 -1 -1 5 32 2 2 7 7 7 
4 40 7 40 40 40 2 2 2 -1 5 32 6 6 2 32 5 -1 4 4 
-1 4 40 -1 -1 -1 -1 -1 -1 -1 40 40 6 32 32 4 4 4 4 -1 
4 -1 40 -1 -1 -1 5 6 4 4 4 4 32 32 32 2 -1 -1 2 4 
32 32 32 -1 -1 6 6 4 -1 6 40 4 32 5 4 -1 2 2 2 -1 
32 32 -1 6 6 6 6 6 6 -1 6 -1 5 -1 -1 -1 2 2 2 2 
32 32 -1 4 4 -1 6 6 6 6 -1 -1 -1 5 5 2 -1 -1 2 10 
8 32 32 4 -1 -1 -1 6 -1 6 -1 -1 -1 6 6 6 -1 -1 10 10 
-1 -1 -1 -1 32 -1 6 -1 -1 -1 -1 6 6 6 6 6 2 2 2 2 
-1 -1 -1 32 -1 32 32 6 -1 6 6 6 6 4 -1 2 2 2 2 -1 
-1 -1 -1 -1 -1 6 6 -1 6 6 6 -1 6 6 4 -1 2 2 -1 -1 
32 -1 -1 4 6 6 6 6 -1 -1 6 -1 6 6 32 32 32 2 32 32 
-1 -1 4 4 4 4 4 6 6 6 6 6 6 2 -1 32 32 32 -1 32 
-1 5 -1 -1 4 4 4 4 -1 6 -1 -1 2 -1 2 -1 -1 -1 -1 -1 
7 -1 6 -1 -1 4 -1 1 6 6 6 -1 -1 -1 -1 -1 -1 6 6 -1 
6 4 6 40 6 6 -1 -1 6 -1 4 4 -1 6 6 4 4 4 4 6 
-1 6 6 6 6 6 -1 -1 6 -1 4 -1 6 6 6 -1 4 4 4 -1 
-1 -1 -1 6 -1 6 -1 6 6 6 -1 6 6 -1 6 4 4 -1 -1 6 
6 -1 -1 6 6 -1 6 -1 2 2 4 6 6 -1 -1 4 -1 -1 -1 4 
4 6 -1 6 6 6 6 -1 2 6 -1 -1 4 6 6 6 6 -1 4 -1 
6 6 -1 6 6 6 -1 6 6 -1 6 -1 -1 6 -1 -1 -1 -1 -1 4 
-1 6 -1 6 -1 6 6 -1 6 6 6 -1 -1 -1 -1 -1 -1 4 4 6 
6 6 -1 6 6 -1 -1 4 -1 -1 6 6 6 -1 -1 -1 4 4 6 -1 
6 6 6 4 6 6 4 -1 6 6 6 6 -1 6 -1 -1 -1 4 6 6 
6 6 6 6 -1 -1 6 4 6 6 6 4 6 6 4 7 -1 6 6 6 
6 6 6 6 6 6 6 6 6 6 -1 6 6 6 6 4 6 -1 6 6 
6 4 6 6 6 6 6 -1 6 6 -1 -1 4 6 6 6 6 6 -1 6 
-1 6 4 6 6 6 6 6 6 6 -1 6 4 6 6 6 -1 6 6 -1 
4 4 6 6 4 4 6 6 -1 6 -1 4 6 4 4 4 4 -1 -1 6 
4 6 6 6 6 -1 6 -1 6 -1 -1 -1 4 4 4 4 -1 4 4 -1 
6 4 6 6 6 4 -1 -1 -1 -1 -1 6 -1 6 -1 -1 -1 7 -1 6 
6 4 6 4 4 4 -1 2 -1 -1 2 -1 -1 6 6 -1 7 7 4 -1 
6 -1 4 6 4 4 -1 2 2 2 -1 2 2 6 4 -1 4 -1 4 6 
6 -1 -1 10 -1 4 4 6 2 2 -1 4 6 4 6 -1 4 4 -1 4 
4 6 6 -1 40 40 6 6 2 2 4 -1 4 -1 6 4 4 4 4 4 
6 6 6 4 2 2 2 4 -1 -1 6 6 -1 6 6 6 -1 4 6 6 
6 6 4 6 6 6 -1 2 4 -1 -1 -1 -1 -1 6 6 6 6 6 6 
6 6 6 -1 -1 6 -1 2 2 2 -1 -1 6 6 6 6 6 6 -1 6 
-1 6 -1 6 6 6 6 2 2 6 6 6 -1 6 2 6 6 6 6 6 
6 -1 6 6 -1 6 6 6 6 6 6 4 4 6 6 6 6 6 6 -1 
6 -1 6 6 6 6 4 4 4 6 6 -1 -1 -1 6 6 6 6 -1 -1 
1 6 6 6 4 4 4 4 4 6 6 4 4 4 6 -1 6 6 -1 -1 
6 1 6 -1 1 -1 4 4 4 4 6 -1 4 4 4 4 6 6 -1 -1 
6 6 6 1 1 1 6 -1 4 4 6 4 -1 10 6 6 4 6 -1 -1 
6 6 6 1 1 6 -1 -1 -1 -1 4 -1 -1 -1 -1 4 6 -1 6 -1 
6 6 1 -1 -1 6 -1 4 -1 -1 10 -1 6 -1 4 4 6 6 -1 6 
-1 -1 6 -1 -1 6 4 4 4 4 4 10 10 6 4 -1 6 6 6 6 
6 6 6 -1 6 6 4 4 4 -1 -1 4 4 -1 6 6 6 -1 6 6 
6 -1 6 6 -1 6 4 4 4 4 -1 -1 -1 -1 6 -1 6 6 -1 6 
6 6 4 4 -1 -1 4 4 4 -1 4 4 6 6 6 6 6 6 6 -1 
4 4 4 6 -1 4 4 4 4 4 6 -1 4 6 6 -1 4 6 6 4 
6 4 4 -1 6 4 4 4 4 4 4 -1 -1 6 -1 -1 4 6 4 4 
6 6 6 -1 6 -1 4 6 4 6 4 4 -1 4 6 -1 -1 6 -1 6 
6 6 6 6 4 4 4 2 2 4 4 4 4 4 6 -1 6 6 6 6 
6 6 6 4 4 2 -1 -1 2 4 4 6 -1 -1 6 -1 6 6 6 6 
4 6 6 4 4 -1 4 4 4 -1 4 4 4 4 3 3 -1 4 -1 4 
4 -1 6 4 3 4 4 -1 -1 4 4 6 -1 3 3 5 5 -1 -1 -1 
-1 4 4 3 3 3 4 -1 4 4 6 6 3 3 5 -1 6 6 -1 -1 
-1 3 4 4 3 6 -1 4 4 6 4 5 5 5 6 6 -1 6 6 -1 
3 3 6 6 2 6 6 6 4 6 6 5 5 6 6 -1 -1 -1 -1 5 
3 1 3 6 3 2 4 6 6 6 6 6 6 5 -1 -1 4 -1 -1 3 
4 3 6 6 6 -1 -1 6 6 6 6 6 6 -1 5 4 4 4 -1 4 
-1 4 4 6 6 -1 3 6 6 6 6 -1 6 -1 5 6 6 4 -1 4 
-1 4 4 6 4 3 6 -1 -1 6 -1 -1 -1 5 6 5 6 4 4 4 
4 4 6 4 6 3 3 -1 -1 -1 6 6 -1 5 -1 5 5 4 4 4 
40 -1 -1 4 4 6 -1 6 6 6 6 6 -1 -1 6 3 4 4 4 -1 
-1 6 4 4 4 4 4 -1 6 6 -1 6 6 6 -1 3 -1 4 2 2 
40 6 6 4 -1 -1 6 6 6 6 -1 6 6 -1 -1 -1 -1 4 2 4 
4 6 -1 4 4 -1 6 6 6 -1 6 -1 -1 6 -1 -1 -1 -1 -1 2 
4 4 4 4 4 4 4 -1 -1 6 -1 -1 6 6 -1 6 -1 -1 -1 4 
4 4 -1 -1 -1 4 -1 -1 1 4 4 4 -1 6 6 -1 -1 -1 4 4 
4 4 4 -1 4 4 4 6 1 1 1 4 4 -1 6 -1 -1 -1 -1 4 
4 4 -1 6 -1 4 4 4 4 1 1 1 4 3 4 3 -1 6 4 6 
4 6 4 6 4 4 6 -1 4 4 4 4 -1 4 6 2 2 -1 6 4 
6 6 6 4 4 6 4 -1 4 4 4 4 4 -1 2 2 -1 -1 4 4 
-1 6 6 5 5 -1 3 -1 -1 -1 -1 4 3 3 11 11 3 3 3 -1 
-1 6 6 -1 3 3 3 9 9 1 -1 6 6 3 3 -1 -1 -1 3 3 
3 6 1 1 3 3 3 -1 1 9 -1 -1 6 6 3 -1 -1 -1 3 -1 
6 -1 -1 1 -1 5 9 9 9 1 -1 -1 6 -1 3 3 -1 -1 -1 3 
-1 3 3 -1 5 9 5 9 -1 9 -1 6 3 3 3 -1 3 -1 -1 3 
3 3 -1 3 -1 5 9 1 1 -1 -1 -1 6 6 6 3 -1 -1 -1 -1 
-1 -1 -1 -1 -1 5 3 3 3 -1 6 2 2 2 6 6 6 -1 -1 -1 
-1 -1 5 -1 3 -1 7 3 -1 6 6 2 6 6 6 6 6 -1 6 -1 
-1 5 -1 3 3 3 -1 -1 2 -1 -1 6 2 6 6 -1 2 2 6 -1 
2 5 5 5 5 5 6 3 2 -1 -1 6 6 6 -1 5 5 6 5 2 
-1 6 5 5 5 5 5 -1 -1 6 -1 6 3 3 -1 -1 2 5 1 -1 
3 3 5 3 -1 6 5 -1 6 6 6 -1 -1 3 7 -1 1 1 1 3 
3 5 5 2 3 6 6 5 4 4 5 4 5 7 7 1 5 1 1 1 
-1 3 5 3 6 3 6 6 5 5 4 4 5 7 7 -1 1 -1 -1 3 
3 6 -1 3 -1 6 6 -1 -1 5 5 5 5 5 7 -1 7 7 3 3 
-1 3 3 -1 3 -1 -1 -1 5 5 -1 5 -1 7 7 -1 7 7 3 3 
-1 -1 3 5 3 5 -1 -1 -1 1 1 -1 -1 -1 -1 7 3 3 3 3 
-1 6 -1 -1 3 5 -1 -1 -1 1 1 -1 11 -1 7 -1 11 3 -1 3 
6 -1 6 3 2 2 -1 4 4 1 1 11 4 4 4 11 11 11 -1 -1 
6 6 6 3 -1 -1 3 3 -1 -1 1 4 -1 4 11 -1 3 3 3 3 
-1 4 7 3 5 5 5 5 5 3 -1 -1 -1 4 -1 4 3 1 -1 4 
4 4 7 5 5 5 5 5 3 6 6 -1 -1 -1 4 -1 1 3 -1 4 
4 7 7 3 -1 5 5 5 3 5 6 -1 -1 -1 4 4 4 3 3 3 
4 7 -1 -1 3 3 3 5 5 5 5 -1 6 6 6 3 4 -1 3 3 
3 -1 7 -1 3 3 -1 -1 5 5 5 6 6 6 3 -1 3 3 4 3 
4 -1 -1 7 3 -1 -1 5 -1 5 7 7 6 3 -1 3 -1 4 -1 4 
11 11 -1 3 7 -1 3 -1 5 5 7 5 -1 -1 3 -1 3 4 4 -1 
5 11 5 3 3 3 -1 5 -1 5 5 5 -1 -1 -1 6 6 5 5 -1 
11 5 5 7 3 3 3 -1 5 1 5 5 2 2 7 -1 6 -1 5 5 
5 5 7 11 3 3 3 3 3 3 -1 5 2 2 5 7 5 -1 5 5 
7 -1 11 3 7 3 3 3 3 5 8 -1 -1 2 7 5 5 5 5 -1 
3 3 -1 3 3 3 3 -1 4 8 5 8 5 -1 2 7 5 5 5 -1 
-1 3 -1 3 3 3 3 6 -1 7 5 8 8 4 -1 5 5 5 -1 -1 
-1 -1 -1 5 3 3 7 6 7 7 7 5 8 -1 3 3 -1 -1 -1 -1 
6 6 7 5 5 5 7 7 -1 -1 5 7 -1 3 3 3 3 7 5 -1 
6 7 7 7 7 -1 -1 11 7 -1 5 7 -1 3 5 3 7 -1 5 5 
5 6 1 -1 7 -1 -1 -1 3 7 5 7 3 3 3 5 7 7 5 3 
-1 5 1 7 5 -1 5 -1 3 3 3 -1 7 3 -1 7 -1 7 3 5 
6 1 1 -1 -1 5 5 -1 -1 3 3 7 7 4 3 -1 -1 6 6 5 
-1 -1 1 -1 3 5 -1 5 3 3 3 -1 -1 4 4 -1 6 6 3 -1 
-1 5 -1 3 3 1 -1 1 -1 1 1 5 -1 7 5 -1 -1 7 7 5 
5 5 3 -1 3 3 1 1 1 3 1 5 5 5 7 7 7 7 7 7 
3 3 3 3 3 5 3 3 3 -1 -1 3 5 4 -1 7 7 7 40 -1 
3 3 -1 3 5 -1 -1 3 -1 3 5 -1 4 4 7 7 7 7 40 -1 
5 3 5 -1 -1 5 3 -1 3 3 5 5 1 3 3 -1 7 -1 7 3 
7 7 5 -1 5 5 -1 2 5 -1 5 5 5 1 3 7 -1 -1 -1 5 
7 3 5 -1 -1 3 3 2 2 5 5 5 -1 3 -1 7 -1 -1 7 7 
3 3 3 3 3 -1 2 2 2 5 5 7 6 6 4 4 3 3 3 3 
-1 -1 3 -1 -1 -1 -1 5 3 3 3 -1 5 6 6 6 3 3 -1 7 
-1 -1 5 -1 -1 7 7 3 3 3 3 5 3 3 6 6 6 -1 7 -1 
7 5 5 7 7 7 3 3 -1 6 3 3 3 3 3 4 6 7 6 7 
7 5 7 5 7 7 7 3 3 -1 6 6 3 3 -1 3 -1 7 7 7 
7 7 -1 7 7 5 -1 3 5 5 6 -1 -1 3 3 3 3 3 7 7 
5 7 -1 3 7 5 -1 -1 5 -1 5 5 3 3 3 3 3 3 7 7 
5 5 -1 7 7 7 7 -1 -1 -1 -1 3 5 3 3 3 3 -1 -1 7 
-1 5 7 7 -1 3 5 7 5 7 5 7 5 5 3 -1 3 -1 7 -1 
-1 -1 7 7 3 3 7 5 7 5 7 5 5 3 7 7 1 -1 3 4 
5 3 -1 3 3 3 5 -1 5 5 5 3 -1 -1 7 5 7 3 3 4 
3 5 3 3 3 -1 -1 5 5 -1 5 5 -1 -1 -1 7 7 3 5 4 
5 5 3 3 3 3 -1 -1 1 1 5 5 7 7 7 -1 -1 3 3 3 
-1 5 2 3 3 3 5 3 5 3 3 3 5 5 3 7 3 5 3 3 
-1 -1 5 3 3 3 3 5 3 3 3 5 5 -1 3 7 7 7 3 3 
3 3 3 3 3 3 3 3 5 -1 6 -1 6 6 7 7 -1 -1 3 3 
3 3 3 3 -1 -1 6 6 -1 6 5 6 6 -1 5 5 -1 3 3 3 
3 3 1 -1 -1 6 6 -1 5 5 5 5 3 6 3 -1 -1 7 -1 -1 
3 -1 1 5 3 3 3 5 5 5 5 4 5 6 3 3 7 -1 5 5 
5 5 3 3 5 3 -1 3 5 -1 4 5 5 6 6 3 1 5 5 5 
5 5 1 3 -1 3 -1 3 -1 -1 4 3 -1 -1 3 7 3 3 9 5 
-1 5 5 -1 3 3 -1 2 2 3 6 6 6 -1 3 7 3 9 9 3 
3 -1 5 5 3 3 3 2 3 3 -1 -1 -1 3 7 3 9 3 -1 3 
-1 5 3 -1 7 3 3 3 -1 3 3 -1 3 -1 3 3 3 9 -1 3 
5 -1 3 5 3 3 -1 5 3 -1 -1 3 3 3 -1 3 3 -1 3 3 
5 5 5 -1 3 5 -1 5 -1 3 -1 -1 3 5 3 3 3 -1 3 5 
3 5 5 5 5 5 5 3 6 -1 -1 -1 5 5 3 5 5 5 3 3 
5 5 5 5 5 5 3 3 6 6 -1 5 5 5 5 5 5 5 5 5 
5 -1 -1 -1 5 3 3 3 6 6 5 5 5 5 5 6 6 5 5 5 
4 5 5 5 5 -1 3 3 3 3 -1 5 5 -1 5 5 5 5 5 5 
3 4 5 -1 -1 -1 -1 3 3 5 5 5 5 -1 5 5 -1 5 6 6 
-1 3 -1 5 -1 -1 -1 3 3 3 5 -1 5 -1 5 5 6 -1 7 6 
3 2 3 3 3 -1 -1 3 3 5 6 3 -1 -1 -1 -1 -1 -1 5 5 
3 5 3 5 3 -1 -1 3 -1 7 7 -1 6 7 6 -1 5 5 5 5 
-1 3 5 3 3 3 3 3 -1 -1 6 2 2 6 6 7 5 -1 5 -1 
-1 -1 6 4 5 6 6 -1 4 -1 -1 6 2 2 -1 -1 7 7 3 3 
3 3 -1 6 4 6 5 -1 4 -1 4 6 6 6 2 -1 2 3 5 5 
3 3 3 6 -1 5 5 6 6 4 4 6 6 -1 2 2 -1 3 5 5 
3 3 3 -1 -1 6 6 6 2 6 4 6 2 -1 -1 2 3 3 7 -1 
-1 6 -1 -1 6 -1 6 6 6 3 6 -1 2 -1 7 3 3 7 -1 7 
-1 -1 -1 6 -1 2 2 2 3 2 -1 2 3 7 -1 -1 7 7 -1 -1 
-1 -1 -1 7 -1 3 7 2 -1 -1 3 -1 2 3 7 7 -1 -1 5 -1 
-1 -1 -1 7 3 7 2 7 7 3 40 -1 3 3 7 -1 5 5 -1 -1 
-1 3 -1 3 7 3 -1 -1 7 40 40 3 3 -1 7 3 -1 5 -1 -1 
3 -1 3 3 5 3 3 -1 40 40 7 3 7 -1 -1 3 3 3 -1 -1 
3 3 5 3 3 3 -1 3 -1 5 40 7 7 -1 -1 -1 3 3 3 3 
3 7 3 3 3 3 5 -1 3 3 3 3 3 -1 -1 -1 3 3 3 3 
3 3 3 3 3 3 3 5 3 3 3 3 5 6 -1 3 3 3 3 3 
3 3 5 -1 5 3 5 -1 3 3 3 3 5 -1 -1 -1 3 3 3 3 
3 3 5 3 5 5 5 5 5 3 7 5 5 5 3 5 3 3 3 3 
3 -1 -1 7 -1 5 5 5 -1 7 -1 7 5 5 5 3 3 3 3 3 
3 3 5 -1 3 5 5 7 -1 7 7 7 7 7 5 5 -1 3 3 3 
3 -1 5 5 3 5 7 5 3 7 7 5 5 5 5 5 5 5 5 5 
7 7 7 3 3 3 3 6 6 4 5 5 5 5 5 -1 6 6 3 7 
7 -1 3 2 3 3 3 3 3 4 -1 5 5 5 -1 -1 -1 2 6 7 
7 7 2 2 3 3 3 3 3 3 3 5 5 5 5 6 -1 -1 2 2 
2 -1 7 3 3 3 3 3 3 5 5 3 -1 3 -1 -1 6 2 2 2 
5 -1 3 3 3 7 7 5 5 5 -1 -1 3 3 -1 -1 -1 7 7 2 
-1 3 7 3 7 5 7 3 3 -1 5 -1 3 3 1 1 7 7 7 7 
7 7 3 3 7 3 5 3 3 3 3 8 -1 3 7 7 4 4 7 5 
5 5 5 5 7 7 -1 3 2 3 8 -1 4 4 4 4 7 3 5 5 
5 5 5 3 5 -1 -1 2 8 8 -1 4 4 4 4 -1 -1 3 -1 5 
3 5 5 -1 1 1 -1 -1 8 8 -1 3 3 4 4 -1 -1 3 3 3 
3 -1 -1 5 5 5 -1 8 8 8 8 3 3 2 -1 -1 -1 3 3 -1 
6 3 5 3 3 5 5 5 8 7 8 2 2 -1 -1 -1 -1 -1 -1 3 
-1 -1 3 -1 3 -1 5 8 8 2 7 2 3 3 -1 7 -1 3 3 -1 
8 8 8 8 3 8 4 8 6 -1 2 -1 -1 2 -1 -1 7 -1 3 -1 
-1 -1 3 -1 8 3 -1 8 6 -1 7 -1 5 -1 5 5 5 5 -1 3 
3 2 3 3 3 -1 3 6 6 7 3 3 7 5 5 5 -1 5 3 3 
7 3 -1 -1 3 3 7 3 3 7 3 3 7 7 5 5 7 7 3 8 
8 3 3 3 8 3 8 3 7 7 3 5 3 5 5 5 7 3 -1 3 
-1 3 5 8 3 3 3 -1 5 5 5 5 5 5 5 5 -1 7 3 -1 
-1 7 3 3 -1 3 3 6 5 5 -1 5 5 5 -1 -1 6 7 7 -1 
7 -1 -1 -1 5 -1 7 5 2 7 2 7 7 7 1 1 1 1 1 3 
-1 5 -1 5 -1 5 -1 -1 2 2 2 7 7 7 7 7 1 1 5 3 
6 -1 5 -1 5 5 -1 -1 -1 2 7 3 7 -1 -1 -1 -1 -1 1 6 
7 5 5 -1 -1 5 -1 -1 -1 -1 3 3 7 7 -1 -1 -1 6 -1 7 
7 7 5 -1 3 3 3 3 3 3 3 3 7 7 7 -1 -1 -1 7 5 
5 5 7 -1 7 3 7 3 7 3 3 3 7 3 -1 -1 -1 -1 -1 7 
6 5 -1 7 3 3 3 7 7 -1 3 3 3 2 3 -1 3 7 7 7 
6 7 5 7 7 -1 7 7 7 -1 3 3 2 3 3 3 3 3 7 7 
7 5 -1 5 -1 7 -1 7 7 7 3 7 3 3 -1 3 3 3 7 5 
5 -1 5 5 7 7 -1 7 7 3 3 3 3 3 3 -1 -1 3 4 7 
7 7 5 7 7 7 5 7 5 7 3 3 3 3 3 -1 3 4 4 4 
7 -1 7 5 7 7 -1 5 8 5 3 3 3 3 -1 3 -1 -1 4 4 
7 7 7 7 -1 -1 7 8 8 7 5 5 -1 3 3 3 -1 -1 7 7 
7 7 7 7 7 7 -1 7 7 5 7 5 5 3 3 3 -1 2 1 7 
5 5 -1 7 7 3 7 7 7 4 -1 5 3 5 3 3 1 1 2 7 
5 5 5 7 3 -1 7 7 7 7 4 7 5 5 3 3 2 1 5 7 
-1 -1 5 7 3 3 3 7 7 7 7 7 7 5 3 3 2 1 5 5 
5 5 7 5 3 5 7 7 -1 7 -1 7 7 -1 3 -1 1 2 1 1 
5 5 -1 5 5 -1 -1 5 -1 2 2 2 5 -1 -1 1 1 1 -1 -1 
5 3 -1 -1 5 -1 7 5 7 2 6 6 -1 5 1 1 1 1 1 -1 
3 5 1 1 7 -1 6 6 3 -1 1 5 2 -1 5 2 2 -1 5 7 
3 -1 -1 -1 6 -1 3 3 6 -1 -1 2 2 5 -1 7 7 5 7 -1 
3 3 3 -1 5 5 3 3 -1 7 7 -1 5 5 5 7 -1 7 7 3 
5 3 3 5 7 7 -1 3 3 3 3 3 5 5 5 -1 7 7 7 7 
3 -1 40 3 5 -1 7 -1 3 3 3 7 7 5 5 -1 5 -1 5 -1 
5 3 -1 3 40 7 7 7 -1 3 3 5 5 5 7 5 5 5 12 3 
5 -1 3 40 40 7 -1 5 5 -1 -1 7 7 5 7 5 5 12 5 5 
5 5 40 40 -1 7 -1 5 5 7 7 7 7 7 7 7 7 12 -1 -1 
-1 7 7 40 40 -1 5 5 5 5 4 7 7 7 7 7 7 -1 5 -1 
7 7 7 -1 7 -1 5 5 5 5 5 7 6 7 7 7 7 7 7 5 
7 7 -1 -1 5 -1 5 5 -1 -1 -1 7 -1 7 7 7 7 -1 7 -1 
7 5 5 5 6 6 6 -1 5 7 -1 7 7 7 7 7 -1 7 5 7 
5 5 5 6 5 7 7 7 5 7 7 7 7 7 7 6 6 7 5 7 
5 5 5 5 -1 7 5 -1 5 7 5 5 5 4 -1 6 7 5 5 5 
-1 -1 -1 5 5 5 5 6 5 -1 5 5 4 4 7 6 6 5 5 4 
5 5 5 5 5 5 -1 7 5 5 4 4 -1 5 5 7 7 5 5 5 
-1 5 3 5 -1 7 -1 7 7 7 6 -1 6 3 3 5 -1 7 5 5 
3 -1 3 7 -1 -1 7 7 7 7 -1 3 -1 -1 3 3 7 5 7 5 
3 3 3 -1 7 6 -1 6 6 -1 -1 -1 3 -1 3 3 5 7 5 3 
-1 -1 7 7 -1 6 6 6 6 6 5 1 3 3 3 -1 5 5 -1 3 
-1 5 5 3 3 -1 -1 5 5 5 5 -1 3 3 5 5 7 7 7 7 
7 5 5 -1 3 -1 5 5 5 5 -1 3 -1 3 5 5 7 -1 -1 5 
5 -1 7 7 5 5 7 7 3 7 7 3 3 3 7 7 6 7 -1 5 
5 5 7 7 3 3 3 3 7 -1 -1 7 6 7 -1 7 -1 -1 -1 -1 
5 7 5 5 3 -1 -1 3 -1 12 7 6 7 -1 3 -1 -1 -1 -1 5 
5 5 -1 3 3 3 5 5 -1 7 7 -1 -1 7 7 3 3 5 5 5 
-1 5 5 -1 -1 -1 -1 5 -1 4 7 -1 7 7 7 7 7 -1 -1 4 
7 7 -1 -1 6 -1 -1 5 5 4 12 -1 7 7 7 7 -1 7 4 4 
7 -1 -1 6 7 5 5 5 5 -1 12 12 7 7 -1 7 7 5 4 -1 
-1 -1 5 7 7 7 7 -1 5 7 12 -1 7 7 7 7 7 -1 7 5 
5 5 5 7 7 7 7 7 5 7 7 7 -1 7 7 7 -1 7 7 7 
7 5 7 7 -1 -1 7 7 7 7 5 7 7 -1 7 7 7 7 -1 7 
7 -1 -1 40 7 7 7 7 7 7 7 5 5 5 -1 7 7 7 -1 -1 
-1 -1 40 40 40 7 5 -1 7 3 5 7 5 -1 -1 -1 7 7 7 7 
7 7 5 40 5 7 -1 3 7 7 5 5 5 5 3 33 7 -1 7 7 
7 7 5 5 5 5 -1 -1 -1 -1 -1 5 5 5 3 -1 3 7 7 7 
7 7 7 40 5 -1 7 7 7 7 7 -1 -1 7 -1 4 7 7 -1 7 
7 7 7 5 5 7 7 7 3 7 7 7 7 7 6 7 7 7 7 7 
5 3 5 7 -1 7 7 3 3 3 5 12 6 6 6 7 -1 -1 -1 7 
7 5 3 -1 -1 7 -1 5 5 5 3 3 12 3 6 -1 -1 -1 7 7 
14 8 -1 -1 5 7 3 3 3 -1 4 -1 -1 6 6 7 6 -1 7 5 
12 8 5 5 7 -1 3 3 -1 3 -1 4 -1 6 6 7 7 -1 12 12 
12 5 5 5 5 7 -1 3 3 3 5 6 -1 3 6 6 7 7 12 12 
5 7 5 5 5 5 3 3 3 6 6 5 6 3 3 6 7 -1 -1 5 
2 5 5 5 10 5 3 -1 3 3 3 8 3 3 3 3 -1 -1 -1 3 
-1 3 10 10 10 -1 -1 3 3 3 3 41 8 3 3 3 -1 -1 -1 2 
3 3 3 3 -1 10 3 3 3 3 3 8 8 3 3 -1 -1 -1 3 3 
3 3 3 3 7 7 10 3 3 3 3 -1 5 4 4 5 5 5 -1 3 
5 3 5 7 7 10 10 -1 -1 -1 3 3 -1 5 -1 5 5 -1 5 3 
5 5 7 7 10 10 -1 -1 3 3 7 7 -1 5 5 -1 7 7 5 5 
5 5 5 7 1 -1 -1 7 -1 -1 3 -1 3 7 5 7 7 7 5 5 
5 -1 5 5 7 -1 3 7 7 7 -1 -1 7 5 5 3 5 7 5 5 
5 7 7 7 7 5 5 1 7 7 7 1 7 5 7 3 -1 5 5 6 
5 5 7 7 7 7 7 1 -1 7 7 1 5 1 5 7 5 5 5 7 
7 7 3 5 7 7 1 5 5 -1 -1 1 1 -1 1 1 5 -1 5 7 
3 3 -1 7 7 -1 5 5 7 7 7 7 1 1 1 -1 -1 3 3 3 
3 -1 7 5 5 -1 -1 -1 7 7 7 -1 -1 -1 1 -1 5 3 12 3 
12 3 -1 7 5 5 -1 -1 7 3 -1 3 5 5 6 6 6 -1 3 12 
12 5 -1 5 5 5 5 7 3 3 3 3 5 5 5 6 -1 -1 -1 -1 
12 14 5 5 5 7 5 7 3 3 -1 -1 -1 6 6 6 6 7 7 12 
-1 5 -1 6 37 -1 5 5 6 6 -1 5 5 5 6 6 -1 5 -1 -1 
5 5 -1 40 6 37 6 6 5 6 5 5 5 10 10 6 5 5 5 5 
5 5 7 40 5 5 5 6 6 6 5 -1 5 10 5 5 5 5 5 5 
5 7 -1 -1 -1 5 7 10 -1 10 5 5 7 5 5 -1 5 5 5 5 
5 5 5 7 -1 40 10 10 10 40 5 7 7 5 32 -1 5 5 5 5 
5 7 5 7 41 41 10 10 7 10 40 -1 7 7 -1 7 6 5 -1 -1 
-1 7 7 5 41 41 41 -1 7 6 10 7 7 7 7 7 32 32 32 41 
41 7 -1 7 41 -1 -1 40 40 -1 40 -1 7 7 7 7 32 32 5 7 
7 41 5 41 41 41 5 40 -1 -1 40 40 -1 40 8 8 32 5 5 5 
5 41 41 41 41 5 -1 5 -1 -1 -1 -1 32 -1 -1 5 5 5 -1 7 
41 41 41 41 -1 -1 5 32 32 -1 -1 -1 32 32 3 3 -1 32 32 7 
-1 41 41 41 41 -1 32 -1 -1 -1 -1 32 32 -1 -1 3 3 32 -1 -1 
41 -1 41 41 41 41 41 -1 32 -1 -1 -1 -1 -1 -1 3 3 -1 1 -1 
41 8 -1 41 41 -1 -1 32 6 -1 -1 -1 -1 32 32 32 -1 1 6 1 
8 41 8 7 -1 41 -1 -1 6 32 32 32 32 32 32 32 6 6 32 -1 
41 8 7 -1 -1 -1 5 5 6 6 40 -1 32 6 -1 32 6 -1 5 5 
41 5 8 -1 5 5 1 1 -1 40 40 40 -1 6 -1 -1 5 5 5 5 
5 5 8 5 5 5 5 1 1 40 -1 40 6 6 -1 6 -1 5 5 -1 
5 5 5 -1 5 5 -1 1 -1 -1 40 -1 40 -1 6 6 6 5 -1 5 
5 5 5 -1 6 5 6 6 -1 -1 7 7 -1 5 6 5 -1 5 -1 5 
12 5 5 -1 -1 6 5 5 5 -1 5 6 5 5 12 5 12 12 12 12 
-1 5 5 5 5 5 41 -1 5 5 5 6 6 6 -1 12 12 -1 12 12 
12 5 5 5 -1 5 5 -1 5 5 5 5 6 6 -1 -1 6 5 -1 6 
6 -1 -1 5 5 5 5 5 -1 5 5 6 6 6 6 -1 -1 41 -1 6 
6 6 -1 -1 -1 -1 5 -1 5 5 5 5 7 7 41 6 5 -1 -1 6 
5 5 5 5 5 5 5 7 5 5 5 5 5 6 5 33 5 5 6 -1 
-1 -1 5 -1 5 -1 -1 12 5 5 7 5 -1 5 6 5 5 5 7 6 
5 5 5 5 5 5 12 12 40 7 7 -1 -1 5 5 6 5 7 5 5 
5 5 6 6 5 5 5 5 -1 5 -1 -1 5 5 5 6 7 5 5 -1 
-1 6 6 5 5 5 5 5 5 5 5 5 5 5 5 5 5 7 5 5 
10 6 6 6 6 5 7 -1 5 -1 40 5 5 5 -1 10 10 -1 -1 -1 
10 5 6 8 1 5 7 5 -1 40 5 40 5 -1 5 5 10 -1 -1 10 
5 5 8 6 -1 5 5 7 -1 5 5 5 5 5 5 -1 10 10 -1 10 
10 5 1 -1 -1 -1 5 6 5 5 5 5 5 5 10 10 10 10 10 10 
5 1 -1 -1 -1 5 6 5 5 5 5 -1 -1 5 10 10 10 10 10 10 
7 1 -1 -1 6 5 6 5 5 5 5 5 5 10 -1 10 5 10 10 5 
5 -1 10 6 -1 -1 6 5 5 5 5 -1 10 5 10 10 10 5 5 6 
6 5 5 10 6 -1 -1 6 5 5 5 -1 5 5 10 10 10 -1 5 6 
6 6 5 -1 -1 -1 5 5 -1 5 6 6 -1 -1 -1 5 10 5 5 5 
-1 5 5 5 5 41 6 5 -1 5 6 6 6 5 -1 12 12 12 12 12 
5 6 5 6 4 4 -1 5 5 5 5 5 5 5 -1 -1 5 5 5 5 
-1 6 -1 -1 6 4 5 -1 5 5 5 6 -1 6 5 5 5 -1 5 -1 
-1 -1 6 6 -1 6 -1 6 6 6 5 5 5 5 5 12 7 -1 5 -1 
5 5 5 5 6 -1 -1 6 6 6 -1 5 5 -1 7 5 12 5 5 6 
-1 5 6 6 5 6 6 6 -1 6 5 6 -1 7 -1 5 5 -1 5 5 
-1 5 5 6 6 6 6 5 -1 5 7 -1 -1 -1 -1 6 -1 5 5 5 
40 5 -1 6 6 6 6 5 5 -1 5 6 -1 -1 6 6 6 6 10 40 
40 6 6 6 6 6 -1 5 5 5 5 6 6 -1 -1 40 6 6 5 5 
6 -1 6 6 -1 6 5 5 5 5 5 6 5 -1 -1 4 4 5 -1 -1 
-1 6 -1 6 6 6 6 5 -1 -1 10 10 10 5 5 -1 4 2 40 40 
40 2 6 -1 -1 -1 -1 -1 10 10 10 5 5 5 5 40 40 4 2 6 
6 5 -1 6 5 5 -1 -1 6 10 7 7 5 5 5 40 40 4 40 5 
5 6 5 5 5 5 5 -1 5 -1 7 7 -1 5 5 40 5 2 2 -1 
6 5 6 5 6 -1 6 5 6 7 7 5 5 40 40 40 5 4 -1 5 
6 6 5 6 6 6 -1 1 1 7 5 5 5 40 40 13 13 4 -1 -1 
6 5 5 6 -1 6 5 1 1 -1 -1 40 40 13 13 -1 6 6 5 5 
5 6 6 6 -1 5 5 5 5 -1 -1 13 40 5 5 -1 5 5 5 5 
5 5 -1 -1 7 5 -1 5 -1 7 -1 40 13 13 13 -1 5 5 -1 5 
5 5 5 6 5 5 5 5 5 7 5 5 5 13 5 5 5 5 -1 5 
5 5 6 6 6 4 4 -1 5 5 5 5 13 5 5 5 6 5 5 -1 
-1 -1 5 4 6 4 6 5 4 6 6 6 8 8 8 -1 10 10 10 10 
10 10 10 6 -1 6 5 5 -1 -1 -1 8 8 -1 8 5 -1 10 5 10 
14 10 10 10 -1 -1 -1 5 5 -1 1 5 5 -1 5 5 10 5 10 -1 
14 5 -1 6 6 6 -1 -1 -1 5 1 5 -1 6 -1 -1 5 5 5 10 
10 -1 5 6 6 14 6 -1 6 5 5 3 -1 -1 5 5 -1 -1 -1 5 
5 -1 -1 5 6 -1 14 -1 -1 6 3 3 5 5 5 5 5 -1 5 11 
5 -1 5 -1 4 2 10 2 5 5 2 2 2 5 5 5 5 5 5 5 
5 -1 5 4 4 2 2 -1 -1 -1 -1 2 2 5 5 5 5 5 5 5 
5 -1 5 4 4 4 5 5 4 -1 -1 2 5 5 5 5 5 5 5 5 
5 5 5 -1 4 5 5 5 4 4 6 6 -1 6 5 5 5 -1 7 5 
5 5 5 -1 4 -1 -1 4 5 4 4 -1 6 6 -1 5 5 5 7 5 
5 5 5 5 4 4 4 -1 4 4 4 -1 6 -1 -1 5 -1 5 5 5 
5 5 5 5 5 4 4 9 4 4 4 5 -1 5 5 5 5 5 5 5 
-1 -1 37 7 7 5 -1 4 9 8 -1 -1 5 -1 5 5 5 5 -1 5 
-1 10 37 7 7 5 5 9 8 8 5 5 5 5 13 13 5 5 5 -1 
-1 10 37 37 5 5 5 7 7 5 5 5 5 5 5 5 5 5 5 5 
10 5 10 5 5 5 5 7 7 5 -1 5 5 5 -1 6 5 5 5 5 
5 5 5 5 5 5 5 7 7 5 5 5 5 5 10 10 10 5 -1 5 
5 5 5 5 5 5 5 5 5 5 5 5 5 5 5 10 10 10 10 5 
-1 5 5 5 -1 4 5 4 4 4 -1 6 5 5 5 -1 10 10 5 5 
5 5 5 5 -1 -1 -1 5 6 4 6 4 -1 6 6 1 1 5 5 5 
-1 -1 5 5 5 5 5 5 5 6 4 6 1 1 -1 1 1 6 5 6 
-1 -1 5 5 5 -1 5 5 5 6 6 -1 6 1 -1 -1 1 1 6 -1 
5 5 5 5 5 5 5 5 5 6 -1 6 1 1 1 4 6 1 6 6 
5 5 5 6 -1 5 -1 5 5 -1 6 6 10 1 1 4 6 6 6 6 
5 5 5 5 5 5 5 5 -1 -1 -1 6 4 10 1 6 6 6 6 6 
-1 5 5 5 5 5 5 5 -1 -1 6 4 4 4 10 6 6 6 6 -1 
5 5 5 -1 5 -1 5 6 -1 4 -1 4 -1 -1 6 6 6 -1 -1 5 
5 5 -1 5 -1 -1 -1 6 5 5 -1 -1 -1 6 6 6 -1 6 -1 -1 
-1 5 5 5 13 6 12 6 -1 5 -1 6 6 6 6 6 -1 6 6 -1 
6 6 5 4 6 6 -1 6 6 -1 6 -1 6 1 1 6 6 -1 6 -1 
6 -1 -1 6 6 6 6 6 6 6 6 -1 -1 6 6 -1 6 -1 -1 -1 
6 6 -1 6 6 6 10 6 6 6 6 -1 -1 -1 6 -1 -1 6 -1 6 
6 6 6 6 6 6 -1 10 6 -1 6 6 6 6 6 6 6 6 6 -1 
5 5 5 5 37 6 6 6 6 -1 6 6 6 6 6 6 5 -1 6 6 
5 5 5 37 37 6 6 6 6 6 -1 6 6 6 6 6 6 6 6 -1 
5 5 5 5 5 6 -1 6 -1 6 6 -1 6 6 6 -1 6 -1 6 5 
5 5 5 5 5 -1 6 6 6 6 6 6 6 6 -1 6 -1 -1 1 -1 
5 5 5 5 5 6 6 5 4 6 6 6 6 6 6 -1 1 1 1 5 
5 5 5 5 -1 5 5 4 -1 6 4 -1 6 6 6 6 -1 1 -1 5 
42 6 6 2 1 6 6 6 6 1 1 6 -1 1 -1 -1 -1 3 1 -1 
5 -1 2 6 6 1 6 6 6 6 6 6 1 -1 -1 -1 -1 -1 -1 42 
5 5 6 6 6 6 -1 6 1 6 6 5 1 5 -1 -1 5 5 -1 42 
6 -1 5 6 6 -1 6 6 -1 1 1 1 5 5 5 5 6 6 -1 5 
6 6 -1 1 -1 1 -1 6 -1 1 1 6 -1 5 5 -1 6 6 6 5 
5 6 6 -1 1 6 6 -1 -1 -1 1 6 6 -1 -1 -1 -1 -1 6 6 
6 6 6 -1 -1 6 6 -1 -1 -1 -1 -1 -1 -1 6 6 -1 -1 6 1 
1 6 -1 6 6 -1 6 -1 6 -1 6 -1 -1 -1 6 6 6 -1 -1 1 
6 6 6 6 -1 6 4 6 4 6 -1 6 1 6 6 6 6 6 1 6 
-1 -1 6 6 6 -1 -1 4 6 -1 -1 -1 1 1 6 6 6 6 6 1 
6 6 6 6 -1 6 -1 4 4 6 12 12 12 6 -1 6 6 6 6 1 
1 6 6 6 6 -1 5 4 6 6 1 6 12 6 6 6 6 -1 6 6 
6 6 6 6 1 5 5 5 6 1 1 -1 1 6 6 6 6 6 6 6 
6 -1 6 5 1 6 5 6 6 1 1 1 1 1 -1 6 6 6 6 6 
6 6 6 6 5 5 6 6 6 6 -1 1 1 1 1 6 6 6 6 6 
6 6 6 6 5 6 6 6 6 6 1 1 1 6 1 6 6 6 6 6 
6 6 -1 6 6 -1 6 6 6 -1 4 -1 -1 1 6 6 6 -1 -1 -1 
6 6 -1 6 -1 -1 6 6 -1 4 4 1 6 1 6 1 6 6 6 -1 
6 6 6 -1 -1 -1 6 6 6 4 4 1 1 -1 1 -1 1 7 -1 6 
6 6 6 6 6 6 6 -1 6 6 4 4 1 -1 -1 -1 -1 -1 6 -1 
5 5 1 6 6 6 -1 1 -1 1 1 1 -1 1 1 -1 1 1 1 -1 
1 -1 -1 1 1 1 6 1 6 6 1 1 1 -1 1 1 -1 -1 1 5 
1 1 -1 -1 1 -1 1 -1 -1 1 1 1 -1 -1 1 1 1 -1 -1 1 
1 -1 1 1 1 -1 -1 1 1 1 -1 1 1 6 6 1 1 1 -1 -1 
-1 1 1 1 -1 1 1 1 1 1 1 1 1 1 1 -1 1 -1 1 -1 
1 1 1 1 -1 1 1 1 -1 1 1 1 1 1 -1 -1 1 1 1 1 
1 -1 1 1 1 1 1 1 1 1 1 -1 -1 -1 1 1 -1 -1 -1 1 
1 1 1 1 1 1 1 1 1 1 1 1 1 -1 1 1 1 1 1 1 
-1 -1 1 1 1 1 -1 1 1 1 -1 1 1 -1 1 6 1 1 6 1 
6 6 -1 1 1 1 -1 1 1 1 1 1 -1 1 6 1 6 1 1 1 
1 5 6 1 1 -1 -1 1 1 1 1 -1 6 6 6 -1 6 1 6 6 
-1 6 5 5 1 1 6 1 -1 1 1 6 6 6 1 6 6 -1 6 -1 
6 -1 1 -1 6 -1 6 1 1 1 1 1 6 6 6 6 -1 6 1 6 
6 1 1 6 -1 6 6 6 1 1 -1 1 -1 1 1 1 6 6 -1 6 
6 6 1 44 -1 6 6 6 1 1 1 6 6 1 1 1 6 1 -1 6 
1 1 -1 1 1 6 7 7 -1 -1 -1 1 6 -1 -1 -1 1 1 -1 7 
7 -1 6 6 6 7 7 7 7 -1 1 1 1 -1 -1 -1 1 1 6 1 
1 1 -1 7 7 7 7 7 -1 -1 -1 -1 1 -1 -1 1 1 6 1 -1 
7 7 1 7 6 -1 6 -1 1 -1 1 -1 -1 1 1 1 1 1 1 1 
5 1 7 1 6 6 6 -1 -1 -1 -1 1 1 -1 -1 1 1 -1 1 1 
1 1 -1 -1 6 1 1 -1 1 -1 1 6 1 -1 1 -1 1 -1 -1 1 
1 -1 6 -1 -1 6 6 1 1 1 -1 6 6 6 6 1 1 1 1 6 
-1 1 -1 -1 6 6 6 1 1 1 1 1 -1 1 1 6 6 1 6 1 
1 1 1 1 1 -1 6 6 1 1 1 1 -1 6 6 6 6 -1 -1 1 
-1 -1 -1 1 1 1 1 1 1 1 -1 -1 1 6 6 6 6 -1 -1 -1 
-1 -1 1 1 1 1 1 1 1 1 -1 -1 6 -1 6 6 6 1 1 -1 
-1 -1 1 1 -1 1 -1 -1 1 -1 6 -1 1 6 1 1 1 1 1 1 
-1 -1 1 1 1 1 1 1 1 1 -1 -1 1 1 -1 -1 1 1 1 -1 
-1 -1 -1 1 1 1 1 1 1 1 1 -1 -1 -1 1 1 1 1 7 -1 
-1 -1 -1 1 1 1 -1 1 -1 1 1 -1 -1 1 1 1 1 7 1 1 
-1 -1 -1 -1 1 1 1 -1 1 1 1 -1 -1 1 -1 1 -1 -1 1 -1 
-1 1 -1 1 -1 -1 1 1 1 -1 -1 -1 -1 -1 -1 -1 -1 -1 1 1 
1 1 -1 1 1 -1 1 -1 1 1 -1 -1 -1 -1 -1 -1 -1 1 1 1 
-1 1 1 -1 1 1 -1 1 -1 -1 -1 -1 -1 -1 -1 1 1 1 1 1 
1 -1 1 1 1 1 1 1 1 -1 -1 -1 -1 1 1 1 1 1 1 1 
1 1 6 6 1 1 1 1 1 1 1 -1 1 1 1 1 -1 1 1 -1 
-1 -1 1 6 6 6 1 1 1 1 1 -1 -1 1 1 -1 1 1 -1 1 
-1 -1 6 6 6 -1 1 1 1 1 -1 -1 -1 1 -1 1 1 1 1 1 
-1 -1 44 44 6 -1 1 1 1 1 1 1 1 1 -1 1 1 1 1 1 
-1 -1 6 6 -1 -1 1 1 1 1 1 -1 1 1 1 1 1 1 1 1 
-1 1 1 1 -1 1 1 -1 1 -1 -1 1 1 -1 -1 -1 1 1 -1 -1 
1 1 1 1 1 1 1 -1 -1 1 1 1 1 1 1 -1 -1 1 1 1 
1 3 3 1 1 1 1 -1 1 1 1 1 -1 -1 1 1 -1 1 1 -1 
-1 -1 1 1 -1 -1 1 1 -1 -1 1 1 -1 -1 1 1 1 1 -1 -1 
-1 1 1 1 1 -1 1 1 1 -1 1 1 -1 -1 1 1 -1 -1 -1 -1 
-1 1 -1 -1 1 -1 -1 1 1 1 -1 1 1 -1 -1 1 1 -1 1 1 
1 1 1 1 1 1 -1 1 1 -1 -1 -1 1 -1 -1 1 1 -1 1 1 
1 1 1 1 -1 1 -1 -1 1 1 3 3 -1 -1 -1 -1 -1 -1 1 1 
1 1 -1 -1 1 -1 1 1 1 1 1 1 1 1 -1 1 -1 1 -1 1 
1 -1 -1 1 -1 -1 1 1 -1 1 -1 1 1 1 1 1 -1 1 1 1 
1 1 -1 1 1 1 1 1 1 1 1 1 1 1 1 -1 1 1 1 -1 
1 1 1 1 -1 1 1 -1 1 1 1 1 1 1 -1 -1 -1 1 1 1 
1 -1 1 1 -1 -1 1 1 1 1 1 1 1 3 -1 -1 1 -1 6 1 
1 1 1 1 1 1 1 1 1 1 1 -1 -1 3 1 1 1 1 1 -1 
1 1 1 1 1 -1 1 -1 1 6 1 -1 6 3 -1 1 -1 1 -1 1 
1 1 -1 1 -1 -1 -1 1 -1 -1 6 6 -1 -1 -1 -1 -1 -1 1 1 
-1 1 -1 1 1 -1 1 1 -1 1 1 1 -1 -1 1 -1 1 1 -1 -1 
1 1 1 1 1 1 -1 1 1 1 1 1 6 1 1 1 1 1 1 -1 
1 -1 1 -1 1 1 1 -1 1 1 1 1 1 -1 1 1 1 1 -1 1 
1 1 1 1 -1 1 1 1 1 -1 1 1 1 -1 1 1 1 -1 1 -1 
-1 -1 -1 3 3 1 1 1 1 -1 -1 9 1 -1 -1 -1 -1 -1 1 1 
1 1 -1 -1 -1 1 1 1 1 1 -1 -1 -1 -1 -1 -1 1 -1 -1 -1 
1 1 -1 -1 1 -1 -1 -1 1 1 1 -1 -1 1 -1 -1 -1 -1 -1 -1 
-1 -1 1 -1 -1 1 -1 1 -1 -1 1 -1 1 1 -1 -1 1 -1 -1 -1 
-1 -1 -1 -1 -1 1 1 -1 -1 1 -1 1 1 1 1 1 1 1 -1 -1 
-1 1 1 -1 -1 -1 -1 3 -1 1 1 1 -1 1 1 1 1 1 -1 1 
1 1 1 3 1 -1 -1 3 3 1 1 1 1 1 1 1 -1 -1 1 -1 
3 -1 1 -1 1 -1 -1 -1 1 -1 3 -1 1 1 1 -1 -1 1 -1 1 
-1 3 3 -1 1 -1 1 1 -1 3 1 1 1 1 1 -1 1 -1 -1 -1 
-1 3 3 -1 1 1 1 -1 3 3 -1 1 -1 -1 1 1 -1 -1 -1 -1 
3 -1 -1 3 1 -1 1 -1 -1 3 3 -1 -1 1 1 -1 -1 -1 3 3 
3 -1 3 3 -1 -1 3 3 -1 -1 -1 -1 -1 1 1 1 1 1 -1 3 
1 -1 -1 3 -1 1 -1 1 -1 -1 -1 -1 -1 -1 -1 -1 -1 1 1 -1 
1 -1 -1 1 3 1 1 1 3 -1 -1 -1 -1 1 1 1 -1 1 -1 1 
-1 -1 -1 1 1 3 -1 1 1 3 -1 -1 -1 1 1 -1 -1 1 1 1 
-1 -1 1 1 3 1 -1 1 1 -1 -1 -1 -1 1 -1 -1 -1 1 1 -1 
-1 -1 -1 1 3 1 -1 -1 1 1 -1 -1 -1 -1 -1 -1 -1 1 1 -1 
-1 -1 -1 3 -1 1 1 -1 1 1 1 -1 -1 -1 -1 -1 -1 1 -1 -1 
-1 -1 -1 -1 -1 -1 -1 -1 1 -1 -1 -1 -1 -1 1 -1 1 -1 1 1 
-1 -1 -1 3 3 -1 -1 -1 -1 1 9 -1 1 1 1 1 -1 -1 -1 1 
1 -1 -1 -1 3 9 -1 -1 3 -1 3 3 -1 3 3 -1 3 -1 3 1 
-1 -1 -1 3 -1 -1 -1 -1 -1 -1 3 3 3 3 3 3 3 3 -1 1 
-1 -1 3 3 3 -1 -1 -1 3 3 -1 3 3 3 3 -1 3 -1 3 3 
3 -1 -1 3 -1 -1 -1 -1 3 -1 1 -1 -1 3 3 -1 -1 3 3 3 
3 -1 3 3 -1 3 -1 -1 -1 1 -1 -1 -1 3 -1 3 -1 3 3 3 
3 -1 -1 3 3 -1 -1 -1 -1 1 1 -1 -1 -1 -1 3 3 -1 -1 3 
3 3 -1 3 -1 -1 -1 -1 -1 1 1 -1 -1 -1 -1 -1 -1 -1 3 3 
3 3 3 3 3 -1 -1 -1 -1 1 1 -1 -1 -1 -1 -1 -1 3 3 3 
3 3 3 3 3 -1 -1 -1 -1 1 1 1 1 3 -1 -1 3 3 3 3 
3 3 -1 -1 3 -1 -1 -1 -1 -1 1 1 3 3 3 3 3 -1 -1 3 
-1 -1 3 1 3 3 -1 -1 1 1 -1 1 3 -1 3 -1 3 3 -1 -1 
-1 3 -1 -1 1 -1 3 1 1 1 1 -1 -1 3 -1 3 3 3 -1 -1 
-1 3 3 -1 -1 -1 -1 -1 -1 1 1 -1 -1 1 3 3 3 -1 -1 -1 
-1 3 3 3 -1 -1 1 1 -1 -1 -1 1 -1 3 1 1 -1 -1 -1 -1 
-1 -1 3 3 -1 1 1 1 1 -1 -1 -1 1 3 3 1 3 3 3 -1 
5 -1 -1 -1 -1 1 -1 -1 3 3 3 1 -1 -1 3 3 5 5 3 3 
3 5 -1 -1 1 1 1 3 3 3 -1 -1 -1 3 3 3 -1 -1 3 3 
-1 5 -1 -1 -1 -1 -1 -1 -1 -1 -1 -1 -1 -1 -1 3 3 -1 -1 -1 
-1 1 -1 9 -1 9 -1 -1 -1 -1 -1 -1 -1 -1 3 -1 -1 -1 7 7 
7 1 3 3 9 -1 9 -1 -1 3 -1 -1 3 3 -1 -1 -1 -1 7 7 
9 9 9 9 -1 -1 -1 -1 -1 1 1 1 1 1 -1 -1 -1 -1 1 9 
1 -1 9 -1 -1 1 -1 -1 -1 1 1 -1 1 1 -1 -1 -1 -1 1 9 
1 -1 1 -1 -1 1 1 -1 3 1 -1 -1 -1 -1 -1 -1 -1 -1 1 1 
1 1 -1 -1 -1 1 -1 -1 3 3 -1 -1 -1 -1 -1 -1 -1 -1 1 1 
1 3 -1 -1 -1 1 -1 3 3 -1 3 3 -1 7 -1 -1 -1 11 3 1 
11 11 -1 11 -1 -1 -1 -1 -1 7 3 -1 -1 -1 -1 -1 -1 -1 11 1 
-1 11 11 3 3 -1 -1 -1 -1 -1 7 7 -1 -1 -1 7 7 3 3 -1 
-1 -1 -1 3 -1 3 -1 3 -1 -1 -1 -1 -1 -1 -1 -1 -1 -1 -1 -1 
-1 -1 -1 -1 -1 -1 -1 -1 3 -1 -1 -1 -1 -1 -1 -1 -1 -1 -1 -1 
-1 -1 1 -1 -1 -1 -1 -1 -1 -1 -1 -1 -1 -1 -1 7 -1 -1 6 -1 
9 1 1 1 -1 1 1 3 -1 -1 -1 -1 3 7 -1 7 -1 7 6 9 
1 -1 1 1 1 3 3 1 1 1 3 3 -1 7 7 -1 7 7 1 1 
1 -1 1 1 -1 1 -1 3 1 -1 1 3 3 7 7 -1 7 7 7 1 
-1 1 -1 -1 1 1 -1 -1 -1 1 -1 -1 -1 7 -1 9 9 7 7 7 
-1 -1 -1 1 1 -1 -1 -1 -1 -1 1 1 -1 -1 -1 9 9 7 -1 -1 
-1 9 -1 -1 -1 -1 -1 -1 1 1 -1 1 7 7 7 -1 7 1 9 -1 
-1 9 -1 -1 -1 -1 -1 -1 1 1 1 -1 -1 -1 -1 -1 -1 -1 1 9 
9 -1 -1 3 3 -1 -1 -1 -1 1 1 -1 -1 -1 -1 -1 -1 3 9 7 
9 -1 9 9 3 -1 -1 -1 -1 1 1 1 -1 -1 -1 -1 3 3 3 7 
9 9 9 9 -1 -1 -1 -1 -1 1 -1 1 -1 1 -1 -1 -1 -1 7 9 
3 3 3 -1 3 3 -1 -1 -1 -1 -1 3 3 -1 3 -1 -1 -1 -1 -1 
-1 3 -1 -1 -1 -1 3 3 -1 -1 3 3 3 3 -1 -1 -1 -1 -1 -1 
-1 -1 -1 -1 -1 -1 -1 3 -1 -1 -1 3 -1 -1 -1 -1 -1 -1 -1 -1 
-1 -1 -1 -1 -1 -1 3 -1 3 3 -1 3 -1 -1 -1 1 -1 -1 -1 -1 
1 -1 -1 -1 -1 3 -1 3 3 3 3 3 3 -1 -1 -1 1 1 -1 -1 
-1 1 -1 -1 -1 -1 3 -1 -1 3 3 -1 3 3 -1 -1 -1 1 -1 -1 
-1 -1 -1 -1 -1 3 3 3 3 9 -1 3 -1 -1 -1 -1 1 1 -1 -1 
-1 -1 -1 3 3 3 3 6 6 3 9 1 1 -1 -1 -1 1 1 -1 -1 
-1 -1 -1 -1 3 3 -1 3 3 9 3 -1 -1 -1 -1 -1 -1 -1 -1 -1 
-1 7 -1 3 -1 9 -1 3 3 3 9 -1 -1 -1 -1 -1 -1 2 -1 -1 
7 9 7 -1 3 9 -1 -1 3 3 -1 9 -1 -1 -1 -1 -1 -1 2 -1 
3 7 -1 3 -1 -1 -1 1 -1 -1 -1 9 -1 -1 -1 9 9 -1 -1 3 
3 9 -1 -1 3 -1 1 -1 -1 -1 9 9 -1 -1 9 9 9 -1 3 3 
9 9 9 3 -1 1 -1 -1 9 9 9 9 3 -1 3 -1 9 9 9 3 
9 9 7 1 1 -1 -1 -1 1 9 3 3 -1 3 -1 9 9 9 -1 -1 
-1 1 1 7 -1 3 3 3 -1 3 3 3 -1 3 9 -1 9 9 9 7 
-1 3 -1 6 -1 3 3 -1 -1 3 -1 -1 3 3 3 9 9 9 9 7 
-1 3 3 -1 -1 -1 -1 -1 -1 -1 -1 -1 -1 -1 9 3 3 9 7 3 
3 -1 3 3 -1 -1 -1 -1 -1 3 3 -1 -1 9 -1 3 3 3 9 -1 
3 3 3 3 -1 -1 -1 -1 -1 -1 -1 3 3 3 3 3 3 -1 -1 3 
9 6 -1 -1 1 1 -1 9 3 -1 1 3 1 3 3 3 -1 9 9 3 
9 9 9 9 1 9 1 -1 9 1 1 1 3 3 3 -1 3 9 -1 -1 
1 9 -1 -1 3 -1 1 3 9 9 1 9 1 3 -1 9 -1 -1 -1 -1 
1 9 -1 -1 -1 -1 3 3 9 -1 9 -1 9 9 -1 9 9 9 -1 9 
9 -1 -1 3 -1 -1 -1 3 9 -1 -1 9 9 -1 9 9 9 -1 9 9 
-1 -1 -1 11 3 -1 3 3 3 -1 -1 9 9 9 9 -1 -1 9 9 9 
-1 -1 3 11 11 3 9 3 -1 -1 3 -1 9 9 -1 -1 -1 3 -1 -1 
-1 3 -1 3 -1 11 3 3 3 3 9 9 -1 9 9 1 3 3 -1 9 
9 -1 -1 11 11 -1 -1 3 3 9 9 9 -1 -1 -1 3 1 9 3 9 
9 9 -1 -1 -1 -1 -1 -1 3 -1 9 -1 -1 -1 -1 -1 9 9 -1 9 
9 3 3 3 -1 -1 -1 -1 -1 9 9 -1 -1 -1 -1 9 9 -1 -1 -1 
-1 9 3 -1 -1 -1 -1 -1 -1 -1 -1 -1 -1 -1 -1 -1 -1 -1 -1 -1 
-1 9 -1 -1 -1 -1 3 3 -1 -1 -1 -1 9 9 -1 -1 -1 -1 9 -1 
9 9 1 -1 -1 3 3 3 3 -1 -1 -1 9 9 -1 -1 -1 9 9 9 
9 9 1 1 -1 3 1 1 1 -1 -1 -1 -1 -1 9 -1 -1 9 9 9 
9 9 1 -1 1 1 1 1 -1 -1 1 -1 -1 -1 9 9 9 9 9 9 
9 9 -1 1 1 1 1 1 1 -1 1 -1 -1 1 1 1 9 9 -1 -1 
-1 -1 -1 -1 1 1 1 -1 -1 -1 1 1 -1 1 1 -1 9 9 -1 -1 
-1 -1 -1 1 -1 1 1 1 1 1 1 1 -1 1 -1 1 9 9 9 -1 
-1 6 -1 -1 -1 1 1 -1 3 1 -1 -1 1 1 1 1 1 9 9 -1 
3 -1 3 -1 7 7 1 -1 -1 1 1 -1 1 1 1 -1 1 -1 3 3 
-1 3 -1 1 -1 -1 -1 1 1 3 -1 1 1 -1 1 -1 -1 -1 3 -1 
3 3 -1 1 1 1 1 3 3 3 3 1 1 -1 -1 -1 -1 1 -1 -1 
3 3 1 1 1 1 3 1 3 -1 -1 1 1 1 1 1 1 -1 -1 -1 
1 1 1 -1 1 1 1 -1 1 1 -1 -1 1 1 1 1 1 -1 1 -1 
1 3 3 -1 1 -1 -1 -1 1 1 -1 1 -1 1 -1 1 1 -1 1 1 
-1 3 3 3 3 -1 -1 1 -1 1 1 3 -1 1 1 1 -1 1 1 1 
-1 3 3 -1 -1 -1 -1 1 1 1 -1 1 1 -1 1 -1 1 1 -1 -1 
-1 -1 -1 -1 -1 -1 1 1 1 -1 3 -1 1 1 1 -1 1 1 -1 -1 
-1 -1 3 -1 -1 -1 1 -1 3 3 3 1 3 1 1 -1 -1 -1 -1 -1 
3 3 1 -1 -1 1 1 1 3 3 -1 3 -1 3 -1 3 3 3 -1 3 
3 3 1 3 -1 1 3 3 -1 3 3 3 -1 3 3 3 3 3 -1 3 
3 3 3 3 3 3 3 -1 3 3 3 3 3 -1 3 -1 3 3 3 3 
3 3 3 3 3 3 3 3 3 3 -1 3 3 -1 -1 -1 -1 -1 3 3 
3 1 1 -1 3 3 3 3 3 -1 3 -1 -1 -1 -1 1 -1 -1 -1 3 
3 3 3 3 -1 -1 -1 -1 3 3 -1 -1 -1 -1 -1 -1 1 -1 -1 3 
-1 3 3 3 -1 7 -1 -1 -1 3 -1 -1 -1 3 3 -1 -1 -1 3 -1 
-1 3 3 3 -1 -1 7 -1 -1 7 -1 -1 1 3 -1 3 -1 3 -1 -1 
-1 3 3 3 -1 -1 -1 -1 -1 1 -1 1 1 -1 1 -1 3 3 3 -1 
3 3 -1 -1 7 7 -1 -1 -1 1 1 1 1 1 1 1 -1 3 -1 3 
1 1 1 1 1 1 -1 -1 3 1 3 -1 -1 -1 -1 -1 -1 1 1 1 
1 -1 1 1 1 1 -1 1 1 3 -1 -1 -1 -1 1 1 -1 1 1 1 
-1 1 1 1 1 1 -1 1 -1 1 -1 -1 -1 -1 1 -1 1 1 1 -1 
-1 1 1 1 -1 -1 1 1 1 3 3 3 -1 -1 -1 1 1 1 -1 -1 
-1 -1 -1 -1 -1 -1 -1 -1 -1 3 3 -1 -1 -1 -1 -1 1 1 -1 -1 
1 -1 -1 1 1 -1 -1 -1 -1 -1 -1 -1 3 -1 -1 3 1 1 1 -1 
1 1 3 1 1 3 -1 -1 -1 -1 -1 -1 -1 3 3 -1 -1 1 1 -1 
-1 -1 1 1 3 1 -1 -1 -1 -1 1 -1 -1 3 3 3 -1 -1 1 3 
-1 -1 3 1 1 -1 1 3 3 1 -1 -1 -1 1 -1 -1 3 3 1 1 
-1 3 3 -1 -1 -1 3 3 3 -1 -1 1 1 -1 -1 -1 3 3 3 1 
1 -1 -1 -1 -1 3 -1 1 -1 3 1 -1 1 1 -1 -1 -1 3 -1 -1 
3 -1 3 3 3 3 1 1 -1 1 1 -1 -1 1 1 3 3 1 1 -1 
3 3 -1 1 -1 -1 1 -1 -1 1 1 -1 1 1 1 -1 1 -1 -1 3 
3 3 -1 3 1 -1 -1 -1 -1 -1 -1 1 -1 -1 -1 -1 1 -1 3 3 
1 -1 3 1 -1 -1 1 1 1 -1 -1 1 1 1 1 1 1 -1 -1 -1 
1 1 3 1 1 1 1 1 1 -1 1 -1 1 -1 -1 1 -1 1 -1 1 
1 1 -1 1 -1 1 1 -1 1 -1 1 1 1 1 1 -1 1 -1 1 -1 
1 1 -1 -1 1 1 -1 -1 -1 -1 1 1 1 -1 1 -1 -1 -1 1 1 
1 -1 -1 1 1 1 -1 3 1 1 -1 -1 -1 -1 -1 -1 -1 -1 1 1 
1 -1 1 1 -1 1 -1 1 1 1 3 -1 -1 -1 -1 -1 -1 -1 1 1 
-1 1 1 1 1 1 -1 3 1 -1 1 3 3 3 -1 -1 1 -1 -1 -1 
1 -1 -1 -1 -1 1 1 -1 1 1 1 3 -1 3 -1 -1 -1 -1 -1 -1 
-1 -1 -1 -1 -1 1 -1 -1 -1 1 1 -1 -1 -1 -1 -1 -1 -1 -1 7 
-1 7 -1 -1 -1 -1 -1 1 -1 -1 1 -1 -1 -1 -1 -1 -1 -1 3 -1 
-1 7 7 -1 -1 1 1 -1 -1 -1 -1 1 -1 1 -1 -1 -1 -1 -1 3 
-1 -1 1 3 1 1 -1 -1 -1 -1 -1 1 1 -1 1 -1 -1 1 3 3 
3 1 -1 3 1 -1 1 -1 -1 -1 -1 -1 1 1 1 1 1 3 3 -1 
-1 1 -1 1 1 -1 1 1 -1 -1 -1 -1 -1 -1 -1 -1 3 3 3 3 
-1 -1 1 -1 1 1 1 1 1 1 -1 -1 -1 -1 3 -1 -1 -1 -1 -1 
-1 1 1 -1 1 1 1 1 -1 1 -1 -1 -1 1 3 3 3 9 3 -1 
-1 1 1 1 1 1 1 1 1 -1 -1 -1 3 -1 -1 3 3 9 3 3 
-1 1 1 1 1 1 -1 1 1 1 -1 3 3 -1 -1 -1 3 3 3 3 
1 1 -1 1 1 1 -1 1 3 1 -1 3 -1 3 -1 3 3 3 3 3 
3 1 1 1 -1 -1 1 1 1 3 -1 -1 1 3 1 3 1 3 -1 3 
1 1 -1 1 -1 -1 -1 1 -1 3 -1 -1 3 -1 3 3 -1 1 1 3 
3 -1 1 -1 -1 1 3 -1 -1 3 -1 3 3 -1 3 3 1 1 -1 1 
1 3 -1 1 1 -1 1 1 -1 -1 3 -1 -1 3 1 1 1 1 1 1 
1 1 1 1 1 1 -1 3 3 1 -1 3 1 3 3 -1 1 1 -1 -1 
1 -1 1 1 1 1 1 3 3 -1 1 1 3 1 3 1 1 1 1 1 
-1 -1 1 1 1 1 -1 -1 -1 -1 3 -1 3 -1 1 1 1 -1 1 -1 
3 -1 3 -1 -1 3 3 3 3 3 -1 -1 40 40 40 -1 -1 3 3 3 
1 1 -1 3 3 -1 3 -1 3 3 3 -1 40 40 40 40 -1 -1 -1 3 
1 -1 1 -1 1 1 3 3 3 -1 -1 3 3 40 3 3 -1 -1 -1 -1 
-1 -1 -1 1 1 3 -1 3 3 -1 -1 -1 3 -1 3 3 3 3 -1 -1 
-1 -1 -1 -1 1 1 1 3 -1 -1 1 -1 3 -1 3 3 3 1 1 -1 
-1 3 -1 1 -1 1 1 -1 1 -1 1 -1 -1 -1 1 3 -1 -1 1 1 
1 3 -1 -1 -1 1 -1 -1 -1 1 1 -1 -1 1 -1 1 -1 -1 -1 1 
3 3 3 3 -1 -1 -1 -1 -1 -1 -1 -1 -1 1 -1 -1 1 1 -1 3 
-1 -1 -1 -1 3 -1 -1 1 1 -1 -1 1 -1 1 1 1 1 -1 -1 3 
-1 -1 -1 -1 3 3 -1 1 1 1 1 -1 3 -1 -1 -1 -1 -1 -1 -1 
-1 -1 3 3 3 3 -1 -1 1 -1 -1 1 1 -1 1 1 -1 -1 1 1 
1 -1 -1 -1 3 3 3 3 -1 -1 -1 1 1 1 1 -1 1 1 1 1 
1 1 -1 -1 3 -1 3 -1 -1 -1 -1 -1 1 1 -1 -1 1 1 1 3 
1 -1 1 3 -1 -1 3 3 -1 -1 -1 -1 -1 1 1 -1 1 -1 -1 1 
-1 1 1 1 1 3 -1 3 -1 -1 -1 -1 -1 1 1 1 1 -1 1 1 
1 1 1 1 1 -1 -1 -1 -1 -1 -1 -1 -1 -1 1 -1 1 -1 -1 1 
1 1 -1 1 1 -1 3 -1 -1 -1 -1 -1 -1 -1 3 1 -1 -1 -1 1 
-1 1 1 1 1 3 3 -1 -1 3 3 3 -1 -1 3 3 -1 -1 3 1 
-1 1 1 3 3 -1 3 3 3 3 3 -1 -1 3 -1 40 40 3 1 1 
3 1 -1 3 3 3 3 3 3 3 3 -1 -1 -1 40 40 -1 1 3 3 
1 3 -1 -1 -1 1 -1 -1 3 -1 -1 3 -1 -1 -1 3 -1 -1 1 1 
-1 1 1 -1 1 1 1 -1 -1 -1 3 3 3 3 -1 -1 -1 -1 -1 1 
-1 -1 1 1 1 -1 -1 -1 -1 -1 3 -1 -1 -1 -1 -1 -1 -1 -1 -1 
-1 -1 1 -1 1 1 -1 -1 -1 -1 -1 3 3 -1 3 -1 1 -1 -1 -1 
1 -1 1 1 1 1 -1 1 1 3 3 3 3 -1 3 3 -1 1 -1 -1 
1 1 1 1 1 -1 1 1 1 -1 3 3 -1 -1 -1 3 -1 -1 -1 -1 
1 1 -1 -1 -1 -1 1 1 -1 1 -1 -1 3 -1 3 -1 -1 -1 -1 1 
1 1 -1 1 1 1 -1 -1 1 3 3 3 -1 -1 -1 -1 -1 -1 -1 3 
1 1 -1 1 1 -1 1 -1 -1 3 3 3 -1 -1 -1 -1 -1 -1 3 3 
3 -1 1 1 1 1 -1 -1 3 3 3 3 3 3 -1 -1 -1 -1 3 3 
3 3 3 3 -1 -1 -1 -1 3 3 3 3 3 -1 -1 1 -1 -1 -1 -1 
-1 3 3 3 -1 3 3 -1 3 3 3 3 -1 -1 -1 -1 -1 3 3 -1 
3 40 3 -1 -1 3 3 -1 -1 -1 3 -1 -1 3 3 40 40 -1 -1 -1 
-1 3 40 -1 -1 -1 -1 -1 -1 -1 -1 -1 3 3 3 -1 -1 -1 -1 -1 
40 3 3 -1 -1 -1 -1 -1 -1 -1 40 3 3 3 -1 -1 40 40 -1 -1 
3 -1 -1 -1 -1 -1 3 -1 1 1 3 3 3 1 -1 -1 40 -1 -1 -1 
3 -1 -1 9 -1 3 3 3 3 3 -1 3 1 -1 -1 -1 40 40 -1 3 
-1 -1 3 3 -1 3 3 3 1 3 -1 -1 -1 -1 -1 -1 40 -1 3 -1 
-1 -1 -1 3 -1 3 -1 3 3 1 1 -1 3 -1 -1 -1 -1 -1 -1 -1 
1 -1 3 -1 3 3 3 3 -1 -1 -1 3 3 -1 3 -1 -1 8 8 1 
9 1 -1 1 -1 -1 40 40 40 40 40 -1 -1 -1 1 1 -1 -1 1 1 
1 -1 1 1 1 40 40 -1 9 40 -1 -1 -1 -1 -1 -1 -1 1 1 9 
-1 1 1 1 40 40 -1 9 9 40 40 -1 -1 -1 -1 -1 -1 9 -1 9 
1 1 1 40 40 -1 9 -1 -1 9 9 40 -1 -1 9 -1 9 9 9 9 
-1 1 9 40 -1 -1 -1 -1 9 9 -1 40 -1 9 -1 9 -1 9 9 -1 
3 1 1 9 -1 -1 -1 -1 -1 9 -1 -1 -1 -1 9 -1 9 -1 -1 9 
3 -1 -1 -1 -1 -1 -1 1 -1 -1 -1 -1 -1 -1 9 9 9 -1 -1 9 
9 -1 -1 3 -1 1 1 -1 1 9 -1 -1 -1 -1 9 -1 9 9 9 9 
9 9 3 -1 -1 1 -1 -1 -1 9 9 -1 -1 -1 9 9 9 9 9 -1 
-1 -1 3 3 1 1 1 -1 -1 1 1 -1 -1 -1 9 9 9 9 9 9 
-1 3 3 3 1 -1 1 1 -1 1 -1 40 -1 9 9 -1 -1 -1 -1 9 
-1 -1 3 1 -1 3 1 -1 40 40 40 -1 -1 9 -1 1 1 1 -1 9 
-1 -1 3 -1 1 40 40 40 40 40 40 9 9 -1 -1 -1 1 1 -1 -1 
3 3 -1 -1 -1 40 -1 40 40 -1 40 40 40 -1 -1 1 1 1 -1 3 
3 3 3 1 1 1 -1 -1 -1 40 40 40 40 -1 1 1 -1 3 -1 3 
3 1 -1 -1 1 1 1 -1 -1 40 40 40 -1 1 -1 -1 1 3 3 3 
1 1 1 1 1 1 1 -1 -1 -1 40 40 40 1 1 1 1 1 1 1 
1 1 -1 1 1 -1 40 8 8 -1 -1 -1 1 1 -1 1 -1 1 1 1 
1 1 1 1 1 -1 -1 8 40 8 -1 40 -1 1 1 1 1 1 1 1 
1 -1 -1 1 -1 -1 40 40 40 8 8 40 -1 1 1 1 1 1 1 1 
1 1 -1 -1 1 -1 1 1 -1 -1 9 -1 -1 -1 1 1 -1 1 1 1 
1 -1 -1 1 -1 -1 9 -1 -1 9 -1 9 9 9 1 1 1 1 1 1 
1 1 -1 -1 9 9 9 -1 -1 9 9 -1 -1 9 -1 -1 1 1 -1 1 
-1 9 9 -1 9 9 9 -1 9 9 9 9 9 9 -1 -1 1 -1 1 -1 
-1 -1 9 -1 -1 1 -1 -1 -1 9 -1 9 9 -1 9 -1 -1 -1 -1 -1 
-1 -1 9 9 9 1 9 9 9 9 9 9 -1 -1 -1 -1 -1 -1 -1 -1 
-1 -1 9 -1 9 9 9 9 9 9 9 9 -1 -1 -1 -1 -1 -1 -1 -1 
-1 9 9 1 1 9 -1 9 9 9 -1 -1 8 -1 -1 -1 9 9 -1 9 
9 9 9 9 -1 -1 -1 9 9 9 -1 9 -1 8 9 9 9 -1 9 -1 
9 -1 9 9 1 9 9 -1 9 -1 9 9 1 9 9 9 9 -1 9 9 
-1 3 1 -1 1 -1 -1 -1 -1 9 9 -1 1 9 9 9 -1 9 -1 -1 
9 1 3 -1 -1 1 1 -1 -1 -1 -1 9 -1 -1 -1 9 -1 1 9 1 
1 9 -1 -1 -1 1 1 9 9 9 9 -1 -1 -1 1 -1 1 -1 -1 -1 
-1 -1 -1 -1 -1 -1 1 1 9 -1 -1 1 -1 -1 1 -1 1 1 -1 9 
-1 1 1 -1 1 1 -1 1 -1 -1 1 1 -1 1 1 1 -1 1 1 9 
1 1 1 1 -1 1 -1 -1 -1 -1 -1 -1 -1 -1 -1 -1 1 -1 1 1 
-1 -1 -1 -1 1 -1 1 1 1 9 1 1 1 1 -1 -1 1 1 1 1 
-1 -1 -1 -1 -1 -1 1 1 -1 -1 9 1 1 1 1 1 1 1 1 1 
1 1 1 1 1 1 1 -1 -1 -1 -1 -1 1 -1 -1 1 1 1 1 1 
1 1 1 1 -1 1 -1 -1 -1 -1 -1 1 -1 -1 1 1 1 1 1 1 
10 -1 -1 -1 9 -1 -1 9 9 9 9 -1 9 -1 -1 9 -1 9 9 1 
-1 -1 -1 1 -1 9 9 9 9 -1 9 9 -1 -1 9 9 9 1 -1 10 
9 -1 1 1 1 9 9 -1 9 9 9 9 -1 -1 9 -1 1 1 10 -1 
-1 1 -1 9 9 9 -1 9 1 9 1 9 9 9 9 40 40 10 10 -1 
-1 10 9 10 -1 -1 1 1 9 9 1 -1 9 -1 1 -1 40 1 9 9 
9 10 10 -1 10 9 9 -1 33 9 -1 9 9 1 -1 40 1 1 1 -1 
10 10 10 10 10 33 -1 33 33 33 9 -1 1 33 33 1 1 1 1 1 
9 10 -1 9 33 -1 33 -1 33 33 33 9 1 33 33 33 3 3 1 9 
9 10 10 -1 -1 33 9 33 -1 -1 -1 1 -1 -1 33 33 33 -1 -1 9 
-1 10 -1 10 -1 9 9 -1 33 -1 9 -1 9 -1 33 33 -1 -1 -1 9 
-1 9 9 9 9 9 10 33 33 33 -1 9 -1 -1 -1 33 9 9 9 9 
33 33 9 -1 9 9 9 9 1 -1 -1 9 9 -1 -1 -1 -1 9 -1 -1 
10 10 -1 -1 -1 9 -1 9 1 -1 -1 9 -1 9 -1 -1 -1 9 -1 32 
-1 -1 1 -1 -1 -1 9 9 -1 1 9 9 -1 -1 -1 -1 9 40 10 10 
9 1 -1 -1 -1 1 9 9 1 -1 9 9 9 -1 -1 -1 -1 -1 1 9 
9 3 3 -1 1 1 1 3 9 -1 9 -1 -1 9 9 -1 9 9 -1 9 
-1 3 9 9 1 5 5 9 -1 -1 -1 -1 -1 9 9 9 -1 9 -1 9 
1 1 9 9 9 -1 9 5 9 -1 -1 -1 -1 -1 -1 9 9 9 9 1 
1 1 -1 9 9 9 -1 9 5 5 -1 -1 -1 9 9 9 9 9 9 1 
-1 -1 -1 -1 9 9 9 -1 9 9 9 -1 -1 9 -1 9 9 9 -1 9 
9 9 -1 1 1 1 9 1 1 -1 -1 3 3 3 3 -1 3 3 -1 -1 
-1 9 9 1 1 -1 -1 9 1 3 3 3 -1 -1 3 3 3 9 9 -1 
9 9 1 -1 1 -1 -1 3 -1 3 3 -1 -1 3 3 3 -1 9 -1 9 
9 9 9 1 -1 9 -1 -1 3 -1 -1 -1 -1 -1 -1 -1 -1 -1 -1 -1 
9 9 9 9 9 9 -1 -1 -1 3 -1 -1 -1 -1 3 3 -1 -1 9 -1 
9 9 9 9 -1 1 9 -1 9 -1 3 -1 -1 -1 -1 3 32 -1 -1 9 
9 -1 -1 -1 -1 -1 1 9 9 9 -1 -1 -1 -1 9 9 3 -1 9 9 
9 -1 -1 9 9 9 1 9 9 9 9 9 9 9 -1 9 9 9 -1 9 
-1 9 9 9 9 9 9 -1 -1 9 9 -1 9 9 9 -1 -1 -1 -1 -1 
9 9 9 9 9 9 -1 9 9 9 9 9 9 9 -1 9 -1 -1 -1 9 
9 9 9 -1 9 9 1 9 -1 9 9 9 1 9 9 -1 -1 -1 -1 -1 
-1 -1 -1 -1 9 9 9 -1 -1 -1 -1 1 9 -1 -1 9 1 1 -1 -1 
-1 1 -1 1 9 9 9 9 -1 9 -1 -1 -1 1 1 1 1 3 -1 -1 
-1 -1 1 9 -1 -1 9 -1 -1 9 9 1 -1 -1 1 1 1 -1 3 -1 
1 -1 1 1 9 -1 -1 9 9 -1 9 9 -1 -1 3 3 -1 -1 3 -1 
-1 1 1 9 1 1 -1 -1 9 9 9 -1 -1 -1 3 3 -1 -1 3 -1 
-1 -1 1 1 1 1 9 9 9 9 -1 2 -1 -1 -1 -1 -1 -1 -1 -1 
-1 -1 -1 1 1 1 -1 9 -1 -1 9 -1 2 -1 3 -1 -1 -1 -1 -1 
9 9 -1 -1 1 1 9 1 1 -1 3 3 2 -1 3 3 -1 9 -1 -1 
9 -1 9 1 1 -1 1 9 1 3 -1 3 3 3 3 3 -1 -1 9 9 
-1 1 -1 -1 -1 -1 1 -1 1 1 -1 1 1 -1 -1 -1 -1 1 1 -1 
-1 -1 1 -1 -1 1 1 1 1 1 -1 -1 -1 -1 -1 1 -1 -1 1 -1 
-1 1 -1 1 1 32 1 1 -1 1 1 -1 1 1 1 1 1 1 1 -1 
1 1 -1 1 -1 1 32 1 1 -1 1 -1 1 1 1 1 1 1 1 -1 
1 -1 -1 1 1 1 1 1 -1 -1 6 1 1 -1 -1 1 1 3 1 -1 
-1 9 -1 -1 9 -1 6 -1 -1 -1 1 6 -1 -1 -1 1 3 3 -1 -1 
9 1 9 1 1 9 6 -1 -1 32 1 6 6 6 -1 -1 -1 3 -1 -1 
1 9 9 -1 -1 -1 -1 32 6 6 -1 -1 -1 -1 3 3 3 3 3 -1 
1 9 9 -1 -1 -1 6 6 6 -1 -1 -1 -1 3 3 3 -1 3 3 3 
1 1 9 -1 -1 -1 -1 6 6 -1 -1 -1 1 3 1 -1 3 3 3 -1 
1 1 1 9 9 -1 -1 9 -1 6 -1 -1 -1 1 1 -1 -1 -1 -1 -1 
1 1 -1 -1 9 9 3 3 6 -1 -1 -1 1 -1 -1 1 1 -1 -1 -1 
1 1 1 9 9 3 -1 3 3 3 -1 32 -1 1 1 -1 -1 -1 -1 3 
9 -1 1 9 17 -1 3 -1 -1 -1 3 32 -1 -1 1 1 3 3 3 3 
9 -1 -1 -1 9 -1 -1 -1 -1 -1 6 -1 9 9 -1 1 1 9 9 9 
-1 -1 -1 -1 -1 -1 -1 -1 -1 6 6 32 6 9 9 9 9 9 9 9 
-1 -1 -1 -1 -1 9 1 -1 6 1 1 -1 9 -1 9 -1 -1 -1 -1 9 
-1 -1 -1 -1 -1 -1 1 1 1 2 1 1 9 9 -1 -1 -1 -1 -1 -1 
-1 -1 9 -1 -1 -1 -1 1 1 1 9 9 -1 9 -1 -1 9 -1 -1 1 
1 9 1 -1 -1 -1 1 -1 -1 1 1 1 -1 -1 -1 -1 9 1 1 1 
-1 -1 -1 -1 -1 -1 -1 1 1 1 1 1 1 -1 1 -1 1 -1 -1 -1 
-1 1 1 -1 -1 1 1 -1 1 1 -1 1 -1 1 -1 -1 -1 -1 -1 -1 
1 -1 -1 -1 -1 -1 1 -1 9 -1 -1 -1 -1 -1 -1 -1 -1 -1 -1 -1 
-1 1 -1 -1 -1 -1 -1 9 9 -1 -1 -1 -1 -1 -1 -1 -1 -1 -1 1 
1 -1 -1 -1 1 3 -1 3 9 -1 -1 -1 -1 -1 -1 -1 -1 -1 1 3 
3 1 -1 1 1 3 3 3 3 -1 -1 -1 -1 -1 -1 -1 -1 -1 -1 -1 
-1 -1 1 -1 3 -1 3 3 3 -1 -1 2 -1 -1 -1 -1 -1 -1 -1 -1 
-1 -1 1 -1 -1 3 3 3 3 -1 -1 -1 3 3 3 3 -1 1 -1 -1 
-1 -1 1 1 -1 3 3 3 -1 -1 3 3 -1 3 3 3 -1 -1 1 1 
1 -1 -1 1 1 3 3 3 -1 -1 3 32 3 -1 3 -1 -1 6 1 1 
1 1 1 -1 3 3 3 3 3 -1 -1 -1 32 -1 -1 6 6 6 4 4 
1 6 -1 9 3 3 -1 3 9 9 9 9 1 1 -1 6 -1 6 6 6 
6 6 -1 9 9 9 -1 1 -1 9 9 9 9 9 1 -1 -1 6 6 6 
-1 6 1 1 1 1 1 1 9 -1 -1 9 -1 -1 1 6 -1 6 6 6 
1 1 6 1 -1 1 1 9 3 9 -1 -1 -1 6 6 6 6 6 6 6 
1 3 -1 1 1 1 -1 9 9 9 -1 -1 6 -1 1 9 6 -1 6 -1 
-1 3 3 1 1 1 -1 3 -1 -1 -1 6 1 1 9 1 9 1 3 3 
3 -1 3 -1 1 1 1 -1 -1 -1 6 1 1 1 1 -1 -1 -1 1 3 
-1 3 3 -1 -1 1 -1 1 -1 1 1 1 1 -1 1 1 -1 -1 1 -1 
-1 -1 -1 -1 -1 -1 -1 1 -1 1 1 1 1 -1 1 1 -1 -1 -1 -1 
3 -1 9 -1 9 9 9 -1 1 -1 -1 -1 -1 3 3 3 -1 -1 3 3 
3 -1 -1 9 -1 9 9 9 3 3 -1 -1 3 -1 3 3 -1 -1 -1 -1 
-1 9 9 9 9 -1 9 1 -1 -1 1 1 3 1 1 1 -1 1 1 1 
-1 9 9 9 -1 9 9 -1 3 9 -1 9 9 -1 1 1 1 -1 5 1 
-1 1 1 1 -1 9 -1 3 -1 9 1 -1 -1 -1 1 1 -1 1 -1 -1 
-1 -1 1 -1 9 -1 1 1 9 1 -1 1 1 1 1 -1 1 -1 1 -1 
1 1 -1 -1 9 1 1 -1 1 1 1 -1 1 1 1 1 -1 1 1 -1 
1 1 -1 -1 -1 1 1 1 1 1 1 -1 1 -1 1 1 -1 1 1 1 
1 1 -1 -1 1 -1 1 1 1 1 1 1 -1 -1 1 1 1 1 1 -1 
-1 1 -1 1 -1 1 1 1 1 1 1 1 9 -1 1 -1 9 9 1 1 
1 1 -1 1 1 -1 -1 1 -1 2 1 9 -1 9 -1 1 1 1 1 1 
1 -1 -1 -1 -1 1 -1 -1 2 -1 -1 9 9 -1 -1 -1 1 1 1 -1 
1 -1 -1 -1 1 -1 -1 1 1 -1 9 9 9 -1 -1 -1 1 1 1 1 
-1 -1 -1 1 1 -1 1 -1 1 -1 1 9 9 -1 -1 -1 1 -1 1 1 
1 1 1 -1 1 1 -1 -1 -1 1 1 -1 -1 -1 1 1 1 1 1 1 
1 1 1 1 -1 -1 -1 -1 -1 -1 -1 -1 -1 -1 -1 1 1 1 -1 -1 
-1 1 -1 1 -1 -1 -1 -1 -1 1 1 -1 -1 -1 -1 -1 3 1 -1 3 
-1 -1 -1 -1 -1 -1 -1 -1 -1 1 1 -1 -1 -1 -1 -1 3 3 3 -1 
-1 -1 9 -1 -1 -1 -1 -1 1 -1 -1 -1 -1 3 -1 -1 -1 3 3 -1 
-1 3 -1 -1 -1 -1 -1 -1 -1 -1 -1 -1 -1 -1 -1 -1 3 3 3 -1 
-1 1 -1 -1 -1 1 1 -1 -1 -1 -1 -1 5 5 -1 5 -1 -1 1 1 
-1 -1 -1 -1 -1 -1 -1 -1 -1 -1 -1 5 5 5 -1 5 5 -1 1 1 
-1 -1 -1 -1 -1 -1 -1 1 -1 1 -1 5 5 5 5 5 5 5 -1 -1 
-1 -1 -1 1 9 9 1 -1 1 5 1 1 -1 5 -1 1 5 -1 -1 1 
-1 1 1 -1 -1 -1 -1 2 -1 -1 -1 1 -1 -1 5 5 1 1 -1 1 
-1 1 1 -1 -1 -1 -1 -1 -1 1 1 5 5 -1 -1 5 -1 1 1 1 
1 -1 -1 -1 -1 -1 -1 -1 -1 -1 1 -1 5 -1 5 1 1 1 1 1 
1 -1 -1 -1 -1 -1 -1 -1 -1 -1 1 1 1 5 5 5 1 9 1 -1 
1 1 1 -1 -1 -1 -1 3 -1 3 1 -1 1 -1 5 1 9 9 -1 1 
1 -1 -1 1 1 -1 3 1 3 3 -1 1 1 -1 -1 -1 -1 -1 -1 1 
1 -1 1 1 1 -1 1 3 -1 -1 3 1 1 1 -1 -1 -1 -1 1 -1 
1 1 -1 1 1 1 1 1 -1 -1 -1 1 -1 1 1 1 -1 1 1 1 
1 -1 -1 -1 1 1 1 1 1 1 1 1 -1 -1 1 1 1 1 1 -1 
1 1 1 -1 -1 1 -1 1 1 1 -1 -1 1 1 -1 1 1 -1 1 1 
1 1 1 1 -1 1 1 -1 1 1 1 1 1 1 -1 1 1 -1 1 1 
-1 -1 1 -1 1 1 -1 9 9 -1 -1 1 1 1 1 1 1 1 1 1 
-1 -1 1 1 -1 1 -1 -1 -1 1 1 1 1 -1 -1 -1 -1 -1 1 1 
1 -1 -1 -1 1 -1 -1 -1 1 -1 -1 1 1 1 -1 -1 -1 -1 -1 -1 
1 -1 -1 1 -1 1 -1 -1 1 -1 1 1 1 -1 -1 -1 -1 -1 -1 1 
1 1 1 1 1 1 1 1 -1 -1 -1 5 5 1 -1 5 -1 -1 -1 1 
1 1 1 -1 1 -1 1 3 -1 -1 3 1 1 1 1 1 1 1 -1 1 
1 -1 1 1 1 1 -1 -1 -1 -1 -1 1 1 1 1 1 1 1 1 1 
1 1 1 -1 -1 1 -1 -1 1 1 1 -1 -1 1 1 1 1 1 1 -1 
1 1 1 1 1 5 -1 1 1 1 1 1 1 -1 1 1 1 1 1 1 
1 1 1 1 1 1 -1 -1 1 -1 -1 1 1 1 1 1 1 1 1 1 
1 1 1 1 1 1 1 -1 9 -1 -1 1 1 1 -1 1 1 1 -1 1 
-1 1 1 1 -1 -1 1 1 -1 5 1 1 1 1 -1 1 1 -1 1 1 
1 1 1 1 1 -1 1 1 9 -1 1 -1 1 1 -1 -1 1 1 1 1 
-1 -1 1 1 1 1 -1 -1 9 -1 1 1 1 1 1 -1 1 1 1 1 
3 1 1 1 1 1 -1 -1 9 1 -1 -1 1 1 1 1 1 1 1 -1 
-1 1 1 -1 1 1 1 3 -1 1 1 1 1 1 -1 -1 -1 1 1 3 
9 -1 1 1 1 1 -1 1 1 -1 1 1 -1 1 -1 1 1 -1 3 3 
1 -1 1 1 1 -1 1 1 1 1 -1 -1 -1 1 -1 1 -1 1 3 -1 
-1 -1 1 1 -1 -1 1 -1 1 1 -1 -1 -1 1 1 -1 1 -1 -1 1 
1 -1 1 1 1 -1 1 1 -1 1 1 -1 -1 3 -1 -1 1 -1 1 1 
1 1 -1 1 1 1 1 -1 1 1 1 -1 -1 3 1 3 1 1 -1 1 
1 -1 -1 -1 1 1 1 3 1 1 -1 1 3 1 3 -1 -1 -1 1 1 
1 -1 1 1 -1 3 3 3 1 1 1 3 1 3 -1 -1 -1 -1 -1 -1 
1 1 1 1 3 1 -1 3 1 -1 1 -1 3 1 -1 -1 1 -1 1 -1 
1 1 1 1 -1 1 3 1 1 -1 3 1 3 -1 1 -1 1 1 1 1 
1 -1 -1 1 1 -1 1 -1 -1 3 -1 -1 -1 1 1 1 -1 -1 -1 1 
1 -1 -1 1 1 1 1 -1 -1 -1 3 -1 1 1 -1 1 1 -1 1 1 
-1 -1 -1 1 -1 -1 -1 1 1 1 1 1 1 -1 1 -1 -1 1 1 1 
1 1 -1 -1 -1 -1 3 1 1 1 1 1 1 1 1 1 -1 1 1 1 
1 1 -1 -1 -1 -1 1 3 1 1 1 1 1 1 1 1 1 3 1 1 
1 3 1 1 -1 1 -1 -1 -1 -1 1 1 -1 1 -1 1 1 1 3 3 
-1 3 3 -1 -1 -1 1 1 -1 1 -1 1 -1 1 1 1 1 -1 -1 3 
-1 3 1 1 -1 -1 -1 1 -1 1 1 1 -1 -1 1 3 1 -1 -1 5 
-1 -1 -1 1 1 1 1 -1 1 -1 1 -1 -1 1 1 -1 3 -1 5 5 
1 -1 -1 1 -1 1 -1 1 -1 -1 1 -1 1 -1 -1 3 3 3 -1 1 
-1 1 1 1 1 1 1 1 -1 1 1 1 1 1 1 3 3 3 -1 -1 
-1 -1 1 1 1 1 1 1 1 1 -1 1 1 1 1 1 -1 1 1 -1 
-1 1 1 1 -1 1 1 1 1 -1 -1 1 -1 -1 1 1 1 1 1 1 
1 1 1 1 1 -1 1 1 1 1 3 1 1 1 -1 1 1 1 1 -1 
3 1 -1 -1 1 1 1 1 3 3 3 1 1 -1 -1 1 -1 1 1 1 
1 1 1 1 1 1 1 -1 -1 3 -1 -1 9 -1 1 -1 1 1 1 1 
1 1 -1 1 1 1 1 1 -1 -1 -1 -1 -1 1 1 1 1 1 1 1 
1 -1 -1 1 -1 1 1 1 1 1 1 -1 1 1 1 -1 9 -1 1 1 
1 1 1 1 1 1 -1 1 1 1 -1 -1 1 -1 -1 9 -1 -1 1 1 
-1 1 1 1 1 1 1 1 1 3 -1 -1 -1 1 -1 -1 -1 -1 1 1 
1 1 -1 -1 1 1 1 1 1 1 1 1 -1 1 1 -1 1 1 1 1 
-1 1 1 1 1 1 -1 1 -1 -1 1 1 9 1 1 1 1 -1 -1 1 
-1 1 1 -1 1 1 -1 -1 -1 -1 9 9 9 3 1 1 1 1 -1 -1 
-1 1 1 1 -1 -1 -1 9 9 9 9 9 -1 -1 1 1 -1 6 1 -1 
-1 -1 1 -1 -1 3 9 -1 9 -1 9 9 9 3 3 -1 6 6 -1 -1 
-1 -1 -1 -1 -1 -1 3 3 -1 9 -1 -1 9 3 -1 3 6 -1 -1 -1 
-1 -1 -1 -1 -1 1 3 1 1 1 -1 -1 -1 9 -1 9 2 2 -1 -1 
-1 -1 -1 1 1 1 1 -1 1 9 -1 -1 9 -1 9 -1 2 -1 -1 -1 
1 -1 1 1 -1 1 -1 -1 9 -1 -1 -1 9 9 -1 -1 -1 2 -1 -1 
1 1 1 1 1 1 1 1 1 1 5 5 9 -1 -1 9 -1 -1 1 1 
1 1 1 1 1 1 1 1 5 5 1 -1 -1 1 9 9 -1 1 1 1 
1 1 -1 1 1 -1 -1 1 -1 1 1 -1 1 -1 1 9 1 1 1 -1 
-1 5 1 -1 1 1 1 -1 1 1 -1 -1 3 1 1 1 1 -1 -1 1 
1 5 1 1 1 1 -1 1 1 1 1 -1 1 -1 1 -1 1 -1 1 1 
1 1 1 -1 1 1 1 -1 1 -1 -1 1 1 1 1 1 -1 -1 1 -1 
-1 -1 5 1 1 1 1 1 1 1 -1 1 1 1 -1 -1 -1 -1 -1 -1 
-1 5 -1 1 1 1 1 -1 1 1 1 -1 1 -1 1 1 -1 -1 -1 -1 
-1 1 1 -1 1 1 1 -1 1 -1 1 1 -1 -1 -1 -1 1 1 -1 -1 
-1 -1 1 1 1 1 1 1 1 1 1 1 1 -1 1 1 1 -1 1 1 
-1 -1 -1 1 1 1 1 -1 -1 -1 -1 1 1 1 -1 1 -1 1 1 1 
3 3 1 3 1 3 3 3 -1 -1 -1 3 -1 -1 -1 -1 1 3 3 3 
3 1 3 -1 1 3 -1 3 -1 -1 -1 -1 -1 -1 -1 1 -1 3 3 1 
1 -1 1 1 -1 -1 -1 -1 3 -1 -1 -1 -1 -1 1 1 1 1 3 -1 
1 1 1 -1 -1 6 -1 -1 -1 -1 -1 -1 -1 2 1 -1 -1 -1 1 -1 
1 1 -1 1 -1 6 -1 -1 -1 -1 -1 -1 2 2 1 1 -1 -1 -1 1 
1 1 1 6 1 1 6 3 3 3 -1 2 -1 1 -1 -1 -1 -1 -1 1 
-1 1 1 6 1 1 1 3 3 3 3 -1 -1 1 1 1 -1 -1 1 3 
1 -1 -1 1 1 6 3 1 1 1 -1 1 1 1 1 -1 1 -1 -1 1 
-1 -1 1 -1 1 -1 1 -1 -1 1 -1 1 1 1 -1 1 1 41 -1 -1 
-1 1 -1 1 1 -1 1 -1 1 -1 -1 -1 1 1 1 1 1 1 -1 -1 
-1 -1 1 1 -1 -1 1 1 -1 -1 1 -1 1 1 1 -1 -1 1 -1 -1 
-1 1 3 1 -1 -1 -1 1 1 1 1 1 -1 1 -1 -1 1 1 1 -1 
1 3 -1 3 -1 -1 -1 1 1 -1 -1 -1 -1 -1 -1 -1 1 1 1 3 
3 3 3 3 -1 3 1 1 -1 1 -1 -1 -1 -1 -1 -1 1 1 3 -1 
-1 3 -1 3 3 3 1 1 1 -1 -1 -1 1 -1 1 1 1 1 -1 -1 
-1 -1 -1 -1 3 3 3 -1 3 1 -1 1 1 1 1 1 -1 1 1 -1 
-1 -1 -1 1 -1 -1 1 1 -1 1 -1 -1 1 1 1 1 1 1 -1 -1 
-1 -1 1 1 -1 -1 -1 1 1 1 1 -1 -1 1 1 -1 -1 1 -1 -1 
-1 -1 -1 1 -1 -1 -1 -1 -1 1 1 -1 1 1 -1 -1 -1 -1 3 -1 
-1 -1 -1 -1 3 1 -1 3 -1 -1 1 -1 3 -1 -1 -1 -1 3 3 -1 
3 3 3 -1 -1 -1 3 -1 -1 3 -1 -1 -1 1 -1 -1 -1 3 3 3 
-1 -1 -1 -1 -1 -1 -1 -1 -1 -1 -1 -1 -1 -1 3 -1 -1 3 3 -1 
1 -1 1 -1 -1 -1 -1 -1 -1 -1 3 3 3 3 -1 3 -1 -1 3 -1 
1 1 -1 -1 -1 -1 -1 3 -1 -1 3 3 3 -1 3 1 1 -1 3 1 
1 -1 -1 -1 -1 -1 3 -1 -1 -1 3 -1 -1 -1 3 3 1 -1 -1 -1 
-1 -1 -1 -1 -1 3 3 -1 -1 -1 3 -1 -1 -1 1 1 1 -1 -1 -1 
-1 -1 -1 -1 -1 -1 3 -1 3 1 3 3 -1 1 -1 1 -1 1 1 1 
-1 -1 -1 3 3 3 -1 -1 -1 -1 1 -1 3 -1 1 1 -1 -1 1 -1 
3 -1 -1 3 1 -1 3 -1 -1 -1 1 1 -1 3 -1 1 1 -1 -1 3 
3 3 -1 3 1 3 3 41 3 3 3 1 1 3 1 1 1 3 3 3 
3 3 3 3 3 3 3 3 3 3 -1 -1 3 3 3 3 3 3 3 3 
3 3 3 3 3 3 -1 -1 -1 3 -1 -1 -1 3 1 3 -1 3 3 -1 
3 -1 3 3 -1 3 -1 3 -1 -1 -1 -1 1 1 1 1 1 -1 3 -1 
-1 -1 -1 3 3 3 3 -1 -1 -1 -1 -1 1 1 1 1 1 3 3 3 
-1 -1 3 3 3 -1 -1 1 3 1 -1 -1 -1 1 -1 1 1 3 -1 -1 
-1 3 3 3 3 1 -1 1 3 1 -1 -1 1 1 1 1 -1 1 -1 -1 
-1 3 3 3 3 -1 1 1 3 -1 1 -1 1 -1 -1 3 1 3 -1 -1 
-1 3 3 3 3 -1 3 3 3 3 -1 1 1 1 -1 -1 -1 -1 3 -1 
3 3 -1 3 3 -1 -1 -1 -1 3 1 -1 1 1 1 -1 -1 3 -1 3 
3 3 -1 -1 -1 3 3 3 3 -1 -1 1 -1 1 1 1 -1 -1 -1 3 
5 3 -1 -1 -1 -1 1 3 3 3 -1 3 -1 13 -1 3 -1 -1 5 1 
3 1 9 -1 -1 -1 -1 -1 3 -1 -1 -1 -1 -1 -1 3 -1 -1 -1 5 
-1 -1 9 9 -1 -1 -1 -1 -1 -1 -1 -1 35 -1 3 33 3 -1 -1 -1 
-1 -1 9 9 -1 -1 -1 9 -1 -1 -1 -1 3 3 3 33 33 3 -1 3 
-1 9 -1 3 3 -1 -1 -1 41 41 41 3 3 3 -1 -1 3 3 -1 3 
3 -1 3 -1 3 -1 -1 -1 -1 41 41 3 3 3 -1 -1 3 3 3 3 
3 -1 -1 -1 1 -1 -1 -1 41 3 41 3 -1 -1 -1 -1 -1 3 -1 -1 
-1 -1 -1 1 1 3 -1 -1 -1 3 3 -1 -1 -1 41 -1 33 41 -1 3 
-1 -1 1 -1 -1 -1 3 3 -1 -1 -1 -1 41 41 -1 -1 41 41 3 41 
-1 -1 1 3 13 3 3 3 -1 -1 -1 41 -1 -1 41 -1 41 41 41 1 
-1 3 -1 3 -1 13 3 -1 -1 13 -1 -1 -1 -1 -1 41 1 1 -1 -1 
3 3 -1 3 3 -1 3 -1 -1 -1 -1 -1 9 -1 -1 -1 1 1 -1 -1 
41 3 -1 3 3 3 3 -1 -1 -1 -1 3 9 9 -1 3 1 -1 -1 -1 
41 3 41 6 3 3 3 3 -1 -1 -1 -1 -1 -1 3 -1 -1 1 -1 41 
41 -1 6 -1 3 3 -1 3 -1 -1 -1 -1 3 3 3 -1 -1 1 1 1 
-1 -1 -1 6 -1 -1 -1 3 3 3 3 -1 3 -1 3 -1 1 1 1 3 
1 3 3 -1 -1 -1 -1 3 3 1 3 -1 3 3 -1 1 1 -1 1 1 
-1 3 -1 -1 3 1 -1 3 -1 3 1 -1 3 3 3 -1 -1 -1 1 1 
-1 -1 -1 1 3 1 3 -1 -1 -1 -1 -1 -1 3 3 13 -1 -1 3 -1 
-1 -1 -1 1 1 1 -1 3 -1 3 3 -1 -1 3 13 -1 -1 -1 -1 3 
-1 -1 -1 -1 9 9 9 -1 -1 -1 -1 3 13 5 5 43 43 -1 -1 -1 
-1 -1 -1 -1 -1 -1 -1 -1 -1 -1 5 13 5 -1 13 43 5 5 -1 33 
33 -1 -1 7 -1 -1 -1 -1 13 13 5 13 -1 7 3 13 33 -1 33 33 
33 33 33 7 -1 9 -1 -1 13 1 13 -1 6 3 3 -1 33 33 33 33 
-1 -1 5 9 3 3 9 13 13 13 13 -1 6 7 3 3 33 33 33 -1 
-1 5 5 5 3 3 13 13 13 13 -1 3 -1 7 3 -1 33 33 -1 -1 
-1 -1 5 -1 3 33 -1 13 -1 -1 -1 -1 3 3 3 -1 -1 -1 -1 -1 
-1 -1 5 3 -1 9 -1 -1 13 -1 9 -1 -1 3 -1 3 -1 -1 -1 -1 
-1 -1 3 3 3 9 9 9 9 9 -1 -1 -1 3 -1 3 -1 3 -1 -1 
-1 5 -1 3 3 -1 -1 9 9 13 3 -1 -1 3 -1 3 7 3 6 6 
-1 5 5 3 -1 -1 -1 13 13 -1 3 3 7 -1 -1 -1 -1 7 7 6 
-1 5 5 -1 -1 -1 -1 3 13 13 -1 -1 6 7 -1 -1 -1 4 6 -1 
-1 -1 33 33 33 5 3 5 3 3 -1 -1 -1 6 6 -1 -1 -1 4 -1 
-1 33 33 33 -1 -1 5 5 -1 -1 3 13 -1 6 6 -1 9 9 4 4 
13 1 13 -1 33 -1 -1 -1 13 -1 13 13 6 -1 13 9 9 -1 -1 -1 
-1 13 13 -1 -1 3 3 13 13 13 13 -1 -1 3 13 -1 -1 3 3 -1 
3 -1 13 13 -1 13 -1 -1 -1 13 13 -1 -1 -1 13 -1 43 -1 -1 3 
-1 13 13 13 13 13 -1 -1 13 -1 -1 13 -1 43 43 43 -1 -1 -1 3 
13 5 13 13 -1 13 13 -1 -1 -1 -1 -1 13 -1 43 42 43 -1 -1 3 
3 3 -1 9 9 9 9 -1 -1 -1 -1 3 -1 5 -1 42 43 -1 -1 -1 
-1 3 3 -1 3 13 13 -1 -1 -1 -1 -1 13 -1 6 9 -1 -1 6 -1 
-1 13 3 -1 -1 13 13 3 -1 -1 -1 13 -1 -1 11 6 -1 -1 6 -1 
-1 13 1 -1 13 -1 -1 13 13 -1 13 -1 13 -1 -1 13 13 -1 -1 13 
13 13 1 5 5 13 -1 13 13 3 -1 13 -1 -1 -1 13 13 13 13 13 
13 -1 13 5 5 13 13 -1 3 13 13 13 -1 -1 -1 -1 13 13 13 13 
13 -1 -1 5 5 5 -1 5 5 13 13 13 -1 -1 -1 13 13 13 13 13 
13 -1 5 5 13 13 9 -1 13 13 13 -1 -1 -1 -1 -1 13 -1 13 13 
-1 -1 6 5 13 -1 -1 9 13 -1 -1 -1 -1 -1 -1 13 -1 13 13 -1 
7 6 6 -1 5 -1 9 9 9 13 -1 13 -1 13 13 13 13 13 13 13 
7 6 -1 5 5 -1 -1 -1 -1 -1 13 13 13 -1 9 13 13 13 13 13 
-1 -1 7 -1 -1 7 -1 7 -1 13 13 13 9 9 -1 -1 -1 -1 13 6 
-1 7 7 7 7 7 6 -1 -1 -1 13 -1 -1 -1 9 -1 -1 -1 7 7 
3 3 -1 3 13 6 -1 -1 -1 -1 -1 -1 -1 -1 9 9 9 7 7 7 
-1 3 3 3 5 5 13 13 13 13 13 13 -1 -1 -1 9 9 -1 6 7 
-1 -1 3 -1 13 -1 -1 13 -1 41 13 5 5 -1 9 5 -1 -1 -1 6 
3 3 -1 -1 13 13 -1 -1 -1 -1 -1 -1 5 -1 -1 5 -1 -1 -1 -1 
3 3 -1 -1 13 13 13 13 5 5 -1 -1 -1 5 5 5 -1 5 5 -1 
-1 3 3 -1 -1 13 -1 13 5 3 -1 -1 -1 5 -1 5 -1 -1 5 -1 
-1 -1 3 3 3 3 13 3 3 3 3 -1 13 13 13 9 -1 9 -1 -1 
-1 -1 3 3 3 3 13 3 -1 -1 -1 -1 13 -1 9 -1 9 -1 -1 -1 
5 -1 5 5 5 -1 -1 -1 -1 5 -1 13 13 -1 13 13 13 13 9 -1 
-1 5 5 -1 -1 -1 -1 7 7 13 13 13 -1 13 13 7 13 13 13 -1 
-1 13 13 -1 -1 13 5 7 13 -1 13 13 13 7 7 13 13 13 -1 13 
-1 13 13 5 13 13 13 -1 -1 13 13 -1 -1 7 7 7 -1 -1 -1 -1 
5 -1 13 5 -1 13 13 -1 5 -1 13 13 -1 -1 7 13 -1 13 -1 5 
-1 5 13 -1 5 13 -1 -1 5 -1 13 13 -1 -1 7 7 13 13 13 13 
13 7 3 13 5 -1 5 5 -1 -1 -1 -1 9 -1 -1 7 13 13 13 -1 
3 3 -1 -1 5 5 -1 -1 -1 -1 -1 -1 -1 9 -1 -1 -1 13 13 13 
5 3 -1 13 13 13 -1 -1 -1 -1 13 13 13 13 1 5 -1 -1 -1 13 
5 5 -1 13 13 -1 7 6 1 1 -1 13 -1 1 1 1 1 -1 13 -1 
5 5 -1 -1 -1 -1 5 7 6 1 -1 -1 1 -1 -1 1 1 1 -1 13 
5 5 5 5 5 5 13 -1 -1 1 1 -1 -1 1 -1 5 5 5 5 5 
5 5 5 3 3 -1 -1 13 9 1 -1 -1 1 1 1 5 5 1 1 -1 
5 -1 5 5 -1 -1 -1 9 9 9 -1 -1 -1 -1 -1 5 5 1 -1 1 
-1 5 5 5 5 -1 3 -1 9 9 13 -1 5 1 -1 -1 3 -1 -1 13 
-1 -1 5 -1 -1 -1 -1 -1 -1 13 13 13 13 -1 3 -1 3 -1 1 -1 
-1 13 5 -1 -1 13 13 -1 -1 -1 13 13 13 5 -1 3 -1 3 -1 1 
13 -1 -1 -1 13 13 3 -1 -1 13 -1 13 13 5 5 5 3 3 -1 -1 
13 -1 -1 -1 13 -1 -1 3 13 13 -1 13 13 5 5 13 13 -1 -1 -1 
13 5 -1 5 -1 -1 -1 -1 5 5 13 13 -1 3 13 13 13 13 13 13 
5 5 -1 -1 -1 -1 13 41 -1 -1 5 5 5 5 5 5 5 5 5 5 
5 -1 -1 -1 -1 41 -1 41 -1 5 5 5 5 7 13 7 5 5 5 5 
33 5 -1 7 41 9 5 -1 5 5 5 5 -1 13 7 13 5 5 7 5 
33 7 7 7 41 9 5 5 5 5 13 5 13 13 13 13 5 5 5 7 
5 -1 5 7 5 5 5 5 -1 -1 -1 13 13 -1 13 -1 -1 5 -1 -1 
5 5 7 -1 -1 5 5 5 5 -1 13 -1 13 -1 13 13 -1 -1 -1 5 
5 7 -1 7 -1 5 5 5 5 5 5 13 13 13 5 -1 -1 -1 -1 5 
-1 7 7 -1 5 -1 5 5 5 13 13 -1 13 -1 5 5 -1 -1 5 5 
-1 7 7 -1 5 -1 5 5 5 -1 -1 7 -1 13 5 5 -1 -1 5 -1 
-1 7 5 5 -1 5 5 5 5 -1 5 7 5 5 5 5 13 5 5 5 
-1 3 3 3 -1 5 5 5 5 -1 -1 5 5 5 -1 13 13 5 5 5 
7 7 3 7 5 5 5 -1 5 5 -1 -1 -1 5 5 -1 -1 5 5 -1 
5 7 -1 -1 7 -1 1 5 5 5 5 3 -1 5 5 -1 -1 -1 5 1 
5 5 7 7 -1 1 1 1 5 1 3 5 5 5 -1 -1 -1 5 -1 5 
5 3 3 -1 1 1 1 1 1 -1 -1 -1 5 5 -1 15 -1 5 5 5 
5 3 3 -1 -1 5 -1 5 13 5 -1 5 5 -1 -1 5 15 5 5 5 
5 13 13 -1 13 13 13 -1 5 13 13 13 -1 5 5 15 5 5 5 5 
13 13 5 13 -1 -1 13 -1 13 13 -1 -1 -1 13 13 5 5 5 5 5 
5 5 5 13 13 13 13 13 -1 13 -1 -1 -1 -1 -1 5 5 5 5 5 
5 5 5 -1 -1 -1 13 -1 -1 -1 -1 5 5 -1 5 5 5 5 5 5 
5 -1 7 5 7 5 7 7 5 5 5 -1 -1 5 -1 -1 7 7 7 7 
5 4 -1 7 5 7 7 5 -1 5 -1 5 5 5 -1 7 7 7 -1 5 
4 5 -1 5 5 7 7 5 5 5 5 -1 3 5 5 7 7 7 5 7 
4 7 -1 5 -1 7 -1 4 5 3 -1 3 5 5 -1 5 5 5 -1 5 
-1 7 5 -1 -1 -1 4 5 5 5 5 -1 7 5 5 5 5 5 -1 4 
-1 5 7 -1 -1 5 -1 5 5 5 5 5 7 5 5 5 5 4 5 -1 
7 7 7 7 -1 -1 41 5 5 5 5 -1 5 5 -1 5 4 4 4 7 
-1 7 3 7 13 41 41 41 5 5 5 -1 -1 7 5 5 5 -1 5 5 
-1 3 3 13 5 13 41 -1 7 7 7 3 7 7 -1 5 5 5 -1 3 
3 -1 3 13 3 -1 5 5 3 -1 5 5 7 7 -1 5 5 5 -1 -1 
-1 7 -1 5 3 5 5 7 3 3 -1 5 6 6 -1 5 5 3 3 13 
-1 7 7 -1 5 5 -1 -1 7 3 3 5 -1 7 5 5 -1 -1 -1 3 
-1 -1 7 5 5 5 -1 7 7 -1 5 5 5 -1 5 5 5 -1 -1 -1 
1 5 7 -1 7 7 5 5 7 5 -1 5 5 5 -1 -1 3 3 -1 -1 
-1 4 5 7 -1 7 5 5 5 5 -1 -1 -1 5 5 -1 5 5 5 1 
5 -1 5 7 -1 5 5 5 5 -1 -1 5 5 5 5 5 5 -1 -1 5 
4 4 4 5 -1 -1 5 7 5 5 5 -1 5 -1 5 5 5 7 -1 5 
4 5 5 -1 4 -1 7 5 -1 5 -1 -1 5 5 5 5 5 7 -1 -1 
-1 5 4 -1 -1 4 5 7 5 -1 5 5 5 5 5 5 5 7 5 5 
-1 -1 -1 -1 5 7 5 7 -1 5 5 -1 5 5 5 5 7 -1 7 7 
-1 5 7 5 -1 5 5 5 -1 5 5 7 5 5 5 5 7 -1 5 5 
5 5 5 7 5 -1 5 5 5 5 5 5 5 5 -1 5 5 5 5 5 
5 5 -1 -1 7 -1 7 -1 5 5 5 5 5 5 5 5 5 5 -1 5 
5 5 5 7 -1 -1 5 -1 5 5 5 5 5 -1 -1 5 5 5 -1 -1 
5 5 5 5 7 -1 -1 7 5 5 5 5 5 5 5 5 5 -1 -1 5 
5 5 -1 5 7 7 -1 5 5 7 5 5 7 -1 5 5 5 5 3 5 
3 -1 5 4 5 -1 7 5 5 5 7 7 5 -1 -1 5 5 3 3 3 
3 3 4 -1 5 5 -1 5 5 5 7 5 5 -1 5 5 3 3 3 -1 
-1 3 -1 -1 -1 5 5 5 5 -1 5 5 5 5 5 5 3 5 7 -1 
33 -1 5 5 5 5 -1 -1 5 1 5 -1 5 5 5 3 3 7 7 -1 
5 7 33 5 5 5 -1 -1 -1 5 4 7 5 4 5 3 7 7 7 7 
7 5 33 5 3 5 -1 -1 7 4 7 5 5 -1 5 -1 3 7 5 5 
5 5 5 5 5 5 5 -1 -1 7 7 7 5 5 -1 7 7 -1 -1 5 
5 5 5 5 5 5 5 5 5 7 5 5 5 5 -1 7 7 3 3 5 
5 5 5 5 5 5 -1 -1 5 7 5 5 -1 5 7 7 7 3 -1 7 
7 7 5 5 5 5 -1 7 5 7 5 5 5 5 7 5 3 7 7 7 
7 7 5 5 5 5 5 7 7 5 5 5 5 4 5 -1 5 7 7 7 
-1 -1 5 5 5 5 7 5 7 -1 5 5 5 7 5 5 7 7 7 7 
-1 -1 -1 -1 5 5 7 7 -1 7 5 5 5 5 5 5 -1 7 7 5 
5 5 -1 1 -1 5 5 -1 -1 5 7 5 5 -1 -1 5 5 7 7 -1 
5 5 -1 5 3 5 -1 5 -1 -1 -1 7 5 33 5 5 5 5 5 5 
5 -1 5 3 5 5 5 -1 5 -1 7 5 -1 5 33 33 33 5 5 -1 
-1 -1 5 5 5 5 5 -1 5 -1 7 6 -1 5 -1 33 33 33 5 5 
2 2 -1 7 7 5 5 5 -1 5 6 5 5 33 33 33 33 5 2 2 
2 -1 7 7 7 5 -1 5 5 5 5 5 5 5 33 -1 5 2 -1 2 
-1 -1 -1 5 -1 -1 -1 5 7 5 5 5 5 5 5 -1 33 -1 5 -1 
5 5 2 2 5 4 -1 4 7 5 5 5 7 5 5 5 5 5 5 7 
5 5 2 -1 4 -1 4 4 4 -1 5 7 5 4 5 5 5 5 5 -1 
5 5 -1 -1 -1 -1 -1 -1 -1 5 5 -1 5 -1 4 5 5 1 5 5 
5 5 5 -1 -1 7 -1 -1 -1 -1 5 -1 -1 7 5 4 1 5 5 -1 
5 5 5 -1 7 7 -1 -1 -1 -1 -1 -1 -1 -1 -1 4 -1 1 5 5 
-1 5 5 5 5 7 7 -1 -1 -1 -1 7 5 7 5 5 5 -1 -1 7 
7 5 5 5 -1 7 -1 -1 -1 -1 5 7 7 5 -1 5 5 5 -1 7 
-1 -1 5 -1 -1 -1 -1 -1 5 5 7 -1 33 5 5 5 5 -1 5 5 
5 5 5 7 -1 -1 -1 -1 -1 5 5 5 33 5 5 5 5 5 5 5 
5 -1 7 5 5 -1 33 33 33 5 5 3 3 3 5 7 3 5 3 5 
5 1 -1 5 5 -1 -1 33 -1 5 -1 3 5 5 7 -1 -1 3 3 7 
5 5 1 5 5 7 5 -1 -1 5 3 -1 5 5 -1 -1 3 3 -1 3 
5 -1 -1 5 7 5 5 3 3 -1 3 3 3 -1 -1 -1 -1 -1 5 5 
5 5 5 5 5 5 -1 -1 5 3 3 3 -1 -1 5 5 5 5 5 5 
3 5 3 5 5 5 5 5 -1 7 -1 -1 7 5 -1 5 5 5 5 3 
-1 3 5 -1 15 5 7 5 5 -1 7 7 5 7 5 5 5 -1 4 3 
3 5 -1 3 3 3 7 3 5 -1 7 7 5 5 5 5 5 -1 -1 4 
33 3 -1 1 3 5 3 7 7 7 7 5 5 7 5 -1 -1 1 1 -1 
7 7 1 -1 5 7 -1 7 -1 7 5 5 7 7 5 5 5 5 -1 3 
3 7 7 1 1 7 -1 7 7 7 7 5 5 7 7 5 5 -1 -1 -1 
-1 -1 5 1 -1 5 -1 7 -1 -1 7 5 7 -1 -1 5 9 9 -1 -1 
5 -1 5 5 -1 5 7 -1 5 5 5 5 7 5 -1 -1 -1 -1 -1 5 
5 5 5 5 -1 -1 7 -1 -1 5 -1 5 5 -1 -1 -1 -1 -1 5 5 
-1 5 -1 5 5 5 -1 5 -1 5 7 -1 -1 -1 -1 -1 -1 -1 5 5 
-1 -1 5 5 5 5 5 5 5 -1 7 7 -1 -1 5 5 5 5 5 -1 
-1 -1 5 5 -1 5 -1 5 7 7 7 7 -1 -1 -1 33 5 5 7 -1 
-1 5 5 5 5 5 5 5 -1 7 5 5 11 -1 5 5 33 33 5 5 
5 -1 5 5 5 5 5 5 5 5 -1 11 5 5 5 1 -1 33 5 -1 
-1 5 5 5 5 5 5 5 5 5 5 11 1 -1 1 -1 1 33 33 -1 
7 7 5 5 5 3 5 5 5 5 5 11 -1 5 5 -1 33 -1 7 -1 
7 7 5 5 3 3 5 5 -1 5 5 5 -1 7 5 5 5 7 -1 33 
7 5 5 5 3 -1 -1 -1 5 5 5 5 5 5 5 5 33 7 7 -1 
3 5 -1 5 3 3 -1 -1 5 5 7 5 5 5 5 5 7 -1 33 33 
-1 3 5 -1 5 -1 -1 -1 5 -1 -1 5 5 -1 7 4 5 33 3 3 
-1 5 7 1 1 4 -1 5 -1 1 -1 1 -1 1 5 5 5 5 5 -1 
5 7 7 -1 33 4 4 -1 -1 -1 -1 -1 -1 41 1 5 5 -1 5 -1 
5 7 7 33 5 -1 4 7 32 -1 -1 -1 41 40 40 41 41 -1 -1 -1 
5 -1 -1 5 7 4 5 33 7 -1 40 40 -1 -1 40 40 5 -1 -1 -1 
7 7 -1 -1 4 5 5 5 -1 5 -1 -1 40 -1 41 41 5 -1 -1 1 
1 7 6 -1 4 -1 4 -1 7 -1 41 41 -1 13 -1 15 13 5 5 5 
-1 4 -1 6 4 -1 4 -1 -1 -1 -1 -1 -1 -1 13 13 5 5 -1 -1 
5 -1 4 4 -1 7 7 -1 -1 32 -1 -1 41 -1 13 13 -1 33 -1 33 
5 33 -1 7 7 4 7 7 32 5 -1 40 -1 41 -1 13 41 7 33 -1 
5 33 4 4 6 -1 5 -1 5 33 41 41 41 41 41 41 -1 33 33 -1 
33 -1 -1 1 6 5 -1 4 5 33 33 41 41 40 41 41 33 -1 -1 -1 
-1 -1 -1 1 -1 1 1 7 7 8 33 41 41 40 41 1 33 41 -1 -1 
-1 -1 -1 1 1 -1 1 7 7 7 41 41 41 -1 33 2 33 33 41 -1 
-1 -1 1 1 1 -1 7 -1 7 -1 -1 41 40 33 40 2 2 3 33 33 
-1 -1 1 1 1 -1 -1 7 -1 33 33 40 41 33 40 41 33 33 3 -1 
-1 5 1 -1 1 -1 -1 33 32 5 4 -1 4 1 41 33 33 2 -1 -1 
5 7 -1 -1 1 1 -1 -1 32 4 3 4 5 41 -1 -1 33 -1 -1 -1 
5 5 7 -1 1 9 1 7 32 -1 -1 3 -1 -1 41 5 -1 -1 3 -1 
7 7 5 1 9 -1 1 1 7 1 1 -1 1 40 -1 5 5 -1 3 3 
5 -1 1 1 1 -1 7 7 7 1 1 -1 1 40 5 -1 5 -1 1 5 
33 33 -1 32 -1 -1 -1 -1 -1 -1 -1 9 9 32 32 -1 -1 -1 34 33 
7 -1 32 -1 33 7 7 5 -1 -1 -1 9 5 5 32 -1 5 41 5 5 
7 -1 33 33 33 -1 5 7 5 -1 5 5 5 -1 41 -1 5 7 -1 5 
33 5 -1 -1 -1 33 7 5 -1 7 5 5 5 5 5 41 7 5 -1 -1 
-1 33 -1 5 -1 33 -1 -1 7 7 5 -1 5 5 5 5 7 7 -1 -1 
-1 5 5 -1 -1 -1 -1 -1 -1 -1 -1 7 -1 5 5 5 7 -1 7 -1 
5 5 5 -1 -1 -1 -1 9 -1 -1 7 -1 -1 5 -1 41 5 -1 -1 -1 
-1 5 5 5 -1 33 33 33 33 33 33 7 -1 7 -1 -1 41 5 41 5 
5 -1 -1 7 7 7 33 -1 33 33 33 -1 7 7 -1 -1 40 40 5 -1 
40 5 41 7 7 7 33 33 33 33 5 33 33 7 33 33 -1 41 -1 41 
-1 -1 41 5 -1 7 5 33 40 33 33 33 -1 -1 -1 33 33 40 41 41 
-1 41 41 5 5 5 5 40 -1 33 33 33 -1 -1 -1 33 33 33 41 1 
1 40 40 5 5 5 5 5 5 5 -1 33 -1 -1 -1 -1 33 33 33 1 
-1 -1 -1 5 5 5 5 5 5 -1 -1 -1 -1 8 8 -1 33 33 33 1 
5 5 -1 40 40 -1 5 5 -1 -1 -1 -1 -1 8 -1 32 41 -1 -1 5 
5 -1 -1 -1 41 9 -1 -1 -1 -1 -1 -1 -1 -1 -1 -1 41 32 -1 -1 
5 5 -1 32 -1 -1 -1 5 5 -1 -1 -1 -1 -1 -1 -1 5 5 -1 33 
33 5 -1 -1 32 33 -1 -1 5 5 -1 -1 32 32 32 -1 5 5 33 33 
33 -1 -1 32 -1 -1 33 -1 -1 -1 -1 -1 -1 33 33 32 5 5 -1 -1 
-1 33 32 -1 32 -1 -1 -1 -1 -1 9 -1 9 5 9 33 33 33 33 34 
9 -1 5 -1 5 -1 41 41 -1 -1 -1 41 33 5 32 33 33 33 32 33 
8 9 5 5 40 41 -1 -1 -1 33 33 41 2 2 32 33 33 32 40 33 
40 9 -1 5 5 5 -1 -1 41 33 41 -1 -1 -1 33 -1 -1 -1 40 8 
8 9 5 -1 -1 5 5 -1 33 -1 33 -1 -1 -1 -1 4 4 4 40 40 
-1 41 -1 -1 -1 -1 -1 33 33 33 -1 33 32 -1 -1 4 4 4 -1 9 
41 -1 41 1 -1 -1 -1 33 33 5 -1 33 32 33 -1 -1 -1 -1 9 -1 
-1 41 -1 -1 -1 -1 -1 -1 5 32 -1 33 32 -1 -1 -1 -1 -1 -1 -1 
-1 41 41 -1 -1 -1 -1 -1 -1 33 33 33 33 32 -1 41 -1 41 -1 -1 
-1 41 -1 -1 -1 -1 -1 -1 5 -1 33 -1 -1 32 -1 -1 41 -1 -1 -1 
-1 -1 -1 -1 41 41 -1 -1 5 41 -1 41 -1 -1 32 -1 -1 -1 -1 -1 
33 -1 -1 -1 -1 -1 5 5 41 -1 41 -1 -1 -1 -1 -1 -1 -1 33 2 
2 33 -1 33 41 -1 5 5 -1 -1 -1 -1 33 -1 -1 33 -1 -1 33 33 
33 33 33 -1 -1 -1 -1 -1 -1 -1 -1 33 -1 -1 -1 33 -1 -1 33 33 
33 33 33 -1 -1 -1 -1 -1 -1 -1 33 -1 -1 -1 -1 -1 -1 -1 -1 -1 
33 -1 -1 9 -1 33 -1 -1 -1 -1 32 32 -1 9 -1 -1 33 -1 -1 33 
-1 -1 8 9 9 9 -1 -1 -1 -1 32 32 -1 -1 9 9 -1 33 -1 -1 
-1 8 9 -1 5 5 33 33 -1 33 -1 32 32 -1 -1 -1 -1 9 9 -1 
9 -1 -1 5 41 5 -1 33 -1 -1 -1 -1 -1 -1 -1 -1 -1 9 8 -1 
-1 9 9 5 5 41 -1 -1 -1 -1 -1 -1 33 33 -1 -1 33 8 8 9 
8 9 -1 9 5 -1 41 41 41 -1 -1 33 33 33 -1 33 33 -1 -1 8 
-1 2 2 -1 -1 -1 -1 10 33 10 10 2 2 -1 -1 2 -1 2 2 2 
2 2 2 -1 -1 -1 -1 33 2 2 2 2 2 -1 33 -1 1 -1 33 33 
40 40 -1 2 -1 -1 -1 33 3 4 2 2 1 1 33 -1 -1 1 1 41 
1 -1 -1 2 2 2 -1 33 4 4 4 2 2 33 -1 9 9 1 1 1 
-1 -1 -1 -1 2 -1 33 33 -1 -1 -1 2 2 2 9 3 8 8 1 1 
-1 2 2 -1 -1 33 32 32 32 33 -1 -1 2 -1 2 1 3 -1 2 2 
2 -1 41 40 41 -1 32 -1 33 33 -1 -1 -1 2 2 1 -1 -1 -1 2 
2 41 -1 41 -1 3 -1 -1 -1 33 -1 -1 2 2 -1 -1 -1 -1 2 2 
2 41 2 -1 -1 3 -1 -1 32 40 33 -1 -1 9 9 -1 2 1 -1 2 
2 41 -1 2 -1 -1 -1 -1 32 32 40 -1 -1 -1 -1 -1 2 -1 2 -1 
2 -1 1 -1 -1 41 41 -1 -1 41 41 41 -1 -1 41 41 2 2 2 2 
2 -1 -1 -1 -1 -1 -1 33 -1 -1 41 -1 41 40 41 -1 2 2 2 2 
-1 -1 2 -1 2 -1 33 33 33 -1 -1 -1 41 41 40 -1 -1 -1 -1 2 
-1 2 2 2 2 -1 33 2 2 2 2 -1 -1 41 41 40 -1 -1 -1 -1 
-1 2 -1 -1 2 -1 33 -1 -1 2 2 -1 -1 41 -1 40 1 -1 -1 41 
-1 -1 2 -1 2 -1 33 -1 -1 2 -1 2 -1 2 -1 1 2 40 41 -1 
2 2 -1 -1 -1 33 33 -1 10 2 2 2 2 2 2 -1 40 -1 2 2 
2 2 -1 -1 -1 -1 -1 2 2 10 -1 2 2 -1 -1 2 -1 -1 -1 2 
-1 -1 2 -1 -1 -1 -1 -1 -1 -1 -1 2 2 2 -1 2 2 -1 -1 -1 
-1 2 2 -1 -1 -1 1 1 -1 -1 2 2 4 2 2 2 2 -1 2 2 
1 1 -1 1 1 -1 1 1 -1 -1 -1 -1 2 -1 2 -1 1 1 1 1 
1 -1 -1 2 1 1 -1 1 -1 -1 -1 2 -1 1 -1 -1 1 1 1 -1 
1 -1 2 2 -1 2 -1 -1 1 -1 -1 2 2 1 -1 -1 1 -1 -1 1 
-1 2 -1 2 2 2 2 2 -1 -1 -1 2 -1 2 -1 1 -1 -1 1 1 
1 -1 -1 2 1 2 -1 -1 32 32 33 2 2 2 1 1 -1 -1 1 1 
-1 41 -1 1 -1 2 -1 2 33 40 32 -1 1 1 1 1 -1 1 1 -1 
41 40 40 40 1 -1 2 32 32 40 1 1 1 1 1 1 -1 -1 -1 -1 
41 41 5 40 -1 1 1 2 -1 -1 1 1 2 1 -1 41 -1 2 -1 41 
-1 41 1 4 1 2 1 -1 -1 1 -1 2 -1 -1 41 41 2 -1 2 -1 
-1 2 -1 -1 -1 2 -1 -1 -1 2 2 2 41 40 40 2 41 -1 2 -1 
2 -1 -1 -1 1 -1 -1 -1 -1 -1 2 2 2 -1 41 41 -1 1 1 -1 
-1 -1 -1 -1 1 1 -1 1 -1 1 2 -1 2 -1 9 -1 -1 3 -1 1 
-1 -1 -1 1 1 -1 1 1 1 1 1 1 2 -1 2 -1 2 3 3 3 
1 1 1 1 1 1 1 1 1 1 1 8 3 2 2 2 2 2 -1 3 
-1 1 1 1 -1 -1 1 1 1 1 1 8 -1 -1 -1 2 -1 2 1 1 
1 -1 -1 -1 -1 -1 1 1 -1 -1 1 1 -1 2 -1 -1 -1 2 2 1 
1 -1 -1 -1 -1 2 2 2 1 -1 -1 1 -1 2 2 1 -1 2 -1 -1 
-1 -1 -1 -1 1 2 2 2 1 2 -1 1 1 2 1 1 1 -1 -1 -1 
-1 1 1 1 1 1 41 41 2 -1 2 1 -1 1 -1 1 1 -1 -1 -1 
1 1 1 1 1 1 1 1 1 -1 -1 2 -1 2 -1 1 1 1 1 1 
-1 2 4 2 -1 -1 2 2 2 -1 2 -1 -1 1 4 4 4 4 -1 4 
-1 4 4 -1 -1 2 2 2 -1 -1 3 3 3 4 -1 4 4 4 1 -1 
4 -1 4 -1 4 2 2 2 2 -1 2 -1 3 -1 4 4 -1 1 1 4 
4 4 6 4 -1 -1 2 -1 2 2 -1 4 2 2 -1 -1 1 4 4 4 
4 6 2 4 4 -1 2 2 -1 2 -1 2 -1 -1 1 1 1 1 4 -1 
3 2 -1 2 4 -1 -1 2 2 2 2 2 -1 1 1 -1 1 1 1 -1 
32 3 -1 2 2 2 -1 2 2 2 2 -1 2 -1 1 -1 1 1 -1 32 
33 3 32 2 -1 -1 2 -1 2 1 2 2 1 1 2 1 -1 1 1 32 
33 32 2 -1 2 2 -1 -1 1 1 1 2 -1 1 -1 -1 1 -1 -1 32 
-1 -1 33 4 2 -1 4 -1 -1 1 1 1 1 -1 -1 -1 -1 1 -1 -1 
2 2 2 4 -1 4 4 2 2 2 1 -1 -1 1 1 1 1 1 2 2 
-1 2 2 2 2 4 4 2 2 2 -1 2 -1 1 -1 1 1 1 1 1 
-1 2 2 2 4 4 2 4 2 -1 2 2 1 1 -1 1 1 1 -1 1 
-1 2 2 2 2 4 2 2 -1 1 1 -1 -1 1 -1 -1 1 1 1 1 
-1 -1 2 2 2 -1 -1 2 2 1 1 1 1 -1 1 1 -1 1 2 2 
-1 -1 2 -1 2 -1 -1 2 2 1 1 -1 1 1 1 -1 4 2 1 2 
-1 2 2 3 2 -1 2 2 -1 1 1 2 1 4 4 -1 -1 4 2 2 
2 -1 2 -1 -1 2 2 -1 2 -1 2 -1 1 4 4 4 4 -1 2 2 
2 2 2 2 2 2 2 -1 2 1 2 2 -1 -1 1 1 -1 -1 4 4 
2 2 2 2 -1 -1 2 -1 -1 1 2 2 -1 1 1 4 4 4 4 4 
-1 -1 -1 -1 -1 1 2 -1 -1 -1 6 -1 -1 -1 4 -1 -1 4 -1 -1 
-1 -1 -1 -1 1 1 1 2 -1 -1 -1 -1 -1 4 4 -1 -1 -1 4 -1 
-1 -1 -1 -1 1 2 -1 2 2 -1 2 4 -1 4 4 -1 4 4 4 4 
-1 -1 1 2 -1 6 6 6 2 2 2 4 4 -1 4 4 4 4 4 6 
-1 1 1 1 2 6 6 6 2 2 2 4 -1 -1 -1 4 4 4 -1 4 
4 -1 1 2 -1 2 2 -1 4 2 2 2 4 -1 -1 -1 -1 -1 4 4 
4 4 2 2 -1 2 -1 6 4 1 2 4 4 1 1 6 -1 6 4 6 
-1 -1 3 3 2 1 -1 -1 1 -1 1 -1 1 1 1 1 6 -1 -1 -1 
-1 -1 2 2 2 2 -1 -1 4 -1 -1 -1 3 -1 7 -1 2 4 4 -1 
4 -1 -1 2 2 -1 -1 1 -1 -1 -1 3 -1 7 2 2 2 4 -1 4 
4 -1 -1 -1 2 -1 -1 1 -1 1 2 2 2 2 2 2 2 2 4 4 
4 -1 -1 -1 -1 -1 4 -1 1 -1 1 2 2 -1 -1 2 2 2 -1 4 
-1 2 2 -1 -1 -1 4 4 -1 1 1 2 2 -1 4 4 2 -1 -1 -1 
-1 2 -1 -1 -1 -1 4 4 4 -1 2 2 1 1 4 4 4 4 4 -1 
4 -1 2 -1 -1 4 -1 1 -1 -1 -1 -1 2 -1 1 4 4 6 6 4 
-1 2 -1 2 -1 4 1 -1 1 -1 -1 -1 -1 2 2 4 -1 -1 4 4 
-1 2 2 -1 1 1 1 1 -1 1 -1 2 2 -1 -1 -1 6 6 -1 -1 
-1 1 1 2 1 1 -1 -1 4 1 6 -1 2 2 -1 -1 2 2 1 -1 
-1 -1 2 -1 1 1 1 1 2 6 -1 -1 2 -1 2 2 2 1 -1 1 
1 -1 -1 1 1 -1 1 -1 1 6 -1 -1 2 -1 -1 4 2 -1 1 -1 
6 2 2 6 6 6 6 6 4 4 -1 -1 4 4 -1 4 2 -1 4 -1 
6 2 6 2 6 2 -1 6 6 6 4 2 -1 4 -1 -1 -1 4 2 2 
2 6 2 -1 -1 -1 6 -1 -1 4 2 2 -1 -1 -1 2 2 3 2 2 
-1 -1 6 -1 -1 6 4 4 -1 2 -1 2 2 1 2 2 2 2 2 6 
2 -1 -1 6 6 4 4 4 2 -1 -1 2 2 2 -1 11 -1 4 2 2 
2 -1 8 2 2 6 6 6 -1 -1 -1 -1 11 11 11 11 11 -1 2 2 
2 -1 2 2 2 6 2 6 -1 -1 -1 -1 -1 11 11 11 -1 2 -1 -1 
-1 -1 2 2 4 6 2 6 6 6 -1 -1 4 2 11 2 11 2 2 2 
2 2 2 2 6 6 6 2 6 -1 6 -1 4 2 -1 11 2 2 2 -1 
2 2 2 2 -1 6 2 -1 6 6 6 4 -1 4 4 -1 4 2 2 2 
-1 2 2 2 2 6 -1 6 6 -1 6 4 -1 -1 4 -1 4 2 2 2 
2 2 2 2 2 6 -1 -1 -1 6 -1 -1 -1 1 1 4 4 4 2 -1 
2 2 2 2 2 2 2 2 -1 -1 -1 -1 1 -1 1 4 4 2 2 2 
2 2 2 2 2 -1 2 2 6 -1 4 1 4 4 4 -1 -1 -1 -1 -1 
2 2 2 2 2 6 6 -1 -1 4 -1 1 1 4 -1 4 -1 -1 -1 2 
2 -1 2 -1 6 6 2 -1 -1 -1 4 4 4 -1 -1 4 -1 -1 -1 2 
-1 -1 -1 6 6 -1 6 2 2 -1 -1 -1 4 -1 -1 -1 -1 -1 2 2 
-1 -1 6 6 6 6 6 6 6 2 -1 -1 4 -1 4 4 -1 -1 2 2 
-1 -1 -1 6 6 6 6 6 2 4 -1 -1 -1 -1 4 2 2 -1 -1 4 
-1 6 6 6 6 -1 6 6 6 4 -1 -1 -1 -1 -1 4 2 4 4 6 
-1 -1 3 4 -1 4 -1 3 11 11 6 -1 4 -1 -1 2 2 2 -1 -1 
-1 6 3 3 4 6 3 2 2 2 -1 4 4 -1 2 4 4 -1 -1 -1 
6 6 3 2 4 -1 6 -1 2 -1 2 -1 -1 4 4 4 4 4 4 4 
4 6 6 4 2 2 3 3 2 -1 2 -1 4 -1 4 -1 4 4 2 2 
6 6 4 6 -1 -1 7 3 2 2 2 2 4 2 4 4 -1 4 -1 -1 
6 -1 6 -1 -1 -1 -1 7 3 2 2 4 2 -1 2 2 4 4 4 6 
4 4 -1 6 6 6 -1 -1 4 -1 4 4 -1 2 2 -1 4 4 4 -1 
4 4 6 -1 6 6 4 4 4 4 -1 -1 4 4 -1 -1 4 -1 2 4 
2 4 -1 6 6 6 -1 4 4 4 -1 -1 -1 4 4 4 2 2 2 2 
-1 -1 2 -1 8 8 2 6 4 4 2 -1 -1 -1 -1 -1 -1 2 2 2 
2 2 -1 8 -1 8 2 -1 4 4 2 2 -1 -1 2 2 2 -1 -1 -1 
2 2 8 8 2 2 -1 2 -1 -1 2 2 -1 -1 2 2 2 -1 4 -1 
-1 2 -1 8 2 2 2 2 -1 6 -1 2 -1 2 2 2 2 4 4 -1 
-1 -1 8 2 8 2 2 2 2 -1 6 -1 -1 2 -1 2 -1 4 -1 6 
-1 -1 8 2 2 2 2 6 6 11 11 4 -1 -1 2 2 2 2 4 6 
-1 8 -1 -1 8 2 2 6 -1 11 4 -1 -1 4 -1 2 2 6 6 -1 
-1 -1 6 8 6 -1 -1 6 -1 4 4 4 11 4 4 2 -1 -1 6 -1 
-1 -1 -1 6 3 3 3 3 4 4 -1 11 11 -1 2 2 -1 -1 -1 4 
2 -1 -1 -1 3 3 3 3 -1 4 11 11 -1 11 -1 2 2 2 -1 4 
-1 2 -1 3 -1 6 3 -1 2 -1 11 2 11 4 -1 -1 4 -1 2 2 
-1 2 6 2 -1 8 -1 5 5 5 -1 4 6 6 2 4 4 4 2 4 
-1 -1 2 6 6 6 8 -1 -1 5 -1 -1 6 6 6 4 2 -1 -1 2 
2 6 2 -1 6 6 -1 3 3 3 -1 -1 6 6 -1 4 4 2 2 2 
-1 4 6 6 4 -1 -1 -1 3 3 -1 6 6 6 6 -1 -1 2 2 2 
-1 -1 6 4 -1 4 4 -1 2 2 6 6 1 6 -1 -1 -1 2 3 2 
-1 6 2 4 4 4 4 2 2 2 6 6 4 4 -1 -1 2 2 3 3 
2 2 2 -1 -1 4 4 4 2 -1 4 4 6 6 4 -1 4 -1 -1 3 
6 2 -1 -1 4 4 2 2 -1 6 6 6 6 -1 2 -1 4 -1 -1 3 
2 -1 4 6 4 4 4 2 -1 -1 4 4 -1 -1 -1 4 4 -1 -1 -1 
-1 3 6 6 4 6 -1 2 2 4 4 -1 4 4 4 2 2 -1 -1 -1 
3 2 3 2 6 4 4 4 -1 -1 -1 4 4 4 2 4 -1 -1 -1 -1 
-1 3 2 -1 4 4 4 4 4 -1 4 4 4 -1 -1 2 -1 -1 -1 -1 
-1 3 2 -1 -1 -1 -1 4 4 -1 4 4 2 2 -1 -1 -1 -1 -1 3 
-1 2 -1 -1 2 -1 -1 4 4 4 4 2 2 2 2 2 -1 -1 2 2 
2 -1 2 2 2 2 -1 4 4 4 4 2 -1 2 2 2 2 -1 2 2 
2 2 -1 -1 2 2 4 4 -1 4 2 -1 2 -1 2 -1 2 2 2 2 
2 2 2 2 2 3 2 4 4 4 3 -1 -1 2 4 -1 -1 -1 -1 -1 
-1 -1 11 2 2 2 -1 2 2 5 5 1 2 4 2 4 -1 -1 2 2 
3 3 11 11 2 2 2 2 1 1 4 2 -1 4 2 4 2 2 -1 2 
2 2 11 -1 6 -1 2 2 5 2 5 4 4 2 4 4 4 -1 2 2 
4 -1 2 2 2 2 2 -1 -1 -1 -1 -1 3 10 3 10 -1 -1 4 4 
4 4 2 2 -1 2 2 -1 3 -1 3 3 3 -1 3 3 3 -1 -1 4 
4 4 2 -1 -1 2 2 3 10 3 3 3 -1 3 3 3 -1 -1 -1 -1 
4 3 3 -1 2 -1 -1 3 3 10 -1 10 -1 -1 3 3 -1 6 4 4 
-1 4 -1 -1 -1 -1 3 3 3 4 -1 -1 3 3 3 3 3 3 4 -1 
3 4 4 4 -1 3 3 4 -1 -1 4 2 3 10 3 3 -1 4 4 -1 
-1 4 4 4 -1 3 -1 33 3 3 3 3 -1 -1 -1 -1 4 -1 6 -1 
3 4 3 3 -1 4 4 4 33 33 33 3 3 -1 4 6 4 -1 -1 -1 
2 2 3 3 4 4 4 -1 -1 33 33 33 -1 4 4 4 -1 -1 6 4 
4 -1 3 3 3 4 4 4 33 -1 33 4 -1 4 -1 6 -1 6 6 4 
-1 3 3 3 3 4 3 6 -1 -1 33 -1 4 6 -1 6 6 6 -1 4 
-1 3 3 3 3 -1 -1 2 -1 -1 -1 -1 4 -1 6 -1 6 -1 -1 4 
3 3 2 2 3 -1 -1 -1 2 -1 3 3 3 -1 6 6 -1 -1 -1 -1 
3 -1 -1 -1 3 3 -1 2 2 2 3 3 3 3 6 6 -1 6 -1 -1 
6 6 -1 -1 -1 -1 -1 2 2 -1 2 -1 3 -1 3 6 -1 6 -1 -1 
2 2 -1 -1 3 -1 -1 -1 -1 -1 2 2 3 3 3 6 6 -1 -1 4 
4 2 -1 -1 3 -1 3 3 -1 -1 -1 -1 4 2 4 -1 1 1 1 -1 
2 2 -1 3 3 3 3 3 -1 6 -1 -1 4 10 -1 4 1 4 6 1 
2 2 2 2 3 3 3 -1 6 -1 -1 10 10 3 3 4 10 10 1 1 
-1 2 2 2 2 6 -1 -1 -1 -1 -1 -1 10 -1 3 3 10 10 4 -1 
-1 -1 3 3 3 3 -1 6 -1 6 4 1 1 1 2 2 2 -1 2 2 
2 -1 -1 -1 3 3 -1 -1 -1 -1 4 -1 -1 2 -1 2 2 2 -1 2 
2 2 -1 -1 3 3 3 -1 -1 -1 -1 -1 -1 2 2 2 2 -1 3 3 
-1 -1 -1 -1 3 3 3 1 3 -1 -1 -1 3 -1 2 3 2 3 2 3 
2 -1 -1 -1 3 -1 1 1 1 -1 3 3 3 3 3 2 3 2 2 2 
2 2 2 3 3 -1 3 3 1 -1 -1 3 -1 -1 3 3 3 3 2 2 
2 2 3 3 3 3 3 1 3 -1 3 -1 3 3 3 3 3 36 36 36 
36 36 36 3 3 3 1 -1 3 3 3 -1 -1 -1 3 -1 3 3 36 3 
36 36 36 36 36 4 -1 4 4 3 -1 3 3 3 3 3 3 3 3 3 
10 3 36 -1 -1 4 -1 4 4 3 3 3 -1 3 -1 3 3 -1 3 10 
10 3 3 -1 -1 -1 4 4 3 3 -1 3 3 3 -1 -1 3 3 3 10 
-1 10 -1 36 -1 -1 -1 -1 3 3 3 3 -1 -1 3 10 3 -1 10 10 
-1 -1 36 3 3 -1 -1 -1 3 -1 3 3 -1 -1 3 10 10 10 10 10 
10 36 -1 3 3 -1 -1 -1 -1 -1 3 3 -1 -1 3 3 -1 -1 10 -1 
10 -1 4 -1 -1 3 6 -1 3 -1 3 3 -1 3 -1 4 4 4 10 -1 
-1 3 4 4 4 3 6 -1 -1 3 3 3 -1 3 3 3 6 2 10 10 
3 4 4 4 -1 4 4 -1 -1 -1 3 3 3 3 3 3 2 2 2 3 
3 3 4 4 4 4 -1 4 6 -1 3 -1 3 3 3 3 -1 2 -1 2 
-1 3 -1 4 4 4 4 4 6 3 3 6 6 3 3 2 2 2 4 -1 
-1 3 -1 4 -1 -1 -1 6 6 4 4 6 1 1 -1 -1 2 -1 -1 4 
-1 -1 3 3 -1 3 -1 -1 4 6 6 4 6 6 3 3 3 3 -1 -1 
-1 -1 -1 6 -1 4 3 2 4 -1 4 4 6 6 -1 -1 -1 3 3 -1 
-1 4 -1 -1 4 -1 2 -1 -1 -1 -1 -1 6 4 4 3 3 -1 -1 3 
3 3 6 -1 4 -1 -1 -1 -1 -1 -1 -1 -1 4 4 3 3 3 3 -1 
3 3 3 6 -1 -1 -1 6 -1 3 3 2 -1 -1 4 -1 3 3 -1 -1 
-1 -1 6 6 -1 -1 -1 6 4 3 6 -1 3 3 -1 3 3 -1 3 3 
3 -1 -1 -1 6 -1 6 4 3 6 4 3 3 3 3 3 -1 3 4 3 
-1 -1 -1 4 6 6 -1 6 6 6 3 3 3 3 3 -1 3 4 1 4 
6 6 -1 4 6 4 3 6 6 6 4 3 3 3 6 6 3 3 1 1 
6 4 4 4 6 3 4 6 -1 4 -1 -1 -1 3 6 4 3 -1 6 1 
1 4 6 -1 4 4 -1 -1 -1 3 3 3 -1 -1 4 4 6 4 6 1 
4 -1 6 6 6 4 -1 -1 -1 -1 3 3 -1 -1 -1 4 4 6 1 1 
-1 -1 -1 6 6 4 4 6 -1 -1 -1 3 3 -1 -1 -1 -1 3 1 -1 
-1 1 1 -1 6 6 6 -1 3 -1 3 3 3 -1 -1 -1 3 1 1 1 
1 1 1 1 -1 3 -1 -1 -1 3 3 3 -1 -1 -1 -1 -1 3 3 1 
1 -1 -1 4 4 3 3 -1 3 -1 3 3 -1 10 -1 3 3 -1 1 3 
3 3 -1 3 3 6 -1 3 3 3 -1 -1 -1 -1 3 3 3 3 3 3 
3 -1 -1 3 3 -1 -1 3 3 -1 -1 -1 -1 3 3 3 3 3 3 -1 
3 3 3 -1 3 3 -1 -1 6 -1 3 -1 -1 4 3 3 3 3 3 3 
-1 3 3 -1 -1 3 -1 6 3 -1 3 6 6 4 -1 3 3 3 3 -1 
4 4 3 4 4 3 4 6 6 6 6 4 4 -1 6 6 6 3 6 -1 
4 4 4 -1 -1 -1 3 4 3 6 -1 4 -1 6 6 2 6 6 4 -1 
4 6 -1 3 2 -1 3 3 -1 6 2 4 6 4 -1 -1 1 1 -1 4 
4 -1 -1 2 3 6 2 3 -1 4 4 -1 4 6 3 1 1 -1 4 4 
-1 4 -1 1 -1 -1 6 2 3 4 -1 4 4 4 3 3 3 3 -1 4 
1 -1 1 1 -1 -1 -1 6 -1 -1 -1 4 4 1 1 3 3 3 3 -1 
6 -1 -1 1 -1 -1 -1 -1 -1 4 4 4 -1 3 2 3 3 -1 3 1 
3 3 -1 -1 1 6 6 -1 4 -1 4 4 4 3 -1 4 -1 3 6 6 
-1 3 3 3 1 1 6 -1 4 6 4 4 4 4 3 -1 4 6 3 3 
3 -1 3 -1 -1 -1 -1 3 4 6 4 4 4 -1 4 3 4 -1 6 -1 
3 3 -1 -1 3 3 3 3 3 3 4 -1 4 6 3 4 3 3 -1 -1 
3 3 4 6 3 3 3 -1 -1 6 6 -1 6 -1 4 4 -1 3 3 -1 
1 4 -1 -1 -1 3 6 3 -1 6 -1 6 -1 4 3 4 4 3 3 1 
3 4 4 4 3 6 6 6 6 4 6 6 6 -1 -1 4 4 -1 -1 3 
-1 4 3 3 3 3 -1 -1 -1 6 4 6 4 -1 6 3 3 -1 -1 3 
3 3 4 -1 3 6 6 -1 6 -1 -1 6 6 4 -1 6 6 -1 4 -1 
3 4 3 -1 -1 4 4 6 4 6 6 6 4 -1 6 6 -1 -1 -1 3 
3 3 -1 4 -1 4 4 -1 4 6 6 6 -1 4 6 -1 4 4 4 3 
3 4 4 -1 4 4 4 4 6 4 -1 6 6 -1 4 4 4 6 4 3 
3 4 3 3 4 -1 -1 4 4 4 6 6 -1 4 6 4 6 4 6 -1 
-1 2 -1 6 6 -1 6 -1 6 6 -1 4 2 4 1 2 2 2 -1 4 
-1 -1 -1 -1 2 3 6 4 4 6 2 2 2 1 2 1 1 -1 4 6 
-1 6 6 -1 -1 3 3 6 -1 4 2 2 1 1 1 1 1 2 -1 6 
-1 -1 6 6 6 4 3 6 -1 -1 6 6 -1 1 1 1 -1 6 6 4 
4 -1 -1 6 3 6 -1 -1 6 4 -1 -1 6 6 1 -1 1 2 1 -1 
-1 -1 4 4 6 2 2 2 4 4 -1 6 4 6 6 1 1 1 1 4 
4 2 -1 4 -1 2 1 1 2 4 -1 4 6 -1 -1 2 1 -1 1 -1 
3 2 3 4 4 1 -1 2 -1 -1 -1 2 2 -1 -1 2 2 4 4 3 
3 3 2 -1 6 4 4 -1 4 4 4 2 4 4 -1 2 4 4 -1 -1 
3 -1 -1 -1 4 6 6 4 4 4 4 -1 4 4 -1 2 2 -1 2 -1 
-1 6 6 2 2 4 -1 4 4 4 4 -1 -1 4 2 2 2 2 2 2 
-1 6 2 2 2 6 -1 -1 4 4 2 4 4 4 2 -1 2 -1 2 2 
2 -1 2 2 2 4 -1 4 -1 4 6 4 2 2 2 2 2 2 2 2 
2 -1 4 4 2 6 6 -1 4 -1 6 6 4 4 2 2 2 2 -1 2 
3 3 -1 4 -1 4 6 1 1 1 -1 -1 2 2 2 2 2 2 2 2 
6 -1 2 2 -1 4 -1 6 6 1 -1 6 2 2 2 -1 6 -1 2 6 
6 6 -1 -1 4 6 4 6 1 6 -1 6 6 3 2 6 -1 4 3 3 
2 6 6 -1 6 4 4 -1 4 4 6 6 2 3 3 3 4 -1 3 6 
6 6 -1 6 -1 4 6 6 6 4 6 6 -1 2 -1 3 -1 2 -1 2 
2 2 6 -1 -1 -1 6 6 7 6 -1 -1 4 4 2 2 2 2 2 2 
4 4 4 4 -1 4 1 -1 -1 -1 -1 4 -1 6 6 2 4 -1 6 6 
6 4 4 4 -1 1 -1 1 1 -1 4 -1 6 6 6 2 2 6 6 6 
6 1 -1 -1 1 1 1 1 1 1 -1 -1 4 4 -1 -1 6 6 6 6 
-1 6 -1 -1 1 1 1 -1 1 -1 1 2 -1 4 1 -1 3 6 3 3 
-1 -1 4 -1 1 1 1 1 1 1 1 2 -1 2 1 1 6 6 3 3 
-1 -1 4 4 -1 1 1 -1 1 1 -1 1 2 2 1 1 1 4 6 -1 
6 6 4 4 1 1 -1 2 2 2 -1 2 1 1 1 1 4 4 4 4 
4 6 4 6 1 1 1 -1 2 1 -1 1 2 2 2 -1 1 4 4 4 
4 6 6 -1 1 1 1 -1 2 4 1 2 2 2 2 3 1 -1 4 4 
4 6 -1 -1 1 -1 1 2 -1 4 -1 2 2 2 3 -1 4 6 -1 4 
4 -1 2 -1 2 2 1 -1 4 4 2 2 2 2 -1 3 2 2 -1 4 
4 2 2 2 -1 1 -1 1 2 2 -1 4 -1 2 4 6 3 -1 2 4 
2 2 2 6 1 -1 -1 -1 6 6 -1 -1 4 6 6 6 6 6 2 2 
2 2 -1 -1 6 6 -1 6 6 -1 2 -1 6 -1 6 4 2 6 6 6 
2 -1 2 2 -1 6 6 1 6 -1 2 2 -1 1 4 4 3 3 6 2 
6 2 2 -1 4 1 6 1 1 1 2 -1 -1 2 3 3 6 -1 2 4 
2 -1 -1 2 4 -1 1 1 1 1 -1 2 2 1 1 -1 6 -1 -1 -1 
4 1 4 4 4 6 4 4 1 -1 2 2 -1 1 1 1 1 4 -1 -1 
1 -1 4 6 4 4 4 1 -1 2 9 1 6 1 2 2 -1 4 3 -1 
-1 4 4 4 4 6 1 1 -1 -1 -1 1 -1 6 6 -1 2 4 3 3 
4 4 6 -1 1 4 4 4 4 4 -1 40 40 40 -1 8 8 8 9 9 
4 4 4 -1 4 4 4 4 4 4 4 4 4 -1 40 8 8 8 -1 8 
1 4 4 4 4 4 4 4 4 4 4 4 4 -1 -1 -1 -1 8 8 -1 
-1 1 1 4 -1 4 1 4 4 -1 4 4 -1 6 -1 -1 4 6 8 1 
1 4 4 -1 6 -1 4 4 4 8 4 6 6 6 6 4 6 4 4 4 
-1 1 -1 -1 6 4 4 4 4 8 10 -1 4 6 10 6 4 1 1 4 
6 -1 4 6 -1 6 6 -1 4 4 6 4 -1 4 6 -1 1 1 1 -1 
-1 6 6 6 6 -1 4 6 4 6 6 4 4 6 4 6 6 4 4 -1 
6 6 6 6 6 6 -1 6 6 -1 4 4 4 -1 6 -1 6 4 6 4 
-1 6 6 6 6 4 -1 8 6 -1 6 -1 4 -1 6 4 6 6 4 4 
6 -1 6 6 4 6 8 8 40 8 -1 6 6 6 4 4 6 6 6 6 
4 1 6 6 2 2 8 -1 8 -1 6 -1 1 4 4 4 4 6 32 4 
4 6 6 -1 -1 6 8 40 40 40 6 6 4 1 6 6 2 2 32 32 
6 6 6 6 -1 -1 -1 -1 -1 6 -1 6 -1 1 6 6 6 2 2 32 
6 6 -1 6 -1 6 6 -1 6 -1 -1 1 1 1 -1 4 9 6 2 6 
6 6 6 6 6 6 -1 4 6 9 6 11 9 11 -1 6 9 6 -1 4 
6 4 6 -1 4 6 -1 4 -1 4 9 9 9 9 9 6 6 4 -1 4 
4 6 6 41 -1 4 4 6 4 4 -1 9 9 -1 -1 4 4 1 4 6 
6 4 41 6 -1 4 6 4 9 -1 9 9 -1 1 -1 4 4 1 6 8 
4 6 -1 -1 1 -1 4 4 4 9 4 4 40 -1 4 -1 4 8 8 -1 
4 4 4 33 32 33 -1 33 4 6 6 4 4 1 6 -1 4 11 6 4 
6 4 -1 -1 -1 33 4 40 6 6 4 4 33 33 11 -1 4 6 4 6 
4 6 1 4 4 1 32 4 6 6 4 6 33 32 11 11 4 4 6 -1 
4 1 1 1 -1 32 32 4 6 6 6 4 33 -1 -1 -1 8 40 6 6 
32 -1 1 -1 -1 32 32 32 40 32 4 6 -1 1 1 32 -1 40 41 32 
32 32 -1 1 1 33 33 40 40 -1 1 1 1 1 32 41 32 40 40 6 
-1 33 32 32 1 1 1 -1 40 1 1 1 -1 41 41 41 41 40 41 -1 
32 33 33 32 1 1 1 -1 -1 1 1 1 -1 9 1 -1 41 32 32 32 
32 32 32 1 1 -1 1 -1 4 1 4 1 1 9 9 1 -1 -1 -1 32 
32 32 9 -1 1 1 -1 1 4 4 1 1 32 9 -1 -1 1 32 32 41 
-1 9 1 1 -1 1 1 2 -1 4 1 1 -1 -1 -1 10 10 41 40 32 
32 32 41 1 9 11 1 -1 2 9 8 -1 9 9 1 11 10 40 11 32 
41 -1 1 -1 9 9 11 9 11 2 8 8 1 1 9 11 11 9 11 11 
40 33 32 1 9 9 9 11 9 9 10 10 1 10 9 11 9 9 9 41 
33 32 32 41 9 -1 9 9 9 10 9 9 1 10 11 11 2 9 9 9 
9 -1 -1 32 32 32 9 9 9 10 10 10 9 10 9 11 9 9 9 9 
9 9 -1 32 33 9 9 9 6 10 9 8 9 9 9 9 9 9 9 9 
9 9 4 32 32 32 33 33 8 8 8 9 9 9 -1 9 11 9 6 9 
4 4 -1 33 32 33 -1 32 -1 -1 -1 9 9 9 6 9 -1 6 6 4 
4 4 4 33 33 32 33 -1 -1 -1 9 6 9 6 6 9 11 6 6 -1 
6 8 8 -1 4 4 9 1 -1 1 32 4 9 9 9 -1 9 4 -1 2 
-1 6 8 8 4 8 9 1 1 9 4 1 6 9 11 9 4 -1 4 4 
32 8 8 8 -1 8 1 1 1 -1 32 -1 6 32 6 6 -1 4 -1 40 
33 8 8 8 8 1 8 8 8 32 32 -1 -1 6 32 -1 6 6 6 -1 
33 32 -1 8 8 32 1 32 32 32 -1 6 -1 32 32 32 32 1 -1 33 
33 8 8 8 -1 32 32 32 32 32 32 6 32 32 32 1 1 1 -1 -1 
-1 -1 -1 32 32 32 32 32 32 32 32 32 -1 32 32 32 1 -1 33 6 
-1 -1 -1 -1 32 32 32 32 -1 32 32 32 6 32 32 1 32 1 33 -1 
-1 -1 6 32 32 32 32 32 32 -1 4 5 -1 32 -1 33 32 33 33 -1 
-1 6 6 6 32 -1 32 32 32 32 33 32 4 -1 5 5 33 33 32 33 
6 6 2 -1 6 32 32 32 -1 32 5 5 4 5 5 -1 40 32 32 6 
6 6 6 2 33 33 40 40 32 5 5 4 9 5 32 5 5 4 4 32 
-1 6 6 32 33 40 40 5 -1 5 9 -1 9 32 33 33 4 32 32 33 
2 6 -1 2 2 2 5 -1 5 5 -1 9 9 32 9 -1 -1 33 33 32 
6 -1 -1 -1 2 5 5 -1 5 5 5 9 9 9 32 -1 33 33 -1 2 
-1 -1 1 2 5 5 5 5 6 5 5 9 9 -1 9 32 9 -1 33 2 
4 1 2 2 2 5 5 5 -1 6 5 6 -1 9 9 32 32 33 2 2 
4 -1 8 -1 9 -1 5 -1 -1 6 5 -1 6 32 8 8 9 9 -1 9 
8 6 8 8 -1 9 5 5 5 4 -1 6 4 -1 4 8 -1 2 9 2 
2 8 8 -1 -1 9 9 9 1 -1 6 4 6 9 9 -1 -1 2 2 9 
6 6 -1 -1 4 -1 -1 1 1 -1 6 6 6 6 6 6 6 6 -1 32 
32 6 4 4 6 4 1 1 -1 8 -1 6 6 32 33 32 32 -1 32 -1 
-1 4 4 4 6 -1 4 4 2 2 8 6 32 8 8 33 33 6 6 -1 
4 32 4 4 4 4 4 2 -1 8 -1 6 6 -1 -1 6 -1 6 4 6 
4 32 -1 4 -1 4 -1 4 4 6 33 6 6 6 -1 6 6 6 4 4 
-1 32 1 -1 4 -1 -1 6 4 6 6 6 6 4 -1 -1 -1 32 4 32 
4 -1 1 4 1 6 4 6 6 6 6 6 6 -1 -1 6 32 4 32 -1 
4 6 1 1 1 -1 6 4 1 1 6 6 6 -1 4 4 6 1 1 1 
1 36 36 6 -1 1 1 1 1 -1 -1 6 6 -1 4 4 6 6 1 2 
1 -1 1 36 36 6 1 1 1 1 -1 6 6 9 9 4 4 2 2 2 
2 4 5 36 1 6 6 -1 1 6 1 6 1 9 6 6 6 6 4 4 
4 4 4 4 5 -1 6 1 6 6 6 -1 -1 -1 -1 6 -1 4 4 -1 
4 4 -1 5 4 6 6 1 1 6 6 -1 -1 -1 6 4 4 4 4 4 
4 4 -1 4 4 6 38 1 1 6 6 -1 -1 6 4 6 6 4 4 4 
-1 -1 4 36 4 6 6 38 1 1 -1 -1 6 -1 6 6 6 -1 4 4 
4 4 36 36 6 4 6 38 6 32 4 -1 6 6 6 6 6 6 -1 -1 
4 36 6 -1 6 6 36 36 -1 6 32 32 6 6 6 6 2 6 4 4 
36 -1 6 6 6 6 6 6 6 1 6 6 1 6 -1 6 6 2 6 6 
6 6 6 -1 6 4 6 -1 6 6 6 6 -1 -1 6 6 6 2 6 36 
6 6 6 -1 4 6 -1 1 -1 -1 -1 6 6 6 6 6 2 6 6 6 
6 2 2 2 2 2 -1 2 2 2 4 -1 -1 -1 1 1 1 -1 1 6 
2 1 6 6 6 6 2 2 4 4 -1 4 -1 1 1 1 4 36 36 6 
1 36 36 -1 6 6 2 -1 4 4 4 -1 4 4 36 4 1 -1 36 6 
6 36 1 6 6 6 -1 -1 -1 6 6 -1 -1 4 4 36 36 1 -1 6 
36 1 6 -1 1 1 4 4 6 6 -1 36 4 36 -1 4 36 -1 -1 6 
-1 -1 -1 1 -1 6 6 4 -1 6 6 -1 36 -1 -1 36 -1 6 6 6 
6 -1 -1 -1 -1 6 6 4 36 6 6 36 36 36 36 6 6 6 6 6 
-1 1 1 -1 1 6 6 -1 -1 36 -1 36 36 36 36 4 4 6 6 6 
36 36 1 1 6 -1 -1 6 6 36 -1 -1 36 36 36 6 4 6 36 6 
6 36 36 1 -1 36 -1 6 6 6 6 -1 6 1 1 1 6 6 36 6 
6 36 36 1 36 36 44 44 6 6 6 6 6 1 4 6 6 4 6 -1 
6 38 1 36 1 -1 36 6 -1 6 6 6 6 6 6 -1 6 6 6 6 
6 38 -1 1 1 6 6 36 6 6 6 -1 4 6 1 1 1 6 -1 6 
6 6 1 1 -1 -1 36 -1 6 6 6 6 -1 4 4 4 1 -1 1 1 
1 1 -1 -1 1 4 1 36 -1 -1 6 -1 6 -1 -1 -1 -1 4 -1 6 
-1 1 -1 -1 4 6 -1 -1 36 6 6 6 6 -1 4 1 6 -1 1 1 
-1 6 6 -1 -1 -1 -1 6 6 6 -1 6 2 -1 4 4 6 6 1 1 
-1 6 6 6 6 6 -1 6 6 -1 6 2 6 4 6 6 4 4 6 6 
4 -1 6 6 4 6 4 2 6 -1 6 2 2 -1 4 4 4 1 6 6 
6 6 6 4 -1 6 4 2 2 6 4 2 -1 -1 -1 -1 4 4 1 6 
4 4 -1 6 6 6 4 -1 -1 6 -1 6 6 -1 -1 -1 4 6 6 -1 
-1 -1 6 6 6 4 6 4 6 6 -1 -1 6 6 36 6 6 6 6 6 
6 6 6 6 6 4 6 6 6 6 6 6 6 36 36 36 6 6 6 6 
6 6 6 4 6 2 6 6 6 6 6 6 3 3 6 6 1 3 4 6 
6 6 -1 4 4 6 -1 6 6 6 6 36 3 3 6 1 3 6 3 1 
4 -1 6 6 6 -1 -1 4 6 6 6 3 3 3 1 -1 -1 6 6 1 
4 4 4 -1 2 6 -1 4 6 6 6 6 6 6 6 -1 6 6 1 4 
6 4 4 6 6 -1 6 6 6 -1 6 6 6 6 6 6 -1 -1 4 4 
6 6 4 -1 6 6 4 6 6 -1 6 6 6 6 6 4 -1 6 4 -1 
4 6 -1 6 2 6 -1 4 -1 -1 6 6 -1 4 4 4 4 1 1 -1 
6 1 6 2 -1 2 2 6 2 6 6 6 6 6 1 1 1 1 1 4 
1 1 -1 6 -1 -1 2 2 2 6 6 -1 6 6 1 1 1 1 36 1 
1 1 6 6 -1 -1 4 4 -1 1 6 6 -1 6 1 1 1 -1 1 1 
1 6 6 -1 -1 -1 4 6 6 -1 -1 -1 6 6 6 -1 1 1 1 1 
6 6 -1 -1 -1 4 -1 6 -1 6 -1 6 1 6 6 6 6 1 6 6 
6 -1 -1 -1 4 6 6 4 4 -1 6 6 6 6 6 6 -1 6 6 6 
-1 6 -1 6 4 4 -1 6 -1 6 -1 6 -1 6 4 -1 6 -1 -1 4 
4 6 -1 -1 6 4 6 6 6 -1 -1 6 -1 6 4 6 -1 1 1 4 
6 4 -1 6 6 6 6 6 6 6 6 6 6 6 6 6 -1 1 -1 4 
4 -1 4 6 6 6 6 6 6 6 6 6 6 -1 6 -1 6 6 6 4 
-1 6 -1 6 6 -1 4 -1 1 1 1 1 7 7 6 6 6 -1 1 -1 
4 4 7 6 6 6 6 1 1 1 1 3 4 -1 1 1 6 6 1 -1 
4 7 6 6 6 -1 6 -1 3 3 3 3 3 1 -1 6 1 1 1 1 
4 6 -1 3 -1 -1 3 1 3 3 3 3 3 -1 -1 6 1 1 1 4 
6 1 -1 3 1 3 1 1 -1 3 3 1 1 -1 -1 4 6 -1 1 4 
-1 -1 1 1 3 6 3 3 3 3 -1 3 -1 3 -1 3 3 1 1 -1 
-1 -1 -1 -1 6 6 3 3 3 3 -1 3 3 3 3 3 3 -1 1 -1 
-1 6 6 6 6 6 -1 6 3 3 3 -1 3 3 3 3 3 -1 -1 12 
12 -1 -1 -1 6 3 6 -1 6 2 -1 3 3 3 1 1 -1 -1 14 14 
-1 12 -1 6 1 6 3 -1 6 2 3 3 -1 -1 1 1 1 -1 12 12 
-1 -1 6 6 -1 3 3 3 3 3 3 3 3 3 6 1 6 -1 1 12 
4 4 -1 3 3 3 -1 3 3 1 1 1 3 6 2 6 -1 1 1 4 
4 4 4 -1 3 3 -1 3 -1 -1 1 1 1 14 1 1 1 12 1 4 
4 4 4 6 -1 4 3 3 7 -1 1 1 1 -1 14 12 12 1 1 6 
6 6 -1 6 6 6 3 3 1 -1 1 1 -1 -1 1 14 -1 12 1 -1 
6 6 6 6 6 -1 3 -1 -1 1 1 1 -1 -1 6 -1 12 1 1 -1 
-1 6 -1 -1 3 6 3 7 1 -1 1 1 1 1 -1 6 6 12 1 1 
6 6 6 -1 3 6 6 6 6 1 1 1 1 1 6 1 6 6 6 6 
1 6 6 -1 6 6 6 6 -1 1 1 1 -1 1 -1 -1 -1 -1 6 3 
-1 6 6 6 6 4 -1 6 6 1 1 -1 1 -1 1 6 6 -1 1 1 
7 -1 -1 -1 7 7 7 -1 1 1 1 1 -1 1 1 1 -1 -1 -1 3 
7 -1 -1 7 -1 7 -1 3 3 1 1 1 -1 1 1 1 -1 -1 3 7 
7 7 1 7 1 -1 -1 -1 1 1 1 -1 1 -1 1 3 3 3 1 3 
1 1 7 7 7 3 3 1 3 3 3 1 -1 3 -1 3 3 3 1 1 
1 1 7 7 7 2 -1 3 3 3 3 3 1 1 -1 3 3 3 7 -1 
7 7 7 3 3 -1 2 -1 -1 3 3 3 1 1 3 1 1 3 1 1 
3 7 7 -1 7 1 2 2 -1 3 3 3 3 1 1 3 3 1 -1 -1 
11 3 7 7 -1 2 2 3 3 3 3 3 3 1 -1 -1 -1 3 3 7 
11 3 3 -1 1 2 1 1 3 3 3 3 -1 3 3 7 7 -1 3 3 
-1 2 2 2 -1 2 2 3 3 -1 3 3 3 -1 3 3 3 3 3 11 
-1 2 2 -1 -1 -1 -1 3 3 7 -1 3 3 3 2 3 -1 -1 6 3 
2 -1 11 -1 -1 7 3 3 3 -1 3 3 -1 3 -1 2 2 2 2 -1 
-1 2 6 11 -1 7 7 3 3 3 3 6 -1 6 6 2 2 7 2 -1 
-1 -1 6 -1 7 7 7 6 3 3 -1 3 6 -1 6 7 -1 -1 -1 7 
7 7 7 -1 6 6 6 3 -1 3 3 3 3 -1 -1 7 7 -1 7 7 
7 7 7 -1 -1 6 3 -1 -1 -1 7 7 -1 3 7 -1 7 -1 3 7 
7 7 -1 7 7 -1 3 3 -1 7 7 2 -1 -1 7 -1 3 3 -1 7 
7 7 -1 -1 -1 1 3 3 7 7 1 2 2 1 7 -1 7 7 3 -1 
3 7 3 3 -1 -1 1 -1 7 2 2 2 1 -1 1 1 -1 7 -1 3 
7 7 3 3 7 -1 7 -1 1 2 -1 1 1 1 -1 -1 3 3 7 3 
-1 6 3 6 7 7 3 7 7 2 -1 2 -1 -1 -1 7 -1 -1 7 2 
6 7 3 7 7 11 3 7 7 -1 2 3 3 -1 -1 7 7 -1 -1 7 
6 6 7 7 7 7 3 7 7 7 3 3 7 -1 -1 -1 7 7 -1 7 
7 7 -1 7 -1 -1 7 7 7 7 -1 -1 7 6 -1 7 7 7 -1 3 
-1 3 3 -1 3 7 7 7 7 7 7 7 6 -1 -1 3 3 7 7 3 
3 3 3 7 7 -1 -1 -1 7 7 7 -1 7 -1 -1 -1 3 3 3 7 
7 6 -1 3 3 3 3 -1 7 7 7 7 -1 7 -1 3 -1 3 3 -1 
7 3 3 -1 3 3 3 7 7 7 7 -1 7 7 7 7 1 -1 -1 1 
1 3 3 3 3 3 -1 7 -1 7 1 -1 -1 1 1 3 -1 1 3 1 
3 -1 -1 3 3 -1 3 3 7 7 -1 1 1 -1 3 3 3 1 3 3 
-1 5 5 -1 -1 3 3 3 -1 1 1 1 1 1 3 3 3 -1 1 3 
5 5 -1 5 3 3 -1 3 1 1 1 1 1 3 7 3 3 -1 -1 3 
5 2 3 3 5 3 -1 -1 7 1 -1 1 -1 3 -1 3 3 2 -1 5 
2 3 5 3 3 3 -1 7 7 -1 -1 1 -1 3 3 3 3 3 2 5 
-1 -1 3 3 3 3 3 3 7 1 1 -1 -1 -1 3 3 2 2 3 2 
3 3 3 -1 -1 3 3 7 1 1 1 -1 -1 -1 -1 11 11 3 3 2 
3 -1 -1 3 3 -1 -1 3 7 3 -1 -1 -1 -1 -1 1 11 2 2 3 
2 -1 -1 -1 3 35 -1 35 7 3 7 7 -1 -1 -1 11 -1 -1 -1 3 
2 2 -1 3 -1 -1 35 35 -1 -1 7 7 7 7 -1 -1 -1 3 3 2 
-1 6 -1 3 3 35 -1 7 -1 7 7 7 -1 -1 7 -1 -1 -1 2 2 
3 3 2 1 3 -1 1 1 1 1 1 1 1 1 1 -1 7 3 3 3 
3 3 -1 -1 1 1 1 1 1 -1 7 1 3 1 1 1 -1 3 3 3 
1 -1 -1 -1 -1 1 1 1 1 1 7 7 -1 7 7 -1 -1 3 3 3 
1 1 1 1 1 1 1 -1 1 1 -1 7 3 7 -1 7 -1 3 3 3 
-1 -1 1 3 1 -1 -1 -1 -1 1 1 -1 3 3 3 7 3 7 3 -1 
-1 3 3 1 3 3 -1 -1 1 1 11 3 3 -1 3 3 7 3 -1 -1 
3 3 3 3 -1 3 1 3 1 1 1 3 3 3 -1 3 3 -1 3 3 
11 3 -1 -1 3 -1 3 1 1 1 -1 -1 3 3 3 3 3 3 3 3 
3 3 1 3 3 1 3 3 1 3 1 3 3 3 -1 -1 3 -1 3 3 
3 2 1 1 -1 6 -1 3 3 1 -1 -1 3 3 -1 -1 3 3 7 3 
-1 1 7 1 6 -1 1 -1 -1 -1 3 -1 -1 3 -1 3 3 7 7 -1 
1 -1 7 11 3 -1 1 -1 -1 1 3 -1 -1 -1 3 3 3 3 -1 1 
1 -1 11 11 11 -1 -1 1 1 1 3 -1 7 3 3 3 -1 -1 1 1 
1 1 3 3 1 1 1 -1 1 1 1 -1 -1 3 3 3 1 7 -1 1 
1 1 -1 3 -1 1 -1 1 1 1 1 1 -1 3 3 1 -1 -1 7 -1 
3 1 11 -1 1 -1 1 1 1 -1 -1 1 -1 -1 3 1 1 1 -1 3 
7 1 1 -1 2 1 -1 -1 1 1 7 1 -1 3 7 7 1 1 7 3 
1 3 3 1 -1 -1 1 -1 -1 7 -1 -1 -1 7 3 7 3 3 -1 7 
1 3 -1 2 1 2 1 1 7 7 7 1 1 3 3 3 3 7 1 7 
-1 3 3 2 1 2 1 3 -1 1 7 1 1 7 3 3 7 3 1 3 
2 2 1 3 3 3 3 1 3 3 -1 -1 3 3 1 -1 7 7 -1 7 
-1 -1 -1 1 3 3 3 2 3 3 -1 3 -1 7 3 -1 -1 7 7 7 
-1 -1 -1 -1 3 3 3 2 3 3 11 3 3 7 -1 3 7 -1 3 -1 
1 1 -1 2 -1 3 3 3 3 3 3 11 3 -1 -1 7 3 7 3 -1 
1 3 -1 -1 2 3 2 -1 3 3 3 -1 3 3 -1 3 3 3 -1 3 
1 2 -1 2 2 -1 -1 -1 7 3 3 3 -1 -1 3 3 3 3 3 1 
2 1 2 3 3 3 3 7 7 3 -1 3 3 3 -1 3 3 3 3 3 
3 1 2 3 2 3 3 3 -1 3 3 3 3 3 3 3 -1 3 3 3 
2 2 -1 2 -1 2 -1 3 -1 -1 3 3 3 3 3 3 -1 3 3 -1 
-1 1 1 3 2 2 -1 3 -1 -1 -1 3 3 -1 3 2 -1 3 -1 1 
1 3 3 3 2 3 -1 -1 -1 -1 -1 -1 -1 3 -1 3 3 3 3 1 
-1 3 3 1 -1 -1 3 3 3 -1 -1 -1 -1 -1 2 3 -1 3 3 1 
-1 -1 2 -1 -1 3 3 3 3 3 -1 3 -1 3 -1 -1 3 1 1 3 
1 1 1 -1 -1 1 -1 3 3 -1 -1 -1 3 3 -1 3 3 3 3 3 
2 2 1 -1 1 -1 1 1 3 3 -1 -1 -1 -1 3 3 3 -1 3 1 
-1 -1 2 1 1 1 1 3 -1 -1 -1 -1 -1 -1 3 3 -1 3 -1 -1 
-1 -1 1 1 -1 1 1 3 -1 -1 -1 3 1 3 -1 7 -1 -1 -1 1 
-1 1 -1 2 2 3 3 3 3 3 3 -1 1 1 3 7 7 -1 -1 -1 
-1 -1 1 -1 -1 3 3 3 3 3 3 3 3 1 -1 1 7 -1 7 -1 
7 1 -1 -1 3 1 1 3 1 3 1 3 1 1 1 1 -1 7 -1 -1 
-1 1 1 1 -1 1 1 -1 2 2 -1 -1 1 -1 3 -1 7 1 1 -1 
1 1 -1 -1 1 1 -1 -1 -1 2 1 -1 -1 -1 -1 7 -1 1 1 1 
1 1 -1 1 1 -1 -1 9 1 7 -1 -1 -1 -1 -1 -1 1 1 3 3 
1 3 3 8 9 -1 -1 -1 9 7 7 -1 -1 -1 -1 -1 -1 1 9 1 
1 8 8 9 9 -1 -1 -1 -1 -1 3 7 7 7 -1 -1 1 1 1 1 
9 8 8 8 1 -1 -1 7 7 -1 3 1 -1 1 -1 -1 3 1 3 9 
8 -1 8 -1 9 -1 -1 7 -1 2 -1 3 1 9 -1 -1 3 3 3 -1 
-1 8 -1 -1 1 8 -1 -1 3 2 -1 -1 9 -1 -1 3 3 3 3 3 
-1 9 -1 1 -1 -1 -1 -1 3 3 3 -1 9 9 -1 1 1 3 -1 3 
9 1 9 -1 3 3 3 -1 3 3 3 -1 -1 -1 -1 -1 3 3 -1 1 
1 1 1 -1 3 3 3 -1 3 3 3 -1 -1 -1 -1 1 -1 1 1 -1 
1 9 1 1 1 -1 1 1 3 1 1 -1 -1 -1 -1 -1 -1 3 1 1 
1 1 1 -1 1 -1 1 -1 -1 3 1 -1 1 1 -1 -1 3 3 3 1 
1 1 1 1 1 1 1 1 1 1 -1 -1 -1 1 -1 -1 3 -1 3 -1 
1 1 1 -1 -1 1 1 1 -1 1 -1 -1 -1 -1 -1 -1 -1 3 -1 1 
1 -1 -1 3 3 -1 -1 -1 -1 1 1 -1 -1 1 1 1 -1 -1 -1 -1 
-1 -1 -1 3 3 -1 -1 -1 -1 1 1 -1 1 1 1 1 -1 1 3 3 
1 1 3 3 3 1 -1 -1 3 -1 -1 1 1 1 1 -1 1 1 1 1 
1 1 1 1 1 -1 1 -1 2 2 -1 1 3 -1 -1 1 1 -1 1 1 
1 1 1 1 1 1 -1 2 2 2 1 3 -1 3 1 1 -1 -1 1 -1 
2 2 1 1 9 -1 -1 1 1 40 40 40 3 -1 9 40 -1 3 8 -1 
-1 2 9 -1 1 9 40 40 40 -1 40 -1 -1 3 1 9 9 -1 -1 2 
2 9 6 8 9 9 -1 40 40 40 40 40 1 1 1 9 -1 -1 -1 2 
1 9 8 8 9 9 -1 -1 40 9 9 9 40 40 40 1 1 1 1 1 
9 9 9 9 9 9 9 40 40 -1 40 9 40 -1 40 1 1 -1 1 1 
1 1 9 9 -1 9 1 9 9 40 9 9 -1 -1 9 2 1 1 1 1 
1 1 1 9 -1 9 9 9 -1 -1 8 -1 9 -1 3 9 2 2 -1 1 
1 1 9 9 9 9 9 9 9 -1 8 8 9 8 3 3 2 2 6 2 
1 40 40 40 40 9 9 9 -1 9 8 8 9 8 9 9 9 -1 -1 -1 
9 1 40 40 40 40 9 -1 40 -1 8 -1 -1 -1 -1 9 8 -1 -1 -1 
1 9 9 40 40 -1 -1 9 40 -1 8 -1 -1 -1 9 -1 -1 -1 12 9 
40 9 40 9 -1 -1 -1 40 40 40 41 -1 33 33 9 9 -1 9 1 12 
-1 2 40 -1 -1 40 -1 40 40 -1 41 -1 -1 33 -1 -1 -1 9 9 -1 
2 2 -1 40 40 1 -1 40 40 -1 -1 -1 40 -1 -1 -1 9 -1 -1 2 
-1 8 1 -1 1 1 1 1 -1 -1 -1 40 -1 40 -1 40 9 9 -1 -1 
8 -1 40 -1 -1 1 -1 1 1 -1 -1 -1 -1 9 -1 40 40 1 -1 -1 
-1 8 8 40 1 1 -1 1 1 -1 -1 -1 40 -1 -1 40 -1 1 8 -1 
-1 -1 -1 1 -1 1 1 40 -1 40 -1 40 40 40 -1 8 8 8 -1 -1 
2 1 1 1 1 2 1 1 40 -1 9 -1 40 -1 -1 -1 8 40 40 40 
2 2 1 1 2 2 1 1 1 40 9 9 9 40 9 -1 40 9 40 8 
-1 -1 5 7 6 6 -1 2 -1 -1 -1 40 40 41 40 40 40 40 -1 -1 
6 -1 1 5 7 -1 5 6 -1 -1 40 -1 41 40 9 40 40 8 40 40 
1 1 -1 5 -1 5 5 2 -1 40 40 -1 40 40 40 9 -1 40 40 40 
-1 -1 -1 1 1 -1 5 2 -1 -1 40 40 3 40 -1 -1 9 1 1 2 
2 2 -1 10 40 -1 -1 5 -1 -1 40 -1 40 9 9 40 1 9 1 9 
6 6 -1 -1 -1 -1 -1 -1 1 6 40 40 40 -1 -1 40 2 9 6 1 
6 6 -1 -1 -1 40 2 40 40 40 6 6 1 2 -1 -1 2 6 1 2 
10 6 2 6 6 40 40 40 40 2 2 6 9 2 2 2 6 6 2 2 
-1 10 2 6 6 2 40 6 6 40 6 6 9 2 -1 2 6 6 -1 2 
-1 6 10 40 40 -1 -1 -1 -1 -1 40 6 6 2 2 2 2 3 -1 -1 
-1 -1 -1 40 40 -1 -1 2 -1 -1 -1 2 2 2 -1 -1 6 2 6 2 
2 10 -1 40 2 2 2 -1 2 -1 2 2 2 -1 -1 6 6 6 2 3 
3 -1 3 -1 2 2 2 -1 9 6 6 2 -1 -1 2 7 5 2 2 -1 
3 3 -1 2 2 2 -1 2 -1 9 6 6 -1 -1 6 5 5 2 2 2 
-1 7 9 3 2 -1 -1 -1 2 2 40 6 2 6 3 3 -1 6 7 7 
40 7 3 7 6 -1 -1 -1 9 2 40 40 -1 -1 40 2 2 7 7 40 
-1 40 3 3 7 6 -1 -1 9 40 -1 -1 -1 40 3 2 2 7 7 7 
2 40 7 7 -1 6 6 -1 9 2 2 40 40 -1 -1 -1 -1 40 -1 2 
-1 3 7 7 5 2 1 1 6 2 40 40 40 40 40 -1 -1 40 40 2 
3 3 3 7 6 2 -1 1 6 2 -1 40 -1 40 40 40 40 40 -1 -1 
40 6 9 -1 5 5 5 -1 34 -1 5 7 7 -1 40 7 40 8 -1 9 
9 9 2 3 6 5 6 -1 -1 5 5 5 5 7 -1 40 40 40 8 7 
9 -1 9 2 3 6 -1 3 5 5 2 -1 40 40 40 1 40 1 7 7 
-1 9 9 40 -1 2 2 -1 5 7 7 40 6 -1 8 6 40 -1 -1 9 
9 9 9 9 2 2 -1 40 5 40 40 -1 40 40 40 40 40 40 -1 -1 
9 9 9 6 2 2 40 1 2 -1 40 6 40 40 40 6 6 -1 -1 -1 
9 9 9 2 2 -1 -1 6 2 2 3 40 -1 40 6 2 -1 1 2 9 
9 9 9 -1 9 40 2 2 -1 40 6 40 2 2 6 -1 6 6 9 9 
1 9 9 40 9 9 2 -1 40 40 40 6 2 2 2 2 6 9 9 -1 
1 -1 40 40 9 9 9 40 40 40 40 -1 2 2 2 -1 2 9 8 8 
-1 1 40 -1 -1 9 41 40 40 40 -1 -1 2 2 -1 9 -1 2 -1 8 
6 6 6 40 41 41 41 40 40 2 40 2 8 8 -1 8 9 2 1 -1 
-1 6 40 6 41 41 40 2 2 -1 2 -1 8 -1 9 9 8 9 9 8 
-1 6 9 6 41 9 -1 41 2 2 2 2 8 8 8 1 8 1 -1 2 
1 -1 9 9 2 1 1 -1 -1 2 9 8 8 8 1 8 1 9 1 -1 
-1 -1 9 1 1 2 2 40 40 40 2 8 9 8 41 1 9 9 1 9 
3 1 1 3 1 1 2 40 40 -1 40 1 1 8 41 1 8 8 1 9 
1 9 1 40 -1 5 2 34 40 9 9 -1 9 1 3 1 1 6 8 9 
40 3 40 5 5 5 -1 2 2 2 34 -1 7 7 -1 1 8 40 -1 1 
40 9 6 6 5 5 34 34 2 5 2 -1 7 7 7 1 40 -1 40 40 
6 6 6 6 -1 -1 -1 -1 -1 9 -1 9 9 9 1 2 2 8 2 6 
9 -1 6 6 -1 -1 9 2 9 9 -1 9 9 9 -1 1 2 2 8 2 
6 6 6 6 4 -1 9 2 2 3 9 9 -1 9 2 1 4 4 2 2 
6 6 -1 6 4 9 2 2 9 9 6 3 -1 9 9 9 6 6 6 -1 
-1 -1 6 4 6 6 -1 9 9 -1 6 3 2 -1 2 -1 6 -1 2 6 
-1 6 4 -1 6 6 6 9 -1 -1 -1 3 2 2 2 2 2 2 -1 6 
6 6 -1 6 -1 -1 -1 6 -1 2 -1 -1 2 2 2 2 -1 6 6 6 
6 6 -1 3 3 -1 -1 -1 2 2 2 6 6 2 -1 6 6 6 6 6 
4 6 6 -1 -1 4 4 6 2 2 2 6 2 2 -1 6 6 6 6 -1 
4 6 -1 -1 4 4 4 -1 6 6 6 6 -1 6 2 6 3 3 6 6 
6 4 4 -1 6 4 -1 6 6 6 6 -1 6 3 6 6 2 6 6 3 
2 2 4 4 2 3 3 2 6 6 6 6 3 3 3 2 2 6 6 6 
2 2 -1 2 -1 6 -1 3 2 6 6 -1 6 3 3 6 2 2 2 2 
-1 2 2 2 -1 -1 3 6 3 2 6 6 -1 2 6 6 2 2 2 2 
6 -1 2 8 2 2 6 2 2 3 40 2 6 -1 2 6 2 2 -1 6 
-1 -1 40 6 2 6 6 2 -1 6 2 2 -1 2 -1 6 -1 2 -1 -1 
6 6 6 2 6 -1 -1 2 2 1 2 2 2 2 6 -1 2 2 2 -1 
2 2 6 6 -1 -1 3 -1 1 2 6 6 2 2 -1 2 -1 8 8 2 
2 2 6 6 -1 3 -1 7 1 6 1 6 6 -1 2 2 2 6 9 -1 
2 2 6 -1 6 7 3 -1 1 6 -1 -1 -1 9 2 2 -1 40 6 6 
2 -1 6 6 6 -1 10 10 4 4 4 -1 5 2 2 -1 7 2 4 -1 
4 6 2 2 3 -1 4 4 4 6 -1 4 -1 2 6 2 -1 2 4 4 
6 2 2 2 2 3 2 6 6 -1 6 -1 -1 2 2 -1 2 -1 -1 -1 
-1 3 2 2 2 -1 6 -1 2 2 2 -1 -1 2 2 2 -1 6 -1 -1 
2 2 2 2 6 2 6 2 -1 2 2 -1 2 2 2 2 6 -1 6 -1 
-1 2 2 2 2 2 6 4 2 2 -1 2 2 2 2 2 -1 6 -1 -1 
-1 -1 2 2 -1 2 2 6 -1 2 2 -1 2 -1 -1 -1 2 -1 6 2 
-1 -1 6 6 6 2 2 6 2 2 2 -1 -1 -1 -1 2 2 -1 -1 2 
6 2 -1 6 2 -1 6 6 2 2 -1 -1 -1 6 6 4 2 2 -1 -1 
-1 2 2 6 -1 2 2 2 2 6 6 -1 -1 -1 -1 6 4 2 -1 -1 
2 6 2 6 2 2 2 5 5 2 2 2 2 6 2 -1 2 6 2 6 
6 2 6 6 2 -1 5 5 5 4 2 2 6 6 2 4 2 2 2 2 
6 2 2 6 2 5 5 -1 4 -1 6 2 2 2 6 6 6 -1 2 -1 
-1 2 2 2 5 4 5 2 -1 4 2 2 2 2 2 6 6 -1 2 -1 
-1 -1 2 2 2 -1 5 2 2 4 2 2 6 2 2 6 6 6 -1 -1 
-1 -1 2 -1 2 2 -1 4 2 2 6 4 6 2 6 2 6 2 -1 -1 
2 -1 -1 2 2 6 6 4 -1 4 6 2 2 2 6 2 -1 2 2 2 
4 -1 1 6 9 6 4 4 4 -1 4 4 -1 2 2 -1 6 -1 2 2 
4 4 2 2 9 4 4 10 6 6 6 6 5 5 2 2 2 6 -1 2 
2 -1 -1 -1 9 9 9 10 4 4 4 -1 -1 5 2 6 -1 2 -1 2 
2 6 4 6 6 -1 2 2 2 2 4 6 2 2 2 2 2 -1 6 2 
6 6 6 6 -1 -1 2 2 6 2 -1 6 -1 -1 2 2 -1 6 2 3 
3 6 6 6 6 6 6 -1 -1 6 6 6 6 2 6 2 -1 3 6 2 
6 -1 -1 6 6 6 6 4 -1 6 2 2 6 6 2 6 6 -1 -1 6 
9 1 6 -1 6 -1 6 6 4 6 6 6 6 6 6 6 6 6 6 2 
-1 1 -1 6 -1 -1 -1 6 6 2 6 3 3 6 -1 6 6 6 9 2 
9 6 1 6 6 -1 6 6 6 3 3 3 3 -1 6 3 6 -1 6 9 
2 9 6 -1 -1 6 -1 3 3 3 2 6 6 6 6 6 6 6 -1 -1 
2 6 2 2 2 6 3 3 3 2 2 2 -1 -1 -1 -1 -1 6 -1 -1 
-1 2 6 4 2 6 3 -1 3 2 2 -1 6 2 6 -1 6 -1 -1 2 
-1 6 4 4 4 6 2 -1 -1 -1 2 6 2 6 -1 6 6 2 2 2 
2 7 2 4 6 2 6 2 3 2 2 6 6 6 6 -1 -1 6 2 2 
7 7 2 2 6 1 -1 6 -1 3 2 -1 6 6 6 6 2 6 6 2 
2 6 6 6 -1 6 2 6 -1 -1 1 -1 -1 -1 2 2 2 -1 -1 2 
6 6 6 6 6 6 -1 -1 -1 6 1 -1 2 -1 2 2 2 -1 6 6 
2 2 2 6 6 6 6 6 -1 6 6 -1 6 -1 2 -1 -1 2 -1 6 
2 2 2 2 -1 6 6 6 6 6 -1 -1 8 2 -1 2 2 2 2 2 
2 2 2 2 6 2 6 4 6 -1 10 8 -1 2 -1 2 2 2 2 2 
8 6 6 2 2 2 2 6 6 -1 -1 6 6 4 -1 2 2 2 6 8 
8 2 2 2 2 2 2 2 6 -1 -1 6 4 8 2 2 4 6 6 2 
2 2 2 2 6 6 3 2 3 6 6 3 3 3 3 2 2 2 2 2 
2 2 2 2 2 6 2 3 -1 6 2 2 2 3 3 2 2 2 1 2 
2 2 2 2 2 2 2 2 -1 -1 6 6 -1 -1 3 2 1 1 2 2 
2 -1 2 2 -1 -1 -1 2 2 3 6 2 3 3 3 1 2 1 2 2 
2 2 2 -1 2 2 2 -1 2 -1 6 -1 -1 3 3 2 2 2 2 2 
-1 2 2 2 2 1 2 2 2 2 -1 -1 3 3 3 2 3 2 2 2 
2 2 2 2 1 -1 2 2 2 -1 2 2 3 3 3 3 3 2 2 2 
2 -1 3 1 -1 -1 2 6 6 2 -1 2 2 3 3 3 3 3 -1 -1 
2 3 -1 -1 2 2 -1 -1 6 6 2 2 2 3 3 3 -1 3 3 3 
2 3 8 -1 -1 3 2 -1 6 6 2 2 2 -1 2 3 -1 1 1 2 
8 8 8 8 -1 2 2 2 2 2 2 2 2 1 -1 1 -1 1 1 1 
8 8 -1 -1 -1 -1 2 2 -1 2 2 2 1 -1 1 1 -1 2 2 8 
8 8 8 8 8 6 -1 3 2 -1 2 2 -1 13 1 1 1 1 2 1 
2 -1 -1 3 3 3 3 2 3 2 2 -1 -1 1 13 1 1 1 1 2 
-1 3 3 3 3 3 3 3 2 2 -1 -1 -1 1 -1 -1 1 1 2 -1 
3 6 2 -1 3 3 3 -1 3 3 3 45 -1 -1 1 -1 1 13 -1 2 
2 2 3 3 3 3 6 6 45 3 -1 -1 -1 1 -1 3 2 13 3 2 
-1 2 3 3 3 3 6 -1 45 9 9 3 -1 1 -1 2 1 -1 -1 3 
-1 3 2 3 3 6 6 -1 -1 9 9 3 3 3 3 3 2 1 1 -1 
2 3 2 2 3 6 -1 2 2 9 9 3 3 3 3 2 2 1 2 -1 
2 2 1 -1 1 1 33 -1 -1 3 3 3 3 3 6 2 2 2 2 3 
2 2 45 45 45 1 33 -1 33 2 2 2 3 3 2 2 2 2 3 3 
2 2 -1 -1 1 45 33 2 3 33 2 2 3 2 2 2 2 3 3 3 
3 2 1 3 -1 3 45 33 33 3 3 3 2 3 2 2 -1 3 3 3 
3 1 1 -1 3 3 3 3 6 33 3 2 3 3 3 3 -1 -1 3 1 
-1 1 1 1 1 3 3 2 2 6 3 3 3 3 3 3 3 3 3 1 
-1 1 1 45 1 45 2 2 3 3 6 3 -1 3 3 3 3 3 1 5 
5 1 45 1 45 3 3 3 3 3 3 45 3 -1 1 1 3 3 -1 3 
2 1 45 45 45 3 3 3 3 3 3 3 3 3 1 1 1 1 3 2 
2 2 6 45 3 3 3 3 3 3 37 3 -1 -1 -1 1 1 3 2 2 
2 6 6 3 2 -1 -1 37 37 37 -1 3 3 3 -1 1 2 -1 2 3 
6 3 2 6 6 6 -1 37 37 -1 -1 -1 37 3 -1 1 2 2 2 3 
3 3 2 -1 6 3 37 37 37 37 37 37 3 -1 1 -1 3 -1 2 3 
3 3 -1 37 3 37 -1 -1 37 37 37 -1 -1 -1 3 3 6 2 2 3 
-1 -1 37 6 3 37 3 3 -1 37 37 37 -1 -1 6 6 6 45 45 -1 
-1 45 -1 6 3 3 -1 3 -1 37 -1 -1 -1 6 6 6 45 45 45 45 
45 2 -1 3 3 -1 3 3 3 37 -1 6 6 6 6 -1 45 -1 45 -1 
-1 45 -1 -1 3 3 3 3 2 2 2 -1 3 6 6 -1 -1 2 -1 13 
13 -1 3 -1 3 3 3 -1 13 37 -1 3 6 6 6 6 2 2 2 -1 
2 13 1 -1 3 3 33 -1 -1 13 3 3 3 6 6 6 2 -1 2 2 
