1 -1 -1 -1 -1 -1 -1 1 1 1 1 1 1 1 -1 -1 -1 -1 -1 1 
1 -1 -1 -1 -1 -1 -1 -1 1 1 1 1 1 -1 -1 -1 -1 -1 -1 1 
1 -1 -1 -1 -1 -1 -1 1 -1 -1 1 1 1 1 1 -1 -1 -1 -1 -1 
-1 -1 -1 -1 1 -1 -1 1 1 -1 1 -1 -1 1 -1 -1 -1 -1 -1 -1 
-1 -1 1 -1 -1 1 -1 1 1 1 -1 -1 -1 -1 -1 -1 -1 -1 -1 -1 
-1 -1 -1 1 -1 1 -1 1 1 1 -1 -1 -1 -1 -1 -1 -1 -1 -1 -1 
1 1 -1 1 1 -1 1 -1 1 1 1 -1 -1 -1 -1 -1 -1 1 1 -1 
1 1 1 1 -1 1 1 1 1 1 -1 -1 -1 -1 -1 -1 -1 -1 -1 1 
1 1 1 1 1 -1 -1 1 -1 -1 -1 -1 -1 -1 -1 -1 1 1 -1 1 
1 1 1 -1 -1 -1 -1 1 1 -1 -1 -1 -1 -1 -1 -1 1 -1 -1 -1 
-1 1 -1 1 1 1 -1 1 -1 -1 -1 -1 -1 -1 -1 -1 -1 1 -1 -1 
-1 1 -1 1 1 -1 1 -1 -1 -1 -1 -1 -1 -1 -1 -1 1 -1 -1 -1 
-1 1 1 1 -1 -1 -1 -1 -1 1 -1 -1 -1 -1 -1 1 1 1 -1 -1 
-1 -1 -1 -1 -1 1 -1 -1 -1 -1 -1 -1 -1 -1 -1 -1 1 1 -1 -1 
-1 -1 -1 -1 -1 -1 1 -1 -1 -1 -1 -1 -1 1 -1 -1 1 -1 -1 -1 
-1 -1 -1 -1 -1 -1 1 1 -1 -1 -1 -1 -1 -1 -1 1 -1 -1 -1 -1 
-1 -1 -1 -1 1 1 -1 1 -1 1 -1 -1 -1 -1 -1 -1 1 -1 -1 -1 
-1 -1 -1 -1 1 -1 1 1 -1 1 1 -1 -1 -1 -1 -1 1 1 -1 -1 
-1 -1 -1 -1 -1 1 1 1 -1 -1 1 1 1 -1 -1 1 1 -1 1 -1 
-1 -1 -1 -1 -1 -1 1 1 1 1 1 1 1 -1 -1 -1 -1 1 -1 1 
-1 -1 -1 -1 -1 -1 -1 -1 -1 -1 -1 -1 1 -1 -1 -1 -1 1 1 -1 
1 -1 1 -1 -1 -1 -1 -1 1 -1 1 1 1 -1 -1 -1 -1 1 1 1 
1 1 -1 -1 -1 1 1 1 1 1 -1 1 -1 -1 -1 -1 -1 1 1 -1 
1 1 -1 -1 -1 -1 1 1 1 -1 1 1 -1 -1 -1 -1 -1 1 1 -1 
-1 -1 -1 -1 -1 1 1 1 1 1 -1 -1 -1 -1 -1 1 1 1 1 -1 
-1 -1 -1 1 -1 -1 -1 1 1 1 1 -1 -1 -1 -1 1 -1 -1 1 1 
1 1 -1 -1 1 -1 -1 1 -1 1 -1 -1 -1 -1 -1 -1 -1 1 1 1 
1 1 -1 1 1 -1 -1 1 1 1 -1 -1 -1 -1 -1 1 -1 1 1 1 
1 1 1 1 1 -1 1 1 1 -1 -1 -1 -1 -1 -1 -1 1 1 1 1 
-1 1 1 1 1 1 1 -1 -1 -1 -1 -1 -1 -1 -1 1 1 -1 1 1 
1 1 1 1 1 1 1 1 -1 -1 -1 1 -1 -1 -1 1 1 1 1 -1 
1 1 1 -1 1 1 1 1 -1 -1 -1 -1 1 -1 1 1 -1 1 1 -1 
-1 1 1 1 1 -1 1 -1 1 -1 1 -1 1 -1 -1 -1 1 1 1 1 
-1 -1 1 -1 1 1 -1 -1 -1 1 -1 1 1 1 -1 1 -1 -1 1 1 
1 1 -1 -1 -1 -1 1 -1 -1 -1 1 1 1 1 1 -1 -1 -1 1 -1 
1 1 -1 -1 -1 1 -1 -1 -1 -1 -1 1 1 1 -1 -1 -1 1 -1 1 
1 1 -1 -1 -1 -1 -1 -1 -1 -1 -1 1 1 -1 -1 1 1 -1 1 1 
-1 -1 -1 1 -1 -1 -1 -1 -1 -1 1 -1 -1 1 1 1 1 -1 1 -1 
-1 -1 -1 -1 1 -1 -1 -1 -1 -1 1 1 -1 -1 -1 1 1 1 -1 1 
-1 -1 -1 -1 -1 -1 -1 -1 -1 -1 1 1 -1 -1 1 1 -1 -1 -1 -1 
1 1 -1 1 -1 1 1 1 1 -1 -1 1 -1 1 1 1 1 1 1 1 
-1 -1 -1 1 -1 -1 1 1 -1 1 1 1 -1 1 1 1 1 1 1 1 
-1 -1 1 -1 1 -1 -1 -1 1 1 1 1 1 1 1 -1 1 -1 1 1 
-1 1 1 1 1 1 1 -1 -1 1 1 -1 1 1 -1 1 1 1 -1 1 
-1 1 1 1 -1 1 1 1 1 1 1 1 -1 -1 -1 -1 -1 -1 -1 -1 
-1 1 1 -1 -1 1 1 1 1 1 1 1 1 -1 -1 -1 1 1 -1 1 
1 1 -1 -1 -1 1 1 1 1 1 1 1 1 1 1 -1 -1 1 1 1 
1 -1 -1 -1 -1 1 1 1 1 1 1 1 1 1 1 -1 -1 1 -1 1 
-1 -1 -1 -1 1 1 -1 1 1 1 1 -1 1 1 -1 -1 -1 1 1 -1 
-1 1 1 1 -1 1 1 1 -1 -1 1 -1 1 -1 -1 1 1 -1 1 1 
-1 -1 -1 1 1 1 1 1 1 -1 1 1 -1 -1 1 -1 1 1 -1 1 
-1 1 -1 1 1 1 1 1 1 1 1 1 -1 1 1 -1 1 -1 -1 -1 
-1 -1 -1 1 1 1 1 -1 1 1 1 -1 -1 -1 -1 -1 -1 -1 -1 -1 
-1 -1 -1 -1 1 1 -1 -1 1 -1 1 1 -1 -1 -1 1 -1 -1 -1 -1 
-1 -1 -1 1 -1 -1 -1 1 -1 1 1 1 -1 -1 -1 1 1 -1 -1 -1 
-1 -1 -1 -1 -1 -1 -1 -1 1 1 1 -1 -1 -1 -1 1 1 1 -1 -1 
-1 -1 -1 1 1 -1 -1 1 1 -1 1 -1 1 1 1 1 1 1 -1 1 
-1 1 1 1 -1 -1 -1 -1 -1 -1 1 1 -1 1 1 1 1 1 1 -1 
1 -1 1 1 1 1 1 -1 -1 -1 1 1 1 1 1 1 1 1 1 1 
-1 -1 1 1 1 1 -1 -1 -1 -1 1 1 1 -1 1 1 1 1 1 1 
1 1 1 -1 1 1 1 1 1 1 1 1 1 1 -1 1 -1 1 1 1 
1 1 -1 1 1 -1 1 -1 -1 1 1 1 1 -1 -1 1 1 1 1 1 
1 1 1 1 -1 1 1 1 1 1 1 1 1 1 1 1 1 1 1 1 
1 1 1 1 -1 1 1 1 1 1 -1 1 1 1 1 1 1 1 1 1 
1 1 1 -1 -1 1 1 1 1 -1 -1 1 -1 -1 1 1 1 -1 1 1 
1 -1 1 1 -1 1 1 2 2 2 1 1 -1 -1 1 1 -1 1 1 1 
1 1 -1 -1 -1 -1 2 2 2 1 -1 1 1 1 1 -1 1 1 1 1 
1 1 1 -1 -1 1 2 2 2 -1 -1 1 1 1 1 1 1 1 1 1 
1 1 1 -1 1 1 1 1 1 1 1 1 1 1 -1 1 -1 1 -1 1 
1 1 -1 1 1 1 1 1 1 1 1 1 1 1 -1 1 1 1 1 1 
1 1 1 1 -1 1 1 1 1 1 1 1 1 1 1 1 1 1 1 1 
1 1 1 1 1 -1 1 -1 1 1 1 1 1 1 1 1 1 1 1 1 
1 1 1 1 1 -1 1 1 1 1 -1 -1 1 1 1 1 1 1 1 1 
1 1 1 1 1 1 1 -1 1 1 1 -1 1 1 1 1 1 1 1 1 
1 -1 1 1 1 -1 1 1 1 -1 1 1 -1 1 1 1 1 1 1 1 
1 1 1 1 1 1 -1 -1 -1 -1 1 1 1 -1 1 1 1 1 1 1 
-1 -1 1 1 1 1 1 1 1 -1 1 1 1 1 1 1 1 1 -1 1 
1 -1 -1 1 1 1 1 1 1 1 1 1 -1 -1 1 1 1 1 1 1 
-1 1 -1 1 1 1 1 1 1 1 1 1 1 -1 -1 1 1 1 1 -1 
1 1 1 1 1 1 1 1 1 1 1 1 -1 -1 1 -1 -1 1 1 1 
1 1 -1 1 1 -1 -1 -1 1 -1 1 -1 -1 1 1 1 1 1 -1 -1 
1 1 1 1 1 -1 -1 -1 -1 1 1 1 -1 1 1 1 1 -1 -1 1 
1 -1 1 1 1 1 1 1 1 1 1 1 1 1 1 1 -1 1 -1 1 
1 -1 1 1 1 1 -1 1 1 1 1 1 1 1 1 1 1 1 1 1 
1 1 1 1 -1 1 1 -1 1 1 1 1 1 1 1 1 1 1 1 1 
-1 1 1 1 -1 1 1 1 1 -1 1 1 1 1 1 1 -1 2 1 1 
-1 1 1 1 1 1 1 1 1 1 1 1 1 1 1 1 1 -1 -1 1 
-1 -1 1 1 -1 1 1 1 1 1 1 1 1 1 1 -1 -1 -1 -1 -1 
1 1 1 1 1 1 1 -1 1 -1 1 1 1 1 1 1 1 1 -1 1 
1 1 1 1 1 1 1 1 1 1 -1 -1 1 -1 1 -1 -1 1 1 1 
1 1 1 1 1 1 1 1 1 1 1 1 1 1 -1 1 1 -1 1 1 
1 1 -1 -1 1 1 -1 1 1 -1 1 1 -1 1 1 1 -1 1 -1 1 
1 1 1 1 1 1 1 1 1 1 1 1 1 1 -1 -1 1 1 1 1 
-1 1 -1 1 1 1 1 1 -1 1 1 1 1 1 1 1 1 1 1 -1 
-1 1 -1 1 -1 1 1 1 -1 -1 -1 1 1 1 1 1 -1 1 1 1 
-1 -1 -1 -1 1 1 1 -1 1 1 1 1 1 1 1 -1 -1 1 1 1 
-1 -1 -1 1 1 -1 -1 1 1 1 1 1 1 1 1 1 -1 1 1 -1 
-1 1 -1 1 1 1 1 -1 1 1 -1 1 1 1 1 1 1 1 -1 -1 
1 -1 1 1 1 1 1 -1 1 -1 -1 -1 1 1 1 1 1 1 1 1 
1 1 -1 1 -1 1 1 1 1 1 -1 -1 1 1 -1 -1 -1 1 1 1 
-1 -1 -1 1 1 1 1 -1 1 1 -1 1 -1 1 1 1 1 1 1 1 
1 -1 1 1 1 1 1 -1 1 1 1 1 1 1 1 1 1 1 1 1 
1 1 1 1 -1 1 1 1 -1 1 -1 1 1 1 1 1 -1 1 -1 -1 
-1 1 1 1 1 1 -1 -1 1 -1 -1 1 1 -1 -1 -1 -1 -1 -1 -1 
-1 1 1 -1 1 1 -1 1 -1 -1 1 1 1 1 1 1 -1 1 -1 -1 
1 -1 1 1 -1 -1 -1 -1 1 1 -1 1 1 -1 1 -1 1 -1 -1 -1 
1 1 1 1 1 -1 -1 1 1 -1 -1 -1 1 1 1 1 1 1 1 -1 
1 1 1 1 1 1 1 1 1 -1 1 1 1 1 1 -1 -1 1 -1 1 
1 1 1 -1 1 1 1 1 1 1 1 1 1 1 1 1 1 1 -1 1 
1 1 1 1 -1 -1 1 -1 1 -1 1 -1 1 -1 1 1 1 -1 1 1 
1 1 1 1 1 1 1 1 -1 1 -1 -1 -1 -1 1 1 1 1 1 1 
1 1 1 1 -1 1 1 1 1 -1 -1 -1 1 1 1 1 1 1 1 1 
1 1 1 1 -1 1 1 -1 1 1 -1 1 1 1 1 1 1 1 1 1 
1 1 1 -1 -1 1 -1 1 1 1 1 -1 1 1 1 1 1 -1 1 1 
1 1 -1 1 1 1 1 1 1 1 1 1 -1 1 1 1 1 1 1 1 
1 1 1 1 1 1 1 1 1 -1 1 1 1 1 1 1 1 1 1 -1 
1 1 1 1 1 -1 1 1 1 1 1 1 1 1 1 1 -1 1 1 1 
-1 -1 -1 1 1 1 1 1 1 1 1 1 1 1 1 1 -1 -1 1 -1 
-1 -1 -1 1 1 1 1 1 1 1 -1 1 1 1 1 1 -1 1 1 1 
-1 -1 -1 1 1 -1 1 -1 1 -1 1 1 1 1 1 1 1 1 1 -1 
-1 -1 -1 1 1 -1 1 1 1 -1 -1 1 1 1 1 1 1 1 -1 1 
1 1 -1 -1 1 1 1 1 1 -1 1 1 -1 -1 1 -1 -1 1 1 -1 
1 1 -1 1 1 1 -1 -1 1 1 -1 1 -1 -1 -1 -1 1 1 1 1 
1 1 1 1 1 1 1 1 1 1 1 1 -1 -1 1 1 -1 1 1 1 
1 1 -1 1 1 1 1 -1 1 1 1 1 -1 -1 1 1 1 1 1 1 
-1 1 1 -1 1 -1 1 1 1 1 1 1 1 1 1 1 1 1 1 -1 
-1 1 -1 -1 -1 -1 1 1 -1 1 1 -1 1 1 1 1 -1 -1 -1 1 
1 -1 1 -1 -1 1 1 1 1 1 1 1 1 -1 -1 -1 -1 -1 -1 1 
1 1 1 -1 1 1 1 1 1 1 1 1 1 -1 -1 -1 1 1 1 1 
1 1 -1 -1 1 1 -1 1 -1 1 1 -1 1 -1 -1 1 1 -1 -1 1 
1 1 -1 -1 1 1 1 -1 1 1 1 1 1 1 1 1 1 1 1 1 
1 1 -1 -1 -1 1 1 1 1 1 1 1 1 1 1 1 1 1 1 1 
1 1 1 -1 1 1 -1 1 1 1 1 1 1 -1 1 1 1 1 1 1 
1 1 1 1 1 -1 1 -1 1 -1 1 1 1 1 1 1 1 1 1 1 
1 1 -1 -1 1 1 1 -1 1 1 1 1 1 1 -1 1 1 1 1 1 
-1 1 -1 1 1 1 -1 1 -1 1 1 1 1 1 1 -1 1 1 -1 1 
1 -1 1 1 1 1 -1 1 1 1 1 1 1 1 -1 1 1 1 1 1 
-1 1 1 1 1 1 1 1 1 1 1 1 1 1 1 1 1 1 -1 -1 
1 1 1 1 1 -1 1 1 -1 1 1 1 -1 1 1 1 1 1 1 -1 
1 1 1 1 1 1 1 1 -1 1 1 1 1 1 1 1 1 -1 1 1 
1 -1 1 1 1 -1 1 1 1 1 1 1 1 1 1 1 -1 1 -1 -1 
1 -1 1 1 1 -1 1 -1 1 1 -1 1 -1 -1 1 -1 1 1 1 1 
-1 -1 -1 1 1 1 -1 1 1 1 1 1 1 -1 1 1 -1 1 -1 -1 
1 1 -1 -1 -1 1 1 -1 1 1 1 1 -1 1 1 -1 -1 -1 -1 1 
1 1 1 -1 1 1 1 1 1 1 1 1 1 1 1 -1 -1 -1 -1 1 
1 1 1 -1 1 -1 1 1 1 1 1 -1 1 1 1 1 -1 -1 -1 -1 
1 1 1 1 -1 -1 1 1 1 1 1 -1 1 1 1 1 -1 -1 -1 -1 
-1 1 1 1 -1 1 -1 -1 1 1 1 1 1 1 1 -1 1 -1 1 1 
1 1 1 1 1 1 -1 -1 1 1 1 1 1 1 -1 1 1 1 1 1 
1 1 1 -1 1 1 -1 1 1 1 1 1 1 1 1 1 1 -1 1 1 
-1 1 -1 -1 -1 -1 -1 1 -1 1 1 1 1 1 1 1 1 -1 -1 1 
1 1 1 1 -1 -1 1 1 1 -1 1 1 -1 1 1 -1 1 -1 1 1 
1 1 -1 1 1 1 1 1 1 -1 -1 -1 1 -1 1 1 1 1 1 1 
-1 1 1 1 1 1 1 1 1 -1 -1 -1 1 -1 -1 1 -1 -1 -1 1 
1 1 1 1 1 1 1 1 1 1 1 -1 1 1 -1 -1 -1 -1 1 1 
1 -1 1 1 1 -1 1 -1 -1 -1 1 1 1 1 -1 -1 -1 1 1 -1 
-1 1 -1 1 1 1 -1 -1 1 -1 1 1 -1 1 -1 1 1 -1 1 1 
1 1 -1 -1 -1 -1 1 1 1 1 1 1 1 1 -1 -1 1 1 -1 1 
1 -1 -1 1 -1 1 1 1 1 1 1 1 -1 1 -1 -1 -1 1 1 1 
-1 1 -1 1 1 1 -1 1 1 1 1 1 1 1 1 -1 -1 1 -1 -1 
-1 -1 1 1 -1 -1 1 -1 -1 1 1 1 1 1 1 1 1 1 1 1 
1 1 1 1 1 1 -1 1 1 1 1 1 1 1 1 1 1 1 1 1 
-1 1 1 -1 1 1 1 1 -1 1 1 1 1 1 1 1 1 -1 1 1 
1 1 1 1 1 1 1 1 1 -1 1 1 1 1 1 1 1 1 1 1 
1 1 1 1 1 1 1 1 -1 -1 1 1 1 1 1 1 1 1 1 1 
1 1 -1 1 -1 1 1 1 -1 1 1 1 1 1 1 1 1 1 1 1 
1 1 1 -1 1 -1 1 1 1 1 1 1 1 1 1 1 1 1 1 1 
1 1 1 -1 1 1 1 1 1 1 1 -1 1 1 1 1 1 1 1 1 
1 1 1 1 1 -1 -1 1 -1 1 1 1 1 1 1 1 1 -1 1 1 
1 -1 1 -1 1 1 1 -1 -1 -1 1 1 1 1 1 1 1 1 -1 1 
1 1 -1 1 1 1 1 1 1 1 1 -1 1 1 1 1 1 1 1 1 
1 1 -1 -1 -1 1 1 1 1 1 1 1 1 1 -1 -1 -1 -1 -1 -1 
-1 1 -1 1 1 1 1 1 1 1 -1 1 -1 1 -1 1 1 1 1 1 
1 1 1 1 1 -1 1 1 1 1 1 1 1 1 -1 -1 1 -1 -1 1 
1 1 1 1 1 -1 -1 1 1 1 1 1 1 1 1 1 -1 1 1 1 
1 -1 -1 1 1 1 1 1 1 1 1 1 1 1 1 -1 1 1 -1 1 
1 1 -1 1 1 1 1 1 1 1 -1 1 1 -1 -1 1 -1 1 1 1 
1 1 1 1 1 1 1 1 1 1 1 1 1 1 -1 1 -1 -1 1 1 
-1 1 1 1 1 -1 -1 1 1 1 1 1 -1 1 1 -1 -1 1 -1 -1 
1 1 -1 1 -1 -1 1 1 -1 -1 -1 1 1 1 1 1 1 1 -1 1 
1 1 1 -1 1 1 1 1 -1 1 1 1 1 1 1 -1 -1 1 1 1 
1 1 1 1 1 1 1 1 -1 1 1 1 1 -1 1 1 1 1 1 1 
1 1 1 1 1 1 1 1 -1 1 -1 1 1 1 1 -1 1 1 1 1 
1 1 1 1 1 1 1 1 1 1 1 1 1 1 1 1 1 -1 1 1 
-1 1 1 1 -1 1 1 1 1 1 1 -1 -1 1 1 1 1 1 1 1 
1 -1 1 -1 1 1 1 1 1 -1 1 1 1 1 1 1 1 1 1 -1 
1 -1 1 1 1 1 1 1 1 1 1 -1 1 1 1 1 1 -1 1 1 
1 1 1 1 1 1 1 -1 1 1 1 1 1 1 1 1 1 -1 -1 -1 
1 -1 -1 1 1 1 1 1 1 -1 1 1 1 1 1 1 1 1 -1 1 
1 1 1 1 1 1 1 1 -1 1 1 1 -1 1 -1 1 1 1 1 1 
1 1 1 1 -1 -1 1 1 -1 1 1 1 1 1 -1 1 1 -1 1 1 
1 -1 -1 -1 -1 -1 1 1 -1 1 1 -1 1 1 1 1 1 1 1 1 
1 1 1 -1 -1 1 1 1 1 -1 1 -1 -1 1 1 1 1 1 1 1 
1 1 1 -1 1 -1 -1 1 -1 -1 -1 -1 -1 -1 1 -1 1 1 -1 1 
-1 1 -1 1 1 1 -1 -1 1 1 -1 1 1 1 1 1 1 1 1 1 
-1 -1 1 1 1 1 -1 -1 1 1 1 1 1 1 1 1 -1 1 1 1 
-1 1 -1 1 1 1 1 1 -1 1 1 -1 1 1 -1 1 -1 -1 1 -1 
1 1 -1 1 1 1 1 1 1 1 -1 -1 1 -1 1 -1 1 1 1 1 
1 -1 -1 1 1 1 1 1 -1 -1 1 1 -1 1 -1 -1 1 1 -1 1 
-1 1 1 1 1 1 1 1 1 1 -1 1 1 -1 1 1 -1 -1 1 1 
-1 1 -1 1 -1 1 1 1 1 1 -1 1 1 1 1 1 -1 -1 1 -1 
1 -1 -1 -1 -1 -1 1 1 1 1 1 1 1 1 1 -1 -1 -1 -1 1 
2 -1 -1 1 1 1 1 1 1 1 1 1 1 1 1 1 2 1 2 1 
2 1 1 -1 1 1 1 1 1 1 1 1 1 1 1 1 1 2 -1 1 
-1 1 1 1 -1 1 1 1 1 1 -1 -1 -1 -1 1 1 1 1 1 -1 
1 1 1 1 1 1 1 -1 -1 1 1 -1 -1 -1 1 1 2 1 -1 -1 
1 -1 1 1 -1 1 1 -1 1 1 1 1 1 1 1 -1 1 1 -1 1 
1 1 1 1 -1 1 1 1 1 1 1 1 -1 1 1 1 1 1 1 1 
1 1 1 -1 -1 1 1 1 1 -1 1 1 1 1 1 1 -1 1 1 1 
1 1 1 1 -1 1 1 1 1 1 1 1 1 1 -1 -1 1 1 -1 1 
-1 1 1 -1 1 1 1 -1 1 1 -1 1 -1 1 1 1 1 1 -1 1 
1 -1 -1 -1 -1 1 1 1 1 1 -1 1 1 1 1 1 1 -1 1 1 
1 -1 1 1 1 -1 1 1 1 1 1 1 1 1 1 1 -1 1 1 1 
1 1 1 1 1 1 1 -1 1 1 1 1 -1 1 1 1 -1 1 1 1 
1 1 1 -1 1 1 1 1 1 1 1 1 1 1 1 1 1 1 1 1 
1 1 -1 1 -1 1 1 1 1 1 1 1 1 1 1 1 1 -1 1 1 
-1 1 1 1 1 1 1 1 1 1 1 1 -1 1 1 -1 1 -1 -1 -1 
1 1 1 1 -1 1 1 1 1 1 1 1 1 1 1 1 -1 -1 1 1 
1 1 1 1 1 1 -1 1 1 1 1 1 1 1 1 1 1 1 1 1 
-1 -1 1 1 -1 -1 1 1 1 -1 1 1 1 1 -1 1 1 1 1 1 
-1 -1 -1 1 1 1 1 1 1 1 1 1 1 -1 1 1 1 1 1 1 
1 1 -1 1 1 1 1 1 1 1 -1 1 1 1 1 1 -1 1 -1 -1 
1 1 1 -1 -1 1 1 1 1 1 1 1 1 1 1 1 -1 -1 1 1 
1 1 1 1 1 1 1 1 1 1 1 1 1 1 1 1 1 -1 1 1 
-1 1 1 -1 1 1 1 1 1 -1 1 1 1 1 1 1 -1 1 1 -1 
1 1 1 1 1 1 1 1 1 1 1 1 1 1 1 1 1 1 1 1 
-1 -1 1 1 1 1 1 -1 1 1 1 1 1 1 1 1 1 1 1 1 
-1 1 1 1 1 1 1 1 -1 1 1 1 1 1 1 1 1 1 1 1 
1 1 1 1 -1 1 1 1 1 1 1 1 1 1 1 1 1 1 1 1 
1 -1 1 1 1 1 1 1 1 1 1 1 1 1 1 1 1 -1 1 1 
1 1 -1 1 -1 1 1 1 1 1 -1 1 1 1 1 1 1 1 1 -1 
-1 1 1 1 1 1 1 1 1 1 1 1 1 1 1 1 1 1 -1 -1 
1 1 1 1 1 1 1 1 1 1 -1 1 -1 1 1 -1 1 -1 1 1 
1 1 1 -1 1 -1 1 1 1 -1 1 1 -1 -1 -1 1 1 -1 -1 -1 
1 1 -1 -1 1 -1 -1 1 1 1 1 1 -1 1 -1 1 1 1 1 1 
-1 -1 1 1 1 1 1 -1 1 1 -1 1 -1 -1 -1 -1 1 -1 1 1 
-1 1 1 1 1 1 1 1 1 1 1 -1 -1 1 1 1 1 -1 -1 -1 
1 1 1 1 1 1 -1 1 1 1 1 1 1 1 1 -1 1 1 -1 1 
1 -1 -1 1 1 1 1 1 1 1 1 1 -1 1 -1 -1 1 1 1 1 
-1 -1 1 1 1 1 1 1 1 1 1 1 1 1 1 -1 1 1 1 -1 
-1 -1 1 1 1 1 -1 1 -1 1 1 1 1 1 1 1 1 1 1 1 
-1 -1 1 1 1 1 1 -1 1 1 1 1 1 1 1 1 1 1 1 -1 
-1 1 -1 1 1 1 -1 1 1 1 1 1 -1 -1 1 1 1 1 1 -1 
1 1 -1 -1 1 1 1 1 1 1 1 1 -1 -1 1 1 1 1 1 1 
1 1 1 1 1 1 1 1 1 1 -1 -1 1 1 1 1 1 1 1 1 
1 1 1 1 1 -1 -1 -1 1 1 1 1 -1 1 1 1 1 1 1 1 
1 1 1 1 1 1 -1 1 1 1 -1 -1 -1 1 1 1 -1 -1 -1 -1 
1 1 1 1 1 1 1 1 1 1 -1 -1 1 1 1 1 -1 -1 -1 -1 
1 1 1 1 -1 1 1 1 1 1 1 1 1 1 1 1 1 -1 -1 -1 
1 1 1 1 1 -1 1 1 1 -1 1 1 1 1 1 1 -1 1 1 1 
1 1 -1 1 1 1 1 1 1 -1 1 1 1 1 1 1 1 1 1 1 
-1 1 1 1 1 1 -1 -1 1 1 1 1 1 1 1 1 1 1 1 1 
1 -1 -1 1 1 -1 -1 1 1 -1 1 1 1 1 1 1 1 1 1 -1 
-1 -1 1 1 1 1 1 1 -1 1 1 -1 2 1 1 1 1 1 -1 -1 
1 1 1 1 1 1 1 1 1 1 1 1 1 2 2 1 1 1 -1 1 
-1 -1 1 1 1 1 1 1 1 -1 1 1 1 1 1 1 1 1 1 -1 
-1 -1 -1 1 1 1 -1 1 -1 1 1 1 1 1 1 1 1 1 1 1 
1 1 1 -1 1 -1 -1 1 1 1 1 1 1 1 1 1 1 1 1 1 
1 1 1 1 1 1 1 1 1 1 1 1 1 1 1 1 1 -1 1 1 
1 1 -1 1 1 -1 -1 1 1 1 1 1 -1 1 1 1 1 1 1 1 
1 1 1 -1 1 1 1 -1 -1 -1 1 1 1 1 1 1 1 -1 1 1 
1 -1 1 1 1 -1 1 1 1 1 1 1 1 1 1 1 1 1 1 1 
-1 -1 1 1 1 -1 1 1 1 1 1 1 1 1 1 -1 -1 1 -1 1 
-1 -1 1 1 -1 -1 1 1 1 1 1 1 1 1 1 1 1 1 1 1 
1 1 1 1 -1 1 1 1 1 -1 1 1 1 1 1 1 1 1 -1 1 
-1 1 1 1 1 1 1 1 1 1 -1 -1 1 1 1 1 1 1 1 1 
1 1 1 1 -1 -1 1 1 1 -1 -1 1 1 1 1 1 1 1 1 3 
1 1 3 1 1 1 1 1 1 -1 1 1 -1 1 -1 1 -1 1 1 3 
1 1 3 3 1 1 1 1 1 1 1 -1 1 -1 1 3 1 3 3 1 
3 1 3 3 3 1 1 -1 1 1 -1 1 -1 3 3 1 1 3 -1 3 
3 3 3 1 1 1 1 1 1 1 1 -1 -1 1 1 1 -1 3 3 3 
3 3 1 1 3 1 1 1 1 1 1 -1 -1 -1 1 1 -1 3 1 3 
3 2 1 1 1 3 3 3 1 1 -1 1 -1 -1 -1 1 1 1 1 3 
-1 1 1 1 1 -1 3 1 1 -1 1 1 1 -1 1 1 1 1 1 1 
1 1 -1 1 1 -1 -1 3 1 -1 1 1 1 1 1 1 1 -1 -1 1 
1 5 -1 1 1 1 -1 1 1 1 1 1 1 1 1 1 1 1 1 1 
-1 1 1 1 1 1 -1 1 1 1 1 1 -1 1 1 1 -1 1 1 -1 
1 -1 1 1 1 1 -1 -1 -1 -1 -1 -1 -1 1 1 -1 -1 1 1 1 
1 1 -1 1 -1 1 1 -1 1 1 1 1 -1 1 1 1 -1 1 -1 1 
1 1 1 1 -1 1 -1 1 1 1 1 -1 1 -1 1 1 1 -1 1 1 
1 -1 -1 1 1 1 1 1 1 1 1 1 1 1 3 3 3 3 1 1 
1 1 -1 1 -1 -1 1 -1 1 1 1 1 1 1 -1 -1 1 1 1 1 
1 1 1 -1 1 3 1 1 1 1 1 -1 1 1 -1 3 1 1 1 1 
3 3 3 3 3 -1 1 1 1 1 1 1 1 2 1 1 1 1 3 3 
1 3 -1 3 -1 -1 -1 -1 1 1 1 1 1 1 1 1 -1 1 3 1 
1 1 1 -1 6 -1 -1 1 1 1 1 1 1 1 1 1 -1 1 3 1 
1 3 1 1 -1 6 1 -1 1 1 1 1 -1 1 1 -1 1 1 3 1 
1 1 -1 1 6 1 3 1 1 1 1 1 1 1 -1 1 1 -1 1 1 
3 1 1 1 3 1 1 1 1 1 1 3 1 1 1 1 1 -1 3 3 
1 1 1 1 1 1 1 1 1 1 1 1 1 1 1 1 1 1 3 6 
1 -1 1 -1 -1 1 -1 1 1 1 1 1 1 -1 1 1 1 3 6 1 
-1 -1 1 1 -1 -1 1 1 1 1 1 1 1 1 1 1 1 1 6 6 
1 1 1 1 1 1 1 1 -1 -1 -1 1 1 1 1 1 1 1 -1 1 
1 -1 1 1 1 1 1 1 -1 -1 1 1 -1 1 1 1 1 1 1 1 
1 1 1 1 1 1 -1 1 1 -1 -1 1 1 -1 -1 1 1 1 1 1 
1 1 1 1 1 1 1 1 -1 1 -1 1 1 1 -1 -1 -1 -1 -1 1 
1 1 -1 1 1 1 -1 1 1 -1 1 1 1 1 1 1 -1 -1 -1 1 
-1 1 1 1 1 1 1 1 1 1 1 1 1 1 -1 1 -1 -1 -1 1 
1 -1 1 1 1 1 1 1 1 -1 1 1 -1 1 1 1 -1 -1 1 1 
1 1 1 1 -1 1 1 1 1 -1 1 -1 -1 -1 1 1 -1 3 1 1 
3 1 1 1 1 1 1 1 -1 1 1 1 -1 -1 1 -1 1 1 -1 3 
1 1 1 1 1 1 1 1 1 -1 1 1 1 1 9 1 3 1 3 3 
1 -1 1 1 1 1 1 -1 1 1 -1 -1 -1 9 -1 1 1 1 1 3 
1 1 1 1 1 1 1 1 1 1 1 -1 1 1 -1 1 1 3 -1 3 
1 -1 -1 -1 1 1 1 -1 1 1 -1 1 1 -1 9 1 1 3 1 -1 
1 1 1 1 1 1 1 1 1 1 -1 3 1 1 1 1 1 3 1 -1 
1 -1 1 -1 1 1 1 1 1 1 1 1 3 1 3 -1 -1 -1 1 1 
-1 1 1 1 1 1 1 1 1 1 1 3 3 1 3 1 -1 3 1 3 
1 3 1 1 1 1 1 1 1 1 3 3 1 1 -1 1 -1 1 1 3 
3 3 3 1 1 -1 1 1 1 1 3 1 1 3 1 3 1 1 1 1 
3 1 1 1 1 1 -1 1 1 1 1 1 3 1 1 1 1 1 1 1 
3 3 3 1 1 -1 1 1 -1 -1 1 1 -1 1 1 1 1 -1 1 3 
1 3 1 -1 1 1 1 1 -1 1 -1 1 1 1 1 3 -1 1 1 3 
1 -1 -1 1 1 1 1 1 1 1 1 1 1 1 1 1 -1 1 1 1 
1 1 1 -1 1 1 1 1 -1 1 1 1 -1 -1 1 1 1 1 1 1 
1 -1 1 -1 -1 1 1 -1 1 1 1 1 1 1 1 1 1 1 -1 1 
-1 -1 1 -1 1 1 1 -1 -1 1 1 1 1 1 -1 -1 -1 -1 1 1 
1 1 -1 1 1 1 -1 -1 1 -1 1 1 1 1 1 1 1 -1 1 -1 
-1 1 -1 1 1 1 -1 1 1 1 1 1 1 1 -1 1 1 -1 -1 1 
1 1 -1 1 1 1 1 -1 1 1 1 1 1 -1 1 -1 1 1 1 -1 
-1 1 1 1 1 1 1 1 1 1 1 1 1 -1 1 1 1 1 1 1 
1 1 -1 1 -1 1 -1 1 1 -1 1 1 -1 -1 1 1 1 1 -1 -1 
-1 1 1 -1 1 1 1 1 1 1 1 -1 -1 3 1 1 -1 1 1 -1 
1 1 1 1 1 -1 1 1 -1 1 1 1 1 1 1 -1 -1 -1 -1 1 
1 1 1 1 1 1 -1 1 -1 -1 1 1 1 1 1 1 -1 1 -1 1 
1 1 1 1 1 1 1 1 1 1 -1 1 1 1 1 1 1 -1 1 1 
-1 1 -1 1 1 1 -1 1 -1 -1 1 1 1 -1 1 1 1 1 1 1 
1 -1 1 1 -1 1 -1 -1 -1 -1 1 1 -1 1 -1 1 1 1 1 1 
1 1 1 1 1 -1 -1 -1 -1 -1 1 1 1 1 1 1 1 1 1 1 
1 1 1 1 -1 -1 -1 -1 -1 1 1 1 1 1 1 -1 1 1 1 1 
1 1 1 1 1 1 -1 1 -1 -1 -1 -1 1 1 1 -1 -1 1 1 1 
-1 1 1 1 -1 1 1 -1 1 -1 -1 -1 1 1 -1 -1 1 1 -1 1 
-1 1 1 -1 1 1 1 1 -1 -1 1 -1 -1 1 -1 1 1 1 -1 -1 
-1 1 1 -1 1 1 1 -1 -1 1 1 -1 1 1 -1 -1 1 1 1 -1 
1 1 1 1 -1 1 1 -1 -1 1 1 1 1 -1 1 1 1 1 1 1 
-1 -1 1 1 1 1 1 -1 -1 1 1 1 -1 -1 -1 1 1 1 1 -1 
1 -1 1 1 -1 1 1 1 -1 -1 3 1 1 -1 1 1 1 1 1 -1 
1 1 1 1 1 1 1 1 1 1 1 1 1 1 -1 1 1 -1 1 -1 
1 1 1 -1 1 1 1 1 1 1 1 1 1 1 1 1 -1 -1 1 1 
1 -1 -1 1 1 1 -1 1 1 1 1 1 -1 1 1 1 1 1 1 1 
1 1 1 -1 1 1 -1 -1 1 1 -1 1 1 -1 1 1 1 1 1 1 
1 -1 1 -1 -1 -1 -1 -1 1 1 1 1 1 -1 1 1 -1 1 1 -1 
1 1 1 1 1 1 1 1 1 1 1 1 1 1 -1 -1 1 -1 1 1 
1 1 -1 -1 1 1 1 1 -1 1 -1 1 1 -1 -1 1 1 -1 -1 -1 
1 1 1 1 1 1 1 -1 -1 -1 1 1 1 -1 1 1 -1 1 -1 1 
1 1 1 1 1 -1 1 1 1 -1 1 1 -1 1 1 -1 1 1 1 1 
-1 1 1 1 1 -1 1 1 1 1 -1 1 1 1 1 -1 -1 1 1 1 
1 -1 1 1 1 1 1 1 1 1 1 -1 1 1 1 1 -1 1 1 1 
1 1 1 1 1 1 1 1 1 -1 1 1 1 1 1 1 1 1 1 1 
1 1 -1 1 -1 1 1 -1 1 -1 -1 -1 1 1 1 1 1 1 1 1 
1 -1 -1 -1 -1 -1 1 1 1 -1 1 1 -1 1 -1 1 -1 1 1 -1 
1 1 1 -1 -1 1 1 -1 1 1 1 1 1 -1 -1 1 1 1 1 -1 
1 1 1 -1 -1 1 -1 1 1 1 1 1 1 1 1 1 1 1 1 -1 
1 1 1 1 1 1 -1 -1 1 1 1 -1 1 1 1 1 1 1 -1 -1 
1 -1 1 1 -1 1 1 1 1 1 1 -1 1 -1 1 1 1 1 -1 1 
-1 1 -1 1 -1 1 -1 1 1 1 1 1 -1 -1 -1 1 1 1 1 1 
1 1 -1 -1 1 1 1 1 -1 1 1 1 -1 -1 -1 1 1 1 1 1 
1 1 -1 1 -1 1 -1 1 1 1 1 1 -1 1 1 1 1 1 1 -1 
1 1 1 -1 1 -1 1 1 1 1 -1 -1 1 1 -1 1 -1 1 1 1 
1 1 1 -1 -1 -1 -1 1 1 -1 -1 -1 1 -1 -1 1 -1 1 1 1 
1 1 1 -1 1 -1 1 1 1 1 1 -1 -1 1 1 1 1 -1 -1 1 
1 1 1 -1 -1 1 1 1 1 1 1 1 -1 -1 1 1 1 1 1 -1 
1 -1 1 1 -1 1 -1 1 1 -1 1 -1 -1 -1 -1 1 1 1 -1 1 
-1 -1 1 1 1 1 1 1 1 1 1 1 -1 1 1 1 1 -1 -1 1 
1 1 1 -1 -1 1 1 1 1 -1 1 1 -1 1 -1 1 1 -1 -1 -1 
-1 1 1 1 -1 1 -1 1 1 1 -1 1 1 1 1 1 1 -1 1 1 
1 1 1 1 1 1 1 1 1 1 1 1 1 -1 1 1 1 1 1 1 
1 1 1 1 1 1 1 1 1 1 1 1 1 1 1 1 1 -1 1 1 
1 1 1 1 1 1 1 1 -1 1 1 1 1 -1 1 1 -1 1 -1 1 
1 -1 1 1 1 1 1 1 1 1 1 1 -1 -1 -1 -1 1 1 1 1 
1 1 1 1 1 1 -1 1 1 1 1 1 -1 -1 -1 1 1 -1 1 1 
1 1 1 1 1 1 1 1 1 -1 1 -1 1 1 1 1 1 1 -1 1 
1 1 1 1 1 1 1 1 1 -1 1 1 1 1 1 1 1 1 1 -1 
-1 1 1 1 1 1 1 1 -1 -1 1 -1 1 1 1 1 -1 1 1 1 
1 1 1 1 1 1 1 -1 -1 1 1 -1 -1 1 -1 -1 1 1 -1 1 
1 1 1 1 1 1 1 1 -1 1 1 1 1 1 1 1 1 1 1 1 
1 1 1 -1 1 1 1 1 1 1 1 1 1 1 1 1 1 1 1 1 
1 1 1 1 1 1 -1 1 1 1 1 1 1 -1 1 1 1 1 1 1 
-1 1 -1 1 1 1 1 -1 1 1 -1 1 -1 1 1 1 -1 -1 1 1 
1 -1 1 1 1 1 1 1 1 1 1 -1 -1 -1 1 1 1 1 1 -1 
1 -1 1 1 -1 1 -1 -1 1 1 1 -1 -1 1 -1 1 1 1 1 1 
-1 1 1 1 1 -1 1 1 -1 -1 -1 -1 -1 -1 1 1 1 1 1 -1 
-1 1 1 1 1 1 1 1 1 1 1 -1 -1 1 1 1 1 1 1 1 
1 1 1 1 1 1 -1 1 -1 1 1 1 -1 1 -1 -1 1 1 1 1 
1 -1 1 1 -1 1 1 1 1 1 -1 1 1 -1 -1 1 1 1 -1 1 
1 1 1 1 1 -1 1 -1 1 1 1 1 1 1 1 1 1 1 1 1 
1 1 1 1 1 1 1 1 -1 -1 1 1 1 -1 -1 1 1 -1 1 1 
-1 1 1 1 -1 -1 1 1 1 1 1 1 1 1 -1 1 1 1 1 1 
1 -1 1 1 1 1 -1 1 1 1 -1 1 1 1 1 1 1 1 1 1 
-1 -1 1 1 -1 1 1 -1 1 -1 1 -1 1 -1 -1 1 1 1 1 -1 
1 1 1 -1 -1 1 1 1 -1 -1 -1 -1 -1 -1 -1 1 1 -1 1 1 
1 1 -1 1 1 -1 1 -1 1 1 -1 1 1 1 1 -1 1 1 1 1 
-1 -1 1 -1 1 1 1 1 1 1 1 1 1 1 -1 1 1 1 1 1 
1 1 1 1 1 1 1 1 1 -1 1 -1 1 1 1 1 1 -1 1 1 
1 1 1 -1 -1 -1 1 1 1 1 -1 1 1 1 1 1 1 1 -1 1 
-1 1 -1 -1 -1 1 1 1 1 1 -1 -1 1 1 -1 -1 1 -1 1 1 
1 1 -1 -1 1 1 1 1 1 1 -1 -1 1 1 1 1 1 1 1 1 
-1 1 -1 1 1 1 1 1 1 1 1 -1 1 1 -1 1 1 1 1 1 
1 1 1 1 1 1 1 -1 1 1 1 1 -1 -1 1 1 1 1 1 1 
1 1 1 1 1 1 1 1 1 1 1 -1 -1 -1 -1 1 1 1 1 1 
1 1 -1 1 1 -1 1 -1 1 1 -1 -1 1 1 1 1 1 1 1 1 
1 1 1 -1 1 1 -1 1 1 1 1 1 1 1 -1 1 1 1 1 1 
1 1 1 1 -1 1 1 1 1 1 1 1 -1 1 1 -1 -1 1 1 1 
1 1 1 1 1 -1 1 1 1 1 1 -1 1 1 1 1 1 1 1 1 
1 1 1 1 -1 1 1 1 1 1 -1 1 1 1 1 -1 1 1 1 1 
-1 1 1 1 1 -1 1 -1 1 1 1 1 1 1 1 1 -1 1 1 1 
1 -1 1 1 -1 1 1 1 1 1 1 1 1 1 -1 -1 -1 -1 -1 1 
1 -1 -1 1 1 1 -1 1 1 1 1 1 1 -1 1 1 -1 -1 1 1 
1 -1 1 1 1 1 -1 -1 1 1 1 1 1 1 1 1 1 1 -1 1 
1 1 1 1 1 1 1 -1 -1 1 1 -1 1 1 1 1 1 1 1 1 
1 -1 1 -1 -1 1 -1 1 1 -1 1 1 1 1 1 1 1 1 1 1 
-1 1 1 1 1 -1 1 1 1 -1 1 1 1 1 1 1 1 1 -1 1 
1 1 1 1 1 1 1 1 -1 1 1 1 1 1 1 1 1 1 -1 -1 
-1 1 1 1 1 1 -1 1 1 -1 1 1 1 1 1 1 -1 -1 -1 1 
1 -1 1 1 1 -1 1 1 1 1 1 -1 -1 1 1 1 1 -1 -1 1 
1 1 -1 1 1 1 1 1 1 1 1 1 -1 -1 -1 1 1 -1 1 1 
1 1 1 1 1 1 1 1 1 1 1 1 -1 -1 1 1 1 1 -1 1 
1 1 1 1 -1 1 -1 -1 1 1 1 1 1 -1 -1 1 1 1 1 1 
1 1 1 1 1 1 1 1 -1 1 1 1 1 1 -1 1 1 1 1 1 
1 1 1 -1 1 1 1 1 -1 1 1 -1 1 1 1 1 1 1 1 1 
1 1 1 1 1 1 1 1 -1 -1 -1 -1 1 1 1 1 -1 1 -1 -1 
1 1 1 1 1 -1 -1 1 1 -1 1 -1 1 1 1 1 1 1 1 1 
1 1 -1 -1 -1 1 1 1 1 1 -1 1 1 1 -1 1 1 1 1 1 
1 1 1 1 1 -1 1 1 1 1 1 1 1 1 1 1 1 1 1 1 
1 1 1 1 1 1 1 1 -1 1 1 -1 1 1 -1 1 1 1 1 1 
1 -1 1 1 1 1 -1 1 1 1 1 1 1 1 1 1 1 -1 1 -1 
1 1 1 1 1 1 1 -1 -1 1 -1 1 1 -1 1 1 1 1 -1 1 
1 1 1 1 1 1 -1 -1 1 1 -1 1 1 1 1 1 1 1 1 1 
1 1 -1 1 1 -1 1 1 1 -1 1 1 1 -1 1 1 -1 1 1 1 
-1 1 1 1 1 1 1 1 -1 1 -1 -1 -1 -1 1 -1 -1 1 -1 1 
1 -1 1 1 1 1 -1 -1 1 1 -1 -1 -1 -1 -1 1 -1 1 1 -1 
-1 1 1 1 1 1 -1 -1 -1 -1 -1 -1 -1 -1 1 -1 -1 1 -1 -1 
1 1 1 1 1 1 1 -1 -1 1 -1 -1 -1 -1 -1 -1 1 -1 -1 -1 
1 1 1 1 1 1 1 -1 1 1 1 1 -1 1 1 1 1 1 1 -1 
-1 1 1 -1 1 1 1 1 -1 1 1 -1 1 1 -1 1 1 1 1 1 
1 1 -1 -1 -1 1 1 1 1 -1 1 1 1 -1 -1 1 1 1 1 1 
-1 1 1 -1 -1 1 1 1 -1 1 1 -1 1 1 1 1 1 1 -1 1 
1 1 1 1 1 1 1 1 1 1 -1 1 -1 1 -1 -1 1 1 -1 1 
1 1 1 1 1 -1 1 1 1 -1 1 1 1 1 -1 1 1 -1 -1 -1 
-1 1 1 -1 1 -1 -1 -1 -1 1 -1 -1 1 1 -1 1 -1 -1 1 -1 
1 -1 -1 -1 1 1 1 -1 -1 1 -1 1 -1 -1 1 1 -1 1 -1 -1 
1 1 1 1 1 -1 -1 1 1 -1 -1 1 1 -1 1 1 1 1 1 1 
1 1 1 1 -1 1 -1 1 -1 1 1 1 1 1 1 1 1 1 1 1 
-1 1 1 -1 1 1 -1 1 1 1 1 1 1 1 1 1 -1 1 1 1 
1 1 1 1 -1 1 1 1 1 -1 1 1 -1 -1 -1 -1 1 1 1 1 
1 -1 1 1 1 1 -1 1 -1 1 1 1 -1 -1 1 1 1 1 1 1 
1 1 -1 1 1 -1 -1 -1 -1 -1 1 1 1 -1 1 1 1 1 1 1 
-1 1 1 1 -1 -1 -1 -1 -1 1 1 1 1 -1 1 1 1 -1 1 -1 
1 1 -1 1 -1 -1 -1 -1 1 1 -1 -1 -1 1 1 1 -1 -1 -1 1 
1 1 -1 1 1 -1 1 1 1 1 -1 -1 -1 1 1 1 -1 1 -1 -1 
1 -1 1 -1 1 -1 1 1 1 1 -1 1 1 1 1 -1 1 1 1 -1 
1 1 1 -1 1 -1 -1 1 1 1 1 1 -1 1 1 1 1 1 1 1 
-1 -1 1 1 -1 1 1 1 1 1 1 1 1 -1 1 1 -1 1 1 1 
1 1 1 1 -1 -1 1 1 1 -1 1 1 -1 1 -1 -1 -1 1 1 -1 
-1 1 1 -1 -1 -1 1 -1 1 1 1 1 -1 -1 -1 -1 -1 -1 1 1 
1 -1 -1 -1 -1 1 -1 1 1 1 1 1 1 -1 1 1 -1 -1 1 -1 
-1 1 1 -1 1 -1 1 1 1 -1 1 1 1 1 1 1 1 1 -1 -1 
-1 1 1 -1 1 1 1 1 -1 1 1 -1 1 1 1 1 1 1 1 -1 
1 1 1 1 1 -1 1 1 -1 -1 1 1 1 -1 1 1 1 -1 -1 -1 
-1 -1 -1 -1 1 1 1 -1 1 1 1 1 1 1 1 1 1 -1 -1 -1 
1 -1 -1 -1 1 1 -1 -1 -1 1 -1 1 -1 1 -1 1 1 1 1 -1 
1 1 -1 -1 1 -1 -1 -1 -1 1 -1 1 -1 1 1 -1 -1 1 -1 -1 
-1 -1 -1 -1 -1 -1 -1 -1 -1 -1 1 -1 1 1 1 1 -1 1 1 -1 
-1 1 1 -1 -1 1 -1 -1 -1 -1 1 1 1 1 1 1 -1 -1 -1 1 
1 1 -1 1 1 1 -1 -1 -1 -1 -1 1 1 -1 1 -1 -1 -1 -1 1 
1 1 -1 1 1 1 -1 -1 -1 -1 -1 -1 -1 1 -1 -1 1 1 -1 1 
-1 -1 -1 -1 1 -1 1 -1 -1 -1 -1 -1 -1 1 -1 1 -1 1 1 -1 
-1 -1 -1 -1 -1 -1 1 -1 -1 -1 -1 -1 -1 1 1 1 -1 1 1 1 
-1 -1 -1 -1 1 1 -1 -1 -1 -1 -1 -1 1 1 -1 1 1 -1 -1 -1 
-1 -1 -1 -1 -1 1 -1 -1 -1 -1 -1 -1 1 -1 -1 -1 -1 -1 -1 -1 
-1 -1 -1 -1 -1 -1 1 -1 -1 -1 -1 1 -1 -1 1 1 1 1 -1 -1 
-1 -1 -1 1 -1 1 1 -1 -1 -1 -1 -1 -1 1 -1 1 1 1 -1 -1 
-1 1 1 1 1 1 1 -1 -1 -1 -1 -1 -1 -1 1 1 1 1 1 -1 
1 1 -1 1 -1 1 1 -1 -1 1 1 1 -1 1 1 -1 -1 -1 -1 1 
1 -1 -1 1 1 1 1 1 -1 -1 1 1 1 1 -1 1 -1 -1 1 1 
-1 1 1 -1 1 1 -1 1 1 -1 1 1 1 1 -1 -1 -1 -1 -1 1 
-1 1 1 1 1 1 1 1 -1 1 1 1 1 1 1 1 -1 -1 -1 -1 
1 1 -1 1 1 1 -1 -1 -1 1 -1 -1 1 1 1 1 1 -1 -1 -1 
-1 1 1 1 1 -1 1 -1 -1 -1 -1 -1 1 1 1 1 1 -1 -1 1 
1 -1 -1 1 1 1 1 -1 1 1 -1 1 -1 -1 1 1 1 -1 1 1 
-1 -1 -1 -1 -1 -1 -1 -1 -1 -1 -1 -1 -1 -1 -1 -1 -1 -1 -1 -1 
-1 -1 -1 -1 -1 -1 -1 -1 -1 -1 -1 -1 -1 -1 -1 -1 -1 -1 -1 -1 
-1 -1 -1 -1 -1 -1 -1 -1 -1 -1 -1 -1 -1 -1 -1 -1 -1 -1 -1 -1 
-1 -1 -1 -1 -1 -1 -1 -1 -1 -1 -1 1 -1 -1 -1 1 -1 -1 -1 -1 
-1 -1 -1 -1 -1 -1 -1 -1 -1 -1 1 -1 -1 -1 1 -1 -1 -1 -1 -1 
-1 -1 -1 -1 -1 -1 -1 -1 1 1 -1 1 -1 -1 1 1 -1 -1 -1 -1 
-1 -1 -1 -1 -1 -1 -1 1 -1 -1 -1 -1 -1 -1 1 1 1 1 -1 -1 
-1 1 -1 1 -1 -1 -1 1 -1 -1 -1 1 -1 -1 1 1 1 -1 -1 -1 
-1 -1 -1 -1 1 -1 1 -1 1 -1 1 -1 -1 1 1 1 1 1 1 -1 
-1 -1 -1 -1 -1 -1 -1 1 -1 -1 -1 -1 -1 -1 1 1 -1 -1 -1 -1 
-1 -1 -1 -1 -1 -1 -1 -1 -1 1 -1 -1 -1 -1 -1 -1 -1 -1 -1 -1 
1 1 -1 -1 -1 -1 -1 -1 -1 1 1 -1 -1 -1 -1 -1 1 -1 -1 -1 
-1 -1 -1 1 -1 -1 -1 -1 -1 1 -1 -1 -1 -1 -1 -1 -1 -1 -1 -1 
-1 -1 -1 1 1 1 -1 -1 -1 -1 -1 -1 -1 -1 -1 -1 -1 -1 -1 -1 
-1 -1 -1 -1 1 -1 -1 -1 -1 -1 -1 -1 -1 -1 -1 1 -1 -1 -1 -1 
-1 1 1 -1 -1 -1 -1 -1 -1 -1 -1 1 -1 -1 -1 -1 1 -1 -1 -1 
-1 1 1 -1 -1 -1 -1 -1 -1 -1 -1 -1 -1 -1 -1 -1 -1 -1 1 -1 
-1 1 1 1 -1 -1 -1 -1 -1 -1 -1 -1 -1 -1 -1 -1 -1 -1 -1 -1 
-1 -1 -1 -1 -1 -1 -1 1 -1 -1 -1 -1 1 -1 -1 -1 -1 -1 -1 -1 
-1 -1 -1 -1 -1 -1 -1 -1 1 -1 -1 -1 -1 -1 -1 -1 -1 -1 -1 -1 
1 -1 1 -1 -1 -1 -1 -1 -1 -1 -1 -1 -1 -1 1 -1 -1 -1 1 -1 
-1 -1 -1 -1 -1 -1 -1 -1 -1 -1 -1 -1 -1 -1 1 -1 -1 -1 -1 -1 
-1 -1 -1 -1 -1 -1 -1 -1 -1 -1 -1 -1 -1 -1 1 1 -1 -1 -1 -1 
-1 -1 -1 -1 -1 -1 -1 -1 -1 -1 -1 -1 -1 -1 -1 -1 -1 -1 -1 -1 
-1 -1 1 1 -1 -1 -1 -1 -1 -1 -1 -1 -1 -1 -1 -1 -1 -1 -1 -1 
-1 1 1 1 -1 -1 -1 -1 -1 -1 -1 -1 -1 -1 -1 -1 -1 -1 -1 -1 
-1 1 1 1 -1 -1 -1 -1 -1 -1 -1 -1 -1 -1 -1 -1 -1 -1 -1 -1 
-1 -1 -1 -1 -1 -1 -1 1 -1 -1 -1 1 -1 -1 -1 -1 -1 -1 -1 -1 
-1 -1 1 -1 -1 -1 1 1 -1 -1 1 -1 -1 -1 -1 1 -1 -1 -1 -1 
-1 -1 -1 -1 -1 1 -1 -1 1 -1 -1 -1 -1 -1 -1 1 -1 -1 -1 -1 
-1 -1 -1 -1 1 -1 1 -1 -1 -1 1 1 1 1 1 -1 1 1 1 1 
-1 -1 -1 -1 -1 1 -1 -1 -1 1 1 1 -1 -1 -1 -1 -1 -1 -1 -1 
-1 1 -1 -1 -1 -1 -1 -1 -1 1 -1 -1 -1 -1 -1 -1 -1 1 -1 -1 
-1 1 1 1 -1 -1 -1 -1 -1 -1 -1 -1 -1 -1 -1 -1 1 -1 1 1 
1 -1 1 -1 -1 -1 -1 -1 -1 -1 -1 -1 -1 -1 -1 1 -1 -1 -1 1 
-1 -1 1 1 -1 -1 -1 -1 -1 -1 -1 -1 -1 -1 -1 -1 1 -1 -1 -1 
-1 -1 -1 -1 -1 -1 -1 -1 -1 -1 -1 -1 -1 -1 -1 -1 -1 -1 -1 -1 
-1 -1 -1 -1 -1 -1 -1 -1 -1 -1 -1 -1 -1 -1 -1 -1 -1 -1 -1 -1 
-1 -1 -1 -1 -1 -1 -1 -1 -1 -1 -1 -1 -1 -1 -1 -1 -1 -1 -1 -1 
1 1 -1 -1 -1 -1 -1 -1 -1 -1 -1 -1 -1 -1 -1 1 1 -1 1 1 
-1 -1 1 1 -1 -1 -1 -1 -1 -1 1 -1 -1 -1 -1 -1 -1 -1 -1 -1 
-1 -1 -1 1 1 -1 -1 -1 -1 -1 -1 -1 -1 -1 -1 1 1 -1 -1 -1 
-1 -1 -1 -1 -1 -1 -1 -1 -1 -1 -1 -1 -1 -1 -1 1 -1 -1 -1 -1 
-1 -1 -1 -1 -1 -1 1 1 -1 -1 -1 -1 -1 -1 -1 -1 -1 -1 -1 -1 
1 -1 -1 1 -1 1 1 -1 -1 -1 -1 -1 -1 -1 -1 -1 -1 -1 -1 -1 
-1 1 -1 1 1 1 -1 -1 -1 -1 -1 -1 1 -1 -1 -1 -1 -1 -1 -1 
-1 1 -1 1 1 -1 -1 -1 -1 -1 -1 1 -1 -1 -1 -1 -1 -1 -1 -1 
-1 -1 -1 -1 -1 -1 -1 -1 -1 -1 1 -1 1 -1 -1 -1 -1 -1 -1 -1 
-1 -1 -1 -1 -1 -1 -1 -1 -1 -1 -1 -1 -1 -1 -1 -1 1 -1 -1 -1 
-1 -1 -1 -1 -1 -1 -1 -1 -1 -1 -1 -1 -1 -1 -1 -1 1 -1 -1 -1 
-1 -1 -1 -1 -1 -1 -1 -1 -1 1 1 1 -1 1 -1 -1 1 -1 -1 -1 
-1 -1 -1 -1 -1 -1 -1 1 1 1 1 1 1 -1 1 -1 -1 -1 -1 -1 
-1 -1 -1 -1 -1 -1 -1 1 1 1 -1 1 1 1 -1 -1 -1 -1 -1 -1 
-1 -1 -1 -1 -1 -1 -1 -1 1 -1 -1 -1 1 -1 -1 1 -1 -1 -1 -1 
-1 -1 -1 -1 -1 1 -1 -1 -1 -1 1 1 1 -1 1 1 1 -1 -1 -1 
-1 -1 -1 -1 -1 1 -1 -1 -1 -1 -1 1 1 1 1 1 1 1 -1 -1 
-1 -1 -1 -1 -1 -1 1 -1 -1 -1 -1 -1 -1 -1 1 1 1 -1 1 1 
-1 -1 -1 -1 -1 -1 -1 1 -1 -1 -1 -1 -1 1 1 1 1 1 1 -1 
-1 -1 -1 -1 -1 -1 1 -1 -1 -1 -1 -1 -1 1 -1 1 1 -1 -1 -1 
-1 -1 -1 -1 -1 -1 1 1 -1 1 -1 -1 -1 -1 1 -1 -1 -1 -1 -1 
1 1 1 -1 -1 -1 -1 1 -1 1 1 -1 -1 -1 -1 1 1 -1 1 1 
-1 1 1 1 1 -1 1 1 -1 1 1 -1 -1 1 -1 1 -1 -1 -1 -1 
-1 1 1 -1 1 1 -1 -1 -1 -1 -1 1 1 -1 -1 -1 -1 -1 -1 -1 
-1 1 1 1 -1 -1 -1 -1 -1 1 -1 -1 -1 1 1 -1 -1 -1 -1 -1 
-1 1 -1 1 1 1 -1 -1 1 -1 1 -1 1 1 -1 -1 1 -1 -1 -1 
-1 1 -1 -1 1 -1 1 -1 -1 -1 -1 1 -1 -1 -1 -1 1 -1 -1 -1 
1 -1 -1 -1 -1 -1 -1 1 1 1 1 -1 -1 -1 -1 1 -1 1 -1 -1 
-1 1 1 -1 -1 -1 -1 -1 -1 -1 -1 -1 -1 -1 -1 -1 -1 -1 -1 -1 
-1 -1 -1 1 -1 -1 -1 1 -1 -1 -1 -1 1 -1 -1 -1 -1 -1 -1 -1 
1 1 -1 1 1 1 1 1 -1 -1 1 -1 1 1 -1 -1 -1 -1 -1 -1 
-1 -1 -1 1 -1 1 1 -1 -1 -1 -1 1 -1 1 -1 -1 -1 -1 -1 -1 
-1 1 1 -1 -1 1 -1 -1 -1 -1 -1 1 1 1 -1 -1 -1 -1 -1 -1 
-1 1 -1 -1 -1 -1 1 -1 -1 -1 1 -1 1 1 -1 -1 -1 -1 -1 1 
-1 1 1 1 -1 1 1 -1 -1 1 1 1 1 1 -1 -1 -1 -1 -1 1 
-1 -1 -1 1 -1 1 -1 -1 -1 1 -1 1 -1 -1 1 1 1 1 1 -1 
-1 1 -1 -1 -1 1 1 -1 -1 -1 -1 -1 -1 1 1 1 -1 1 -1 1 
1 1 -1 1 -1 1 1 1 -1 -1 -1 -1 -1 1 1 1 1 1 -1 1 
1 1 1 1 1 -1 -1 1 -1 -1 -1 -1 -1 -1 1 1 -1 1 -1 -1 
-1 1 1 -1 1 -1 -1 1 1 1 1 -1 1 1 -1 1 -1 1 -1 1 
1 1 1 1 1 -1 1 1 1 1 -1 -1 -1 -1 -1 -1 1 -1 -1 -1 
1 1 1 1 1 -1 1 1 1 1 -1 -1 1 1 1 1 1 -1 1 -1 
1 -1 1 1 -1 -1 1 -1 -1 -1 -1 -1 -1 1 1 1 -1 -1 1 1 
-1 -1 1 1 1 1 -1 -1 -1 -1 -1 -1 -1 1 1 1 -1 1 -1 -1 
-1 1 1 1 1 1 1 -1 -1 -1 -1 1 1 -1 1 1 1 -1 -1 -1 
1 1 -1 -1 -1 1 1 -1 -1 1 -1 -1 -1 -1 1 1 -1 -1 -1 -1 
1 1 1 -1 -1 1 1 1 -1 -1 1 -1 -1 -1 1 -1 -1 -1 1 1 
-1 1 1 1 -1 -1 -1 -1 1 -1 -1 -1 -1 1 -1 1 -1 -1 1 1 
1 1 1 -1 -1 -1 1 1 1 -1 -1 1 1 -1 1 1 -1 -1 -1 -1 
-1 -1 -1 1 -1 -1 1 1 -1 1 1 1 1 -1 1 1 1 -1 -1 -1 
1 1 1 1 1 1 1 1 -1 -1 1 1 1 1 -1 1 1 1 1 1 
1 1 1 -1 1 1 1 -1 -1 1 1 1 -1 1 1 1 -1 -1 1 1 
-1 1 1 1 1 1 1 -1 1 -1 1 -1 -1 -1 1 1 -1 -1 -1 1 
1 1 -1 1 1 1 -1 -1 -1 -1 1 -1 -1 -1 1 1 1 1 1 -1 
1 1 -1 1 1 -1 1 1 1 -1 -1 -1 -1 -1 1 1 1 1 -1 1 
1 1 1 1 1 1 -1 1 1 1 -1 -1 1 -1 -1 -1 -1 -1 1 1 
1 1 1 1 -1 1 1 -1 1 1 -1 1 -1 1 -1 -1 -1 -1 1 1 
1 1 1 -1 1 1 -1 1 1 -1 -1 1 -1 1 1 1 1 1 -1 1 
1 1 1 -1 1 1 1 -1 -1 -1 1 1 -1 -1 -1 1 1 1 -1 -1 
1 1 1 -1 -1 1 1 1 -1 1 -1 -1 -1 -1 1 1 1 1 1 1 
1 1 1 -1 -1 -1 1 -1 1 1 -1 -1 1 -1 -1 -1 1 1 -1 1 
1 1 1 1 1 -1 1 1 1 -1 -1 1 1 1 1 1 1 1 1 1 
1 -1 -1 -1 -1 1 -1 -1 1 1 -1 1 1 1 1 1 1 1 1 -1 
1 1 1 1 -1 -1 1 -1 -1 -1 -1 -1 -1 1 1 1 1 1 -1 1 
1 1 1 -1 1 1 1 1 -1 -1 -1 1 -1 1 -1 1 1 -1 1 -1 
-1 -1 1 -1 -1 1 1 1 1 1 1 -1 -1 1 1 1 -1 -1 1 1 
1 -1 -1 -1 1 1 1 -1 1 -1 1 -1 -1 1 1 1 -1 1 1 1 
1 -1 -1 1 1 -1 -1 1 -1 1 -1 1 1 1 -1 -1 1 1 1 1 
-1 -1 1 1 1 1 1 1 -1 -1 -1 1 -1 -1 1 -1 -1 -1 1 1 
-1 -1 -1 1 1 1 1 1 1 1 1 -1 -1 -1 -1 1 -1 1 1 1 
1 1 -1 -1 1 1 1 1 1 1 1 -1 1 -1 -1 1 -1 1 1 -1 
1 1 1 1 -1 1 1 1 1 1 -1 1 1 1 -1 -1 -1 1 1 1 
1 1 1 1 1 1 1 1 1 -1 -1 -1 -1 1 1 1 1 1 1 1 
1 -1 1 1 1 1 1 1 1 -1 -1 1 -1 -1 1 -1 -1 1 1 1 
1 1 -1 1 1 1 1 -1 1 -1 -1 -1 1 1 1 -1 1 1 1 1 
1 1 -1 1 1 1 1 -1 1 1 1 -1 1 -1 1 1 1 -1 1 1 
1 -1 1 -1 1 1 1 1 1 -1 1 1 -1 -1 -1 1 1 1 1 -1 
-1 1 -1 -1 -1 1 1 -1 1 1 1 1 -1 -1 1 -1 1 1 -1 1 
1 1 -1 -1 1 1 1 1 1 1 1 -1 -1 -1 1 -1 1 1 1 1 
-1 1 -1 -1 1 1 1 1 -1 1 1 1 -1 1 -1 1 1 1 -1 -1 
-1 1 1 -1 -1 1 -1 1 -1 1 1 1 1 1 1 1 1 1 -1 -1 
-1 -1 -1 1 1 1 1 1 -1 -1 -1 1 1 -1 1 1 1 1 1 1 
-1 1 1 1 1 1 -1 -1 -1 -1 1 -1 -1 -1 1 1 1 1 1 1 
-1 -1 1 1 1 1 -1 1 -1 1 1 1 -1 1 1 1 1 1 1 1 
1 1 -1 -1 -1 -1 1 -1 1 1 1 -1 1 -1 1 1 1 1 -1 1 
1 1 1 -1 1 1 -1 -1 1 1 1 1 -1 1 1 1 1 1 1 1 
-1 1 -1 -1 -1 1 1 1 1 1 1 1 1 1 1 1 -1 -1 -1 1 
1 1 1 1 1 1 -1 1 1 1 -1 -1 -1 1 1 1 1 -1 1 1 
1 1 1 1 -1 1 1 1 1 1 1 -1 1 1 1 1 1 1 -1 -1 
1 1 -1 1 -1 1 1 -1 1 1 1 1 1 1 1 -1 1 1 -1 1 
1 -1 -1 -1 -1 -1 1 -1 1 1 1 -1 1 1 -1 1 1 1 1 -1 
-1 1 -1 -1 1 1 1 -1 -1 1 -1 1 1 1 1 1 1 1 1 1 
1 1 1 1 1 1 1 -1 -1 1 -1 -1 -1 -1 1 1 1 1 1 -1 
1 1 -1 1 -1 1 1 -1 1 1 1 1 -1 -1 1 -1 8 1 1 -1 
1 1 -1 -1 1 -1 1 1 -1 1 1 1 1 1 1 8 1 1 1 1 
1 1 1 -1 -1 1 -1 1 1 -1 1 1 1 -1 1 1 -1 1 1 1 
1 1 1 1 1 1 1 1 -1 1 1 1 1 1 1 -1 -1 1 1 1 
1 -1 1 1 1 1 1 1 1 1 1 1 1 1 1 1 -1 1 1 1 
-1 1 1 1 1 -1 1 1 1 1 1 1 1 1 1 1 1 1 1 1 
1 1 1 1 1 1 -1 1 1 1 1 1 1 -1 -1 -1 1 1 1 1 
-1 -1 -1 1 1 1 1 1 1 1 1 -1 1 1 1 1 1 1 -1 -1 
1 1 -1 1 1 -1 1 -1 -1 1 1 1 1 1 1 1 -1 1 1 1 
1 1 1 1 1 -1 -1 -1 1 1 1 1 1 1 1 -1 1 -1 1 1 
1 1 1 1 -1 1 1 -1 -1 1 1 1 1 1 -1 -1 1 1 1 1 
1 -1 1 1 1 -1 1 -1 1 -1 1 1 1 1 -1 -1 1 1 1 1 
1 -1 1 1 1 -1 -1 1 -1 1 1 1 -1 1 -1 -1 1 1 1 -1 
-1 -1 1 1 1 1 1 -1 1 -1 1 1 1 -1 1 1 1 1 1 -1 
-1 1 1 -1 1 1 1 1 1 1 -1 -1 -1 1 1 1 -1 1 1 1 
1 1 1 -1 1 -1 -1 -1 1 1 1 -1 -1 1 -1 1 1 1 -1 1 
1 1 -1 1 1 1 1 1 1 1 -1 -1 -1 -1 1 1 -1 -1 1 -1 
1 1 -1 1 1 1 1 1 1 -1 1 1 -1 1 -1 1 -1 -1 -1 -1 
-1 -1 -1 1 1 1 1 1 1 1 -1 -1 1 -1 1 1 -1 1 1 -1 
-1 -1 -1 1 1 1 1 1 1 1 -1 -1 1 1 1 1 1 1 -1 -1 
-1 -1 -1 -1 1 -1 1 1 1 1 1 1 1 1 1 1 1 1 1 1 
1 -1 1 1 -1 1 1 1 1 1 1 1 -1 1 1 1 1 1 -1 1 
1 1 -1 1 -1 1 1 1 1 1 1 1 -1 1 1 1 1 1 1 -1 
1 1 1 1 1 -1 1 -1 1 1 1 -1 -1 1 -1 1 1 1 1 1 
1 1 1 1 1 1 -1 1 1 1 -1 1 1 -1 1 -1 1 1 1 1 
1 1 1 1 -1 -1 -1 -1 1 -1 1 1 1 1 1 1 1 1 1 -1 
1 1 1 1 1 1 1 1 1 1 -1 1 1 -1 1 1 1 1 1 1 
1 1 -1 1 1 1 1 1 1 -1 1 1 -1 1 1 1 -1 -1 1 1 
-1 1 1 1 1 1 1 1 1 1 1 1 1 1 1 1 1 1 1 1 
1 1 1 1 1 1 1 1 1 1 1 1 1 1 1 1 1 1 1 1 
1 1 1 -1 1 1 1 1 1 1 1 1 1 1 1 1 1 -1 1 1 
1 1 1 1 1 1 1 1 1 1 1 1 1 1 1 1 1 1 1 1 
1 1 1 1 1 -1 1 1 1 1 1 1 1 1 1 1 1 1 1 1 
-1 -1 -1 1 1 1 1 1 1 1 1 1 1 1 -1 -1 1 1 1 1 
-1 1 -1 1 1 1 1 -1 1 1 1 1 1 1 1 1 1 1 -1 1 
-1 1 1 -1 -1 -1 1 1 1 1 1 1 1 1 1 1 1 -1 1 1 
1 1 -1 1 1 -1 -1 1 1 1 1 1 1 1 -1 -1 -1 -1 1 -1 
-1 -1 -1 -1 1 1 1 1 1 1 1 1 1 1 1 -1 -1 1 1 -1 
-1 1 -1 1 1 1 1 -1 1 -1 -1 1 1 1 1 1 -1 1 1 1 
1 -1 1 -1 1 1 1 -1 1 1 1 -1 1 1 1 1 1 1 -1 -1 
1 1 1 -1 -1 1 -1 1 1 1 1 -1 1 1 1 1 1 1 1 1 
1 1 1 1 1 -1 -1 1 -1 1 1 1 1 1 1 1 1 1 1 1 
1 1 1 1 1 -1 -1 1 -1 1 1 1 -1 1 1 1 -1 -1 1 1 
1 1 1 1 1 -1 1 -1 1 1 1 1 1 1 -1 1 1 1 1 1 
1 1 1 1 1 1 1 -1 1 -1 -1 1 1 1 1 1 1 1 1 1 
1 1 1 1 1 1 1 1 1 1 1 1 1 -1 1 1 1 -1 1 1 
1 -1 1 1 1 1 1 1 1 1 1 1 1 1 1 1 1 1 1 1 
1 1 1 1 1 1 -1 1 1 1 1 1 1 1 1 1 1 1 -1 -1 
1 1 -1 -1 -1 1 1 1 1 1 -1 -1 -1 -1 1 1 -1 1 -1 1 
1 1 1 -1 -1 -1 1 -1 1 1 1 -1 1 -1 1 1 1 -1 -1 1 
1 1 1 1 -1 1 1 1 1 1 1 1 1 1 1 1 1 1 1 1 
1 -1 -1 -1 1 1 1 -1 1 -1 -1 1 -1 1 1 1 1 1 1 1 
-1 -1 -1 -1 1 1 1 1 1 1 1 1 1 1 -1 1 1 1 1 -1 
-1 -1 1 1 1 -1 1 1 1 1 1 1 1 1 1 1 1 -1 1 1 
-1 1 1 1 1 1 1 -1 1 1 1 1 1 1 -1 1 1 1 -1 1 
1 1 1 1 1 1 1 1 1 1 1 1 1 1 1 1 1 -1 1 1 
1 1 -1 1 1 1 1 1 1 1 -1 1 1 1 1 1 1 -1 1 -1 
1 1 1 1 1 1 -1 1 -1 1 1 -1 1 1 1 1 -1 1 -1 -1 
1 1 1 1 -1 1 1 -1 1 1 1 -1 1 1 -1 -1 -1 -1 1 1 
1 -1 1 1 -1 1 -1 1 1 1 1 1 1 1 -1 -1 -1 -1 1 1 
1 1 1 1 1 1 1 -1 1 1 1 1 1 1 -1 1 1 1 1 1 
1 1 1 -1 1 -1 -1 -1 1 1 1 1 1 1 1 -1 1 1 1 1 
1 1 1 1 1 -1 -1 1 1 1 -1 1 1 1 1 1 1 1 1 1 
1 1 1 1 1 1 1 1 1 -1 -1 -1 1 1 1 1 1 1 1 -1 
-1 1 -1 1 1 1 1 1 1 -1 -1 1 1 1 1 1 1 1 -1 1 
1 1 1 -1 1 1 1 1 -1 1 1 1 1 1 1 1 1 1 -1 -1 
1 1 1 1 -1 1 1 1 1 1 1 1 1 1 1 1 1 1 -1 1 
1 1 -1 -1 1 -1 -1 1 1 -1 -1 -1 1 -1 -1 -1 1 1 1 1 
1 -1 1 1 1 1 -1 1 1 -1 1 -1 -1 1 1 1 1 1 -1 1 
1 1 -1 1 1 1 -1 1 1 1 1 1 1 1 1 1 1 1 1 1 
-1 -1 1 1 1 1 1 1 -1 1 1 1 -1 1 -1 1 1 1 1 1 
1 1 1 1 1 -1 -1 1 -1 1 1 1 -1 -1 -1 -1 1 1 -1 1 
1 1 -1 1 1 -1 1 1 1 1 1 1 -1 1 -1 -1 1 1 -1 1 
1 1 1 1 1 1 1 1 1 1 1 1 1 1 -1 -1 1 1 1 -1 
1 1 -1 1 1 1 1 1 -1 -1 1 1 1 1 1 -1 1 1 1 -1 
-1 1 1 1 1 1 1 1 1 1 1 1 1 1 1 1 1 1 1 -1 
1 1 1 1 1 1 1 1 1 1 1 -1 1 -1 1 -1 -1 1 1 1 
1 1 1 1 1 1 1 -1 1 1 -1 1 1 1 -1 -1 1 1 1 1 
1 1 1 1 1 1 1 1 1 1 1 1 1 -1 1 1 1 1 1 1 
1 -1 1 1 1 1 1 1 -1 1 1 1 1 -1 1 -1 1 1 1 1 
1 -1 1 1 1 -1 1 1 1 -1 1 -1 -1 1 1 1 1 1 1 1 
-1 1 1 1 1 -1 1 1 1 1 1 1 1 1 1 1 1 1 1 1 
1 -1 1 1 1 1 1 1 -1 1 1 1 1 1 1 1 1 1 1 1 
1 1 1 1 -1 1 1 1 -1 1 1 1 1 1 -1 -1 1 1 1 -1 
1 1 1 -1 1 1 -1 1 1 1 -1 1 1 -1 -1 1 -1 1 1 -1 
1 1 1 -1 1 -1 1 1 1 -1 1 1 1 -1 -1 -1 1 1 1 1 
1 1 1 -1 1 -1 1 1 1 1 -1 -1 1 1 -1 -1 -1 1 1 1 
-1 1 -1 -1 1 -1 -1 -1 -1 -1 1 -1 -1 -1 1 1 1 -1 1 1 
1 1 -1 -1 -1 -1 1 1 1 1 1 1 -1 -1 1 -1 1 1 1 -1 
1 1 -1 1 1 -1 -1 1 1 -1 -1 -1 1 1 1 -1 -1 -1 1 -1 
-1 -1 1 1 1 1 -1 1 1 -1 -1 -1 1 1 1 -1 -1 -1 1 -1 
1 1 -1 1 1 1 1 1 -1 1 1 1 1 1 1 1 1 -1 -1 -1 
-1 -1 1 1 1 1 1 1 1 1 1 -1 -1 1 1 -1 1 -1 1 -1 
-1 1 1 1 -1 -1 1 1 1 1 1 1 1 1 -1 1 1 1 -1 -1 
-1 1 1 1 1 1 1 1 1 1 1 1 1 1 1 1 1 -1 1 -1 
-1 1 1 -1 1 1 -1 1 -1 1 -1 1 1 1 1 1 1 1 -1 1 
1 1 1 -1 -1 -1 1 -1 -1 -1 1 1 1 1 -1 1 1 1 1 1 
1 -1 1 1 1 1 -1 1 -1 -1 -1 1 1 -1 1 -1 -1 -1 1 -1 
1 1 1 1 1 1 1 -1 1 1 1 1 1 -1 1 1 1 1 -1 1 
1 1 -1 1 1 -1 1 1 1 1 1 1 -1 1 1 1 -1 -1 -1 1 
1 1 1 1 1 1 1 1 1 1 -1 -1 1 1 1 1 -1 -1 1 1 
1 1 1 1 -1 1 1 1 1 -1 -1 1 -1 1 1 1 1 1 1 1 
1 1 1 -1 1 1 1 -1 -1 -1 1 -1 -1 1 1 -1 1 -1 1 1 
1 -1 -1 1 1 1 -1 -1 1 -1 1 -1 -1 1 1 1 1 -1 -1 1 
1 1 1 -1 1 1 1 -1 -1 1 1 1 -1 -1 1 1 1 1 -1 -1 
1 1 -1 1 1 -1 1 -1 1 1 -1 -1 1 1 1 1 -1 1 -1 -1 
1 1 -1 1 -1 1 -1 1 1 -1 -1 1 1 -1 1 1 -1 -1 1 1 
1 1 -1 -1 1 -1 -1 1 1 1 -1 -1 -1 -1 1 -1 1 1 -1 1 
-1 1 1 1 1 1 1 1 1 1 1 -1 1 1 1 1 -1 -1 -1 -1 
1 1 1 1 1 1 1 1 1 -1 1 1 1 1 1 1 1 1 -1 1 
1 1 1 1 1 -1 1 1 1 1 1 1 1 1 1 1 -1 1 1 1 
1 -1 1 1 1 1 1 1 -1 1 1 1 1 -1 1 1 1 1 1 1 
1 -1 1 1 -1 -1 -1 1 1 1 1 1 1 1 1 1 -1 -1 -1 1 
1 -1 1 -1 1 1 1 1 1 1 1 -1 1 1 -1 1 1 1 1 1 
1 1 1 1 -1 1 1 1 1 1 -1 1 -1 1 1 1 -1 1 1 1 
1 1 1 1 1 -1 1 1 1 1 -1 1 1 1 -1 -1 1 1 1 -1 
1 1 -1 -1 -1 -1 1 1 1 1 1 1 1 1 -1 1 1 1 1 1 
1 1 1 -1 -1 -1 -1 1 1 1 1 1 1 -1 -1 1 -1 1 1 1 
1 1 1 -1 -1 1 -1 -1 1 1 1 1 1 1 -1 -1 1 1 1 1 
-1 1 1 1 -1 -1 -1 1 1 1 1 1 1 1 -1 1 1 1 1 1 
-1 1 1 -1 1 1 -1 1 1 1 1 1 1 1 1 -1 1 1 1 1 
1 -1 1 1 -1 1 1 1 1 -1 -1 -1 1 1 -1 1 1 1 -1 1 
-1 1 -1 1 -1 -1 1 1 1 1 1 -1 1 1 1 1 1 -1 1 -1 
-1 1 1 1 1 1 1 1 1 1 1 1 -1 -1 1 1 -1 1 1 1 
-1 1 -1 -1 1 1 -1 1 -1 1 -1 -1 1 1 1 1 -1 1 1 -1 
1 1 1 1 -1 -1 1 1 1 -1 -1 1 1 1 -1 1 -1 1 1 1 
1 -1 1 -1 -1 -1 1 1 1 1 -1 1 1 1 1 1 1 1 1 1 
-1 1 1 1 -1 -1 1 1 1 1 -1 1 1 1 1 1 1 -1 -1 -1 
1 1 1 1 1 -1 1 1 -1 1 1 1 1 -1 1 -1 1 -1 -1 1 
1 1 1 1 1 1 1 1 1 1 1 1 1 1 1 -1 -1 -1 -1 1 
1 1 1 1 1 1 -1 -1 1 1 1 1 1 -1 -1 -1 -1 -1 1 1 
1 1 1 1 1 1 1 1 1 1 1 -1 1 1 1 1 -1 -1 -1 -1 
1 1 1 -1 1 1 1 1 1 1 1 1 -1 1 1 -1 1 1 1 -1 
1 1 -1 -1 1 1 1 1 -1 -1 1 -1 1 1 -1 -1 1 1 1 1 
1 1 1 1 -1 1 1 1 1 1 1 -1 -1 1 1 1 1 1 1 1 
1 1 1 1 1 1 1 1 1 1 1 -1 1 1 -1 1 1 -1 1 1 
1 1 1 1 1 1 1 1 -1 1 1 1 1 1 -1 -1 1 -1 1 -1 
-1 -1 1 1 -1 1 1 1 3 1 1 1 1 1 1 1 -1 -1 1 -1 
-1 1 1 1 -1 -1 -1 1 1 3 -1 1 1 1 1 1 1 1 -1 -1 
1 1 1 -1 -1 -1 1 -1 -1 1 1 1 1 1 1 1 -1 1 1 -1 
1 1 -1 1 1 1 1 1 -1 1 1 1 1 1 -1 1 1 1 1 1 
1 1 -1 -1 1 1 1 1 1 1 1 1 1 -1 1 -1 1 1 1 1 
1 1 -1 -1 -1 1 1 1 1 1 1 1 -1 -1 1 -1 1 -1 -1 -1 
1 -1 -1 1 -1 1 1 1 -1 -1 -1 1 1 1 1 1 1 1 -1 1 
1 1 1 1 -1 1 1 -1 -1 -1 1 1 1 1 -1 -1 1 1 1 1 
1 1 1 1 1 -1 -1 1 1 1 1 -1 -1 1 1 1 1 1 1 1 
1 1 1 1 1 1 1 -1 -1 1 1 1 1 1 1 1 1 -1 -1 -1 
1 1 1 1 1 1 1 -1 -1 -1 -1 -1 -1 -1 1 1 -1 -1 -1 1 
1 1 -1 1 1 1 1 1 1 1 1 -1 1 1 1 1 1 1 1 1 
1 1 1 1 1 1 1 1 -1 1 1 1 1 1 -1 1 1 1 1 1 
1 1 1 1 1 1 1 1 -1 1 1 1 1 1 1 1 1 1 1 1 
1 1 -1 1 1 1 1 1 1 1 -1 1 1 1 1 1 -1 1 1 1 
1 1 1 1 1 1 1 1 1 -1 -1 -1 1 1 1 1 1 1 -1 1 
1 1 1 1 1 1 -1 -1 1 1 1 1 1 1 1 1 1 1 1 1 
1 -1 1 1 -1 1 1 -1 1 1 1 1 1 -1 -1 1 1 1 1 1 
1 -1 1 1 1 1 1 1 -1 -1 1 1 1 1 -1 1 1 1 1 1 
1 1 1 1 1 1 1 1 -1 1 1 1 1 1 1 1 1 1 1 1 
-1 1 5 1 1 1 1 1 -1 1 1 1 1 1 1 1 -1 1 1 1 
1 -1 5 1 1 -1 1 -1 -1 1 1 1 1 1 1 1 1 1 1 1 
1 1 -1 1 -1 1 -1 -1 1 1 1 1 1 1 1 1 1 5 5 1 
1 1 1 1 1 1 -1 1 -1 1 1 1 1 1 1 1 1 1 1 1 
1 1 1 1 1 1 -1 1 -1 -1 1 1 -1 1 1 1 1 1 1 1 
1 -1 -1 1 1 1 -1 -1 1 1 1 1 -1 1 1 1 1 1 1 1 
1 1 1 1 1 1 1 1 1 1 1 1 1 1 1 1 1 -1 1 -1 
1 1 1 1 1 1 1 1 -1 1 -1 1 1 1 -1 1 1 1 1 1 
1 1 -1 1 1 -1 1 -1 1 1 1 1 1 1 1 1 -1 1 1 1 
-1 1 1 1 -1 1 1 -1 1 1 1 1 1 1 1 1 1 1 1 -1 
1 -1 1 1 1 1 1 1 -1 -1 5 1 5 1 1 1 1 1 -1 1 
1 1 -1 5 1 1 -1 1 1 1 -1 -1 -1 1 1 1 1 1 1 1 
1 -1 -1 1 -1 1 1 1 1 -1 1 -1 -1 1 1 1 1 1 1 1 
1 1 -1 -1 -1 -1 1 1 1 1 1 1 1 -1 1 -1 1 1 1 1 
1 1 -1 -1 1 1 -1 1 1 1 1 1 1 1 1 1 1 1 1 1 
5 -1 5 1 1 1 1 -1 1 1 -1 1 1 1 1 1 1 -1 1 1 
-1 -1 1 5 1 1 1 1 -1 -1 -1 1 1 -1 1 1 1 -1 1 1 
1 5 5 1 1 1 1 1 1 1 -1 -1 1 1 1 1 1 1 1 -1 
5 5 5 1 1 1 1 1 1 1 1 1 1 1 -1 1 1 1 -1 1 
5 1 5 1 1 1 1 1 3 1 1 1 1 -1 -1 1 -1 1 5 -1 
5 5 5 1 1 1 1 3 3 1 1 1 -1 -1 -1 1 -1 1 5 5 
5 5 -1 5 1 1 3 3 3 1 1 1 1 1 1 1 1 1 1 5 
5 5 1 5 1 3 3 5 5 1 1 -1 1 1 1 1 5 1 1 1 
1 1 5 5 3 5 5 3 1 1 1 1 1 1 -1 1 1 1 1 1 
1 1 1 5 1 1 1 1 1 1 1 1 1 1 1 1 1 1 1 -1 
1 1 1 1 1 1 1 1 1 1 1 1 -1 1 1 1 1 1 1 1 
1 1 5 1 1 1 1 1 1 1 1 -1 1 1 1 1 1 1 1 1 
1 1 1 1 1 5 1 1 1 1 1 1 1 1 1 1 1 1 1 1 
1 1 1 5 1 5 1 1 1 1 1 -1 -1 1 1 1 1 1 1 1 
-1 -1 1 5 5 5 1 1 1 1 1 -1 1 1 1 1 -1 1 1 1 
1 1 1 5 5 1 -1 1 -1 1 1 1 -1 1 1 1 1 1 1 -1 
1 1 1 -1 -1 1 1 -1 1 1 -1 1 1 1 -1 -1 1 1 1 1 
1 1 1 1 1 1 1 1 1 1 1 -1 1 1 1 1 1 -1 1 1 
1 1 1 1 -1 1 1 1 1 1 1 1 1 1 1 1 1 1 1 1 
1 -1 -1 -1 1 1 1 1 1 5 5 1 1 1 1 1 1 -1 1 1 
1 1 -1 -1 1 1 1 -1 5 5 1 1 1 1 1 1 1 1 1 1 
1 -1 -1 1 1 1 1 1 5 1 1 1 1 1 1 1 1 1 1 1 
1 1 1 1 1 1 1 -1 1 5 1 1 -1 1 -1 -1 1 1 1 1 
1 1 1 -1 1 1 1 1 -1 1 1 1 1 1 1 1 1 1 1 1 
1 1 1 -1 1 1 1 1 1 1 -1 1 1 1 1 1 1 1 1 -1 
1 1 -1 1 1 1 1 1 1 -1 1 1 -1 1 1 1 1 1 -1 -1 
-1 1 1 1 1 1 1 1 -1 1 -1 1 -1 1 1 1 1 1 -1 1 
-1 -1 -1 1 1 1 1 1 1 -1 1 1 1 1 1 1 1 1 1 -1 
1 -1 1 -1 1 1 1 1 1 1 1 1 -1 1 1 1 1 1 1 1 
-1 1 1 1 1 1 1 1 1 1 1 -1 1 -1 1 -1 -1 1 1 1 
1 1 1 1 1 1 1 1 1 1 1 1 1 -1 1 -1 -1 -1 -1 -1 
1 1 1 1 1 1 1 1 1 1 1 1 1 1 -1 1 1 -1 1 1 
-1 1 1 1 1 1 1 1 1 1 1 1 1 1 1 1 1 1 1 1 
1 1 1 1 -1 1 1 1 1 1 1 1 1 1 1 1 1 1 -1 1 
1 -1 1 1 1 1 1 1 1 1 1 -1 1 1 -1 1 1 -1 -1 1 
1 1 1 3 1 1 1 1 1 1 1 1 1 1 1 1 1 1 1 1 
1 1 1 -1 1 1 1 1 1 1 -1 1 -1 1 -1 -1 1 1 1 1 
1 1 1 1 1 1 1 1 1 -1 -1 -1 1 1 -1 -1 -1 -1 1 1 
1 1 1 1 1 1 1 1 1 -1 1 1 1 1 1 1 1 -1 1 1 
1 1 1 1 1 1 1 1 1 -1 1 1 1 1 -1 1 1 1 1 1 
-1 1 1 1 1 -1 1 1 -1 -1 1 -1 1 -1 1 1 1 1 1 1 
1 1 1 1 -1 1 1 -1 1 1 1 1 1 1 1 1 -1 -1 1 1 
-1 1 1 1 1 -1 -1 1 1 1 -1 -1 -1 1 -1 1 1 -1 -1 1 
-1 1 1 1 1 1 1 1 -1 1 -1 -1 1 -1 1 1 1 -1 1 -1 
-1 1 1 1 1 1 1 1 -1 -1 1 1 1 1 1 -1 1 1 -1 -1 
-1 1 1 -1 1 1 1 1 -1 -1 -1 1 1 1 1 1 -1 1 1 1 
-1 1 1 1 -1 1 1 1 1 1 1 1 1 1 1 1 1 1 1 1 
1 -1 1 1 1 1 1 1 1 1 1 1 1 1 1 1 -1 -1 -1 1 
-1 -1 1 1 1 1 1 1 1 1 1 1 1 1 1 1 -1 -1 -1 1 
1 1 1 1 1 1 -1 1 1 -1 1 1 1 1 1 1 -1 1 -1 1 
-1 1 -1 -1 1 -1 -1 -1 -1 1 1 1 1 1 -1 -1 -1 1 1 -1 
1 -1 -1 1 1 1 1 -1 1 1 1 1 1 -1 1 -1 1 1 1 -1 
1 1 1 1 1 1 1 1 1 1 1 1 1 1 1 1 1 1 1 1 
1 -1 1 1 1 1 1 -1 -1 1 1 1 1 1 1 1 1 1 1 1 
1 1 1 1 1 1 1 -1 -1 -1 1 -1 1 1 1 1 1 1 1 1 
-1 1 1 1 1 1 1 1 -1 1 -1 -1 1 -1 1 -1 1 1 1 1 
-1 -1 1 1 1 1 1 1 1 1 1 1 1 1 1 1 -1 -1 -1 1 
-1 -1 1 1 1 1 1 -1 1 1 1 -1 1 1 -1 1 1 -1 1 1 
-1 1 -1 1 1 1 1 -1 1 1 1 1 1 -1 1 -1 -1 1 1 -1 
1 1 1 1 -1 -1 1 1 1 1 1 1 1 1 -1 1 1 1 1 1 
1 1 1 -1 1 1 1 1 -1 1 -1 1 1 1 1 1 1 -1 -1 -1 
1 -1 -1 1 1 1 1 1 1 1 1 1 -1 -1 1 1 -1 1 -1 1 
1 1 1 1 -1 1 1 1 1 -1 1 -1 1 -1 1 -1 -1 -1 1 1 
1 -1 1 -1 -1 -1 1 1 1 -1 1 1 -1 1 -1 -1 -1 1 1 -1 
1 1 1 -1 -1 -1 -1 1 1 1 -1 1 -1 1 1 -1 1 1 1 -1 
-1 1 1 1 -1 -1 1 1 1 1 1 1 1 1 -1 1 1 1 -1 1 
1 1 1 -1 -1 1 -1 1 1 1 1 1 -1 -1 -1 1 1 1 1 1 
-1 1 1 1 -1 1 1 1 -1 -1 1 1 1 -1 -1 1 -1 1 -1 -1 
1 1 1 -1 -1 1 -1 1 -1 1 1 1 -1 -1 1 1 1 1 1 -1 
-1 1 1 1 -1 1 -1 1 1 -1 -1 -1 -1 1 1 1 -1 1 -1 1 
1 -1 -1 1 1 -1 -1 1 -1 -1 -1 1 -1 -1 1 1 1 -1 1 -1 
1 -1 1 1 1 -1 1 -1 1 -1 -1 1 1 1 1 1 1 1 1 1 
1 1 1 1 1 -1 -1 1 1 -1 1 1 1 -1 -1 1 -1 1 1 1 
1 1 1 1 -1 -1 -1 1 -1 1 1 1 1 1 -1 1 1 1 -1 -1 
-1 1 1 -1 1 1 1 1 1 1 1 1 1 1 1 1 1 -1 1 1 
1 1 1 1 1 1 1 1 1 1 1 1 1 -1 1 1 1 -1 1 -1 
-1 1 1 1 1 1 -1 1 -1 -1 1 1 1 1 -1 1 1 -1 1 1 
-1 -1 1 1 1 1 1 1 1 -1 1 -1 1 1 1 1 -1 -1 1 1 
1 1 1 1 1 1 -1 1 1 1 1 1 1 -1 -1 1 -1 -1 1 -1 
-1 1 1 1 1 1 1 1 1 1 1 -1 -1 -1 -1 -1 -1 1 1 -1 
1 -1 -1 1 1 -1 1 1 1 1 1 1 -1 -1 -1 -1 1 1 1 -1 
1 1 1 1 1 1 1 1 -1 1 -1 1 -1 -1 -1 1 1 1 1 1 
-1 1 1 1 1 1 1 -1 1 -1 1 1 1 -1 1 -1 -1 1 1 1 
1 1 1 -1 -1 1 -1 -1 1 1 -1 -1 -1 1 1 -1 1 1 1 1 
1 -1 1 1 1 -1 1 1 1 -1 1 1 1 1 1 -1 1 -1 1 1 
-1 1 1 1 1 -1 1 1 1 1 -1 1 1 1 1 1 1 1 1 1 
1 1 1 1 -1 -1 1 1 1 1 1 -1 1 1 -1 1 1 -1 -1 -1 
-1 1 1 1 1 1 1 1 1 1 1 1 1 1 1 1 -1 -1 -1 -1 
1 1 -1 1 -1 -1 1 -1 1 1 1 1 1 1 1 1 1 1 1 1 
-1 1 1 -1 1 1 1 -1 1 1 1 -1 1 -1 1 1 1 -1 1 1 
-1 1 1 1 1 1 1 1 1 1 1 1 1 1 -1 1 1 1 -1 1 
-1 1 1 1 1 1 -1 -1 -1 -1 1 1 -1 1 1 1 1 1 1 -1 
1 1 1 1 -1 -1 -1 -1 -1 1 -1 -1 -1 1 1 1 1 1 -1 1 
1 1 1 -1 -1 1 1 1 -1 -1 1 -1 1 1 -1 -1 1 -1 1 1 
1 -1 -1 1 1 1 1 -1 1 1 -1 1 -1 -1 -1 1 1 1 1 1 
1 1 1 1 1 1 1 1 -1 1 1 1 -1 1 1 1 1 -1 -1 -1 
-1 -1 1 -1 -1 1 -1 1 1 1 -1 -1 1 1 1 1 1 1 1 1 
1 1 -1 1 1 1 1 1 1 -1 1 1 1 1 1 1 1 1 1 1 
1 1 1 1 1 1 1 -1 1 -1 1 1 1 1 1 1 1 -1 1 1 
1 1 1 1 -1 1 1 1 1 1 1 1 1 1 1 1 1 1 -1 1 
1 1 1 1 1 1 1 1 1 1 -1 -1 1 1 1 1 1 1 1 1 
1 -1 -1 1 1 1 1 -1 1 -1 1 1 1 1 1 1 1 1 1 -1 
1 1 1 1 1 -1 -1 1 -1 -1 1 -1 1 1 1 1 1 1 1 1 
1 -1 1 1 -1 1 -1 -1 1 1 1 1 1 1 1 1 1 -1 1 1 
1 1 -1 -1 1 1 -1 -1 1 1 1 1 1 1 1 -1 1 1 1 1 
1 1 -1 1 1 1 -1 1 1 1 -1 1 1 1 1 1 1 1 -1 1 
-1 1 1 -1 1 1 1 1 1 1 1 1 -1 1 1 -1 1 1 1 1 
1 1 1 -1 1 -1 1 1 1 -1 1 1 -1 -1 1 1 1 1 1 -1 
1 1 1 1 1 1 1 1 -1 1 1 1 -1 -1 -1 1 1 1 1 1 
1 1 1 1 -1 1 1 1 1 -1 -1 1 1 -1 1 1 1 -1 -1 1 
1 1 1 1 1 1 1 1 1 1 1 1 -1 -1 1 -1 1 1 1 -1 
-1 1 1 1 1 1 1 1 1 1 1 -1 1 1 1 1 1 1 1 1 
1 1 -1 -1 1 1 1 1 1 1 1 1 1 1 -1 1 -1 -1 1 1 
1 1 -1 1 1 1 1 1 1 1 1 1 1 1 1 1 1 1 1 1 
1 1 -1 1 1 1 1 1 1 1 1 -1 1 1 1 1 1 1 -1 -1 
1 -1 -1 1 1 1 1 -1 1 -1 1 1 1 1 1 1 1 1 -1 -1 
1 1 1 1 1 1 1 1 1 1 1 -1 1 1 1 -1 1 1 1 1 
1 1 1 1 1 -1 1 1 1 1 1 1 1 1 1 1 1 1 -1 1 
1 1 1 1 -1 -1 1 1 -1 1 1 1 1 1 1 1 1 1 1 1 
1 1 1 1 1 -1 1 -1 1 1 1 1 1 1 1 -1 -1 -1 1 1 
1 1 1 1 1 1 -1 1 1 1 1 1 -1 1 1 -1 -1 -1 1 1 
-1 -1 1 1 -1 -1 1 -1 1 -1 1 1 1 1 1 1 -1 -1 1 1 
1 1 1 1 1 1 1 -1 1 -1 1 1 1 1 1 1 1 1 1 -1 
1 1 1 1 -1 1 1 -1 1 1 -1 1 1 1 1 1 1 1 1 1 
-1 1 1 1 1 -1 -1 1 1 -1 1 1 1 -1 1 1 1 1 1 1 
1 1 1 1 1 1 1 1 -1 -1 1 1 1 1 -1 -1 -1 1 -1 1 
1 1 1 1 1 1 1 1 1 1 1 1 1 1 1 1 1 -1 1 1 
-1 1 1 -1 1 1 1 1 1 1 1 1 1 1 1 1 1 1 -1 -1 
-1 1 1 -1 1 1 1 1 1 1 -1 1 1 1 1 1 1 1 -1 -1 
1 1 -1 -1 1 -1 1 1 1 1 1 1 1 1 1 1 1 1 -1 1 
1 1 1 1 -1 -1 1 -1 1 -1 1 1 1 1 1 1 -1 1 -1 1 
1 -1 1 -1 1 1 1 1 -1 1 1 1 1 1 1 -1 -1 1 1 -1 
1 -1 1 1 -1 1 1 1 1 -1 1 1 1 1 1 -1 1 1 1 1 
1 1 1 -1 1 1 -1 1 1 1 1 1 1 1 1 1 1 -1 -1 1 
1 1 -1 1 1 1 1 1 1 1 1 1 1 1 1 1 1 1 1 -1 
1 1 -1 1 1 1 1 1 -1 1 1 1 -1 -1 1 1 1 -1 1 -1 
1 1 1 1 1 1 1 1 1 1 -1 -1 1 1 1 1 1 1 1 1 
1 1 1 1 1 1 1 -1 1 -1 -1 -1 1 1 1 1 1 1 1 1 
1 1 1 1 1 1 1 -1 1 -1 1 -1 1 1 1 1 1 1 1 1 
-1 1 1 1 1 1 -1 1 1 1 1 1 -1 1 -1 1 1 1 1 1 
1 1 1 1 1 1 -1 1 1 1 -1 -1 -1 1 1 -1 1 1 -1 1 
1 1 1 1 1 1 1 1 1 1 -1 1 1 1 1 1 1 1 1 1 
1 1 1 1 1 1 1 1 1 1 1 1 1 1 1 1 1 1 1 -1 
1 1 1 1 1 1 1 1 1 1 -1 1 1 1 1 1 -1 1 1 -1 
1 1 1 1 1 1 1 1 1 -1 1 1 1 1 1 -1 -1 1 1 1 
1 1 1 1 1 1 1 1 -1 -1 1 1 -1 -1 1 1 -1 1 1 -1 
1 -1 1 1 1 1 1 1 -1 1 1 1 1 -1 -1 -1 -1 1 -1 1 
1 -1 1 1 1 1 1 -1 1 1 1 1 1 1 -1 -1 1 1 1 1 
1 1 1 1 1 1 1 1 1 1 1 1 1 1 1 -1 1 1 -1 1 
-1 1 1 1 1 1 1 1 1 1 1 1 1 1 1 -1 1 1 1 1 
1 1 1 1 -1 1 1 -1 -1 1 1 1 1 1 -1 -1 1 1 1 1 
1 1 1 1 1 1 1 1 1 1 -1 1 1 1 1 1 1 1 1 -1 
-1 1 1 1 1 1 -1 1 1 1 1 1 1 1 1 1 1 1 1 1 
1 -1 1 1 1 1 1 1 1 1 1 1 1 1 -1 -1 1 1 1 1 
1 1 1 1 1 1 -1 1 -1 1 1 1 1 -1 -1 1 1 1 1 1 
1 -1 1 1 1 1 1 1 1 1 1 1 1 1 -1 1 1 1 1 1 
1 1 -1 -1 -1 -1 1 1 -1 -1 -1 -1 1 1 -1 -1 1 1 -1 1 
1 -1 -1 -1 1 -1 -1 -1 -1 -1 -1 -1 1 1 -1 -1 1 -1 -1 1 
-1 1 -1 -1 -1 1 1 -1 -1 -1 -1 -1 1 1 1 -1 1 1 -1 -1 
-1 -1 1 -1 1 -1 1 -1 -1 -1 -1 -1 1 1 -1 1 -1 1 1 -1 
-1 -1 -1 1 1 1 -1 -1 -1 -1 1 -1 -1 -1 1 1 -1 1 -1 -1 
1 1 -1 1 1 1 1 -1 -1 -1 -1 1 -1 -1 1 1 -1 1 1 -1 
-1 1 1 -1 -1 1 -1 -1 1 -1 -1 -1 1 1 1 -1 1 1 1 1 
-1 -1 1 -1 -1 1 1 -1 1 1 -1 1 1 1 1 1 -1 1 1 1 
-1 -1 1 -1 -1 1 1 1 -1 -1 -1 -1 1 1 1 -1 -1 -1 1 1 
1 -1 -1 -1 -1 -1 1 -1 -1 -1 -1 1 -1 1 1 1 1 1 1 -1 
-1 -1 -1 -1 -1 1 1 -1 -1 -1 -1 1 1 1 1 -1 1 -1 -1 -1 
-1 1 -1 -1 1 -1 1 -1 1 1 1 1 -1 -1 -1 -1 1 1 1 -1 
1 1 1 1 -1 1 1 1 1 1 -1 1 1 1 1 -1 -1 1 -1 -1 
1 1 -1 1 1 1 1 1 1 1 1 1 1 1 -1 -1 -1 1 1 -1 
1 -1 1 -1 -1 1 1 1 1 1 1 1 1 1 -1 -1 -1 -1 -1 1 
-1 1 -1 -1 -1 -1 1 1 1 1 -1 1 -1 1 1 -1 -1 1 -1 -1 
-1 -1 -1 -1 -1 1 1 1 1 1 -1 -1 1 1 -1 1 1 -1 -1 -1 
-1 -1 -1 -1 -1 -1 1 1 1 1 -1 -1 -1 1 1 -1 -1 -1 -1 -1 
-1 1 1 -1 1 1 1 -1 -1 -1 -1 -1 1 1 1 -1 -1 -1 -1 -1 
1 1 1 -1 1 1 1 1 1 -1 -1 -1 -1 1 1 1 1 -1 -1 -1 
-1 -1 -1 -1 1 -1 -1 -1 1 1 1 -1 -1 1 -1 1 1 1 1 -1 
1 -1 1 1 -1 -1 -1 -1 -1 1 1 -1 1 -1 -1 1 -1 1 1 1 
-1 1 -1 -1 -1 -1 1 -1 1 1 -1 1 1 -1 1 1 1 1 1 1 
-1 -1 -1 -1 -1 -1 1 -1 -1 -1 1 1 1 1 1 1 1 1 1 -1 
-1 -1 -1 -1 -1 -1 -1 1 1 -1 -1 1 1 1 1 -1 1 1 -1 -1 
-1 1 -1 -1 -1 -1 -1 -1 -1 -1 -1 -1 -1 -1 -1 -1 1 1 -1 -1 
1 1 1 -1 -1 -1 -1 -1 -1 -1 -1 -1 -1 -1 -1 1 -1 -1 -1 -1 
-1 -1 -1 -1 -1 1 -1 -1 -1 -1 -1 -1 -1 -1 1 1 1 -1 -1 -1 
-1 -1 -1 -1 1 -1 -1 -1 1 1 -1 1 -1 -1 -1 1 1 1 -1 -1 
-1 -1 1 1 1 -1 -1 -1 1 1 -1 1 -1 -1 1 1 1 1 -1 -1 
-1 -1 -1 -1 1 1 -1 -1 -1 -1 -1 -1 -1 -1 -1 -1 1 1 1 1 
1 1 -1 -1 -1 -1 -1 -1 -1 -1 -1 -1 -1 -1 -1 1 1 1 -1 1 
-1 1 1 -1 1 1 -1 -1 -1 -1 -1 -1 -1 -1 -1 -1 1 1 -1 1 
-1 -1 1 1 1 1 1 -1 -1 -1 1 -1 -1 -1 -1 -1 1 1 -1 -1 
1 1 1 1 1 1 -1 1 -1 1 1 1 -1 -1 -1 1 1 -1 1 -1 
1 1 1 -1 -1 -1 1 -1 1 -1 1 1 1 -1 -1 1 1 -1 1 1 
1 1 1 -1 -1 1 1 1 -1 1 -1 -1 1 1 1 1 -1 1 1 -1 
-1 -1 1 1 1 -1 1 1 -1 -1 -1 -1 1 1 -1 1 -1 -1 1 1 
-1 -1 1 1 1 -1 -1 -1 1 -1 -1 -1 1 1 1 -1 -1 -1 -1 1 
-1 -1 1 1 1 -1 -1 1 1 1 -1 -1 -1 1 -1 -1 1 1 -1 -1 
-1 -1 -1 -1 -1 1 -1 -1 -1 -1 -1 -1 -1 -1 1 1 -1 -1 1 -1 
-1 -1 -1 -1 -1 -1 -1 -1 -1 -1 -1 -1 -1 -1 -1 -1 -1 -1 -1 -1 
-1 -1 -1 -1 -1 -1 -1 -1 -1 -1 -1 -1 -1 -1 -1 -1 -1 -1 -1 -1 
-1 -1 -1 -1 -1 1 -1 -1 -1 -1 1 1 1 1 -1 -1 1 -1 1 1 
-1 -1 -1 -1 -1 1 -1 -1 -1 -1 -1 -1 -1 -1 -1 -1 -1 -1 -1 1 
-1 -1 -1 -1 1 -1 1 -1 -1 -1 -1 -1 -1 -1 -1 -1 1 1 1 -1 
-1 1 -1 -1 1 1 1 -1 -1 -1 -1 -1 1 -1 -1 -1 -1 -1 -1 -1 
1 -1 -1 -1 -1 -1 1 -1 -1 -1 -1 1 -1 1 -1 -1 -1 -1 -1 -1 
1 1 1 -1 -1 -1 -1 -1 -1 -1 -1 -1 1 -1 -1 -1 -1 1 1 1 
1 1 -1 -1 -1 -1 -1 -1 -1 -1 -1 -1 1 1 -1 -1 -1 1 1 1 
-1 1 -1 -1 -1 -1 -1 -1 1 -1 1 -1 -1 -1 -1 -1 1 1 1 -1 
1 1 1 -1 -1 -1 1 1 1 1 -1 1 -1 -1 -1 1 1 1 1 -1 
-1 -1 -1 -1 -1 -1 -1 1 -1 -1 -1 -1 -1 -1 -1 -1 -1 1 -1 1 
1 -1 -1 1 -1 -1 -1 -1 -1 1 -1 -1 -1 1 -1 -1 -1 -1 -1 1 
1 1 -1 -1 1 -1 -1 -1 -1 -1 1 1 1 -1 -1 -1 -1 -1 -1 -1 
-1 -1 -1 -1 1 -1 -1 -1 -1 -1 -1 -1 -1 -1 -1 -1 -1 -1 -1 1 
-1 -1 -1 -1 -1 1 -1 -1 -1 -1 -1 -1 -1 -1 -1 -1 -1 -1 -1 -1 
-1 -1 -1 1 -1 1 1 -1 -1 -1 -1 -1 -1 -1 -1 -1 -1 -1 -1 -1 
-1 -1 -1 -1 1 1 1 -1 -1 -1 -1 -1 -1 -1 -1 -1 -1 -1 -1 -1 
-1 -1 -1 -1 1 -1 -1 -1 -1 -1 -1 -1 -1 -1 -1 1 1 -1 -1 1 
-1 1 -1 1 -1 -1 -1 1 -1 -1 -1 -1 -1 -1 -1 -1 -1 -1 -1 -1 
-1 -1 -1 -1 -1 -1 1 1 -1 1 1 -1 -1 -1 -1 -1 -1 -1 -1 -1 
-1 -1 -1 -1 -1 -1 -1 1 -1 1 1 -1 -1 1 -1 -1 -1 -1 -1 1 
1 1 -1 -1 -1 1 1 -1 -1 -1 -1 -1 1 -1 -1 -1 2 2 -1 -1 
-1 -1 -1 -1 -1 1 1 -1 -1 -1 1 -1 -1 -1 -1 -1 1 -1 -1 1 
-1 -1 1 -1 -1 -1 -1 -1 -1 1 -1 -1 -1 -1 -1 -1 -1 1 1 1 
-1 -1 1 -1 -1 -1 -1 -1 -1 -1 -1 -1 -1 -1 -1 1 -1 -1 1 1 
-1 -1 -1 -1 -1 -1 -1 -1 -1 -1 -1 -1 1 1 -1 -1 1 1 -1 1 
-1 -1 -1 -1 -1 -1 -1 -1 -1 -1 -1 -1 -1 -1 -1 -1 -1 -1 -1 -1 
-1 -1 -1 -1 -1 -1 -1 1 -1 -1 -1 -1 -1 -1 -1 -1 -1 1 -1 -1 
-1 -1 -1 -1 -1 -1 -1 1 -1 -1 -1 -1 -1 -1 -1 -1 1 -1 -1 -1 
-1 -1 -1 -1 -1 -1 -1 -1 -1 -1 -1 -1 -1 -1 -1 -1 1 -1 1 -1 
1 -1 -1 -1 -1 -1 -1 -1 -1 -1 -1 -1 -1 -1 -1 -1 -1 1 -1 -1 
-1 1 -1 1 -1 -1 -1 -1 -1 -1 -1 -1 -1 -1 -1 -1 -1 -1 1 1 
-1 -1 1 -1 -1 -1 -1 -1 -1 -1 -1 -1 -1 -1 -1 -1 -1 -1 1 1 
-1 -1 -1 -1 -1 -1 -1 1 -1 -1 -1 -1 -1 -1 -1 -1 -1 1 -1 -1 
-1 -1 1 -1 1 -1 -1 -1 -1 -1 -1 -1 -1 -1 -1 -1 -1 -1 -1 -1 
-1 -1 -1 1 -1 -1 -1 -1 -1 -1 -1 -1 -1 -1 -1 -1 -1 -1 -1 1 
1 -1 -1 -1 -1 -1 -1 -1 -1 -1 -1 -1 -1 -1 -1 -1 -1 -1 -1 -1 
-1 1 -1 -1 1 -1 -1 -1 -1 -1 -1 -1 -1 -1 -1 -1 -1 -1 -1 -1 
1 -1 -1 -1 -1 1 -1 -1 -1 1 1 -1 -1 -1 -1 1 1 1 1 -1 
-1 -1 -1 1 -1 1 1 -1 -1 -1 -1 -1 -1 -1 -1 1 -1 -1 -1 1 
-1 -1 -1 1 1 -1 1 -1 1 -1 -1 -1 -1 -1 -1 -1 -1 -1 1 -1 
-1 -1 -1 1 -1 1 -1 1 -1 1 -1 -1 -1 -1 -1 -1 -1 -1 -1 -1 
-1 -1 1 1 1 -1 -1 -1 -1 -1 -1 -1 -1 -1 -1 -1 -1 -1 -1 -1 
-1 -1 1 1 1 -1 -1 -1 -1 -1 -1 -1 -1 -1 -1 -1 -1 -1 -1 -1 
-1 -1 -1 1 1 -1 -1 -1 -1 -1 -1 -1 -1 -1 -1 -1 -1 1 -1 -1 
-1 -1 -1 1 -1 1 -1 -1 -1 -1 1 1 -1 1 -1 1 -1 -1 1 -1 
-1 -1 1 -1 1 1 -1 -1 -1 -1 -1 -1 -1 1 1 -1 1 1 1 -1 
-1 1 1 1 1 -1 1 1 1 1 2 -1 1 1 1 -1 -1 -1 -1 1 
1 -1 -1 1 1 -1 -1 -1 -1 2 2 2 1 1 1 -1 -1 1 1 -1 
1 -1 -1 -1 -1 -1 -1 -1 -1 -1 -1 -1 1 1 -1 -1 -1 1 -1 1 
1 -1 -1 -1 -1 -1 -1 -1 1 1 -1 1 1 1 -1 -1 -1 -1 -1 1 
-1 -1 1 -1 -1 -1 1 -1 1 1 1 1 1 -1 -1 -1 1 -1 -1 1 
1 1 -1 -1 -1 1 -1 1 -1 1 1 1 -1 -1 -1 1 -1 -1 -1 -1 
1 -1 2 2 2 1 -1 1 1 1 -1 1 -1 -1 -1 -1 -1 -1 -1 1 
2 2 -1 2 -1 -1 -1 1 1 -1 -1 -1 -1 -1 -1 -1 -1 -1 -1 -1 
2 -1 -1 -1 -1 -1 -1 -1 -1 -1 -1 -1 -1 -1 1 -1 1 -1 -1 1 
2 -1 -1 -1 -1 -1 -1 -1 -1 -1 -1 -1 -1 -1 1 1 1 -1 1 1 
-1 -1 -1 -1 -1 -1 -1 -1 -1 1 -1 -1 -1 -1 -1 1 1 1 1 1 
-1 -1 -1 1 -1 -1 -1 1 1 1 1 -1 -1 -1 -1 -1 1 1 -1 -1 
-1 -1 -1 -1 -1 1 1 1 1 1 1 -1 -1 -1 1 1 1 1 1 -1 
-1 1 1 1 -1 1 1 1 1 -1 -1 -1 -1 -1 1 -1 -1 -1 -1 -1 
-1 1 1 -1 1 -1 -1 -1 -1 -1 -1 -1 -1 -1 -1 -1 -1 1 -1 -1 
-1 1 1 -1 -1 -1 -1 -1 -1 -1 -1 -1 -1 -1 -1 -1 1 -1 -1 -1 
-1 -1 -1 -1 -1 -1 -1 -1 -1 -1 -1 -1 -1 -1 -1 -1 -1 -1 -1 -1 
-1 -1 -1 -1 -1 -1 -1 -1 -1 -1 -1 -1 -1 -1 -1 -1 -1 -1 -1 -1 
-1 -1 -1 -1 -1 1 -1 -1 -1 -1 -1 -1 -1 -1 -1 -1 -1 -1 -1 -1 
-1 -1 -1 -1 -1 1 1 -1 -1 1 1 -1 -1 -1 -1 -1 -1 -1 -1 -1 
-1 -1 -1 -1 1 -1 1 -1 -1 1 -1 1 -1 1 1 -1 -1 -1 -1 -1 
-1 -1 -1 1 -1 1 1 1 1 1 1 1 -1 1 1 1 -1 -1 -1 -1 
-1 -1 1 -1 -1 1 -1 1 -1 1 1 -1 -1 1 1 1 -1 -1 -1 -1 
-1 -1 1 -1 1 -1 -1 -1 1 1 -1 -1 1 1 1 1 1 1 1 -1 
-1 -1 -1 -1 -1 -1 -1 1 1 -1 -1 -1 1 1 1 1 1 1 -1 1 
-1 1 -1 1 -1 -1 1 -1 -1 1 1 1 1 -1 -1 -1 1 1 -1 -1 
1 1 1 1 1 -1 -1 -1 1 -1 1 1 -1 -1 1 1 1 1 1 -1 
1 1 1 1 -1 -1 -1 1 1 1 -1 1 1 1 -1 -1 1 1 1 1 
1 -1 1 -1 -1 -1 -1 1 1 1 1 -1 1 -1 -1 -1 -1 -1 1 1 
-1 1 1 1 -1 -1 1 1 -1 -1 1 -1 -1 1 -1 -1 -1 -1 1 1 
-1 -1 -1 -1 1 -1 -1 1 1 -1 -1 -1 -1 1 1 -1 -1 -1 -1 1 
-1 1 1 -1 1 -1 1 1 1 -1 1 -1 -1 -1 -1 1 1 1 -1 -1 
-1 1 1 1 -1 -1 -1 1 -1 -1 -1 1 -1 -1 -1 -1 1 1 -1 -1 
1 1 1 1 1 -1 1 1 -1 -1 -1 -1 -1 1 1 -1 -1 1 -1 1 
1 1 1 -1 1 -1 1 -1 -1 -1 1 1 1 -1 1 1 -1 1 1 1 
1 1 -1 -1 1 1 1 -1 1 1 -1 1 -1 1 1 1 1 1 1 1 
1 -1 1 1 1 1 1 -1 -1 -1 1 -1 -1 -1 -1 1 1 1 -1 -1 
1 -1 -1 -1 1 1 1 1 1 1 1 -1 1 -1 1 1 1 -1 1 -1 
1 -1 -1 -1 -1 -1 1 1 -1 1 -1 1 -1 1 -1 -1 -1 1 1 1 
-1 1 1 -1 -1 -1 -1 -1 -1 -1 -1 -1 -1 -1 -1 -1 1 -1 1 -1 
1 1 1 -1 1 -1 -1 1 1 -1 -1 -1 -1 -1 1 -1 -1 1 1 -1 
1 1 -1 1 1 1 -1 1 -1 1 -1 -1 -1 1 -1 1 1 1 -1 -1 
1 1 1 1 1 1 1 1 1 1 1 -1 1 1 1 1 1 1 1 -1 
1 1 1 1 -1 1 1 -1 -1 1 -1 1 1 1 -1 1 1 1 1 1 
1 -1 -1 -1 1 -1 -1 -1 1 -1 -1 -1 -1 1 1 1 -1 -1 -1 -1 
1 1 -1 -1 1 1 1 -1 1 1 -1 -1 1 1 1 -1 1 1 1 -1 
1 1 1 -1 1 -1 1 1 -1 -1 1 -1 1 -1 -1 -1 1 1 1 -1 
-1 -1 1 1 -1 1 1 1 1 -1 -1 -1 1 -1 -1 1 1 -1 1 1 
-1 1 -1 1 1 -1 -1 1 -1 -1 -1 -1 1 -1 1 1 -1 -1 1 1 
1 -1 1 -1 -1 -1 1 1 1 1 1 -1 -1 -1 -1 1 -1 -1 -1 -1 
-1 1 -1 -1 -1 -1 -1 -1 1 -1 1 -1 -1 -1 -1 -1 1 -1 -1 -1 
-1 -1 1 1 1 -1 -1 1 -1 1 -1 1 1 -1 1 2 1 -1 1 -1 
-1 -1 1 1 -1 1 1 1 1 1 1 1 1 1 1 1 -1 1 1 -1 
-1 1 1 1 -1 1 1 -1 -1 1 1 -1 1 1 1 1 1 1 1 -1 
1 1 1 1 1 -1 1 1 -1 1 1 1 1 1 1 1 1 1 1 -1 
1 -1 1 -1 1 1 1 -1 1 1 1 1 1 1 1 -1 1 1 1 1 
1 -1 1 -1 1 -1 -1 1 -1 -1 -1 -1 -1 -1 1 1 1 1 1 1 
1 -1 -1 1 1 -1 -1 -1 1 -1 -1 -1 -1 1 1 1 1 -1 1 1 
1 1 1 1 1 1 1 1 -1 1 -1 1 1 1 1 1 -1 -1 1 1 
-1 1 1 1 1 -1 1 1 1 -1 -1 -1 1 -1 1 1 -1 -1 1 1 
1 1 -1 -1 1 1 1 1 -1 1 -1 1 -1 1 1 1 1 1 -1 -1 
1 1 1 1 -1 -1 1 1 1 1 1 1 1 1 1 1 -1 1 1 1 
-1 -1 1 1 -1 -1 -1 -1 1 1 1 -1 1 -1 -1 1 1 1 -1 -1 
-1 -1 1 -1 1 1 1 1 1 1 1 -1 1 1 -1 1 1 1 -1 1 
1 1 -1 -1 1 1 1 1 -1 1 -1 1 1 -1 -1 -1 -1 1 1 1 
1 1 -1 1 1 -1 -1 1 1 -1 -1 1 1 1 1 -1 1 1 1 -1 
1 1 1 1 1 -1 -1 1 1 1 -1 -1 1 1 1 1 -1 1 1 1 
1 1 1 1 1 -1 -1 1 1 1 -1 -1 1 1 -1 1 1 -1 1 -1 
1 1 1 1 1 -1 -1 1 1 1 -1 -1 1 1 -1 -1 -1 1 -1 1 
1 1 -1 1 1 -1 -1 1 1 1 1 -1 -1 1 1 -1 2 1 1 1 
-1 -1 1 1 1 1 1 1 -1 1 1 -1 1 1 -1 2 1 1 1 -1 
1 1 1 -1 1 3 1 1 1 -1 -1 1 1 1 1 -1 -1 1 1 1 
1 1 1 -1 -1 1 1 1 2 1 1 1 1 1 -1 1 1 1 -1 1 
1 1 3 3 3 3 2 1 -1 2 2 1 1 1 -1 1 1 1 3 1 
1 1 3 3 3 -1 -1 -1 3 1 1 1 1 -1 -1 1 1 -1 1 3 
1 -1 3 1 1 3 -1 1 1 3 1 1 1 -1 -1 -1 1 1 1 3 
1 3 3 3 3 3 1 1 1 1 1 1 1 -1 -1 -1 1 1 1 3 
3 3 3 -1 3 3 1 1 1 1 1 1 1 1 -1 1 1 1 1 1 
1 3 -1 3 3 3 3 1 -1 1 -1 1 1 1 -1 -1 -1 -1 -1 -1 
1 -1 3 3 3 3 3 -1 1 1 1 1 1 1 1 -1 1 -1 -1 -1 
-1 3 -1 -1 -1 -1 -1 -1 1 1 1 1 -1 -1 -1 1 -1 1 1 -1 
-1 -1 -1 -1 -1 -1 1 1 1 1 1 -1 -1 1 1 -1 -1 1 1 -1 
-1 -1 -1 -1 -1 -1 1 -1 1 1 -1 -1 1 -1 1 -1 -1 1 1 -1 
-1 -1 1 -1 -1 1 1 -1 1 1 1 -1 1 1 1 1 -1 1 1 -1 
1 1 1 1 1 1 -1 1 1 1 1 1 1 1 -1 1 1 1 1 -1 
1 1 1 -1 1 1 1 -1 1 1 -1 1 1 1 1 1 1 1 1 1 
1 -1 1 -1 1 1 1 -1 -1 1 -1 -1 1 1 -1 1 1 1 1 1 
-1 1 -1 1 1 -1 -1 1 -1 1 -1 -1 1 1 1 1 1 1 1 1 
1 1 1 -1 -1 1 1 -1 1 1 -1 -1 1 1 1 1 1 1 1 -1 
1 1 1 1 1 1 -1 1 1 -1 -1 -1 1 1 1 1 1 1 1 -1 
-1 1 1 1 1 3 3 1 1 1 -1 1 1 1 1 -1 -1 -1 1 1 
1 1 1 -1 -1 -1 -1 1 1 1 1 -1 1 1 1 1 1 -1 1 1 
1 1 1 1 -1 -1 1 -1 1 1 -1 -1 1 1 1 -1 1 1 1 1 
1 1 -1 1 1 1 1 1 -1 -1 -1 1 1 -1 1 -1 1 1 1 1 
1 1 1 1 1 1 1 1 -1 -1 1 1 1 -1 1 -1 1 1 1 1 
1 1 1 1 1 1 -1 1 -1 -1 -1 -1 1 1 1 -1 1 1 1 1 
1 1 -1 1 1 1 -1 1 1 -1 1 -1 1 1 1 1 -1 1 1 1 
1 1 -1 -1 1 -1 1 1 -1 1 -1 -1 -1 1 1 -1 1 1 1 -1 
1 -1 1 1 -1 1 -1 -1 -1 -1 -1 -1 3 -1 1 1 3 3 1 1 
1 1 1 1 1 -1 -1 -1 -1 -1 3 3 1 3 3 3 1 -1 1 1 
-1 -1 -1 1 1 1 1 1 -1 1 -1 1 3 3 3 3 -1 1 -1 1 
-1 -1 1 1 1 -1 1 1 1 1 1 -1 3 3 3 3 1 1 1 -1 
-1 1 1 1 1 -1 1 -1 -1 1 -1 1 3 3 -1 1 1 1 -1 -1 
1 1 1 1 1 1 1 1 1 1 1 1 -1 -1 1 1 1 1 -1 1 
1 1 1 1 1 1 1 1 1 1 1 -1 -1 1 1 1 1 1 1 -1 
-1 1 1 -1 1 1 1 -1 -1 1 1 1 1 1 1 1 1 1 1 1 
-1 1 1 -1 1 1 1 -1 -1 -1 -1 1 1 -1 -1 1 1 -1 1 -1 
1 -1 1 1 -1 1 1 1 -1 -1 -1 -1 -1 1 1 1 1 1 1 -1 
1 1 1 1 1 -1 -1 1 1 -1 1 -1 1 -1 1 1 1 1 1 1 
1 1 1 1 1 -1 -1 1 1 1 -1 1 -1 1 1 -1 -1 1 1 1 
1 1 1 1 1 -1 -1 1 1 1 1 -1 -1 1 1 1 1 1 1 -1 
-1 1 1 1 -1 1 -1 1 1 1 1 1 1 1 1 1 1 1 1 1 
-1 1 1 -1 1 -1 3 1 1 1 1 1 1 1 1 1 1 -1 1 1 
-1 1 -1 1 -1 1 1 1 1 1 1 1 1 1 1 1 1 -1 -1 1 
1 -1 1 1 1 1 1 1 1 -1 -1 1 1 -1 1 1 -1 -1 1 1 
-1 -1 1 1 1 1 1 1 -1 1 -1 1 1 1 -1 1 1 1 1 1 
-1 -1 -1 1 1 1 1 1 1 1 1 -1 -1 1 -1 1 1 1 1 1 
1 1 1 -1 1 1 -1 1 1 1 1 1 1 -1 1 -1 -1 1 1 -1 
1 1 1 1 1 1 1 -1 1 1 -1 1 1 -1 -1 1 1 1 1 1 
1 1 -1 1 1 1 1 1 -1 -1 1 1 1 1 1 1 1 -1 1 1 
1 -1 -1 1 -1 1 1 -1 -1 1 1 1 1 -1 1 1 -1 1 1 1 
-1 1 -1 1 1 -1 1 -1 -1 1 -1 -1 1 1 1 -1 -1 1 -1 3 
3 -1 -1 -1 -1 -1 -1 -1 -1 -1 1 1 1 1 -1 -1 -1 -1 1 1 
-1 -1 -1 -1 -1 -1 -1 -1 1 -1 -1 1 1 -1 1 -1 -1 -1 3 3 
3 1 -1 1 -1 -1 1 1 -1 -1 -1 1 1 -1 1 -1 1 -1 1 1 
3 1 1 1 1 1 1 1 1 1 1 -1 1 -1 1 1 1 -1 1 1 
-1 1 1 -1 1 1 1 1 1 1 1 1 -1 1 -1 1 1 1 1 1 
1 1 1 1 1 1 1 -1 -1 -1 1 1 1 -1 1 1 1 1 1 1 
1 1 1 1 1 1 1 -1 -1 1 1 1 1 1 1 1 1 1 1 1 
-1 -1 -1 1 -1 1 1 1 -1 1 1 -1 1 1 1 1 1 1 1 1 
-1 -1 1 1 1 1 1 1 1 1 1 1 -1 -1 1 1 1 1 1 1 
1 3 3 1 1 1 1 -1 -1 1 1 1 1 1 1 1 1 1 1 1 
1 3 3 1 -1 1 1 -1 1 1 1 1 1 1 1 1 1 1 1 1 
1 3 1 1 -1 1 -1 1 1 1 1 1 -1 1 1 1 1 1 1 1 
1 3 1 1 1 -1 1 1 1 1 1 1 1 1 1 1 1 1 1 1 
1 1 1 1 -1 -1 -1 1 1 1 1 1 -1 1 1 1 1 1 1 1 
1 1 1 1 1 -1 1 1 1 1 1 -1 1 1 1 1 1 1 1 1 
1 1 1 1 1 1 -1 1 1 1 1 1 1 1 1 1 1 1 1 1 
1 1 -1 1 1 1 1 1 1 1 1 1 1 1 1 1 1 -1 1 1 
1 1 -1 1 1 1 1 1 1 1 -1 -1 1 1 1 1 2 1 1 1 
1 1 -1 -1 1 1 1 1 1 1 1 -1 -1 -1 -1 2 1 -1 1 1 
1 1 1 1 -1 -1 1 1 1 1 -1 1 -1 1 -1 -1 -1 -1 1 1 
1 -1 1 1 1 -1 1 1 -1 -1 -1 -1 1 -1 -1 1 -1 1 1 1 
1 1 1 -1 1 -1 -1 1 1 1 -1 -1 -1 1 -1 -1 1 1 1 1 
1 -1 1 1 1 1 -1 -1 1 -1 1 -1 -1 1 -1 -1 -1 -1 1 1 
1 1 1 1 1 1 1 -1 -1 -1 -1 1 -1 1 1 1 1 -1 1 1 
-1 1 1 1 1 1 -1 -1 -1 -1 1 -1 -1 1 1 1 1 1 -1 1 
1 1 1 1 1 1 1 1 1 -1 1 1 1 1 1 1 1 1 -1 3 
1 1 1 1 1 1 1 1 1 1 1 1 1 1 1 1 -1 1 1 1 
3 1 1 1 1 1 1 -1 1 1 1 -1 1 1 1 1 1 -1 1 1 
1 1 -1 1 1 1 1 -1 1 -1 1 1 1 1 1 1 1 -1 1 3 
1 1 1 1 1 1 1 1 1 1 1 1 1 1 1 1 -1 -1 -1 -1 
1 1 1 1 1 1 1 1 -1 -1 -1 1 1 -1 1 1 1 -1 -1 1 
1 1 1 1 1 1 1 1 -1 -1 1 -1 -1 1 1 1 1 -1 1 1 
-1 1 1 1 1 1 1 1 1 1 -1 1 -1 -1 1 1 -1 -1 1 1 
1 -1 1 1 -1 -1 -1 1 1 1 1 1 -1 1 1 1 1 1 1 -1 
-1 -1 -1 3 1 -1 -1 1 1 1 -1 -1 1 -1 1 1 1 1 1 1 
1 1 -1 -1 3 1 -1 -1 1 1 -1 1 -1 -1 1 1 1 1 -1 1 
1 1 -1 -1 1 1 -1 1 1 1 1 1 1 1 1 1 1 1 1 1 
1 1 1 1 1 1 1 1 1 -1 1 -1 1 1 1 -1 1 1 1 1 
1 1 -1 1 1 1 1 1 1 1 -1 1 1 1 1 1 -1 1 -1 1 
1 1 -1 1 1 1 -1 1 1 1 -1 1 1 1 1 1 1 -1 1 1 
1 1 1 -1 -1 1 1 -1 1 1 -1 1 1 1 1 1 1 1 -1 1 
1 1 -1 1 1 -1 1 1 1 1 1 1 1 1 1 1 1 1 1 1 
1 1 1 1 1 1 1 1 -1 5 1 1 1 1 1 1 1 1 1 1 
1 1 1 1 1 1 1 -1 -1 1 -1 1 1 -1 1 1 1 1 -1 1 
1 1 1 1 -1 1 1 1 1 -1 -1 -1 -1 1 1 1 1 -1 -1 1 
-1 -1 1 1 1 1 1 1 -1 -1 -1 -1 -1 -1 1 1 1 1 -1 -1 
1 1 -1 1 1 1 1 1 1 1 1 -1 -1 -1 1 1 1 1 1 -1 
1 1 1 1 1 1 1 1 1 1 -1 1 1 1 1 1 1 -1 1 -1 
1 1 1 1 1 1 1 1 1 1 1 1 1 1 1 1 1 -1 -1 1 
1 -1 1 -1 3 1 1 -1 -1 -1 -1 1 -1 -1 -1 -1 1 1 1 -1 
1 1 1 -1 -1 -1 1 1 1 -1 1 1 1 1 -1 1 1 -1 -1 1 
-1 1 1 -1 1 -1 -1 -1 1 1 -1 -1 1 1 -1 1 1 -1 -1 1 
-1 1 -1 -1 1 1 -1 1 1 -1 -1 1 1 1 1 1 1 1 1 1 
1 1 -1 -1 -1 -1 -1 1 1 1 1 1 1 1 1 1 -1 1 1 1 
1 1 1 1 -1 -1 1 -1 1 1 1 1 1 1 1 -1 -1 5 1 1 
1 1 -1 -1 -1 1 1 1 1 1 1 1 -1 1 4 5 5 4 1 1 
1 1 -1 -1 -1 1 1 -1 -1 1 1 -1 1 -1 5 4 5 4 1 1 
1 1 1 -1 1 1 1 1 1 1 1 1 9 1 4 -1 1 -1 1 1 
1 -1 -1 1 1 1 1 1 1 -1 1 1 1 1 5 1 -1 -1 -1 1 
1 -1 -1 1 1 1 3 1 1 -1 1 1 1 1 1 1 1 1 1 -1 
-1 -1 1 1 3 1 3 1 1 1 -1 1 1 1 1 1 1 1 1 1 
1 1 -1 -1 -1 3 1 1 1 1 1 -1 1 -1 1 1 -1 1 1 1 
-1 1 -1 1 3 1 1 1 -1 1 1 1 -1 1 1 1 -1 1 1 1 
-1 -1 3 3 1 1 3 1 1 1 1 -1 -1 -1 1 1 1 1 -1 1 
1 1 3 3 1 3 1 1 1 1 1 1 1 1 -1 1 1 1 1 1 
1 1 -1 1 3 1 1 1 1 -1 1 1 1 -1 -1 1 1 1 1 1 
-1 1 1 1 1 -1 1 3 -1 1 1 1 1 1 1 -1 -1 1 1 1 
1 1 1 1 1 1 1 -1 1 1 -1 1 1 1 -1 1 1 -1 1 1 
-1 -1 3 1 -1 1 3 1 -1 1 -1 1 -1 -1 -1 1 1 -1 1 1 
1 1 1 3 1 -1 1 1 1 1 1 -1 1 1 1 1 1 1 -1 -1 
1 1 -1 1 3 1 1 1 1 1 -1 1 1 1 -1 1 -1 1 1 1 
1 3 -1 1 1 1 1 1 3 1 1 1 -1 1 -1 -1 1 1 1 1 
1 1 1 1 3 1 1 1 3 3 1 1 -1 -1 -1 -1 -1 1 1 1 
1 1 1 1 1 1 1 -1 1 1 -1 1 -1 -1 -1 -1 1 1 1 1 
1 1 1 -1 3 1 -1 -1 1 1 1 1 -1 -1 -1 1 1 1 1 1 
1 1 1 -1 3 1 -1 -1 -1 1 1 1 1 1 1 -1 1 1 1 -1 
-1 1 1 1 1 1 1 1 3 3 1 1 1 3 -1 1 1 1 1 1 
1 -1 -1 1 1 -1 1 1 1 1 1 1 1 1 1 1 1 1 -1 1 
1 1 -1 1 1 1 1 1 1 1 1 1 1 1 1 1 -1 1 1 1 
1 1 1 1 1 1 1 1 1 1 1 1 1 1 1 1 1 1 1 1 
1 1 1 1 1 1 1 1 1 1 1 -1 1 1 1 1 1 1 -1 1 
1 1 1 1 1 1 1 1 1 1 1 -1 1 1 1 1 1 1 1 1 
1 -1 1 1 1 1 1 1 1 1 -1 -1 1 1 1 -1 1 1 1 1 
1 1 1 1 1 1 1 1 1 1 1 1 1 1 1 -1 -1 1 1 1 
-1 1 1 1 1 1 1 1 1 1 1 -1 1 1 1 1 1 1 -1 -1 
-1 1 1 1 1 1 1 1 1 -1 1 -1 1 -1 1 -1 -1 -1 1 1 
1 1 1 1 1 1 1 1 1 1 1 -1 1 1 1 -1 1 1 -1 -1 
1 1 1 1 1 -1 1 1 1 1 -1 -1 -1 -1 -1 1 1 -1 1 1 
1 1 1 1 -1 -1 1 -1 1 1 -1 1 1 1 1 1 1 1 1 1 
-1 1 1 1 -1 1 1 1 -1 -1 1 1 1 -1 1 1 -1 -1 1 1 
1 1 1 -1 1 1 1 1 1 1 -1 1 -1 1 -1 1 1 1 -1 1 
1 1 1 -1 1 1 1 1 1 1 1 -1 -1 1 1 1 -1 1 1 1 
1 -1 1 1 1 1 1 1 1 1 1 1 1 1 1 -1 1 -1 -1 1 
1 1 1 1 1 1 1 1 1 -1 -1 1 1 1 1 1 1 -1 1 1 
1 1 1 1 1 1 1 1 1 -1 -1 1 1 1 1 1 1 1 1 1 
1 1 1 1 1 1 1 1 1 1 1 1 1 1 1 1 1 1 1 1 
1 1 1 -1 1 1 1 1 1 1 1 1 1 1 1 1 1 1 1 1 
1 1 1 1 1 -1 1 1 1 1 1 1 1 1 1 1 -1 1 1 1 
3 1 3 1 -1 -1 1 1 1 1 -1 1 1 1 1 -1 -1 1 1 1 
1 1 1 1 -1 1 1 3 1 1 1 1 -1 1 -1 1 -1 1 1 -1 
1 1 1 1 1 1 1 1 3 1 1 1 1 1 1 1 1 -1 1 1 
1 1 1 1 1 1 1 1 1 1 1 1 1 1 1 1 1 1 1 1 
1 1 -1 -1 -1 3 1 3 -1 1 1 1 1 -1 1 1 1 1 -1 1 
1 1 1 1 -1 1 -1 1 1 1 1 1 1 1 1 1 1 1 1 1 
1 1 1 -1 1 -1 1 -1 1 -1 1 1 -1 1 1 1 1 1 1 1 
-1 -1 1 1 1 1 1 1 -1 1 -1 -1 -1 1 1 -1 1 1 1 -1 
1 -1 1 1 1 1 1 -1 1 -1 1 -1 1 1 -1 1 -1 1 1 1 
1 1 1 1 -1 1 1 -1 1 1 -1 1 -1 1 1 1 1 1 1 1 
-1 1 1 1 1 1 1 -1 1 -1 1 -1 -1 1 1 1 1 1 -1 1 
1 1 1 1 1 1 1 1 1 1 1 -1 1 1 1 1 -1 -1 1 1 
1 -1 1 1 1 -1 1 1 1 -1 1 1 1 1 1 1 1 -1 -1 -1 
1 1 -1 1 1 -1 1 1 1 1 1 1 1 -1 1 -1 -1 1 -1 1 
1 1 -1 -1 1 1 1 1 1 1 1 1 1 1 -1 1 1 -1 1 1 
1 1 1 1 1 1 1 1 1 1 1 1 1 1 1 1 1 1 -1 -1 
1 1 1 1 -1 1 -1 1 1 -1 -1 1 1 1 1 -1 1 -1 -1 1 
1 1 1 1 1 1 1 1 1 1 1 1 -1 1 1 -1 1 1 1 1 
1 1 1 1 1 -1 1 -1 1 1 1 1 1 -1 1 1 1 1 1 -1 
-1 1 1 1 1 1 1 1 1 1 1 1 1 1 1 -1 1 1 1 1 
1 -1 1 1 1 1 1 1 -1 1 1 1 -1 -1 1 -1 1 1 1 -1 
1 1 1 1 1 1 1 1 1 1 1 -1 1 -1 -1 1 1 1 1 1 
1 1 1 1 1 1 1 1 1 1 -1 1 1 -1 -1 -1 1 1 1 1 
1 1 1 1 1 1 1 -1 1 1 1 1 1 1 -1 1 1 1 1 -1 
1 -1 1 1 1 -1 1 1 1 1 1 1 1 1 1 1 1 -1 1 1 
1 -1 1 1 1 1 1 1 1 1 1 -1 -1 1 1 1 1 -1 1 -1 
-1 1 1 1 1 1 1 1 1 1 1 -1 1 -1 1 1 -1 1 -1 1 
1 1 1 1 1 1 1 1 1 1 1 1 1 1 1 -1 -1 -1 1 1 
1 -1 1 1 -1 -1 1 -1 -1 -1 1 1 -1 -1 1 1 -1 -1 -1 1 
1 -1 1 1 1 1 1 1 -1 -1 1 -1 -1 1 1 -1 1 -1 -1 1 
1 1 1 1 -1 1 1 1 1 1 -1 1 -1 -1 -1 -1 1 -1 1 1 
1 -1 1 1 1 -1 1 1 -1 1 1 1 -1 -1 1 1 1 1 1 1 
1 1 1 1 1 1 1 1 -1 1 1 1 1 1 1 1 1 1 1 1 
1 1 1 1 1 1 1 -1 1 1 1 1 1 -1 1 1 -1 1 1 1 
1 1 -1 1 1 1 1 1 1 1 1 1 1 -1 1 1 1 1 -1 -1 
1 1 1 1 1 1 1 1 1 1 1 1 1 -1 1 1 1 1 -1 1 
1 1 1 1 1 -1 1 -1 1 1 1 1 1 -1 1 1 1 1 1 1 
-1 -1 -1 1 1 1 1 -1 1 1 1 1 1 1 1 1 -1 1 1 -1 
1 -1 -1 1 1 1 1 1 1 1 -1 1 1 -1 -1 1 -1 -1 1 -1 
1 1 -1 1 1 1 -1 1 1 1 1 1 1 -1 1 1 1 -1 -1 1 
1 1 1 1 1 -1 -1 1 1 1 1 1 1 1 1 1 1 1 -1 1 
-1 1 1 1 1 1 1 1 1 1 1 1 -1 1 -1 1 -1 1 -1 1 
-1 1 1 1 1 1 1 1 1 1 1 1 1 1 1 1 1 1 1 1 
1 1 1 1 1 1 1 -1 1 1 1 1 1 -1 1 1 1 1 1 1 
1 1 1 1 1 1 1 -1 1 1 1 1 1 -1 1 -1 1 -1 1 1 
1 1 1 -1 1 1 8 1 1 1 1 1 1 1 1 1 -1 1 1 1 
-1 1 1 -1 -1 1 1 8 1 1 1 1 1 1 1 1 1 -1 1 -1 
1 1 1 -1 -1 1 1 1 -1 1 1 1 1 1 1 1 1 1 1 -1 
-1 1 -1 1 1 1 1 -1 1 1 -1 1 1 1 -1 1 1 1 1 -1 
-1 1 1 1 1 1 -1 1 1 1 1 1 1 1 1 1 1 1 1 -1 
-1 1 1 1 1 -1 1 1 1 1 1 1 1 1 -1 1 -1 1 1 1 
1 -1 -1 -1 1 1 -1 1 1 1 1 8 1 1 1 1 1 1 1 -1 
-1 -1 -1 1 1 -1 1 1 1 1 1 1 1 1 -1 1 1 1 1 1 
1 1 1 1 1 1 -1 -1 1 1 1 1 1 1 1 1 1 1 1 1 
1 1 1 1 1 1 1 -1 1 1 1 1 1 1 1 1 1 1 1 -1 
-1 1 1 1 1 1 1 1 -1 1 1 1 1 1 1 1 1 1 1 1 
1 1 1 1 1 1 1 1 -1 1 1 1 1 1 1 1 1 1 1 1 
1 1 1 1 1 -1 -1 1 -1 1 1 1 1 -1 1 1 1 1 1 1 
1 1 1 1 1 1 -1 1 1 1 1 1 1 1 1 1 -1 1 1 1 
1 1 1 1 1 -1 -1 1 1 1 1 -1 1 1 -1 -1 1 -1 -1 1 
1 1 1 -1 1 1 -1 1 1 1 1 1 -1 1 1 -1 1 1 1 1 
1 1 1 1 1 -1 1 1 1 1 -1 1 1 1 1 1 1 1 1 1 
1 1 1 -1 1 1 1 1 1 1 -1 1 -1 1 1 1 1 1 1 1 
1 1 1 1 1 1 1 1 -1 1 -1 -1 -1 1 1 1 1 1 1 1 
-1 1 1 1 1 1 1 -1 1 -1 1 -1 1 1 1 1 1 1 1 1 
1 -1 1 1 1 -1 1 1 1 1 1 1 2 1 8 -1 1 1 -1 -1 
-1 1 1 1 1 1 1 1 1 1 2 2 2 1 1 -1 1 -1 -1 -1 
1 -1 1 1 1 1 1 1 1 1 8 2 1 1 -1 1 1 1 1 -1 
-1 1 -1 1 1 1 1 -1 1 1 1 1 2 -1 1 1 1 -1 1 -1 
-1 -1 -1 1 1 1 1 1 1 1 8 1 8 2 1 -1 1 1 1 1 
1 -1 -1 -1 1 1 1 1 1 -1 1 1 8 1 1 1 1 1 1 1 
-1 1 1 1 1 1 1 1 1 1 1 1 1 1 1 -1 1 -1 1 1 
1 1 1 -1 1 1 1 1 1 -1 1 -1 1 -1 1 1 1 -1 1 1 
1 1 -1 1 1 1 -1 -1 1 1 -1 1 1 1 1 1 1 1 1 1 
1 -1 1 -1 1 1 -1 1 1 1 1 1 1 1 -1 -1 1 1 1 1 
1 -1 -1 1 1 1 1 1 1 1 -1 1 1 -1 1 1 1 1 1 1 
-1 1 1 1 1 -1 1 -1 1 1 1 1 1 -1 1 -1 -1 1 1 -1 
-1 -1 1 1 1 1 1 1 1 1 1 1 1 -1 -1 1 1 1 1 -1 
-1 1 1 -1 -1 1 1 1 -1 1 -1 1 1 1 1 1 1 -1 -1 -1 
-1 1 -1 -1 -1 -1 -1 1 -1 -1 1 1 1 1 1 1 1 -1 -1 -1 
1 -1 1 -1 -1 1 1 1 1 -1 1 1 1 1 1 1 1 1 1 1 
1 1 -1 -1 -1 1 1 1 1 -1 1 1 1 1 1 1 1 1 1 1 
1 1 1 1 -1 -1 1 1 1 1 1 1 1 1 1 1 1 1 1 1 
1 -1 1 -1 1 -1 1 1 1 1 -1 1 1 1 1 -1 1 1 -1 1 
-1 1 -1 1 -1 1 1 1 1 1 1 1 1 1 1 1 1 1 1 -1 
1 1 -1 1 1 1 1 -1 -1 1 -1 1 1 1 -1 1 1 1 -1 1 
1 -1 -1 1 1 1 1 -1 1 1 1 -1 -1 1 1 -1 1 1 1 1 
-1 -1 1 1 1 1 1 1 1 -1 1 1 1 1 1 -1 1 1 1 1 
1 1 1 -1 -1 -1 -1 1 1 -1 1 1 1 1 1 -1 1 1 1 1 
1 1 1 -1 -1 -1 1 1 1 -1 1 1 1 1 1 1 1 1 1 1 
1 1 1 1 1 1 1 1 1 -1 1 1 1 1 1 1 -1 1 1 1 
1 1 1 -1 1 1 1 1 1 1 1 -1 1 1 1 1 -1 1 -1 -1 
1 -1 1 1 1 1 1 1 1 1 1 -1 1 -1 -1 1 1 1 1 1 
1 1 -1 1 1 1 1 1 1 1 -1 -1 -1 -1 1 1 1 -1 1 -1 
1 1 1 -1 1 1 1 1 -1 -1 -1 -1 -1 -1 1 1 1 1 1 1 
-1 1 1 1 1 1 1 1 1 1 -1 -1 -1 1 1 1 1 1 1 -1 
1 -1 1 1 1 1 -1 1 -1 1 1 1 1 1 1 1 1 1 1 1 
1 1 1 -1 1 1 1 -1 1 1 1 1 1 1 1 1 -1 1 -1 1 
1 1 1 1 1 -1 1 -1 -1 1 1 1 1 -1 1 1 1 1 1 -1 
-1 -1 -1 1 1 1 -1 -1 1 -1 1 1 1 -1 1 1 -1 -1 1 1 
-1 -1 -1 1 1 1 1 1 1 -1 1 1 -1 1 1 -1 1 1 -1 1 
-1 -1 -1 1 -1 1 1 1 1 -1 1 1 -1 1 1 1 1 1 1 -1 
1 -1 1 1 -1 -1 1 1 1 1 -1 1 1 1 1 1 1 1 1 1 
1 1 1 1 1 1 1 -1 1 1 1 1 1 1 1 1 1 1 1 1 
1 -1 1 1 1 -1 1 1 1 1 1 1 -1 -1 1 1 1 1 1 1 
-1 -1 -1 1 1 -1 1 -1 -1 1 1 1 1 1 -1 1 1 -1 -1 1 
1 1 1 1 1 1 1 -1 -1 1 -1 1 1 -1 1 1 1 -1 -1 -1 
1 1 1 1 -1 1 1 1 1 1 1 1 1 1 -1 1 -1 1 1 1 
1 1 1 1 1 1 1 1 -1 1 1 1 1 -1 -1 -1 -1 1 -1 1 
1 -1 -1 1 1 1 1 1 1 1 1 -1 3 1 -1 -1 -1 1 1 1 
-1 1 1 1 1 1 1 1 1 1 -1 1 3 -1 -1 -1 1 1 1 1 
1 -1 1 -1 1 1 1 1 1 -1 1 -1 1 1 1 1 1 1 1 1 
1 1 1 1 1 1 1 1 1 1 -1 1 1 1 1 1 1 3 -1 1 
1 1 1 1 1 1 1 1 1 1 1 -1 1 -1 -1 1 1 3 1 1 
1 -1 1 1 1 1 1 1 1 1 1 1 1 1 1 1 1 3 3 1 
1 1 -1 1 1 1 1 1 -1 1 1 1 1 1 1 1 1 1 1 5 
5 5 1 1 1 1 1 1 1 1 1 -1 1 1 1 1 1 1 1 1 
5 1 1 1 1 1 1 1 1 1 1 1 1 1 1 1 -1 3 1 5 
5 1 5 1 1 1 1 1 1 1 1 1 1 1 1 1 1 3 5 5 
5 -1 -1 1 -1 1 1 1 1 1 1 1 1 1 1 1 -1 1 -1 5 
1 -1 1 1 1 -1 1 1 -1 1 1 1 1 1 1 1 1 1 1 -1 
-1 1 1 1 1 -1 1 -1 -1 1 1 -1 1 -1 1 1 1 1 1 1 
-1 1 -1 1 1 1 1 -1 -1 -1 1 1 1 1 1 1 1 -1 1 1 
1 1 -1 1 1 1 1 1 1 1 1 -1 -1 -1 1 -1 1 1 1 -1 
1 1 1 1 1 1 1 1 -1 -1 1 -1 1 -1 -1 -1 1 1 -1 -1 
1 -1 -1 -1 1 1 -1 1 -1 1 -1 -1 -1 1 -1 1 1 1 1 -1 
1 1 1 1 1 -1 1 -1 -1 -1 1 -1 -1 1 1 1 1 1 -1 1 
1 1 1 1 1 1 1 -1 -1 1 1 -1 -1 1 1 1 1 -1 -1 -1 
-1 1 1 1 1 1 1 -1 -1 1 -1 1 -1 1 -1 -1 -1 -1 -1 -1 
-1 1 1 1 1 -1 -1 1 -1 -1 1 1 1 1 -1 1 -1 -1 -1 1 
1 -1 1 1 1 -1 1 -1 1 1 1 1 -1 1 1 1 1 1 -1 -1 
1 1 1 1 1 1 -1 -1 -1 1 1 -1 1 -1 -1 1 1 1 1 1 
1 1 1 1 1 1 -1 1 1 1 1 1 -1 1 1 1 1 1 1 1 
1 1 -1 -1 1 -1 -1 -1 1 1 1 1 1 -1 -1 -1 1 1 1 -1 
-1 1 -1 1 1 1 1 -1 1 1 -1 1 1 1 1 1 1 1 1 1 
-1 -1 1 1 -1 1 1 1 1 1 -1 1 1 1 -1 1 -1 1 -1 -1 
1 1 1 1 1 1 1 1 1 -1 -1 1 1 -1 1 -1 1 1 1 -1 
1 1 1 1 -1 -1 1 -1 -1 -1 -1 1 1 1 1 1 1 1 -1 1 
1 1 1 -1 1 1 1 1 -1 1 1 1 1 1 1 -1 1 1 -1 1 
1 1 -1 -1 1 -1 1 1 -1 1 1 1 1 1 -1 -1 -1 1 -1 -1 
1 1 -1 1 1 1 1 1 1 -1 1 1 1 1 1 -1 1 1 -1 1 
-1 -1 1 -1 1 -1 -1 1 -1 1 -1 1 1 1 1 1 1 1 1 1 
-1 1 -1 1 1 1 1 -1 -1 -1 1 1 1 1 1 1 1 1 1 1 
-1 1 1 1 1 1 1 1 -1 1 -1 1 1 1 1 1 1 1 1 1 
1 1 1 -1 1 1 -1 1 1 -1 1 1 1 1 1 1 1 1 1 1 
1 1 1 1 1 1 1 -1 -1 1 -1 1 1 1 1 1 1 -1 1 1 
1 1 1 1 1 -1 -1 -1 -1 1 1 1 1 1 -1 -1 -1 1 1 -1 
1 1 1 1 -1 -1 1 1 1 -1 -1 -1 -1 1 -1 -1 -1 1 1 1 
-1 1 1 1 1 1 1 -1 1 1 -1 -1 1 1 1 -1 1 1 1 1 
1 1 -1 1 1 1 1 -1 -1 1 1 1 -1 1 1 1 1 1 1 1 
1 -1 1 1 -1 1 -1 -1 1 -1 1 1 1 1 -1 1 -1 1 1 -1 
1 1 1 1 1 -1 1 1 1 -1 -1 1 -1 1 1 1 1 -1 1 1 
1 1 1 1 1 1 1 1 1 -1 1 1 1 1 -1 1 1 1 1 1 
1 1 1 1 1 1 1 1 1 -1 1 1 1 1 1 -1 1 1 1 1 
1 1 1 1 1 -1 -1 1 1 -1 1 -1 1 1 1 1 -1 1 1 1 
1 1 1 1 1 1 -1 1 1 -1 -1 1 1 1 1 1 1 1 1 1 
1 1 1 1 1 1 1 1 1 1 -1 1 1 1 1 1 1 1 1 1 
1 1 1 1 1 -1 1 -1 1 1 1 1 1 1 -1 -1 1 1 1 1 
1 1 1 1 1 1 -1 -1 1 1 1 1 1 1 1 -1 -1 1 1 1 
1 1 -1 1 1 -1 1 1 1 1 1 1 1 1 1 1 -1 1 1 1 
-1 1 -1 1 1 1 1 1 1 1 1 1 1 1 1 1 1 1 1 -1 
-1 1 1 -1 1 1 1 1 1 1 1 1 1 1 1 1 -1 -1 1 -1 
1 1 1 -1 -1 1 1 1 1 1 1 1 1 1 1 -1 -1 1 -1 -1 
1 1 1 -1 1 1 1 1 1 1 1 1 1 1 1 -1 -1 1 1 1 
-1 -1 1 1 1 1 1 1 1 1 1 1 1 1 1 1 -1 1 1 1 
1 1 1 -1 1 1 1 1 1 1 1 -1 1 1 1 1 1 1 -1 1 
1 1 -1 -1 -1 1 1 1 -1 1 -1 1 -1 -1 1 1 1 1 1 1 
-1 1 1 1 1 -1 -1 1 1 1 1 -1 -1 1 1 1 -1 -1 1 1 
1 1 1 1 1 -1 1 1 1 -1 1 1 1 1 1 1 1 1 1 1 
1 1 -1 1 -1 -1 1 1 -1 -1 -1 1 1 1 -1 -1 1 -1 1 1 
1 -1 1 1 1 1 1 1 -1 1 -1 1 1 1 -1 1 1 1 -1 1 
-1 -1 -1 -1 1 -1 1 1 1 -1 1 1 1 1 -1 -1 1 -1 1 1 
-1 -1 -1 -1 1 -1 1 1 1 1 -1 1 1 -1 -1 -1 1 -1 1 1 
-1 -1 -1 1 1 1 1 1 -1 1 -1 1 1 -1 -1 -1 -1 1 1 1 
-1 -1 1 1 1 1 -1 1 1 1 1 1 -1 -1 -1 -1 -1 1 1 -1 
-1 1 1 1 1 1 1 1 1 1 1 1 1 1 -1 -1 -1 -1 1 1 
-1 1 1 1 -1 1 1 1 -1 1 1 -1 1 1 1 1 -1 1 -1 -1 
1 -1 1 1 1 1 1 -1 1 1 -1 -1 1 1 1 1 -1 1 -1 -1 
1 1 1 -1 1 1 1 -1 1 1 1 1 1 -1 1 1 -1 1 -1 1 
1 1 -1 1 1 1 1 1 1 1 1 -1 1 -1 1 1 1 1 1 1 
1 1 2 1 1 1 1 -1 1 1 1 -1 -1 1 1 -1 1 -1 1 -1 
-1 -1 2 -1 -1 1 1 1 -1 1 1 1 1 1 -1 1 -1 -1 1 -1 
-1 -1 1 1 -1 -1 1 1 1 -1 1 1 1 1 1 1 1 1 1 -1 
-1 1 1 1 -1 -1 1 1 1 1 1 1 1 -1 1 1 1 1 -1 -1 
1 1 1 1 1 1 1 -1 1 -1 1 1 1 -1 -1 1 1 1 -1 -1 
1 1 1 1 1 -1 1 1 1 1 1 -1 1 1 1 1 1 -1 1 1 
1 -1 1 1 1 1 1 1 1 -1 1 1 1 1 -1 1 1 1 1 1 
1 1 -1 -1 1 1 1 1 1 1 1 1 -1 1 1 1 1 -1 1 1 
1 -1 1 1 -1 1 1 1 1 1 -1 1 1 1 1 1 1 -1 1 -1 
-1 1 -1 -1 1 -1 1 -1 1 1 -1 1 1 1 -1 1 -1 1 1 1 
-1 -1 -1 1 -1 1 1 1 -1 -1 1 1 1 1 -1 1 -1 -1 1 1 
1 1 1 1 1 1 1 1 -1 1 -1 -1 1 -1 1 1 1 -1 1 1 
1 1 1 1 1 -1 -1 1 1 -1 -1 -1 -1 1 1 1 1 -1 -1 1 
1 1 1 1 1 1 -1 1 1 1 -1 1 1 1 -1 1 -1 1 -1 -1 
1 1 1 1 1 -1 -1 1 1 1 -1 1 1 1 -1 1 1 1 1 1 
1 1 -1 1 -1 -1 1 1 1 -1 -1 -1 -1 -1 -1 1 1 1 -1 1 
1 1 1 1 1 1 1 1 1 1 -1 1 1 1 1 1 1 -1 1 1 
1 -1 1 1 1 -1 1 1 1 1 1 1 1 1 1 1 1 -1 1 -1 
1 1 1 1 -1 -1 1 1 1 1 1 1 1 1 1 1 1 1 -1 1 
1 1 1 1 -1 -1 1 1 1 1 1 1 1 1 1 1 1 1 1 -1 
-1 1 1 1 1 1 1 1 1 1 1 -1 -1 1 1 1 1 -1 -1 1 
1 -1 1 -1 1 1 1 1 1 -1 -1 -1 1 -1 1 1 -1 -1 1 1 
-1 -1 -1 -1 -1 1 1 1 -1 -1 -1 1 1 -1 1 1 -1 -1 1 1 
1 1 1 -1 -1 1 1 -1 -1 1 -1 1 -1 1 -1 1 1 1 -1 -1 
1 1 1 -1 -1 -1 1 -1 1 -1 -1 1 -1 1 1 -1 -1 1 -1 -1 
1 1 -1 -1 -1 1 -1 -1 1 -1 -1 1 1 1 -1 1 -1 1 -1 -1 
-1 1 1 -1 1 -1 -1 1 1 1 1 1 1 1 1 1 1 1 1 -1 
-1 1 1 1 1 -1 -1 -1 1 -1 -1 1 1 1 1 -1 1 1 -1 1 
1 1 1 -1 1 1 1 -1 1 -1 1 1 1 1 1 1 1 1 1 1 
-1 -1 -1 1 1 1 -1 1 -1 1 -1 1 1 1 1 1 -1 1 -1 1 
1 1 1 1 1 1 1 1 -1 1 -1 1 -1 1 -1 1 1 1 -1 1 
1 1 1 1 1 1 1 1 1 -1 1 1 1 1 1 1 -1 1 1 1 
1 1 1 1 1 1 1 1 1 1 -1 1 1 1 1 1 -1 1 1 -1 
-1 1 1 1 1 1 -1 -1 1 1 1 -1 -1 1 1 1 1 1 1 -1 
-1 1 1 1 1 1 1 1 1 -1 1 1 -1 -1 1 -1 1 1 -1 -1 
1 1 1 -1 1 1 1 1 1 -1 -1 1 -1 1 -1 -1 -1 1 1 1 
1 1 1 1 1 1 1 1 1 1 1 1 1 -1 -1 -1 1 1 1 1 
1 1 1 1 1 1 1 -1 1 1 1 1 1 1 -1 1 1 1 1 1 
-1 1 -1 -1 1 1 1 1 1 1 1 1 1 -1 -1 1 1 1 1 1 
1 1 1 -1 -1 1 1 -1 1 1 1 -1 1 -1 1 1 1 1 1 1 
1 1 1 1 1 1 1 -1 1 1 -1 1 1 1 1 -1 1 1 1 1 
1 1 1 1 1 1 1 1 1 -1 -1 1 1 1 -1 1 -1 1 1 1 
-1 -1 1 1 1 -1 1 1 1 -1 -1 -1 1 1 -1 -1 1 -1 1 1 
1 -1 1 1 1 1 -1 1 -1 1 1 1 -1 -1 -1 1 1 -1 -1 1 
1 1 1 1 1 1 1 1 -1 -1 1 1 1 1 1 -1 1 1 1 1 
1 1 1 1 -1 1 1 1 -1 1 1 1 1 -1 1 1 1 1 1 1 
1 1 1 -1 1 -1 -1 1 1 -1 -1 1 -1 1 1 1 1 1 1 -1 
1 1 1 1 -1 1 1 1 1 -1 -1 -1 1 -1 -1 -1 1 1 1 1 
1 1 1 1 1 1 1 -1 1 -1 -1 -1 1 1 -1 -1 1 1 1 1 
1 1 1 1 1 -1 1 1 1 1 -1 1 1 1 -1 -1 -1 -1 1 1 
-1 1 1 1 -1 1 -1 1 1 -1 1 1 1 1 1 1 1 1 1 -1 
1 -1 -1 1 -1 -1 1 1 1 1 1 1 -1 1 1 1 1 1 1 1 
-1 1 -1 -1 1 1 -1 1 -1 1 1 1 1 1 1 1 1 1 1 1 
1 -1 1 1 1 -1 1 -1 1 -1 1 -1 1 1 1 1 1 1 1 1 
1 1 1 1 1 1 -1 -1 -1 1 1 -1 1 1 1 -1 1 1 1 1 
-1 1 1 -1 -1 1 -1 1 -1 1 1 -1 -1 1 1 1 -1 -1 -1 1 
1 1 1 1 -1 -1 1 1 -1 1 1 1 1 1 1 -1 1 1 1 1 
1 1 1 -1 1 1 1 -1 -1 1 1 1 1 1 1 1 1 1 1 1 
1 -1 1 -1 1 1 -1 1 -1 -1 -1 1 -1 1 1 1 1 1 1 1 
1 1 1 1 1 1 1 1 1 1 -1 -1 -1 1 -1 1 1 1 1 1 
1 1 -1 1 1 1 1 1 1 1 1 1 1 -1 1 1 1 1 1 1 
1 -1 -1 -1 1 1 1 1 1 -1 1 1 1 1 1 1 -1 1 1 1 
1 -1 -1 1 1 1 1 1 1 1 1 1 1 1 -1 -1 1 1 1 1 
1 1 1 1 1 1 1 1 1 1 1 1 -1 1 -1 1 1 1 1 1 
1 1 1 1 1 1 1 1 1 1 1 1 1 1 1 1 1 1 1 1 
1 1 1 -1 -1 1 1 1 1 1 1 1 1 1 1 1 1 1 1 1 
-1 -1 1 -1 -1 1 1 -1 1 1 1 -1 1 1 1 1 -1 1 1 1 
1 1 1 1 1 1 -1 1 1 1 -1 -1 -1 -1 1 1 1 -1 1 1 
1 1 1 1 1 1 1 1 1 1 -1 -1 -1 1 1 1 -1 1 1 1 
1 -1 1 1 1 1 1 1 -1 1 -1 1 -1 1 1 1 1 1 1 1 
1 1 -1 1 1 1 -1 1 1 1 -1 1 -1 -1 -1 1 -1 1 1 1 
1 1 1 -1 1 1 1 1 1 1 1 1 -1 1 -1 1 1 1 -1 -1 
-1 1 1 1 -1 1 1 1 -1 -1 1 1 -1 -1 1 1 1 -1 -1 -1 
-1 -1 1 1 1 -1 1 1 1 1 1 1 -1 1 1 -1 1 1 1 -1 
1 1 -1 -1 1 1 -1 1 1 1 1 1 -1 1 1 1 1 -1 -1 1 
1 -1 1 1 1 -1 -1 1 -1 1 1 1 -1 1 1 1 -1 -1 -1 1 
-1 1 -1 1 1 -1 -1 1 1 1 1 -1 1 -1 1 1 1 -1 1 1 
1 1 1 1 1 1 1 1 1 1 -1 1 1 1 -1 1 1 1 1 1 
1 1 1 1 1 1 1 -1 1 1 -1 -1 1 1 -1 1 1 1 1 1 
1 1 1 1 1 1 1 1 1 1 1 -1 1 1 1 1 -1 1 1 1 
1 1 1 1 1 1 1 1 1 1 1 1 -1 1 1 1 1 1 1 1 
1 1 -1 1 1 1 1 1 1 1 1 1 1 1 1 -1 1 1 1 1 
1 1 -1 1 1 1 1 1 1 1 1 1 -1 -1 -1 1 -1 1 1 -1 
1 1 1 1 1 1 1 1 1 1 -1 -1 -1 -1 -1 -1 -1 1 1 1 
-1 1 -1 1 1 1 1 1 1 1 1 -1 -1 1 1 -1 -1 -1 1 1 
1 1 1 1 1 1 1 1 -1 1 1 1 -1 1 1 -1 -1 1 1 -1 
1 1 -1 1 1 1 1 1 1 1 1 1 -1 -1 1 1 1 1 -1 1 
1 1 1 1 1 -1 1 1 1 -1 1 1 1 -1 1 1 -1 1 -1 1 
1 1 -1 -1 1 1 1 -1 1 1 1 1 1 1 -1 -1 1 1 1 1 
1 1 1 1 1 1 1 1 1 1 -1 1 1 1 1 -1 1 -1 1 1 
-1 1 1 1 -1 1 1 1 1 1 1 1 1 1 1 1 1 -1 -1 1 
1 1 1 -1 1 1 -1 1 1 -1 1 -1 1 1 1 -1 1 1 1 1 
1 1 1 1 1 1 1 1 1 -1 1 1 1 1 -1 -1 1 -1 1 1 
-1 1 1 1 1 1 1 -1 -1 -1 1 1 1 1 1 1 1 1 1 1 
1 1 1 1 1 1 1 -1 -1 1 1 -1 1 1 1 1 1 -1 -1 1 
1 1 1 1 1 1 1 1 1 1 -1 1 -1 -1 1 1 -1 1 1 1 
1 -1 1 1 1 1 1 1 -1 1 1 -1 -1 -1 1 1 1 -1 -1 1 
1 1 1 -1 -1 1 -1 -1 1 1 1 1 -1 1 1 -1 1 1 1 -1 
1 1 -1 1 -1 -1 -1 1 -1 1 -1 1 1 -1 -1 1 1 -1 1 1 
1 1 1 -1 1 -1 1 -1 1 -1 1 1 1 1 -1 1 1 1 -1 1 
1 1 1 -1 1 1 1 1 1 1 1 1 1 1 1 1 -1 -1 1 -1 
1 1 1 1 1 1 1 1 1 1 1 -1 1 1 1 -1 -1 -1 -1 1 
1 1 1 1 1 1 1 1 -1 1 1 -1 1 1 -1 -1 1 -1 -1 -1 
-1 1 -1 1 1 1 1 1 1 1 1 1 -1 1 1 1 1 -1 -1 -1 
-1 -1 1 -1 1 1 1 1 -1 -1 1 1 1 1 1 1 1 -1 -1 -1 
-1 -1 1 1 1 1 -1 1 1 1 1 1 1 1 1 1 1 -1 -1 1 
-1 1 -1 -1 1 1 1 1 1 -1 1 -1 -1 1 1 1 1 1 1 1 
-1 1 1 1 -1 -1 1 -1 1 1 -1 -1 1 1 -1 1 1 1 1 1 
1 1 1 1 -1 -1 1 -1 1 -1 1 1 1 -1 -1 1 -1 1 1 1 
1 -1 1 -1 1 1 1 1 1 1 1 1 1 -1 1 1 -1 1 -1 -1 
1 -1 1 1 1 -1 1 1 1 1 1 1 -1 1 -1 1 1 1 -1 -1 
1 1 -1 1 1 1 1 1 -1 1 1 1 1 1 1 1 1 1 1 1 
1 1 1 1 -1 1 1 1 1 1 -1 -1 1 1 1 1 1 1 1 1 
1 1 1 1 1 1 1 1 1 1 -1 -1 -1 1 1 1 -1 1 1 1 
1 1 1 1 -1 -1 1 1 1 -1 -1 -1 1 1 1 1 1 1 -1 1 
1 1 -1 1 -1 -1 1 1 1 1 -1 1 -1 -1 -1 1 1 1 1 1 
1 1 1 1 -1 1 -1 -1 1 1 1 1 1 -1 -1 1 1 1 1 1 
-1 1 1 -1 -1 1 1 1 1 1 1 -1 1 1 1 1 -1 1 1 1 
-1 1 1 1 1 -1 1 1 1 1 1 1 1 1 1 1 1 1 1 1 
1 1 1 1 1 -1 -1 1 1 1 1 1 1 1 -1 1 1 1 1 1 
1 -1 -1 1 1 -1 1 1 1 1 -1 1 1 1 1 1 1 1 1 1 
1 1 1 1 1 1 1 1 1 -1 1 1 1 -1 -1 1 1 1 1 1 
1 1 1 1 1 1 1 -1 1 1 1 1 1 -1 1 1 1 1 1 1 
1 1 1 -1 1 1 1 1 1 -1 1 1 1 1 1 1 1 -1 1 1 
1 1 1 -1 1 -1 1 1 1 1 1 1 -1 1 1 1 1 1 1 1 
1 -1 1 1 -1 1 1 1 1 1 1 1 1 1 1 1 -1 1 1 1 
1 -1 1 1 -1 1 1 1 1 1 1 1 1 1 1 1 1 1 1 -1 
1 1 1 1 1 1 1 -1 1 1 1 1 1 1 1 1 1 1 1 1 
1 1 -1 -1 1 1 1 1 1 1 1 1 1 1 1 1 1 1 1 1 
1 1 1 1 1 1 -1 1 1 1 1 1 -1 1 1 1 1 1 1 1 
1 1 1 1 1 1 1 1 1 1 1 1 1 1 1 1 1 1 1 1 
1 1 1 1 1 -1 1 1 1 1 1 1 1 1 1 1 -1 1 -1 -1 
-1 1 1 1 1 1 1 1 1 1 1 -1 -1 1 1 1 1 -1 1 1 
1 1 1 1 1 1 1 1 1 1 1 1 -1 -1 1 1 1 1 1 1 
1 1 -1 1 1 1 1 -1 1 1 1 1 1 -1 1 1 1 1 1 1 
1 1 1 1 1 1 1 -1 -1 -1 1 1 1 -1 -1 -1 -1 1 -1 1 
1 1 1 1 -1 1 1 1 1 -1 -1 -1 -1 1 -1 -1 1 -1 1 1 
1 1 1 1 1 1 1 1 1 -1 -1 1 1 1 1 -1 -1 1 1 -1 
1 1 1 1 1 -1 -1 1 1 1 1 1 1 1 1 -1 1 1 1 1 
-1 1 -1 1 -1 -1 1 1 1 1 1 1 1 -1 -1 -1 -1 1 -1 -1 
-1 1 -1 1 -1 1 -1 1 1 1 1 1 1 1 1 -1 1 -1 -1 -1 
1 -1 1 -1 1 1 1 1 1 1 1 1 1 1 1 1 1 1 1 1 
-1 1 1 1 1 1 1 1 -1 1 1 1 1 1 1 -1 1 -1 1 -1 
1 -1 1 1 1 1 1 1 1 1 -1 1 1 1 1 1 1 1 1 1 
1 -1 1 1 1 1 1 1 1 1 -1 1 1 1 1 1 1 1 1 1 
1 1 1 1 1 1 1 1 1 1 1 1 1 1 1 1 1 1 1 1 
1 1 1 1 1 1 1 1 1 1 1 1 1 1 1 1 1 1 1 1 
1 1 1 1 -1 1 1 1 1 1 1 1 1 1 1 1 1 1 1 1 
1 1 1 1 1 1 1 1 1 1 1 1 1 1 1 1 1 1 1 1 
1 1 1 1 1 1 -1 -1 1 1 1 1 1 1 1 1 1 1 1 1 
-1 1 1 1 1 1 1 1 1 1 -1 1 1 1 1 1 1 1 1 1 
1 -1 1 1 1 1 1 -1 1 1 1 1 1 1 1 1 1 1 1 -1 
1 1 1 -1 1 1 1 -1 -1 1 1 1 1 -1 -1 1 1 1 1 1 
-1 1 1 1 1 1 1 1 1 1 1 1 -1 1 1 1 1 -1 1 1 
1 1 1 1 1 1 1 1 1 1 1 -1 -1 -1 1 1 1 1 1 1 
1 1 1 1 -1 1 1 1 1 1 1 1 1 -1 1 1 1 1 1 1 
1 1 -1 1 1 1 1 1 1 1 1 1 1 -1 1 -1 1 1 1 1 
1 1 1 1 1 1 1 1 1 1 1 1 1 1 -1 1 -1 1 1 1 
-1 -1 1 1 1 1 1 1 1 1 1 1 1 -1 1 -1 1 1 1 1 
-1 1 1 -1 1 1 1 1 1 1 1 -1 -1 -1 1 1 -1 1 1 1 
1 1 1 1 1 1 1 1 1 1 -1 -1 -1 1 1 1 1 1 1 1 
1 1 1 1 1 1 1 1 1 1 1 1 1 1 1 1 1 1 1 1 
1 1 1 1 1 1 -1 -1 1 1 1 1 1 -1 1 1 1 1 1 1 
1 1 1 1 1 1 -1 -1 1 -1 1 1 1 1 1 -1 -1 1 1 1 
1 1 1 -1 1 -1 1 1 1 1 1 1 -1 1 1 1 1 -1 1 1 
1 1 1 -1 1 1 1 1 -1 1 1 1 1 1 1 1 1 1 1 1 
1 1 1 1 -1 -1 1 1 1 1 1 1 1 -1 -1 -1 -1 -1 1 1 
1 -1 1 1 1 1 -1 1 -1 1 1 1 1 -1 1 1 -1 1 1 1 
1 1 1 1 1 1 1 1 1 1 1 1 1 1 1 1 -1 1 -1 1 
1 -1 -1 -1 1 1 1 1 1 -1 1 1 1 1 1 1 1 1 -1 1 
1 -1 -1 -1 1 1 1 1 1 1 -1 1 1 1 1 1 1 1 1 1 
-1 -1 1 1 1 -1 1 1 1 -1 -1 -1 -1 1 1 1 -1 1 -1 -1 
1 1 1 1 1 1 1 1 1 -1 1 1 1 1 -1 3 1 1 -1 1 
1 1 1 1 1 1 1 1 1 1 1 1 1 1 -1 -1 1 1 1 1 
-1 1 1 1 -1 -1 -1 1 1 1 1 1 1 1 -1 1 1 1 -1 -1 
1 -1 1 1 1 1 1 1 1 1 1 1 1 1 -1 -1 1 -1 1 1 
1 -1 1 1 1 1 1 1 1 1 1 1 1 1 1 -1 1 1 1 -1 
1 1 1 1 1 1 1 1 1 1 1 1 1 1 -1 1 -1 1 1 1 
1 1 -1 1 1 1 1 1 1 1 1 1 1 -1 1 1 1 1 1 1 
1 -1 -1 -1 1 1 1 1 1 1 1 1 1 1 1 1 1 1 1 1 
1 -1 -1 -1 1 1 1 1 -1 1 1 1 1 1 1 1 1 1 -1 1 
1 1 1 1 1 1 1 1 1 1 1 1 -1 -1 1 1 1 1 1 -1 
1 1 1 1 -1 1 1 1 -1 -1 -1 -1 1 -1 1 -1 -1 1 1 1 
1 1 1 1 1 1 1 -1 -1 -1 -1 -1 -1 1 1 1 -1 1 -1 -1 
-1 1 1 1 1 -1 -1 1 -1 -1 1 1 1 1 1 1 1 -1 -1 1 
1 1 1 1 1 1 1 1 1 -1 1 1 1 1 1 -1 -1 1 -1 1 
1 -1 1 1 1 1 1 -1 1 -1 1 1 1 1 1 1 -1 1 1 -1 
1 1 1 1 1 1 -1 -1 -1 1 1 -1 1 1 1 1 -1 1 1 1 
1 1 1 1 1 1 -1 1 1 1 1 -1 1 1 1 1 -1 1 1 1 
1 1 1 1 1 -1 -1 1 1 1 1 1 1 -1 1 1 1 1 -1 1 
1 1 1 1 1 -1 -1 1 1 -1 1 -1 -1 1 1 1 1 -1 -1 1 
1 1 1 1 -1 -1 1 1 1 1 1 1 1 1 1 1 1 1 1 -1 
1 -1 1 1 1 -1 1 -1 1 1 1 1 1 1 1 1 -1 1 -1 1 
1 -1 1 1 1 1 1 1 1 1 1 1 1 1 1 1 1 -1 1 1 
1 1 1 -1 1 1 -1 1 1 1 1 1 1 1 1 1 1 1 1 -1 
-1 1 -1 1 1 1 1 1 1 1 1 1 -1 1 1 1 -1 1 1 -1 
-1 1 1 1 1 -1 -1 1 1 1 1 1 1 1 1 1 -1 1 -1 -1 
1 1 1 1 -1 -1 1 1 1 1 1 1 1 1 1 -1 1 1 -1 1 
1 -1 -1 -1 -1 1 1 -1 -1 1 1 1 1 1 1 -1 1 1 -1 1 
1 -1 1 1 1 -1 -1 1 1 1 1 1 1 1 1 1 1 1 1 -1 
1 1 1 1 1 1 -1 1 1 1 1 1 -1 -1 1 1 1 -1 1 1 
1 -1 1 -1 1 1 -1 1 -1 1 -1 1 1 1 1 1 -1 -1 1 -1 
1 1 1 1 -1 -1 -1 -1 -1 1 -1 -1 1 1 1 1 -1 1 1 1 
1 1 1 1 -1 -1 -1 1 1 1 1 1 1 -1 -1 1 -1 1 1 1 
-1 1 1 1 -1 -1 1 1 1 1 1 1 1 1 1 1 1 1 1 1 
1 1 1 1 1 -1 -1 1 1 1 1 1 -1 1 1 -1 1 -1 -1 1 
1 -1 1 1 -1 1 -1 1 1 -1 1 1 -1 1 1 1 1 1 -1 -1 
1 1 1 1 1 1 -1 1 1 1 1 1 1 1 1 1 1 1 -1 1 
1 -1 -1 1 1 1 1 1 1 1 1 1 -1 1 1 1 1 1 -1 1 
1 -1 1 1 1 1 1 1 1 -1 1 1 1 -1 -1 1 1 1 1 1 
-1 -1 -1 1 -1 1 1 1 1 1 -1 1 -1 -1 1 1 1 1 1 1 
1 1 1 1 1 1 1 1 1 1 1 1 1 -1 1 1 1 1 1 1 
1 1 1 1 1 -1 1 1 1 1 1 1 -1 1 -1 1 1 1 1 1 
1 1 1 1 1 1 1 1 1 -1 -1 1 1 1 -1 1 1 -1 -1 1 
1 1 1 1 1 1 1 -1 1 1 1 1 1 -1 -1 1 1 1 1 1 
1 1 1 -1 1 1 1 1 -1 1 -1 1 -1 -1 -1 1 1 1 1 -1 
1 1 1 1 1 1 1 1 -1 1 1 1 1 -1 1 1 1 1 1 1 
1 1 1 1 1 1 1 1 1 1 -1 1 1 1 1 1 1 1 -1 1 
-1 1 -1 1 -1 1 -1 -1 -1 -1 1 -1 1 1 1 1 1 -1 1 -1 
1 1 1 1 1 -1 1 -1 1 1 1 1 1 -1 1 1 1 1 -1 -1 
1 1 1 1 -1 -1 1 1 -1 1 1 1 1 1 1 1 1 1 -1 1 
-1 -1 1 -1 1 -1 1 1 1 1 -1 1 -1 1 1 1 1 1 -1 -1 
-1 -1 -1 1 1 1 -1 1 1 1 1 1 -1 -1 1 1 1 1 -1 -1 
-1 1 1 1 1 1 -1 1 1 1 1 -1 -1 -1 1 -1 -1 1 1 -1 
1 -1 1 1 1 1 -1 1 -1 -1 1 1 1 1 -1 1 -1 1 -1 -1 
1 1 1 1 1 1 1 1 -1 -1 1 1 1 -1 1 1 -1 1 1 -1 
-1 1 1 1 1 1 1 1 1 1 1 1 1 -1 1 1 1 1 1 1 
1 1 1 1 1 1 1 1 1 1 1 1 1 1 -1 1 1 1 1 1 
1 -1 1 1 1 -1 1 1 1 1 1 1 1 -1 1 1 1 -1 1 1 
-1 1 1 1 1 1 1 1 1 1 1 1 1 1 1 -1 -1 1 -1 1 
1 1 1 1 1 1 1 1 1 1 1 -1 1 1 1 1 -1 -1 -1 1 
1 1 1 1 1 1 1 1 1 1 1 1 1 -1 1 1 1 1 1 1 
1 1 1 1 1 1 1 -1 1 1 1 1 1 -1 1 1 -1 1 1 1 
1 1 1 1 1 1 1 -1 1 1 1 1 1 1 1 -1 1 -1 1 -1 
1 -1 1 1 1 1 1 1 1 1 1 1 1 1 -1 1 1 1 -1 1 
-1 1 1 -1 1 1 -1 1 -1 -1 1 1 1 -1 1 -1 1 -1 1 1 
1 1 1 1 1 1 1 -1 1 1 1 -1 1 1 1 1 -1 1 1 1 
1 1 1 -1 1 1 -1 1 1 -1 -1 1 1 1 1 1 -1 1 1 1 
-1 1 -1 1 1 1 1 1 1 1 -1 -1 -1 1 1 -1 1 1 -1 1 
1 1 -1 -1 1 1 1 1 -1 -1 1 -1 -1 -1 -1 1 -1 -1 1 1 
1 1 -1 -1 1 1 1 1 1 1 1 1 -1 -1 -1 -1 -1 1 1 1 
1 1 1 1 -1 1 -1 1 1 1 1 1 1 -1 -1 -1 1 1 1 -1 
1 -1 1 1 1 1 1 -1 1 1 1 1 1 1 -1 1 -1 1 -1 -1 
1 1 -1 1 1 1 1 1 -1 1 1 1 1 1 1 -1 1 1 1 -1 
1 1 1 1 -1 1 -1 -1 -1 1 1 1 1 1 1 1 1 1 -1 1 
1 1 1 1 1 1 1 -1 1 1 1 1 1 1 1 1 -1 -1 1 1 
1 1 1 1 1 1 1 1 1 1 1 1 -1 1 -1 -1 -1 -1 1 1 
1 1 1 1 1 1 1 1 1 1 -1 -1 1 1 1 1 1 -1 1 -1 
-1 1 1 -1 -1 1 1 1 1 1 1 1 1 1 1 1 1 1 1 1 
1 -1 1 1 -1 1 1 1 1 1 1 1 1 1 1 1 -1 -1 1 -1 
1 1 1 -1 -1 1 1 1 1 1 1 1 1 1 1 -1 1 1 1 -1 
1 1 1 -1 1 1 1 -1 -1 -1 -1 1 1 1 -1 1 1 1 -1 -1 
1 -1 -1 -1 1 1 -1 1 1 -1 -1 1 -1 1 1 1 -1 -1 1 1 
-1 -1 -1 -1 1 -1 1 1 -1 -1 1 -1 1 1 1 1 1 1 -1 -1 
-1 1 -1 -1 1 1 -1 -1 -1 1 -1 -1 -1 -1 -1 1 1 1 1 1 
1 1 1 1 1 1 1 1 1 1 1 -1 -1 -1 -1 -1 1 -1 1 1 
-1 1 -1 -1 1 1 1 1 1 1 1 1 1 -1 -1 -1 1 1 -1 -1 
-1 -1 1 1 1 1 1 1 -1 1 1 1 -1 1 1 1 1 1 1 1 
1 1 1 1 1 1 1 1 1 1 1 -1 -1 1 -1 1 1 1 -1 1 
-1 1 1 -1 -1 -1 1 1 1 1 1 -1 -1 1 1 -1 1 -1 -1 1 
1 1 1 -1 1 1 1 1 -1 -1 1 1 -1 1 1 1 -1 1 -1 -1 
1 1 1 1 1 1 1 1 1 1 1 1 1 -1 -1 1 -1 1 1 1 
1 1 1 -1 1 1 1 1 1 1 1 1 1 1 1 1 1 1 1 1 
1 1 1 1 1 1 1 1 1 1 1 1 1 1 1 1 1 -1 1 1 
-1 1 1 1 1 1 1 1 1 1 -1 1 -1 -1 1 -1 -1 -1 1 1 
1 1 1 -1 -1 1 1 -1 1 1 1 -1 -1 1 -1 1 -1 1 1 1 
1 1 1 -1 -1 -1 1 1 -1 1 1 1 1 1 1 1 1 1 1 1 
1 -1 1 1 -1 -1 1 1 1 1 -1 1 -1 -1 1 1 1 1 -1 1 
1 -1 -1 1 1 -1 -1 -1 1 1 -1 -1 1 -1 1 -1 1 1 1 1 
1 1 -1 1 -1 -1 -1 -1 1 1 -1 1 1 1 1 1 -1 -1 1 1 
-1 1 1 -1 -1 1 -1 -1 -1 -1 -1 1 1 1 -1 1 -1 1 1 -1 
1 1 1 1 1 1 1 1 1 1 -1 1 1 1 1 1 1 -1 -1 -1 
-1 -1 1 1 1 1 1 1 1 1 1 1 -1 1 -1 1 -1 1 1 1 
1 -1 1 1 1 1 -1 1 1 1 1 -1 1 1 1 1 1 1 1 1 
1 -1 1 1 1 1 1 1 1 1 1 -1 -1 1 1 1 -1 1 1 1 
-1 1 1 1 -1 1 1 1 1 -1 -1 1 1 1 1 1 1 1 1 1 
-1 -1 1 1 1 1 1 1 -1 1 1 1 -1 1 1 1 1 -1 1 1 
1 1 1 1 1 -1 1 1 1 1 -1 -1 -1 -1 1 -1 1 1 -1 1 
1 1 1 1 1 1 1 1 1 1 1 1 1 1 1 1 1 1 1 1 
-1 1 1 1 1 1 -1 1 1 -1 1 1 1 1 -1 1 1 1 1 -1 
1 1 1 1 1 -1 1 1 -1 1 1 -1 1 1 1 -1 -1 -1 -1 1 
1 -1 1 1 1 1 1 1 1 1 -1 1 1 1 1 1 -1 -1 -1 1 
1 1 1 1 1 1 1 1 -1 -1 1 1 1 -1 1 1 1 1 1 1 
1 1 -1 1 1 1 1 1 -1 -1 -1 -1 1 1 1 -1 1 1 -1 -1 
1 -1 1 -1 -1 1 1 1 1 -1 -1 1 -1 1 1 1 1 1 1 -1 
1 1 1 1 1 1 -1 1 -1 -1 1 1 -1 1 1 1 1 1 -1 1 
-1 1 1 1 -1 -1 -1 1 -1 -1 -1 1 -1 -1 1 -1 -1 1 -1 1 
-1 -1 1 1 1 -1 -1 1 -1 1 -1 1 1 1 1 1 -1 1 -1 -1 
1 1 1 1 -1 -1 -1 -1 1 -1 1 1 1 1 1 -1 1 1 1 1 
-1 1 -1 1 1 -1 1 1 1 1 1 1 1 1 1 -1 1 1 1 -1 
1 1 1 1 1 1 1 1 1 1 1 1 1 -1 -1 -1 -1 -1 -1 1 
1 1 1 1 1 1 1 1 1 1 -1 1 -1 1 1 1 1 1 1 1 
1 1 1 1 1 1 1 1 1 1 1 -1 -1 -1 1 1 1 1 1 -1 
1 1 1 1 1 1 1 1 1 1 1 -1 -1 1 1 1 1 1 1 1 
1 1 1 1 1 1 1 1 1 1 1 -1 -1 1 -1 1 1 1 1 1 
1 1 1 1 1 1 1 1 1 1 1 1 -1 1 1 1 1 1 1 1 
1 1 1 1 1 1 -1 1 1 1 1 -1 1 1 1 -1 1 1 1 1 
1 1 1 1 1 1 1 1 1 -1 -1 -1 1 1 1 1 1 1 1 1 
1 1 1 1 1 1 1 1 -1 -1 -1 1 1 1 1 1 1 1 1 1 
-1 1 -1 1 1 1 1 -1 1 1 -1 1 1 1 1 1 1 1 1 1 
1 -1 -1 1 1 1 1 1 1 1 1 -1 1 1 1 1 1 1 1 1 
-1 1 -1 1 1 1 1 1 1 1 1 1 1 1 1 1 1 -1 1 1 
1 -1 -1 1 -1 1 -1 1 1 1 1 1 1 1 1 1 -1 1 -1 1 
-1 1 1 -1 1 1 1 1 1 -1 1 1 1 1 1 1 1 -1 1 1 
1 1 1 1 1 1 1 1 1 1 1 1 1 1 1 1 1 1 1 1 
-1 -1 1 1 1 1 1 1 -1 -1 1 1 1 1 1 1 1 1 -1 1 
-1 -1 1 1 1 1 1 1 1 -1 1 1 -1 1 1 1 1 -1 -1 1 
1 1 1 1 1 1 1 1 1 1 1 1 1 -1 1 1 1 1 -1 -1 
-1 1 1 1 1 1 -1 1 1 1 1 1 1 1 1 1 -1 1 -1 1 
-1 -1 1 1 -1 1 -1 1 1 1 1 1 1 1 1 1 1 -1 1 1 
-1 1 1 1 1 1 1 -1 1 -1 1 1 1 1 1 1 1 1 1 1 
1 1 1 1 1 -1 1 -1 1 1 1 1 1 1 1 1 1 1 1 1 
1 1 1 1 1 1 1 1 1 1 1 1 1 1 1 1 1 1 -1 -1 
-1 1 1 1 1 1 1 1 1 1 1 1 1 1 -1 1 1 1 -1 1 
1 1 1 1 1 1 1 1 1 1 1 1 1 1 -1 1 1 1 1 -1 
1 1 -1 -1 1 1 1 1 -1 1 1 1 1 1 -1 1 -1 1 1 1 
1 1 1 -1 -1 -1 -1 1 1 1 1 1 1 1 1 1 1 1 -1 1 
1 1 1 -1 1 -1 -1 1 1 1 1 1 3 1 1 1 1 1 -1 1 
1 1 1 1 1 1 1 1 1 1 1 3 1 1 1 1 1 1 1 1 
1 1 1 1 1 -1 1 1 1 1 1 1 1 1 1 1 1 -1 1 -1 
1 1 1 -1 1 1 1 1 1 1 1 1 -1 -1 1 -1 -1 -1 -1 1 
1 1 1 1 1 -1 1 1 -1 1 1 -1 1 1 1 1 1 -1 1 1 
-1 1 1 1 1 1 1 1 1 1 1 1 1 -1 1 -1 1 1 1 1 
-1 1 -1 1 1 1 1 1 1 -1 1 1 1 1 -1 1 1 -1 1 1 
1 1 1 1 -1 1 -1 -1 1 1 -1 -1 1 1 1 1 1 -1 1 1 
1 1 1 1 1 -1 -1 1 1 1 1 1 1 1 1 1 1 1 -1 -1 
1 1 -1 1 1 -1 1 1 1 1 1 1 1 1 1 1 1 1 -1 -1 
1 1 -1 1 1 1 1 -1 -1 1 1 1 1 1 1 1 -1 1 -1 -1 
-1 -1 1 1 1 1 1 1 1 1 1 1 1 1 1 1 1 1 -1 -1 
1 1 1 1 1 1 1 1 1 1 1 -1 1 -1 1 1 1 1 1 1 
1 1 1 1 1 1 1 1 1 -1 1 1 1 1 1 1 1 1 1 1 
1 1 1 1 1 1 1 1 1 1 1 1 1 -1 1 1 -1 -1 -1 1 
1 1 1 1 1 -1 1 1 1 1 1 -1 1 1 1 1 1 -1 -1 -1 
1 -1 1 1 1 1 1 1 1 1 1 1 1 -1 1 1 1 1 -1 1 
1 1 1 1 1 1 1 1 1 1 -1 1 1 1 1 1 1 1 1 1 
1 1 1 1 1 1 1 -1 1 1 1 -1 1 1 1 1 1 1 1 1 
1 1 1 1 -1 1 1 1 1 1 1 1 -1 -1 -1 1 1 1 1 1 
1 1 1 1 -1 -1 1 1 1 1 1 1 1 1 1 1 1 1 1 1 
1 1 1 1 1 -1 -1 1 1 1 1 1 1 1 1 1 1 1 1 1 
1 1 1 -1 -1 -1 1 1 1 1 -1 1 1 1 1 1 1 1 1 -1 
1 1 1 1 -1 1 1 1 -1 1 1 1 1 1 1 1 1 1 1 1 
1 -1 1 1 -1 -1 1 1 1 1 1 1 1 -1 1 1 -1 1 1 1 
1 1 1 1 1 1 -1 1 1 1 1 1 1 -1 -1 1 1 1 1 1 
1 1 -1 1 1 1 1 -1 -1 1 1 1 -1 -1 1 1 1 1 1 1 
1 1 1 1 1 1 1 -1 -1 -1 1 1 -1 -1 -1 1 1 1 1 1 
1 1 1 1 1 1 -1 1 1 1 1 1 -1 -1 -1 1 1 1 1 -1 
1 1 1 1 1 1 1 -1 -1 1 1 -1 -1 -1 1 1 1 1 -1 1 
1 1 -1 1 1 1 1 1 1 1 1 1 -1 1 -1 -1 1 -1 1 1 
1 1 1 1 1 1 1 1 1 1 1 -1 -1 1 -1 -1 1 -1 1 1 
-1 1 1 1 1 -1 1 1 1 1 1 1 1 1 1 1 1 1 -1 -1 
1 1 1 1 1 1 1 1 1 1 1 1 1 1 1 1 -1 1 1 1 
1 -1 1 1 1 1 1 -1 1 1 1 1 1 1 -1 1 -1 -1 1 1 
1 1 1 1 1 1 1 1 1 1 1 1 1 1 1 -1 1 -1 1 1 
1 1 1 1 1 1 1 1 1 1 1 -1 1 1 1 1 -1 1 1 1 
1 1 1 1 1 -1 1 1 1 1 1 1 1 1 1 1 1 1 1 1 
1 1 1 1 1 1 1 1 1 1 1 1 1 1 1 1 -1 1 1 1 
1 1 1 1 1 1 1 1 1 -1 1 1 1 1 1 1 1 1 1 1 
-1 1 1 1 1 1 1 1 1 1 -1 1 1 1 1 1 1 1 1 1 
-1 1 1 1 1 1 1 1 -1 1 1 1 1 1 -1 1 1 -1 1 -1 
-1 1 1 1 1 1 -1 -1 1 -1 1 -1 1 -1 -1 1 1 1 -1 1 
1 1 1 -1 -1 -1 1 1 -1 1 -1 1 -1 1 -1 1 1 1 1 1 
1 -1 1 1 -1 -1 1 1 -1 -1 1 1 1 -1 -1 -1 -1 1 1 1 
-1 1 1 1 1 1 -1 -1 1 1 -1 1 1 1 -1 -1 -1 -1 1 1 
-1 1 1 -1 -1 1 -1 1 -1 1 1 1 1 -1 1 -1 1 -1 -1 -1 
-1 1 -1 -1 1 1 1 -1 1 -1 -1 1 -1 -1 1 1 -1 1 -1 -1 
1 1 1 1 1 1 -1 -1 1 -1 -1 1 -1 1 -1 1 1 1 -1 -1 
1 1 1 1 1 1 1 1 1 1 1 1 1 -1 1 1 1 1 1 1 
1 1 1 1 -1 1 -1 1 1 1 1 1 1 1 1 1 1 -1 -1 1 
1 1 1 1 1 1 1 1 1 1 1 1 1 1 -1 1 -1 -1 1 -1 
1 1 -1 1 1 1 1 1 1 1 1 1 1 1 1 1 -1 1 1 1 
1 1 1 -1 -1 1 1 1 1 1 1 1 1 1 -1 1 -1 1 -1 1 
1 -1 1 1 1 1 1 1 1 1 1 -1 1 1 -1 1 1 1 -1 1 
1 1 1 1 1 1 1 1 1 1 1 -1 -1 1 1 1 1 -1 1 1 
1 1 1 1 1 1 1 -1 -1 1 1 -1 -1 -1 1 1 1 1 1 1 
1 1 1 1 1 1 -1 1 -1 -1 -1 -1 -1 -1 1 1 -1 2 1 1 
1 1 1 1 1 1 -1 1 -1 1 1 1 1 -1 -1 1 -1 2 1 1 
1 1 1 1 1 1 1 -1 -1 -1 1 1 -1 1 1 1 -1 1 1 1 
1 1 1 1 1 1 1 1 -1 -1 1 -1 1 1 1 1 1 1 1 1 
1 1 1 1 -1 1 1 1 1 1 1 1 1 -1 -1 1 1 1 1 1 
-1 1 1 1 -1 -1 -1 1 1 1 1 1 1 1 -1 1 1 1 1 -1 
1 1 -1 -1 1 1 -1 1 1 -1 -1 1 1 -1 -1 -1 1 1 1 -1 
1 -1 1 1 -1 1 -1 1 1 1 1 1 1 1 1 1 -1 -1 -1 1 
1 -1 1 1 -1 -1 1 1 1 1 1 1 1 1 1 1 1 1 1 1 
1 1 1 1 1 1 1 1 1 1 1 1 1 1 1 1 -1 1 -1 1 
1 1 1 1 1 1 1 -1 1 -1 1 1 -1 1 1 1 1 1 1 1 
-1 1 1 1 1 1 1 1 1 1 1 1 1 1 1 1 1 -1 1 -1 
1 1 1 1 1 1 1 1 1 1 1 1 1 -1 -1 -1 1 1 1 -1 
1 1 -1 1 1 1 1 1 1 1 1 -1 -1 -1 -1 1 1 1 1 1 
-1 -1 1 1 1 1 1 1 1 1 1 1 1 1 1 1 1 1 1 1 
-1 -1 -1 1 1 -1 1 1 1 -1 1 1 1 1 1 1 1 1 1 1 
-1 -1 -1 1 1 1 1 1 1 1 1 1 -1 1 -1 -1 -1 1 -1 1 
1 3 1 1 1 -1 -1 1 1 -1 1 1 1 1 -1 -1 1 1 1 1 
1 1 3 -1 1 1 -1 -1 1 1 -1 1 1 1 1 1 1 1 1 1 
-1 3 1 1 1 1 -1 1 1 1 1 1 -1 1 1 1 1 1 1 1 
1 1 1 1 1 1 1 1 1 1 1 1 1 -1 1 1 -1 -1 1 1 
-1 1 1 1 1 1 1 -1 1 1 -1 1 1 1 -1 1 -1 1 1 -1 
-1 1 1 1 -1 -1 -1 1 1 1 1 1 -1 -1 1 1 -1 -1 1 -1 
-1 1 1 1 -1 -1 1 -1 1 -1 1 1 -1 1 -1 1 1 1 -1 -1 
1 1 -1 1 1 1 1 1 1 -1 -1 1 1 -1 1 1 1 1 -1 1 
-1 1 -1 1 1 1 -1 1 1 1 -1 1 1 1 1 1 1 1 -1 1 
1 -1 -1 1 1 1 1 1 -1 -1 1 1 1 1 1 1 1 -1 -1 -1 
1 1 1 1 1 1 1 1 1 -1 -1 1 1 1 1 1 1 1 1 1 
1 1 1 1 1 1 1 1 1 1 1 1 1 1 1 1 1 1 1 1 
1 -1 1 -1 -1 1 1 1 1 1 -1 1 1 1 1 1 1 1 1 1 
1 1 1 1 1 -1 1 1 1 1 1 -1 1 1 1 1 1 1 1 1 
1 -1 1 -1 1 1 1 1 -1 1 1 1 1 1 1 1 1 1 1 1 
-1 1 -1 1 1 1 1 1 1 1 1 1 1 1 1 1 1 1 1 1 
1 -1 -1 1 1 1 1 1 1 1 1 -1 1 1 1 1 1 -1 1 1 
1 3 1 1 1 -1 1 1 1 1 1 1 1 1 1 1 -1 1 1 1 
1 3 3 1 1 1 1 1 1 1 1 1 1 1 -1 1 1 1 1 1 
1 1 1 1 1 1 -1 1 1 1 1 1 1 1 1 1 1 1 1 1 
1 1 1 1 -1 1 1 1 1 1 1 1 1 1 1 1 1 1 1 -1 
-1 4 -1 1 1 1 1 1 1 1 1 1 1 1 1 1 1 -1 1 1 
1 1 4 1 1 1 1 1 -1 1 1 1 -1 1 -1 1 -1 1 1 1 
1 1 1 -1 1 1 1 1 1 1 1 1 1 1 1 1 1 1 1 1 
1 1 -1 1 1 1 1 1 1 1 1 1 1 1 1 1 1 1 1 1 
1 1 -1 1 1 1 1 1 1 -1 1 1 1 1 1 1 1 1 1 -1 
1 1 1 1 -1 1 1 1 -1 1 1 -1 1 1 1 1 1 -1 1 1 
1 1 1 1 1 1 1 1 1 1 1 1 1 -1 1 1 1 -1 1 1 
1 1 1 -1 1 1 -1 1 1 1 1 1 1 1 1 1 1 1 1 1 
1 1 -1 -1 1 1 1 1 1 1 1 -1 1 1 1 -1 1 1 -1 1 
1 1 1 1 1 1 1 1 1 -1 1 -1 -1 -1 1 1 1 -1 1 1 
-1 1 1 1 1 1 1 1 1 1 1 1 -1 -1 1 1 1 1 1 1 
1 1 1 1 -1 1 1 1 -1 1 1 1 1 1 1 1 -1 1 1 1 
1 1 1 -1 -1 -1 1 1 1 1 1 -1 1 1 1 1 1 1 1 1 
1 1 1 1 -1 -1 1 1 1 1 1 1 1 1 1 -1 1 -1 1 1 
-1 1 1 -1 1 -1 1 -1 1 1 1 1 1 1 1 1 -1 -1 1 1 
1 1 1 -1 -1 1 -1 1 -1 1 1 -1 1 1 1 1 1 1 1 1 
1 1 1 1 1 -1 1 1 1 1 1 1 1 1 1 1 1 1 1 1 
1 1 1 -1 -1 1 -1 1 1 1 1 1 -1 1 1 -1 1 -1 1 1 
1 1 1 1 1 -1 -1 1 1 1 -1 1 1 -1 -1 1 -1 1 1 -1 
1 -1 -1 1 -1 -1 1 1 1 1 1 1 1 1 1 -1 1 -1 1 1 
1 1 1 1 1 -1 1 1 1 1 1 1 -1 1 1 1 1 -1 1 1 
-1 1 1 1 -1 1 -1 1 1 1 1 1 1 1 1 1 -1 1 1 -1 
-1 -1 1 1 1 -1 -1 1 1 1 1 1 1 1 1 -1 1 1 1 1 
1 1 1 1 1 1 1 1 1 1 1 1 1 -1 1 1 1 1 -1 1 
1 1 1 1 1 1 1 -1 -1 1 -1 -1 1 1 1 1 1 -1 1 1 
1 1 1 1 1 1 1 1 1 1 1 1 1 1 1 1 1 1 1 1 
1 1 1 1 1 -1 -1 1 1 1 1 1 1 1 1 1 1 1 1 1 
1 1 1 1 -1 1 1 -1 1 1 1 1 1 1 1 1 1 -1 1 -1 
1 1 1 1 -1 -1 -1 1 1 1 1 1 1 1 1 1 1 -1 1 1 
1 1 1 -1 1 -1 1 1 1 1 1 1 1 1 1 1 1 1 1 1 
1 1 1 1 1 1 1 1 1 1 1 1 1 1 1 -1 1 1 1 1 
-1 1 1 1 1 1 1 1 1 1 1 1 1 1 1 1 -1 1 1 1 
1 1 1 -1 1 1 1 1 1 1 1 1 1 1 -1 -1 -1 -1 1 -1 
1 1 1 -1 1 -1 1 1 1 -1 -1 1 -1 1 -1 -1 1 1 1 1 
-1 -1 1 1 -1 1 1 1 1 1 1 1 1 1 -1 1 1 1 1 1 
-1 -1 1 1 1 1 1 -1 1 1 1 1 1 -1 1 1 1 1 1 1 
1 1 1 1 1 1 1 -1 1 -1 -1 1 -1 1 1 1 1 1 1 1 
1 -1 1 1 1 1 1 -1 1 1 1 1 1 1 1 1 -1 -1 1 1 
-1 1 -1 -1 1 1 -1 1 1 -1 1 1 1 1 1 1 1 1 1 1 
-1 1 1 1 -1 1 1 1 1 1 1 1 -1 -1 1 -1 1 -1 -1 1 
1 1 1 1 1 -1 1 1 1 1 -1 1 1 1 1 1 -1 -1 -1 1 
-1 1 1 -1 -1 -1 -1 1 1 1 1 1 1 1 1 1 1 -1 1 1 
1 1 1 -1 -1 -1 -1 1 1 1 -1 1 1 1 1 1 1 1 1 1 
1 1 1 -1 1 1 -1 -1 1 -1 -1 1 -1 -1 1 1 1 1 -1 -1 
1 -1 -1 1 -1 1 1 1 1 -1 -1 -1 -1 -1 -1 1 -1 1 1 1 
1 1 1 -1 1 1 1 -1 1 1 -1 -1 -1 1 1 1 -1 1 1 1 
1 1 -1 -1 -1 -1 -1 -1 1 1 -1 -1 1 1 1 1 1 1 1 1 
-1 1 -1 -1 1 -1 -1 1 1 1 1 -1 1 -1 1 1 -1 1 -1 1 
1 1 1 1 -1 1 -1 -1 1 -1 1 1 1 1 -1 1 -1 -1 1 1 
1 1 -1 1 -1 1 1 -1 1 1 1 1 1 1 1 -1 1 1 1 1 
1 -1 -1 1 1 1 1 -1 -1 1 1 -1 1 1 -1 1 1 1 1 1 
1 -1 -1 -1 -1 -1 1 -1 1 -1 -1 -1 1 -1 1 1 -1 1 1 1 
-1 1 1 1 1 1 1 1 1 1 1 -1 -1 1 1 1 1 1 1 1 
1 1 1 1 1 1 1 1 1 1 1 1 1 1 1 1 -1 1 1 1 
1 1 1 1 1 -1 1 1 1 1 1 1 -1 1 1 1 1 1 1 1 
1 1 1 1 1 1 -1 -1 1 1 1 1 1 1 1 -1 -1 1 1 1 
1 1 1 1 1 1 1 1 1 1 1 1 1 1 1 1 1 1 1 1 
1 1 -1 1 -1 1 1 1 -1 1 -1 1 -1 1 1 1 1 1 1 -1 
1 1 1 1 1 1 -1 1 -1 1 1 -1 1 1 1 1 -1 -1 -1 -1 
1 1 1 1 1 1 1 1 1 1 1 -1 -1 1 1 1 1 1 1 1 
1 1 1 1 -1 1 1 1 1 1 1 1 1 1 -1 1 1 1 1 1 
1 1 1 -1 1 -1 1 1 1 -1 1 1 1 1 1 1 1 -1 1 1 
1 1 1 -1 1 1 1 1 -1 -1 1 1 1 1 1 1 1 1 1 -1 
1 1 -1 1 1 -1 1 -1 1 1 1 -1 1 1 1 1 1 1 -1 -1 
1 1 -1 1 -1 1 -1 -1 -1 1 1 1 -1 1 -1 1 -1 -1 1 1 
1 1 1 -1 -1 -1 1 -1 1 1 1 1 -1 1 1 -1 -1 1 1 -1 
-1 1 1 1 1 1 -1 1 1 1 1 -1 1 -1 1 -1 -1 -1 1 1 
1 1 1 1 1 1 1 1 1 1 1 1 1 1 -1 1 1 1 1 1 
1 1 1 -1 1 1 1 1 1 -1 -1 -1 1 1 1 1 1 1 1 -1 
1 1 1 -1 -1 1 1 1 -1 1 -1 1 1 1 1 1 1 1 1 1 
1 1 1 1 1 1 1 1 1 -1 1 1 1 1 1 1 1 1 1 1 
1 1 1 1 1 -1 1 1 1 -1 1 1 -1 1 1 1 1 1 1 1 
1 1 1 1 1 1 1 -1 1 -1 1 1 -1 1 1 -1 1 1 -1 1 
1 1 1 1 1 1 -1 -1 1 1 1 1 1 1 1 1 1 1 1 1 
1 1 1 1 1 1 1 1 1 1 1 1 -1 1 -1 1 1 1 1 1 
1 1 1 1 1 1 1 1 1 1 1 1 1 1 1 1 1 1 1 1 
1 1 1 1 1 -1 1 1 1 1 1 1 1 1 1 1 1 1 1 1 
1 -1 1 1 1 1 1 1 1 1 1 1 1 1 1 1 -1 1 -1 1 
1 1 1 1 -1 1 -1 1 -1 1 -1 1 1 1 1 -1 1 1 -1 1 
-1 1 1 -1 1 1 1 -1 -1 1 -1 2 2 1 1 -1 -1 -1 1 1 
1 1 -1 1 -1 -1 1 -1 -1 -1 1 -1 2 2 1 1 -1 -1 -1 1 
1 -1 -1 -1 -1 2 -1 2 -1 -1 -1 -1 -1 -1 2 1 1 1 1 1 
1 1 1 1 -1 1 2 2 2 2 1 1 1 1 1 1 1 1 1 -1 
-1 1 1 1 1 1 1 -1 2 2 1 1 1 1 1 1 1 -1 -1 1 
1 -1 1 1 1 -1 2 1 -1 2 1 1 1 1 1 1 1 1 -1 -1 
-1 -1 -1 1 1 1 1 -1 1 1 1 1 1 -1 1 1 1 1 1 -1 
-1 1 1 1 1 1 1 -1 1 -1 1 2 2 1 1 1 1 1 1 1 
1 1 1 1 1 1 -1 1 -1 1 -1 2 -1 1 1 1 1 1 1 -1 
1 1 1 -1 1 1 1 -1 -1 1 1 -1 1 1 1 1 1 1 1 1 
1 -1 1 1 -1 -1 1 -1 -1 -1 2 2 1 -1 1 1 1 1 1 1 
1 1 1 1 -1 -1 1 1 -1 2 1 1 1 1 1 1 1 1 -1 1 
1 -1 1 1 1 -1 1 -1 -1 2 1 1 1 1 1 1 1 -1 -1 1 
-1 1 1 1 1 1 1 1 2 1 -1 1 1 -1 1 1 1 1 1 1 
1 1 1 1 1 1 -1 1 1 1 -1 -1 1 -1 -1 1 1 -1 1 1 
1 -1 -1 1 -1 -1 1 -1 1 1 1 1 -1 1 -1 1 1 1 1 1 
1 1 1 1 1 1 1 -1 1 1 1 1 1 1 1 -1 1 1 1 1 
1 -1 1 -1 1 -1 1 1 1 1 1 -1 1 -1 1 1 1 1 1 1 
1 1 1 -1 1 -1 -1 -1 1 1 -1 1 1 -1 2 1 1 1 1 1 
-1 1 1 1 1 1 -1 -1 1 1 1 2 -1 2 1 1 -1 -1 1 1 
1 1 1 1 -1 -1 -1 -1 1 -1 -1 -1 1 1 -1 1 -1 1 1 1 
1 1 1 1 -1 -1 -1 -1 -1 1 -1 -1 1 -1 1 1 1 -1 1 -1 
1 1 1 -1 1 -1 -1 -1 -1 1 -1 -1 1 1 1 -1 1 -1 -1 1 
1 1 1 1 1 1 -1 -1 -1 1 1 1 1 1 1 -1 1 -1 -1 -1 
1 1 1 1 1 -1 -1 -1 1 1 1 1 1 -1 1 -1 -1 1 -1 1 
1 1 1 1 -1 -1 -1 -1 -1 1 1 1 1 1 1 -1 1 -1 -1 -1 
1 1 1 1 1 -1 -1 1 1 -1 1 1 1 -1 1 -1 1 -1 -1 -1 
-1 -1 -1 -1 -1 1 1 -1 -1 -1 1 -1 1 -1 1 1 1 -1 1 -1 
1 1 -1 -1 1 1 1 -1 -1 1 -1 3 3 1 1 1 1 -1 1 -1 
1 1 1 1 -1 1 1 -1 -1 -1 3 3 1 3 1 1 1 1 -1 -1 
1 -1 1 -1 1 -1 1 1 -1 -1 1 1 -1 3 3 -1 -1 1 1 1 
-1 -1 1 1 -1 1 -1 1 -1 1 1 1 1 -1 -1 -1 -1 1 1 -1 
-1 -1 -1 1 -1 1 -1 -1 -1 1 1 1 1 1 -1 -1 1 -1 1 -1 
-1 -1 -1 1 1 1 -1 -1 1 -1 -1 -1 1 1 1 1 -1 -1 -1 1 
1 -1 1 1 -1 -1 -1 -1 -1 1 -1 -1 1 -1 1 1 -1 1 1 1 
1 1 -1 1 1 -1 1 1 -1 -1 1 -1 -1 1 -1 -1 1 1 1 1 
1 1 1 1 1 1 1 1 -1 1 -1 1 -1 -1 1 1 -1 1 1 1 
1 1 1 -1 1 -1 1 1 1 1 1 1 1 -1 -1 -1 1 1 1 1 
-1 1 1 1 -1 -1 -1 -1 -1 1 1 -1 -1 -1 -1 -1 1 1 1 -1 
1 1 1 1 1 -1 -1 1 1 -1 -1 -1 1 -1 -1 1 1 1 1 -1 
-1 1 -1 -1 -1 -1 1 -1 -1 -1 -1 -1 -1 -1 -1 1 1 1 1 -1 
1 -1 -1 -1 -1 1 1 -1 -1 1 -1 1 -1 1 -1 -1 1 1 1 -1 
-1 -1 -1 -1 -1 -1 1 1 -1 -1 1 1 1 -1 -1 -1 1 1 -1 1 
-1 -1 1 -1 -1 -1 -1 1 1 -1 1 1 -1 -1 -1 1 1 -1 -1 -1 
-1 -1 -1 1 1 -1 -1 1 -1 -1 -1 -1 -1 -1 -1 -1 -1 -1 1 -1 
-1 -1 -1 1 1 -1 -1 -1 -1 -1 -1 -1 -1 -1 -1 1 1 1 -1 -1 
-1 -1 1 -1 -1 -1 -1 -1 -1 1 -1 -1 -1 -1 -1 -1 1 1 1 -1 
-1 -1 1 1 -1 -1 -1 -1 1 1 -1 -1 -1 -1 -1 -1 -1 3 -1 1 
-1 -1 -1 1 -1 -1 -1 1 -1 -1 -1 -1 -1 -1 -1 -1 -1 -1 -1 -1 
1 -1 1 1 1 -1 -1 -1 -1 1 -1 -1 1 1 1 -1 1 -1 -1 1 
1 1 1 1 -1 -1 -1 1 1 1 -1 1 -1 -1 -1 -1 1 1 1 -1 
1 -1 -1 -1 -1 -1 -1 -1 -1 -1 1 -1 -1 -1 -1 -1 -1 1 1 -1 
1 1 1 -1 -1 -1 -1 -1 -1 -1 -1 -1 1 -1 -1 -1 -1 1 1 -1 
1 1 -1 -1 -1 -1 1 1 -1 -1 -1 -1 -1 1 -1 -1 -1 -1 1 1 
-1 -1 -1 -1 -1 -1 -1 -1 -1 -1 -1 -1 -1 -1 -1 -1 -1 1 1 1 
-1 -1 -1 -1 -1 -1 -1 -1 -1 -1 -1 -1 -1 -1 -1 -1 -1 -1 -1 -1 
-1 -1 -1 -1 1 1 1 1 -1 -1 -1 -1 -1 1 -1 -1 -1 -1 -1 -1 
-1 -1 -1 -1 1 1 1 1 1 1 -1 1 1 1 -1 -1 1 1 -1 -1 
-1 -1 -1 1 -1 1 -1 1 1 -1 1 -1 1 1 -1 1 1 -1 -1 -1 
1 -1 -1 1 -1 -1 -1 1 -1 -1 -1 -1 -1 1 1 1 -1 1 -1 -1 
-1 -1 1 -1 -1 -1 -1 -1 -1 -1 -1 -1 -1 -1 -1 -1 -1 -1 -1 -1 
-1 -1 -1 1 -1 -1 1 -1 -1 -1 1 -1 -1 -1 -1 -1 -1 -1 -1 -1 
-1 -1 -1 -1 -1 1 -1 -1 -1 -1 -1 -1 -1 -1 -1 -1 -1 -1 -1 -1 
-1 -1 -1 -1 -1 -1 -1 -1 -1 -1 -1 -1 -1 -1 -1 -1 -1 -1 -1 -1 
-1 -1 -1 -1 -1 -1 -1 -1 -1 -1 -1 -1 -1 -1 -1 -1 -1 -1 -1 1 
-1 -1 -1 -1 -1 -1 -1 -1 -1 -1 -1 -1 -1 -1 -1 -1 -1 -1 -1 -1 
-1 -1 -1 -1 -1 -1 -1 -1 -1 1 -1 1 -1 -1 -1 -1 -1 -1 -1 -1 
-1 -1 -1 -1 -1 -1 -1 1 1 -1 1 -1 1 -1 1 -1 -1 -1 -1 -1 
-1 -1 -1 -1 -1 -1 -1 1 1 1 -1 1 -1 1 1 -1 -1 -1 1 -1 
-1 -1 -1 -1 -1 1 1 -1 -1 -1 1 -1 -1 1 -1 1 1 -1 -1 1 
-1 -1 -1 -1 -1 -1 -1 -1 -1 -1 -1 -1 1 1 -1 -1 1 5 -1 -1 
-1 -1 -1 -1 -1 -1 -1 -1 1 -1 1 1 1 -1 -1 1 1 -1 5 -1 
-1 -1 -1 -1 -1 -1 -1 1 1 -1 1 -1 1 -1 1 -1 1 -1 -1 -1 
-1 -1 -1 -1 -1 -1 -1 -1 -1 -1 -1 -1 -1 1 -1 1 1 1 1 -1 
-1 -1 -1 -1 -1 -1 -1 -1 1 1 -1 -1 -1 -1 1 1 -1 -1 -1 -1 
-1 -1 -1 -1 -1 -1 -1 -1 -1 1 -1 -1 -1 -1 1 1 -1 -1 -1 -1 
-1 -1 -1 -1 -1 -1 -1 -1 -1 -1 -1 -1 -1 -1 1 -1 -1 -1 -1 -1 
-1 -1 -1 -1 -1 -1 -1 -1 -1 -1 -1 -1 -1 -1 1 1 1 1 -1 -1 
1 -1 -1 -1 -1 -1 -1 -1 -1 -1 -1 -1 -1 1 -1 1 -1 1 -1 1 
1 1 -1 -1 -1 -1 -1 -1 -1 -1 -1 -1 -1 -1 -1 -1 -1 -1 -1 1 
