9 2 2 2 2 41 2 3 37 45 37 5 5 -1 3 45 45 -1 9 3 
3 2 2 5 5 2 2 2 6 -1 45 37 37 -1 3 -1 -1 3 45 3 
-1 45 45 3 3 5 2 45 -1 13 37 -1 45 13 15 3 3 -1 -1 33 
45 3 3 2 2 5 45 2 13 45 13 13 13 13 15 3 3 3 3 -1 
-1 9 9 2 3 9 3 45 13 45 13 -1 -1 13 15 3 3 3 3 3 
3 9 2 3 3 3 3 3 3 13 13 3 3 15 3 15 3 15 15 3 
3 3 3 2 3 3 3 -1 2 5 -1 13 -1 15 15 15 15 -1 -1 -1 
-1 2 2 2 2 2 2 2 2 45 45 37 37 45 45 -1 2 2 2 -1 
45 2 2 2 2 2 2 2 2 45 45 37 -1 -1 45 -1 -1 2 -1 2 
2 2 2 2 3 45 2 2 2 2 -1 45 -1 -1 -1 -1 -1 -1 3 -1 
3 45 2 2 3 2 2 2 2 -1 2 -1 -1 45 45 3 3 45 3 45 
45 -1 -1 1 3 -1 3 2 2 3 3 3 45 37 45 37 -1 -1 45 3 
3 2 3 -1 3 3 3 2 3 45 45 45 -1 45 45 -1 -1 45 45 45 
2 3 3 -1 -1 3 3 5 5 5 5 45 45 45 45 45 45 45 -1 37 
9 -1 -1 3 -1 3 3 -1 5 5 45 45 45 45 -1 45 45 45 -1 9 
9 9 7 3 -1 -1 5 -1 2 5 5 45 5 7 45 45 6 -1 8 9 
2 2 7 -1 7 -1 -1 2 -1 -1 45 -1 5 -1 5 7 -1 7 -1 9 
9 2 9 7 -1 -1 2 -1 -1 -1 6 -1 5 5 -1 -1 7 37 -1 9 
9 2 2 -1 2 2 33 3 6 6 37 37 -1 5 33 37 37 -1 45 45 
9 2 2 2 9 9 3 3 37 -1 37 37 45 41 33 45 37 45 45 9 
-1 41 41 41 9 -1 8 8 -1 8 -1 7 -1 -1 33 5 -1 33 8 8 
9 -1 -1 -1 45 1 9 -1 -1 -1 33 33 33 7 5 5 -1 33 33 33 
41 -1 -1 -1 45 1 1 -1 41 -1 33 33 -1 7 7 33 -1 33 33 -1 
41 41 -1 -1 1 -1 1 1 33 33 33 33 -1 -1 33 33 -1 -1 41 41 
37 45 -1 37 -1 1 37 9 33 -1 -1 -1 -1 4 33 33 33 -1 33 41 
41 45 37 -1 -1 -1 1 45 45 45 45 10 10 10 5 33 41 41 -1 -1 
45 45 45 45 -1 1 37 7 5 7 7 10 5 5 5 10 33 -1 -1 45 
45 -1 45 -1 1 1 1 5 7 7 15 7 5 5 -1 10 -1 -1 -1 8 
6 6 45 -1 -1 1 5 5 5 7 -1 -1 -1 -1 5 8 8 33 8 8 
3 6 45 45 -1 45 5 -1 7 7 7 -1 7 10 10 8 33 8 -1 6 
6 45 -1 45 45 7 1 7 5 5 5 7 7 33 8 2 2 33 33 3 
-1 6 45 7 45 -1 7 7 5 5 7 -1 5 -1 8 8 2 2 33 3 
10 45 3 45 45 -1 7 7 7 7 3 3 -1 5 32 2 5 5 5 -1 
1 7 -1 -1 7 7 -1 7 -1 -1 2 -1 5 37 32 5 5 5 -1 -1 
7 7 9 7 7 7 7 -1 7 7 -1 37 37 5 33 -1 33 5 5 1 
7 7 7 7 7 7 7 5 5 -1 5 -1 -1 -1 9 33 33 33 -1 7 
7 7 7 7 7 3 7 -1 5 5 5 7 7 33 33 7 33 33 1 9 
5 -1 -1 7 7 -1 7 9 5 7 7 5 7 33 -1 33 -1 1 1 1 
1 5 5 7 7 7 -1 9 -1 -1 -1 7 33 33 -1 -1 -1 15 1 -1 
45 41 41 7 41 9 8 -1 10 10 8 7 33 -1 33 -1 -1 -1 15 1 
5 5 5 5 33 33 -1 41 33 33 33 33 41 -1 41 41 -1 7 5 5 
-1 5 5 5 5 41 33 -1 -1 3 -1 33 41 -1 -1 41 5 7 5 5 
5 -1 5 33 5 33 -1 3 3 3 -1 41 41 -1 -1 41 5 -1 7 6 
5 33 33 5 33 -1 41 9 9 41 41 41 41 -1 -1 -1 41 6 -1 5 
5 5 -1 41 33 1 1 1 1 41 7 3 41 -1 41 41 33 10 6 6 
5 5 5 41 41 1 1 1 1 -1 3 7 41 41 41 41 33 41 41 -1 
3 10 11 -1 -1 -1 1 1 7 5 7 7 -1 33 33 -1 -1 -1 41 -1 
5 40 -1 40 -1 1 -1 5 1 5 -1 7 7 33 33 37 -1 5 5 5 
40 40 40 -1 1 -1 -1 5 7 33 5 5 -1 -1 33 -1 5 -1 40 40 
45 -1 -1 45 -1 -1 -1 -1 5 5 5 5 5 33 7 5 5 37 -1 40 
37 45 45 13 45 -1 -1 9 5 5 5 5 7 7 7 7 5 37 -1 37 
37 45 45 45 13 -1 -1 9 -1 5 5 5 5 7 7 5 5 37 37 45 
9 40 40 13 15 -1 -1 5 5 -1 5 5 -1 5 5 5 -1 5 9 37 
-1 9 14 14 14 -1 -1 5 5 41 -1 -1 5 33 5 5 -1 9 9 9 
9 9 40 14 15 11 -1 5 5 5 5 5 41 33 5 -1 -1 9 -1 9 
9 9 9 40 -1 -1 -1 5 5 5 41 41 41 41 41 -1 -1 -1 -1 -1 
-1 9 9 -1 -1 -1 45 -1 5 5 -1 41 41 41 41 -1 -1 -1 -1 -1 
9 9 9 -1 -1 -1 45 45 5 -1 45 45 33 33 -1 -1 -1 33 33 9 
-1 7 9 45 -1 -1 -1 45 45 45 33 -1 33 41 41 7 7 -1 -1 9 
6 9 5 -1 -1 33 33 33 45 45 -1 41 41 33 41 41 41 -1 9 6 
7 -1 7 5 5 5 5 -1 -1 -1 7 7 7 7 5 5 7 -1 -1 7 
7 7 7 7 7 7 7 -1 -1 5 5 7 7 7 7 5 7 -1 -1 -1 
7 7 7 -1 -1 5 7 7 -1 5 5 7 7 7 6 7 7 7 40 7 
40 40 40 -1 -1 5 5 -1 5 5 5 -1 7 4 6 6 7 7 9 9 
9 -1 40 5 3 5 5 5 5 5 -1 -1 7 -1 9 7 9 9 9 40 
5 5 5 -1 5 3 5 5 5 5 5 -1 7 7 -1 9 9 9 -1 -1 
5 3 3 3 -1 5 5 7 5 5 5 5 7 7 7 5 9 9 -1 5 
5 5 3 -1 -1 5 -1 5 -1 5 13 5 5 5 5 -1 -1 9 9 -1 
5 3 3 5 1 5 5 5 13 37 13 -1 9 9 5 -1 9 9 5 5 
5 7 5 1 -1 -1 -1 5 5 5 -1 7 5 -1 5 -1 9 33 5 5 
5 5 1 1 1 -1 -1 -1 -1 5 -1 7 5 5 5 5 33 -1 -1 5 
-1 -1 5 1 -1 -1 -1 5 5 -1 -1 -1 -1 5 5 7 5 -1 5 -1 
-1 5 5 1 1 6 5 -1 5 5 -1 -1 1 5 5 5 5 -1 5 -1 
5 5 7 1 -1 6 5 5 5 5 -1 5 1 5 5 -1 5 5 5 5 
3 7 5 5 5 -1 5 -1 5 5 -1 5 5 -1 5 3 -1 5 5 7 
7 7 5 5 5 5 -1 -1 5 41 1 -1 3 3 3 5 5 5 -1 3 
-1 7 5 5 5 5 5 5 5 -1 7 -1 3 3 5 5 5 5 5 -1 
-1 5 5 7 5 5 5 41 41 -1 7 -1 7 -1 5 5 -1 -1 7 -1 
-1 5 -1 5 5 5 41 5 5 7 -1 -1 7 7 7 5 5 -1 -1 7 
5 5 5 5 -1 5 5 -1 7 7 7 7 7 7 7 5 -1 5 7 7 
7 7 37 6 6 6 6 4 -1 -1 7 -1 5 5 7 7 7 7 -1 7 
7 37 7 6 -1 7 3 -1 6 7 -1 7 5 7 7 7 -1 -1 -1 37 
7 7 6 6 -1 5 -1 3 -1 7 7 7 7 5 7 7 40 7 7 7 
-1 -1 7 -1 -1 -1 7 7 7 -1 6 -1 5 1 7 7 7 7 7 -1 
-1 41 6 6 5 5 7 7 -1 5 -1 6 7 5 1 -1 7 7 -1 6 
-1 6 41 -1 7 5 5 7 7 5 5 5 5 32 32 32 -1 7 7 6 
6 -1 6 -1 7 7 -1 5 5 5 5 5 5 5 32 7 7 7 7 6 
7 6 6 -1 7 -1 -1 -1 5 -1 5 5 5 5 5 -1 5 7 6 6 
6 -1 6 6 6 -1 6 5 1 5 5 5 5 5 5 -1 5 -1 7 6 
45 45 -1 6 6 -1 5 5 5 -1 -1 -1 5 -1 5 5 5 7 7 7 
45 -1 45 6 6 -1 5 5 5 1 -1 5 -1 1 5 -1 5 5 9 -1 
7 5 5 7 -1 7 5 5 5 1 7 7 7 1 -1 5 -1 5 5 -1 
7 7 7 -1 7 7 7 -1 5 5 5 7 41 1 5 5 5 -1 5 1 
5 7 7 7 7 7 33 -1 1 5 7 41 5 5 1 -1 5 5 5 -1 
-1 7 5 7 -1 7 1 1 1 3 7 5 -1 -1 5 5 5 5 5 5 
7 5 7 -1 5 1 1 3 3 3 7 7 7 7 5 5 -1 7 5 5 
5 -1 6 -1 7 1 7 1 7 7 7 7 7 7 7 7 5 -1 -1 5 
5 6 -1 -1 1 -1 1 -1 -1 7 7 7 5 7 7 5 37 37 37 5 
6 37 37 -1 4 6 6 1 7 7 7 5 6 6 6 5 5 -1 5 5 
37 37 7 6 -1 4 4 4 4 7 7 -1 5 6 6 -1 5 5 -1 37 
5 5 5 5 5 5 5 5 3 5 -1 7 7 7 7 5 -1 -1 7 7 
1 5 5 5 5 5 5 3 -1 5 7 -1 7 7 7 5 5 5 -1 7 
5 5 5 5 5 5 3 5 5 5 -1 7 7 7 7 7 5 5 7 7 
5 40 -1 5 5 5 5 5 5 7 5 5 7 7 7 7 5 5 5 -1 
5 40 -1 -1 -1 -1 5 7 5 7 -1 7 7 -1 6 7 1 5 5 7 
7 7 7 -1 -1 -1 -1 7 -1 7 7 7 7 -1 1 -1 1 1 7 5 
6 6 6 7 7 7 7 -1 5 7 -1 7 7 7 -1 -1 7 7 7 -1 
-1 -1 6 -1 7 7 5 7 5 5 7 -1 -1 7 7 7 7 7 7 -1 
1 -1 5 5 7 5 5 5 5 5 -1 5 7 -1 7 7 7 7 7 7 
-1 -1 5 7 7 7 5 5 5 -1 5 5 7 7 7 7 5 5 5 -1 
-1 5 5 5 5 5 5 1 33 5 5 5 5 5 -1 5 -1 -1 -1 5 
5 7 5 5 5 5 5 33 5 5 33 5 5 -1 5 -1 -1 -1 5 6 
6 6 6 -1 5 5 5 5 33 33 5 5 5 5 -1 5 5 -1 5 -1 
5 6 6 6 7 7 5 5 5 5 -1 5 -1 5 7 7 -1 5 5 5 
6 6 6 -1 7 7 7 5 5 6 5 -1 5 -1 7 5 40 -1 5 5 
-1 5 5 -1 7 7 7 6 6 5 -1 5 -1 5 7 5 40 5 5 5 
5 -1 7 5 7 7 6 6 6 5 5 5 5 7 4 -1 5 5 5 5 
5 5 5 7 7 6 6 6 5 5 5 -1 7 7 7 5 7 5 5 5 
5 5 5 7 6 7 5 7 5 5 5 5 7 7 5 5 7 5 5 7 
7 5 5 5 5 5 5 5 5 -1 5 7 7 -1 5 7 -1 7 7 7 
7 7 7 7 7 6 6 32 6 5 -1 32 5 5 5 1 1 7 -1 7 
7 7 7 -1 7 5 32 5 -1 -1 -1 5 -1 5 -1 1 1 1 1 -1 
-1 6 5 -1 7 5 5 32 -1 -1 -1 -1 5 5 1 1 1 1 -1 1 
5 5 5 7 7 6 5 7 -1 7 7 7 5 5 1 -1 1 1 -1 -1 
-1 -1 7 7 6 6 7 5 5 32 7 -1 6 -1 -1 1 1 -1 -1 5 
-1 -1 -1 -1 -1 5 5 5 32 5 -1 5 6 6 -1 1 1 -1 -1 -1 
1 -1 -1 -1 5 5 5 5 32 32 5 5 5 5 6 6 6 1 1 -1 
42 1 -1 -1 5 5 7 5 5 5 5 7 7 -1 5 1 1 1 -1 1 
-1 42 -1 5 -1 5 32 7 -1 5 7 5 5 5 5 -1 -1 1 1 7 
-1 -1 5 5 5 -1 32 32 32 32 5 5 -1 5 5 -1 -1 -1 3 3 
5 5 5 5 5 -1 5 32 -1 4 4 5 5 -1 5 5 7 5 7 7 
5 5 5 5 5 1 1 -1 -1 -1 -1 5 5 5 5 5 5 -1 7 5 
7 5 -1 5 5 33 5 1 -1 -1 7 7 7 5 5 5 40 5 5 5 
5 -1 -1 5 -1 33 -1 5 4 -1 4 7 5 7 5 5 40 40 5 5 
5 -1 5 -1 -1 -1 5 5 -1 4 5 5 -1 5 5 40 -1 40 40 7 
5 5 5 5 5 5 -1 5 5 4 5 5 5 -1 4 4 4 40 40 5 
5 -1 5 5 5 5 5 5 5 -1 5 5 5 5 4 4 4 40 40 40 
-1 -1 -1 5 5 7 5 -1 5 5 5 5 -1 5 4 4 4 -1 -1 -1 
-1 1 -1 5 5 5 6 5 5 -1 5 7 -1 5 7 4 4 -1 7 7 
-1 1 7 5 7 7 5 6 6 5 5 5 5 -1 4 4 5 7 7 7 
5 5 5 5 -1 -1 -1 7 6 6 -1 5 -1 -1 6 6 6 6 6 5 
5 -1 -1 7 7 -1 -1 6 -1 5 5 5 5 3 6 6 4 -1 5 5 
5 -1 -1 -1 7 5 6 5 -1 -1 5 5 5 5 6 4 -1 5 5 6 
6 5 -1 5 5 6 -1 6 -1 -1 3 5 7 7 -1 4 4 5 5 -1 
5 6 5 5 5 33 6 -1 4 -1 3 3 5 7 6 6 6 6 -1 -1 
-1 5 5 6 33 1 1 4 4 3 -1 -1 -1 6 -1 6 6 6 -1 -1 
7 5 5 6 6 -1 -1 4 4 -1 -1 -1 7 6 6 6 6 6 6 7 
-1 5 6 -1 -1 5 5 -1 -1 -1 6 6 6 -1 6 7 7 6 7 7 
6 6 6 -1 -1 6 5 -1 5 5 6 7 6 7 6 5 7 7 5 5 
-1 6 6 6 6 -1 -1 5 -1 5 7 7 1 4 7 6 5 7 5 6 
6 6 6 -1 -1 -1 -1 -1 5 5 7 -1 7 4 4 7 7 7 6 6 
6 7 7 7 -1 -1 -1 3 6 7 7 7 7 7 7 7 -1 6 7 6 
-1 6 -1 -1 5 -1 7 3 6 7 7 -1 7 7 4 32 7 7 6 6 
5 7 -1 5 7 5 7 3 7 -1 -1 7 32 4 32 -1 -1 7 7 6 
-1 7 5 7 7 7 -1 -1 -1 7 7 6 -1 32 -1 -1 -1 -1 -1 7 
5 7 5 5 -1 -1 -1 -1 7 -1 6 6 6 32 6 -1 -1 6 -1 5 
6 7 -1 7 5 5 -1 -1 7 1 6 6 -1 6 32 6 6 -1 -1 5 
6 7 7 5 5 5 7 6 -1 1 1 6 -1 6 6 6 6 6 7 -1 
-1 7 7 -1 5 -1 5 6 7 1 5 -1 6 -1 6 6 6 6 7 -1 
5 -1 7 5 5 7 7 -1 6 -1 6 6 -1 6 6 6 6 6 6 6 
-1 6 6 3 3 6 4 -1 6 -1 6 6 7 7 -1 6 6 -1 -1 6 
-1 -1 6 3 3 -1 4 6 7 6 6 6 7 7 2 -1 7 7 -1 6 
-1 3 3 3 -1 6 -1 6 7 7 6 32 -1 32 3 2 3 5 -1 3 
3 3 -1 6 -1 -1 -1 -1 -1 7 32 32 32 32 3 3 6 5 5 -1 
5 5 -1 6 6 6 6 -1 -1 32 7 -1 -1 5 32 6 5 6 -1 5 
5 5 5 6 6 7 -1 -1 -1 32 32 7 8 5 -1 6 5 6 -1 -1 
4 4 5 4 -1 -1 7 7 32 32 32 5 5 8 6 6 -1 -1 -1 -1 
4 4 4 -1 5 -1 32 32 5 5 -1 6 7 8 8 6 6 -1 7 5 
5 -1 -1 -1 5 32 32 32 5 -1 6 -1 -1 8 8 4 6 6 -1 -1 
-1 5 32 5 32 32 32 -1 6 5 6 6 6 8 5 7 4 6 -1 5 
-1 -1 32 32 32 32 32 32 7 5 6 6 6 6 6 8 6 6 -1 -1 
-1 -1 -1 32 -1 32 32 10 10 5 6 -1 6 6 6 6 4 6 -1 -1 
6 -1 7 -1 32 10 10 10 -1 6 -1 6 6 7 6 6 6 6 -1 -1 
-1 6 6 -1 10 -1 10 10 10 -1 -1 7 6 7 7 7 6 6 7 6 
-1 -1 6 6 5 -1 6 -1 10 -1 -1 6 7 6 7 7 6 7 6 6 
-1 -1 6 7 7 5 -1 10 10 -1 6 6 -1 6 6 6 6 -1 6 -1 
-1 -1 -1 -1 5 7 5 7 -1 6 7 7 -1 -1 6 6 6 6 -1 5 
-1 -1 -1 5 -1 -1 -1 7 7 7 7 7 5 6 6 6 6 6 6 -1 
-1 -1 -1 -1 6 -1 7 7 7 7 7 7 5 6 6 6 6 6 6 -1 
-1 6 -1 6 6 7 4 6 7 -1 -1 7 7 -1 -1 -1 6 6 1 -1 
7 6 6 4 4 6 6 4 4 4 6 6 6 6 6 -1 -1 -1 4 4 
6 4 4 6 4 -1 -1 -1 4 4 4 6 6 -1 6 6 -1 -1 -1 4 
-1 7 7 6 -1 -1 -1 -1 4 4 4 4 -1 6 6 -1 2 2 -1 -1 
4 4 7 7 40 -1 -1 -1 5 5 -1 4 4 -1 6 2 6 -1 2 2 
4 -1 4 7 40 40 40 40 5 5 7 7 -1 -1 -1 -1 7 7 -1 2 
2 7 7 40 40 -1 7 -1 7 5 5 7 -1 5 5 -1 -1 -1 7 -1 
4 7 7 40 -1 5 -1 7 7 5 -1 4 32 5 5 -1 -1 2 -1 -1 
-1 4 7 -1 -1 -1 5 4 5 4 -1 4 4 32 5 5 4 4 4 -1 
4 7 -1 -1 -1 -1 5 5 8 4 4 40 40 -1 32 5 -1 4 4 4 
-1 32 -1 -1 -1 6 5 6 6 40 40 4 4 4 4 5 -1 7 4 4 
6 -1 32 32 -1 -1 6 6 6 -1 7 -1 4 -1 7 7 2 2 4 -1 
6 32 32 -1 6 -1 -1 6 -1 -1 6 7 -1 7 4 -1 2 2 10 -1 
32 -1 32 6 6 6 6 6 -1 6 6 6 -1 -1 6 -1 2 -1 -1 32 
32 32 -1 -1 -1 6 6 6 6 6 6 6 6 6 6 6 2 2 32 32 
32 32 32 -1 6 6 -1 4 6 6 6 6 4 6 2 6 2 2 32 32 
-1 -1 -1 -1 -1 6 6 6 -1 6 6 4 6 2 6 6 2 32 -1 32 
6 -1 -1 4 6 6 6 -1 -1 -1 6 4 6 -1 2 32 -1 32 32 32 
-1 4 4 4 4 6 6 6 -1 -1 4 6 2 2 -1 32 32 -1 32 -1 
-1 -1 -1 4 4 4 4 6 6 -1 -1 2 6 6 6 -1 -1 -1 -1 -1 
6 6 -1 -1 4 4 1 1 -1 4 -1 6 6 6 6 -1 -1 -1 -1 -1 
6 -1 6 40 6 6 6 2 2 2 -1 -1 -1 6 6 4 4 -1 4 4 
6 6 -1 6 -1 6 6 6 2 2 4 4 4 -1 -1 6 4 6 -1 4 
4 4 -1 6 -1 6 2 2 2 4 4 4 4 4 -1 -1 6 -1 -1 6 
6 4 6 6 -1 -1 6 6 2 -1 -1 4 4 4 4 6 -1 -1 -1 6 
4 6 -1 -1 6 6 6 6 4 6 -1 6 4 4 -1 6 -1 -1 6 6 
6 -1 6 6 6 4 6 4 6 4 -1 6 6 6 -1 -1 -1 6 -1 -1 
6 6 -1 -1 -1 4 4 4 4 6 -1 6 -1 -1 -1 -1 6 -1 6 -1 
6 6 -1 6 6 -1 -1 4 6 6 6 6 6 6 6 -1 -1 6 6 -1 
6 6 -1 4 6 6 -1 6 6 6 6 6 -1 7 -1 -1 -1 6 6 -1 
6 -1 4 6 -1 6 -1 -1 6 6 6 6 -1 7 -1 6 -1 6 6 6 
6 6 4 -1 -1 6 6 6 6 6 6 6 6 6 6 6 6 -1 -1 6 
6 -1 4 4 6 -1 -1 6 6 4 6 6 -1 7 6 4 32 32 -1 6 
-1 6 6 6 6 6 6 6 6 6 4 -1 4 7 4 -1 32 6 6 32 
6 6 6 -1 -1 4 6 6 6 6 6 6 -1 4 4 -1 -1 6 6 6 
4 6 6 6 -1 4 4 6 6 -1 -1 6 6 -1 4 4 4 4 6 6 
6 6 6 4 4 4 4 6 -1 6 6 -1 -1 6 -1 4 4 7 -1 6 
6 4 -1 40 6 40 -1 4 6 -1 6 -1 -1 -1 -1 4 4 4 4 -1 
6 6 -1 -1 40 40 -1 2 2 2 2 6 -1 -1 -1 5 4 4 4 4 
6 4 6 40 -1 -1 -1 -1 2 2 -1 -1 6 6 -1 4 4 4 4 -1 
6 6 6 -1 -1 -1 -1 6 -1 -1 -1 6 6 6 6 4 4 4 4 4 
6 -1 6 -1 2 -1 -1 4 -1 -1 -1 4 4 4 6 3 -1 -1 -1 4 
-1 6 6 6 2 -1 2 4 -1 -1 -1 -1 4 2 2 -1 -1 -1 -1 6 
6 6 6 6 6 2 -1 2 2 -1 -1 -1 4 -1 -1 2 -1 -1 -1 6 
-1 6 6 6 2 2 2 2 6 6 -1 6 4 6 6 -1 -1 6 -1 -1 
-1 6 -1 6 -1 -1 2 -1 -1 6 6 4 6 6 6 6 6 4 -1 -1 
-1 -1 6 -1 6 2 -1 -1 -1 6 6 -1 -1 -1 -1 6 6 -1 4 6 
6 -1 1 -1 -1 4 4 -1 4 6 4 4 4 -1 -1 -1 6 -1 6 6 
6 6 1 1 -1 1 -1 6 4 6 4 4 -1 4 4 4 4 -1 6 6 
6 6 6 1 1 -1 6 -1 4 4 6 4 4 10 4 4 4 6 6 6 
6 -1 -1 -1 -1 -1 -1 -1 -1 -1 6 10 10 6 6 4 4 -1 -1 6 
6 -1 6 1 -1 4 -1 -1 4 6 10 4 -1 -1 6 6 -1 6 -1 6 
6 6 -1 1 -1 6 6 4 -1 4 4 4 -1 6 -1 6 6 6 6 6 
6 6 1 -1 -1 6 4 4 -1 4 4 4 6 6 6 6 6 6 6 -1 
6 -1 4 6 6 4 4 4 4 4 6 4 6 6 6 6 6 6 6 6 
4 6 -1 4 4 4 4 4 4 6 4 6 6 6 6 6 6 6 6 4 
6 6 6 4 6 4 4 4 -1 6 -1 6 6 4 -1 -1 6 6 6 -1 
6 6 6 4 6 -1 4 4 4 6 4 -1 -1 4 -1 -1 6 6 -1 6 
6 6 4 6 6 6 6 -1 4 -1 4 -1 6 -1 -1 6 6 6 6 6 
6 -1 6 6 -1 4 4 6 4 4 4 4 6 6 6 -1 6 6 6 -1 
6 6 6 2 4 4 -1 6 4 -1 -1 4 6 6 -1 -1 3 6 4 6 
4 4 6 4 6 4 4 -1 4 -1 4 4 4 4 5 -1 3 6 -1 4 
4 -1 4 6 6 4 4 -1 4 4 4 4 6 3 4 5 -1 6 4 6 
-1 -1 -1 4 6 3 3 3 4 4 2 4 3 -1 4 5 -1 4 -1 -1 
-1 4 4 6 6 -1 6 6 -1 4 6 4 4 6 6 6 -1 6 -1 6 
3 -1 -1 6 6 6 6 6 6 6 6 6 6 6 -1 6 -1 -1 6 -1 
-1 3 6 4 6 6 6 -1 6 6 6 6 6 6 -1 6 6 -1 -1 6 
4 4 6 3 -1 6 -1 4 6 6 6 6 6 6 4 -1 -1 -1 4 4 
4 6 3 4 6 4 4 6 6 6 6 6 6 5 4 4 4 4 4 4 
4 4 4 -1 6 4 6 -1 -1 -1 6 6 -1 5 5 5 4 4 4 4 
-1 -1 4 4 3 6 -1 6 -1 -1 -1 6 -1 3 5 5 2 -1 4 2 
-1 4 4 -1 3 6 6 4 6 6 -1 6 6 3 -1 -1 2 4 2 -1 
2 6 4 4 4 6 6 6 4 6 6 4 3 6 2 2 -1 2 2 2 
6 4 4 6 -1 4 6 -1 6 -1 6 6 1 6 6 3 -1 -1 2 6 
-1 4 6 4 4 4 -1 -1 -1 -1 6 1 6 6 3 3 4 2 -1 2 
4 4 4 -1 -1 4 -1 -1 -1 -1 4 4 6 6 6 6 -1 -1 -1 4 
-1 4 -1 4 -1 4 -1 6 4 4 4 -1 4 6 6 -1 -1 -1 -1 4 
4 4 -1 4 4 4 6 6 -1 4 4 -1 4 4 4 6 -1 -1 4 -1 
4 4 4 6 4 4 6 4 6 4 4 4 -1 4 6 -1 -1 -1 4 4 
4 4 6 4 4 -1 6 4 4 4 4 4 4 -1 3 4 2 2 4 4 
4 6 6 6 -1 4 4 4 -1 4 4 4 4 4 3 3 4 -1 -1 4 
3 3 6 6 5 3 3 -1 -1 6 -1 4 4 4 3 6 3 3 3 3 
3 6 3 5 5 3 3 -1 -1 -1 -1 -1 -1 -1 3 3 -1 -1 3 3 
3 3 5 -1 3 1 3 9 9 9 -1 6 -1 3 -1 3 3 3 3 -1 
-1 3 5 5 5 3 1 3 3 -1 6 6 -1 -1 3 -1 3 -1 5 3 
-1 3 -1 -1 -1 -1 -1 1 -1 -1 6 6 2 -1 3 3 3 5 3 3 
-1 3 3 -1 -1 -1 -1 3 3 3 -1 2 -1 3 3 3 -1 5 5 5 
5 -1 3 -1 -1 -1 3 3 -1 -1 -1 -1 6 4 3 3 6 2 1 5 
-1 -1 -1 5 -1 -1 3 -1 -1 -1 -1 2 4 3 6 6 6 2 -1 5 
-1 -1 5 5 5 -1 3 -1 2 -1 4 4 2 2 6 6 6 6 5 -1 
-1 -1 5 5 5 3 -1 -1 -1 2 -1 -1 2 2 -1 5 -1 5 -1 -1 
5 6 5 5 2 2 3 6 2 6 -1 6 2 2 -1 -1 5 5 5 -1 
5 -1 5 5 2 -1 1 -1 -1 2 -1 7 7 -1 -1 5 1 5 3 3 
3 5 5 2 -1 -1 1 6 -1 -1 -1 -1 7 7 5 -1 5 1 3 1 
3 3 -1 3 3 1 6 6 4 6 7 7 7 7 7 7 -1 3 3 -1 
-1 -1 3 3 3 6 6 6 6 5 7 -1 5 5 5 7 7 7 3 3 
4 -1 -1 3 3 6 -1 -1 6 5 5 6 -1 5 7 -1 -1 7 -1 6 
6 6 6 -1 5 5 -1 -1 -1 3 -1 5 -1 11 9 11 -1 11 -1 3 
3 3 3 6 5 -1 4 4 3 3 1 5 11 11 11 11 11 -1 11 -1 
3 3 6 6 3 3 4 4 3 1 5 9 9 11 11 6 11 11 -1 -1 
3 4 6 6 3 4 3 3 -1 -1 -1 -1 11 11 -1 -1 6 -1 4 3 
1 3 3 5 -1 5 5 -1 3 -1 3 -1 3 -1 -1 3 3 3 3 -1 
-1 -1 -1 3 5 5 5 -1 -1 3 3 -1 -1 5 4 -1 3 3 3 3 
-1 3 3 5 3 5 3 3 3 3 3 -1 -1 4 4 4 3 3 3 4 
3 3 -1 7 40 -1 5 5 3 3 -1 -1 -1 3 3 -1 3 3 3 -1 
4 4 7 -1 -1 3 5 5 -1 5 5 5 6 6 3 3 3 3 4 4 
4 7 7 3 -1 3 -1 3 3 5 7 5 -1 3 -1 3 3 -1 4 4 
-1 -1 3 3 -1 -1 3 5 5 5 7 -1 -1 5 -1 -1 6 3 5 -1 
5 11 5 3 -1 3 -1 5 -1 5 5 -1 -1 5 5 6 6 6 5 5 
5 11 4 -1 7 3 -1 -1 5 -1 -1 5 -1 5 7 5 4 4 5 5 
3 11 11 7 -1 3 3 3 3 3 5 5 5 7 7 7 5 6 4 5 
11 3 3 -1 7 7 3 3 5 5 5 5 2 2 7 -1 -1 -1 6 -1 
7 7 -1 -1 3 3 3 3 5 5 5 5 5 -1 7 7 -1 6 -1 6 
7 7 -1 -1 -1 3 3 -1 5 5 5 5 8 -1 3 7 7 -1 6 -1 
7 7 7 7 5 -1 7 6 7 7 -1 5 -1 3 3 7 7 -1 6 6 
6 6 7 5 5 4 -1 -1 6 7 5 5 5 6 3 7 -1 7 -1 6 
5 7 6 7 5 -1 -1 -1 -1 7 -1 5 5 -1 6 7 7 -1 5 6 
6 5 7 7 5 5 -1 -1 5 3 3 7 3 -1 3 -1 -1 7 6 5 
-1 7 7 3 3 3 5 5 3 -1 5 -1 3 3 1 3 -1 7 -1 3 
3 3 1 4 4 -1 5 3 6 3 3 3 -1 1 -1 -1 3 -1 -1 3 
-1 1 3 -1 -1 -1 -1 -1 3 5 3 3 3 3 3 -1 3 3 3 -1 
3 5 5 -1 5 -1 -1 1 1 1 5 5 3 7 7 3 3 7 7 3 
3 -1 5 -1 5 5 1 4 -1 1 -1 5 5 5 6 7 3 7 7 -1 
3 3 1 -1 -1 1 1 1 3 1 5 -1 5 5 -1 -1 7 -1 7 -1 
-1 3 3 1 -1 -1 1 3 -1 3 5 5 -1 5 -1 -1 -1 -1 3 -1 
-1 -1 2 5 -1 5 1 3 3 3 5 5 5 3 3 -1 -1 -1 -1 3 
-1 5 5 -1 5 5 3 1 3 5 5 -1 -1 -1 3 14 3 -1 -1 3 
5 5 3 -1 5 3 5 1 5 5 5 5 -1 3 14 6 3 3 3 3 
7 7 5 3 3 3 1 -1 -1 5 3 -1 3 3 3 5 3 6 7 7 
-1 -1 7 11 1 1 1 2 3 3 3 3 3 -1 6 3 6 6 3 7 
-1 -1 7 -1 7 -1 -1 3 3 7 3 3 6 3 3 6 6 3 3 3 
-1 5 -1 5 7 -1 -1 3 3 3 3 6 -1 3 3 3 6 7 7 7 
-1 3 7 7 5 -1 -1 -1 7 3 6 6 7 3 7 4 4 7 7 7 
7 -1 7 -1 3 5 -1 -1 7 5 -1 6 7 -1 -1 7 3 -1 7 7 
7 -1 7 3 7 7 -1 7 -1 -1 6 7 3 3 3 3 3 -1 6 7 
5 7 -1 3 3 7 7 -1 -1 -1 -1 7 5 3 3 -1 3 -1 -1 6 
7 7 7 -1 -1 7 3 3 -1 5 5 3 5 3 -1 7 3 3 6 5 
3 3 7 -1 5 3 3 3 5 5 5 -1 3 7 7 1 3 -1 4 4 
3 3 5 5 3 3 3 5 5 5 5 5 -1 3 1 7 7 3 4 5 
3 5 3 5 5 3 3 -1 5 -1 -1 3 5 7 7 7 3 3 3 5 
5 3 5 5 5 3 -1 -1 5 5 -1 5 7 7 7 7 -1 -1 7 7 
3 5 2 -1 3 2 5 5 1 3 3 5 3 5 3 7 7 3 3 3 
3 3 5 3 -1 3 6 3 -1 3 5 3 3 6 -1 -1 7 7 -1 7 
3 -1 3 3 3 5 6 3 5 5 3 3 3 6 7 5 5 7 7 -1 
3 3 3 3 5 3 5 6 5 5 -1 3 6 3 7 7 5 5 3 7 
6 7 3 5 5 3 6 5 -1 5 5 5 3 3 3 -1 5 1 5 7 
3 3 1 5 7 5 5 3 -1 3 -1 5 -1 3 3 1 1 -1 -1 5 
3 3 3 1 7 2 3 3 3 -1 5 5 4 6 6 1 -1 5 5 -1 
-1 -1 5 5 7 2 -1 3 -1 3 -1 -1 6 6 3 3 -1 5 -1 3 
-1 5 5 5 5 7 3 2 -1 3 5 6 6 6 3 -1 3 9 3 3 
-1 -1 5 5 3 3 -1 5 2 -1 3 6 6 -1 6 3 9 3 3 -1 
-1 1 1 5 3 3 3 5 -1 5 -1 -1 -1 4 3 5 5 -1 3 -1 
5 1 5 5 3 3 3 5 3 5 -1 -1 3 4 -1 5 3 3 5 3 
-1 5 -1 4 3 3 5 3 -1 3 -1 3 -1 3 5 4 4 5 5 3 
5 5 -1 5 -1 5 5 -1 -1 3 3 -1 -1 3 3 5 5 5 5 3 
5 -1 5 5 5 5 1 5 6 -1 5 -1 -1 3 -1 5 5 7 3 3 
5 5 5 5 9 3 3 3 5 5 -1 5 -1 -1 32 5 5 5 5 5 
6 5 5 5 -1 5 5 3 5 5 5 5 -1 7 7 5 5 -1 5 5 
6 -1 5 3 5 5 7 5 5 5 5 5 6 7 5 -1 6 -1 6 4 
6 4 5 -1 -1 5 5 -1 5 5 5 5 6 5 5 5 7 7 4 6 
5 3 5 3 -1 1 5 5 5 1 -1 3 -1 3 5 7 7 7 6 4 
3 5 5 -1 3 3 5 3 7 7 -1 -1 2 7 7 -1 -1 -1 5 4 
-1 6 3 6 3 3 5 -1 6 7 -1 -1 6 -1 -1 7 -1 4 4 5 
5 -1 6 3 4 3 3 7 7 6 -1 6 6 3 3 5 3 5 5 -1 
-1 3 3 5 6 5 2 4 7 6 2 2 -1 6 3 5 -1 5 5 5 
3 3 6 -1 6 5 1 2 6 6 6 2 2 6 3 7 5 3 3 3 
3 3 3 3 6 2 6 4 6 6 2 2 2 6 3 7 3 -1 5 3 
3 2 3 5 2 7 4 2 2 6 -1 -1 2 -1 3 3 -1 5 -1 -1 
3 3 5 6 2 2 7 2 6 3 -1 6 3 2 -1 -1 -1 7 -1 -1 
6 6 3 -1 -1 -1 5 -1 6 -1 3 -1 6 2 -1 5 5 5 7 7 
-1 6 3 3 7 7 -1 7 -1 -1 3 3 -1 7 1 -1 5 5 7 -1 
3 3 3 3 3 7 3 7 7 3 -1 3 3 7 7 5 -1 -1 -1 -1 
3 3 3 3 3 3 -1 7 7 7 3 3 3 7 3 3 3 -1 -1 3 
7 3 2 3 3 3 -1 5 3 3 7 -1 3 3 3 3 3 2 2 2 
7 1 3 3 3 3 3 5 5 7 3 7 7 6 6 -1 3 2 2 3 
3 -1 7 3 7 5 5 5 -1 3 3 7 7 6 6 3 3 3 3 3 
-1 -1 7 7 7 5 5 5 5 3 7 7 7 5 8 5 3 3 3 -1 
3 -1 41 3 -1 5 7 5 7 7 -1 6 5 7 3 3 -1 3 3 3 
3 41 -1 5 5 3 3 -1 7 7 7 7 7 5 5 5 5 3 3 3 
3 5 -1 5 3 5 3 3 3 5 7 4 -1 5 5 5 -1 -1 -1 3 
5 5 5 -1 5 5 3 3 7 7 4 -1 4 -1 -1 -1 -1 5 5 3 
7 3 3 3 3 3 -1 2 5 5 5 -1 5 5 5 -1 6 3 3 7 
7 3 3 3 3 3 3 3 3 5 5 5 5 5 -1 5 7 3 7 -1 
7 3 3 3 3 3 3 3 3 3 5 5 5 5 5 6 -1 3 7 7 
5 3 3 3 5 -1 3 3 3 3 5 5 3 5 5 6 6 6 -1 2 
5 3 3 3 3 5 3 -1 5 3 3 3 3 -1 3 1 7 -1 -1 -1 
-1 3 3 3 3 5 3 3 3 -1 3 -1 -1 3 1 1 7 1 7 7 
7 4 7 3 3 3 5 3 3 3 3 3 3 -1 7 1 7 4 -1 -1 
5 5 5 3 -1 5 7 5 3 3 3 3 3 7 7 7 7 3 4 -1 
-1 5 5 2 3 1 7 3 -1 3 3 -1 4 4 4 7 -1 3 4 4 
3 3 5 3 3 1 1 3 -1 -1 -1 3 3 4 -1 3 3 3 3 3 
3 5 3 3 3 3 7 8 8 8 -1 3 7 3 -1 -1 3 3 3 3 
-1 8 3 3 3 -1 1 5 8 8 3 7 -1 -1 3 -1 3 3 3 3 
8 -1 3 -1 8 8 5 1 7 7 3 -1 2 2 6 5 -1 3 3 -1 
-1 8 3 3 -1 -1 8 8 -1 -1 7 -1 2 -1 -1 5 5 -1 3 3 
-1 -1 3 32 32 -1 8 3 -1 6 5 -1 -1 -1 -1 5 5 3 -1 3 
3 3 3 3 -1 -1 32 3 3 5 3 3 5 5 5 5 4 5 3 5 
3 7 3 3 3 -1 -1 3 5 -1 3 -1 5 5 5 5 5 5 5 -1 
7 7 7 3 7 3 3 5 3 5 5 5 -1 5 5 -1 5 7 7 7 
7 7 7 3 3 3 5 5 5 5 5 -1 5 5 5 -1 3 7 -1 3 
3 6 3 3 3 -1 3 -1 5 5 5 -1 5 -1 -1 3 3 3 3 3 
3 3 3 3 5 6 5 7 7 7 -1 2 -1 7 7 1 1 1 1 -1 
3 5 -1 3 3 5 5 -1 7 4 4 -1 7 7 7 7 4 4 4 3 
-1 -1 5 2 3 5 3 -1 -1 -1 -1 -1 -1 7 7 7 -1 6 3 5 
5 5 5 -1 -1 3 3 -1 3 3 -1 -1 7 7 -1 7 -1 6 7 5 
2 7 5 -1 3 3 3 7 3 -1 7 7 7 7 7 -1 -1 -1 7 7 
7 7 7 5 3 3 7 7 7 3 7 3 -1 3 -1 3 3 -1 7 7 
7 7 7 -1 7 7 7 7 -1 3 3 3 3 3 3 3 3 3 7 7 
5 7 7 7 7 7 7 7 7 -1 -1 3 3 3 3 3 3 7 5 5 
7 7 -1 7 7 7 7 -1 -1 -1 -1 3 3 3 3 3 3 1 5 1 
7 -1 7 -1 7 -1 7 7 7 -1 7 3 3 3 3 -1 3 -1 1 7 
7 7 7 7 7 7 7 7 7 7 -1 3 3 -1 -1 -1 1 -1 7 -1 
7 7 7 7 7 7 7 7 7 7 -1 -1 3 3 3 3 3 1 1 7 
7 7 -1 7 7 7 7 7 3 3 3 -1 -1 3 3 3 1 -1 -1 7 
7 -1 7 7 7 7 -1 3 4 -1 5 5 5 -1 3 5 3 -1 -1 7 
7 7 5 -1 3 3 -1 4 4 -1 5 5 5 5 5 1 -1 7 7 7 
5 5 7 5 3 3 4 4 -1 7 7 7 7 5 3 1 3 7 5 7 
7 -1 -1 -1 3 3 7 7 7 7 5 7 4 7 3 3 1 -1 5 1 
5 5 3 -1 5 5 7 7 7 2 7 5 2 5 -1 1 7 -1 1 1 
5 5 3 5 5 5 5 2 7 2 -1 2 2 -1 1 7 1 3 -1 6 
3 5 5 5 -1 5 5 7 7 2 -1 2 -1 -1 1 -1 3 1 2 6 
-1 5 5 6 6 6 6 -1 6 -1 -1 -1 -1 -1 3 -1 5 3 -1 3 
-1 -1 -1 5 6 6 6 -1 3 -1 3 7 -1 5 5 -1 7 7 7 5 
3 -1 5 5 5 5 5 3 3 3 7 -1 5 7 7 7 7 7 5 5 
5 3 5 5 -1 5 5 3 3 3 3 3 -1 5 5 5 5 7 7 5 
5 5 5 7 7 7 3 7 3 3 7 3 7 5 -1 5 5 6 7 7 
5 5 40 -1 -1 5 7 7 -1 3 -1 7 5 5 -1 -1 6 7 7 7 
-1 40 40 40 40 -1 5 5 7 -1 -1 7 7 3 7 7 -1 -1 5 5 
5 5 40 40 -1 -1 -1 5 -1 7 7 7 7 7 7 7 -1 7 -1 5 
5 -1 7 -1 -1 -1 -1 -1 5 -1 7 7 7 7 7 7 7 7 7 5 
-1 -1 -1 7 -1 -1 -1 5 5 5 -1 7 7 -1 7 7 7 7 7 5 
5 -1 -1 -1 6 6 6 5 5 7 7 7 7 7 7 -1 7 7 7 7 
5 5 5 6 6 6 6 5 7 7 5 5 5 7 5 -1 -1 -1 7 5 
5 5 5 6 -1 6 6 4 5 5 -1 4 5 7 7 4 6 -1 -1 5 
5 5 5 5 6 6 6 -1 5 5 5 5 4 2 7 4 5 5 -1 5 
-1 5 -1 5 5 5 6 6 5 5 5 6 5 7 2 -1 4 7 5 5 
4 5 -1 -1 -1 -1 -1 6 -1 5 -1 6 7 7 5 4 7 5 -1 -1 
5 5 5 -1 -1 -1 -1 -1 7 -1 -1 -1 -1 7 5 5 7 7 7 5 
5 5 5 5 -1 -1 6 6 7 6 -1 -1 -1 3 7 5 7 7 7 3 
5 6 7 -1 5 5 6 6 6 6 6 -1 3 -1 7 -1 7 3 3 3 
3 5 -1 7 -1 -1 -1 6 6 6 7 -1 -1 7 3 3 -1 -1 3 3 
-1 5 5 5 5 5 4 5 5 5 5 3 3 5 5 -1 7 -1 7 7 
7 7 5 5 5 3 5 5 7 5 5 3 3 3 7 7 3 7 5 6 
7 7 7 5 5 3 7 7 7 7 -1 3 7 7 -1 3 5 5 5 6 
7 7 -1 3 3 3 3 7 7 7 -1 6 7 7 3 7 7 5 5 -1 
5 7 7 3 3 3 3 3 -1 7 7 7 -1 7 7 7 7 7 -1 5 
5 5 5 5 -1 3 3 7 7 7 7 -1 -1 3 3 3 7 -1 5 5 
5 -1 5 -1 -1 3 7 3 7 7 7 12 12 -1 7 7 7 7 -1 -1 
7 5 -1 -1 -1 6 7 7 5 7 7 12 -1 7 -1 7 7 -1 7 5 
5 7 -1 7 6 5 -1 5 5 5 7 7 -1 7 7 7 7 -1 7 5 
7 -1 7 -1 5 7 5 -1 5 5 7 7 7 7 8 7 -1 7 7 7 
7 -1 6 -1 -1 -1 7 -1 -1 -1 7 7 7 8 8 -1 6 -1 7 7 
6 6 -1 5 -1 -1 7 7 -1 -1 7 -1 7 5 7 7 6 -1 -1 7 
7 7 -1 -1 -1 7 5 7 5 7 -1 5 5 5 7 7 7 -1 7 7 
7 7 7 -1 -1 7 5 7 7 7 -1 7 7 7 7 7 -1 7 7 7 
7 7 -1 40 5 5 5 7 -1 -1 5 -1 7 5 5 7 7 7 7 7 
7 3 7 40 40 5 -1 7 7 7 7 7 7 7 5 7 -1 7 7 7 
3 7 3 40 5 7 7 -1 7 -1 7 5 5 7 -1 7 7 7 3 3 
7 7 -1 3 3 3 7 7 7 7 7 7 7 5 -1 -1 7 5 -1 3 
7 -1 3 3 40 5 7 7 3 3 -1 7 -1 7 -1 1 7 7 7 7 
7 3 3 -1 -1 7 7 5 5 5 5 5 7 5 -1 -1 7 7 -1 -1 
12 -1 -1 -1 5 5 7 -1 3 -1 3 5 5 6 6 6 6 6 6 12 
12 -1 -1 7 7 7 7 3 3 3 3 3 -1 6 6 7 6 6 7 12 
5 12 5 5 5 -1 3 3 3 7 3 -1 6 6 6 -1 7 7 12 12 
5 5 5 5 5 3 3 -1 3 3 7 6 3 6 -1 -1 7 7 -1 3 
5 5 5 5 -1 3 -1 3 3 7 3 -1 3 3 3 7 -1 7 3 3 
3 -1 5 7 10 -1 3 3 3 3 3 3 3 3 7 3 -1 -1 3 3 
7 3 3 3 3 10 3 3 3 -1 3 3 3 40 5 -1 -1 5 3 3 
7 5 5 3 3 3 -1 3 3 3 3 5 41 41 40 7 7 -1 5 5 
5 -1 7 -1 1 -1 -1 3 3 3 7 7 5 5 5 40 5 -1 5 5 
5 5 7 -1 7 1 3 3 7 3 7 -1 -1 5 7 5 7 5 -1 5 
7 7 7 7 -1 3 3 3 7 7 7 -1 5 7 5 5 7 7 7 5 
5 7 7 40 41 41 3 -1 7 7 -1 7 7 7 5 -1 -1 7 7 7 
5 7 7 7 7 41 5 7 7 7 1 7 1 -1 5 5 -1 -1 -1 5 
5 7 7 7 7 7 5 -1 -1 1 7 1 1 1 5 5 5 -1 5 7 
5 5 -1 7 7 -1 5 -1 5 7 1 1 1 5 -1 -1 -1 5 3 5 
5 5 7 7 5 -1 5 5 -1 7 1 1 1 40 1 1 5 5 5 3 
3 3 -1 5 5 5 5 7 -1 7 7 1 1 -1 1 1 5 3 3 5 
3 3 -1 5 5 5 5 5 7 7 3 2 -1 5 -1 -1 3 5 3 3 
5 -1 5 -1 5 5 5 -1 5 3 5 2 2 -1 6 -1 -1 -1 5 12 
12 5 -1 5 5 5 -1 5 5 3 -1 2 2 5 5 6 12 12 12 12 
5 5 5 5 6 -1 -1 6 6 -1 7 7 5 5 5 6 -1 -1 5 -1 
5 5 5 40 5 5 6 6 6 40 7 5 5 5 5 5 -1 -1 5 5 
5 5 40 5 40 -1 -1 6 6 6 6 5 -1 -1 5 10 5 5 5 5 
5 40 7 5 5 10 7 10 6 40 40 5 40 -1 5 32 32 4 5 -1 
40 7 -1 7 5 10 10 40 -1 40 5 32 40 40 32 32 5 32 5 5 
7 -1 7 7 5 41 10 40 5 40 5 32 7 7 7 5 5 5 32 5 
-1 7 -1 5 41 -1 40 -1 6 6 32 40 32 7 7 7 -1 32 32 32 
-1 7 7 41 41 41 -1 40 6 6 40 32 -1 7 41 7 5 5 -1 32 
7 -1 -1 41 41 -1 -1 -1 -1 -1 -1 40 32 32 41 -1 5 5 -1 7 
7 -1 33 41 41 11 40 5 32 -1 -1 -1 7 -1 32 3 32 5 32 -1 
-1 33 -1 41 -1 11 32 32 5 -1 -1 32 32 -1 -1 3 32 3 2 32 
-1 40 41 -1 41 40 32 40 -1 -1 32 32 -1 -1 -1 32 3 -1 -1 -1 
8 41 41 41 -1 41 40 32 -1 -1 -1 32 32 -1 -1 -1 -1 3 32 -1 
9 41 41 41 33 33 32 32 32 32 32 32 32 32 32 32 6 6 32 9 
8 8 -1 -1 41 -1 -1 -1 -1 40 32 32 -1 32 32 32 -1 6 6 8 
8 41 41 41 -1 -1 -1 5 5 40 40 40 6 6 32 32 10 -1 -1 8 
33 41 -1 -1 -1 5 5 6 -1 -1 40 40 -1 -1 6 6 10 10 5 -1 
-1 5 5 -1 5 5 5 6 1 40 -1 -1 6 6 6 -1 -1 10 5 5 
5 5 7 5 5 5 -1 1 6 -1 40 -1 6 -1 6 -1 -1 -1 -1 5 
5 5 5 5 5 5 6 6 6 -1 7 6 -1 5 5 5 -1 5 -1 -1 
8 8 -1 5 -1 5 5 5 5 5 5 -1 -1 -1 5 5 -1 12 12 6 
6 6 5 5 -1 -1 -1 5 5 5 5 6 -1 -1 6 5 -1 41 6 5 
6 6 5 5 5 -1 5 5 5 5 5 5 6 33 6 -1 41 6 6 6 
6 -1 6 5 -1 -1 7 5 5 -1 5 5 6 6 33 41 -1 6 6 6 
6 -1 5 5 5 -1 5 7 7 -1 5 5 5 -1 41 -1 -1 -1 6 -1 
5 5 5 5 -1 5 7 5 7 7 5 6 6 6 -1 -1 -1 6 6 6 
6 5 -1 5 5 7 5 7 5 40 7 5 5 -1 5 5 -1 6 6 6 
-1 -1 7 5 -1 5 12 12 40 12 5 40 5 5 5 5 6 6 7 6 
6 5 5 -1 6 40 12 12 -1 5 40 5 6 5 5 7 5 5 6 5 
-1 5 6 5 40 5 -1 -1 5 5 40 6 5 5 5 5 7 5 5 5 
-1 5 6 40 6 5 -1 5 5 5 5 -1 5 5 -1 10 10 -1 -1 -1 
5 -1 -1 -1 -1 6 5 5 5 5 5 5 5 5 1 10 10 10 -1 -1 
5 5 5 5 5 5 5 5 -1 5 5 -1 5 -1 1 10 10 -1 -1 -1 
10 5 1 -1 -1 -1 7 7 5 5 7 5 5 -1 10 10 10 10 10 -1 
-1 10 1 1 -1 5 7 5 5 5 5 5 5 10 10 10 -1 10 10 10 
10 10 10 -1 1 5 5 5 -1 5 5 -1 5 5 -1 10 5 -1 10 5 
6 5 5 6 -1 -1 5 5 5 5 -1 5 5 -1 -1 10 -1 5 5 10 
5 6 5 5 6 4 7 5 -1 -1 5 5 5 -1 10 10 -1 -1 5 5 
6 8 5 -1 4 5 -1 -1 5 5 5 5 -1 5 10 -1 -1 -1 5 5 
6 8 5 5 5 5 5 5 5 5 5 5 5 5 5 5 12 12 5 5 
6 6 6 -1 4 6 4 5 -1 5 5 5 5 6 6 6 6 5 5 5 
-1 5 2 6 6 4 5 5 5 -1 5 5 5 6 5 -1 6 6 6 -1 
6 5 2 6 6 6 6 6 6 6 5 5 5 5 -1 6 6 -1 -1 -1 
-1 6 5 6 5 6 6 6 6 6 -1 5 6 6 5 5 6 -1 5 -1 
5 5 -1 5 6 6 6 6 6 6 5 -1 -1 6 7 6 6 6 6 5 
6 -1 5 5 6 6 6 6 6 6 6 5 6 -1 6 7 6 -1 5 5 
-1 5 -1 6 6 6 6 -1 5 -1 6 5 6 6 2 2 6 6 5 5 
40 -1 6 6 6 6 6 5 5 -1 6 6 5 -1 2 2 40 6 6 5 
-1 -1 6 6 6 -1 6 5 -1 -1 -1 10 -1 2 5 2 40 40 40 40 
-1 6 -1 -1 6 6 -1 6 -1 -1 6 10 6 2 5 5 -1 40 40 40 
6 2 6 5 6 5 6 -1 6 6 7 2 10 5 5 -1 5 4 2 6 
6 2 -1 -1 -1 -1 -1 6 6 7 2 10 2 10 5 5 40 4 -1 2 
2 6 -1 -1 5 -1 5 7 5 1 7 2 2 13 13 13 4 2 2 -1 
4 6 -1 -1 5 5 -1 7 7 5 1 7 2 40 13 40 5 4 2 2 
5 6 6 6 6 6 5 1 5 1 5 5 40 40 40 40 5 5 4 5 
5 6 6 5 6 -1 1 1 -1 -1 -1 5 5 13 40 5 5 5 5 5 
5 5 -1 6 6 1 5 5 5 5 5 5 -1 13 5 5 5 5 5 5 
5 -1 5 -1 6 6 6 5 5 5 5 5 13 13 5 5 5 5 5 5 
5 -1 5 6 -1 -1 5 5 5 5 5 5 13 5 13 6 5 5 5 5 
5 5 5 -1 6 6 4 5 5 5 5 5 5 5 5 -1 6 5 5 5 
10 10 -1 6 6 6 6 1 6 6 6 -1 8 8 8 5 10 5 5 10 
10 10 10 10 10 6 6 -1 4 6 7 -1 5 5 6 6 5 5 -1 5 
10 10 10 10 10 6 6 6 5 -1 6 6 5 5 5 5 -1 -1 10 -1 
10 -1 13 -1 4 -1 6 6 -1 5 6 6 -1 5 5 -1 5 5 -1 10 
10 6 6 6 6 4 14 6 4 -1 2 3 -1 -1 -1 5 -1 5 4 10 
-1 5 4 6 14 14 5 -1 4 4 2 3 3 5 5 5 5 5 5 -1 
6 5 6 4 -1 -1 14 -1 -1 4 2 5 4 5 5 5 5 5 5 5 
5 6 5 -1 -1 6 6 5 5 5 4 5 6 -1 5 2 2 5 -1 6 
5 -1 -1 4 4 6 5 5 -1 5 4 6 -1 6 5 5 -1 -1 -1 -1 
5 -1 5 4 -1 -1 -1 5 5 4 5 6 6 5 5 -1 5 5 -1 5 
5 5 5 5 5 -1 -1 -1 -1 5 5 5 5 5 -1 5 5 5 5 5 
5 5 -1 5 5 4 -1 -1 5 4 -1 -1 9 5 5 5 5 5 5 -1 
5 37 -1 -1 7 4 4 -1 4 4 9 9 5 5 5 5 5 5 5 5 
5 37 37 -1 7 4 4 4 -1 9 -1 9 5 -1 -1 5 5 5 5 5 
-1 10 37 7 4 37 -1 4 7 5 -1 5 5 5 13 13 -1 5 5 14 
10 -1 7 37 37 5 5 5 5 7 5 5 5 5 5 5 5 5 5 5 
10 6 37 5 5 5 5 5 5 5 5 5 5 6 5 10 5 5 -1 5 
14 5 5 5 5 5 5 5 5 5 5 5 5 5 6 10 -1 14 5 5 
10 -1 10 10 5 -1 5 5 -1 5 5 5 5 2 5 -1 10 14 5 10 
10 -1 -1 10 -1 -1 5 -1 6 6 6 -1 5 8 5 10 10 10 5 10 
-1 5 -1 5 5 -1 -1 -1 4 4 6 6 6 6 6 6 6 6 -1 5 
-1 5 5 -1 5 5 5 5 -1 6 6 -1 6 6 -1 -1 -1 1 1 1 
-1 -1 5 5 5 5 5 5 6 6 6 6 6 6 1 6 1 1 1 6 
-1 -1 5 5 5 5 5 6 6 6 -1 6 1 1 1 1 6 -1 6 -1 
5 -1 -1 5 5 5 5 6 -1 -1 6 10 6 1 -1 6 6 6 6 -1 
-1 5 5 5 5 -1 5 -1 -1 -1 -1 4 6 5 5 -1 6 6 6 -1 
6 5 5 5 5 -1 -1 13 13 5 4 6 4 -1 4 5 -1 6 6 6 
5 5 5 5 5 -1 6 5 5 4 -1 4 4 14 -1 -1 6 -1 -1 6 
-1 5 5 5 -1 -1 6 6 5 13 4 4 -1 6 -1 -1 -1 6 6 -1 
5 5 6 13 6 6 12 12 -1 5 13 14 6 -1 6 6 -1 6 6 6 
-1 6 5 6 13 6 6 6 12 5 5 -1 5 1 1 6 6 6 6 -1 
6 -1 6 6 6 6 12 12 6 5 14 5 -1 -1 1 -1 6 6 6 -1 
-1 6 6 -1 6 6 12 6 6 6 -1 14 -1 6 6 6 6 6 -1 6 
6 6 5 -1 10 10 14 6 6 -1 -1 6 6 6 6 6 6 6 6 6 
-1 5 6 5 6 10 14 10 -1 6 6 6 6 6 -1 6 6 6 6 -1 
5 5 5 6 6 6 10 6 6 -1 6 6 6 -1 -1 -1 6 -1 -1 -1 
5 5 6 5 5 5 -1 -1 -1 6 6 6 6 -1 -1 6 1 1 5 5 
5 34 5 5 5 5 -1 6 6 6 6 6 -1 6 6 -1 6 1 1 5 
5 5 5 5 -1 6 6 6 6 6 6 -1 6 -1 6 6 -1 1 6 5 
5 5 5 5 -1 6 6 -1 -1 4 6 6 6 6 6 6 1 1 -1 5 
6 -1 14 -1 6 6 6 6 1 1 6 -1 1 -1 -1 -1 1 3 6 42 
42 6 6 -1 6 6 1 1 6 1 6 1 1 -1 1 -1 -1 1 6 42 
42 42 2 -1 -1 6 -1 -1 -1 1 1 1 1 1 1 1 5 5 -1 6 
5 6 5 5 -1 6 -1 -1 -1 1 1 1 1 6 -1 5 1 5 5 6 
5 5 5 -1 6 6 -1 -1 -1 -1 6 1 1 1 -1 -1 -1 1 6 5 
5 -1 -1 1 6 6 -1 6 -1 -1 6 6 1 -1 -1 -1 -1 1 5 6 
6 -1 6 -1 -1 -1 6 -1 -1 -1 6 6 1 -1 -1 -1 6 -1 6 6 
1 6 6 -1 6 -1 -1 6 6 6 6 1 -1 6 6 6 6 -1 1 1 
-1 6 6 6 14 14 -1 6 6 6 -1 -1 -1 14 6 6 6 6 -1 -1 
6 -1 -1 -1 6 6 -1 6 6 6 6 12 14 14 -1 6 6 6 6 5 
6 -1 -1 6 6 -1 6 6 6 -1 12 1 -1 -1 1 -1 6 6 6 6 
-1 6 6 -1 6 4 4 4 6 6 6 6 -1 1 6 6 6 6 6 6 
6 6 6 6 1 1 5 4 6 6 6 6 1 6 6 -1 6 6 6 6 
6 6 -1 -1 1 -1 5 6 6 6 1 1 -1 6 1 6 -1 6 -1 6 
6 -1 5 -1 5 6 6 1 -1 6 1 1 -1 6 6 1 1 -1 6 6 
-1 6 6 5 6 1 1 -1 -1 1 1 1 6 6 -1 6 6 6 6 6 
-1 -1 6 6 6 6 -1 6 6 1 1 6 -1 -1 -1 1 6 -1 6 6 
6 6 6 -1 6 6 6 6 6 -1 6 6 -1 1 1 1 3 -1 6 6 
6 -1 6 -1 6 6 6 1 4 4 -1 1 6 -1 1 3 3 1 6 6 
6 6 14 6 6 6 6 6 -1 6 1 1 1 1 1 6 3 1 6 6 
-1 -1 -1 -1 1 1 1 1 -1 -1 1 -1 1 -1 -1 -1 -1 1 1 -1 
1 1 -1 1 -1 -1 1 1 1 1 -1 1 -1 -1 1 1 -1 -1 -1 1 
1 1 1 1 1 1 -1 1 1 -1 1 1 1 1 6 1 1 -1 -1 -1 
-1 1 1 1 1 -1 1 1 1 1 -1 -1 1 1 6 1 1 -1 -1 -1 
-1 1 1 1 1 1 1 1 1 1 -1 -1 -1 -1 -1 -1 1 1 1 1 
1 1 1 1 1 1 1 -1 1 -1 -1 -1 1 -1 -1 1 1 1 1 1 
1 1 1 1 1 1 -1 -1 -1 -1 -1 -1 1 1 1 1 1 1 1 1 
-1 1 1 -1 1 1 1 -1 1 -1 1 1 1 1 1 1 1 -1 1 1 
-1 1 -1 -1 -1 1 1 -1 -1 1 1 1 -1 6 1 6 1 1 1 6 
1 1 1 -1 1 1 -1 -1 1 1 1 -1 -1 6 6 6 6 1 6 -1 
1 -1 1 1 6 -1 1 1 1 -1 -1 1 1 6 6 6 -1 6 6 1 
-1 6 1 5 -1 6 1 -1 -1 1 -1 -1 1 6 1 -1 -1 6 6 -1 
1 -1 6 -1 -1 -1 6 1 1 1 1 1 6 -1 1 -1 1 6 6 6 
6 1 1 44 -1 1 1 1 1 1 1 1 6 1 -1 1 6 1 -1 6 
1 6 44 1 6 6 1 -1 -1 1 -1 1 1 1 1 -1 1 6 6 6 
-1 -1 6 6 7 7 1 7 1 -1 -1 1 1 -1 -1 -1 -1 6 1 6 
-1 -1 7 7 7 7 7 1 1 1 -1 -1 1 1 -1 -1 1 1 6 6 
-1 7 7 7 7 1 -1 1 1 1 1 -1 1 1 -1 -1 1 1 1 1 
1 1 1 -1 6 7 -1 -1 -1 1 1 1 -1 -1 -1 1 1 -1 1 1 
1 1 1 -1 -1 6 -1 -1 -1 -1 -1 1 1 -1 -1 -1 -1 1 1 1 
-1 6 6 -1 -1 6 -1 -1 -1 1 1 1 1 1 -1 1 1 1 -1 -1 
-1 -1 -1 -1 6 -1 6 1 1 1 1 1 1 -1 1 1 1 1 1 -1 
-1 1 -1 6 6 -1 6 6 1 1 1 -1 -1 -1 1 -1 -1 1 1 1 
1 -1 6 -1 -1 -1 6 6 1 3 1 1 -1 -1 6 -1 -1 1 1 -1 
-1 -1 -1 -1 1 1 1 1 1 3 1 -1 -1 -1 6 6 6 1 -1 1 
-1 1 -1 1 1 1 1 1 1 6 1 3 -1 -1 1 -1 -1 1 1 1 
1 -1 -1 1 1 1 1 1 6 1 1 1 1 -1 -1 1 1 1 1 1 
1 1 1 -1 1 1 1 1 1 1 3 1 1 -1 -1 1 1 1 1 1 
1 1 1 -1 1 1 1 1 1 1 1 1 -1 -1 1 1 1 1 1 1 
-1 1 -1 1 1 1 -1 -1 1 1 1 -1 -1 1 1 1 -1 1 1 1 
1 1 1 -1 1 1 1 -1 1 1 1 -1 -1 -1 1 1 -1 -1 1 -1 
-1 1 1 -1 1 1 1 1 1 1 1 1 -1 1 -1 -1 1 1 1 1 
1 1 1 1 1 1 1 1 1 1 -1 -1 1 -1 -1 -1 1 1 1 1 
1 -1 1 -1 1 1 -1 1 1 -1 1 1 -1 -1 -1 1 1 1 1 1 
1 1 1 1 6 1 -1 1 1 -1 -1 -1 1 -1 -1 1 1 1 1 1 
1 1 6 6 6 -1 -1 1 1 -1 -1 1 1 1 1 1 1 1 -1 1 
1 6 -1 6 -1 -1 -1 1 1 1 -1 -1 1 1 1 1 1 1 1 -1 
1 1 -1 6 6 6 1 1 1 -1 -1 1 1 -1 -1 1 1 1 1 1 
1 -1 6 6 6 -1 1 1 1 1 1 1 1 1 1 1 1 1 1 1 
1 6 -1 6 -1 -1 -1 1 1 1 -1 -1 1 1 1 1 1 -1 -1 1 
1 1 1 1 1 1 1 -1 -1 -1 1 -1 -1 1 1 1 -1 -1 1 -1 
3 1 1 1 1 1 1 -1 -1 -1 1 -1 1 1 1 -1 -1 1 1 1 
3 3 -1 1 1 -1 -1 -1 1 1 -1 -1 1 1 -1 1 1 1 1 1 
1 3 1 1 1 1 -1 -1 1 -1 1 1 -1 -1 1 1 1 1 1 -1 
-1 1 -1 -1 1 3 1 1 1 -1 -1 -1 1 1 1 -1 1 1 1 1 
-1 1 -1 -1 1 3 1 1 -1 1 -1 -1 1 1 1 1 1 1 1 -1 
1 1 1 1 1 1 1 1 -1 -1 1 1 3 1 1 1 -1 1 1 1 
1 -1 1 1 1 -1 1 1 1 1 -1 3 -1 -1 1 1 1 1 1 1 
-1 -1 1 -1 -1 1 1 1 1 -1 1 -1 -1 -1 1 1 1 -1 1 1 
-1 -1 -1 -1 1 -1 1 1 -1 1 1 1 1 1 -1 1 -1 1 1 -1 
1 -1 -1 1 1 1 1 1 1 -1 1 1 1 -1 1 -1 -1 1 1 1 
1 1 -1 1 1 1 1 1 1 1 1 1 1 1 1 -1 -1 1 1 1 
1 -1 1 -1 1 1 1 1 -1 -1 1 1 1 -1 1 -1 1 1 1 1 
1 1 1 -1 -1 -1 1 -1 1 1 1 1 3 1 1 1 -1 1 1 -1 
1 -1 1 1 -1 -1 1 1 -1 6 6 6 1 3 -1 -1 1 1 -1 1 
-1 1 1 1 -1 1 1 -1 -1 -1 1 -1 6 1 6 1 -1 1 1 1 
1 -1 1 -1 1 1 -1 1 1 1 1 1 1 6 6 1 1 -1 -1 -1 
-1 1 1 -1 -1 1 1 1 1 1 1 -1 1 1 6 6 1 1 -1 -1 
1 1 -1 1 1 1 1 -1 1 1 1 1 -1 -1 1 -1 1 1 1 1 
1 1 1 -1 1 1 1 1 1 -1 1 1 -1 1 -1 1 1 1 -1 1 
-1 -1 -1 -1 3 -1 3 -1 1 -1 3 3 -1 -1 1 1 1 1 1 -1 
1 -1 -1 3 -1 1 1 -1 -1 -1 -1 -1 -1 -1 1 -1 1 1 1 1 
-1 1 -1 -1 -1 1 -1 -1 1 1 1 1 -1 -1 -1 1 -1 -1 1 -1 
-1 -1 -1 -1 -1 -1 1 1 1 -1 3 -1 -1 -1 -1 1 1 1 -1 -1 
-1 -1 -1 1 -1 1 -1 -1 -1 -1 -1 1 1 1 1 1 1 1 -1 1 
1 -1 1 -1 -1 -1 -1 -1 6 1 1 -1 1 -1 1 1 -1 -1 -1 -1 
1 -1 1 1 1 1 1 -1 1 3 1 1 -1 -1 1 -1 -1 -1 -1 -1 
1 -1 1 1 1 1 1 1 3 -1 1 3 1 1 1 1 -1 1 -1 -1 
-1 1 3 1 1 1 1 3 -1 1 -1 1 1 1 -1 -1 1 1 -1 -1 
-1 3 -1 1 1 1 -1 -1 -1 -1 -1 1 1 1 1 1 1 -1 -1 -1 
3 3 3 3 -1 -1 1 3 -1 1 -1 1 1 1 1 -1 -1 -1 3 3 
3 3 3 3 3 3 3 3 1 -1 -1 -1 -1 -1 1 1 1 -1 -1 3 
3 3 3 3 -1 3 3 3 1 -1 -1 1 -1 1 -1 1 -1 -1 -1 -1 
3 3 -1 1 3 1 1 -1 -1 -1 1 -1 -1 1 1 -1 1 -1 -1 -1 
-1 -1 -1 1 1 -1 1 1 -1 -1 -1 1 -1 -1 -1 -1 -1 -1 -1 1 
-1 1 1 -1 1 1 -1 1 1 -1 1 -1 1 -1 -1 1 1 -1 1 -1 
1 -1 -1 -1 3 1 1 -1 1 1 -1 -1 -1 -1 -1 -1 3 1 1 1 
1 -1 -1 -1 3 1 1 -1 1 -1 -1 -1 -1 -1 -1 1 1 -1 -1 -1 
-1 -1 -1 3 3 -1 -1 -1 -1 -1 9 -1 -1 -1 -1 -1 1 1 1 -1 
-1 -1 -1 -1 -1 3 1 1 -1 9 -1 -1 -1 -1 -1 1 1 -1 1 1 
-1 7 9 9 -1 -1 -1 -1 -1 3 3 3 3 -1 3 -1 -1 -1 -1 -1 
-1 -1 9 3 3 -1 -1 -1 -1 -1 3 3 3 3 3 3 3 3 -1 7 
-1 -1 -1 3 -1 3 3 3 3 3 -1 3 3 3 -1 3 3 5 7 -1 
-1 1 3 -1 -1 -1 -1 -1 3 -1 -1 -1 -1 3 3 3 3 3 -1 -1 
-1 3 1 3 3 3 -1 -1 -1 3 -1 -1 -1 9 3 3 3 3 -1 3 
3 3 3 3 3 -1 -1 -1 -1 1 -1 -1 3 3 3 3 3 3 3 3 
3 3 -1 3 -1 -1 -1 -1 -1 1 1 -1 3 3 3 9 3 3 3 3 
3 3 -1 -1 -1 -1 -1 -1 -1 -1 1 -1 3 3 3 3 3 3 3 3 
3 3 3 3 3 -1 -1 -1 -1 -1 1 -1 -1 3 -1 3 3 3 -1 3 
3 -1 3 3 3 -1 -1 -1 -1 -1 1 1 -1 -1 -1 3 3 3 3 3 
3 -1 -1 3 3 -1 -1 -1 -1 1 1 1 1 3 3 -1 -1 3 -1 -1 
-1 3 1 -1 -1 -1 -1 -1 -1 -1 1 -1 3 3 3 -1 -1 3 -1 -1 
3 3 3 -1 -1 -1 -1 -1 3 3 3 -1 -1 -1 3 3 -1 -1 -1 -1 
-1 3 3 3 -1 -1 -1 -1 -1 -1 -1 -1 -1 -1 1 -1 -1 3 3 -1 
-1 3 3 -1 -1 -1 -1 3 -1 -1 -1 -1 -1 1 3 1 3 3 -1 -1 
-1 5 -1 -1 -1 1 1 1 3 3 1 -1 -1 -1 3 3 3 -1 -1 -1 
-1 5 -1 -1 -1 1 1 -1 -1 -1 1 3 -1 -1 1 3 3 3 -1 -1 
-1 -1 -1 -1 -1 -1 -1 -1 -1 1 1 -1 -1 -1 -1 -1 -1 3 -1 -1 
5 -1 -1 9 -1 9 -1 -1 -1 1 -1 -1 -1 -1 3 -1 1 -1 -1 5 
7 7 7 -1 9 -1 1 -1 3 3 -1 -1 3 -1 -1 3 1 -1 -1 -1 
9 9 -1 -1 -1 -1 1 -1 1 -1 -1 1 -1 -1 -1 -1 -1 -1 1 -1 
-1 1 -1 -1 -1 1 -1 -1 1 1 1 -1 -1 1 -1 -1 -1 -1 1 9 
9 -1 -1 -1 -1 -1 -1 -1 1 1 -1 -1 -1 1 1 -1 -1 -1 -1 1 
-1 3 3 3 1 1 -1 -1 3 3 -1 7 -1 1 1 -1 -1 -1 -1 -1 
1 3 3 11 3 1 1 1 3 -1 3 7 -1 -1 1 -1 3 -1 11 1 
1 -1 11 -1 1 1 -1 3 3 3 7 7 -1 -1 7 -1 -1 3 1 1 
-1 -1 11 3 3 3 -1 -1 -1 -1 -1 3 7 7 -1 -1 -1 3 -1 1 
-1 11 3 -1 -1 -1 3 3 1 -1 -1 3 7 -1 -1 -1 -1 -1 -1 -1 
-1 1 3 -1 -1 -1 -1 3 -1 -1 3 -1 3 -1 -1 -1 -1 -1 -1 -1 
1 1 -1 -1 1 3 -1 -1 -1 -1 3 3 -1 -1 -1 -1 -1 -1 -1 -1 
1 1 1 1 -1 1 1 3 -1 -1 3 -1 -1 -1 7 7 7 -1 -1 1 
1 1 1 1 1 3 3 -1 3 -1 3 3 3 3 7 7 -1 -1 -1 1 
1 1 1 1 1 -1 -1 1 -1 3 3 3 7 7 7 -1 -1 -1 -1 1 
-1 1 1 1 -1 -1 1 1 1 1 3 -1 -1 7 7 9 9 -1 7 1 
7 -1 -1 1 -1 -1 1 1 1 1 1 1 -1 -1 3 9 9 7 7 7 
-1 1 -1 -1 1 1 1 1 -1 -1 1 -1 -1 -1 7 3 1 1 1 1 
-1 -1 -1 -1 -1 3 -1 -1 -1 -1 1 -1 3 -1 -1 -1 1 1 1 1 
9 -1 -1 -1 3 -1 -1 -1 -1 -1 1 -1 3 -1 -1 -1 3 3 3 -1 
9 1 -1 3 3 -1 3 -1 -1 1 1 -1 -1 -1 -1 -1 -1 -1 1 -1 
1 1 9 -1 -1 3 -1 -1 -1 1 1 1 -1 -1 -1 -1 -1 -1 1 -1 
3 -1 3 -1 -1 -1 -1 -1 3 3 3 3 -1 -1 -1 9 -1 -1 -1 -1 
-1 3 -1 -1 -1 -1 -1 3 -1 -1 3 3 3 -1 -1 9 -1 -1 -1 -1 
-1 -1 9 -1 -1 -1 -1 -1 -1 3 -1 -1 -1 -1 -1 -1 1 1 1 -1 
-1 9 9 -1 -1 -1 3 -1 3 3 -1 -1 -1 1 -1 1 -1 1 -1 1 
9 -1 9 -1 3 3 -1 3 3 3 3 3 -1 -1 1 1 1 1 -1 -1 
3 1 -1 -1 3 3 3 -1 3 3 3 -1 3 3 -1 1 1 1 1 -1 
1 1 -1 -1 -1 3 -1 3 3 3 3 -1 -1 -1 -1 -1 1 1 1 -1 
-1 -1 -1 -1 -1 -1 3 3 3 3 9 1 -1 -1 -1 -1 -1 1 1 1 
-1 -1 7 -1 -1 -1 -1 -1 3 -1 1 -1 1 1 -1 -1 -1 -1 -1 -1 
-1 7 7 3 -1 -1 -1 3 3 -1 9 1 1 -1 -1 -1 -1 -1 -1 -1 
-1 7 -1 7 3 3 -1 -1 -1 -1 -1 9 -1 -1 -1 -1 -1 -1 -1 3 
-1 -1 9 1 -1 3 -1 -1 -1 -1 9 -1 -1 -1 -1 9 9 -1 3 3 
-1 9 9 1 -1 -1 1 -1 -1 -1 9 9 -1 3 -1 9 9 3 -1 3 
9 9 9 -1 1 1 -1 -1 -1 -1 -1 9 3 -1 -1 -1 9 -1 -1 -1 
9 9 7 3 -1 1 1 -1 -1 3 3 3 -1 3 -1 -1 9 -1 -1 -1 
7 7 3 -1 1 -1 -1 -1 -1 3 3 3 3 3 -1 -1 9 9 -1 7 
3 3 -1 1 -1 3 -1 -1 3 1 -1 3 3 3 3 -1 9 9 9 7 
3 3 -1 3 3 -1 -1 3 -1 1 -1 -1 -1 -1 -1 -1 -1 -1 3 3 
3 3 3 3 -1 -1 -1 -1 3 -1 -1 -1 3 3 -1 3 3 -1 -1 3 
3 3 3 3 -1 -1 -1 -1 -1 -1 3 3 3 -1 3 9 3 3 -1 3 
6 6 -1 1 -1 1 1 9 3 3 1 1 -1 1 3 3 -1 9 9 -1 
6 -1 6 1 -1 9 9 9 9 -1 -1 1 9 1 3 3 -1 1 9 -1 
-1 3 -1 -1 -1 -1 9 -1 -1 -1 -1 -1 9 9 9 3 -1 1 -1 -1 
-1 9 9 -1 -1 -1 -1 -1 3 -1 9 9 9 -1 -1 9 -1 -1 -1 -1 
9 -1 9 -1 -1 -1 -1 9 9 3 -1 9 9 9 9 -1 -1 -1 9 9 
-1 9 3 -1 3 -1 3 3 3 -1 -1 3 9 9 9 -1 -1 -1 9 9 
-1 3 3 3 3 3 3 -1 -1 -1 3 9 9 9 -1 -1 3 -1 -1 9 
3 3 3 3 3 3 -1 -1 -1 3 3 3 9 9 -1 -1 -1 3 3 9 
9 -1 3 3 3 -1 -1 -1 3 3 3 9 3 9 9 3 3 -1 9 9 
-1 -1 -1 3 -1 -1 -1 3 3 -1 -1 9 -1 9 -1 -1 -1 9 -1 -1 
3 -1 -1 -1 3 -1 -1 -1 -1 -1 -1 -1 9 -1 -1 9 9 -1 -1 -1 
-1 3 1 3 -1 3 3 -1 -1 -1 -1 -1 -1 9 9 -1 -1 -1 -1 3 
-1 -1 3 1 1 3 3 3 -1 -1 -1 -1 9 9 9 -1 -1 -1 9 9 
-1 3 -1 6 1 3 3 1 -1 -1 -1 -1 -1 9 1 -1 -1 9 9 -1 
3 3 3 1 6 -1 3 3 -1 -1 -1 -1 9 9 9 1 1 9 -1 -1 
9 3 -1 6 1 -1 1 -1 -1 -1 -1 -1 9 -1 -1 9 1 -1 9 9 
9 -1 -1 1 1 1 1 -1 -1 -1 -1 1 -1 -1 1 -1 -1 1 9 9 
-1 -1 -1 6 6 1 -1 -1 -1 -1 1 -1 1 1 1 -1 9 9 -1 -1 
-1 -1 -1 1 6 6 3 1 -1 1 -1 1 1 1 1 9 9 -1 9 -1 
-1 -1 -1 1 -1 1 1 3 1 3 1 -1 1 1 1 1 9 9 -1 -1 
-1 3 3 3 3 7 3 3 -1 1 1 -1 1 3 -1 -1 1 -1 3 3 
3 3 -1 -1 6 -1 -1 3 1 -1 1 1 1 -1 -1 -1 1 -1 -1 3 
3 -1 -1 -1 6 6 -1 -1 -1 1 1 1 1 1 -1 -1 -1 -1 -1 3 
3 -1 3 3 -1 1 3 3 3 1 1 1 1 -1 1 -1 -1 -1 1 3 
3 3 1 1 3 -1 1 3 3 1 1 -1 1 -1 1 1 -1 1 -1 -1 
-1 3 -1 3 3 3 1 3 1 1 1 -1 -1 -1 1 1 1 -1 -1 -1 
-1 -1 3 3 -1 -1 1 -1 1 1 1 3 -1 1 -1 -1 -1 -1 1 1 
-1 3 3 -1 -1 -1 1 1 1 1 3 -1 1 -1 1 1 -1 -1 1 -1 
-1 -1 3 -1 3 3 -1 1 1 -1 -1 1 1 3 1 9 -1 -1 -1 -1 
-1 3 -1 3 -1 3 1 1 3 -1 3 -1 1 1 1 9 -1 -1 -1 -1 
-1 -1 3 -1 -1 -1 3 1 3 3 3 -1 -1 -1 1 -1 3 3 -1 -1 
3 3 3 3 -1 -1 1 3 3 3 3 3 -1 -1 -1 3 -1 3 -1 3 
3 3 -1 1 3 -1 3 3 -1 3 3 -1 3 -1 -1 -1 3 -1 -1 3 
3 -1 3 1 3 3 3 3 3 3 -1 -1 3 -1 -1 -1 -1 -1 -1 -1 
3 3 3 -1 3 3 3 3 3 -1 3 -1 3 -1 -1 1 -1 1 -1 -1 
1 3 -1 -1 -1 -1 3 3 3 -1 -1 7 -1 -1 1 -1 1 1 1 3 
3 3 7 7 9 7 3 1 3 7 3 7 1 3 -1 -1 1 -1 -1 -1 
1 1 3 3 -1 7 3 -1 -1 7 7 1 -1 3 -1 1 -1 -1 -1 1 
3 3 3 -1 -1 -1 -1 -1 -1 6 7 1 -1 3 -1 -1 1 -1 -1 -1 
3 3 3 -1 -1 7 3 -1 -1 -1 1 -1 1 -1 -1 -1 1 -1 3 -1 
-1 -1 1 1 1 1 1 3 3 3 3 1 -1 -1 -1 1 -1 -1 -1 1 
1 -1 1 1 -1 1 3 3 -1 3 -1 1 1 -1 -1 1 -1 1 1 -1 
-1 1 1 1 1 -1 1 -1 -1 -1 3 -1 -1 -1 -1 -1 -1 1 1 -1 
-1 -1 1 1 -1 -1 -1 -1 1 -1 3 3 3 -1 -1 -1 1 1 -1 -1 
-1 3 3 1 1 1 -1 -1 -1 -1 -1 -1 3 -1 -1 -1 1 1 -1 -1 
3 3 1 1 1 1 1 -1 3 1 -1 3 3 3 3 -1 1 -1 -1 3 
-1 -1 1 1 1 -1 1 1 1 -1 1 -1 -1 -1 3 -1 -1 3 3 3 
-1 -1 1 1 1 1 1 1 3 1 -1 -1 -1 -1 3 1 3 3 3 -1 
-1 3 3 3 1 1 -1 3 -1 1 -1 -1 -1 -1 -1 -1 -1 3 3 3 
1 3 3 3 3 3 -1 -1 3 -1 -1 -1 -1 1 -1 -1 3 3 1 1 
-1 1 -1 3 1 3 1 3 3 -1 -1 -1 1 -1 1 1 -1 1 1 -1 
-1 3 3 3 1 1 1 1 -1 -1 -1 -1 1 1 1 1 -1 -1 1 1 
3 3 3 1 1 1 1 1 1 -1 -1 1 1 1 1 1 -1 -1 -1 1 
3 3 1 1 1 1 -1 1 1 1 1 1 1 -1 1 1 -1 -1 -1 -1 
-1 1 1 -1 3 -1 1 1 -1 -1 -1 -1 1 1 1 1 -1 -1 -1 -1 
1 1 1 1 1 1 -1 1 1 -1 -1 -1 -1 1 1 -1 -1 -1 -1 -1 
1 1 1 1 -1 1 1 -1 1 -1 -1 -1 1 1 -1 -1 1 -1 -1 1 
1 1 1 1 1 -1 1 -1 1 -1 1 1 -1 -1 -1 1 -1 -1 -1 1 
1 1 -1 1 1 1 -1 -1 3 1 1 -1 -1 -1 -1 1 -1 -1 -1 -1 
1 1 1 -1 1 1 1 -1 3 1 1 -1 -1 -1 1 1 1 -1 -1 -1 
-1 1 1 1 -1 1 3 -1 1 -1 1 1 -1 3 -1 -1 -1 -1 -1 -1 
-1 -1 -1 1 -1 -1 3 -1 1 1 -1 3 3 -1 -1 -1 -1 -1 -1 -1 
-1 -1 1 3 3 3 -1 -1 -1 1 -1 -1 -1 -1 -1 -1 -1 -1 -1 7 
7 7 -1 -1 -1 -1 -1 -1 -1 -1 -1 -1 -1 -1 -1 -1 3 3 -1 7 
7 7 7 -1 -1 1 1 1 -1 -1 -1 -1 1 1 -1 -1 3 3 3 -1 
-1 7 7 3 1 -1 1 -1 -1 -1 -1 -1 1 -1 -1 -1 3 3 3 3 
-1 -1 3 3 -1 1 1 -1 -1 -1 -1 -1 -1 -1 -1 3 3 3 3 3 
-1 1 1 1 -1 -1 1 -1 -1 -1 -1 1 -1 1 1 -1 -1 -1 3 3 
-1 -1 1 1 1 1 -1 -1 -1 -1 1 -1 -1 1 1 3 -1 -1 1 -1 
-1 -1 -1 -1 1 1 1 1 1 1 -1 -1 1 1 3 -1 3 3 3 1 
1 1 -1 -1 1 1 1 1 1 1 -1 -1 3 3 3 3 3 1 3 1 
1 1 1 1 1 1 1 1 1 1 -1 -1 3 -1 -1 3 1 3 3 1 
1 -1 -1 -1 1 1 -1 -1 -1 -1 3 3 3 3 1 3 3 3 -1 3 
3 -1 1 1 -1 1 1 -1 -1 3 3 3 3 1 1 3 3 3 3 3 
3 1 -1 1 1 1 -1 -1 3 3 -1 -1 -1 3 3 3 3 -1 -1 3 
1 1 -1 -1 1 1 -1 3 -1 3 -1 3 -1 -1 3 3 -1 1 -1 -1 
1 1 -1 1 1 1 1 3 3 -1 3 -1 3 3 3 3 -1 1 1 1 
1 1 -1 1 1 1 3 3 -1 3 -1 3 1 3 3 -1 1 -1 1 1 
1 1 -1 1 1 1 1 3 3 -1 3 3 -1 1 3 3 1 1 1 1 
-1 1 1 1 1 3 -1 -1 -1 3 -1 3 3 1 3 -1 -1 -1 1 1 
3 -1 -1 -1 -1 3 3 -1 3 -1 -1 -1 -1 -1 40 3 -1 3 3 3 
3 1 -1 -1 3 -1 3 3 -1 -1 -1 -1 -1 -1 -1 40 -1 -1 3 3 
1 3 1 -1 -1 3 3 -1 3 -1 -1 3 3 -1 -1 -1 -1 -1 -1 -1 
3 3 1 -1 1 -1 1 1 -1 -1 3 -1 3 -1 -1 -1 -1 -1 -1 1 
1 3 1 -1 -1 1 1 1 -1 -1 -1 -1 3 -1 3 3 -1 3 -1 -1 
-1 -1 -1 -1 1 1 1 -1 -1 -1 -1 3 -1 3 3 3 -1 -1 3 1 
-1 3 -1 -1 -1 1 1 -1 1 -1 1 -1 -1 -1 1 -1 -1 -1 3 1 
3 3 -1 -1 -1 -1 -1 1 1 -1 1 1 1 -1 1 -1 1 3 1 3 
3 -1 -1 -1 3 3 -1 1 1 -1 -1 -1 -1 1 1 1 3 1 -1 -1 
-1 -1 -1 3 3 -1 3 -1 1 -1 1 1 1 1 1 -1 1 -1 1 1 
-1 -1 -1 3 3 3 3 -1 -1 1 -1 1 -1 1 1 -1 -1 -1 -1 -1 
-1 -1 -1 -1 3 -1 3 -1 -1 -1 -1 -1 -1 1 1 1 -1 -1 -1 -1 
-1 3 -1 3 3 3 -1 -1 -1 -1 -1 -1 1 1 1 1 1 1 1 1 
-1 1 3 3 3 1 3 3 -1 -1 3 -1 -1 1 1 1 -1 1 1 1 
-1 1 1 1 1 -1 -1 3 -1 -1 -1 3 -1 -1 1 1 1 -1 1 -1 
-1 -1 1 1 1 3 3 3 -1 -1 3 3 -1 -1 -1 1 1 -1 -1 -1 
1 1 -1 1 -1 3 -1 3 -1 1 -1 -1 -1 -1 -1 3 3 3 -1 -1 
1 3 1 1 -1 3 -1 -1 -1 -1 3 3 3 3 3 40 -1 -1 1 1 
3 1 1 -1 -1 -1 -1 -1 -1 3 3 3 3 3 40 -1 40 -1 1 1 
1 1 -1 3 3 3 -1 -1 3 3 -1 -1 -1 -1 -1 40 3 40 -1 3 
1 1 1 -1 -1 1 -1 -1 -1 1 -1 3 3 3 -1 40 -1 1 40 1 
-1 1 1 1 -1 -1 1 -1 1 -1 -1 -1 3 -1 -1 -1 -1 -1 -1 1 
9 -1 -1 1 1 1 -1 1 -1 -1 -1 -1 -1 -1 -1 -1 -1 -1 -1 1 
9 -1 1 1 1 -1 1 1 -1 -1 -1 -1 -1 3 3 3 1 1 1 -1 
-1 -1 -1 1 -1 1 1 -1 1 -1 3 -1 3 3 3 3 -1 1 3 -1 
-1 1 1 1 1 -1 1 1 -1 1 1 3 3 3 -1 3 3 3 -1 -1 
-1 -1 -1 3 -1 40 1 1 1 1 1 -1 3 -1 -1 -1 3 -1 -1 3 
3 1 3 -1 3 40 -1 -1 3 3 3 -1 -1 3 -1 3 -1 -1 3 3 
3 1 -1 1 1 1 1 -1 3 3 3 1 3 3 -1 -1 3 3 3 3 
1 3 3 1 -1 1 3 3 3 3 3 -1 3 3 -1 -1 -1 3 3 3 
1 3 3 3 3 3 -1 -1 -1 3 3 3 3 -1 -1 -1 -1 -1 3 3 
-1 3 -1 3 3 3 -1 -1 3 -1 -1 -1 -1 -1 -1 -1 -1 3 -1 -1 
3 3 3 -1 3 -1 3 1 -1 3 3 3 -1 -1 -1 -1 3 -1 -1 -1 
40 3 3 -1 -1 -1 -1 -1 -1 -1 3 3 -1 -1 3 -1 -1 -1 -1 -1 
40 3 -1 -1 -1 -1 -1 -1 -1 3 -1 3 -1 3 3 3 -1 -1 -1 -1 
3 3 -1 -1 -1 -1 -1 -1 3 -1 1 1 -1 -1 -1 3 3 3 3 -1 
3 -1 -1 -1 -1 3 3 -1 3 3 1 -1 -1 -1 -1 3 40 40 3 3 
-1 -1 -1 -1 -1 -1 3 3 -1 -1 3 -1 3 -1 -1 3 40 40 3 -1 
-1 3 -1 -1 -1 -1 -1 3 3 3 3 -1 3 3 3 -1 40 -1 8 -1 
1 3 -1 -1 -1 -1 -1 3 3 -1 1 -1 3 3 3 3 40 8 1 -1 
1 1 1 1 -1 -1 -1 -1 40 40 -1 -1 -1 3 3 3 -1 1 -1 -1 
9 -1 1 1 -1 -1 -1 40 -1 40 -1 3 -1 -1 -1 -1 -1 -1 -1 9 
9 -1 1 1 -1 40 40 -1 40 -1 -1 -1 -1 -1 -1 -1 -1 -1 9 9 
-1 9 1 1 -1 -1 40 -1 -1 9 9 -1 9 -1 -1 -1 9 9 1 9 
9 -1 9 1 -1 -1 -1 40 9 9 9 -1 9 9 -1 -1 9 9 9 9 
9 9 3 9 1 -1 1 -1 -1 9 9 9 9 -1 -1 -1 9 9 9 9 
-1 9 3 9 -1 1 1 1 -1 -1 -1 9 9 -1 -1 9 -1 9 9 9 
-1 3 -1 3 -1 -1 -1 -1 -1 9 9 9 -1 9 -1 -1 9 9 9 9 
-1 -1 7 -1 -1 1 -1 1 -1 9 9 9 9 9 9 9 -1 -1 9 9 
9 7 3 3 -1 -1 1 -1 -1 -1 -1 9 9 9 9 9 9 9 9 9 
3 3 3 3 3 -1 1 1 -1 -1 -1 1 -1 9 9 9 9 -1 -1 -1 
-1 3 3 3 3 1 -1 -1 40 40 -1 40 1 -1 9 1 9 -1 3 -1 
3 3 -1 3 3 -1 40 40 -1 40 40 9 9 1 -1 1 1 -1 3 3 
-1 3 -1 1 -1 1 40 -1 40 -1 -1 1 1 -1 1 -1 1 1 3 3 
3 3 3 -1 1 1 40 -1 40 40 40 1 1 -1 1 1 1 3 1 3 
3 1 1 1 1 1 -1 -1 40 40 40 -1 1 1 1 1 1 1 -1 3 
-1 1 3 1 1 -1 -1 40 -1 -1 40 1 1 1 1 -1 1 -1 3 -1 
1 1 -1 1 1 1 40 -1 -1 -1 40 40 -1 1 1 -1 -1 -1 1 -1 
1 1 -1 1 -1 -1 -1 -1 40 40 40 40 -1 -1 1 1 -1 -1 1 -1 
1 -1 -1 -1 -1 -1 -1 -1 40 40 40 40 -1 1 1 -1 -1 1 1 1 
1 -1 1 1 8 9 -1 1 1 1 1 1 1 9 1 -1 1 1 1 1 
3 1 1 8 9 9 -1 1 1 -1 1 9 9 9 1 1 1 1 1 1 
-1 1 1 1 9 9 -1 -1 -1 9 9 1 9 9 -1 1 1 -1 1 1 
3 -1 1 -1 -1 9 9 9 -1 9 1 9 9 -1 -1 -1 -1 -1 -1 -1 
-1 -1 9 9 9 9 9 9 -1 9 9 9 9 -1 -1 -1 -1 -1 -1 3 
9 -1 9 -1 -1 9 9 9 9 9 9 9 -1 -1 -1 -1 -1 -1 9 9 
-1 9 -1 -1 9 9 -1 9 9 9 9 -1 -1 -1 -1 -1 -1 9 9 -1 
9 9 9 9 9 -1 -1 -1 9 9 9 9 -1 9 -1 -1 -1 -1 9 9 
9 9 9 9 -1 -1 -1 9 -1 9 9 9 9 9 9 9 9 9 9 9 
3 -1 1 -1 -1 -1 9 9 -1 9 9 9 9 9 9 9 9 -1 9 -1 
9 1 -1 1 1 -1 -1 9 9 9 9 9 9 9 9 -1 9 9 -1 3 
-1 1 1 -1 1 1 1 9 9 9 -1 -1 -1 -1 -1 9 -1 1 1 9 
-1 1 -1 -1 -1 1 1 1 -1 9 1 1 -1 -1 1 1 1 1 1 9 
1 1 -1 -1 -1 -1 -1 -1 1 -1 -1 1 1 -1 1 1 1 1 9 1 
1 1 1 -1 1 9 9 1 9 1 -1 9 -1 1 1 1 -1 1 1 1 
-1 1 -1 1 1 1 1 9 1 8 9 -1 1 -1 -1 1 1 1 1 1 
1 1 1 -1 -1 1 1 1 1 9 1 -1 1 1 1 1 -1 1 1 1 
1 1 1 1 1 1 1 1 -1 1 1 1 -1 1 1 1 -1 1 1 1 
-1 1 1 1 1 1 1 1 -1 -1 -1 1 1 -1 1 1 1 1 1 1 
1 1 1 -1 1 1 1 -1 -1 1 1 1 1 1 1 1 1 1 1 1 
1 -1 1 9 9 -1 9 -1 -1 -1 -1 9 -1 3 -1 9 9 -1 -1 9 
1 -1 9 1 -1 9 -1 -1 -1 -1 -1 -1 -1 3 3 -1 9 9 9 9 
1 1 1 1 9 9 9 9 9 9 9 9 -1 3 9 9 -1 -1 10 9 
-1 1 1 1 9 9 9 9 9 9 9 9 3 9 9 9 9 9 10 9 
-1 9 1 9 9 9 9 1 9 1 -1 -1 9 9 -1 40 9 9 -1 -1 
9 10 9 -1 -1 -1 9 9 33 9 1 1 9 -1 9 9 1 1 1 -1 
-1 10 -1 10 -1 -1 33 33 -1 33 1 1 1 1 -1 9 1 1 1 1 
10 1 10 -1 10 33 33 33 33 -1 -1 1 1 1 -1 33 3 3 1 1 
10 10 10 10 -1 9 -1 33 -1 -1 1 -1 1 -1 33 33 33 -1 -1 10 
10 10 33 10 10 -1 9 9 33 -1 -1 9 -1 -1 33 33 -1 -1 -1 10 
10 33 33 2 2 9 -1 33 33 -1 -1 -1 9 -1 -1 -1 9 9 9 10 
33 1 -1 -1 9 1 1 1 -1 -1 -1 -1 9 -1 -1 9 9 9 9 33 
10 33 -1 9 1 1 1 9 -1 -1 -1 9 -1 -1 -1 9 9 -1 -1 33 
10 -1 -1 1 1 1 1 -1 9 -1 -1 9 9 -1 -1 -1 9 9 -1 9 
-1 -1 1 1 1 1 -1 1 -1 9 9 -1 -1 -1 -1 -1 -1 -1 9 -1 
-1 -1 9 9 1 3 1 9 9 9 9 9 -1 -1 -1 1 -1 1 9 -1 
9 1 9 9 1 3 1 9 -1 9 -1 9 -1 9 9 1 1 9 9 9 
9 1 9 9 9 9 9 1 -1 -1 -1 -1 -1 -1 -1 9 -1 -1 9 9 
-1 1 9 9 9 9 9 -1 9 9 -1 -1 -1 -1 -1 9 9 9 9 9 
-1 -1 1 9 9 9 9 9 -1 -1 -1 -1 -1 9 9 9 9 -1 9 -1 
9 9 9 1 1 1 1 -1 1 1 1 3 3 3 3 -1 3 9 9 -1 
3 9 9 1 1 1 1 -1 1 -1 3 -1 3 3 3 3 9 9 9 -1 
9 9 9 -1 -1 1 1 -1 -1 3 1 -1 -1 3 3 -1 -1 9 9 9 
9 9 -1 9 9 -1 -1 -1 3 1 -1 -1 -1 -1 -1 3 -1 9 -1 -1 
-1 -1 -1 9 -1 -1 -1 -1 -1 -1 -1 -1 -1 -1 -1 32 32 9 9 1 
9 -1 -1 9 9 3 -1 9 3 -1 -1 -1 9 -1 -1 9 9 -1 9 9 
9 -1 -1 9 -1 -1 3 -1 9 3 -1 -1 9 -1 32 -1 9 -1 -1 9 
9 1 -1 9 -1 3 9 3 9 9 9 9 -1 -1 -1 9 9 9 9 9 
9 9 1 9 10 9 9 9 9 9 9 9 9 -1 -1 9 9 9 9 9 
-1 9 9 9 10 -1 9 9 9 9 9 9 -1 9 -1 9 9 -1 -1 -1 
1 1 9 9 1 -1 -1 9 -1 9 1 -1 1 1 9 9 -1 1 -1 -1 
-1 1 1 1 9 9 9 -1 -1 -1 1 9 1 1 -1 1 -1 1 -1 -1 
-1 1 1 1 -1 -1 9 9 -1 9 9 -1 -1 1 1 1 1 -1 1 -1 
9 1 1 1 -1 9 9 -1 1 9 9 1 -1 -1 1 1 -1 -1 3 1 
1 9 1 1 -1 9 1 9 1 9 1 9 -1 -1 1 3 -1 -1 3 -1 
9 9 1 1 1 -1 1 9 1 9 9 -1 -1 -1 3 1 3 3 3 -1 
-1 -1 1 1 1 9 9 9 9 9 -1 -1 3 2 3 3 -1 9 -1 -1 
1 9 -1 1 1 -1 1 9 9 9 -1 -1 2 3 3 3 -1 9 -1 1 
9 9 -1 -1 1 1 1 9 9 -1 -1 -1 3 -1 3 3 9 9 9 -1 
3 9 3 -1 -1 1 1 9 -1 1 -1 3 3 3 3 -1 -1 9 -1 3 
1 -1 1 1 1 1 1 1 -1 -1 -1 1 -1 -1 -1 -1 1 1 -1 9 
1 -1 -1 -1 -1 1 1 1 1 1 -1 -1 1 -1 -1 -1 1 -1 1 1 
1 1 -1 -1 32 1 1 1 1 -1 1 1 -1 1 1 1 1 1 -1 -1 
1 1 1 32 -1 32 -1 -1 1 -1 1 1 -1 1 1 1 -1 1 -1 -1 
1 1 -1 -1 32 32 1 1 1 -1 -1 -1 1 1 1 -1 1 1 1 -1 
1 1 -1 -1 32 32 32 1 -1 -1 -1 1 1 -1 -1 1 -1 3 1 1 
9 1 1 32 32 32 -1 6 6 6 1 1 -1 -1 -1 -1 3 3 3 -1 
-1 9 9 32 32 -1 32 -1 6 -1 -1 -1 -1 -1 -1 3 -1 3 -1 9 
-1 -1 9 -1 -1 32 -1 -1 6 -1 -1 -1 -1 1 -1 3 3 -1 1 1 
1 1 -1 -1 -1 -1 9 6 -1 -1 -1 -1 1 1 1 -1 -1 1 1 -1 
1 1 -1 9 9 -1 -1 -1 -1 -1 -1 -1 -1 1 -1 -1 -1 -1 -1 1 
1 1 -1 -1 9 9 9 3 -1 -1 32 -1 -1 -1 -1 3 3 -1 -1 -1 
1 1 1 -1 -1 -1 3 9 3 3 -1 32 32 -1 -1 1 -1 9 -1 -1 
3 1 1 -1 9 9 -1 -1 3 3 32 32 32 32 1 1 3 9 1 3 
1 3 -1 -1 9 -1 -1 -1 -1 -1 -1 -1 32 32 -1 9 9 9 -1 -1 
9 -1 -1 -1 -1 9 -1 -1 -1 -1 -1 6 -1 -1 9 9 9 9 -1 9 
-1 -1 -1 -1 -1 -1 -1 -1 -1 -1 6 6 6 9 -1 9 9 9 -1 9 
-1 -1 -1 -1 -1 -1 -1 -1 1 1 1 -1 9 9 -1 9 -1 -1 9 -1 
-1 -1 -1 -1 -1 -1 -1 -1 1 1 1 9 -1 32 32 9 9 -1 9 -1 
9 1 -1 1 -1 -1 -1 1 1 1 1 1 -1 -1 32 -1 9 9 1 9 
-1 1 -1 -1 -1 -1 -1 -1 -1 -1 1 1 -1 -1 1 -1 -1 32 -1 -1 
1 1 -1 -1 -1 1 1 1 1 -1 -1 -1 -1 1 -1 -1 -1 -1 32 1 
1 1 -1 1 -1 -1 -1 -1 9 1 -1 -1 -1 -1 -1 -1 -1 32 3 1 
1 -1 1 -1 -1 -1 -1 9 -1 -1 -1 -1 -1 -1 -1 -1 -1 3 3 -1 
1 -1 -1 -1 1 -1 -1 -1 -1 -1 -1 32 -1 -1 -1 -1 32 -1 3 1 
3 -1 -1 1 3 3 -1 3 -1 -1 1 -1 -1 -1 -1 32 32 2 -1 3 
3 -1 -1 -1 3 -1 3 3 3 32 -1 2 -1 32 32 32 -1 32 2 -1 
3 -1 -1 -1 -1 -1 3 1 3 -1 2 2 3 32 -1 3 3 -1 3 3 
1 -1 -1 1 3 -1 3 1 -1 -1 -1 3 -1 32 3 3 -1 -1 -1 1 
1 6 1 -1 -1 3 -1 3 -1 -1 -1 -1 32 32 3 -1 -1 -1 1 1 
6 6 6 1 -1 -1 3 3 9 -1 -1 32 32 -1 -1 -1 6 6 6 -1 
6 6 -1 -1 9 9 -1 -1 9 9 9 9 -1 -1 -1 1 6 6 6 6 
6 9 9 9 9 -1 -1 -1 9 9 -1 -1 -1 -1 1 1 6 6 6 6 
4 6 6 1 1 1 1 9 -1 9 -1 -1 -1 -1 -1 6 -1 6 6 6 
6 1 6 1 1 1 -1 -1 9 9 -1 -1 6 -1 -1 6 6 6 6 6 
1 6 1 -1 1 -1 -1 -1 3 -1 -1 -1 6 1 6 6 -1 6 6 6 
6 3 3 -1 -1 1 -1 3 3 -1 -1 6 -1 1 1 1 1 -1 3 1 
3 -1 3 -1 -1 -1 -1 -1 -1 -1 -1 -1 -1 1 1 1 -1 -1 -1 3 
-1 -1 -1 3 -1 -1 -1 -1 -1 1 -1 1 1 1 1 1 -1 -1 -1 -1 
-1 -1 -1 -1 -1 -1 -1 -1 -1 1 1 1 1 1 -1 1 -1 -1 -1 -1 
-1 -1 -1 9 1 9 -1 9 3 9 3 3 3 -1 3 1 1 3 3 3 
-1 -1 -1 9 9 9 -1 1 3 3 3 3 3 3 1 3 3 3 -1 3 
-1 -1 -1 -1 -1 -1 9 3 1 3 1 1 -1 1 -1 3 -1 -1 -1 3 
1 -1 -1 -1 -1 9 9 -1 3 -1 -1 3 -1 -1 1 -1 3 -1 1 -1 
1 1 1 -1 1 9 -1 -1 -1 9 9 -1 -1 1 1 -1 1 1 1 -1 
1 1 1 -1 -1 -1 1 1 1 1 1 -1 -1 1 1 1 1 -1 -1 1 
1 1 1 -1 -1 1 1 1 1 -1 -1 1 1 1 1 1 1 -1 1 1 
1 -1 -1 -1 -1 -1 -1 -1 -1 1 -1 1 1 1 -1 1 1 1 1 1 
1 -1 -1 1 1 -1 1 -1 1 1 1 1 -1 -1 1 -1 1 1 1 1 
-1 -1 1 1 1 -1 1 -1 1 -1 1 1 9 -1 1 9 1 -1 1 1 
-1 -1 1 1 1 -1 -1 1 1 1 -1 1 9 9 1 -1 9 1 1 1 
-1 1 -1 1 1 1 1 -1 -1 -1 1 9 9 -1 -1 1 1 1 -1 -1 
-1 -1 -1 1 1 1 1 1 -1 1 9 1 -1 -1 -1 -1 1 1 1 -1 
-1 1 1 -1 1 1 1 -1 1 1 1 1 -1 -1 1 1 1 -1 1 -1 
-1 -1 1 1 1 -1 -1 1 -1 1 -1 -1 -1 1 1 1 -1 1 1 1 
-1 -1 1 -1 -1 1 1 -1 -1 1 1 -1 -1 -1 -1 1 -1 3 1 3 
-1 -1 -1 -1 -1 1 1 1 1 1 1 -1 -1 -1 -1 -1 1 3 -1 3 
2 -1 -1 -1 3 3 1 1 -1 1 1 1 -1 -1 -1 -1 1 1 3 -1 
2 -1 3 -1 -1 -1 9 -1 -1 -1 -1 -1 1 -1 -1 1 3 1 3 -1 
3 -1 3 -1 -1 -1 9 -1 9 -1 1 3 -1 -1 3 1 1 3 -1 3 
1 1 1 1 1 -1 1 -1 1 -1 -1 -1 1 5 5 -1 1 -1 -1 1 
1 -1 -1 -1 -1 1 1 1 -1 1 -1 5 5 -1 5 5 -1 -1 1 1 
1 -1 -1 -1 -1 1 -1 -1 -1 -1 5 5 5 5 5 -1 -1 -1 1 1 
1 1 -1 -1 1 -1 1 -1 1 -1 5 5 5 -1 -1 -1 1 -1 -1 1 
1 -1 -1 -1 1 1 -1 1 1 1 -1 5 -1 -1 -1 -1 -1 1 1 -1 
-1 1 1 -1 -1 -1 1 1 1 1 -1 -1 5 -1 -1 1 1 1 1 1 
1 1 1 -1 -1 -1 -1 -1 1 1 1 1 -1 -1 5 5 1 1 -1 1 
1 1 1 1 -1 -1 -1 -1 1 3 1 1 1 5 -1 5 1 1 1 -1 
1 1 -1 -1 -1 3 3 1 3 1 3 -1 1 1 5 1 1 1 -1 1 
-1 1 -1 -1 -1 -1 -1 1 3 3 -1 1 1 1 -1 5 1 -1 1 -1 
-1 -1 1 -1 1 -1 1 3 3 3 -1 1 1 1 -1 1 1 1 -1 1 
-1 -1 -1 -1 -1 1 1 1 -1 -1 1 -1 1 -1 1 1 -1 1 1 -1 
1 -1 1 -1 1 1 1 -1 3 -1 1 1 1 -1 1 -1 -1 1 1 1 
1 1 -1 1 1 -1 -1 -1 1 3 -1 1 1 1 1 1 1 1 -1 1 
1 1 1 -1 1 1 1 1 1 -1 -1 -1 1 -1 1 1 1 -1 1 1 
-1 1 1 3 -1 -1 1 1 -1 9 -1 1 -1 1 1 1 -1 -1 1 1 
1 1 1 1 -1 1 -1 1 9 -1 1 1 1 -1 1 -1 1 1 1 -1 
1 1 -1 -1 1 -1 -1 -1 1 9 1 9 -1 1 -1 -1 1 1 -1 1 
1 -1 -1 1 1 1 1 -1 1 -1 9 1 -1 -1 -1 1 1 1 1 -1 
1 1 1 1 1 1 -1 -1 -1 -1 1 -1 1 5 -1 1 1 -1 1 1 
1 -1 -1 -1 1 1 1 1 1 1 -1 -1 -1 1 -1 1 1 1 -1 1 
1 1 1 -1 -1 1 -1 1 -1 1 -1 1 -1 1 1 1 1 1 1 -1 
1 1 1 1 -1 1 -1 -1 1 1 1 1 1 1 1 1 -1 1 1 1 
1 -1 1 -1 1 -1 1 1 1 1 1 1 1 1 1 1 1 1 1 1 
1 1 -1 1 1 -1 1 1 1 1 1 1 1 1 1 1 -1 -1 1 1 
1 1 1 -1 1 1 -1 -1 -1 1 1 1 1 1 1 -1 1 1 -1 1 
-1 1 1 1 -1 1 1 -1 1 1 1 -1 1 1 -1 1 1 -1 1 1 
-1 -1 -1 -1 1 1 1 9 9 1 1 -1 1 1 -1 -1 1 1 1 1 
1 1 -1 -1 1 1 1 -1 1 1 -1 1 1 1 -1 1 -1 -1 1 1 
1 -1 -1 1 1 1 3 9 1 -1 -1 1 -1 -1 1 1 1 1 -1 -1 
-1 1 1 1 1 -1 -1 3 3 1 -1 -1 -1 -1 1 1 1 3 -1 1 
3 1 1 1 1 -1 -1 1 3 1 -1 -1 1 1 1 1 -1 -1 3 3 
-1 1 1 1 1 -1 9 2 -1 -1 -1 1 1 1 1 1 1 -1 -1 3 
1 -1 1 1 -1 -1 1 -1 1 2 -1 -1 -1 1 -1 1 -1 1 1 1 
1 -1 1 1 -1 -1 1 1 1 1 -1 1 1 -1 -1 -1 1 1 1 1 
-1 1 -1 -1 1 -1 -1 1 1 1 1 1 1 1 1 -1 -1 1 1 -1 
-1 -1 -1 -1 1 -1 -1 1 1 1 1 1 3 1 1 -1 -1 1 -1 -1 
1 -1 1 -1 -1 1 1 1 1 1 1 -1 1 3 -1 -1 -1 -1 -1 -1 
1 1 1 1 1 -1 1 1 1 -1 3 -1 1 1 1 -1 -1 -1 -1 -1 
1 1 1 1 1 1 3 1 1 1 -1 1 1 1 1 -1 1 1 -1 1 
1 1 -1 1 1 -1 1 -1 -1 -1 -1 1 1 1 -1 1 3 -1 1 1 
1 1 -1 1 1 1 1 1 -1 -1 -1 1 1 -1 -1 1 -1 -1 1 -1 
1 1 1 1 1 -1 -1 1 -1 -1 -1 -1 1 -1 1 1 1 1 1 -1 
1 1 1 -1 -1 -1 3 3 1 1 -1 1 -1 1 1 1 1 1 1 1 
1 1 1 -1 -1 -1 1 1 -1 1 -1 1 1 1 -1 1 1 1 -1 1 
1 1 1 -1 -1 -1 1 1 1 -1 -1 1 -1 -1 -1 1 1 -1 3 -1 
-1 3 3 -1 1 1 1 1 1 -1 -1 -1 -1 -1 -1 -1 -1 -1 1 3 
1 3 -1 1 1 -1 -1 -1 -1 1 1 1 -1 1 -1 -1 -1 1 3 -1 
1 3 1 1 1 1 -1 -1 -1 -1 1 1 -1 1 -1 -1 -1 3 5 5 
1 1 1 9 9 1 1 1 -1 -1 -1 1 -1 1 -1 1 3 3 -1 3 
1 1 1 1 -1 -1 1 -1 -1 1 1 1 1 -1 1 1 3 3 3 -1 
-1 1 1 -1 -1 1 -1 1 -1 -1 1 1 -1 -1 1 1 3 1 -1 1 
1 1 -1 -1 -1 -1 -1 1 -1 -1 -1 -1 1 -1 -1 1 1 1 1 1 
1 1 1 1 -1 -1 1 3 1 1 9 1 1 -1 -1 1 -1 1 1 1 
1 3 1 1 1 -1 1 -1 3 3 1 9 1 1 1 -1 1 1 1 1 
3 3 1 1 1 1 1 1 3 3 1 9 1 1 1 -1 -1 1 1 1 
1 1 -1 -1 1 1 1 1 1 -1 -1 9 -1 1 1 1 -1 1 1 1 
1 1 1 1 -1 1 1 1 -1 1 -1 -1 1 1 -1 1 9 9 9 -1 
-1 1 3 1 1 1 1 1 1 1 1 -1 1 1 1 9 9 1 -1 -1 
1 -1 1 -1 1 1 1 -1 1 1 1 -1 1 1 9 9 1 -1 -1 1 
1 1 -1 1 1 1 1 1 1 1 -1 1 -1 1 1 1 1 1 3 3 
3 1 1 1 1 1 -1 -1 -1 1 -1 -1 3 3 3 -1 1 -1 -1 -1 
-1 -1 1 -1 -1 -1 -1 -1 -1 9 9 9 -1 -1 -1 1 1 1 -1 -1 
-1 1 1 -1 -1 -1 9 -1 9 9 9 9 9 -1 1 -1 6 1 1 1 
-1 -1 -1 -1 -1 -1 -1 9 9 -1 9 9 -1 1 1 -1 6 6 1 -1 
-1 -1 -1 -1 -1 1 1 3 -1 9 -1 9 9 9 9 2 6 1 2 2 
2 -1 -1 -1 1 1 1 3 9 9 -1 9 9 9 2 -1 6 2 2 -1 
1 1 1 1 -1 1 1 1 -1 9 9 9 -1 9 -1 -1 6 9 -1 -1 
1 -1 1 1 1 3 1 1 1 9 9 9 9 -1 9 9 9 -1 -1 1 
1 1 1 -1 1 1 1 1 1 -1 5 -1 -1 9 9 9 1 -1 -1 1 
1 1 1 1 1 1 1 1 1 -1 -1 -1 -1 -1 9 9 -1 1 1 1 
1 1 1 1 1 1 1 1 1 1 -1 -1 1 -1 -1 -1 -1 1 1 -1 
1 1 1 -1 1 1 1 1 1 1 -1 -1 -1 1 -1 1 1 1 1 1 
1 5 1 1 1 1 -1 1 1 1 -1 -1 1 1 -1 1 -1 1 1 1 
1 1 5 1 1 1 1 -1 1 -1 -1 -1 1 -1 -1 -1 1 -1 -1 1 
-1 1 1 5 -1 -1 -1 -1 -1 -1 -1 1 1 -1 1 -1 1 1 -1 -1 
-1 5 1 -1 1 -1 -1 -1 1 -1 1 1 1 1 1 1 -1 1 1 -1 
5 5 -1 -1 -1 1 1 1 -1 -1 1 -1 -1 1 1 1 1 -1 -1 3 
3 3 1 -1 -1 1 -1 -1 1 1 1 1 1 1 1 1 -1 1 1 -1 
3 -1 1 1 1 1 1 -1 1 -1 -1 1 -1 -1 1 1 1 1 1 3 
-1 -1 3 3 3 3 3 -1 -1 -1 -1 -1 -1 -1 -1 -1 -1 1 3 -1 
-1 -1 -1 -1 3 3 3 -1 -1 -1 -1 -1 -1 3 -1 -1 1 1 1 -1 
1 1 1 1 -1 -1 3 3 -1 -1 3 -1 -1 -1 1 -1 1 5 1 -1 
-1 1 1 -1 1 -1 -1 -1 -1 3 -1 -1 2 2 -1 1 1 1 5 5 
1 1 1 1 1 -1 -1 -1 3 -1 -1 -1 2 2 -1 1 -1 -1 5 -1 
1 1 1 -1 1 1 -1 -1 3 3 -1 -1 -1 2 2 2 -1 -1 -1 -1 
1 1 -1 -1 -1 1 3 1 -1 3 2 -1 2 2 2 -1 1 -1 -1 1 
1 -1 -1 -1 1 1 1 1 -1 -1 3 2 1 1 1 1 -1 -1 -1 1 
1 -1 1 -1 -1 1 1 1 -1 -1 1 -1 1 1 1 1 1 41 -1 1 
1 1 -1 1 1 -1 1 -1 1 -1 1 3 1 -1 1 -1 1 1 1 -1 
1 1 -1 1 1 1 -1 1 1 1 3 1 1 1 -1 1 1 1 1 -1 
1 1 3 -1 -1 -1 -1 1 1 1 -1 -1 1 1 -1 1 -1 1 1 -1 
1 3 -1 -1 6 -1 -1 1 1 1 1 -1 -1 1 -1 -1 -1 -1 1 -1 
1 1 3 -1 -1 6 -1 1 -1 -1 -1 -1 -1 -1 -1 1 1 -1 1 -1 
-1 3 1 1 1 1 -1 1 -1 1 1 -1 1 -1 1 1 1 1 1 -1 
-1 3 -1 -1 1 -1 3 3 -1 1 1 -1 1 1 1 1 1 -1 1 -1 
-1 -1 -1 1 -1 -1 -1 3 3 1 3 3 1 1 1 1 -1 -1 -1 -1 
-1 -1 1 -1 1 -1 -1 1 1 3 1 1 3 1 -1 1 1 -1 -1 -1 
-1 -1 -1 -1 -1 -1 -1 -1 -1 1 1 -1 -1 -1 -1 -1 -1 -1 -1 3 
3 -1 3 -1 3 3 -1 -1 -1 1 -1 1 -1 -1 -1 -1 -1 3 -1 -1 
1 1 -1 -1 -1 -1 -1 3 3 -1 -1 -1 -1 -1 -1 -1 -1 3 -1 -1 
1 1 -1 -1 -1 3 -1 -1 -1 -1 -1 -1 -1 -1 -1 1 3 3 3 1 
1 -1 1 1 1 -1 -1 -1 -1 -1 -1 -1 -1 3 -1 -1 -1 3 1 3 
1 -1 -1 41 -1 -1 -1 3 -1 -1 -1 3 3 3 1 1 -1 -1 1 3 
-1 -1 41 -1 -1 -1 -1 3 -1 -1 -1 -1 1 3 1 1 -1 3 -1 -1 
-1 -1 -1 -1 -1 -1 -1 -1 3 1 -1 3 3 1 1 1 1 -1 -1 -1 
-1 -1 -1 -1 3 3 3 -1 -1 1 1 1 -1 1 1 -1 1 -1 -1 -1 
-1 -1 -1 3 3 3 3 -1 -1 -1 1 1 -1 -1 -1 -1 -1 1 -1 -1 
-1 -1 -1 3 1 3 3 -1 -1 1 1 1 -1 -1 1 1 1 -1 1 -1 
3 -1 3 -1 -1 1 3 3 3 1 1 1 1 -1 -1 -1 1 -1 3 3 
3 3 -1 3 -1 1 3 3 3 -1 -1 -1 3 3 3 -1 3 3 -1 3 
3 -1 3 3 3 3 3 -1 3 3 1 -1 -1 -1 1 3 -1 3 3 3 
-1 -1 3 3 3 3 3 3 -1 -1 -1 1 -1 1 1 1 3 -1 3 -1 
-1 -1 -1 3 -1 3 3 -1 -1 3 -1 -1 1 -1 1 1 1 3 3 3 
3 -1 3 3 -1 -1 1 3 3 -1 -1 -1 -1 -1 1 1 -1 3 -1 -1 
-1 3 3 3 -1 1 1 1 3 -1 -1 -1 1 1 -1 1 1 -1 -1 -1 
1 3 3 3 3 -1 -1 -1 3 -1 -1 -1 1 -1 1 1 1 -1 -1 -1 
3 3 3 -1 3 -1 -1 3 3 -1 -1 1 1 -1 1 -1 1 3 -1 1 
3 3 -1 3 -1 3 3 -1 -1 -1 -1 -1 1 1 1 -1 -1 3 -1 3 
-1 -1 3 -1 -1 -1 3 3 3 -1 -1 -1 -1 -1 1 -1 -1 -1 3 3 
1 1 1 1 1 -1 3 3 3 3 -1 3 3 3 3 3 -1 3 -1 -1 
3 1 1 9 -1 -1 -1 -1 -1 -1 3 -1 3 3 -1 41 3 3 3 3 
3 1 -1 9 9 -1 -1 -1 -1 -1 -1 3 35 35 3 33 41 -1 3 3 
-1 -1 -1 -1 -1 9 -1 -1 -1 -1 -1 3 35 3 41 33 33 13 3 3 
3 3 3 3 35 -1 -1 -1 -1 -1 -1 3 -1 41 33 -1 33 -1 -1 3 
3 3 3 35 3 35 -1 41 41 41 41 -1 -1 -1 33 -1 33 -1 -1 3 
1 3 1 1 1 35 -1 3 -1 -1 -1 3 -1 41 33 33 33 -1 3 -1 
-1 1 1 -1 -1 3 3 -1 -1 -1 -1 -1 33 -1 41 41 1 33 -1 3 
-1 1 -1 -1 3 3 -1 -1 -1 -1 -1 -1 41 41 41 -1 33 1 1 1 
-1 -1 3 3 3 -1 -1 -1 -1 41 -1 -1 -1 -1 -1 1 -1 33 1 1 
-1 -1 -1 3 3 -1 3 -1 -1 41 41 -1 -1 41 -1 1 1 -1 -1 -1 
3 3 -1 3 -1 -1 3 -1 41 41 41 -1 9 -1 -1 1 -1 -1 -1 -1 
-1 3 6 3 -1 -1 -1 3 41 -1 3 9 -1 -1 -1 -1 -1 -1 -1 -1 
-1 3 3 3 3 -1 -1 3 -1 -1 -1 3 3 -1 3 -1 3 -1 -1 -1 
-1 3 6 -1 -1 3 -1 -1 3 -1 -1 3 3 3 3 3 3 -1 41 -1 
-1 -1 6 6 3 33 -1 -1 -1 3 -1 -1 3 -1 3 3 -1 1 -1 41 
1 -1 -1 3 3 -1 3 3 3 3 3 -1 -1 -1 -1 -1 -1 -1 1 1 
-1 3 3 3 3 -1 3 -1 -1 -1 -1 -1 3 -1 3 -1 -1 -1 -1 -1 
-1 -1 3 -1 -1 9 -1 3 -1 3 -1 -1 3 3 3 -1 -1 -1 -1 3 
-1 -1 -1 -1 -1 9 9 3 -1 3 3 -1 -1 3 3 3 -1 -1 -1 3 
33 -1 -1 -1 -1 9 -1 -1 -1 -1 -1 13 5 13 13 7 7 -1 -1 -1 
-1 -1 33 33 -1 -1 9 -1 -1 13 13 5 5 5 13 7 7 7 -1 33 
-1 33 33 33 33 -1 -1 9 -1 13 13 13 5 -1 7 7 -1 -1 33 33 
-1 33 33 2 33 9 13 13 13 13 13 13 7 7 7 -1 33 33 33 -1 
33 -1 33 2 -1 9 13 13 13 13 -1 -1 -1 3 3 33 33 33 33 -1 
-1 33 1 33 3 9 13 13 13 13 -1 -1 -1 -1 3 -1 5 33 -1 -1 
6 -1 5 33 -1 -1 13 13 -1 13 -1 -1 -1 3 3 3 -1 -1 -1 -1 
6 6 5 -1 -1 -1 -1 13 9 -1 -1 -1 3 3 3 1 -1 -1 -1 -1 
-1 6 5 3 3 -1 -1 9 13 3 -1 3 -1 3 -1 -1 -1 3 -1 -1 
-1 -1 5 3 -1 3 3 13 3 -1 3 7 -1 7 7 -1 6 3 -1 6 
6 5 3 -1 3 3 3 3 -1 -1 -1 -1 7 7 7 6 3 7 -1 -1 
-1 5 5 -1 -1 -1 3 3 3 3 3 6 7 -1 7 -1 -1 7 7 -1 
-1 -1 33 3 -1 -1 1 -1 3 3 6 7 7 7 -1 -1 -1 -1 -1 4 
4 -1 3 33 -1 5 5 -1 -1 6 13 7 7 7 7 7 -1 -1 -1 4 
3 4 3 3 -1 3 13 13 13 -1 13 13 7 -1 -1 41 -1 -1 -1 3 
-1 5 3 3 3 -1 -1 13 13 -1 -1 13 13 -1 -1 41 41 3 -1 3 
-1 -1 13 -1 3 -1 -1 -1 -1 -1 -1 13 13 -1 13 13 -1 -1 3 3 
-1 9 13 13 -1 -1 -1 -1 -1 -1 13 13 13 43 43 13 -1 -1 -1 -1 
-1 -1 13 13 13 -1 -1 -1 -1 33 5 5 13 13 13 42 -1 -1 -1 -1 
-1 -1 -1 13 -1 -1 -1 -1 -1 5 -1 -1 13 -1 -1 -1 43 -1 -1 -1 
-1 -1 -1 -1 -1 -1 -1 13 13 13 13 -1 13 -1 11 -1 -1 6 6 -1 
13 13 13 13 13 13 13 -1 13 -1 -1 13 13 7 11 6 6 6 -1 -1 
-1 13 13 -1 13 13 13 13 3 -1 3 -1 -1 7 -1 13 13 -1 -1 13 
-1 13 13 13 -1 13 -1 13 3 3 -1 13 -1 -1 13 13 9 13 13 13 
13 -1 13 -1 5 5 13 3 -1 -1 13 13 -1 -1 -1 13 9 9 13 13 
-1 -1 13 5 13 5 5 -1 3 13 13 -1 13 -1 -1 -1 -1 13 13 13 
-1 -1 -1 5 5 13 13 5 -1 13 13 13 13 -1 -1 13 -1 13 -1 13 
-1 -1 13 5 -1 13 -1 -1 -1 13 -1 -1 13 13 13 13 13 13 13 -1 
-1 13 13 -1 7 -1 -1 -1 13 13 -1 -1 13 13 13 -1 13 13 13 -1 
-1 7 -1 5 7 -1 13 13 13 13 -1 -1 5 13 -1 -1 -1 13 -1 -1 
6 6 7 5 7 -1 -1 -1 -1 -1 13 -1 13 13 7 7 9 13 13 7 
6 6 7 -1 6 7 7 -1 -1 -1 13 7 7 13 9 9 -1 7 7 6 
-1 6 3 3 -1 7 7 7 -1 -1 13 6 6 -1 -1 9 9 7 6 3 
-1 3 -1 33 -1 -1 33 7 13 13 13 41 6 -1 -1 -1 9 7 -1 -1 
6 -1 3 -1 13 33 7 -1 -1 13 41 -1 -1 -1 -1 9 -1 -1 -1 -1 
-1 -1 -1 -1 13 33 -1 13 -1 -1 -1 -1 5 -1 -1 5 5 -1 -1 6 
3 -1 3 -1 33 13 13 13 3 5 -1 5 -1 5 5 5 5 5 -1 -1 
3 3 3 3 13 -1 13 13 3 3 -1 -1 -1 -1 -1 -1 5 5 5 -1 
3 3 3 3 3 3 13 13 13 3 -1 -1 13 -1 -1 -1 -1 -1 -1 -1 
-1 3 3 3 -1 -1 9 13 13 3 13 -1 13 13 -1 -1 -1 -1 -1 -1 
3 7 -1 5 -1 -1 -1 13 7 13 13 13 -1 7 13 13 13 13 13 -1 
-1 -1 5 -1 -1 13 13 13 7 13 13 13 13 7 7 13 -1 13 13 -1 
-1 -1 5 -1 13 13 13 13 13 -1 -1 13 5 7 -1 7 13 13 13 -1 
-1 -1 13 5 13 13 13 13 -1 13 13 5 -1 -1 7 3 -1 -1 13 -1 
-1 13 -1 13 13 13 13 -1 13 13 5 13 -1 -1 7 7 -1 13 13 13 
13 13 13 14 14 13 -1 5 13 13 13 -1 -1 1 -1 7 -1 13 13 3 
13 3 3 15 5 5 5 -1 -1 13 1 -1 13 1 -1 -1 13 7 3 3 
3 3 -1 15 5 5 -1 -1 6 13 1 1 1 13 1 1 1 -1 -1 13 
3 13 -1 13 13 7 6 6 6 -1 1 -1 13 13 1 1 -1 -1 -1 -1 
13 13 13 13 6 6 6 7 1 1 -1 -1 -1 1 1 1 1 -1 -1 5 
-1 13 -1 13 -1 13 -1 7 6 7 1 -1 1 -1 1 1 1 -1 5 5 
5 5 -1 -1 -1 13 13 -1 6 1 1 -1 -1 1 1 1 5 4 5 5 
-1 5 -1 -1 -1 -1 -1 -1 -1 1 -1 -1 1 1 1 5 -1 1 1 5 
-1 -1 5 -1 -1 -1 -1 -1 3 1 1 13 1 1 1 3 -1 1 -1 5 
5 5 5 5 -1 3 -1 3 -1 1 1 13 1 1 1 3 3 -1 -1 13 
5 -1 5 5 3 -1 3 -1 -1 -1 13 1 13 -1 1 1 1 3 13 -1 
5 5 -1 -1 3 3 3 3 3 3 13 13 -1 13 1 1 1 3 13 5 
13 -1 -1 -1 13 13 3 -1 13 13 13 -1 13 5 5 -1 -1 -1 -1 13 
13 -1 -1 -1 9 9 -1 13 13 13 13 13 13 7 13 -1 -1 -1 -1 13 
3 -1 5 5 -1 -1 7 -1 13 13 -1 13 -1 -1 13 13 13 13 5 5 
5 5 -1 -1 -1 5 -1 -1 5 5 5 5 5 5 5 -1 5 5 5 -1 
5 5 -1 -1 -1 5 -1 5 -1 -1 5 -1 5 5 5 7 -1 5 -1 3 
7 -1 7 7 5 -1 41 -1 41 41 -1 -1 -1 5 7 -1 5 5 7 7 
7 7 -1 5 -1 5 5 5 41 -1 -1 -1 13 -1 -1 13 -1 -1 5 -1 
10 7 7 -1 5 5 5 5 -1 5 -1 13 13 -1 5 13 -1 5 11 10 
7 -1 7 33 5 5 5 3 9 41 -1 -1 13 -1 13 13 13 -1 -1 5 
5 7 5 5 5 -1 5 13 5 41 13 13 13 13 13 13 -1 -1 -1 5 
5 5 7 5 5 -1 5 5 5 5 -1 -1 13 13 -1 13 -1 -1 -1 5 
-1 5 5 -1 5 5 5 -1 -1 5 -1 -1 7 13 -1 5 5 -1 -1 5 
-1 -1 3 -1 3 5 -1 -1 33 -1 5 -1 7 5 4 -1 5 5 5 11 
-1 -1 -1 3 3 -1 -1 5 33 5 -1 -1 5 5 5 5 5 5 5 -1 
3 -1 -1 3 -1 -1 5 5 5 -1 -1 13 -1 -1 5 5 5 5 5 -1 
5 3 3 7 -1 -1 5 1 -1 13 5 -1 -1 5 5 15 -1 -1 -1 5 
3 3 7 7 7 1 1 5 5 13 -1 5 5 5 15 -1 -1 5 5 5 
-1 5 3 3 1 1 1 5 5 13 -1 5 5 5 -1 -1 5 5 5 5 
5 5 -1 13 1 1 5 5 13 13 13 13 13 5 5 5 5 5 5 -1 
5 13 13 -1 13 13 13 13 13 13 13 -1 5 5 5 5 5 5 5 5 
13 13 13 13 13 13 13 13 -1 13 5 5 5 -1 -1 5 5 5 5 5 
13 13 -1 13 13 13 5 -1 13 5 5 -1 5 5 -1 -1 -1 5 5 5 
-1 5 -1 -1 13 5 13 5 -1 5 5 5 5 5 5 5 -1 5 5 -1 
-1 5 7 5 5 5 -1 6 6 5 5 7 -1 5 -1 7 7 7 7 7 
5 5 -1 5 5 5 -1 7 5 5 5 5 -1 5 5 7 7 7 7 -1 
4 5 5 5 5 7 7 6 5 5 5 5 5 5 5 7 7 7 7 -1 
5 5 5 5 1 -1 7 -1 7 5 5 5 5 7 7 -1 -1 7 3 5 
-1 7 5 5 1 5 7 5 5 5 5 5 5 -1 5 5 5 5 5 5 
-1 7 7 -1 -1 5 5 5 5 5 5 7 -1 -1 5 -1 5 5 5 -1 
-1 7 5 -1 -1 -1 41 5 5 7 7 7 7 -1 -1 5 4 5 -1 -1 
-1 -1 5 5 -1 -1 41 41 7 7 7 7 6 7 5 -1 5 -1 -1 -1 
3 -1 5 3 5 5 5 -1 -1 7 3 6 7 5 5 5 -1 5 -1 3 
3 7 -1 3 -1 7 5 -1 5 3 7 3 3 -1 -1 -1 5 13 13 -1 
-1 7 3 3 3 5 5 5 5 7 3 5 3 6 -1 5 5 -1 -1 -1 
-1 7 -1 -1 5 -1 5 7 -1 7 7 3 6 -1 -1 5 -1 5 5 -1 
-1 -1 5 5 -1 5 5 -1 7 -1 -1 5 -1 -1 5 -1 -1 5 5 5 
1 -1 5 5 7 5 5 -1 -1 5 -1 5 5 5 5 5 3 2 5 -1 
-1 5 5 7 5 7 5 5 5 7 5 5 5 5 5 5 -1 2 -1 -1 
-1 3 5 5 7 5 5 5 5 7 -1 5 5 5 -1 5 5 5 5 -1 
-1 5 3 -1 5 -1 5 5 5 5 5 5 5 5 5 5 5 7 -1 -1 
5 -1 5 5 5 7 5 5 5 5 5 7 5 5 7 -1 7 7 5 -1 
5 -1 4 -1 5 7 7 5 -1 5 5 5 5 -1 5 -1 7 -1 5 5 
-1 4 5 -1 5 -1 7 -1 5 -1 5 7 5 -1 7 7 7 7 7 5 
5 5 1 -1 -1 -1 5 5 5 5 -1 5 5 5 5 5 7 5 7 5 
5 1 -1 1 7 5 7 5 5 5 -1 1 5 5 5 -1 5 5 5 -1 
5 5 5 5 7 7 -1 5 5 5 5 5 5 5 5 5 5 5 5 5 
5 5 -1 -1 -1 -1 -1 -1 5 5 5 5 5 -1 5 5 5 -1 5 5 
-1 5 5 5 -1 -1 -1 7 5 5 -1 5 5 -1 7 5 5 -1 4 5 
-1 5 5 5 5 7 7 -1 7 -1 5 5 7 7 -1 5 5 5 -1 -1 
3 -1 -1 5 5 5 5 5 5 7 7 5 5 7 5 5 -1 3 3 3 
-1 -1 -1 -1 5 5 -1 5 5 7 -1 7 -1 5 5 5 5 3 3 3 
-1 7 7 -1 7 7 5 5 5 -1 5 5 -1 5 5 3 3 -1 7 -1 
-1 -1 7 7 5 5 5 5 5 5 5 5 5 5 5 3 3 -1 7 5 
5 -1 5 5 3 5 5 5 5 5 5 -1 5 -1 1 -1 3 3 -1 5 
-1 5 5 5 5 5 5 5 5 5 -1 -1 4 5 -1 1 -1 7 7 -1 
5 -1 33 5 5 5 5 5 5 5 7 4 5 7 7 1 -1 7 -1 5 
5 5 5 -1 5 5 5 -1 7 7 -1 5 5 5 5 7 -1 3 3 5 
5 5 5 5 5 5 5 5 7 7 -1 5 5 5 5 5 7 3 -1 -1 
5 5 5 5 5 7 7 7 -1 7 7 -1 5 -1 7 5 -1 7 -1 -1 
5 7 5 5 5 5 5 7 -1 7 7 5 -1 5 -1 7 7 7 -1 7 
-1 7 5 5 5 5 7 7 -1 7 7 7 5 -1 5 5 7 -1 7 7 
7 7 -1 5 5 5 5 -1 -1 7 7 -1 5 5 5 7 -1 -1 7 7 
7 5 5 -1 -1 5 -1 5 -1 5 7 5 5 5 5 -1 5 7 4 7 
5 5 4 5 5 -1 4 7 5 3 6 -1 5 7 33 5 5 5 7 5 
7 5 5 5 5 5 5 4 4 5 7 -1 5 5 7 33 5 -1 5 5 
-1 -1 5 5 5 -1 5 4 5 -1 -1 -1 5 -1 -1 7 5 7 5 5 
-1 2 2 5 5 5 5 5 5 5 5 5 5 4 33 33 5 7 5 5 
2 7 7 7 5 -1 -1 5 5 4 5 5 -1 5 33 5 5 5 -1 5 
5 2 8 2 4 7 5 5 5 5 -1 5 5 5 33 5 5 5 5 5 
5 2 2 5 -1 4 5 -1 5 5 -1 -1 -1 5 5 5 5 5 5 -1 
-1 2 -1 2 -1 4 -1 -1 -1 -1 -1 5 5 -1 -1 5 -1 5 5 -1 
-1 2 -1 2 -1 -1 4 -1 -1 -1 1 5 1 5 5 5 5 5 5 -1 
5 -1 5 -1 4 7 4 -1 -1 -1 -1 1 -1 5 7 7 5 5 5 5 
5 5 7 5 7 7 -1 -1 -1 -1 -1 -1 3 3 -1 5 5 -1 -1 5 
7 5 5 7 5 -1 -1 -1 -1 -1 -1 -1 3 7 5 5 3 3 -1 7 
5 7 5 -1 5 5 -1 7 -1 -1 5 5 7 33 -1 5 3 -1 -1 7 
5 7 -1 5 -1 7 7 -1 -1 -1 5 5 33 5 5 5 5 5 5 5 
5 5 7 7 5 7 33 33 33 -1 5 5 5 33 5 5 4 1 5 7 
7 7 5 7 5 -1 -1 33 33 -1 5 5 5 5 5 5 4 5 5 7 
5 7 -1 5 5 -1 -1 -1 -1 -1 5 3 5 5 5 -1 5 -1 5 7 
5 7 7 5 5 5 -1 7 5 3 -1 5 -1 5 -1 5 4 7 3 5 
7 5 -1 -1 5 -1 7 -1 7 3 3 3 5 5 5 5 7 7 5 3 
5 5 4 5 5 5 -1 7 -1 3 3 -1 -1 5 5 5 5 7 5 5 
-1 3 3 4 3 4 5 7 7 7 7 -1 7 7 -1 -1 -1 5 5 5 
-1 7 3 5 5 5 5 7 7 7 -1 7 7 7 5 -1 5 1 -1 5 
7 -1 3 3 3 7 5 7 7 -1 -1 -1 7 5 -1 5 5 5 1 1 
5 5 -1 3 7 7 7 7 7 5 -1 7 7 7 5 -1 5 5 1 7 
-1 5 3 7 7 7 7 7 -1 7 7 -1 7 5 5 5 5 -1 7 5 
7 -1 7 1 -1 7 -1 -1 7 7 -1 7 -1 1 -1 5 -1 -1 1 1 
-1 -1 1 -1 5 5 -1 7 7 -1 7 7 1 -1 5 5 9 -1 -1 1 
5 5 5 5 -1 5 -1 7 -1 5 7 6 6 5 5 -1 9 -1 -1 -1 
5 5 5 5 -1 5 5 5 5 6 7 7 5 7 7 9 -1 -1 -1 5 
-1 5 5 5 5 5 5 5 -1 -1 7 7 7 7 8 5 -1 -1 -1 -1 
5 5 -1 5 5 5 5 5 7 -1 7 5 5 5 5 5 5 -1 5 5 
5 5 4 5 4 5 5 5 5 7 5 5 -1 -1 5 -1 5 5 5 -1 
5 -1 5 -1 5 5 5 5 -1 -1 5 5 -1 -1 -1 33 33 33 -1 4 
5 -1 5 -1 5 5 5 -1 5 5 5 -1 -1 -1 -1 5 5 5 33 5 
5 5 5 5 5 5 -1 5 5 5 5 -1 11 -1 1 5 5 5 -1 5 
5 5 5 5 3 7 5 -1 5 4 4 -1 11 -1 1 -1 5 -1 -1 7 
7 -1 5 33 5 3 7 -1 5 5 5 11 5 -1 -1 1 -1 5 -1 32 
32 5 3 -1 -1 5 5 5 5 5 5 -1 8 5 1 5 -1 33 7 32 
3 3 3 3 -1 -1 -1 -1 5 -1 5 8 8 -1 7 1 33 33 33 5 
-1 3 3 3 5 -1 -1 7 7 -1 6 6 6 7 1 1 33 -1 5 5 
5 5 5 -1 5 1 1 5 -1 5 -1 -1 -1 5 5 5 -1 5 1 5 
5 5 5 5 34 4 -1 7 7 7 41 -1 -1 -1 41 5 -1 -1 -1 5 
7 7 5 5 34 4 -1 33 7 -1 41 41 41 41 41 5 5 -1 -1 -1 
7 5 -1 -1 34 5 5 33 33 -1 41 41 -1 -1 -1 40 5 5 5 1 
-1 5 4 5 5 -1 5 5 -1 5 41 -1 -1 -1 5 5 -1 -1 -1 1 
7 5 5 4 5 7 5 7 -1 41 40 40 -1 15 15 7 5 5 -1 7 
-1 7 7 7 7 5 5 -1 -1 -1 -1 41 -1 -1 15 15 13 -1 5 5 
5 -1 7 7 -1 5 -1 -1 5 -1 5 -1 7 15 15 5 13 -1 -1 5 
5 5 -1 -1 4 5 5 -1 -1 5 41 41 41 7 -1 5 -1 33 -1 -1 
33 33 -1 4 -1 -1 5 7 9 41 41 41 40 41 41 41 -1 33 33 -1 
33 -1 -1 1 1 -1 9 9 7 7 -1 41 41 40 -1 -1 41 33 33 -1 
-1 1 1 1 1 1 9 7 7 32 7 33 41 41 40 33 41 -1 33 33 
-1 -1 -1 1 1 1 -1 7 41 7 41 41 33 40 -1 33 7 -1 33 33 
-1 -1 1 1 -1 -1 -1 7 5 41 7 40 40 40 9 9 8 33 -1 -1 
-1 -1 33 -1 1 -1 7 5 5 5 -1 -1 40 41 40 9 33 8 -1 -1 
-1 33 -1 -1 1 -1 -1 33 5 5 5 5 -1 40 1 33 33 33 7 -1 
-1 -1 -1 -1 1 1 1 33 -1 5 -1 40 40 -1 1 -1 33 33 -1 7 
-1 5 -1 -1 -1 1 1 1 5 5 5 1 -1 -1 -1 -1 33 -1 9 -1 
-1 5 5 1 7 1 5 1 -1 1 1 5 5 4 5 -1 5 9 1 5 
5 5 1 1 5 1 7 7 5 -1 1 1 -1 5 5 -1 5 5 1 5 
7 33 -1 33 32 33 -1 -1 9 -1 9 -1 -1 5 8 33 -1 -1 -1 -1 
7 1 32 -1 33 32 -1 -1 5 -1 -1 -1 -1 5 -1 -1 -1 -1 5 -1 
33 33 -1 32 -1 -1 -1 -1 5 5 -1 5 5 -1 7 7 7 -1 -1 -1 
33 -1 -1 -1 -1 -1 -1 5 5 5 5 5 5 5 5 7 7 5 7 -1 
5 -1 -1 -1 -1 -1 33 -1 7 5 5 5 5 -1 33 7 7 7 5 5 
-1 5 5 -1 33 -1 33 33 -1 5 5 5 5 -1 33 33 5 -1 5 5 
5 32 41 33 5 33 33 33 33 5 5 5 -1 -1 -1 -1 -1 40 40 5 
32 41 33 41 -1 33 -1 33 33 5 -1 -1 -1 7 7 -1 40 40 40 40 
-1 -1 33 33 41 7 33 33 -1 5 33 33 7 7 33 -1 33 5 41 -1 
40 -1 -1 -1 7 -1 33 33 33 5 33 33 33 7 7 33 33 41 41 41 
41 -1 -1 -1 -1 33 33 33 33 5 33 33 -1 -1 33 33 33 -1 41 40 
-1 41 41 -1 -1 -1 33 33 33 33 33 33 -1 -1 -1 33 -1 -1 41 41 
32 -1 -1 -1 5 5 5 -1 -1 -1 33 33 -1 -1 -1 33 33 -1 -1 33 
1 5 5 -1 41 5 5 -1 -1 -1 -1 -1 -1 8 9 41 41 33 33 1 
5 5 5 -1 41 -1 -1 5 -1 -1 -1 -1 8 8 9 9 -1 41 41 40 
32 -1 5 33 41 -1 -1 -1 5 -1 -1 -1 -1 9 -1 8 32 33 32 -1 
-1 5 5 34 -1 -1 -1 -1 -1 -1 -1 -1 -1 8 8 -1 32 33 33 -1 
33 -1 5 34 -1 33 1 1 -1 -1 -1 -1 9 9 -1 -1 -1 32 33 33 
5 32 5 5 33 40 1 -1 -1 -1 9 9 -1 -1 33 33 1 -1 34 34 
5 32 33 33 -1 1 -1 -1 -1 9 9 9 9 8 5 33 -1 1 3 34 
9 -1 -1 -1 2 5 41 -1 -1 -1 32 41 33 -1 33 -1 33 33 33 9 
9 9 -1 -1 5 5 41 -1 -1 32 33 40 -1 33 -1 -1 33 -1 -1 9 
9 -1 -1 9 9 41 -1 -1 41 41 41 -1 -1 -1 -1 -1 -1 -1 1 1 
9 8 8 -1 -1 -1 -1 41 33 41 41 -1 -1 -1 -1 4 4 -1 41 9 
9 8 -1 -1 -1 -1 -1 33 41 33 -1 33 -1 -1 4 4 4 41 40 9 
-1 -1 40 40 -1 -1 -1 -1 33 -1 -1 33 33 33 -1 -1 -1 41 40 -1 
-1 41 -1 -1 -1 -1 -1 -1 -1 41 -1 -1 33 -1 -1 -1 5 41 -1 -1 
-1 -1 41 -1 -1 -1 -1 -1 -1 -1 33 33 33 5 -1 -1 40 41 -1 -1 
-1 41 -1 41 -1 41 41 5 40 32 -1 -1 4 -1 5 -1 40 -1 -1 -1 
41 32 -1 -1 41 41 -1 -1 5 40 -1 4 -1 40 40 -1 -1 -1 -1 -1 
41 41 41 -1 -1 40 -1 5 -1 -1 -1 -1 -1 40 33 9 33 33 -1 33 
33 32 41 41 40 -1 -1 -1 -1 -1 -1 -1 33 40 40 33 33 -1 33 33 
33 33 41 41 -1 -1 -1 -1 -1 -1 -1 -1 33 -1 32 -1 -1 -1 -1 33 
33 -1 -1 40 -1 -1 -1 -1 33 -1 -1 33 33 -1 -1 -1 -1 -1 -1 -1 
-1 -1 33 -1 -1 -1 -1 -1 -1 33 33 -1 -1 -1 -1 -1 -1 9 -1 -1 
-1 -1 33 33 33 -1 33 -1 -1 -1 33 -1 -1 -1 -1 2 2 9 -1 -1 
-1 -1 -1 33 -1 33 33 -1 -1 32 33 32 32 -1 2 -1 8 8 9 -1 
9 9 9 -1 -1 -1 41 32 -1 32 32 32 -1 -1 -1 -1 -1 9 9 -1 
9 8 9 5 5 -1 33 40 -1 -1 32 -1 -1 33 -1 -1 -1 -1 -1 -1 
9 8 -1 -1 -1 5 5 41 -1 33 -1 33 41 33 33 33 -1 -1 -1 33 
-1 2 -1 -1 -1 33 -1 -1 -1 -1 -1 -1 -1 -1 -1 2 -1 2 -1 2 
-1 -1 -1 -1 -1 33 33 -1 6 6 2 2 2 -1 -1 -1 1 -1 2 40 
-1 -1 -1 -1 9 -1 33 -1 33 2 2 2 2 33 33 -1 1 1 -1 40 
41 -1 -1 2 -1 9 -1 33 33 2 2 2 2 -1 33 9 2 2 2 2 
41 41 2 -1 2 -1 9 33 -1 32 2 2 2 9 9 -1 41 2 -1 40 
2 2 -1 2 -1 -1 -1 33 33 -1 -1 -1 2 9 8 8 -1 40 41 2 
2 -1 -1 -1 -1 -1 41 33 32 32 32 -1 9 8 8 3 2 2 40 2 
2 2 41 -1 -1 41 41 2 33 -1 1 9 8 9 9 2 41 40 2 2 
40 41 2 -1 40 2 2 2 32 32 33 -1 -1 8 -1 -1 -1 2 40 2 
-1 40 -1 33 40 41 2 -1 -1 33 -1 -1 -1 9 9 -1 -1 -1 40 -1 
2 2 -1 2 2 41 41 -1 -1 33 40 40 -1 -1 -1 3 4 2 -1 2 
-1 -1 2 -1 -1 -1 33 -1 33 -1 33 40 -1 41 41 41 3 -1 2 2 
-1 2 -1 2 -1 33 -1 33 33 33 -1 -1 41 40 41 -1 -1 6 2 2 
-1 2 2 2 -1 -1 33 -1 2 2 -1 -1 41 41 41 41 -1 41 -1 -1 
2 2 2 2 -1 33 2 2 -1 2 41 -1 -1 -1 -1 -1 40 40 -1 -1 
-1 2 2 -1 33 33 2 -1 2 41 3 -1 3 -1 -1 2 2 41 40 2 
2 2 2 -1 2 2 2 10 -1 2 2 3 2 -1 -1 2 2 -1 2 2 
4 2 2 -1 -1 2 -1 10 33 10 -1 2 -1 2 2 2 2 -1 -1 4 
4 4 4 -1 -1 -1 33 33 33 10 10 10 2 2 2 2 -1 -1 -1 -1 
2 2 -1 -1 -1 -1 33 33 -1 -1 10 -1 5 5 2 2 2 2 2 2 
1 1 1 2 -1 1 1 2 2 -1 -1 2 2 40 1 4 1 1 1 1 
1 -1 2 1 -1 1 -1 1 2 -1 -1 2 2 1 1 -1 -1 1 1 1 
2 1 2 -1 1 2 2 -1 -1 2 -1 -1 2 1 1 1 1 -1 1 1 
2 -1 -1 2 2 1 2 -1 -1 -1 -1 2 2 1 1 1 1 1 1 2 
2 2 -1 2 2 2 -1 -1 2 2 -1 2 2 -1 -1 -1 -1 -1 1 2 
2 -1 -1 -1 2 2 -1 2 2 33 -1 2 -1 -1 -1 -1 1 1 1 -1 
-1 -1 -1 -1 1 -1 2 2 32 -1 1 40 -1 -1 -1 -1 -1 1 -1 -1 
-1 40 40 -1 -1 1 2 2 32 2 1 1 1 -1 -1 41 -1 -1 2 -1 
-1 -1 40 3 -1 2 1 2 1 1 -1 1 41 -1 40 40 40 2 -1 2 
2 -1 3 3 41 -1 2 -1 -1 41 -1 40 2 -1 40 41 2 2 2 -1 
-1 -1 2 -1 1 -1 2 -1 -1 -1 40 2 2 -1 -1 41 -1 -1 -1 -1 
-1 -1 -1 2 1 -1 -1 1 1 1 -1 1 2 -1 -1 -1 -1 2 2 2 
-1 -1 2 1 -1 1 1 1 1 1 -1 -1 -1 2 2 2 2 -1 2 2 
3 1 1 1 -1 -1 1 1 1 -1 8 -1 2 -1 2 2 2 2 2 3 
1 3 1 1 -1 -1 -1 1 1 -1 8 1 2 1 2 -1 -1 2 2 3 
1 1 1 -1 -1 2 -1 -1 -1 1 -1 8 8 2 2 -1 -1 1 -1 1 
-1 -1 1 -1 -1 2 2 2 -1 -1 1 3 3 -1 41 41 1 1 1 1 
-1 -1 -1 41 -1 2 2 2 41 -1 1 1 2 2 41 1 41 1 1 -1 
1 -1 -1 41 1 1 2 -1 40 41 2 2 2 2 1 41 1 1 1 -1 
1 1 1 1 1 1 1 2 41 40 -1 -1 -1 1 1 1 1 1 1 1 
4 2 2 2 2 1 2 -1 2 -1 -1 6 1 1 4 1 -1 4 -1 4 
4 2 2 2 2 1 -1 2 2 1 3 -1 -1 -1 -1 4 -1 -1 4 4 
4 4 4 -1 -1 1 2 2 2 2 -1 3 3 -1 1 -1 4 1 -1 4 
2 4 -1 4 -1 1 1 -1 2 2 -1 2 3 1 1 1 1 1 1 4 
-1 6 6 4 4 1 1 -1 -1 2 2 2 2 1 1 1 1 1 1 -1 
6 6 -1 2 1 -1 -1 2 2 2 2 2 2 1 1 3 1 -1 1 -1 
33 -1 33 1 2 2 2 2 2 2 2 2 2 2 1 1 1 1 2 -1 
-1 33 -1 -1 2 -1 2 2 2 2 2 2 -1 1 2 1 1 1 1 2 
-1 33 -1 -1 2 2 2 -1 2 2 -1 -1 2 1 2 1 1 -1 1 -1 
-1 33 -1 -1 4 2 4 -1 -1 2 1 1 1 1 2 1 -1 -1 1 1 
1 -1 33 2 4 4 -1 -1 -1 2 2 1 -1 -1 1 1 1 1 2 2 
2 2 2 4 4 4 4 -1 2 2 -1 1 1 1 2 1 1 1 1 2 
-1 -1 2 2 2 -1 2 2 -1 -1 2 1 1 1 2 2 1 -1 1 1 
-1 -1 2 -1 2 2 2 2 2 1 1 -1 -1 1 1 1 -1 -1 1 1 
1 4 -1 2 -1 2 -1 -1 1 2 1 1 -1 1 1 1 -1 2 2 2 
2 2 4 -1 2 -1 -1 2 2 1 1 4 1 4 1 -1 -1 2 2 2 
-1 2 -1 -1 2 -1 2 2 -1 1 2 1 4 1 1 1 4 -1 2 2 
-1 -1 -1 2 2 2 -1 2 -1 -1 2 2 -1 -1 4 4 -1 -1 4 4 
4 2 -1 -1 2 2 -1 -1 2 2 -1 -1 1 -1 1 4 4 -1 4 4 
4 2 2 -1 2 2 2 2 -1 -1 2 -1 6 4 4 4 -1 4 -1 -1 
-1 -1 -1 -1 -1 1 1 2 2 -1 4 -1 -1 4 4 -1 4 4 -1 4 
-1 4 4 4 1 2 2 2 -1 4 -1 -1 4 4 4 -1 -1 -1 4 -1 
-1 4 4 -1 -1 1 -1 6 2 2 2 -1 -1 4 -1 -1 -1 4 -1 4 
4 4 -1 2 2 -1 -1 6 2 2 2 -1 4 -1 -1 6 6 4 4 -1 
-1 -1 4 1 2 -1 6 6 2 -1 2 -1 -1 4 -1 -1 4 4 4 4 
4 -1 2 2 2 -1 -1 6 4 -1 2 -1 4 2 -1 4 4 4 -1 4 
-1 -1 2 -1 2 2 2 -1 -1 -1 2 -1 2 -1 -1 4 6 6 -1 -1 
4 -1 -1 3 2 2 -1 -1 6 6 -1 -1 1 2 3 -1 3 3 -1 4 
4 -1 -1 -1 -1 -1 -1 -1 -1 6 1 -1 3 3 2 3 3 6 6 -1 
-1 -1 -1 4 4 -1 -1 -1 6 2 2 3 3 1 2 2 2 4 -1 -1 
-1 -1 4 4 2 -1 -1 -1 1 -1 2 2 -1 2 2 2 2 -1 4 -1 
-1 4 4 2 4 -1 -1 -1 -1 -1 2 -1 2 1 2 2 2 -1 -1 4 
4 4 2 2 -1 -1 4 4 -1 -1 2 2 2 1 4 4 -1 -1 -1 4 
4 2 2 2 -1 -1 4 4 4 -1 2 2 1 1 -1 -1 4 4 -1 4 
-1 4 2 -1 -1 -1 -1 4 -1 -1 -1 -1 1 8 2 -1 4 -1 -1 -1 
4 2 -1 2 2 -1 -1 -1 1 1 -1 -1 1 -1 4 2 -1 4 -1 -1 
2 -1 2 -1 2 2 -1 1 1 -1 1 -1 -1 2 -1 -1 4 6 -1 2 
2 -1 -1 2 2 1 -1 2 4 4 -1 -1 2 2 -1 -1 -1 4 1 6 
-1 -1 -1 -1 1 1 1 2 -1 -1 2 2 -1 -1 -1 -1 -1 4 -1 -1 
4 -1 -1 1 1 -1 1 -1 2 6 6 2 2 -1 -1 2 4 -1 -1 -1 
4 6 -1 2 -1 6 -1 6 -1 6 2 4 4 4 -1 4 -1 -1 -1 -1 
-1 -1 -1 2 2 2 -1 4 6 -1 -1 2 4 -1 4 -1 4 -1 -1 -1 
-1 -1 -1 6 2 2 4 4 -1 -1 2 2 -1 4 -1 -1 4 4 -1 -1 
-1 -1 6 6 2 2 -1 2 4 -1 -1 -1 2 2 2 -1 2 2 2 2 
2 6 -1 2 6 2 -1 -1 4 4 3 2 2 -1 -1 -1 11 2 2 2 
-1 2 2 2 2 -1 -1 3 4 3 4 2 2 -1 -1 11 11 -1 -1 2 
2 -1 2 2 2 -1 -1 -1 3 -1 -1 -1 -1 -1 -1 11 11 -1 2 -1 
-1 -1 -1 2 2 2 6 6 4 6 -1 -1 -1 2 2 -1 -1 6 2 2 
2 2 -1 2 2 2 6 4 6 6 -1 -1 -1 -1 -1 2 2 6 2 -1 
2 2 2 2 6 6 2 6 6 6 6 -1 -1 4 4 2 -1 2 2 -1 
-1 2 2 2 2 6 6 6 -1 2 6 4 -1 -1 4 2 4 -1 2 2 
2 2 -1 -1 2 6 -1 6 -1 -1 -1 4 -1 1 4 4 -1 -1 2 2 
2 2 2 2 -1 2 -1 -1 4 -1 4 -1 1 1 4 -1 2 2 2 -1 
2 2 2 2 2 -1 2 2 -1 4 4 4 1 4 4 -1 -1 2 2 2 
2 2 2 2 2 6 2 -1 -1 -1 -1 4 4 1 4 4 -1 2 2 -1 
2 2 2 6 6 6 6 -1 -1 -1 2 4 -1 -1 -1 -1 4 -1 2 -1 
-1 6 6 6 6 6 -1 -1 -1 2 4 -1 -1 4 -1 4 4 -1 -1 2 
-1 -1 2 -1 6 -1 6 6 2 2 2 -1 4 -1 4 2 -1 -1 2 4 
-1 6 2 6 6 6 6 6 4 4 2 -1 4 4 4 4 2 -1 4 4 
6 6 6 6 6 6 6 6 4 4 6 4 -1 -1 -1 4 -1 4 -1 6 
-1 3 3 -1 -1 -1 2 3 2 2 2 2 11 2 -1 -1 2 2 2 -1 
-1 6 3 -1 6 4 -1 -1 3 2 2 2 2 2 2 -1 2 2 -1 -1 
-1 6 -1 2 4 6 3 3 9 9 2 -1 -1 4 2 2 2 2 2 -1 
6 4 6 6 6 5 3 5 9 -1 2 -1 2 4 -1 -1 4 4 -1 6 
4 6 4 -1 2 5 5 3 -1 5 2 2 -1 -1 4 -1 4 4 6 6 
4 2 4 2 -1 -1 -1 -1 -1 -1 4 -1 -1 -1 4 4 4 4 -1 4 
4 4 2 -1 6 -1 6 -1 4 4 4 -1 -1 -1 4 4 4 -1 4 4 
-1 2 -1 -1 4 6 6 -1 2 2 -1 -1 -1 4 4 4 6 -1 -1 4 
-1 -1 -1 -1 6 6 6 6 2 -1 2 2 4 6 6 6 4 -1 2 2 
2 8 8 -1 8 6 6 4 6 2 2 2 2 -1 2 -1 4 -1 2 2 
2 2 8 8 8 8 4 6 2 2 2 2 2 2 -1 2 2 4 8 2 
-1 2 8 8 8 8 2 -1 -1 2 -1 2 2 2 2 2 -1 2 4 8 
-1 -1 8 -1 8 8 2 -1 -1 -1 2 4 2 2 2 2 -1 -1 2 2 
-1 -1 -1 8 8 2 2 2 2 -1 6 6 -1 -1 2 2 -1 -1 -1 -1 
-1 8 8 8 2 -1 2 2 2 6 4 4 -1 -1 -1 4 2 6 6 4 
-1 -1 1 2 -1 -1 -1 -1 8 6 6 4 2 -1 2 2 2 6 2 4 
6 2 2 2 3 -1 8 8 6 11 11 4 -1 2 2 2 6 -1 4 6 
2 -1 -1 -1 3 3 3 8 6 11 6 11 11 -1 -1 2 2 2 -1 2 
2 3 2 -1 3 3 8 2 6 11 11 11 11 11 2 2 2 2 2 -1 
4 3 3 3 3 3 8 3 -1 11 -1 11 11 11 -1 -1 -1 4 4 4 
-1 2 -1 6 -1 6 -1 6 6 5 6 4 -1 2 4 -1 -1 2 2 2 
-1 -1 6 2 6 8 8 3 6 6 -1 4 6 -1 -1 4 4 -1 -1 2 
3 -1 2 6 6 -1 -1 3 -1 -1 6 -1 6 6 4 4 3 2 -1 -1 
-1 -1 2 -1 6 -1 -1 -1 3 -1 6 6 6 4 4 2 2 2 2 3 
2 6 6 -1 4 4 -1 -1 -1 6 6 6 6 -1 4 -1 2 2 3 -1 
-1 2 6 -1 4 4 4 -1 2 4 6 6 4 4 -1 2 2 2 -1 2 
-1 2 2 4 4 4 4 2 -1 4 4 4 -1 -1 2 -1 2 2 2 3 
2 3 6 6 4 4 -1 -1 2 2 -1 6 -1 -1 -1 -1 -1 -1 -1 2 
3 3 2 6 4 4 4 2 2 2 6 -1 -1 4 -1 4 -1 -1 -1 2 
-1 3 3 4 4 4 -1 4 -1 -1 -1 -1 -1 4 4 4 4 -1 11 11 
-1 -1 2 2 4 4 4 4 -1 -1 4 -1 4 2 2 4 -1 11 -1 -1 
-1 -1 2 2 -1 -1 4 4 4 4 4 4 2 2 4 2 2 -1 -1 -1 
3 3 3 -1 -1 -1 -1 4 4 4 4 4 2 -1 2 2 -1 2 2 -1 
2 2 -1 -1 2 -1 -1 4 -1 4 2 2 -1 2 2 2 -1 -1 2 3 
2 -1 -1 -1 2 2 2 4 4 4 2 -1 -1 2 2 -1 2 2 3 2 
2 2 2 2 2 2 3 -1 -1 -1 2 2 2 2 2 2 2 2 2 2 
2 2 -1 2 2 3 6 4 -1 3 3 3 2 2 -1 -1 2 2 2 2 
-1 -1 2 2 2 2 6 2 2 2 -1 2 -1 4 4 4 -1 2 2 2 
-1 -1 6 2 2 2 2 2 6 6 1 1 -1 6 6 2 2 2 2 2 
2 -1 -1 6 2 6 8 2 6 5 6 6 4 -1 2 2 2 2 2 2 
-1 4 2 2 2 4 4 -1 2 -1 10 3 3 3 3 -1 1 1 4 -1 
-1 4 2 2 2 4 -1 -1 10 10 10 10 3 -1 -1 3 -1 4 4 4 
-1 -1 4 -1 2 2 -1 3 -1 -1 10 10 10 -1 3 3 -1 -1 -1 -1 
-1 3 -1 -1 -1 -1 4 3 3 -1 -1 10 10 -1 3 3 -1 -1 3 3 
-1 3 3 3 -1 -1 -1 3 4 4 4 -1 -1 -1 3 3 -1 3 6 -1 
-1 -1 4 -1 -1 3 -1 -1 3 4 4 -1 3 3 3 -1 -1 6 4 -1 
-1 3 4 6 3 -1 -1 33 3 3 -1 3 -1 -1 -1 -1 6 4 6 4 
4 4 -1 6 6 -1 3 -1 33 33 -1 -1 -1 -1 4 -1 6 6 6 4 
-1 4 3 3 -1 3 4 4 -1 33 33 33 33 33 4 -1 -1 -1 4 6 
3 3 3 3 3 3 4 4 2 33 33 33 33 -1 -1 6 4 -1 4 3 
3 3 3 3 -1 4 4 -1 -1 2 -1 -1 -1 -1 6 6 4 4 4 3 
-1 3 3 3 3 -1 -1 -1 -1 4 2 -1 -1 -1 6 10 6 4 3 3 
3 -1 3 -1 -1 -1 -1 2 2 2 3 2 2 2 2 6 6 -1 3 3 
3 2 2 -1 3 2 -1 -1 -1 2 2 2 2 2 2 6 -1 3 3 3 
3 2 2 2 2 -1 3 3 2 -1 3 -1 -1 2 -1 -1 6 4 3 6 
4 2 2 -1 -1 3 3 3 -1 2 -1 -1 4 4 3 -1 6 -1 6 -1 
2 -1 -1 -1 3 3 -1 -1 3 3 -1 -1 4 3 4 4 -1 6 6 6 
-1 2 2 -1 3 -1 -1 3 3 2 -1 -1 4 4 -1 4 -1 1 -1 2 
2 2 2 3 2 -1 3 -1 2 2 10 10 6 4 1 -1 -1 1 3 -1 
-1 2 2 2 2 6 -1 4 2 -1 10 -1 3 3 -1 1 1 3 -1 -1 
-1 -1 -1 3 4 -1 -1 -1 -1 3 3 -1 -1 -1 -1 2 2 2 2 2 
-1 -1 -1 -1 3 3 3 -1 -1 -1 3 -1 -1 -1 2 2 2 2 2 2 
-1 -1 -1 -1 3 3 -1 3 -1 3 3 3 -1 2 2 2 2 2 2 3 
3 2 4 3 3 3 1 3 3 -1 -1 3 -1 -1 3 3 2 4 4 -1 
2 3 4 -1 4 3 1 3 4 -1 -1 3 -1 -1 3 -1 3 3 -1 2 
2 -1 3 4 -1 3 3 1 -1 -1 3 3 3 -1 -1 3 3 -1 -1 2 
-1 36 -1 3 3 -1 1 -1 -1 -1 3 3 -1 -1 -1 -1 3 3 -1 -1 
36 36 36 -1 -1 3 -1 -1 3 4 3 4 4 -1 3 3 3 3 3 36 
3 36 36 -1 4 4 4 -1 3 -1 -1 -1 4 3 3 3 3 -1 36 3 
36 36 36 -1 -1 -1 4 -1 4 -1 3 -1 3 3 -1 3 3 3 3 36 
10 3 36 3 -1 -1 4 4 -1 3 3 3 3 3 3 -1 3 3 -1 36 
10 10 3 3 3 3 3 3 3 3 3 3 3 3 3 3 3 3 10 10 
10 3 3 -1 3 4 3 3 -1 -1 3 -1 3 3 3 3 10 10 10 -1 
10 -1 3 3 3 3 -1 -1 -1 -1 3 3 3 -1 -1 4 4 -1 -1 10 
3 3 3 3 -1 3 -1 -1 -1 -1 3 3 3 -1 -1 3 4 6 10 10 
3 4 -1 -1 3 4 3 3 4 3 -1 3 -1 3 3 3 6 10 10 10 
3 -1 4 -1 4 4 -1 3 3 -1 3 3 3 3 33 3 2 2 2 -1 
3 3 3 -1 -1 4 6 3 -1 -1 3 -1 -1 -1 3 3 3 2 2 -1 
3 3 -1 3 -1 4 3 3 6 4 6 1 -1 1 -1 2 2 2 2 2 
2 3 3 3 3 4 -1 -1 -1 4 4 6 1 1 -1 -1 2 33 2 2 
-1 -1 3 3 3 3 -1 4 3 -1 3 4 4 4 4 4 3 3 3 1 
-1 -1 -1 3 3 -1 3 3 3 -1 -1 -1 4 4 4 4 3 3 3 3 
-1 -1 4 4 4 -1 -1 3 3 2 -1 -1 -1 -1 4 4 4 -1 3 -1 
3 4 6 4 4 -1 3 -1 2 -1 2 2 3 -1 4 -1 3 3 3 3 
3 3 6 6 4 -1 -1 -1 -1 -1 3 2 4 4 4 -1 3 -1 3 3 
6 6 4 4 4 -1 -1 3 6 6 -1 3 -1 3 -1 4 -1 -1 -1 3 
3 -1 6 -1 4 6 -1 3 4 6 3 6 3 -1 3 -1 4 -1 -1 3 
6 1 1 6 4 6 4 4 6 4 4 3 3 3 3 -1 -1 4 3 3 
6 6 4 4 4 6 4 6 6 4 4 3 3 3 3 -1 6 6 1 4 
-1 4 4 4 4 -1 4 -1 -1 3 3 6 -1 3 6 6 6 1 4 6 
1 6 -1 3 3 3 -1 -1 -1 -1 3 -1 -1 3 4 4 1 1 1 -1 
-1 6 -1 4 3 3 3 -1 -1 -1 1 -1 -1 3 -1 4 -1 1 6 1 
6 6 6 6 4 6 6 -1 -1 1 -1 3 -1 3 -1 -1 -1 -1 1 -1 
-1 -1 4 6 -1 4 -1 -1 -1 -1 -1 3 -1 -1 -1 3 3 -1 1 1 
1 6 3 4 -1 4 -1 -1 3 3 3 -1 -1 -1 -1 -1 -1 3 3 1 
1 3 3 -1 4 4 -1 3 3 1 3 10 10 3 3 3 3 -1 1 3 
-1 3 3 4 6 3 -1 3 3 3 -1 10 -1 3 3 3 -1 -1 1 3 
3 3 3 3 3 3 3 3 3 3 -1 -1 -1 -1 3 3 -1 -1 -1 3 
3 3 -1 3 3 3 -1 6 3 3 3 -1 -1 -1 3 -1 3 3 3 3 
-1 -1 3 3 3 3 4 4 -1 3 3 -1 -1 -1 4 3 3 3 3 3 
6 3 3 -1 4 -1 3 -1 -1 4 4 4 6 -1 2 6 -1 6 6 3 
4 4 3 -1 -1 -1 3 2 4 6 6 6 -1 2 -1 3 3 3 3 4 
4 6 3 -1 -1 -1 6 2 -1 -1 6 6 -1 -1 -1 -1 3 3 4 4 
4 4 -1 -1 -1 2 6 3 2 4 4 1 3 1 1 -1 -1 -1 -1 4 
4 3 -1 -1 1 1 1 2 -1 -1 4 1 1 3 3 3 3 3 4 4 
-1 -1 1 1 1 1 2 4 -1 4 4 -1 3 3 3 3 3 -1 4 -1 
3 -1 1 -1 1 1 6 4 -1 -1 4 -1 3 3 -1 4 3 -1 -1 -1 
3 -1 -1 1 1 1 6 6 4 -1 -1 4 -1 -1 -1 4 4 -1 -1 3 
3 3 -1 1 4 1 6 4 4 4 -1 4 4 4 4 4 6 6 6 -1 
3 -1 3 -1 3 3 6 4 -1 3 4 4 -1 -1 4 -1 6 3 -1 3 
3 3 6 3 3 3 3 3 -1 3 4 4 4 -1 4 -1 3 3 3 3 
3 3 3 3 3 3 3 -1 3 6 4 4 6 4 -1 4 -1 3 3 -1 
3 3 3 4 4 -1 -1 -1 -1 -1 6 -1 6 6 3 -1 3 3 3 3 
3 3 3 -1 3 3 4 6 6 6 -1 -1 6 3 -1 3 3 -1 3 3 
3 6 3 3 3 4 6 6 6 4 4 4 4 6 6 6 4 3 3 4 
4 4 -1 -1 4 4 6 6 4 -1 4 6 4 6 6 6 -1 4 3 3 
4 3 -1 -1 4 4 4 6 4 4 6 -1 6 6 6 -1 6 -1 -1 4 
4 4 4 4 -1 4 4 4 -1 6 4 4 -1 6 3 3 4 4 -1 -1 
4 -1 4 4 4 4 4 -1 4 6 -1 4 6 4 4 4 6 4 2 -1 
3 2 3 -1 4 -1 4 -1 4 -1 2 -1 6 -1 2 6 6 -1 6 6 
2 -1 -1 6 -1 3 6 3 3 6 4 4 4 2 4 2 2 2 -1 4 
2 4 4 6 4 3 3 4 6 4 4 4 4 1 1 -1 1 -1 2 2 
6 4 2 4 4 3 -1 6 4 4 4 -1 1 1 1 1 2 2 2 4 
6 4 6 6 -1 -1 2 6 6 4 4 -1 1 6 -1 1 6 2 4 4 
6 6 6 4 6 6 -1 2 6 4 4 -1 1 6 1 1 1 -1 4 4 
-1 6 6 4 6 2 2 2 2 4 -1 4 -1 1 1 1 1 1 6 6 
4 2 2 6 -1 2 2 2 -1 2 4 4 -1 2 1 2 1 1 -1 -1 
3 2 -1 2 4 6 2 2 2 -1 4 2 2 2 2 2 -1 4 6 4 
3 3 2 6 6 -1 6 2 4 4 -1 4 2 1 2 1 2 2 2 3 
-1 -1 -1 2 2 6 2 4 4 4 -1 2 4 4 2 2 2 2 2 6 
6 6 6 4 2 2 -1 -1 -1 -1 2 -1 4 4 4 2 2 2 2 2 
-1 2 6 2 2 4 4 -1 -1 -1 4 4 1 4 4 2 2 2 2 2 
-1 3 2 2 2 -1 -1 6 -1 1 1 1 4 2 2 -1 2 2 2 -1 
3 6 6 2 2 -1 6 -1 1 -1 6 1 4 2 3 3 -1 2 2 2 
2 2 2 2 6 6 6 6 6 1 6 4 4 2 2 2 2 2 2 2 
2 6 2 2 -1 6 6 6 6 6 6 4 4 2 2 2 12 2 2 2 
-1 6 4 -1 -1 -1 6 6 6 -1 6 4 4 3 3 2 2 2 2 2 
2 -1 4 6 -1 -1 -1 -1 2 4 -1 6 6 4 4 -1 -1 2 2 2 
-1 4 4 -1 4 6 4 6 6 4 6 6 4 4 6 2 2 -1 2 2 
2 2 -1 4 4 -1 4 2 6 6 6 6 4 4 4 2 2 -1 2 -1 
4 4 4 4 -1 1 1 4 6 -1 -1 -1 -1 2 2 2 2 2 6 -1 
-1 1 4 -1 4 4 4 1 1 1 -1 4 4 2 2 2 2 2 4 -1 
6 -1 -1 -1 -1 1 -1 1 1 1 4 4 4 6 6 2 1 4 6 1 
6 -1 -1 -1 -1 1 1 4 1 1 1 4 6 6 6 -1 -1 6 4 -1 
6 6 4 -1 1 1 1 1 -1 2 2 4 4 1 2 1 -1 3 3 -1 
-1 4 -1 -1 -1 1 1 1 1 2 2 2 -1 2 1 1 1 6 3 4 
6 4 4 6 1 -1 1 1 1 1 2 6 3 2 1 3 -1 -1 4 -1 
4 6 6 1 1 1 1 -1 2 2 2 2 6 3 3 -1 -1 4 4 6 
-1 6 1 6 1 1 1 2 -1 -1 2 2 2 6 3 3 4 4 1 4 
-1 6 6 1 -1 -1 -1 1 -1 -1 2 2 6 2 3 1 1 1 -1 4 
4 -1 4 4 1 1 1 -1 -1 4 2 -1 2 2 -1 -1 -1 33 33 4 
4 4 -1 -1 -1 1 1 1 4 4 -1 -1 2 -1 -1 6 33 33 -1 4 
6 2 4 -1 -1 -1 6 4 6 2 2 2 -1 -1 6 -1 3 -1 3 2 
2 2 -1 6 -1 -1 -1 6 6 -1 2 2 6 4 2 2 2 3 -1 2 
6 6 6 2 4 6 6 6 6 6 6 2 -1 6 4 6 6 2 2 -1 
6 6 2 -1 6 4 6 6 6 6 6 6 4 4 1 -1 -1 2 3 3 
-1 -1 -1 6 6 6 6 -1 1 6 6 -1 2 1 -1 2 -1 6 3 4 
6 6 4 -1 6 4 -1 1 -1 1 1 2 2 1 2 -1 -1 6 6 -1 
-1 4 -1 4 4 4 1 1 6 1 4 6 1 1 -1 -1 6 3 3 -1 
4 4 4 4 4 4 1 1 -1 6 6 1 4 4 2 2 6 3 2 3 
6 9 -1 -1 1 1 4 4 -1 6 4 4 -1 40 -1 6 -1 8 8 4 
1 -1 -1 1 4 1 4 4 4 -1 6 40 40 40 -1 8 4 1 8 -1 
1 -1 4 4 4 4 4 4 4 4 4 4 -1 -1 1 -1 1 8 -1 -1 
6 4 1 6 -1 4 4 4 4 4 4 -1 10 8 -1 1 10 8 8 8 
6 -1 4 -1 -1 6 5 4 4 -1 6 4 10 10 6 10 4 -1 1 -1 
4 6 -1 -1 6 4 4 4 4 -1 6 6 10 4 4 4 8 1 1 -1 
4 6 6 6 -1 -1 -1 -1 5 -1 -1 -1 10 -1 6 4 4 4 -1 1 
6 -1 6 6 4 6 4 -1 4 4 6 -1 -1 4 6 6 4 -1 4 6 
5 6 6 4 6 4 -1 6 4 4 4 4 4 -1 6 -1 6 4 6 6 
-1 6 -1 4 6 4 6 8 8 40 6 -1 4 6 6 6 6 6 6 6 
-1 4 6 6 4 6 8 -1 8 -1 6 6 6 4 4 4 4 -1 6 -1 
6 4 4 4 6 6 6 -1 40 -1 -1 -1 6 6 6 6 4 32 32 32 
2 6 6 6 6 6 -1 40 1 -1 -1 6 -1 6 6 4 6 32 32 6 
6 6 -1 -1 1 -1 -1 -1 -1 1 6 4 -1 4 -1 -1 4 32 2 2 
6 6 -1 -1 -1 -1 6 6 6 -1 -1 6 4 9 -1 -1 6 6 6 6 
6 6 -1 6 -1 -1 6 6 -1 6 9 9 9 -1 9 4 -1 33 4 6 
6 4 6 6 -1 -1 6 6 4 -1 9 9 9 9 4 9 6 33 6 4 
-1 4 -1 -1 -1 6 -1 4 4 -1 40 40 40 9 6 4 6 6 -1 6 
4 4 -1 -1 -1 -1 6 -1 4 4 1 -1 -1 1 -1 6 -1 -1 4 6 
6 -1 -1 -1 -1 1 -1 4 4 4 -1 4 -1 1 6 -1 -1 6 4 6 
4 6 4 4 2 2 -1 4 4 6 6 -1 4 11 4 11 6 6 6 6 
6 -1 4 4 2 -1 4 -1 6 4 4 6 4 4 11 11 -1 -1 4 4 
4 4 1 4 4 4 4 4 6 6 4 4 4 1 11 -1 -1 4 4 4 
4 1 4 1 -1 33 32 32 1 33 33 32 1 -1 -1 -1 1 4 6 4 
6 1 32 1 1 33 33 33 1 33 32 6 1 1 32 32 32 40 4 32 
32 32 33 32 1 33 -1 32 -1 33 6 -1 1 1 32 32 41 41 -1 32 
32 32 32 40 -1 1 40 1 -1 33 1 1 1 1 32 32 32 41 -1 -1 
-1 32 32 33 1 1 1 40 33 32 1 32 1 1 32 32 41 40 -1 -1 
32 32 40 41 33 -1 1 -1 4 6 32 1 32 32 32 32 -1 41 -1 -1 
33 32 32 1 1 1 1 1 6 1 1 1 9 9 -1 32 -1 32 41 41 
41 32 41 1 1 1 -1 6 1 4 6 1 1 9 8 33 -1 33 41 32 
41 9 41 4 4 9 1 1 1 6 6 4 9 -1 9 8 -1 9 33 32 
-1 -1 40 33 33 -1 9 1 1 6 8 1 1 9 9 10 9 9 -1 33 
33 32 1 1 33 33 9 1 6 8 8 9 9 9 9 11 9 9 9 9 
32 40 40 2 -1 -1 9 -1 1 6 6 8 9 8 9 9 11 9 -1 9 
40 40 -1 -1 2 -1 -1 9 6 10 10 -1 9 9 9 9 -1 9 9 9 
-1 4 -1 32 32 2 -1 -1 6 6 9 -1 9 4 2 9 9 9 9 -1 
4 -1 -1 32 32 33 33 33 6 6 6 9 -1 4 2 9 9 6 9 9 
4 4 33 32 33 32 32 -1 2 4 6 6 4 -1 9 9 9 9 -1 -1 
4 -1 4 33 33 -1 2 -1 32 -1 6 -1 4 4 4 6 6 -1 -1 4 
2 -1 8 -1 4 -1 32 4 -1 1 -1 1 5 9 9 -1 -1 8 8 40 
4 6 8 8 4 1 1 1 6 4 1 5 4 9 9 4 4 -1 4 40 
6 6 8 8 8 1 4 8 4 32 32 6 4 6 4 4 6 4 6 4 
6 6 4 6 1 1 8 32 -1 32 -1 32 6 6 4 -1 6 6 -1 8 
6 6 4 8 1 32 1 -1 32 32 32 32 32 6 4 6 6 6 6 33 
-1 9 6 1 4 32 -1 32 32 32 -1 -1 4 32 6 32 6 -1 33 32 
-1 -1 6 32 -1 32 32 32 32 32 33 -1 32 32 32 32 32 32 4 6 
6 -1 6 -1 32 32 32 -1 32 32 33 32 32 32 32 33 32 32 32 33 
6 6 6 32 32 -1 32 32 32 32 32 32 33 32 -1 -1 33 33 32 6 
6 -1 6 32 32 -1 32 32 32 32 33 32 33 32 -1 -1 33 33 6 6 
6 40 -1 -1 -1 -1 32 32 -1 -1 4 5 5 4 4 33 33 33 6 6 
2 2 2 2 -1 32 40 32 32 -1 4 5 -1 9 9 33 33 33 -1 2 
2 2 2 40 32 32 40 33 32 -1 5 -1 9 9 -1 33 33 33 -1 -1 
2 4 -1 2 2 40 33 5 5 5 33 33 9 9 33 32 32 33 -1 -1 
2 2 2 2 40 2 40 40 5 5 32 33 6 9 33 33 33 32 -1 -1 
-1 -1 -1 1 2 40 -1 5 5 5 32 6 -1 33 9 9 33 33 33 32 
-1 -1 2 2 -1 5 -1 5 5 5 -1 4 32 9 9 9 8 33 2 2 
-1 -1 4 8 5 -1 5 5 -1 6 6 4 6 9 9 9 33 2 2 -1 
8 8 32 8 6 5 5 5 5 -1 -1 6 6 9 9 9 9 11 2 2 
-1 8 8 6 8 5 -1 6 1 -1 1 6 6 9 9 -1 9 9 40 2 
36 36 4 -1 6 6 4 8 -1 -1 6 6 6 6 8 6 6 6 6 6 
32 32 32 -1 -1 -1 4 4 8 6 6 -1 6 -1 8 6 6 -1 6 -1 
-1 32 4 -1 -1 4 4 4 8 -1 -1 6 6 -1 -1 4 6 -1 6 6 
32 -1 4 4 4 4 4 -1 4 8 -1 6 6 -1 -1 6 4 6 -1 4 
4 32 4 4 -1 4 4 4 -1 8 6 6 4 -1 -1 4 6 4 32 32 
4 -1 -1 -1 6 6 6 -1 -1 6 6 6 6 4 4 4 4 4 4 4 
4 4 1 1 6 6 6 -1 -1 6 6 6 6 4 4 6 -1 4 4 4 
4 1 1 1 1 2 1 -1 4 6 6 6 6 6 4 4 6 4 6 1 
1 6 1 1 -1 1 1 1 -1 1 -1 6 6 6 -1 -1 6 6 6 1 
1 6 1 36 1 4 1 -1 1 1 1 -1 6 -1 6 6 4 6 6 4 
2 4 1 36 36 -1 1 -1 1 1 6 -1 6 -1 -1 6 4 6 6 4 
-1 4 4 4 4 6 -1 1 6 6 6 4 6 -1 6 6 6 8 4 -1 
4 4 4 4 -1 -1 1 6 6 4 4 6 2 2 6 4 4 4 6 4 
4 4 4 4 4 -1 1 1 -1 -1 4 2 -1 6 4 6 4 -1 -1 4 
2 4 4 4 4 4 -1 -1 6 -1 1 4 4 -1 -1 6 6 6 4 2 
4 -1 4 6 -1 6 6 36 6 6 1 -1 6 6 -1 6 6 6 -1 -1 
6 4 -1 32 6 6 -1 38 36 6 4 -1 6 6 6 -1 6 6 6 4 
6 6 4 6 6 6 6 6 6 6 4 1 6 6 6 6 6 6 -1 -1 
4 6 36 -1 6 -1 6 6 6 6 4 1 -1 6 4 4 6 4 -1 6 
4 4 -1 -1 -1 4 44 44 6 6 6 -1 6 8 6 6 6 4 4 6 
1 -1 6 6 6 2 -1 -1 -1 -1 -1 -1 -1 -1 1 6 1 1 1 6 
1 1 6 1 -1 -1 6 4 6 4 38 -1 46 1 1 36 1 -1 1 6 
1 1 1 -1 6 6 6 6 4 -1 4 -1 4 -1 36 36 36 36 6 1 
1 1 1 6 -1 -1 -1 5 -1 4 -1 -1 4 4 -1 36 36 -1 6 6 
1 1 6 -1 -1 6 -1 -1 6 6 4 36 4 -1 4 6 6 6 6 6 
-1 6 1 -1 6 6 6 -1 -1 6 6 36 36 36 4 36 36 6 6 6 
6 1 1 1 6 6 6 -1 -1 6 36 36 36 4 4 6 36 4 6 6 
6 6 1 -1 -1 6 6 6 -1 36 6 36 36 36 36 36 4 6 2 4 
-1 6 1 1 6 6 -1 6 6 6 36 36 -1 -1 4 6 4 4 -1 6 
6 6 6 36 38 44 6 6 44 6 -1 -1 -1 36 4 4 4 6 -1 -1 
6 36 36 36 -1 36 -1 6 44 6 6 36 44 4 1 1 4 4 6 6 
36 36 38 1 -1 -1 4 -1 6 6 6 6 4 4 -1 4 4 6 6 6 
6 6 1 1 1 4 4 4 36 36 6 6 36 -1 4 4 -1 1 2 6 
6 -1 1 1 1 6 1 6 36 6 6 6 6 37 -1 4 1 1 6 2 
1 6 -1 -1 -1 1 1 4 6 6 6 6 37 -1 -1 -1 -1 6 4 1 
1 1 6 -1 -1 1 4 -1 6 6 -1 6 6 -1 -1 -1 -1 2 4 1 
1 4 6 -1 -1 1 -1 -1 6 6 6 -1 6 -1 -1 -1 -1 2 4 -1 
4 4 6 6 4 4 -1 6 6 6 2 6 6 -1 -1 -1 6 -1 -1 1 
-1 4 -1 6 4 4 2 6 6 6 2 2 4 -1 6 -1 6 1 1 1 
6 6 6 6 6 6 2 2 2 2 6 4 -1 -1 6 6 4 1 1 -1 
-1 -1 -1 6 6 6 6 6 -1 -1 -1 6 6 36 6 4 6 6 6 6 
-1 4 6 6 6 -1 -1 6 6 -1 6 6 1 6 36 -1 6 6 6 6 
6 6 -1 -1 6 6 6 6 -1 2 6 6 6 6 6 6 6 2 6 4 
4 -1 6 -1 2 2 6 6 6 6 6 6 -1 3 -1 6 1 6 2 6 
1 6 -1 2 2 6 6 6 6 6 -1 -1 1 3 1 1 1 -1 6 -1 
6 6 6 -1 2 -1 -1 -1 6 -1 6 6 3 1 1 -1 1 6 6 1 
4 6 -1 -1 -1 2 -1 6 -1 -1 -1 -1 6 6 1 1 1 6 6 4 
1 4 -1 -1 -1 -1 -1 6 6 -1 -1 6 6 6 3 6 -1 1 6 4 
1 6 4 -1 6 4 -1 -1 6 6 6 6 6 -1 4 6 -1 6 4 6 
40 4 4 4 6 4 -1 -1 6 6 6 6 6 -1 4 6 -1 -1 -1 -1 
6 6 6 -1 -1 2 2 2 2 6 6 -1 -1 6 1 -1 -1 -1 6 6 
6 6 -1 6 -1 2 2 2 6 -1 -1 -1 6 6 1 1 6 1 6 -1 
6 -1 4 6 6 4 4 6 6 1 -1 6 6 -1 1 1 1 6 1 1 
6 4 4 4 6 6 2 6 6 -1 -1 6 -1 6 -1 1 1 1 6 1 
6 6 -1 -1 6 6 -1 6 6 6 6 -1 6 6 4 6 -1 6 1 -1 
6 -1 6 6 -1 6 -1 6 6 -1 -1 -1 -1 6 6 6 6 1 1 6 
6 6 -1 6 4 6 6 6 6 6 6 -1 1 6 6 6 6 1 4 4 
-1 -1 -1 -1 4 6 6 -1 6 6 -1 6 6 6 -1 6 1 -1 4 4 
4 4 4 4 6 6 6 6 6 -1 6 -1 6 6 -1 6 4 1 -1 -1 
4 -1 -1 6 6 6 6 6 -1 -1 6 -1 -1 -1 -1 6 4 -1 -1 -1 
-1 3 3 6 6 6 -1 1 1 1 1 1 1 6 6 4 3 -1 -1 1 
-1 7 -1 6 1 6 -1 1 1 -1 1 1 -1 4 1 6 6 -1 -1 -1 
1 7 1 6 -1 6 1 1 3 3 -1 1 4 1 -1 6 -1 1 1 1 
1 6 6 1 3 -1 1 1 3 3 3 -1 1 1 -1 -1 1 1 4 1 
-1 6 3 3 3 3 -1 3 -1 3 3 1 1 -1 1 -1 -1 2 -1 4 
6 -1 3 -1 3 3 3 3 3 3 3 3 1 3 3 3 1 1 1 -1 
-1 -1 -1 -1 6 3 6 6 3 3 3 -1 -1 3 3 3 1 1 1 1 
-1 -1 -1 -1 6 6 6 3 3 3 3 3 3 3 3 3 1 1 -1 12 
12 -1 -1 6 6 6 6 -1 2 2 6 -1 3 3 6 6 1 -1 1 -1 
12 12 -1 6 3 -1 -1 3 -1 -1 6 -1 2 2 2 6 -1 -1 2 12 
-1 2 6 4 -1 3 3 -1 3 3 3 -1 3 2 6 6 6 2 -1 12 
-1 -1 2 2 4 4 3 3 -1 -1 -1 3 -1 -1 2 12 2 1 1 -1 
4 4 4 -1 4 3 3 3 1 1 1 1 1 -1 -1 2 12 1 1 4 
-1 4 4 4 -1 3 3 1 3 1 1 -1 1 -1 -1 12 1 1 1 1 
1 4 -1 -1 4 3 3 3 3 1 1 1 1 -1 12 -1 12 -1 1 1 
6 6 6 -1 6 4 3 3 1 1 1 -1 1 12 -1 12 12 -1 1 6 
6 6 6 -1 40 6 6 1 -1 1 1 1 -1 1 -1 6 6 12 12 6 
6 -1 6 6 -1 6 6 6 1 1 1 1 1 1 6 -1 6 6 6 6 
6 6 7 6 6 6 -1 6 1 1 1 3 3 6 -1 6 6 6 6 6 
3 -1 6 6 6 6 1 6 1 1 1 1 -1 -1 6 -1 6 6 6 1 
3 5 5 7 1 7 -1 -1 1 1 1 1 1 -1 1 1 -1 -1 3 7 
7 -1 5 5 3 1 -1 -1 3 1 1 1 -1 1 1 3 3 3 3 3 
1 1 -1 5 1 1 -1 3 3 1 1 3 3 -1 1 3 3 -1 3 -1 
3 -1 3 -1 -1 1 1 -1 3 3 3 1 3 3 3 1 -1 -1 1 1 
3 -1 7 3 1 3 1 1 3 1 3 3 3 6 1 3 1 7 7 1 
-1 7 3 -1 -1 7 -1 -1 1 3 -1 3 6 1 7 3 3 7 3 3 
-1 7 7 7 1 7 3 1 3 3 -1 3 3 3 3 3 -1 -1 -1 3 
7 7 7 7 1 1 1 3 1 3 3 3 3 3 3 -1 -1 -1 7 7 
11 11 7 7 3 1 1 3 3 3 3 3 3 3 3 3 3 7 3 3 
-1 -1 7 7 -1 1 1 7 3 3 3 -1 2 3 2 3 7 6 -1 3 
-1 -1 1 -1 3 1 1 3 7 3 3 3 3 3 2 -1 2 7 6 -1 
-1 -1 1 1 7 3 1 7 3 3 -1 3 3 6 2 2 -1 6 2 2 
11 11 1 -1 -1 7 7 7 7 7 -1 3 -1 6 3 2 -1 2 2 6 
6 3 -1 6 -1 7 7 -1 3 3 3 3 -1 6 3 -1 2 2 -1 -1 
6 -1 6 6 -1 6 -1 -1 3 3 3 -1 -1 3 3 3 2 2 7 -1 
7 7 6 7 6 -1 -1 -1 3 3 3 -1 -1 1 3 3 7 7 7 7 
7 7 6 -1 7 -1 -1 -1 3 7 -1 3 3 -1 7 7 7 3 7 7 
7 7 7 7 -1 -1 -1 1 3 7 3 3 1 1 1 7 7 7 3 7 
7 7 3 3 -1 3 3 3 1 1 1 1 3 1 1 -1 3 3 3 -1 
2 -1 5 3 3 -1 3 3 3 1 1 1 1 1 1 -1 -1 3 7 3 
3 7 7 -1 7 7 7 2 -1 2 2 2 7 7 -1 7 7 -1 -1 3 
6 7 7 7 7 7 7 7 -1 7 -1 7 7 7 7 7 -1 -1 -1 -1 
7 -1 7 -1 3 3 3 7 1 7 7 7 7 -1 7 7 7 7 7 7 
7 7 -1 7 -1 7 3 7 7 7 2 7 7 -1 -1 7 7 7 7 7 
-1 3 7 7 7 7 7 3 -1 7 7 7 7 -1 7 -1 3 7 7 3 
-1 7 3 3 7 -1 3 3 7 7 7 -1 7 7 -1 -1 3 3 -1 7 
3 3 3 -1 -1 -1 3 -1 7 7 7 7 -1 -1 -1 7 3 6 1 7 
-1 1 -1 3 -1 -1 7 3 7 7 -1 -1 7 -1 7 3 3 6 -1 1 
1 -1 3 -1 3 3 3 3 7 7 -1 -1 7 7 -1 3 3 -1 1 1 
-1 1 1 -1 -1 -1 3 7 7 7 7 1 7 1 3 -1 3 -1 -1 2 
2 2 -1 3 3 3 4 -1 -1 7 7 -1 1 -1 3 -1 -1 -1 3 -1 
2 5 3 -1 3 4 3 3 1 1 7 1 -1 -1 3 3 -1 -1 3 -1 
5 5 3 3 -1 -1 3 -1 7 1 1 1 2 2 -1 3 3 3 3 3 
-1 3 3 3 3 3 3 7 1 1 -1 2 -1 -1 3 3 3 3 -1 2 
3 -1 3 -1 3 3 3 3 -1 1 1 1 -1 3 3 3 3 3 3 2 
2 3 -1 3 -1 3 7 7 7 7 7 1 1 1 -1 -1 3 3 3 3 
3 3 3 -1 3 -1 -1 -1 3 7 7 7 -1 -1 1 3 -1 3 3 3 
2 -1 3 3 -1 -1 -1 3 7 3 7 7 7 -1 7 11 3 3 -1 2 
2 2 3 3 3 -1 3 -1 3 3 -1 7 -1 3 7 3 3 3 -1 2 
2 -1 7 3 3 7 2 -1 3 2 2 7 7 7 7 7 3 7 7 3 
1 3 3 1 1 1 -1 1 1 1 1 3 3 3 1 -1 7 3 1 3 
-1 1 1 1 1 -1 -1 1 1 1 1 3 3 3 -1 3 3 3 3 1 
1 1 1 -1 1 1 1 -1 1 1 3 7 3 3 3 -1 3 3 3 -1 
1 1 -1 -1 1 1 6 -1 1 1 1 3 7 3 3 -1 -1 -1 -1 1 
1 3 -1 -1 1 1 1 6 6 1 7 -1 -1 3 3 7 -1 3 3 1 
1 -1 -1 3 -1 3 1 6 -1 1 -1 11 3 3 3 -1 7 3 2 3 
7 3 3 3 3 -1 1 -1 1 -1 11 3 3 3 2 3 7 3 3 2 
-1 3 -1 3 3 -1 3 1 -1 3 3 -1 3 -1 3 3 3 3 3 1 
3 3 3 3 3 3 3 3 3 -1 3 -1 -1 -1 3 3 3 3 3 1 
-1 1 1 3 -1 3 3 3 3 3 -1 -1 3 3 -1 3 -1 -1 7 -1 
1 1 1 3 -1 3 -1 3 3 3 11 -1 3 3 3 -1 -1 -1 -1 -1 
1 3 7 3 3 3 1 3 3 3 3 7 7 -1 3 3 -1 1 -1 1 
1 7 7 3 3 1 1 1 3 1 3 -1 7 -1 -1 -1 3 -1 -1 2 
2 6 3 3 3 3 1 1 1 -1 1 -1 -1 -1 -1 -1 1 -1 2 2 
6 3 6 3 -1 -1 -1 -1 -1 1 1 1 -1 3 1 1 -1 -1 2 2 
3 -1 -1 3 -1 -1 -1 1 1 1 1 1 1 3 1 1 1 -1 7 7 
3 -1 -1 3 1 -1 1 7 1 -1 1 1 1 3 -1 1 1 7 7 3 
-1 -1 3 3 1 1 -1 -1 3 -1 7 7 7 1 3 1 7 7 7 3 
3 3 3 -1 -1 3 -1 3 3 1 7 1 7 -1 1 -1 3 3 3 3 
3 3 3 1 -1 3 -1 -1 1 1 1 1 3 1 -1 3 3 3 3 1 
-1 2 2 3 1 -1 7 2 3 -1 -1 3 3 -1 -1 -1 7 -1 7 7 
7 -1 2 1 3 3 -1 2 3 -1 -1 11 -1 7 7 -1 -1 7 7 7 
-1 2 1 1 3 7 3 3 -1 -1 7 -1 -1 -1 7 -1 -1 -1 -1 -1 
3 1 3 -1 2 2 -1 7 3 3 7 3 3 -1 3 7 7 -1 3 -1 
1 3 1 2 2 2 3 7 3 3 3 -1 3 3 3 3 3 3 11 3 
1 3 -1 2 2 2 3 3 -1 -1 -1 -1 -1 -1 -1 3 3 3 3 3 
3 3 2 1 2 2 3 3 3 -1 -1 -1 3 3 3 3 3 3 3 -1 
3 1 2 3 1 3 3 3 3 3 3 3 3 3 3 -1 3 -1 -1 3 
1 1 1 3 3 -1 3 3 3 3 3 1 3 3 3 3 -1 -1 3 3 
1 3 1 -1 3 2 2 2 3 3 -1 -1 3 -1 -1 -1 3 1 3 3 
1 3 3 -1 3 3 1 3 -1 3 -1 -1 3 3 3 2 2 3 -1 1 
3 3 3 1 1 1 3 3 3 3 3 -1 -1 3 -1 3 2 3 -1 1 
-1 -1 1 1 1 1 1 3 3 3 -1 -1 -1 -1 3 -1 3 -1 1 1 
1 1 1 1 1 1 1 3 3 -1 -1 -1 -1 3 3 3 -1 3 -1 1 
3 3 1 1 1 1 1 3 -1 -1 -1 -1 -1 3 3 3 3 1 3 3 
3 -1 1 1 1 -1 3 1 -1 -1 -1 -1 3 -1 3 3 3 -1 -1 1 
-1 -1 3 1 1 1 1 3 3 3 -1 3 -1 3 -1 -1 3 3 -1 1 
-1 3 3 -1 -1 1 -1 3 3 3 3 -1 7 7 -1 7 7 -1 1 1 
1 -1 -1 -1 3 3 3 -1 3 3 3 3 -1 1 7 7 7 7 1 -1 
5 1 -1 -1 1 3 -1 3 3 3 3 3 3 3 -1 -1 -1 7 7 1 
1 1 -1 1 1 -1 7 -1 2 2 1 1 -1 -1 -1 -1 1 1 1 -1 
1 -1 1 -1 -1 1 1 1 9 2 1 -1 -1 -1 -1 7 -1 1 1 1 
3 3 3 1 1 1 1 1 9 9 2 -1 -1 -1 7 -1 1 1 1 3 
1 1 1 1 1 8 -1 -1 7 2 -1 -1 7 7 -1 3 1 1 3 3 
1 1 1 1 8 8 3 7 2 -1 -1 7 7 7 -1 -1 3 -1 9 9 
1 -1 8 8 8 -1 3 7 7 -1 3 7 7 -1 -1 2 3 3 3 3 
-1 -1 8 8 8 1 3 -1 7 3 3 -1 7 -1 2 3 3 3 -1 3 
-1 -1 1 1 1 -1 -1 -1 3 3 3 -1 7 1 1 1 3 -1 3 3 
3 1 1 -1 -1 -1 -1 -1 3 3 3 -1 -1 -1 1 -1 1 3 3 3 
-1 9 1 -1 -1 1 1 3 3 3 2 2 -1 -1 1 1 1 -1 3 -1 
-1 1 9 -1 -1 1 1 1 -1 -1 3 2 -1 -1 -1 -1 1 1 1 1 
-1 -1 -1 1 -1 1 -1 1 3 3 -1 1 -1 -1 -1 -1 -1 -1 1 1 
-1 1 1 1 1 -1 1 1 -1 1 1 1 1 -1 -1 -1 -1 -1 3 1 
-1 1 1 1 -1 1 1 1 1 1 1 1 -1 1 -1 3 -1 3 3 3 
-1 -1 -1 -1 -1 -1 1 1 1 1 -1 1 1 -1 3 -1 -1 3 3 3 
-1 -1 -1 -1 -1 1 1 1 1 -1 1 -1 -1 1 -1 -1 3 3 3 1 
1 -1 -1 3 -1 -1 -1 1 1 -1 -1 -1 -1 -1 -1 3 3 1 1 1 
1 -1 -1 3 3 9 7 -1 -1 -1 -1 -1 -1 -1 -1 -1 1 -1 1 1 
1 1 1 1 -1 1 9 7 -1 1 1 1 3 -1 1 -1 1 -1 1 -1 
1 1 1 -1 -1 -1 7 -1 2 1 1 1 -1 -1 -1 1 1 1 1 1 
2 2 1 1 9 1 1 1 1 40 -1 40 40 -1 -1 -1 1 1 -1 -1 
2 2 2 2 9 -1 -1 1 -1 -1 40 -1 -1 9 -1 1 1 -1 6 2 
2 -1 6 -1 9 -1 -1 9 40 40 9 40 40 40 1 -1 -1 1 1 2 
9 2 9 9 -1 9 40 40 40 40 40 -1 40 -1 -1 1 1 1 -1 -1 
-1 9 9 9 9 9 9 9 9 8 40 -1 9 -1 9 1 1 -1 1 1 
1 9 9 7 9 9 1 9 -1 40 8 9 9 -1 9 2 1 1 1 1 
-1 1 7 9 -1 9 9 -1 -1 -1 40 8 9 -1 9 2 2 1 1 6 
1 -1 -1 -1 1 -1 -1 -1 9 8 8 -1 -1 40 8 2 2 2 2 1 
1 1 9 40 40 40 9 9 -1 -1 8 -1 9 -1 8 8 8 2 1 -1 
1 9 -1 9 1 40 9 9 9 -1 -1 9 9 9 -1 -1 -1 9 12 12 
-1 -1 40 40 40 40 40 9 40 1 -1 9 9 9 9 -1 9 9 12 -1 
-1 1 1 40 -1 40 40 9 -1 9 9 9 9 9 -1 9 9 -1 -1 40 
40 40 -1 40 40 40 1 9 1 1 9 9 9 9 40 -1 2 40 40 40 
6 6 6 40 40 -1 1 40 1 -1 9 40 40 40 -1 -1 -1 -1 -1 -1 
6 6 40 1 40 -1 40 1 -1 -1 -1 40 40 -1 40 40 1 1 1 -1 
8 40 1 -1 9 40 1 -1 -1 -1 -1 -1 -1 -1 40 40 1 8 -1 8 
40 40 -1 -1 9 9 1 1 -1 40 -1 -1 40 40 -1 40 8 6 8 5 
-1 -1 -1 1 2 2 1 -1 40 6 40 40 -1 40 -1 -1 -1 8 6 6 
-1 -1 -1 1 2 1 -1 8 40 40 40 9 9 -1 -1 -1 -1 -1 40 8 
-1 1 2 -1 1 2 -1 1 8 -1 9 9 9 -1 -1 -1 1 3 40 8 
3 40 5 5 5 1 -1 1 6 -1 -1 40 -1 -1 40 40 40 40 40 40 
40 5 5 5 5 1 1 2 40 -1 -1 -1 40 -1 40 40 40 -1 40 40 
40 5 5 -1 -1 1 1 1 9 40 -1 -1 40 40 40 40 40 7 7 40 
2 -1 -1 -1 -1 10 2 40 40 40 -1 -1 40 40 40 40 40 -1 6 6 
2 2 -1 -1 40 10 -1 40 1 40 40 40 40 1 1 40 9 1 -1 -1 
6 -1 -1 -1 40 40 -1 40 -1 1 40 40 1 1 -1 -1 9 1 40 10 
-1 6 -1 -1 40 40 40 40 40 40 2 40 9 6 2 9 6 6 40 10 
2 2 6 -1 -1 40 2 1 40 -1 40 2 -1 2 6 6 6 2 1 -1 
2 10 -1 2 40 -1 2 1 2 2 -1 -1 -1 2 2 2 2 2 6 6 
10 -1 -1 40 2 -1 2 -1 2 -1 2 2 2 2 2 3 6 6 6 -1 
7 -1 -1 -1 -1 2 -1 -1 2 2 2 2 2 2 3 3 -1 -1 -1 9 
7 2 10 10 2 2 2 -1 9 2 2 2 2 2 -1 -1 6 2 3 3 
40 10 7 10 -1 2 2 -1 2 40 40 2 -1 2 -1 -1 2 6 6 -1 
-1 7 7 -1 -1 2 2 -1 -1 2 -1 6 6 -1 2 -1 -1 40 -1 -1 
-1 7 -1 3 6 2 2 2 2 6 40 40 6 6 2 2 -1 40 40 -1 
40 7 7 3 7 7 -1 2 9 40 40 40 40 -1 -1 -1 40 40 -1 -1 
3 40 40 7 7 7 6 8 40 40 2 40 40 -1 -1 40 40 40 7 40 
-1 7 7 7 7 6 6 -1 2 2 2 40 40 -1 40 -1 40 7 -1 3 
2 3 7 7 -1 6 6 -1 2 2 40 40 40 40 40 -1 2 -1 -1 -1 
40 3 3 5 1 6 6 6 8 -1 40 40 -1 40 40 40 40 40 -1 -1 
9 6 2 6 5 5 2 34 5 34 7 7 7 -1 1 7 40 9 40 40 
8 9 6 2 6 2 6 34 5 5 -1 -1 6 4 -1 1 7 7 40 -1 
-1 9 9 -1 2 6 6 6 6 5 5 7 4 -1 -1 40 1 7 7 -1 
-1 9 9 -1 6 6 6 6 5 5 7 7 -1 -1 40 40 1 -1 -1 40 
40 9 9 -1 -1 6 6 -1 40 5 5 -1 9 40 40 40 40 -1 40 40 
9 9 9 9 6 2 2 6 40 40 6 9 6 40 6 40 40 1 40 9 
9 9 -1 9 2 2 1 2 40 40 2 6 -1 6 -1 6 40 40 1 9 
9 9 -1 9 -1 9 -1 -1 40 40 4 2 -1 -1 -1 -1 6 -1 -1 9 
9 -1 9 40 -1 9 -1 40 6 40 2 6 6 2 2 2 -1 1 1 9 
9 40 40 40 40 40 40 40 40 40 2 6 -1 -1 2 9 9 8 8 9 
6 9 40 40 40 40 40 40 40 40 2 2 6 6 9 9 9 -1 1 9 
-1 9 40 9 40 40 40 6 40 40 2 3 2 6 -1 9 2 2 1 1 
9 6 9 -1 -1 41 41 2 40 2 2 2 2 -1 8 1 -1 2 2 8 
1 6 6 1 6 6 40 6 2 40 -1 -1 2 -1 8 8 1 1 1 8 
9 6 6 -1 1 6 -1 2 6 -1 -1 2 2 8 8 8 41 1 1 -1 
9 1 40 -1 1 6 40 2 -1 -1 2 2 2 -1 -1 -1 9 9 1 9 
1 40 40 -1 1 1 6 40 40 40 9 2 9 9 41 -1 8 4 9 8 
40 40 40 2 5 -1 5 2 -1 9 2 7 -1 41 -1 1 1 1 4 40 
40 40 -1 40 -1 5 -1 2 34 34 34 34 34 3 3 8 -1 1 40 40 
40 40 6 5 5 6 5 2 34 34 7 7 7 -1 7 3 7 -1 40 40 
-1 6 -1 1 6 9 7 1 2 -1 9 9 -1 9 9 6 2 2 2 -1 
6 2 1 6 4 -1 9 7 -1 2 3 9 9 9 -1 -1 1 2 6 6 
2 2 6 4 4 4 4 9 2 -1 3 9 -1 9 1 1 6 6 4 6 
2 2 6 4 4 6 -1 9 9 9 6 9 -1 9 1 1 4 6 4 6 
6 4 6 6 8 -1 -1 9 9 -1 6 -1 9 2 2 -1 3 6 6 4 
4 4 4 6 6 9 2 9 2 2 -1 6 9 2 6 3 -1 -1 4 6 
-1 4 -1 9 9 6 2 -1 6 2 2 2 6 2 2 6 -1 2 4 6 
6 -1 6 9 2 6 2 6 6 6 -1 2 2 6 2 6 2 -1 -1 6 
-1 6 6 6 6 2 2 4 -1 -1 -1 3 2 6 6 6 6 -1 6 6 
6 6 -1 6 6 2 -1 6 4 -1 -1 3 -1 -1 2 6 6 6 2 6 
6 -1 4 4 -1 2 2 -1 6 4 2 6 6 34 2 -1 3 2 2 2 
6 -1 2 -1 -1 6 2 6 6 2 6 2 -1 6 34 6 2 2 6 6 
-1 2 -1 3 3 6 2 2 6 40 2 6 3 6 6 6 -1 2 2 -1 
-1 -1 2 2 6 3 2 6 2 2 40 6 3 -1 -1 6 2 2 3 2 
2 -1 2 2 6 8 2 2 6 6 6 40 -1 -1 -1 6 6 2 2 2 
-1 6 40 2 6 -1 6 6 6 6 9 6 1 -1 -1 6 -1 2 2 2 
2 2 40 8 2 -1 -1 6 1 6 2 2 2 1 -1 2 2 2 2 -1 
2 2 2 40 -1 2 3 1 1 1 6 2 2 6 -1 2 6 6 6 2 
-1 6 6 40 6 2 -1 1 1 6 9 2 2 2 2 -1 -1 40 6 6 
6 6 6 2 6 2 7 1 1 9 9 -1 2 2 -1 -1 6 40 40 6 
-1 2 -1 6 9 4 4 4 4 4 4 -1 3 2 2 2 2 -1 -1 2 
-1 -1 6 6 3 2 4 -1 6 6 -1 -1 -1 2 -1 7 -1 6 2 2 
3 -1 6 6 3 2 2 2 6 -1 6 6 -1 -1 2 -1 2 8 6 6 
-1 2 -1 6 2 2 2 2 4 6 -1 6 6 -1 2 2 8 -1 -1 -1 
-1 2 -1 2 2 3 4 4 -1 6 6 -1 -1 -1 2 2 2 2 6 -1 
-1 -1 6 6 2 6 2 4 4 2 6 6 -1 -1 2 6 2 2 -1 6 
2 -1 6 2 2 6 -1 2 6 -1 2 2 -1 6 -1 -1 2 2 2 -1 
-1 6 6 6 6 -1 -1 2 -1 6 -1 6 2 6 -1 2 -1 2 2 -1 
-1 2 6 2 2 -1 -1 -1 6 6 6 -1 -1 6 6 6 2 6 2 2 
2 -1 6 2 2 2 -1 6 6 6 2 2 2 3 -1 2 2 4 2 2 
2 6 6 2 2 -1 6 -1 -1 2 2 6 6 -1 3 2 2 2 2 6 
6 2 1 2 2 2 5 5 8 4 6 6 6 -1 6 6 -1 -1 -1 2 
-1 2 1 2 1 -1 2 5 4 2 6 2 6 2 4 6 -1 2 -1 -1 
-1 2 2 2 6 2 4 -1 2 6 2 2 2 2 4 6 -1 2 2 -1 
2 2 6 6 6 -1 2 2 2 5 4 2 -1 2 -1 2 6 6 -1 2 
2 2 6 6 6 6 2 2 5 4 4 6 -1 2 2 -1 2 6 2 -1 
2 4 3 6 -1 2 -1 4 -1 -1 -1 6 -1 2 2 -1 -1 6 -1 2 
4 9 4 3 9 2 2 2 4 10 -1 5 6 2 2 6 -1 2 2 2 
2 8 9 9 9 4 -1 10 10 10 -1 6 5 2 2 2 2 -1 2 2 
2 2 1 9 4 4 -1 10 4 4 4 3 -1 9 2 2 2 -1 -1 2 
2 6 2 2 -1 -1 -1 -1 6 6 2 4 8 8 2 2 4 -1 6 -1 
6 4 2 2 2 -1 2 2 2 -1 4 -1 -1 8 2 2 -1 2 2 6 
6 6 6 2 4 6 2 2 6 6 -1 6 6 2 2 -1 -1 2 6 2 
2 6 4 6 4 6 6 -1 -1 -1 6 6 6 6 2 -1 40 -1 6 6 
6 6 -1 -1 6 4 4 6 2 6 -1 2 6 6 2 40 -1 40 2 -1 
-1 6 2 6 4 4 6 2 2 6 6 3 2 6 6 6 43 -1 9 6 
6 -1 1 1 6 6 6 -1 2 -1 3 3 3 6 3 -1 -1 6 -1 -1 
-1 6 1 6 6 6 6 2 2 2 3 3 -1 3 3 -1 6 2 -1 6 
6 1 1 6 6 6 6 6 3 2 6 6 -1 -1 6 6 -1 -1 6 -1 
6 2 6 6 6 6 6 6 6 6 6 6 -1 -1 6 6 -1 -1 -1 2 
2 -1 6 -1 4 6 4 -1 2 2 6 2 2 2 -1 -1 6 -1 3 3 
2 2 -1 6 4 4 6 -1 6 3 3 -1 6 -1 6 -1 6 6 6 2 
-1 -1 6 -1 -1 -1 6 6 -1 2 3 -1 -1 6 6 -1 2 2 2 6 
6 -1 6 6 2 -1 6 6 2 -1 -1 3 1 -1 -1 2 -1 2 6 2 
6 6 6 6 6 6 -1 6 2 2 -1 2 1 -1 2 2 2 2 2 6 
6 6 6 4 -1 -1 2 6 6 -1 6 2 -1 -1 2 2 2 2 -1 6 
-1 2 6 5 5 2 -1 6 6 -1 6 2 2 -1 2 -1 2 8 2 2 
2 2 -1 7 6 6 6 6 4 2 2 8 -1 2 4 -1 2 2 2 8 
8 2 2 3 2 6 6 6 4 6 -1 -1 8 4 4 4 -1 8 -1 2 
8 6 2 6 -1 6 4 4 6 6 2 6 8 2 2 2 4 6 8 2 
3 2 2 -1 3 2 2 2 3 3 3 3 6 -1 3 2 2 2 2 2 
2 2 -1 -1 -1 3 6 6 3 -1 2 6 3 3 3 -1 2 2 -1 2 
2 2 2 -1 -1 -1 3 3 3 3 6 6 6 3 3 3 2 -1 2 2 
2 -1 2 2 2 2 -1 2 6 3 6 6 2 2 3 3 3 1 -1 2 
-1 2 -1 2 2 -1 6 2 2 -1 2 2 2 3 3 3 1 2 2 2 
2 2 2 -1 2 6 2 -1 2 2 2 2 3 3 3 1 1 2 2 2 
2 2 -1 2 6 4 3 2 2 2 3 6 -1 1 1 1 -1 -1 1 2 
1 2 3 2 2 4 3 6 2 2 -1 2 2 3 1 -1 3 3 3 1 
2 3 1 3 2 2 3 -1 6 2 2 3 2 2 2 3 3 3 2 1 
3 1 -1 -1 -1 3 -1 6 6 2 2 2 2 -1 2 -1 -1 -1 3 2 
8 8 -1 3 3 3 2 2 -1 6 2 2 2 1 1 -1 -1 1 1 -1 
8 8 8 8 3 -1 2 2 2 2 -1 2 -1 13 1 1 1 1 1 -1 
8 8 8 3 3 3 2 -1 2 -1 2 2 2 3 13 1 1 1 -1 6 
8 8 -1 3 3 3 3 2 -1 2 2 2 2 3 13 13 1 2 2 2 
2 3 3 3 -1 3 2 3 3 2 2 3 3 3 1 1 1 1 3 2 
2 3 -1 -1 -1 2 2 2 3 3 3 3 3 -1 1 1 1 3 13 2 
3 2 3 3 2 2 3 3 3 45 3 45 3 2 2 -1 3 1 -1 13 
-1 2 3 2 2 6 6 6 -1 45 45 3 -1 2 3 -1 -1 1 1 3 
2 6 3 2 -1 6 2 2 2 3 45 3 2 3 3 2 1 1 2 2 
2 2 2 3 6 6 6 3 3 3 6 -1 -1 2 3 2 1 2 1 2 
13 13 1 -1 3 33 33 33 33 33 1 3 3 -1 2 2 1 -1 2 2 
3 1 1 1 1 3 33 -1 -1 37 3 1 2 2 -1 2 2 2 2 3 
3 1 1 -1 1 45 33 33 37 3 3 -1 2 2 -1 2 3 2 3 2 
-1 1 1 1 1 45 3 3 2 2 3 2 3 -1 2 -1 3 -1 1 3 
-1 1 1 -1 3 1 3 2 2 3 2 2 2 3 3 3 -1 3 3 1 
1 1 -1 -1 -1 3 3 3 2 2 3 3 3 3 3 3 3 3 3 1 
1 1 1 1 -1 2 3 3 3 3 3 3 3 3 3 3 -1 1 3 1 
1 45 1 45 1 3 3 3 3 3 3 2 3 3 3 3 3 3 1 5 
2 45 45 1 45 3 3 3 3 3 3 3 3 3 3 -1 3 1 3 5 
6 2 -1 -1 3 3 3 3 3 3 3 3 3 3 3 -1 1 1 -1 2 
6 6 2 6 -1 3 -1 3 3 -1 3 -1 3 3 -1 1 1 2 2 2 
6 6 6 6 -1 -1 -1 -1 -1 -1 -1 3 3 3 8 8 1 2 2 6 
-1 3 6 2 3 3 -1 37 -1 -1 3 -1 3 -1 8 8 2 2 2 6 
3 2 3 3 -1 3 37 37 37 37 -1 -1 -1 3 3 3 -1 2 -1 2 
3 3 13 6 -1 3 3 37 37 37 37 -1 3 -1 -1 3 45 2 45 2 
45 45 13 6 -1 3 -1 -1 -1 37 -1 -1 -1 6 6 6 6 6 45 45 
45 2 -1 2 2 3 3 3 5 -1 2 -1 -1 -1 6 6 45 -1 -1 -1 
2 2 2 2 3 6 3 37 37 2 -1 -1 3 37 6 6 2 -1 2 2 
2 2 3 3 -1 3 3 3 37 37 3 3 -1 6 37 6 -1 2 2 2 
2 -1 -1 -1 3 3 3 -1 -1 37 37 3 3 3 37 -1 3 1 2 2 
