1 -1 -1 1 2 2 2 -1 3 3 3 2 2 3 8 3 3 3 3 1 
1 3 -1 -1 2 1 2 2 2 3 2 2 2 9 9 2 6 3 3 1 
-1 1 4 3 3 3 2 2 3 2 -1 2 2 2 9 2 -1 1 3 -1 
-1 3 3 2 2 1 1 1 2 2 2 2 2 2 2 2 3 3 3 -1 
-1 -1 8 8 1 1 -1 -1 -1 3 -1 2 2 2 2 2 3 -1 3 -1 
-1 -1 -1 1 3 1 -1 2 3 3 -1 -1 2 -1 2 2 -1 3 -1 -1 
3 -1 1 3 3 -1 -1 2 2 2 3 3 3 3 3 2 3 -1 3 -1 
33 3 3 3 3 -1 2 33 -1 33 2 -1 3 -1 -1 -1 -1 3 3 3 
3 3 3 3 3 -1 33 33 33 3 2 2 2 2 -1 3 -1 -1 3 3 
3 -1 3 9 33 33 33 33 33 -1 2 -1 8 8 3 3 -1 -1 -1 2 
8 -1 9 9 -1 33 -1 33 3 3 3 3 2 2 3 8 3 -1 -1 3 
9 8 9 9 -1 33 33 33 2 2 3 3 2 8 8 3 3 3 -1 8 
-1 8 -1 8 -1 -1 3 4 33 2 3 2 7 2 -1 1 37 3 3 8 
8 -1 8 8 -1 4 4 33 2 2 2 3 7 4 1 37 37 2 -1 -1 
2 -1 3 -1 9 -1 -1 -1 2 3 3 3 4 4 6 1 37 2 -1 45 
9 3 3 9 -1 9 -1 4 2 3 -1 2 3 -1 7 45 45 -1 45 9 
8 3 3 41 9 33 -1 -1 4 3 2 -1 -1 3 6 7 7 9 8 9 
41 -1 9 9 3 1 8 4 4 4 -1 -1 -1 6 -1 7 7 -1 9 8 
41 41 41 3 9 9 8 9 4 2 3 -1 -1 -1 3 3 3 -1 8 8 
3 3 3 1 3 3 -1 -1 -1 2 -1 3 3 9 3 9 -1 -1 -1 3 
8 8 -1 13 9 9 37 37 8 2 9 9 2 8 -1 8 10 -1 -1 -1 
2 41 8 8 9 8 8 8 8 2 2 2 8 -1 2 10 -1 -1 2 2 
41 41 41 8 8 8 8 8 -1 -1 -1 8 8 -1 -1 2 8 2 2 41 
41 41 41 -1 8 8 8 -1 8 9 9 8 8 -1 10 8 -1 2 2 41 
2 2 -1 -1 -1 8 8 8 -1 9 -1 8 -1 10 -1 8 2 2 41 41 
-1 -1 -1 41 8 -1 8 8 -1 -1 -1 -1 -1 -1 8 10 2 2 2 -1 
-1 -1 -1 2 41 8 -1 2 -1 -1 -1 -1 -1 -1 -1 -1 2 2 2 33 
33 33 -1 2 -1 -1 33 33 33 33 -1 -1 -1 -1 1 -1 2 3 2 2 
33 -1 2 2 2 2 41 41 33 33 -1 -1 -1 -1 -1 1 3 1 -1 33 
41 8 8 3 2 2 2 33 33 -1 33 33 -1 -1 9 -1 1 39 1 -1 
2 2 -1 3 -1 33 33 41 33 33 33 33 41 33 9 -1 39 39 39 -1 
-1 8 8 -1 -1 7 37 33 33 33 -1 33 33 -1 8 39 39 5 -1 2 
8 8 8 -1 7 41 7 33 33 33 -1 9 -1 -1 -1 8 1 -1 7 2 
8 8 8 8 -1 -1 41 33 33 9 -1 9 -1 -1 8 -1 1 8 8 8 
-1 8 8 8 9 -1 33 33 9 -1 -1 9 9 37 -1 -1 6 8 8 8 
8 8 8 8 9 33 33 41 33 41 -1 9 -1 37 37 37 37 1 1 -1 
8 8 8 8 8 -1 -1 8 33 33 41 37 37 37 -1 -1 1 1 1 8 
8 3 -1 9 13 -1 -1 9 8 33 37 37 2 -1 -1 2 1 -1 8 1 
-1 3 9 13 -1 9 8 8 -1 33 33 5 -1 2 -1 8 3 -1 -1 -1 
9 9 9 9 13 9 9 8 8 8 -1 -1 2 2 8 10 10 -1 -1 -1 
-1 5 -1 -1 -1 13 13 45 41 41 -1 5 41 5 45 7 -1 -1 -1 -1 
-1 2 2 45 13 -1 13 13 45 45 7 41 33 33 33 33 -1 -1 5 37 
33 2 2 13 45 41 13 -1 33 33 33 33 8 -1 33 33 -1 41 -1 5 
33 2 45 2 41 41 37 13 33 33 33 33 33 33 33 33 45 -1 41 41 
5 5 45 2 45 45 -1 37 33 33 33 -1 33 33 45 37 45 41 41 33 
5 5 5 45 45 -1 45 -1 33 33 33 -1 33 33 33 33 41 45 33 -1 
33 5 41 45 45 45 37 37 37 37 33 -1 3 3 33 33 33 -1 33 41 
37 41 -1 5 5 5 5 45 45 33 33 33 7 3 9 5 32 32 7 33 
-1 37 5 5 5 5 37 -1 45 45 33 33 5 9 5 5 32 -1 -1 7 
-1 37 4 5 5 5 37 5 13 -1 5 -1 7 7 -1 5 32 -1 7 7 
7 7 37 37 45 -1 37 5 45 7 -1 -1 7 7 5 5 -1 -1 7 5 
45 -1 37 37 45 45 -1 45 -1 -1 7 7 5 5 7 5 5 5 5 45 
45 -1 45 9 45 33 45 45 5 7 7 5 5 7 -1 7 7 5 7 7 
-1 9 9 9 3 33 33 33 33 7 7 33 33 7 7 5 7 -1 7 7 
5 5 9 3 -1 3 33 33 33 7 41 33 41 41 -1 5 7 -1 7 7 
5 5 9 3 3 -1 3 33 41 41 -1 41 -1 -1 -1 5 -1 -1 7 6 
6 5 5 3 -1 3 2 33 41 41 4 -1 -1 7 -1 5 5 7 39 5 
6 45 45 -1 3 -1 2 2 5 4 -1 -1 -1 5 7 5 5 39 -1 5 
-1 45 -1 -1 2 2 45 5 5 2 5 5 -1 5 5 37 8 45 45 6 
45 5 45 -1 13 13 45 5 2 -1 -1 5 5 5 7 7 45 -1 -1 45 
5 -1 7 4 -1 -1 -1 -1 5 5 5 -1 -1 -1 3 7 7 7 3 -1 
5 7 5 7 4 -1 5 5 5 7 -1 5 5 3 3 7 7 7 7 5 
7 5 5 5 7 7 5 5 5 7 5 5 -1 3 3 45 45 9 7 7 
5 5 5 7 7 7 7 5 5 6 -1 5 5 3 45 3 45 9 7 7 
5 5 7 -1 -1 7 7 7 -1 5 -1 7 5 45 3 45 3 9 9 7 
7 5 -1 -1 -1 -1 -1 -1 -1 -1 -1 5 5 7 7 7 5 5 9 4 
4 4 -1 -1 -1 -1 -1 -1 -1 -1 33 5 5 5 -1 5 6 5 -1 7 
4 -1 -1 -1 -1 -1 5 5 33 33 33 -1 5 5 5 5 5 -1 -1 4 
6 5 5 -1 -1 -1 -1 -1 9 9 33 -1 -1 5 5 5 5 5 -1 6 
5 5 -1 5 -1 -1 -1 9 9 5 -1 -1 5 5 -1 5 5 1 5 6 
-1 5 5 5 5 5 5 37 5 5 5 5 5 -1 1 5 1 1 5 -1 
5 5 5 5 5 -1 37 5 9 5 5 -1 5 -1 5 1 1 -1 1 5 
-1 5 5 5 -1 5 37 9 9 9 13 7 7 7 1 5 1 1 -1 -1 
1 5 41 -1 5 45 5 1 13 9 13 13 -1 1 5 -1 5 5 5 5 
5 5 41 5 5 45 45 45 45 45 45 10 8 1 -1 -1 37 5 -1 1 
5 5 5 5 45 45 45 45 45 45 45 45 -1 -1 5 -1 -1 5 5 5 
5 5 7 5 45 45 45 37 7 45 -1 5 8 5 8 -1 5 5 5 5 
3 5 33 5 33 5 -1 5 5 5 5 5 5 8 -1 7 -1 -1 3 3 
3 3 5 33 11 45 45 45 1 -1 1 5 8 -1 5 -1 7 3 7 7 
3 7 -1 5 -1 -1 4 4 -1 1 5 5 5 5 5 -1 -1 7 7 3 
5 5 5 5 5 5 7 5 5 7 7 3 -1 3 3 3 -1 -1 4 5 
5 5 5 5 5 5 5 7 -1 7 5 3 3 -1 3 -1 3 41 5 5 
9 -1 5 5 -1 -1 -1 7 1 1 5 3 3 41 5 -1 -1 41 41 -1 
9 5 -1 -1 3 3 -1 3 7 5 5 5 -1 41 41 7 -1 41 33 9 
9 3 3 3 3 5 -1 -1 5 5 -1 5 5 -1 41 3 7 7 33 41 
3 -1 3 9 5 5 5 -1 7 -1 5 -1 -1 5 1 7 3 7 -1 -1 
-1 3 3 3 3 5 -1 -1 1 -1 5 7 -1 5 5 3 -1 7 41 41 
5 5 3 3 3 -1 -1 1 5 5 5 5 7 -1 5 7 7 -1 41 5 
5 5 5 5 33 33 33 -1 5 5 5 7 7 5 7 7 33 -1 5 33 
-1 9 9 -1 5 -1 -1 -1 5 5 5 3 7 -1 -1 33 33 33 33 9 
11 11 11 5 33 -1 -1 5 -1 -1 5 5 3 -1 33 7 7 33 6 6 
3 9 -1 7 33 41 41 -1 -1 5 5 3 3 41 33 -1 7 -1 6 7 
3 3 1 41 -1 -1 1 1 1 1 1 3 3 3 33 -1 5 3 7 5 
3 -1 1 -1 33 -1 -1 1 1 1 3 -1 3 3 5 41 -1 5 5 7 
-1 3 -1 1 33 1 1 1 1 4 1 3 3 3 7 3 3 3 5 5 
-1 -1 1 41 1 1 1 1 4 1 1 4 3 3 3 3 3 3 5 5 
1 -1 1 4 1 1 -1 2 1 1 4 4 4 3 3 3 4 4 -1 -1 
1 1 1 1 1 -1 -1 6 1 -1 -1 4 5 3 5 3 5 4 -1 1 
1 1 33 7 1 5 6 -1 7 7 7 -1 -1 3 5 5 -1 5 -1 -1 
5 5 -1 33 33 7 5 5 5 7 7 -1 3 3 3 -1 -1 -1 -1 1 
3 5 5 7 6 7 5 5 4 1 1 1 1 4 1 1 4 4 6 3 
-1 5 5 5 -1 -1 4 4 4 -1 1 7 7 1 1 1 4 4 6 6 
7 5 -1 41 41 5 -1 4 41 1 4 1 7 -1 5 1 5 5 6 6 
7 5 5 41 41 41 41 41 41 4 1 1 5 -1 1 5 5 5 7 7 
5 7 5 41 41 1 41 4 4 4 7 5 7 5 -1 1 7 -1 5 5 
7 5 5 5 41 1 1 -1 41 4 4 5 5 7 7 -1 -1 7 5 5 
7 7 5 -1 4 7 -1 -1 5 5 -1 5 5 7 7 7 -1 7 7 7 
7 7 7 -1 7 4 5 5 -1 4 -1 5 5 5 -1 5 7 7 7 7 
7 -1 7 -1 -1 5 5 -1 -1 3 5 5 7 -1 5 5 5 -1 7 7 
7 7 -1 -1 6 6 -1 -1 7 3 -1 5 7 5 5 5 5 4 7 7 
5 -1 7 6 6 3 5 5 5 -1 5 5 5 5 -1 5 5 7 4 4 
4 5 5 7 -1 3 5 5 -1 5 -1 7 41 -1 5 1 1 3 4 4 
5 5 5 5 7 5 6 -1 5 5 5 5 4 5 -1 1 5 4 4 5 
-1 5 5 5 5 5 5 5 5 5 5 5 5 7 4 -1 5 5 5 4 
-1 5 5 5 5 5 5 5 5 5 5 5 7 7 5 5 5 5 5 5 
4 -1 5 -1 -1 5 5 5 5 5 5 -1 5 7 -1 7 4 4 4 4 
4 4 4 -1 -1 5 5 5 5 5 5 7 7 5 4 -1 4 4 4 4 
5 5 5 5 5 5 -1 -1 5 4 -1 -1 7 7 4 7 4 -1 4 4 
4 5 5 -1 5 5 5 7 6 7 7 7 -1 4 4 4 -1 -1 4 5 
3 5 -1 -1 -1 6 6 6 -1 4 7 -1 1 4 4 -1 -1 4 4 3 
5 5 -1 2 6 32 32 32 1 32 32 32 1 1 7 6 6 -1 4 4 
-1 -1 -1 6 32 7 32 32 32 2 32 -1 1 6 1 7 6 6 -1 5 
4 4 5 -1 5 6 -1 32 -1 2 2 4 -1 32 7 6 -1 6 -1 -1 
4 10 6 5 4 6 -1 5 5 5 -1 5 4 1 32 6 -1 6 6 4 
4 6 6 6 4 4 6 5 5 5 5 -1 -1 1 6 32 6 6 -1 -1 
4 6 6 6 4 4 -1 -1 7 5 5 5 -1 1 -1 32 6 6 -1 -1 
6 6 4 -1 4 4 -1 -1 7 32 32 1 -1 1 1 -1 -1 6 -1 -1 
7 6 -1 4 5 -1 7 4 -1 32 5 1 1 32 32 32 -1 -1 32 -1 
7 4 -1 5 7 7 7 4 5 5 1 -1 -1 32 32 32 -1 32 4 32 
4 6 -1 4 7 7 7 7 7 -1 -1 5 -1 32 -1 32 32 32 5 4 
4 -1 7 7 5 5 -1 -1 7 7 5 -1 32 32 32 32 32 7 5 4 
6 4 -1 4 2 5 -1 -1 7 7 5 40 40 32 6 32 -1 5 7 6 
4 4 4 2 2 2 2 -1 5 5 5 -1 40 32 5 32 32 5 5 6 
7 7 2 2 2 2 -1 -1 7 40 33 5 40 5 5 32 5 -1 -1 6 
6 6 6 5 2 -1 2 2 2 -1 33 5 7 -1 7 5 7 5 -1 6 
6 6 6 5 2 2 -1 6 6 6 -1 7 7 -1 7 7 -1 -1 7 5 
-1 6 2 -1 -1 6 6 -1 6 6 7 7 7 7 -1 7 -1 5 5 5 
-1 -1 6 2 -1 -1 6 6 -1 -1 -1 7 6 -1 7 5 7 -1 4 4 
4 -1 -1 6 -1 2 -1 32 -1 32 32 5 7 7 6 5 6 -1 7 7 
-1 5 -1 2 2 6 32 32 4 32 -1 32 5 -1 6 6 5 7 -1 4 
6 -1 -1 32 5 6 6 6 -1 -1 6 -1 -1 6 6 -1 6 10 10 10 
6 6 32 32 32 6 6 7 7 6 6 -1 -1 -1 6 -1 6 6 6 10 
32 32 6 -1 6 6 7 7 7 5 5 -1 -1 6 6 6 6 -1 -1 6 
6 32 32 6 6 6 7 6 6 6 6 -1 6 6 6 6 6 6 6 -1 
-1 6 32 6 32 6 6 -1 5 6 -1 7 6 6 6 -1 1 6 6 6 
6 6 32 6 6 32 32 6 6 5 6 6 6 6 6 6 -1 6 6 -1 
7 6 32 6 6 -1 32 32 5 7 7 6 6 6 -1 6 6 6 6 6 
6 6 32 7 4 4 32 32 6 7 -1 -1 6 -1 -1 6 -1 4 6 6 
6 7 -1 5 5 4 7 6 7 -1 7 6 6 6 4 4 5 6 6 6 
5 -1 5 -1 5 7 -1 7 7 6 6 6 6 -1 4 6 6 -1 7 7 
7 5 5 7 5 5 7 7 6 -1 6 4 6 6 6 6 6 6 -1 7 
6 32 6 7 7 7 7 6 -1 6 6 6 4 -1 6 6 -1 6 6 -1 
-1 6 32 6 5 -1 4 4 -1 4 6 6 4 6 6 6 6 6 6 6 
-1 -1 4 32 5 5 6 4 4 -1 4 4 4 6 6 6 6 6 -1 32 
32 32 4 4 6 6 -1 4 4 4 6 -1 -1 6 6 6 6 6 6 6 
32 32 32 -1 6 -1 4 -1 4 6 4 4 -1 32 -1 6 32 6 6 32 
32 -1 6 6 6 3 -1 4 4 4 -1 32 5 32 5 6 6 32 -1 -1 
6 32 10 6 32 32 -1 6 -1 -1 -1 32 4 5 6 5 6 6 -1 32 
32 10 32 6 32 -1 6 6 6 -1 32 4 -1 4 5 6 6 6 4 6 
6 32 10 6 6 6 6 6 6 5 5 -1 6 4 4 6 6 6 10 6 
-1 6 4 7 7 6 -1 6 6 -1 6 4 4 6 6 4 4 6 6 6 
6 6 6 6 4 6 6 6 6 6 6 6 4 -1 6 6 6 6 6 -1 
6 5 4 6 -1 4 4 6 6 6 6 4 4 4 4 6 6 6 6 6 
6 6 6 6 6 4 -1 6 6 -1 6 32 -1 4 32 6 6 5 6 7 
6 6 -1 6 6 6 6 -1 -1 6 32 6 6 -1 6 32 5 5 7 6 
-1 6 6 6 6 6 6 -1 6 6 6 6 -1 6 6 6 -1 7 6 -1 
6 -1 6 6 6 -1 6 6 6 -1 6 6 4 6 6 6 6 6 5 6 
-1 -1 6 4 4 6 4 6 -1 6 6 6 6 6 6 -1 5 5 6 2 
6 6 6 -1 4 4 6 6 6 -1 6 6 6 6 -1 5 -1 -1 6 6 
6 6 6 6 32 32 6 6 8 -1 6 6 4 6 6 6 -1 6 6 6 
6 6 6 6 6 6 6 -1 6 6 6 6 6 -1 -1 6 6 6 6 -1 
6 6 -1 6 -1 6 6 6 -1 6 6 -1 6 6 6 6 6 -1 6 6 
6 -1 -1 6 6 -1 6 -1 -1 6 -1 6 -1 6 6 6 6 6 6 6 
-1 6 6 -1 6 6 6 6 -1 -1 -1 -1 -1 6 6 -1 -1 4 -1 6 
6 6 6 -1 6 8 6 6 -1 6 6 -1 6 6 -1 6 6 6 6 6 
4 -1 6 6 6 6 6 6 6 -1 -1 -1 6 -1 6 4 6 -1 6 -1 
6 6 6 6 6 6 -1 6 -1 6 6 6 6 6 4 4 6 -1 -1 6 
-1 6 -1 -1 6 6 6 -1 6 -1 -1 6 6 6 6 4 4 6 6 6 
6 6 -1 -1 6 6 6 -1 6 -1 6 -1 -1 6 4 4 6 6 6 6 
6 6 6 7 6 6 -1 6 -1 -1 -1 6 6 6 4 6 4 6 6 6 
6 40 6 6 5 4 6 6 6 4 6 6 6 -1 6 6 32 -1 7 7 
-1 6 6 6 6 6 -1 6 6 6 6 6 6 6 6 6 6 32 7 6 
7 -1 6 6 6 -1 6 6 6 6 6 6 -1 7 6 -1 -1 6 32 7 
-1 6 6 6 6 6 6 6 6 6 6 -1 7 7 -1 -1 6 6 7 -1 
40 7 6 6 6 6 -1 8 -1 8 -1 -1 6 6 7 -1 6 7 7 -1 
-1 40 40 7 -1 -1 6 8 8 8 8 -1 -1 6 6 6 -1 6 7 4 
7 2 2 -1 -1 8 8 8 8 8 8 6 -1 -1 -1 6 6 7 7 7 
7 7 5 2 -1 -1 8 8 -1 8 8 8 -1 -1 6 4 -1 -1 7 7 
7 7 5 5 -1 2 10 8 -1 8 8 4 -1 4 4 4 6 -1 7 7 
7 7 6 6 6 -1 10 -1 6 -1 6 4 4 -1 4 4 6 7 7 7 
7 5 6 6 6 6 -1 6 -1 6 6 4 4 6 8 4 8 6 6 7 
6 6 3 -1 6 6 6 6 10 10 10 6 6 8 8 8 8 -1 6 6 
6 6 6 3 4 6 6 6 6 10 -1 6 -1 8 8 8 -1 8 8 6 
6 6 6 -1 6 4 4 6 -1 6 6 -1 -1 8 -1 8 8 8 8 6 
-1 -1 6 6 -1 6 4 6 6 6 2 6 -1 7 -1 7 8 8 -1 6 
-1 4 6 -1 6 4 4 6 6 6 -1 -1 2 2 4 -1 4 6 -1 -1 
-1 -1 6 6 -1 7 5 6 -1 6 6 2 6 6 2 4 6 6 6 -1 
-1 -1 6 4 4 5 5 5 6 -1 6 2 1 2 2 4 4 4 6 -1 
-1 6 -1 4 6 5 5 6 5 6 6 1 6 4 4 4 6 -1 4 -1 
-1 6 40 5 6 -1 4 5 5 -1 4 -1 -1 4 6 6 -1 -1 7 -1 
-1 40 -1 6 6 6 6 -1 -1 6 6 6 10 10 10 10 10 6 6 4 
8 8 8 6 6 -1 -1 -1 4 6 6 4 10 -1 -1 -1 -1 -1 6 6 
8 8 -1 6 4 4 4 4 6 4 10 10 6 -1 -1 10 10 10 6 8 
8 4 6 6 4 4 4 -1 6 10 10 -1 6 6 -1 -1 10 10 -1 -1 
-1 8 8 8 8 -1 -1 40 40 6 10 6 6 6 10 6 6 6 -1 -1 
-1 -1 8 8 8 7 7 -1 5 -1 6 6 6 6 -1 6 6 6 8 -1 
6 -1 8 8 8 8 7 -1 6 6 6 6 6 6 6 10 6 8 8 8 
6 8 6 8 8 8 8 8 6 -1 -1 6 6 -1 10 6 10 -1 -1 6 
6 6 6 8 8 8 8 6 6 6 6 6 6 6 -1 6 6 -1 -1 6 
-1 6 6 6 5 -1 -1 6 6 6 6 6 6 6 6 6 -1 7 7 7 
-1 6 6 8 5 4 -1 -1 6 -1 6 6 -1 -1 6 6 6 7 -1 -1 
6 6 -1 -1 8 8 4 -1 -1 -1 6 6 6 -1 -1 6 6 -1 -1 6 
6 6 -1 8 6 6 6 -1 -1 -1 6 6 6 6 6 6 6 6 6 6 
6 6 6 -1 4 8 -1 6 6 6 6 -1 6 6 -1 6 6 6 6 6 
6 6 6 6 2 6 6 6 6 -1 6 -1 4 -1 4 6 6 6 6 -1 
6 10 6 2 6 6 6 6 -1 6 -1 6 4 4 4 4 4 4 -1 6 
6 -1 -1 2 -1 -1 6 6 6 6 -1 4 4 4 -1 4 4 -1 -1 -1 
6 -1 2 6 -1 6 6 6 6 6 6 4 4 4 -1 6 4 4 4 -1 
2 2 6 -1 6 -1 6 6 6 6 -1 6 6 -1 10 6 6 4 4 2 
6 40 6 6 6 6 6 6 -1 6 6 6 -1 10 10 6 6 6 -1 4 
-1 6 -1 6 4 4 6 6 6 6 6 6 3 6 33 -1 6 6 6 -1 
-1 -1 6 6 6 6 6 6 6 6 6 3 6 3 -1 -1 -1 6 6 -1 
-1 6 2 6 -1 -1 8 -1 6 6 6 6 3 6 6 -1 3 3 6 6 
6 6 4 2 2 -1 -1 8 6 6 6 3 -1 6 6 3 6 -1 6 6 
2 6 6 4 6 6 6 4 -1 -1 -1 6 -1 3 6 6 -1 6 6 2 
6 6 4 6 4 6 6 4 6 6 6 6 6 6 3 -1 3 6 3 6 
6 6 6 4 4 4 4 4 4 6 -1 -1 -1 3 3 3 7 -1 3 6 
6 6 6 4 4 4 4 4 6 6 6 -1 3 3 3 3 3 7 -1 6 
-1 -1 4 4 6 -1 -1 4 6 6 -1 6 3 -1 -1 3 -1 4 4 -1 
-1 -1 4 40 40 -1 4 -1 1 1 6 6 6 3 3 3 3 4 6 -1 
-1 4 -1 -1 40 4 4 6 1 1 -1 6 6 6 3 3 4 4 -1 6 
-1 2 2 4 -1 6 40 -1 -1 1 -1 -1 6 6 3 3 -1 4 -1 -1 
6 -1 2 4 6 6 -1 40 6 6 6 6 -1 -1 3 2 2 2 -1 -1 
6 -1 -1 -1 2 40 -1 6 6 4 6 6 6 6 2 2 2 2 -1 -1 
-1 -1 -1 40 40 40 6 4 6 6 -1 6 6 3 2 2 2 -1 2 -1 
-1 -1 -1 40 40 -1 4 6 6 6 6 6 6 -1 -1 2 2 2 -1 6 
6 -1 -1 -1 -1 4 -1 6 6 6 6 6 6 6 6 -1 -1 2 2 6 
-1 -1 -1 -1 4 4 4 6 6 6 6 -1 -1 6 6 -1 2 2 2 6 
-1 6 6 -1 4 4 6 6 6 6 6 -1 6 6 4 4 4 4 -1 6 
6 -1 6 6 4 -1 -1 6 -1 6 6 -1 6 6 4 6 6 6 4 6 
-1 -1 -1 2 2 2 6 3 3 6 6 -1 6 6 -1 6 6 -1 4 4 
-1 -1 -1 -1 3 6 -1 6 -1 6 6 6 6 2 2 6 2 6 4 6 
6 6 -1 3 3 6 6 6 6 6 6 6 -1 3 3 -1 2 -1 6 6 
6 4 -1 6 6 3 6 6 6 -1 6 -1 3 -1 -1 -1 6 -1 4 4 
4 4 6 6 6 6 6 -1 6 6 6 2 3 2 2 2 6 6 4 4 
-1 4 6 6 6 6 3 3 -1 -1 6 2 2 -1 2 2 6 4 -1 6 
32 32 4 6 6 6 -1 3 6 6 -1 -1 6 2 -1 6 -1 6 -1 -1 
4 32 32 6 6 6 4 6 6 -1 -1 2 2 2 6 -1 6 -1 -1 4 
4 3 3 6 6 6 6 4 6 6 6 -1 7 3 3 6 -1 4 4 4 
3 3 3 -1 6 6 4 4 6 6 6 6 4 4 6 6 6 4 4 6 
-1 3 3 3 4 -1 6 6 6 -1 6 6 -1 -1 6 6 4 4 6 4 
-1 3 3 4 4 6 6 6 6 6 6 6 6 6 -1 6 6 6 -1 -1 
-1 3 3 3 6 3 6 6 6 6 -1 -1 6 6 6 -1 -1 -1 6 6 
3 3 -1 -1 4 3 6 6 6 -1 -1 -1 6 6 6 6 -1 2 2 -1 
-1 3 -1 -1 4 -1 3 6 -1 -1 4 -1 -1 6 6 2 2 2 2 -1 
3 3 -1 -1 -1 4 -1 -1 -1 4 -1 4 6 6 6 6 2 2 2 2 
-1 3 -1 -1 -1 2 -1 4 4 -1 4 3 6 6 6 6 -1 2 2 2 
6 3 -1 -1 6 -1 4 4 -1 6 -1 3 6 6 6 6 6 6 2 2 
6 6 -1 -1 6 -1 1 1 1 6 6 -1 -1 6 6 6 6 2 -1 6 
6 -1 -1 -1 2 6 3 6 3 3 3 6 6 6 6 -1 6 -1 -1 6 
-1 3 3 4 3 3 4 4 -1 7 -1 -1 3 3 3 7 3 3 3 -1 
3 3 -1 3 6 4 4 4 -1 3 -1 -1 3 3 7 3 3 3 3 3 
3 -1 3 4 4 4 -1 4 4 3 3 3 3 3 -1 -1 -1 3 3 3 
3 1 3 3 4 3 -1 4 -1 3 4 3 3 3 3 -1 -1 3 3 3 
3 3 1 -1 6 6 4 4 4 3 3 4 -1 -1 -1 -1 3 3 3 3 
-1 1 1 3 3 -1 3 -1 -1 4 4 4 3 -1 -1 3 3 4 3 -1 
-1 -1 -1 6 6 3 -1 3 4 -1 -1 4 3 3 4 4 4 -1 -1 -1 
-1 -1 -1 -1 -1 6 3 3 3 4 6 4 3 3 -1 4 4 3 3 -1 
-1 -1 -1 -1 -1 -1 -1 3 -1 3 6 6 4 3 4 3 3 3 3 -1 
-1 -1 -1 -1 -1 1 1 -1 -1 6 -1 6 1 1 3 3 3 3 -1 3 
-1 -1 3 -1 -1 3 3 -1 3 6 6 6 6 -1 3 3 3 3 3 -1 
4 3 3 3 3 -1 -1 -1 6 6 6 3 1 6 -1 3 3 3 3 4 
4 3 3 3 3 3 -1 -1 6 6 3 3 1 1 3 3 3 -1 3 4 
3 3 3 3 3 -1 -1 3 6 3 -1 3 -1 -1 3 3 -1 -1 1 3 
-1 3 3 4 4 -1 -1 3 3 3 -1 -1 4 3 -1 3 3 -1 -1 -1 
-1 -1 6 4 -1 -1 3 3 3 3 4 4 4 3 4 3 -1 -1 -1 -1 
1 -1 4 4 4 3 -1 3 -1 -1 4 4 4 3 -1 -1 -1 4 3 3 
3 1 -1 3 4 3 -1 3 3 -1 -1 4 -1 -1 3 -1 -1 -1 3 3 
-1 1 3 3 -1 3 3 3 -1 3 6 -1 -1 -1 -1 3 3 3 -1 3 
3 3 3 3 3 -1 3 3 -1 6 -1 7 7 3 6 6 -1 3 3 -1 
1 1 1 -1 -1 -1 5 4 3 1 3 5 5 3 3 3 3 3 -1 -1 
1 1 1 1 -1 -1 -1 5 4 -1 5 5 5 5 3 3 3 3 3 -1 
3 -1 -1 1 -1 3 -1 -1 -1 -1 5 5 5 5 5 3 3 7 3 3 
3 3 1 1 3 3 3 -1 -1 5 3 5 5 5 3 3 3 3 7 3 
3 3 1 1 -1 3 3 3 1 5 3 5 3 5 3 -1 3 3 7 3 
7 3 1 1 1 -1 5 5 -1 1 -1 3 5 3 3 3 -1 7 7 5 
3 3 -1 1 3 1 5 5 -1 5 1 5 3 3 3 3 7 7 7 5 
1 1 1 -1 3 5 5 5 5 5 5 3 3 3 3 3 3 7 7 -1 
-1 1 1 -1 3 3 5 5 5 5 -1 -1 -1 -1 3 3 -1 7 -1 -1 
1 1 -1 7 3 3 3 5 -1 -1 -1 -1 3 9 3 3 4 -1 -1 3 
-1 -1 7 3 -1 -1 3 3 -1 -1 3 3 3 3 3 3 3 1 1 3 
3 7 7 7 3 3 -1 -1 -1 -1 -1 -1 3 9 3 9 -1 -1 -1 -1 
-1 7 7 3 3 -1 3 3 3 6 -1 3 3 3 3 -1 -1 -1 -1 -1 
7 7 3 3 3 -1 3 -1 6 6 -1 -1 3 7 3 3 -1 -1 -1 -1 
7 -1 7 1 3 3 7 -1 6 6 6 3 -1 -1 -1 3 2 -1 -1 7 
7 -1 1 3 3 7 7 7 7 10 10 -1 3 -1 -1 -1 -1 2 3 3 
3 3 1 1 7 3 7 7 3 6 10 10 3 3 10 10 2 2 3 3 
3 3 3 1 3 3 3 7 3 6 -1 10 10 1 10 3 2 2 2 3 
3 -1 3 3 3 3 -1 -1 -1 -1 -1 10 10 10 3 -1 -1 2 -1 -1 
1 1 3 1 -1 3 -1 1 3 3 1 1 3 3 3 -1 -1 3 -1 -1 
3 3 1 1 5 7 1 1 3 3 3 5 3 -1 3 -1 3 -1 -1 3 
3 3 3 1 1 3 7 5 5 -1 5 3 -1 3 -1 3 3 3 3 3 
3 7 7 1 1 6 3 7 5 -1 4 4 3 3 -1 3 3 3 3 3 
3 3 7 7 3 3 3 -1 -1 4 4 4 -1 3 -1 3 3 3 3 3 
-1 3 3 7 5 7 3 3 3 -1 4 3 3 3 3 3 3 3 3 3 
-1 -1 -1 7 3 7 3 3 7 4 3 3 -1 -1 -1 -1 3 3 -1 -1 
3 -1 7 7 3 3 -1 7 3 7 3 -1 -1 -1 -1 3 3 3 -1 3 
3 3 -1 3 3 3 -1 3 7 7 7 3 7 -1 3 -1 -1 3 5 3 
7 -1 3 -1 7 3 -1 7 3 7 7 3 7 3 3 3 -1 -1 3 3 
3 3 3 7 7 3 7 7 7 7 -1 3 3 3 3 3 3 3 3 3 
7 3 -1 7 -1 -1 3 7 7 3 3 3 3 3 -1 -1 -1 3 3 7 
5 5 7 3 5 5 3 3 3 3 3 3 3 3 3 -1 3 1 3 3 
7 7 7 3 7 -1 3 3 3 3 5 -1 5 5 3 3 3 -1 1 3 
7 7 3 7 -1 3 -1 -1 -1 3 -1 5 5 3 1 3 -1 3 -1 3 
-1 3 3 3 3 3 -1 2 3 3 -1 5 3 5 3 1 -1 -1 -1 -1 
3 -1 3 3 3 3 41 2 3 3 -1 -1 5 -1 1 1 1 5 -1 3 
-1 3 3 3 3 7 5 3 -1 3 -1 -1 -1 9 3 -1 5 1 9 3 
-1 3 3 3 -1 7 41 7 7 3 3 -1 3 3 -1 3 3 9 1 -1 
3 -1 3 -1 5 -1 41 7 7 3 5 5 3 3 3 3 3 3 9 -1 
3 3 -1 5 -1 7 -1 -1 1 3 5 7 7 3 3 3 3 3 3 3 
5 1 5 5 5 6 -1 1 3 7 3 7 41 -1 3 3 3 5 5 5 
5 5 1 -1 6 -1 -1 -1 -1 3 3 41 3 5 -1 4 -1 4 5 5 
-1 1 3 -1 7 6 5 5 3 3 3 41 -1 41 3 5 -1 4 5 -1 
-1 3 3 -1 7 7 5 3 3 3 3 3 -1 -1 -1 3 4 4 4 4 
-1 3 3 3 7 7 5 3 3 -1 5 5 -1 5 5 3 3 4 4 4 
-1 3 3 5 5 -1 5 5 5 -1 -1 -1 5 1 3 3 3 4 4 4 
4 3 3 3 5 5 5 5 5 -1 -1 -1 1 1 1 -1 -1 -1 7 4 
4 3 3 -1 5 5 5 5 -1 5 -1 -1 -1 -1 3 3 6 6 -1 -1 
5 5 5 5 5 -1 5 5 3 3 3 3 3 3 3 3 5 -1 -1 5 
-1 4 4 5 6 -1 5 5 3 3 3 7 3 3 5 1 5 5 5 5 
5 4 4 3 3 5 5 5 7 7 7 7 7 5 5 5 5 5 5 5 
5 5 3 3 5 5 7 5 5 7 7 7 7 5 5 5 -1 5 5 5 
5 -1 3 5 5 5 -1 7 5 5 7 7 7 7 3 5 5 5 5 5 
-1 -1 5 3 5 5 7 3 7 7 7 7 3 3 3 6 5 7 5 5 
-1 -1 -1 5 5 3 3 3 5 3 7 7 6 3 -1 6 5 5 -1 -1 
-1 -1 -1 -1 5 5 3 -1 3 3 7 6 -1 3 3 3 5 5 5 5 
5 -1 1 1 -1 -1 5 5 3 3 -1 3 -1 3 3 -1 5 5 -1 -1 
-1 5 5 1 5 5 -1 3 3 3 3 3 -1 -1 -1 3 5 5 7 -1 
5 -1 5 -1 5 5 -1 5 5 3 7 -1 -1 -1 3 3 5 7 -1 5 
5 5 5 5 5 5 -1 5 1 3 7 7 -1 3 3 -1 -1 -1 5 5 
3 -1 1 1 -1 7 -1 7 7 7 7 1 1 5 3 3 5 -1 3 3 
-1 3 2 2 -1 -1 7 7 7 7 1 7 7 -1 3 3 3 5 -1 3 
-1 3 -1 1 1 7 7 7 7 7 7 7 7 7 3 3 3 -1 3 3 
5 -1 5 5 -1 7 6 7 -1 7 7 7 7 3 3 3 3 3 3 3 
-1 5 5 5 6 -1 6 -1 7 -1 7 7 7 -1 3 -1 3 3 3 3 
3 -1 5 5 -1 -1 -1 -1 6 7 7 7 7 3 3 3 3 7 7 3 
7 5 4 -1 7 7 7 6 6 7 -1 3 3 7 3 -1 -1 7 7 3 
7 4 7 7 7 7 1 1 1 5 3 -1 3 3 3 3 3 7 7 -1 
7 7 1 -1 7 7 6 1 6 2 5 -1 3 3 3 3 3 -1 -1 7 
7 -1 1 1 7 6 1 5 -1 3 -1 5 -1 3 3 3 1 3 1 7 
7 3 -1 4 -1 7 5 1 7 7 3 -1 7 1 1 -1 3 1 -1 3 
7 3 3 4 4 4 -1 1 1 -1 4 -1 1 7 1 3 -1 3 3 -1 
7 -1 7 -1 4 4 4 4 -1 4 -1 7 7 1 -1 40 40 3 3 -1 
-1 7 7 -1 4 4 4 4 4 5 1 1 1 7 3 40 40 3 3 -1 
-1 7 7 7 7 4 4 -1 5 7 7 7 3 -1 3 40 40 3 3 3 
7 -1 5 5 7 3 -1 -1 -1 6 6 -1 3 3 2 3 -1 3 -1 -1 
3 -1 5 5 5 7 5 41 5 -1 5 5 4 3 3 3 3 3 3 3 
3 -1 5 7 5 5 7 -1 6 6 6 3 5 3 -1 -1 3 3 3 3 
-1 5 7 1 5 5 5 7 7 6 -1 -1 -1 3 3 3 -1 3 1 3 
-1 5 7 1 1 -1 7 7 6 6 1 1 -1 -1 3 3 3 3 3 3 
7 7 7 -1 -1 7 7 5 5 5 5 7 5 5 5 7 7 7 5 7 
7 7 7 7 7 -1 5 5 5 -1 5 7 5 5 5 -1 -1 -1 -1 5 
-1 7 7 7 7 -1 7 5 5 5 7 6 6 5 5 6 6 10 2 2 
-1 3 7 7 7 3 3 5 3 3 7 7 7 6 6 6 10 10 7 7 
3 3 3 3 3 -1 7 -1 3 7 40 40 -1 6 6 -1 4 7 7 1 
7 3 3 3 3 3 7 7 7 3 40 7 6 6 6 6 -1 6 7 7 
7 3 -1 3 7 7 1 7 7 5 7 7 6 7 6 6 6 6 7 7 
5 -1 5 7 7 -1 7 7 7 -1 7 7 7 7 7 7 6 6 3 3 
5 3 -1 7 7 3 6 7 -1 -1 7 7 7 7 -1 -1 7 7 6 3 
3 -1 -1 3 3 6 6 6 -1 4 7 7 7 7 7 -1 -1 5 5 3 
3 -1 3 3 7 7 5 7 -1 4 7 7 7 6 7 7 2 3 3 3 
3 3 -1 7 3 7 7 5 4 4 4 7 6 -1 7 2 5 5 3 3 
3 3 -1 7 33 33 5 4 4 4 5 -1 7 12 2 3 3 3 3 3 
7 7 7 -1 4 4 33 4 4 6 6 5 7 12 12 3 -1 3 3 -1 
-1 7 7 6 4 4 4 4 4 4 4 7 7 7 -1 12 2 -1 3 7 
6 7 7 4 -1 6 6 7 -1 4 6 -1 -1 -1 5 6 2 2 7 7 
6 -1 6 6 6 6 -1 -1 7 7 5 5 5 5 5 7 7 7 7 7 
-1 -1 -1 7 6 -1 -1 -1 7 5 5 5 5 5 5 7 7 -1 7 6 
-1 -1 -1 -1 7 -1 7 5 5 7 -1 5 6 5 5 5 7 5 5 7 
7 7 -1 -1 7 2 2 2 5 -1 5 -1 -1 -1 5 5 7 7 7 7 
7 7 6 2 -1 -1 2 -1 -1 3 -1 3 3 3 7 5 5 -1 7 5 
10 7 7 -1 3 3 3 3 3 3 7 3 3 7 1 5 5 10 5 7 
10 6 6 -1 3 -1 3 3 -1 3 3 7 7 7 5 5 -1 -1 10 5 
6 6 -1 -1 -1 3 3 -1 4 -1 3 3 -1 -1 5 5 5 7 5 10 
6 6 -1 -1 3 4 -1 4 2 3 3 3 3 3 6 3 7 5 5 5 
-1 -1 -1 3 3 3 4 3 -1 2 3 3 3 6 6 6 7 5 5 6 
6 -1 -1 3 3 6 4 5 3 3 3 3 -1 7 6 6 3 7 7 -1 
6 6 -1 -1 6 4 5 5 5 3 3 -1 -1 7 7 5 5 7 -1 7 
7 -1 -1 6 6 7 2 -1 5 5 5 7 7 7 -1 5 5 7 7 7 
7 7 -1 -1 6 6 6 5 5 5 5 7 -1 -1 5 5 5 7 7 -1 
7 -1 7 -1 -1 6 7 6 5 5 5 4 7 -1 -1 5 -1 5 7 7 
7 7 7 -1 9 7 7 1 1 5 5 -1 7 7 5 5 5 5 5 7 
5 6 7 7 9 9 -1 1 -1 1 5 5 5 5 5 5 5 5 5 7 
6 7 7 7 -1 6 -1 1 -1 7 5 5 -1 5 5 7 7 5 7 7 
6 7 7 -1 7 -1 6 6 -1 7 1 1 1 1 5 7 7 6 6 7 
-1 7 7 7 -1 7 2 6 -1 5 5 7 7 3 5 7 7 -1 7 6 
7 7 2 -1 7 7 7 2 6 7 7 7 7 7 7 7 5 7 6 5 
7 7 5 2 2 2 2 2 7 7 7 7 7 7 7 -1 5 5 6 5 
5 7 10 5 2 2 2 -1 7 6 7 7 7 7 7 -1 -1 6 6 5 
6 6 10 7 2 2 2 -1 7 7 3 7 3 7 7 -1 -1 -1 5 2 
-1 5 3 3 3 3 -1 -1 7 7 7 -1 7 6 6 -1 7 7 -1 -1 
-1 -1 6 6 -1 7 3 3 7 7 7 7 7 -1 -1 -1 7 7 -1 -1 
7 7 6 -1 7 7 3 7 -1 7 -1 7 7 7 7 -1 7 7 7 -1 
7 7 7 6 6 3 -1 3 7 7 7 7 7 7 7 7 7 7 1 7 
5 -1 7 6 7 7 7 6 7 7 7 7 -1 7 7 7 5 5 7 7 
5 7 -1 7 7 7 7 7 7 7 7 7 7 7 -1 5 5 7 7 7 
-1 5 7 7 7 7 7 7 7 7 7 7 7 7 7 7 7 5 -1 5 
5 5 6 7 -1 7 7 7 7 7 7 7 7 7 7 7 5 5 5 5 
7 5 5 7 -1 7 7 7 7 7 -1 3 7 3 7 5 5 -1 5 7 
7 7 6 6 6 5 5 7 7 7 7 7 3 -1 7 -1 5 5 -1 7 
5 6 7 7 6 1 7 7 7 7 7 7 7 7 5 5 5 5 5 5 
6 7 6 6 7 7 1 -1 7 6 6 7 7 7 7 7 5 5 -1 5 
6 6 -1 7 7 32 32 7 -1 7 7 5 5 -1 7 6 7 -1 5 -1 
6 6 -1 6 -1 32 32 7 -1 -1 7 5 5 -1 -1 6 7 7 5 6 
6 5 5 -1 32 32 9 9 9 7 5 -1 5 5 5 -1 7 7 5 5 
5 6 6 -1 32 7 7 9 9 9 5 5 5 5 5 5 7 7 7 7 
6 3 3 3 7 7 7 -1 9 9 5 -1 -1 5 5 5 5 -1 7 7 
5 7 3 3 7 -1 3 3 -1 5 -1 -1 -1 5 5 -1 5 7 -1 5 
5 7 -1 3 -1 3 7 3 -1 7 7 7 -1 7 5 7 6 7 7 -1 
6 7 3 -1 3 3 3 6 3 7 7 7 -1 7 6 6 7 7 7 7 
7 6 7 7 7 7 7 7 7 7 -1 5 -1 -1 -1 7 7 7 7 7 
7 7 7 7 -1 7 6 7 7 7 -1 -1 7 -1 -1 7 7 7 7 7 
7 5 7 7 7 7 -1 7 40 7 -1 7 5 5 -1 -1 7 7 7 7 
7 5 5 7 7 7 7 -1 7 40 40 7 -1 5 -1 -1 7 7 7 7 
7 -1 -1 7 7 7 7 7 40 40 5 5 7 7 7 7 -1 7 -1 7 
-1 -1 -1 -1 7 7 7 7 7 40 40 5 5 -1 5 -1 7 7 -1 -1 
7 6 -1 7 -1 6 7 7 -1 6 5 5 5 5 -1 5 7 7 7 -1 
7 7 7 7 6 7 7 6 6 1 5 5 -1 9 5 5 -1 -1 7 7 
7 7 -1 7 7 7 6 6 6 -1 1 7 5 9 5 -1 6 7 5 7 
5 -1 7 7 7 7 7 7 -1 -1 32 32 32 9 7 7 6 5 -1 7 
7 7 -1 7 5 7 7 7 -1 32 -1 -1 6 32 -1 -1 -1 5 -1 -1 
7 7 7 1 7 7 7 7 7 7 32 -1 7 32 32 7 7 -1 -1 -1 
-1 7 7 7 7 7 7 7 7 7 6 -1 -1 6 7 7 7 7 41 41 
-1 -1 7 7 7 7 7 7 7 7 6 6 -1 6 7 7 7 7 41 7 
7 7 7 -1 -1 -1 3 7 7 7 6 6 6 -1 7 7 -1 -1 7 3 
3 7 7 -1 -1 -1 7 9 7 7 9 7 7 7 7 -1 7 -1 3 3 
-1 -1 7 -1 7 7 7 9 9 9 9 5 5 -1 -1 -1 7 7 3 3 
-1 7 7 7 7 -1 -1 7 9 1 9 5 5 7 7 -1 -1 7 7 7 
7 7 7 7 7 -1 7 7 1 -1 1 7 7 7 7 7 7 -1 7 -1 
7 7 -1 7 7 7 7 1 7 -1 7 5 7 -1 -1 7 6 7 7 7 
7 7 -1 -1 -1 7 7 -1 7 41 7 7 41 5 41 -1 7 5 7 7 
7 7 7 -1 -1 7 7 7 41 41 7 7 41 41 7 7 7 7 7 7 
-1 7 7 -1 7 -1 7 7 -1 41 7 7 7 40 41 7 7 7 7 -1 
-1 7 7 7 7 6 41 41 41 -1 7 7 40 7 7 7 7 7 7 7 
7 -1 -1 -1 6 7 -1 41 -1 -1 -1 40 7 -1 -1 7 7 7 7 7 
7 -1 7 6 7 -1 -1 -1 -1 -1 -1 40 40 3 -1 7 7 7 7 7 
3 -1 7 7 7 -1 -1 -1 7 -1 40 3 40 3 -1 7 7 -1 -1 3 
3 7 7 7 7 7 -1 7 7 -1 40 3 3 40 40 -1 -1 -1 7 -1 
7 6 7 7 7 7 7 7 7 40 40 40 40 40 7 7 7 -1 -1 7 
7 6 7 7 -1 7 -1 -1 7 -1 40 40 40 40 7 7 7 7 6 7 
7 -1 40 40 7 41 -1 7 -1 3 7 -1 40 6 6 7 7 7 -1 6 
7 40 -1 7 41 7 7 7 5 7 40 40 40 40 -1 40 -1 7 -1 40 
40 7 40 40 7 7 5 5 -1 7 7 40 40 5 5 4 4 -1 -1 40 
7 7 40 40 40 41 -1 4 5 7 -1 7 5 4 4 4 -1 -1 32 3 
3 3 7 7 5 7 7 -1 5 5 7 5 41 5 4 4 4 -1 -1 3 
7 7 7 -1 -1 7 7 7 41 7 5 5 41 7 5 5 41 5 -1 -1 
-1 -1 5 7 7 7 -1 -1 41 41 4 -1 -1 -1 41 5 41 41 -1 7 
7 5 41 -1 41 41 7 -1 -1 41 40 4 5 5 41 41 5 -1 5 -1 
7 7 -1 41 -1 7 7 -1 7 -1 -1 4 40 5 41 5 -1 5 -1 -1 
7 7 -1 41 41 7 -1 7 -1 7 41 5 5 40 41 -1 5 -1 -1 -1 
-1 10 -1 40 40 40 -1 7 40 40 -1 38 40 40 6 40 40 6 40 -1 
40 40 40 -1 40 -1 -1 40 40 38 38 40 38 6 40 40 40 40 40 40 
40 40 -1 7 7 -1 40 38 38 7 38 8 -1 6 6 -1 -1 -1 40 40 
40 40 40 40 7 7 38 7 -1 38 8 8 8 6 6 6 40 40 4 40 
6 -1 40 40 40 7 7 38 38 38 40 40 40 8 6 6 40 4 41 40 
41 41 40 40 40 7 -1 -1 38 38 38 40 40 40 -1 6 14 4 6 41 
41 40 40 -1 7 7 7 8 -1 14 14 40 40 40 -1 14 6 41 41 41 
40 40 40 40 -1 5 8 -1 32 32 6 -1 -1 40 14 14 14 6 6 41 
41 41 40 7 7 -1 -1 7 7 7 32 6 -1 6 6 -1 -1 7 6 -1 
-1 40 -1 40 40 7 7 7 7 7 7 6 7 7 4 4 7 7 6 -1 
-1 -1 40 40 34 34 34 -1 33 7 2 41 41 7 7 7 7 -1 -1 -1 
-1 -1 -1 -1 41 41 -1 7 7 33 41 2 -1 -1 7 -1 40 -1 -1 40 
34 -1 -1 -1 41 -1 7 -1 33 -1 -1 -1 -1 7 -1 7 7 -1 40 -1 
34 -1 -1 34 41 41 -1 1 33 33 -1 -1 -1 7 7 7 -1 40 40 40 
40 -1 40 -1 -1 41 1 41 32 34 33 32 7 7 -1 7 7 -1 40 40 
-1 -1 40 -1 38 38 1 -1 1 32 32 32 -1 40 7 14 -1 -1 -1 40 
14 40 40 -1 -1 -1 -1 1 -1 32 32 40 -1 40 40 40 -1 14 14 14 
-1 40 40 40 40 -1 -1 -1 -1 11 11 40 40 40 40 40 40 14 14 -1 
40 40 40 -1 -1 -1 41 41 -1 -1 -1 40 40 6 40 40 40 14 40 40 
40 10 -1 -1 40 -1 -1 41 -1 40 40 40 40 6 40 6 6 6 6 40 
41 9 9 7 6 6 5 6 5 5 40 5 -1 40 -1 40 40 6 6 41 
41 42 6 7 6 40 -1 5 5 5 40 40 40 7 -1 40 -1 41 -1 6 
6 42 6 1 40 6 40 40 5 5 40 -1 40 7 -1 40 41 -1 6 6 
6 6 6 6 6 -1 40 40 40 7 40 40 40 7 40 40 40 41 -1 6 
-1 6 -1 -1 6 6 10 10 32 40 7 40 -1 40 40 40 40 41 -1 -1 
6 6 6 -1 6 -1 -1 7 32 -1 40 -1 40 40 40 40 40 40 41 6 
6 6 6 6 6 6 6 -1 32 6 6 40 40 40 40 40 40 6 6 6 
6 6 6 6 6 40 6 6 -1 -1 6 40 40 40 40 40 6 6 40 -1 
6 2 2 6 6 14 40 40 40 40 40 40 40 40 40 -1 40 40 32 40 
6 6 2 40 14 6 14 40 40 40 6 40 40 40 6 6 40 40 40 40 
-1 6 40 6 14 32 14 -1 -1 -1 40 40 40 -1 40 40 32 9 -1 -1 
32 40 40 14 4 14 14 -1 40 40 11 11 -1 40 40 40 -1 9 -1 -1 
32 40 40 14 14 4 2 40 32 40 11 11 11 -1 40 40 -1 -1 13 32 
6 33 40 2 14 2 2 32 32 40 11 -1 -1 -1 40 41 41 -1 13 13 
-1 33 33 -1 2 38 38 38 32 5 11 11 -1 -1 -1 41 40 41 6 6 
-1 40 -1 40 -1 2 5 5 5 5 5 3 -1 -1 5 41 -1 41 6 6 
41 41 41 41 2 5 2 5 5 5 40 40 3 40 40 5 5 -1 41 41 
41 41 41 -1 -1 40 5 5 5 5 5 5 40 40 -1 -1 5 5 41 41 
-1 41 -1 -1 40 5 5 5 6 5 5 -1 5 40 40 6 41 41 -1 41 
41 -1 9 33 40 5 5 5 5 5 5 40 -1 -1 40 40 40 -1 41 6 
14 40 6 40 40 6 6 6 6 6 6 6 32 32 6 6 6 -1 -1 40 
40 40 6 40 40 -1 6 6 6 6 -1 -1 6 6 6 6 6 6 6 14 
40 6 -1 6 10 8 8 6 6 6 6 6 6 6 -1 6 6 14 14 40 
40 6 40 -1 6 8 -1 6 6 6 6 6 -1 -1 -1 6 6 14 36 40 
-1 40 40 40 -1 -1 -1 -1 6 6 41 -1 42 -1 40 -1 42 42 -1 -1 
40 -1 -1 40 -1 6 6 6 6 41 41 42 42 -1 40 40 40 40 36 40 
40 40 -1 -1 6 6 -1 6 41 41 41 42 -1 -1 40 40 40 -1 36 36 
40 2 -1 40 40 6 6 6 -1 6 -1 41 -1 6 6 40 40 36 36 10 
10 2 -1 -1 6 40 6 -1 -1 6 6 -1 41 -1 40 42 42 40 5 -1 
2 10 6 6 5 6 40 9 9 -1 -1 6 41 9 -1 9 -1 40 40 5 
42 10 6 6 5 6 6 6 6 -1 6 6 6 9 9 9 6 -1 -1 40 
4 6 -1 5 5 6 6 6 6 -1 6 6 9 5 9 5 5 5 -1 40 
5 5 6 12 6 9 6 6 6 40 9 6 -1 9 9 5 5 5 5 5 
5 5 -1 6 6 6 6 -1 40 40 9 2 9 5 5 5 5 4 5 5 
5 -1 -1 6 6 -1 -1 -1 9 9 9 2 9 -1 -1 5 5 5 5 5 
5 6 6 6 6 6 -1 40 40 9 9 2 9 9 -1 7 7 5 5 5 
-1 6 6 6 6 6 -1 40 6 6 2 9 2 9 7 7 5 -1 5 5 
5 6 6 6 6 40 6 6 6 6 6 4 4 6 7 7 7 5 5 5 
6 6 6 6 40 40 40 6 6 6 6 2 4 2 10 7 7 7 7 5 
40 6 6 40 40 40 40 6 6 6 32 -1 32 -1 -1 -1 14 6 6 40 
42 42 -1 14 14 -1 -1 6 6 -1 40 9 -1 6 6 6 14 42 6 14 
14 -1 -1 14 14 -1 -1 -1 -1 6 40 -1 6 14 14 14 14 6 42 42 
42 -1 14 6 -1 -1 -1 6 -1 40 6 -1 14 14 14 14 42 42 42 42 
6 42 4 6 -1 -1 6 2 6 -1 6 40 -1 -1 14 14 14 42 42 6 
42 6 6 4 -1 -1 2 -1 -1 40 40 40 6 7 7 14 -1 42 14 42 
6 6 4 6 4 -1 6 6 6 6 -1 6 40 7 -1 10 -1 42 42 -1 
6 -1 -1 4 4 4 6 6 6 6 6 10 6 10 6 10 -1 -1 -1 -1 
-1 -1 4 4 6 4 6 -1 6 6 6 6 10 6 -1 -1 10 4 4 6 
-1 -1 4 4 6 6 6 9 9 6 6 10 6 6 9 40 40 -1 4 -1 
6 40 6 4 6 6 -1 9 6 9 9 6 9 10 40 40 -1 -1 -1 6 
40 6 6 6 6 -1 -1 9 9 9 9 -1 9 9 9 17 -1 6 -1 40 
6 6 6 6 6 -1 9 -1 9 -1 9 -1 -1 9 9 9 -1 6 6 40 
40 40 6 6 9 9 -1 9 9 6 9 -1 1 9 6 6 6 -1 4 -1 
38 6 40 9 4 4 9 4 9 9 9 6 2 2 9 40 6 40 -1 4 
38 6 6 -1 -1 6 6 6 -1 6 9 6 6 6 -1 -1 40 6 -1 -1 
-1 -1 -1 4 4 4 6 4 12 6 6 -1 6 6 6 -1 -1 6 40 4 
14 14 14 -1 4 6 4 12 6 6 6 6 6 6 6 6 -1 6 14 14 
14 14 -1 14 7 -1 -1 -1 6 -1 6 6 6 -1 6 6 14 14 14 14 
-1 -1 -1 42 14 6 6 6 6 5 -1 -1 6 -1 6 6 -1 14 14 14 
14 42 14 14 14 6 14 6 6 -1 5 -1 9 -1 6 -1 14 14 14 14 
6 6 6 6 6 1 -1 -1 6 -1 -1 -1 6 40 40 40 -1 40 -1 -1 
6 6 6 6 6 6 -1 2 -1 6 -1 -1 6 6 -1 40 40 40 -1 -1 
6 -1 6 6 6 -1 6 -1 6 6 6 6 6 -1 40 40 40 40 -1 6 
6 6 6 6 -1 6 4 4 6 6 -1 6 -1 -1 40 40 6 40 6 6 
6 6 6 6 10 10 4 6 6 6 -1 6 6 -1 6 6 40 -1 40 6 
6 6 6 -1 10 -1 -1 3 6 -1 3 6 6 6 6 6 -1 40 -1 6 
6 6 6 10 -1 -1 3 3 3 3 -1 6 6 6 6 6 6 -1 6 6 
6 6 -1 6 10 -1 3 3 6 1 10 1 6 6 11 11 6 6 6 6 
6 6 6 -1 -1 3 -1 3 6 -1 1 6 6 6 6 6 -1 6 -1 6 
6 6 6 -1 6 3 -1 13 13 -1 6 1 1 1 40 -1 6 6 6 6 
6 6 6 6 6 6 -1 13 13 6 6 6 -1 6 1 40 6 6 6 6 
-1 -1 4 6 6 6 6 -1 6 6 6 6 6 6 10 -1 40 6 9 6 
6 4 6 6 6 6 -1 -1 6 6 6 -1 6 6 6 10 -1 6 6 6 
6 6 -1 6 6 6 6 6 6 6 -1 6 6 6 40 6 40 6 6 -1 
-1 6 1 -1 -1 6 6 6 -1 -1 6 6 6 40 -1 -1 6 -1 6 -1 
-1 1 1 -1 -1 6 6 6 6 6 6 9 6 -1 40 -1 6 6 6 6 
1 1 1 1 6 6 -1 -1 6 6 9 6 -1 -1 -1 6 14 6 6 14 
6 1 1 1 1 -1 6 6 -1 6 6 9 -1 -1 6 14 -1 -1 6 6 
6 6 6 -1 -1 -1 6 6 6 -1 -1 -1 -1 6 6 6 14 14 -1 6 
6 6 6 -1 6 6 -1 6 6 -1 -1 -1 -1 6 10 10 40 -1 -1 -1 
1 1 1 3 6 1 6 1 6 6 -1 6 6 -1 1 1 -1 1 1 1 
3 1 -1 -1 3 6 6 1 6 1 -1 6 6 1 6 6 1 -1 3 1 
1 3 -1 -1 -1 6 -1 6 6 6 -1 -1 -1 6 1 6 -1 3 -1 1 
3 1 -1 -1 1 14 14 -1 40 -1 40 -1 40 6 6 -1 -1 -1 3 3 
-1 -1 -1 -1 1 1 14 14 40 40 -1 -1 -1 -1 1 -1 -1 -1 1 -1 
-1 -1 -1 1 1 14 -1 14 -1 40 40 1 -1 1 1 1 -1 1 -1 -1 
-1 -1 1 1 -1 -1 14 -1 -1 1 40 -1 1 -1 1 6 -1 -1 6 -1 
-1 1 1 11 11 14 11 -1 1 -1 1 1 -1 -1 -1 -1 -1 -1 -1 -1 
-1 -1 1 1 1 -1 1 11 -1 1 1 1 -1 -1 -1 -1 -1 -1 -1 -1 
-1 -1 -1 -1 -1 -1 -1 1 1 1 1 -1 -1 -1 1 1 -1 -1 -1 3 
-1 -1 -1 -1 -1 -1 -1 -1 -1 -1 -1 -1 -1 -1 1 -1 1 -1 -1 3 
1 1 1 1 -1 -1 -1 -1 -1 -1 -1 1 1 -1 -1 -1 1 1 3 1 
-1 1 1 -1 1 1 1 1 -1 3 -1 1 1 -1 -1 -1 3 3 3 -1 
-1 -1 1 1 1 -1 -1 1 -1 -1 3 -1 1 1 13 6 -1 -1 1 -1 
-1 -1 -1 -1 -1 1 -1 -1 1 1 3 -1 -1 1 6 -1 -1 -1 1 -1 
-1 1 1 -1 -1 1 -1 -1 1 1 1 1 1 6 -1 -1 -1 1 1 -1 
1 1 1 1 1 -1 1 -1 1 1 1 1 1 1 1 1 -1 1 1 -1 
1 1 1 1 1 1 -1 6 1 -1 1 1 -1 1 1 -1 1 1 -1 -1 
1 1 1 1 1 1 1 6 6 1 1 1 -1 1 1 1 -1 -1 1 1 
-1 -1 1 1 1 1 -1 6 6 -1 6 1 1 1 -1 1 1 1 1 1 
-1 1 1 6 -1 -1 1 -1 1 1 1 1 1 1 1 1 1 1 1 1 
1 -1 -1 1 6 1 1 1 -1 1 1 1 1 -1 1 1 -1 1 -1 1 
1 -1 1 6 1 1 1 1 1 -1 1 -1 1 1 1 -1 -1 -1 1 1 
1 1 1 1 1 -1 1 1 1 1 1 1 -1 1 1 1 -1 1 1 1 
1 -1 -1 1 1 1 1 1 1 1 1 1 1 1 1 -1 -1 1 -1 1 
1 -1 40 1 1 1 -1 -1 1 1 1 1 1 -1 -1 -1 -1 1 1 1 
1 1 -1 -1 1 -1 -1 1 1 1 1 -1 -1 -1 -1 -1 1 -1 -1 -1 
1 1 -1 1 -1 1 -1 -1 -1 1 1 1 1 1 -1 -1 1 1 1 1 
1 1 1 -1 -1 -1 -1 -1 1 1 1 -1 1 1 1 -1 -1 1 1 1 
1 -1 1 1 -1 -1 -1 -1 -1 1 -1 1 1 1 1 -1 -1 -1 1 1 
-1 -1 1 1 1 -1 1 -1 1 -1 -1 -1 1 1 1 1 1 1 1 -1 
-1 -1 -1 1 1 -1 1 1 1 1 -1 -1 1 1 1 1 1 1 -1 -1 
-1 -1 -1 -1 1 -1 1 -1 1 -1 1 1 1 1 1 6 1 -1 -1 1 
1 -1 1 -1 1 1 1 -1 -1 1 1 1 1 -1 1 6 1 1 -1 1 
-1 1 1 1 1 -1 -1 -1 1 -1 1 1 1 1 6 6 1 1 1 -1 
1 1 1 1 1 -1 1 1 -1 1 1 1 1 1 -1 1 1 1 -1 -1 
1 1 1 -1 3 -1 -1 1 1 1 1 -1 -1 -1 1 1 1 1 1 1 
-1 1 1 1 -1 3 -1 1 1 1 1 1 -1 1 -1 1 1 1 1 -1 
1 1 1 1 -1 3 3 1 -1 -1 1 1 -1 1 1 1 -1 -1 1 1 
1 -1 1 1 -1 1 -1 3 -1 1 1 1 1 -1 1 1 1 1 1 1 
-1 1 1 1 1 -1 -1 -1 -1 6 3 -1 -1 1 -1 -1 -1 -1 -1 1 
1 -1 1 -1 -1 3 3 -1 3 -1 3 6 1 -1 1 -1 -1 -1 -1 -1 
1 1 -1 -1 -1 -1 -1 3 -1 -1 6 6 6 1 1 -1 1 1 -1 -1 
1 1 1 -1 1 -1 -1 -1 -1 6 6 3 -1 -1 1 1 1 -1 -1 1 
1 -1 1 -1 1 1 -1 -1 1 6 3 3 3 1 1 1 9 -1 1 1 
1 1 1 1 1 -1 -1 -1 1 -1 -1 1 3 3 -1 -1 -1 9 9 1 
1 -1 -1 1 1 1 -1 -1 3 3 1 1 1 3 3 -1 9 9 1 1 
1 -1 -1 -1 -1 -1 1 3 3 3 3 -1 1 3 3 -1 1 1 1 1 
1 -1 -1 -1 -1 1 1 3 3 3 3 3 1 1 1 -1 1 1 1 1 
1 1 1 -1 1 1 1 1 3 3 3 3 1 1 -1 1 1 1 1 1 
3 3 3 -1 1 1 -1 1 -1 3 3 -1 1 -1 1 -1 3 -1 -1 1 
3 1 3 1 1 1 1 1 3 1 3 1 1 1 1 1 3 1 1 3 
1 1 -1 -1 1 1 -1 3 -1 3 -1 1 -1 1 1 3 1 3 1 -1 
1 1 1 1 1 -1 3 1 -1 1 1 1 1 1 -1 1 -1 3 1 -1 
1 1 1 -1 1 -1 -1 -1 1 1 1 1 1 1 -1 1 -1 -1 1 1 
-1 1 -1 1 1 1 1 -1 1 1 1 -1 1 1 1 -1 -1 -1 1 1 
-1 -1 1 1 1 1 -1 -1 1 1 1 1 -1 1 -1 -1 -1 1 1 -1 
1 1 1 1 1 -1 -1 -1 1 1 1 1 1 1 -1 -1 -1 1 1 1 
1 -1 1 1 -1 -1 -1 1 1 -1 1 -1 -1 1 -1 1 -1 1 1 1 
-1 -1 1 1 1 -1 -1 -1 -1 -1 6 -1 -1 -1 -1 1 1 1 1 -1 
1 -1 -1 -1 3 3 -1 -1 -1 3 1 -1 -1 -1 3 -1 3 3 -1 1 
-1 1 1 1 3 3 3 3 -1 1 -1 1 -1 -1 3 3 3 1 -1 -1 
-1 1 -1 3 3 3 3 -1 -1 -1 -1 -1 -1 -1 -1 -1 -1 -1 1 1 
1 -1 1 -1 3 3 3 -1 1 -1 -1 1 -1 -1 -1 -1 3 1 3 1 
1 1 1 3 1 3 1 -1 1 -1 -1 -1 1 -1 -1 -1 3 3 -1 -1 
1 1 1 1 1 1 1 -1 1 1 -1 1 1 -1 -1 -1 -1 1 3 3 
3 3 3 1 1 3 3 1 3 1 1 1 1 1 1 -1 -1 -1 3 3 
3 3 3 3 1 3 3 3 1 3 1 -1 1 1 1 -1 1 1 3 3 
-1 3 -1 1 1 -1 3 -1 -1 1 1 1 -1 1 -1 1 1 -1 3 3 
3 -1 1 1 1 1 1 1 -1 1 1 1 -1 -1 1 1 1 1 -1 3 
-1 1 1 1 1 1 -1 1 -1 1 1 1 1 1 1 -1 1 -1 -1 -1 
-1 1 1 -1 -1 -1 1 1 1 -1 1 -1 1 1 1 1 -1 -1 1 1 
1 1 -1 -1 -1 1 -1 1 1 1 -1 -1 -1 1 1 1 -1 -1 -1 1 
-1 1 1 -1 1 1 1 1 -1 1 1 -1 1 1 1 -1 -1 -1 1 1 
1 1 1 1 1 1 1 -1 -1 1 1 1 1 1 1 -1 -1 -1 1 1 
1 1 -1 1 -1 1 -1 -1 -1 1 -1 1 1 -1 -1 -1 -1 -1 -1 1 
3 3 3 -1 -1 -1 -1 -1 -1 1 1 1 -1 1 -1 -1 -1 3 3 -1 
1 -1 3 3 -1 -1 -1 -1 1 1 1 1 -1 -1 -1 -1 3 3 1 3 
1 3 -1 3 3 3 -1 -1 1 1 1 1 -1 -1 -1 -1 3 3 -1 1 
1 1 1 -1 3 3 3 -1 3 1 1 1 -1 -1 -1 -1 3 3 1 -1 
-1 3 -1 -1 -1 -1 -1 3 3 -1 -1 -1 1 1 1 -1 1 -1 3 3 
3 3 3 3 3 -1 -1 -1 -1 -1 -1 -1 1 1 1 1 3 3 3 3 
-1 3 -1 -1 3 3 -1 -1 -1 -1 -1 -1 -1 3 3 3 3 3 3 -1 
-1 -1 3 -1 -1 3 -1 -1 -1 -1 -1 -1 -1 -1 3 3 3 3 3 -1 
-1 -1 -1 -1 -1 -1 -1 -1 -1 -1 -1 -1 -1 3 3 3 3 3 -1 3 
-1 1 7 7 -1 3 -1 -1 -1 -1 3 3 -1 -1 3 3 -1 3 1 -1 
-1 1 -1 -1 -1 -1 3 3 3 3 3 -1 3 -1 3 3 -1 3 -1 1 
1 -1 1 -1 1 -1 -1 3 3 3 3 -1 3 3 3 3 3 3 1 1 
-1 1 1 1 1 1 1 1 3 -1 1 1 -1 3 3 3 -1 -1 3 -1 
-1 3 -1 3 -1 3 1 1 1 -1 1 3 -1 -1 3 3 -1 -1 3 1 
-1 3 -1 3 3 -1 1 -1 1 1 1 -1 -1 3 3 3 3 3 -1 3 
-1 -1 3 3 3 3 1 -1 -1 3 3 -1 -1 -1 3 7 3 3 3 -1 
-1 -1 3 3 -1 3 1 1 -1 3 -1 -1 3 3 -1 -1 -1 3 3 -1 
1 -1 -1 -1 3 -1 1 1 -1 3 -1 -1 -1 -1 -1 -1 -1 -1 3 1 
-1 -1 1 3 3 3 -1 3 -1 3 -1 3 3 -1 -1 -1 -1 1 1 1 
-1 -1 -1 -1 3 3 3 3 -1 3 3 3 -1 -1 -1 1 1 1 1 -1 
-1 -1 -1 -1 3 3 3 3 -1 3 3 -1 -1 -1 -1 -1 1 -1 1 1 
-1 -1 -1 -1 -1 3 3 3 3 3 -1 1 1 -1 -1 1 -1 1 1 -1 
1 -1 -1 -1 -1 3 3 3 3 -1 1 1 1 -1 1 -1 1 -1 -1 1 
3 3 -1 -1 -1 -1 3 3 3 1 1 1 1 1 1 1 -1 1 1 3 
3 -1 3 -1 -1 -1 3 -1 -1 -1 3 -1 -1 3 3 3 3 3 -1 -1 
3 -1 -1 -1 -1 3 -1 -1 3 -1 3 3 3 3 3 3 3 -1 -1 -1 
-1 3 -1 -1 -1 3 -1 -1 -1 3 -1 3 3 -1 3 3 -1 -1 -1 -1 
3 -1 -1 -1 3 -1 -1 3 3 3 3 3 3 3 -1 -1 -1 -1 -1 -1 
3 3 3 3 3 -1 -1 3 3 3 3 3 3 3 3 -1 1 -1 -1 -1 
-1 3 -1 -1 3 -1 -1 -1 -1 3 3 3 3 3 3 3 -1 -1 -1 3 
3 -1 -1 -1 -1 -1 -1 3 3 3 -1 -1 -1 -1 -1 3 -1 -1 3 -1 
-1 -1 -1 -1 -1 -1 -1 3 -1 -1 3 3 -1 -1 -1 3 3 3 3 3 
3 3 -1 -1 -1 -1 3 3 1 -1 3 -1 -1 -1 3 -1 3 3 3 -1 
-1 3 -1 -1 3 3 3 7 7 -1 3 -1 -1 -1 -1 -1 -1 -1 3 -1 
3 3 -1 3 -1 -1 3 7 -1 3 3 -1 -1 -1 -1 -1 -1 3 3 3 
3 3 3 3 3 3 -1 7 -1 3 3 3 3 -1 -1 -1 -1 -1 3 1 
3 3 3 3 -1 -1 3 7 7 -1 1 3 3 3 -1 -1 -1 -1 3 3 
3 3 3 3 3 3 3 3 -1 -1 1 -1 -1 -1 3 3 -1 -1 3 3 
3 -1 -1 3 3 3 -1 3 -1 -1 -1 -1 -1 -1 -1 -1 -1 -1 -1 3 
3 3 -1 -1 -1 -1 -1 -1 3 -1 -1 -1 -1 -1 -1 3 -1 -1 3 3 
3 -1 -1 -1 3 3 3 -1 3 3 3 -1 -1 -1 3 3 -1 -1 -1 3 
-1 3 3 -1 -1 3 3 3 3 3 3 3 3 3 -1 3 3 3 -1 -1 
-1 3 3 -1 -1 3 3 -1 3 3 -1 3 -1 3 3 3 3 3 -1 -1 
-1 3 -1 3 -1 3 -1 -1 -1 -1 3 -1 3 -1 3 -1 3 -1 3 -1 
-1 3 -1 1 1 7 1 1 1 -1 1 1 1 -1 1 1 -1 -1 3 3 
-1 -1 -1 1 1 1 1 -1 3 -1 1 1 1 -1 3 3 1 1 -1 -1 
-1 -1 -1 1 1 1 1 -1 3 3 3 1 -1 -1 3 1 1 -1 3 3 
-1 -1 -1 1 -1 -1 -1 3 -1 3 -1 -1 -1 -1 -1 1 -1 -1 3 -1 
-1 -1 -1 -1 1 -1 -1 -1 3 -1 -1 -1 1 -1 3 1 1 9 -1 -1 
-1 -1 -1 -1 -1 -1 -1 -1 -1 3 -1 -1 -1 1 3 3 1 -1 -1 -1 
-1 3 -1 -1 -1 -1 -1 -1 -1 -1 1 -1 -1 -1 3 -1 -1 -1 -1 -1 
3 3 3 3 3 -1 -1 -1 -1 -1 -1 -1 -1 -1 -1 3 -1 -1 -1 3 
-1 3 3 3 3 3 -1 -1 -1 -1 -1 -1 -1 -1 -1 -1 3 -1 3 1 
3 3 -1 3 3 -1 3 -1 -1 -1 -1 3 -1 -1 -1 3 3 3 3 3 
1 3 -1 3 3 3 -1 -1 -1 -1 3 -1 3 3 3 -1 -1 3 3 1 
1 -1 -1 -1 3 3 3 -1 -1 3 -1 3 -1 -1 3 -1 3 -1 -1 -1 
-1 -1 -1 -1 -1 3 -1 3 3 3 3 -1 -1 -1 -1 -1 -1 -1 -1 1 
-1 -1 -1 -1 -1 -1 -1 -1 3 3 3 3 3 -1 -1 3 -1 -1 -1 -1 
-1 -1 -1 -1 -1 -1 -1 3 -1 3 3 3 -1 -1 -1 3 3 -1 -1 -1 
-1 -1 -1 -1 -1 7 -1 -1 -1 3 3 1 1 -1 3 3 -1 -1 -1 3 
-1 -1 -1 -1 -1 7 7 -1 -1 3 3 3 1 3 -1 3 3 -1 3 -1 
-1 3 3 -1 -1 -1 7 7 -1 -1 3 3 3 3 3 3 3 3 -1 -1 
-1 3 -1 -1 -1 7 -1 -1 -1 -1 -1 -1 3 3 -1 -1 -1 3 -1 -1 
3 3 -1 1 1 1 7 1 -1 -1 1 1 3 1 -1 -1 -1 -1 3 -1 
-1 -1 -1 -1 3 -1 3 -1 -1 3 3 -1 -1 -1 -1 -1 -1 9 -1 -1 
-1 -1 3 1 1 1 -1 -1 -1 3 3 3 -1 -1 -1 -1 -1 -1 -1 -1 
-1 3 3 1 3 1 1 -1 -1 -1 -1 3 3 -1 -1 -1 -1 1 -1 -1 
1 3 -1 1 1 3 -1 3 -1 -1 3 -1 -1 -1 -1 1 1 -1 -1 -1 
-1 1 1 1 1 1 3 -1 3 3 3 3 -1 -1 -1 -1 -1 -1 1 -1 
1 1 -1 1 1 -1 -1 -1 -1 3 3 3 -1 -1 1 -1 -1 -1 -1 1 
1 1 1 1 -1 1 -1 -1 3 3 -1 3 3 -1 1 -1 -1 -1 1 1 
1 -1 1 1 -1 -1 -1 -1 -1 3 3 -1 -1 1 -1 1 -1 1 -1 1 
1 -1 1 -1 1 -1 -1 3 3 -1 3 3 -1 -1 1 -1 1 1 1 1 
3 1 1 -1 3 -1 -1 3 -1 -1 -1 -1 -1 1 -1 -1 1 1 -1 3 
-1 1 1 -1 3 -1 -1 -1 -1 -1 1 1 3 7 7 3 -1 3 3 3 
3 3 -1 3 3 3 3 1 1 1 -1 7 7 3 3 3 3 3 3 3 
9 3 -1 3 1 1 3 1 1 -1 7 7 -1 -1 6 -1 -1 3 3 3 
9 3 -1 -1 -1 1 -1 1 -1 3 7 7 6 6 -1 -1 3 -1 -1 9 
9 -1 -1 -1 -1 -1 1 -1 7 -1 7 7 6 -1 -1 -1 9 33 -1 3 
1 -1 -1 -1 -1 -1 -1 -1 -1 7 -1 7 7 -1 -1 9 9 9 33 33 
-1 1 -1 -1 -1 -1 1 -1 7 7 7 7 7 -1 -1 -1 9 9 -1 -1 
-1 3 -1 -1 3 -1 3 -1 3 7 7 -1 -1 -1 -1 -1 9 1 -1 9 
-1 3 -1 -1 3 -1 3 1 3 -1 3 3 1 -1 -1 -1 9 1 1 -1 
-1 -1 -1 3 3 -1 3 -1 3 3 -1 1 1 1 -1 -1 -1 9 -1 -1 
3 3 -1 3 -1 -1 3 3 3 -1 3 -1 -1 -1 3 -1 -1 3 -1 3 
3 -1 3 -1 -1 3 -1 -1 -1 -1 3 -1 -1 -1 -1 3 -1 -1 -1 3 
3 1 3 3 3 3 -1 -1 -1 -1 -1 -1 -1 -1 -1 -1 -1 -1 3 3 
-1 3 -1 3 9 3 1 -1 -1 -1 3 9 -1 -1 -1 -1 -1 -1 -1 -1 
-1 3 3 -1 9 9 -1 1 1 -1 3 3 -1 -1 -1 9 -1 -1 -1 -1 
-1 -1 -1 -1 -1 -1 -1 -1 1 9 9 9 -1 9 9 -1 -1 -1 -1 -1 
-1 -1 -1 -1 3 -1 3 -1 -1 -1 3 9 9 9 9 9 3 3 3 -1 
1 3 3 3 -1 3 3 3 3 3 3 9 9 9 9 9 -1 3 3 -1 
1 -1 -1 -1 -1 -1 -1 3 -1 3 9 9 -1 -1 -1 -1 -1 3 -1 1 
1 -1 -1 -1 -1 9 9 -1 3 3 9 9 1 -1 -1 -1 -1 -1 3 1 
1 -1 -1 -1 -1 -1 3 3 3 3 9 9 1 1 -1 -1 -1 -1 -1 1 
1 -1 -1 -1 -1 -1 -1 3 3 3 3 -1 9 1 1 -1 -1 1 -1 1 
-1 1 1 -1 -1 -1 -1 3 -1 -1 -1 9 -1 9 3 -1 1 -1 -1 -1 
-1 -1 1 -1 -1 -1 -1 -1 3 -1 3 9 -1 9 -1 1 1 -1 3 -1 
1 1 1 -1 -1 -1 -1 -1 -1 3 -1 9 9 -1 -1 1 -1 -1 -1 3 
3 -1 -1 3 -1 -1 -1 -1 -1 -1 3 3 -1 1 -1 -1 1 3 1 3 
-1 3 -1 3 -1 -1 -1 -1 -1 3 1 3 1 1 -1 3 3 3 1 3 
1 3 -1 -1 -1 -1 -1 3 3 -1 3 3 1 1 3 3 3 -1 3 3 
3 3 -1 -1 -1 3 -1 -1 -1 -1 -1 3 3 3 3 3 3 -1 3 3 
3 -1 3 -1 3 3 -1 3 -1 3 -1 3 -1 3 3 -1 3 -1 -1 3 
-1 -1 1 3 3 -1 -1 -1 -1 3 3 3 -1 -1 -1 -1 -1 -1 -1 -1 
3 -1 -1 3 3 3 3 3 -1 -1 3 3 3 -1 -1 -1 -1 -1 -1 3 
-1 -1 -1 3 3 3 -1 -1 3 3 -1 -1 3 3 -1 -1 -1 3 -1 3 
1 1 9 9 -1 3 3 -1 -1 -1 3 3 -1 3 9 9 -1 -1 3 1 
1 1 9 3 3 3 -1 -1 -1 3 3 3 -1 -1 3 9 9 -1 -1 3 
9 9 9 -1 3 1 3 3 3 3 3 3 -1 -1 3 3 -1 -1 1 -1 
9 9 -1 -1 3 -1 1 -1 3 3 3 3 3 3 -1 3 -1 -1 -1 9 
9 9 -1 -1 -1 3 3 1 3 3 1 3 -1 -1 3 3 -1 -1 1 3 
9 9 1 1 3 -1 3 -1 3 1 1 3 -1 3 -1 3 -1 1 -1 3 
-1 -1 1 -1 1 -1 -1 -1 1 1 1 -1 -1 -1 -1 3 1 1 3 3 
-1 -1 -1 1 1 -1 -1 1 1 -1 -1 -1 -1 1 3 3 1 3 3 3 
-1 -1 -1 1 1 -1 1 -1 -1 -1 -1 1 1 1 3 1 1 3 3 3 
-1 -1 -1 -1 -1 -1 -1 1 -1 -1 -1 -1 1 1 1 1 1 3 3 3 
-1 7 -1 -1 -1 -1 -1 3 1 -1 3 3 1 1 1 1 -1 1 -1 -1 
7 -1 -1 -1 -1 3 -1 3 3 3 3 -1 1 1 1 1 1 1 7 7 
7 -1 -1 3 3 -1 1 -1 3 1 1 1 1 1 -1 -1 1 3 3 7 
3 3 3 3 -1 1 1 1 1 -1 1 1 -1 -1 -1 1 -1 3 7 -1 
3 3 3 -1 3 3 -1 1 1 -1 1 1 1 -1 1 1 -1 -1 3 3 
3 -1 1 3 3 -1 -1 3 3 -1 3 7 -1 -1 -1 -1 -1 -1 3 3 
-1 3 1 3 -1 -1 -1 3 3 3 3 3 7 -1 -1 -1 -1 -1 -1 -1 
1 1 -1 3 3 -1 3 -1 1 3 -1 3 3 3 -1 -1 -1 9 -1 3 
3 3 -1 3 -1 3 3 1 1 -1 -1 -1 3 -1 -1 9 9 -1 -1 3 
3 3 -1 -1 3 3 3 3 3 -1 3 3 -1 -1 -1 9 9 -1 3 3 
3 -1 -1 -1 3 3 3 3 3 1 3 3 3 -1 -1 9 9 1 -1 3 
3 7 3 -1 3 3 3 3 3 3 3 3 3 3 3 3 9 1 1 -1 
7 -1 3 3 3 3 -1 3 3 3 3 7 3 -1 -1 3 3 -1 9 -1 
3 3 3 3 3 3 -1 3 3 3 3 3 -1 -1 -1 3 3 1 9 9 
3 -1 3 -1 -1 -1 -1 3 3 3 3 -1 7 -1 -1 -1 -1 1 -1 -1 
-1 -1 -1 3 3 3 3 -1 3 -1 7 7 7 3 -1 -1 -1 3 3 -1 
-1 -1 3 3 3 3 1 3 -1 3 3 -1 3 7 -1 -1 -1 3 -1 3 
3 3 3 7 3 1 1 -1 -1 -1 -1 -1 3 3 3 3 3 -1 -1 -1 
3 3 3 3 3 1 -1 1 -1 3 -1 3 3 3 3 -1 3 3 -1 3 
3 -1 -1 3 3 -1 1 1 -1 -1 3 3 -1 3 -1 7 3 3 -1 3 
3 -1 -1 -1 1 -1 1 1 -1 -1 3 3 -1 3 7 3 -1 -1 3 3 
3 3 3 -1 1 -1 1 1 -1 -1 3 3 -1 -1 -1 3 -1 -1 3 3 
3 3 3 -1 1 1 1 1 1 1 1 -1 3 -1 3 3 -1 3 3 3 
1 3 -1 -1 1 1 1 1 1 1 -1 1 -1 -1 3 3 3 3 3 3 
1 3 -1 -1 -1 -1 -1 1 -1 1 -1 -1 -1 -1 3 3 3 3 -1 1 
-1 3 3 3 3 -1 1 -1 3 -1 1 1 -1 3 -1 -1 9 -1 3 -1 
3 -1 3 3 1 3 -1 3 3 3 3 -1 3 -1 -1 -1 -1 9 9 -1 
3 3 -1 -1 -1 3 -1 -1 -1 -1 -1 3 3 -1 -1 -1 -1 -1 3 3 
-1 3 -1 -1 -1 3 3 -1 -1 -1 -1 -1 3 3 -1 -1 3 -1 3 3 
-1 -1 -1 -1 -1 -1 3 3 -1 -1 -1 3 3 -1 3 3 3 -1 3 3 
-1 -1 -1 1 1 -1 3 3 3 -1 -1 3 3 3 3 -1 -1 3 -1 -1 
1 1 1 -1 1 -1 3 -1 3 3 3 3 -1 -1 -1 3 -1 3 3 3 
1 1 -1 3 -1 -1 -1 1 1 3 -1 -1 -1 3 3 -1 -1 -1 3 1 
1 -1 1 -1 3 -1 -1 3 3 3 3 -1 -1 3 -1 3 -1 -1 -1 -1 
-1 1 -1 1 1 -1 -1 3 3 -1 -1 -1 -1 -1 1 -1 3 3 3 -1 
1 -1 -1 -1 3 3 3 3 1 -1 -1 3 3 -1 3 3 3 3 -1 1 
1 1 -1 -1 3 -1 -1 -1 1 -1 -1 -1 -1 -1 -1 3 -1 -1 -1 1 
3 3 1 1 -1 3 3 -1 -1 1 -1 -1 -1 -1 -1 -1 1 -1 -1 1 
1 3 1 3 3 3 3 3 -1 3 -1 -1 -1 3 3 -1 -1 -1 -1 1 
1 -1 3 1 3 -1 -1 3 3 3 3 3 3 -1 3 3 1 1 1 -1 
-1 -1 -1 -1 1 1 3 3 3 1 3 3 -1 -1 3 3 1 3 -1 1 
1 -1 -1 -1 -1 3 3 3 -1 1 1 1 -1 3 1 1 3 -1 -1 3 
3 1 -1 -1 -1 -1 3 3 3 -1 1 1 1 1 3 1 1 -1 -1 -1 
-1 1 1 -1 -1 -1 3 3 -1 -1 3 3 -1 3 3 1 -1 -1 1 1 
1 -1 1 3 3 3 -1 -1 3 -1 3 3 3 -1 3 3 1 -1 1 1 
3 -1 3 3 3 -1 -1 -1 -1 3 -1 3 -1 -1 -1 3 -1 -1 3 1 
3 -1 3 3 3 -1 -1 -1 -1 3 3 -1 -1 -1 -1 -1 -1 3 3 3 
-1 -1 -1 -1 3 3 3 -1 -1 -1 -1 1 3 1 3 3 1 -1 -1 -1 
3 -1 3 3 3 3 3 -1 -1 -1 1 -1 -1 -1 -1 1 3 1 3 -1 
3 3 -1 3 3 3 -1 3 3 -1 -1 -1 -1 -1 -1 1 -1 -1 -1 -1 
-1 -1 -1 3 3 3 3 -1 3 3 -1 -1 -1 -1 -1 -1 -1 -1 -1 3 
3 -1 1 -1 3 1 3 -1 1 1 -1 -1 -1 3 3 3 3 1 1 -1 
-1 -1 -1 1 -1 3 -1 -1 1 1 1 -1 3 3 3 3 -1 -1 1 -1 
-1 -1 -1 3 1 1 3 -1 -1 3 -1 3 3 3 -1 -1 3 -1 -1 -1 
-1 -1 1 3 11 3 3 3 3 3 -1 3 -1 -1 3 -1 -1 -1 -1 -1 
-1 -1 1 -1 11 -1 3 3 3 1 -1 3 3 -1 -1 -1 1 -1 -1 -1 
-1 -1 -1 3 3 3 3 -1 1 3 -1 3 3 -1 -1 -1 1 1 3 1 
1 3 -1 -1 3 3 3 3 3 -1 -1 -1 -1 3 3 3 3 1 -1 1 
-1 3 3 -1 3 3 3 3 3 -1 1 -1 -1 -1 3 -1 1 1 1 1 
3 3 3 3 3 1 3 3 3 1 1 -1 3 3 1 1 -1 1 -1 -1 
3 -1 3 3 3 -1 3 3 -1 3 3 1 1 1 -1 1 1 1 -1 3 
3 3 3 3 -1 3 3 3 3 1 -1 -1 1 1 1 1 1 3 -1 -1 
-1 3 -1 -1 3 3 3 3 1 -1 1 -1 -1 1 1 1 1 3 3 -1 
3 -1 3 3 3 3 3 3 3 1 1 1 -1 -1 3 1 3 3 -1 3 
3 3 3 3 -1 -1 3 -1 1 1 -1 -1 -1 -1 1 -1 1 3 -1 3 
-1 3 3 3 -1 -1 -1 -1 -1 -1 -1 -1 -1 3 3 -1 -1 1 3 -1 
3 3 -1 3 3 3 -1 -1 -1 -1 -1 -1 -1 3 1 1 1 -1 -1 -1 
-1 -1 -1 -1 1 -1 -1 -1 1 1 3 3 3 3 3 3 3 -1 -1 -1 
-1 1 -1 1 -1 -1 -1 -1 3 3 3 3 3 3 3 3 -1 -1 -1 -1 
-1 1 1 1 -1 -1 -1 -1 -1 -1 -1 -1 3 3 3 3 -1 -1 -1 -1 
-1 1 -1 1 1 -1 3 -1 -1 -1 3 3 3 -1 -1 3 3 -1 3 -1 
-1 1 1 -1 -1 -1 3 -1 -1 3 -1 3 -1 -1 -1 1 3 3 -1 3 
3 -1 -1 1 -1 -1 -1 3 3 3 3 -1 3 3 -1 1 -1 3 3 -1 
1 -1 -1 -1 3 -1 1 1 3 3 3 -1 1 -1 3 -1 1 3 1 -1 
1 -1 -1 3 -1 1 1 -1 1 3 1 -1 1 -1 3 3 3 3 -1 1 
1 5 -1 5 -1 -1 -1 -1 1 1 1 -1 3 1 3 3 -1 3 -1 -1 
5 5 -1 3 -1 -1 -1 -1 -1 -1 1 1 3 3 -1 -1 -1 1 -1 -1 
-1 5 5 3 3 -1 -1 -1 -1 -1 -1 -1 -1 -1 -1 -1 1 1 1 -1 
-1 -1 5 -1 3 3 -1 -1 -1 -1 -1 -1 -1 -1 -1 9 -1 -1 -1 -1 
-1 -1 -1 -1 3 3 3 3 -1 -1 3 1 3 9 9 -1 9 -1 -1 -1 
-1 -1 -1 3 -1 -1 3 -1 1 3 -1 3 3 9 9 -1 9 9 -1 -1 
-1 -1 -1 3 3 1 -1 -1 1 1 3 3 1 9 3 3 3 -1 -1 9 
9 -1 -1 3 -1 -1 1 -1 1 1 -1 1 1 -1 3 3 3 -1 -1 9 
-1 -1 -1 -1 -1 -1 1 1 -1 1 1 3 3 1 3 3 5 5 -1 -1 
-1 -1 -1 -1 -1 -1 -1 -1 -1 -1 -1 -1 3 3 1 -1 3 3 5 -1 
-1 -1 -1 -1 -1 -1 -1 -1 1 -1 1 1 -1 -1 1 -1 3 5 -1 -1 
-1 -1 -1 -1 1 1 -1 -1 -1 1 1 1 3 1 -1 5 -1 -1 -1 -1 
-1 -1 -1 1 -1 -1 -1 -1 -1 -1 -1 -1 -1 -1 3 3 -1 -1 3 -1 
-1 -1 1 -1 1 -1 -1 1 1 1 -1 -1 -1 -1 -1 -1 3 -1 -1 -1 
-1 1 -1 1 1 -1 -1 -1 -1 -1 -1 1 1 3 -1 -1 -1 -1 -1 -1 
-1 -1 3 1 1 1 -1 -1 -1 -1 1 1 1 -1 3 1 -1 -1 -1 -1 
-1 3 3 -1 1 1 -1 1 -1 -1 1 -1 3 3 1 1 -1 -1 -1 -1 
-1 -1 -1 -1 1 1 1 -1 1 1 3 3 -1 -1 -1 3 -1 3 -1 -1 
-1 3 -1 -1 -1 1 1 -1 1 -1 1 3 -1 -1 -1 -1 3 3 3 3 
3 3 -1 -1 -1 1 1 -1 -1 -1 1 1 -1 -1 -1 -1 -1 3 3 -1 
3 -1 -1 -1 -1 -1 1 -1 -1 -1 -1 1 1 1 -1 -1 -1 -1 -1 9 
9 -1 -1 1 -1 1 -1 1 1 3 -1 1 1 -1 -1 -1 -1 -1 -1 -1 
3 -1 -1 -1 1 -1 -1 -1 -1 1 1 1 -1 1 -1 1 -1 -1 3 3 
-1 -1 -1 -1 -1 -1 -1 -1 -1 -1 1 1 1 -1 1 -1 -1 3 3 3 
-1 -1 -1 -1 -1 -1 -1 -1 -1 -1 -1 1 -1 1 1 3 -1 -1 -1 3 
-1 -1 -1 -1 -1 5 -1 -1 -1 -1 1 -1 -1 1 3 3 -1 3 -1 3 
-1 -1 -1 -1 -1 5 -1 -1 -1 1 3 3 -1 -1 1 3 3 -1 3 3 
3 -1 -1 -1 -1 -1 -1 -1 -1 -1 -1 -1 -1 -1 -1 3 -1 -1 3 -1 
-1 -1 -1 -1 -1 -1 -1 -1 -1 -1 1 -1 -1 -1 -1 -1 3 3 -1 -1 
-1 -1 -1 -1 -1 -1 -1 -1 -1 -1 1 -1 -1 3 -1 3 3 3 -1 -1 
3 -1 1 -1 -1 1 1 -1 -1 1 -1 -1 -1 -1 3 -1 -1 -1 -1 -1 
-1 3 -1 1 1 1 1 -1 -1 1 1 -1 -1 3 -1 3 3 -1 3 3 
-1 -1 -1 -1 -1 1 -1 -1 -1 -1 -1 -1 -1 -1 -1 -1 1 1 1 -1 
-1 -1 -1 -1 -1 1 -1 -1 -1 -1 -1 9 9 -1 -1 -1 1 1 3 3 
-1 -1 -1 -1 -1 -1 -1 7 7 6 9 9 9 9 9 9 1 1 3 -1 
3 -1 -1 -1 -1 3 3 -1 3 3 -1 -1 -1 9 -1 9 1 1 1 3 
3 -1 -1 -1 3 3 3 -1 -1 -1 -1 -1 -1 -1 -1 -1 1 1 3 3 
9 3 1 -1 -1 -1 -1 -1 3 3 -1 -1 -1 -1 -1 -1 3 3 -1 3 
3 -1 1 -1 -1 -1 -1 -1 3 3 -1 -1 -1 -1 9 -1 9 -1 -1 3 
7 -1 -1 -1 3 -1 -1 -1 -1 -1 3 3 -1 3 -1 9 -1 -1 9 3 
-1 -1 -1 9 9 9 9 9 -1 3 3 3 3 3 3 9 -1 3 -1 3 
-1 3 3 -1 9 9 9 9 9 3 8 8 -1 3 -1 -1 1 1 -1 1 
-1 -1 -1 1 1 9 9 9 9 9 -1 -1 -1 -1 -1 -1 -1 -1 1 1 
9 -1 1 9 9 -1 -1 -1 9 -1 -1 -1 -1 -1 -1 -1 -1 -1 1 1 
-1 9 9 1 9 -1 -1 -1 -1 9 -1 -1 -1 -1 -1 -1 1 -1 1 1 
-1 -1 -1 -1 -1 5 -1 5 9 8 8 -1 1 -1 -1 1 -1 -1 1 -1 
-1 1 -1 -1 -1 5 5 9 9 -1 -1 8 8 9 1 1 1 -1 1 -1 
1 -1 1 -1 5 5 -1 3 -1 9 9 9 8 1 9 9 9 -1 -1 -1 
3 -1 -1 -1 5 5 3 3 -1 1 9 9 1 -1 -1 1 -1 -1 -1 -1 
-1 -1 -1 -1 5 -1 -1 -1 -1 1 -1 1 -1 1 1 1 1 -1 -1 3 
-1 -1 -1 -1 -1 -1 -1 -1 -1 -1 -1 -1 -1 -1 1 -1 -1 1 3 -1 
-1 3 -1 -1 5 -1 -1 -1 -1 -1 -1 -1 -1 -1 -1 -1 -1 1 3 -1 
9 9 9 -1 9 -1 -1 -1 9 9 9 9 1 -1 7 7 7 7 9 9 
9 9 1 1 -1 9 6 9 1 9 9 9 1 1 7 1 9 9 9 9 
9 9 1 -1 6 6 9 9 9 9 -1 -1 -1 1 1 9 9 9 9 9 
9 -1 -1 -1 -1 9 9 9 9 -1 9 9 1 9 1 -1 -1 9 9 9 
9 9 9 9 9 9 9 9 -1 9 3 -1 1 1 9 1 1 -1 9 9 
-1 -1 9 9 9 9 -1 -1 3 3 3 1 1 -1 1 9 1 -1 9 9 
9 9 9 1 9 33 33 3 3 -1 3 1 1 -1 -1 9 9 -1 1 1 
9 9 1 9 1 3 3 3 3 3 3 1 -1 -1 3 -1 9 9 -1 1 
9 9 -1 1 9 3 3 3 -1 3 -1 -1 3 3 -1 9 9 -1 1 9 
9 -1 -1 -1 -1 3 3 3 -1 3 -1 -1 3 9 9 -1 3 9 -1 1 
-1 -1 -1 -1 -1 9 9 -1 3 -1 -1 -1 9 3 -1 9 3 9 1 1 
-1 -1 -1 9 -1 9 -1 -1 3 -1 -1 -1 9 9 -1 9 3 9 1 1 
9 9 9 9 3 3 9 1 9 3 3 -1 9 9 9 9 -1 3 3 1 
9 9 9 9 9 3 9 9 9 9 -1 -1 -1 -1 9 9 9 9 9 9 
9 -1 9 9 3 -1 -1 9 9 9 9 9 -1 -1 -1 9 9 9 9 9 
9 -1 9 9 -1 9 9 9 9 9 9 9 9 -1 -1 9 9 9 1 3 
9 -1 9 9 -1 9 -1 9 9 9 9 9 9 -1 -1 -1 9 9 3 9 
-1 -1 -1 -1 -1 -1 -1 9 9 -1 9 9 -1 9 9 -1 -1 3 -1 5 
7 9 -1 -1 -1 -1 -1 -1 -1 9 9 9 9 -1 9 -1 5 7 5 5 
-1 9 9 -1 -1 -1 -1 -1 9 9 9 -1 9 -1 -1 7 7 7 7 5 
-1 -1 9 9 9 -1 -1 1 3 3 9 9 9 9 9 9 9 9 9 9 
-1 9 -1 9 9 9 1 1 1 -1 9 3 3 -1 -1 9 -1 9 9 -1 
9 9 -1 9 9 9 9 1 -1 3 -1 -1 9 9 9 -1 9 -1 -1 -1 
9 9 9 -1 -1 -1 9 9 3 -1 3 9 -1 9 -1 -1 9 1 9 -1 
-1 9 -1 -1 9 9 9 9 3 3 -1 9 9 9 9 9 1 -1 9 9 
-1 -1 9 -1 -1 -1 9 9 3 3 -1 9 -1 9 9 9 -1 -1 9 -1 
9 -1 9 -1 9 -1 9 1 -1 -1 -1 -1 4 -1 -1 -1 -1 9 -1 9 
9 9 9 9 9 -1 1 9 -1 -1 -1 -1 9 9 9 -1 9 9 9 9 
1 1 1 9 -1 1 -1 -1 -1 -1 -1 -1 9 9 9 9 9 9 9 1 
9 1 1 1 1 1 1 -1 1 9 -1 -1 -1 9 9 -1 9 9 1 1 
9 -1 -1 1 1 1 1 -1 1 1 -1 -1 9 9 9 9 -1 3 9 9 
3 -1 3 -1 -1 1 1 9 -1 1 -1 -1 9 9 9 -1 3 3 9 3 
-1 -1 3 3 1 -1 1 -1 9 1 -1 -1 -1 3 9 9 -1 3 -1 3 
9 9 3 3 -1 3 3 3 -1 -1 -1 -1 -1 -1 -1 -1 3 3 -1 -1 
3 -1 3 -1 1 -1 3 -1 1 1 -1 3 3 3 -1 2 2 -1 -1 9 
-1 -1 -1 1 -1 -1 1 3 1 1 -1 -1 3 -1 3 3 9 9 9 9 
9 1 1 -1 -1 1 1 9 -1 -1 -1 -1 -1 3 3 -1 9 9 -1 9 
-1 -1 -1 1 -1 1 1 9 9 -1 -1 -1 3 -1 3 -1 -1 9 9 9 
9 -1 -1 -1 3 9 -1 -1 9 -1 -1 9 9 9 9 9 -1 9 9 -1 
-1 1 -1 -1 9 9 -1 -1 -1 3 -1 9 9 9 9 9 9 -1 9 9 
-1 -1 40 9 40 40 40 40 1 1 9 9 9 -1 3 1 3 -1 -1 -1 
9 9 9 40 -1 40 40 3 1 1 -1 -1 -1 -1 -1 3 -1 -1 -1 -1 
1 3 -1 1 40 40 3 3 3 -1 -1 -1 3 -1 3 3 3 3 -1 3 
1 3 9 1 1 1 -1 3 3 3 1 -1 -1 3 -1 3 3 -1 3 3 
3 9 -1 32 1 1 -1 3 1 1 -1 -1 -1 -1 8 3 -1 3 3 3 
-1 3 32 32 9 1 1 1 1 1 -1 -1 -1 8 8 -1 -1 -1 -1 -1 
3 3 -1 9 9 8 1 3 -1 -1 -1 -1 -1 8 8 3 4 -1 -1 -1 
-1 3 3 8 9 9 9 3 3 -1 -1 -1 -1 8 -1 4 4 4 -1 -1 
4 3 3 3 -1 -1 3 3 3 -1 32 32 -1 9 9 9 3 4 -1 4 
3 3 -1 3 3 9 9 3 -1 32 32 32 -1 9 9 -1 4 4 -1 4 
3 3 3 -1 -1 -1 9 3 -1 -1 -1 32 -1 9 9 9 1 4 -1 -1 
-1 6 3 -1 3 32 32 32 32 -1 32 -1 32 -1 9 9 9 1 -1 -1 
-1 -1 6 3 3 -1 32 32 32 -1 32 1 32 32 9 -1 9 -1 -1 3 
3 -1 -1 1 -1 -1 -1 32 32 32 32 -1 1 -1 9 -1 -1 3 3 -1 
-1 -1 1 9 -1 -1 32 -1 32 32 32 -1 -1 1 1 9 9 3 3 3 
3 -1 9 9 -1 -1 -1 -1 -1 32 32 -1 -1 9 1 32 3 1 -1 -1 
3 9 9 9 9 9 9 -1 32 32 -1 -1 -1 9 1 -1 1 3 3 32 
9 9 1 32 40 9 -1 -1 -1 -1 -1 -1 9 -1 3 1 1 1 32 32 
9 40 -1 -1 8 40 -1 -1 -1 -1 9 -1 9 9 3 3 -1 1 1 1 
1 9 40 -1 8 -1 -1 -1 1 9 9 9 -1 -1 3 -1 1 1 -1 -1 
1 -1 -1 3 3 3 -1 -1 3 3 3 1 1 1 -1 -1 -1 3 1 -1 
-1 1 -1 3 -1 -1 3 -1 3 3 3 1 -1 1 3 -1 3 1 3 1 
-1 -1 -1 -1 -1 -1 -1 -1 -1 1 -1 -1 -1 1 -1 3 1 1 1 -1 
3 -1 -1 -1 -1 -1 -1 -1 -1 3 1 3 -1 3 -1 -1 1 -1 -1 -1 
3 3 3 -1 32 -1 1 -1 3 1 3 3 -1 3 -1 -1 -1 -1 -1 3 
3 3 -1 32 -1 -1 3 3 3 3 1 -1 3 -1 3 -1 -1 3 -1 -1 
3 3 -1 3 3 3 3 3 3 1 1 -1 3 3 -1 3 3 32 -1 3 
-1 -1 -1 -1 -1 3 3 3 3 1 3 1 3 3 3 3 32 40 -1 -1 
-1 -1 1 -1 -1 -1 3 3 3 3 3 3 3 3 32 32 32 32 40 1 
1 1 3 -1 -1 -1 -1 -1 3 1 -1 -1 3 3 -1 32 32 32 40 -1 
-1 1 1 3 -1 -1 -1 -1 1 1 -1 -1 3 32 1 1 32 -1 -1 -1 
32 -1 32 32 -1 3 3 3 -1 1 1 3 3 3 32 1 1 32 -1 -1 
32 32 32 -1 32 3 3 3 2 3 3 1 3 -1 32 -1 -1 1 32 40 
-1 1 32 -1 3 -1 3 -1 3 2 1 -1 -1 3 1 -1 -1 8 -1 32 
-1 -1 32 32 -1 -1 -1 -1 -1 3 -1 -1 -1 1 1 -1 8 -1 -1 -1 
8 8 -1 -1 32 -1 -1 -1 -1 40 -1 -1 -1 -1 -1 1 8 8 -1 32 
-1 8 -1 -1 3 3 -1 -1 -1 3 3 3 1 -1 8 -1 32 40 32 8 
-1 -1 -1 -1 3 -1 -1 -1 -1 3 3 3 -1 -1 8 8 -1 40 -1 -1 
-1 -1 -1 -1 -1 3 3 -1 -1 3 1 -1 3 -1 -1 8 -1 -1 1 -1 
-1 -1 -1 -1 -1 3 3 3 3 -1 3 1 -1 -1 1 8 8 3 1 1 
-1 1 1 9 -1 -1 -1 -1 1 1 -1 1 1 -1 1 1 -1 3 3 3 
-1 1 1 1 9 9 -1 -1 -1 1 -1 -1 -1 1 -1 1 1 1 3 3 
-1 -1 -1 1 1 1 -1 -1 -1 -1 -1 -1 -1 1 1 1 -1 -1 -1 -1 
1 1 -1 -1 -1 1 -1 1 -1 -1 -1 1 1 1 2 2 -1 -1 -1 1 
1 1 1 1 1 1 1 -1 1 1 3 -1 -1 -1 1 2 2 -1 1 -1 
-1 1 1 -1 1 1 3 -1 1 3 1 1 1 1 1 1 2 2 1 1 
-1 1 1 -1 -1 3 -1 1 1 1 -1 -1 3 1 1 1 -1 1 -1 1 
-1 -1 3 1 3 3 3 -1 1 1 -1 3 1 1 1 1 1 1 1 -1 
1 -1 -1 3 3 3 3 1 -1 -1 -1 1 1 1 1 1 1 1 -1 -1 
3 3 3 -1 -1 3 3 3 3 -1 -1 -1 1 1 1 9 1 -1 1 -1 
3 3 -1 -1 -1 3 1 1 1 -1 3 1 1 1 1 1 -1 -1 -1 3 
3 -1 -1 -1 -1 1 -1 1 1 -1 1 1 -1 1 1 1 -1 -1 -1 -1 
-1 3 3 3 -1 -1 1 1 -1 1 1 -1 1 1 1 -1 -1 1 1 -1 
1 -1 3 3 -1 -1 -1 -1 -1 -1 1 -1 -1 1 1 -1 9 1 -1 1 
-1 1 3 3 3 3 -1 1 1 1 1 1 1 1 1 -1 3 3 -1 -1 
1 1 1 1 3 3 -1 -1 1 -1 -1 1 -1 -1 1 1 -1 3 3 1 
1 1 1 -1 3 -1 3 -1 1 1 -1 -1 -1 1 1 -1 3 3 -1 3 
1 -1 -1 3 3 1 -1 1 -1 1 -1 -1 -1 1 1 3 3 3 -1 3 
-1 -1 -1 1 1 1 1 9 9 -1 -1 -1 -1 1 1 1 -1 -1 -1 -1 
-1 -1 1 1 -1 -1 1 9 9 1 1 -1 1 1 1 1 3 1 -1 3 
1 1 2 -1 1 1 1 1 -1 -1 1 1 1 -1 1 3 3 1 3 1 
1 -1 -1 1 1 -1 1 1 1 1 -1 -1 -1 -1 -1 1 1 -1 1 3 
-1 -1 1 1 1 1 -1 1 1 1 -1 -1 1 1 -1 1 -1 -1 1 -1 
1 -1 1 -1 1 1 1 -1 1 1 1 1 1 -1 1 -1 -1 -1 1 -1 
1 -1 -1 1 1 1 1 1 1 -1 -1 1 1 3 -1 1 -1 -1 -1 1 
-1 1 1 1 1 1 1 -1 1 -1 -1 1 1 1 -1 3 -1 1 1 1 
1 1 1 -1 -1 1 1 1 -1 -1 1 -1 -1 3 3 1 1 -1 1 1 
-1 1 3 -1 -1 -1 1 1 -1 -1 -1 1 -1 1 1 1 -1 1 -1 -1 
1 1 3 1 1 1 1 1 1 2 3 1 3 -1 1 1 1 1 1 1 
-1 3 1 -1 1 1 1 1 -1 2 -1 1 -1 -1 -1 1 1 -1 1 1 
1 1 1 1 1 1 -1 -1 -1 1 1 -1 -1 -1 1 1 1 1 1 1 
1 1 -1 1 1 1 -1 -1 -1 1 1 -1 1 -1 1 1 1 -1 -1 1 
-1 -1 -1 1 1 1 -1 -1 -1 1 1 1 -1 1 -1 1 1 -1 9 -1 
-1 -1 -1 1 1 1 1 1 1 -1 -1 1 1 1 -1 -1 1 1 1 -1 
1 1 -1 -1 1 1 -1 1 1 1 1 -1 1 1 -1 1 1 1 1 1 
1 1 9 1 -1 -1 1 1 -1 1 1 -1 1 -1 1 1 1 1 1 1 
1 -1 9 -1 1 -1 -1 1 1 -1 1 1 1 -1 -1 1 -1 3 1 3 
9 9 9 -1 -1 -1 -1 1 -1 1 -1 -1 -1 1 1 1 1 1 3 3 
3 9 9 9 1 -1 -1 -1 -1 -1 -1 -1 -1 1 1 1 3 1 -1 1 
-1 9 2 -1 -1 1 -1 -1 -1 -1 1 1 1 1 1 1 -1 3 1 1 
-1 1 1 1 1 1 1 1 1 -1 -1 1 1 -1 -1 -1 1 -1 -1 1 
1 1 1 1 1 1 1 1 1 1 1 1 -1 1 1 1 -1 -1 -1 1 
1 -1 1 -1 -1 1 1 1 1 -1 -1 1 -1 1 1 1 -1 -1 -1 -1 
1 1 -1 -1 -1 1 1 1 1 1 1 -1 1 1 1 -1 1 -1 1 -1 
1 1 -1 1 1 1 1 1 1 1 1 1 1 1 1 1 1 -1 1 1 
1 1 1 1 -1 1 1 1 -1 1 1 1 1 1 1 1 1 -1 1 1 
1 -1 -1 -1 1 1 1 1 3 3 -1 1 -1 1 -1 -1 1 1 1 1 
1 -1 -1 -1 -1 1 1 3 1 3 -1 1 -1 1 -1 -1 -1 1 -1 1 
1 -1 9 1 -1 1 1 -1 3 -1 1 1 1 1 -1 -1 -1 1 1 1 
1 9 -1 1 1 1 1 -1 1 1 1 -1 1 1 -1 -1 1 -1 -1 1 
1 -1 -1 1 1 1 -1 1 1 1 -1 -1 1 -1 -1 -1 -1 1 1 -1 
1 1 1 1 1 1 1 1 -1 -1 1 1 1 1 -1 -1 -1 1 -1 1 
1 -1 1 1 -1 1 1 1 1 1 1 1 -1 1 1 3 1 1 1 1 
1 1 1 1 1 1 -1 1 1 1 1 1 -1 1 -1 -1 1 1 -1 1 
1 1 1 1 -1 -1 1 1 1 -1 1 1 1 -1 -1 -1 1 1 1 -1 
1 -1 -1 1 -1 1 1 1 1 1 1 1 1 1 1 -1 3 -1 -1 1 
-1 1 -1 1 1 -1 1 1 1 1 1 1 1 1 -1 -1 -1 3 1 -1 
1 1 -1 1 -1 1 1 -1 1 -1 -1 1 1 1 -1 -1 1 1 -1 1 
1 1 -1 1 1 1 -1 1 1 1 1 -1 -1 -1 -1 -1 1 1 1 1 
1 1 1 1 1 1 1 -1 1 1 1 1 1 -1 -1 -1 1 1 1 1 
1 1 -1 1 1 1 -1 -1 1 1 -1 -1 9 9 9 -1 -1 -1 1 1 
1 1 3 3 -1 1 -1 1 1 1 1 1 -1 -1 9 -1 11 -1 -1 -1 
-1 -1 -1 3 1 1 -1 1 1 1 1 -1 -1 10 -1 -1 11 3 1 -1 
1 -1 -1 3 1 -1 1 1 1 1 1 -1 -1 -1 11 11 3 1 -1 -1 
-1 1 1 -1 3 1 1 1 -1 1 1 -1 -1 10 10 10 -1 1 1 -1 
-1 -1 1 1 1 3 1 3 -1 1 1 1 10 10 10 10 -1 -1 -1 -1 
-1 1 1 1 3 3 1 3 3 -1 1 9 1 10 -1 10 -1 -1 -1 -1 
-1 1 1 1 1 1 -1 9 1 1 1 -1 10 -1 10 -1 -1 1 -1 1 
-1 1 1 1 1 -1 1 1 9 1 1 1 -1 10 -1 1 1 1 1 1 
-1 1 1 1 1 1 1 1 1 -1 1 -1 -1 -1 -1 -1 1 1 -1 1 
1 -1 -1 1 1 1 1 -1 1 1 3 -1 -1 -1 -1 -1 1 -1 -1 1 
-1 -1 1 1 -1 -1 1 1 1 1 3 3 -1 -1 -1 -1 -1 1 -1 1 
1 1 1 1 1 1 1 1 1 1 -1 -1 3 1 -1 1 1 -1 -1 1 
-1 -1 1 1 1 -1 -1 1 -1 1 -1 1 1 1 1 1 1 1 1 1 
9 -1 1 1 1 3 -1 1 1 -1 3 3 1 -1 1 1 1 -1 -1 1 
1 -1 1 -1 1 1 -1 -1 1 1 -1 3 1 -1 -1 1 1 -1 -1 -1 
-1 1 1 -1 1 -1 1 -1 1 1 3 3 1 -1 -1 -1 1 1 -1 1 
1 1 1 -1 1 1 -1 -1 1 1 1 1 1 1 -1 -1 -1 1 1 -1 
1 1 1 -1 1 1 1 1 -1 1 1 1 1 9 9 -1 -1 1 -1 9 
1 1 1 1 1 1 1 -1 -1 1 -1 -1 -1 1 9 9 1 1 9 1 
1 1 -1 9 9 1 -1 -1 -1 -1 -1 -1 1 -1 1 1 -1 -1 -1 1 
1 1 -1 -1 -1 1 -1 -1 -1 -1 1 1 1 1 1 -1 -1 -1 -1 1 
1 1 1 -1 -1 1 1 -1 -1 1 1 1 1 1 1 -1 -1 1 -1 1 
1 1 1 -1 -1 -1 1 -1 -1 -1 -1 1 1 1 1 -1 -1 1 1 1 
1 1 3 -1 -1 -1 1 -1 1 1 1 1 1 1 -1 1 -1 1 1 -1 
1 -1 3 2 3 1 1 3 1 1 1 1 -1 -1 1 1 -1 -1 1 -1 
-1 1 2 3 -1 1 1 1 1 1 1 -1 -1 -1 -1 3 3 1 1 1 
1 3 3 3 1 1 1 -1 1 -1 1 1 -1 -1 -1 -1 3 1 1 1 
1 9 -1 -1 -1 1 1 -1 1 1 -1 1 -1 -1 -1 1 -1 3 -1 -1 
1 -1 9 1 9 9 1 1 1 1 -1 -1 1 1 -1 1 -1 -1 -1 1 
1 -1 1 1 1 1 1 -1 1 -1 1 -1 1 1 1 -1 1 1 -1 1 
1 -1 -1 1 1 1 -1 1 -1 1 1 1 -1 -1 1 -1 1 -1 9 1 
9 1 1 1 1 1 -1 -1 1 1 1 1 1 1 1 -1 1 1 9 -1 
-1 1 1 1 1 1 -1 -1 1 1 -1 1 1 1 1 1 1 -1 9 9 
3 -1 1 -1 1 -1 1 3 9 1 1 1 1 1 1 1 1 -1 9 3 
3 -1 1 -1 3 3 3 1 1 1 1 -1 1 1 1 1 -1 -1 -1 3 
-1 -1 1 3 -1 3 -1 -1 1 -1 -1 1 1 1 1 1 1 9 3 -1 
-1 -1 3 3 3 -1 -1 -1 -1 1 1 -1 -1 1 -1 -1 9 9 -1 -1 
1 -1 3 9 -1 -1 -1 -1 -1 -1 1 1 1 1 1 1 9 -1 1 1 
1 1 9 9 1 -1 -1 -1 -1 -1 -1 1 1 -1 1 1 -1 -1 1 1 
1 1 -1 1 1 1 1 1 1 -1 -1 -1 3 3 3 1 -1 -1 -1 1 
1 1 1 1 1 1 -1 -1 -1 3 3 3 3 -1 1 -1 9 -1 -1 -1 
-1 -1 -1 1 1 -1 -1 -1 1 3 3 -1 -1 3 -1 -1 9 -1 -1 1 
-1 -1 1 -1 1 1 -1 1 2 -1 -1 -1 3 -1 -1 -1 1 1 -1 1 
1 -1 -1 1 -1 -1 1 1 2 -1 2 3 3 -1 -1 1 1 1 1 -1 
-1 3 -1 1 1 -1 1 2 1 2 -1 3 2 2 -1 3 3 1 3 1 
3 3 1 1 1 1 -1 -1 2 2 2 -1 3 -1 3 3 -1 -1 -1 3 
-1 -1 -1 -1 1 -1 -1 2 2 6 2 -1 1 1 1 1 -1 -1 1 3 
1 1 1 1 1 1 1 1 6 6 6 -1 1 1 1 1 1 -1 3 1 
1 1 2 -1 1 1 6 1 1 6 -1 -1 -1 1 1 -1 3 1 1 1 
1 1 1 -1 1 1 -1 1 3 3 6 -1 -1 -1 1 -1 -1 -1 -1 -1 
1 1 2 -1 1 -1 -1 1 1 3 -1 -1 -1 -1 1 1 1 1 -1 1 
1 1 -1 -1 -1 -1 -1 1 1 1 3 -1 -1 -1 -1 -1 1 1 1 1 
-1 -1 -1 -1 -1 -1 -1 1 1 1 1 1 -1 -1 1 1 1 1 1 -1 
-1 -1 1 -1 1 1 2 -1 -1 1 1 -1 -1 -1 1 1 -1 -1 -1 1 
-1 1 1 1 1 -1 3 2 -1 1 1 1 -1 -1 -1 1 1 1 1 1 
-1 1 -1 -1 1 -1 -1 3 -1 1 1 1 1 1 -1 1 1 1 1 1 
1 -1 1 1 1 1 -1 3 -1 1 1 -1 1 3 1 -1 1 1 -1 -1 
1 -1 3 1 -1 1 -1 1 1 1 -1 1 -1 3 3 1 1 1 1 1 
1 1 3 1 1 -1 1 1 1 3 -1 3 3 1 3 3 -1 -1 1 1 
1 1 -1 1 -1 3 -1 -1 -1 1 1 -1 1 1 -1 1 -1 3 3 3 
3 3 1 -1 1 3 -1 3 -1 -1 1 1 -1 1 1 -1 3 3 -1 3 
3 1 -1 3 1 3 3 -1 3 -1 1 -1 -1 -1 -1 -1 -1 -1 -1 3 
1 1 -1 -1 1 3 1 -1 3 3 1 1 -1 -1 -1 -1 -1 -1 -1 -1 
1 1 1 -1 3 3 1 1 3 3 -1 -1 -1 -1 -1 -1 -1 3 3 1 
3 3 -1 3 -1 3 3 1 -1 3 3 3 1 1 -1 -1 3 3 3 3 
-1 3 -1 -1 -1 3 3 3 1 -1 -1 3 -1 1 1 -1 1 6 3 3 
3 3 3 -1 1 3 1 -1 -1 -1 -1 -1 1 1 -1 -1 -1 1 3 3 
3 3 -1 1 1 1 1 1 -1 3 -1 1 1 1 3 -1 1 1 1 3 
3 3 3 1 1 -1 1 -1 1 -1 3 3 1 1 3 3 3 3 3 3 
3 -1 1 3 3 1 1 1 1 -1 3 3 1 1 1 -1 3 -1 3 3 
3 1 3 3 -1 -1 -1 1 -1 -1 -1 3 3 1 -1 -1 -1 3 -1 3 
-1 3 3 3 -1 -1 3 3 3 -1 -1 -1 1 1 -1 -1 -1 1 3 1 
3 -1 -1 3 3 3 3 3 3 -1 1 1 1 1 1 -1 1 3 3 3 
3 -1 -1 -1 -1 1 -1 3 3 1 1 1 1 -1 1 1 3 -1 3 -1 
-1 3 3 3 -1 3 3 3 3 1 -1 -1 1 1 -1 -1 -1 -1 1 3 
3 3 3 3 -1 3 3 3 3 1 1 1 -1 1 -1 -1 1 1 3 3 
3 -1 -1 3 3 3 3 1 1 1 1 -1 1 -1 1 1 3 1 3 3 
3 3 -1 -1 -1 -1 -1 1 1 1 1 1 1 1 1 1 -1 3 -1 -1 
-1 3 -1 -1 -1 -1 -1 -1 -1 -1 -1 -1 1 1 1 -1 1 3 -1 3 
1 -1 -1 -1 3 3 3 -1 -1 -1 9 9 3 -1 3 3 -1 1 1 -1 
1 -1 -1 -1 3 -1 3 -1 3 9 -1 7 -1 3 -1 3 -1 -1 1 -1 
-1 9 3 -1 3 3 3 3 3 9 8 8 -1 -1 -1 -1 -1 -1 1 -1 
9 -1 9 3 3 3 3 3 3 3 6 6 3 3 -1 1 1 -1 1 -1 
-1 -1 -1 9 3 3 9 -1 3 -1 3 -1 6 3 1 3 -1 -1 -1 -1 
-1 3 3 3 9 9 3 3 -1 3 -1 6 1 3 -1 3 3 -1 -1 -1 
-1 -1 3 3 9 3 3 -1 3 3 1 1 -1 -1 -1 -1 3 -1 3 -1 
-1 3 3 -1 3 9 -1 3 -1 -1 1 -1 -1 -1 3 3 -1 3 3 3 
3 3 3 3 3 3 -1 3 3 -1 1 1 -1 -1 3 1 -1 3 3 3 
-1 3 3 3 3 -1 -1 3 3 3 1 3 -1 -1 1 9 -1 3 3 -1 
3 3 3 -1 3 3 3 3 -1 -1 3 3 -1 9 9 3 3 -1 -1 3 
3 3 3 -1 -1 -1 3 3 3 3 3 9 9 -1 -1 9 -1 -1 -1 3 
3 3 1 -1 -1 1 1 -1 -1 3 3 9 9 -1 -1 -1 -1 3 3 3 
-1 3 1 1 1 3 3 -1 -1 3 3 3 3 -1 -1 1 3 3 3 3 
3 3 -1 1 -1 3 -1 3 -1 3 3 3 -1 3 -1 1 1 -1 -1 -1 
3 3 3 -1 3 3 3 3 3 3 3 3 3 3 1 -1 1 1 -1 -1 
3 3 3 3 1 3 -1 -1 3 3 3 3 3 3 -1 -1 1 -1 3 3 
3 3 3 1 1 3 3 3 3 3 3 3 3 3 -1 -1 -1 -1 3 3 
-1 3 1 3 3 3 -1 3 3 -1 3 3 3 3 3 -1 -1 3 3 3 
-1 -1 3 -1 3 -1 -1 3 -1 3 -1 3 3 3 -1 3 3 -1 -1 -1 
-1 5 -1 -1 5 -1 -1 -1 -1 -1 -1 5 -1 3 3 3 5 5 5 7 
5 -1 -1 -1 -1 -1 -1 -1 -1 -1 -1 -1 3 3 3 3 -1 7 6 -1 
5 5 13 13 -1 1 -1 -1 -1 -1 -1 -1 -1 3 7 3 -1 -1 7 -1 
-1 -1 -1 13 13 1 1 1 3 3 -1 -1 3 3 6 6 -1 -1 7 -1 
-1 -1 13 3 13 -1 -1 1 3 3 3 3 3 3 6 7 7 -1 1 -1 
5 5 3 3 3 3 3 -1 3 3 3 3 7 7 6 7 6 1 -1 -1 
3 -1 3 3 3 3 3 3 1 1 1 3 3 7 -1 6 3 -1 -1 3 
-1 -1 1 3 -1 3 3 -1 3 1 3 -1 3 33 3 -1 -1 3 -1 3 
3 3 3 3 -1 3 3 -1 -1 3 1 3 -1 -1 33 3 -1 -1 5 5 
7 7 3 -1 -1 3 -1 3 -1 -1 3 3 -1 3 3 3 3 -1 -1 -1 
5 3 -1 3 3 -1 3 -1 3 3 3 3 3 -1 3 3 3 -1 -1 -1 
6 -1 3 1 -1 3 3 3 -1 -1 -1 -1 -1 -1 -1 3 3 -1 -1 6 
6 6 3 1 3 3 3 3 3 33 -1 -1 -1 -1 3 3 5 3 -1 7 
6 6 3 1 1 3 3 -1 3 -1 33 3 13 13 3 5 7 -1 -1 -1 
7 3 3 -1 -1 3 -1 3 3 -1 3 3 3 3 3 -1 7 7 7 7 
-1 -1 -1 3 3 3 3 3 -1 3 3 3 3 3 3 -1 9 9 7 6 
-1 -1 -1 3 3 -1 3 13 13 13 -1 3 3 -1 -1 -1 -1 7 9 6 
-1 5 -1 3 3 3 -1 13 13 3 3 3 3 -1 -1 -1 -1 9 8 -1 
-1 5 3 3 -1 -1 3 13 13 -1 3 3 5 -1 5 5 -1 -1 5 8 
5 5 5 5 5 -1 -1 -1 -1 3 -1 -1 3 5 3 5 5 5 -1 -1 
13 5 3 3 3 3 33 -1 3 33 -1 -1 -1 -1 -1 -1 -1 -1 -1 -1 
13 13 13 3 5 13 33 5 5 3 3 13 13 -1 13 13 -1 -1 -1 13 
13 -1 13 3 13 5 5 13 5 -1 -1 13 13 13 13 13 -1 -1 -1 -1 
13 13 5 5 5 5 5 13 -1 -1 5 5 5 13 -1 -1 5 11 11 -1 
-1 -1 13 5 5 5 3 5 -1 5 -1 5 13 5 5 5 13 13 13 -1 
-1 13 13 -1 5 -1 3 3 5 -1 -1 7 -1 -1 5 5 5 5 13 13 
13 -1 13 13 13 -1 3 7 7 -1 -1 -1 7 6 5 13 13 13 13 -1 
13 13 13 13 13 5 5 7 7 -1 7 7 6 6 -1 13 9 13 13 -1 
7 13 13 13 13 5 5 5 7 5 -1 5 6 6 -1 9 13 -1 -1 13 
6 6 13 -1 7 5 5 5 -1 -1 -1 5 5 7 7 -1 7 5 5 6 
7 13 -1 -1 5 7 5 5 5 -1 5 5 -1 7 7 7 6 6 -1 3 
-1 7 6 7 7 5 5 -1 3 5 -1 5 -1 -1 -1 -1 -1 -1 -1 7 
7 7 7 5 -1 -1 5 5 7 -1 6 6 5 5 -1 -1 -1 -1 -1 -1 
-1 -1 7 5 -1 -1 5 5 6 7 -1 7 -1 5 -1 -1 -1 7 -1 -1 
-1 5 -1 5 5 5 5 5 7 6 6 1 -1 5 -1 -1 -1 3 7 7 
5 5 -1 5 5 -1 5 5 3 7 7 7 1 -1 6 6 7 6 -1 -1 
5 5 5 5 5 -1 -1 -1 3 3 3 1 1 7 7 7 7 7 -1 -1 
5 5 -1 5 5 5 3 3 3 -1 -1 1 3 7 -1 6 -1 5 5 -1 
5 5 -1 5 5 13 -1 3 3 33 3 1 -1 -1 -1 -1 -1 5 -1 -1 
-1 5 5 13 3 3 33 3 3 -1 33 -1 -1 -1 -1 -1 5 -1 -1 -1 
-1 -1 -1 -1 -1 -1 -1 -1 7 -1 -1 -1 7 7 11 13 13 9 -1 1 
1 9 -1 -1 -1 -1 5 5 -1 7 5 -1 -1 11 10 11 13 13 9 -1 
13 41 -1 -1 -1 -1 -1 5 7 -1 -1 5 5 -1 7 10 -1 9 9 1 
-1 7 41 9 9 -1 -1 -1 -1 -1 -1 -1 -1 -1 7 7 13 -1 13 13 
13 -1 9 9 9 -1 -1 -1 5 -1 -1 -1 5 -1 -1 -1 -1 -1 1 7 
7 -1 1 1 9 -1 -1 5 5 -1 5 5 5 -1 -1 13 -1 -1 5 13 
7 7 -1 7 -1 5 -1 6 5 13 13 5 -1 1 -1 -1 -1 -1 5 5 
-1 7 7 -1 5 5 6 6 13 13 13 -1 4 4 5 5 -1 5 5 -1 
7 7 5 7 5 5 5 13 13 -1 -1 -1 13 1 13 13 5 5 5 5 
7 -1 7 5 5 13 13 5 13 5 13 13 1 -1 13 13 -1 -1 13 5 
5 3 -1 7 13 13 13 13 5 5 -1 7 -1 1 13 13 -1 -1 13 5 
5 3 3 -1 -1 41 -1 7 7 5 7 -1 7 1 -1 5 -1 -1 -1 -1 
5 3 -1 -1 41 -1 -1 -1 5 5 7 7 13 13 -1 -1 5 5 5 5 
-1 -1 -1 -1 -1 7 -1 -1 7 -1 -1 -1 -1 -1 5 -1 -1 5 5 -1 
-1 -1 1 1 5 5 5 -1 7 -1 7 -1 -1 -1 5 5 -1 -1 5 3 
3 3 -1 3 5 7 7 5 7 -1 -1 5 5 5 5 5 -1 -1 5 5 
3 3 3 5 -1 5 5 5 -1 7 -1 7 5 5 5 5 -1 -1 -1 -1 
3 -1 3 3 5 -1 5 5 5 5 7 7 13 -1 5 -1 5 -1 -1 5 
-1 -1 -1 3 5 -1 -1 5 5 5 -1 7 7 -1 33 5 -1 -1 5 33 
5 -1 3 -1 -1 5 -1 5 5 -1 -1 7 7 -1 33 13 13 -1 5 5 
-1 -1 13 -1 5 9 13 -1 13 13 -1 7 7 7 7 7 -1 -1 5 7 
7 5 5 5 -1 -1 41 41 41 9 5 5 5 -1 7 7 7 7 5 7 
7 5 5 5 -1 9 9 41 -1 5 5 5 -1 6 -1 9 7 -1 5 7 
7 11 -1 5 5 9 9 -1 -1 -1 5 33 5 5 7 7 -1 -1 5 7 
7 7 7 5 5 33 9 -1 5 5 5 7 -1 5 -1 -1 7 5 7 7 
-1 5 5 -1 33 -1 33 33 5 5 -1 5 5 5 -1 -1 -1 7 7 7 
5 5 5 5 -1 33 -1 5 33 5 -1 -1 5 5 5 5 5 7 7 7 
-1 5 5 5 -1 33 -1 11 5 5 5 -1 5 5 5 5 7 7 7 7 
-1 -1 5 7 5 5 11 11 -1 5 5 5 5 5 5 5 7 7 7 7 
7 5 -1 -1 -1 1 -1 11 11 7 7 7 5 5 5 7 5 5 5 7 
7 5 5 5 5 5 1 -1 -1 -1 7 7 5 5 7 5 -1 5 5 5 
5 7 -1 5 5 5 5 -1 -1 -1 -1 7 5 5 5 5 5 5 5 5 
1 5 -1 7 6 -1 7 7 7 7 -1 5 7 5 41 5 5 5 5 5 
5 5 7 5 13 5 5 -1 7 7 -1 -1 7 7 41 5 -1 7 5 13 
-1 7 5 5 5 13 13 13 7 -1 -1 7 7 5 5 -1 -1 -1 -1 5 
5 5 5 5 5 13 5 13 -1 7 7 7 5 -1 5 7 -1 5 5 5 
5 5 5 7 13 5 13 13 -1 -1 -1 -1 7 -1 7 7 5 5 5 -1 
-1 13 -1 -1 13 5 13 13 9 7 -1 7 7 7 -1 5 7 5 5 -1 
-1 13 13 -1 13 9 9 5 5 5 -1 -1 -1 7 7 7 -1 -1 -1 -1 
-1 13 13 13 -1 9 13 13 5 13 13 -1 7 -1 -1 7 -1 -1 -1 -1 
5 5 6 5 3 1 1 -1 1 -1 7 7 7 7 5 -1 -1 5 5 5 
-1 6 5 -1 1 3 1 1 -1 5 5 7 -1 7 5 -1 -1 -1 5 5 
5 -1 5 -1 1 -1 -1 -1 -1 5 5 -1 5 7 -1 -1 41 -1 4 5 
5 5 5 5 -1 5 -1 5 5 5 5 5 5 -1 -1 5 -1 4 -1 5 
-1 -1 5 -1 2 5 5 5 11 5 -1 -1 5 -1 5 5 5 -1 5 5 
36 5 -1 5 10 5 -1 10 -1 5 5 5 5 5 5 5 5 5 5 5 
-1 -1 5 5 5 5 5 -1 10 5 5 4 5 4 5 5 5 -1 -1 36 
36 -1 5 5 5 5 5 -1 -1 5 -1 5 4 5 4 5 -1 -1 -1 5 
5 -1 5 5 5 5 -1 5 5 5 11 10 -1 4 5 -1 -1 -1 -1 5 
5 5 5 5 5 7 5 5 -1 11 10 10 11 11 -1 5 5 5 5 5 
5 5 5 5 7 7 5 -1 5 5 -1 10 10 11 -1 5 5 5 -1 5 
7 5 5 5 5 5 7 5 5 -1 5 5 5 11 -1 -1 5 -1 -1 -1 
7 -1 5 5 5 -1 5 -1 7 5 -1 5 -1 -1 5 5 -1 -1 -1 -1 
7 7 -1 7 7 5 7 7 -1 7 5 5 5 5 5 -1 -1 -1 -1 7 
7 -1 7 -1 7 7 -1 7 7 -1 5 5 5 5 -1 5 5 -1 7 7 
7 7 3 3 7 7 7 -1 7 7 5 5 5 5 5 -1 5 11 7 4 
5 3 3 3 3 -1 33 7 5 7 5 -1 5 5 5 11 -1 11 7 7 
5 5 3 3 -1 -1 33 -1 9 7 5 5 5 -1 -1 11 5 5 11 5 
5 5 3 7 1 1 33 1 9 -1 5 5 5 7 5 -1 5 5 5 5 
5 -1 5 3 1 1 1 -1 -1 -1 5 7 7 -1 5 -1 5 5 5 5 
5 5 5 5 5 -1 -1 5 -1 7 5 -1 5 5 -1 6 -1 5 5 5 
5 5 5 5 5 5 5 5 7 5 7 5 5 5 5 6 6 5 5 5 
5 -1 5 5 -1 -1 5 5 5 5 5 5 5 5 5 5 5 5 -1 5 
5 5 -1 5 5 -1 1 7 5 5 5 5 5 1 5 5 5 5 -1 5 
5 5 5 5 5 -1 7 1 5 5 5 5 5 1 5 -1 5 3 5 5 
5 5 5 -1 5 5 33 5 5 5 5 5 -1 5 -1 5 5 -1 -1 5 
5 5 5 5 5 -1 -1 5 5 5 -1 5 5 -1 -1 5 5 5 -1 -1 
4 -1 5 5 5 5 5 5 1 1 -1 5 5 5 5 -1 5 5 5 5 
-1 7 5 5 5 5 5 5 1 1 -1 5 -1 7 7 7 5 5 5 4 
7 5 7 5 -1 5 5 5 1 7 3 -1 5 7 7 5 7 -1 7 5 
7 5 5 5 5 5 -1 5 3 3 5 3 3 3 5 5 5 7 7 7 
-1 7 7 5 5 -1 3 3 3 3 3 5 3 5 5 7 5 5 7 7 
-1 7 7 7 5 5 3 3 3 3 3 3 5 5 7 -1 5 -1 7 7 
7 -1 7 5 5 2 2 3 -1 3 3 -1 2 5 7 -1 5 5 -1 7 
40 7 5 5 5 5 5 -1 -1 3 3 5 5 2 5 5 -1 7 7 7 
7 40 5 5 5 5 2 5 5 5 -1 5 2 3 3 5 5 7 7 7 
5 5 5 5 5 2 5 5 5 5 5 5 5 5 5 5 5 5 7 7 
7 5 -1 5 5 5 -1 5 5 -1 5 5 5 5 5 5 7 7 5 7 
5 6 5 5 33 -1 -1 5 -1 -1 -1 -1 5 5 5 5 5 7 5 5 
5 6 5 5 -1 33 -1 -1 -1 5 -1 5 5 -1 -1 6 7 -1 5 5 
5 5 5 5 5 5 5 5 5 -1 -1 5 33 33 33 33 33 33 33 5 
5 -1 4 5 4 5 5 -1 9 5 -1 5 5 5 33 5 5 -1 5 5 
5 5 5 4 5 5 5 -1 -1 9 5 5 5 -1 5 5 5 5 -1 5 
-1 5 5 5 5 5 5 7 5 5 5 6 2 5 5 5 5 5 5 5 
5 5 5 5 5 5 5 5 5 -1 -1 -1 6 5 5 5 5 5 5 -1 
5 5 -1 -1 5 5 5 5 5 5 -1 5 6 -1 -1 5 -1 5 -1 5 
5 5 5 5 -1 5 5 5 5 5 5 5 5 -1 5 5 7 1 5 5 
5 5 7 -1 -1 -1 5 -1 5 -1 5 5 5 5 5 5 5 5 5 -1 
-1 7 5 -1 5 5 5 5 5 3 5 5 5 5 -1 5 5 -1 5 -1 
7 7 7 40 40 5 5 5 3 5 -1 5 5 5 5 5 -1 -1 -1 5 
7 7 7 -1 5 5 5 5 5 5 5 5 -1 7 7 1 40 -1 -1 5 
32 7 7 7 -1 5 5 -1 5 5 -1 5 5 7 1 40 -1 40 5 7 
-1 -1 7 -1 7 5 7 7 5 5 5 5 5 7 5 33 40 -1 40 7 
40 5 5 7 5 7 7 7 32 32 5 5 33 33 5 5 5 -1 40 -1 
-1 1 5 5 5 6 5 5 -1 32 33 33 33 33 5 5 5 5 -1 40 
-1 5 7 7 7 1 -1 5 33 32 33 33 33 7 5 -1 5 5 5 5 
-1 5 5 5 1 7 -1 32 32 33 33 33 33 33 33 -1 -1 5 5 5 
5 -1 5 1 -1 5 5 5 33 33 33 33 41 41 33 33 33 -1 5 5 
5 -1 -1 5 5 5 5 5 -1 33 33 33 33 -1 33 33 33 33 5 5 
5 -1 5 5 5 5 5 5 5 5 -1 -1 -1 33 33 33 -1 33 5 5 
-1 5 -1 5 5 5 5 5 5 5 5 7 5 -1 5 5 5 5 5 5 
-1 -1 5 5 5 8 5 5 7 5 -1 7 9 9 -1 -1 5 5 -1 -1 
-1 5 -1 5 32 5 7 7 -1 -1 7 7 9 8 9 8 9 5 32 -1 
-1 5 5 32 5 5 5 7 -1 7 7 -1 7 9 9 8 8 8 -1 32 
32 32 -1 32 5 5 5 -1 5 5 6 7 -1 9 9 9 -1 -1 8 7 
32 32 32 32 -1 -1 5 5 5 5 6 5 7 7 7 -1 -1 -1 -1 32 
32 32 -1 -1 32 5 3 -1 -1 1 -1 5 5 5 5 -1 7 7 7 7 
5 -1 32 32 5 5 5 -1 -1 1 -1 7 5 5 5 7 -1 -1 -1 32 
5 33 33 33 5 5 5 1 1 1 7 -1 7 5 5 7 -1 7 -1 5 
-1 33 -1 5 5 -1 5 -1 1 -1 5 5 5 5 5 7 -1 7 -1 5 
5 33 5 5 5 5 4 41 -1 41 -1 5 -1 5 -1 7 7 7 5 -1 
5 5 5 33 5 4 -1 5 41 41 41 -1 -1 1 5 -1 7 7 5 5 
5 5 5 -1 5 33 5 -1 -1 -1 -1 -1 -1 7 -1 5 5 5 5 5 
5 5 -1 5 5 5 -1 -1 -1 -1 33 32 -1 1 7 5 7 5 5 -1 
5 5 5 5 5 5 -1 -1 -1 -1 33 40 33 -1 -1 7 5 5 5 5 
-1 5 5 5 5 5 -1 33 33 5 -1 33 33 5 -1 5 5 5 5 5 
5 -1 -1 9 5 9 -1 -1 33 5 33 -1 -1 5 5 5 1 5 5 5 
-1 -1 5 8 5 5 9 9 8 7 5 -1 -1 5 5 1 5 -1 -1 5 
5 5 4 4 5 5 9 9 -1 5 5 7 5 5 4 5 5 5 5 5 
5 4 4 5 5 5 9 -1 5 5 5 7 -1 5 4 4 5 5 5 5 
9 32 33 32 -1 -1 33 9 9 33 -1 8 9 -1 -1 5 5 9 33 -1 
8 33 -1 -1 9 33 8 9 -1 9 8 9 9 9 -1 7 7 5 9 8 
8 3 3 -1 8 9 8 8 9 8 -1 1 9 9 -1 -1 5 5 5 9 
8 -1 -1 -1 -1 -1 9 -1 9 8 8 1 -1 8 9 9 5 5 5 9 
5 -1 -1 -1 9 9 -1 9 9 9 -1 1 8 8 9 9 5 5 5 -1 
5 5 -1 -1 32 8 -1 9 -1 8 -1 -1 9 33 -1 -1 5 5 5 5 
5 5 5 32 32 -1 33 -1 32 -1 -1 32 32 32 32 5 -1 5 4 -1 
5 -1 -1 32 32 40 -1 33 32 -1 -1 32 33 1 1 1 4 4 5 5 
-1 5 9 33 40 -1 33 -1 5 9 -1 33 1 33 -1 1 5 -1 5 4 
-1 -1 5 -1 -1 -1 -1 33 8 8 9 9 1 32 -1 5 -1 4 -1 4 
-1 -1 -1 -1 40 1 4 5 -1 9 9 9 -1 9 4 4 5 5 5 -1 
-1 40 -1 -1 40 41 1 32 33 -1 -1 -1 9 5 4 5 5 5 6 -1 
40 -1 40 40 41 32 32 -1 32 -1 33 -1 5 5 5 5 5 4 6 -1 
-1 40 40 5 5 33 -1 33 -1 33 32 32 33 5 -1 -1 5 5 -1 4 
40 40 -1 40 -1 -1 5 -1 33 5 5 32 -1 33 -1 33 -1 5 5 4 
32 40 -1 -1 -1 5 -1 33 -1 -1 -1 33 -1 33 33 5 5 -1 4 5 
32 32 32 41 33 -1 33 33 32 33 32 33 33 33 5 8 9 4 4 5 
-1 33 32 33 41 33 33 32 32 -1 -1 32 33 5 5 5 9 -1 -1 5 
33 -1 33 41 32 32 -1 9 33 9 -1 -1 5 5 9 9 5 5 7 7 
-1 32 -1 33 32 32 32 9 33 9 9 8 5 4 9 -1 9 5 33 -1 
32 33 -1 -1 -1 32 -1 33 8 9 -1 33 33 33 -1 33 -1 32 -1 33 
-1 -1 -1 -1 -1 33 33 1 -1 -1 9 9 32 32 -1 33 33 32 32 9 
-1 6 6 -1 -1 -1 32 33 1 9 9 9 32 32 -1 33 33 33 -1 -1 
-1 -1 -1 -1 40 32 32 32 33 33 33 33 32 33 32 33 33 33 32 -1 
-1 33 -1 40 41 41 -1 -1 -1 9 33 -1 32 -1 33 33 33 32 41 -1 
2 33 -1 -1 41 -1 -1 -1 -1 9 9 -1 33 33 33 32 -1 -1 -1 41 
-1 2 -1 -1 -1 2 33 9 9 9 -1 -1 2 33 -1 32 -1 -1 -1 -1 
4 2 2 -1 2 33 3 -1 9 -1 1 4 2 2 5 5 -1 -1 -1 4 
5 2 2 2 -1 -1 -1 32 33 1 5 5 5 5 -1 2 5 -1 4 5 
-1 32 32 33 33 -1 32 33 33 -1 -1 5 -1 1 -1 2 2 -1 4 -1 
33 -1 32 -1 33 -1 -1 -1 32 32 33 7 7 -1 -1 2 2 2 32 -1 
33 33 -1 32 -1 -1 9 9 32 -1 33 6 6 -1 -1 -1 2 8 33 32 
-1 -1 33 5 5 5 9 -1 32 32 33 6 6 33 -1 -1 8 8 -1 -1 
-1 33 33 33 5 33 9 -1 32 32 -1 33 -1 -1 33 -1 -1 -1 -1 -1 
-1 5 33 -1 -1 -1 5 32 -1 33 -1 -1 -1 9 8 -1 -1 -1 -1 -1 
33 5 33 33 32 32 33 -1 33 9 -1 -1 9 8 8 9 9 9 9 -1 
9 33 -1 33 32 -1 -1 32 32 -1 33 -1 33 9 9 9 8 9 -1 -1 
9 9 -1 -1 33 32 32 33 32 33 -1 33 -1 33 -1 9 9 -1 8 9 
-1 9 -1 -1 33 -1 -1 -1 33 8 8 8 8 9 32 33 32 32 33 9 
33 9 8 -1 33 33 33 -1 -1 9 33 33 9 9 33 32 -1 33 9 33 
-1 -1 2 2 2 2 -1 -1 -1 32 32 32 -1 32 33 33 33 -1 -1 9 
-1 2 -1 -1 2 -1 -1 -1 32 33 32 -1 33 -1 33 -1 -1 -1 32 32 
-1 -1 2 2 -1 7 -1 -1 33 -1 -1 33 33 -1 -1 -1 -1 -1 9 9 
-1 -1 8 2 7 7 7 7 -1 -1 -1 33 -1 -1 33 -1 -1 -1 -1 -1 
-1 -1 -1 8 -1 7 -1 -1 -1 40 40 -1 -1 33 -1 -1 -1 -1 -1 -1 
34 34 -1 -1 7 7 -1 -1 40 -1 40 -1 -1 -1 33 -1 -1 -1 -1 -1 
-1 -1 -1 -1 -1 7 -1 41 40 -1 2 2 2 2 -1 -1 -1 -1 32 32 
-1 -1 -1 -1 -1 -1 -1 40 -1 -1 -1 -1 -1 -1 2 -1 -1 -1 32 -1 
-1 -1 -1 -1 -1 -1 -1 -1 -1 -1 -1 -1 -1 2 33 -1 -1 -1 32 -1 
-1 32 -1 -1 -1 -1 -1 -1 -1 -1 -1 -1 -1 -1 -1 33 -1 -1 32 -1 
33 33 -1 -1 -1 -1 -1 -1 -1 -1 -1 -1 -1 -1 -1 -1 -1 -1 33 33 
33 33 -1 -1 32 32 33 -1 33 -1 -1 33 9 -1 -1 -1 -1 -1 33 33 
33 33 -1 -1 33 33 33 33 -1 32 33 9 9 -1 33 -1 33 32 33 33 
33 33 -1 -1 33 33 -1 -1 -1 33 -1 33 9 33 32 32 33 32 32 -1 
-1 -1 33 32 33 32 33 33 33 -1 9 -1 -1 33 33 33 33 33 -1 -1 
32 33 -1 33 32 33 33 41 41 33 -1 -1 -1 -1 -1 33 33 33 33 -1 
33 33 33 -1 41 32 33 40 -1 -1 33 33 33 33 -1 -1 32 32 -1 32 
33 33 -1 -1 32 41 40 33 -1 -1 -1 32 41 -1 33 32 32 -1 40 -1 
33 33 -1 -1 -1 41 41 40 -1 -1 -1 -1 41 -1 -1 33 33 32 -1 40 
33 33 2 2 2 41 -1 40 -1 -1 -1 33 -1 -1 32 -1 -1 33 32 33 
-1 -1 2 -1 -1 -1 -1 2 2 2 33 -1 -1 -1 2 2 2 2 -1 -1 
-1 -1 -1 2 -1 -1 -1 2 -1 2 2 -1 -1 -1 -1 2 -1 2 2 -1 
-1 -1 2 -1 -1 -1 -1 -1 -1 2 2 -1 -1 2 2 2 2 33 2 -1 
-1 2 -1 -1 -1 -1 -1 -1 -1 2 -1 -1 -1 -1 2 2 -1 33 2 -1 
2 2 -1 -1 -1 -1 41 41 41 33 -1 -1 -1 40 40 40 2 2 2 2 
2 2 41 -1 -1 -1 40 40 -1 -1 33 -1 -1 2 40 -1 2 2 -1 -1 
2 -1 -1 41 -1 -1 -1 40 41 2 33 -1 -1 -1 2 -1 -1 41 2 2 
-1 41 41 33 -1 -1 -1 40 -1 41 -1 33 -1 2 -1 -1 -1 2 41 2 
40 -1 33 -1 -1 -1 -1 -1 -1 -1 -1 -1 -1 -1 2 -1 -1 -1 41 40 
-1 7 40 40 40 40 -1 -1 -1 -1 -1 -1 -1 -1 -1 -1 -1 -1 41 41 
6 7 40 32 40 -1 -1 -1 2 -1 -1 -1 -1 -1 -1 -1 -1 -1 -1 -1 
6 -1 41 41 41 -1 -1 2 2 -1 -1 2 2 -1 -1 -1 -1 -1 -1 -1 
-1 -1 -1 41 -1 -1 -1 -1 2 -1 -1 -1 2 -1 1 -1 -1 -1 -1 -1 
-1 -1 41 -1 -1 -1 -1 -1 2 -1 2 -1 1 2 1 -1 -1 -1 -1 -1 
-1 -1 -1 -1 -1 -1 -1 2 2 -1 -1 2 2 1 41 41 -1 -1 -1 -1 
-1 -1 -1 -1 -1 -1 2 -1 2 -1 2 2 41 -1 41 41 -1 -1 -1 -1 
-1 -1 -1 -1 -1 -1 -1 2 -1 2 2 41 41 -1 41 2 2 -1 -1 -1 
-1 -1 -1 -1 -1 -1 32 -1 -1 -1 33 2 -1 -1 2 2 2 -1 -1 2 
-1 -1 3 -1 -1 -1 32 32 -1 32 32 33 -1 2 2 2 2 2 2 2 
-1 3 -1 -1 -1 -1 -1 -1 32 33 -1 33 -1 -1 -1 2 -1 2 2 2 
-1 2 -1 -1 -1 -1 32 32 -1 -1 40 40 40 41 41 -1 -1 -1 41 41 
-1 -1 -1 -1 -1 -1 40 -1 -1 -1 -1 -1 40 40 40 41 2 -1 40 41 
-1 -1 -1 32 -1 -1 -1 2 2 -1 41 40 41 41 41 -1 41 2 41 41 
7 9 -1 40 40 40 -1 -1 2 40 2 40 40 -1 40 41 -1 -1 41 7 
9 2 -1 -1 2 2 2 2 -1 2 -1 -1 -1 41 41 -1 -1 2 -1 9 
9 2 2 2 2 40 -1 -1 2 -1 -1 41 41 -1 -1 -1 2 2 -1 -1 
2 2 -1 2 -1 -1 -1 2 -1 -1 -1 41 41 -1 -1 -1 2 2 2 -1 
2 2 2 -1 4 4 -1 -1 2 2 -1 2 -1 -1 -1 2 -1 2 -1 2 
2 4 2 4 4 4 -1 -1 -1 2 2 -1 2 -1 2 2 2 2 -1 2 
-1 4 4 6 6 -1 -1 2 2 2 -1 2 2 2 -1 2 2 3 -1 2 
-1 -1 6 6 -1 3 2 2 2 -1 -1 -1 2 -1 2 3 3 3 -1 -1 
3 -1 6 6 6 -1 2 2 -1 -1 -1 -1 -1 3 3 3 -1 -1 -1 3 
3 -1 2 -1 -1 3 3 -1 3 -1 -1 -1 -1 3 3 3 2 2 40 3 
40 41 2 -1 -1 -1 3 3 2 2 -1 2 3 3 3 3 2 -1 41 41 
41 40 41 7 3 -1 -1 3 2 -1 2 3 2 -1 -1 2 2 -1 41 41 
-1 -1 41 3 -1 -1 1 3 2 2 -1 2 3 3 3 -1 -1 -1 -1 -1 
-1 -1 -1 41 -1 -1 -1 1 -1 2 6 -1 -1 -1 -1 -1 -1 -1 3 3 
-1 -1 2 41 -1 -1 -1 4 1 1 1 -1 40 -1 4 -1 -1 3 33 32 
32 2 2 2 -1 -1 -1 -1 2 -1 -1 40 41 41 41 -1 -1 40 -1 2 
2 2 2 -1 -1 -1 32 -1 -1 -1 -1 41 41 40 -1 40 40 -1 -1 41 
4 -1 3 3 6 3 2 4 4 -1 3 -1 3 3 4 -1 -1 4 -1 4 
4 -1 -1 -1 2 2 3 -1 -1 3 3 6 -1 3 -1 -1 4 4 4 4 
6 -1 6 6 -1 -1 32 -1 -1 3 -1 -1 -1 -1 -1 -1 4 -1 -1 -1 
-1 6 6 6 7 -1 3 3 3 -1 -1 -1 -1 -1 -1 -1 -1 -1 -1 -1 
6 6 -1 -1 -1 7 2 2 3 3 -1 2 -1 -1 -1 -1 -1 -1 -1 -1 
-1 2 6 -1 -1 7 2 -1 3 3 -1 2 -1 -1 -1 -1 -1 -1 -1 -1 
2 -1 1 -1 7 7 3 -1 -1 -1 3 -1 -1 -1 -1 -1 -1 -1 -1 -1 
-1 -1 -1 1 7 7 3 7 -1 -1 -1 3 -1 4 -1 -1 -1 -1 -1 -1 
-1 -1 1 -1 1 7 4 7 6 6 3 -1 4 -1 -1 -1 -1 6 6 6 
-1 1 1 -1 2 2 -1 4 -1 -1 4 4 4 1 -1 -1 -1 6 -1 -1 
-1 1 1 -1 1 2 -1 -1 1 2 -1 -1 -1 -1 -1 1 4 6 -1 -1 
-1 -1 1 1 2 -1 -1 -1 -1 -1 -1 -1 -1 -1 1 -1 4 4 -1 -1 
-1 2 1 2 2 -1 -1 -1 -1 -1 2 -1 -1 -1 -1 -1 -1 4 4 2 
2 2 2 2 2 -1 -1 -1 -1 -1 2 2 2 2 -1 -1 4 4 -1 -1 
2 2 2 2 2 -1 -1 -1 -1 2 2 2 2 -1 2 -1 1 -1 -1 -1 
2 2 -1 2 2 -1 -1 -1 2 -1 -1 2 -1 2 -1 -1 1 1 -1 6 
6 -1 3 6 -1 -1 -1 -1 -1 -1 -1 -1 2 -1 -1 -1 -1 -1 6 6 
-1 6 6 6 6 -1 -1 -1 -1 6 4 4 -1 -1 4 -1 4 6 6 6 
4 6 6 6 6 3 2 2 -1 6 -1 4 -1 -1 4 4 4 -1 -1 -1 
4 6 -1 -1 3 3 -1 -1 -1 6 4 3 -1 3 3 4 -1 -1 -1 4 
1 1 1 -1 -1 1 1 -1 2 2 2 -1 2 1 -1 -1 6 6 6 -1 
-1 -1 2 -1 1 2 2 1 -1 2 -1 3 2 -1 -1 -1 6 6 -1 -1 
-1 2 2 2 2 2 1 -1 -1 -1 -1 2 -1 4 4 -1 4 -1 6 -1 
-1 2 2 2 2 1 1 2 2 2 -1 -1 1 4 4 4 4 -1 -1 4 
-1 2 2 2 -1 1 1 2 2 4 4 1 1 4 4 4 4 -1 -1 4 
4 4 -1 2 2 2 1 2 -1 -1 4 -1 4 -1 4 -1 4 4 -1 -1 
-1 -1 2 -1 2 2 2 2 2 2 -1 4 4 4 4 4 -1 4 -1 4 
4 4 -1 2 4 2 2 -1 2 4 4 4 4 4 4 -1 -1 4 4 4 
-1 4 4 4 -1 -1 2 2 4 -1 -1 4 4 4 -1 -1 -1 4 4 4 
4 4 4 -1 -1 -1 -1 2 4 -1 4 7 4 4 -1 4 4 -1 4 4 
4 4 -1 -1 -1 -1 -1 2 4 -1 4 4 4 4 -1 -1 -1 4 4 -1 
-1 4 -1 -1 2 -1 1 4 4 4 4 4 4 -1 4 -1 4 4 -1 4 
-1 -1 4 2 2 -1 1 4 4 4 -1 -1 4 -1 -1 -1 6 6 -1 -1 
4 4 4 2 1 1 1 4 4 6 4 -1 -1 -1 4 4 4 6 6 -1 
-1 4 4 -1 2 -1 4 4 4 2 6 -1 -1 -1 4 -1 -1 6 6 4 
1 6 2 1 -1 -1 -1 2 2 6 2 -1 -1 -1 2 4 -1 6 -1 6 
1 2 6 -1 -1 -1 -1 4 4 2 -1 -1 -1 2 -1 -1 -1 4 4 6 
6 1 -1 -1 -1 2 2 2 -1 -1 -1 2 2 -1 4 -1 -1 6 -1 -1 
-1 1 1 -1 1 2 1 2 2 -1 -1 2 -1 -1 4 -1 6 6 -1 -1 
-1 1 1 1 1 1 1 1 2 2 2 -1 2 1 6 6 -1 6 6 6 
4 4 4 4 4 4 4 4 2 2 -1 2 2 4 -1 -1 1 6 4 -1 
-1 4 4 4 -1 4 4 -1 2 2 2 2 2 4 4 -1 -1 4 6 -1 
-1 4 4 4 4 4 4 2 2 2 1 2 4 4 -1 -1 2 -1 -1 -1 
6 -1 4 2 8 2 4 2 2 2 2 1 2 -1 -1 -1 6 -1 -1 -1 
-1 2 2 2 4 2 2 2 2 2 2 -1 2 -1 -1 -1 6 -1 -1 6 
-1 -1 32 2 4 2 2 -1 2 -1 -1 2 2 2 2 2 -1 6 -1 -1 
4 6 32 -1 -1 -1 2 2 -1 4 2 -1 2 2 -1 6 2 6 4 4 
4 32 32 32 32 6 2 4 -1 -1 4 4 2 2 -1 -1 6 -1 -1 4 
32 4 32 32 6 2 2 4 4 4 4 4 2 2 2 6 6 -1 4 4 
4 4 32 32 -1 2 -1 4 -1 4 4 4 2 -1 4 4 -1 -1 4 4 
4 4 -1 -1 2 -1 2 -1 4 4 4 4 4 32 4 4 -1 -1 -1 4 
4 -1 4 6 4 2 6 4 4 4 4 4 32 4 4 4 -1 -1 4 4 
4 4 -1 -1 6 4 -1 6 4 4 -1 -1 4 4 4 4 -1 -1 -1 4 
4 2 -1 2 2 2 4 6 4 4 -1 -1 -1 -1 4 4 -1 -1 -1 4 
2 4 4 4 4 -1 6 -1 1 -1 6 -1 4 -1 4 4 -1 2 2 4 
4 6 4 4 -1 -1 -1 -1 1 -1 6 -1 4 2 4 4 4 2 1 2 
4 4 -1 -1 -1 -1 2 1 1 -1 6 -1 -1 4 2 2 4 2 1 4 
4 -1 -1 -1 4 -1 2 1 1 2 -1 -1 -1 4 2 -1 1 -1 2 1 
4 4 -1 -1 4 2 4 4 4 2 2 2 -1 4 2 1 2 -1 4 4 
4 4 4 4 -1 4 2 4 2 2 2 2 2 4 -1 2 -1 4 4 4 
-1 1 4 6 -1 -1 2 -1 -1 5 -1 4 4 4 4 4 4 -1 -1 4 
4 1 1 4 -1 6 -1 -1 -1 5 5 4 4 4 4 4 4 4 4 -1 
4 -1 6 6 6 -1 -1 -1 5 5 4 4 4 2 2 4 4 4 4 -1 
1 -1 6 6 4 4 -1 -1 5 5 -1 -1 2 2 2 4 4 4 4 -1 
4 6 -1 4 6 4 -1 4 4 -1 5 2 2 2 6 2 -1 4 4 2 
4 4 4 4 6 4 -1 4 4 4 1 -1 2 -1 -1 6 4 4 2 2 
-1 -1 -1 6 6 6 -1 4 4 -1 -1 -1 2 -1 -1 4 6 -1 6 -1 
2 4 4 6 6 6 -1 -1 -1 2 2 6 -1 2 -1 2 2 -1 6 6 
6 4 4 4 2 6 2 -1 -1 2 32 -1 6 6 6 6 2 6 2 2 
6 6 6 6 2 2 5 5 -1 2 -1 -1 -1 6 6 6 2 6 6 4 
6 6 6 2 6 -1 -1 -1 6 2 2 -1 -1 6 6 6 -1 -1 2 -1 
-1 -1 -1 6 6 6 2 4 6 -1 6 4 2 6 -1 6 4 -1 4 4 
4 -1 -1 -1 -1 -1 6 6 6 6 4 2 6 -1 -1 6 4 2 4 4 
4 6 6 6 -1 2 6 6 6 4 -1 4 6 2 6 -1 6 4 4 6 
4 6 6 6 4 6 -1 -1 6 6 6 6 6 6 2 6 4 4 4 4 
4 4 6 -1 6 -1 -1 -1 6 -1 -1 6 6 -1 2 2 4 6 4 4 
-1 -1 -1 6 6 -1 -1 -1 6 6 -1 4 4 -1 -1 2 6 4 4 -1 
6 -1 6 -1 4 4 -1 6 -1 6 6 4 -1 4 4 4 4 4 4 -1 
-1 -1 4 6 4 -1 6 6 6 6 -1 4 4 4 4 4 4 -1 4 6 
4 -1 4 6 -1 -1 -1 6 -1 5 4 -1 4 -1 4 4 4 -1 6 4 
6 6 -1 -1 -1 2 -1 2 2 4 4 4 4 4 4 4 -1 4 -1 6 
4 4 -1 -1 -1 2 -1 6 6 -1 -1 -1 6 -1 4 4 4 4 -1 4 
4 4 -1 -1 -1 -1 -1 4 4 33 -1 4 2 -1 -1 -1 4 -1 -1 4 
2 -1 -1 -1 -1 -1 -1 4 4 32 -1 2 2 2 2 4 -1 2 2 -1 
2 -1 -1 -1 -1 2 6 -1 32 32 32 32 33 6 2 2 2 2 2 4 
2 2 6 2 2 2 -1 -1 -1 -1 32 -1 -1 2 2 2 2 -1 2 2 
2 2 2 6 2 4 4 4 6 4 3 33 2 -1 -1 2 2 2 2 2 
2 2 2 2 6 -1 4 4 4 -1 3 -1 -1 2 2 2 2 2 -1 2 
2 -1 2 2 6 4 4 4 4 33 33 -1 2 -1 -1 -1 2 2 -1 2 
-1 4 4 6 -1 4 6 4 -1 33 33 -1 -1 -1 -1 -1 2 2 2 -1 
-1 2 2 2 -1 4 4 -1 4 -1 -1 2 2 2 -1 -1 -1 2 -1 -1 
2 -1 -1 2 4 4 4 -1 4 2 2 2 -1 -1 2 -1 -1 4 4 -1 
4 -1 -1 2 2 4 -1 4 -1 -1 -1 -1 2 -1 -1 -1 -1 -1 4 4 
4 -1 2 2 -1 4 4 -1 2 2 3 3 -1 -1 -1 -1 -1 -1 -1 4 
4 -1 2 2 -1 4 4 -1 2 -1 -1 -1 -1 4 -1 4 -1 -1 4 -1 
-1 4 -1 -1 4 4 4 2 3 -1 -1 3 4 4 -1 4 4 4 4 4 
4 4 -1 -1 -1 -1 6 2 -1 3 -1 -1 -1 -1 -1 4 6 2 -1 -1 
4 4 4 4 -1 -1 -1 2 -1 3 4 4 -1 -1 -1 6 4 2 2 2 
4 4 4 -1 2 2 2 -1 2 2 4 -1 -1 -1 2 -1 4 6 6 6 
4 -1 4 4 -1 -1 2 2 4 4 4 -1 4 4 -1 4 4 4 6 6 
4 4 4 4 4 6 3 -1 3 3 -1 -1 4 -1 4 4 6 4 4 4 
4 -1 4 -1 4 4 4 4 3 -1 -1 -1 -1 -1 -1 6 -1 4 4 4 
4 4 4 -1 -1 -1 4 -1 4 -1 -1 4 -1 -1 6 4 4 3 -1 4 
4 4 4 4 -1 -1 4 -1 -1 -1 -1 -1 -1 6 4 4 4 3 3 3 
4 4 4 4 4 4 4 4 4 -1 -1 3 -1 3 11 11 -1 -1 -1 3 
-1 6 6 -1 4 4 4 4 -1 3 3 3 3 -1 3 11 -1 3 3 3 
6 4 -1 -1 4 -1 -1 3 3 3 -1 3 8 -1 -1 3 8 8 3 8 
6 6 -1 1 4 -1 6 3 -1 -1 -1 2 -1 8 -1 -1 11 8 8 3 
-1 -1 6 1 -1 4 6 4 4 -1 2 3 2 8 8 -1 8 -1 8 8 
-1 -1 4 4 4 4 4 4 -1 4 3 4 3 3 8 10 10 8 8 -1 
-1 4 4 4 -1 4 4 4 4 3 -1 4 3 3 8 8 10 8 8 8 
4 4 4 -1 4 4 4 -1 -1 3 3 3 3 3 4 4 10 4 4 8 
4 4 -1 4 -1 4 4 -1 -1 -1 3 3 3 4 8 8 3 4 4 -1 
4 4 -1 -1 4 4 -1 -1 -1 3 3 3 3 8 8 3 3 4 -1 4 
4 4 4 4 -1 4 2 -1 -1 -1 3 3 3 8 -1 -1 3 -1 4 4 
4 -1 4 4 -1 -1 2 1 -1 -1 33 4 -1 -1 8 3 -1 -1 4 2 
2 4 -1 4 -1 -1 -1 -1 1 -1 33 33 4 4 3 3 3 3 -1 2 
-1 4 4 4 -1 -1 -1 -1 -1 -1 32 32 4 4 4 -1 -1 6 2 2 
4 -1 4 4 -1 -1 -1 -1 3 33 32 4 4 4 4 4 -1 -1 4 4 
4 4 4 -1 6 -1 -1 3 3 3 33 4 4 -1 4 -1 -1 4 4 4 
3 -1 -1 -1 3 3 -1 3 3 -1 -1 -1 3 -1 -1 -1 -1 -1 3 3 
-1 -1 -1 3 3 3 3 -1 -1 3 3 3 3 4 -1 -1 -1 -1 4 3 
3 4 -1 -1 3 3 4 -1 -1 -1 3 3 -1 -1 4 6 6 -1 4 -1 
3 -1 -1 -1 3 3 4 3 -1 -1 2 3 3 3 1 6 6 6 4 4 
-1 -1 -1 -1 3 3 3 3 -1 -1 3 3 3 3 1 -1 6 6 -1 41 
-1 41 33 3 3 -1 -1 3 3 3 3 3 -1 3 6 6 6 41 41 41 
41 41 -1 3 -1 -1 4 4 4 -1 3 3 3 -1 6 -1 33 6 41 41 
41 33 -1 -1 4 -1 4 -1 4 4 3 -1 3 3 3 3 33 33 -1 -1 
4 -1 -1 4 36 -1 -1 4 4 3 -1 -1 3 3 -1 -1 -1 -1 41 -1 
4 4 3 36 4 -1 4 4 -1 -1 -1 3 -1 3 -1 -1 -1 -1 -1 -1 
-1 4 3 41 4 4 4 4 4 -1 -1 3 4 3 -1 3 3 -1 -1 -1 
4 3 41 -1 4 4 4 4 4 -1 -1 4 3 4 3 6 -1 3 3 6 
6 3 33 4 4 -1 4 4 4 4 4 4 -1 3 -1 3 6 6 3 1 
6 6 6 4 4 3 -1 4 -1 4 4 4 3 -1 -1 4 6 6 6 3 
3 6 4 4 3 3 -1 -1 4 4 4 4 3 4 3 3 6 6 -1 6 
3 4 4 4 4 -1 4 -1 4 4 -1 11 4 4 -1 3 3 3 3 3 
3 3 4 -1 4 4 4 4 4 4 -1 4 4 4 6 -1 3 3 3 3 
3 3 -1 -1 4 -1 -1 4 -1 -1 -1 4 4 4 4 -1 3 3 3 3 
3 3 -1 -1 3 4 -1 -1 -1 -1 3 4 -1 -1 -1 -1 6 3 -1 3 
3 3 -1 -1 3 3 -1 -1 3 -1 -1 -1 4 4 -1 6 -1 -1 3 3 
3 -1 3 3 3 3 3 -1 3 2 2 2 2 3 -1 -1 4 -1 4 4 
-1 3 3 41 3 3 3 3 3 2 2 2 3 -1 -1 -1 -1 -1 4 3 
3 3 3 3 3 3 3 -1 3 2 2 3 3 -1 -1 -1 -1 -1 -1 -1 
3 3 3 -1 3 3 3 3 -1 2 -1 3 3 -1 -1 3 6 -1 3 -1 
3 3 3 3 3 3 3 3 3 2 3 3 3 3 3 -1 -1 -1 3 3 
3 6 6 4 3 3 3 3 3 3 3 3 -1 3 3 3 -1 3 3 3 
3 3 4 4 3 3 3 3 3 3 -1 3 3 -1 3 3 3 3 3 3 
-1 3 4 6 3 3 3 3 3 3 3 3 3 3 3 3 3 3 3 -1 
4 -1 3 3 3 3 3 3 -1 -1 3 -1 3 3 3 3 -1 3 3 3 
-1 3 3 3 -1 -1 -1 3 3 3 3 3 3 3 3 3 3 1 3 3 
3 3 3 3 3 3 3 3 3 3 3 -1 3 3 3 -1 3 3 3 1 
3 3 3 3 3 3 -1 3 3 3 3 3 -1 3 -1 3 3 3 3 -1 
3 3 3 -1 3 3 -1 3 3 3 3 3 3 3 -1 3 3 3 3 3 
3 3 3 -1 3 3 -1 3 3 3 3 3 3 3 3 3 -1 3 3 3 
3 3 3 3 3 -1 3 3 3 3 -1 3 3 -1 -1 3 -1 3 3 3 
3 3 3 3 -1 -1 -1 -1 -1 3 -1 -1 -1 3 -1 3 -1 -1 -1 -1 
3 -1 3 3 -1 -1 -1 3 3 3 -1 -1 -1 -1 3 3 -1 3 -1 3 
3 -1 3 3 3 3 -1 3 3 2 6 -1 -1 -1 -1 -1 -1 3 3 -1 
3 3 3 3 3 3 -1 3 -1 -1 -1 2 -1 -1 -1 -1 -1 -1 3 3 
3 3 -1 3 -1 3 3 3 -1 2 2 2 2 2 -1 4 -1 -1 3 4 
3 3 -1 -1 4 6 6 4 6 3 6 3 -1 -1 3 3 3 3 3 4 
-1 3 6 4 4 3 3 3 -1 4 3 6 6 4 3 3 3 6 6 6 
6 6 40 3 40 -1 6 3 3 4 3 -1 4 3 3 3 6 -1 6 6 
6 40 40 40 -1 -1 -1 6 6 6 6 -1 -1 3 3 3 4 6 6 -1 
3 3 32 32 3 6 6 -1 8 4 4 -1 -1 -1 3 -1 3 3 3 -1 
3 4 3 32 6 6 -1 9 8 -1 3 3 -1 -1 -1 3 3 3 4 4 
4 -1 -1 -1 -1 6 6 -1 9 8 4 3 3 3 3 3 3 6 -1 4 
6 2 -1 -1 -1 -1 9 -1 3 8 8 4 6 3 6 -1 3 6 -1 4 
-1 2 -1 -1 -1 -1 9 9 -1 -1 8 6 -1 -1 3 -1 -1 -1 -1 4 
-1 -1 4 4 4 4 -1 -1 32 32 32 6 6 6 3 3 3 3 3 3 
-1 -1 4 4 9 4 -1 32 -1 32 32 4 4 3 3 3 3 3 3 3 
6 3 6 8 8 6 4 32 32 -1 40 4 4 -1 3 -1 3 3 3 3 
6 -1 -1 -1 6 9 4 6 -1 40 -1 3 -1 3 -1 3 3 3 3 3 
-1 -1 -1 6 -1 4 6 6 6 6 -1 3 -1 3 3 3 -1 3 3 -1 
3 -1 4 4 3 2 2 2 -1 -1 6 3 3 2 3 3 3 3 3 3 
3 3 3 6 -1 3 4 6 -1 3 3 3 3 3 2 3 3 3 3 3 
3 -1 -1 6 3 3 -1 4 3 -1 3 3 3 3 3 3 3 3 -1 3 
3 3 3 3 3 3 3 3 3 3 3 3 3 3 -1 3 -1 3 3 4 
3 -1 -1 3 3 3 6 -1 3 3 3 3 3 3 3 3 3 3 3 3 
3 3 -1 3 3 3 6 -1 3 -1 3 3 3 3 3 3 3 3 4 -1 
-1 -1 -1 4 4 -1 6 6 -1 -1 -1 3 -1 -1 -1 -1 2 2 4 -1 
-1 -1 -1 6 4 6 4 6 6 6 3 -1 -1 -1 -1 -1 4 2 2 40 
40 -1 40 6 6 6 -1 4 -1 6 6 6 6 6 6 -1 2 -1 -1 -1 
40 40 40 4 4 6 6 4 4 4 4 6 -1 -1 6 2 6 6 -1 -1 
-1 4 4 4 6 4 4 4 4 4 4 6 -1 2 2 2 4 6 -1 -1 
40 -1 6 6 4 4 -1 4 1 6 4 -1 -1 -1 2 -1 4 4 6 -1 
6 6 4 -1 4 4 4 1 4 4 -1 4 -1 4 -1 4 -1 4 6 6 
6 4 -1 2 4 -1 2 4 -1 1 4 4 -1 4 -1 -1 4 -1 4 6 
4 6 -1 -1 2 2 2 4 4 4 6 4 -1 4 -1 4 4 -1 6 4 
-1 6 -1 4 4 -1 4 4 4 4 4 -1 -1 -1 4 4 -1 4 3 -1 
-1 -1 -1 4 -1 -1 -1 -1 4 4 -1 -1 6 -1 -1 6 4 -1 3 3 
4 4 -1 -1 4 -1 2 -1 4 6 -1 4 6 -1 6 6 4 3 6 4 
4 4 4 -1 4 -1 -1 6 1 4 -1 -1 -1 4 6 -1 4 -1 4 -1 
-1 4 -1 -1 -1 -1 -1 2 6 -1 4 -1 -1 3 4 6 6 4 -1 -1 
-1 6 6 -1 4 -1 3 -1 1 -1 -1 -1 3 3 -1 2 2 6 2 -1 
6 -1 2 -1 4 -1 -1 1 4 -1 -1 3 3 3 -1 6 2 2 2 4 
4 2 -1 2 -1 -1 -1 -1 -1 4 3 6 6 6 3 56 2 2 -1 4 
-1 4 6 2 6 -1 3 -1 -1 4 4 6 6 6 6 56 56 -1 2 4 
6 4 4 -1 -1 -1 -1 6 -1 4 6 6 -1 -1 6 -1 -1 -1 2 4 
4 -1 4 -1 -1 -1 -1 6 -1 6 6 4 4 -1 -1 -1 2 2 4 2 
6 6 4 4 6 -1 32 32 2 2 2 2 -1 4 -1 4 6 4 6 6 
6 -1 -1 4 -1 32 -1 2 -1 2 2 2 4 1 2 4 4 4 4 6 
-1 4 4 1 1 -1 -1 -1 2 2 1 1 2 -1 4 -1 -1 4 4 4 
4 6 4 4 3 -1 1 1 2 1 1 1 1 4 4 6 4 -1 6 -1 
-1 6 6 4 1 1 1 1 1 1 1 1 4 6 6 6 4 6 -1 -1 
4 6 6 6 -1 1 1 1 -1 -1 1 -1 4 6 4 6 4 6 -1 4 
6 6 4 1 -1 -1 -1 -1 6 4 4 4 -1 4 4 6 -1 -1 6 6 
4 2 -1 4 4 4 -1 6 4 4 4 4 4 4 4 4 -1 2 2 6 
2 4 -1 4 4 8 6 6 6 -1 4 4 -1 4 4 4 4 -1 2 2 
2 2 2 4 4 4 6 6 6 6 4 -1 2 -1 4 -1 -1 4 2 2 
2 2 2 -1 4 4 6 6 -1 4 -1 2 2 2 2 4 -1 4 2 2 
6 2 4 4 -1 4 6 6 4 4 -1 4 2 2 2 4 4 4 2 6 
-1 4 6 -1 4 -1 6 2 2 6 4 2 2 -1 4 2 4 4 -1 -1 
6 4 6 6 -1 2 4 6 2 2 2 6 -1 -1 -1 2 4 6 -1 6 
6 4 4 4 1 2 6 4 2 2 2 -1 2 -1 1 -1 4 6 6 6 
-1 -1 -1 -1 -1 -1 2 2 2 2 2 2 2 -1 1 -1 6 -1 2 2 
2 32 -1 -1 -1 2 2 4 2 2 2 2 2 1 1 1 -1 6 6 2 
6 -1 -1 4 4 2 4 4 6 2 2 2 2 2 1 4 4 6 6 4 
4 6 4 -1 4 6 -1 4 -1 2 2 2 2 -1 -1 1 4 4 6 6 
6 4 -1 4 4 -1 6 4 -1 2 2 2 1 4 4 4 4 6 -1 6 
2 6 6 -1 4 4 6 4 6 4 6 6 4 4 6 6 6 4 2 4 
2 4 -1 -1 6 4 4 6 6 6 4 4 4 4 6 4 -1 2 -1 2 
4 -1 -1 -1 -1 4 4 -1 6 6 -1 4 4 -1 -1 6 2 -1 2 2 
4 -1 4 4 -1 -1 6 4 6 6 -1 4 6 6 6 2 2 2 2 2 
4 2 -1 4 4 -1 -1 6 4 6 6 6 6 -1 2 2 2 2 4 4 
2 2 4 -1 -1 -1 -1 -1 4 6 -1 32 32 4 2 2 2 2 -1 2 
4 4 4 -1 4 4 4 -1 4 4 6 32 6 -1 -1 2 -1 2 -1 2 
-1 4 4 4 4 -1 -1 -1 4 6 -1 4 6 -1 2 2 2 2 -1 2 
6 4 4 -1 6 -1 -1 6 4 6 4 -1 6 6 6 2 2 4 -1 -1 
6 4 6 4 4 6 6 4 6 6 6 6 6 6 4 4 2 4 4 -1 
4 6 6 4 4 -1 4 -1 -1 2 2 6 6 -1 -1 4 4 4 6 -1 
-1 6 6 4 -1 6 6 4 6 4 2 6 -1 -1 4 4 -1 6 6 -1 
-1 -1 6 6 6 6 4 6 4 6 6 6 6 6 6 1 4 4 6 6 
6 -1 6 6 4 6 6 6 6 6 6 6 6 6 6 -1 -1 -1 4 6 
6 6 -1 6 6 4 6 -1 6 6 6 6 -1 6 6 -1 6 6 4 6 
6 6 6 4 4 6 6 -1 6 6 -1 -1 6 6 6 6 6 4 6 6 
6 6 4 6 4 6 6 6 2 6 -1 6 6 6 6 -1 4 -1 -1 -1 
-1 -1 4 -1 -1 -1 -1 2 4 -1 6 6 4 4 6 4 4 -1 6 6 
6 -1 4 4 -1 -1 -1 4 6 6 -1 6 4 6 4 -1 2 4 2 6 
4 -1 2 4 -1 4 6 6 6 4 6 -1 4 4 4 4 4 2 4 -1 
4 4 4 4 -1 6 4 2 6 2 6 -1 32 -1 33 -1 4 -1 4 6 
6 6 4 4 4 6 -1 6 -1 2 -1 -1 -1 32 4 4 4 6 4 6 
6 -1 4 4 6 6 -1 6 6 4 6 -1 -1 4 4 6 4 6 -1 6 
6 -1 4 4 4 4 32 4 6 6 4 40 40 4 2 -1 4 40 40 40 
-1 -1 -1 -1 -1 -1 4 4 4 6 4 4 32 4 -1 4 40 40 40 -1 
40 -1 40 2 4 1 4 -1 4 -1 6 4 4 -1 4 4 4 32 8 4 
4 40 2 4 1 4 4 4 -1 6 1 32 4 -1 4 4 4 -1 32 4 
8 1 -1 1 1 1 4 -1 6 -1 1 40 4 1 -1 32 32 32 32 32 
6 1 1 -1 -1 4 -1 -1 -1 1 40 1 1 32 32 32 32 32 32 33 
4 -1 -1 4 -1 4 -1 1 1 -1 1 1 32 32 6 6 4 -1 -1 33 
-1 4 -1 -1 4 4 4 1 1 1 1 1 1 -1 6 40 4 -1 -1 -1 
2 4 4 -1 2 4 4 4 1 1 1 32 32 32 4 4 4 4 4 -1 
6 4 4 -1 2 -1 -1 4 4 1 -1 4 4 -1 32 4 32 -1 -1 -1 
6 4 4 6 6 -1 -1 4 4 6 -1 4 2 2 -1 32 32 -1 4 -1 
6 4 4 4 6 4 6 6 6 4 6 2 2 2 -1 2 32 4 4 4 
4 4 32 32 6 4 4 6 6 6 2 2 2 4 -1 -1 4 4 4 4 
4 -1 -1 6 -1 4 6 -1 -1 -1 2 4 4 -1 4 6 4 6 6 6 
6 -1 4 6 -1 4 4 4 4 -1 6 -1 4 6 -1 4 6 -1 6 6 
6 -1 4 4 -1 -1 6 4 -1 6 -1 4 6 4 -1 4 4 4 6 4 
4 6 4 -1 4 4 -1 6 2 4 4 4 -1 32 4 -1 4 6 -1 6 
1 1 -1 -1 4 8 -1 4 4 4 4 4 4 4 4 6 10 10 -1 4 
1 6 6 -1 -1 4 8 8 8 8 4 4 1 4 6 -1 10 -1 10 -1 
6 1 -1 4 2 8 8 6 6 8 4 4 -1 4 4 -1 -1 6 4 4 
-1 6 4 4 -1 -1 -1 4 4 6 -1 6 4 6 33 6 6 6 4 -1 
-1 6 6 6 6 -1 6 4 4 4 2 6 6 2 6 -1 6 40 40 -1 
-1 6 6 6 6 6 1 4 2 2 2 2 2 2 -1 2 -1 40 4 4 
4 -1 -1 6 6 -1 6 2 2 2 2 2 -1 -1 2 -1 2 2 4 4 
32 -1 -1 -1 6 -1 6 6 2 1 2 -1 -1 4 40 2 2 -1 4 4 
-1 32 32 2 6 6 -1 6 2 2 2 2 -1 -1 2 2 2 2 4 4 
4 32 2 2 6 2 6 -1 6 2 2 -1 2 2 4 4 2 2 32 32 
-1 32 32 2 33 2 2 6 2 -1 2 2 -1 4 4 4 4 4 2 4 
32 32 2 32 32 33 -1 -1 6 -1 2 2 2 -1 -1 -1 -1 2 2 4 
2 32 -1 40 40 33 4 33 4 4 6 -1 2 4 2 2 4 2 2 2 
4 4 4 40 -1 4 4 32 4 6 6 6 4 4 4 4 4 4 2 2 
4 -1 40 40 2 4 4 4 8 8 4 4 4 4 -1 4 2 2 2 -1 
-1 4 40 40 40 8 4 8 8 4 4 4 4 -1 4 4 2 2 -1 2 
6 6 41 41 41 -1 8 -1 4 6 4 6 6 4 -1 4 4 2 2 -1 
6 6 8 8 40 41 4 8 4 4 4 4 4 -1 6 6 6 6 2 -1 
1 8 8 41 -1 8 8 6 6 6 4 4 4 4 4 6 4 4 6 6 
1 8 8 -1 -1 8 6 6 4 6 4 4 -1 4 6 4 4 6 4 4 
-1 4 6 4 4 4 5 6 5 6 -1 -1 -1 -1 4 -1 4 4 4 4 
4 4 6 -1 -1 4 6 5 -1 40 6 6 6 -1 4 4 4 -1 4 4 
6 4 6 -1 5 6 6 -1 5 -1 40 4 4 6 4 -1 4 6 6 4 
-1 -1 6 -1 -1 4 6 6 -1 -1 4 -1 -1 4 6 4 -1 6 4 4 
6 -1 -1 -1 -1 -1 6 -1 6 4 4 4 4 4 4 -1 6 4 -1 4 
4 6 -1 -1 -1 -1 40 40 -1 4 4 4 4 4 4 -1 -1 4 4 4 
6 6 6 -1 -1 -1 4 6 40 41 -1 -1 1 4 4 36 36 6 4 6 
6 6 6 6 6 6 36 6 6 -1 4 4 4 1 4 6 6 1 6 6 
4 4 6 6 -1 -1 6 4 1 4 4 4 1 1 1 1 1 6 -1 6 
4 -1 4 4 6 4 4 -1 4 4 4 4 1 4 1 1 1 1 1 -1 
-1 6 6 6 -1 4 2 2 41 4 4 -1 4 -1 6 1 1 1 1 1 
6 6 6 6 -1 4 4 2 41 -1 4 4 4 -1 -1 6 1 1 6 6 
6 6 6 6 6 -1 6 6 6 6 6 6 4 4 2 2 2 6 6 6 
6 1 1 6 6 6 6 -1 36 33 33 6 6 6 4 2 6 6 6 6 
6 1 -1 6 -1 6 4 6 -1 36 6 -1 6 6 4 6 6 6 6 4 
1 4 6 6 6 6 -1 6 6 6 -1 -1 -1 4 4 4 6 6 4 6 
4 6 4 4 4 6 -1 5 6 6 -1 -1 -1 -1 -1 -1 -1 6 4 4 
4 4 1 1 6 5 5 6 6 6 6 6 -1 6 6 6 6 4 4 5 
6 6 -1 1 4 4 -1 6 -1 6 6 6 6 6 6 6 6 -1 5 -1 
6 6 4 4 4 4 5 5 6 1 -1 6 6 6 6 4 6 6 -1 -1 
1 2 2 1 1 1 -1 36 1 1 36 1 36 36 4 4 4 -1 1 1 
2 2 1 1 1 1 -1 36 36 36 4 -1 36 -1 -1 4 6 4 -1 2 
2 1 1 1 36 1 1 36 36 4 36 4 1 1 1 6 1 1 1 2 
2 1 1 1 36 1 36 36 36 36 4 1 1 1 6 1 1 1 2 1 
1 1 1 -1 -1 -1 36 -1 36 36 4 4 -1 1 -1 1 1 2 1 -1 
1 1 1 1 1 1 1 -1 36 4 36 2 1 4 4 4 -1 4 6 -1 
2 1 -1 1 1 -1 -1 1 36 36 4 4 4 4 1 4 6 6 5 1 
2 1 38 2 -1 -1 -1 1 -1 1 -1 4 -1 -1 -1 1 1 -1 6 1 
1 6 2 1 36 -1 4 -1 36 36 -1 6 -1 -1 -1 1 1 1 6 1 
1 2 1 4 4 4 4 36 -1 1 1 1 6 -1 -1 -1 1 6 1 1 
6 1 1 -1 4 4 6 6 -1 -1 1 1 6 6 6 6 2 1 6 6 
1 1 -1 1 1 6 -1 6 6 1 1 1 -1 6 6 6 -1 2 1 6 
1 1 1 -1 -1 6 6 6 6 6 1 -1 6 6 -1 2 2 1 -1 1 
1 1 -1 1 -1 6 6 6 6 6 -1 -1 6 4 -1 2 2 1 1 1 
-1 1 1 1 1 6 6 -1 6 6 -1 6 4 6 -1 1 1 1 1 1 
1 1 1 1 6 6 6 6 6 6 6 6 6 4 6 4 1 -1 -1 1 
1 1 1 1 1 -1 6 1 1 6 6 6 6 6 6 6 1 1 -1 1 
-1 1 1 1 1 1 1 1 6 1 1 36 6 6 6 -1 1 1 1 -1 
-1 -1 1 1 1 1 1 1 1 1 1 36 36 6 -1 6 1 1 1 -1 
-1 1 1 1 1 1 -1 36 1 36 36 1 36 -1 6 -1 -1 4 1 2 
32 -1 4 3 -1 6 6 6 6 6 6 -1 -1 4 6 -1 -1 -1 -1 40 
6 4 4 6 6 -1 6 6 -1 -1 -1 -1 4 -1 -1 -1 6 6 6 40 
40 32 6 6 6 6 6 -1 -1 4 -1 6 4 6 6 -1 -1 6 -1 6 
1 1 6 -1 6 6 -1 -1 1 1 4 6 6 6 6 6 6 6 6 -1 
1 1 2 6 6 6 6 -1 4 6 4 6 6 6 6 6 6 6 -1 1 
6 2 1 6 -1 6 6 6 4 4 4 6 1 -1 7 6 6 -1 6 6 
6 1 6 6 6 6 6 6 6 4 4 6 32 4 4 6 6 6 6 10 
6 6 1 1 1 1 1 6 6 4 6 7 4 32 4 6 4 6 10 6 
6 6 1 1 1 1 1 1 1 6 -1 2 7 4 4 4 -1 6 6 10 
6 6 6 -1 1 1 1 1 1 6 6 7 7 2 -1 1 -1 7 1 6 
6 1 1 1 1 -1 -1 6 1 6 -1 6 6 2 2 6 6 7 6 6 
1 1 1 1 1 1 1 1 6 6 6 6 2 2 -1 2 6 6 6 1 
-1 1 1 1 1 1 1 1 6 6 6 6 2 2 6 6 6 -1 1 1 
-1 1 1 2 1 -1 6 1 4 6 6 6 6 6 6 6 7 7 4 -1 
6 6 1 2 -1 -1 6 6 2 6 6 -1 4 4 6 6 7 7 7 4 
4 1 6 2 2 2 6 2 6 6 -1 6 -1 6 6 6 4 7 7 1 
7 1 -1 6 1 -1 2 6 6 2 6 -1 6 -1 -1 4 4 7 7 1 
1 2 6 -1 1 1 1 6 6 -1 -1 6 -1 5 1 4 -1 7 1 1 
-1 -1 6 6 1 1 6 6 -1 6 -1 -1 5 5 5 1 6 6 -1 -1 
-1 -1 -1 6 1 1 6 6 6 6 6 6 5 4 6 1 6 6 40 32 
-1 -1 7 7 7 -1 -1 7 1 -1 1 6 -1 2 6 6 -1 -1 -1 6 
6 6 -1 -1 7 7 7 1 1 1 1 1 6 6 6 -1 -1 6 6 6 
6 6 -1 -1 7 -1 7 2 1 -1 -1 -1 6 6 6 -1 -1 6 -1 -1 
7 6 7 7 7 6 6 2 2 -1 -1 6 4 -1 6 -1 -1 32 32 6 
6 3 -1 -1 1 6 -1 6 6 6 6 -1 6 6 6 32 32 32 32 -1 
-1 -1 3 -1 -1 -1 6 6 6 -1 6 6 6 -1 7 32 32 32 32 -1 
-1 -1 -1 3 -1 6 6 6 -1 6 4 6 7 6 7 7 3 7 -1 -1 
-1 -1 -1 -1 6 6 -1 6 4 -1 3 3 6 7 -1 -1 3 7 3 -1 
-1 -1 32 6 6 6 6 6 4 4 3 6 3 -1 -1 32 32 3 3 3 
6 3 32 6 6 6 6 6 6 4 3 3 -1 6 6 -1 32 -1 3 3 
6 6 -1 32 6 6 6 6 6 6 3 4 6 6 -1 6 3 32 32 3 
-1 6 6 -1 6 2 -1 4 3 3 3 3 4 3 3 3 3 32 32 32 
-1 -1 3 6 -1 -1 -1 -1 -1 3 4 3 3 3 3 32 -1 32 32 32 
-1 6 3 -1 -1 4 -1 -1 -1 3 -1 3 -1 3 4 -1 4 -1 32 6 
6 1 4 -1 4 4 4 6 -1 6 3 3 -1 -1 6 4 -1 -1 -1 4 
4 4 1 1 6 1 1 6 6 -1 6 6 2 6 6 -1 -1 4 4 4 
-1 -1 -1 1 1 4 6 -1 6 6 6 6 6 4 4 6 -1 4 -1 -1 
6 6 -1 1 1 6 4 6 6 6 6 6 -1 4 4 6 -1 4 6 6 
6 6 6 1 1 -1 7 -1 -1 40 4 1 2 6 1 1 -1 6 6 6 
6 -1 1 6 6 6 -1 7 7 1 1 1 1 2 6 3 32 6 -1 6 
-1 3 -1 5 6 7 7 7 7 7 7 3 -1 -1 -1 3 3 3 -1 -1 
-1 3 3 -1 -1 7 7 7 7 7 7 -1 7 -1 -1 3 3 3 4 -1 
-1 3 3 -1 3 3 7 7 7 7 7 7 -1 -1 -1 7 3 4 4 3 
-1 3 -1 -1 3 3 7 7 7 7 7 7 -1 -1 7 7 -1 3 3 3 
3 -1 3 3 3 3 7 7 7 7 7 -1 -1 7 7 7 7 7 32 -1 
40 3 3 7 7 3 7 3 -1 3 3 3 3 3 7 5 7 40 32 5 
40 7 7 7 7 7 7 -1 7 3 3 3 -1 -1 5 7 -1 3 7 5 
-1 7 -1 7 7 7 -1 7 3 -1 3 3 -1 6 3 3 3 2 5 7 
7 7 7 10 10 10 7 -1 3 3 3 3 6 6 3 3 2 2 7 -1 
7 -1 -1 -1 10 7 7 11 3 -1 3 3 6 6 6 3 3 3 7 -1 
-1 3 -1 -1 7 7 7 -1 10 3 -1 -1 3 3 3 3 7 3 -1 7 
6 3 -1 7 3 -1 10 11 10 2 -1 3 3 3 3 3 3 7 7 3 
7 7 3 3 3 10 -1 10 2 -1 3 3 3 3 3 3 -1 3 3 -1 
-1 7 3 3 3 2 2 2 10 -1 3 -1 3 -1 -1 -1 3 -1 3 3 
3 7 7 7 -1 2 2 10 10 3 3 1 1 1 1 1 1 1 3 3 
3 -1 7 7 7 6 2 10 6 1 1 1 1 1 1 1 -1 1 3 3 
7 7 7 7 7 6 6 7 -1 1 -1 1 1 1 1 1 1 3 3 7 
-1 -1 3 7 6 7 6 7 7 1 1 1 3 1 1 1 -1 1 3 7 
-1 11 7 3 -1 7 7 7 3 -1 3 1 1 1 1 1 -1 -1 -1 3 
-1 11 -1 -1 7 7 7 7 7 3 -1 3 1 -1 -1 -1 -1 -1 3 -1 
7 7 -1 -1 3 1 1 1 3 3 3 3 3 -1 3 7 7 7 3 7 
7 7 3 3 3 1 3 3 3 3 3 3 -1 3 7 -1 7 7 3 7 
7 3 3 3 3 3 3 3 3 3 -1 3 3 3 7 7 -1 3 7 7 
-1 3 1 35 3 35 3 3 -1 3 -1 2 7 7 7 7 7 -1 15 -1 
-1 3 3 -1 3 -1 7 7 3 3 -1 2 3 3 15 15 15 15 3 -1 
7 -1 -1 -1 3 35 -1 7 7 7 7 -1 3 7 7 15 -1 3 3 -1 
7 -1 5 -1 3 3 7 7 7 7 7 7 7 7 7 -1 -1 5 5 7 
7 5 5 5 3 -1 7 7 7 7 7 7 7 7 7 15 -1 5 5 7 
5 7 5 3 5 5 7 7 7 7 3 -1 7 -1 7 7 -1 5 5 7 
5 5 3 -1 -1 5 -1 7 -1 7 7 7 -1 7 7 -1 1 15 -1 5 
1 1 1 -1 3 3 7 7 7 7 7 7 -1 -1 7 -1 7 7 7 5 
3 1 3 3 3 3 3 7 7 7 2 7 7 7 -1 -1 -1 7 -1 3 
-1 3 1 3 3 3 3 3 3 7 -1 11 7 7 7 -1 11 11 3 3 
3 11 11 11 6 5 3 3 3 3 -1 3 11 7 3 11 13 11 11 11 
-1 11 11 11 6 6 5 3 3 -1 6 3 3 -1 3 11 5 5 11 11 
-1 11 -1 7 -1 6 3 -1 3 -1 6 3 3 -1 3 3 -1 11 -1 11 
3 7 7 -1 -1 -1 -1 -1 3 3 3 -1 3 3 3 3 3 3 11 3 
3 3 7 3 3 7 7 3 -1 3 3 3 1 -1 -1 3 -1 3 -1 3 
3 3 3 3 -1 7 -1 3 3 3 3 3 1 -1 3 3 3 7 7 7 
3 3 3 3 -1 7 1 1 3 3 3 3 3 7 3 7 7 7 -1 -1 
-1 3 7 3 1 3 7 7 -1 -1 -1 1 1 -1 1 1 3 1 3 3 
3 3 7 3 -1 -1 7 7 -1 -1 1 7 -1 -1 -1 3 1 3 3 3 
-1 3 1 1 -1 -1 7 -1 -1 1 7 1 -1 -1 1 1 3 2 3 3 
-1 -1 3 3 7 7 7 7 7 7 -1 -1 -1 1 1 3 1 2 3 -1 
3 3 3 7 7 -1 7 7 -1 6 7 -1 -1 3 3 3 -1 3 -1 3 
3 3 -1 3 3 3 3 7 -1 -1 6 -1 3 3 3 6 -1 -1 3 3 
3 -1 3 -1 3 7 7 7 7 -1 6 -1 3 3 6 -1 -1 -1 1 3 
3 3 -1 -1 3 -1 7 -1 7 7 6 7 6 6 -1 -1 3 3 -1 -1 
3 3 -1 3 -1 -1 7 7 1 7 7 7 6 6 6 3 3 3 3 3 
-1 3 3 -1 -1 1 -1 1 7 7 1 5 7 6 3 7 3 3 -1 3 
3 3 -1 -1 1 1 -1 1 1 1 5 1 7 7 7 7 7 7 -1 3 
3 -1 -1 1 1 1 1 1 1 -1 1 7 7 7 7 -1 7 -1 3 3 
-1 -1 1 1 1 7 1 1 -1 1 7 7 -1 -1 3 7 7 3 3 3 
3 1 1 1 11 11 7 1 7 1 1 -1 -1 3 3 3 3 2 -1 3 
1 -1 -1 -1 11 7 7 1 1 1 -1 11 11 3 -1 -1 3 -1 3 -1 
-1 1 -1 1 -1 3 7 7 1 -1 -1 -1 11 3 3 3 1 -1 3 3 
3 1 -1 7 3 -1 3 1 -1 -1 -1 1 3 3 1 1 1 1 -1 -1 
3 -1 -1 7 -1 -1 3 3 7 1 7 1 -1 11 3 3 -1 -1 -1 -1 
7 7 1 7 -1 -1 3 3 7 7 7 1 -1 1 1 3 -1 3 3 3 
3 7 7 1 1 1 3 7 -1 -1 7 -1 1 1 -1 3 3 3 3 3 
3 -1 3 3 1 -1 1 1 -1 -1 -1 1 3 3 -1 3 3 3 3 3 
-1 3 1 1 -1 1 1 1 1 -1 -1 3 3 1 3 3 1 3 3 -1 
3 -1 -1 1 1 -1 1 3 -1 -1 -1 1 1 3 -1 3 3 3 -1 3 
3 3 3 -1 -1 1 7 1 1 3 3 -1 1 1 7 7 3 -1 -1 3 
3 3 3 7 7 7 -1 -1 7 -1 -1 3 -1 -1 3 3 3 -1 -1 -1 
3 -1 -1 7 7 -1 1 7 -1 -1 -1 1 -1 3 3 -1 3 3 -1 -1 
7 1 -1 1 3 1 1 1 -1 -1 -1 -1 1 7 7 7 7 -1 7 7 
1 1 1 -1 3 -1 1 1 7 1 1 1 -1 -1 7 7 7 -1 -1 -1 
-1 -1 1 1 -1 1 1 1 1 -1 1 1 1 7 -1 7 7 7 7 3 
3 3 3 1 -1 1 1 1 1 1 1 1 1 7 7 -1 1 1 -1 7 
3 -1 3 -1 1 1 1 1 1 1 -1 1 -1 7 1 1 7 1 3 3 
-1 -1 -1 -1 1 1 1 1 1 1 -1 -1 -1 1 1 7 7 7 1 1 
1 1 1 1 -1 1 1 1 1 -1 7 7 1 7 -1 -1 -1 7 1 1 
1 3 3 -1 -1 -1 -1 -1 -1 3 1 7 1 7 7 7 7 7 1 1 
1 1 1 -1 -1 3 -1 1 -1 -1 1 1 7 7 7 7 7 7 -1 1 
1 3 1 1 -1 -1 1 1 1 -1 1 1 1 -1 -1 -1 7 -1 -1 1 
3 3 -1 -1 1 1 1 1 -1 1 -1 1 -1 1 -1 -1 -1 -1 1 1 
3 3 1 3 1 1 -1 3 1 1 -1 -1 1 1 1 1 -1 -1 3 -1 
3 3 3 3 3 -1 1 1 1 -1 1 1 1 1 -1 -1 -1 3 3 3 
3 3 3 3 -1 -1 -1 1 -1 -1 -1 1 1 -1 -1 3 -1 3 3 3 
3 -1 -1 -1 1 1 1 1 1 40 1 -1 -1 1 3 3 3 -1 3 3 
1 1 -1 -1 -1 1 1 1 1 1 1 -1 -1 3 3 3 -1 3 3 3 
3 3 -1 -1 1 1 -1 -1 1 1 -1 -1 -1 -1 3 3 3 3 -1 -1 
-1 8 8 -1 1 1 -1 -1 1 1 3 3 -1 -1 3 1 3 -1 -1 -1 
8 8 1 -1 1 1 -1 -1 1 1 -1 3 -1 -1 1 1 11 3 -1 -1 
8 1 1 1 1 1 1 1 1 -1 -1 -1 -1 3 -1 11 3 1 -1 8 
-1 1 1 1 -1 1 -1 1 -1 -1 -1 -1 -1 1 1 1 1 -1 8 1 
1 1 1 8 1 1 1 3 1 1 1 -1 -1 -1 3 1 3 -1 1 1 
1 1 1 1 1 -1 1 3 1 1 1 1 -1 3 1 1 1 1 1 -1 
1 -1 1 1 -1 1 -1 1 -1 11 1 -1 1 3 3 -1 1 1 1 1 
-1 -1 -1 1 11 -1 3 11 -1 11 -1 -1 -1 -1 -1 -1 -1 3 3 -1 
-1 -1 -1 3 -1 11 -1 3 -1 1 1 -1 3 3 3 3 3 3 3 -1 
7 -1 3 -1 -1 11 -1 1 1 1 1 3 3 -1 -1 3 3 3 3 7 
-1 3 -1 -1 1 -1 1 -1 3 -1 1 1 1 3 3 -1 3 7 7 7 
3 3 3 1 1 1 -1 -1 -1 1 -1 3 3 3 3 3 3 3 7 7 
7 3 3 3 1 -1 1 1 1 -1 3 -1 3 1 3 3 -1 3 3 3 
1 7 1 3 -1 1 -1 1 1 -1 -1 1 3 3 1 3 1 3 1 3 
3 -1 1 1 1 1 1 1 1 1 -1 -1 1 -1 -1 1 1 1 3 1 
1 -1 1 -1 1 1 1 1 -1 1 1 1 -1 -1 1 1 1 1 3 -1 
1 1 -1 1 1 1 1 1 1 -1 -1 -1 -1 3 1 1 -1 3 -1 3 
3 -1 1 3 3 40 40 -1 6 -1 9 9 9 1 9 -1 9 -1 3 3 
-1 3 -1 3 3 1 40 40 -1 -1 3 3 9 9 -1 -1 -1 -1 3 -1 
-1 3 3 -1 3 3 40 9 -1 -1 -1 1 1 -1 -1 3 9 9 -1 1 
-1 3 3 3 3 3 1 3 9 -1 2 -1 3 3 -1 3 9 9 9 9 
3 3 40 3 -1 1 3 -1 -1 6 1 -1 3 3 -1 -1 3 -1 -1 40 
-1 43 40 43 43 43 7 40 6 3 3 1 3 -1 3 3 3 40 40 -1 
40 40 40 40 40 40 40 40 7 3 -1 -1 3 3 3 3 3 3 40 40 
-1 -1 40 40 40 40 40 40 40 -1 -1 -1 3 40 6 3 3 -1 -1 -1 
40 40 -1 -1 1 40 40 40 40 40 -1 -1 3 -1 3 3 3 -1 40 40 
40 9 -1 1 1 43 40 40 40 40 3 -1 -1 3 3 -1 9 9 40 40 
40 -1 1 1 43 40 40 40 43 43 43 3 -1 -1 -1 -1 -1 1 -1 -1 
9 -1 -1 1 9 9 43 43 43 -1 3 3 3 -1 -1 -1 1 -1 9 9 
-1 -1 -1 -1 43 3 43 -1 43 3 3 -1 3 9 9 -1 -1 1 9 9 
9 -1 -1 1 -1 43 -1 43 43 3 3 3 3 3 9 9 1 1 9 9 
-1 -1 -1 -1 1 -1 43 -1 43 43 3 3 3 3 -1 1 -1 1 -1 3 
-1 -1 1 -1 -1 -1 3 -1 43 -1 3 -1 3 1 1 1 1 -1 3 -1 
-1 1 1 -1 -1 3 1 3 -1 -1 -1 -1 -1 3 1 -1 1 -1 -1 11 
1 1 1 -1 -1 3 3 3 3 3 -1 -1 -1 -1 -1 1 1 -1 1 3 
1 1 -1 -1 3 3 3 -1 -1 -1 9 -1 -1 -1 1 -1 9 9 9 1 
1 1 -1 3 1 1 -1 6 6 -1 -1 9 9 40 1 -1 9 9 9 -1 
-1 40 40 40 40 40 40 -1 11 -1 11 9 9 3 43 43 -1 40 -1 -1 
3 40 40 40 40 40 -1 11 -1 3 9 -1 40 40 43 43 -1 -1 40 3 
40 -1 40 40 40 40 -1 -1 3 40 40 6 40 40 40 -1 43 3 3 3 
3 -1 40 9 40 -1 -1 3 3 6 6 6 -1 40 40 43 -1 -1 -1 40 
3 -1 40 40 40 40 40 3 2 3 6 6 1 -1 -1 -1 1 -1 -1 3 
9 9 1 -1 9 9 -1 6 2 6 6 -1 9 -1 -1 1 -1 1 1 3 
9 1 9 -1 9 -1 6 2 6 6 -1 -1 8 8 -1 -1 9 9 1 9 
9 1 1 9 2 9 -1 6 6 -1 -1 -1 1 -1 9 9 1 9 9 9 
9 9 9 9 2 -1 -1 -1 -1 -1 -1 9 -1 -1 9 9 9 1 9 9 
6 6 -1 2 -1 9 9 -1 -1 -1 9 -1 9 9 9 -1 -1 9 9 1 
6 2 2 2 2 9 9 9 -1 -1 9 9 9 1 -1 3 3 -1 9 9 
-1 40 40 -1 9 -1 9 9 9 -1 -1 9 5 1 -1 -1 -1 9 9 9 
40 -1 40 40 9 -1 9 9 -1 -1 -1 9 1 5 5 3 3 -1 -1 -1 
-1 40 40 40 -1 9 -1 -1 1 -1 9 -1 9 3 5 -1 -1 -1 -1 -1 
40 -1 9 40 40 8 40 8 1 1 5 9 9 9 2 1 -1 3 -1 40 
40 -1 -1 40 -1 40 8 8 8 5 2 -1 3 2 1 1 3 3 -1 3 
1 1 -1 2 40 8 40 40 40 2 2 3 2 3 -1 2 1 1 3 1 
1 -1 40 40 40 40 40 6 6 6 2 -1 2 -1 1 1 -1 43 43 3 
40 40 40 -1 40 -1 -1 -1 -1 1 -1 -1 -1 2 1 1 43 43 43 43 
40 40 -1 -1 40 -1 -1 -1 -1 11 1 1 3 3 3 -1 -1 -1 40 40 
2 -1 2 2 2 1 1 2 40 40 -1 40 -1 -1 1 8 -1 8 8 -1 
-1 2 -1 40 2 1 6 -1 40 3 8 -1 8 9 9 40 -1 40 8 9 
9 9 6 6 6 6 -1 2 3 3 3 1 8 9 40 9 40 40 40 -1 
40 2 6 6 1 1 40 -1 2 -1 3 8 1 9 9 40 40 9 9 9 
40 40 2 1 1 1 2 2 -1 -1 -1 -1 8 -1 9 9 9 6 -1 2 
40 40 40 6 -1 1 2 -1 -1 -1 -1 -1 -1 9 9 9 2 6 2 40 
40 -1 2 -1 6 6 -1 2 -1 -1 40 9 9 40 40 -1 3 3 6 2 
2 -1 6 2 2 6 6 2 -1 40 1 -1 9 40 40 6 -1 2 2 6 
-1 6 2 6 2 6 6 2 2 40 40 -1 8 8 40 40 -1 2 6 -1 
-1 -1 2 2 2 6 2 2 2 40 -1 -1 8 8 -1 8 8 -1 40 -1 
-1 40 -1 2 6 2 2 2 40 40 3 -1 8 8 8 8 40 40 40 40 
40 40 2 2 2 2 2 -1 2 40 3 8 -1 8 8 8 40 40 40 40 
40 40 2 2 2 6 5 5 2 -1 8 -1 8 8 8 8 40 40 40 1 
40 40 -1 2 2 6 5 5 40 3 3 -1 8 8 40 40 40 40 -1 -1 
2 2 -1 2 40 40 5 -1 5 40 40 -1 8 8 8 8 8 40 40 2 
2 2 2 2 40 40 -1 6 40 5 40 40 40 3 8 8 -1 -1 -1 1 
2 8 8 6 2 40 40 6 40 -1 34 40 40 40 8 8 -1 9 9 4 
4 8 6 -1 2 5 6 40 40 -1 -1 1 1 8 1 -1 8 40 40 40 
-1 4 2 2 -1 6 6 40 40 -1 1 1 1 8 1 9 40 40 40 40 
40 6 6 2 2 8 2 2 -1 40 40 1 1 1 1 40 -1 8 8 8 
6 6 3 -1 2 2 6 3 8 8 -1 -1 -1 -1 2 -1 2 2 4 1 
6 2 6 3 3 3 2 8 8 8 1 1 1 2 1 -1 6 4 2 3 
2 2 6 3 3 3 3 -1 -1 -1 1 6 1 1 4 1 4 -1 4 3 
2 2 2 1 -1 3 3 3 3 1 1 6 4 4 4 4 4 4 3 3 
2 2 1 -1 3 -1 -1 2 -1 8 1 2 6 6 6 4 4 6 6 -1 
-1 2 4 -1 4 3 2 2 -1 8 2 6 6 6 6 2 -1 2 6 6 
2 2 4 4 4 4 4 2 2 2 -1 -1 6 6 6 6 2 2 6 6 
2 2 4 4 -1 4 2 2 2 -1 -1 -1 -1 -1 6 6 2 2 6 2 
8 4 4 4 4 2 2 2 6 3 6 -1 2 6 2 2 6 6 6 8 
8 8 4 6 4 -1 33 2 -1 3 -1 6 -1 6 2 2 6 6 1 8 
40 8 6 6 -1 4 -1 2 2 6 2 2 6 2 -1 -1 2 1 40 40 
40 40 2 6 4 2 2 6 2 6 2 6 2 6 6 2 6 -1 40 40 
40 8 2 6 2 6 2 2 2 -1 -1 6 6 2 -1 6 -1 -1 9 -1 
8 8 2 2 2 6 2 2 8 8 6 2 2 -1 -1 6 41 41 -1 40 
1 2 8 -1 -1 6 6 2 6 8 -1 6 -1 -1 1 41 41 2 40 40 
1 1 -1 -1 8 6 2 -1 2 2 -1 6 6 6 41 6 2 2 2 40 
1 1 1 8 2 8 -1 2 6 6 6 -1 -1 6 6 6 6 6 -1 1 
2 2 1 1 1 -1 -1 2 2 6 2 -1 -1 -1 6 6 2 2 2 -1 
6 2 2 1 2 6 6 6 2 8 8 -1 -1 -1 6 6 6 8 6 2 
1 6 1 2 1 -1 -1 -1 3 6 8 3 -1 2 2 2 2 6 2 1 
6 2 2 2 2 2 6 4 2 6 2 34 -1 2 -1 -1 2 2 2 2 
-1 -1 -1 2 2 6 2 -1 -1 2 2 2 2 2 2 2 2 2 2 2 
-1 -1 2 2 6 2 6 6 -1 -1 6 2 2 2 2 3 2 2 2 2 
2 3 2 -1 2 -1 6 6 6 -1 2 6 2 6 2 3 2 2 2 6 
-1 2 3 2 6 6 6 2 6 6 -1 2 2 2 6 2 -1 2 6 -1 
2 2 2 6 6 2 6 6 2 6 6 2 3 2 6 2 -1 -1 6 6 
2 2 -1 2 2 -1 6 2 2 -1 2 2 6 6 -1 2 6 -1 6 6 
6 2 2 -1 2 2 6 2 2 -1 -1 6 2 6 6 2 -1 -1 2 6 
2 2 2 2 2 -1 2 2 2 6 -1 2 6 6 -1 6 -1 2 6 2 
2 2 2 6 2 2 -1 2 2 2 2 6 6 6 6 -1 6 6 6 6 
-1 2 6 6 2 2 2 -1 2 2 2 2 6 6 6 2 2 6 6 3 
3 2 3 3 2 2 -1 2 2 2 2 2 6 6 2 2 2 6 -1 2 
2 3 3 2 2 -1 -1 -1 -1 2 2 -1 6 2 2 6 -1 -1 6 2 
5 5 3 2 6 -1 -1 -1 -1 2 -1 6 -1 6 2 6 -1 -1 6 6 
-1 5 -1 -1 -1 6 6 -1 6 2 6 6 -1 2 2 2 2 2 6 6 
-1 2 -1 -1 6 4 4 6 2 6 2 2 6 -1 6 2 2 6 6 6 
-1 3 2 -1 -1 6 6 6 6 2 -1 6 6 6 6 2 -1 6 6 6 
2 2 -1 4 6 6 2 4 6 2 2 6 6 34 -1 -1 -1 6 6 6 
-1 2 -1 -1 4 -1 4 2 2 34 2 6 6 -1 6 -1 6 -1 6 -1 
6 2 2 6 6 6 2 -1 34 2 34 34 34 -1 2 6 -1 6 6 2 
6 2 2 6 6 2 -1 6 8 8 2 2 3 -1 2 6 6 -1 2 3 
6 2 -1 -1 -1 6 6 -1 8 8 2 3 2 3 2 6 2 2 2 2 
6 2 2 -1 -1 6 6 2 8 6 8 3 3 3 3 6 6 2 2 2 
2 2 6 2 -1 -1 2 3 3 8 8 8 6 3 3 3 6 6 -1 2 
6 2 6 -1 4 -1 -1 3 3 6 6 6 -1 3 -1 3 3 2 6 6 
2 6 6 6 -1 -1 -1 6 -1 6 6 6 6 -1 6 6 2 2 6 2 
-1 6 6 -1 6 6 6 2 2 -1 6 2 2 6 6 2 2 -1 2 2 
6 3 3 6 2 2 -1 -1 2 2 -1 2 2 -1 6 2 2 3 3 3 
3 3 3 2 6 2 2 2 2 2 -1 2 2 -1 6 2 2 -1 3 3 
3 3 -1 6 6 6 2 -1 2 2 2 2 2 2 6 6 2 2 6 -1 
6 3 6 2 -1 2 2 2 2 2 2 2 2 2 2 2 2 2 6 6 
6 6 -1 -1 2 2 2 2 2 2 2 2 2 -1 6 2 6 2 6 6 
6 6 -1 -1 2 2 2 2 2 2 2 2 2 -1 2 6 6 6 6 6 
6 6 2 2 2 -1 2 2 2 2 2 2 2 2 6 -1 6 6 6 6 
2 2 -1 2 2 6 2 2 2 2 -1 -1 2 2 6 6 6 -1 6 -1 
2 -1 -1 2 2 6 6 -1 2 2 2 2 -1 2 6 6 6 -1 2 6 
2 -1 -1 -1 2 6 6 -1 6 2 2 2 2 2 2 6 -1 2 -1 2 
2 6 6 -1 6 2 1 2 6 -1 -1 2 2 2 -1 2 -1 -1 2 2 
2 -1 2 6 6 2 1 2 2 -1 2 -1 3 -1 2 2 2 2 2 2 
6 2 6 6 6 6 2 2 8 2 2 2 -1 3 2 2 2 -1 2 2 
3 -1 8 3 3 3 3 3 3 3 2 3 3 3 6 2 2 2 2 2 
8 3 3 3 3 -1 3 -1 3 3 -1 3 3 7 3 2 2 1 2 8 
2 -1 3 3 3 3 3 3 -1 3 3 3 3 -1 7 2 2 2 2 2 
2 3 2 -1 3 -1 2 3 2 3 6 2 2 -1 2 6 6 2 2 2 
-1 2 -1 2 2 2 2 3 3 6 -1 6 6 7 2 2 6 2 2 2 
2 -1 2 2 -1 2 2 2 6 6 6 2 2 6 6 2 6 -1 2 2 
2 -1 -1 2 2 2 2 2 6 6 6 -1 2 2 -1 2 2 2 2 2 
2 1 1 1 2 2 2 -1 -1 6 -1 2 3 6 3 -1 2 2 2 2 
1 2 1 1 2 2 2 3 3 6 2 2 3 3 3 3 -1 2 4 -1 
2 1 6 2 2 2 3 2 8 3 33 2 -1 3 6 3 6 -1 -1 -1 
2 1 6 2 2 2 2 3 7 33 33 -1 -1 -1 8 6 -1 6 -1 2 
2 2 2 2 2 2 2 2 2 7 3 3 3 -1 3 -1 2 2 6 2 
2 2 7 2 2 8 -1 33 -1 -1 3 3 32 32 3 3 2 2 2 2 
5 2 2 7 8 9 8 9 33 3 3 -1 32 3 3 3 2 3 2 3 
3 8 7 7 7 -1 9 -1 -1 10 -1 -1 3 3 3 -1 3 2 3 3 
8 3 3 7 -1 -1 -1 -1 -1 10 10 -1 3 -1 3 3 9 9 3 3 
3 3 3 3 3 -1 -1 -1 10 10 -1 3 3 -1 3 3 3 -1 -1 3 
3 -1 4 4 3 -1 -1 -1 -1 -1 10 3 3 3 3 2 -1 2 7 3 
8 4 4 3 3 3 3 3 -1 10 -1 3 2 2 2 2 2 2 -1 -1 
3 3 4 3 3 3 3 3 3 3 3 3 3 -1 2 2 2 2 2 -1 
3 1 -1 -1 -1 -1 1 1 1 1 1 8 1 1 9 1 3 3 -1 3 
3 1 -1 1 1 1 1 1 1 1 -1 2 -1 -1 1 1 8 3 3 3 
3 3 3 3 1 6 1 -1 1 1 1 2 2 -1 3 3 8 8 3 3 
3 3 3 1 1 1 1 6 -1 2 2 1 2 2 -1 3 3 -1 3 3 
9 3 6 1 1 1 1 7 -1 7 2 2 -1 -1 2 -1 3 3 6 6 
9 9 3 6 -1 -1 -1 3 7 3 2 3 3 3 3 2 3 3 6 1 
1 1 1 6 6 -1 3 3 3 3 2 2 3 3 -1 7 3 7 -1 9 
7 5 5 6 5 3 3 3 3 3 2 2 -1 3 3 3 3 -1 7 -1 
7 -1 -1 5 5 -1 3 3 -1 3 -1 3 -1 -1 3 3 3 -1 7 7 
7 -1 5 7 2 7 3 3 3 3 3 3 3 7 7 3 3 -1 7 7 
5 5 7 7 7 2 -1 3 3 3 3 3 7 3 6 -1 2 6 6 5 
5 7 7 7 3 3 2 3 3 3 3 7 3 6 6 6 6 2 5 6 
7 -1 4 4 1 1 1 3 -1 3 3 3 3 6 6 2 -1 -1 6 6 
4 5 4 7 7 1 1 1 1 1 3 3 -1 4 -1 -1 -1 -1 6 6 
-1 4 4 1 -1 -1 1 1 1 -1 -1 -1 4 4 9 8 -1 6 -1 -1 
4 1 1 1 3 3 1 -1 1 -1 -1 -1 4 8 9 -1 3 3 -1 -1 
3 -1 -1 3 -1 -1 1 1 1 -1 1 8 8 8 8 9 3 3 -1 -1 
3 3 -1 -1 -1 1 1 1 1 1 -1 1 9 -1 -1 9 3 3 9 3 
3 3 1 3 3 1 1 1 -1 1 1 8 9 9 9 9 3 2 -1 3 
3 3 -1 1 -1 3 1 1 1 1 8 -1 8 1 9 1 3 2 -1 3 
