# Sat Sep 12 18:25:44 2020
#  1: Update
#  2: Unique Phenotypes (by task done)
#  3: Shannon Diversity of Phenotypes (by task done)
#  4: Unique Phenotypes (by task count)
#  5: Average Phenotype Shannon Diversity (by task count)
#  6: Average Task Diversity (number of different tasks)

0 1 0 1 0 0 
100 1 0 1 0 0 
200 1 0 1 0 0 
300 1 0 1 0 0 
400 1 0 1 0 0 
500 1 0 1 0 0 
600 1 0 1 0 0 
700 1 0 1 0 0 
800 1 0 1 0 0 
900 1 0 1 0 0 
1000 1 0 1 0 0 
1100 1 0 1 0 0 
1200 1 0 1 0 0 
1300 1 0 1 0 0 
1400 1 0 1 0 0 
1500 1 0 1 0 0 
1600 1 0 1 0 0 
1700 1 0 1 0 0 
1800 1 0 1 0 0 
1900 1 0 1 0 0 
2000 1 0 1 0 0 
2100 1 0 1 0 0 
2200 1 0 1 0 0 
2300 1 0 1 0 0 
2400 1 0 1 0 0 
2500 1 0 1 0 0 
2600 1 0 1 0 0 
2700 1 0 1 0 0 
2800 1 0 1 0 0 
2900 1 0 1 0 0 
3000 1 0 1 0 0 
3100 2 0.076146 2 0 0.00930445 
3200 3 0.106016 3 0 0.0139006 
3300 3 0.133392 3 0 0.0185159 
3400 2 0.155225 3 0 0.0224943 
3500 3 0.190268 5 0 0.0291037 
3600 3 0.223638 4 0 0.0357798 
3700 3 0.252422 6 0 0.0419918 
3800 3 0.256349 6 0 0.0430115 
3900 4 0.263372 6 0 0.0442733 
4000 4 0.28491 4 0 0.0490136 
4100 4 0.303303 4 0 0.0532379 
4200 3 0.307598 4 0 0.0544402 
4300 3 0.32612 5 0 0.0593745 
4400 3 0.343688 5 0 0.0639305 
4500 4 0.363942 8 3.74995e-05 0.0688866 
4600 4 0.393506 9 3.77302e-05 0.0766677 
4700 5 0.395239 8 3.79925e-05 0.0772767 
4800 5 0.406571 9 0 0.0805181 
4900 5 0.418107 9 7.77333e-05 0.0836799 
5000 4 0.429092 6 3.93654e-05 0.0873125 
5100 5 0.456542 8 3.97472e-05 0.0955523 
5200 4 0.490691 8 0 0.106356 
5300 4 0.523923 8 0 0.116949 
5400 3 0.537866 6 0 0.121955 
5500 5 0.564545 8 8.26515e-05 0.131168 
5600 5 0.588839 12 0.000167231 0.139847 
5700 5 0.610198 8 0.000510508 0.146686 
5800 5 0.638793 9 0.00034514 0.158506 
5900 5 0.678036 11 0.000261689 0.174459 
6000 7 0.723294 14 0.000265687 0.194483 
6100 6 0.762202 14 0.000268336 0.215072 
6200 7 0.790216 15 0.000364714 0.229952 
6300 7 0.801457 17 0.000453885 0.235696 
6400 7 0.795707 16 0.000327685 0.234435 
6500 7 0.801155 14 0.000567725 0.235984 
6600 6 0.815557 13 0.000671817 0.242142 
6700 6 0.846715 13 0.000827653 0.258617 
6800 7 0.862417 13 0.00121712 0.266147 
6900 7 0.87261 12 0.00128037 0.275881 
7000 7 0.889181 13 0.00149955 0.284065 
7100 7 0.903258 15 0.00212046 0.290099 
7200 7 0.910408 15 0.00162231 0.297693 
7300 8 0.925279 24 0.0017809 0.311199 
7400 8 0.9657 18 0.00270229 0.33126 
7500 7 0.986273 14 0.0034715 0.339287 
7600 8 1.00203 16 0.00373027 0.34519 
7700 8 1.00593 19 0.00357959 0.348233 
7800 8 1.0192 21 0.00327216 0.356246 
7900 8 1.03301 21 0.00322036 0.370035 
8000 8 1.03794 18 0.00310755 0.376309 
8100 9 1.02977 17 0.00325079 0.362383 
8200 7 1.01271 15 0.003386 0.339165 
8300 8 0.998189 16 0.00336186 0.325795 
8400 8 1.00463 17 0.00371153 0.325238 
8500 8 1.00636 16 0.00461882 0.317209 
8600 8 0.991068 15 0.00513732 0.30083 
8700 8 0.970658 12 0.00633378 0.281043 
8800 8 0.96547 10 0.00600804 0.272252 
8900 8 0.947909 18 0.00575724 0.259409 
9000 8 0.956088 20 0.0062659 0.257891 
9100 8 0.965661 18 0.00666108 0.254891 
9200 8 0.967152 14 0.00643975 0.251622 
9300 8 0.965759 15 0.00656686 0.247934 
9400 8 0.94393 15 0.00672553 0.239191 
9500 8 0.931236 19 0.00625367 0.231571 
9600 7 0.916356 18 0.0063211 0.226002 
9700 7 0.898453 13 0.00729629 0.217801 
9800 8 0.894674 14 0.00853929 0.208467 
9900 8 0.903015 18 0.0116583 0.204627 
10000 8 0.930192 14 0.0153653 0.208395 
10100 8 0.949499 18 0.0172311 0.213117 
10200 8 0.971668 20 0.018731 0.217907 
10300 8 0.99138 15 0.0217025 0.224555 
10400 8 1.03056 19 0.0283443 0.239904 
10500 9 1.05221 22 0.0300134 0.250331 
10600 9 1.05638 27 0.0327833 0.255665 
10700 10 1.04898 21 0.0333387 0.253543 
10800 9 1.0429 17 0.0327103 0.252756 
10900 9 0.997382 18 0.0302431 0.240102 
11000 9 0.96361 23 0.0273568 0.231538 
11100 8 0.931862 19 0.0246383 0.220758 
11200 9 0.934724 22 0.0245143 0.220324 
11300 9 0.928846 16 0.0245547 0.217577 
11400 9 0.938593 22 0.0283411 0.223813 
11500 8 0.970229 20 0.0305096 0.237515 
11600 9 0.986353 20 0.0319699 0.241527 
11700 10 1.01359 18 0.0336467 0.249139 
11800 9 1.05024 17 0.0382323 0.261368 
11900 10 1.02836 17 0.0369206 0.249904 
12000 10 1.0089 19 0.0367975 0.240062 
12100 8 0.994895 20 0.0384602 0.234165 
12200 8 0.98223 14 0.0377477 0.225858 
12300 11 0.99542 19 0.0394375 0.228587 
12400 11 1.01192 19 0.0428121 0.23357 
12500 9 1.00648 19 0.0440167 0.231587 
12600 10 1.01838 19 0.0466106 0.236185 
12700 9 1.03044 23 0.0466775 0.237015 
12800 9 1.02491 21 0.0444763 0.227443 
12900 9 1.00642 15 0.0428468 0.217941 
13000 9 1.00492 16 0.0435259 0.215444 
13100 9 1.02863 17 0.0430929 0.21911 
13200 10 1.07316 21 0.0472148 0.23209 
13300 9 1.12583 23 0.0525597 0.247789 
13400 10 1.14242 23 0.0504411 0.250265 
13500 10 1.12029 21 0.0488756 0.243159 
13600 12 1.10202 24 0.0503917 0.239516 
13700 11 1.09608 24 0.0554585 0.242035 
13800 9 1.09974 23 0.0577674 0.247882 
13900 10 1.08461 25 0.0578964 0.248231 
14000 12 1.09044 26 0.0562226 0.250569 
14100 9 1.13977 20 0.0578678 0.266397 
14200 10 1.15522 28 0.0609934 0.274573 
14300 10 1.15414 29 0.0611807 0.275933 
14400 11 1.1398 28 0.0602788 0.272851 
14500 12 1.10072 25 0.0571485 0.262696 
14600 11 1.0775 30 0.0532462 0.253386 
14700 11 1.06377 25 0.0529425 0.249344 
14800 10 1.05582 25 0.0522827 0.24495 
14900 9 1.02117 23 0.0524183 0.23439 
15000 9 0.979803 25 0.0470225 0.21832 
15100 9 0.9229 22 0.0417935 0.200453 
15200 9 0.866586 22 0.0379635 0.183045 
15300 11 0.832939 24 0.0359373 0.170591 
15400 10 0.779971 23 0.031137 0.153165 
15500 10 0.774704 20 0.032044 0.150498 
15600 10 0.771012 19 0.0354901 0.152205 
15700 10 0.795401 22 0.0397074 0.160923 
15800 10 0.823023 22 0.0438115 0.16917 
15900 10 0.850616 17 0.0478469 0.178679 
16000 11 0.883527 19 0.0499752 0.188665 
16100 10 0.884933 21 0.0509664 0.189358 
16200 9 0.930213 16 0.056053 0.20197 
16300 9 0.949859 17 0.0602245 0.208252 
16400 9 0.991691 20 0.0687242 0.224919 
16500 11 1.03445 23 0.0777729 0.241296 
16600 10 1.06129 22 0.0814268 0.248368 
16700 10 1.08413 22 0.0838965 0.254391 
16800 9 1.07603 19 0.081156 0.250201 
16900 9 1.0768 17 0.0781203 0.24761 
17000 9 1.09618 15 0.0768144 0.249315 
17100 10 1.06975 19 0.0712411 0.238615 
17200 11 1.03389 25 0.067242 0.228111 
17300 11 0.980791 24 0.0639526 0.213531 
17400 11 0.950299 21 0.0589713 0.203209 
17500 11 0.938272 22 0.055438 0.197379 
17600 11 0.913238 21 0.0540902 0.19024 
17700 12 0.924012 23 0.0554365 0.192398 
17800 12 0.935709 25 0.0569176 0.19399 
17900 11 0.95546 21 0.0555032 0.194896 
18000 11 0.982718 26 0.05505 0.19856 
18100 10 1.01093 22 0.0577064 0.20572 
18200 11 1.05974 23 0.062948 0.220276 
18300 11 1.09434 24 0.0708291 0.233791 
18400 12 1.11752 21 0.076648 0.243767 
18500 11 1.09176 21 0.0776988 0.240069 
18600 11 1.01217 21 0.0707289 0.21946 
18700 11 0.950367 20 0.0651525 0.203877 
18800 11 0.908617 18 0.0646588 0.19666 
18900 12 0.921781 21 0.0637217 0.200907 
19000 13 0.933985 26 0.0612951 0.204206 
19100 14 0.963923 30 0.0611975 0.213101 
19200 12 0.936224 26 0.0599009 0.206728 
19300 12 0.893995 23 0.0591202 0.196356 
19400 14 0.843017 25 0.0587669 0.184916 
19500 13 0.816623 21 0.0593496 0.180225 
19600 12 0.787601 20 0.0585046 0.173547 
19700 11 0.72464 18 0.0547014 0.157429 
19800 13 0.653649 22 0.0488546 0.137779 
19900 14 0.603751 25 0.0460352 0.126357 
20000 13 0.579181 22 0.0440113 0.120757 
20100 12 0.556877 20 0.0427745 0.117041 
20200 12 0.530493 18 0.0403748 0.111666 
20300 10 0.498016 19 0.036433 0.102345 
20400 11 0.489092 19 0.0332337 0.0971663 
20500 11 0.482641 20 0.0313187 0.0937525 
20600 12 0.478269 21 0.0300369 0.0916254 
20700 11 0.466638 18 0.0313106 0.0908501 
20800 10 0.490521 17 0.0353028 0.0990255 
20900 11 0.485025 18 0.035181 0.0973273 
21000 10 0.49049 18 0.0359313 0.0990825 
21100 12 0.483369 20 0.0339716 0.0961638 
21200 11 0.471473 19 0.030505 0.0907244 
21300 10 0.451179 21 0.0276218 0.084793 
21400 11 0.46982 19 0.0286417 0.0883429 
21500 11 0.47459 19 0.0295887 0.0900593 
21600 11 0.49427 21 0.0331035 0.0956646 
21700 12 0.505073 21 0.0331305 0.0964825 
21800 12 0.503116 20 0.0314287 0.0936892 
21900 11 0.503516 18 0.0323861 0.094312 
22000 12 0.508301 19 0.0322417 0.0944972 
22100 11 0.506405 20 0.0309114 0.0927286 
22200 12 0.494113 24 0.0278971 0.0878952 
22300 13 0.461524 22 0.0260426 0.0816166 
22400 14 0.436031 23 0.02426 0.0764794 
22500 15 0.424656 22 0.023713 0.0749147 
22600 13 0.408246 20 0.0210048 0.0707754 
22700 12 0.373227 20 0.019306 0.0649025 
22800 12 0.334551 20 0.0169141 0.0569938 
22900 10 0.359984 17 0.0209629 0.0645616 
23000 9 0.395673 18 0.0242466 0.0728987 
23100 9 0.404912 18 0.0246593 0.0744252 
23200 10 0.391363 21 0.02306 0.07035 
23300 9 0.379628 16 0.0221197 0.0676481 
23400 11 0.36683 17 0.020915 0.064297 
23500 12 0.340955 19 0.0197474 0.0593331 
23600 11 0.334031 18 0.0208291 0.0594161 
23700 11 0.321797 19 0.0215766 0.0584298 
23800 12 0.322042 22 0.0217456 0.0588582 
23900 13 0.320403 23 0.020613 0.0578325 
24000 13 0.340108 21 0.0205607 0.0609775 
24100 11 0.341001 20 0.0191343 0.0606557 
24200 11 0.3485 20 0.0172955 0.0612554 
24300 10 0.34182 16 0.0162448 0.0603271 
24400 10 0.325454 15 0.0151918 0.0569197 
24500 11 0.323992 17 0.0159778 0.0569791 
24600 12 0.304223 19 0.0156631 0.0533826 
24700 12 0.296718 18 0.0146944 0.051284 
24800 11 0.267609 17 0.0121774 0.0451026 
24900 11 0.266946 17 0.0119449 0.0452842 
25000 11 0.271835 15 0.0114805 0.0457094 
25100 10 0.272953 15 0.0117781 0.0459752 
25200 10 0.260144 17 0.0097211 0.0423227 
25300 11 0.25395 17 0.00916036 0.0408566 
25400 9 0.260454 13 0.00888125 0.0421341 
25500 10 0.278276 16 0.00926981 0.0453041 
25600 10 0.264989 16 0.00874477 0.0428582 
25700 11 0.237075 17 0.00859905 0.0379151 
25800 11 0.210218 18 0.00791871 0.0325544 
25900 9 0.195845 15 0.00885425 0.0310271 
26000 9 0.195863 14 0.00936427 0.0313621 
26100 10 0.195764 15 0.00999366 0.03186 
26200 9 0.191049 13 0.00951409 0.0306758 
26300 10 0.193243 14 0.00874318 0.0297693 
26400 10 0.176622 15 0.00753742 0.0263644 
26500 9 0.153243 13 0.00657045 0.0226991 
26600 10 0.153409 15 0.00737956 0.0238344 
26700 9 0.154539 15 0.00781676 0.0247565 
26800 8 0.148173 13 0.00782552 0.0238378 
26900 9 0.135965 15 0.00694831 0.021536 
27000 9 0.129941 15 0.00599362 0.0199808 
27100 8 0.128512 15 0.00549799 0.0192025 
27200 8 0.10549 12 0.00496844 0.0158145 
27300 8 0.079764 12 0.00385893 0.0116737 
27400 8 0.0606603 12 0.00348546 0.00917966 
27500 7 0.0579253 10 0.00351531 0.00892987 
27600 7 0.0596284 10 0.00364829 0.00924309 
27700 7 0.0656344 10 0.00368341 0.00990207 
27800 9 0.0751334 12 0.00432279 0.0115771 
27900 9 0.0936333 10 0.00481965 0.0140141 
28000 10 0.101581 11 0.00460162 0.0144728 
28100 10 0.120102 11 0.00531475 0.0173143 
28200 9 0.12398 10 0.00509788 0.0175918 
28300 8 0.126291 10 0.00630881 0.0192619 
28400 8 0.129585 9 0.00739424 0.0209234 
28500 8 0.138717 11 0.00845711 0.0232767 
28600 9 0.152984 12 0.00968756 0.0263148 
28700 9 0.160133 12 0.0108618 0.0284473 
28800 8 0.16233 10 0.0112653 0.0293692 
28900 8 0.159081 10 0.0115331 0.029415 
29000 9 0.153117 12 0.0107138 0.0277345 
29100 10 0.161631 12 0.0109103 0.0286212 
29200 8 0.153857 10 0.0095388 0.0261171 
29300 8 0.146435 10 0.00915745 0.0247364 
29400 8 0.150319 13 0.009909 0.0260238 
29500 8 0.131338 13 0.00899637 0.0229536 
29600 8 0.109926 12 0.00743355 0.0187989 
29700 8 0.104099 12 0.00702441 0.0178213 
29800 8 0.0943375 12 0.00615851 0.0156978 
29900 9 0.0953301 13 0.00661994 0.0162516 
30000 9 0.105279 14 0.00741638 0.0181501 
30100 8 0.109155 13 0.00723951 0.0184069 
30200 8 0.110543 13 0.0074271 0.0187675 
30300 9 0.118164 16 0.00841561 0.020715 
30400 8 0.120597 16 0.00875855 0.0213837 
30500 8 0.129501 16 0.0103494 0.0244621 
30600 9 0.138416 19 0.0119676 0.027695 
30700 10 0.188629 21 0.0189357 0.0430225 
30800 10 0.225641 21 0.0240767 0.0548549 
30900 9 0.242427 19 0.0257473 0.0592137 
31000 8 0.215974 16 0.0226222 0.0517584 
31100 8 0.170269 16 0.016675 0.0379943 
31200 8 0.143958 18 0.0128412 0.0297645 
31300 9 0.128284 16 0.0111077 0.0257839 
31400 10 0.126476 18 0.0109068 0.0251197 
31500 9 0.116015 16 0.00925978 0.0218962 
31600 8 0.118812 14 0.0078139 0.0204338 
31700 9 0.125734 16 0.00758769 0.0207619 
31800 9 0.117478 15 0.00710999 0.0193392 
31900 9 0.119315 14 0.00848848 0.0210624 
32000 9 0.129737 16 0.00971715 0.0236293 
32100 9 0.140485 17 0.0107813 0.0262525 
32200 9 0.138869 16 0.00919663 0.0242922 
32300 8 0.152592 15 0.00915629 0.0263148 
32400 8 0.156627 17 0.00887051 0.0267036 
32500 7 0.141662 15 0.00863142 0.0246891 
32600 7 0.121037 13 0.00781215 0.0213174 
32700 9 0.121019 15 0.00706919 0.0202113 
32800 8 0.122296 14 0.00777918 0.0209276 
32900 9 0.121429 16 0.00752695 0.0205474 
33000 8 0.123458 17 0.00788184 0.021214 
33100 9 0.129543 18 0.0077843 0.0220055 
33200 8 0.119156 17 0.00729537 0.0202512 
33300 8 0.104079 15 0.0064155 0.017493 
33400 8 0.0838644 12 0.00526786 0.0139567 
33500 9 0.067763 13 0.00524382 0.0123869 
33600 8 0.0647121 12 0.00539603 0.0120583 
33700 9 0.0637999 12 0.00533456 0.0117741 
33800 9 0.067357 13 0.00567789 0.0124371 
33900 10 0.0810562 14 0.00669511 0.0149389 
34000 10 0.0953637 14 0.00840148 0.0186349 
34100 9 0.101298 13 0.00907178 0.0200895 
34200 10 0.107469 13 0.00965527 0.0214635 
34300 10 0.111135 14 0.00994058 0.0221381 
34400 9 0.111806 13 0.0107452 0.0236364 
34500 10 0.087369 15 0.00800219 0.0177519 
34600 10 0.0694904 16 0.00634437 0.0141004 
34700 10 0.0525032 18 0.00398528 0.00935226 
34800 10 0.0521837 17 0.00412401 0.00944187 
34900 10 0.0525477 14 0.00428331 0.00983213 
35000 8 0.0473126 11 0.00426291 0.00955842 
35100 9 0.0360779 12 0.00355255 0.00757548 
35200 9 0.0329476 12 0.00320585 0.00686973 
35300 8 0.0292847 11 0.00264467 0.00572262 
35400 9 0.0236469 12 0.00200756 0.00431832 
35500 9 0.0227043 12 0.00178943 0.00384309 
35600 8 0.0190179 11 0.00161752 0.00332334 
35700 7 0.0161054 7 0.00150066 0.00299921 
35800 6 0.0132102 6 0.00112089 0.00227651 
35900 7 0.0109976 7 0.000824361 0.0017678 
36000 6 0.0188485 6 0.00191924 0.0038234 
36100 6 0.021113 6 0.00235848 0.00464681 
36200 7 0.0312473 7 0.00350438 0.00706841 
36300 8 0.0450432 9 0.00476601 0.00980004 
36400 9 0.056497 10 0.0058493 0.0122048 
36500 9 0.0606852 10 0.00719348 0.0145962 
36600 8 0.0778682 8 0.0103387 0.0206944 
36700 8 0.0939543 8 0.0134074 0.0265802 
36800 7 0.0965655 8 0.0137466 0.0272281 
36900 8 0.0992951 11 0.0141213 0.028009 
37000 9 0.0949367 11 0.013596 0.0267257 
37100 8 0.082165 10 0.0110157 0.0217867 
37200 7 0.065785 9 0.00844484 0.0167343 
37300 6 0.0526387 7 0.00686459 0.0135629 
37400 6 0.0475366 7 0.0061471 0.012129 
37500 7 0.0380304 8 0.00451929 0.00895664 
37600 7 0.0288164 8 0.00323304 0.00636873 
37700 6 0.0152397 6 0.00159392 0.00310616 
37800 4 0.00964186 4 0.000942316 0.00182269 
37900 4 0.012551 4 0.00132563 0.00255214 
38000 4 0.0151589 4 0.00166627 0.00320863 
38100 6 0.0139679 6 0.00141798 0.00277301 
38200 5 0.0110525 5 0.00105169 0.00207741 
38300 5 0.00974186 7 0.000765446 0.00159785 
38400 2 0.00382868 3 0.000277507 0.000580404 
38500 2 0.00548516 2 0.000435019 0.000870038 
38600 2 0.00589633 2 0.000472041 0.000944081 
38700 3 0.00659376 3 0.00043554 0.00094367 
38800 3 0.00526222 3 0.000363201 0.000762721 
38900 3 0.00355724 4 0.000212255 0.000472762 
39000 2 0.00591438 3 0.000449859 0.000947349 
39100 2 0.00591457 2 0.000434989 0.000947384 
39200 2 0.00509599 2 0.000367639 0.000800699 
39300 2 0.00296878 2 0.000200392 0.000436443 
39400 2 0.00340001 2 0.000233256 0.000508019 
39500 2 0.00340442 2 0.000233595 0.000508758 
39600 2 0.00509583 2 0.000367626 0.00080067 
39700 2 0.00425027 2 0.000299683 0.000652694 
39800 2 0.00340762 2 0.000233842 0.000509295 
39900 2 0.00297091 2 0.000200552 0.000436792 
40000 2 0.00384096 2 0.000267452 0.000582496 
40100 2 0.00822755 2 0.000632458 0.00137746 
40200 2 0.00822074 2 0.000631863 0.00137616 
40300 2 0.00706215 2 0.000531729 0.00115808 
40400 2 0.0146921 2 0.0012278 0.00267409 
40500 2 0.020395 3 0.0017967 0.00390667 
40600 3 0.0224474 3 0.00189155 0.00419196 
40700 3 0.0199389 3 0.00163564 0.00363504 
40800 4 0.0296418 6 0.00223203 0.00522402 
40900 4 0.0401414 5 0.00343919 0.00781761 
41000 4 0.0535899 5 0.00498781 0.0111943 
41100 5 0.0568598 6 0.00546796 0.0121547 
41200 6 0.0554228 7 0.00517616 0.0115792 
41300 5 0.0403341 6 0.00346673 0.00782615 
41400 4 0.0326377 5 0.00272997 0.00616204 
41500 5 0.0295816 7 0.00248624 0.00554178 
41600 4 0.0311849 6 0.00271045 0.00603571 
41700 3 0.0327483 4 0.00284175 0.00636456 
41800 3 0.0328883 4 0.00271518 0.00619195 
41900 5 0.0328246 6 0.00252539 0.00588257 
42000 5 0.0323618 6 0.00251666 0.00583963 
42100 2 0.0208906 2 0.00184444 0.00401709 
42200 3 0.0217975 3 0.00167891 0.0038394 
42300 3 0.0300764 4 0.00256415 0.00572805 
42400 3 0.0342344 4 0.00309219 0.00679626 
42500 4 0.0325343 5 0.0030227 0.00652612 
42600 4 0.0309949 5 0.00283472 0.00615588 
42700 3 0.0316271 5 0.0028825 0.00624452 
42800 3 0.0336999 5 0.00315703 0.00674518 
42900 4 0.0339668 5 0.00323343 0.00687461 
43000 2 0.0276292 3 0.00266271 0.00556471 
43100 3 0.0215419 4 0.00194325 0.00406683 
43200 3 0.0122593 4 0.000981108 0.00208868 
43300 3 0.00927416 4 0.000690297 0.00150095 
43400 4 0.00882635 5 0.000543067 0.00127943 
43500 3 0.00662346 3 0.000401983 0.000948455 
43600 3 0.0035711 3 0.000201241 0.000474816 
43700 3 0.00169729 3 6.69531e-05 0.000182276 
43800 1 0 1 0 0 
43900 1 0 1 0 0 
44000 1 0 1 0 0 
44100 1 0 1 0 0 
44200 1 0 1 0 0 
44300 1 0 1 0 0 
44400 1 0 1 0 0 
44500 1 0 1 0 0 
44600 1 0 1 0 0 
44700 1 0 1 0 0 
44800 1 0 1 0 0 
44900 1 0 1 0 0 
45000 1 0 1 0 0 
45100 1 0 1 0 0 
45200 1 0 1 0 0 
45300 1 0 1 0 0 
45400 1 0 1 0 0 
45500 1 0 1 0 0 
45600 1 0 1 0 0 
45700 1 0 1 0 0 
45800 1 0 1 0 0 
45900 1 0 1 0 0 
46000 1 0 1 0 0 
46100 1 0 1 0 0 
46200 1 0 1 0 0 
46300 1 0 1 0 0 
46400 1 0 1 0 0 
46500 1 0 1 0 0 
46600 1 0 1 0 0 
46700 1 0 1 0 0 
46800 1 0 1 0 0 
46900 1 0 1 0 0 
47000 1 0 1 0 0 
47100 1 0 1 0 0 
47200 1 0 1 0 0 
47300 1 0 1 0 0 
47400 1 0 1 0 0 
47500 1 0 1 0 0 
47600 1 0 1 0 0 
47700 1 0 1 0 0 
47800 1 0 1 0 0 
47900 1 0 1 0 0 
48000 1 0 1 0 0 
48100 1 0 1 0 0 
48200 1 0 1 0 0 
48300 1 0 1 0 0 
48400 1 0 1 0 0 
48500 1 0 1 0 0 
48600 1 0 1 0 0 
48700 1 0 1 0 0 
48800 1 0 1 0 0 
48900 1 0 1 0 0 
49000 1 0 1 0 0 
49100 1 0 1 0 0 
49200 1 0 1 0 0 
49300 1 0 1 0 0 
49400 1 0 1 0 0 
49500 1 0 1 0 0 
49600 1 0 1 0 0 
49700 1 0 1 0 0 
49800 1 0 1 0 0 
49900 1 0 1 0 0 
50000 1 0 1 0 0 
50100 1 0 1 0 0 
50200 1 0 1 0 0 
50300 1 0 1 0 0 
50400 1 0 1 0 0 
50500 1 0 1 0 0 
50600 1 0 1 0 0 
50700 1 0 1 0 0 
50800 1 0 1 0 0 
50900 1 0 1 0 0 
51000 1 0 1 0 0 
51100 1 0 1 0 0 
51200 1 0 1 0 0 
51300 1 0 1 0 0 
51400 1 0 1 0 0 
51500 1 0 1 0 0 
51600 1 0 1 0 0 
51700 1 0 1 0 0 
51800 1 0 1 0 0 
51900 1 0 1 0 0 
52000 1 0 1 0 0 
52100 1 0 1 0 0 
52200 1 0 1 0 0 
52300 1 0 1 0 0 
52400 1 0 1 0 0 
52500 1 0 1 0 0 
52600 1 0 1 0 0 
52700 1 0 1 0 0 
52800 1 0 1 0 0 
52900 1 0 1 0 0 
53000 1 0 1 0 0 
53100 1 0 1 0 0 
53200 1 0 1 0 0 
53300 1 0 1 0 0 
53400 1 0 1 0 0 
53500 1 0 1 0 0 
53600 1 0 1 0 0 
53700 1 0 1 0 0 
53800 1 0 1 0 0 
53900 1 0 1 0 0 
54000 1 0 1 0 0 
54100 1 0 1 0 0 
54200 1 0 1 0 0 
54300 1 0 1 0 0 
54400 1 0 1 0 0 
54500 1 0 1 0 0 
54600 1 0 1 0 0 
54700 1 0 1 0 0 
54800 1 0 1 0 0 
54900 1 0 1 0 0 
55000 1 0 1 0 0 
55100 1 0 1 0 0 
55200 1 0 1 0 0 
55300 1 0 1 0 0 
55400 1 0 1 0 0 
55500 1 0 1 0 0 
55600 1 0 1 0 0 
55700 1 0 1 0 0 
55800 1 0 1 0 0 
55900 1 0 1 0 0 
56000 1 0 1 0 0 
56100 1 0 1 0 0 
56200 1 0 1 0 0 
56300 1 0 1 0 0 
56400 1 0 1 0 0 
56500 1 0 1 0 0 
56600 1 0 1 0 0 
56700 1 0 1 0 0 
56800 1 0 1 0 0 
56900 1 0 1 0 0 
57000 1 0 1 0 0 
57100 1 0 1 0 0 
57200 1 0 1 0 0 
57300 1 0 1 0 0 
57400 1 0 1 0 0 
57500 1 0 1 0 0 
57600 1 0 1 0 0 
57700 1 0 1 0 0 
57800 1 0 1 0 0 
57900 1 0 1 0 0 
58000 1 0 1 0 0 
58100 1 0 1 0 0 
58200 1 0 1 0 0 
58300 1 0 1 0 0 
58400 1 0 1 0 0 
58500 1 0 1 0 0 
58600 1 0 1 0 0 
58700 1 0 1 0 0 
58800 1 0 1 0 0 
58900 1 0 1 0 0 
59000 1 0 1 0 0 
59100 1 0 1 0 0 
59200 1 0 1 0 0 
59300 1 0 1 0 0 
59400 1 0 1 0 0 
59500 1 0 1 0 0 
59600 1 0 1 0 0 
59700 1 0 1 0 0 
59800 1 0 1 0 0 
59900 1 0 1 0 0 
60000 1 0 1 0 0 
60100 1 0 1 0 0 
60200 1 0 1 0 0 
60300 1 0 1 0 0 
60400 1 0 1 0 0 
60500 1 0 1 0 0 
60600 1 0 1 0 0 
60700 1 0 1 0 0 
60800 1 0 1 0 0 
60900 1 0 1 0 0 
61000 1 0 1 0 0 
61100 1 0 1 0 0 
61200 1 0 1 0 0 
61300 1 0 1 0 0 
61400 1 0 1 0 0 
61500 1 0 1 0 0 
61600 1 0 1 0 0 
61700 1 0 1 0 0 
61800 1 0 1 0 0 
61900 1 0 1 0 0 
62000 1 0 1 0 0 
62100 1 0 1 0 0 
62200 1 0 1 0 0 
62300 1 0 1 0 0 
62400 1 0 1 0 0 
62500 1 0 1 0 0 
62600 1 0 1 0 0 
62700 1 0 1 0 0 
62800 1 0 1 0 0 
62900 1 0 1 0 0 
63000 1 0 1 0 0 
63100 1 0 1 0 0 
63200 1 0 1 0 0 
63300 1 0 1 0 0 
63400 1 0 1 0 0 
63500 1 0 1 0 0 
63600 1 0 1 0 0 
63700 1 0 1 0 0 
63800 1 0 1 0 0 
63900 1 0 1 0 0 
64000 1 0 1 0 0 
64100 1 0 1 0 0 
64200 1 0 1 0 0 
64300 1 0 1 0 0 
64400 1 0 1 0 0 
64500 1 0 1 0 0 
64600 1 0 1 0 0 
64700 1 0 1 0 0 
64800 1 0 1 0 0 
64900 1 0 1 0 0 
65000 1 0 1 0 0 
65100 1 0 1 0 0 
65200 1 0 1 0 0 
65300 1 0 1 0 0 
65400 1 0 1 0 0 
65500 1 0 1 0 0 
65600 1 0 1 0 0 
65700 1 0 1 0 0 
65800 1 0 1 0 0 
65900 1 0 1 0 0 
66000 1 0 1 0 0 
66100 1 0 1 0 0 
66200 1 0 1 0 0 
66300 1 0 1 0 0 
66400 1 0 1 0 0 
66500 1 0 1 0 0 
66600 1 0 1 0 0 
66700 1 0 1 0 0 
66800 1 0 1 0 0 
66900 1 0 1 0 0 
67000 1 0 1 0 0 
67100 1 0 1 0 0 
67200 1 0 1 0 0 
67300 1 0 1 0 0 
67400 1 0 1 0 0 
67500 1 0 1 0 0 
67600 1 0 1 0 0 
67700 1 0 1 0 0 
67800 1 0 1 0 0 
67900 1 0 1 0 0 
68000 1 0 1 0 0 
68100 1 0 1 0 0 
68200 1 0 1 0 0 
68300 1 0 1 0 0 
68400 1 0 1 0 0 
68500 1 0 1 0 0 
68600 1 0 1 0 0 
68700 1 0 1 0 0 
68800 1 0 1 0 0 
68900 1 0 1 0 0 
69000 1 0 1 0 0 
69100 1 0 1 0 0 
69200 1 0 1 0 0 
69300 1 0 1 0 0 
69400 1 0 1 0 0 
69500 1 0 1 0 0 
69600 1 0 1 0 0 
69700 1 0 1 0 0 
69800 1 0 1 0 0 
69900 1 0 1 0 0 
70000 1 0 1 0 0 
70100 1 0 1 0 0 
70200 1 0 1 0 0 
70300 1 0 1 0 0 
70400 1 0 1 0 0 
70500 1 0 1 0 0 
70600 1 0 1 0 0 
70700 1 0 1 0 0 
70800 1 0 1 0 0 
70900 1 0 1 0 0 
71000 1 0 1 0 0 
71100 1 0 1 0 0 
71200 1 0 1 0 0 
71300 1 0 1 0 0 
71400 1 0 1 0 0 
71500 1 0 1 0 0 
71600 1 0 1 0 0 
71700 1 0 1 0 0 
71800 1 0 1 0 0 
71900 1 0 1 0 0 
72000 1 0 1 0 0 
72100 1 0 1 0 0 
72200 1 0 1 0 0 
72300 1 0 1 0 0 
72400 1 0 1 0 0 
72500 1 0 1 0 0 
72600 1 0 1 0 0 
72700 1 0 1 0 0 
72800 1 0 1 0 0 
72900 1 0 1 0 0 
73000 1 0 1 0 0 
73100 1 0 1 0 0 
73200 1 0 1 0 0 
73300 1 0 1 0 0 
73400 1 0 1 0 0 
73500 1 0 1 0 0 
73600 1 0 1 0 0 
73700 1 0 1 0 0 
73800 1 0 1 0 0 
73900 1 0 1 0 0 
74000 1 0 1 0 0 
74100 1 0 1 0 0 
74200 1 0 1 0 0 
74300 1 0 1 0 0 
74400 1 0 1 0 0 
74500 1 0 1 0 0 
74600 1 0 1 0 0 
74700 1 0 1 0 0 
74800 1 0 1 0 0 
74900 1 0 1 0 0 
75000 1 0 1 0 0 
