-1 -1 1 1 -1 -1 -1 1 1 -1 -1 2 2 2 3 3 3 1 -1 1 
-1 -1 -1 -1 -1 1 1 1 1 -1 -1 -1 -1 -1 2 -1 -1 1 -1 -1 
-1 -1 -1 -1 1 1 1 -1 1 -1 -1 -1 -1 -1 2 1 1 1 -1 -1 
-1 -1 -1 -1 -1 -1 -1 1 -1 1 -1 -1 -1 -1 1 -1 1 1 1 -1 
-1 -1 -1 -1 -1 -1 -1 1 1 1 -1 -1 -1 -1 -1 -1 -1 1 1 -1 
-1 -1 -1 -1 -1 1 1 -1 -1 -1 -1 -1 -1 -1 -1 -1 1 -1 -1 -1 
-1 -1 -1 -1 -1 1 -1 -1 -1 -1 -1 -1 -1 -1 -1 -1 1 -1 -1 -1 
-1 -1 1 1 1 -1 1 -1 -1 -1 -1 -1 -1 -1 -1 -1 -1 1 1 -1 
-1 -1 -1 1 1 1 1 -1 -1 -1 -1 -1 1 -1 -1 -1 -1 1 1 -1 
-1 -1 -1 -1 -1 1 -1 -1 -1 -1 -1 1 1 1 -1 -1 1 1 1 1 
1 1 -1 -1 -1 -1 1 -1 -1 -1 -1 -1 1 1 -1 1 -1 -1 -1 1 
1 1 -1 -1 -1 -1 -1 1 1 1 1 1 -1 -1 1 1 -1 -1 -1 2 
-1 -1 -1 1 -1 -1 -1 -1 1 -1 1 -1 1 2 -1 -1 1 -1 2 -1 
2 -1 -1 -1 1 -1 -1 1 -1 1 1 1 2 2 -1 -1 -1 -1 -1 2 
-1 -1 4 -1 -1 -1 1 -1 1 -1 1 2 1 2 -1 2 -1 -1 2 -1 
-1 2 -1 -1 -1 -1 -1 -1 1 -1 -1 1 2 1 2 -1 -1 -1 -1 -1 
2 -1 -1 -1 -1 -1 -1 -1 -1 -1 1 1 -1 1 1 -1 -1 -1 2 2 
2 -1 2 -1 1 -1 -1 -1 -1 -1 1 1 1 1 3 -1 -1 3 -1 2 
2 2 -1 1 -1 -1 -1 -1 -1 -1 1 1 3 3 3 3 3 3 -1 2 
-1 -1 2 -1 -1 -1 -1 1 1 2 2 2 2 2 3 3 -1 -1 3 -1 
-1 -1 -1 -1 -1 -1 -1 -1 -1 1 1 -1 -1 -1 -1 -1 -1 -1 -1 -1 
-1 -1 -1 -1 -1 -1 -1 -1 1 -1 1 -1 -1 -1 -1 -1 -1 -1 -1 -1 
1 -1 -1 -1 -1 -1 -1 -1 -1 -1 -1 1 1 -1 -1 -1 -1 -1 8 -1 
-1 -1 -1 -1 -1 -1 -1 -1 -1 -1 1 1 -1 -1 -1 -1 -1 -1 -1 1 
-1 -1 -1 -1 -1 -1 -1 -1 -1 -1 -1 -1 -1 -1 -1 -1 -1 -1 -1 -1 
-1 -1 -1 -1 -1 -1 -1 -1 -1 -1 -1 -1 -1 -1 -1 -1 -1 -1 -1 -1 
-1 -1 -1 -1 -1 -1 -1 -1 -1 -1 -1 -1 -1 -1 -1 -1 -1 -1 -1 -1 
-1 -1 -1 -1 -1 -1 -1 -1 -1 -1 -1 -1 -1 -1 -1 -1 -1 -1 -1 -1 
-1 -1 -1 -1 -1 -1 -1 -1 -1 -1 -1 -1 -1 -1 -1 -1 -1 -1 -1 -1 
-1 -1 -1 -1 -1 -1 -1 -1 -1 -1 -1 -1 -1 -1 -1 -1 -1 -1 -1 -1 
-1 -1 -1 -1 -1 -1 1 -1 -1 -1 -1 -1 -1 -1 -1 1 -1 -1 -1 -1 
-1 -1 1 1 1 1 -1 -1 1 -1 1 1 -1 -1 1 1 -1 -1 -1 -1 
-1 -1 1 1 -1 1 1 1 1 1 -1 1 -1 -1 -1 -1 -1 -1 -1 -1 
-1 -1 1 1 1 1 1 1 1 1 1 -1 -1 -1 -1 -1 -1 -1 -1 -1 
-1 -1 -1 -1 1 -1 1 1 -1 1 1 1 -1 -1 -1 -1 -1 -1 -1 -1 
-1 -1 -1 1 -1 1 -1 -1 -1 1 1 -1 -1 -1 -1 -1 -1 -1 -1 -1 
-1 -1 -1 -1 1 1 -1 -1 -1 -1 -1 -1 -1 -1 -1 -1 -1 -1 -1 -1 
-1 -1 -1 1 1 -1 -1 -1 -1 -1 -1 -1 -1 -1 -1 -1 -1 -1 -1 -1 
-1 -1 -1 -1 -1 -1 -1 -1 -1 -1 -1 -1 -1 -1 -1 -1 -1 -1 -1 -1 
-1 -1 -1 -1 -1 -1 -1 -1 1 1 -1 -1 -1 -1 -1 -1 -1 -1 -1 -1 
1 -1 -1 -1 -1 -1 -1 -1 -1 -1 1 -1 -1 -1 -1 8 1 1 1 1 
1 -1 -1 -1 -1 -1 -1 -1 -1 -1 -1 -1 -1 -1 -1 1 -1 -1 1 1 
1 1 -1 -1 -1 -1 -1 -1 -1 -1 -1 -1 -1 -1 1 -1 -1 -1 -1 -1 
8 8 8 -1 1 -1 -1 -1 -1 -1 -1 -1 -1 -1 1 8 1 1 8 8 
-1 8 -1 -1 1 -1 -1 -1 -1 -1 -1 -1 -1 8 8 8 1 1 -1 8 
-1 -1 -1 -1 -1 -1 -1 -1 -1 -1 -1 -1 -1 -1 -1 10 10 -1 8 8 
-1 1 -1 -1 -1 -1 -1 -1 -1 -1 -1 -1 -1 -1 -1 -1 1 10 -1 -1 
1 1 1 1 1 -1 -1 -1 -1 -1 -1 -1 -1 -1 -1 -1 -1 1 -1 -1 
1 1 1 -1 1 -1 -1 -1 -1 -1 -1 -1 -1 -1 -1 -1 -1 -1 1 -1 
1 1 1 -1 -1 -1 -1 -1 -1 -1 -1 -1 -1 -1 -1 -1 -1 -1 -1 -1 
-1 1 -1 1 1 -1 -1 -1 -1 -1 -1 -1 -1 -1 -1 -1 -1 -1 -1 1 
-1 -1 -1 -1 1 1 1 -1 -1 -1 -1 -1 -1 -1 -1 -1 -1 -1 -1 -1 
-1 1 1 1 8 1 1 8 -1 -1 -1 -1 -1 -1 -1 -1 -1 -1 -1 -1 
-1 -1 1 1 1 1 1 1 -1 -1 -1 -1 -1 -1 -1 -1 -1 -1 -1 -1 
-1 1 -1 -1 -1 1 1 -1 -1 -1 -1 -1 -1 -1 -1 -1 -1 -1 -1 -1 
-1 -1 -1 -1 1 -1 -1 -1 -1 -1 -1 -1 -1 -1 -1 -1 -1 -1 -1 -1 
-1 -1 -1 -1 -1 -1 -1 -1 -1 -1 -1 -1 -1 -1 -1 -1 -1 -1 -1 -1 
-1 -1 -1 -1 -1 -1 -1 -1 -1 -1 -1 -1 -1 -1 -1 -1 -1 -1 -1 -1 
-1 -1 -1 -1 -1 -1 -1 -1 -1 -1 -1 -1 -1 -1 -1 8 8 -1 -1 -1 
-1 -1 -1 -1 -1 -1 -1 -1 -1 1 -1 -1 -1 -1 -1 8 8 -1 -1 -1 
1 1 8 8 8 8 8 -1 -1 8 -1 1 -1 1 1 1 -1 -1 -1 -1 
-1 -1 8 8 8 10 -1 8 8 8 -1 -1 1 1 1 -1 -1 -1 -1 -1 
-1 -1 -1 8 -1 -1 8 -1 8 8 8 8 8 -1 1 -1 -1 -1 -1 -1 
-1 -1 -1 -1 1 -1 -1 -1 8 -1 -1 8 8 -1 -1 -1 1 -1 -1 -1 
-1 -1 -1 1 -1 -1 -1 8 8 -1 8 -1 8 -1 -1 -1 -1 -1 -1 -1 
-1 -1 -1 1 1 -1 -1 -1 8 8 8 8 -1 8 8 -1 -1 -1 -1 -1 
-1 -1 -1 1 -1 -1 -1 -1 -1 8 -1 -1 8 8 -1 1 1 -1 -1 -1 
-1 -1 1 1 1 1 1 -1 8 -1 -1 -1 -1 -1 -1 -1 -1 -1 -1 -1 
-1 1 1 1 -1 -1 -1 1 -1 -1 -1 -1 -1 -1 -1 -1 -1 -1 -1 -1 
-1 1 1 1 -1 -1 -1 1 -1 -1 -1 -1 -1 -1 -1 -1 -1 1 -1 -1 
1 1 1 1 1 1 -1 -1 -1 -1 -1 -1 -1 1 1 -1 -1 1 1 -1 
1 1 1 1 1 1 -1 -1 1 -1 -1 -1 -1 1 -1 1 1 1 1 1 
1 1 1 1 -1 -1 -1 -1 1 -1 -1 -1 1 1 1 1 1 1 1 1 
-1 8 -1 1 1 8 -1 1 1 -1 1 -1 -1 -1 1 1 1 -1 1 -1 
1 8 8 -1 3 3 8 8 1 1 1 1 -1 -1 1 -1 -1 1 -1 -1 
1 8 -1 2 8 2 8 8 8 8 1 1 -1 1 1 -1 -1 1 1 1 
1 8 8 8 2 8 8 8 8 1 -1 1 1 1 1 1 -1 1 1 1 
8 8 8 8 8 8 8 8 -1 -1 1 1 1 1 -1 1 -1 1 -1 8 
8 8 8 8 8 -1 8 8 -1 -1 -1 1 1 1 1 1 -1 -1 -1 -1 
-1 8 8 8 8 8 8 -1 -1 -1 8 1 -1 1 1 1 -1 -1 -1 1 
-1 -1 1 -1 -1 -1 -1 -1 -1 -1 -1 -1 -1 -1 -1 -1 1 1 1 -1 
-1 -1 1 1 -1 -1 -1 -1 -1 -1 -1 -1 -1 -1 -1 1 -1 1 -1 -1 
-1 -1 -1 -1 -1 -1 -1 -1 -1 -1 -1 -1 -1 -1 1 -1 1 -1 -1 -1 
-1 -1 -1 -1 -1 -1 -1 -1 -1 -1 -1 -1 -1 -1 -1 -1 -1 -1 -1 -1 
-1 -1 -1 -1 -1 -1 -1 -1 -1 -1 -1 -1 -1 -1 -1 -1 -1 -1 -1 -1 
-1 1 -1 -1 -1 -1 -1 -1 -1 3 3 -1 3 -1 3 -1 8 -1 8 -1 
-1 8 1 1 -1 -1 1 1 -1 3 3 3 3 3 -1 3 8 8 -1 -1 
-1 8 8 -1 -1 -1 1 -1 -1 -1 3 3 3 3 3 -1 1 -1 -1 -1 
-1 8 -1 -1 -1 -1 1 -1 -1 -1 3 3 -1 -1 3 3 -1 -1 8 8 
8 -1 -1 1 -1 1 -1 1 1 -1 -1 -1 3 3 3 3 3 8 8 8 
8 8 -1 8 1 -1 1 1 -1 -1 -1 3 3 3 3 -1 3 1 -1 8 
8 -1 -1 8 8 1 1 1 -1 -1 -1 -1 3 -1 3 1 1 -1 -1 8 
-1 -1 8 -1 -1 1 1 1 -1 -1 8 8 8 3 1 1 1 1 1 -1 
-1 -1 8 8 -1 1 1 -1 -1 8 8 8 1 1 1 1 8 1 1 -1 
-1 -1 -1 8 8 8 8 -1 -1 8 8 1 -1 8 1 1 8 1 1 -1 
8 8 -1 8 1 1 8 -1 1 1 1 8 8 8 1 8 8 -1 1 8 
8 8 8 -1 1 -1 1 1 -1 1 1 -1 -1 1 1 8 8 1 1 -1 
8 1 1 -1 -1 1 1 1 -1 1 -1 -1 -1 -1 1 -1 -1 -1 -1 -1 
1 1 -1 -1 -1 -1 1 -1 -1 -1 -1 -1 -1 -1 -1 -1 -1 -1 -1 -1 
-1 -1 -1 -1 -1 -1 -1 -1 -1 -1 -1 -1 -1 -1 -1 -1 -1 1 1 3 
3 -1 -1 -1 1 1 1 -1 8 8 -1 -1 8 -1 -1 -1 -1 3 3 3 
-1 -1 -1 -1 1 -1 -1 -1 -1 -1 -1 -1 -1 -1 -1 -1 -1 3 3 3 
-1 3 -1 3 1 1 1 -1 -1 -1 -1 -1 -1 -1 -1 -1 -1 -1 -1 -1 
-1 -1 3 3 1 1 -1 -1 -1 -1 -1 -1 -1 -1 -1 1 1 -1 -1 -1 
-1 3 -1 -1 3 -1 3 -1 -1 -1 -1 -1 -1 -1 -1 1 1 1 1 -1 
1 -1 -1 1 -1 3 1 -1 -1 -1 -1 -1 -1 1 -1 1 1 1 -1 1 
1 1 1 1 1 -1 -1 1 -1 -1 -1 -1 1 -1 1 -1 1 1 1 1 
1 1 -1 -1 1 1 8 8 -1 -1 -1 -1 1 1 1 1 1 1 1 -1 
1 -1 -1 3 3 -1 8 8 -1 -1 -1 -1 1 1 -1 1 -1 -1 -1 1 
-1 -1 -1 1 -1 8 -1 8 8 8 -1 -1 -1 -1 1 1 1 1 -1 -1 
-1 1 1 -1 -1 -1 -1 -1 1 -1 -1 -1 -1 -1 -1 -1 -1 -1 -1 -1 
1 1 1 1 -1 1 1 1 -1 1 -1 -1 -1 -1 -1 -1 -1 1 1 -1 
-1 -1 -1 -1 -1 1 1 1 8 8 -1 8 -1 -1 -1 -1 -1 -1 -1 1 
-1 -1 -1 -1 -1 -1 1 -1 8 8 -1 -1 -1 -1 -1 -1 -1 -1 -1 -1 
-1 -1 -1 -1 -1 8 8 -1 -1 -1 8 -1 -1 -1 -1 -1 -1 -1 -1 -1 
-1 -1 -1 -1 -1 -1 8 8 -1 -1 8 -1 -1 -1 -1 -1 -1 -1 -1 -1 
-1 -1 -1 -1 -1 8 8 8 8 8 8 8 -1 -1 -1 -1 -1 -1 -1 -1 
-1 3 3 -1 -1 -1 8 8 8 -1 8 -1 8 -1 -1 -1 -1 -1 -1 -1 
-1 -1 -1 -1 -1 -1 8 8 8 8 8 8 8 -1 8 -1 -1 -1 -1 -1 
-1 -1 -1 8 8 8 1 8 -1 8 -1 8 8 -1 -1 -1 -1 3 3 3 
-1 -1 -1 1 1 -1 -1 -1 1 -1 1 -1 -1 -1 -1 -1 -1 -1 -1 -1 
-1 -1 -1 1 -1 -1 -1 -1 1 1 1 1 1 -1 -1 -1 -1 -1 -1 -1 
-1 -1 1 1 -1 -1 1 -1 1 1 1 1 1 -1 -1 -1 -1 -1 -1 -1 
-1 1 1 1 1 -1 -1 1 1 1 1 1 -1 -1 -1 -1 -1 -1 -1 -1 
1 -1 1 1 1 1 1 1 1 1 -1 1 1 -1 -1 -1 -1 1 -1 1 
1 1 1 -1 -1 1 1 1 1 1 1 1 1 -1 -1 -1 1 1 1 1 
1 1 1 -1 1 1 1 1 1 1 1 1 1 1 -1 -1 1 1 1 1 
1 1 1 1 -1 1 1 1 1 1 1 1 1 1 1 -1 -1 1 -1 1 
-1 -1 -1 1 -1 -1 1 1 -1 -1 1 -1 -1 1 -1 -1 -1 -1 -1 1 
-1 8 1 -1 -1 1 -1 1 1 -1 -1 -1 1 -1 -1 -1 1 -1 1 -1 
-1 -1 -1 1 1 1 1 1 -1 -1 -1 -1 -1 1 -1 1 -1 1 1 1 
1 -1 -1 1 -1 1 1 -1 -1 1 1 1 -1 -1 -1 -1 1 -1 1 8 
1 1 1 1 -1 1 -1 -1 -1 -1 -1 -1 -1 -1 -1 1 -1 -1 1 8 
-1 1 1 1 1 -1 -1 -1 -1 -1 -1 -1 -1 -1 1 1 -1 -1 -1 -1 
-1 -1 -1 1 1 -1 -1 -1 -1 -1 -1 -1 1 -1 1 -1 1 -1 -1 -1 
-1 -1 1 1 1 1 -1 -1 -1 -1 -1 -1 -1 1 1 1 1 1 -1 -1 
-1 1 -1 -1 -1 -1 -1 -1 -1 -1 -1 -1 -1 -1 1 1 -1 1 -1 -1 
-1 -1 -1 -1 -1 -1 -1 -1 -1 -1 -1 -1 -1 1 1 1 1 -1 1 -1 
-1 -1 -1 -1 -1 -1 -1 -1 -1 -1 -1 -1 -1 1 -1 1 1 -1 1 1 
-1 -1 -1 -1 -1 -1 -1 -1 -1 -1 -1 -1 -1 -1 1 -1 -1 1 1 -1 
1 -1 -1 -1 -1 -1 -1 -1 1 1 1 1 1 -1 -1 -1 -1 1 -1 1 
-1 1 -1 -1 -1 -1 -1 1 1 1 1 1 -1 -1 -1 -1 1 1 1 1 
-1 1 1 -1 -1 -1 -1 1 1 1 1 -1 1 -1 1 -1 -1 -1 1 1 
-1 -1 -1 -1 -1 -1 -1 1 1 1 1 1 -1 1 -1 -1 -1 1 -1 -1 
1 -1 -1 -1 -1 1 -1 -1 1 1 1 1 1 1 1 1 -1 -1 1 1 
-1 -1 -1 -1 -1 1 1 -1 1 1 -1 1 1 -1 1 1 1 1 1 -1 
-1 -1 -1 -1 -1 -1 1 -1 -1 1 1 1 1 1 -1 1 -1 1 1 -1 
-1 -1 -1 -1 -1 -1 -1 1 -1 -1 1 1 -1 -1 -1 1 1 1 -1 -1 
-1 1 -1 -1 -1 -1 1 -1 -1 1 1 -1 -1 -1 -1 1 1 1 -1 -1 
-1 1 1 -1 -1 -1 1 -1 -1 -1 1 -1 -1 -1 -1 1 1 1 -1 1 
-1 -1 -1 1 -1 -1 -1 -1 -1 -1 -1 -1 -1 -1 -1 1 -1 -1 1 -1 
-1 1 -1 1 -1 -1 -1 -1 -1 -1 -1 -1 -1 1 -1 -1 -1 -1 1 -1 
-1 -1 1 -1 -1 -1 -1 -1 -1 -1 -1 -1 -1 1 -1 -1 -1 1 1 1 
-1 -1 -1 1 -1 -1 -1 -1 -1 -1 -1 -1 -1 1 1 -1 -1 -1 -1 -1 
-1 -1 1 -1 1 -1 -1 -1 -1 -1 -1 -1 1 1 -1 -1 -1 -1 -1 -1 
-1 -1 1 -1 -1 -1 -1 -1 -1 -1 -1 -1 1 1 -1 -1 -1 -1 -1 -1 
-1 1 -1 -1 -1 -1 -1 -1 -1 -1 -1 -1 -1 -1 -1 -1 -1 -1 -1 -1 
1 -1 -1 -1 -1 -1 -1 -1 -1 -1 -1 -1 1 -1 -1 -1 -1 -1 -1 -1 
-1 -1 -1 -1 -1 -1 -1 -1 1 -1 -1 -1 1 1 -1 -1 -1 -1 -1 1 
-1 -1 -1 -1 -1 -1 -1 -1 -1 -1 -1 -1 1 1 -1 -1 -1 -1 -1 1 
-1 -1 1 -1 -1 -1 -1 -1 -1 -1 -1 -1 1 -1 1 1 1 -1 1 -1 
-1 -1 -1 -1 -1 -1 -1 -1 -1 -1 -1 -1 -1 1 -1 -1 -1 1 1 1 
-1 -1 -1 -1 -1 -1 1 1 1 -1 -1 -1 -1 1 -1 -1 -1 -1 -1 -1 
2 -1 -1 -1 -1 1 1 1 -1 1 1 -1 -1 1 -1 -1 -1 -1 -1 -1 
-1 1 1 -1 -1 -1 -1 -1 -1 -1 -1 -1 1 -1 -1 -1 -1 -1 -1 2 
2 1 1 1 -1 -1 -1 -1 -1 1 -1 -1 -1 1 -1 -1 1 -1 2 2 
-1 -1 1 1 1 1 -1 1 1 1 -1 -1 1 -1 1 1 1 1 -1 -1 
-1 -1 -1 1 1 1 -1 1 1 1 -1 1 -1 -1 -1 -1 2 1 -1 -1 
-1 -1 -1 -1 -1 1 -1 -1 1 -1 -1 -1 -1 -1 -1 -1 -1 1 -1 -1 
-1 -1 -1 -1 1 -1 -1 -1 -1 1 -1 -1 1 -1 1 -1 -1 -1 -1 -1 
-1 -1 -1 -1 1 1 1 -1 1 1 -1 -1 1 1 1 -1 -1 -1 -1 -1 
-1 -1 -1 -1 -1 1 1 -1 -1 1 -1 1 1 1 -1 -1 -1 -1 -1 -1 
-1 -1 -1 -1 -1 1 1 -1 -1 -1 -1 -1 1 1 1 -1 -1 -1 -1 -1 
-1 -1 1 -1 1 -1 1 -1 -1 -1 -1 1 -1 1 -1 1 -1 -1 -1 -1 
-1 1 -1 1 1 1 -1 -1 -1 -1 -1 -1 1 -1 -1 -1 -1 -1 -1 -1 
-1 1 1 -1 -1 -1 -1 -1 -1 -1 -1 -1 -1 -1 -1 -1 -1 -1 -1 -1 
-1 -1 -1 -1 -1 -1 -1 -1 -1 -1 -1 -1 -1 -1 1 -1 -1 -1 -1 -1 
-1 -1 -1 -1 -1 -1 -1 -1 -1 -1 -1 -1 -1 -1 1 1 1 1 -1 -1 
-1 -1 -1 1 -1 -1 -1 -1 -1 -1 -1 -1 -1 -1 1 1 -1 -1 -1 -1 
-1 -1 1 -1 -1 -1 -1 -1 -1 -1 -1 -1 -1 1 1 1 1 -1 -1 1 
2 2 2 1 1 1 1 1 1 -1 2 3 1 1 1 -1 -1 -1 -1 -1 
2 2 2 2 1 2 1 1 1 -1 -1 2 3 1 1 2 -1 -1 -1 1 
2 2 2 -1 1 2 1 1 -1 1 2 1 1 -1 -1 2 2 -1 -1 2 
-1 2 2 1 1 -1 2 -1 -1 1 1 -1 1 1 -1 -1 -1 -1 -1 -1 
-1 -1 -1 1 1 -1 -1 -1 -1 1 1 -1 1 -1 -1 -1 -1 1 -1 -1 
-1 -1 -1 1 -1 -1 -1 -1 2 -1 -1 -1 -1 -1 1 -1 -1 -1 -1 -1 
-1 -1 -1 -1 1 -1 -1 -1 -1 2 -1 -1 -1 -1 1 -1 1 1 -1 -1 
-1 -1 -1 -1 -1 -1 1 -1 -1 -1 -1 -1 1 -1 -1 1 1 1 1 -1 
-1 -1 -1 -1 -1 -1 -1 1 1 -1 -1 -1 -1 -1 -1 -1 1 -1 -1 -1 
-1 -1 -1 -1 1 -1 -1 1 -1 -1 -1 1 -1 -1 -1 -1 -1 -1 -1 -1 
-1 -1 -1 -1 1 -1 -1 -1 -1 -1 1 1 -1 -1 -1 -1 -1 -1 -1 -1 
-1 -1 -1 -1 -1 -1 -1 -1 -1 -1 -1 1 -1 -1 -1 -1 -1 -1 -1 -1 
-1 -1 -1 -1 -1 -1 -1 -1 -1 1 1 1 -1 -1 -1 -1 -1 -1 -1 -1 
-1 -1 -1 -1 -1 -1 1 -1 -1 -1 1 1 -1 1 -1 -1 -1 -1 -1 -1 
-1 -1 -1 -1 -1 1 1 -1 -1 -1 1 1 1 -1 -1 -1 1 -1 -1 -1 
-1 -1 -1 -1 -1 1 -1 -1 -1 -1 1 1 1 1 -1 -1 -1 1 1 -1 
-1 -1 -1 -1 1 1 1 -1 -1 -1 -1 1 1 1 -1 1 1 1 -1 1 
1 -1 1 1 1 1 1 -1 -1 -1 -1 1 1 1 1 -1 1 -1 -1 -1 
-1 -1 -1 1 -1 1 -1 -1 -1 -1 2 -1 1 -1 -1 1 -1 -1 -1 3 
2 1 1 2 1 1 1 -1 -1 -1 -1 2 1 1 2 1 -1 -1 -1 -1 
-1 -1 -1 -1 2 -1 2 -1 -1 2 2 1 1 1 -1 -1 -1 -1 -1 -1 
1 -1 -1 -1 -1 2 -1 2 -1 2 2 2 2 1 2 -1 -1 -1 1 1 
1 -1 -1 -1 1 1 1 1 2 2 2 2 2 -1 2 2 1 -1 1 1 
1 1 -1 -1 2 1 1 1 1 2 2 2 2 2 2 1 -1 1 1 1 
-1 1 1 1 1 1 1 2 2 -1 -1 -1 2 -1 -1 -1 -1 -1 1 1 
1 1 1 2 1 1 1 1 2 2 2 2 2 2 -1 -1 -1 -1 -1 -1 
1 1 2 -1 1 1 -1 -1 2 2 2 2 2 -1 -1 -1 -1 -1 -1 -1 
-1 1 1 1 1 1 1 1 2 2 -1 1 -1 -1 2 -1 -1 -1 -1 -1 
1 -1 1 1 1 1 1 -1 1 1 1 1 6 2 2 -1 -1 -1 2 1 
1 1 1 1 1 -1 -1 -1 1 -1 1 2 6 6 -1 -1 -1 -1 2 2 
1 1 -1 1 1 -1 -1 -1 1 1 1 2 6 -1 -1 -1 1 1 2 1 
1 1 -1 1 1 1 -1 -1 -1 1 2 -1 6 1 -1 1 1 1 2 1 
1 -1 -1 1 1 1 -1 -1 1 1 -1 -1 -1 -1 -1 1 -1 1 2 1 
-1 -1 -1 -1 -1 -1 -1 -1 2 1 1 1 -1 -1 -1 1 -1 1 2 1 
-1 -1 -1 -1 1 1 1 -1 2 1 1 -1 -1 -1 -1 -1 -1 -1 -1 -1 
-1 -1 -1 -1 1 1 -1 -1 -1 -1 -1 -1 -1 -1 -1 -1 -1 -1 -1 -1 
1 -1 1 -1 -1 -1 -1 -1 -1 -1 -1 -1 -1 -1 -1 -1 1 1 1 -1 
1 1 -1 1 -1 -1 -1 -1 -1 -1 -1 1 1 -1 1 -1 -1 1 1 1 
1 -1 1 -1 1 -1 1 1 -1 -1 1 2 -1 1 -1 -1 -1 1 1 1 
-1 -1 1 -1 -1 1 -1 1 1 1 2 1 2 -1 -1 -1 -1 -1 1 1 
-1 2 -1 1 -1 2 1 -1 -1 -1 -1 -1 2 2 2 2 2 1 1 -1 
2 2 2 1 2 -1 1 -1 -1 -1 -1 -1 -1 -1 -1 -1 2 -1 2 2 
2 -1 1 1 1 -1 1 -1 1 -1 -1 -1 -1 -1 -1 2 -1 2 -1 2 
-1 -1 1 1 1 1 1 1 -1 2 -1 4 -1 -1 -1 -1 -1 -1 -1 2 
1 1 1 1 1 1 -1 -1 -1 2 -1 4 -1 -1 -1 -1 -1 -1 -1 -1 
1 1 1 1 1 1 -1 -1 -1 -1 -1 -1 -1 -1 -1 -1 -1 -1 -1 1 
1 1 1 1 -1 1 1 -1 -1 -1 -1 -1 -1 -1 -1 -1 -1 1 -1 1 
1 1 1 1 1 -1 -1 -1 -1 -1 -1 -1 -1 -1 -1 -1 1 1 1 1 
-1 -1 10 1 1 -1 -1 -1 -1 -1 -1 -1 -1 -1 1 1 -1 -1 1 1 
10 1 1 10 10 1 1 1 -1 -1 -1 -1 -1 -1 -1 1 1 -1 1 1 
10 10 10 10 10 2 2 -1 1 1 -1 -1 -1 -1 -1 -1 -1 -1 1 10 
10 10 10 10 10 1 2 1 2 1 -1 -1 -1 -1 -1 -1 -1 2 1 10 
10 10 10 -1 -1 -1 2 1 -1 -1 -1 -1 -1 -1 -1 -1 2 1 -1 -1 
-1 -1 -1 -1 -1 2 2 1 1 -1 -1 -1 -1 2 2 -1 -1 -1 1 -1 
1 -1 -1 -1 -1 1 -1 1 1 -1 -1 -1 -1 2 2 -1 -1 -1 1 1 
1 1 -1 -1 -1 -1 -1 -1 -1 -1 -1 1 2 -1 2 -1 1 1 1 1 
1 1 1 1 1 -1 -1 -1 -1 -1 -1 1 2 2 2 2 -1 -1 -1 1 
-1 1 2 2 1 -1 -1 -1 -1 -1 -1 1 -1 2 2 -1 -1 1 1 1 
-1 1 2 6 6 2 2 -1 -1 -1 2 2 -1 -1 -1 -1 1 1 1 2 
2 2 1 -1 6 2 -1 -1 -1 -1 -1 -1 2 -1 -1 2 -1 2 1 1 
8 2 2 -1 8 1 2 2 2 1 8 8 8 8 8 8 8 2 -1 -1 
2 1 -1 1 -1 2 2 2 2 2 8 8 8 8 8 8 -1 -1 2 2 
-1 1 1 1 -1 2 2 2 2 8 8 8 8 8 8 8 8 -1 2 2 
8 1 1 1 -1 3 2 2 1 8 8 8 8 8 8 -1 8 8 8 2 
2 2 1 1 1 2 3 1 8 1 1 1 2 8 8 8 2 8 8 8 
-1 2 1 1 1 1 1 2 2 -1 -1 -1 -1 2 -1 8 8 8 8 8 
-1 1 -1 -1 1 2 1 2 2 1 -1 -1 -1 8 8 -1 8 8 8 -1 
1 8 8 1 -1 -1 2 2 -1 1 -1 -1 8 8 8 2 2 8 8 -1 
8 8 -1 -1 -1 -1 -1 1 1 1 2 -1 -1 -1 -1 2 8 -1 -1 -1 
1 8 -1 -1 -1 -1 -1 -1 1 -1 2 2 -1 8 -1 -1 -1 8 -1 8 
8 8 -1 -1 -1 -1 -1 -1 -1 -1 -1 -1 8 8 -1 8 -1 8 8 1 
8 8 8 -1 8 8 8 -1 -1 1 1 8 8 8 8 -1 -1 8 8 8 
8 8 -1 8 8 8 8 -1 1 1 1 1 8 8 8 1 -1 8 1 8 
8 8 -1 -1 8 8 1 8 1 1 8 8 1 8 1 1 8 1 8 8 
-1 -1 -1 8 8 1 1 1 8 8 1 1 -1 8 1 8 8 8 8 8 
8 8 8 8 8 -1 1 1 1 8 1 1 1 8 8 8 8 8 8 -1 
8 8 -1 -1 1 2 1 1 1 1 8 1 1 8 8 8 8 8 8 8 
8 -1 -1 -1 -1 1 1 1 -1 -1 -1 1 8 8 2 -1 8 1 -1 8 
2 2 2 2 2 1 1 1 1 8 -1 8 8 8 8 -1 8 1 10 10 
2 2 -1 -1 1 1 2 1 1 1 8 8 8 8 8 8 8 -1 1 8 
8 8 8 8 -1 10 2 -1 2 10 10 10 2 -1 10 8 1 2 2 -1 
2 8 8 8 8 -1 -1 10 10 10 -1 10 10 8 8 8 8 -1 8 8 
8 2 8 -1 8 8 8 -1 -1 10 10 -1 10 10 10 11 8 8 8 8 
-1 -1 8 -1 8 8 2 2 10 10 3 10 -1 8 10 8 8 8 -1 -1 
8 -1 -1 -1 1 -1 2 -1 10 1 10 8 10 8 -1 8 11 -1 -1 -1 
8 -1 1 -1 -1 1 -1 1 3 10 3 8 10 8 8 1 -1 11 -1 -1 
8 8 1 -1 -1 -1 1 3 3 3 3 -1 8 8 8 8 1 -1 -1 -1 
1 1 -1 -1 2 -1 -1 -1 3 3 3 -1 8 3 1 1 1 1 -1 -1 
1 1 -1 1 -1 2 -1 3 3 3 3 -1 1 8 3 1 1 1 1 -1 
1 1 1 1 -1 -1 -1 -1 3 3 -1 3 -1 -1 1 1 1 1 1 10 
1 1 1 1 1 -1 -1 -1 3 3 -1 -1 -1 1 1 1 1 1 10 10 
-1 1 -1 1 -1 1 2 -1 1 -1 3 3 3 1 3 1 1 1 10 1 
-1 -1 -1 -1 1 8 1 -1 -1 -1 3 3 3 -1 1 3 1 1 1 1 
1 -1 -1 -1 8 8 8 -1 3 -1 3 3 3 2 -1 2 1 1 1 1 
-1 -1 -1 -1 2 8 8 2 8 3 3 -1 8 3 8 1 2 1 1 1 
8 8 8 8 8 -1 2 8 -1 8 -1 8 8 -1 -1 8 1 1 1 1 
-1 -1 -1 -1 2 -1 42 8 42 -1 8 -1 8 8 8 1 1 2 1 2 
2 2 8 -1 2 2 2 42 8 -1 8 2 2 8 8 1 1 1 -1 2 
2 2 8 -1 2 8 2 2 8 -1 -1 8 8 1 8 1 2 2 2 2 
2 2 -1 -1 8 2 2 2 -1 -1 10 2 2 10 1 2 1 -1 2 -1 
3 -1 3 -1 3 10 10 10 10 -1 -1 -1 8 8 42 -1 42 -1 10 3 
-1 3 -1 3 3 10 10 -1 10 10 10 10 1 -1 8 42 11 10 10 11 
-1 10 10 3 -1 10 10 10 10 10 10 10 -1 1 10 11 11 11 11 11 
10 10 10 -1 10 10 10 42 10 10 1 1 -1 -1 10 11 11 3 11 11 
3 10 2 10 10 10 1 42 1 10 1 1 8 -1 8 11 8 3 3 3 
3 3 -1 3 2 2 1 1 3 1 1 8 10 -1 -1 8 8 3 3 10 
3 8 3 -1 -1 -1 1 1 3 10 10 10 -1 -1 -1 10 10 10 -1 10 
2 2 1 1 1 1 1 3 3 10 10 10 10 10 -1 10 10 1 3 3 
10 1 -1 1 -1 8 1 3 1 -1 10 10 10 -1 1 1 10 10 10 3 
10 -1 -1 -1 -1 8 8 8 -1 8 8 -1 -1 1 1 1 10 1 10 10 
10 8 8 -1 8 -1 8 -1 -1 10 -1 -1 -1 1 1 1 -1 -1 -1 10 
10 8 8 1 8 8 8 10 10 10 -1 -1 -1 8 -1 -1 -1 8 10 10 
10 8 1 1 1 -1 8 8 10 10 10 8 -1 10 8 8 8 8 10 10 
10 1 1 1 1 8 8 10 10 10 10 2 2 8 10 -1 -1 -1 -1 10 
-1 -1 1 1 1 8 8 -1 1 10 10 -1 8 -1 -1 -1 -1 -1 -1 1 
-1 -1 -1 1 1 -1 8 8 8 1 10 -1 -1 -1 -1 -1 -1 -1 1 -1 
-1 -1 -1 -1 1 -1 10 8 -1 1 -1 -1 -1 -1 -1 -1 -1 1 1 3 
-1 10 10 -1 10 10 10 -1 8 8 -1 -1 -1 8 3 3 -1 -1 -1 -1 
-1 -1 -1 -1 10 10 10 10 10 -1 -1 -1 -1 8 -1 -1 -1 8 8 -1 
-1 -1 -1 -1 -1 -1 10 10 -1 -1 -1 -1 -1 -1 8 -1 -1 -1 -1 -1 
1 1 1 1 10 -1 -1 10 1 8 8 -1 -1 -1 1 8 8 1 8 1 
1 1 10 3 10 10 1 -1 1 1 10 -1 8 8 8 -1 1 8 -1 1 
1 10 10 10 -1 10 -1 -1 1 1 -1 -1 10 10 8 -1 8 8 1 1 
-1 10 10 -1 10 -1 -1 -1 -1 -1 -1 8 10 10 10 8 -1 -1 8 -1 
-1 10 8 10 -1 -1 -1 -1 -1 -1 -1 10 10 -1 -1 8 -1 8 10 10 
-1 -1 10 8 -1 8 8 -1 -1 -1 -1 -1 10 10 -1 -1 -1 10 8 -1 
-1 10 -1 -1 8 8 8 -1 8 -1 -1 -1 -1 -1 -1 -1 -1 -1 -1 -1 
-1 -1 -1 -1 8 8 -1 -1 8 -1 -1 -1 1 -1 -1 -1 -1 -1 -1 -1 
-1 -1 10 -1 10 -1 -1 8 8 8 8 1 8 1 -1 -1 -1 -1 -1 10 
10 10 10 10 -1 -1 -1 -1 -1 -1 -1 8 10 -1 -1 -1 -1 -1 -1 -1 
10 10 10 10 10 -1 -1 -1 -1 -1 -1 -1 -1 10 -1 -1 -1 1 10 10 
-1 10 -1 10 10 10 -1 -1 -1 -1 -1 10 10 10 10 10 10 1 10 1 
-1 1 10 10 10 -1 -1 1 -1 -1 -1 -1 10 10 10 10 10 1 1 1 
1 -1 1 1 1 10 -1 1 1 -1 -1 -1 -1 10 10 10 -1 1 1 1 
1 1 1 1 1 -1 1 -1 -1 -1 -1 10 10 -1 -1 -1 1 1 -1 1 
1 1 1 1 1 1 1 1 1 10 10 -1 10 10 -1 -1 8 1 1 1 
-1 1 -1 1 1 1 8 1 10 10 10 -1 8 8 -1 8 1 1 1 1 
1 1 1 1 1 1 1 1 10 -1 8 8 8 3 8 1 -1 1 1 1 
1 1 1 1 1 -1 1 -1 -1 10 8 -1 -1 8 8 8 1 1 1 1 
1 1 1 1 1 1 1 -1 10 8 -1 -1 -1 8 8 1 8 1 8 1 
10 10 10 -1 -1 1 -1 -1 -1 -1 -1 -1 -1 -1 10 10 10 -1 -1 -1 
-1 10 -1 -1 -1 10 -1 -1 -1 -1 2 -1 -1 -1 -1 10 10 -1 -1 -1 
-1 -1 -1 -1 -1 10 10 -1 -1 2 -1 -1 -1 -1 -1 -1 10 -1 10 10 
-1 -1 10 10 10 -1 -1 -1 -1 -1 -1 -1 -1 -1 -1 10 -1 2 2 10 
10 -1 -1 -1 10 -1 -1 -1 -1 -1 -1 -1 -1 -1 -1 -1 -1 10 10 -1 
-1 -1 -1 -1 -1 -1 -1 -1 -1 -1 -1 -1 -1 -1 -1 -1 10 11 10 10 
10 10 -1 -1 -1 -1 -1 -1 -1 -1 -1 -1 -1 -1 -1 -1 9 9 10 10 
10 10 -1 -1 8 -1 -1 -1 10 10 10 -1 -1 -1 -1 1 -1 8 8 10 
10 -1 10 8 -1 -1 -1 -1 -1 -1 -1 -1 -1 -1 -1 8 8 8 8 -1 
10 -1 10 8 -1 -1 -1 -1 -1 -1 -1 -1 -1 10 1 1 -1 8 9 8 
8 9 10 -1 -1 -1 -1 -1 -1 -1 -1 -1 -1 1 1 1 -1 8 8 9 
9 -1 -1 -1 8 -1 -1 -1 -1 -1 -1 -1 10 -1 1 -1 -1 10 10 10 
-1 -1 -1 -1 -1 -1 -1 -1 -1 -1 -1 -1 -1 -1 10 -1 10 -1 10 10 
-1 -1 -1 -1 -1 -1 -1 1 1 -1 -1 -1 -1 -1 -1 10 10 -1 10 -1 
-1 -1 -1 -1 -1 -1 -1 1 -1 -1 -1 -1 -1 -1 -1 -1 -1 -1 -1 10 
-1 10 -1 10 -1 -1 -1 -1 -1 -1 -1 -1 -1 -1 -1 -1 -1 -1 10 -1 
-1 10 -1 -1 -1 -1 -1 -1 -1 -1 -1 -1 -1 -1 -1 -1 -1 -1 -1 10 
-1 -1 10 -1 -1 -1 -1 -1 -1 -1 -1 -1 -1 -1 -1 -1 -1 -1 -1 -1 
10 10 -1 1 -1 -1 -1 -1 -1 -1 -1 -1 -1 -1 10 -1 -1 -1 -1 -1 
10 10 10 -1 -1 1 -1 -1 -1 -1 -1 -1 -1 10 -1 10 10 1 -1 -1 
-1 -1 -1 -1 -1 -1 -1 -1 10 -1 -1 -1 -1 -1 -1 1 1 -1 -1 -1 
2 2 -1 -1 -1 -1 -1 10 10 10 -1 -1 -1 -1 1 1 -1 -1 -1 2 
2 2 -1 -1 -1 -1 -1 -1 -1 -1 -1 -1 10 10 10 -1 -1 -1 -1 -1 
-1 -1 -1 -1 -1 -1 -1 10 -1 -1 -1 10 -1 10 -1 -1 -1 -1 -1 -1 
-1 -1 -1 -1 2 -1 -1 -1 -1 -1 -1 -1 10 -1 -1 -1 -1 -1 -1 -1 
-1 -1 -1 1 2 -1 10 10 10 10 -1 -1 -1 -1 -1 -1 -1 -1 -1 -1 
-1 1 1 1 1 -1 3 3 10 -1 -1 3 -1 -1 -1 -1 -1 -1 -1 -1 
1 -1 -1 1 -1 -1 8 3 10 10 1 3 3 1 3 -1 -1 -1 -1 -1 
1 -1 1 -1 -1 -1 10 8 10 -1 -1 3 3 1 3 -1 -1 1 -1 -1 
1 -1 -1 -1 -1 -1 10 -1 8 -1 -1 -1 -1 -1 -1 -1 -1 1 1 -1 
1 10 1 1 -1 -1 -1 -1 -1 1 -1 -1 -1 -1 -1 -1 -1 -1 1 1 
1 1 1 -1 -1 -1 -1 -1 1 -1 -1 -1 -1 10 10 -1 -1 -1 1 1 
10 1 1 1 -1 -1 -1 -1 1 -1 -1 10 10 10 -1 -1 -1 1 1 1 
1 1 1 -1 1 -1 -1 -1 -1 -1 10 10 10 10 10 10 1 10 1 1 
1 1 1 1 -1 1 10 -1 -1 -1 -1 10 10 10 -1 -1 1 10 10 10 
1 -1 1 1 1 -1 10 10 -1 -1 10 -1 10 10 -1 -1 -1 -1 10 1 
1 -1 1 1 1 1 -1 -1 -1 -1 -1 -1 10 -1 -1 -1 -1 -1 -1 1 
-1 1 -1 1 1 -1 -1 -1 -1 -1 -1 -1 -1 -1 -1 -1 -1 -1 -1 1 
-1 -1 -1 -1 -1 -1 -1 -1 1 -1 -1 -1 -1 -1 -1 -1 10 -1 -1 -1 
-1 -1 -1 -1 -1 -1 -1 -1 10 -1 -1 -1 -1 -1 -1 10 -1 -1 -1 -1 
-1 -1 -1 8 8 -1 -1 10 -1 -1 -1 -1 2 -1 -1 4 -1 -1 -1 -1 
-1 -1 8 8 -1 -1 10 -1 -1 -1 -1 2 -1 -1 -1 -1 4 -1 4 4 
-1 -1 8 -1 -1 -1 -1 10 10 -1 -1 -1 -1 -1 -1 4 4 4 10 4 
-1 -1 -1 -1 -1 -1 -1 -1 -1 -1 -1 -1 -1 -1 -1 -1 -1 10 10 10 
-1 -1 -1 -1 -1 1 1 -1 10 -1 -1 -1 -1 -1 -1 -1 -1 -1 -1 -1 
-1 -1 -1 -1 -1 -1 -1 10 10 10 -1 -1 -1 -1 4 -1 -1 -1 1 1 
-1 -1 -1 -1 -1 1 10 10 -1 4 4 -1 4 4 -1 -1 -1 -1 1 1 
-1 -1 -1 -1 1 -1 -1 -1 -1 4 4 4 -1 4 -1 -1 -1 -1 -1 -1 
-1 -1 -1 -1 -1 -1 -1 -1 -1 4 4 4 4 -1 -1 -1 -1 -1 -1 -1 
1 -1 -1 -1 -1 -1 -1 -1 -1 4 4 4 4 -1 -1 -1 -1 -1 -1 1 
1 1 -1 -1 -1 -1 -1 4 4 4 4 4 -1 4 -1 4 -1 10 1 1 
1 1 -1 -1 -1 -1 4 4 4 4 4 -1 -1 4 2 10 10 10 1 1 
1 -1 -1 -1 -1 -1 -1 4 4 4 4 4 4 4 4 2 -1 1 1 1 
-1 -1 -1 -1 -1 -1 4 4 4 4 -1 -1 -1 -1 10 10 1 1 1 4 
4 4 -1 -1 2 -1 4 4 4 4 -1 -1 -1 -1 1 -1 1 1 4 -1 
4 -1 2 2 2 -1 -1 -1 -1 -1 -1 -1 -1 -1 -1 1 1 1 -1 -1 
-1 -1 -1 -1 2 -1 -1 4 4 -1 -1 -1 -1 -1 1 1 1 -1 4 -1 
-1 -1 -1 -1 -1 -1 -1 4 -1 -1 -1 -1 -1 -1 1 1 1 1 4 4 
-1 -1 8 8 1 -1 -1 10 10 -1 -1 -1 -1 -1 1 -1 -1 4 4 -1 
-1 -1 8 -1 8 -1 10 10 -1 2 2 -1 -1 -1 -1 -1 -1 -1 -1 -1 
4 -1 -1 1 4 1 1 4 4 4 1 1 -1 -1 -1 4 4 4 -1 4 
4 4 4 4 1 1 1 -1 -1 1 1 -1 -1 -1 4 4 2 -1 4 -1 
4 4 4 4 1 1 1 1 1 1 -1 -1 -1 4 -1 2 2 2 -1 4 
6 -1 4 -1 -1 -1 -1 -1 1 1 -1 -1 -1 -1 -1 2 -1 2 -1 -1 
-1 6 -1 -1 -1 -1 -1 1 -1 1 -1 -1 -1 -1 -1 -1 2 -1 -1 4 
4 -1 -1 -1 -1 -1 -1 1 1 -1 -1 -1 -1 -1 -1 -1 -1 -1 1 -1 
1 -1 -1 -1 -1 1 1 -1 -1 1 1 -1 -1 -1 -1 -1 1 1 -1 -1 
1 1 -1 -1 1 -1 -1 -1 -1 -1 4 -1 -1 -1 -1 -1 -1 2 10 1 
-1 -1 1 -1 4 -1 -1 -1 -1 4 4 4 2 -1 -1 -1 2 2 10 1 
1 1 -1 1 -1 4 4 4 4 4 4 4 2 2 2 2 2 1 10 1 
1 1 1 2 -1 4 4 4 4 4 4 4 2 2 2 2 1 1 1 -1 
1 1 -1 2 -1 4 4 4 4 4 4 -1 2 2 2 2 2 1 1 1 
1 8 3 3 8 4 4 4 4 4 4 10 -1 2 2 2 2 1 -1 1 
8 8 8 8 8 4 8 4 4 4 10 -1 10 2 2 -1 1 1 -1 -1 
-1 8 8 8 4 -1 8 8 4 -1 4 4 -1 2 2 -1 -1 3 3 -1 
32 -1 -1 -1 -1 8 8 8 4 4 4 4 4 1 1 -1 2 2 3 3 
32 -1 -1 -1 -1 8 8 -1 4 4 4 -1 1 1 -1 -1 -1 2 4 32 
-1 -1 -1 4 1 4 -1 4 4 4 -1 4 4 -1 4 -1 -1 4 4 4 
4 4 4 -1 1 1 4 -1 4 4 4 4 -1 4 -1 4 4 4 4 -1 
4 4 -1 1 1 4 2 2 4 4 4 1 4 -1 4 -1 4 4 4 4 
9 2 2 2 -1 2 2 2 2 -1 -1 -1 -1 -1 2 -1 -1 1 -1 -1 
-1 -1 2 2 4 2 4 2 2 2 2 -1 -1 -1 4 2 -1 -1 -1 -1 
-1 2 2 -1 2 4 -1 2 2 2 -1 -1 -1 4 4 -1 -1 -1 -1 -1 
-1 2 -1 -1 -1 -1 -1 2 -1 2 -1 2 -1 4 -1 -1 -1 -1 -1 -1 
-1 -1 2 -1 2 -1 -1 2 2 -1 -1 4 -1 -1 -1 -1 -1 -1 -1 -1 
-1 -1 32 2 2 -1 -1 4 -1 4 4 4 -1 -1 -1 4 4 -1 -1 -1 
-1 -1 -1 -1 -1 -1 4 4 4 -1 4 4 4 -1 4 -1 4 -1 -1 -1 
1 -1 -1 -1 -1 -1 -1 -1 4 -1 4 4 4 4 4 -1 -1 -1 1 1 
1 -1 1 -1 -1 -1 -1 4 4 4 4 -1 4 4 1 1 1 1 -1 1 
1 1 1 1 -1 -1 4 4 4 4 4 4 -1 4 4 4 1 -1 1 1 
1 1 1 -1 -1 -1 2 4 4 4 4 4 4 -1 -1 1 -1 1 1 1 
1 -1 -1 1 -1 2 4 4 4 4 4 4 4 4 4 1 1 -1 -1 1 
-1 -1 -1 -1 4 8 4 -1 -1 -1 4 4 4 -1 1 1 1 1 -1 -1 
-1 -1 -1 -1 -1 3 3 3 1 4 -1 4 4 1 1 -1 1 -1 -1 -1 
-1 -1 -1 2 -1 -1 3 3 -1 1 -1 4 1 1 1 1 1 1 -1 -1 
-1 -1 -1 2 -1 -1 -1 3 4 -1 1 4 -1 -1 1 1 1 -1 -1 -1 
-1 -1 1 2 -1 -1 -1 4 -1 -1 1 -1 -1 -1 1 1 -1 2 2 -1 
-1 1 -1 -1 2 -1 -1 4 -1 -1 -1 4 -1 -1 -1 -1 2 2 -1 -1 
1 2 2 2 2 2 2 2 2 -1 -1 -1 -1 -1 -1 -1 2 2 1 1 
2 2 2 2 2 2 -1 2 2 2 -1 -1 -1 -1 -1 -1 -1 1 -1 9 
8 2 -1 2 2 2 2 2 2 -1 -1 -1 1 4 4 -1 4 4 4 4 
4 -1 2 -1 2 2 2 2 -1 -1 -1 1 1 -1 4 4 4 4 -1 8 
-1 -1 -1 -1 2 2 2 -1 -1 -1 1 1 1 4 4 4 -1 -1 -1 4 
-1 -1 -1 -1 2 2 4 2 -1 -1 -1 1 1 4 -1 -1 4 -1 -1 -1 
-1 -1 -1 -1 -1 -1 2 4 1 1 1 1 -1 -1 -1 -1 -1 2 -1 -1 
-1 -1 -1 -1 -1 2 -1 1 1 -1 -1 -1 -1 -1 -1 -1 2 2 -1 -1 
-1 -1 -1 -1 -1 -1 1 1 1 -1 -1 -1 -1 -1 -1 2 4 -1 -1 -1 
-1 -1 -1 -1 -1 -1 -1 -1 -1 -1 -1 -1 2 -1 2 -1 4 -1 -1 -1 
2 -1 -1 4 4 -1 -1 -1 -1 -1 -1 -1 -1 -1 -1 2 -1 4 2 2 
-1 2 2 4 1 -1 -1 -1 -1 -1 -1 -1 -1 -1 -1 -1 2 2 2 2 
4 4 4 -1 1 -1 -1 -1 -1 -1 -1 -1 -1 -1 -1 -1 -1 -1 2 2 
4 4 4 4 1 1 -1 -1 -1 -1 -1 -1 -1 -1 -1 -1 -1 2 2 2 
4 4 4 4 -1 -1 1 1 -1 -1 -1 -1 -1 -1 -1 -1 -1 2 2 -1 
6 4 4 4 -1 -1 1 8 1 -1 -1 -1 -1 -1 2 2 -1 2 1 4 
6 6 6 -1 4 1 8 8 1 8 -1 -1 -1 4 4 -1 -1 2 1 1 
6 6 4 4 -1 1 -1 8 1 8 -1 -1 -1 -1 4 -1 -1 4 1 4 
6 6 4 -1 -1 -1 8 -1 -1 8 -1 -1 -1 -1 -1 4 4 1 1 1 
1 6 6 1 1 -1 8 -1 -1 -1 -1 -1 -1 2 2 4 4 1 1 1 
4 6 -1 1 1 1 -1 8 -1 -1 -1 -1 -1 4 4 -1 4 -1 1 4 
4 -1 2 -1 -1 -1 -1 2 2 -1 -1 -1 -1 2 4 4 4 4 4 4 
1 1 1 -1 -1 4 4 4 4 4 1 1 -1 -1 1 1 1 -1 4 4 
-1 1 1 1 4 4 4 1 4 1 1 1 1 1 1 1 1 4 4 -1 
-1 -1 4 4 4 -1 -1 -1 1 4 4 -1 1 1 1 1 1 4 8 -1 
6 -1 6 6 -1 -1 -1 4 4 4 1 4 -1 -1 4 4 -1 6 8 -1 
6 6 1 1 1 -1 -1 4 4 4 -1 -1 2 2 4 4 4 4 6 -1 
6 1 1 1 1 1 1 1 -1 4 -1 -1 4 4 4 4 4 4 1 6 
6 6 -1 -1 1 1 -1 -1 -1 -1 -1 -1 4 -1 1 4 4 4 4 4 
4 6 -1 -1 1 -1 -1 -1 -1 6 1 1 6 4 1 1 1 4 4 6 
4 -1 6 -1 -1 -1 -1 -1 -1 -1 1 6 6 6 4 1 4 4 4 -1 
4 -1 -1 -1 -1 -1 -1 1 1 -1 -1 6 1 4 -1 -1 4 4 -1 4 
-1 -1 8 -1 -1 -1 -1 -1 1 -1 -1 -1 4 6 6 4 1 -1 1 -1 
8 8 -1 8 1 -1 -1 -1 -1 -1 -1 -1 4 -1 4 1 1 1 1 -1 
2 8 2 2 -1 -1 -1 -1 -1 -1 -1 4 -1 -1 -1 -1 1 1 -1 8 
-1 2 8 2 -1 -1 -1 -1 -1 -1 -1 -1 -1 -1 -1 -1 -1 1 1 2 
1 2 2 2 -1 -1 -1 -1 -1 -1 -1 -1 -1 -1 -1 -1 1 1 -1 1 
2 2 2 2 2 -1 -1 -1 -1 -1 -1 -1 1 1 -1 -1 1 1 1 1 
1 -1 -1 2 4 -1 4 -1 4 -1 -1 -1 2 -1 1 1 1 1 -1 1 
-1 1 1 4 2 4 4 4 4 -1 4 -1 2 2 2 1 1 2 -1 2 
-1 1 1 1 4 4 4 4 4 4 4 4 -1 2 -1 2 1 1 2 1 
1 1 1 1 -1 4 4 4 4 4 4 4 -1 -1 -1 -1 6 6 -1 4 
1 5 5 4 1 1 4 1 1 4 4 4 6 6 4 4 8 8 4 1 
1 4 1 1 1 5 1 1 1 4 4 4 -1 4 6 4 4 8 4 1 
1 1 -1 1 1 -1 5 1 1 1 4 4 4 4 4 4 4 1 -1 1 
1 -1 -1 4 1 -1 5 1 1 4 -1 1 -1 4 4 4 4 4 4 1 
1 4 1 1 -1 4 -1 1 1 1 1 -1 1 1 4 4 -1 4 4 4 
4 4 1 1 4 8 4 8 1 1 1 2 2 -1 -1 8 4 4 4 4 
6 6 8 -1 8 8 6 8 -1 8 2 2 2 2 2 6 8 1 -1 6 
1 1 8 8 8 6 -1 6 -1 -1 1 2 -1 6 6 4 1 4 1 1 
6 1 1 1 -1 -1 -1 -1 -1 -1 -1 6 6 -1 4 5 4 1 4 1 
4 1 1 4 4 4 -1 4 -1 -1 -1 -1 -1 4 4 -1 1 4 1 4 
1 1 -1 1 4 4 4 4 -1 -1 -1 4 4 4 -1 -1 1 1 4 4 
4 5 4 6 6 6 4 4 -1 -1 -1 4 4 4 -1 1 4 4 1 4 
4 4 5 5 6 -1 -1 -1 4 4 -1 6 4 4 4 -1 4 4 4 4 
6 4 4 4 -1 4 4 4 -1 -1 4 4 6 4 4 4 4 4 -1 6 
4 4 4 4 2 4 4 4 4 4 4 4 -1 -1 4 4 4 4 6 6 
6 4 6 2 4 4 -1 4 4 4 4 1 1 1 4 4 4 4 4 4 
4 4 4 4 1 4 1 4 4 -1 4 4 1 4 4 4 4 4 4 4 
4 1 4 4 1 1 1 1 4 -1 4 4 -1 4 4 4 4 4 1 4 
4 1 1 4 1 1 1 -1 -1 6 -1 4 -1 4 4 4 8 -1 4 1 
1 1 1 4 1 1 -1 4 1 4 4 4 6 6 4 4 8 8 8 4 
4 4 4 4 4 40 40 6 6 4 4 4 4 4 6 1 -1 4 4 5 
5 6 4 4 -1 4 4 6 6 4 4 6 6 6 1 4 4 4 4 4 
5 6 4 -1 -1 4 4 4 4 4 4 -1 6 1 1 4 1 4 6 4 
4 4 4 -1 -1 6 4 4 -1 4 4 4 -1 4 4 1 1 1 1 1 
1 4 4 -1 -1 -1 -1 -1 -1 4 4 4 4 4 1 4 1 1 1 1 
-1 4 4 5 -1 -1 4 4 4 4 4 4 4 1 1 1 1 4 4 -1 
6 -1 6 -1 1 -1 -1 4 4 4 4 4 1 4 1 1 1 6 -1 -1 
6 -1 6 1 1 -1 -1 4 4 4 4 4 -1 4 1 -1 1 4 6 4 
6 6 6 1 1 -1 5 4 -1 4 4 32 4 -1 1 6 6 6 4 6 
4 1 6 1 6 6 -1 -1 3 4 3 32 4 5 6 5 6 4 4 6 
1 6 6 4 6 6 -1 3 4 3 6 4 4 6 5 4 4 -1 -1 1 
6 6 -1 4 4 4 6 4 4 4 6 5 4 4 5 4 4 4 6 6 
6 4 4 1 4 5 4 4 -1 4 4 -1 4 4 4 4 4 4 -1 -1 
-1 6 4 1 6 6 4 4 6 4 4 4 1 4 4 -1 4 -1 -1 -1 
-1 -1 4 6 6 6 4 4 6 4 4 4 4 4 4 4 4 -1 -1 1 
6 4 4 4 6 6 5 4 4 4 -1 -1 4 4 1 1 4 4 -1 4 
1 6 4 6 4 5 4 4 1 4 4 4 4 4 4 1 -1 4 4 -1 
-1 -1 6 4 6 -1 4 4 4 4 4 -1 4 4 4 1 1 4 1 1 
-1 -1 4 4 4 6 4 6 4 -1 4 4 4 4 4 4 1 1 4 1 
1 -1 4 4 40 40 40 6 4 4 4 -1 4 4 4 4 4 4 1 1 
4 4 6 4 4 4 4 4 4 4 4 4 4 4 4 5 5 5 12 12 
4 4 6 4 4 4 -1 -1 12 4 4 4 -1 4 4 4 5 5 5 4 
4 4 4 4 4 4 4 4 4 4 4 4 4 4 4 4 4 4 4 4 
-1 4 4 4 5 5 4 4 4 4 4 4 4 4 4 32 4 4 4 4 
4 4 4 -1 5 5 4 4 4 4 4 4 4 4 4 4 32 4 4 -1 
4 4 4 4 4 4 4 -1 4 4 4 4 4 4 4 6 6 32 32 32 
4 6 4 4 4 4 4 4 4 4 4 4 4 4 5 4 6 32 32 4 
6 6 4 4 4 4 4 4 4 4 4 4 4 4 4 4 3 4 6 6 
-1 4 6 4 6 6 6 4 4 4 4 4 4 4 4 4 4 4 4 4 
4 6 4 6 4 6 -1 4 4 4 6 4 4 4 4 4 4 -1 4 4 
4 4 -1 4 4 6 4 4 4 4 4 4 4 4 4 4 4 4 4 4 
4 -1 6 4 6 6 6 4 4 4 4 4 4 4 4 4 4 4 4 -1 
6 6 4 6 6 6 6 12 12 4 4 4 6 6 4 4 6 4 -1 4 
4 4 6 4 6 6 6 4 4 1 -1 1 1 1 4 4 6 4 -1 5 
-1 4 4 6 6 4 4 4 6 1 1 1 1 1 1 4 -1 1 4 6 
6 -1 4 4 4 4 4 6 1 1 1 5 5 1 4 1 1 1 6 4 
6 12 12 12 4 4 4 1 1 1 -1 4 5 1 1 4 6 6 4 4 
6 4 4 6 4 4 6 4 1 5 4 5 4 4 1 4 4 4 5 -1 
12 6 4 4 6 4 4 4 1 4 5 4 4 4 4 4 4 4 5 4 
5 4 6 4 6 4 -1 4 4 4 4 4 4 4 4 4 4 5 -1 12 
4 4 6 12 12 12 12 12 36 36 36 36 12 36 4 12 12 1 -1 -1 
-1 6 6 12 12 3 12 -1 36 36 36 36 12 12 12 -1 12 1 4 4 
4 4 -1 4 3 -1 3 3 3 4 4 4 4 36 4 12 4 1 4 4 
-1 4 4 4 12 -1 3 3 2 -1 6 6 4 4 -1 4 -1 4 4 4 
4 42 12 12 3 3 3 3 3 3 6 6 -1 4 -1 4 4 4 4 4 
4 42 4 12 3 3 3 12 3 4 6 4 4 4 4 -1 -1 6 4 4 
4 4 4 12 -1 12 2 2 4 4 4 4 4 12 4 4 6 6 12 12 
4 4 10 32 1 4 4 4 12 -1 12 12 12 -1 12 4 4 12 6 12 
12 8 32 10 32 1 5 12 12 -1 4 12 12 4 12 4 4 4 12 4 
12 5 42 4 1 1 5 5 12 4 12 4 4 12 4 12 12 12 4 4 
12 12 5 5 1 5 5 5 12 5 5 5 12 12 12 12 12 12 12 4 
12 12 5 5 1 5 5 5 5 12 5 5 12 12 12 12 12 12 4 12 
4 4 5 1 1 5 5 5 4 -1 5 12 12 12 12 12 12 6 4 4 
4 4 1 1 -1 5 5 5 5 5 5 -1 12 12 -1 12 -1 6 4 4 
4 4 4 -1 1 5 5 1 12 12 6 6 6 12 12 4 12 4 4 4 
-1 4 4 -1 5 1 1 5 5 6 6 12 10 12 4 4 4 4 4 4 
-1 4 1 1 6 1 1 12 12 12 12 6 4 4 12 4 -1 4 4 6 
4 1 6 36 36 1 12 12 -1 12 12 4 4 4 4 4 6 4 -1 6 
6 6 36 36 36 12 1 6 6 6 12 4 4 4 4 12 4 6 6 -1 
6 6 6 12 36 12 6 12 6 6 6 12 4 12 12 12 12 12 12 -1 
6 6 12 12 6 4 4 6 10 4 4 -1 4 4 6 5 4 4 4 6 
6 6 6 4 6 4 6 6 -1 4 4 -1 4 4 4 6 5 4 4 6 
6 6 6 6 4 6 4 6 6 4 6 6 4 4 5 4 4 5 6 5 
6 6 6 6 6 6 6 6 4 6 4 6 5 5 5 4 4 4 4 5 
12 6 12 6 4 6 -1 4 4 -1 -1 4 5 5 5 4 4 4 5 5 
12 12 12 12 6 4 6 6 6 1 1 4 4 2 -1 4 4 4 4 4 
12 12 12 4 -1 4 -1 6 1 1 4 4 4 4 6 4 4 4 4 12 
2 12 4 4 4 4 4 4 6 -1 4 4 6 6 4 4 4 4 4 12 
2 4 1 4 4 1 1 -1 1 1 4 4 4 4 4 4 4 4 4 2 
2 3 4 1 1 1 1 -1 4 4 4 4 4 4 4 4 4 4 4 2 
2 4 3 1 1 1 1 -1 4 4 4 4 4 4 -1 4 4 4 4 2 
6 3 4 1 1 1 4 4 4 4 4 6 6 4 4 4 4 -1 4 4 
-1 1 4 1 -1 1 4 4 6 1 6 4 6 4 4 4 4 1 4 4 
1 1 1 1 4 -1 6 4 1 6 6 4 4 4 1 1 4 4 1 1 
4 1 4 4 4 4 4 4 4 6 4 4 12 1 1 1 1 1 1 1 
1 1 1 4 4 4 6 10 4 4 12 4 4 12 1 -1 -1 1 1 -1 
1 1 4 4 4 6 32 32 10 10 6 10 12 12 4 4 1 1 1 1 
1 12 4 4 4 4 32 10 10 10 6 10 12 1 2 2 2 1 1 12 
4 4 12 4 4 4 6 10 10 10 4 10 12 4 2 4 1 1 4 1 
6 4 12 12 4 6 10 12 10 10 10 12 4 4 4 2 5 4 -1 4 
-1 6 4 5 4 4 5 4 5 -1 2 4 4 -1 4 4 4 4 4 6 
4 4 4 4 5 4 5 5 4 2 4 4 4 4 4 3 4 4 4 4 
6 6 4 4 4 -1 5 5 5 6 4 4 4 3 3 4 4 4 4 4 
4 6 4 4 4 4 4 5 4 4 6 4 3 5 5 3 3 4 4 4 
-1 1 6 4 4 4 4 4 4 6 4 3 5 3 3 4 4 4 4 4 
5 5 12 4 4 4 -1 4 4 -1 2 4 3 4 3 2 2 2 4 4 
5 5 1 1 4 -1 4 4 4 4 4 4 3 6 6 3 2 4 4 5 
4 -1 1 4 4 -1 4 4 4 4 4 4 4 6 3 2 4 5 5 5 
4 4 1 -1 6 4 6 6 4 4 6 6 -1 3 3 3 2 5 4 5 
5 4 4 6 4 6 6 6 4 2 6 6 3 4 2 4 4 4 5 5 
4 6 4 6 6 6 6 6 6 6 6 -1 4 4 4 4 4 4 4 4 
6 6 4 4 4 -1 6 6 6 6 6 6 4 6 6 4 6 4 4 6 
6 4 4 4 4 6 6 -1 6 6 6 4 6 4 4 4 6 -1 4 4 
5 1 1 4 4 -1 6 6 6 4 4 4 4 6 4 6 6 -1 6 4 
4 4 6 4 4 4 12 12 12 4 4 4 6 6 4 6 4 6 -1 5 
4 2 4 4 6 6 -1 12 4 4 4 4 6 6 6 4 6 6 4 4 
6 4 4 4 6 4 4 4 12 4 4 6 6 6 4 4 4 4 4 -1 
4 4 4 4 6 4 4 4 4 12 -1 -1 6 4 -1 5 -1 6 4 4 
-1 4 -1 -1 6 6 4 4 4 -1 4 2 4 4 5 4 -1 4 6 4 
6 -1 6 -1 4 4 4 5 5 2 -1 4 4 4 4 4 4 4 -1 4 
4 4 4 1 -1 1 1 1 -1 3 1 3 4 -1 4 4 4 4 4 4 
4 4 4 2 1 1 1 1 2 1 3 1 -1 -1 -1 4 4 -1 4 4 
6 -1 1 1 1 -1 1 6 -1 2 1 -1 -1 -1 4 4 4 -1 4 4 
6 4 1 1 1 -1 6 6 6 6 1 1 -1 1 -1 4 -1 4 4 4 
4 4 4 4 32 -1 1 1 6 1 -1 1 -1 1 1 1 4 4 4 4 
4 4 4 -1 32 -1 -1 6 1 6 -1 3 4 1 4 1 1 4 4 -1 
4 4 1 1 5 1 1 1 -1 6 -1 -1 4 1 1 -1 1 4 4 -1 
4 4 1 1 1 1 1 -1 -1 -1 4 4 4 -1 -1 -1 4 6 -1 4 
6 6 1 1 1 1 4 4 -1 -1 4 4 4 3 -1 4 4 -1 6 4 
6 1 -1 1 4 4 4 -1 -1 4 1 1 4 4 -1 -1 -1 6 -1 6 
6 4 1 4 4 1 1 1 1 -1 1 1 -1 4 4 -1 4 4 6 6 
1 1 1 1 1 1 1 -1 1 1 1 4 -1 4 4 -1 4 -1 6 6 
6 1 1 1 1 1 -1 -1 1 -1 2 1 4 1 4 4 4 4 1 1 
1 1 1 4 1 -1 1 1 1 1 2 1 1 1 -1 4 4 4 4 6 
1 -1 -1 -1 1 1 1 1 1 1 1 1 1 1 1 1 1 -1 1 1 
1 -1 1 1 1 1 1 1 1 -1 1 1 1 1 1 1 -1 1 1 -1 
2 1 1 1 1 1 1 1 1 2 -1 1 1 1 4 4 4 4 1 1 
-1 2 2 2 2 1 1 1 1 2 2 1 1 -1 1 4 1 1 1 -1 
2 -1 -1 2 2 1 1 1 2 1 1 1 1 1 1 1 4 -1 4 1 
4 4 4 2 2 2 1 1 2 1 1 4 3 4 4 4 4 1 4 4 
2 4 -1 -1 1 1 4 1 1 4 -1 4 32 4 4 4 -1 -1 -1 4 
4 2 2 8 -1 1 1 4 1 4 4 4 32 -1 4 -1 -1 -1 4 -1 
-1 -1 4 8 2 2 1 1 4 4 4 4 1 1 -1 -1 4 -1 -1 -1 
4 4 -1 2 2 1 1 4 4 4 4 1 4 -1 1 -1 4 -1 -1 4 
-1 -1 2 2 1 1 1 1 4 4 1 1 -1 1 1 4 -1 -1 2 4 
-1 -1 2 2 1 1 1 1 4 1 -1 1 1 1 1 1 -1 2 2 -1 
1 2 2 1 6 1 1 1 1 1 4 -1 1 1 1 1 1 2 -1 -1 
1 1 2 1 1 1 1 4 4 -1 5 -1 1 1 1 1 1 -1 -1 4 
4 1 2 -1 1 6 1 1 1 5 4 1 1 1 1 -1 4 -1 4 1 
1 4 4 -1 -1 1 1 5 -1 -1 1 2 1 1 1 1 1 1 -1 -1 
4 4 4 1 8 1 -1 4 5 1 4 2 1 1 1 1 4 1 4 4 
4 8 8 8 1 -1 4 4 4 4 -1 4 1 1 1 1 4 1 1 -1 
-1 4 8 8 4 -1 -1 4 4 4 4 4 4 1 1 4 -1 1 -1 -1 
-1 -1 -1 4 -1 32 32 4 -1 4 4 4 1 1 1 1 1 1 4 -1 
-1 -1 -1 4 -1 32 1 1 1 1 4 4 1 1 1 1 1 4 4 -1 
4 -1 4 4 4 1 1 1 1 1 1 1 1 1 1 1 6 6 4 4 
4 4 -1 4 4 1 1 1 1 1 1 1 1 1 1 4 4 4 4 4 
-1 4 -1 -1 -1 1 1 1 1 1 32 1 1 1 4 4 4 -1 4 4 
2 2 -1 -1 1 1 1 1 1 1 1 32 32 32 -1 4 4 -1 4 -1 
2 2 -1 -1 -1 1 1 1 1 1 1 32 32 -1 1 4 -1 4 4 4 
-1 4 2 8 8 8 -1 4 4 -1 4 4 -1 4 -1 2 4 -1 1 -1 
4 4 4 2 8 -1 -1 -1 -1 4 -1 4 4 -1 -1 4 4 4 -1 -1 
4 4 -1 8 2 4 -1 -1 4 1 4 4 4 4 4 1 4 4 4 1 
-1 1 4 8 8 4 1 1 -1 1 4 4 -1 4 -1 1 4 4 1 1 
1 -1 2 8 2 4 4 1 4 4 4 4 4 4 -1 1 -1 -1 1 4 
4 2 2 2 2 1 1 4 1 4 -1 -1 -1 4 4 4 1 -1 1 -1 
-1 -1 2 32 1 1 4 4 1 1 4 -1 -1 -1 -1 4 -1 1 -1 -1 
-1 4 -1 -1 4 4 4 4 4 4 -1 4 4 4 4 4 1 1 -1 -1 
-1 32 4 40 4 4 4 4 4 4 -1 4 4 4 -1 -1 2 1 -1 -1 
-1 4 32 40 4 4 4 4 4 1 4 4 4 -1 -1 2 2 -1 1 1 
-1 -1 4 32 32 -1 4 1 1 -1 -1 4 4 4 2 2 2 1 1 -1 
-1 -1 -1 1 32 4 -1 1 1 32 -1 -1 -1 -1 2 2 -1 -1 1 1 
1 -1 1 1 1 -1 1 1 1 32 32 32 32 32 32 2 2 -1 -1 1 
-1 1 1 -1 1 1 1 1 1 -1 32 -1 32 -1 32 -1 -1 2 1 -1 
-1 1 4 -1 1 1 1 1 1 4 1 1 -1 -1 1 32 -1 1 1 4 
-1 -1 4 1 -1 1 1 1 1 4 4 1 32 -1 -1 1 1 1 4 4 
4 4 -1 -1 -1 1 1 -1 1 32 1 32 1 1 2 1 1 1 -1 -1 
4 4 -1 1 -1 -1 -1 -1 -1 -1 -1 32 2 -1 2 1 1 -1 4 -1 
-1 -1 -1 -1 -1 -1 -1 -1 -1 -1 1 -1 -1 2 -1 1 -1 4 4 4 
2 2 -1 4 -1 -1 -1 -1 4 -1 4 -1 4 4 4 4 -1 2 4 4 
4 4 -1 -1 -1 1 -1 2 1 1 -1 -1 -1 1 1 1 1 1 -1 -1 
-1 -1 -1 1 -1 -1 2 2 2 1 -1 -1 2 1 -1 1 1 1 -1 -1 
-1 -1 1 1 1 1 -1 2 -1 1 -1 -1 2 2 1 -1 1 1 1 -1 
-1 -1 -1 1 1 -1 -1 -1 2 -1 -1 -1 -1 1 1 1 1 1 -1 -1 
-1 -1 2 2 1 -1 -1 -1 2 2 -1 1 1 1 1 1 1 1 -1 2 
2 -1 -1 1 1 -1 -1 -1 2 2 2 1 1 1 1 1 1 1 1 1 
-1 -1 4 -1 1 1 -1 2 2 2 -1 -1 1 -1 -1 1 1 -1 1 1 
1 4 4 -1 -1 1 -1 4 -1 -1 1 1 1 -1 -1 -1 1 1 -1 1 
-1 1 -1 -1 4 -1 4 -1 -1 -1 -1 -1 -1 -1 -1 -1 1 1 -1 -1 
4 4 -1 -1 -1 4 -1 4 -1 -1 -1 -1 -1 -1 -1 1 1 -1 1 2 
2 -1 4 1 -1 4 4 -1 -1 -1 -1 -1 -1 -1 -1 -1 1 -1 1 -1 
2 2 -1 1 1 4 -1 -1 2 -1 -1 -1 2 -1 -1 -1 -1 1 1 -1 
1 2 -1 -1 -1 -1 -1 2 1 1 -1 2 1 -1 -1 -1 -1 1 1 -1 
1 1 2 2 -1 1 1 1 1 1 1 -1 1 1 -1 -1 -1 -1 -1 -1 
-1 -1 -1 -1 -1 -1 1 1 1 1 1 1 1 -1 -1 -1 -1 -1 -1 -1 
-1 -1 -1 -1 -1 -1 -1 1 1 1 1 -1 1 1 1 -1 -1 -1 -1 -1 
-1 -1 -1 -1 -1 -1 -1 4 -1 1 1 1 1 -1 -1 1 -1 -1 -1 -1 
-1 -1 -1 -1 1 1 1 -1 4 -1 -1 -1 -1 1 1 -1 -1 -1 -1 -1 
2 -1 -1 1 1 -1 4 4 4 -1 -1 1 1 1 1 1 -1 1 -1 2 
-1 4 -1 -1 1 -1 -1 1 1 4 1 -1 -1 -1 1 1 1 1 2 -1 
2 2 2 2 1 -1 2 2 2 1 -1 -1 -1 -1 -1 -1 -1 -1 -1 1 
2 2 2 -1 1 2 3 2 1 1 -1 -1 -1 -1 -1 -1 -1 -1 -1 -1 
-1 2 -1 2 2 -1 2 3 1 1 1 2 -1 -1 -1 -1 -1 -1 -1 -1 
-1 -1 -1 -1 -1 -1 -1 1 3 2 1 2 2 2 -1 -1 -1 -1 -1 -1 
1 1 1 -1 -1 -1 -1 -1 -1 -1 1 1 2 -1 -1 -1 -1 -1 1 -1 
1 1 1 -1 -1 -1 -1 -1 -1 1 1 1 1 -1 -1 -1 -1 1 1 -1 
1 1 1 -1 -1 -1 -1 -1 1 1 2 1 -1 -1 -1 -1 -1 2 1 -1 
1 -1 -1 1 1 -1 -1 -1 -1 2 2 2 2 2 -1 -1 -1 1 3 1 
2 -1 -1 -1 -1 -1 1 -1 -1 -1 -1 -1 -1 -1 -1 -1 2 3 2 2 
2 2 -1 -1 -1 -1 -1 1 -1 -1 -1 -1 -1 -1 -1 3 3 2 2 2 
2 2 -1 -1 -1 -1 1 -1 -1 -1 -1 2 2 -1 2 3 2 2 -1 2 
1 -1 1 -1 -1 1 1 1 -1 -1 -1 2 2 2 2 3 3 -1 -1 -1 
1 1 -1 1 1 1 1 1 1 -1 -1 -1 2 2 -1 -1 -1 1 -1 -1 
1 1 1 1 1 1 1 1 1 -1 -1 -1 -1 -1 -1 -1 1 1 1 1 
1 -1 1 1 1 1 1 1 1 2 -1 -1 -1 -1 -1 -1 1 1 1 1 
1 1 1 1 -1 1 1 2 2 -1 -1 -1 -1 -1 -1 1 1 1 1 1 
1 1 1 -1 -1 -1 1 1 2 2 2 -1 -1 -1 -1 1 1 1 1 -1 
1 1 1 1 -1 -1 1 1 1 2 2 -1 -1 -1 1 1 1 1 -1 1 
1 1 1 1 -1 2 1 1 1 2 2 -1 -1 -1 1 -1 -1 -1 -1 2 
1 1 2 2 2 -1 1 -1 1 2 2 -1 -1 -1 -1 1 1 -1 -1 -1 
-1 -1 -1 -1 -1 -1 -1 -1 -1 -1 3 2 3 -1 -1 1 -1 -1 1 -1 
1 1 -1 -1 -1 -1 2 -1 -1 2 2 3 -1 -1 -1 1 1 1 -1 1 
1 -1 -1 -1 8 1 -1 -1 -1 3 3 3 3 -1 -1 1 1 1 1 1 
1 -1 -1 8 1 1 3 -1 -1 -1 2 -1 2 -1 -1 1 -1 1 1 1 
1 -1 -1 8 -1 2 3 2 -1 -1 -1 2 -1 -1 -1 4 1 -1 1 2 
-1 8 8 1 3 3 2 3 3 -1 -1 -1 -1 -1 4 -1 -1 1 -1 2 
-1 8 8 -1 1 3 -1 -1 -1 -1 -1 -1 -1 1 1 4 -1 -1 -1 -1 
1 -1 -1 8 8 1 -1 8 -1 -1 -1 -1 -1 -1 1 1 -1 -1 -1 -1 
1 -1 -1 -1 8 8 8 8 -1 -1 -1 -1 -1 1 1 1 -1 1 -1 -1 
-1 -1 -1 8 -1 -1 -1 8 -1 -1 -1 -1 2 2 -1 1 1 1 -1 -1 
-1 -1 -1 -1 -1 -1 -1 8 8 -1 2 -1 1 2 11 1 1 1 1 -1 
-1 -1 -1 -1 -1 1 8 8 3 3 3 -1 3 3 1 1 1 1 1 2 
2 2 2 -1 -1 1 -1 1 -1 3 2 3 3 1 1 1 2 1 -1 2 
2 2 2 2 -1 -1 -1 -1 1 -1 2 2 2 -1 2 2 1 1 -1 -1 
-1 2 2 2 -1 -1 -1 -1 -1 -1 -1 -1 2 3 1 1 1 1 -1 -1 
-1 2 2 -1 -1 -1 -1 -1 -1 -1 -1 -1 -1 -1 1 1 -1 -1 -1 -1 
2 -1 2 -1 -1 -1 -1 -1 -1 -1 -1 -1 -1 -1 -1 3 -1 -1 -1 -1 
-1 -1 -1 -1 -1 -1 -1 -1 -1 3 -1 2 -1 -1 -1 -1 -1 -1 -1 -1 
-1 -1 -1 -1 -1 -1 -1 -1 2 -1 2 2 -1 -1 -1 -1 -1 -1 -1 1 
-1 -1 -1 -1 -1 -1 -1 2 -1 2 -1 3 -1 -1 -1 -1 -1 -1 1 1 
1 1 1 1 1 1 -1 -1 -1 -1 -1 -1 -1 -1 -1 -1 -1 -1 -1 1 
-1 -1 -1 -1 1 1 1 -1 -1 -1 -1 -1 -1 -1 -1 -1 -1 -1 -1 -1 
-1 -1 -1 1 1 1 -1 -1 -1 -1 -1 -1 -1 -1 -1 -1 -1 -1 -1 -1 
-1 -1 1 1 1 -1 -1 -1 -1 -1 -1 -1 -1 -1 -1 -1 -1 -1 -1 1 
1 1 1 1 -1 8 9 -1 -1 -1 -1 -1 -1 -1 -1 -1 -1 -1 -1 -1 
-1 -1 -1 -1 -1 9 9 9 -1 -1 -1 -1 -1 -1 -1 -1 -1 -1 1 1 
1 -1 -1 -1 -1 9 9 9 9 -1 8 -1 2 -1 -1 -1 -1 -1 1 1 
1 1 -1 -1 -1 9 -1 -1 -1 8 2 2 2 2 -1 2 2 8 -1 1 
1 -1 1 -1 -1 8 -1 -1 -1 2 8 -1 2 2 2 2 2 2 -1 -1 
-1 -1 -1 -1 -1 -1 8 2 2 2 2 8 8 2 2 2 -1 2 8 -1 
-1 1 1 1 -1 -1 1 2 2 2 2 8 8 2 2 2 1 -1 8 -1 
-1 -1 1 1 -1 1 -1 6 2 2 -1 2 8 8 8 8 -1 8 1 1 
-1 -1 -1 -1 -1 -1 -1 6 -1 2 2 2 2 8 8 8 1 1 8 2 
-1 -1 1 -1 -1 -1 -1 -1 -1 -1 2 -1 2 -1 -1 8 8 2 -1 -1 
-1 -1 1 1 1 -1 -1 -1 -1 -1 8 8 -1 -1 -1 -1 -1 -1 -1 -1 
-1 -1 1 1 1 1 -1 -1 -1 -1 8 -1 -1 -1 -1 -1 -1 -1 -1 -1 
-1 1 -1 1 1 1 1 -1 -1 -1 -1 -1 -1 -1 -1 -1 -1 -1 -1 -1 
-1 -1 -1 -1 -1 -1 -1 1 -1 -1 -1 -1 -1 -1 -1 -1 -1 -1 -1 -1 
1 1 1 1 4 1 1 -1 -1 -1 -1 -1 -1 -1 -1 -1 -1 -1 -1 -1 
1 1 1 1 1 4 -1 -1 -1 -1 -1 -1 -1 -1 -1 -1 -1 -1 -1 1 
2 -1 3 -1 -1 -1 -1 -1 -1 1 -1 1 -1 -1 -1 -1 -1 -1 -1 -1 
3 2 -1 -1 -1 -1 1 -1 1 -1 -1 -1 -1 1 -1 1 -1 2 2 3 
2 2 -1 -1 -1 -1 -1 1 -1 -1 -1 -1 1 1 1 -1 -1 2 2 2 
2 2 -1 1 2 -1 2 -1 -1 -1 -1 1 -1 -1 -1 -1 -1 -1 2 2 
2 2 -1 2 3 -1 2 2 2 -1 -1 -1 -1 -1 -1 -1 -1 -1 -1 2 
2 2 2 3 2 2 2 2 2 -1 -1 -1 -1 -1 -1 -1 -1 -1 2 2 
2 2 -1 8 2 2 2 2 2 2 -1 -1 -1 -1 -1 -1 -1 2 2 -1 
-1 -1 2 8 2 2 2 2 1 2 -1 -1 -1 -1 -1 -1 2 2 1 1 
2 -1 8 -1 2 2 2 2 1 1 -1 -1 -1 -1 -1 -1 -1 1 1 2 
-1 -1 -1 -1 -1 2 -1 1 -1 -1 1 -1 -1 -1 -1 -1 1 1 1 2 
-1 1 -1 -1 2 -1 1 1 -1 -1 1 -1 -1 -1 2 -1 2 1 -1 -1 
1 1 1 -1 -1 1 1 1 -1 -1 1 1 -1 -1 2 2 1 -1 -1 -1 
-1 -1 -1 1 1 1 1 1 1 -1 1 1 1 -1 1 2 -1 2 -1 -1 
-1 -1 1 1 1 1 1 1 1 1 1 -1 1 1 -1 -1 -1 -1 -1 -1 
-1 -1 -1 1 1 -1 1 1 1 1 1 1 -1 -1 -1 1 1 -1 -1 -1 
-1 -1 -1 -1 -1 -1 -1 1 1 1 1 1 -1 -1 -1 1 1 -1 -1 -1 
-1 -1 -1 -1 -1 -1 1 1 -1 1 1 1 -1 -1 -1 -1 -1 1 -1 -1 
-1 -1 -1 -1 -1 -1 -1 1 1 -1 1 1 -1 -1 -1 -1 -1 -1 -1 -1 
2 -1 -1 -1 -1 -1 -1 -1 -1 1 -1 -1 -1 -1 -1 -1 -1 -1 -1 -1 
-1 2 2 3 -1 -1 -1 -1 1 1 1 -1 -1 -1 -1 -1 -1 -1 -1 -1 
-1 -1 -1 -1 1 1 1 -1 -1 -1 -1 -1 -1 -1 1 -1 -1 -1 -1 -1 
-1 -1 -1 -1 1 1 -1 -1 -1 -1 -1 -1 -1 -1 1 -1 -1 -1 -1 -1 
-1 -1 -1 -1 1 1 1 -1 -1 -1 -1 -1 -1 -1 -1 -1 -1 -1 -1 -1 
-1 1 1 1 1 1 1 -1 -1 -1 -1 -1 -1 -1 -1 -1 -1 -1 -1 -1 
1 1 -1 1 -1 1 1 -1 -1 -1 -1 -1 -1 -1 -1 -1 -1 -1 -1 -1 
-1 3 2 1 1 1 1 -1 -1 -1 -1 -1 -1 -1 -1 -1 -1 -1 -1 -1 
3 2 -1 -1 -1 -1 -1 -1 -1 -1 -1 -1 -1 -1 -1 -1 -1 -1 2 -1 
-1 -1 -1 -1 -1 -1 -1 -1 -1 -1 -1 -1 1 -1 -1 -1 -1 -1 2 -1 
-1 -1 -1 -1 -1 -1 -1 -1 -1 -1 -1 1 1 1 -1 -1 -1 -1 -1 2 
2 -1 -1 2 -1 -1 -1 -1 1 1 1 -1 1 1 1 -1 -1 -1 -1 -1 
-1 -1 -1 2 2 2 -1 -1 -1 1 2 1 -1 -1 -1 -1 -1 -1 -1 -1 
-1 -1 -1 -1 -1 -1 2 2 2 2 -1 -1 -1 -1 -1 -1 -1 -1 -1 -1 
-1 -1 -1 -1 2 -1 2 -1 2 2 -1 -1 -1 -1 -1 -1 -1 -1 -1 -1 
-1 -1 -1 2 2 2 2 2 2 -1 -1 -1 -1 -1 -1 -1 -1 -1 -1 -1 
-1 -1 -1 -1 2 2 2 2 2 2 -1 -1 -1 -1 -1 -1 -1 -1 -1 -1 
-1 -1 -1 -1 2 2 2 2 2 2 -1 1 -1 -1 -1 -1 -1 -1 -1 -1 
-1 -1 -1 2 -1 -1 2 2 2 2 1 1 -1 1 -1 -1 -1 -1 -1 -1 
-1 -1 -1 -1 1 -1 2 -1 -1 -1 1 1 -1 -1 1 -1 -1 -1 -1 -1 
-1 -1 -1 -1 -1 1 2 -1 -1 1 1 1 1 1 1 -1 -1 -1 -1 -1 
-1 -1 -1 -1 1 -1 1 -1 -1 -1 -1 -1 -1 1 1 -1 -1 -1 -1 -1 
-1 -1 -1 -1 3 3 4 -1 -1 1 1 2 -1 2 -1 -1 -1 -1 2 -1 
-1 1 1 2 2 -1 -1 -1 -1 -1 -1 2 2 -1 -1 -1 -1 2 -1 -1 
-1 -1 -1 1 -1 -1 -1 -1 -1 -1 -1 -1 2 2 -1 -1 2 -1 -1 -1 
-1 -1 -1 -1 1 -1 -1 -1 1 -1 -1 -1 1 -1 -1 1 1 1 -1 -1 
-1 -1 -1 -1 -1 1 -1 1 1 -1 -1 -1 1 -1 1 -1 1 1 -1 -1 
1 -1 -1 -1 1 -1 1 1 1 -1 -1 -1 -1 1 1 -1 -1 -1 -1 1 
1 40 -1 -1 -1 -1 -1 -1 -1 1 -1 1 1 -1 -1 -1 -1 1 -1 1 
-1 1 1 -1 -1 -1 -1 -1 -1 -1 -1 -1 -1 -1 1 -1 1 1 -1 -1 
-1 -1 -1 -1 -1 -1 -1 -1 -1 -1 -1 -1 -1 -1 -1 1 1 1 -1 -1 
-1 -1 -1 -1 -1 -1 -1 -1 -1 -1 -1 -1 -1 -1 -1 -1 1 1 -1 -1 
-1 -1 -1 -1 -1 1 -1 -1 -1 -1 -1 -1 -1 -1 -1 -1 1 -1 -1 -1 
-1 -1 -1 -1 -1 1 1 1 -1 1 -1 -1 -1 -1 -1 -1 -1 -1 -1 -1 
-1 -1 -1 -1 -1 -1 1 1 1 1 1 -1 -1 -1 -1 -1 -1 -1 -1 -1 
-1 -1 -1 -1 -1 1 1 1 1 1 -1 -1 -1 -1 -1 -1 -1 -1 -1 -1 
-1 -1 -1 -1 -1 1 -1 1 1 1 -1 -1 -1 -1 -1 -1 -1 2 2 -1 
-1 1 -1 1 1 -1 -1 1 -1 -1 -1 -1 -1 -1 -1 -1 -1 -1 2 1 
-1 -1 1 1 1 -1 -1 -1 -1 -1 -1 -1 -1 -1 -1 -1 -1 -1 2 -1 
1 1 1 -1 3 3 -1 -1 -1 -1 -1 -1 -1 -1 -1 -1 -1 -1 2 -1 
-1 1 1 3 2 1 -1 1 -1 -1 -1 -1 -1 -1 -1 -1 -1 -1 -1 -1 
-1 -1 -1 -1 3 4 1 -1 -1 1 1 -1 -1 -1 -1 -1 -1 -1 2 -1 
1 1 2 8 -1 8 8 40 40 40 -1 -1 1 1 1 3 -1 2 2 2 
1 -1 1 1 1 1 -1 -1 8 -1 -1 -1 1 1 -1 1 3 3 2 1 
-1 2 2 -1 1 -1 -1 -1 8 -1 -1 -1 1 -1 1 3 1 2 1 1 
-1 2 2 -1 -1 -1 -1 -1 -1 -1 -1 1 1 1 1 -1 1 -1 -1 1 
-1 -1 1 1 1 1 -1 -1 -1 -1 -1 -1 1 1 1 3 -1 -1 -1 -1 
-1 -1 -1 1 -1 -1 -1 -1 -1 -1 -1 -1 -1 -1 -1 -1 -1 -1 -1 -1 
-1 2 2 -1 -1 -1 -1 -1 40 -1 -1 -1 -1 -1 -1 -1 -1 -1 1 -1 
2 2 2 -1 -1 -1 -1 40 40 -1 -1 -1 -1 2 -1 -1 1 1 -1 2 
2 -1 2 -1 -1 -1 -1 -1 2 2 9 2 2 -1 -1 -1 1 -1 1 -1 
-1 2 -1 2 -1 -1 -1 -1 -1 2 2 2 -1 -1 -1 -1 -1 -1 -1 -1 
-1 -1 2 40 -1 6 -1 6 2 2 2 2 -1 -1 -1 -1 -1 -1 -1 -1 
-1 -1 -1 40 6 -1 6 6 2 2 2 -1 2 -1 -1 -1 -1 -1 -1 1 
1 1 1 1 -1 -1 -1 2 2 2 1 2 -1 -1 -1 -1 -1 -1 -1 -1 
4 4 -1 1 1 -1 -1 -1 -1 -1 -1 -1 -1 -1 -1 -1 -1 -1 1 -1 
4 4 4 1 1 -1 -1 -1 -1 8 40 -1 -1 -1 2 2 2 1 1 4 
4 4 -1 -1 1 -1 -1 8 8 8 8 40 2 -1 2 2 -1 1 1 4 
-1 -1 -1 1 -1 -1 -1 8 40 8 8 -1 40 2 -1 2 2 -1 -1 2 
2 -1 -1 -1 -1 -1 8 2 1 8 8 40 8 40 2 2 2 2 2 -1 
-1 1 1 -1 -1 2 40 8 8 8 2 8 40 40 -1 1 -1 2 -1 2 
-1 2 2 2 8 40 8 40 40 40 2 1 40 -1 40 -1 -1 -1 -1 2 
2 2 2 -1 8 8 8 8 40 -1 40 -1 6 -1 1 2 2 1 1 2 
2 2 2 -1 -1 8 33 40 40 8 40 40 -1 -1 -1 2 1 2 2 2 
2 2 2 2 8 8 33 9 8 8 40 -1 40 -1 -1 2 1 2 2 2 
2 -1 2 2 40 8 40 8 8 8 8 40 2 -1 2 2 2 2 2 2 
-1 2 -1 40 8 40 40 40 9 1 1 40 2 2 2 2 2 2 2 2 
-1 -1 41 41 40 40 8 40 40 -1 1 40 40 2 2 2 2 8 4 8 
-1 41 40 40 8 8 8 8 40 8 1 40 40 8 2 8 -1 4 8 -1 
-1 8 40 8 8 8 8 8 8 8 8 8 40 2 1 8 -1 8 -1 -1 
2 2 40 40 8 8 40 8 8 1 8 40 40 1 1 8 -1 -1 -1 -1 
-1 2 8 8 8 8 40 8 8 8 8 1 1 -1 1 8 -1 -1 -1 -1 
-1 -1 8 -1 8 40 40 40 -1 8 8 4 4 8 1 -1 -1 -1 -1 -1 
-1 -1 -1 -1 8 -1 8 40 -1 4 4 4 2 2 -1 -1 -1 -1 -1 -1 
-1 -1 -1 8 40 8 8 8 8 -1 -1 2 2 2 2 -1 -1 -1 -1 -1 
-1 -1 -1 -1 8 8 8 8 40 40 -1 -1 -1 2 -1 -1 2 -1 -1 -1 
-1 -1 -1 -1 -1 -1 -1 -1 40 -1 -1 9 2 -1 1 1 -1 -1 -1 -1 
-1 -1 -1 -1 -1 -1 -1 -1 -1 -1 -1 -1 -1 1 2 1 1 2 2 -1 
-1 -1 -1 -1 -1 -1 -1 -1 -1 -1 -1 -1 2 1 1 2 1 1 2 1 
8 -1 -1 -1 2 -1 -1 -1 -1 -1 -1 -1 2 -1 1 6 -1 1 8 8 
-1 -1 -1 2 -1 -1 -1 -1 -1 -1 -1 -1 2 2 1 1 6 -1 8 8 
2 -1 -1 -1 -1 -1 9 -1 -1 -1 -1 6 2 1 1 1 -1 1 8 8 
-1 2 2 2 2 2 2 -1 -1 -1 2 -1 2 2 -1 -1 8 8 8 2 
1 2 -1 6 2 2 2 2 -1 -1 -1 2 2 2 2 8 40 8 8 8 
4 4 6 6 -1 2 2 2 -1 -1 -1 -1 32 9 8 2 8 40 40 1 
4 4 6 6 -1 -1 -1 2 -1 -1 33 32 9 9 32 8 8 40 8 8 
8 8 4 6 2 2 -1 2 2 -1 -1 33 32 33 -1 -1 8 8 8 8 
8 8 -1 -1 -1 -1 -1 2 -1 -1 -1 -1 33 -1 -1 33 8 8 8 8 
8 -1 8 -1 -1 -1 2 -1 -1 -1 2 2 -1 2 -1 -1 8 8 8 8 
8 8 8 8 -1 2 -1 -1 2 -1 2 -1 -1 8 2 8 8 8 8 8 
8 8 8 2 2 2 2 2 2 2 2 -1 -1 2 8 2 8 8 -1 -1 
-1 -1 2 2 2 2 -1 2 2 -1 -1 -1 -1 -1 8 -1 2 8 -1 8 
-1 -1 2 -1 2 2 2 2 2 2 -1 -1 -1 4 4 4 -1 2 -1 -1 
-1 -1 -1 2 2 2 2 2 2 2 2 -1 -1 -1 -1 4 -1 -1 -1 -1 
2 2 2 2 2 2 2 2 2 -1 4 -1 -1 -1 -1 4 1 2 2 -1 
-1 -1 -1 2 2 2 2 2 -1 4 -1 -1 -1 -1 -1 6 6 -1 2 -1 
-1 -1 -1 2 2 2 -1 -1 -1 -1 -1 -1 -1 -1 -1 -1 -1 -1 -1 -1 
-1 -1 4 4 2 2 2 1 -1 -1 -1 -1 -1 -1 -1 -1 -1 -1 -1 -1 
-1 -1 2 2 -1 2 -1 2 -1 -1 -1 2 -1 -1 -1 2 2 -1 -1 -1 
8 2 -1 2 2 -1 -1 -1 -1 -1 2 2 2 2 2 -1 2 8 -1 -1 
-1 8 2 2 2 2 -1 1 -1 -1 2 2 2 2 2 2 2 2 8 8 
2 2 2 2 2 -1 -1 1 1 -1 2 2 2 2 2 2 2 2 2 8 
-1 -1 3 3 -1 1 -1 -1 -1 -1 -1 -1 -1 2 -1 -1 -1 -1 -1 -1 
-1 -1 4 -1 1 1 -1 -1 -1 -1 -1 -1 -1 -1 -1 -1 -1 -1 -1 -1 
-1 -1 4 6 1 1 -1 1 -1 -1 -1 -1 -1 -1 -1 -1 -1 -1 -1 -1 
-1 -1 6 6 1 6 1 1 1 1 -1 -1 -1 -1 -1 -1 -1 -1 -1 -1 
-1 6 -1 -1 6 1 1 1 1 -1 -1 -1 -1 -1 -1 -1 -1 -1 -1 -1 
-1 1 -1 -1 1 -1 -1 -1 1 -1 2 -1 -1 -1 -1 -1 8 -1 -1 6 
6 6 1 -1 -1 -1 -1 -1 -1 -1 -1 2 1 -1 -1 -1 -1 -1 1 1 
1 1 1 -1 6 -1 -1 -1 -1 -1 -1 -1 2 -1 -1 6 6 -1 6 6 
1 1 1 -1 -1 -1 -1 -1 -1 -1 -1 -1 -1 -1 -1 4 6 -1 6 1 
1 1 1 -1 -1 -1 -1 -1 -1 -1 -1 -1 -1 -1 -1 4 4 6 1 1 
1 1 2 -1 -1 -1 -1 -1 -1 6 -1 -1 4 -1 -1 4 6 1 -1 4 
6 -1 -1 -1 -1 -1 -1 -1 2 6 -1 -1 -1 -1 4 -1 4 4 4 1 
1 6 -1 -1 -1 -1 -1 -1 6 2 -1 -1 -1 4 4 4 4 1 4 -1 
-1 -1 -1 -1 -1 -1 -1 -1 -1 6 -1 -1 4 -1 4 4 4 4 1 4 
1 -1 1 -1 -1 -1 2 2 6 -1 6 6 -1 4 -1 4 -1 -1 4 4 
-1 1 1 1 -1 -1 2 -1 -1 -1 4 6 4 -1 4 -1 4 -1 4 -1 
-1 -1 1 -1 -1 -1 -1 1 -1 -1 -1 -1 4 -1 4 -1 -1 4 4 -1 
-1 -1 -1 -1 -1 1 1 1 -1 -1 -1 -1 -1 4 4 4 4 8 -1 -1 
-1 -1 3 3 -1 -1 1 -1 1 -1 1 -1 -1 4 -1 4 -1 -1 8 8 
-1 -1 3 3 -1 -1 1 -1 -1 -1 -1 1 -1 4 4 -1 -1 -1 8 -1 
1 1 -1 1 -1 -1 -1 -1 -1 -1 -1 -1 -1 4 -1 -1 -1 4 4 -1 
1 4 -1 1 -1 -1 -1 -1 -1 3 3 -1 -1 4 -1 -1 -1 -1 -1 -1 
-1 4 4 -1 -1 -1 2 -1 -1 3 -1 -1 -1 -1 -1 -1 -1 -1 -1 -1 
-1 4 4 4 -1 -1 2 -1 -1 -1 1 -1 -1 -1 -1 -1 -1 1 -1 1 
1 1 1 2 -1 2 -1 -1 -1 -1 -1 -1 -1 -1 -1 -1 1 1 1 1 
-1 1 1 1 2 -1 -1 -1 -1 -1 -1 -1 -1 -1 -1 -1 1 1 -1 -1 
-1 1 1 -1 -1 -1 -1 -1 -1 -1 -1 -1 -1 -1 -1 -1 -1 -1 -1 -1 
-1 -1 -1 6 -1 -1 -1 -1 -1 -1 1 1 1 -1 -1 -1 -1 -1 -1 -1 
-1 -1 -1 -1 6 -1 -1 -1 -1 -1 -1 1 1 -1 -1 -1 -1 -1 -1 -1 
-1 -1 -1 -1 6 -1 -1 -1 -1 1 1 4 -1 -1 -1 -1 -1 4 -1 -1 
-1 -1 -1 6 6 -1 4 -1 -1 -1 6 -1 4 -1 -1 -1 -1 -1 -1 -1 
-1 -1 4 4 4 4 -1 -1 -1 6 6 6 6 6 -1 -1 -1 -1 -1 -1 
-1 -1 1 4 4 -1 4 -1 2 -1 2 4 4 6 -1 -1 4 4 -1 4 
-1 -1 -1 1 4 4 4 4 4 5 -1 1 4 4 4 4 4 4 4 -1 
-1 -1 1 -1 -1 -1 4 5 2 5 2 1 4 4 4 4 4 4 4 -1 
1 1 -1 1 6 6 4 6 -1 5 -1 4 4 1 1 4 4 -1 4 -1 
1 1 1 6 6 -1 4 6 -1 -1 -1 4 -1 4 4 1 1 1 -1 1 
-1 1 1 -1 -1 -1 -1 -1 -1 -1 -1 4 4 4 1 4 4 -1 -1 -1 
1 1 1 -1 -1 -1 -1 -1 -1 -1 -1 4 4 4 4 -1 -1 -1 -1 -1 
1 1 1 -1 1 -1 -1 -1 -1 -1 -1 -1 4 -1 -1 -1 4 4 -1 1 
4 -1 4 -1 -1 -1 -1 4 -1 6 6 -1 -1 4 4 4 5 4 5 -1 
4 4 -1 4 -1 -1 -1 9 -1 6 -1 2 4 4 4 4 5 5 33 4 
4 4 -1 -1 4 -1 9 -1 -1 -1 -1 2 4 4 4 4 33 33 33 4 
4 4 -1 -1 -1 8 9 9 8 8 8 -1 2 4 5 5 33 4 -1 5 
4 4 -1 -1 -1 -1 4 8 -1 4 8 4 -1 4 5 5 -1 4 4 4 
-1 -1 -1 -1 -1 4 8 4 -1 -1 8 -1 -1 -1 5 -1 4 4 4 4 
-1 -1 4 -1 -1 4 9 -1 1 1 -1 8 -1 -1 -1 2 -1 4 4 -1 
-1 -1 4 -1 -1 -1 9 -1 1 8 8 8 -1 4 -1 -1 -1 4 4 -1 
-1 2 -1 -1 -1 -1 -1 -1 -1 -1 8 -1 4 -1 -1 -1 -1 -1 4 -1 
2 2 5 5 -1 -1 -1 -1 -1 8 -1 2 -1 -1 -1 -1 -1 -1 -1 -1 
-1 5 4 5 5 -1 -1 -1 8 3 -1 2 9 -1 2 -1 -1 -1 -1 2 
-1 4 5 5 5 4 4 -1 3 3 -1 -1 3 9 2 2 -1 -1 -1 -1 
-1 -1 4 5 5 5 -1 3 -1 3 3 3 2 3 2 2 2 3 -1 -1 
-1 -1 4 4 5 5 -1 -1 -1 3 3 3 -1 9 9 -1 3 3 -1 -1 
4 4 5 5 5 4 3 3 3 9 3 3 3 3 3 2 3 -1 4 -1 
4 4 4 -1 5 4 4 3 -1 6 3 3 -1 -1 -1 3 2 -1 4 32 
4 4 4 4 4 4 4 -1 2 3 -1 3 3 3 -1 2 -1 4 4 2 
2 -1 -1 4 4 4 -1 -1 3 2 -1 3 3 3 -1 -1 -1 4 4 -1 
-1 4 -1 -1 4 4 -1 -1 -1 3 -1 3 2 -1 -1 -1 -1 4 5 4 
4 4 -1 -1 -1 -1 4 4 -1 3 3 2 -1 4 -1 5 -1 4 5 4 
-1 1 1 1 2 -1 2 -1 2 1 1 1 8 9 9 9 8 8 9 -1 
1 1 2 2 2 -1 2 2 -1 -1 -1 8 1 -1 9 9 9 9 9 9 
1 1 1 1 2 2 2 2 2 -1 8 -1 -1 -1 9 -1 8 9 8 9 
2 -1 9 2 -1 -1 -1 2 2 8 -1 -1 8 1 1 -1 -1 8 9 9 
2 9 8 -1 -1 -1 2 2 8 8 8 8 8 8 8 1 9 -1 9 2 
9 -1 8 8 -1 8 -1 8 2 -1 -1 -1 -1 8 -1 1 9 1 2 2 
2 2 8 -1 8 -1 -1 -1 -1 2 -1 -1 -1 8 1 1 -1 1 -1 -1 
2 2 2 8 -1 -1 5 -1 6 -1 8 8 8 -1 -1 4 1 -1 1 4 
-1 5 2 -1 5 4 4 -1 -1 -1 -1 -1 -1 -1 -1 4 1 -1 4 4 
-1 2 5 5 5 -1 -1 -1 -1 -1 -1 -1 -1 -1 -1 2 -1 -1 -1 -1 
4 -1 5 -1 -1 -1 -1 8 8 -1 8 -1 -1 8 -1 6 2 -1 -1 -1 
-1 -1 -1 -1 -1 4 -1 -1 -1 -1 8 8 1 -1 -1 -1 -1 -1 -1 -1 
-1 -1 -1 -1 -1 -1 4 4 -1 -1 8 1 1 -1 -1 -1 2 -1 -1 -1 
-1 -1 -1 -1 -1 2 2 -1 -1 -1 -1 -1 1 1 1 6 6 2 -1 -1 
-1 -1 -1 -1 -1 -1 -1 -1 -1 -1 -1 1 1 6 1 6 6 6 -1 -1 
-1 -1 -1 -1 -1 1 2 2 2 -1 6 6 -1 6 6 1 2 2 8 -1 
2 -1 -1 -1 -1 1 1 2 2 -1 -1 6 6 2 -1 6 2 2 8 8 
-1 2 -1 -1 1 1 -1 2 2 -1 1 1 1 1 1 -1 2 2 2 8 
8 2 -1 2 2 1 2 -1 -1 1 1 1 1 9 9 -1 2 -1 -1 8 
2 2 2 2 2 -1 9 9 1 1 8 1 1 9 9 9 9 9 8 -1 
-1 6 6 -1 -1 -1 2 2 2 9 9 3 -1 2 9 9 9 8 -1 -1 
-1 -1 6 -1 -1 -1 -1 2 9 2 3 -1 -1 2 2 9 8 8 8 -1 
-1 6 -1 -1 -1 -1 2 8 9 9 9 8 -1 8 9 8 8 9 8 -1 
-1 -1 -1 -1 -1 -1 2 -1 -1 9 8 8 -1 8 9 9 -1 2 8 8 
8 8 8 -1 -1 -1 -1 -1 -1 8 8 8 8 9 9 2 2 8 2 8 
-1 8 8 -1 -1 -1 -1 -1 -1 1 8 8 -1 9 2 2 2 2 8 -1 
-1 8 -1 -1 -1 -1 -1 -1 1 1 2 9 8 9 2 2 2 2 2 -1 
2 1 1 -1 -1 -1 -1 -1 1 -1 2 1 1 -1 8 -1 2 2 -1 2 
1 1 1 1 -1 1 -1 -1 -1 1 1 1 1 9 8 -1 -1 2 2 2 
1 1 8 1 1 2 1 8 8 1 1 1 9 9 8 2 2 2 2 1 
1 8 9 8 2 -1 1 -1 -1 1 1 -1 8 -1 -1 -1 -1 -1 -1 1 
1 1 8 2 -1 1 -1 1 1 -1 -1 -1 8 8 -1 -1 8 -1 1 1 
1 1 1 -1 8 1 -1 1 1 -1 -1 8 -1 8 -1 -1 -1 8 -1 1 
-1 1 2 -1 2 1 8 8 9 -1 -1 -1 8 -1 -1 -1 8 8 1 1 
1 2 2 2 1 8 8 -1 8 -1 -1 -1 -1 8 -1 8 8 8 -1 8 
2 2 -1 -1 2 -1 -1 8 2 -1 -1 8 -1 -1 2 8 8 8 8 1 
2 2 2 2 -1 -1 8 8 2 -1 -1 3 8 -1 2 9 8 8 8 1 
2 6 2 2 2 2 2 2 2 2 2 3 3 -1 9 8 8 8 8 8 
-1 6 6 2 2 2 -1 2 2 2 -1 2 -1 -1 2 -1 9 -1 8 -1 
-1 6 2 6 6 -1 2 2 9 2 2 2 8 8 2 2 2 9 9 -1 
-1 -1 -1 8 9 9 -1 -1 8 8 8 8 -1 8 2 2 8 2 2 -1 
-1 -1 8 -1 8 8 -1 -1 -1 -1 8 8 -1 8 9 1 1 1 -1 8 
8 8 8 -1 -1 -1 -1 -1 -1 -1 -1 -1 -1 8 9 9 1 9 8 8 
8 -1 -1 9 8 -1 -1 -1 -1 -1 -1 -1 -1 8 -1 9 9 -1 8 8 
8 1 1 9 8 8 -1 -1 -1 -1 2 2 -1 -1 -1 9 1 8 8 8 
-1 -1 8 1 8 8 1 9 9 2 -1 2 -1 -1 9 1 -1 8 8 8 
-1 8 1 8 1 1 1 1 -1 -1 -1 -1 -1 -1 -1 1 -1 8 -1 1 
-1 -1 8 1 1 -1 1 1 -1 -1 40 9 9 8 -1 -1 -1 -1 1 8 
8 9 8 8 1 1 -1 -1 -1 -1 8 40 9 8 8 8 -1 1 -1 -1 
-1 8 8 -1 1 -1 1 1 1 -1 8 8 -1 -1 -1 8 -1 -1 1 -1 
9 8 -1 -1 -1 -1 -1 1 1 -1 -1 -1 -1 -1 -1 8 -1 -1 -1 -1 
9 9 8 8 -1 -1 -1 -1 -1 -1 -1 -1 -1 -1 8 2 2 -1 -1 9 
9 -1 8 8 -1 -1 -1 -1 -1 -1 -1 -1 -1 -1 -1 8 2 -1 8 9 
-1 8 8 8 -1 -1 -1 -1 9 -1 -1 -1 8 -1 8 -1 9 8 -1 1 
-1 8 -1 -1 -1 -1 -1 -1 9 9 -1 9 8 9 8 8 8 -1 8 8 
-1 -1 8 -1 8 -1 -1 8 9 9 9 9 9 8 9 -1 8 1 8 9 
8 8 -1 -1 -1 8 8 8 8 8 9 8 8 9 8 9 8 -1 8 9 
8 -1 -1 -1 8 -1 8 8 -1 9 -1 9 9 8 -1 8 8 2 -1 8 
-1 -1 -1 -1 8 -1 -1 8 9 8 9 8 -1 -1 -1 8 2 2 -1 -1 
-1 -1 -1 -1 8 -1 -1 9 9 8 -1 -1 -1 -1 8 8 2 2 8 -1 
-1 -1 -1 2 9 -1 8 -1 -1 -1 8 8 9 9 8 9 9 8 8 9 
8 -1 2 2 -1 8 2 9 2 2 2 2 8 -1 -1 8 8 9 8 9 
8 8 2 -1 -1 2 2 9 8 8 1 -1 9 9 8 8 1 8 9 9 
-1 8 -1 -1 -1 2 -1 -1 9 2 2 2 9 9 6 8 8 8 9 -1 
-1 2 -1 -1 -1 -1 -1 -1 -1 2 2 -1 9 8 6 -1 -1 8 -1 -1 
8 -1 8 -1 -1 -1 -1 8 8 -1 8 2 9 8 6 -1 -1 8 8 -1 
1 8 8 -1 -1 -1 8 8 8 8 9 2 2 2 9 9 8 -1 -1 -1 
1 9 9 -1 -1 -1 8 8 8 8 -1 9 2 2 -1 9 1 -1 1 1 
1 1 2 2 8 8 8 -1 -1 8 8 2 9 2 2 -1 9 1 1 1 
2 -1 9 2 8 8 -1 -1 -1 8 9 8 2 9 2 2 1 -1 -1 1 
9 2 2 9 2 8 8 -1 8 9 9 8 9 2 9 9 9 1 -1 1 
2 2 2 -1 9 8 9 9 -1 -1 9 9 8 8 9 8 9 8 1 -1 
2 -1 2 9 8 8 8 -1 9 9 -1 -1 9 8 8 8 9 1 9 1 
2 2 9 2 1 1 1 -1 8 8 9 8 -1 -1 -1 -1 9 1 9 -1 
2 2 2 9 1 1 -1 -1 8 8 9 9 -1 -1 -1 -1 1 9 9 9 
2 -1 -1 -1 -1 -1 -1 9 9 9 9 -1 9 -1 8 -1 1 9 6 6 
2 -1 -1 -1 -1 -1 -1 8 9 -1 9 9 9 8 -1 -1 9 9 -1 -1 
-1 -1 -1 1 1 9 9 9 -1 9 9 9 8 9 -1 -1 -1 -1 8 8 
9 -1 -1 8 3 8 8 -1 8 -1 8 9 9 9 -1 9 9 -1 9 9 
9 8 -1 9 8 9 8 8 -1 -1 8 9 8 8 8 9 -1 -1 9 9 
-1 2 1 1 1 2 2 -1 -1 -1 -1 8 -1 8 8 8 8 8 8 -1 
9 -1 9 4 8 2 2 9 -1 -1 2 -1 3 8 -1 8 9 9 9 8 
9 8 40 40 8 -1 -1 -1 9 -1 -1 2 3 1 1 -1 8 9 8 8 
40 40 9 40 -1 -1 -1 -1 -1 1 9 -1 2 3 -1 -1 9 8 8 9 
-1 9 9 -1 8 8 8 8 -1 -1 9 6 -1 3 2 -1 -1 2 2 9 
9 4 -1 -1 -1 -1 8 8 6 -1 9 9 -1 2 3 3 3 3 3 3 
4 9 9 9 -1 9 9 6 -1 -1 -1 -1 -1 -1 3 6 6 6 6 3 
-1 8 8 6 3 9 -1 9 9 -1 -1 -1 -1 -1 -1 -1 6 6 6 4 
-1 6 -1 8 6 3 -1 -1 9 -1 -1 6 -1 6 -1 5 6 6 6 6 
6 -1 -1 -1 -1 8 8 -1 -1 2 -1 -1 6 9 -1 -1 5 6 5 6 
-1 6 8 -1 8 2 8 -1 -1 2 6 -1 2 9 -1 5 5 5 2 2 
2 6 6 8 8 8 2 2 -1 2 2 2 2 9 6 6 5 2 2 6 
6 2 -1 8 8 2 2 -1 2 -1 2 3 3 5 6 9 2 2 6 6 
6 6 6 6 1 1 2 2 -1 2 3 9 -1 5 9 8 9 2 6 6 
-1 9 2 2 1 1 1 1 2 -1 2 9 -1 -1 -1 9 8 9 -1 -1 
2 9 2 2 2 1 1 2 2 -1 -1 -1 3 -1 -1 9 9 9 -1 2 
-1 2 2 1 2 2 1 2 1 8 8 -1 3 -1 4 9 9 9 -1 2 
2 2 2 1 2 2 -1 2 2 1 8 8 -1 -1 -1 -1 9 -1 -1 2 
2 2 2 2 1 1 2 2 -1 8 9 -1 -1 4 4 -1 6 6 6 -1 
-1 2 2 1 1 1 2 -1 -1 -1 9 9 8 9 9 9 6 8 -1 8 
-1 -1 8 9 9 6 4 6 6 5 34 34 -1 6 6 6 5 6 -1 -1 
-1 -1 8 8 9 6 9 6 6 34 34 6 6 6 6 6 6 6 2 2 
2 -1 9 6 6 6 -1 -1 5 6 6 6 6 6 6 5 6 6 -1 2 
-1 -1 -1 -1 6 6 1 2 2 6 2 6 6 6 6 5 6 6 2 4 
-1 -1 -1 -1 -1 6 6 -1 2 2 2 6 6 6 5 6 -1 6 -1 6 
2 -1 -1 9 9 9 8 2 2 2 6 2 -1 6 6 5 6 6 6 6 
6 -1 1 1 9 -1 9 9 2 2 -1 -1 2 2 2 6 6 6 6 2 
2 2 8 9 -1 -1 4 -1 -1 2 4 2 4 2 2 6 6 2 2 -1 
2 -1 2 -1 -1 -1 4 6 4 4 6 4 2 -1 2 6 6 6 6 2 
2 2 2 -1 -1 -1 6 4 4 4 6 6 -1 2 6 6 6 6 6 2 
2 8 8 -1 -1 8 8 -1 4 -1 6 -1 -1 2 2 2 6 6 6 2 
6 2 8 8 8 8 -1 4 -1 -1 -1 -1 -1 -1 -1 2 -1 6 6 3 
2 -1 -1 8 8 -1 -1 2 6 6 -1 34 6 -1 2 2 2 -1 3 3 
-1 2 3 8 1 1 -1 1 2 -1 6 6 34 2 -1 -1 -1 6 6 3 
2 3 -1 3 9 2 1 1 -1 2 6 4 6 6 -1 2 6 6 6 6 
-1 3 -1 9 9 1 8 -1 6 2 6 6 6 6 6 6 6 6 6 6 
6 6 6 9 -1 8 6 9 6 6 6 6 6 6 6 6 6 6 6 6 
6 6 6 9 3 6 6 9 6 6 6 6 6 6 6 6 6 6 4 6 
6 6 9 2 8 6 8 6 6 6 6 6 6 4 6 6 6 6 6 -1 
6 -1 2 9 6 8 4 5 5 6 6 6 6 6 -1 6 6 6 6 6 
2 2 2 2 2 2 2 2 8 -1 -1 4 -1 1 1 1 1 1 -1 2 
-1 -1 -1 -1 2 2 -1 2 2 -1 4 4 4 -1 -1 1 6 1 -1 -1 
4 4 -1 2 2 2 4 -1 1 2 2 4 4 -1 6 6 1 1 -1 -1 
5 5 2 4 -1 4 4 -1 1 2 -1 -1 4 1 1 1 4 4 -1 -1 
4 5 3 3 4 2 2 -1 2 2 2 3 3 4 -1 4 -1 -1 -1 4 
-1 -1 3 5 5 2 -1 2 2 2 -1 -1 -1 -1 -1 -1 4 -1 -1 -1 
-1 5 5 5 4 -1 1 -1 2 3 -1 -1 -1 -1 -1 4 4 -1 -1 -1 
-1 5 -1 5 4 4 2 2 2 2 -1 -1 -1 -1 -1 4 -1 4 -1 -1 
4 5 4 4 4 -1 -1 2 2 -1 -1 -1 4 -1 -1 -1 4 -1 3 -1 
4 4 4 5 5 -1 -1 2 3 3 6 6 4 -1 -1 4 -1 -1 2 5 
5 5 -1 -1 -1 -1 1 3 3 1 1 6 -1 -1 -1 -1 -1 3 3 2 
4 2 5 5 5 -1 1 1 3 1 4 -1 -1 -1 -1 -1 -1 2 2 2 
4 4 -1 6 -1 -1 1 -1 2 1 1 -1 -1 2 2 -1 -1 5 2 2 
5 5 -1 6 -1 -1 -1 2 2 -1 1 -1 -1 2 -1 -1 5 5 5 4 
5 4 6 -1 -1 -1 2 2 2 2 1 -1 -1 2 2 2 4 5 2 5 
4 5 6 -1 5 -1 2 -1 2 -1 -1 -1 1 2 2 2 5 4 -1 4 
4 5 5 5 -1 2 -1 -1 -1 2 -1 -1 6 1 2 -1 -1 -1 4 4 
4 6 5 5 -1 -1 2 -1 2 2 -1 -1 6 6 1 1 -1 -1 -1 2 
4 -1 5 5 -1 8 8 2 -1 -1 -1 4 4 1 1 1 -1 -1 -1 2 
2 5 4 5 8 2 2 2 -1 -1 -1 4 1 1 1 1 1 -1 2 -1 
-1 -1 -1 3 3 3 3 3 -1 3 3 -1 1 1 1 1 1 -1 -1 -1 
-1 1 -1 -1 -1 3 3 2 1 -1 3 1 -1 1 -1 1 -1 -1 -1 -1 
1 -1 1 -1 -1 2 2 2 1 3 3 2 -1 -1 -1 -1 -1 -1 -1 -1 
-1 -1 -1 -1 -1 2 -1 2 1 -1 2 2 3 2 -1 -1 -1 -1 -1 1 
-1 -1 -1 -1 3 -1 2 -1 2 3 2 3 2 -1 -1 -1 1 1 -1 1 
1 -1 -1 -1 3 3 3 2 3 2 3 -1 -1 1 -1 -1 -1 1 -1 1 
1 -1 -1 3 -1 -1 2 -1 3 -1 1 -1 1 -1 1 -1 1 1 3 1 
-1 -1 -1 -1 -1 2 -1 -1 3 3 2 1 -1 -1 1 1 -1 -1 -1 3 
-1 -1 -1 -1 -1 1 -1 3 3 3 2 -1 -1 -1 1 1 -1 1 1 -1 
1 1 1 1 1 -1 3 3 3 -1 -1 -1 -1 -1 -1 -1 -1 1 -1 -1 
1 1 1 1 1 -1 -1 3 3 -1 -1 -1 -1 -1 -1 -1 -1 -1 -1 5 
1 -1 -1 1 -1 -1 3 -1 -1 2 -1 -1 -1 -1 -1 -1 -1 4 4 1 
1 -1 -1 -1 1 1 -1 -1 -1 -1 -1 -1 -1 -1 -1 -1 -1 -1 -1 -1 
-1 -1 -1 -1 -1 1 -1 1 -1 1 1 -1 -1 -1 -1 -1 -1 -1 1 1 
-1 -1 -1 -1 -1 -1 -1 -1 1 1 -1 -1 1 1 -1 1 -1 1 -1 -1 
1 -1 -1 -1 -1 -1 -1 -1 -1 1 1 -1 1 1 1 1 1 1 1 1 
1 -1 -1 -1 -1 -1 2 -1 -1 -1 1 -1 1 1 1 1 1 1 1 1 
1 -1 -1 -1 -1 -1 -1 -1 -1 -1 -1 2 -1 1 1 1 1 1 -1 -1 
1 1 -1 -1 -1 3 -1 -1 -1 -1 -1 2 2 1 1 -1 1 -1 -1 1 
-1 -1 -1 3 3 -1 -1 -1 -1 -1 -1 -1 2 1 1 1 -1 -1 -1 -1 
-1 8 8 8 2 -1 -1 -1 -1 1 1 1 1 1 -1 -1 -1 -1 2 2 
-1 -1 8 -1 -1 -1 2 -1 1 1 1 1 1 1 -1 -1 -1 2 2 -1 
-1 -1 -1 1 2 -1 -1 2 1 1 1 1 1 1 2 2 -1 -1 -1 2 
8 8 8 1 2 2 2 2 -1 -1 -1 -1 -1 2 2 2 2 -1 2 -1 
-1 8 1 -1 2 -1 8 -1 -1 -1 -1 -1 -1 2 2 2 2 -1 2 -1 
-1 -1 1 2 -1 2 -1 -1 -1 -1 -1 -1 -1 -1 -1 2 -1 -1 2 -1 
-1 1 8 -1 2 2 -1 -1 -1 -1 -1 -1 -1 -1 -1 -1 -1 -1 -1 -1 
1 -1 1 1 1 1 2 -1 -1 -1 -1 -1 -1 -1 -1 -1 -1 -1 -1 1 
1 1 1 1 1 1 -1 -1 -1 -1 -1 -1 -1 -1 -1 -1 -1 -1 -1 -1 
1 1 2 -1 1 1 -1 -1 -1 -1 -1 -1 -1 -1 -1 -1 -1 -1 -1 1 
1 1 1 -1 -1 1 -1 -1 -1 -1 -1 -1 -1 -1 -1 -1 -1 -1 1 1 
-1 1 -1 -1 -1 -1 -1 -1 -1 -1 -1 -1 -1 -1 -1 -1 -1 -1 -1 -1 
1 1 -1 -1 1 1 -1 -1 -1 -1 -1 -1 -1 -1 -1 -1 -1 -1 -1 -1 
-1 -1 -1 1 1 1 1 -1 -1 -1 -1 -1 -1 -1 -1 -1 -1 -1 -1 -1 
-1 -1 1 1 1 -1 -1 -1 -1 -1 -1 -1 -1 -1 -1 -1 -1 -1 1 -1 
1 -1 -1 -1 -1 1 -1 -1 -1 -1 -1 -1 -1 -1 -1 -1 -1 -1 1 -1 
1 -1 -1 -1 -1 -1 -1 -1 -1 -1 -1 -1 -1 -1 -1 -1 -1 -1 -1 -1 
-1 -1 -1 -1 -1 2 2 -1 -1 -1 -1 -1 -1 -1 -1 -1 -1 -1 -1 -1 
1 1 1 -1 -1 -1 2 2 -1 -1 -1 -1 1 -1 -1 -1 -1 -1 -1 -1 
-1 -1 8 1 -1 -1 -1 2 1 1 1 1 1 -1 -1 -1 -1 -1 -1 -1 
-1 -1 -1 -1 -1 -1 -1 -1 3 -1 -1 -1 -1 -1 -1 -1 1 1 8 -1 
-1 1 1 1 -1 -1 -1 3 -1 3 -1 -1 -1 -1 -1 1 -1 -1 1 -1 
1 1 -1 1 1 -1 -1 3 3 -1 -1 -1 -1 -1 -1 -1 -1 -1 -1 -1 
1 1 1 1 -1 -1 -1 3 -1 -1 -1 -1 -1 -1 -1 -1 -1 -1 -1 1 
1 -1 -1 -1 -1 -1 -1 -1 -1 -1 -1 -1 1 -1 -1 -1 -1 -1 -1 1 
-1 1 -1 -1 -1 -1 -1 -1 -1 -1 -1 1 1 1 -1 -1 -1 -1 -1 -1 
-1 -1 -1 -1 1 -1 -1 -1 -1 -1 -1 1 1 -1 -1 -1 2 7 -1 -1 
-1 -1 -1 1 1 -1 -1 -1 -1 -1 1 -1 7 -1 3 3 3 2 -1 -1 
-1 -1 -1 1 1 -1 -1 -1 3 -1 6 -1 -1 -1 -1 7 -1 7 6 -1 
-1 -1 1 -1 -1 -1 -1 3 -1 -1 -1 6 -1 -1 3 8 7 -1 -1 2 
-1 -1 -1 -1 3 1 1 3 -1 -1 -1 1 6 8 3 3 3 8 8 2 
2 2 -1 -1 3 1 1 1 3 3 2 8 -1 6 -1 8 8 8 8 -1 
8 -1 -1 -1 -1 -1 -1 1 -1 -1 -1 8 6 8 -1 8 8 8 8 -1 
8 2 -1 -1 -1 -1 -1 1 1 8 8 8 -1 8 8 -1 8 -1 8 8 
8 2 -1 -1 -1 -1 -1 -1 8 8 8 -1 8 -1 8 8 -1 2 8 8 
-1 -1 -1 -1 -1 -1 -1 1 1 -1 -1 -1 8 -1 8 -1 -1 8 2 8 
-1 -1 -1 -1 -1 -1 1 -1 1 1 -1 -1 -1 -1 -1 2 8 8 8 -1 
-1 -1 -1 -1 -1 -1 -1 -1 -1 -1 -1 -1 -1 -1 2 -1 -1 8 -1 -1 
-1 -1 -1 -1 -1 -1 -1 -1 -1 -1 -1 -1 -1 -1 -1 1 1 1 -1 -1 
-1 -1 -1 -1 -1 -1 -1 -1 -1 -1 -1 -1 -1 -1 -1 -1 1 -1 1 -1 
-1 -1 -1 -1 1 16 1 1 1 -1 -1 8 8 -1 8 8 -1 -1 -1 2 
-1 -1 1 1 16 1 1 1 1 1 8 8 8 8 -1 8 -1 -1 8 -1 
8 8 -1 -1 16 16 16 1 1 8 8 8 8 8 8 8 -1 -1 -1 8 
8 8 8 -1 16 16 1 -1 -1 8 8 8 -1 8 -1 -1 8 8 -1 8 
8 8 -1 -1 16 -1 -1 -1 -1 -1 8 -1 -1 -1 -1 -1 -1 -1 -1 8 
8 1 8 1 1 16 -1 -1 -1 -1 -1 -1 -1 8 8 -1 -1 8 8 -1 
1 1 1 1 1 -1 -1 -1 -1 -1 -1 -1 8 8 1 1 1 -1 8 8 
1 -1 3 1 1 -1 -1 -1 -1 -1 8 8 -1 -1 1 1 1 1 8 8 
8 1 1 -1 -1 1 -1 1 1 1 1 -1 -1 1 1 -1 8 1 1 8 
-1 1 1 1 1 1 -1 -1 1 1 1 -1 1 1 1 6 1 2 8 1 
8 1 1 1 2 1 -1 1 1 -1 1 -1 -1 1 1 1 2 3 1 8 
1 8 2 2 1 -1 -1 -1 1 -1 1 -1 -1 -1 1 1 3 3 1 1 
1 -1 2 -1 1 -1 -1 -1 1 1 1 1 -1 3 -1 -1 -1 7 1 1 
1 -1 -1 -1 -1 1 2 -1 1 1 1 -1 2 -1 3 7 3 7 7 -1 
-1 1 -1 -1 -1 -1 2 2 -1 2 -1 2 -1 -1 2 -1 3 7 8 8 
8 -1 -1 -1 -1 -1 -1 -1 2 -1 2 -1 -1 -1 -1 -1 3 3 8 -1 
-1 -1 -1 -1 2 -1 1 2 1 -1 2 2 -1 -1 -1 -1 -1 -1 2 2 
-1 -1 -1 2 2 2 1 1 1 1 -1 -1 -1 -1 8 8 -1 -1 -1 2 
-1 -1 -1 -1 2 1 1 1 1 1 1 -1 -1 8 8 -1 -1 2 2 -1 
-1 -1 -1 2 -1 -1 -1 1 1 1 1 8 8 8 8 2 2 2 2 2 
2 -1 -1 -1 2 -1 -1 2 -1 -1 2 -1 1 1 1 1 -1 2 8 9 
-1 2 2 -1 -1 -1 -1 2 2 -1 -1 1 -1 -1 1 -1 2 2 1 -1 
-1 -1 -1 -1 8 -1 -1 -1 -1 -1 -1 -1 1 -1 1 2 2 1 -1 -1 
-1 -1 -1 -1 8 8 -1 -1 1 -1 -1 -1 -1 1 1 1 2 2 2 -1 
-1 8 8 8 8 8 8 -1 1 -1 -1 -1 1 -1 -1 -1 8 8 -1 -1 
-1 8 8 8 -1 8 8 8 -1 -1 -1 -1 -1 -1 -1 -1 -1 -1 8 -1 
1 1 8 8 8 8 1 -1 -1 -1 -1 -1 -1 -1 -1 -1 -1 -1 8 -1 
8 8 2 8 -1 1 1 1 -1 -1 -1 8 -1 -1 -1 -1 -1 -1 -1 1 
2 -1 -1 2 2 -1 1 -1 -1 -1 -1 -1 -1 -1 -1 -1 -1 -1 -1 8 
2 -1 -1 2 -1 -1 1 -1 -1 -1 -1 -1 -1 -1 -1 -1 -1 -1 -1 -1 
1 1 -1 -1 -1 8 -1 8 -1 -1 -1 -1 -1 -1 2 1 -1 -1 -1 1 
1 8 1 8 8 8 8 -1 -1 -1 8 8 -1 2 -1 -1 1 -1 -1 1 
1 8 8 8 -1 -1 -1 -1 -1 8 -1 -1 -1 2 2 2 -1 1 -1 1 
-1 -1 8 8 -1 -1 -1 8 -1 -1 8 -1 -1 2 2 -1 -1 -1 1 1 
1 8 2 2 -1 8 8 8 8 8 -1 -1 2 2 2 -1 2 2 -1 1 
1 1 1 2 -1 8 -1 2 8 8 -1 -1 -1 2 -1 2 2 2 1 1 
-1 8 2 -1 -1 -1 8 8 2 8 8 1 1 1 1 2 9 2 1 -1 
8 8 -1 -1 -1 -1 -1 -1 -1 2 -1 1 1 1 1 8 -1 -1 1 1 
8 8 2 2 -1 -1 -1 -1 -1 -1 -1 2 -1 1 1 1 8 9 9 8 
-1 2 2 2 -1 -1 -1 -1 -1 2 1 1 1 1 1 -1 9 9 8 8 
-1 -1 8 -1 8 8 8 2 8 -1 -1 -1 -1 -1 -1 -1 1 1 1 -1 
-1 8 8 8 8 8 8 2 -1 2 -1 -1 -1 -1 -1 -1 1 -1 1 1 
-1 8 -1 -1 -1 8 8 2 2 2 2 -1 -1 -1 -1 1 -1 -1 2 2 
-1 2 2 -1 -1 8 8 8 2 2 -1 -1 -1 -1 1 -1 -1 2 2 2 
-1 8 2 -1 -1 8 -1 2 2 8 2 -1 -1 -1 -1 -1 -1 -1 2 8 
-1 8 8 -1 -1 8 8 2 2 2 2 2 -1 2 2 -1 -1 -1 8 2 
-1 -1 -1 8 -1 8 8 -1 -1 -1 2 2 -1 -1 2 -1 -1 -1 -1 -1 
-1 8 -1 -1 8 8 -1 -1 -1 8 -1 2 -1 -1 -1 -1 -1 8 -1 8 
8 8 -1 8 8 8 -1 -1 -1 -1 -1 -1 -1 -1 -1 -1 8 -1 8 8 
8 -1 8 -1 8 8 -1 -1 8 -1 -1 -1 -1 -1 -1 -1 2 8 -1 8 
-1 9 8 -1 2 8 8 1 -1 -1 -1 -1 -1 -1 8 8 2 2 2 -1 
1 1 8 2 8 8 1 8 8 -1 -1 -1 -1 -1 -1 1 1 1 1 1 
1 -1 8 2 8 8 8 8 -1 8 -1 -1 -1 -1 1 1 -1 1 1 1 
1 8 8 8 8 8 8 8 8 8 8 -1 -1 1 1 1 -1 -1 1 2 
-1 8 8 8 8 8 8 8 8 -1 -1 -1 1 1 2 1 -1 2 2 -1 
-1 -1 -1 8 8 8 8 8 8 8 -1 1 -1 1 1 2 1 2 2 -1 
-1 8 8 8 8 8 -1 8 8 -1 -1 -1 1 8 -1 -1 -1 1 1 -1 
-1 8 8 8 8 8 8 8 8 8 -1 8 8 -1 1 1 -1 1 -1 -1 
1 -1 8 8 8 8 8 8 8 8 8 1 8 1 1 1 1 1 -1 -1 
-1 -1 -1 8 8 -1 8 8 8 -1 8 8 1 1 1 1 1 1 1 1 
8 8 8 8 8 8 8 8 8 8 8 1 1 8 8 8 8 8 8 8 
8 8 8 -1 2 8 8 8 -1 -1 1 1 8 8 8 8 8 8 8 8 
8 8 8 8 8 8 8 8 8 8 -1 -1 8 8 8 8 8 8 8 8 
8 8 8 -1 8 8 -1 8 8 8 -1 -1 -1 8 8 1 1 8 8 8 
8 8 8 8 8 8 -1 -1 -1 8 -1 -1 -1 8 1 8 8 8 8 8 
-1 -1 8 8 8 8 8 2 -1 8 8 8 -1 8 8 8 8 8 8 8 
8 8 8 -1 -1 -1 1 1 -1 -1 -1 8 8 8 -1 8 8 8 8 8 
8 8 8 -1 1 1 1 1 2 2 -1 8 8 8 8 8 8 8 2 8 
2 8 1 2 1 1 1 1 2 2 2 8 -1 8 8 8 8 2 8 8 
2 8 8 1 1 8 1 8 8 2 8 8 8 8 8 -1 2 2 8 8 
2 8 8 8 8 8 1 2 8 -1 8 8 -1 -1 8 2 8 8 8 2 
8 8 8 8 8 -1 8 2 8 8 8 8 -1 8 8 8 8 8 2 8 
8 8 8 8 -1 2 2 8 2 8 8 8 -1 8 8 8 8 8 8 1 
1 8 8 -1 8 -1 2 2 8 2 8 1 1 1 8 2 8 8 8 1 
8 -1 8 8 8 2 2 2 2 2 -1 1 1 1 2 8 8 8 8 8 
8 -1 8 8 8 -1 -1 2 2 2 8 8 -1 2 1 8 8 8 -1 2 
8 8 8 8 8 8 2 2 2 2 8 8 8 2 8 -1 8 -1 8 2 
1 -1 2 8 8 2 -1 2 2 2 -1 -1 8 8 -1 8 8 8 2 2 
8 -1 8 8 8 40 40 2 2 8 -1 2 -1 8 8 8 8 8 8 -1 
8 8 8 -1 8 8 -1 8 2 8 8 -1 8 8 8 8 8 8 -1 8 
8 -1 -1 -1 -1 -1 1 -1 -1 -1 -1 -1 -1 1 1 1 8 8 8 8 
-1 -1 -1 -1 -1 -1 -1 -1 1 1 -1 8 1 1 8 8 8 8 8 8 
8 -1 8 1 -1 -1 -1 -1 1 1 1 8 1 8 8 8 8 8 8 8 
1 8 2 2 2 -1 -1 -1 1 1 8 8 8 8 8 8 8 2 8 8 
1 2 2 2 2 -1 -1 -1 -1 1 8 8 8 8 8 2 2 -1 8 8 
8 2 2 2 -1 1 -1 -1 -1 -1 -1 -1 8 8 8 -1 2 2 2 8 
2 2 2 2 1 1 -1 -1 -1 -1 -1 1 1 8 2 2 2 2 2 2 
-1 2 2 2 2 1 -1 -1 -1 1 -1 1 1 -1 8 8 -1 2 2 2 
2 2 2 1 -1 -1 -1 -1 1 -1 -1 -1 -1 8 8 -1 -1 -1 2 2 
2 2 1 1 1 -1 -1 -1 2 1 -1 -1 -1 -1 8 -1 -1 -1 2 2 
2 2 1 1 1 1 -1 -1 -1 1 -1 -1 -1 -1 -1 -1 -1 -1 -1 2 
2 8 8 -1 -1 1 1 1 1 -1 1 1 1 -1 -1 -1 -1 1 8 8 
8 8 8 -1 -1 1 1 1 2 -1 -1 -1 -1 -1 -1 -1 -1 8 8 8 
-1 8 8 8 -1 2 9 2 -1 2 -1 -1 1 -1 -1 -1 8 8 8 8 
8 8 8 8 -1 -1 1 9 2 2 -1 -1 8 1 1 -1 -1 8 8 8 
-1 8 8 -1 -1 1 1 -1 1 2 -1 -1 -1 -1 -1 -1 -1 -1 8 -1 
-1 -1 -1 -1 -1 -1 1 1 2 2 -1 -1 -1 1 -1 -1 2 8 -1 -1 
-1 8 -1 8 -1 1 1 1 1 2 2 -1 -1 -1 1 -1 -1 2 -1 8 
8 -1 8 8 8 -1 1 1 1 -1 -1 -1 -1 8 8 2 2 2 8 -1 
-1 -1 -1 8 8 -1 -1 1 -1 -1 -1 -1 -1 -1 8 8 8 -1 8 -1 
-1 -1 2 2 2 -1 -1 -1 -1 1 1 40 -1 40 40 2 2 2 2 2 
2 -1 -1 -1 2 2 2 -1 -1 -1 1 40 40 40 40 6 6 2 2 -1 
2 2 2 -1 -1 2 2 1 1 -1 40 40 -1 1 1 -1 2 2 6 6 
-1 2 -1 -1 2 2 -1 -1 1 8 40 40 40 40 40 1 6 6 6 2 
-1 -1 -1 -1 2 2 -1 -1 -1 -1 -1 40 1 40 40 40 40 -1 -1 -1 
-1 -1 -1 -1 -1 -1 -1 -1 -1 -1 -1 1 -1 40 40 40 40 2 2 -1 
-1 -1 -1 -1 -1 -1 -1 -1 -1 -1 -1 8 8 40 40 -1 -1 -1 2 -1 
1 -1 1 -1 -1 -1 1 1 -1 -1 -1 8 2 8 40 -1 -1 -1 -1 -1 
-1 1 1 -1 -1 -1 1 -1 -1 -1 8 8 -1 2 -1 -1 -1 -1 -1 1 
1 1 1 -1 1 -1 8 -1 -1 8 2 2 8 2 8 8 2 2 -1 1 
1 -1 2 2 -1 1 8 2 -1 2 2 2 2 8 1 -1 2 2 2 1 
1 1 -1 2 2 -1 1 8 2 2 2 2 2 2 8 -1 2 1 1 -1 
1 1 -1 -1 2 -1 8 3 -1 8 8 2 2 2 -1 -1 -1 1 -1 -1 
1 -1 -1 -1 -1 8 8 3 8 8 8 2 -1 -1 2 -1 1 -1 -1 -1 
-1 2 2 -1 -1 -1 8 8 8 -1 -1 -1 -1 -1 -1 1 2 1 -1 -1 
-1 2 2 -1 -1 8 -1 8 8 -1 -1 -1 8 8 1 2 2 2 1 8 
2 -1 2 -1 -1 -1 8 -1 8 -1 8 8 8 8 1 2 2 1 2 -1 
2 -1 -1 -1 -1 8 -1 -1 -1 8 8 8 8 8 8 2 2 2 1 2 
2 -1 -1 -1 -1 -1 -1 -1 2 1 8 8 8 8 8 2 2 2 2 2 
2 -1 -1 -1 -1 -1 -1 -1 2 -1 8 8 -1 2 40 2 40 2 2 2 
2 2 8 8 8 8 8 2 2 8 8 1 -1 -1 2 2 -1 -1 1 1 
1 2 -1 8 8 8 8 8 8 8 8 1 1 -1 -1 2 8 8 1 1 
1 -1 -1 8 8 8 8 2 8 8 -1 1 1 1 8 8 -1 2 -1 8 
8 8 2 8 8 8 8 2 8 8 8 1 1 2 8 8 2 2 2 8 
8 8 -1 2 8 8 2 2 8 8 1 1 1 1 2 1 8 2 8 8 
8 1 1 -1 2 2 2 8 8 8 8 8 1 1 2 2 8 8 8 8 
8 1 -1 -1 -1 8 2 2 8 8 8 8 2 -1 2 2 8 8 8 8 
1 8 -1 -1 8 2 8 8 8 8 8 9 -1 2 2 2 8 8 8 2 
2 8 8 8 2 8 2 8 8 8 9 8 2 2 2 8 8 8 8 1 
1 1 8 -1 1 1 1 8 8 8 9 8 2 2 2 2 8 8 1 1 
1 1 1 2 8 1 1 2 8 8 2 8 2 2 2 8 8 8 1 8 
1 1 1 1 1 8 8 8 8 2 8 8 -1 2 2 8 8 8 8 1 
1 1 1 1 1 2 2 8 2 -1 8 8 8 8 2 8 8 8 8 8 
8 1 1 1 1 1 8 8 2 -1 8 8 8 8 8 8 8 -1 1 8 
8 1 8 8 1 1 1 8 -1 8 8 -1 8 8 8 8 -1 1 1 1 
1 1 1 1 1 1 2 2 2 -1 8 8 -1 8 8 1 1 1 1 1 
1 1 1 1 1 1 2 2 2 -1 -1 -1 -1 -1 -1 3 1 1 2 1 
1 2 -1 -1 1 2 2 2 1 -1 -1 8 8 8 3 3 8 1 1 1 
2 2 8 -1 -1 2 2 1 1 -1 -1 -1 8 2 1 8 8 1 1 1 
1 2 2 8 8 -1 -1 2 1 8 8 -1 -1 -1 -1 -1 -1 -1 -1 2 
-1 -1 -1 -1 -1 -1 8 8 -1 -1 8 2 8 8 -1 2 8 2 2 8 
-1 -1 -1 -1 -1 -1 -1 -1 -1 -1 -1 8 8 8 2 2 8 2 8 8 
1 -1 -1 8 -1 -1 -1 -1 8 -1 8 8 8 2 8 8 8 8 1 3 
2 8 8 8 8 8 10 10 10 8 -1 8 8 2 8 8 2 2 8 1 
8 2 8 8 8 8 10 10 8 8 8 2 2 2 2 2 8 2 3 8 
1 1 1 8 8 8 8 8 8 1 8 2 2 2 2 2 2 2 1 3 
1 1 8 8 8 8 8 8 8 8 8 8 8 2 2 2 2 1 1 2 
2 1 1 8 8 8 8 8 8 8 8 8 8 -1 -1 2 2 -1 8 -1 
8 2 1 1 8 -1 8 8 8 2 8 8 -1 8 8 8 2 -1 8 8 
2 2 1 1 -1 8 -1 -1 2 2 2 9 9 2 2 2 2 -1 8 8 
8 2 -1 1 1 8 8 8 2 8 8 8 8 2 2 2 2 2 8 8 
-1 1 8 8 2 8 8 8 8 8 8 2 8 9 9 2 2 8 8 2 
-1 2 1 2 2 8 2 8 8 8 8 8 8 9 8 8 8 8 8 -1 
2 1 2 2 2 2 8 8 8 8 2 8 2 2 8 8 8 8 -1 8 
-1 2 1 2 2 8 8 8 8 8 8 8 8 2 2 2 -1 2 8 -1 
-1 1 1 1 2 2 8 8 8 8 -1 8 2 8 8 8 8 2 -1 1 
1 -1 -1 1 2 1 8 1 8 8 -1 8 8 8 8 8 8 2 2 2 
-1 1 -1 8 8 2 8 8 8 8 8 8 8 8 8 8 -1 2 2 8 
-1 -1 1 1 8 8 1 1 8 8 8 8 8 -1 8 8 -1 2 -1 8 
8 -1 1 -1 8 8 8 8 -1 8 8 -1 -1 8 8 2 -1 2 -1 8 
8 8 8 2 1 8 8 -1 8 8 8 8 -1 -1 -1 1 3 8 8 1 
8 8 8 1 8 1 8 8 8 -1 8 8 1 1 1 1 1 8 1 8 
8 8 1 8 8 -1 8 8 -1 -1 -1 8 8 1 -1 1 -1 1 2 2 
1 8 1 1 8 8 8 8 -1 -1 -1 -1 8 -1 -1 -1 -1 2 2 1 
1 1 8 1 8 8 8 8 -1 -1 -1 -1 8 -1 1 1 2 2 1 1 
1 8 1 8 8 8 8 8 8 -1 -1 8 -1 -1 1 1 -1 1 1 2 
8 1 1 2 2 8 8 8 8 2 8 2 -1 2 1 8 8 1 -1 1 
1 2 1 2 2 2 8 2 8 8 8 8 8 -1 8 8 1 1 -1 1 
1 1 1 3 2 2 2 8 2 8 8 8 8 8 8 1 8 8 1 8 
1 1 2 2 8 2 1 1 8 -1 -1 8 8 8 8 8 1 -1 8 1 
1 1 3 2 8 8 8 8 8 8 8 8 8 8 8 8 8 8 8 -1 
8 8 8 3 8 8 -1 8 8 8 8 -1 8 -1 8 8 8 8 8 8 
1 8 8 8 8 8 8 8 8 8 8 8 -1 8 8 8 1 8 8 1 
-1 8 8 8 8 8 8 8 8 8 8 16 16 10 10 8 8 1 8 8 
8 8 8 8 8 8 16 16 8 8 16 8 8 16 1 1 8 1 8 8 
1 1 8 8 8 8 16 8 8 8 8 8 8 -1 16 1 1 1 -1 8 
1 8 8 8 8 8 16 1 8 8 8 8 8 -1 -1 1 1 1 8 1 
1 1 2 8 8 8 -1 8 8 2 8 -1 -1 -1 -1 1 1 1 -1 8 
1 8 -1 8 8 8 8 8 8 8 2 -1 -1 -1 -1 1 1 1 1 1 
8 8 2 2 8 1 8 8 8 2 8 -1 -1 -1 3 1 8 1 8 8 
1 1 1 2 10 8 -1 -1 8 1 1 1 8 8 1 8 8 1 1 1 
1 1 2 -1 8 1 8 8 8 -1 8 1 8 8 -1 8 8 1 1 1 
1 1 1 1 1 10 10 10 8 8 1 1 8 8 8 8 8 1 1 1 
-1 1 1 1 1 10 10 10 8 8 8 8 8 8 8 8 8 1 -1 1 
-1 1 8 1 10 10 10 8 8 8 8 8 8 8 8 1 1 1 -1 -1 
1 1 1 10 10 1 10 8 8 8 8 8 8 -1 8 1 1 1 1 1 
-1 1 -1 10 -1 10 8 10 8 8 8 8 8 8 8 1 1 1 1 1 
1 1 -1 2 10 8 8 8 8 8 -1 8 8 8 8 1 -1 -1 1 1 
1 -1 2 2 -1 8 8 8 8 8 8 -1 8 8 8 1 1 1 -1 1 
2 2 2 2 2 -1 8 8 8 8 -1 1 8 1 1 8 -1 -1 1 -1 
2 1 1 2 -1 8 8 8 8 2 2 8 1 8 8 8 1 1 1 2 
-1 1 -1 -1 1 -1 1 8 2 1 2 1 1 1 8 1 1 1 8 1 
-1 1 1 1 1 1 2 2 2 8 1 1 1 1 8 8 8 -1 8 1 
1 1 1 1 2 1 2 2 8 -1 1 1 1 1 8 8 8 8 8 8 
2 1 1 1 1 2 8 8 8 1 1 1 1 1 8 -1 -1 -1 -1 2 
1 8 1 1 1 8 8 8 8 2 1 1 1 1 1 8 2 2 2 2 
2 8 8 8 8 1 1 8 1 2 1 1 2 1 1 2 2 8 2 2 
1 1 1 8 1 2 1 8 -1 1 1 2 -1 1 2 8 8 2 2 1 
1 1 2 -1 2 2 8 8 1 8 1 1 1 1 8 1 8 8 1 1 
8 1 1 2 1 8 2 1 8 8 1 1 1 1 1 8 1 1 1 1 
1 1 1 -1 1 -1 1 1 -1 8 8 -1 -1 1 1 -1 -1 1 1 1 
1 -1 -1 1 1 1 1 -1 8 8 8 8 -1 1 1 -1 -1 -1 1 1 
-1 1 1 1 -1 1 -1 -1 8 8 8 8 1 2 2 -1 -1 -1 -1 -1 
1 -1 1 -1 -1 -1 -1 8 2 8 8 2 3 -1 2 -1 -1 -1 -1 -1 
1 1 -1 -1 -1 -1 -1 -1 2 2 2 2 2 2 -1 -1 -1 8 -1 -1 
1 -1 1 -1 -1 -1 -1 -1 -1 2 2 2 2 -1 2 -1 -1 -1 -1 -1 
1 1 -1 -1 8 -1 -1 -1 -1 2 8 2 2 2 2 2 2 2 2 -1 
-1 1 -1 8 8 2 -1 1 1 -1 1 -1 2 2 2 2 2 2 2 1 
1 -1 8 8 2 2 2 1 1 1 1 -1 2 2 2 2 -1 2 1 1 
1 -1 8 -1 2 2 2 -1 1 1 1 2 2 2 2 2 2 2 3 1 
8 8 8 1 -1 2 2 2 -1 1 1 2 -1 2 -1 -1 -1 -1 2 3 
-1 1 -1 1 -1 -1 1 2 2 2 2 -1 2 -1 -1 -1 -1 -1 -1 -1 
-1 -1 1 1 1 1 1 2 2 1 1 2 2 -1 -1 -1 -1 -1 -1 -1 
1 1 1 1 1 1 1 1 -1 2 1 2 2 -1 -1 -1 -1 -1 1 -1 
1 1 1 -1 1 1 1 -1 2 2 2 2 2 2 -1 -1 -1 1 1 1 
-1 1 1 8 8 1 1 -1 2 -1 -1 -1 -1 2 -1 -1 -1 1 1 1 
-1 -1 8 1 8 1 1 1 1 -1 -1 1 1 1 -1 -1 -1 -1 -1 1 
1 -1 1 8 1 1 1 -1 1 -1 1 -1 -1 -1 -1 -1 -1 -1 -1 -1 
-1 1 1 1 1 1 1 1 1 -1 -1 -1 -1 -1 -1 -1 -1 1 1 -1 
1 1 1 -1 1 1 -1 1 8 -1 -1 -1 -1 -1 -1 -1 -1 1 -1 -1 
1 1 -1 1 1 1 1 1 1 1 -1 2 2 2 2 2 2 2 -1 1 
-1 1 1 -1 1 1 1 1 1 1 2 -1 -1 2 -1 2 -1 1 -1 -1 
-1 -1 -1 -1 1 1 1 1 1 1 1 2 -1 2 2 1 -1 1 1 -1 
-1 -1 -1 1 -1 -1 1 1 -1 -1 1 -1 2 2 -1 -1 1 -1 -1 -1 
-1 -1 -1 -1 1 5 1 1 1 -1 1 -1 1 1 2 2 -1 -1 -1 -1 
-1 -1 -1 -1 -1 1 1 1 -1 1 1 -1 2 1 1 2 -1 -1 -1 -1 
-1 -1 -1 1 -1 1 1 1 1 -1 1 1 -1 1 2 1 -1 2 -1 -1 
-1 2 -1 -1 1 1 -1 1 1 1 1 8 8 -1 -1 -1 -1 2 2 -1 
-1 -1 2 2 1 1 1 1 1 8 2 2 8 8 -1 2 2 2 2 2 
-1 -1 2 2 2 1 1 2 1 8 2 1 8 8 8 8 2 2 2 2 
-1 2 2 2 2 2 2 8 8 -1 1 8 8 8 8 2 2 2 2 2 
2 -1 -1 2 2 2 2 -1 8 8 8 8 8 8 8 8 -1 -1 1 -1 
2 2 2 2 2 2 -1 2 -1 8 8 8 1 8 8 1 1 1 -1 2 
2 2 2 -1 2 2 -1 2 8 2 2 2 -1 1 1 1 1 1 -1 2 
3 2 2 2 -1 2 2 -1 2 2 2 -1 -1 1 1 1 -1 -1 1 2 
-1 3 2 2 2 2 2 2 2 2 2 -1 -1 -1 1 -1 -1 8 8 3 
3 2 2 2 2 -1 1 2 2 2 -1 -1 -1 -1 -1 1 -1 -1 8 3 
2 2 2 2 2 2 1 2 -1 2 2 2 -1 -1 -1 -1 1 -1 8 1 
1 2 -1 2 1 1 1 1 1 2 2 2 2 2 -1 2 -1 -1 -1 1 
-1 1 2 -1 1 1 1 1 2 2 2 -1 2 2 2 2 2 -1 1 1 
-1 1 -1 8 1 1 1 1 32 2 1 1 1 2 -1 1 -1 -1 1 1 
1 -1 -1 2 1 1 1 1 1 32 -1 1 1 2 1 -1 -1 1 1 1 
1 1 -1 2 -1 1 1 1 1 1 1 1 1 2 2 1 1 1 1 1 
-1 1 1 -1 -1 -1 1 1 1 1 1 1 1 1 2 1 1 1 1 1 
1 1 -1 1 -1 -1 -1 -1 2 -1 -1 1 1 1 1 -1 1 1 1 1 
1 -1 1 2 -1 -1 2 2 -1 -1 -1 1 1 1 -1 1 1 1 -1 1 
2 1 1 1 1 -1 2 2 2 2 1 1 1 1 1 1 -1 -1 1 1 
1 2 1 2 2 2 2 2 2 2 2 1 1 1 1 1 1 1 1 2 
1 -1 1 2 2 2 2 2 2 2 2 1 1 1 1 1 1 1 1 1 
1 1 2 1 2 2 2 2 2 -1 2 1 1 -1 1 1 1 1 -1 1 
1 1 2 2 2 2 2 -1 2 -1 -1 -1 1 1 -1 -1 1 1 1 1 
1 8 2 2 -1 2 2 2 2 2 1 -1 1 1 -1 1 -1 8 1 1 
1 8 2 2 -1 2 -1 -1 2 1 1 1 -1 -1 1 2 1 -1 8 8 
8 2 -1 2 2 -1 1 2 1 1 -1 -1 -1 -1 -1 1 1 1 -1 1 
2 2 -1 2 -1 2 -1 1 -1 -1 -1 -1 -1 -1 -1 -1 1 -1 1 1 
2 2 2 2 -1 -1 -1 -1 -1 -1 2 -1 -1 -1 1 1 1 1 1 1 
2 2 2 2 -1 -1 1 -1 1 -1 -1 2 -1 1 -1 2 1 4 -1 2 
2 2 2 -1 -1 1 -1 -1 1 -1 2 -1 2 2 2 -1 4 5 4 2 
2 -1 2 2 -1 -1 -1 -1 -1 -1 2 -1 1 -1 -1 2 -1 5 5 2 
2 2 -1 8 2 2 -1 -1 -1 2 2 1 1 -1 -1 -1 1 5 1 2 
4 4 4 32 -1 -1 2 2 -1 -1 -1 -1 -1 4 4 4 4 4 4 4 
4 -1 -1 2 -1 1 1 2 -1 -1 -1 -1 -1 1 4 4 4 4 4 4 
-1 -1 32 32 2 1 2 4 -1 -1 -1 2 -1 4 4 4 -1 4 4 4 
-1 -1 32 32 -1 1 1 1 -1 2 2 -1 -1 -1 4 -1 4 4 4 1 
-1 -1 32 1 32 32 -1 -1 1 8 2 2 2 -1 -1 4 4 1 1 32 
32 1 1 -1 -1 32 -1 -1 2 8 2 2 2 -1 4 4 1 4 32 -1 
32 -1 -1 1 -1 1 -1 -1 8 2 4 2 -1 -1 2 2 4 1 -1 32 
-1 -1 1 32 1 1 -1 -1 -1 4 2 2 8 1 2 -1 4 -1 -1 -1 
-1 -1 32 32 1 1 1 -1 -1 2 2 8 2 -1 8 8 1 -1 1 -1 
-1 -1 1 32 1 1 2 2 2 2 8 8 8 8 2 1 -1 -1 1 1 
-1 4 32 1 1 1 -1 -1 1 8 2 8 8 1 2 1 1 -1 -1 2 
1 32 32 -1 1 -1 -1 -1 -1 1 2 1 1 1 1 -1 1 -1 1 1 
-1 -1 -1 32 2 -1 -1 -1 1 1 1 1 1 -1 1 -1 -1 -1 1 1 
4 -1 32 32 2 -1 -1 -1 -1 1 -1 4 4 1 -1 -1 -1 -1 -1 4 
1 32 -1 4 -1 -1 -1 -1 -1 1 4 2 -1 2 -1 2 2 -1 6 6 
4 -1 4 4 -1 -1 -1 -1 1 2 1 2 -1 -1 2 8 -1 -1 6 -1 
4 4 4 4 4 -1 -1 -1 2 1 2 2 2 2 2 2 2 8 4 4 
4 4 4 -1 -1 -1 -1 -1 -1 1 2 2 2 2 2 2 -1 8 8 4 
-1 4 4 -1 -1 -1 -1 -1 1 -1 -1 -1 4 -1 -1 4 2 2 -1 8 
-1 4 4 32 2 -1 -1 -1 1 1 -1 -1 -1 4 4 4 4 4 4 4 
-1 -1 4 -1 4 4 4 4 -1 1 2 4 2 8 8 8 8 8 -1 2 
-1 -1 -1 4 4 4 4 4 4 4 4 32 -1 8 8 -1 -1 -1 -1 -1 
2 -1 -1 4 4 4 4 4 32 32 -1 32 8 8 8 8 4 4 -1 4 
2 -1 -1 4 4 32 32 32 32 -1 1 -1 -1 -1 6 -1 4 4 4 2 
2 4 4 4 -1 -1 32 32 -1 1 -1 -1 -1 6 -1 8 8 4 4 2 
-1 -1 32 4 -1 40 -1 32 32 5 5 -1 -1 -1 8 4 4 6 -1 -1 
-1 -1 32 32 32 -1 32 32 32 32 5 -1 -1 8 -1 -1 4 -1 -1 -1 
1 -1 32 32 -1 -1 -1 32 32 32 -1 -1 2 2 4 6 4 4 4 -1 
1 32 1 6 1 -1 32 32 32 32 32 2 2 6 6 4 4 4 4 4 
-1 1 -1 -1 1 -1 32 32 32 32 40 40 40 2 2 2 -1 -1 2 1 
1 1 4 1 -1 4 32 32 32 -1 32 4 -1 4 -1 4 2 2 1 4 
-1 1 1 1 4 4 4 4 4 4 4 -1 4 4 4 2 4 4 2 4 
4 4 4 1 1 1 2 4 2 4 4 4 4 4 4 4 -1 -1 4 4 
4 -1 4 4 2 2 -1 4 2 32 4 4 4 -1 32 4 -1 -1 4 4 
4 4 4 4 4 2 4 4 -1 4 32 32 32 32 4 32 4 2 2 -1 
4 4 4 4 4 2 4 4 4 4 32 32 -1 -1 -1 4 4 2 -1 -1 
4 4 4 4 4 4 4 4 4 4 4 32 -1 -1 -1 -1 -1 4 4 4 
4 4 5 4 4 4 4 4 -1 -1 1 8 -1 -1 -1 -1 -1 4 4 -1 
4 1 4 5 5 4 4 4 -1 4 2 2 8 8 -1 -1 5 8 -1 1 
2 -1 -1 4 5 4 4 4 4 4 4 2 2 -1 8 -1 8 5 2 2 
33 33 40 6 6 6 6 4 2 2 4 -1 6 6 6 4 4 -1 -1 33 
4 32 32 1 6 32 6 32 32 2 2 -1 6 4 6 6 -1 1 1 1 
4 32 4 1 1 32 32 32 1 32 2 4 4 4 6 1 1 1 4 1 
32 4 32 32 1 32 1 1 1 2 1 4 1 6 6 -1 1 -1 4 4 
1 1 -1 -1 2 2 1 1 1 2 1 1 4 4 1 1 6 6 4 4 
1 2 -1 2 32 32 32 -1 1 1 1 1 1 -1 4 6 1 6 1 1 
2 1 -1 32 32 1 1 2 1 1 2 1 4 4 4 -1 4 6 4 -1 
1 -1 1 4 32 1 32 2 2 2 2 4 4 4 4 4 4 4 2 2 
4 -1 1 4 4 4 4 -1 2 32 -1 4 4 4 4 4 4 -1 -1 -1 
4 4 1 -1 4 2 2 2 -1 32 2 2 4 4 4 4 4 -1 -1 -1 
4 4 4 4 4 2 4 -1 4 4 2 4 4 4 4 6 4 4 -1 -1 
4 -1 4 4 4 4 4 5 4 5 7 4 5 4 4 4 4 4 -1 -1 
4 4 4 4 8 4 5 4 5 4 5 5 4 5 4 -1 4 -1 -1 4 
4 4 4 8 4 4 4 4 5 4 5 5 5 -1 -1 -1 -1 -1 -1 4 
4 4 4 8 8 4 5 4 4 5 4 4 5 4 -1 -1 4 4 -1 -1 
1 4 8 4 2 2 4 4 4 5 4 4 5 -1 4 4 4 4 4 5 
33 4 4 2 2 2 4 4 5 4 5 4 5 -1 4 4 6 4 33 33 
33 33 4 -1 4 4 4 4 -1 5 4 4 6 4 6 6 4 4 5 33 
33 33 33 4 4 4 2 4 5 5 5 5 4 6 6 4 -1 -1 33 33 
33 33 33 4 6 2 4 4 -1 5 4 4 6 6 6 6 4 -1 33 33 
5 5 4 5 -1 4 5 4 4 -1 4 1 1 33 33 33 -1 1 4 5 
5 5 5 4 4 4 4 4 4 4 4 4 4 5 33 33 1 4 1 4 
5 5 2 4 4 4 4 4 4 4 4 5 1 1 1 1 5 5 4 4 
5 -1 2 4 4 4 4 4 -1 4 5 1 5 1 1 1 5 5 5 4 
4 5 4 4 4 4 4 4 -1 32 2 1 5 5 -1 5 4 4 4 4 
4 4 4 4 4 5 2 2 4 4 32 2 1 1 1 1 4 4 -1 4 
1 1 4 1 5 5 5 2 4 32 32 32 32 6 1 6 -1 7 2 4 
5 1 -1 6 5 5 -1 5 32 -1 5 4 32 6 6 6 7 7 -1 5 
5 5 5 6 6 6 5 32 32 5 4 32 4 6 6 5 5 -1 4 -1 
2 5 5 5 5 2 32 32 5 5 32 6 4 6 4 5 5 4 4 5 
2 5 5 5 4 4 4 4 5 32 6 4 4 4 4 4 5 4 4 -1 
-1 -1 -1 4 2 4 2 -1 32 6 -1 6 6 4 -1 5 4 4 4 4 
-1 -1 4 -1 4 4 4 4 4 4 4 -1 4 4 4 -1 5 -1 5 4 
-1 -1 -1 -1 4 4 4 6 6 -1 4 4 33 4 4 5 5 4 -1 -1 
-1 4 -1 -1 4 4 4 4 4 4 4 4 4 33 4 4 4 33 4 -1 
-1 -1 4 4 4 4 4 4 4 4 -1 4 4 33 4 33 4 -1 -1 -1 
6 4 40 4 4 2 6 4 4 4 4 33 33 1 33 4 33 4 -1 -1 
4 4 40 40 2 6 4 6 4 4 4 33 1 33 4 4 6 -1 -1 4 
4 4 4 4 4 -1 2 -1 6 4 4 1 33 1 4 -1 -1 -1 -1 6 
5 5 4 4 -1 4 4 -1 32 4 1 1 33 33 33 4 -1 -1 -1 4 
-1 2 2 6 1 5 5 2 5 5 -1 -1 -1 -1 32 4 1 5 5 5 
6 6 -1 6 2 2 2 2 5 -1 5 32 32 32 4 5 4 4 4 5 
4 6 2 2 2 2 5 5 2 -1 32 7 32 4 -1 5 4 -1 4 4 
5 5 6 2 2 2 5 2 2 2 5 5 32 4 4 5 5 -1 -1 4 
4 6 6 2 -1 2 2 5 4 4 7 4 4 4 4 32 32 32 5 5 
5 2 1 1 -1 5 -1 4 4 4 7 4 4 5 5 4 32 5 5 -1 
2 2 1 1 -1 5 5 2 4 5 7 4 4 4 5 40 -1 2 2 2 
2 -1 2 -1 -1 -1 5 5 -1 4 4 2 -1 4 32 40 40 5 -1 2 
2 1 2 2 5 2 -1 5 4 4 2 2 -1 -1 4 40 40 -1 2 -1 
1 4 1 1 5 5 2 4 -1 2 32 2 -1 -1 -1 4 4 4 4 1 
4 4 4 4 2 4 32 4 -1 2 2 1 1 1 32 4 4 4 4 4 
4 2 4 -1 1 1 32 32 -1 2 2 1 1 1 1 32 4 4 1 -1 
2 2 1 1 2 1 1 1 2 2 2 1 1 1 1 -1 32 1 2 2 
2 2 -1 1 1 2 1 -1 -1 2 -1 1 2 2 1 1 1 4 1 1 
5 -1 5 1 2 2 -1 -1 -1 -1 -1 2 -1 1 1 32 1 -1 1 2 
5 -1 5 -1 -1 2 -1 5 -1 -1 2 2 -1 1 32 1 1 5 5 5 
5 1 5 5 -1 -1 4 5 -1 -1 -1 -1 2 6 32 1 1 1 5 5 
5 5 1 1 -1 -1 5 4 -1 -1 -1 -1 32 32 32 2 1 1 5 5 
5 2 1 -1 -1 -1 -1 -1 5 5 5 -1 32 -1 2 1 1 1 -1 -1 
2 2 -1 2 -1 5 5 -1 5 5 5 32 -1 32 2 4 1 1 5 5 
1 -1 4 4 4 4 2 4 4 -1 -1 4 4 -1 -1 4 -1 4 1 1 
4 6 6 4 4 4 -1 4 4 2 5 -1 4 5 -1 -1 4 -1 -1 4 
6 6 6 4 4 -1 4 4 2 2 2 5 2 -1 -1 -1 -1 -1 -1 4 
4 2 6 4 4 4 4 4 4 2 -1 5 2 2 -1 -1 -1 -1 -1 6 
4 4 6 4 -1 4 4 4 2 5 4 -1 2 2 2 1 -1 -1 2 4 
6 4 -1 4 4 4 2 4 5 2 4 2 4 2 -1 1 1 1 1 1 
1 6 4 4 4 -1 4 4 5 4 4 4 1 1 -1 1 1 1 4 1 
2 4 4 4 2 2 4 -1 5 -1 4 4 -1 1 -1 4 4 4 4 -1 
2 -1 -1 4 5 2 4 6 5 -1 -1 4 4 -1 -1 -1 4 -1 4 -1 
-1 -1 5 -1 4 5 5 10 5 5 4 4 4 -1 2 2 2 4 -1 -1 
-1 4 6 5 5 5 5 10 10 10 4 3 4 -1 2 2 -1 1 4 -1 
1 -1 -1 6 5 5 10 5 10 10 3 3 3 3 2 2 -1 -1 -1 -1 
1 1 4 4 2 5 10 10 10 3 6 3 3 3 3 2 -1 4 2 1 
2 1 4 2 6 10 10 10 -1 6 -1 3 3 -1 3 3 -1 4 4 2 
2 6 2 -1 2 10 10 10 4 -1 4 4 4 3 3 3 3 4 4 4 
1 2 2 2 2 2 2 4 5 4 4 4 -1 3 3 3 -1 1 1 6 
6 2 2 2 2 2 2 -1 4 -1 4 4 4 -1 -1 3 -1 -1 4 4 
4 -1 2 2 2 2 2 5 -1 -1 -1 4 -1 -1 1 1 1 1 -1 1 
1 4 -1 4 4 4 4 4 4 -1 4 5 4 -1 5 1 1 1 4 4 
4 1 4 4 4 4 4 4 4 4 4 4 4 5 5 5 4 -1 1 1 
3 2 2 8 2 10 -1 2 -1 -1 -1 2 2 -1 -1 -1 -1 -1 -1 3 
3 2 2 8 2 -1 -1 -1 2 -1 -1 -1 -1 -1 -1 -1 -1 -1 2 3 
2 2 2 2 2 -1 2 -1 -1 2 -1 -1 -1 -1 -1 -1 -1 -1 2 2 
2 2 2 2 2 1 -1 1 2 2 2 -1 -1 -1 -1 -1 -1 -1 2 2 
2 2 2 2 1 2 1 1 1 -1 2 1 1 4 -1 -1 -1 -1 2 2 
2 2 2 2 2 2 2 1 -1 -1 1 -1 1 1 -1 -1 4 -1 2 -1 
2 2 2 2 2 2 -1 1 4 -1 -1 -1 1 1 1 4 2 -1 -1 2 
2 2 2 -1 10 2 2 -1 4 4 -1 1 1 -1 -1 4 -1 2 2 -1 
2 2 2 2 2 2 2 1 4 4 1 1 -1 -1 -1 -1 2 2 2 2 
2 2 2 2 -1 2 1 1 -1 -1 4 1 -1 -1 32 32 4 -1 4 2 
4 2 2 2 2 2 1 1 -1 2 1 -1 -1 4 4 4 -1 4 2 2 
4 2 2 2 2 2 1 1 -1 -1 -1 2 2 2 2 -1 4 2 4 4 
4 2 2 2 2 -1 1 1 -1 -1 -1 -1 4 2 -1 4 4 4 4 4 
2 2 -1 2 -1 -1 4 -1 4 4 4 4 2 2 -1 4 4 4 4 4 
4 -1 2 2 2 -1 -1 4 -1 4 4 -1 -1 -1 2 4 4 4 4 4 
-1 -1 -1 2 -1 -1 4 4 4 4 4 4 4 -1 -1 4 -1 4 4 4 
-1 -1 -1 -1 -1 -1 4 -1 4 4 4 4 -1 -1 -1 -1 -1 4 4 4 
-1 -1 -1 2 -1 -1 -1 4 4 -1 -1 3 -1 -1 4 4 4 -1 4 -1 
3 -1 2 10 2 2 2 2 3 -1 3 -1 2 2 4 4 4 4 -1 -1 
3 3 2 10 2 2 2 2 -1 -1 3 2 2 -1 -1 4 4 4 -1 -1 
2 2 2 2 1 1 1 1 2 2 -1 2 -1 -1 -1 4 1 1 2 2 
2 2 2 2 2 2 1 1 1 1 -1 1 4 4 -1 -1 -1 2 2 1 
-1 2 -1 2 2 2 -1 -1 1 -1 1 -1 -1 4 4 -1 -1 1 1 2 
2 2 -1 2 -1 -1 -1 1 -1 1 1 1 1 4 2 2 1 2 1 2 
2 2 -1 -1 -1 -1 4 4 1 1 1 1 2 -1 2 2 -1 2 2 2 
2 2 -1 -1 -1 -1 -1 4 4 -1 1 1 1 2 2 2 -1 2 2 2 
2 2 2 -1 -1 -1 -1 4 2 1 -1 1 2 1 1 2 2 2 2 2 
2 -1 -1 -1 -1 -1 -1 -1 4 -1 -1 1 1 1 1 1 1 2 1 2 
-1 2 -1 2 2 -1 -1 4 4 -1 -1 1 1 1 1 1 1 1 2 2 
2 2 2 2 2 -1 -1 -1 -1 4 -1 1 1 -1 1 1 -1 1 2 2 
2 2 2 -1 2 -1 -1 -1 -1 -1 2 4 4 -1 1 1 -1 2 2 2 
2 2 2 2 2 2 2 2 -1 -1 -1 2 4 4 2 -1 2 -1 2 2 
2 -1 2 2 1 2 2 2 2 2 -1 4 -1 -1 -1 2 2 2 2 2 
2 2 2 1 1 2 2 2 2 2 -1 4 1 2 2 2 2 2 2 2 
2 2 2 2 1 2 2 2 2 2 4 1 -1 2 2 2 2 2 2 2 
2 2 2 2 1 1 2 2 2 -1 4 1 1 4 2 2 4 1 2 2 
2 2 2 1 1 2 2 2 -1 -1 -1 4 4 4 2 -1 2 1 -1 2 
1 1 1 1 2 2 2 2 2 -1 -1 2 4 1 4 4 2 2 1 1 
1 1 2 2 2 1 -1 2 -1 2 2 2 -1 -1 -1 2 4 4 2 2 
2 -1 -1 2 2 1 -1 2 2 1 2 -1 2 -1 -1 4 4 4 2 1 
2 2 2 2 2 1 2 1 2 2 2 -1 1 1 2 1 2 -1 1 -1 
2 1 2 2 2 -1 1 2 1 2 2 -1 2 2 2 2 1 1 1 2 
1 2 4 4 2 2 2 2 -1 2 2 2 2 2 -1 1 1 1 1 2 
2 2 4 -1 -1 2 2 2 2 2 1 2 2 2 2 1 1 2 2 1 
2 2 2 2 2 2 -1 1 2 1 1 2 2 2 2 2 1 2 2 2 
1 2 1 1 2 2 1 1 2 2 2 2 2 1 2 2 2 2 2 2 
1 1 2 1 1 2 1 1 2 2 2 2 2 2 2 1 2 2 -1 1 
1 1 1 1 2 2 2 2 2 2 2 2 2 2 2 1 1 2 1 -1 
1 1 1 2 1 1 2 2 2 2 2 2 2 2 2 1 1 2 2 2 
2 1 1 1 1 1 1 2 -1 2 2 2 2 2 1 -1 -1 1 2 2 
1 1 1 1 1 1 2 1 2 2 2 2 2 2 2 2 -1 -1 -1 1 
2 2 2 1 2 2 2 2 2 2 2 2 2 2 2 2 2 2 -1 -1 
2 -1 1 1 1 -1 2 2 2 2 2 2 1 1 2 2 2 -1 2 2 
1 1 1 1 1 1 2 2 2 2 2 -1 1 4 2 2 2 -1 2 2 
1 1 1 1 1 1 2 1 2 2 2 2 2 2 2 2 2 2 2 1 
-1 2 2 1 1 1 1 2 2 2 2 2 2 2 2 2 2 2 2 -1 
-1 1 2 2 1 1 2 2 2 2 2 2 1 1 2 2 2 2 -1 2 
1 1 1 2 2 2 2 2 2 2 2 2 1 2 2 2 2 2 2 2 
1 2 2 2 2 2 2 2 2 2 2 -1 2 2 2 2 2 2 2 1 
-1 2 2 2 2 2 2 2 2 2 2 1 1 1 2 2 -1 2 2 2 
2 2 1 8 8 2 2 1 2 2 2 2 2 -1 -1 2 -1 2 1 1 
-1 1 8 8 8 2 2 1 1 2 2 2 2 -1 -1 -1 8 2 1 1 
2 2 2 8 8 2 2 2 2 2 2 2 2 2 2 2 2 8 2 1 
2 2 -1 2 2 2 1 1 2 2 2 2 -1 2 2 2 2 2 2 2 
2 2 2 1 2 1 1 2 2 2 2 2 2 -1 2 -1 2 2 2 2 
2 -1 2 1 1 1 1 -1 2 2 -1 2 2 2 2 -1 2 2 2 2 
2 2 2 2 1 -1 2 2 1 1 2 2 2 2 -1 2 2 2 2 2 
2 2 2 2 1 1 1 2 1 1 2 2 2 2 2 2 2 2 2 2 
2 2 2 1 1 1 1 1 1 2 2 2 2 2 2 -1 2 2 2 2 
2 2 2 2 2 1 1 1 1 2 2 2 2 2 -1 2 2 2 2 2 
2 2 2 2 2 -1 -1 1 1 1 -1 2 2 2 2 -1 2 2 -1 2 
2 2 2 1 1 2 1 1 2 1 2 2 2 2 2 2 2 2 2 2 
2 2 2 1 2 2 2 1 1 2 2 2 2 2 2 2 2 2 2 2 
1 2 2 2 2 -1 2 1 1 2 2 2 2 2 2 2 2 2 2 2 
1 2 2 2 2 -1 1 2 2 2 2 2 2 2 2 -1 2 2 -1 -1 
2 2 2 2 -1 2 -1 2 2 2 2 2 2 2 2 2 2 2 2 2 
2 2 2 -1 2 2 2 2 2 2 2 -1 2 2 2 2 2 -1 2 -1 
2 1 2 2 2 2 2 2 2 2 2 2 2 -1 2 2 -1 -1 2 -1 
1 2 1 2 2 2 2 2 2 2 -1 2 2 2 2 2 2 -1 1 2 
2 2 1 2 -1 2 2 2 2 2 -1 2 2 2 2 2 2 -1 -1 1 
2 2 2 2 2 2 2 2 2 2 2 2 2 2 2 2 2 2 2 2 
2 -1 2 2 2 -1 2 2 2 2 -1 2 2 2 2 2 2 2 2 2 
2 2 2 2 2 2 2 2 2 2 2 2 2 2 2 2 2 2 2 2 
2 2 2 2 2 2 2 2 -1 2 2 2 2 2 2 -1 2 2 2 -1 
2 2 2 2 2 2 2 2 -1 1 2 -1 2 2 2 2 2 2 2 -1 
2 2 2 2 2 2 2 2 2 2 1 2 2 2 2 2 2 2 2 2 
2 2 2 2 2 2 2 2 1 -1 2 2 -1 2 -1 2 2 2 2 2 
2 8 2 2 2 2 2 -1 2 1 1 2 2 1 2 1 2 2 2 2 
2 1 2 8 2 2 2 2 2 2 1 2 2 2 2 2 2 -1 2 2 
1 2 1 8 2 8 2 2 2 2 2 2 2 2 -1 2 2 2 2 2 
2 2 2 2 8 8 8 2 2 -1 2 2 2 2 2 2 2 2 2 2 
1 2 2 2 8 2 2 8 2 2 2 2 2 2 2 2 2 2 2 2 
2 -1 2 -1 2 2 2 2 2 2 2 2 -1 2 2 2 2 2 -1 8 
2 2 2 -1 2 -1 2 2 2 2 2 2 2 2 2 2 2 2 2 2 
2 2 2 2 2 8 8 2 8 2 2 2 2 2 2 2 2 2 -1 2 
2 2 2 2 2 8 9 8 8 2 2 2 2 2 2 2 2 2 1 2 
2 2 2 2 2 -1 9 -1 8 2 2 2 -1 2 2 2 2 2 -1 2 
2 2 2 8 2 2 8 8 2 2 2 2 2 2 2 2 2 -1 1 2 
2 2 2 8 2 2 2 8 8 2 2 -1 2 2 2 2 2 1 2 2 
2 2 2 2 2 2 2 2 2 8 2 2 2 2 2 2 2 1 2 2 
-1 2 -1 -1 2 2 8 2 2 2 -1 1 1 2 2 2 2 2 2 2 
2 2 2 2 -1 2 2 2 2 1 1 1 2 2 2 2 2 8 2 2 
2 -1 2 2 2 2 2 2 2 -1 -1 -1 2 2 2 2 8 2 2 2 
6 2 2 -1 2 2 2 2 2 2 2 -1 -1 2 2 2 2 8 2 6 
1 2 2 2 2 2 2 2 2 2 2 2 2 2 2 2 8 8 2 6 
1 1 2 2 2 2 2 2 2 2 2 2 2 2 2 2 2 8 2 1 
2 2 1 2 2 2 -1 2 2 -1 2 2 2 2 2 2 2 2 -1 1 
-1 1 -1 2 -1 -1 1 1 2 1 2 2 2 2 2 2 8 2 2 -1 
2 2 2 2 2 -1 1 2 1 2 1 2 2 -1 2 2 2 2 2 2 
2 2 2 2 2 2 2 2 2 2 2 -1 2 -1 2 -1 2 2 2 2 
2 2 2 2 2 2 2 2 2 2 2 -1 -1 2 2 2 2 -1 2 2 
2 2 2 2 2 2 -1 2 2 2 2 2 -1 2 2 2 2 2 2 -1 
2 2 2 2 2 2 2 2 -1 2 2 2 -1 2 2 -1 2 2 2 2 
2 2 2 2 2 8 2 2 2 1 -1 2 2 2 2 2 2 2 2 2 
8 2 2 2 8 1 8 -1 2 1 1 2 2 2 2 2 2 2 2 8 
1 1 2 2 8 2 8 2 1 2 1 2 2 2 2 2 2 2 2 -1 
1 1 8 9 8 8 2 1 2 1 1 2 2 2 2 2 -1 2 2 1 
2 -1 9 8 2 2 2 1 1 -1 2 -1 2 2 2 2 -1 -1 2 1 
-1 1 -1 -1 2 2 2 2 8 2 2 2 2 2 2 2 2 2 -1 2 
2 2 -1 -1 2 2 2 8 2 2 2 1 2 2 2 2 2 2 -1 2 
1 2 1 1 2 1 1 -1 1 2 2 1 2 2 2 -1 2 1 2 2 
-1 1 1 -1 2 -1 2 1 2 2 2 1 3 2 2 2 1 2 2 1 
-1 -1 -1 -1 2 2 2 2 1 2 1 2 3 2 2 2 1 1 2 -1 
2 2 -1 -1 -1 -1 -1 2 2 1 2 2 2 2 2 2 2 2 2 -1 
2 -1 -1 -1 -1 -1 -1 2 1 1 2 2 2 -1 -1 2 -1 -1 -1 2 
-1 -1 -1 -1 -1 2 2 2 2 2 1 3 2 3 2 2 1 1 1 2 
-1 2 2 2 2 2 2 2 2 1 -1 3 3 2 2 2 1 2 1 2 
-1 2 2 -1 1 -1 2 -1 2 1 2 1 2 3 2 2 -1 2 2 2 
2 2 2 -1 2 1 2 2 1 1 1 2 2 2 2 2 -1 2 2 2 
2 1 2 2 2 2 2 2 1 1 1 1 2 2 2 2 2 2 2 2 
2 1 2 2 2 1 2 1 1 2 2 2 2 2 2 2 2 2 2 -1 
2 1 2 2 1 1 1 1 2 2 2 2 2 -1 -1 2 2 2 2 8 
2 2 2 2 1 -1 1 1 -1 2 2 1 2 2 2 2 2 2 2 2 
2 2 1 1 2 1 1 2 2 1 1 1 2 2 2 2 2 2 -1 3 
3 3 1 1 2 1 2 1 1 2 1 1 1 1 2 2 2 2 2 2 
-1 -1 1 1 -1 -1 2 2 -1 1 1 1 2 1 -1 -1 2 2 2 2 
1 -1 2 2 2 2 -1 2 2 1 1 2 2 2 2 2 2 2 1 1 
1 2 1 1 2 2 2 2 2 -1 1 1 2 2 2 2 2 -1 1 1 
2 2 2 2 1 2 1 1 1 -1 2 2 2 2 2 1 1 2 1 -1 
2 2 1 2 2 1 1 1 1 1 2 1 2 2 10 10 1 1 -1 2 
2 1 -1 2 1 1 1 2 1 2 2 1 1 -1 2 1 1 2 2 2 
2 2 2 -1 2 2 1 3 2 -1 1 2 2 2 3 1 1 2 2 2 
1 2 2 1 2 2 2 -1 2 -1 1 1 1 2 -1 1 1 2 2 2 
2 1 1 2 1 2 1 1 2 -1 1 1 1 1 2 1 1 2 2 1 
2 2 1 1 1 1 2 1 -1 2 1 1 1 -1 3 3 3 1 2 1 
1 1 2 1 2 -1 2 2 2 2 1 2 -1 -1 3 3 1 1 2 1 
-1 2 2 2 2 2 3 2 -1 1 -1 -1 -1 -1 3 3 2 1 2 2 
2 2 -1 -1 2 1 1 1 1 1 1 -1 -1 -1 -1 2 1 1 1 2 
2 2 -1 -1 1 1 1 1 1 -1 -1 2 2 2 1 1 1 1 2 2 
1 2 2 2 -1 -1 1 1 -1 -1 -1 2 1 1 2 2 1 1 3 1 
2 2 2 8 -1 1 -1 -1 -1 2 -1 2 2 2 3 3 3 3 3 -1 
2 2 -1 -1 8 2 -1 -1 2 2 2 2 2 2 2 -1 3 2 2 -1 
2 2 2 2 8 8 2 2 2 -1 2 2 2 2 -1 3 2 2 2 2 
-1 2 8 8 8 2 2 2 -1 -1 2 2 2 2 2 -1 2 2 2 -1 
2 2 -1 8 8 2 -1 1 -1 2 2 2 -1 2 2 2 2 2 2 2 
2 2 2 8 2 2 -1 -1 1 2 2 -1 2 8 8 2 2 2 2 -1 
2 2 2 8 2 -1 2 -1 2 2 -1 1 2 8 8 2 2 2 -1 2 
3 2 2 2 3 2 -1 2 2 -1 1 1 8 1 8 2 2 2 2 -1 
-1 3 2 1 1 1 2 2 2 1 1 -1 1 -1 2 2 2 2 2 2 
2 2 3 1 -1 1 2 2 2 1 1 1 1 -1 2 2 2 2 2 2 
8 8 8 2 -1 2 -1 -1 2 -1 2 -1 2 1 1 1 -1 1 8 8 
8 -1 8 8 2 -1 2 2 2 -1 -1 2 1 2 1 1 1 8 1 8 
8 8 8 8 2 2 2 -1 2 -1 -1 -1 2 1 1 1 1 1 8 8 
8 8 -1 8 -1 -1 -1 2 -1 -1 -1 1 1 2 1 1 1 1 1 8 
8 -1 2 -1 -1 1 1 2 -1 1 1 1 1 1 1 2 1 2 8 8 
2 2 8 2 -1 2 1 -1 -1 1 1 2 1 1 -1 1 2 2 2 2 
2 2 -1 2 2 -1 1 -1 1 1 1 2 3 1 1 8 8 8 2 2 
2 2 -1 -1 1 1 2 -1 1 -1 1 2 -1 1 1 1 8 8 8 2 
2 2 2 -1 2 2 -1 2 1 2 2 -1 -1 -1 1 8 8 2 2 2 
-1 -1 -1 1 2 1 1 -1 2 1 -1 -1 -1 1 1 1 -1 2 2 2 
2 2 2 2 1 2 1 2 -1 -1 4 -1 2 -1 2 -1 -1 2 2 2 
2 2 2 -1 -1 2 1 1 4 -1 4 4 -1 -1 -1 -1 -1 2 2 2 
2 2 2 -1 2 2 1 1 2 4 -1 4 -1 -1 -1 -1 2 2 2 -1 
-1 8 8 2 2 -1 -1 -1 -1 2 2 4 4 -1 -1 -1 -1 2 2 2 
2 1 8 2 2 -1 -1 -1 -1 -1 4 4 -1 -1 -1 8 2 2 -1 2 
2 8 1 -1 -1 1 -1 1 -1 1 1 4 -1 -1 8 8 -1 -1 2 -1 
1 1 8 8 1 1 1 1 1 1 1 1 -1 -1 8 8 8 -1 2 2 
2 1 1 2 8 1 1 2 1 1 1 1 8 2 -1 8 -1 -1 -1 2 
8 2 2 8 8 2 2 -1 1 1 2 2 8 2 1 -1 -1 2 8 2 
8 8 2 2 2 2 -1 2 2 2 -1 2 2 -1 1 -1 -1 -1 1 8 
2 2 -1 2 1 1 1 1 -1 -1 2 -1 -1 -1 8 -1 -1 -1 -1 1 
1 2 1 1 1 1 1 1 -1 -1 2 -1 8 8 -1 8 -1 2 1 1 
1 1 1 1 1 1 1 -1 -1 8 -1 2 -1 -1 8 -1 2 -1 2 1 
2 2 2 -1 -1 1 -1 1 -1 1 -1 -1 -1 -1 -1 2 -1 2 1 1 
1 1 1 2 2 -1 1 1 1 1 2 -1 -1 -1 2 2 2 1 1 1 
1 2 1 2 1 -1 -1 2 2 -1 -1 1 1 1 2 1 1 2 2 1 
2 2 1 1 1 -1 -1 -1 2 -1 1 1 1 2 -1 2 2 -1 2 2 
2 2 1 1 1 -1 -1 -1 -1 2 1 -1 -1 -1 1 1 2 2 2 2 
2 2 2 1 -1 -1 -1 1 1 2 -1 -1 -1 -1 2 1 -1 2 2 -1 
2 2 2 -1 2 -1 -1 1 -1 -1 -1 -1 2 -1 2 2 -1 2 2 2 
2 2 2 2 2 2 2 1 -1 -1 -1 -1 -1 2 -1 2 -1 -1 -1 2 
-1 2 2 2 -1 2 2 1 -1 -1 -1 -1 -1 -1 2 -1 2 2 -1 -1 
-1 2 2 2 -1 -1 2 1 -1 -1 -1 2 -1 2 2 2 -1 -1 2 -1 
1 1 1 2 2 2 2 1 -1 1 2 2 2 -1 -1 8 2 -1 -1 -1 
-1 1 1 1 -1 -1 2 2 1 2 1 -1 8 8 8 8 8 -1 -1 1 
-1 1 1 1 -1 -1 1 1 1 2 1 2 1 2 2 2 2 2 -1 -1 
1 1 1 1 2 2 2 2 1 1 2 2 1 8 8 2 2 2 -1 -1 
1 1 1 1 2 2 2 1 -1 1 1 9 2 8 2 8 8 -1 -1 -1 
1 -1 1 1 1 1 2 1 -1 -1 -1 1 9 8 9 8 -1 -1 -1 -1 
2 -1 2 1 1 -1 1 1 1 1 -1 -1 -1 9 8 8 -1 -1 1 2 
2 1 -1 2 -1 -1 -1 1 2 1 2 1 1 1 2 2 2 2 -1 2 
2 2 2 2 2 -1 2 2 2 2 1 1 -1 -1 2 2 2 2 2 2 
2 2 -1 2 2 -1 -1 1 2 2 1 1 -1 -1 -1 2 2 2 2 2 
2 -1 2 2 -1 -1 -1 -1 1 -1 -1 -1 -1 -1 -1 2 -1 2 2 2 
2 2 -1 2 -1 2 -1 -1 -1 -1 -1 -1 -1 -1 1 -1 2 2 2 2 
2 -1 2 -1 2 2 2 1 -1 1 -1 1 -1 1 1 -1 2 -1 -1 2 
2 -1 -1 2 2 2 2 2 1 1 1 1 1 1 2 2 -1 -1 -1 2 
-1 -1 2 2 2 -1 2 1 1 1 1 1 1 -1 1 2 2 1 -1 -1 
-1 -1 2 -1 1 1 1 1 1 1 1 2 1 2 -1 2 2 2 -1 2 
-1 -1 -1 -1 -1 1 1 1 1 1 1 1 1 1 2 -1 2 2 2 2 
2 -1 -1 -1 1 1 1 1 1 1 1 1 1 2 2 -1 -1 -1 -1 -1 
2 -1 1 -1 -1 2 1 -1 2 1 1 -1 -1 -1 -1 2 2 -1 -1 2 
2 -1 1 1 1 2 1 2 2 -1 1 -1 -1 -1 2 -1 2 2 1 2 
2 2 1 1 2 1 -1 2 -1 1 -1 2 -1 -1 2 2 2 2 1 -1 
-1 2 -1 1 1 -1 -1 -1 -1 1 2 2 -1 -1 2 2 2 2 2 -1 
2 2 -1 1 -1 -1 -1 -1 -1 2 1 2 2 2 -1 2 2 2 -1 2 
2 1 1 1 2 2 -1 -1 -1 -1 2 2 1 2 2 2 2 2 2 -1 
2 1 1 2 -1 2 -1 1 2 2 2 2 2 2 2 8 2 2 -1 2 
1 2 -1 2 -1 2 -1 1 1 1 1 2 2 2 -1 2 2 2 2 1 
-1 1 -1 2 2 -1 2 1 1 1 -1 2 2 1 2 2 2 2 2 -1 
3 4 -1 -1 -1 1 1 2 2 1 -1 -1 4 4 -1 4 3 3 3 -1 
-1 2 2 -1 -1 2 -1 -1 1 2 -1 -1 -1 4 -1 1 3 3 3 3 
-1 -1 -1 -1 -1 1 1 1 1 1 1 1 1 1 1 3 3 3 3 4 
-1 -1 -1 -1 2 -1 1 1 1 1 -1 1 1 1 1 3 -1 2 4 -1 
2 2 -1 2 2 2 2 2 1 1 -1 1 1 3 3 3 3 -1 -1 2 
2 -1 2 -1 2 2 -1 -1 1 1 1 1 1 1 3 2 2 2 -1 -1 
2 2 -1 2 2 2 2 2 1 2 1 1 1 -1 2 4 4 4 2 2 
2 2 2 2 -1 2 2 2 2 1 2 1 1 1 2 1 4 4 2 2 
-1 2 2 2 2 2 2 2 2 2 1 1 1 1 1 1 4 2 2 2 
2 -1 2 2 2 -1 1 2 1 1 1 -1 4 -1 1 -1 4 2 2 2 
2 2 2 2 -1 1 2 2 1 1 -1 -1 -1 4 4 -1 2 4 -1 2 
2 2 2 2 2 2 2 1 1 1 1 1 1 -1 4 2 2 2 2 -1 
2 2 2 2 2 2 1 1 1 1 1 1 -1 4 2 2 2 2 2 2 
2 2 1 2 2 2 1 1 1 -1 1 -1 2 -1 2 4 -1 -1 -1 2 
2 -1 2 1 -1 1 -1 1 1 1 1 2 2 2 2 -1 2 2 37 2 
2 2 2 1 1 1 1 -1 1 1 1 2 2 1 -1 -1 2 4 2 2 
2 2 2 2 1 1 1 1 1 1 2 4 1 1 -1 3 2 2 4 2 
2 -1 2 1 1 1 1 1 1 1 1 4 4 3 3 3 4 2 2 4 
2 3 3 2 1 1 -1 1 -1 1 1 4 4 3 4 3 4 -1 2 2 
-1 -1 1 1 1 1 1 2 1 -1 1 -1 4 4 4 4 -1 -1 3 -1 
2 4 4 -1 -1 2 3 -1 2 2 1 2 -1 2 2 2 -1 2 4 2 
2 -1 1 -1 -1 6 -1 3 1 2 -1 -1 2 -1 1 -1 -1 2 2 2 
2 1 1 1 1 1 6 6 1 -1 6 2 2 1 4 -1 -1 -1 1 2 
1 3 1 1 1 1 3 -1 2 3 2 2 1 1 1 1 1 -1 1 2 
1 1 3 1 2 2 3 2 3 4 4 3 4 1 3 3 1 1 1 1 
2 1 2 3 3 3 3 3 3 4 3 3 4 3 1 1 1 2 -1 2 
1 2 2 1 1 3 2 3 -1 3 -1 4 3 3 1 4 1 1 2 2 
2 1 -1 3 1 3 3 2 2 2 4 4 4 -1 2 2 4 1 4 1 
-1 1 1 3 1 3 3 -1 2 3 3 -1 -1 4 1 1 1 4 1 1 
1 1 1 1 3 3 3 3 2 3 -1 1 4 -1 1 1 -1 -1 4 4 
1 1 1 1 1 3 3 -1 -1 1 1 1 -1 4 1 4 -1 1 1 4 
1 1 -1 1 -1 1 1 -1 1 1 1 2 2 1 4 1 1 1 1 1 
-1 2 1 1 1 2 1 1 2 -1 2 -1 -1 1 1 1 1 1 1 1 
4 4 1 1 1 1 1 2 4 2 -1 -1 -1 2 -1 1 1 -1 1 1 
4 4 -1 2 1 2 2 2 2 -1 2 -1 -1 1 2 1 1 1 1 4 
2 -1 2 2 1 1 2 2 2 2 2 2 2 4 1 4 1 4 4 -1 
4 4 4 2 1 1 2 -1 2 2 2 2 1 4 1 4 4 4 1 4 
2 2 4 2 1 2 2 2 2 -1 4 2 4 2 4 4 4 1 4 4 
2 4 -1 -1 2 -1 -1 2 -1 1 1 -1 2 2 2 -1 -1 4 4 4 
4 -1 4 -1 -1 2 -1 -1 2 1 2 2 2 2 2 1 8 2 2 -1 
2 8 2 -1 1 1 -1 -1 -1 2 2 4 -1 2 2 2 1 2 2 2 
2 2 2 1 1 1 -1 -1 -1 -1 1 2 2 2 -1 2 9 2 1 2 
2 2 8 2 4 1 -1 -1 -1 1 1 1 1 2 2 9 2 2 2 2 
2 8 1 -1 2 8 -1 -1 -1 1 4 4 1 2 2 2 -1 8 8 2 
2 1 2 8 8 -1 8 -1 4 4 -1 2 1 2 2 4 2 2 8 2 
8 2 -1 2 8 -1 8 8 8 -1 -1 2 4 2 2 2 4 2 2 2 
8 2 2 8 8 8 -1 -1 8 2 2 4 -1 4 4 -1 2 2 2 2 
2 2 3 8 -1 2 8 -1 2 -1 -1 -1 2 -1 -1 -1 -1 -1 -1 2 
2 2 1 2 8 1 2 -1 -1 -1 2 -1 2 2 -1 -1 -1 -1 2 2 
2 2 1 1 2 -1 2 2 -1 2 2 2 -1 -1 2 -1 2 2 2 2 
2 2 2 2 2 -1 -1 2 -1 2 1 2 2 -1 -1 -1 -1 2 -1 2 
-1 2 8 2 -1 -1 -1 4 1 1 -1 2 -1 -1 -1 -1 -1 2 2 2 
2 -1 8 8 -1 -1 2 2 1 1 1 -1 2 -1 -1 -1 -1 2 2 2 
2 -1 8 8 2 8 1 1 1 1 1 -1 -1 2 -1 -1 -1 2 2 -1 
2 -1 2 -1 -1 2 1 1 1 1 -1 4 4 2 -1 2 -1 2 2 -1 
2 2 2 8 -1 1 1 1 1 1 1 4 -1 4 2 2 2 2 2 -1 
2 -1 -1 2 8 -1 1 4 1 1 2 4 -1 2 -1 2 2 2 2 2 
2 2 2 8 2 2 1 1 1 2 2 2 2 2 2 2 2 -1 3 2 
2 2 2 1 1 1 2 1 2 2 2 2 2 2 2 2 2 -1 3 2 
8 2 1 2 1 -1 -1 1 2 2 2 4 2 2 -1 2 2 1 2 2 
-1 -1 1 2 -1 2 2 2 -1 -1 -1 2 2 1 1 2 -1 2 2 2 
1 1 1 1 -1 2 2 2 2 2 2 2 2 2 1 1 2 2 2 -1 
1 1 1 2 2 -1 2 2 2 2 2 2 2 1 1 1 2 2 2 1 
-1 1 -1 1 2 2 2 2 2 2 2 2 2 2 2 1 2 1 2 1 
-1 1 2 2 1 2 2 2 2 2 2 2 2 2 2 2 2 1 1 -1 
2 2 2 2 2 -1 -1 2 -1 -1 -1 2 2 2 2 -1 2 1 2 1 
2 2 2 2 2 -1 2 -1 -1 -1 2 2 2 2 2 2 2 2 2 2 
2 2 2 2 2 2 2 2 -1 -1 -1 -1 2 2 2 2 2 -1 2 2 
-1 2 2 2 1 2 -1 -1 2 -1 -1 -1 2 2 -1 2 2 2 2 -1 
-1 2 2 2 1 2 -1 2 2 1 -1 2 -1 2 1 2 2 -1 -1 2 
2 2 2 2 2 2 -1 1 2 2 -1 2 2 1 2 2 -1 -1 2 2 
2 2 -1 2 2 2 -1 1 1 1 2 2 1 1 1 2 -1 -1 2 2 
2 2 2 2 2 1 2 1 1 2 -1 -1 1 1 1 -1 1 1 -1 2 
2 2 2 2 2 1 1 1 1 8 2 2 2 2 1 -1 2 1 1 2 
2 2 2 2 2 1 1 1 1 1 8 2 2 2 2 1 2 2 2 1 
2 2 4 -1 2 1 2 1 1 1 1 2 -1 2 4 2 2 2 -1 2 
-1 4 4 2 -1 -1 1 -1 -1 1 1 -1 2 2 2 2 2 2 2 2 
4 4 2 2 2 -1 2 1 2 2 1 -1 2 4 2 1 2 2 2 2 
2 2 2 2 -1 2 2 2 2 1 -1 1 2 2 -1 4 2 2 2 2 
2 2 2 -1 -1 2 2 2 2 1 -1 2 2 2 2 4 4 2 2 2 
1 2 2 2 -1 4 2 4 -1 -1 -1 -1 -1 1 2 2 2 -1 -1 1 
1 1 2 2 4 -1 2 2 2 -1 -1 2 2 2 2 2 2 2 -1 -1 
1 -1 1 -1 2 -1 2 2 2 -1 2 2 2 4 4 2 2 -1 1 -1 
-1 -1 -1 -1 2 2 2 2 -1 2 2 2 2 2 -1 -1 2 3 1 2 
-1 2 2 -1 2 2 -1 2 2 2 2 2 2 2 2 2 -1 3 2 2 
2 2 2 -1 -1 2 2 -1 2 2 2 2 2 2 4 2 3 -1 2 2 
2 2 2 2 2 2 -1 2 2 2 2 2 2 4 4 2 -1 2 2 2 
2 2 2 2 2 2 -1 -1 2 -1 -1 2 2 -1 4 2 2 2 -1 -1 
-1 -1 -1 2 2 2 2 2 2 -1 -1 -1 -1 -1 2 -1 2 -1 2 2 
2 -1 -1 -1 2 2 -1 -1 2 2 -1 -1 -1 2 -1 2 -1 -1 2 2 
2 2 -1 -1 -1 -1 2 2 2 -1 1 2 -1 2 2 -1 -1 -1 2 2 
2 2 -1 2 -1 -1 2 2 2 2 2 -1 2 2 2 -1 2 2 -1 2 
2 -1 -1 -1 -1 -1 2 2 2 2 -1 -1 2 -1 -1 2 2 -1 2 2 
2 -1 -1 -1 2 -1 2 2 -1 1 2 2 2 -1 -1 2 2 -1 -1 2 
2 2 2 2 -1 2 2 1 1 -1 1 1 2 2 2 2 -1 2 2 3 
-1 -1 2 2 2 -1 2 2 2 1 1 1 1 4 2 4 2 3 3 3 
-1 -1 -1 2 -1 -1 2 2 2 2 1 1 1 1 4 2 -1 2 -1 -1 
2 -1 2 -1 2 2 -1 2 2 2 1 1 4 1 1 -1 2 2 -1 -1 
-1 2 -1 -1 2 2 -1 -1 -1 1 -1 1 1 1 1 1 2 2 2 2 
1 -1 -1 -1 2 4 4 -1 1 2 -1 -1 -1 -1 1 -1 2 2 -1 1 
2 2 2 2 2 2 8 8 -1 -1 2 2 -1 3 3 -1 2 2 2 2 
-1 -1 -1 2 -1 -1 -1 -1 2 2 -1 2 2 2 2 2 -1 2 2 -1 
-1 2 2 -1 -1 2 -1 2 2 2 2 2 2 2 2 -1 2 -1 -1 -1 
-1 2 1 -1 -1 -1 2 2 2 -1 -1 2 2 -1 2 -1 2 -1 2 2 
-1 -1 1 1 -1 -1 2 2 -1 1 -1 2 2 2 2 -1 2 2 2 2 
2 -1 -1 1 -1 -1 -1 -1 -1 1 -1 2 2 2 -1 2 2 -1 2 1 
1 2 1 -1 -1 -1 -1 1 2 1 1 1 2 -1 2 2 1 2 -1 1 
1 1 2 2 2 -1 2 2 1 1 1 1 2 -1 -1 1 1 1 1 1 
2 2 2 2 -1 2 2 2 1 1 1 1 2 1 1 1 2 2 -1 1 
2 -1 2 2 2 -1 -1 2 1 1 1 1 1 1 -1 1 2 -1 2 -1 
-1 2 2 2 -1 2 -1 1 -1 1 1 4 1 2 -1 1 2 2 2 2 
2 -1 2 2 2 -1 2 2 -1 -1 -1 1 2 2 1 2 2 2 2 2 
-1 2 2 2 2 2 2 2 3 3 3 2 2 2 1 1 2 -1 2 2 
2 -1 2 2 2 2 2 2 2 3 -1 2 2 1 2 1 1 2 -1 2 
2 2 2 1 2 2 2 2 -1 1 -1 2 2 1 1 2 2 2 2 2 
2 -1 2 2 2 1 2 -1 1 -1 -1 -1 -1 -1 2 1 2 -1 -1 2 
2 2 2 -1 -1 8 1 1 -1 -1 -1 2 -1 1 2 1 1 1 1 1 
-1 -1 -1 -1 2 -1 8 8 8 1 1 2 2 2 -1 1 1 2 1 1 
2 2 -1 -1 2 -1 -1 -1 1 1 1 1 2 2 2 -1 2 1 -1 2 
2 2 2 2 2 -1 -1 8 8 -1 2 1 1 3 3 1 1 2 1 2 
2 2 2 2 1 3 3 -1 -1 2 2 -1 2 -1 -1 -1 -1 -1 2 -1 
2 2 2 2 -1 3 -1 -1 2 2 2 2 -1 -1 -1 -1 -1 2 -1 -1 
2 2 -1 3 3 -1 -1 -1 -1 2 2 2 -1 -1 -1 -1 -1 -1 2 2 
2 2 -1 -1 2 2 -1 -1 2 2 2 -1 -1 -1 -1 -1 -1 -1 2 2 
2 2 2 2 2 -1 -1 -1 -1 -1 -1 -1 -1 -1 -1 -1 -1 2 2 2 
2 1 1 2 -1 -1 2 -1 -1 -1 -1 -1 -1 -1 -1 -1 1 -1 2 2 
1 2 2 -1 -1 2 -1 -1 -1 -1 -1 -1 -1 -1 -1 -1 -1 1 -1 2 
-1 2 -1 2 2 2 1 2 -1 -1 -1 -1 -1 -1 -1 -1 -1 -1 -1 -1 
-1 -1 2 1 1 2 1 1 2 -1 -1 -1 -1 -1 1 -1 -1 -1 -1 -1 
1 2 1 1 2 1 1 -1 1 -1 2 2 -1 -1 2 2 2 1 1 1 
2 2 2 2 2 1 1 1 1 2 2 -1 2 -1 2 2 -1 1 -1 2 
2 2 2 -1 -1 -1 1 1 1 2 2 -1 -1 -1 -1 -1 -1 2 -1 1 
1 2 -1 2 2 1 1 2 1 -1 -1 2 -1 -1 -1 -1 -1 2 2 1 
2 2 2 2 2 2 2 -1 1 1 2 -1 2 1 1 -1 2 2 -1 1 
-1 2 2 2 2 2 -1 -1 2 1 2 -1 2 -1 2 1 2 -1 1 -1 
1 -1 2 1 2 -1 2 -1 1 1 1 2 2 2 2 1 1 1 -1 1 
1 1 1 1 -1 2 2 2 -1 2 1 -1 2 -1 2 2 -1 -1 1 1 
-1 -1 1 1 -1 2 -1 2 2 2 -1 -1 -1 2 -1 -1 -1 -1 1 1 
1 -1 -1 -1 -1 2 2 2 2 2 2 2 -1 -1 -1 -1 -1 -1 1 1 
-1 -1 -1 1 -1 1 -1 -1 2 2 -1 2 2 -1 -1 -1 -1 -1 -1 1 
-1 1 -1 -1 1 -1 -1 -1 -1 -1 -1 -1 1 1 -1 -1 1 -1 -1 -1 
1 -1 1 1 -1 -1 -1 -1 1 -1 2 -1 -1 -1 -1 -1 1 -1 -1 1 
1 1 1 -1 -1 -1 2 -1 1 1 -1 -1 -1 -1 -1 -1 -1 1 -1 1 
1 1 1 1 1 -1 -1 3 -1 1 -1 1 1 -1 -1 1 2 2 2 1 
1 -1 1 -1 1 -1 3 -1 3 3 -1 -1 1 1 -1 1 -1 2 -1 -1 
-1 1 -1 -1 3 -1 -1 -1 -1 2 1 1 1 -1 1 1 -1 -1 2 -1 
-1 -1 -1 -1 -1 3 -1 -1 -1 1 1 -1 -1 -1 -1 -1 -1 -1 -1 1 
-1 -1 -1 -1 3 3 -1 1 1 1 1 -1 -1 -1 -1 -1 -1 -1 1 -1 
-1 -1 -1 3 1 1 1 -1 -1 -1 -1 -1 -1 -1 -1 -1 1 1 -1 -1 
-1 -1 -1 -1 1 -1 1 1 1 -1 -1 -1 -1 -1 -1 -1 -1 -1 1 -1 
-1 -1 -1 -1 -1 -1 1 -1 -1 -1 -1 -1 -1 -1 -1 -1 -1 -1 1 -1 
-1 -1 -1 -1 -1 -1 -1 -1 -1 -1 -1 -1 -1 -1 -1 -1 -1 -1 -1 -1 
-1 -1 -1 -1 -1 -1 -1 -1 -1 -1 -1 -1 -1 -1 -1 2 -1 -1 -1 -1 
2 -1 -1 -1 -1 -1 -1 -1 1 -1 -1 -1 -1 -1 -1 -1 -1 -1 -1 -1 
-1 -1 -1 2 -1 -1 -1 -1 -1 1 -1 -1 -1 -1 -1 -1 -1 1 -1 2 
-1 -1 -1 -1 -1 -1 -1 1 1 -1 1 1 1 -1 -1 -1 -1 -1 -1 -1 
-1 -1 -1 -1 -1 -1 -1 1 1 -1 1 1 1 -1 -1 -1 -1 -1 -1 -1 
-1 -1 -1 -1 -1 -1 -1 -1 1 -1 1 1 1 -1 -1 -1 -1 -1 -1 -1 
-1 -1 -1 -1 -1 -1 -1 -1 -1 1 1 1 -1 -1 -1 -1 -1 -1 -1 -1 
-1 -1 -1 -1 -1 -1 -1 -1 1 1 1 -1 -1 -1 1 -1 -1 -1 -1 -1 
1 -1 -1 -1 -1 1 1 -1 -1 -1 -1 -1 -1 1 -1 -1 -1 -1 -1 -1 
-1 -1 -1 -1 -1 1 -1 -1 -1 -1 -1 1 -1 -1 1 -1 -1 -1 -1 -1 
-1 -1 -1 -1 -1 -1 -1 -1 -1 -1 -1 -1 1 -1 1 -1 -1 -1 -1 -1 
-1 -1 -1 -1 -1 -1 -1 -1 -1 -1 -1 -1 1 1 -1 -1 -1 -1 -1 -1 
-1 -1 -1 -1 -1 -1 -1 -1 -1 -1 -1 -1 -1 -1 1 1 1 -1 -1 -1 
-1 -1 -1 -1 -1 -1 -1 -1 -1 -1 -1 -1 1 -1 -1 1 1 1 1 -1 
-1 -1 -1 -1 -1 -1 -1 -1 -1 -1 -1 -1 1 -1 -1 1 1 1 1 -1 
-1 -1 -1 -1 -1 -1 -1 -1 -1 -1 1 -1 -1 -1 -1 1 1 -1 1 -1 
-1 -1 -1 -1 -1 -1 -1 -1 -1 -1 -1 1 -1 -1 -1 1 -1 -1 -1 -1 
-1 1 1 -1 1 -1 -1 -1 -1 -1 -1 1 1 1 -1 -1 -1 -1 -1 -1 
-1 -1 1 -1 1 1 -1 -1 -1 -1 -1 1 1 -1 -1 -1 -1 -1 -1 -1 
1 -1 -1 -1 -1 -1 -1 -1 -1 -1 -1 -1 -1 -1 -1 -1 -1 -1 -1 -1 
-1 1 -1 -1 -1 -1 -1 -1 -1 -1 -1 -1 -1 -1 -1 1 1 -1 -1 1 
1 1 -1 -1 -1 -1 -1 -1 -1 -1 -1 -1 -1 -1 -1 -1 -1 -1 -1 -1 
-1 -1 -1 -1 -1 -1 -1 -1 -1 -1 -1 -1 -1 -1 -1 -1 -1 -1 -1 -1 
-1 -1 -1 -1 -1 -1 -1 -1 -1 -1 -1 -1 -1 1 -1 1 1 -1 -1 -1 
-1 -1 -1 -1 -1 -1 -1 -1 -1 -1 -1 -1 -1 1 1 1 -1 1 -1 -1 
-1 -1 -1 -1 -1 -1 -1 -1 -1 -1 -1 -1 -1 1 -1 -1 -1 -1 -1 -1 
-1 -1 -1 -1 -1 -1 -1 -1 1 -1 -1 -1 -1 -1 -1 -1 -1 -1 -1 -1 
-1 -1 -1 -1 1 1 -1 1 -1 -1 -1 -1 -1 1 -1 -1 -1 -1 -1 -1 
-1 -1 -1 -1 -1 1 -1 -1 -1 -1 -1 -1 -1 1 1 1 1 1 1 1 
1 -1 -1 -1 -1 -1 -1 -1 -1 -1 -1 -1 -1 1 1 1 1 1 1 1 
1 1 -1 -1 -1 -1 -1 -1 -1 -1 -1 -1 -1 1 -1 1 1 -1 1 1 
1 -1 -1 -1 -1 -1 -1 -1 -1 -1 -1 -1 -1 1 1 -1 1 1 1 1 
1 1 1 -1 -1 -1 -1 -1 -1 -1 -1 -1 -1 -1 -1 1 1 1 1 1 
1 -1 1 -1 -1 -1 -1 -1 -1 -1 -1 -1 -1 -1 -1 -1 1 1 1 1 
-1 -1 -1 -1 -1 -1 -1 -1 -1 -1 -1 -1 -1 -1 -1 -1 1 -1 1 1 
-1 1 -1 -1 -1 -1 1 -1 -1 -1 -1 -1 -1 1 -1 -1 1 1 1 -1 
1 1 1 -1 -1 1 1 1 -1 -1 -1 -1 -1 -1 1 -1 -1 1 1 1 
-1 -1 -1 -1 -1 1 1 -1 1 -1 1 -1 -1 -1 -1 1 1 1 -1 1 
1 -1 -1 -1 1 -1 1 -1 1 -1 1 -1 -1 1 -1 1 1 1 -1 -1 
-1 -1 -1 1 -1 1 -1 1 -1 1 -1 -1 -1 1 1 -1 -1 -1 -1 -1 
1 -1 1 1 1 1 1 1 -1 -1 -1 -1 -1 1 1 1 -1 -1 -1 -1 
1 1 1 1 1 1 -1 1 1 1 -1 -1 -1 1 1 1 1 1 -1 -1 
-1 1 1 1 1 1 1 -1 1 1 -1 -1 -1 -1 -1 1 1 -1 -1 -1 
-1 -1 -1 1 1 1 1 1 -1 -1 -1 -1 -1 -1 -1 -1 -1 -1 -1 -1 
-1 -1 1 1 1 1 1 -1 -1 1 -1 1 1 -1 -1 -1 -1 1 1 -1 
-1 1 1 1 1 1 1 1 -1 1 -1 -1 1 -1 -1 -1 1 1 -1 1 
1 1 1 1 -1 1 1 -1 1 1 -1 -1 -1 1 -1 1 1 1 -1 1 
1 1 -1 -1 -1 1 1 -1 -1 1 -1 -1 1 -1 1 -1 1 -1 -1 1 
-1 -1 -1 1 -1 -1 -1 -1 -1 1 1 1 1 -1 -1 -1 -1 -1 -1 -1 
1 -1 1 -1 1 -1 1 1 -1 1 -1 -1 -1 1 -1 -1 1 -1 -1 -1 
-1 1 1 1 -1 1 -1 1 -1 1 1 -1 -1 -1 1 1 1 -1 -1 1 
1 1 1 1 1 1 1 -1 1 1 1 1 1 1 -1 -1 1 1 1 1 
1 1 1 -1 1 1 1 1 1 1 1 1 1 1 -1 1 1 1 1 1 
1 1 1 1 1 -1 1 -1 -1 -1 1 1 1 1 1 1 -1 1 1 1 
1 -1 1 1 1 1 -1 -1 -1 -1 1 -1 1 1 1 1 1 1 1 1 
-1 1 1 1 -1 -1 -1 -1 -1 -1 1 1 1 1 1 1 1 1 -1 1 
-1 -1 1 -1 -1 -1 -1 -1 -1 1 1 1 1 1 1 1 1 -1 -1 -1 
1 -1 -1 1 1 -1 -1 -1 -1 1 1 1 1 1 1 1 -1 -1 1 1 
-1 -1 1 1 -1 -1 -1 -1 -1 -1 1 1 1 1 -1 -1 -1 1 1 1 
1 -1 -1 -1 -1 -1 -1 -1 -1 -1 1 1 1 -1 -1 -1 1 1 -1 1 
-1 -1 -1 -1 -1 -1 -1 -1 -1 -1 1 -1 1 -1 -1 1 1 1 -1 1 
-1 -1 -1 -1 -1 -1 -1 -1 -1 -1 -1 -1 -1 -1 1 1 1 1 -1 -1 
-1 -1 -1 -1 -1 -1 -1 -1 -1 -1 -1 -1 -1 -1 -1 1 1 -1 -1 -1 
-1 -1 -1 -1 -1 -1 -1 -1 -1 -1 -1 -1 -1 -1 -1 1 -1 -1 -1 -1 
-1 -1 -1 -1 -1 -1 -1 -1 -1 -1 -1 -1 -1 -1 -1 1 -1 -1 -1 -1 
-1 -1 -1 -1 -1 -1 -1 -1 -1 -1 -1 -1 -1 -1 1 -1 -1 -1 -1 -1 
-1 -1 -1 -1 -1 -1 -1 -1 -1 -1 -1 -1 -1 1 -1 -1 -1 -1 -1 -1 
-1 -1 -1 -1 -1 -1 -1 -1 -1 -1 -1 -1 -1 1 1 -1 -1 -1 -1 -1 
-1 -1 1 1 -1 1 -1 -1 -1 -1 -1 -1 -1 -1 -1 -1 -1 -1 -1 -1 
-1 -1 1 -1 -1 1 -1 -1 -1 -1 -1 -1 -1 -1 -1 -1 -1 -1 -1 -1 
-1 -1 -1 -1 -1 -1 -1 1 1 -1 -1 -1 -1 -1 -1 -1 -1 -1 -1 -1 
1 1 -1 -1 -1 -1 1 1 1 1 1 -1 -1 -1 -1 -1 -1 -1 -1 -1 
1 1 1 -1 -1 -1 1 1 1 -1 -1 -1 1 -1 -1 -1 -1 -1 1 1 
1 1 -1 -1 -1 1 1 -1 1 1 -1 -1 1 -1 -1 -1 -1 -1 -1 1 
-1 1 1 1 1 1 1 1 1 -1 -1 -1 -1 -1 -1 -1 -1 -1 -1 -1 
1 1 1 -1 -1 1 1 1 1 -1 -1 -1 -1 -1 -1 -1 -1 -1 -1 -1 
-1 -1 -1 1 -1 1 1 -1 -1 -1 -1 -1 -1 -1 -1 -1 -1 -1 -1 -1 
-1 -1 1 -1 -1 -1 -1 -1 -1 -1 -1 -1 -1 -1 -1 -1 -1 -1 -1 1 
1 -1 -1 -1 -1 -1 -1 -1 -1 -1 -1 -1 -1 -1 -1 -1 -1 -1 1 1 
1 1 1 -1 -1 1 1 -1 1 -1 -1 -1 -1 -1 -1 -1 -1 1 1 1 
1 1 1 1 1 -1 1 1 1 -1 -1 -1 -1 -1 -1 -1 -1 1 -1 1 
-1 1 -1 1 1 1 1 1 1 1 -1 -1 -1 -1 -1 -1 -1 -1 1 -1 
1 1 1 1 -1 1 1 -1 1 1 -1 -1 -1 -1 -1 -1 -1 1 1 -1 
1 1 1 1 1 1 1 1 1 -1 1 1 -1 -1 -1 -1 1 -1 1 1 
1 1 -1 1 1 1 1 1 1 1 -1 -1 1 -1 -1 -1 -1 -1 1 1 
-1 1 -1 1 1 1 1 1 -1 1 -1 -1 -1 -1 -1 -1 -1 -1 -1 1 
-1 -1 1 1 -1 -1 -1 -1 1 1 -1 -1 -1 -1 -1 -1 -1 -1 -1 -1 
-1 -1 -1 -1 1 -1 -1 -1 -1 -1 -1 -1 -1 -1 -1 -1 -1 -1 -1 -1 
-1 -1 -1 -1 1 1 -1 -1 -1 -1 -1 -1 -1 -1 -1 -1 -1 -1 -1 -1 
-1 -1 -1 -1 1 -1 1 -1 -1 -1 -1 -1 -1 -1 -1 -1 -1 -1 -1 -1 
-1 -1 -1 -1 -1 1 1 -1 -1 -1 -1 4 -1 -1 -1 -1 -1 -1 -1 -1 
-1 -1 -1 1 -1 -1 -1 -1 -1 -1 -1 -1 4 -1 -1 -1 -1 -1 -1 -1 
-1 -1 -1 -1 1 1 1 -1 -1 -1 -1 -1 -1 -1 -1 -1 -1 -1 -1 -1 
-1 -1 -1 -1 -1 1 1 -1 -1 -1 -1 -1 -1 -1 -1 -1 -1 -1 -1 -1 
-1 -1 -1 -1 -1 -1 -1 -1 -1 -1 -1 -1 -1 -1 -1 -1 -1 -1 -1 -1 
1 1 -1 -1 -1 -1 -1 -1 -1 -1 4 -1 -1 -1 -1 -1 -1 -1 -1 -1 
-1 -1 -1 -1 -1 -1 -1 -1 4 4 -1 -1 -1 -1 -1 -1 -1 -1 -1 -1 
-1 -1 -1 -1 -1 -1 -1 -1 -1 -1 4 -1 -1 -1 -1 -1 -1 -1 -1 -1 
-1 -1 -1 -1 -1 -1 -1 -1 -1 -1 -1 -1 -1 -1 -1 -1 -1 -1 -1 -1 
-1 -1 -1 -1 -1 -1 1 1 -1 1 -1 1 -1 -1 -1 -1 -1 -1 -1 -1 
-1 -1 -1 -1 -1 -1 -1 1 1 1 1 -1 -1 -1 -1 -1 -1 -1 -1 -1 
1 4 -1 -1 -1 -1 -1 -1 1 -1 1 -1 1 1 -1 -1 -1 -1 -1 -1 
1 -1 -1 -1 -1 -1 -1 -1 -1 1 -1 -1 1 1 1 -1 -1 -1 -1 -1 
1 -1 -1 -1 -1 -1 -1 -1 -1 -1 -1 -1 -1 1 1 -1 -1 -1 -1 -1 
1 1 1 -1 -1 -1 1 -1 -1 -1 -1 1 -1 1 -1 -1 -1 -1 -1 -1 
-1 -1 1 -1 -1 -1 1 -1 -1 -1 -1 -1 1 1 -1 -1 4 -1 -1 -1 
-1 -1 -1 -1 -1 1 -1 -1 -1 -1 -1 -1 -1 1 1 -1 -1 -1 -1 -1 
-1 -1 -1 -1 1 1 1 -1 -1 -1 -1 -1 -1 -1 -1 -1 -1 -1 -1 -1 
-1 -1 -1 -1 -1 -1 -1 -1 -1 -1 -1 1 -1 -1 -1 -1 1 1 -1 -1 
-1 -1 -1 -1 -1 -1 -1 -1 -1 -1 -1 1 -1 -1 -1 -1 1 -1 -1 -1 
-1 -1 -1 -1 -1 -1 4 4 4 -1 -1 -1 -1 -1 -1 -1 -1 1 -1 1 
1 -1 -1 4 4 4 4 -1 4 4 -1 -1 -1 -1 -1 -1 -1 1 1 1 
1 -1 -1 -1 4 -1 4 1 -1 1 1 -1 -1 -1 1 1 1 1 -1 1 
2 4 -1 -1 4 4 4 1 1 1 1 1 -1 -1 -1 1 -1 1 1 -1 
2 -1 4 6 4 1 4 4 1 -1 1 -1 -1 1 -1 -1 -1 -1 1 2 
4 2 4 4 6 4 4 4 4 -1 4 1 1 -1 -1 -1 -1 1 -1 2 
2 4 4 4 4 4 4 4 4 -1 1 4 -1 -1 -1 -1 1 -1 1 1 
1 4 4 4 4 4 4 4 1 4 -1 1 -1 -1 -1 -1 -1 1 1 1 
1 4 1 1 4 4 -1 4 4 1 4 4 1 1 -1 -1 -1 1 -1 1 
-1 1 2 2 4 2 4 4 4 4 4 4 4 4 4 -1 -1 -1 1 1 
1 2 2 4 4 2 4 4 4 -1 4 4 4 1 1 -1 1 -1 -1 -1 
1 1 4 4 4 4 4 4 4 4 4 4 4 1 1 1 -1 -1 1 1 
-1 -1 1 -1 4 4 4 4 -1 4 4 4 1 1 -1 4 -1 4 -1 1 
1 1 1 4 -1 4 4 4 4 -1 -1 4 -1 -1 1 -1 4 4 -1 -1 
1 1 1 -1 4 -1 4 4 -1 -1 -1 4 -1 -1 -1 -1 1 1 1 1 
1 1 1 -1 1 1 1 -1 -1 4 4 4 -1 -1 -1 -1 -1 -1 1 1 
1 1 -1 1 -1 -1 1 1 -1 -1 -1 -1 -1 1 1 1 1 -1 -1 1 
1 -1 -1 1 -1 -1 -1 -1 -1 -1 -1 1 1 1 1 1 -1 -1 -1 -1 
-1 -1 4 4 4 -1 1 -1 1 -1 -1 -1 -1 -1 -1 -1 -1 -1 -1 -1 
1 4 1 4 1 1 -1 1 -1 -1 -1 -1 -1 -1 -1 -1 -1 -1 4 -1 
1 4 4 1 -1 1 1 1 -1 -1 1 1 1 -1 -1 -1 -1 -1 -1 4 
4 4 4 4 4 -1 -1 1 1 -1 1 -1 -1 1 -1 -1 -1 1 1 1 
-1 -1 -1 4 4 -1 -1 -1 1 1 -1 1 -1 -1 4 4 -1 1 -1 4 
4 4 4 4 -1 -1 -1 -1 -1 -1 1 -1 1 1 1 -1 -1 -1 -1 -1 
6 4 4 4 -1 -1 -1 -1 -1 -1 -1 -1 -1 1 1 1 -1 -1 -1 4 
4 4 4 4 -1 -1 -1 -1 -1 -1 -1 -1 -1 1 1 1 1 1 4 4 
4 4 4 -1 4 -1 -1 -1 -1 -1 -1 -1 -1 1 -1 1 1 4 1 1 
4 4 -1 4 -1 -1 -1 1 -1 -1 -1 -1 1 -1 -1 -1 -1 1 1 4 
4 -1 -1 1 1 -1 1 1 -1 -1 -1 -1 -1 -1 -1 -1 -1 -1 -1 4 
-1 -1 -1 1 -1 1 -1 -1 -1 -1 -1 -1 -1 -1 -1 -1 -1 -1 -1 -1 
-1 -1 1 1 -1 -1 -1 1 -1 -1 -1 -1 -1 -1 -1 -1 -1 -1 -1 -1 
-1 1 1 -1 -1 -1 -1 -1 -1 -1 -1 -1 -1 -1 -1 -1 -1 -1 -1 -1 
-1 1 1 -1 -1 -1 -1 -1 -1 -1 -1 -1 -1 -1 -1 -1 3 3 -1 -1 
4 -1 1 -1 -1 -1 -1 -1 -1 -1 -1 -1 -1 -1 -1 -1 -1 -1 -1 -1 
-1 4 -1 -1 -1 -1 -1 -1 -1 -1 -1 -1 -1 -1 -1 -1 -1 -1 -1 -1 
-1 4 -1 -1 -1 -1 -1 -1 -1 -1 -1 -1 -1 -1 -1 -1 -1 -1 4 4 
4 4 -1 -1 -1 4 -1 -1 -1 1 -1 -1 -1 -1 -1 -1 -1 -1 -1 4 
-1 4 -1 1 4 -1 -1 -1 1 -1 -1 -1 -1 -1 -1 -1 -1 -1 -1 -1 
