2 2 3 2 -1 3 3 3 9 1 1 1 -1 6 6 -1 -1 2 -1 2 
10 3 3 -1 2 9 3 3 -1 9 9 9 4 9 6 -1 -1 -1 2 3 
10 -1 3 3 9 36 42 -1 -1 9 9 9 -1 4 -1 6 -1 2 6 2 
42 42 -1 3 3 -1 42 3 -1 3 6 3 6 3 4 6 6 6 2 42 
42 42 42 -1 42 42 3 3 -1 -1 3 3 3 4 4 4 -1 42 2 42 
42 42 -1 42 10 -1 3 3 3 3 3 3 4 4 4 4 38 34 2 -1 
42 42 42 10 10 10 -1 42 42 3 4 4 -1 4 -1 38 38 38 36 42 
-1 42 42 10 3 10 10 42 42 42 3 4 4 -1 4 4 38 42 36 42 
34 42 -1 3 -1 3 3 10 42 42 -1 3 -1 -1 -1 34 34 42 34 36 
34 10 42 -1 3 -1 10 1 6 1 3 3 -1 -1 -1 34 32 6 10 34 
34 34 34 -1 3 3 3 1 1 1 1 1 2 2 6 -1 -1 6 6 10 
34 34 6 3 3 6 3 6 1 1 1 1 -1 6 6 34 6 7 6 -1 
36 7 3 34 -1 4 6 -1 -1 4 1 -1 1 -1 34 34 6 4 -1 36 
7 7 34 34 -1 -1 6 6 4 4 6 6 -1 -1 7 34 4 6 42 42 
-1 -1 -1 6 9 -1 -1 -1 6 6 6 6 -1 -1 34 4 6 36 42 5 
7 7 -1 4 9 -1 6 -1 6 -1 6 -1 4 -1 6 9 7 6 7 7 
-1 -1 6 7 7 -1 6 6 6 2 6 6 -1 -1 -1 6 9 -1 -1 -1 
-1 -1 4 7 -1 9 4 4 9 9 -1 4 -1 -1 -1 2 -1 9 -1 -1 
-1 -1 2 5 6 4 9 4 9 -1 4 -1 10 6 6 -1 9 2 -1 2 
7 2 -1 -1 4 -1 9 9 -1 -1 1 4 -1 -1 -1 -1 2 9 2 2 
-1 34 34 42 42 -1 42 4 10 4 3 -1 4 3 3 3 3 -1 42 42 
42 42 -1 42 42 42 34 4 4 -1 4 -1 4 -1 4 -1 -1 4 -1 42 
4 -1 2 -1 42 34 4 3 3 4 4 4 5 4 -1 5 3 3 4 42 
42 42 3 3 9 34 4 4 4 4 3 4 4 5 5 1 5 3 -1 4 
3 3 6 3 9 42 42 4 -1 4 -1 4 -1 5 5 1 1 -1 -1 -1 
41 6 36 3 3 -1 5 42 42 4 4 4 3 5 -1 5 5 1 9 3 
9 3 3 8 6 5 -1 6 4 -1 4 -1 -1 -1 5 -1 5 9 41 9 
41 3 3 -1 8 -1 -1 6 -1 4 3 -1 -1 5 -1 3 3 -1 41 -1 
3 -1 3 3 3 4 4 4 4 4 4 3 3 4 3 3 2 3 -1 -1 
-1 3 3 3 8 8 4 4 -1 -1 -1 3 4 4 -1 3 -1 2 2 -1 
3 3 3 3 8 8 4 4 -1 -1 4 3 4 4 4 3 3 2 -1 3 
3 -1 3 -1 -1 4 4 4 4 4 -1 4 -1 -1 4 3 3 3 2 3 
3 4 4 4 4 -1 -1 4 4 4 4 4 4 -1 -1 4 1 -1 3 3 
3 3 -1 4 -1 4 4 4 4 -1 4 4 2 4 -1 1 2 -1 1 3 
3 9 9 -1 4 -1 4 4 4 -1 4 4 4 3 4 2 1 1 1 1 
9 41 4 4 6 6 -1 4 -1 -1 2 4 -1 -1 4 1 42 42 42 -1 
1 1 -1 6 4 -1 -1 4 -1 -1 2 2 2 -1 -1 1 1 42 -1 -1 
1 1 -1 4 4 4 -1 -1 -1 -1 2 2 2 2 3 -1 -1 -1 1 1 
1 1 42 42 -1 42 -1 -1 -1 -1 2 2 2 2 2 3 1 1 1 1 
42 1 42 42 42 42 -1 -1 -1 3 3 4 -1 4 3 3 3 42 42 42 
2 -1 -1 -1 2 2 -1 -1 -1 4 1 1 41 -1 -1 -1 -1 3 3 2 
4 2 -1 -1 2 2 -1 -1 -1 -1 1 1 -1 2 2 -1 -1 -1 3 3 
2 2 2 -1 -1 -1 6 -1 41 9 9 4 1 2 -1 -1 -1 -1 3 4 
2 2 2 4 -1 6 -1 4 -1 41 4 -1 -1 -1 -1 -1 -1 -1 -1 2 
2 -1 -1 4 4 -1 4 2 41 41 41 4 -1 -1 -1 3 -1 -1 -1 2 
2 4 2 -1 2 -1 -1 2 9 41 41 41 41 -1 -1 3 3 -1 -1 -1 
4 4 2 4 4 -1 -1 2 41 9 9 41 6 -1 -1 -1 -1 -1 -1 4 
4 -1 2 2 4 4 2 9 2 9 9 41 6 6 -1 -1 -1 -1 4 4 
4 -1 -1 2 2 4 4 2 9 9 9 9 -1 41 41 -1 -1 -1 -1 4 
2 3 3 -1 2 4 4 -1 9 41 9 -1 -1 41 41 41 -1 -1 2 2 
3 3 -1 -1 4 -1 1 9 9 -1 41 -1 41 9 41 -1 -1 -1 2 2 
3 3 3 4 41 -1 9 41 41 41 -1 41 -1 41 41 -1 -1 2 -1 3 
-1 3 -1 41 -1 2 -1 9 9 41 9 9 -1 -1 -1 -1 -1 -1 3 3 
2 -1 -1 4 2 2 2 41 41 9 41 41 2 -1 -1 -1 -1 -1 3 3 
-1 2 -1 2 2 2 -1 2 9 41 41 41 6 2 -1 -1 -1 -1 -1 2 
2 -1 2 -1 2 -1 2 -1 -1 41 -1 9 6 -1 -1 -1 -1 -1 -1 -1 
2 2 -1 2 2 -1 -1 -1 -1 -1 6 9 -1 -1 -1 -1 -1 -1 -1 -1 
-1 2 -1 -1 2 -1 -1 -1 -1 6 9 4 4 4 -1 -1 -1 -1 -1 -1 
-1 -1 -1 -1 -1 -1 -1 6 6 4 -1 -1 9 4 4 2 -1 3 -1 -1 
2 2 -1 -1 -1 -1 -1 6 6 4 -1 9 41 4 -1 -1 -1 -1 3 2 
2 2 -1 2 2 2 4 -1 -1 4 -1 -1 3 2 2 2 2 -1 2 2 
2 -1 4 -1 2 -1 4 -1 -1 2 4 2 9 3 3 2 -1 2 -1 2 
2 4 -1 2 2 4 4 2 2 2 4 4 5 5 3 2 2 2 2 2 
2 4 2 2 4 -1 2 2 2 -1 4 4 4 5 5 -1 2 4 2 2 
-1 2 2 -1 2 -1 -1 -1 -1 2 -1 2 5 -1 6 2 4 2 4 4 
4 2 -1 6 -1 2 -1 2 2 -1 -1 5 2 2 6 2 2 2 2 4 
4 4 6 6 2 2 2 2 -1 -1 3 3 6 6 2 -1 -1 -1 4 3 
4 4 -1 2 2 2 2 -1 2 -1 2 -1 3 3 3 -1 2 4 4 4 
4 4 2 -1 2 -1 -1 2 2 2 -1 3 -1 3 3 3 -1 2 -1 4 
4 4 4 -1 -1 2 -1 -1 2 -1 -1 2 -1 3 2 3 -1 2 4 4 
4 4 -1 -1 -1 2 2 -1 2 -1 -1 -1 2 3 3 6 3 6 2 4 
33 -1 -1 1 3 2 2 2 -1 2 -1 -1 -1 -1 3 3 6 -1 33 -1 
33 3 -1 3 1 2 2 2 -1 -1 33 33 33 -1 3 2 1 4 -1 33 
3 3 3 1 3 3 3 2 2 33 33 33 -1 33 3 -1 2 1 -1 -1 
4 4 3 3 3 3 2 3 2 2 33 -1 33 33 -1 2 2 4 3 4 
4 4 4 3 3 -1 2 2 -1 -1 -1 -1 -1 -1 2 -1 3 3 2 3 
-1 4 4 4 2 2 -1 2 2 -1 2 -1 -1 3 1 3 3 4 2 4 
4 4 -1 4 2 -1 3 2 3 2 2 2 -1 3 3 3 3 -1 4 2 
4 2 4 4 2 3 2 2 2 2 2 -1 2 2 2 2 -1 2 2 2 
2 2 -1 -1 2 -1 2 -1 2 2 2 -1 -1 2 2 2 2 2 2 2 
4 4 -1 4 6 6 6 -1 2 -1 2 3 2 -1 -1 -1 9 9 -1 4 
-1 2 4 4 4 6 -1 2 -1 2 44 -1 2 -1 -1 -1 9 4 -1 -1 
-1 2 2 4 4 4 4 -1 44 44 44 -1 2 -1 -1 -1 -1 -1 6 -1 
-1 2 2 4 2 44 -1 44 44 44 -1 44 -1 2 -1 -1 -1 -1 6 6 
-1 -1 2 2 4 4 44 44 44 -1 -1 -1 -1 2 2 -1 -1 -1 9 1 
2 2 2 2 -1 -1 4 -1 3 3 -1 -1 2 2 2 -1 -1 -1 -1 -1 
2 44 44 44 2 2 1 -1 3 3 3 4 -1 -1 -1 4 4 -1 -1 -1 
-1 44 44 2 -1 -1 44 3 3 -1 3 -1 4 -1 -1 -1 4 4 -1 -1 
-1 -1 2 44 45 45 44 3 -1 -1 -1 -1 4 4 5 4 4 4 -1 -1 
-1 2 2 -1 44 45 4 45 45 2 -1 4 4 4 4 4 -1 4 -1 2 
4 4 -1 -1 45 4 -1 -1 45 -1 2 -1 -1 4 4 -1 4 -1 4 2 
4 -1 -1 4 -1 4 5 -1 4 4 4 -1 4 -1 4 4 -1 4 -1 -1 
-1 4 4 4 4 4 4 4 4 4 4 4 9 9 -1 -1 4 4 -1 4 
-1 4 4 4 4 -1 4 4 4 -1 3 -1 -1 9 1 4 3 3 4 -1 
4 4 4 4 40 -1 4 -1 -1 -1 3 9 9 9 -1 3 -1 -1 10 -1 
-1 -1 4 40 40 9 4 9 2 2 -1 -1 9 9 -1 10 4 4 -1 -1 
-1 -1 40 40 9 -1 -1 9 2 2 2 -1 1 -1 -1 10 10 2 -1 2 
2 -1 -1 2 -1 -1 -1 -1 6 2 3 2 9 1 2 2 10 2 2 -1 
-1 4 4 4 -1 6 6 6 6 6 3 -1 2 9 9 -1 2 2 -1 -1 
-1 -1 4 4 4 -1 6 6 6 3 -1 2 2 9 9 -1 -1 9 -1 -1 
-1 7 7 7 -1 4 -1 4 -1 -1 -1 3 3 3 6 7 4 4 -1 -1 
-1 4 1 1 -1 4 -1 -1 -1 -1 10 -1 -1 6 6 7 4 -1 -1 4 
4 1 1 1 6 -1 -1 10 10 10 10 7 7 6 6 7 4 -1 2 2 
4 1 1 1 6 -1 7 7 -1 10 10 7 2 4 -1 -1 -1 -1 2 2 
6 4 -1 6 -1 7 7 -1 7 4 6 -1 7 4 4 -1 -1 -1 4 -1 
4 6 4 -1 6 6 4 -1 7 7 4 6 6 6 6 6 -1 4 4 4 
6 -1 -1 -1 7 4 6 6 -1 4 7 6 -1 6 6 6 4 7 -1 4 
-1 4 4 4 3 7 6 4 4 4 7 4 4 4 6 6 4 6 -1 -1 
4 6 4 6 3 -1 1 4 4 4 6 4 4 4 4 6 6 3 -1 -1 
-1 4 -1 3 2 3 1 -1 -1 -1 6 6 6 6 6 6 1 1 3 -1 
-1 -1 6 6 3 3 3 2 -1 4 -1 -1 -1 -1 6 7 6 3 3 -1 
-1 -1 -1 -1 -1 -1 2 -1 4 -1 6 3 -1 6 3 3 3 3 -1 -1 
35 -1 -1 -1 -1 -1 3 4 4 4 6 3 6 -1 6 -1 3 3 3 35 
-1 3 -1 -1 -1 3 3 4 3 3 6 6 3 3 6 6 4 3 3 3 
3 -1 -1 3 -1 -1 1 1 -1 1 6 34 6 3 -1 4 3 4 3 -1 
3 -1 1 3 3 1 1 1 6 1 1 34 34 3 6 6 4 4 4 -1 
-1 -1 -1 3 3 2 1 3 9 -1 3 3 34 4 4 6 4 -1 -1 4 
-1 -1 -1 3 3 -1 1 1 3 -1 3 3 3 34 3 4 4 4 -1 -1 
41 -1 -1 -1 2 -1 -1 2 3 3 3 3 3 3 -1 -1 4 4 -1 -1 
-1 7 -1 7 2 2 -1 4 2 -1 -1 3 3 3 42 4 -1 4 -1 -1 
5 -1 -1 4 4 4 4 -1 6 6 -1 2 -1 2 4 2 6 4 3 3 
3 5 4 4 4 4 -1 -1 6 34 2 2 2 2 2 4 2 -1 3 3 
-1 -1 4 4 4 -1 4 4 34 4 2 -1 2 2 2 -1 -1 -1 3 -1 
-1 -1 1 4 6 6 -1 1 4 4 -1 2 2 2 -1 4 -1 42 42 42 
42 42 -1 3 42 3 3 4 1 4 2 2 -1 2 42 -1 42 42 42 42 
42 42 42 42 3 3 3 4 1 4 -1 -1 2 1 -1 42 -1 42 42 42 
-1 42 42 1 1 -1 4 4 4 4 -1 1 1 1 -1 42 42 42 42 42 
6 42 42 42 -1 1 4 1 1 1 34 -1 1 -1 1 1 -1 1 -1 -1 
6 6 42 6 42 1 4 34 -1 -1 34 3 -1 1 3 1 1 1 6 6 
6 6 -1 6 6 6 34 4 -1 -1 3 34 1 3 -1 1 1 -1 1 6 
6 1 6 6 6 6 6 34 -1 38 1 1 3 3 -1 4 2 -1 -1 1 
-1 6 1 6 6 -1 -1 34 34 1 1 1 38 -1 2 -1 -1 2 -1 1 
1 1 -1 44 44 -1 -1 34 34 1 38 38 38 2 2 3 2 3 -1 -1 
5 -1 -1 -1 44 -1 34 -1 34 34 4 -1 -1 1 -1 -1 3 3 -1 5 
5 -1 -1 -1 44 44 -1 4 4 34 4 -1 -1 -1 1 -1 3 1 3 -1 
5 -1 6 -1 -1 -1 44 4 4 4 4 4 5 1 5 -1 -1 3 1 -1 
-1 5 6 6 4 -1 4 4 -1 4 4 4 -1 5 -1 5 5 5 -1 3 
5 -1 -1 6 4 4 4 -1 4 4 4 2 -1 5 5 5 5 5 -1 5 
5 6 6 -1 4 4 -1 4 -1 4 2 2 -1 -1 -1 2 -1 -1 -1 5 
6 6 6 6 6 4 4 6 4 4 2 2 2 2 2 4 2 -1 -1 5 
-1 4 4 -1 4 -1 38 3 3 -1 -1 -1 -1 3 3 3 3 -1 -1 -1 
4 4 4 4 4 38 -1 38 1 4 3 -1 6 3 3 -1 3 4 3 -1 
34 -1 4 4 4 4 -1 1 1 1 3 6 -1 3 3 3 34 4 6 4 
34 4 4 4 4 -1 4 4 1 1 -1 6 6 3 -1 4 3 3 6 34 
4 4 4 4 4 4 4 4 -1 1 1 3 3 3 4 4 4 -1 6 4 
4 5 6 4 -1 -1 -1 -1 33 1 4 3 3 -1 3 4 4 6 4 4 
5 -1 4 4 4 -1 33 33 33 33 3 -1 -1 -1 4 4 4 4 4 4 
5 4 4 -1 42 4 4 33 33 -1 -1 -1 -1 -1 -1 -1 4 4 -1 4 
-1 4 4 4 4 42 33 33 42 33 4 4 -1 -1 -1 6 4 6 6 -1 
-1 4 4 4 42 42 42 42 42 -1 -1 -1 -1 4 4 4 6 6 6 6 
6 -1 -1 42 -1 42 42 42 42 42 -1 -1 -1 4 4 6 4 -1 6 6 
4 4 -1 -1 42 42 6 42 4 42 42 4 4 4 4 4 6 6 -1 4 
-1 -1 4 -1 -1 6 6 4 10 -1 6 4 4 4 -1 4 4 -1 6 4 
-1 -1 -1 4 -1 -1 6 6 42 10 -1 -1 -1 4 4 6 6 1 4 -1 
-1 -1 -1 -1 -1 6 6 42 -1 -1 -1 4 -1 4 4 4 4 4 1 -1 
-1 4 4 -1 -1 -1 42 6 42 42 4 4 4 -1 4 4 -1 1 -1 -1 
4 4 4 -1 -1 -1 6 6 3 -1 -1 -1 -1 4 4 -1 4 1 4 4 
4 -1 6 4 4 2 4 -1 -1 -1 6 -1 -1 4 4 -1 -1 4 -1 -1 
4 4 4 -1 -1 -1 -1 -1 -1 3 6 2 3 3 4 3 -1 -1 3 -1 
4 4 4 -1 -1 -1 -1 3 3 3 -1 3 3 3 3 3 -1 3 3 -1 
42 4 42 -1 -1 -1 -1 -1 -1 33 33 5 4 4 4 -1 -1 33 4 5 
-1 42 4 -1 -1 4 36 4 4 36 -1 -1 4 4 1 4 -1 6 6 -1 
42 4 4 4 -1 4 4 4 4 -1 -1 -1 4 4 6 1 -1 6 4 -1 
4 4 4 4 -1 4 -1 36 -1 4 -1 6 4 4 6 6 7 -1 7 -1 
-1 -1 4 4 4 4 36 36 6 4 -1 -1 4 -1 6 6 7 7 -1 -1 
4 4 4 4 4 4 4 36 6 4 4 6 -1 2 3 6 6 3 2 4 
4 -1 4 4 4 -1 -1 6 4 4 -1 6 2 -1 3 7 4 2 4 4 
4 7 7 -1 4 -1 4 -1 4 1 -1 6 3 3 4 -1 4 4 4 4 
4 7 -1 34 34 6 -1 4 -1 1 6 3 3 3 3 3 -1 -1 -1 4 
-1 -1 -1 4 34 34 4 -1 1 4 -1 3 3 3 3 3 -1 4 3 6 
6 -1 -1 4 -1 4 6 6 6 4 3 3 3 3 6 3 3 -1 -1 6 
6 -1 -1 4 -1 -1 -1 6 6 4 3 -1 3 6 4 -1 -1 4 -1 6 
-1 4 -1 4 7 -1 -1 -1 4 4 -1 3 -1 4 33 33 4 -1 6 6 
6 4 6 7 -1 7 -1 -1 -1 33 33 33 -1 33 33 -1 -1 4 4 -1 
42 -1 4 4 -1 -1 7 -1 -1 4 33 33 33 33 33 4 33 4 4 4 
-1 42 4 3 -1 -1 3 -1 4 3 -1 -1 33 33 33 33 33 4 4 42 
4 -1 4 3 3 4 2 2 4 3 -1 33 -1 -1 33 33 33 4 4 4 
4 -1 4 4 42 4 9 -1 9 4 -1 5 -1 5 -1 33 33 42 4 4 
-1 42 42 42 42 42 4 4 -1 4 4 5 5 -1 5 33 33 4 42 4 
-1 42 42 42 -1 42 4 4 -1 4 5 4 5 5 33 33 33 4 4 4 
4 -1 4 2 -1 -1 4 4 -1 -1 -1 -1 6 4 6 4 9 4 4 4 
-1 -1 4 2 2 6 6 4 4 -1 4 4 -1 6 6 6 2 4 4 -1 
-1 -1 -1 6 6 4 6 6 -1 4 -1 -1 -1 4 -1 -1 2 2 4 4 
4 -1 4 6 5 4 4 4 -1 4 4 -1 -1 4 -1 -1 2 -1 4 -1 
4 -1 -1 5 5 4 4 2 -1 4 -1 4 4 -1 -1 -1 -1 -1 -1 4 
-1 6 6 5 5 4 4 2 2 -1 -1 4 4 -1 -1 4 4 -1 -1 4 
6 6 5 6 5 7 2 2 2 2 -1 4 -1 -1 2 4 4 4 -1 -1 
-1 2 2 -1 6 4 4 2 2 2 -1 1 -1 -1 2 -1 4 4 4 4 
4 5 5 -1 4 4 -1 2 2 -1 2 -1 1 4 2 4 -1 4 4 1 
5 4 5 5 4 7 4 2 2 2 2 2 4 -1 4 -1 -1 4 4 -1 
-1 7 4 4 5 4 4 4 2 2 2 2 4 4 -1 -1 -1 1 4 1 
1 7 4 3 -1 4 4 -1 -1 2 2 -1 4 4 2 -1 -1 -1 5 4 
4 3 4 3 -1 -1 4 4 4 -1 2 4 4 4 4 2 -1 -1 5 4 
4 3 4 4 -1 4 4 4 4 4 -1 2 4 4 4 2 2 -1 4 4 
4 4 -1 -1 4 4 4 4 4 -1 -1 4 4 -1 2 4 4 4 4 -1 
4 -1 -1 4 -1 4 -1 4 -1 4 -1 -1 -1 2 4 2 4 -1 4 4 
2 -1 4 -1 4 4 4 4 4 4 4 -1 -1 1 4 -1 4 4 -1 4 
4 -1 2 4 6 -1 4 4 4 4 4 -1 1 -1 1 4 4 4 4 -1 
2 2 -1 4 4 4 -1 3 4 -1 4 4 4 1 4 -1 -1 -1 4 4 
4 -1 -1 -1 -1 3 3 3 3 3 -1 4 4 4 4 2 -1 -1 4 4 
-1 5 8 8 5 -1 5 5 5 10 2 10 10 3 10 2 38 -1 38 -1 
-1 8 6 -1 -1 8 8 8 10 4 2 2 10 10 3 38 38 -1 -1 -1 
-1 -1 6 6 -1 8 5 6 6 2 4 -1 10 3 3 3 3 38 38 -1 
5 -1 -1 -1 -1 5 -1 5 6 4 4 -1 10 -1 -1 10 -1 -1 38 5 
5 5 -1 2 2 -1 -1 5 -1 6 4 4 2 9 10 -1 -1 -1 5 -1 
5 5 5 5 2 2 -1 -1 -1 3 3 2 1 2 2 9 5 5 5 5 
5 5 6 6 6 2 -1 -1 -1 3 2 2 1 1 9 -1 5 5 5 5 
5 5 5 10 9 -1 -1 4 -1 2 -1 -1 -1 9 9 9 5 5 5 5 
-1 5 10 10 10 10 11 -1 4 2 2 2 9 9 9 -1 -1 5 5 5 
4 5 -1 -1 4 6 -1 6 -1 -1 2 2 2 9 9 5 5 5 4 3 
3 -1 -1 4 4 4 6 6 -1 -1 -1 2 -1 4 9 9 -1 5 -1 3 
3 3 3 -1 2 4 4 2 2 2 4 -1 -1 2 4 -1 6 -1 6 3 
2 2 2 2 -1 -1 -1 -1 2 2 2 4 2 4 4 4 -1 6 3 6 
2 2 2 2 40 2 2 -1 2 2 2 2 2 4 4 4 -1 6 4 4 
2 2 2 2 40 40 6 2 2 2 -1 2 4 4 -1 -1 10 -1 -1 -1 
-1 2 2 -1 -1 -1 6 6 6 2 2 6 2 2 -1 -1 -1 10 10 10 
10 6 -1 2 -1 -1 4 -1 6 6 10 -1 2 3 3 3 3 10 10 6 
-1 10 -1 6 5 -1 4 6 4 2 10 10 10 -1 3 3 -1 6 10 3 
3 -1 6 6 6 5 2 -1 6 -1 10 10 3 -1 3 3 -1 -1 6 3 
3 3 8 6 8 36 36 2 -1 -1 10 -1 -1 3 3 -1 -1 38 3 3 
3 6 6 6 6 10 2 3 -1 3 10 10 3 3 3 6 4 4 4 3 
4 6 5 5 -1 2 10 -1 3 -1 -1 6 6 -1 10 10 4 -1 4 6 
3 3 5 -1 -1 -1 3 2 -1 3 6 6 6 6 -1 10 -1 4 4 6 
3 3 -1 5 -1 -1 3 -1 2 3 6 6 -1 6 6 -1 -1 4 -1 4 
3 3 -1 -1 -1 6 6 -1 2 -1 6 6 6 6 10 6 2 10 4 3 
-1 6 3 3 6 6 6 2 3 -1 3 6 6 6 2 10 10 10 4 4 
6 34 3 3 -1 7 7 2 2 3 2 -1 6 10 10 10 3 3 3 4 
34 5 3 2 -1 7 2 2 2 2 2 -1 6 -1 10 -1 -1 -1 4 3 
-1 -1 -1 2 3 2 2 -1 6 2 2 34 34 3 4 3 3 3 4 4 
3 -1 3 3 11 2 -1 2 2 3 2 34 4 4 3 3 3 3 3 -1 
3 3 3 2 3 3 -1 2 2 3 2 3 3 -1 -1 3 3 3 3 3 
3 3 3 3 3 3 2 2 -1 -1 2 8 8 2 2 6 3 3 3 3 
-1 3 -1 3 3 3 2 -1 -1 6 6 8 3 2 3 6 6 3 -1 6 
2 3 -1 -1 -1 3 2 2 2 6 8 8 2 2 3 2 6 6 3 6 
2 -1 -1 -1 2 2 2 2 -1 2 3 2 8 3 2 2 -1 6 -1 6 
6 -1 -1 2 2 3 3 3 3 6 6 6 -1 2 2 -1 2 6 6 6 
2 -1 6 -1 3 -1 -1 3 3 3 2 2 6 10 3 3 2 -1 2 2 
2 6 6 6 6 -1 3 3 3 -1 -1 2 2 3 3 -1 -1 -1 2 2 
6 6 6 6 -1 6 -1 3 3 3 -1 -1 2 3 3 6 -1 4 2 6 
3 -1 6 -1 3 -1 3 -1 3 3 -1 -1 3 -1 6 6 4 2 2 3 
-1 5 -1 5 5 5 -1 6 6 -1 6 -1 -1 8 -1 5 6 6 6 6 
5 5 -1 5 5 1 7 6 -1 6 -1 -1 -1 3 8 8 -1 6 4 5 
5 5 5 5 -1 5 5 7 6 -1 -1 -1 -1 3 -1 -1 -1 -1 3 -1 
3 5 5 5 -1 5 5 7 6 6 5 5 -1 -1 -1 4 4 -1 3 3 
3 -1 -1 -1 5 5 5 5 4 64 5 2 -1 -1 -1 -1 -1 -1 3 3 
3 3 4 -1 -1 4 -1 4 64 64 -1 2 -1 -1 33 3 3 3 3 3 
3 3 4 4 -1 -1 4 5 4 64 2 -1 4 -1 33 33 -1 3 -1 3 
3 3 -1 4 4 -1 -1 -1 5 -1 -1 4 -1 -1 -1 4 3 3 -1 3 
3 3 4 -1 4 4 4 -1 5 -1 -1 4 4 -1 -1 4 4 3 4 4 
6 -1 -1 -1 4 4 -1 5 5 5 -1 4 4 6 -1 6 3 -1 4 -1 
6 -1 -1 -1 4 4 4 5 5 5 4 -1 6 4 -1 -1 4 8 9 9 
-1 4 6 -1 4 4 4 4 4 5 5 6 -1 -1 6 4 -1 4 -1 6 
6 4 -1 -1 5 4 5 4 10 -1 10 10 10 6 -1 -1 4 -1 -1 6 
-1 -1 -1 -1 -1 5 4 -1 10 10 10 10 10 -1 -1 4 -1 -1 6 6 
6 -1 -1 -1 4 5 -1 4 10 -1 -1 3 3 6 -1 6 -1 6 6 6 
6 3 -1 4 -1 -1 5 -1 5 -1 -1 -1 3 6 -1 6 6 6 6 3 
3 10 10 4 4 5 -1 5 5 6 -1 -1 5 3 6 -1 6 6 10 10 
5 10 -1 10 5 -1 5 -1 -1 6 -1 -1 2 -1 -1 5 6 4 4 10 
10 1 5 7 7 -1 -1 -1 6 2 6 2 2 -1 -1 -1 5 6 10 10 
1 -1 5 5 -1 7 7 6 -1 6 6 4 -1 8 4 5 -1 -1 6 6 
33 1 3 3 3 3 9 3 3 3 -1 -1 3 3 3 3 -1 -1 -1 3 
3 3 3 3 -1 -1 3 3 3 3 -1 -1 -1 -1 3 3 3 3 3 33 
3 -1 3 3 -1 -1 -1 -1 3 3 3 3 -1 -1 2 -1 -1 -1 3 3 
3 -1 3 3 -1 -1 2 -1 3 3 3 3 3 2 1 2 -1 3 3 3 
3 3 1 3 -1 2 2 -1 2 3 3 3 3 -1 -1 -1 3 -1 -1 -1 
3 -1 -1 1 3 -1 2 2 -1 -1 3 3 3 3 -1 -1 -1 -1 -1 3 
3 3 -1 -1 9 -1 2 2 -1 -1 3 3 3 3 -1 2 33 3 3 3 
3 3 3 9 3 -1 -1 -1 -1 9 -1 -1 3 3 3 33 33 1 3 1 
3 3 3 3 -1 3 -1 -1 -1 1 9 3 3 9 3 3 -1 1 3 1 
-1 -1 3 -1 9 3 3 2 -1 -1 1 9 9 9 3 -1 3 3 3 3 
3 3 -1 9 -1 3 3 3 -1 3 3 -1 -1 -1 9 -1 3 3 2 2 
9 1 9 -1 -1 3 -1 3 3 3 -1 3 9 9 -1 3 3 1 -1 9 
1 9 -1 -1 -1 2 5 3 3 9 9 -1 9 3 -1 3 1 3 -1 -1 
3 3 3 3 3 2 2 5 5 3 -1 9 1 -1 3 -1 3 3 3 3 
3 3 3 3 3 3 -1 5 3 -1 -1 6 -1 3 3 3 3 3 3 3 
3 3 3 3 -1 3 3 3 -1 -1 3 -1 6 6 3 3 3 3 3 -1 
3 3 3 3 3 -1 3 3 3 -1 3 -1 -1 3 3 5 3 3 3 -1 
-1 -1 3 3 3 2 -1 3 3 3 -1 3 3 -1 5 -1 3 3 3 -1 
-1 -1 3 -1 -1 3 2 -1 3 -1 3 -1 -1 -1 3 5 3 3 3 33 
-1 -1 -1 3 3 3 3 3 3 3 -1 -1 3 3 3 -1 -1 -1 -1 -1 
3 3 3 3 3 3 3 3 3 3 -1 3 3 3 3 -1 33 3 3 3 
-1 3 3 3 3 -1 3 3 3 3 3 3 3 3 3 3 3 3 3 -1 
-1 -1 3 3 3 3 3 -1 3 -1 3 3 -1 3 3 3 3 -1 3 -1 
2 3 1 3 1 3 3 3 -1 -1 -1 -1 3 -1 -1 3 3 3 -1 2 
3 3 3 1 3 3 3 3 3 3 3 -1 3 3 3 -1 3 3 3 2 
3 3 1 11 11 -1 3 11 3 -1 3 -1 -1 3 -1 3 3 -1 3 3 
3 -1 3 -1 11 11 3 11 3 -1 -1 -1 3 3 -1 -1 3 3 -1 -1 
3 3 -1 3 11 3 11 3 3 -1 -1 -1 3 3 -1 -1 -1 3 3 -1 
3 3 3 3 1 1 3 3 -1 1 1 -1 3 -1 3 3 1 -1 -1 3 
3 3 3 11 3 -1 3 3 3 3 3 -1 3 3 3 3 4 -1 4 -1 
3 3 11 3 3 3 3 3 3 3 3 -1 -1 -1 3 3 3 4 4 4 
3 3 3 -1 -1 3 3 3 3 3 3 8 3 3 3 3 3 4 4 3 
3 3 3 3 3 3 3 3 -1 3 3 3 -1 3 3 3 4 3 4 3 
1 -1 -1 3 3 3 3 3 -1 -1 -1 3 -1 3 -1 3 3 1 1 3 
1 3 3 -1 3 3 3 3 3 3 3 3 3 3 3 3 -1 1 1 1 
3 1 3 3 3 3 3 3 3 3 3 2 -1 3 2 3 3 1 1 3 
3 3 3 3 3 3 -1 3 3 3 2 -1 3 2 3 3 1 3 1 3 
3 3 -1 -1 3 3 -1 -1 3 3 3 3 3 3 3 3 3 3 3 3 
-1 3 3 3 3 3 -1 3 3 3 3 3 3 3 3 3 3 3 3 3 
3 3 3 3 3 3 3 3 3 3 3 3 3 3 3 3 -1 3 3 3 
2 3 3 3 3 3 3 -1 3 3 3 3 3 3 3 3 3 3 -1 2 
2 2 3 3 3 3 3 3 3 3 3 3 3 -1 3 3 3 3 3 -1 
-1 2 3 3 -1 -1 3 3 -1 3 3 -1 -1 3 -1 -1 3 -1 3 -1 
3 2 2 2 2 2 3 3 -1 3 3 3 -1 -1 3 3 3 3 -1 3 
2 2 3 2 -1 2 2 3 3 3 -1 3 3 3 3 3 3 3 3 3 
3 3 3 3 2 -1 2 3 3 -1 3 -1 -1 3 3 3 3 3 3 3 
3 3 -1 -1 3 -1 3 -1 -1 -1 3 -1 3 -1 3 -1 -1 3 -1 3 
3 3 -1 3 3 3 -1 -1 3 3 3 -1 3 -1 -1 3 3 3 3 3 
3 3 -1 -1 -1 3 3 3 3 3 -1 3 3 3 3 3 3 -1 -1 3 
3 3 -1 -1 3 -1 3 3 3 3 1 3 3 3 3 3 3 5 -1 3 
3 3 3 3 3 3 -1 -1 3 3 3 1 3 3 3 3 3 5 3 3 
4 3 3 3 3 -1 3 3 -1 -1 3 3 3 -1 -1 5 -1 5 5 3 
3 3 3 3 3 3 3 3 3 3 3 3 3 3 -1 -1 5 5 5 3 
3 3 3 3 3 3 3 -1 3 3 3 3 -1 3 3 3 5 5 5 5 
3 3 5 5 3 3 3 3 3 3 3 3 3 3 3 3 5 5 -1 3 
3 3 5 3 5 3 3 3 3 3 -1 3 -1 -1 3 3 3 3 3 3 
3 -1 5 -1 2 2 3 3 3 3 -1 3 -1 -1 -1 3 3 3 3 3 
3 -1 3 2 3 2 2 3 -1 3 3 3 3 3 3 3 3 3 3 3 
3 3 3 3 2 3 3 2 3 -1 3 3 3 3 3 3 -1 3 -1 3 
3 3 3 3 3 3 3 2 -1 3 3 3 3 3 3 3 3 -1 -1 3 
-1 3 3 -1 3 3 -1 2 2 2 -1 -1 -1 1 3 1 3 3 3 3 
3 3 3 3 3 3 -1 2 2 2 2 -1 3 3 3 3 3 3 3 -1 
3 3 3 1 1 -1 -1 -1 40 -1 -1 -1 -1 3 3 3 3 3 3 3 
3 3 3 9 3 3 3 -1 40 40 -1 -1 -1 3 3 -1 3 3 3 3 
3 3 9 3 3 3 3 -1 -1 40 40 3 3 3 -1 -1 -1 3 3 3 
3 3 -1 -1 3 3 -1 -1 -1 3 3 3 3 1 3 -1 3 -1 3 3 
3 3 3 3 -1 3 3 4 3 3 3 3 3 1 3 3 -1 3 3 3 
3 3 3 3 2 3 -1 -1 3 4 3 3 3 3 1 3 3 3 3 -1 
-1 -1 3 2 -1 2 3 3 3 1 3 -1 3 3 1 -1 -1 3 33 3 
-1 -1 3 2 2 -1 -1 -1 3 3 -1 3 -1 3 3 3 -1 33 -1 -1 
-1 -1 -1 3 2 3 3 3 3 3 -1 -1 3 3 3 3 33 3 -1 -1 
-1 -1 3 2 3 3 3 3 3 -1 3 -1 -1 3 3 3 3 -1 3 -1 
9 3 2 2 10 3 3 3 2 1 -1 -1 3 1 3 3 -1 1 1 -1 
9 10 3 -1 3 3 -1 2 2 2 1 1 3 3 3 3 3 6 1 1 
9 -1 10 -1 10 10 10 10 -1 2 1 1 2 2 -1 -1 -1 1 -1 9 
9 3 3 -1 10 10 10 2 6 -1 1 1 1 3 2 -1 1 -1 -1 9 
9 3 -1 3 3 3 2 2 6 2 -1 2 -1 3 3 -1 -1 -1 -1 9 
-1 3 -1 -1 -1 3 -1 -1 2 -1 2 2 3 -1 -1 3 3 5 -1 9 
3 3 -1 -1 3 3 3 2 2 2 2 3 -1 3 -1 3 1 3 3 3 
2 -1 -1 3 3 3 2 2 2 -1 2 -1 3 3 1 3 1 -1 3 3 
3 3 3 3 3 -1 -1 2 -1 1 3 4 -1 4 -1 -1 5 5 3 5 
5 3 1 3 -1 -1 2 -1 3 1 -1 -1 4 -1 4 -1 3 3 3 5 
5 5 1 3 2 -1 2 -1 -1 3 -1 4 4 -1 -1 -1 3 5 5 5 
5 3 3 2 3 2 -1 -1 2 2 2 2 3 -1 -1 3 3 3 5 5 
-1 3 -1 2 2 2 2 2 2 2 2 2 3 -1 -1 4 4 5 -1 5 
3 3 3 2 2 2 2 2 -1 2 2 2 2 -1 -1 3 3 -1 3 3 
1 1 3 3 -1 2 2 -1 -1 -1 -1 2 -1 -1 -1 -1 -1 3 -1 3 
3 3 3 3 33 33 33 3 3 3 3 3 -1 -1 -1 3 3 3 3 -1 
3 3 3 3 3 33 -1 -1 33 3 3 5 -1 5 -1 3 3 3 2 9 
9 3 3 3 33 33 -1 -1 33 -1 5 5 5 2 2 -1 3 2 9 9 
9 9 3 3 3 3 -1 3 5 5 5 5 -1 2 3 3 3 2 9 9 
3 9 3 1 3 -1 -1 3 5 -1 5 -1 2 2 2 -1 3 2 -1 -1 
9 3 9 3 -1 -1 -1 10 11 5 -1 -1 -1 2 2 2 3 3 -1 3 
9 9 3 3 3 -1 -1 5 11 5 -1 -1 3 3 2 3 2 3 -1 3 
9 9 3 3 32 32 -1 5 5 5 3 3 3 3 2 3 2 3 3 9 
8 8 3 -1 -1 1 3 5 5 -1 3 3 3 1 1 2 2 3 3 -1 
3 3 1 1 1 1 3 -1 -1 4 4 3 3 2 2 3 3 -1 3 8 
3 -1 1 -1 -1 3 -1 3 -1 -1 4 -1 4 1 3 3 -1 -1 3 3 
3 1 -1 1 -1 3 -1 3 -1 4 -1 3 1 4 2 -1 3 3 3 -1 
3 1 1 3 3 -1 3 3 3 4 4 4 -1 4 2 3 5 5 -1 3 
6 -1 1 1 3 3 1 3 3 4 4 -1 -1 -1 -1 4 -1 32 1 6 
-1 32 1 -1 1 -1 3 -1 4 4 -1 -1 1 -1 32 32 3 -1 32 1 
-1 4 32 -1 5 5 5 -1 4 -1 -1 -1 1 3 -1 3 3 3 3 32 
3 32 5 5 5 5 -1 -1 -1 -1 -1 -1 -1 -1 3 3 3 3 3 -1 
3 2 2 -1 5 -1 -1 -1 -1 -1 -1 3 3 -1 3 -1 3 3 3 3 
32 2 -1 3 -1 5 -1 -1 -1 -1 -1 3 3 3 -1 3 3 -1 3 -1 
2 2 2 -1 2 5 5 -1 -1 -1 3 -1 1 3 3 3 -1 -1 -1 -1 
2 -1 2 2 -1 5 3 3 4 -1 -1 -1 3 -1 3 3 3 3 3 2 
2 2 5 -1 5 5 4 -1 4 3 -1 4 3 3 -1 1 3 3 1 -1 
3 -1 -1 5 -1 4 -1 4 4 -1 4 4 -1 3 1 -1 1 1 3 3 
-1 -1 -1 -1 5 4 4 4 4 4 4 4 2 1 -1 1 1 4 -1 3 
4 -1 -1 -1 4 -1 -1 -1 4 1 -1 4 4 2 1 -1 -1 -1 4 4 
-1 -1 -1 4 -1 -1 -1 4 4 -1 1 4 9 6 6 6 6 -1 -1 4 
-1 -1 4 -1 -1 -1 4 4 4 1 3 1 -1 -1 6 6 -1 -1 -1 2 
2 4 4 4 4 4 4 4 4 -1 1 -1 -1 3 -1 -1 -1 -1 2 -1 
-1 4 4 4 4 4 4 4 -1 3 3 3 3 -1 3 -1 -1 2 2 2 
-1 -1 -1 4 4 -1 4 -1 3 3 3 3 3 3 -1 -1 2 2 -1 -1 
6 4 -1 -1 -1 -1 -1 3 3 -1 1 3 3 -1 -1 -1 -1 6 4 -1 
6 4 1 -1 -1 3 3 -1 -1 1 4 3 3 -1 3 3 -1 6 4 6 
6 -1 1 1 -1 -1 3 3 3 4 4 -1 -1 3 -1 4 6 -1 6 6 
-1 4 -1 2 2 5 5 2 6 3 2 3 -1 -1 2 2 2 2 -1 -1 
3 3 2 3 -1 4 -1 -1 3 3 -1 3 -1 -1 -1 -1 2 2 -1 -1 
2 3 3 -1 3 4 4 -1 3 3 -1 -1 3 4 -1 2 -1 2 -1 3 
2 3 1 -1 4 4 4 3 -1 -1 3 3 -1 4 1 4 4 -1 -1 -1 
-1 2 2 -1 2 2 2 3 3 3 3 -1 3 -1 -1 1 4 -1 6 -1 
2 2 2 2 4 4 3 -1 -1 3 3 -1 -1 4 -1 2 2 2 6 6 
-1 3 3 4 -1 3 -1 -1 -1 4 -1 4 4 2 -1 3 3 3 -1 2 
3 -1 3 3 10 4 -1 4 -1 4 4 4 4 -1 2 2 2 5 5 2 
3 4 4 4 -1 10 4 -1 4 -1 4 2 -1 -1 2 2 2 -1 5 -1 
4 -1 4 4 3 3 -1 4 4 -1 -1 -1 2 2 2 2 -1 -1 -1 -1 
-1 4 -1 6 3 3 -1 4 -1 -1 -1 2 2 2 2 2 -1 2 2 2 
4 4 6 3 3 3 3 3 -1 2 2 2 2 -1 8 -1 2 -1 -1 6 
4 4 4 6 3 3 3 3 3 2 2 2 3 3 -1 2 2 -1 -1 -1 
4 4 4 4 4 4 3 3 3 3 -1 -1 4 -1 2 -1 -1 -1 -1 -1 
-1 4 1 4 -1 3 3 3 3 3 3 -1 2 -1 3 -1 2 2 -1 -1 
-1 4 4 4 3 3 -1 3 3 3 -1 2 -1 2 3 4 4 -1 -1 2 
4 -1 4 4 5 3 3 3 -1 3 2 2 7 7 -1 -1 4 3 2 -1 
4 5 4 5 -1 -1 -1 3 3 3 3 -1 2 2 2 -1 -1 2 33 2 
2 5 4 5 5 -1 -1 -1 -1 3 3 -1 2 4 -1 2 2 2 -1 33 
-1 -1 5 5 3 3 5 2 3 3 -1 2 4 4 2 2 2 -1 -1 -1 
4 -1 -1 -1 2 4 4 -1 -1 -1 2 4 4 4 2 -1 4 4 4 4 
4 4 4 4 4 -1 -1 4 4 2 -1 -1 2 2 -1 -1 2 4 4 4 
4 4 4 4 -1 4 -1 4 2 2 -1 -1 -1 2 2 -1 2 -1 -1 -1 
4 4 4 4 4 4 4 2 2 2 2 -1 2 2 -1 -1 -1 -1 -1 -1 
2 4 -1 4 4 -1 4 4 -1 2 2 2 2 2 -1 -1 4 -1 -1 -1 
2 -1 -1 -1 4 4 4 2 2 -1 -1 -1 -1 -1 -1 -1 4 -1 -1 -1 
6 6 2 2 4 4 4 4 -1 6 -1 -1 -1 6 6 4 4 4 4 4 
-1 2 2 4 -1 4 2 4 6 6 6 -1 4 6 6 -1 -1 4 4 4 
-1 -1 -1 2 4 4 2 -1 -1 2 2 -1 4 4 6 -1 -1 4 -1 -1 
-1 -1 -1 -1 4 4 2 -1 -1 -1 2 -1 4 6 -1 4 -1 4 -1 -1 
-1 4 -1 -1 -1 -1 -1 -1 5 -1 -1 4 6 4 -1 4 4 4 -1 -1 
6 -1 4 -1 -1 -1 4 4 -1 5 -1 4 2 4 4 4 4 4 4 4 
6 4 4 4 -1 5 5 -1 5 5 5 2 2 2 4 4 4 -1 4 6 
4 4 2 -1 4 -1 -1 -1 5 4 5 4 4 4 -1 4 -1 4 6 -1 
6 -1 2 2 4 4 -1 -1 4 4 -1 -1 4 4 4 6 6 4 -1 6 
-1 4 -1 -1 4 -1 -1 -1 -1 5 -1 4 4 4 6 6 -1 -1 6 -1 
4 -1 -1 4 -1 -1 33 33 41 -1 4 -1 4 4 6 -1 -1 -1 4 4 
4 -1 4 4 4 -1 -1 33 4 41 -1 -1 4 4 -1 -1 -1 4 -1 4 
4 4 4 4 4 4 4 -1 -1 -1 -1 -1 2 4 4 6 -1 4 4 4 
4 -1 -1 -1 2 4 4 4 4 -1 -1 2 4 4 6 4 6 4 4 4 
-1 -1 1 -1 -1 -1 34 34 -1 4 4 -1 -1 33 33 33 33 -1 -1 6 
-1 -1 33 4 -1 -1 34 4 4 4 -1 4 2 -1 -1 -1 4 -1 6 6 
6 -1 33 4 4 4 -1 4 4 4 4 4 4 4 4 4 4 -1 -1 6 
6 -1 33 33 33 -1 4 6 4 -1 4 -1 -1 2 -1 -1 -1 4 6 6 
-1 33 33 4 -1 2 -1 4 4 -1 -1 -1 2 -1 33 -1 2 4 -1 6 
-1 -1 2 -1 2 2 -1 -1 4 -1 -1 41 -1 -1 33 -1 -1 4 4 4 
4 2 2 2 -1 4 4 -1 4 -1 -1 41 41 33 33 41 -1 -1 -1 4 
2 -1 2 -1 2 2 -1 4 -1 4 41 41 41 -1 4 33 41 -1 4 4 
4 2 4 32 2 2 -1 -1 4 41 41 -1 -1 41 4 33 4 4 -1 4 
4 2 2 -1 32 -1 4 2 -1 -1 32 32 4 4 4 4 4 4 4 4 
-1 -1 -1 -1 2 -1 4 4 2 -1 32 32 -1 4 4 33 4 -1 4 -1 
4 -1 -1 -1 -1 2 -1 4 2 4 -1 -1 -1 3 4 4 3 4 -1 4 
4 4 -1 -1 -1 -1 2 2 2 2 4 4 4 -1 3 3 3 3 4 -1 
4 4 -1 -1 2 4 4 2 2 2 4 -1 33 4 -1 3 3 4 4 -1 
-1 -1 -1 -1 4 4 2 2 2 2 4 33 33 4 -1 3 -1 4 -1 4 
-1 4 -1 1 1 2 2 4 4 4 -1 1 -1 4 3 3 -1 4 4 -1 
4 2 2 1 4 4 4 4 2 -1 -1 -1 -1 33 -1 3 -1 4 -1 -1 
4 2 34 34 4 -1 4 34 2 33 -1 -1 -1 -1 33 -1 -1 -1 2 4 
4 2 6 34 34 4 34 2 -1 33 -1 -1 -1 -1 33 33 -1 -1 2 2 
2 4 -1 -1 -1 34 34 34 4 4 -1 4 4 33 -1 -1 33 -1 -1 2 
-1 6 6 4 -1 -1 41 41 -1 -1 -1 2 10 41 41 41 -1 32 7 7 
7 4 6 -1 4 4 41 41 41 2 2 41 34 2 41 41 -1 7 7 7 
33 33 4 6 4 -1 41 41 41 41 41 41 41 2 41 -1 -1 -1 7 -1 
7 -1 -1 -1 -1 -1 41 41 41 41 -1 7 -1 4 4 4 -1 -1 -1 -1 
33 -1 -1 -1 -1 41 41 -1 41 41 7 7 -1 4 4 4 -1 4 -1 33 
-1 -1 -1 -1 41 41 41 41 41 41 -1 7 -1 4 4 4 4 -1 -1 -1 
-1 -1 -1 -1 41 41 -1 -1 -1 -1 -1 -1 -1 38 41 2 2 -1 -1 -1 
-1 -1 -1 -1 -1 -1 -1 -1 41 41 41 -1 -1 38 -1 4 2 2 -1 2 
2 -1 -1 -1 -1 -1 -1 -1 -1 41 41 41 41 -1 4 2 2 2 -1 2 
-1 2 2 -1 -1 -1 33 -1 -1 41 41 -1 41 41 4 2 -1 4 -1 2 
2 -1 2 33 -1 -1 33 41 -1 -1 41 1 41 4 4 33 33 -1 -1 2 
-1 2 -1 33 -1 -1 41 33 33 -1 -1 1 4 41 -1 -1 -1 10 -1 -1 
-1 -1 33 33 -1 -1 41 41 -1 -1 1 1 -1 32 32 32 -1 10 10 -1 
10 33 -1 -1 4 4 -1 -1 -1 4 1 1 1 41 32 -1 -1 -1 10 10 
10 10 33 33 4 -1 -1 -1 -1 4 4 4 41 1 1 32 -1 9 10 10 
10 10 10 33 -1 -1 4 4 -1 -1 4 4 32 1 32 32 -1 32 9 10 
10 10 33 4 4 -1 10 -1 10 10 -1 -1 32 32 -1 32 32 32 32 6 
-1 10 -1 4 -1 4 -1 10 10 10 10 1 1 -1 2 4 32 6 6 6 
10 4 2 -1 -1 -1 33 -1 41 10 10 10 -1 1 41 32 6 -1 32 6 
-1 4 4 -1 -1 -1 33 41 41 -1 -1 10 -1 -1 41 -1 32 32 32 7 
41 7 41 2 2 -1 -1 41 41 2 2 33 2 -1 2 2 2 -1 41 41 
41 41 41 41 -1 -1 -1 -1 -1 2 2 2 41 2 2 2 2 2 41 41 
33 41 -1 41 -1 -1 -1 -1 -1 2 2 41 -1 -1 33 2 41 2 2 41 
41 33 33 41 -1 -1 -1 2 2 -1 -1 -1 33 33 -1 -1 33 2 -1 -1 
41 41 -1 2 41 -1 2 2 2 2 4 2 -1 -1 -1 33 -1 33 2 2 
41 41 -1 2 2 -1 2 2 2 5 4 -1 -1 41 41 33 -1 33 33 2 
41 33 -1 2 2 2 2 -1 2 2 5 4 -1 41 41 33 -1 41 -1 41 
41 -1 1 -1 -1 -1 10 10 10 -1 -1 5 4 41 41 41 41 41 41 41 
-1 34 -1 34 -1 1 2 10 2 2 -1 4 -1 -1 -1 -1 -1 -1 4 33 
38 -1 -1 -1 34 1 34 -1 5 5 2 2 4 -1 -1 -1 33 33 33 4 
38 34 34 34 -1 34 34 -1 5 5 5 -1 -1 -1 -1 33 -1 33 33 38 
34 34 34 34 34 34 4 34 5 5 33 5 -1 -1 33 33 33 -1 38 33 
-1 34 34 34 34 4 1 1 5 -1 -1 4 -1 -1 33 33 -1 -1 -1 -1 
-1 34 -1 34 34 34 -1 38 38 -1 7 -1 4 -1 -1 -1 -1 -1 -1 46 
38 38 -1 -1 -1 -1 38 1 -1 7 7 7 -1 33 -1 -1 -1 -1 -1 -1 
-1 38 -1 38 -1 34 1 -1 6 38 41 41 33 33 33 -1 -1 -1 -1 -1 
-1 41 38 38 41 34 1 -1 -1 6 41 41 33 2 2 2 -1 -1 -1 38 
-1 -1 41 41 34 34 33 41 -1 6 -1 -1 41 2 2 2 2 2 -1 38 
2 38 41 -1 2 34 -1 41 -1 6 33 41 41 41 2 33 2 2 38 2 
7 41 41 2 2 -1 -1 9 2 -1 -1 41 41 -1 41 33 -1 2 2 38 
-1 6 34 -1 -1 5 5 3 -1 3 3 3 -1 4 34 -1 5 6 -1 33 
6 34 -1 -1 7 7 -1 -1 3 -1 -1 3 5 5 5 -1 6 -1 5 6 
34 -1 -1 5 3 5 5 3 3 -1 3 -1 -1 5 5 -1 6 4 4 6 
-1 -1 6 5 7 5 5 5 3 3 3 3 -1 -1 -1 -1 -1 2 6 -1 
-1 -1 3 5 7 -1 -1 -1 5 6 -1 6 -1 -1 -1 4 2 4 -1 2 
-1 3 3 -1 3 -1 1 6 6 6 6 2 -1 -1 -1 2 4 -1 2 6 
6 3 6 3 3 1 1 6 6 6 6 2 4 -1 -1 -1 -1 6 6 6 
-1 6 6 -1 6 1 34 1 6 6 -1 -1 -1 4 -1 4 9 -1 4 4 
6 6 6 6 6 -1 6 2 6 -1 -1 -1 -1 4 4 9 9 4 4 6 
6 -1 -1 12 6 6 6 6 -1 -1 -1 -1 4 4 9 4 4 -1 -1 11 
-1 6 12 -1 12 6 6 6 6 10 6 6 6 9 4 33 4 -1 33 -1 
12 6 6 -1 6 6 6 6 6 10 10 6 9 9 -1 33 4 33 33 12 
12 1 -1 1 3 6 -1 -1 2 6 -1 10 9 -1 9 9 33 -1 -1 -1 
-1 -1 1 1 1 3 -1 -1 3 2 34 34 -1 9 3 33 9 1 -1 -1 
-1 6 -1 1 3 3 -1 3 -1 10 10 -1 34 -1 3 33 1 5 -1 -1 
-1 6 -1 -1 -1 3 3 38 38 -1 6 2 34 4 5 1 5 -1 -1 4 
6 6 -1 -1 -1 -1 38 38 38 38 38 6 4 4 1 1 1 -1 -1 6 
6 -1 6 -1 -1 -1 -1 -1 38 38 3 4 -1 -1 -1 1 5 -1 -1 6 
6 6 6 -1 -1 -1 3 3 -1 -1 -1 -1 4 4 34 5 5 6 6 -1 
33 6 6 -1 -1 5 -1 6 6 3 3 3 4 4 4 5 -1 -1 6 6 
5 5 5 5 5 -1 6 5 5 11 5 42 5 5 5 5 5 5 -1 4 
-1 5 -1 5 34 6 6 -1 6 6 42 6 -1 5 5 5 5 1 -1 5 
5 -1 34 34 34 42 42 42 6 42 42 42 36 42 -1 5 1 -1 5 -1 
-1 6 6 34 6 -1 5 -1 42 -1 42 5 5 36 42 -1 -1 -1 -1 -1 
6 6 6 -1 -1 34 -1 42 34 42 42 42 -1 36 -1 -1 5 5 -1 5 
6 6 6 -1 6 6 42 42 42 42 42 -1 42 -1 36 36 5 -1 -1 5 
5 6 6 -1 -1 6 42 -1 42 5 42 42 -1 36 -1 -1 5 -1 -1 -1 
6 5 -1 3 6 -1 42 42 5 5 -1 6 6 -1 5 2 2 2 5 5 
5 5 6 6 6 11 10 5 -1 -1 6 6 -1 -1 -1 5 2 -1 -1 5 
-1 11 5 6 11 6 5 6 5 6 42 42 6 6 5 -1 -1 -1 -1 5 
3 5 11 5 11 11 -1 -1 6 6 -1 42 42 6 6 -1 -1 -1 3 3 
10 -1 5 5 5 11 -1 6 -1 -1 -1 42 42 -1 -1 2 3 3 3 -1 
-1 5 1 5 3 3 -1 -1 6 -1 6 7 7 -1 2 3 6 5 3 -1 
5 -1 1 -1 5 6 6 6 -1 6 7 42 42 5 5 3 6 3 -1 5 
5 5 -1 -1 6 -1 3 6 2 2 -1 -1 42 -1 -1 3 -1 3 5 5 
5 -1 5 -1 6 -1 3 3 6 -1 -1 -1 -1 -1 -1 5 3 -1 3 -1 
-1 5 -1 -1 -1 6 6 6 6 -1 -1 -1 11 5 5 5 5 3 -1 -1 
-1 -1 6 6 6 6 6 -1 -1 -1 -1 -1 11 5 5 5 5 -1 -1 6 
6 -1 6 6 5 -1 -1 -1 5 -1 5 5 -1 6 5 5 -1 5 6 6 
5 -1 5 5 5 -1 -1 3 5 5 11 -1 -1 5 5 -1 5 -1 5 -1 
3 -1 5 5 -1 -1 5 5 -1 1 -1 5 5 5 4 4 -1 4 -1 -1 
3 1 1 5 5 5 5 5 1 5 -1 5 -1 -1 -1 5 -1 5 5 3 
5 9 -1 -1 5 5 5 5 5 -1 5 5 1 1 -1 5 -1 -1 5 3 
5 -1 9 5 5 -1 5 5 1 5 5 3 5 5 5 5 1 -1 -1 -1 
3 -1 5 -1 -1 -1 5 5 -1 -1 5 3 3 -1 5 -1 -1 1 -1 3 
3 3 5 5 -1 5 5 5 5 5 -1 5 -1 -1 -1 -1 -1 -1 -1 3 
3 11 5 5 5 -1 5 3 -1 -1 5 3 3 3 5 5 6 11 11 11 
5 11 11 5 5 5 3 3 3 5 6 3 3 3 5 5 1 1 -1 5 
5 11 -1 5 -1 -1 3 3 3 3 -1 3 3 5 5 5 6 -1 6 11 
-1 5 11 11 3 5 -1 3 3 -1 3 3 3 5 5 5 3 6 6 11 
11 11 11 3 -1 3 5 3 6 6 9 3 9 9 5 3 -1 6 6 11 
11 11 11 3 3 -1 3 3 -1 3 6 9 5 5 -1 5 -1 11 11 -1 
-1 42 1 -1 -1 3 3 3 3 -1 -1 -1 5 -1 -1 5 11 11 11 11 
11 11 11 11 -1 -1 -1 3 -1 6 3 11 5 -1 11 11 5 11 11 5 
11 3 5 5 6 -1 -1 -1 -1 3 3 11 5 5 5 -1 5 6 -1 11 
5 -1 -1 -1 6 -1 -1 6 6 5 6 5 5 5 5 5 5 5 5 -1 
5 5 -1 1 -1 6 6 6 -1 5 5 5 -1 5 5 5 6 -1 5 5 
5 -1 -1 1 9 5 -1 -1 -1 -1 -1 5 5 5 5 -1 6 6 5 5 
5 5 -1 9 9 1 1 -1 -1 1 5 5 -1 5 5 5 4 7 5 5 
-1 5 5 9 5 1 5 5 -1 1 1 1 5 5 -1 4 4 5 -1 5 
5 5 5 5 -1 6 11 11 6 -1 -1 -1 -1 4 4 -1 -1 -1 -1 -1 
5 5 -1 5 6 6 6 1 6 6 6 -1 -1 4 4 4 10 10 10 -1 
-1 -1 5 6 6 -1 -1 6 6 6 6 6 4 4 -1 -1 10 10 10 -1 
-1 5 -1 11 11 6 -1 1 1 6 -1 4 -1 -1 4 10 10 5 -1 -1 
10 -1 11 7 11 33 1 1 1 1 1 4 6 11 11 1 6 10 10 10 
10 -1 -1 -1 11 33 -1 1 1 1 4 -1 11 -1 3 -1 1 10 10 10 
-1 36 -1 -1 -1 11 -1 6 1 1 -1 11 -1 -1 3 3 -1 6 10 10 
36 -1 -1 -1 11 5 11 6 1 6 1 11 6 -1 3 -1 6 1 6 10 
36 36 -1 -1 5 5 6 -1 6 6 6 6 -1 6 6 6 1 6 38 5 
5 36 38 -1 6 6 6 -1 6 6 6 6 6 -1 6 6 6 38 6 38 
38 36 38 6 6 6 6 6 6 6 6 6 6 6 6 -1 38 6 1 38 
38 38 6 6 -1 -1 6 6 6 6 6 6 6 6 6 -1 -1 -1 38 38 
38 38 5 6 3 -1 -1 -1 6 6 6 6 6 6 6 -1 33 38 38 38 
-1 5 -1 3 3 10 6 6 6 6 6 6 6 6 6 -1 33 33 38 38 
38 -1 -1 3 10 3 5 6 6 6 6 6 -1 6 6 6 -1 -1 3 6 
38 3 10 10 10 5 6 6 6 6 1 6 6 6 6 6 -1 -1 -1 38 
4 5 10 5 5 -1 -1 -1 6 6 6 -1 6 6 6 6 4 4 4 4 
3 3 5 42 42 6 5 5 -1 6 1 6 6 6 6 6 4 4 4 4 
-1 3 -1 42 42 5 6 5 6 6 6 5 6 -1 -1 6 6 6 6 4 
-1 5 -1 42 6 -1 5 6 6 10 -1 -1 5 5 -1 4 4 4 6 -1 
-1 -1 -1 65 42 65 65 6 42 43 -1 10 10 -1 10 -1 -1 -1 10 38 
10 -1 -1 42 36 -1 65 10 6 43 6 10 6 10 10 10 38 38 10 38 
10 10 -1 1 38 10 10 10 -1 6 6 6 10 10 10 10 38 10 10 10 
10 36 -1 38 36 36 10 10 -1 6 6 6 10 10 10 10 10 10 10 10 
-1 -1 -1 -1 -1 36 6 10 -1 -1 -1 -1 10 10 10 10 -1 10 10 10 
-1 -1 -1 -1 36 6 36 6 -1 3 3 10 -1 10 10 -1 10 2 10 10 
-1 -1 10 -1 36 -1 6 6 3 10 3 10 10 10 10 -1 2 10 10 10 
10 10 10 36 -1 6 6 6 10 3 10 -1 10 10 10 10 10 2 10 -1 
6 36 10 6 -1 6 6 10 10 10 10 10 10 10 10 10 10 10 10 -1 
6 6 6 6 6 -1 6 -1 6 10 10 10 10 3 10 -1 10 10 10 10 
6 6 -1 -1 6 6 6 6 6 10 10 10 10 3 10 10 10 10 6 6 
6 6 2 -1 6 6 6 6 3 3 3 6 10 6 10 42 5 5 6 6 
6 2 6 6 6 -1 6 4 3 -1 -1 -1 6 5 5 6 6 5 6 6 
6 34 6 6 6 -1 6 6 -1 6 6 6 6 6 6 6 6 -1 34 -1 
34 6 -1 6 6 6 -1 6 6 6 6 6 6 6 6 6 6 6 6 34 
34 6 42 6 6 6 1 -1 -1 6 6 6 -1 -1 6 -1 6 -1 -1 2 
2 6 6 -1 6 6 1 65 -1 6 6 6 6 6 6 -1 6 6 -1 6 
34 34 6 6 6 6 6 1 -1 -1 6 6 6 -1 6 6 6 6 6 11 
34 34 6 65 -1 6 42 -1 6 -1 6 6 10 -1 10 6 2 2 6 6 
-1 -1 -1 42 65 42 -1 6 -1 6 6 -1 10 10 10 10 -1 -1 10 6 
6 -1 6 6 6 6 6 6 6 6 42 6 -1 6 6 6 32 32 34 6 
6 6 6 6 6 6 6 2 -1 6 42 6 6 -1 6 6 6 34 34 34 
6 6 6 6 6 6 6 6 6 34 42 -1 6 -1 6 6 6 34 34 34 
-1 -1 6 6 6 6 6 6 6 -1 34 42 -1 -1 -1 6 6 34 -1 -1 
6 6 6 6 6 2 2 6 -1 6 6 -1 6 6 6 6 6 34 6 6 
6 -1 6 6 6 6 6 6 6 6 6 6 6 -1 -1 6 6 6 6 6 
-1 6 6 6 -1 34 6 -1 6 6 6 -1 6 6 6 6 -1 6 6 34 
6 6 6 2 6 -1 34 34 -1 6 6 6 6 6 6 6 34 34 34 2 
-1 6 6 6 6 6 34 34 34 -1 -1 10 6 10 10 34 34 34 34 6 
6 34 6 2 6 6 6 34 -1 10 10 34 34 34 34 -1 34 34 34 34 
-1 -1 6 6 6 6 -1 -1 6 6 10 2 34 34 6 2 6 34 6 6 
-1 -1 6 6 6 6 6 6 6 6 6 6 -1 6 -1 2 6 6 6 6 
6 -1 6 6 6 6 3 6 6 -1 6 6 6 -1 2 6 6 6 6 6 
-1 10 10 10 -1 17 2 3 6 -1 6 6 6 2 6 6 6 -1 6 -1 
-1 6 6 6 -1 6 2 6 6 11 6 6 34 6 6 6 6 6 38 -1 
6 6 6 6 14 14 14 3 6 6 6 6 6 34 6 6 10 10 6 38 
6 6 6 6 14 14 14 14 6 6 -1 6 6 6 6 6 10 34 14 6 
6 6 6 6 6 6 14 6 6 6 6 -1 6 6 6 34 34 -1 14 6 
-1 6 6 14 6 6 6 6 6 6 2 2 42 6 6 34 -1 34 14 6 
6 6 6 -1 6 6 6 6 6 42 42 6 6 6 6 -1 34 6 6 6 
6 6 38 2 6 6 42 6 -1 6 6 6 34 34 6 2 6 6 2 6 
38 38 6 6 6 -1 42 6 6 6 6 34 6 6 2 2 2 -1 -1 -1 
38 6 38 6 6 6 42 42 42 6 6 42 -1 34 2 2 2 -1 -1 -1 
38 -1 6 6 6 6 6 42 6 42 42 42 34 34 2 2 -1 2 -1 -1 
38 6 6 6 6 -1 6 -1 6 6 42 6 34 2 6 6 6 2 6 38 
6 -1 6 6 38 38 -1 -1 6 6 34 34 34 34 6 6 6 -1 38 -1 
6 38 38 38 34 34 34 -1 6 6 6 34 6 34 6 6 -1 6 6 38 
38 2 38 38 34 38 34 34 -1 6 2 10 -1 6 2 6 6 6 6 2 
2 2 42 38 38 38 38 34 34 6 2 6 10 2 6 6 6 6 6 2 
39 39 42 42 -1 38 34 6 -1 34 34 6 10 6 -1 6 6 6 2 2 
39 6 -1 6 6 6 34 -1 6 6 6 6 6 6 6 6 6 6 6 6 
6 -1 -1 34 6 6 6 6 6 6 6 6 6 6 -1 6 6 6 2 6 
6 6 34 34 -1 6 6 6 6 6 -1 6 6 6 6 6 6 6 6 6 
6 10 10 6 -1 6 6 6 6 6 -1 6 6 6 -1 6 -1 6 6 6 
2 -1 6 -1 6 6 6 6 6 6 6 6 6 34 34 -1 6 6 6 6 
6 6 14 6 -1 6 6 6 2 6 6 6 6 34 34 6 -1 6 6 6 
14 6 14 2 2 6 -1 6 2 2 6 34 6 34 34 6 6 -1 6 14 
6 -1 14 14 6 2 6 6 2 2 2 34 6 6 6 6 6 6 6 6 
6 14 -1 14 2 10 6 6 6 6 2 2 34 34 6 2 2 14 14 6 
-1 38 -1 -1 2 2 6 6 6 6 6 2 6 34 -1 6 6 6 6 6 
6 2 6 3 -1 34 34 7 10 10 10 10 10 10 -1 6 6 6 6 6 
2 6 6 6 -1 -1 34 -1 10 10 -1 34 2 2 -1 -1 6 6 6 6 
2 2 3 6 6 -1 6 10 10 10 10 10 -1 2 2 6 2 2 6 6 
6 34 34 -1 34 6 38 10 10 -1 10 6 2 -1 -1 2 2 2 2 6 
-1 34 34 34 38 38 34 34 35 35 6 -1 6 10 -1 10 2 2 6 6 
34 34 38 -1 34 38 38 38 40 38 10 6 -1 3 10 2 2 2 2 38 
6 38 38 39 39 38 34 38 38 38 10 -1 3 6 -1 6 6 6 38 38 
38 38 38 34 39 38 38 10 -1 6 6 6 -1 6 6 6 6 38 6 6 
38 38 38 34 34 -1 38 10 10 10 -1 6 6 6 6 6 6 6 6 -1 
38 39 38 38 39 39 35 38 10 6 6 2 6 6 6 6 6 6 38 -1 
38 37 39 38 39 39 39 35 39 6 6 2 6 6 6 6 6 6 2 38 
37 37 2 -1 34 34 35 6 6 6 6 34 34 6 6 6 6 42 -1 -1 
34 2 2 -1 34 -1 34 39 6 34 6 -1 34 2 6 6 -1 42 42 38 
-1 34 34 -1 36 -1 -1 6 6 -1 34 34 -1 -1 6 6 42 42 6 6 
2 2 -1 36 36 36 36 6 6 -1 -1 34 2 2 -1 6 42 42 2 6 
6 34 6 36 34 36 38 6 6 6 6 -1 -1 34 -1 42 -1 6 -1 2 
6 6 -1 6 36 34 7 6 6 6 6 6 6 34 34 34 6 6 6 6 
6 6 2 34 6 34 7 7 6 6 2 6 6 6 34 -1 6 6 6 6 
34 34 2 6 34 -1 34 7 6 6 6 2 -1 6 34 34 6 6 6 -1 
34 -1 3 2 -1 -1 7 7 7 -1 2 10 34 34 34 -1 6 6 6 -1 
-1 -1 2 6 2 -1 6 -1 2 2 2 2 2 2 -1 -1 -1 6 -1 -1 
-1 2 2 2 6 6 6 6 2 -1 -1 6 -1 9 -1 2 -1 -1 9 2 
2 2 2 -1 6 6 6 6 -1 -1 6 10 9 -1 9 2 2 9 2 2 
10 2 2 2 6 6 6 3 -1 6 7 9 10 -1 -1 10 2 -1 2 2 
6 2 2 6 2 2 6 6 7 7 7 -1 10 10 10 -1 -1 -1 2 2 
10 2 2 2 2 6 4 4 4 10 7 -1 10 -1 -1 10 10 6 10 10 
10 -1 -1 2 2 -1 6 4 6 4 -1 7 -1 -1 2 2 2 6 10 2 
-1 2 2 2 6 -1 6 10 2 -1 3 -1 -1 2 -1 2 2 2 2 2 
2 2 6 6 2 2 2 2 3 3 38 38 3 2 2 2 3 6 6 2 
2 -1 6 2 6 2 6 -1 3 3 3 3 3 -1 2 2 6 3 6 3 
3 3 -1 6 2 2 6 2 3 3 3 6 -1 -1 6 6 6 6 -1 3 
3 3 6 -1 2 2 2 2 6 3 3 6 -1 6 6 6 3 3 -1 38 
6 6 -1 -1 6 -1 6 3 3 6 6 2 3 6 6 6 6 6 -1 38 
6 6 2 2 34 6 6 6 6 6 -1 6 3 -1 -1 6 -1 -1 6 38 
38 6 -1 34 34 6 6 6 6 6 6 6 6 6 6 6 -1 -1 6 6 
-1 38 2 2 2 6 -1 6 3 6 6 6 6 2 6 6 6 6 -1 6 
38 34 2 6 6 6 6 6 6 6 6 6 6 6 6 6 6 6 6 6 
6 34 34 6 6 6 34 6 6 6 6 6 6 -1 2 2 2 6 6 -1 
34 2 2 10 10 34 2 2 2 2 2 2 2 2 2 2 -1 6 6 6 
2 -1 10 -1 10 6 6 2 2 2 2 -1 2 2 2 -1 10 6 -1 -1 
4 -1 36 36 6 6 6 36 6 9 6 9 -1 5 6 6 6 6 -1 6 
4 4 -1 36 36 -1 36 6 9 6 6 9 -1 6 1 6 9 6 6 6 
4 -1 36 36 -1 6 6 -1 9 6 6 -1 9 1 1 1 9 -1 4 4 
2 2 -1 -1 -1 6 -1 9 9 9 1 9 9 9 -1 1 2 4 10 2 
2 2 -1 -1 -1 -1 -1 2 -1 -1 -1 9 9 2 2 2 2 -1 2 2 
-1 -1 34 -1 34 -1 -1 2 2 2 -1 9 -1 2 2 2 2 2 2 2 
-1 38 -1 34 -1 34 2 -1 9 2 9 -1 2 2 2 -1 2 2 -1 2 
32 38 38 34 34 -1 -1 2 -1 9 2 -1 -1 2 2 9 2 2 2 -1 
-1 32 32 -1 34 34 2 -1 -1 -1 2 -1 2 9 9 2 2 2 2 2 
2 2 10 2 2 2 2 -1 2 -1 4 2 -1 9 2 2 2 2 -1 2 
2 2 2 10 -1 6 -1 -1 36 2 2 4 9 9 2 2 -1 2 2 2 
2 2 10 2 2 3 -1 -1 -1 2 2 -1 2 2 -1 2 2 -1 2 2 
-1 2 2 2 3 36 -1 -1 -1 -1 9 2 -1 2 2 2 2 2 2 2 
-1 -1 2 -1 2 3 36 36 9 9 2 2 2 2 2 -1 2 2 5 5 
38 -1 -1 -1 6 3 -1 36 36 -1 -1 -1 2 -1 2 -1 2 2 -1 5 
38 2 2 4 6 6 6 6 9 9 -1 -1 -1 -1 6 2 2 2 5 34 
34 2 4 -1 4 6 6 6 6 -1 9 9 -1 2 2 6 2 10 34 34 
34 34 -1 6 6 6 5 6 6 9 9 -1 -1 9 -1 -1 6 10 6 6 
34 34 34 6 6 -1 6 6 6 -1 9 9 -1 9 -1 6 6 6 6 6 
6 4 6 36 6 6 9 6 6 6 9 9 6 6 6 6 6 6 -1 -1 
9 32 10 10 10 10 32 32 2 32 32 -1 9 -1 9 9 2 9 9 9 
9 9 -1 -1 10 10 32 32 32 32 -1 9 1 -1 -1 9 9 9 38 9 
9 7 10 10 10 -1 -1 -1 32 32 1 1 1 9 -1 -1 9 -1 38 2 
7 10 10 10 10 -1 -1 -1 32 32 9 9 -1 -1 -1 -1 -1 -1 -1 2 
41 2 10 2 32 32 -1 -1 -1 -1 -1 9 9 -1 -1 -1 -1 9 -1 41 
41 2 2 -1 2 2 32 32 9 9 -1 -1 2 2 -1 -1 9 -1 -1 33 
33 -1 10 -1 -1 -1 38 38 -1 9 -1 2 -1 -1 2 9 -1 -1 33 -1 
33 3 -1 -1 1 -1 38 38 38 -1 9 9 9 9 -1 -1 -1 33 2 33 
3 6 -1 -1 1 1 38 -1 -1 1 9 -1 9 9 -1 -1 2 -1 2 33 
6 2 6 -1 33 1 38 10 34 -1 9 9 -1 9 2 2 2 2 2 38 
2 2 6 6 1 38 10 -1 34 34 38 9 9 2 6 2 2 2 2 2 
2 2 6 6 38 1 10 -1 -1 34 46 38 65 65 2 6 2 2 -1 2 
2 2 2 6 2 38 10 -1 -1 -1 38 46 65 38 2 2 2 2 2 2 
2 32 32 2 38 10 -1 36 -1 38 38 38 2 2 2 2 2 -1 2 2 
2 -1 2 32 -1 38 38 38 -1 -1 38 32 2 2 2 -1 2 2 2 -1 
2 2 -1 32 32 -1 38 -1 38 38 38 -1 38 2 2 2 2 2 2 -1 
2 32 32 32 32 32 -1 -1 38 38 33 38 -1 9 -1 2 2 -1 -1 2 
2 32 32 -1 32 -1 10 -1 32 -1 33 33 9 9 -1 9 2 2 2 2 
-1 -1 10 10 32 32 10 32 32 -1 33 9 33 9 9 2 2 2 2 -1 
-1 10 10 10 32 10 10 32 2 32 -1 32 9 9 2 9 2 2 9 9 
32 -1 32 4 6 -1 4 6 -1 6 6 65 -1 25 25 4 4 -1 -1 -1 
-1 -1 -1 6 4 -1 8 -1 -1 -1 -1 65 65 25 25 4 -1 4 32 -1 
-1 -1 2 6 -1 -1 -1 8 -1 -1 -1 65 -1 25 4 65 65 4 32 32 
10 9 2 10 9 -1 2 -1 8 6 40 65 -1 25 4 65 -1 17 8 34 
34 2 9 9 9 9 -1 2 -1 -1 6 40 -1 4 4 17 17 8 17 6 
2 2 2 9 9 9 -1 9 6 6 6 40 4 4 -1 -1 17 17 -1 2 
-1 -1 2 2 9 9 -1 9 9 6 4 6 -1 -1 2 4 17 17 6 10 
10 10 -1 2 33 10 9 38 -1 -1 6 4 65 2 2 34 4 34 34 -1 
10 10 2 2 33 9 10 -1 38 6 2 2 2 65 -1 65 34 4 4 32 
10 2 -1 4 10 10 10 9 10 6 2 2 2 2 65 65 65 65 4 32 
-1 -1 1 -1 -1 10 4 10 10 -1 2 4 -1 65 65 -1 65 65 65 4 
-1 1 1 4 -1 10 10 4 4 2 4 -1 2 65 65 -1 36 36 65 36 
6 4 4 4 4 10 10 10 10 -1 4 4 36 -1 2 2 36 36 36 6 
32 4 -1 4 6 34 -1 4 4 4 4 36 -1 36 36 2 -1 36 -1 -1 
32 32 32 -1 6 -1 6 4 4 4 4 4 -1 -1 -1 81 -1 32 32 32 
32 32 32 -1 10 -1 6 1 4 4 4 -1 4 -1 81 -1 38 -1 -1 32 
-1 32 32 10 32 1 1 1 1 -1 4 4 4 25 81 6 6 38 -1 32 
32 32 32 65 32 1 1 4 4 -1 -1 4 4 81 6 4 81 38 -1 -1 
32 32 32 32 1 -1 6 6 -1 6 -1 -1 4 81 65 6 6 38 38 -1 
32 32 32 32 1 4 6 33 6 65 65 -1 25 -1 65 4 6 9 -1 32 
-1 2 6 -1 4 4 4 4 2 3 32 4 4 4 32 4 32 32 2 2 
6 4 4 4 6 -1 4 4 4 2 4 2 6 6 32 32 32 -1 4 4 
6 6 4 4 2 2 -1 4 4 4 4 4 4 32 -1 32 6 4 4 4 
4 6 4 -1 2 2 -1 4 1 1 2 4 4 4 6 6 6 4 4 4 
2 2 6 6 6 2 -1 4 4 4 4 4 4 4 -1 6 6 4 4 4 
2 4 6 6 4 2 4 4 4 4 4 4 2 -1 4 6 4 4 4 -1 
2 2 4 4 4 4 4 4 4 4 -1 2 2 -1 -1 -1 4 4 6 -1 
4 6 6 4 -1 4 -1 -1 4 4 2 -1 -1 -1 -1 4 4 4 -1 -1 
6 4 4 2 4 -1 -1 2 4 4 4 -1 2 -1 4 4 4 4 4 6 
-1 4 4 4 4 4 4 2 -1 4 4 4 2 2 4 -1 4 4 4 -1 
42 -1 4 4 4 4 4 4 2 -1 2 2 -1 -1 -1 -1 -1 4 4 -1 
2 -1 4 4 4 -1 2 2 2 2 2 2 2 -1 -1 -1 8 4 4 -1 
-1 2 4 2 4 -1 -1 2 2 -1 2 2 -1 -1 -1 8 8 -1 -1 2 
2 -1 -1 2 4 4 2 2 2 2 -1 -1 2 2 4 -1 -1 4 4 2 
2 -1 2 3 -1 2 2 2 2 -1 -1 -1 2 -1 4 -1 -1 -1 -1 -1 
2 2 -1 -1 3 -1 2 -1 2 -1 -1 -1 4 2 4 4 4 2 -1 -1 
2 2 2 2 2 3 -1 3 -1 -1 -1 4 -1 4 2 -1 -1 2 2 2 
2 2 2 4 4 2 3 3 3 2 4 4 -1 -1 4 2 -1 2 2 -1 
-1 -1 4 2 4 3 3 2 3 2 4 4 4 -1 4 4 2 32 2 2 
2 2 -1 2 3 4 4 3 3 -1 4 -1 4 4 32 2 -1 32 -1 2 
5 -1 4 1 -1 1 5 32 3 -1 -1 4 4 4 4 4 4 -1 2 2 
2 4 4 4 -1 1 5 -1 -1 -1 2 -1 4 4 -1 -1 4 -1 2 2 
5 -1 -1 4 -1 -1 -1 -1 -1 -1 2 2 -1 -1 -1 4 5 5 -1 2 
-1 -1 -1 -1 2 -1 -1 -1 -1 2 -1 2 -1 -1 4 4 -1 -1 5 5 
-1 -1 -1 4 4 4 -1 -1 4 4 2 -1 2 4 4 -1 -1 -1 4 -1 
-1 3 2 2 4 4 -1 -1 4 -1 3 3 3 4 4 -1 -1 3 4 -1 
3 3 2 3 3 3 4 -1 4 4 3 3 4 1 5 -1 4 4 3 -1 
-1 3 3 -1 3 3 4 4 4 4 -1 3 3 3 3 -1 -1 3 -1 3 
3 5 -1 -1 1 3 4 -1 -1 4 -1 3 1 3 1 1 1 -1 5 3 
5 5 -1 -1 1 -1 -1 -1 3 4 -1 3 2 1 3 3 1 1 5 -1 
-1 4 -1 -1 -1 -1 2 3 -1 4 -1 2 2 3 -1 -1 3 6 1 4 
4 4 4 -1 -1 2 -1 3 3 -1 -1 6 2 4 3 6 6 2 1 -1 
-1 4 4 4 -1 2 4 3 6 4 4 -1 4 -1 3 6 6 6 2 -1 
4 4 4 4 4 4 -1 3 -1 4 4 6 4 4 -1 6 1 1 2 4 
4 4 4 -1 4 4 3 6 6 6 6 4 4 1 1 1 6 1 1 2 
2 2 -1 4 4 1 -1 -1 -1 6 6 4 4 1 1 -1 -1 1 2 -1 
2 2 -1 -1 1 1 -1 32 32 -1 -1 4 -1 1 -1 1 4 4 4 4 
-1 -1 2 1 4 4 -1 32 32 4 4 4 4 -1 -1 4 4 4 4 2 
-1 -1 -1 4 4 -1 32 32 32 4 32 4 4 4 4 4 4 2 2 2 
-1 5 4 -1 4 -1 5 5 32 4 4 4 4 4 4 4 4 -1 2 2 
-1 -1 -1 4 4 4 4 4 10 -1 -1 4 4 4 4 -1 -1 4 4 4 
7 7 -1 4 4 4 -1 10 4 4 4 4 -1 3 -1 4 4 4 4 4 
2 2 7 -1 -1 -1 5 4 6 6 4 -1 4 -1 -1 4 -1 4 2 2 
2 2 2 4 7 -1 -1 6 6 -1 -1 10 4 4 -1 -1 4 4 4 4 
4 4 6 7 4 4 4 -1 -1 -1 -1 10 -1 4 34 -1 34 2 4 2 
4 -1 -1 -1 7 -1 -1 -1 -1 -1 34 -1 34 34 34 34 -1 6 2 2 
-1 -1 5 5 5 -1 -1 -1 7 1 4 34 34 34 4 4 1 2 -1 2 
-1 5 5 -1 -1 -1 -1 7 7 7 7 4 4 4 4 4 -1 2 2 5 
5 5 -1 -1 5 1 1 -1 1 7 -1 1 4 4 4 4 2 2 2 2 
-1 -1 -1 5 5 1 5 -1 7 1 1 1 6 6 4 -1 2 2 4 5 
5 5 5 -1 5 1 -1 -1 1 1 -1 -1 6 -1 6 2 -1 2 5 5 
-1 5 5 5 -1 -1 5 -1 -1 -1 1 6 6 4 2 2 6 2 -1 5 
5 5 5 1 1 1 -1 5 -1 -1 -1 6 6 4 6 6 4 5 5 5 
5 4 5 -1 1 1 1 -1 -1 4 4 6 3 6 -1 4 -1 4 -1 4 
4 -1 -1 1 1 2 1 1 6 3 -1 -1 3 3 4 4 4 4 -1 -1 
-1 -1 -1 -1 -1 2 2 6 -1 3 -1 -1 3 4 4 3 -1 4 4 -1 
4 4 2 -1 2 2 2 2 6 6 6 3 3 -1 4 3 3 3 -1 -1 
4 4 4 2 2 2 2 -1 6 6 -1 6 -1 5 -1 3 3 6 3 4 
4 -1 -1 4 2 2 2 4 -1 6 -1 -1 6 5 3 3 3 3 4 4 
-1 -1 -1 4 4 -1 2 4 4 -1 -1 -1 4 4 5 -1 -1 4 -1 -1 
8 42 6 -1 6 40 40 -1 10 10 -1 -1 2 2 2 4 -1 6 2 8 
8 6 6 3 -1 10 10 40 4 4 4 -1 35 34 6 6 -1 1 2 2 
6 6 6 6 40 10 10 -1 10 -1 -1 42 35 -1 42 2 2 1 1 8 
6 6 6 6 6 10 -1 10 10 -1 -1 2 42 -1 42 1 2 4 1 -1 
-1 -1 6 6 6 11 -1 -1 -1 -1 42 42 42 42 42 42 4 -1 1 1 
6 6 -1 -1 11 -1 11 -1 -1 42 -1 42 42 42 42 4 6 -1 6 -1 
6 6 6 11 6 11 11 11 42 42 42 42 42 42 6 6 4 -1 6 6 
6 6 2 6 -1 6 4 4 42 4 42 42 42 42 -1 -1 -1 4 6 6 
6 6 2 2 3 3 11 11 42 4 4 42 42 38 6 -1 -1 34 6 6 
42 34 2 6 4 3 -1 42 4 4 42 42 3 2 38 -1 6 6 6 34 
4 3 6 3 3 4 3 43 42 42 42 -1 -1 42 38 42 42 6 6 6 
-1 4 3 3 3 3 43 -1 -1 43 2 -1 42 42 -1 -1 -1 7 2 10 
10 10 10 43 3 3 5 -1 43 2 42 42 42 6 6 4 42 4 2 2 
2 10 43 32 43 43 43 43 43 -1 42 4 6 6 6 4 4 42 10 2 
10 -1 32 3 43 43 43 -1 -1 43 4 43 6 6 4 4 42 -1 10 2 
2 3 32 32 3 43 43 34 34 43 43 43 6 4 4 4 4 3 3 2 
-1 3 3 -1 2 34 34 34 34 34 43 4 4 -1 1 4 1 1 6 3 
6 6 4 4 -1 34 34 -1 4 -1 43 43 4 -1 -1 -1 1 6 6 6 
42 6 -1 4 6 32 32 34 5 -1 5 5 4 -1 4 4 6 1 6 8 
8 42 3 6 -1 -1 32 -1 -1 5 -1 4 2 -1 4 6 -1 6 1 8 
6 6 6 6 -1 -1 4 4 -1 -1 5 -1 5 -1 3 2 -1 3 3 -1 
6 6 6 6 10 -1 -1 2 2 5 5 5 -1 -1 -1 4 -1 5 -1 6 
-1 2 2 10 6 2 2 2 2 2 -1 2 2 -1 -1 -1 4 5 5 5 
-1 2 2 10 2 2 2 2 2 2 -1 2 2 2 34 4 -1 5 5 4 
4 2 2 2 2 3 2 2 2 2 34 2 34 2 5 5 5 4 5 -1 
-1 -1 6 3 1 3 3 3 3 2 2 34 -1 -1 2 -1 -1 6 -1 6 
-1 6 1 3 2 6 -1 3 3 -1 5 2 2 2 2 34 6 -1 6 2 
-1 6 6 6 6 6 6 2 -1 -1 -1 34 -1 34 34 34 -1 2 2 2 
-1 6 6 2 6 -1 6 -1 -1 -1 2 -1 35 34 34 42 42 4 2 2 
-1 6 -1 -1 2 6 -1 2 -1 2 -1 -1 34 42 -1 42 34 -1 4 6 
6 -1 6 -1 -1 -1 -1 -1 2 2 -1 2 3 42 42 -1 34 4 -1 -1 
-1 3 -1 6 -1 -1 6 2 2 6 2 2 3 3 -1 34 34 -1 34 6 
6 3 3 3 -1 6 2 6 6 6 4 6 -1 -1 -1 34 34 -1 34 34 
-1 -1 3 -1 6 6 6 6 6 6 6 -1 5 5 34 34 -1 -1 34 34 
10 -1 -1 6 6 -1 -1 6 -1 3 3 4 5 4 4 -1 34 -1 34 34 
10 2 10 6 5 -1 -1 6 6 -1 2 10 4 4 -1 34 34 34 34 10 
6 6 2 10 2 -1 -1 -1 6 2 2 2 10 2 34 -1 34 34 34 10 
2 2 2 -1 2 -1 -1 -1 2 2 2 2 2 2 -1 34 2 2 2 2 
2 2 6 -1 6 4 4 -1 2 5 5 2 5 5 -1 2 -1 -1 2 -1 
-1 -1 6 6 4 4 4 -1 2 2 5 5 5 35 2 2 3 -1 -1 2 
-1 -1 -1 -1 -1 6 6 -1 2 2 2 -1 2 -1 2 34 -1 42 -1 6 
6 34 -1 -1 -1 2 6 6 34 4 4 -1 -1 -1 3 2 42 -1 -1 -1 
34 -1 6 -1 6 6 -1 6 -1 -1 4 4 -1 34 3 -1 42 10 10 -1 
-1 34 -1 34 6 6 6 34 6 -1 -1 34 4 -1 3 34 34 -1 42 34 
34 34 -1 34 -1 -1 6 -1 4 6 -1 34 34 -1 34 34 -1 42 34 34 
34 34 -1 34 34 4 4 4 6 -1 -1 -1 34 -1 34 -1 -1 -1 -1 34 
-1 -1 -1 34 -1 -1 -1 4 -1 4 4 -1 -1 34 34 34 -1 -1 4 4 
4 4 -1 34 34 34 -1 -1 3 4 4 34 34 34 34 34 -1 34 4 -1 
4 -1 34 34 34 -1 -1 -1 -1 34 34 34 34 34 34 -1 34 4 -1 4 
4 -1 -1 34 34 34 34 -1 34 -1 34 34 34 34 34 34 -1 -1 -1 4 
3 -1 -1 -1 -1 34 34 -1 -1 34 34 34 34 34 34 -1 2 -1 4 4 
2 2 -1 -1 -1 -1 2 -1 -1 34 34 34 -1 34 34 4 -1 2 4 2 
-1 2 2 2 1 2 -1 -1 34 34 34 -1 34 -1 4 4 4 2 2 2 
2 2 2 2 2 -1 -1 -1 -1 34 -1 34 34 6 34 4 34 -1 2 2 
2 2 -1 -1 6 -1 -1 -1 -1 -1 34 34 34 34 6 34 34 2 5 5 
-1 10 -1 6 6 -1 2 2 -1 34 34 34 34 34 -1 34 2 5 -1 -1 
10 10 6 6 6 2 2 2 2 -1 -1 34 34 -1 -1 -1 34 7 -1 -1 
10 10 6 6 6 6 6 6 2 2 -1 -1 42 42 -1 -1 34 34 2 10 
-1 -1 -1 6 -1 6 -1 6 -1 2 2 2 42 34 -1 2 -1 2 2 10 
-1 -1 4 -1 6 6 6 -1 -1 2 2 42 2 2 34 34 2 2 6 6 
-1 -1 3 6 2 -1 4 4 -1 -1 -1 -1 4 -1 4 4 -1 4 4 10 
2 -1 6 3 4 4 -1 4 4 -1 -1 -1 -1 4 4 -1 4 4 10 10 
2 2 -1 4 4 4 -1 -1 6 -1 -1 7 -1 3 4 4 4 10 4 2 
2 2 2 2 4 6 6 6 -1 -1 3 -1 3 -1 4 4 4 2 4 1 
2 2 2 34 -1 34 4 -1 -1 7 3 3 -1 4 4 4 -1 4 2 4 
4 2 4 34 2 2 -1 6 7 34 -1 -1 -1 -1 4 -1 4 4 2 11 
2 2 3 4 34 34 34 34 34 6 7 -1 6 -1 11 11 -1 11 11 4 
2 4 2 3 -1 3 3 -1 6 6 -1 4 6 11 -1 -1 11 11 11 2 
4 4 4 -1 3 3 3 4 6 7 4 6 -1 11 11 11 2 2 2 2 
4 4 4 4 -1 3 3 -1 6 6 7 6 11 -1 -1 -1 -1 2 -1 2 
4 4 4 3 3 -1 6 3 4 6 7 7 11 11 11 -1 -1 2 2 4 
2 4 2 4 3 11 -1 3 6 4 4 7 11 -1 6 11 -1 2 2 2 
2 11 4 -1 11 11 -1 6 6 4 4 -1 6 6 11 -1 2 -1 11 2 
11 2 2 -1 -1 11 4 4 -1 -1 4 -1 6 6 -1 -1 6 -1 -1 -1 
11 11 11 11 6 4 -1 -1 -1 4 -1 6 -1 6 6 6 -1 -1 -1 -1 
11 11 -1 11 3 6 -1 4 4 -1 34 6 6 6 -1 -1 -1 -1 -1 3 
3 -1 -1 3 11 3 -1 -1 -1 -1 34 -1 6 2 -1 -1 -1 -1 -1 -1 
-1 -1 -1 3 3 2 4 -1 4 -1 4 4 2 2 2 2 -1 -1 -1 -1 
-1 4 3 3 2 3 4 4 4 -1 4 4 4 -1 2 2 -1 4 -1 4 
4 -1 4 3 2 3 3 3 4 4 -1 4 4 -1 2 2 4 4 4 -1 
1 11 11 11 11 43 43 11 2 6 4 6 4 4 4 5 3 -1 -1 -1 
-1 11 11 11 11 11 43 43 7 6 6 4 4 4 4 4 -1 3 3 -1 
-1 11 11 11 11 11 43 6 6 6 -1 6 4 4 4 4 4 2 3 3 
11 11 11 11 11 11 6 10 6 11 2 4 4 4 -1 3 3 4 4 -1 
11 11 -1 11 11 4 4 11 11 2 -1 -1 -1 4 6 3 3 3 -1 11 
6 6 -1 11 -1 4 4 4 11 4 -1 -1 -1 6 4 6 3 -1 -1 11 
1 1 1 6 -1 3 4 4 4 4 -1 -1 6 4 -1 6 -1 3 1 1 
-1 -1 6 3 3 3 4 4 4 -1 -1 -1 -1 6 6 4 -1 -1 1 1 
1 1 5 5 5 4 4 5 5 3 11 3 3 -1 6 4 4 -1 3 -1 
3 3 3 5 5 5 4 4 11 11 11 11 3 -1 -1 4 4 -1 -1 3 
-1 3 3 3 3 3 -1 4 11 11 11 1 1 1 1 3 3 3 3 3 
3 6 3 3 3 -1 4 -1 6 -1 -1 -1 11 11 -1 3 -1 3 3 3 
-1 3 -1 3 3 5 4 -1 -1 -1 3 1 1 1 1 -1 1 3 3 3 
-1 3 -1 11 5 -1 5 -1 -1 -1 6 1 1 1 -1 -1 -1 -1 3 3 
3 3 6 -1 3 -1 -1 -1 -1 -1 6 -1 -1 4 3 -1 -1 3 -1 -1 
3 -1 3 6 3 3 3 7 -1 6 6 -1 4 -1 -1 3 3 3 3 -1 
-1 3 6 -1 6 11 11 7 7 6 -1 6 6 6 6 -1 3 3 -1 6 
6 6 6 6 -1 11 -1 3 11 11 6 6 6 6 6 3 3 -1 -1 -1 
6 11 -1 6 11 11 -1 -1 6 6 6 6 -1 6 -1 4 -1 -1 6 -1 
6 11 11 42 42 1 43 6 3 -1 6 6 4 4 4 -1 4 5 5 6 
4 4 -1 4 4 -1 6 6 6 -1 4 4 4 -1 -1 4 4 4 -1 -1 
1 4 4 -1 4 4 4 4 -1 -1 4 4 4 4 4 4 4 -1 1 1 
-1 -1 -1 -1 4 -1 4 4 4 4 4 4 4 4 -1 2 -1 1 2 -1 
2 4 7 4 -1 4 2 6 4 6 4 -1 4 4 4 2 2 2 2 -1 
-1 6 7 4 4 4 2 3 6 6 -1 4 4 4 4 -1 2 2 2 2 
-1 11 -1 32 5 5 -1 4 -1 -1 4 -1 4 4 -1 -1 -1 2 2 -1 
-1 -1 11 32 5 4 5 5 5 -1 -1 4 -1 2 2 6 6 -1 -1 2 
6 11 40 -1 -1 5 -1 6 5 4 5 -1 -1 2 2 6 6 6 6 6 
6 6 4 4 40 32 5 6 6 5 4 2 -1 2 2 -1 6 6 6 6 
11 11 11 -1 40 5 2 5 -1 -1 4 -1 4 2 4 6 4 6 6 4 
11 5 5 32 4 2 5 4 5 -1 -1 4 4 2 4 4 -1 6 4 11 
11 32 32 5 5 4 5 2 5 4 -1 -1 -1 4 4 -1 6 4 4 11 
-1 32 32 32 2 1 2 1 4 5 5 6 -1 6 4 6 -1 4 -1 4 
4 32 -1 32 1 1 1 4 -1 -1 6 5 2 4 -1 4 4 4 6 4 
4 32 4 4 1 -1 1 1 -1 4 2 4 -1 -1 -1 4 4 -1 6 4 
4 4 -1 4 4 -1 -1 1 4 4 4 -1 -1 -1 -1 4 -1 4 4 4 
4 1 -1 -1 1 1 4 4 4 4 2 5 2 2 4 -1 4 4 4 4 
1 1 1 6 6 4 4 4 6 2 4 6 6 4 -1 -1 4 4 4 4 
1 -1 -1 -1 6 5 4 6 6 2 2 4 4 4 -1 4 4 -1 -1 -1 
-1 -1 -1 -1 6 5 -1 6 4 2 4 4 4 4 4 4 4 4 -1 -1 
8 8 1 1 -1 -1 -1 -1 4 -1 -1 -1 6 1 6 -1 1 1 1 1 
5 -1 -1 7 7 4 4 -1 4 4 6 6 -1 6 -1 -1 1 1 1 4 
-1 5 -1 4 4 4 6 6 4 2 -1 -1 4 4 4 -1 4 -1 -1 5 
5 4 5 4 4 -1 -1 4 2 2 6 -1 -1 4 4 4 -1 6 5 6 
5 4 4 4 4 -1 4 4 2 4 5 5 -1 -1 4 -1 6 4 1 5 
4 -1 -1 4 -1 -1 -1 4 4 -1 4 4 5 5 5 4 4 1 4 4 
4 -1 -1 4 -1 4 4 4 4 4 4 5 4 5 6 6 4 4 4 4 
-1 -1 -1 -1 4 5 5 4 5 5 4 -1 -1 4 4 6 4 4 4 4 
-1 -1 -1 4 5 -1 4 -1 4 4 4 -1 5 -1 6 5 2 4 4 4 
-1 -1 -1 4 -1 4 4 -1 -1 5 5 4 -1 5 4 -1 5 2 4 4 
4 5 4 -1 -1 4 4 5 5 -1 -1 5 4 4 -1 -1 -1 -1 4 4 
-1 5 5 4 4 4 4 5 -1 -1 -1 5 4 4 -1 -1 -1 4 4 4 
4 -1 4 4 4 5 5 5 5 -1 4 -1 4 2 6 2 -1 4 4 -1 
6 -1 4 4 4 4 6 5 5 4 -1 4 2 2 11 4 4 2 2 2 
2 6 1 4 -1 6 6 -1 5 11 4 2 2 2 11 11 -1 2 2 -1 
2 -1 1 -1 1 6 -1 4 4 4 4 4 11 11 11 11 11 2 2 2 
1 2 1 1 -1 1 -1 4 4 -1 4 -1 4 11 11 1 11 -1 2 -1 
1 1 6 6 1 1 4 6 4 6 4 4 11 11 11 -1 1 -1 -1 1 
1 1 1 8 1 1 -1 4 6 -1 -1 4 -1 -1 11 -1 -1 1 1 1 
1 1 1 1 -1 1 -1 4 -1 -1 -1 -1 -1 -1 1 -1 1 1 1 1 
-1 4 4 4 4 -1 2 4 2 -1 -1 -1 5 5 6 4 4 2 2 4 
2 -1 2 4 4 4 -1 2 2 -1 -1 -1 -1 2 -1 4 4 -1 4 2 
-1 2 -1 2 2 6 -1 -1 -1 -1 2 5 2 2 2 2 4 -1 2 2 
4 2 2 2 6 6 -1 2 2 2 2 2 5 4 2 4 4 -1 -1 -1 
-1 2 2 6 6 6 2 -1 2 2 -1 4 5 2 4 -1 -1 -1 -1 4 
2 2 -1 2 6 -1 -1 2 -1 -1 2 2 2 4 4 -1 -1 -1 -1 2 
2 4 -1 2 2 2 2 2 2 -1 -1 -1 11 2 4 2 -1 -1 2 2 
2 4 4 4 -1 -1 2 2 2 2 -1 3 2 4 4 -1 2 -1 2 3 
-1 -1 4 4 4 2 -1 -1 2 4 4 2 4 3 -1 2 -1 -1 2 3 
-1 4 1 4 1 -1 2 4 4 4 4 3 3 4 4 -1 -1 -1 4 2 
4 4 4 1 -1 -1 4 4 4 4 3 4 4 4 4 3 3 4 4 4 
4 2 2 4 4 4 -1 4 -1 3 3 -1 4 -1 3 2 3 4 4 4 
-1 2 2 -1 -1 -1 -1 -1 4 3 -1 6 4 4 -1 3 2 4 -1 4 
-1 -1 4 4 4 4 -1 -1 -1 4 6 4 4 4 4 4 4 4 4 4 
-1 -1 -1 6 -1 -1 4 -1 4 32 4 4 4 2 3 4 4 4 4 -1 
4 -1 6 6 6 4 4 4 -1 32 6 4 4 2 -1 -1 4 -1 -1 4 
4 4 4 6 6 -1 4 4 4 6 4 6 -1 4 4 4 -1 -1 -1 4 
4 4 -1 4 4 -1 -1 4 4 4 4 4 4 4 4 4 -1 -1 -1 4 
-1 4 4 4 4 4 4 4 4 4 4 4 1 -1 6 6 -1 -1 -1 4 
-1 4 4 4 4 4 -1 2 4 2 4 1 6 6 -1 4 4 4 -1 4 
6 4 -1 -1 2 2 -1 -1 6 8 -1 6 4 4 4 4 4 4 -1 -1 
2 -1 -1 -1 2 -1 -1 6 6 -1 8 8 4 4 4 4 4 4 4 6 
-1 -1 -1 2 4 4 4 -1 4 4 4 -1 4 4 -1 4 4 4 2 4 
4 4 -1 -1 -1 4 4 4 -1 -1 4 4 -1 -1 -1 -1 4 -1 4 4 
4 4 -1 -1 -1 6 4 4 -1 -1 4 4 6 -1 32 -1 -1 4 4 4 
4 -1 4 -1 4 6 -1 4 -1 4 4 4 2 4 4 -1 -1 4 4 4 
4 4 4 -1 -1 -1 -1 -1 -1 -1 -1 2 2 4 4 4 -1 4 4 -1 
-1 4 4 4 -1 4 32 6 -1 -1 2 -1 -1 -1 4 4 4 4 -1 4 
4 -1 2 4 4 4 4 4 -1 -1 -1 -1 -1 4 4 -1 4 4 5 4 
-1 2 2 4 -1 -1 -1 2 2 -1 -1 -1 4 4 4 4 4 5 -1 4 
-1 2 2 4 -1 -1 -1 -1 2 -1 -1 -1 4 4 4 4 -1 -1 5 5 
4 -1 4 4 -1 -1 4 2 -1 -1 -1 4 4 4 4 4 -1 -1 -1 -1 
-1 4 4 4 4 4 4 4 -1 -1 -1 -1 2 4 4 4 4 4 4 10 
2 10 10 4 -1 -1 4 4 4 2 4 8 2 4 4 -1 4 4 -1 -1 
10 2 -1 2 -1 8 -1 -1 2 4 8 8 4 -1 2 -1 4 4 -1 -1 
10 4 2 -1 6 -1 8 8 8 8 -1 4 -1 -1 -1 4 -1 4 2 2 
-1 4 4 -1 8 8 6 8 8 8 -1 4 4 4 2 4 -1 4 -1 2 
2 -1 -1 -1 -1 8 6 -1 8 8 3 4 4 4 2 -1 4 -1 -1 2 
2 4 -1 6 -1 6 8 8 -1 8 8 4 4 4 4 6 -1 -1 -1 -1 
6 4 -1 6 -1 -1 6 8 8 8 -1 6 6 4 4 5 2 2 4 4 
6 7 6 7 6 -1 -1 4 4 -1 -1 -1 -1 6 6 4 4 -1 -1 7 
4 7 7 7 -1 6 -1 4 -1 4 -1 5 5 4 4 -1 -1 -1 -1 6 
-1 -1 7 -1 7 -1 -1 -1 -1 -1 5 5 -1 4 4 -1 -1 -1 -1 6 
4 -1 -1 6 -1 -1 -1 -1 6 -1 -1 5 -1 4 4 4 -1 -1 -1 4 
4 4 4 4 32 32 -1 6 -1 6 6 6 5 2 4 4 4 -1 -1 4 
4 4 4 -1 -1 6 -1 -1 4 6 6 -1 2 -1 2 4 4 4 4 4 
-1 4 4 6 6 6 4 -1 4 4 4 -1 -1 -1 2 2 2 -1 4 4 
6 6 4 4 -1 6 -1 -1 -1 -1 4 -1 2 2 2 2 2 -1 -1 -1 
6 6 6 -1 -1 -1 35 -1 -1 -1 -1 -1 -1 2 -1 2 2 2 4 4 
6 6 -1 -1 6 35 35 35 7 4 7 -1 -1 -1 2 -1 4 4 4 -1 
6 -1 6 -1 6 -1 35 35 7 7 7 -1 -1 -1 32 32 4 4 6 6 
6 32 -1 -1 6 6 -1 -1 -1 -1 35 4 -1 32 32 -1 -1 4 6 6 
32 6 4 6 6 6 -1 -1 -1 35 35 4 4 32 6 6 -1 6 6 6 
-1 4 6 4 -1 -1 6 4 4 4 4 35 4 7 -1 6 6 6 6 4 
6 6 -1 4 4 -1 -1 4 4 4 4 4 6 -1 6 4 4 6 -1 4 
6 6 6 4 4 4 4 4 4 4 4 4 -1 6 6 6 4 4 -1 -1 
-1 6 4 6 6 7 4 4 4 4 4 4 6 -1 4 -1 6 6 6 -1 
-1 -1 6 -1 6 7 7 7 7 4 6 -1 -1 4 4 4 6 6 5 6 
-1 -1 6 6 6 7 7 7 7 4 4 6 6 4 -1 6 -1 6 5 6 
7 6 6 6 7 7 -1 7 7 -1 4 -1 6 6 -1 4 -1 -1 -1 4 
-1 -1 5 -1 7 7 4 5 -1 7 34 3 4 32 32 32 32 32 32 5 
34 -1 -1 -1 7 7 -1 4 7 5 5 -1 4 32 32 -1 32 32 5 5 
5 -1 -1 7 7 7 -1 7 -1 -1 4 -1 6 32 32 -1 32 32 5 34 
32 34 -1 1 7 7 7 7 -1 4 4 6 6 6 32 32 32 -1 32 34 
34 32 32 -1 -1 -1 -1 7 4 4 -1 -1 -1 -1 -1 32 32 34 34 34 
34 32 34 7 -1 -1 4 8 -1 4 4 7 -1 3 -1 -1 32 32 34 34 
-1 -1 5 7 7 7 8 -1 -1 4 5 -1 7 -1 3 32 32 -1 32 34 
34 5 -1 5 7 -1 8 8 -1 4 5 5 -1 7 -1 7 5 34 -1 34 
-1 5 32 -1 6 6 8 8 8 8 4 -1 -1 -1 7 7 -1 5 34 34 
-1 32 -1 -1 -1 6 8 1 8 -1 -1 11 7 7 7 5 7 5 5 -1 
5 -1 7 -1 6 -1 1 5 1 -1 5 7 5 5 5 3 7 -1 -1 5 
5 5 -1 7 7 11 5 5 1 5 7 7 7 5 -1 3 5 5 7 5 
5 -1 5 5 5 -1 11 11 5 -1 7 7 5 5 7 7 5 5 7 7 
5 -1 -1 5 -1 4 4 -1 7 5 5 5 5 5 -1 5 1 5 -1 7 
5 7 5 4 -1 4 4 11 -1 7 -1 4 1 -1 4 5 5 -1 5 7 
-1 -1 -1 4 4 4 7 11 11 -1 11 -1 4 -1 4 5 6 5 5 32 
-1 -1 -1 4 4 7 4 11 11 11 3 -1 -1 -1 7 2 2 2 5 32 
5 -1 -1 -1 -1 4 4 34 34 -1 -1 -1 -1 -1 -1 5 5 -1 2 5 
-1 -1 5 4 4 2 4 4 4 34 5 5 -1 -1 -1 5 6 32 32 32 
32 -1 5 5 4 4 4 4 5 5 5 5 -1 32 5 6 5 32 32 32 
9 -1 -1 33 3 3 3 3 1 1 -1 -1 -1 -1 -1 11 11 -1 -1 11 
1 -1 -1 33 1 3 -1 3 3 -1 -1 -1 11 11 11 10 11 -1 -1 11 
-1 3 1 9 1 1 -1 3 3 -1 -1 11 7 7 11 -1 -1 -1 -1 11 
11 3 1 -1 3 -1 3 -1 3 10 11 5 6 10 -1 11 -1 -1 -1 11 
11 -1 -1 3 34 3 7 -1 10 11 11 5 -1 5 -1 11 -1 -1 1 -1 
-1 -1 3 3 3 3 3 3 -1 -1 3 -1 5 5 11 11 11 11 11 11 
11 3 3 3 3 5 7 -1 -1 3 3 11 11 5 11 -1 -1 11 11 11 
11 3 3 3 3 5 5 7 5 3 1 3 11 -1 -1 -1 -1 -1 11 11 
3 3 3 3 -1 3 5 7 5 3 3 3 3 11 11 -1 11 11 11 42 
3 3 3 3 -1 11 3 11 -1 3 -1 -1 11 -1 11 -1 -1 11 11 3 
-1 11 3 3 3 -1 3 3 3 11 -1 7 7 11 -1 7 43 42 11 11 
10 10 5 5 -1 -1 -1 11 3 11 11 7 10 7 -1 -1 43 43 43 11 
-1 5 10 -1 -1 42 11 11 11 11 5 10 7 7 7 11 11 11 42 -1 
3 3 3 3 -1 3 3 42 11 5 7 7 7 11 11 11 11 42 -1 -1 
6 3 33 -1 5 7 33 33 5 11 5 7 6 11 11 7 11 43 43 43 
-1 6 -1 33 33 33 7 -1 -1 40 11 7 7 11 11 7 7 43 42 42 
3 -1 2 3 33 33 -1 -1 5 40 5 7 5 11 7 7 -1 42 -1 3 
-1 2 3 33 33 33 33 -1 7 -1 32 5 11 5 7 7 -1 -1 3 3 
-1 2 3 33 33 33 -1 5 7 7 5 -1 7 5 11 7 11 10 11 11 
11 9 -1 33 33 3 3 2 5 7 5 7 -1 -1 11 7 11 10 11 11 
6 6 6 7 6 6 7 -1 1 -1 -1 5 1 7 42 1 42 42 42 6 
6 -1 -1 7 -1 7 6 7 7 7 1 1 5 43 1 1 -1 43 42 7 
6 -1 -1 4 4 7 6 7 7 7 7 1 1 1 -1 5 1 -1 42 7 
42 6 6 6 6 7 7 7 42 1 7 7 1 1 5 -1 7 -1 43 42 
43 6 6 6 6 7 7 7 1 1 7 1 1 1 -1 7 -1 43 43 42 
43 43 35 43 7 6 -1 7 7 1 5 -1 1 1 -1 -1 -1 43 -1 1 
43 42 42 35 43 -1 -1 4 5 -1 5 -1 7 9 -1 -1 -1 42 42 43 
35 42 35 35 5 5 5 4 7 3 -1 33 7 -1 -1 -1 -1 35 35 42 
34 35 34 34 34 5 4 4 7 1 3 33 1 33 7 7 -1 35 42 42 
43 34 6 34 34 35 5 5 1 3 -1 3 1 7 7 7 -1 6 43 43 
43 6 -1 11 -1 5 5 5 5 11 11 3 -1 -1 7 -1 2 6 6 7 
35 35 11 5 5 -1 5 5 3 3 -1 3 11 10 7 6 -1 5 7 4 
35 43 6 6 5 5 5 5 5 5 -1 11 10 -1 11 -1 35 5 4 6 
-1 -1 6 -1 6 5 5 7 5 -1 11 11 8 10 35 34 -1 34 6 -1 
-1 -1 6 7 -1 5 5 5 7 5 5 8 -1 -1 35 34 34 6 3 -1 
-1 6 -1 -1 -1 5 -1 5 5 5 -1 -1 34 35 35 -1 34 5 3 3 
6 -1 -1 -1 7 -1 -1 2 5 40 32 32 -1 35 35 35 -1 -1 43 3 
43 43 7 7 7 7 -1 -1 5 -1 40 -1 40 -1 -1 35 43 43 5 4 
6 7 7 7 7 4 -1 5 5 -1 -1 -1 -1 35 35 35 35 35 7 43 
6 6 7 -1 7 7 7 5 5 -1 -1 -1 7 43 43 43 43 -1 7 6 
-1 3 4 5 5 -1 -1 -1 6 6 -1 6 -1 4 5 -1 1 5 3 3 
3 3 -1 -1 5 -1 -1 -1 3 6 6 3 6 5 5 2 5 -1 34 34 
5 5 5 5 5 -1 -1 -1 -1 3 3 3 3 -1 2 2 2 2 -1 5 
5 5 5 5 -1 2 -1 -1 3 1 -1 3 -1 2 2 2 2 2 2 5 
5 -1 2 5 -1 2 -1 -1 1 1 -1 -1 -1 2 2 2 5 5 5 -1 
5 -1 5 5 2 -1 3 3 1 1 -1 -1 -1 -1 -1 5 5 -1 5 5 
5 5 2 5 -1 -1 -1 3 3 3 4 4 4 -1 -1 1 5 -1 5 5 
5 5 5 -1 5 -1 -1 4 -1 -1 -1 -1 4 -1 1 1 5 5 5 5 
5 5 5 -1 5 5 2 -1 4 5 -1 2 2 1 1 -1 -1 -1 5 5 
-1 5 6 5 5 4 4 2 5 5 2 2 2 2 1 1 -1 6 5 5 
-1 6 -1 1 -1 5 2 2 5 5 -1 2 -1 1 -1 -1 5 5 5 -1 
6 2 6 -1 5 5 6 2 -1 4 2 2 2 -1 -1 -1 -1 1 5 -1 
-1 2 3 3 5 5 -1 5 5 -1 4 4 2 2 -1 4 4 4 5 3 
-1 3 3 5 5 4 -1 5 3 3 2 3 2 2 -1 4 4 4 -1 5 
-1 -1 5 5 5 4 42 42 -1 3 3 4 2 -1 4 4 4 33 3 3 
-1 3 5 5 4 43 43 42 5 3 4 4 -1 2 2 -1 5 33 33 3 
-1 3 5 42 5 5 42 3 3 3 4 4 2 -1 -1 6 6 3 2 -1 
-1 7 3 5 5 -1 3 3 -1 -1 4 4 3 3 6 -1 -1 3 3 -1 
4 4 32 5 -1 3 3 -1 3 4 4 4 4 4 6 7 2 3 3 4 
3 4 -1 5 5 3 -1 -1 6 -1 4 7 4 -1 7 6 5 3 4 4 
-1 -1 -1 2 2 6 2 2 2 -1 3 3 3 -1 2 5 4 -1 6 4 
4 4 2 2 2 2 2 -1 -1 2 -1 3 3 3 6 4 4 4 -1 -1 
-1 4 4 2 2 5 4 2 2 -1 2 6 6 6 4 6 4 4 2 -1 
6 4 4 4 5 4 5 2 2 2 2 -1 -1 6 4 4 4 4 -1 6 
-1 6 4 5 -1 -1 -1 5 2 2 2 2 6 6 -1 -1 6 6 6 6 
6 4 -1 5 5 -1 -1 5 2 2 2 -1 -1 6 6 -1 -1 6 6 6 
6 6 6 6 6 -1 6 6 5 2 2 -1 -1 6 6 4 -1 4 6 6 
6 6 6 6 6 5 6 6 -1 -1 2 -1 2 6 6 -1 4 -1 -1 6 
6 -1 6 6 -1 2 2 2 6 2 2 2 2 2 2 2 2 6 -1 -1 
-1 -1 -1 -1 -1 -1 2 6 -1 2 -1 -1 2 2 2 2 -1 6 -1 -1 
6 -1 -1 -1 -1 -1 -1 2 2 -1 6 6 2 2 -1 -1 -1 3 6 -1 
6 -1 -1 -1 6 3 3 6 2 -1 2 6 -1 2 6 -1 -1 6 3 6 
-1 6 6 2 2 -1 6 6 2 2 2 -1 6 6 2 -1 6 -1 6 -1 
3 -1 -1 2 3 2 2 2 2 2 2 2 6 -1 -1 2 -1 6 -1 3 
3 3 3 2 3 3 -1 4 2 2 -1 -1 2 -1 -1 -1 6 6 3 -1 
3 2 3 3 3 3 6 -1 2 2 2 2 -1 3 3 -1 6 2 -1 3 
3 2 3 2 2 -1 4 4 -1 -1 2 -1 3 3 3 -1 6 6 2 6 
-1 3 2 3 6 2 2 2 2 -1 -1 -1 3 6 3 -1 6 6 6 6 
-1 -1 -1 2 3 3 -1 2 2 2 -1 3 3 3 2 3 -1 4 6 6 
4 -1 -1 -1 6 -1 2 2 2 3 3 3 3 3 -1 2 5 -1 6 6 
2 2 -1 2 -1 -1 6 2 6 2 6 6 2 2 -1 2 3 2 2 -1 
2 2 -1 2 2 -1 6 4 2 6 6 6 -1 2 2 2 -1 2 -1 2 
2 2 2 -1 2 2 2 2 2 3 2 3 2 -1 2 -1 2 2 -1 2 
2 2 2 3 2 2 2 2 2 2 -1 -1 -1 -1 -1 2 2 2 3 2 
2 -1 3 3 -1 -1 2 2 -1 -1 -1 6 6 6 2 2 2 2 2 2 
3 3 -1 2 6 2 2 2 2 6 6 6 6 -1 2 -1 2 2 2 3 
3 3 3 3 2 2 2 2 6 6 6 6 6 6 6 -1 -1 2 -1 2 
2 3 3 2 3 6 -1 2 6 6 -1 -1 -1 6 -1 -1 4 4 2 2 
3 3 2 3 -1 2 3 -1 -1 -1 2 2 -1 6 6 4 4 4 4 -1 
3 3 -1 2 2 3 3 -1 -1 2 2 2 -1 6 6 -1 2 4 4 4 
-1 -1 2 2 2 -1 -1 -1 2 2 -1 -1 6 -1 6 2 4 4 2 4 
-1 2 2 2 2 2 -1 -1 -1 -1 -1 2 2 -1 2 2 2 4 4 2 
2 -1 -1 2 2 2 2 -1 -1 -1 -1 2 -1 -1 -1 4 2 4 -1 4 
2 2 6 -1 2 2 2 -1 -1 6 2 -1 -1 3 -1 4 4 -1 4 4 
6 2 6 2 -1 6 2 2 -1 6 3 3 3 3 4 4 4 4 -1 4 
6 2 6 -1 1 2 6 2 -1 3 2 2 3 -1 4 4 -1 4 4 6 
-1 6 2 2 2 2 -1 2 6 3 2 -1 -1 2 2 2 -1 4 -1 -1 
-1 11 2 -1 2 1 -1 6 2 2 -1 6 -1 2 2 2 2 -1 -1 -1 
2 -1 -1 -1 2 2 2 6 -1 -1 2 2 6 2 2 2 -1 -1 -1 2 
2 2 -1 -1 6 2 2 6 6 6 6 2 2 6 -1 -1 -1 -1 2 2 
10 2 -1 -1 -1 -1 4 4 4 -1 3 -1 32 32 -1 -1 3 3 2 3 
10 2 3 -1 -1 -1 3 3 4 3 3 3 3 4 4 4 2 3 3 2 
-1 -1 2 3 -1 -1 3 4 11 11 -1 2 -1 4 4 -1 -1 3 3 10 
-1 3 2 2 -1 3 3 -1 4 4 4 4 2 4 2 2 2 -1 -1 -1 
2 2 2 2 -1 -1 3 3 4 4 4 4 2 -1 -1 2 10 10 10 10 
2 2 2 2 3 3 3 -1 4 4 -1 2 3 3 2 -1 10 6 10 10 
2 2 2 3 3 3 3 4 4 -1 -1 -1 3 3 -1 3 10 3 2 2 
2 3 3 -1 3 3 3 4 6 2 3 3 3 3 3 3 10 2 10 10 
3 2 3 6 -1 3 -1 3 4 6 2 3 2 2 -1 2 2 2 2 2 
-1 3 6 6 6 6 -1 3 3 -1 -1 -1 -1 -1 -1 2 -1 2 2 2 
6 -1 6 6 6 3 3 3 3 -1 -1 -1 2 -1 -1 -1 2 2 -1 6 
6 -1 -1 -1 3 3 3 3 3 -1 -1 -1 6 -1 6 2 -1 -1 34 6 
-1 6 -1 -1 3 3 2 2 3 2 -1 -1 6 6 -1 6 6 34 6 -1 
10 3 10 10 4 3 4 -1 3 2 2 -1 2 6 -1 2 6 6 6 6 
6 10 10 10 4 4 -1 4 -1 2 2 6 6 6 -1 6 2 6 3 6 
-1 -1 34 -1 -1 -1 4 4 4 3 3 1 -1 6 6 6 3 3 3 3 
10 3 34 34 -1 3 -1 -1 4 4 3 3 2 -1 -1 -1 -1 3 3 3 
-1 10 3 10 3 -1 -1 -1 4 4 4 3 -1 2 -1 3 3 -1 3 3 
10 -1 10 3 -1 3 3 4 4 4 4 4 3 3 3 3 -1 -1 3 3 
2 -1 -1 3 -1 3 3 4 -1 4 4 3 32 3 3 3 3 2 3 3 
3 -1 3 -1 -1 -1 3 11 -1 -1 -1 2 -1 -1 3 -1 3 3 3 -1 
3 -1 3 3 2 3 -1 11 11 -1 -1 -1 2 2 3 3 -1 3 3 -1 
3 3 4 3 3 3 3 11 11 -1 -1 2 2 2 2 2 2 -1 3 -1 
3 3 3 4 3 -1 2 -1 -1 -1 2 2 -1 2 2 2 -1 3 3 3 
3 3 4 3 4 2 -1 -1 -1 2 -1 2 -1 -1 2 3 3 33 -1 3 
3 -1 -1 -1 -1 -1 -1 -1 -1 3 -1 2 -1 3 3 3 3 -1 3 3 
-1 3 2 -1 -1 -1 -1 -1 3 3 2 -1 2 2 2 -1 -1 3 5 5 
2 2 -1 -1 -1 -1 -1 3 -1 -1 -1 2 2 2 2 -1 -1 5 3 -1 
32 -1 -1 3 3 2 3 3 2 -1 -1 2 3 3 2 4 3 5 3 3 
-1 32 -1 3 3 3 2 2 2 -1 -1 2 3 3 4 3 3 3 3 3 
3 32 40 3 -1 10 3 3 3 3 -1 3 2 2 2 4 3 3 3 3 
3 40 3 -1 2 -1 -1 3 2 2 3 1 3 3 3 3 3 3 3 3 
3 -1 -1 3 -1 2 -1 2 -1 -1 3 -1 1 -1 3 3 3 -1 -1 3 
3 -1 9 9 9 9 -1 2 -1 -1 -1 -1 -1 -1 -1 3 3 -1 -1 3 
33 3 -1 9 3 -1 -1 -1 -1 -1 -1 -1 -1 -1 -1 -1 3 -1 -1 33 
3 3 6 3 3 3 -1 -1 -1 3 -1 -1 -1 32 -1 33 -1 33 -1 3 
3 3 3 6 3 3 3 -1 -1 3 3 32 32 32 3 -1 33 33 3 3 
-1 3 3 -1 3 -1 3 -1 3 3 32 32 32 32 3 3 3 33 33 3 
3 -1 -1 3 -1 4 6 4 3 -1 -1 32 3 -1 3 -1 33 3 -1 -1 
-1 3 3 -1 -1 -1 3 -1 11 -1 -1 -1 4 3 -1 33 -1 3 3 3 
-1 9 9 -1 9 1 1 33 33 -1 2 2 2 2 -1 3 3 3 3 3 
-1 33 -1 9 9 1 41 33 33 -1 -1 2 2 2 65 -1 3 3 3 2 
33 -1 33 9 1 41 41 33 -1 1 2 2 2 -1 65 -1 -1 -1 2 2 
33 -1 1 1 1 41 41 1 1 -1 3 2 -1 -1 33 33 33 -1 -1 -1 
-1 -1 33 2 3 1 -1 1 -1 -1 3 3 33 33 33 33 33 33 -1 -1 
-1 2 33 33 6 -1 1 6 -1 -1 3 -1 -1 33 33 33 33 -1 -1 -1 
2 -1 -1 1 1 6 1 -1 2 3 2 2 33 -1 33 33 33 -1 -1 -1 
-1 2 -1 -1 1 -1 -1 -1 2 2 33 -1 33 -1 -1 -1 33 3 2 2 
2 -1 -1 -1 -1 1 33 -1 -1 -1 2 33 -1 -1 -1 3 3 3 33 2 
33 -1 -1 -1 1 1 4 -1 -1 -1 -1 -1 33 33 -1 -1 -1 -1 -1 33 
33 33 -1 3 33 -1 -1 4 33 33 -1 -1 33 33 -1 6 33 -1 -1 33 
33 3 1 3 33 33 33 4 33 33 33 33 33 33 2 6 6 -1 33 33 
3 3 -1 33 9 -1 9 4 33 33 33 33 33 -1 6 4 6 -1 -1 33 
3 -1 -1 3 3 9 -1 4 33 33 33 33 -1 2 -1 6 6 6 -1 3 
3 3 33 -1 3 33 3 33 33 33 33 33 33 -1 -1 6 4 3 -1 3 
-1 3 33 33 33 33 33 -1 -1 33 -1 33 -1 2 2 -1 4 -1 3 3 
3 33 3 -1 33 1 33 1 -1 33 33 3 2 3 3 6 4 6 3 3 
33 -1 3 1 -1 9 -1 33 33 33 -1 3 -1 -1 6 5 4 3 3 3 
3 3 9 9 33 33 33 33 33 -1 3 2 -1 2 3 6 6 3 3 3 
3 9 9 9 5 9 33 -1 33 33 -1 2 2 2 -1 -1 6 6 3 3 
33 65 -1 -1 -1 2 1 4 2 8 -1 2 -1 81 81 33 65 33 33 65 
65 65 -1 6 2 2 2 -1 4 65 -1 33 33 2 81 81 33 65 65 65 
33 -1 2 -1 6 -1 -1 2 2 65 2 2 -1 -1 14 33 -1 65 65 -1 
-1 -1 2 2 6 -1 -1 8 2 2 -1 9 33 33 9 14 33 -1 33 33 
-1 -1 2 2 2 2 2 2 2 -1 9 -1 33 33 -1 9 73 73 33 -1 
65 65 65 2 2 2 -1 2 2 -1 -1 33 33 -1 9 -1 -1 -1 -1 -1 
65 1 65 2 2 2 2 2 -1 2 33 33 33 33 33 -1 -1 65 65 -1 
1 1 65 1 2 2 -1 -1 2 33 4 4 33 -1 -1 65 65 65 65 -1 
1 -1 1 1 2 -1 3 -1 2 33 33 33 4 33 -1 -1 -1 65 -1 1 
17 -1 1 -1 -1 3 4 2 33 2 -1 4 33 65 65 -1 65 -1 1 3 
-1 17 4 -1 3 3 3 33 2 -1 -1 4 65 12 12 65 -1 -1 3 3 
4 4 4 3 2 3 -1 -1 33 2 -1 33 73 -1 65 -1 3 65 -1 4 
1 65 3 2 33 3 3 -1 -1 33 33 -1 33 -1 -1 3 65 -1 4 -1 
65 1 2 33 33 3 3 3 65 2 33 33 33 -1 -1 65 65 65 65 65 
65 2 33 2 33 33 3 33 2 65 65 -1 33 12 12 65 65 65 -1 65 
65 65 1 -1 1 -1 33 2 33 65 65 -1 65 33 -1 65 65 65 -1 65 
-1 65 -1 2 -1 1 -1 33 -1 65 65 65 -1 33 -1 -1 65 -1 17 65 
65 2 -1 2 2 -1 -1 -1 4 -1 65 -1 -1 -1 33 65 65 33 -1 65 
65 65 2 1 -1 1 1 1 4 4 -1 65 -1 -1 -1 33 33 33 33 -1 
-1 33 33 1 1 1 1 4 4 8 -1 65 65 81 81 -1 -1 33 33 33 
2 -1 2 2 65 -1 -1 -1 -1 -1 65 -1 65 65 65 65 -1 -1 33 2 
2 2 2 2 2 -1 -1 -1 -1 -1 -1 65 65 65 65 65 65 33 65 33 
2 2 2 2 2 -1 -1 65 -1 -1 3 9 9 65 65 65 65 73 33 2 
33 2 2 2 -1 -1 -1 -1 65 -1 3 3 -1 -1 -1 65 65 65 -1 33 
33 -1 -1 65 65 65 65 65 2 3 3 3 9 9 -1 -1 -1 73 73 73 
9 2 2 9 65 -1 2 -1 2 73 3 3 -1 9 9 73 -1 9 73 -1 
9 9 9 33 33 -1 2 2 2 73 73 -1 9 -1 73 -1 9 9 73 9 
9 33 -1 -1 33 33 73 2 -1 -1 73 73 65 73 9 9 73 73 73 9 
9 9 9 -1 -1 -1 73 73 -1 -1 73 65 65 65 9 9 73 73 73 -1 
2 9 9 8 8 33 73 2 -1 -1 65 65 65 81 81 -1 9 9 2 2 
2 2 8 9 -1 2 1 2 65 65 65 73 81 81 81 9 9 -1 2 2 
9 2 2 1 1 -1 2 2 2 65 65 65 81 -1 81 9 9 9 -1 2 
-1 2 2 1 -1 -1 2 -1 65 65 65 -1 81 81 81 81 9 33 9 9 
2 -1 -1 -1 -1 -1 2 2 -1 2 65 65 -1 81 81 33 33 -1 -1 2 
2 6 -1 -1 -1 -1 2 -1 2 2 65 65 65 81 81 33 -1 -1 6 6 
6 6 2 -1 -1 -1 2 -1 -1 2 65 65 -1 65 65 81 33 6 6 2 
-1 2 2 2 2 -1 -1 2 -1 65 2 65 -1 65 65 2 33 33 6 2 
2 2 -1 -1 2 -1 65 65 2 2 2 65 65 33 33 -1 33 -1 65 65 
-1 2 -1 65 2 -1 73 -1 65 2 2 65 33 -1 -1 33 -1 -1 65 -1 
2 -1 -1 2 65 65 -1 65 -1 -1 -1 33 65 -1 65 -1 -1 33 -1 6 
-1 2 2 -1 73 73 -1 -1 1 -1 -1 9 9 73 9 73 73 -1 9 9 
33 33 2 33 2 73 73 33 33 1 9 9 -1 -1 9 73 9 9 9 9 
2 2 33 -1 33 73 -1 33 33 4 9 9 -1 9 9 33 33 33 33 -1 
33 2 2 33 2 33 33 33 9 -1 4 5 2 -1 -1 -1 33 -1 33 2 
2 2 -1 2 2 33 33 9 -1 -1 5 2 -1 -1 -1 -1 33 2 2 33 
2 9 33 33 -1 33 33 -1 -1 5 4 5 -1 -1 2 33 -1 2 5 5 
33 2 9 -1 -1 33 -1 33 5 33 5 4 4 2 -1 2 2 -1 -1 2 
2 2 9 -1 -1 -1 -1 -1 33 4 4 4 4 -1 -1 2 2 -1 2 -1 
2 2 -1 33 33 -1 -1 1 1 1 65 65 4 65 2 65 -1 2 2 2 
2 9 33 33 33 33 -1 1 1 33 1 65 65 -1 65 65 -1 -1 2 2 
2 33 33 -1 -1 33 2 1 33 1 -1 1 1 65 -1 65 2 2 2 2 
-1 2 -1 -1 -1 -1 1 33 1 1 1 1 1 1 65 65 2 65 2 2 
-1 3 -1 33 1 1 1 33 1 1 1 6 6 1 1 1 65 -1 2 2 
2 2 33 -1 -1 1 -1 -1 1 1 1 -1 7 7 7 6 -1 2 33 2 
2 33 1 33 -1 -1 73 -1 1 1 -1 -1 -1 7 -1 2 2 2 2 -1 
-1 2 33 2 1 2 73 1 -1 -1 1 81 6 -1 6 2 2 -1 2 2 
2 2 2 -1 2 73 73 1 2 2 2 -1 6 1 5 9 33 33 -1 2 
2 2 2 -1 2 -1 73 1 2 1 1 2 1 7 4 5 33 5 8 33 
2 2 -1 2 -1 -1 -1 73 1 -1 -1 73 -1 4 7 4 -1 8 -1 33 
2 2 2 2 -1 73 73 1 -1 -1 9 9 9 7 73 -1 5 5 65 2 
-1 3 2 3 2 5 -1 -1 -1 -1 1 -1 2 2 -1 -1 -1 -1 -1 3 
3 2 3 2 3 5 2 2 2 2 -1 -1 -1 2 2 -1 2 -1 3 3 
3 3 2 3 5 5 2 2 -1 2 2 4 2 2 -1 2 2 -1 3 -1 
3 7 5 3 -1 -1 -1 2 2 2 -1 5 2 2 2 2 4 -1 3 3 
7 3 5 5 5 -1 -1 3 3 2 2 -1 -1 2 4 4 -1 3 -1 3 
3 -1 3 5 5 2 3 2 2 -1 -1 -1 -1 -1 -1 -1 -1 -1 -1 3 
-1 -1 -1 -1 -1 -1 2 2 -1 -1 -1 -1 -1 3 -1 3 -1 -1 2 2 
-1 -1 -1 1 -1 33 2 -1 -1 33 -1 -1 -1 -1 3 -1 -1 -1 2 2 
-1 -1 1 1 33 33 -1 2 -1 33 3 2 -1 3 -1 -1 -1 2 -1 -1 
-1 5 -1 -1 33 33 33 5 -1 -1 3 2 -1 3 -1 -1 -1 -1 -1 -1 
5 5 2 2 2 2 -1 5 5 -1 8 2 3 -1 3 3 -1 3 -1 -1 
4 5 33 2 2 2 -1 -1 5 5 -1 9 -1 -1 -1 -1 3 3 -1 4 
-1 -1 33 33 2 4 4 -1 -1 -1 8 -1 2 2 -1 3 -1 -1 -1 -1 
-1 4 33 -1 32 2 4 4 8 8 8 -1 2 2 2 3 5 5 11 11 
-1 5 5 -1 3 3 8 4 -1 2 2 2 -1 2 2 3 3 5 5 -1 
-1 -1 -1 5 3 3 3 4 2 2 9 2 2 2 2 3 3 3 -1 -1 
-1 -1 -1 3 4 3 3 3 -1 2 2 2 4 -1 2 3 3 2 2 2 
2 2 -1 -1 2 4 3 1 3 -1 2 4 2 2 3 3 3 2 2 2 
2 -1 -1 -1 2 3 3 1 1 1 -1 2 -1 -1 2 2 3 2 -1 2 
2 -1 3 2 2 2 -1 1 -1 1 -1 -1 2 -1 -1 2 -1 2 2 3 
-1 -1 -1 -1 4 5 5 5 4 5 -1 5 5 -1 -1 -1 3 3 3 -1 
-1 6 4 4 4 4 4 -1 5 -1 5 5 5 5 -1 3 3 -1 3 -1 
-1 6 4 4 -1 4 -1 -1 -1 1 5 5 5 5 3 3 3 3 4 -1 
4 4 -1 -1 4 4 4 4 1 1 5 1 5 5 3 -1 3 -1 -1 4 
4 -1 -1 4 4 4 4 4 -1 1 5 5 -1 4 4 3 -1 3 3 3 
-1 -1 4 4 -1 -1 4 4 5 -1 5 3 3 3 4 4 3 4 3 3 
-1 4 -1 4 -1 4 4 4 -1 5 5 5 3 4 4 4 4 -1 -1 3 
-1 -1 4 1 -1 -1 4 4 -1 4 5 5 2 2 3 3 3 3 3 -1 
4 4 1 5 5 5 4 4 4 5 5 3 3 3 3 3 3 5 3 4 
-1 -1 1 1 1 4 5 5 -1 5 3 3 -1 3 3 3 1 5 -1 3 
-1 4 4 1 1 1 4 1 3 3 3 3 3 3 3 3 3 5 -1 -1 
1 1 1 1 1 1 1 4 3 5 3 1 3 1 2 -1 5 5 5 -1 
1 1 1 1 1 -1 2 1 1 2 -1 -1 -1 1 2 -1 1 3 4 -1 
-1 3 3 3 1 1 1 2 -1 4 2 -1 1 -1 1 1 3 4 3 1 
2 -1 -1 1 4 1 -1 -1 4 4 -1 1 -1 1 1 1 1 2 1 3 
2 2 3 3 4 4 4 4 -1 4 4 -1 1 1 1 1 1 1 -1 -1 
-1 3 -1 4 3 4 4 4 -1 -1 -1 -1 1 1 1 -1 -1 -1 -1 -1 
3 3 -1 3 4 -1 4 -1 -1 -1 -1 5 5 1 1 -1 -1 1 -1 -1 
3 -1 -1 -1 3 -1 -1 5 -1 -1 -1 4 5 5 -1 -1 -1 -1 1 -1 
3 -1 -1 -1 -1 5 -1 5 5 4 5 -1 -1 5 5 -1 -1 3 3 3 
-1 -1 4 4 4 -1 -1 4 -1 -1 -1 4 1 6 6 6 3 -1 -1 -1 
3 4 4 4 4 4 -1 4 5 -1 -1 4 -1 -1 6 6 3 3 -1 -1 
4 -1 4 4 -1 4 4 -1 4 -1 4 6 6 -1 -1 6 3 5 5 5 
4 4 4 4 4 -1 4 4 4 4 4 6 6 6 6 -1 6 33 -1 4 
-1 4 -1 -1 -1 5 45 5 5 4 4 -1 -1 4 5 4 3 -1 -1 4 
1 1 -1 -1 -1 45 -1 45 5 -1 4 5 6 4 4 5 5 -1 -1 4 
4 1 1 -1 -1 -1 44 44 -1 -1 45 -1 -1 -1 -1 5 5 -1 4 -1 
1 1 5 5 -1 4 -1 -1 5 4 45 4 5 -1 5 5 -1 -1 4 4 
33 -1 5 5 4 4 5 5 44 45 4 4 5 6 5 5 -1 4 4 4 
-1 -1 -1 5 -1 5 5 5 -1 44 45 4 4 6 4 -1 3 4 4 -1 
-1 -1 -1 5 5 5 4 4 -1 45 44 -1 4 4 -1 -1 -1 -1 4 4 
4 4 4 4 4 -1 1 -1 -1 -1 -1 3 3 4 -1 -1 -1 -1 -1 7 
4 4 4 4 -1 -1 -1 -1 -1 -1 -1 3 4 4 4 -1 -1 -1 7 7 
4 4 4 -1 -1 2 -1 -1 -1 3 3 3 3 4 -1 2 2 -1 3 -1 
4 4 6 -1 2 -1 -1 -1 4 -1 3 -1 -1 2 4 -1 7 7 3 3 
14 -1 6 14 -1 -1 -1 -1 -1 4 -1 2 -1 3 3 -1 4 -1 7 7 
14 6 10 -1 -1 -1 -1 1 4 -1 2 2 2 3 -1 2 -1 -1 4 4 
4 10 10 10 10 10 10 1 4 2 2 1 2 2 2 6 -1 4 4 4 
10 4 10 10 10 10 1 -1 4 6 6 1 -1 -1 -1 6 -1 -1 4 -1 
4 4 4 10 -1 -1 -1 3 4 -1 -1 1 1 6 -1 6 6 4 -1 -1 
6 42 -1 4 34 34 6 6 6 -1 -1 -1 -1 6 -1 -1 33 4 4 4 
4 3 4 -1 34 7 6 -1 6 6 6 -1 6 -1 6 -1 -1 4 3 4 
3 2 2 -1 6 6 6 6 6 6 4 6 -1 4 5 5 5 33 3 3 
3 2 6 -1 -1 6 7 6 6 4 6 -1 6 -1 4 5 5 33 -1 3 
6 6 4 4 6 6 -1 7 4 -1 -1 -1 -1 4 -1 5 -1 33 33 33 
-1 6 -1 4 -1 -1 5 34 4 -1 -1 3 -1 -1 -1 6 6 -1 33 33 
4 6 4 4 4 5 4 4 34 4 3 3 3 3 -1 -1 4 4 -1 4 
-1 4 4 4 5 -1 4 4 6 3 3 3 3 3 3 5 5 5 -1 4 
-1 -1 4 4 -1 4 4 4 -1 3 3 3 3 3 3 3 -1 6 -1 -1 
-1 4 4 4 4 4 4 -1 -1 3 3 3 3 3 3 3 -1 4 4 4 
4 4 -1 -1 4 -1 -1 -1 -1 3 3 4 3 3 3 3 6 6 4 -1 
5 4 4 -1 -1 -1 -1 4 -1 4 3 4 3 3 5 4 -1 -1 6 4 
5 -1 4 -1 4 4 4 -1 4 6 -1 3 3 -1 -1 5 5 -1 5 -1 
-1 5 4 4 4 4 4 -1 -1 6 4 4 2 -1 -1 5 -1 -1 -1 -1 
5 -1 5 4 4 -1 -1 4 6 6 6 33 33 -1 -1 -1 -1 -1 5 5 
5 5 6 6 6 4 -1 6 6 6 4 -1 33 -1 -1 -1 -1 -1 -1 5 
4 5 -1 6 6 6 -1 -1 -1 6 6 -1 -1 6 -1 -1 5 5 5 5 
5 -1 -1 -1 6 -1 -1 -1 -1 6 6 6 6 6 33 33 5 5 -1 5 
5 -1 -1 -1 -1 -1 6 -1 6 6 6 6 4 -1 33 -1 -1 -1 -1 -1 
4 6 4 6 -1 -1 -1 6 6 -1 -1 6 -1 4 33 33 33 -1 3 4 
-1 6 6 4 6 6 6 4 4 -1 -1 -1 3 3 2 -1 6 6 6 6 
6 6 4 4 4 4 4 4 3 3 -1 -1 2 2 2 2 4 6 6 6 
-1 6 6 -1 -1 4 4 3 4 6 6 -1 -1 4 -1 2 4 4 6 6 
-1 6 3 3 -1 3 4 4 6 6 3 6 -1 4 4 4 -1 4 4 -1 
-1 6 10 3 -1 3 3 4 3 3 3 4 4 4 4 6 6 6 -1 4 
3 3 3 3 3 -1 3 3 -1 2 4 4 4 4 -1 6 6 -1 -1 -1 
3 3 3 3 3 3 3 3 3 3 2 4 -1 4 -1 -1 -1 6 -1 3 
3 3 3 3 -1 -1 3 -1 3 3 3 -1 -1 -1 6 6 -1 4 -1 6 
-1 6 6 6 2 3 4 3 3 3 -1 -1 6 2 2 6 4 4 4 4 
6 6 6 4 3 4 4 4 4 4 5 5 6 -1 2 5 6 4 4 4 
4 -1 4 6 4 4 -1 4 4 4 5 5 5 -1 5 5 -1 -1 4 4 
4 4 4 4 -1 4 -1 -1 -1 7 5 5 -1 -1 2 4 4 4 4 -1 
3 4 -1 4 4 4 -1 -1 -1 3 7 1 2 2 -1 -1 2 4 4 -1 
-1 -1 6 4 6 4 4 -1 4 -1 3 10 2 2 2 2 3 3 3 3 
3 6 4 6 4 4 -1 4 4 4 -1 -1 2 2 3 2 3 -1 3 3 
3 3 4 4 6 4 -1 -1 -1 4 -1 -1 2 3 2 2 42 42 3 3 
3 3 3 -1 4 4 4 4 4 -1 4 -1 -1 2 -1 4 3 3 2 2 
-1 -1 6 6 6 4 4 4 -1 4 4 4 4 4 4 42 6 -1 3 3 
3 3 6 3 6 6 4 4 -1 -1 4 4 4 4 42 2 6 -1 42 -1 
6 3 3 6 6 4 4 4 -1 4 4 -1 4 -1 2 42 42 6 -1 -1 
-1 6 -1 -1 6 2 -1 -1 6 2 -1 3 3 3 6 6 6 2 7 7 
7 6 -1 6 6 6 2 2 6 2 -1 2 3 6 3 6 2 6 2 7 
6 6 6 -1 6 -1 6 2 2 2 2 36 2 3 3 -1 6 4 4 -1 
2 2 6 2 2 6 2 4 4 2 2 2 2 2 -1 -1 4 4 4 -1 
4 -1 -1 2 2 -1 6 6 2 6 2 2 2 2 -1 6 6 -1 -1 -1 
4 6 6 -1 2 2 2 2 2 2 2 2 4 2 4 6 -1 2 3 4 
3 3 4 2 2 3 2 2 -1 2 2 -1 -1 2 4 3 3 3 3 4 
4 3 3 4 3 -1 2 2 2 4 3 3 36 3 4 3 3 3 3 3 
3 3 3 3 4 2 -1 2 4 -1 3 3 -1 3 3 3 3 -1 3 3 
3 3 3 3 3 3 2 2 4 3 3 -1 3 3 3 3 4 3 3 3 
3 3 3 -1 7 -1 -1 10 10 3 3 3 10 3 3 3 3 2 2 3 
3 3 -1 7 -1 7 7 10 -1 3 3 3 3 3 10 -1 2 3 3 3 
3 3 3 3 7 -1 7 -1 10 3 -1 -1 3 10 10 7 3 3 3 3 
1 3 3 38 3 3 3 3 -1 3 3 -1 -1 10 -1 7 -1 6 -1 3 
3 -1 3 38 -1 7 7 3 3 3 3 -1 3 -1 10 6 6 6 -1 -1 
-1 3 38 4 4 3 7 3 4 4 36 6 3 3 -1 6 6 6 36 2 
38 38 3 3 3 3 7 3 3 36 36 6 3 6 3 6 -1 -1 6 38 
38 3 -1 3 3 3 -1 7 3 3 2 2 3 6 -1 3 6 7 -1 38 
-1 6 3 3 -1 6 3 3 6 6 6 2 -1 6 6 6 3 6 7 7 
6 6 -1 3 12 2 -1 -1 3 6 -1 12 3 6 3 4 7 7 7 6 
36 6 36 36 36 6 36 36 36 36 36 -1 4 4 -1 6 6 38 -1 -1 
36 38 38 38 6 38 -1 36 -1 -1 36 -1 4 4 4 34 4 6 -1 36 
36 6 3 -1 -1 36 36 38 36 -1 -1 -1 -1 4 4 34 34 -1 36 36 
6 36 4 -1 -1 6 38 38 34 -1 -1 38 -1 34 3 6 34 6 -1 -1 
6 36 4 4 -1 -1 38 34 -1 -1 38 38 38 -1 6 6 6 -1 6 -1 
3 6 -1 6 4 -1 -1 38 12 12 12 34 38 -1 6 6 2 6 2 6 
-1 6 -1 -1 4 -1 -1 4 -1 12 12 12 6 36 2 -1 3 2 3 3 
6 -1 6 6 6 6 4 4 4 -1 -1 -1 12 36 2 -1 -1 -1 3 2 
2 6 6 6 6 -1 6 4 -1 6 12 -1 36 36 2 2 2 -1 6 6 
6 6 -1 6 6 6 6 6 6 38 6 6 -1 2 36 2 6 6 6 6 
2 6 -1 6 6 6 6 6 6 6 38 6 6 36 -1 2 6 6 2 6 
6 6 -1 6 6 6 6 6 6 38 38 38 38 6 38 6 2 6 -1 2 
-1 6 36 -1 -1 6 6 6 38 38 6 38 38 38 4 6 6 6 6 -1 
-1 -1 36 36 6 -1 6 6 32 6 38 38 38 -1 4 6 4 6 -1 -1 
-1 36 36 36 6 -1 36 -1 -1 38 6 6 6 6 4 4 4 6 -1 -1 
38 36 36 36 6 36 36 36 38 -1 36 6 6 4 4 4 4 6 -1 36 
36 36 36 36 -1 36 36 36 36 36 36 6 4 6 -1 4 36 -1 36 38 
38 38 38 36 36 42 42 6 -1 36 -1 4 4 4 36 36 -1 -1 38 -1 
38 -1 36 36 36 36 42 6 -1 36 36 -1 4 4 4 4 -1 38 38 38 
36 36 36 36 36 3 42 36 36 36 36 -1 4 4 4 -1 -1 -1 38 38 
-1 36 4 -1 6 6 2 2 2 40 4 6 -1 6 6 4 4 -1 -1 -1 
5 4 -1 6 6 6 6 3 6 4 6 6 6 3 42 4 42 -1 -1 5 
5 5 4 -1 6 6 6 -1 6 -1 -1 -1 3 3 42 42 5 -1 -1 5 
6 40 -1 6 6 -1 6 6 6 3 6 3 3 3 42 33 -1 5 5 6 
6 32 32 32 6 -1 -1 6 6 3 6 3 -1 3 3 33 5 5 -1 -1 
41 -1 6 32 -1 -1 -1 6 3 3 6 3 33 5 5 5 5 -1 -1 6 
-1 6 6 32 32 4 32 -1 3 3 2 2 3 41 2 5 5 -1 -1 41 
-1 -1 6 32 4 -1 -1 3 -1 -1 3 3 -1 2 2 2 4 -1 41 -1 
-1 -1 6 1 1 1 -1 1 -1 -1 3 2 2 2 2 2 6 4 41 41 
6 -1 1 1 1 4 4 4 4 2 2 2 2 2 2 2 -1 6 41 6 
-1 -1 4 5 32 32 4 4 4 6 3 2 2 2 2 -1 -1 -1 4 6 
-1 -1 5 32 1 32 32 4 4 3 3 3 -1 2 -1 4 4 4 -1 -1 
33 5 5 5 32 32 32 4 -1 2 3 3 3 2 4 -1 4 4 4 4 
5 4 5 42 32 32 32 32 -1 -1 2 3 7 6 2 4 -1 -1 4 -1 
6 5 42 42 36 32 -1 4 32 3 3 -1 6 10 6 -1 4 6 -1 4 
-1 -1 42 -1 -1 36 -1 4 6 6 6 4 4 11 -1 -1 6 -1 6 6 
6 42 -1 -1 -1 41 36 -1 -1 6 40 6 4 6 6 6 -1 -1 7 7 
6 6 6 -1 -1 41 41 36 40 40 32 32 6 2 6 6 6 6 4 5 
42 6 42 2 41 2 -1 -1 36 40 -1 -1 2 6 -1 -1 4 4 5 4 
42 42 -1 6 2 2 -1 2 -1 4 4 4 -1 6 -1 4 5 5 4 4 
32 1 32 32 7 -1 2 4 -1 -1 7 7 7 6 6 -1 -1 6 6 6 
6 32 32 32 -1 -1 -1 -1 4 4 -1 -1 7 6 6 7 7 -1 -1 -1 
4 -1 7 5 6 -1 2 2 38 38 38 7 -1 -1 -1 2 6 7 -1 4 
7 -1 7 7 5 2 2 -1 38 1 -1 7 -1 2 2 -1 6 6 6 7 
-1 7 7 -1 6 -1 2 2 -1 1 2 2 2 2 -1 -1 -1 4 4 6 
4 2 7 7 -1 6 -1 4 -1 -1 2 -1 2 2 -1 -1 4 4 6 5 
4 5 42 42 -1 6 4 6 1 10 1 2 2 2 2 -1 4 4 3 6 
5 4 42 -1 -1 6 6 6 6 1 -1 2 2 2 2 2 -1 -1 2 5 
5 42 4 -1 -1 -1 6 6 2 4 1 1 2 2 2 -1 5 5 -1 3 
3 4 4 3 4 6 -1 2 -1 2 4 1 1 2 2 5 -1 5 2 4 
4 4 4 6 3 3 2 2 2 -1 2 4 5 2 2 4 4 5 5 5 
4 1 3 3 3 3 2 2 -1 -1 5 4 4 -1 2 -1 4 5 5 5 
1 3 3 3 3 6 2 -1 -1 2 -1 5 -1 4 4 4 5 -1 32 4 
32 6 3 3 -1 4 -1 -1 2 -1 32 32 5 5 5 -1 5 -1 32 4 
32 32 -1 -1 -1 -1 -1 -1 2 2 2 33 2 4 40 5 -1 -1 32 32 
32 7 -1 3 3 32 2 2 2 -1 2 33 2 2 -1 40 40 32 32 32 
-1 -1 -1 -1 32 2 32 2 2 2 -1 -1 40 2 -1 32 32 40 32 32 
5 32 32 -1 32 32 32 2 2 2 2 2 2 2 2 32 -1 -1 32 1 
-1 5 42 2 -1 2 2 2 -1 2 2 2 2 6 -1 -1 -1 32 7 5 
1 42 32 7 -1 -1 2 2 -1 -1 2 7 2 2 -1 -1 6 32 -1 7 
-1 6 -1 -1 -1 -1 -1 42 -1 2 2 -1 1 10 10 -1 -1 4 4 4 
6 6 -1 -1 -1 2 2 -1 2 2 -1 -1 10 -1 -1 -1 -1 -1 -1 -1 
6 6 -1 2 2 42 42 -1 2 4 2 -1 -1 7 -1 -1 -1 -1 4 6 
4 6 6 6 6 2 42 -1 2 2 4 1 1 1 -1 -1 -1 -1 -1 4 
4 -1 -1 -1 -1 -1 -1 -1 -1 5 5 4 4 4 1 1 -1 7 -1 -1 
-1 -1 -1 -1 42 42 -1 42 2 2 -1 5 4 -1 -1 -1 -1 1 -1 4 
-1 -1 -1 -1 42 42 42 -1 -1 -1 5 -1 -1 -1 -1 1 1 -1 1 1 
1 -1 -1 -1 -1 42 -1 42 -1 -1 -1 -1 -1 -1 -1 -1 1 -1 33 -1 
-1 1 -1 -1 -1 -1 -1 -1 -1 -1 -1 4 -1 -1 -1 6 33 33 -1 -1 
10 1 -1 1 -1 -1 -1 -1 -1 -1 3 4 4 -1 6 33 33 33 -1 -1 
1 4 1 -1 -1 -1 -1 -1 6 3 3 6 6 6 6 4 4 33 -1 -1 
-1 1 4 -1 -1 6 -1 -1 4 3 6 6 6 42 42 -1 4 6 4 -1 
-1 4 -1 -1 6 6 6 -1 6 4 4 6 6 -1 42 6 6 6 4 6 
-1 4 4 -1 -1 6 6 6 4 6 4 32 -1 -1 6 -1 -1 -1 6 6 
-1 4 4 4 -1 4 6 4 4 4 2 2 -1 -1 6 6 -1 6 6 -1 
-1 -1 4 -1 -1 4 4 -1 2 -1 2 2 -1 -1 6 6 6 4 6 -1 
-1 -1 -1 -1 2 2 2 2 2 10 2 2 -1 4 -1 -1 -1 -1 -1 -1 
4 -1 4 3 2 2 2 2 2 2 2 -1 -1 -1 6 6 4 -1 -1 -1 
-1 4 4 4 -1 -1 2 2 4 -1 -1 -1 -1 -1 4 6 -1 4 4 4 
4 4 4 -1 -1 42 42 2 -1 -1 -1 1 -1 10 1 6 -1 -1 -1 4 
2 2 2 2 2 -1 -1 2 2 2 -1 -1 -1 1 -1 3 3 3 -1 2 
4 4 2 2 2 -1 2 2 2 2 2 5 3 5 3 3 3 3 -1 6 
4 2 2 2 2 -1 2 -1 -1 2 1 4 5 3 -1 -1 3 3 3 4 
2 2 2 2 2 2 -1 -1 6 6 1 1 1 5 4 4 4 4 4 4 
4 2 2 -1 -1 -1 4 6 6 6 1 5 1 -1 -1 4 4 4 4 4 
2 2 6 -1 -1 -1 4 4 6 1 5 -1 5 5 5 4 5 4 4 2 
-1 6 2 2 2 -1 4 4 4 -1 1 5 -1 5 1 5 4 4 4 -1 
-1 6 6 2 -1 4 4 4 4 4 4 -1 1 1 5 4 4 -1 3 6 
-1 6 -1 -1 -1 -1 4 4 10 1 10 1 -1 -1 -1 -1 4 4 -1 6 
6 -1 -1 -1 4 -1 10 -1 -1 10 10 -1 4 -1 -1 -1 4 4 10 -1 
6 -1 4 4 4 34 34 34 10 10 -1 4 -1 4 4 4 10 10 -1 10 
4 4 -1 -1 -1 -1 34 -1 10 10 3 -1 4 -1 4 10 4 10 2 10 
10 4 -1 -1 -1 -1 -1 10 10 3 10 -1 -1 -1 4 4 -1 10 10 10 
10 10 10 -1 2 -1 10 -1 10 10 -1 -1 -1 -1 4 4 -1 1 10 10 
10 10 10 -1 2 2 -1 10 10 3 10 -1 4 -1 -1 -1 4 10 10 -1 
10 10 10 -1 2 2 2 -1 10 10 3 -1 3 4 2 -1 2 6 -1 1 
-1 -1 -1 10 37 2 -1 42 2 3 3 2 -1 2 2 2 2 6 1 -1 
1 1 1 37 2 2 -1 2 2 3 3 2 2 2 2 2 -1 6 1 -1 
-1 1 1 2 6 -1 -1 -1 2 6 5 3 -1 2 1 1 1 1 6 -1 
-1 2 2 -1 2 6 -1 6 -1 -1 5 -1 1 1 1 3 1 1 3 -1 
-1 -1 35 35 2 -1 5 6 5 5 -1 4 5 4 35 35 -1 35 35 -1 
-1 -1 34 34 -1 -1 2 -1 5 -1 5 -1 -1 38 4 -1 34 34 35 -1 
-1 -1 35 5 5 5 -1 2 2 -1 -1 5 39 -1 38 6 3 34 -1 2 
2 -1 -1 6 3 5 5 -1 2 -1 5 5 -1 6 -1 6 38 38 -1 -1 
-1 6 6 5 5 3 5 2 2 -1 -1 4 6 2 -1 39 39 -1 -1 42 
-1 3 3 2 5 5 3 2 -1 -1 -1 -1 2 2 -1 38 38 38 6 42 
-1 6 6 2 3 3 3 3 3 -1 -1 2 2 -1 -1 -1 -1 2 -1 3 
6 -1 34 34 -1 3 -1 3 -1 -1 5 -1 -1 5 5 6 6 2 2 3 
-1 -1 4 -1 -1 37 37 -1 -1 38 4 5 5 5 5 -1 6 35 3 5 
5 5 3 3 -1 5 5 6 -1 4 -1 4 4 -1 -1 -1 35 35 34 5 
5 33 3 3 38 5 6 -1 6 38 4 -1 4 -1 5 -1 -1 35 35 5 
5 5 5 7 3 38 38 38 -1 -1 -1 -1 5 5 10 5 -1 6 2 5 
5 5 5 5 7 -1 -1 -1 -1 5 5 5 5 -1 5 10 2 2 -1 5 
34 35 -1 7 34 -1 -1 -1 5 -1 -1 -1 -1 5 5 35 10 2 5 34 
34 35 35 35 34 34 5 42 42 5 2 5 5 35 35 5 10 -1 -1 35 
-1 35 6 6 -1 -1 5 42 5 2 5 5 35 35 34 35 -1 35 2 2 
-1 -1 6 5 5 5 5 -1 -1 -1 4 4 4 -1 35 34 -1 35 2 -1 
1 1 1 -1 5 5 5 5 -1 4 2 -1 -1 4 -1 -1 2 2 2 2 
-1 35 1 1 5 5 5 5 2 2 2 -1 -1 4 4 34 2 2 -1 -1 
-1 1 1 -1 -1 5 5 5 2 5 5 5 4 4 35 10 35 -1 2 -1 
3 5 -1 3 -1 2 -1 9 34 8 8 34 34 34 5 5 -1 -1 3 4 
2 -1 -1 -1 3 2 2 9 8 35 34 35 34 34 3 3 3 4 4 3 
3 -1 -1 -1 2 2 9 9 6 34 -1 -1 -1 -1 -1 3 3 4 4 4 
3 3 3 -1 34 34 -1 6 34 -1 -1 35 -1 -1 3 3 4 -1 4 4 
-1 3 3 5 34 -1 35 5 34 5 5 -1 -1 2 -1 3 -1 3 3 3 
-1 3 5 -1 4 35 -1 34 -1 5 5 35 -1 2 6 -1 -1 3 -1 -1 
7 -1 5 5 4 5 -1 -1 5 5 5 35 2 2 6 -1 -1 -1 -1 -1 
7 3 -1 3 10 10 10 34 34 35 35 -1 3 7 7 -1 -1 -1 10 -1 
7 3 3 5 10 3 10 5 34 34 34 5 -1 4 -1 -1 5 -1 5 5 
3 5 3 -1 3 -1 10 10 34 -1 5 5 3 4 5 5 -1 5 5 -1 
3 3 -1 5 -1 3 3 5 5 -1 -1 5 5 5 6 5 -1 -1 5 3 
3 3 3 5 5 5 5 3 3 5 -1 -1 5 -1 6 5 -1 -1 3 3 
5 1 -1 5 5 5 -1 3 -1 3 5 -1 5 -1 5 6 5 5 3 -1 
5 5 1 5 5 3 -1 3 3 9 5 -1 2 2 5 5 -1 5 5 5 
5 -1 5 5 3 5 -1 8 2 9 9 -1 -1 2 5 5 2 2 5 5 
5 5 5 5 3 3 3 2 9 2 2 35 -1 2 5 5 3 5 2 5 
5 5 5 2 -1 9 -1 -1 2 2 2 35 35 34 5 3 34 6 2 5 
2 5 2 2 3 9 9 9 35 35 7 34 34 35 35 -1 5 -1 2 2 
5 2 3 3 3 3 9 9 -1 -1 6 35 35 35 3 3 5 5 2 -1 
7 5 5 3 3 -1 3 9 9 6 9 34 -1 3 3 5 5 42 -1 7 
5 5 5 -1 5 5 5 5 5 5 -1 -1 5 3 2 2 2 2 2 3 
5 6 3 2 -1 -1 5 -1 -1 -1 -1 -1 -1 5 5 2 -1 -1 2 2 
2 3 -1 2 2 5 -1 5 -1 7 7 7 2 5 5 -1 2 2 -1 3 
3 3 -1 -1 2 -1 -1 -1 5 7 2 2 7 5 -1 2 2 -1 3 -1 
4 -1 -1 2 2 2 -1 5 5 5 5 2 5 -1 2 -1 6 4 4 6 
6 -1 2 2 2 2 5 5 5 5 5 -1 7 2 2 -1 3 4 4 4 
4 -1 -1 -1 2 5 -1 -1 -1 5 -1 7 2 2 2 3 6 4 -1 4 
-1 44 44 6 -1 5 -1 5 5 5 -1 -1 2 -1 2 2 -1 4 -1 4 
-1 5 6 -1 -1 -1 4 6 6 33 33 3 -1 2 -1 5 5 5 -1 5 
5 4 5 -1 -1 4 5 5 -1 33 33 -1 33 -1 2 6 4 5 -1 5 
5 4 4 -1 -1 4 6 5 5 -1 33 -1 5 -1 2 6 5 5 5 5 
5 5 4 -1 4 4 4 6 5 -1 33 5 5 5 6 6 5 5 5 5 
5 5 -1 -1 4 4 4 -1 4 5 5 5 6 -1 35 6 -1 5 -1 5 
5 5 5 -1 4 4 -1 -1 4 5 -1 -1 6 6 38 38 5 -1 5 5 
-1 -1 5 2 2 4 -1 -1 -1 5 5 -1 5 6 38 5 5 4 5 -1 
-1 5 5 2 4 -1 5 5 5 5 5 5 6 6 6 5 -1 -1 4 4 
4 4 5 -1 -1 -1 5 -1 5 5 3 -1 5 41 -1 -1 3 -1 -1 4 
4 3 3 3 3 -1 -1 5 5 5 41 3 6 6 41 3 3 3 -1 -1 
-1 5 3 3 -1 3 -1 5 5 -1 -1 -1 -1 40 40 6 3 3 3 3 
3 5 5 4 5 5 -1 5 5 -1 -1 -1 2 2 6 -1 -1 -1 3 3 
6 -1 6 -1 -1 7 7 6 6 6 -1 6 6 7 -1 -1 -1 7 -1 -1 
6 6 -1 6 -1 -1 -1 6 6 -1 6 2 2 6 6 6 2 2 -1 2 
6 3 -1 -1 6 6 6 6 6 -1 2 2 6 -1 6 6 6 -1 2 -1 
6 -1 -1 -1 6 6 6 6 6 6 6 6 6 6 -1 -1 4 -1 -1 -1 
6 -1 -1 6 6 6 6 6 40 6 -1 6 6 6 -1 10 4 -1 -1 6 
6 -1 6 3 3 6 41 41 7 6 -1 6 6 -1 10 4 -1 -1 6 6 
6 6 6 6 3 3 6 6 40 41 6 -1 -1 6 -1 10 -1 6 -1 6 
6 6 6 -1 3 6 6 41 41 -1 2 6 -1 2 2 2 2 -1 6 6 
6 6 -1 6 6 -1 -1 6 2 -1 4 2 2 2 -1 2 6 6 6 -1 
-1 6 6 -1 6 6 -1 -1 2 2 4 4 4 44 2 2 -1 -1 -1 6 
-1 6 6 -1 -1 6 -1 -1 -1 2 2 4 -1 44 -1 -1 -1 -1 6 -1 
-1 6 6 6 -1 4 -1 -1 4 -1 -1 -1 -1 44 44 -1 44 6 6 6 
6 6 6 -1 -1 4 -1 4 4 -1 -1 -1 44 44 -1 44 44 6 -1 -1 
6 6 2 2 -1 -1 4 -1 4 4 -1 -1 44 -1 6 -1 -1 44 44 -1 
6 2 2 -1 -1 4 4 4 -1 4 -1 41 41 -1 6 1 1 44 6 -1 
3 3 -1 -1 -1 -1 -1 7 4 6 6 6 41 -1 6 6 6 4 6 6 
6 6 -1 4 -1 -1 40 6 41 6 6 6 6 6 6 -1 6 6 4 2 
6 6 4 -1 -1 -1 -1 41 6 7 6 6 6 6 -1 -1 6 -1 2 -1 
6 6 6 -1 7 7 -1 -1 41 -1 6 6 6 6 -1 -1 33 -1 2 7 
6 6 -1 -1 7 7 -1 6 -1 -1 -1 6 6 6 -1 -1 7 -1 2 6 
-1 1 -1 1 4 4 1 1 -1 2 2 -1 6 1 -1 -1 -1 4 44 -1 
4 4 4 4 -1 4 1 -1 1 1 5 -1 -1 6 -1 6 -1 -1 41 4 
4 -1 4 4 -1 -1 -1 1 1 1 2 4 -1 6 -1 6 6 -1 41 4 
-1 4 -1 -1 -1 -1 40 -1 1 -1 2 -1 4 4 6 6 6 41 4 44 
-1 -1 -1 40 41 40 -1 -1 -1 5 5 5 4 4 6 4 -1 -1 -1 44 
-1 41 41 41 41 -1 -1 -1 5 5 5 5 5 4 4 -1 -1 -1 -1 -1 
41 40 40 41 -1 -1 5 -1 5 5 5 5 5 -1 -1 4 -1 -1 40 41 
41 6 -1 41 41 -1 -1 5 5 5 5 5 5 5 4 -1 -1 41 -1 41 
41 -1 6 41 -1 -1 -1 -1 -1 6 6 6 -1 -1 -1 6 1 1 40 41 
40 40 -1 41 -1 41 -1 -1 6 5 5 6 6 -1 -1 6 6 2 40 40 
40 -1 6 4 -1 41 41 -1 5 5 4 -1 6 -1 -1 6 2 2 40 41 
2 -1 6 4 -1 4 -1 -1 5 6 6 4 6 6 -1 6 -1 2 41 2 
44 44 6 6 4 -1 -1 3 5 5 5 6 -1 5 6 4 6 -1 2 44 
44 -1 -1 1 6 1 5 5 3 -1 5 -1 -1 6 -1 -1 1 4 -1 6 
-1 -1 2 -1 1 5 -1 -1 -1 5 -1 4 -1 -1 6 1 4 4 6 6 
2 -1 2 -1 -1 1 1 -1 2 5 4 1 6 -1 -1 6 4 4 6 -1 
4 -1 2 2 2 1 -1 -1 -1 2 1 4 6 6 6 4 4 4 4 2 
4 1 1 1 -1 -1 2 2 2 5 -1 -1 6 6 6 4 4 -1 6 4 
-1 2 1 1 1 -1 -1 2 2 -1 1 2 6 2 -1 4 4 -1 -1 4 
-1 -1 1 -1 1 4 -1 1 2 2 -1 6 2 2 4 -1 4 -1 -1 -1 
3 4 4 4 -1 -1 -1 -1 2 2 3 -1 -1 7 6 4 -1 1 4 4 
3 -1 4 4 -1 -1 -1 -1 2 2 2 3 7 4 4 -1 4 7 1 5 
7 5 4 -1 4 -1 35 -1 2 2 -1 -1 2 7 6 6 -1 -1 7 5 
5 5 4 4 4 -1 35 35 -1 3 2 -1 -1 4 4 4 4 4 7 5 
5 5 5 4 -1 4 -1 -1 3 2 -1 -1 -1 4 1 4 4 4 4 -1 
-1 -1 3 4 4 4 4 -1 3 -1 -1 -1 -1 4 5 4 6 6 7 7 
5 5 5 3 3 4 3 3 3 6 3 4 4 4 5 5 -1 -1 5 6 
6 -1 -1 3 3 -1 -1 -1 3 6 3 -1 -1 -1 4 -1 -1 5 5 5 
5 -1 -1 3 -1 -1 3 3 -1 4 3 3 3 3 -1 -1 5 -1 5 5 
5 -1 -1 3 -1 3 3 3 -1 3 4 3 3 4 -1 5 3 3 -1 5 
3 -1 -1 -1 3 3 -1 6 -1 -1 3 4 4 4 3 -1 2 3 -1 3 
3 -1 -1 -1 -1 3 6 6 6 -1 -1 3 -1 4 4 2 3 -1 -1 -1 
-1 -1 -1 8 8 3 6 4 6 -1 3 6 6 4 2 2 -1 -1 -1 -1 
-1 -1 3 -1 -1 6 -1 -1 -1 -1 6 -1 6 -1 4 4 4 4 4 -1 
-1 3 3 3 -1 -1 2 -1 -1 3 -1 6 -1 -1 4 4 4 4 4 -1 
3 -1 -1 3 -1 -1 -1 2 3 3 -1 -1 4 4 3 4 4 4 -1 -1 
3 -1 -1 -1 3 -1 -1 2 2 -1 -1 -1 3 4 -1 4 4 -1 3 3 
3 3 -1 -1 -1 -1 2 -1 2 -1 -1 -1 -1 -1 4 4 -1 -1 3 3 
-1 -1 3 -1 -1 -1 -1 2 -1 -1 -1 2 -1 6 6 4 1 1 4 4 
-1 -1 1 -1 -1 -1 2 2 -1 -1 2 -1 -1 3 4 4 6 1 -1 1 
4 -1 3 -1 6 -1 -1 -1 -1 1 1 1 1 -1 -1 4 3 3 4 4 
3 3 3 2 -1 1 1 1 -1 1 1 1 -1 -1 -1 -1 -1 3 -1 -1 
3 3 3 -1 7 7 1 1 5 -1 1 5 5 6 -1 2 -1 -1 -1 -1 
3 3 7 7 7 7 7 5 5 -1 -1 5 -1 3 2 -1 -1 3 3 3 
3 3 7 5 5 -1 -1 -1 -1 5 5 7 3 -1 -1 2 -1 32 4 3 
3 -1 -1 7 5 5 1 1 -1 5 5 7 5 5 -1 -1 -1 4 -1 4 
-1 -1 3 -1 5 -1 -1 -1 -1 -1 7 5 -1 3 -1 -1 -1 4 4 4 
-1 6 -1 -1 -1 -1 -1 5 -1 -1 7 7 3 -1 -1 -1 -1 -1 -1 -1 
6 6 6 6 -1 -1 7 5 7 5 5 5 -1 3 -1 6 6 6 -1 -1 
-1 3 7 7 -1 5 7 7 5 7 7 5 5 3 6 6 -1 4 4 -1 
-1 -1 -1 7 7 7 7 -1 7 5 3 3 5 -1 6 6 4 4 -1 -1 
-1 -1 -1 7 7 3 3 5 7 7 -1 3 5 7 -1 4 4 4 4 -1 
-1 -1 -1 -1 -1 -1 3 3 5 -1 -1 -1 5 7 7 4 4 -1 4 4 
-1 -1 -1 -1 -1 -1 3 3 5 4 -1 -1 7 5 5 4 4 -1 -1 -1 
-1 -1 -1 -1 -1 -1 -1 3 4 6 4 7 -1 -1 4 4 4 4 -1 -1 
4 4 -1 4 3 3 3 3 6 4 4 4 4 -1 4 -1 4 4 -1 -1 
4 4 4 -1 -1 3 -1 3 6 4 4 4 -1 -1 3 3 3 3 -1 -1 
4 4 4 4 -1 1 3 3 1 -1 1 1 4 3 3 3 -1 -1 -1 -1 
4 4 4 4 6 -1 -1 1 3 1 -1 1 -1 4 3 4 -1 4 4 4 
-1 -1 4 6 -1 6 1 -1 -1 1 1 1 -1 -1 -1 4 4 4 4 3 
6 -1 -1 -1 -1 -1 -1 3 8 -1 3 -1 -1 3 3 -1 4 3 -1 -1 
6 -1 -1 -1 3 -1 -1 3 3 3 3 -1 -1 3 3 4 -1 -1 -1 -1 
-1 -1 -1 -1 2 -1 -1 -1 3 3 3 -1 3 -1 -1 3 -1 -1 6 6 
-1 -1 -1 2 -1 -1 -1 6 -1 -1 4 -1 3 3 3 3 -1 6 3 -1 
-1 -1 3 3 2 2 2 2 2 6 -1 3 3 3 3 3 -1 -1 3 -1 
-1 -1 3 3 3 -1 2 2 6 3 3 3 -1 3 3 3 -1 3 3 3 
3 3 -1 8 3 2 2 -1 -1 3 3 3 3 3 -1 -1 -1 3 3 3 
3 -1 -1 8 8 3 2 2 -1 3 3 3 3 3 3 4 -1 -1 4 6 
3 4 4 -1 -1 -1 3 3 2 -1 3 3 3 -1 3 4 4 6 6 4 
4 -1 4 -1 -1 -1 3 -1 3 3 3 3 3 3 -1 3 -1 4 4 -1 
-1 7 -1 4 -1 -1 -1 3 -1 3 3 3 3 -1 3 3 6 -1 4 4 
4 7 4 -1 4 -1 4 3 3 -1 3 3 6 3 6 -1 2 -1 -1 4 
7 4 -1 4 4 4 3 3 -1 -1 3 3 -1 6 -1 6 5 2 -1 -1 
7 7 4 -1 4 -1 3 3 3 3 2 2 -1 -1 6 6 6 2 -1 -1 
-1 7 7 4 -1 3 3 4 3 -1 3 10 6 6 6 6 6 5 5 -1 
-1 7 4 7 -1 5 4 3 4 3 3 3 -1 6 -1 6 5 5 5 7 
5 7 7 -1 3 3 4 3 -1 4 4 -1 3 5 5 -1 6 5 5 7 
-1 7 3 3 3 3 4 4 4 4 4 4 -1 -1 3 6 -1 6 5 3 
3 -1 -1 -1 3 4 -1 4 -1 4 4 -1 -1 -1 6 -1 3 3 3 3 
3 -1 -1 -1 -1 -1 -1 8 -1 -1 -1 -1 -1 -1 3 -1 3 3 3 3 
4 4 2 3 -1 3 3 8 8 8 8 -1 -1 -1 -1 -1 -1 3 3 -1 
4 4 4 4 4 4 -1 -1 8 -1 4 -1 -1 -1 3 3 3 -1 -1 3 
3 4 4 32 32 -1 -1 8 8 6 -1 4 6 3 3 3 3 -1 -1 4 
-1 3 -1 4 32 -1 1 -1 -1 6 6 6 4 3 3 3 3 32 32 -1 
3 3 3 -1 4 -1 -1 -1 3 4 4 6 6 4 -1 3 3 32 32 10 
3 3 1 -1 -1 -1 -1 -1 -1 3 -1 -1 6 6 -1 3 -1 32 -1 10 
10 10 10 -1 -1 -1 -1 -1 -1 3 3 -1 -1 -1 -1 -1 -1 32 32 10 
-1 10 -1 -1 -1 -1 -1 -1 -1 8 8 -1 8 4 4 -1 -1 3 2 2 
3 2 10 10 10 4 -1 -1 -1 -1 6 6 4 8 8 -1 -1 3 2 2 
-1 -1 2 10 2 4 10 8 -1 -1 -1 -1 4 4 2 2 2 3 2 2 
-1 -1 2 2 -1 2 3 -1 -1 -1 -1 -1 4 4 2 2 -1 4 2 2 
2 -1 -1 -1 -1 2 2 5 3 -1 -1 5 5 -1 -1 4 4 2 -1 2 
2 -1 -1 2 2 2 2 2 3 -1 5 -1 -1 5 4 4 4 2 -1 2 
-1 2 2 2 2 -1 2 -1 -1 4 5 -1 4 4 4 4 2 4 -1 -1 
-1 -1 2 2 2 -1 -1 8 -1 5 -1 4 -1 4 4 -1 -1 -1 -1 -1 
-1 -1 3 -1 -1 2 -1 8 8 8 4 4 -1 4 4 -1 -1 4 4 -1 
-1 3 -1 3 3 -1 -1 -1 -1 4 -1 4 4 4 4 9 -1 -1 -1 3 
3 -1 3 -1 3 -1 -1 -1 -1 -1 4 4 -1 8 8 40 -1 -1 -1 3 
-1 -1 6 -1 2 -1 -1 3 -1 -1 -1 -1 8 -1 -1 -1 -1 -1 4 3 
-1 4 4 2 3 3 3 8 8 8 -1 -1 -1 3 3 3 3 3 3 4 
-1 -1 9 6 -1 -1 6 6 -1 4 4 4 34 3 35 -1 35 35 -1 8 
4 4 -1 9 -1 -1 2 6 6 -1 4 -1 3 3 35 35 35 1 1 1 
4 4 5 -1 5 -1 -1 4 6 6 6 6 3 35 3 1 1 1 1 -1 
4 1 1 5 9 -1 -1 4 2 2 6 3 -1 3 -1 1 1 1 8 1 
1 1 4 5 4 4 4 -1 4 2 2 3 3 3 -1 1 8 8 8 1 
1 8 1 4 -1 4 4 4 4 -1 3 3 3 -1 3 3 3 8 -1 1 
-1 -1 32 -1 -1 4 4 -1 -1 4 -1 3 3 3 -1 3 -1 3 8 -1 
32 40 32 -1 -1 4 4 4 34 -1 -1 3 3 5 5 -1 3 3 3 32 
32 -1 -1 32 -1 4 4 4 4 4 8 3 -1 5 -1 -1 -1 -1 -1 -1 
32 -1 -1 -1 -1 4 -1 -1 -1 -1 -1 6 4 4 4 -1 2 -1 -1 -1 
-1 2 -1 2 2 2 2 2 3 2 2 -1 4 4 4 5 2 2 3 2 
2 2 2 2 2 2 2 -1 2 5 -1 35 -1 5 5 4 8 2 3 -1 
-1 2 -1 2 2 2 42 2 -1 2 5 34 -1 -1 2 4 4 4 3 3 
2 2 2 6 6 -1 -1 2 2 -1 3 3 34 2 -1 2 2 -1 3 3 
2 2 2 2 6 4 4 6 6 -1 3 3 3 3 -1 2 2 -1 2 -1 
-1 -1 -1 2 4 4 6 6 -1 6 3 3 3 3 -1 -1 -1 2 3 3 
-1 -1 -1 4 6 4 2 4 4 4 -1 -1 -1 -1 3 3 3 3 2 2 
2 4 -1 6 4 -1 4 4 -1 4 4 -1 -1 -1 4 2 3 -1 2 -1 
4 -1 -1 2 4 -1 -1 5 5 4 4 4 -1 35 35 -1 35 -1 2 8 
8 -1 6 4 -1 -1 -1 -1 -1 -1 4 4 4 -1 -1 -1 -1 35 8 4 
4 4 -1 -1 4 4 4 4 4 -1 4 -1 4 4 -1 2 4 4 -1 4 
4 4 4 3 -1 4 4 4 4 4 4 4 4 4 -1 2 -1 4 4 4 
4 4 4 4 4 -1 3 4 -1 4 4 4 -1 -1 -1 4 4 4 4 4 
4 4 4 4 3 3 3 4 -1 -1 -1 -1 -1 4 4 -1 -1 4 4 -1 
-1 -1 -1 4 -1 3 3 -1 -1 -1 -1 -1 4 -1 4 -1 -1 4 4 4 
-1 4 4 -1 3 3 3 -1 -1 -1 4 4 -1 4 4 -1 -1 4 4 -1 
4 4 4 4 3 -1 3 3 -1 -1 -1 -1 4 4 4 -1 -1 4 4 2 
-1 -1 4 -1 3 3 4 3 3 3 4 4 4 4 4 -1 4 4 4 2 
4 4 -1 -1 4 4 -1 -1 3 3 4 4 4 4 4 4 4 4 4 4 
4 -1 4 3 -1 4 9 3 -1 3 4 4 4 4 -1 -1 4 -1 4 4 
-1 -1 -1 4 4 -1 9 9 -1 -1 4 4 4 3 3 4 -1 4 4 -1 
-1 -1 4 -1 -1 -1 -1 9 -1 -1 4 4 -1 3 -1 -1 3 4 -1 -1 
-1 -1 4 9 9 -1 9 -1 -1 4 3 3 -1 -1 -1 3 -1 -1 -1 3 
-1 4 4 -1 9 -1 -1 4 4 4 4 4 4 -1 -1 -1 -1 -1 -1 -1 
-1 4 4 -1 4 4 4 8 4 -1 4 4 4 -1 -1 -1 -1 -1 4 4 
-1 -1 4 4 4 4 -1 8 -1 4 -1 4 -1 -1 -1 -1 -1 -1 4 4 
-1 -1 4 3 -1 3 -1 9 -1 4 -1 1 -1 -1 -1 2 -1 -1 -1 4 
4 4 4 3 3 -1 3 -1 -1 1 1 1 1 1 -1 2 -1 -1 -1 -1 
4 4 4 3 -1 -1 -1 -1 -1 1 1 1 1 -1 -1 -1 -1 -1 -1 4 
4 4 4 -1 4 -1 -1 -1 4 4 1 2 4 -1 2 2 4 -1 -1 -1 
-1 4 -1 4 -1 -1 -1 4 4 4 -1 4 2 4 -1 4 -1 2 2 -1 
1 -1 4 4 -1 4 -1 -1 4 4 4 4 4 4 4 2 2 -1 -1 -1 
4 1 1 1 1 4 4 4 4 4 -1 -1 4 4 4 2 4 -1 -1 4 
2 1 4 1 4 -1 4 4 4 -1 -1 4 -1 -1 4 4 -1 -1 2 -1 
1 -1 4 -1 4 4 3 4 4 -1 4 4 4 -1 3 4 2 2 4 2 
1 1 1 4 4 4 3 4 4 4 -1 4 4 -1 -1 -1 4 -1 4 1 
1 1 4 4 -1 -1 3 4 4 4 4 -1 1 4 6 -1 -1 -1 1 2 
-1 1 -1 4 -1 3 3 4 -1 4 4 1 1 4 4 6 6 1 -1 -1 
4 1 3 3 -1 -1 3 3 3 -1 4 4 6 -1 -1 -1 1 4 1 -1 
4 1 -1 3 -1 4 3 4 -1 -1 4 -1 6 4 4 4 1 1 -1 1 
4 -1 3 3 -1 -1 4 4 -1 -1 4 6 6 6 4 4 1 1 4 1 
-1 -1 2 3 3 3 4 4 3 -1 4 -1 6 4 4 4 4 1 1 1 
4 3 3 3 3 4 4 -1 -1 3 -1 3 6 6 4 -1 4 -1 1 1 
1 3 3 -1 -1 4 1 4 -1 -1 3 3 4 4 4 4 4 -1 4 4 
4 4 3 -1 -1 1 4 1 4 1 -1 1 4 -1 4 4 4 4 -1 4 
-1 4 4 -1 4 4 4 -1 1 1 4 4 1 1 4 4 4 4 4 4 
4 -1 4 4 4 4 -1 4 1 4 1 1 4 4 4 4 4 4 -1 -1 
4 4 4 4 -1 -1 4 -1 4 -1 4 -1 4 4 4 4 4 -1 -1 -1 
-1 4 4 4 4 4 -1 4 -1 -1 4 4 4 2 -1 4 -1 4 4 -1 
4 -1 -1 4 4 4 4 4 -1 -1 4 -1 4 4 2 4 4 -1 2 2 
4 4 2 2 2 4 4 -1 -1 4 4 2 4 4 2 2 4 -1 4 4 
4 4 2 2 32 2 2 6 -1 -1 -1 4 -1 4 2 2 2 4 4 4 
-1 4 -1 32 -1 32 -1 2 -1 -1 -1 4 -1 2 2 2 2 -1 4 4 
4 4 -1 -1 32 2 1 -1 1 -1 4 2 4 2 4 2 2 4 4 4 
3 -1 -1 -1 1 1 2 1 1 -1 4 -1 2 -1 -1 -1 4 4 4 4 
-1 3 -1 -1 -1 -1 2 4 1 4 2 2 32 32 -1 4 4 -1 4 -1 
4 3 4 -1 -1 -1 4 4 2 4 2 -1 32 32 4 4 4 4 4 4 
3 -1 3 4 -1 -1 -1 -1 2 4 -1 32 32 32 4 4 4 4 4 -1 
3 3 -1 -1 -1 -1 -1 -1 2 2 -1 32 32 -1 4 4 -1 -1 -1 4 
3 3 3 -1 2 -1 2 2 -1 2 32 32 -1 -1 4 4 -1 -1 3 3 
2 3 -1 6 2 2 2 2 2 2 4 -1 -1 2 4 -1 -1 -1 -1 3 
-1 2 6 6 1 1 -1 -1 2 4 4 -1 4 4 2 2 2 2 3 2 
2 2 1 2 1 4 1 -1 4 4 6 -1 4 2 4 4 2 2 -1 -1 
-1 2 2 2 4 4 -1 4 4 4 4 4 4 4 2 4 9 9 2 -1 
2 3 -1 2 2 -1 4 4 2 6 4 4 4 4 -1 2 2 2 2 2 
2 2 4 -1 4 -1 2 2 4 4 4 -1 4 4 2 2 2 2 2 2 
2 2 2 4 -1 4 2 2 4 4 4 4 4 2 2 2 2 2 2 -1 
2 2 2 -1 4 2 -1 4 2 2 -1 4 4 2 -1 2 2 2 2 2 
4 4 2 2 2 4 4 4 2 2 2 2 4 2 2 2 4 -1 2 4 
4 4 4 2 -1 4 -1 4 4 -1 4 2 2 2 2 -1 4 2 4 2 
-1 6 1 -1 4 4 4 4 -1 -1 -1 32 32 -1 32 4 -1 4 4 6 
6 1 -1 -1 4 2 4 -1 -1 -1 -1 -1 -1 -1 32 4 4 4 -1 6 
8 -1 4 2 -1 4 4 6 -1 -1 -1 -1 32 32 -1 32 4 4 -1 8 
-1 8 4 2 4 6 6 4 4 2 32 2 -1 -1 -1 -1 -1 4 -1 -1 
-1 3 3 3 -1 4 -1 4 2 -1 32 2 2 2 -1 -1 -1 2 2 -1 
3 4 3 3 -1 2 2 2 -1 2 2 2 -1 -1 2 2 2 -1 4 -1 
4 3 8 2 -1 -1 2 -1 2 2 2 2 2 4 2 2 2 4 4 40 
40 8 2 -1 -1 -1 -1 3 -1 2 2 -1 -1 -1 -1 -1 4 2 2 4 
4 8 8 -1 -1 -1 -1 -1 -1 32 32 -1 -1 1 1 -1 2 2 2 2 
4 4 2 2 -1 2 -1 -1 32 1 32 1 -1 1 1 -1 -1 -1 -1 2 
-1 2 4 2 2 -1 -1 32 4 -1 1 -1 1 1 1 -1 -1 -1 2 -1 
-1 4 4 4 4 4 4 4 4 1 1 1 1 1 -1 2 2 -1 -1 -1 
2 -1 4 4 4 4 -1 4 4 4 1 4 1 1 1 1 2 -1 -1 2 
2 4 -1 -1 -1 -1 -1 4 4 -1 4 1 32 1 1 1 -1 2 2 -1 
2 4 -1 -1 -1 -1 4 -1 4 4 4 32 1 -1 -1 2 -1 2 -1 2 
2 2 1 -1 1 4 -1 -1 -1 4 -1 4 -1 1 2 2 2 4 32 -1 
-1 1 2 1 -1 4 -1 -1 4 4 -1 -1 -1 1 1 -1 2 32 4 4 
4 4 -1 4 4 4 4 1 4 4 -1 -1 -1 -1 -1 32 32 -1 -1 4 
4 -1 2 4 4 -1 -1 4 4 4 -1 -1 4 4 -1 -1 32 -1 -1 4 
4 -1 4 32 2 4 4 -1 4 4 4 -1 -1 32 4 4 -1 -1 -1 4 
4 4 4 4 4 4 32 32 32 1 -1 32 4 4 6 6 -1 -1 2 2 
4 4 -1 4 -1 -1 -1 32 1 32 32 -1 32 32 6 -1 -1 -1 4 4 
4 -1 -1 4 4 -1 -1 -1 32 1 8 32 6 6 -1 -1 -1 1 1 -1 
-1 1 4 4 4 4 4 1 4 -1 8 6 6 -1 -1 -1 1 -1 1 -1 
1 -1 -1 4 4 4 4 4 4 -1 32 4 -1 6 4 6 -1 1 -1 -1 
-1 -1 4 4 4 4 4 4 32 4 32 -1 4 4 4 -1 4 -1 4 1 
6 4 -1 -1 -1 4 4 4 -1 32 -1 4 4 4 4 4 4 4 6 1 
1 4 4 -1 4 -1 4 -1 4 -1 -1 2 2 4 4 4 4 -1 6 6 
-1 1 4 6 4 -1 4 4 -1 -1 2 4 2 2 -1 -1 4 4 4 4 
6 6 6 1 -1 -1 1 -1 -1 2 -1 2 -1 2 -1 4 -1 -1 4 4 
-1 6 -1 1 1 4 4 -1 -1 4 2 2 2 2 2 -1 4 4 4 4 
6 6 6 1 1 4 4 -1 4 -1 2 2 2 2 4 4 2 -1 4 4 
-1 6 -1 -1 4 4 6 6 4 4 -1 2 2 4 4 2 4 4 4 -1 
-1 -1 4 4 6 6 4 6 6 -1 -1 2 4 -1 4 4 4 -1 8 2 
4 2 4 4 6 6 -1 6 -1 6 2 2 8 4 -1 8 8 8 8 6 
-1 4 4 4 6 -1 -1 32 4 4 4 4 8 -1 -1 8 8 -1 -1 6 
-1 4 2 6 4 6 4 32 4 4 4 -1 8 8 8 -1 8 6 -1 -1 
4 2 6 4 4 4 4 4 32 4 4 8 8 8 8 8 6 2 -1 2 
4 4 4 4 6 4 -1 32 32 -1 -1 8 8 8 8 8 8 -1 2 4 
4 4 4 6 6 32 32 32 32 -1 -1 -1 8 4 8 8 1 -1 -1 4 
-1 32 32 32 -1 -1 -1 4 4 4 -1 4 4 -1 4 32 32 32 32 -1 
6 6 32 32 -1 -1 2 2 4 1 -1 1 4 -1 4 4 -1 32 32 1 
-1 6 2 2 4 2 4 2 -1 1 -1 1 4 -1 4 -1 32 32 -1 4 
-1 -1 2 4 4 4 -1 2 -1 1 1 4 4 4 4 4 32 32 32 -1 
6 6 2 4 4 -1 -1 -1 2 -1 4 4 -1 4 4 4 -1 32 4 4 
6 6 6 6 4 -1 -1 8 -1 4 4 -1 4 -1 4 -1 4 4 -1 6 
6 -1 6 4 4 4 4 -1 -1 4 4 -1 -1 -1 -1 4 4 4 4 -1 
6 6 6 6 4 4 -1 4 4 4 4 4 4 -1 -1 -1 -1 5 6 6 
-1 6 -1 4 4 -1 3 6 4 4 4 4 4 -1 -1 -1 5 5 5 6 
-1 -1 -1 4 -1 3 6 6 4 -1 4 4 -1 -1 -1 5 5 4 5 4 
4 4 -1 4 -1 4 -1 4 -1 4 4 -1 -1 4 4 5 4 -1 4 4 
-1 4 4 2 4 4 4 4 2 2 2 4 -1 4 4 4 4 4 32 -1 
2 2 2 4 4 4 4 2 2 4 4 -1 4 4 4 -1 4 -1 32 32 
32 4 2 4 4 -1 -1 2 2 4 4 4 4 4 4 -1 -1 32 -1 32 
2 32 32 32 32 6 4 6 6 -1 4 4 4 -1 -1 4 32 4 32 32 
32 32 32 32 32 32 6 6 4 4 -1 -1 -1 4 -1 -1 -1 32 32 32 
-1 32 32 -1 32 32 -1 6 6 -1 4 4 4 4 6 -1 32 32 32 -1 
32 32 -1 6 32 32 -1 -1 -1 -1 32 4 4 6 6 -1 -1 32 -1 32 
-1 32 6 -1 32 32 -1 -1 -1 -1 32 32 -1 4 4 -1 -1 32 -1 32 
32 32 32 32 32 -1 -1 4 4 -1 -1 32 4 4 -1 -1 32 32 32 32 
6 -1 9 -1 3 5 5 -1 -1 4 4 4 4 -1 -1 4 4 6 6 6 
-1 -1 9 9 -1 5 5 -1 -1 4 -1 4 4 4 2 2 32 32 6 6 
-1 -1 -1 9 5 5 -1 -1 -1 -1 4 -1 -1 -1 2 2 6 6 6 -1 
-1 33 9 -1 5 5 -1 -1 -1 -1 -1 4 4 -1 -1 6 6 6 4 -1 
-1 3 3 5 33 -1 -1 -1 -1 4 -1 4 4 -1 -1 -1 4 4 -1 2 
3 3 -1 33 33 -1 -1 -1 -1 -1 4 4 4 -1 -1 -1 4 2 -1 8 
3 -1 33 -1 33 -1 4 -1 -1 4 4 4 -1 -1 4 -1 4 -1 2 3 
3 33 33 33 33 -1 32 4 4 -1 4 4 -1 4 4 -1 4 -1 3 3 
-1 33 33 33 -1 33 33 32 32 3 4 3 -1 -1 33 4 3 2 4 2 
2 33 -1 33 4 -1 33 2 -1 4 3 4 -1 -1 33 -1 -1 4 2 4 
2 3 -1 4 33 33 -1 2 2 6 4 3 4 33 -1 3 33 33 4 2 
2 4 -1 -1 4 3 -1 6 -1 -1 3 3 -1 -1 3 -1 3 3 4 -1 
4 33 -1 3 3 -1 3 -1 -1 -1 -1 3 3 -1 -1 2 3 4 4 -1 
33 3 4 3 -1 3 -1 -1 -1 -1 -1 3 -1 8 8 32 4 4 4 4 
33 3 4 -1 -1 -1 -1 -1 4 -1 -1 -1 4 -1 4 8 -1 4 4 4 
-1 4 4 4 3 -1 -1 -1 -1 -1 -1 4 4 -1 32 -1 4 -1 4 6 
1 -1 4 4 -1 3 -1 -1 -1 -1 -1 -1 32 32 -1 1 5 4 6 1 
6 -1 -1 -1 3 3 3 3 -1 -1 3 3 -1 -1 4 4 4 4 -1 6 
-1 -1 -1 3 3 3 3 -1 4 4 2 -1 2 4 4 4 2 2 -1 -1 
6 4 4 9 -1 3 3 -1 -1 4 4 4 4 4 4 -1 4 6 -1 -1 
-1 3 -1 3 4 2 4 4 4 -1 -1 4 -1 6 6 6 6 6 4 3 
6 -1 -1 -1 2 2 2 4 4 -1 -1 4 4 -1 6 6 2 2 -1 4 
6 -1 -1 -1 -1 2 2 6 6 -1 -1 4 4 4 3 6 2 2 6 6 
4 1 4 4 -1 4 2 -1 -1 -1 -1 -1 3 3 -1 3 6 4 4 -1 
4 2 1 -1 -1 6 -1 6 -1 -1 3 3 3 -1 -1 6 2 -1 -1 4 
4 2 -1 5 5 -1 6 6 6 -1 3 3 3 3 3 -1 -1 2 4 4 
4 2 -1 5 5 6 -1 2 6 4 -1 3 3 3 3 -1 3 3 -1 4 
4 2 4 4 6 -1 -1 2 4 -1 4 3 3 3 3 3 2 3 4 4 
2 -1 4 4 -1 2 -1 2 -1 -1 -1 2 -1 3 -1 2 3 3 -1 4 
4 -1 -1 -1 4 -1 4 -1 -1 2 -1 -1 2 2 -1 -1 -1 4 4 4 
-1 2 2 -1 4 4 -1 -1 1 -1 -1 -1 2 2 2 -1 3 3 3 3 
2 2 2 4 4 -1 -1 1 -1 -1 -1 -1 2 -1 -1 -1 3 3 4 -1 
-1 2 -1 4 -1 -1 1 -1 1 1 1 2 2 1 -1 -1 4 4 3 6 
6 2 2 -1 -1 1 2 2 -1 1 1 4 4 1 -1 -1 -1 4 -1 6 
6 -1 2 2 2 2 2 -1 2 1 1 4 4 4 9 -1 -1 4 4 4 
4 -1 6 6 2 2 -1 2 -1 2 1 1 -1 -1 -1 9 -1 -1 -1 4 
4 4 4 -1 -1 2 -1 2 -1 1 -1 4 4 4 -1 -1 -1 -1 4 4 
3 3 4 4 -1 4 4 4 4 -1 1 -1 4 -1 -1 -1 -1 -1 4 3 
3 3 3 -1 4 4 -1 4 4 -1 1 4 -1 4 6 -1 -1 -1 4 -1 
3 3 3 3 3 -1 4 4 4 -1 4 -1 4 4 4 -1 6 6 6 -1 
8 -1 2 -1 -1 4 4 -1 4 -1 4 2 -1 2 -1 2 2 2 -1 4 
8 -1 -1 -1 -1 -1 -1 -1 2 4 4 4 2 2 2 2 -1 -1 2 -1 
8 8 -1 -1 -1 4 -1 -1 -1 2 4 4 2 2 -1 -1 -1 2 2 -1 
-1 2 2 4 4 4 -1 -1 -1 -1 4 2 2 2 2 2 2 2 4 2 
-1 4 2 -1 4 4 -1 -1 4 -1 -1 4 2 2 2 -1 2 2 4 -1 
8 4 4 4 -1 4 -1 -1 4 -1 -1 4 -1 -1 2 2 4 4 2 -1 
-1 4 4 6 6 4 4 4 4 -1 -1 -1 4 4 4 -1 2 2 2 6 
4 4 4 4 4 4 6 4 4 4 -1 -1 4 4 6 2 4 4 2 4 
4 -1 4 4 4 4 4 -1 4 -1 -1 -1 4 6 -1 4 4 2 -1 4 
4 4 4 4 6 6 6 4 4 4 2 6 -1 4 4 4 -1 -1 4 4 
4 -1 6 6 4 4 4 4 4 4 -1 2 4 4 -1 -1 4 -1 1 4 
-1 4 -1 4 4 4 4 4 4 4 -1 4 -1 4 -1 -1 4 -1 1 4 
6 4 4 4 4 -1 4 4 4 -1 4 4 -1 -1 -1 4 4 1 4 4 
-1 6 4 4 -1 -1 4 4 8 4 -1 4 -1 2 4 -1 1 4 4 4 
4 4 4 3 1 4 4 -1 4 8 6 6 2 4 4 4 -1 -1 4 4 
4 4 1 1 4 4 4 8 8 -1 6 6 -1 -1 4 -1 4 4 4 -1 
4 1 -1 4 4 4 4 4 2 -1 -1 2 2 2 2 -1 4 4 4 -1 
4 1 -1 -1 4 4 4 4 4 2 -1 4 2 2 2 2 4 4 4 4 
4 4 1 2 -1 4 4 -1 4 4 2 2 2 2 -1 2 4 -1 4 -1 
4 -1 2 -1 -1 -1 4 -1 -1 4 4 4 2 2 -1 2 2 4 4 4 
4 4 7 7 -1 6 4 4 10 10 3 -1 -1 -1 4 7 6 7 -1 4 
4 4 6 7 -1 2 -1 -1 10 10 3 3 -1 -1 7 6 6 -1 7 4 
4 7 7 6 -1 -1 7 -1 5 -1 4 2 3 4 4 4 4 -1 7 2 
4 6 6 6 7 7 -1 10 -1 4 4 4 5 4 4 4 7 7 7 7 
6 7 4 -1 6 -1 6 -1 6 4 5 -1 4 -1 4 4 -1 7 7 6 
-1 4 4 4 6 -1 6 6 -1 5 6 5 -1 4 4 4 4 -1 -1 4 
-1 4 10 10 -1 10 6 6 -1 5 5 -1 -1 4 4 6 4 6 -1 4 
6 6 6 -1 10 -1 6 10 10 5 2 -1 -1 -1 6 -1 6 4 6 6 
4 6 6 6 -1 -1 6 10 4 2 -1 2 2 -1 4 6 4 6 6 4 
4 4 4 6 -1 10 10 4 4 -1 2 -1 4 4 4 4 4 4 -1 -1 
4 -1 -1 4 6 10 10 -1 -1 -1 -1 2 2 4 4 4 6 4 4 4 
4 -1 4 -1 10 10 10 10 -1 -1 -1 2 -1 -1 4 6 6 4 4 4 
6 -1 4 4 -1 -1 -1 -1 -1 -1 2 2 7 -1 -1 -1 4 4 4 4 
4 5 -1 4 4 -1 4 4 6 4 -1 2 -1 -1 -1 -1 4 4 4 4 
4 -1 -1 4 4 4 4 4 4 6 2 -1 -1 -1 7 -1 -1 -1 -1 4 
4 4 4 4 4 4 4 -1 4 6 6 -1 -1 5 5 -1 -1 -1 2 4 
4 4 4 4 -1 -1 4 4 4 -1 -1 6 -1 5 5 5 -1 -1 -1 -1 
-1 4 10 4 4 -1 4 4 4 -1 4 6 6 4 5 -1 4 4 4 -1 
-1 10 11 11 6 4 -1 10 -1 5 -1 5 -1 -1 4 -1 4 -1 4 -1 
10 11 11 11 6 6 6 10 10 10 10 -1 -1 -1 -1 4 4 -1 -1 4 
5 -1 5 -1 -1 4 4 5 5 5 5 1 1 4 4 4 7 4 4 -1 
7 5 -1 2 -1 4 5 -1 5 5 -1 5 -1 -1 -1 -1 4 4 4 5 
5 7 -1 -1 2 1 -1 5 5 -1 -1 5 5 -1 4 4 -1 4 4 4 
5 -1 -1 2 2 1 1 5 5 -1 5 -1 4 4 4 4 4 5 5 -1 
-1 3 -1 -1 1 1 6 -1 6 6 4 -1 5 4 -1 4 -1 -1 4 3 
3 -1 -1 -1 6 -1 6 -1 6 -1 6 -1 4 4 -1 4 -1 -1 4 4 
1 1 -1 -1 1 6 -1 6 6 6 -1 -1 -1 -1 -1 -1 -1 -1 4 -1 
1 1 1 -1 1 1 -1 1 1 1 -1 -1 -1 6 6 -1 -1 4 4 -1 
4 -1 4 1 -1 6 1 1 1 1 1 -1 4 -1 -1 6 -1 4 4 4 
4 4 -1 -1 4 -1 6 1 1 1 -1 4 -1 6 6 6 4 4 4 -1 
-1 -1 -1 -1 -1 4 4 -1 1 -1 1 -1 -1 1 -1 6 -1 4 4 4 
1 -1 -1 4 4 4 4 4 4 -1 -1 1 1 -1 -1 -1 6 4 -1 4 
4 1 -1 -1 4 4 4 4 4 7 1 4 4 1 -1 4 -1 4 -1 -1 
-1 -1 -1 -1 4 -1 4 4 -1 -1 1 4 6 6 -1 4 4 4 4 4 
1 1 -1 -1 4 4 -1 4 4 -1 4 -1 4 4 4 4 4 4 4 4 
4 1 4 -1 4 4 4 -1 4 4 4 -1 4 4 4 4 4 4 -1 4 
4 4 2 4 4 4 6 4 4 4 4 4 4 4 4 -1 4 11 -1 -1 
2 6 2 2 4 4 4 -1 4 4 4 4 4 4 4 4 11 11 -1 4 
3 6 6 -1 4 4 4 4 4 4 4 4 4 4 4 4 11 4 4 4 
4 3 -1 4 -1 -1 -1 4 5 4 4 1 -1 4 4 4 4 -1 -1 -1 
4 4 4 4 4 -1 -1 -1 4 4 -1 2 4 -1 4 4 -1 4 4 4 
4 -1 -1 4 4 4 4 3 4 4 4 -1 2 4 4 5 4 4 -1 4 
4 4 -1 4 -1 -1 4 3 4 4 4 -1 4 -1 4 4 4 -1 -1 4 
4 6 6 -1 4 4 -1 3 3 3 1 1 4 4 4 4 4 4 4 4 
4 2 2 2 -1 -1 4 3 4 3 -1 -1 -1 5 -1 4 -1 -1 4 4 
4 -1 2 4 2 5 4 4 -1 3 -1 -1 -1 4 -1 4 -1 -1 4 4 
-1 2 -1 4 4 4 4 -1 6 3 -1 -1 -1 4 4 -1 -1 -1 4 4 
4 4 4 4 4 4 5 6 6 6 -1 -1 -1 -1 -1 -1 -1 3 3 3 
-1 4 4 6 6 6 4 -1 6 1 4 -1 4 4 -1 -1 3 3 -1 -1 
6 4 4 -1 6 6 4 6 4 4 1 4 -1 4 -1 3 -1 2 -1 1 
3 4 6 6 6 6 -1 4 4 4 4 4 4 -1 4 -1 -1 -1 3 3 
4 3 6 1 -1 -1 6 -1 2 4 4 4 4 4 4 4 6 -1 3 6 
4 6 4 1 1 4 -1 6 6 6 -1 -1 -1 4 4 4 3 3 -1 -1 
5 4 1 -1 -1 -1 4 2 6 6 -1 -1 4 4 -1 -1 -1 -1 -1 4 
6 1 -1 1 1 4 6 2 6 -1 6 4 4 4 4 5 -1 -1 -1 6 
6 1 4 1 -1 4 6 6 4 -1 2 -1 4 4 4 5 6 6 -1 4 
-1 4 1 -1 4 4 -1 -1 4 4 2 4 4 4 4 4 5 -1 4 -1 
4 -1 4 4 4 6 4 6 -1 2 6 -1 4 4 6 4 4 -1 -1 4 
4 4 -1 4 4 -1 6 -1 4 -1 6 4 4 4 4 -1 -1 4 -1 4 
4 4 4 -1 4 -1 6 6 4 -1 6 2 4 4 -1 4 4 4 4 -1 
7 6 7 4 4 4 -1 -1 1 2 -1 4 1 1 -1 -1 -1 -1 1 4 
7 4 6 6 4 4 4 3 6 6 6 2 -1 1 -1 -1 -1 1 1 -1 
4 4 4 4 3 3 3 3 -1 6 2 2 4 -1 1 -1 1 1 -1 -1 
-1 4 4 4 6 3 3 4 4 4 4 4 1 6 6 6 1 1 1 -1 
6 -1 6 6 -1 6 -1 4 1 4 4 4 -1 1 1 1 -1 4 1 1 
-1 6 -1 -1 -1 -1 1 -1 4 4 4 4 4 2 1 1 -1 1 -1 -1 
-1 6 6 2 -1 -1 3 4 4 4 4 -1 4 4 -1 1 1 1 1 -1 
1 6 2 6 -1 3 -1 4 -1 -1 -1 -1 4 -1 -1 -1 1 -1 1 1 
6 2 -1 -1 3 3 4 4 4 3 -1 -1 4 4 -1 -1 -1 -1 -1 1 
6 2 3 -1 -1 -1 -1 2 -1 -1 3 -1 4 -1 -1 -1 -1 3 3 40 
40 4 4 -1 6 6 -1 2 2 -1 -1 4 4 -1 -1 -1 6 2 40 6 
6 6 4 4 6 -1 6 2 2 2 4 4 4 2 -1 -1 6 40 6 6 
6 -1 4 4 6 -1 4 6 -1 2 6 4 -1 -1 2 -1 6 4 6 6 
-1 -1 4 4 6 4 2 6 -1 4 2 4 -1 2 2 6 -1 -1 4 6 
6 6 6 4 4 2 2 2 6 4 4 6 -1 2 2 2 4 -1 -1 6 
6 -1 6 -1 6 -1 2 -1 6 4 1 2 2 2 6 3 6 3 4 4 
-1 4 -1 4 6 6 -1 6 -1 1 1 6 6 -1 4 6 3 3 6 6 
-1 4 4 -1 -1 -1 -1 -1 -1 1 1 -1 2 6 4 4 -1 3 3 -1 
-1 -1 -1 3 3 -1 -1 -1 1 -1 -1 -1 2 2 6 4 -1 3 7 7 
7 6 -1 4 4 -1 -1 -1 -1 1 4 -1 -1 2 1 4 4 -1 6 7 
-1 3 7 5 2 38 -1 2 2 -1 -1 -1 6 6 6 -1 2 2 38 38 
9 9 7 -1 -1 2 2 2 2 2 -1 2 6 6 6 2 38 2 38 38 
-1 7 6 7 -1 5 2 -1 -1 2 6 6 2 -1 2 2 38 38 38 9 
-1 6 7 6 -1 5 3 2 2 2 -1 2 6 6 -1 6 6 38 -1 9 
9 9 7 -1 -1 3 3 -1 -1 -1 2 6 6 6 6 -1 -1 41 3 -1 
7 9 6 -1 3 7 -1 3 3 2 6 2 6 -1 2 3 3 3 41 2 
7 2 -1 -1 6 7 6 2 3 -1 6 6 2 6 2 4 -1 41 6 2 
6 6 7 -1 6 6 -1 4 3 6 6 6 6 2 3 7 3 3 -1 6 
-1 6 -1 -1 -1 3 4 3 3 3 -1 -1 6 -1 4 4 -1 4 4 7 
-1 7 5 7 -1 4 4 3 -1 3 3 -1 4 4 -1 -1 4 6 7 7 
6 -1 7 5 4 4 -1 -1 3 3 6 -1 6 -1 -1 3 6 6 6 7 
-1 36 4 6 4 4 -1 3 3 3 6 6 2 6 6 3 3 2 2 1 
6 38 36 6 4 4 4 4 3 -1 6 2 4 -1 2 6 -1 -1 2 2 
6 6 -1 6 6 -1 4 4 4 4 -1 6 2 6 -1 6 -1 4 6 -1 
2 6 3 3 6 6 4 6 -1 4 4 6 6 -1 -1 6 -1 4 3 -1 
6 -1 3 4 3 6 6 -1 -1 4 2 -1 2 -1 -1 -1 -1 -1 3 2 
3 3 3 -1 -1 -1 4 -1 6 6 2 -1 2 -1 -1 -1 -1 -1 38 3 
2 3 -1 -1 -1 36 -1 4 6 2 2 -1 -1 -1 2 -1 2 2 3 3 
-1 -1 -1 3 -1 38 -1 2 2 -1 -1 -1 6 2 6 6 2 2 2 38 
3 3 3 2 38 38 -1 2 2 -1 -1 -1 6 -1 6 2 -1 2 -1 38 
4 36 -1 -1 4 38 4 38 38 -1 38 38 38 38 38 38 38 38 -1 38 
36 6 -1 4 4 4 4 4 4 38 38 -1 -1 -1 38 38 38 -1 36 38 
4 36 36 4 4 4 4 -1 4 38 -1 2 2 38 -1 -1 38 38 -1 36 
-1 4 8 8 36 4 4 -1 4 6 6 2 2 38 -1 -1 38 -1 38 38 
-1 4 8 4 36 4 4 4 4 -1 -1 2 2 -1 -1 36 36 36 36 -1 
-1 36 4 8 36 36 36 36 36 6 -1 -1 2 2 36 36 36 36 36 -1 
4 36 36 -1 -1 36 36 -1 -1 36 6 6 36 36 2 36 36 36 -1 4 
-1 -1 4 -1 6 -1 36 36 36 36 5 36 36 36 36 36 -1 -1 4 6 
4 -1 -1 4 -1 6 36 36 36 -1 2 2 36 -1 2 36 -1 -1 6 -1 
4 -1 36 4 -1 -1 6 36 36 38 38 2 -1 -1 2 36 36 2 -1 2 
6 6 36 -1 -1 -1 -1 -1 36 36 2 36 -1 2 -1 4 36 36 2 36 
-1 -1 -1 -1 8 -1 -1 -1 36 2 36 -1 2 36 4 36 -1 -1 -1 6 
4 4 4 36 36 8 -1 -1 -1 2 -1 2 2 36 -1 -1 36 -1 4 4 
2 36 36 -1 -1 36 8 -1 2 -1 2 2 2 2 4 36 36 -1 4 -1 
36 2 5 2 2 36 -1 -1 -1 -1 2 2 2 2 4 36 36 6 4 36 
36 36 5 2 2 36 34 -1 -1 2 2 2 2 4 4 4 6 6 36 36 
36 -1 2 36 36 36 34 36 36 36 2 38 2 2 -1 4 36 36 4 36 
36 2 -1 2 36 34 36 36 36 -1 2 2 38 38 38 38 4 36 4 -1 
2 2 4 4 4 36 36 36 2 2 2 38 2 38 38 -1 4 4 -1 4 
-1 2 36 4 36 36 36 -1 38 -1 -1 38 38 38 38 38 38 4 4 4 
4 -1 -1 -1 4 -1 4 4 6 36 -1 36 -1 36 36 6 6 -1 -1 4 
-1 4 4 4 4 4 4 6 36 36 36 36 36 -1 -1 -1 6 -1 36 4 
4 4 4 4 4 -1 -1 36 36 36 36 36 6 36 -1 36 36 36 4 36 
-1 -1 4 4 -1 4 -1 36 36 -1 6 36 6 36 36 36 36 36 36 4 
-1 -1 -1 4 -1 -1 -1 36 -1 36 36 6 36 36 36 36 36 36 -1 -1 
-1 -1 -1 -1 4 38 36 36 -1 36 6 -1 6 6 6 36 -1 -1 -1 -1 
-1 -1 -1 -1 -1 4 36 -1 -1 -1 4 6 6 -1 36 4 4 -1 -1 -1 
-1 -1 -1 38 -1 -1 36 36 36 -1 4 6 4 4 4 4 4 5 -1 -1 
6 5 -1 38 38 36 36 36 34 34 4 4 -1 4 4 4 4 -1 5 6 
-1 38 38 38 36 36 36 36 4 4 4 36 2 36 4 6 -1 -1 -1 5 
38 -1 -1 38 36 36 4 4 4 4 36 4 36 -1 6 4 4 6 4 -1 
4 -1 36 38 36 36 4 4 4 4 4 36 36 -1 9 36 36 4 4 38 
-1 -1 36 4 36 36 4 4 4 -1 4 6 6 -1 9 -1 -1 6 38 4 
-1 4 4 4 36 36 -1 -1 36 -1 -1 4 4 6 6 -1 38 38 6 4 
4 4 -1 36 36 36 36 36 -1 6 6 -1 4 -1 36 -1 38 6 -1 -1 
-1 -1 4 4 -1 4 36 36 36 36 6 -1 -1 38 -1 36 -1 36 36 36 
-1 4 4 4 -1 4 4 4 4 4 36 -1 -1 38 38 36 36 -1 36 -1 
4 -1 4 -1 4 -1 4 4 38 38 38 38 -1 38 -1 36 36 36 36 4 
4 4 4 4 4 -1 4 -1 38 -1 -1 36 36 -1 -1 -1 32 4 4 4 
4 2 2 4 4 4 -1 6 4 -1 -1 -1 36 36 6 6 -1 -1 -1 4 
9 6 -1 3 9 -1 -1 -1 9 -1 -1 -1 -1 9 9 9 9 -1 -1 -1 
9 -1 4 6 36 9 -1 9 5 4 -1 9 9 9 -1 9 9 36 6 -1 
6 6 6 2 36 36 -1 -1 4 9 4 9 9 2 -1 9 4 36 36 9 
6 -1 -1 6 6 4 -1 -1 -1 9 9 9 9 9 9 9 4 36 36 36 
6 32 32 -1 -1 -1 32 32 -1 -1 -1 9 9 -1 36 36 36 36 4 38 
36 36 36 32 -1 32 32 32 32 -1 32 -1 32 1 36 36 4 4 36 36 
2 36 36 32 32 32 -1 32 32 40 -1 9 -1 -1 36 36 4 4 36 36 
36 2 36 36 32 7 32 32 32 32 9 36 -1 34 -1 -1 36 36 4 3 
2 36 36 -1 36 -1 32 36 40 9 -1 34 36 34 34 6 -1 5 5 4 
3 36 -1 36 -1 -1 -1 -1 36 -1 -1 -1 34 34 34 34 34 5 4 2 
36 36 36 36 -1 -1 -1 -1 36 -1 -1 -1 -1 -1 34 -1 34 34 36 36 
36 36 -1 36 36 -1 32 32 6 -1 36 9 -1 34 36 36 36 -1 36 36 
36 36 36 36 36 -1 -1 6 6 36 9 3 -1 36 36 36 -1 3 36 36 
36 6 -1 1 -1 36 -1 36 36 6 3 9 -1 34 34 3 7 14 14 36 
34 -1 1 36 1 -1 -1 36 -1 4 38 38 9 -1 36 -1 3 7 36 34 
-1 36 1 1 -1 -1 4 36 -1 6 6 6 7 36 6 -1 7 36 -1 -1 
36 1 1 1 -1 -1 4 6 4 -1 6 6 -1 7 6 7 7 6 36 36 
-1 1 1 1 -1 2 -1 6 4 6 6 2 -1 7 7 7 6 36 -1 36 
-1 1 -1 -1 2 2 2 -1 9 2 2 2 2 -1 7 36 36 36 -1 -1 
-1 -1 -1 2 2 -1 9 9 -1 -1 -1 -1 -1 -1 -1 36 9 -1 65 -1 
42 6 6 6 4 6 -1 6 -1 -1 -1 36 36 9 7 6 6 14 6 2 
42 -1 6 -1 36 36 -1 -1 3 -1 36 1 36 9 7 6 5 5 14 2 
6 6 4 36 36 36 32 -1 32 -1 1 7 -1 6 9 6 3 14 2 -1 
9 6 4 36 36 36 36 32 32 32 -1 6 6 7 6 3 -1 3 -1 36 
-1 6 46 46 36 36 36 -1 -1 3 32 3 7 7 3 3 3 -1 36 36 
36 46 46 38 -1 36 36 36 -1 3 3 -1 2 3 3 3 2 2 36 36 
-1 -1 38 36 -1 7 7 -1 36 -1 3 3 2 2 3 3 11 -1 -1 36 
3 4 38 36 36 36 7 36 36 -1 -1 2 2 3 -1 -1 7 -1 36 4 
4 3 38 36 36 36 7 3 10 -1 2 36 3 3 3 -1 6 7 -1 4 
38 4 38 38 -1 36 36 36 10 2 10 3 3 3 36 6 6 7 7 4 
36 38 38 38 36 36 36 -1 2 2 10 36 36 36 36 6 6 7 7 7 
36 36 38 36 36 7 -1 3 3 2 36 6 36 36 36 -1 36 7 36 6 
36 38 3 -1 34 -1 2 -1 2 10 2 -1 6 6 -1 36 36 -1 36 36 
-1 1 3 34 -1 2 5 2 10 10 -1 -1 -1 36 -1 36 36 36 36 36 
-1 1 34 34 2 2 4 5 2 6 -1 -1 -1 36 36 36 36 36 36 -1 
-1 -1 36 2 6 -1 2 4 6 6 -1 2 -1 6 36 36 36 36 -1 -1 
1 42 42 3 3 6 6 -1 6 3 6 6 2 -1 36 36 36 -1 36 36 
42 1 42 3 3 -1 6 6 -1 3 36 6 6 42 42 -1 -1 6 34 1 
42 6 -1 42 6 -1 6 6 3 36 2 36 -1 34 42 -1 7 6 34 -1 
2 -1 -1 4 6 6 6 -1 -1 3 -1 4 36 -1 34 6 6 7 6 -1 
