2 2 40 40 40 32 9 9 -1 9 9 9 9 7 4 -1 4 6 3 2 
7 2 -1 40 40 9 9 9 -1 33 33 -1 6 -1 6 -1 -1 2 6 2 
6 7 -1 40 40 -1 1 1 9 9 -1 9 7 6 6 6 4 -1 2 6 
7 6 -1 -1 40 -1 7 1 -1 -1 9 7 -1 -1 -1 4 4 4 -1 2 
2 -1 33 -1 6 6 3 6 6 33 7 7 -1 -1 -1 4 4 4 33 33 
-1 33 33 -1 6 3 -1 6 6 33 -1 7 -1 7 6 4 4 4 33 33 
33 33 33 33 6 6 7 6 6 6 7 -1 -1 7 -1 6 4 7 33 -1 
42 33 33 33 33 4 6 6 4 6 6 6 4 4 -1 6 6 7 6 33 
42 33 -1 33 4 -1 6 6 6 6 6 6 4 6 7 4 -1 7 6 6 
-1 -1 42 -1 -1 -1 4 4 4 6 4 7 7 -1 -1 4 7 6 6 6 
6 6 42 -1 6 4 -1 -1 -1 6 4 4 6 6 -1 -1 -1 -1 -1 6 
6 6 42 -1 6 6 -1 -1 6 4 -1 -1 4 6 6 -1 2 -1 6 6 
33 6 6 42 -1 4 -1 4 -1 4 -1 -1 6 6 -1 -1 -1 2 -1 6 
-1 6 -1 -1 -1 33 -1 -1 6 6 6 4 33 6 -1 -1 6 33 33 33 
9 -1 -1 33 33 -1 33 6 6 6 -1 6 6 33 6 -1 6 -1 9 33 
9 -1 33 33 9 33 33 33 6 -1 -1 6 7 6 6 6 6 6 -1 9 
2 33 33 33 6 7 -1 -1 6 6 6 6 7 6 4 6 6 2 -1 -1 
33 33 33 33 7 9 -1 9 -1 6 9 6 6 7 4 6 6 -1 -1 33 
4 -1 -1 33 33 9 9 -1 9 9 -1 6 9 2 6 -1 6 -1 -1 -1 
2 -1 40 -1 32 9 9 9 9 9 -1 9 6 4 2 4 4 -1 4 4 
2 4 4 9 9 -1 -1 -1 3 3 3 4 3 4 3 4 3 4 4 2 
-1 2 4 9 -1 -1 9 3 3 -1 3 3 -1 -1 4 -1 4 4 2 33 
33 2 -1 4 4 -1 3 3 3 -1 3 3 1 -1 -1 1 4 4 2 33 
33 2 2 -1 4 -1 -1 3 3 3 3 -1 -1 1 1 4 1 2 33 33 
-1 -1 4 4 4 -1 3 3 3 3 3 -1 -1 1 4 4 4 1 2 33 
6 6 6 4 4 -1 3 3 3 3 2 -1 2 4 4 4 4 4 4 6 
6 6 6 4 4 4 3 3 3 3 2 6 2 3 3 4 4 -1 4 4 
6 6 6 3 3 4 3 4 3 2 2 2 6 3 3 -1 -1 1 4 -1 
-1 -1 -1 3 -1 3 3 3 3 3 9 2 2 2 2 3 3 2 3 4 
1 6 -1 6 6 6 3 -1 3 -1 9 2 2 2 3 -1 2 2 3 3 
3 1 6 6 1 6 9 3 9 9 9 2 2 2 2 -1 -1 3 3 3 
1 1 6 -1 6 6 2 9 4 -1 4 -1 4 -1 -1 3 3 2 3 1 
-1 -1 1 -1 -1 -1 -1 -1 4 4 4 4 4 2 -1 3 2 2 3 -1 
1 1 4 -1 4 -1 4 4 4 4 4 2 4 2 -1 1 -1 2 3 3 
3 -1 -1 4 -1 -1 -1 4 -1 4 2 2 2 2 -1 1 4 3 3 3 
3 3 -1 -1 4 4 -1 -1 4 -1 2 2 2 2 2 -1 3 4 4 3 
3 3 -1 4 4 4 -1 4 4 4 2 -1 -1 2 2 2 4 4 -1 3 
6 4 6 4 -1 2 4 9 2 4 3 1 4 4 4 4 3 -1 3 -1 
6 6 4 -1 -1 9 9 -1 -1 2 3 1 1 4 4 4 -1 3 -1 -1 
2 2 -1 -1 9 9 -1 -1 -1 3 3 33 4 4 3 3 -1 3 4 -1 
33 -1 -1 -1 -1 4 -1 -1 -1 -1 4 4 4 -1 4 33 33 4 -1 -1 
-1 33 33 33 33 4 -1 33 -1 -1 -1 -1 -1 4 -1 -1 3 33 33 -1 
-1 -1 33 6 33 33 33 33 -1 33 -1 4 4 -1 33 -1 33 -1 33 33 
-1 4 6 -1 -1 33 -1 33 33 33 4 -1 -1 4 -1 33 33 33 33 33 
4 6 4 -1 2 33 -1 33 33 33 4 -1 -1 -1 4 -1 -1 -1 33 -1 
4 4 4 2 -1 33 -1 -1 33 4 33 33 -1 -1 4 4 -1 -1 -1 4 
4 4 -1 2 2 33 -1 -1 1 -1 3 1 33 -1 -1 -1 4 -1 -1 -1 
4 -1 -1 2 4 4 4 -1 1 -1 -1 1 -1 -1 -1 -1 -1 -1 -1 4 
4 -1 -1 2 4 4 -1 -1 -1 -1 -1 -1 -1 -1 -1 4 -1 4 -1 4 
4 -1 2 4 4 -1 4 4 -1 -1 -1 -1 4 4 -1 4 4 4 4 4 
4 2 -1 2 -1 4 -1 4 -1 -1 -1 2 2 -1 -1 4 4 -1 -1 -1 
4 -1 2 -1 2 -1 4 4 9 -1 41 -1 4 4 -1 -1 -1 -1 -1 4 
4 4 4 2 9 9 -1 -1 9 41 41 -1 33 33 -1 -1 -1 -1 -1 4 
4 4 -1 2 9 9 -1 4 -1 41 41 4 33 33 33 4 -1 -1 -1 -1 
4 -1 4 4 2 -1 -1 -1 4 -1 4 -1 4 4 4 -1 -1 -1 -1 -1 
-1 -1 -1 4 -1 1 -1 -1 4 4 -1 -1 4 4 4 4 -1 -1 -1 -1 
4 4 -1 2 2 -1 -1 4 4 -1 4 -1 -1 -1 4 -1 -1 -1 -1 -1 
2 4 -1 2 -1 4 4 4 4 4 4 -1 -1 9 4 -1 -1 4 4 2 
4 2 2 2 4 6 4 4 4 -1 -1 -1 -1 -1 -1 4 4 4 4 4 
33 33 -1 2 -1 6 4 -1 -1 4 4 -1 4 4 4 -1 4 33 4 -1 
4 -1 -1 -1 2 2 2 2 4 -1 -1 -1 2 2 2 2 2 -1 2 2 
-1 33 -1 2 -1 -1 2 2 -1 4 2 -1 2 -1 2 2 2 2 -1 4 
-1 2 2 -1 -1 -1 2 2 2 2 2 3 -1 -1 -1 2 4 2 -1 -1 
2 -1 33 6 4 4 4 -1 -1 -1 3 -1 -1 2 2 2 -1 4 4 -1 
2 33 33 33 33 -1 4 4 1 -1 1 -1 -1 2 2 2 2 4 4 2 
-1 33 2 4 -1 33 6 -1 1 1 -1 -1 -1 2 2 2 4 -1 4 -1 
33 33 2 2 -1 6 33 6 -1 1 -1 -1 2 6 2 4 -1 2 -1 2 
-1 2 33 2 -1 6 6 -1 -1 2 2 2 2 6 6 6 2 2 4 2 
2 2 2 6 -1 6 6 6 -1 2 2 2 6 6 6 4 2 2 -1 -1 
2 2 2 -1 6 -1 -1 -1 -1 -1 2 2 2 2 2 2 4 4 2 2 
2 2 2 2 3 9 2 2 2 -1 -1 2 -1 2 2 -1 33 33 -1 -1 
2 33 2 33 9 -1 -1 2 2 -1 -1 -1 -1 2 -1 2 -1 33 33 -1 
-1 33 33 33 -1 -1 2 -1 -1 2 -1 -1 2 2 2 -1 33 33 -1 2 
-1 2 -1 33 2 2 2 -1 -1 4 4 2 -1 3 2 4 33 4 1 -1 
-1 2 -1 2 2 2 2 -1 4 4 4 4 3 -1 -1 4 2 4 4 1 
3 3 2 2 2 2 33 2 4 -1 4 4 4 3 -1 3 2 2 4 -1 
3 3 4 -1 3 33 -1 9 9 -1 -1 6 2 3 3 -1 2 3 2 -1 
4 4 4 -1 -1 -1 33 33 4 -1 6 -1 -1 2 3 2 3 3 33 -1 
4 4 4 -1 -1 -1 2 33 -1 -1 -1 2 2 4 2 -1 3 3 -1 33 
-1 4 -1 -1 -1 -1 2 4 2 -1 2 2 6 2 -1 2 2 2 33 4 
4 6 4 -1 6 6 4 4 -1 -1 -1 -1 2 -1 10 10 -1 -1 -1 -1 
2 2 4 -1 45 -1 4 4 4 2 -1 -1 -1 2 10 2 -1 -1 -1 4 
2 2 -1 4 45 4 -1 4 2 2 -1 -1 2 2 -1 4 2 -1 -1 -1 
-1 2 2 45 44 44 4 -1 -1 2 -1 2 2 -1 4 -1 2 2 2 2 
4 4 4 2 45 44 4 -1 2 2 2 2 2 -1 -1 -1 -1 2 -1 2 
2 4 -1 -1 -1 4 4 -1 -1 2 -1 -1 2 5 -1 41 2 2 -1 -1 
6 4 4 4 -1 -1 4 -1 2 -1 -1 5 5 5 5 2 41 2 -1 6 
-1 -1 -1 4 4 -1 -1 -1 44 2 -1 44 44 4 2 -1 41 4 -1 -1 
6 -1 -1 -1 4 5 8 -1 44 5 45 -1 5 -1 4 2 4 -1 4 -1 
6 4 4 4 4 -1 5 8 5 45 5 45 4 -1 41 4 4 -1 4 3 
3 -1 4 -1 4 -1 2 45 45 5 45 2 -1 -1 -1 41 -1 4 4 6 
3 3 -1 -1 -1 2 -1 2 -1 2 -1 2 2 40 40 2 -1 -1 -1 -1 
-1 -1 -1 -1 -1 -1 2 2 2 2 -1 2 2 2 2 2 -1 -1 -1 6 
6 -1 6 -1 -1 10 2 2 2 6 -1 40 2 2 40 2 -1 6 -1 2 
2 6 6 6 10 -1 2 -1 40 6 40 -1 40 9 40 40 -1 2 2 2 
6 -1 6 10 -1 -1 -1 2 2 40 -1 9 9 9 10 2 2 10 10 2 
4 2 6 2 2 -1 6 2 -1 2 -1 9 9 2 2 10 -1 10 10 -1 
2 -1 4 2 2 2 -1 6 -1 -1 -1 -1 2 10 2 10 10 10 10 -1 
-1 -1 6 4 4 4 6 -1 4 -1 -1 2 -1 2 4 4 10 -1 10 10 
-1 6 6 6 4 2 4 4 2 2 2 -1 -1 -1 -1 10 10 4 10 -1 
-1 4 -1 -1 -1 44 44 4 44 45 4 4 4 4 4 4 -1 -1 -1 4 
4 4 -1 -1 -1 44 4 4 44 44 4 4 4 -1 4 4 -1 2 2 -1 
4 4 -1 -1 -1 44 4 44 44 45 4 -1 4 4 2 2 2 2 2 4 
-1 -1 2 -1 45 -1 44 44 44 44 -1 4 4 -1 4 2 2 4 -1 4 
-1 -1 -1 2 39 -1 -1 45 4 4 -1 5 5 10 4 2 2 4 2 -1 
-1 -1 -1 -1 39 39 -1 4 4 -1 4 4 5 10 -1 -1 4 2 2 -1 
4 -1 2 2 2 -1 -1 2 4 4 4 6 6 -1 -1 -1 -1 -1 2 -1 
2 2 -1 2 2 2 2 4 4 4 4 6 6 1 1 6 1 -1 -1 2 
33 3 -1 -1 2 2 -1 6 -1 6 -1 6 6 4 4 6 -1 -1 2 3 
3 2 3 -1 -1 -1 -1 6 -1 6 -1 -1 -1 4 -1 -1 6 6 -1 2 
4 44 -1 -1 -1 2 6 6 -1 -1 6 6 6 -1 -1 -1 -1 -1 4 3 
-1 4 -1 -1 4 -1 6 6 6 36 4 4 6 -1 6 -1 -1 -1 4 44 
44 44 -1 4 4 -1 2 6 6 6 4 4 6 -1 -1 -1 44 4 44 -1 
44 4 -1 -1 4 3 2 -1 6 4 -1 6 -1 6 -1 44 44 44 -1 -1 
44 4 4 4 4 4 -1 4 -1 4 44 6 6 -1 -1 44 44 -1 44 44 
44 4 36 -1 -1 4 4 4 4 4 44 44 -1 3 3 -1 -1 44 -1 44 
37 -1 37 36 4 36 4 4 45 4 4 3 3 44 3 44 -1 44 36 36 
37 36 36 37 36 -1 4 4 -1 -1 3 -1 3 44 44 44 -1 -1 44 -1 
3 4 -1 36 -1 -1 4 4 -1 2 4 -1 -1 -1 44 44 -1 -1 3 3 
1 35 4 -1 44 44 4 4 4 44 4 4 4 4 4 4 -1 -1 -1 -1 
3 3 3 4 4 35 4 4 35 -1 4 4 -1 -1 4 4 4 4 -1 2 
3 -1 -1 3 35 35 35 35 -1 6 4 4 -1 -1 4 4 4 -1 3 3 
3 34 35 35 35 42 35 4 6 6 6 -1 -1 -1 4 3 4 4 3 3 
3 -1 35 35 42 -1 -1 4 4 4 6 4 -1 -1 3 4 4 4 3 3 
3 3 -1 6 6 -1 -1 4 4 4 4 4 4 4 4 4 3 3 3 3 
3 3 -1 1 4 6 -1 -1 4 4 4 4 4 -1 3 3 3 1 3 3 
3 1 1 1 -1 4 -1 4 4 -1 -1 4 -1 -1 -1 -1 3 1 1 -1 
3 -1 1 -1 3 1 -1 4 4 -1 1 1 -1 -1 -1 3 3 3 1 3 
-1 1 3 -1 3 3 -1 -1 -1 -1 1 -1 4 -1 -1 38 3 1 3 3 
3 1 1 3 -1 -1 -1 1 -1 -1 1 4 -1 4 38 38 -1 3 3 4 
4 3 1 1 4 4 -1 -1 1 1 -1 -1 4 38 -1 38 3 3 4 3 
3 1 -1 4 4 4 -1 4 -1 1 1 38 38 -1 -1 -1 -1 3 4 2 
3 2 4 4 4 4 4 4 -1 -1 1 38 38 38 4 -1 3 -1 2 4 
-1 4 4 4 4 4 4 4 4 4 38 -1 38 38 -1 4 -1 2 -1 -1 
2 2 -1 4 34 4 4 4 4 4 -1 38 38 38 4 2 -1 2 2 2 
2 4 2 4 34 4 4 4 4 4 -1 38 -1 -1 -1 2 2 2 2 2 
44 44 35 2 35 -1 4 4 4 4 -1 -1 -1 -1 2 -1 2 2 2 4 
4 44 2 34 34 -1 4 4 4 4 6 4 -1 -1 2 4 4 2 2 4 
4 4 3 -1 4 4 4 4 -1 4 4 4 4 4 -1 4 -1 2 4 4 
3 3 2 -1 4 4 34 4 35 -1 4 4 4 4 4 4 4 4 2 2 
4 4 4 4 4 6 6 6 6 -1 2 41 6 -1 -1 4 -1 4 4 4 
-1 4 6 -1 -1 4 -1 -1 6 -1 2 2 6 6 -1 6 4 4 4 4 
6 -1 6 6 4 4 4 -1 -1 -1 4 41 6 -1 -1 4 4 4 6 6 
-1 4 4 4 -1 4 -1 4 4 4 -1 41 -1 -1 -1 -1 4 -1 4 6 
6 4 4 -1 -1 4 4 4 4 -1 4 4 -1 -1 4 -1 4 4 -1 6 
4 6 4 -1 -1 -1 4 4 4 4 4 6 -1 4 -1 -1 4 -1 -1 4 
38 4 -1 4 4 38 38 -1 4 4 -1 6 6 -1 -1 -1 -1 -1 38 38 
-1 38 4 4 38 4 4 4 -1 4 -1 4 6 -1 -1 -1 -1 -1 -1 -1 
4 38 -1 38 38 -1 4 6 4 6 4 -1 6 -1 -1 -1 -1 -1 -1 -1 
38 -1 6 -1 38 38 4 -1 6 4 4 -1 4 4 4 4 -1 -1 -1 -1 
38 -1 -1 6 38 4 -1 4 6 4 4 -1 -1 4 4 4 4 5 32 -1 
4 4 4 6 6 6 4 4 2 4 -1 1 -1 -1 4 4 4 32 5 -1 
32 32 4 6 -1 4 -1 4 -1 5 -1 1 4 4 4 4 5 -1 32 4 
4 -1 4 5 5 5 4 5 5 -1 -1 4 1 4 4 4 -1 -1 4 4 
1 4 -1 -1 5 -1 4 -1 -1 -1 4 4 4 4 4 -1 -1 4 4 4 
-1 -1 4 4 4 5 5 5 -1 4 4 32 4 4 4 6 4 -1 -1 -1 
4 -1 4 -1 5 -1 -1 5 5 -1 -1 6 32 6 6 4 4 4 4 -1 
4 4 4 4 3 3 -1 -1 3 3 6 -1 4 6 6 4 4 -1 4 4 
4 4 4 4 3 3 -1 6 6 2 2 -1 -1 4 6 4 4 4 4 -1 
4 4 4 4 4 4 6 6 2 2 41 -1 4 4 4 -1 4 6 4 4 
-1 4 4 4 4 6 4 36 36 -1 4 4 6 5 -1 -1 6 10 6 4 
4 4 -1 4 4 4 36 36 36 4 6 4 4 -1 40 -1 6 6 6 4 
-1 -1 -1 4 -1 4 4 2 2 4 4 4 4 5 40 -1 4 4 6 -1 
4 -1 -1 6 2 4 4 -1 2 4 -1 6 6 5 40 -1 6 4 4 6 
40 40 6 6 2 -1 4 -1 6 4 4 4 5 40 -1 -1 -1 40 -1 4 
4 4 -1 4 4 4 -1 6 4 5 5 5 5 5 -1 -1 40 -1 32 40 
4 4 4 4 4 4 4 4 -1 5 5 5 5 5 5 3 32 40 32 40 
-1 4 4 4 4 4 4 4 -1 5 5 -1 5 5 3 5 40 1 4 -1 
-1 4 4 4 -1 4 4 4 4 5 5 -1 -1 -1 -1 3 3 1 1 4 
6 4 4 4 4 4 4 4 -1 6 6 -1 4 5 5 -1 1 1 1 1 
6 6 4 4 4 4 4 4 4 6 6 6 4 4 -1 -1 1 1 1 4 
6 4 4 -1 -1 4 4 4 4 -1 -1 6 3 3 -1 1 -1 1 1 -1 
-1 4 -1 4 -1 -1 4 4 4 4 -1 3 -1 6 3 6 6 6 1 6 
4 4 4 4 4 -1 1 4 -1 4 4 -1 -1 6 -1 -1 4 6 -1 -1 
4 4 -1 4 -1 -1 1 1 4 4 4 4 1 -1 6 -1 -1 4 4 4 
4 4 4 4 -1 1 1 4 4 4 -1 1 33 33 -1 -1 -1 -1 -1 4 
4 4 4 4 4 1 1 -1 4 4 -1 1 33 4 -1 5 5 -1 -1 4 
-1 4 4 2 -1 4 4 -1 4 -1 4 33 4 -1 -1 5 5 -1 -1 4 
4 4 2 -1 -1 6 -1 4 4 4 4 33 33 33 -1 -1 -1 -1 4 -1 
4 4 4 -1 4 -1 6 36 -1 4 4 4 33 -1 5 -1 -1 4 4 -1 
5 4 -1 4 4 4 4 4 6 -1 4 4 4 4 4 41 41 11 10 10 
4 5 5 6 -1 4 4 4 6 -1 4 4 4 4 4 4 41 41 -1 11 
33 5 -1 6 4 4 4 4 -1 -1 4 -1 4 4 4 4 33 -1 11 10 
10 10 -1 6 -1 4 4 4 -1 4 4 4 -1 41 4 41 4 33 4 4 
11 10 33 -1 2 2 2 6 4 6 -1 4 -1 41 41 4 -1 4 5 4 
4 -1 10 33 5 2 2 -1 -1 6 4 4 4 4 -1 -1 4 -1 5 4 
-1 5 5 5 6 3 -1 3 3 -1 6 4 -1 -1 4 4 4 -1 5 4 
-1 -1 5 5 6 -1 3 3 3 3 4 4 -1 -1 4 4 4 -1 4 4 
-1 5 5 5 -1 3 3 3 -1 -1 4 4 -1 4 4 4 4 -1 5 -1 
4 4 -1 -1 4 4 4 4 4 -1 -1 -1 4 4 -1 4 4 4 -1 4 
4 -1 4 4 4 4 4 4 4 4 4 4 4 4 -1 -1 4 4 4 4 
4 -1 -1 4 4 4 4 4 4 4 -1 4 4 4 4 4 4 4 4 4 
4 -1 -1 4 4 4 -1 4 4 4 4 4 -1 -1 4 4 4 4 4 4 
4 4 4 4 4 33 33 4 4 -1 -1 4 5 4 -1 4 -1 4 4 -1 
-1 4 4 4 -1 33 4 4 4 4 -1 5 5 4 4 4 4 -1 -1 -1 
-1 4 4 4 4 4 4 4 4 4 4 -1 5 4 4 4 -1 -1 -1 -1 
4 -1 4 4 4 4 4 -1 -1 -1 4 -1 4 4 -1 4 -1 4 -1 4 
-1 -1 4 4 -1 4 4 4 -1 -1 4 4 -1 4 -1 4 -1 4 -1 4 
33 4 4 4 4 4 -1 4 4 4 4 -1 2 4 4 -1 4 4 -1 10 
5 -1 4 4 -1 4 4 4 -1 4 4 4 4 4 4 4 4 -1 11 10 
6 6 4 6 -1 -1 34 -1 11 34 11 11 11 11 11 4 6 6 2 6 
6 -1 6 -1 38 38 38 38 -1 36 -1 -1 33 11 11 4 6 -1 -1 2 
6 6 6 6 38 38 4 38 4 -1 -1 2 -1 33 4 -1 4 6 4 6 
6 6 6 6 6 38 38 4 4 -1 -1 2 -1 33 33 33 6 6 6 4 
6 38 6 6 4 -1 4 4 2 2 -1 6 6 6 33 6 -1 6 6 6 
38 38 -1 4 4 4 4 -1 2 2 -1 6 2 -1 -1 6 -1 6 6 38 
6 6 38 -1 -1 4 4 4 -1 -1 -1 2 2 -1 -1 6 -1 -1 6 -1 
-1 -1 -1 -1 8 4 4 4 4 4 -1 -1 2 2 -1 -1 -1 -1 -1 -1 
1 -1 -1 -1 8 -1 4 -1 -1 4 4 4 -1 -1 -1 -1 -1 -1 4 -1 
-1 1 4 1 4 -1 -1 -1 -1 -1 4 4 6 6 -1 -1 4 4 5 5 
-1 1 1 4 4 4 -1 4 4 4 8 8 4 6 -1 -1 -1 4 6 -1 
32 32 32 8 4 -1 4 4 4 4 8 4 -1 6 -1 6 6 6 6 8 
4 -1 32 32 -1 8 8 4 4 4 -1 4 -1 6 6 -1 6 6 6 6 
8 -1 -1 -1 8 8 8 -1 4 4 -1 6 4 4 -1 4 6 6 6 6 
-1 4 6 6 6 6 4 -1 4 4 4 4 4 -1 -1 4 4 6 -1 -1 
4 4 8 6 6 6 -1 4 4 4 4 4 4 11 4 -1 6 2 4 4 
8 4 8 10 6 6 5 4 8 4 4 4 11 11 4 4 -1 2 2 2 
2 2 6 10 -1 5 34 34 4 8 11 4 11 11 -1 -1 4 -1 -1 2 
2 6 -1 -1 36 36 34 -1 4 8 11 11 4 11 11 -1 -1 -1 2 2 
6 6 6 -1 -1 36 -1 34 34 11 11 11 11 11 11 4 4 -1 2 3 
6 6 6 6 3 6 5 6 3 -1 3 -1 5 -1 -1 10 10 -1 34 6 
6 6 6 4 6 3 3 3 3 3 3 -1 3 5 3 42 10 42 42 34 
34 6 6 6 6 3 3 9 6 -1 3 3 3 3 2 -1 42 -1 4 5 
-1 6 6 6 -1 3 9 41 -1 -1 3 3 3 2 2 2 -1 5 4 -1 
6 4 6 6 6 -1 6 6 9 9 -1 3 3 6 42 2 2 4 6 -1 
-1 -1 6 6 6 6 6 6 6 9 3 3 42 42 6 4 -1 4 2 3 
-1 -1 6 6 -1 6 -1 -1 6 3 3 -1 6 6 -1 6 6 3 4 4 
-1 -1 -1 6 -1 -1 -1 6 6 -1 9 2 6 6 -1 6 4 4 -1 34 
-1 2 3 6 -1 -1 6 2 -1 9 10 2 2 6 6 6 4 4 4 34 
34 3 3 3 -1 6 2 2 2 -1 -1 2 10 2 6 6 10 -1 3 4 
4 2 9 -1 -1 1 6 6 2 2 -1 10 10 10 2 10 3 3 34 4 
4 4 6 6 -1 9 6 6 6 6 -1 10 10 8 8 2 10 3 6 42 
-1 6 6 6 9 9 -1 6 6 6 10 10 10 10 10 10 3 4 6 -1 
6 6 3 3 6 6 6 6 -1 6 10 10 10 10 41 -1 3 -1 4 6 
6 -1 6 3 3 6 6 -1 41 -1 10 -1 10 10 10 3 -1 -1 3 -1 
6 6 -1 -1 3 3 6 6 -1 6 41 41 10 2 -1 -1 -1 -1 -1 -1 
6 6 6 4 4 4 -1 -1 6 4 9 10 10 -1 2 2 34 34 34 6 
-1 6 6 6 4 4 -1 6 4 6 6 -1 6 -1 6 6 34 34 6 -1 
6 -1 4 4 2 4 -1 -1 -1 4 4 3 6 6 -1 34 42 6 5 6 
6 6 34 34 4 2 6 6 3 -1 -1 5 3 6 -1 10 -1 42 5 5 
5 5 5 5 5 -1 5 -1 4 -1 5 4 2 -1 2 6 6 6 6 6 
5 5 5 5 5 4 4 4 -1 5 5 3 4 -1 -1 6 -1 -1 6 5 
5 5 5 5 4 -1 4 -1 5 5 5 5 -1 -1 -1 6 41 33 -1 -1 
5 -1 5 -1 -1 5 -1 5 -1 5 5 5 2 2 -1 6 -1 -1 -1 -1 
-1 5 5 5 4 -1 -1 5 3 5 5 2 2 2 -1 41 4 4 -1 -1 
-1 5 5 5 5 5 -1 5 5 3 4 -1 2 2 41 2 2 2 -1 -1 
-1 4 5 5 5 5 5 5 5 5 3 2 -1 2 2 -1 -1 -1 5 5 
5 5 -1 -1 4 5 5 5 5 3 3 3 2 5 2 -1 -1 5 -1 -1 
4 6 5 5 5 4 3 5 5 -1 3 3 -1 2 5 -1 -1 4 4 4 
4 5 5 5 5 3 3 5 4 3 3 3 3 5 5 -1 -1 5 4 4 
-1 5 -1 5 3 3 3 4 4 4 4 3 3 5 -1 4 -1 -1 5 5 
4 4 5 4 -1 4 4 4 3 3 41 -1 3 41 -1 4 4 5 5 5 
5 4 4 4 5 4 2 2 4 -1 41 41 -1 5 4 -1 4 5 5 5 
5 -1 5 5 5 -1 2 -1 -1 41 9 41 5 5 -1 4 4 5 5 5 
-1 5 5 4 -1 4 -1 1 41 3 5 5 5 5 5 -1 5 5 -1 5 
-1 -1 -1 5 5 4 41 41 5 5 3 -1 -1 9 -1 5 5 -1 6 -1 
-1 -1 -1 -1 4 5 5 41 41 5 -1 -1 -1 9 -1 -1 33 -1 -1 6 
1 6 6 5 5 4 -1 41 41 -1 -1 -1 9 -1 9 -1 -1 4 6 6 
1 6 5 5 5 5 4 -1 -1 -1 -1 6 6 -1 -1 -1 -1 4 6 6 
6 7 -1 5 -1 5 -1 4 -1 5 5 -1 6 6 -1 -1 4 6 -1 6 
-1 -1 -1 2 -1 2 -1 1 9 3 5 3 3 -1 2 45 3 -1 -1 4 
4 4 4 -1 2 -1 3 9 9 -1 3 3 3 2 -1 3 -1 -1 -1 -1 
-1 -1 -1 -1 -1 40 3 9 -1 2 -1 -1 -1 2 -1 3 3 -1 2 -1 
-1 -1 -1 -1 -1 -1 9 10 2 2 -1 -1 2 3 3 3 -1 -1 2 9 
-1 -1 33 33 33 2 10 10 2 10 2 -1 2 2 -1 -1 2 2 9 5 
5 2 33 33 33 33 2 2 10 5 5 2 5 2 2 -1 -1 5 5 5 
-1 5 -1 -1 -1 33 -1 2 2 10 -1 5 3 5 -1 2 1 -1 5 5 
5 5 -1 4 -1 33 -1 -1 2 2 -1 -1 -1 1 1 -1 1 1 5 5 
5 -1 -1 3 2 2 2 2 2 2 2 -1 -1 4 -1 4 -1 -1 5 5 
5 3 3 -1 2 2 4 -1 2 2 2 -1 -1 4 4 4 4 1 5 -1 
3 -1 3 -1 2 2 -1 -1 2 -1 2 2 -1 4 -1 3 1 3 5 5 
3 3 3 -1 2 2 2 2 2 2 -1 3 -1 -1 4 3 2 3 3 3 
-1 3 3 3 2 2 -1 -1 -1 2 3 3 -1 -1 -1 3 -1 2 -1 2 
2 2 3 2 2 2 -1 8 -1 -1 3 -1 3 1 2 2 2 -1 2 3 
-1 2 2 2 2 2 2 -1 8 3 -1 -1 -1 1 2 2 2 2 -1 3 
3 2 4 -1 2 2 4 -1 2 -1 2 2 2 -1 1 -1 -1 -1 4 2 
2 -1 2 4 2 2 4 -1 2 -1 2 2 2 2 -1 1 3 -1 -1 4 
-1 4 4 4 -1 4 2 2 -1 -1 2 1 1 -1 3 3 3 40 -1 -1 
2 4 4 4 4 2 4 2 2 2 1 1 1 3 2 -1 40 3 -1 -1 
-1 -1 4 4 4 4 -1 -1 1 2 2 1 -1 3 3 -1 3 -1 3 2 
-1 1 6 3 -1 -1 3 3 -1 5 8 8 8 -1 8 33 33 1 1 -1 
-1 6 -1 3 3 -1 3 3 3 -1 4 8 2 2 -1 -1 3 6 3 6 
-1 -1 6 -1 3 3 3 3 3 4 -1 6 -1 -1 2 2 3 6 3 6 
-1 -1 3 3 3 -1 3 3 3 2 2 4 6 -1 -1 3 3 3 6 6 
-1 6 -1 3 -1 -1 3 3 -1 4 2 -1 -1 4 -1 3 3 3 6 -1 
3 3 3 3 6 3 3 3 3 3 3 3 3 3 3 -1 3 3 6 -1 
-1 -1 3 3 3 3 3 3 3 3 3 3 3 -1 3 3 3 3 3 3 
3 3 3 3 3 3 3 3 3 3 -1 3 3 3 3 3 3 3 3 -1 
3 3 -1 3 3 3 -1 3 3 -1 3 3 -1 3 2 2 3 3 3 3 
3 3 3 3 1 3 3 -1 3 1 1 -1 3 3 3 2 -1 3 3 3 
3 3 3 3 3 3 3 -1 3 -1 3 3 3 3 3 2 3 3 3 2 
-1 3 3 3 3 3 3 3 -1 -1 3 3 3 3 3 8 2 3 3 2 
-1 -1 3 3 -1 -1 3 3 3 3 -1 3 3 2 3 8 3 3 2 2 
1 -1 3 3 -1 -1 3 3 3 -1 -1 -1 -1 3 -1 8 3 -1 40 2 
1 3 3 3 3 -1 2 -1 -1 -1 1 -1 3 -1 2 8 2 3 2 1 
3 3 3 3 3 -1 3 2 -1 1 -1 4 4 -1 2 -1 -1 -1 2 -1 
3 3 2 2 3 3 3 -1 -1 1 4 -1 4 4 2 2 -1 1 -1 -1 
-1 3 -1 3 3 3 4 3 -1 -1 1 4 -1 -1 -1 2 2 -1 1 -1 
1 1 1 3 3 3 5 5 5 -1 -1 -1 4 4 2 2 -1 1 -1 1 
1 1 -1 -1 -1 3 3 5 5 -1 -1 8 8 4 33 8 -1 -1 1 1 
2 2 2 2 2 6 -1 -1 -1 -1 8 8 4 -1 -1 6 6 -1 2 2 
3 3 2 2 6 33 -1 -1 -1 -1 -1 4 3 4 -1 -1 3 -1 -1 -1 
3 -1 -1 6 -1 -1 -1 -1 -1 -1 -1 3 4 4 4 -1 3 3 3 3 
3 -1 3 6 6 -1 3 3 3 -1 -1 3 2 4 4 3 -1 3 3 3 
-1 3 6 6 3 6 3 3 3 3 2 2 4 3 -1 -1 41 6 6 3 
3 6 2 2 3 3 3 3 3 3 3 -1 -1 4 3 41 41 3 6 6 
3 3 -1 2 2 3 3 3 -1 3 3 -1 3 3 3 3 3 6 6 3 
3 3 2 2 -1 3 6 6 3 3 3 3 3 -1 -1 1 -1 -1 3 6 
3 -1 3 3 3 3 3 -1 -1 3 3 3 -1 1 1 1 5 -1 2 -1 
2 4 2 -1 3 3 -1 3 -1 2 3 3 1 1 -1 5 1 3 5 2 
3 2 3 2 3 3 3 -1 -1 2 3 3 3 -1 1 1 6 1 3 2 
3 5 3 2 2 -1 -1 3 3 3 3 3 6 6 -1 1 6 6 -1 5 
-1 5 5 3 2 -1 3 3 3 3 -1 -1 -1 -1 6 6 2 -1 4 5 
5 3 3 5 3 2 2 -1 3 3 -1 -1 6 6 8 8 2 2 2 4 
-1 6 6 3 2 2 2 3 3 3 -1 8 8 8 3 3 8 3 2 2 
6 6 4 4 5 2 2 3 3 3 8 8 8 8 8 6 -1 -1 3 3 
3 6 6 6 6 6 3 -1 -1 3 8 8 -1 -1 8 6 4 3 3 6 
-1 6 6 6 6 -1 -1 -1 -1 8 8 8 8 -1 8 6 3 3 6 3 
2 6 2 -1 2 -1 -1 -1 -1 8 8 4 -1 8 8 -1 -1 3 3 2 
-1 2 -1 2 6 6 -1 3 3 -1 8 4 4 -1 8 8 -1 2 2 3 
9 -1 2 3 3 2 -1 2 3 2 -1 3 -1 3 -1 8 9 -1 -1 -1 
9 2 2 9 -1 2 2 2 2 2 2 -1 -1 -1 -1 9 8 -1 9 9 
9 -1 9 2 -1 2 2 2 2 2 2 2 -1 -1 -1 2 -1 2 9 9 
-1 -1 -1 2 2 2 -1 2 2 -1 2 -1 -1 -1 2 -1 2 9 2 -1 
4 -1 1 2 2 -1 2 2 -1 3 3 3 3 -1 2 -1 9 4 -1 -1 
3 3 1 1 2 2 2 3 3 3 3 3 3 3 4 2 4 -1 -1 -1 
3 3 3 2 -1 2 4 2 3 -1 3 -1 3 40 40 4 4 -1 -1 -1 
3 -1 3 3 2 2 3 2 -1 10 -1 -1 40 2 40 -1 -1 -1 -1 -1 
3 3 3 3 10 -1 -1 2 10 10 10 8 3 -1 40 6 9 -1 -1 -1 
-1 3 3 3 3 2 -1 2 10 10 8 10 8 3 6 -1 -1 9 -1 3 
3 -1 2 8 2 2 -1 10 2 -1 3 3 3 3 3 -1 -1 -1 -1 -1 
-1 4 2 2 2 2 -1 10 2 3 3 3 2 2 2 2 -1 -1 -1 -1 
3 3 2 3 -1 3 -1 10 2 2 3 2 4 2 2 2 -1 3 3 2 
3 3 -1 2 3 3 2 3 10 3 3 2 4 -1 3 -1 -1 -1 3 2 
3 3 2 3 3 3 -1 2 3 3 3 3 4 -1 -1 3 -1 3 3 3 
3 3 -1 2 3 3 -1 1 3 3 3 3 2 -1 3 3 3 3 3 3 
3 3 3 -1 3 1 1 1 3 3 3 3 -1 2 -1 3 3 3 3 3 
3 3 3 3 3 3 2 1 3 2 -1 3 -1 8 2 2 2 -1 -1 2 
9 3 -1 3 3 9 2 -1 2 3 2 3 3 8 8 2 -1 -1 2 -1 
9 9 3 3 3 2 9 2 3 2 -1 3 3 8 -1 8 8 8 -1 9 
-1 -1 -1 -1 -1 2 3 3 3 -1 -1 2 2 2 2 6 -1 -1 -1 -1 
-1 4 -1 -1 -1 -1 8 3 -1 -1 3 2 2 6 6 6 8 4 36 -1 
8 8 8 4 2 -1 -1 1 1 2 4 2 2 6 6 8 4 8 4 8 
8 8 -1 4 4 4 4 1 4 4 -1 4 2 2 2 -1 -1 8 8 8 
3 3 6 6 4 6 -1 -1 4 -1 4 3 8 -1 3 3 3 -1 3 8 
3 6 3 2 6 -1 -1 5 -1 -1 -1 8 3 3 3 3 3 3 3 -1 
3 3 6 6 -1 -1 -1 5 -1 -1 -1 -1 8 -1 -1 -1 3 3 3 3 
3 6 6 6 -1 -1 5 5 -1 -1 -1 -1 -1 -1 -1 -1 3 3 -1 3 
-1 -1 6 6 6 6 6 6 6 -1 11 -1 -1 -1 -1 -1 -1 3 3 3 
3 -1 -1 6 6 6 6 6 6 -1 11 11 11 2 -1 -1 -1 -1 3 3 
3 3 -1 -1 4 6 2 4 4 6 -1 -1 -1 11 2 -1 -1 -1 3 3 
3 3 3 -1 -1 4 4 -1 -1 6 -1 11 6 11 3 2 2 2 3 3 
3 3 3 -1 4 -1 -1 3 6 -1 6 -1 11 3 -1 11 3 4 4 -1 
3 3 3 8 4 -1 -1 -1 4 4 -1 11 4 -1 -1 11 3 -1 3 3 
-1 -1 -1 8 -1 4 4 4 8 8 8 6 4 32 -1 4 -1 4 -1 -1 
-1 -1 8 -1 4 4 4 3 4 4 4 -1 6 32 -1 -1 4 2 -1 2 
-1 -1 -1 8 4 3 3 -1 4 8 8 -1 -1 -1 9 -1 9 2 2 2 
2 -1 -1 6 -1 -1 3 3 4 -1 -1 8 4 9 9 8 8 8 8 2 
2 -1 -1 6 6 2 3 3 34 -1 -1 34 4 9 -1 -1 8 8 2 2 
-1 -1 -1 6 6 2 2 3 34 34 34 34 34 2 -1 -1 6 -1 -1 -1 
4 4 4 -1 -1 6 -1 -1 6 -1 6 4 -1 1 1 8 -1 8 8 -1 
4 4 1 1 1 -1 -1 -1 4 4 -1 -1 4 1 4 8 8 1 -1 8 
-1 4 -1 -1 1 -1 1 -1 -1 6 6 4 -1 4 1 4 4 4 4 -1 
4 4 4 -1 1 -1 1 1 36 -1 36 36 4 4 -1 4 4 -1 4 -1 
4 4 4 1 -1 1 -1 32 -1 36 36 4 4 4 4 -1 4 32 32 32 
32 4 4 4 -1 -1 -1 1 32 36 36 -1 4 4 4 4 4 32 32 32 
32 -1 4 -1 -1 32 1 32 32 -1 36 4 4 4 4 4 -1 -1 -1 3 
4 4 -1 -1 5 -1 32 32 32 4 4 -1 4 4 4 -1 4 -1 -1 -1 
-1 -1 4 5 5 5 -1 32 32 -1 -1 4 4 4 32 4 4 -1 3 -1 
-1 4 5 -1 -1 5 5 32 32 -1 -1 4 32 32 4 4 4 3 4 -1 
-1 2 5 -1 -1 -1 5 32 -1 2 2 32 -1 1 2 -1 4 4 -1 2 
2 2 2 2 -1 -1 5 2 2 2 -1 1 1 2 1 9 9 9 4 4 
-1 -1 2 2 -1 2 6 -1 2 2 -1 -1 1 -1 32 1 1 4 4 4 
4 4 2 2 2 2 -1 6 2 -1 -1 1 4 9 1 1 -1 -1 4 4 
4 4 -1 -1 2 2 -1 -1 -1 -1 1 1 1 -1 9 9 1 2 4 -1 
-1 -1 -1 -1 -1 2 -1 -1 -1 -1 1 1 1 -1 -1 -1 2 2 -1 1 
1 2 4 6 -1 6 -1 1 2 1 1 1 1 -1 -1 -1 -1 -1 -1 1 
2 4 -1 4 6 6 1 -1 2 2 2 8 8 1 1 -1 -1 -1 1 -1 
4 1 4 6 6 1 1 -1 2 -1 -1 8 -1 1 8 8 1 1 1 -1 
-1 1 -1 4 6 1 -1 -1 -1 -1 6 6 8 8 1 -1 8 1 -1 4 
3 -1 4 4 -1 4 4 4 4 4 4 4 -1 4 4 1 -1 -1 4 4 
3 3 4 4 4 4 4 -1 4 4 1 1 4 -1 1 1 -1 -1 3 3 
4 6 6 4 4 4 4 -1 -1 -1 -1 4 4 3 -1 2 2 1 2 3 
-1 4 6 6 4 4 4 4 -1 -1 -1 3 4 3 3 4 2 2 2 2 
2 3 -1 -1 -1 4 4 2 4 -1 -1 4 3 4 4 -1 4 -1 -1 2 
3 -1 3 -1 -1 2 -1 2 4 4 4 4 4 4 -1 4 4 4 3 3 
4 4 -1 -1 4 4 -1 2 -1 4 4 -1 4 4 4 4 4 -1 4 4 
4 -1 4 6 6 4 4 4 -1 4 4 -1 -1 4 4 4 4 -1 4 4 
6 4 4 6 4 -1 2 4 4 4 4 4 4 -1 -1 4 4 4 4 6 
6 4 4 4 4 2 9 -1 -1 4 4 -1 4 4 4 4 4 4 6 6 
6 -1 4 4 -1 4 -1 -1 -1 -1 -1 4 -1 4 4 4 -1 6 6 6 
4 -1 -1 -1 -1 4 -1 4 -1 -1 -1 4 -1 2 4 2 -1 6 6 6 
-1 4 4 4 -1 -1 -1 4 -1 4 4 4 -1 4 3 -1 2 1 4 6 
-1 -1 4 4 -1 -1 4 4 -1 4 4 -1 4 4 4 4 -1 -1 4 4 
4 4 4 -1 4 4 4 4 6 -1 4 -1 4 4 4 -1 -1 6 4 4 
4 4 4 4 4 4 4 6 4 6 -1 -1 4 4 -1 4 4 4 6 4 
-1 -1 4 4 -1 -1 4 -1 6 -1 -1 4 4 4 -1 4 4 4 4 4 
-1 4 4 4 1 1 -1 6 4 -1 -1 -1 -1 -1 -1 5 4 4 4 4 
-1 4 4 -1 1 -1 4 2 4 4 -1 4 -1 -1 -1 5 4 -1 3 -1 
4 -1 4 4 -1 -1 6 4 2 4 4 -1 -1 4 4 4 -1 -1 -1 3 
-1 4 4 -1 2 4 -1 2 -1 4 4 4 -1 4 4 4 -1 -1 4 -1 
-1 4 4 4 2 2 2 2 2 4 4 -1 4 -1 4 4 4 4 4 4 
-1 4 4 4 2 -1 2 4 4 -1 4 4 -1 4 -1 -1 -1 -1 4 -1 
6 -1 4 4 4 -1 -1 4 4 4 -1 4 4 -1 -1 -1 4 -1 4 4 
6 4 -1 4 -1 4 4 4 4 4 4 4 4 -1 -1 2 2 4 4 4 
-1 4 4 4 4 -1 -1 -1 4 4 4 4 4 -1 4 2 4 4 4 4 
4 4 -1 -1 4 4 2 4 4 4 4 -1 -1 4 -1 2 -1 4 4 -1 
4 4 -1 4 4 -1 4 4 4 4 -1 -1 4 -1 -1 4 4 4 4 4 
4 4 4 4 4 4 4 5 4 -1 -1 4 4 -1 4 4 4 4 4 4 
4 -1 -1 -1 1 4 4 -1 4 4 4 4 4 4 4 -1 -1 4 4 4 
4 -1 -1 -1 4 -1 -1 4 4 6 -1 4 -1 4 4 -1 4 4 4 4 
-1 -1 4 -1 4 4 -1 4 -1 -1 6 -1 4 4 4 4 4 4 4 4 
4 4 -1 -1 -1 -1 4 4 5 6 4 -1 4 4 -1 4 4 4 -1 4 
4 4 4 6 5 5 5 4 4 4 -1 4 4 -1 -1 4 4 4 -1 -1 
4 4 33 5 5 6 4 4 4 4 -1 -1 4 4 -1 4 4 4 4 4 
4 5 33 1 4 4 9 9 4 4 2 4 4 4 4 3 3 4 -1 4 
4 4 -1 4 4 9 9 9 9 -1 9 6 4 6 3 -1 4 4 4 4 
-1 4 -1 4 4 -1 -1 -1 9 9 9 6 6 4 -1 6 6 4 4 4 
4 4 -1 4 4 -1 -1 2 -1 -1 6 4 4 4 4 4 4 4 4 4 
-1 4 4 2 -1 4 2 2 4 4 4 4 4 4 4 4 4 -1 4 -1 
-1 -1 34 34 2 -1 34 -1 4 1 -1 2 -1 4 4 -1 4 4 4 4 
-1 4 4 4 34 34 4 4 4 -1 2 4 2 -1 4 4 4 4 4 -1 
-1 4 4 -1 34 4 2 4 -1 -1 4 4 4 4 4 -1 33 -1 4 4 
4 4 4 4 4 4 2 -1 4 -1 4 4 33 4 -1 33 -1 4 -1 33 
4 33 -1 4 -1 2 2 -1 4 -1 4 1 33 33 33 -1 -1 -1 4 -1 
33 33 4 4 4 4 4 4 4 -1 4 -1 1 4 33 -1 -1 -1 4 4 
-1 33 4 4 4 4 -1 2 -1 4 4 1 1 4 4 -1 -1 -1 4 4 
33 33 4 4 4 33 -1 9 2 -1 33 1 33 -1 -1 9 -1 4 4 33 
4 4 -1 42 4 2 9 9 1 1 33 1 33 9 -1 -1 4 -1 -1 4 
1 1 4 4 4 33 2 1 9 1 33 33 1 4 9 4 -1 4 4 -1 
1 4 -1 4 1 4 5 1 1 1 33 1 1 6 4 -1 4 6 6 6 
1 -1 -1 1 -1 5 -1 33 1 -1 1 -1 33 33 9 -1 4 4 6 -1 
1 -1 4 4 -1 4 4 -1 33 33 33 -1 33 6 6 9 -1 -1 6 1 
42 1 -1 4 5 1 4 1 1 33 33 1 33 33 6 -1 4 4 -1 42 
1 1 4 4 5 1 1 1 2 -1 -1 1 1 1 -1 6 6 -1 -1 -1 
1 41 4 4 1 4 -1 -1 2 2 1 1 1 1 -1 6 6 -1 -1 -1 
-1 4 4 4 4 1 -1 2 2 2 2 1 1 1 6 6 -1 6 6 -1 
4 4 4 -1 4 -1 4 -1 -1 2 -1 5 1 -1 4 6 6 6 6 6 
-1 4 -1 -1 -1 4 4 4 -1 -1 -1 5 5 4 4 4 4 6 6 -1 
-1 -1 -1 -1 -1 34 -1 4 4 1 4 -1 5 4 4 4 4 6 6 -1 
4 41 33 -1 41 -1 4 4 4 4 10 10 10 10 -1 1 1 1 6 6 
4 41 33 41 -1 -1 4 33 -1 10 10 10 10 10 10 -1 1 -1 4 -1 
-1 41 41 -1 -1 41 33 33 -1 10 10 10 -1 -1 -1 1 4 4 -1 -1 
4 41 41 -1 41 41 41 10 4 10 10 10 -1 -1 4 4 5 5 5 -1 
4 41 41 41 41 41 7 -1 10 10 10 -1 -1 -1 4 4 5 4 5 -1 
41 -1 41 41 41 6 -1 6 10 -1 -1 1 1 -1 -1 -1 -1 5 5 4 
41 41 -1 41 -1 -1 6 -1 10 33 5 5 33 33 33 33 4 4 5 -1 
41 41 -1 41 41 41 6 -1 10 33 33 33 33 33 33 33 -1 4 -1 -1 
5 -1 41 41 41 5 41 -1 -1 5 33 33 33 33 33 9 9 9 -1 -1 
5 5 5 5 5 41 41 41 41 -1 5 33 33 33 33 33 9 -1 -1 5 
-1 5 5 5 5 5 41 4 41 -1 5 33 33 33 33 3 33 9 9 -1 
5 5 -1 -1 -1 41 41 41 4 41 -1 9 1 9 3 3 33 9 -1 -1 
-1 5 -1 -1 4 -1 41 41 -1 4 9 4 1 -1 3 1 1 33 4 6 
6 -1 -1 -1 -1 4 4 4 4 4 4 1 -1 -1 1 3 4 33 4 4 
1 -1 5 -1 5 -1 -1 4 4 4 -1 3 3 -1 -1 4 -1 4 -1 -1 
3 -1 5 5 5 5 -1 5 4 -1 -1 3 1 1 -1 -1 4 -1 1 3 
-1 -1 5 5 33 5 5 -1 4 4 -1 -1 -1 1 4 4 4 -1 3 3 
3 5 5 4 33 33 -1 -1 4 -1 4 -1 -1 -1 -1 -1 -1 -1 -1 -1 
-1 3 -1 5 -1 -1 -1 -1 4 4 4 -1 -1 4 4 4 1 1 -1 -1 
-1 33 33 -1 -1 -1 -1 4 4 4 4 -1 -1 10 4 -1 4 -1 -1 -1 
33 33 5 5 -1 6 6 1 -1 -1 33 2 1 33 6 33 6 -1 -1 41 
1 41 6 -1 1 1 -1 1 -1 33 33 2 1 6 33 33 6 6 6 41 
41 41 1 -1 1 1 -1 -1 -1 33 33 -1 -1 -1 33 -1 -1 41 41 -1 
41 1 1 1 1 1 1 1 -1 33 33 -1 -1 -1 -1 41 41 41 -1 41 
41 -1 1 1 1 1 1 1 33 33 33 33 -1 -1 -1 41 41 41 41 -1 
-1 -1 -1 1 -1 1 -1 1 1 5 34 34 34 34 34 -1 41 41 -1 -1 
-1 -1 5 -1 -1 1 1 33 33 5 33 34 34 34 -1 -1 -1 41 -1 -1 
40 5 5 1 1 1 1 33 5 33 34 5 5 -1 5 5 -1 40 41 40 
-1 1 1 1 1 -1 1 -1 33 33 -1 5 5 5 5 5 5 40 41 40 
-1 -1 -1 -1 1 -1 -1 -1 6 -1 -1 5 5 -1 5 5 -1 40 41 40 
33 33 -1 1 -1 9 9 33 6 6 -1 -1 -1 5 5 5 -1 33 33 32 
-1 33 -1 38 9 9 9 46 -1 6 -1 6 -1 5 5 5 5 5 33 33 
33 -1 -1 38 9 9 9 6 6 -1 1 -1 6 5 5 33 5 5 1 33 
33 -1 -1 -1 -1 9 9 -1 -1 6 -1 -1 -1 -1 5 2 2 33 33 -1 
-1 38 38 38 38 -1 1 1 1 4 4 38 38 -1 -1 2 2 33 33 33 
38 38 -1 38 38 10 1 1 5 38 38 9 9 -1 -1 33 -1 33 33 -1 
5 5 5 5 38 1 -1 1 5 5 5 9 9 9 33 33 33 -1 33 5 
33 33 5 38 -1 -1 38 -1 -1 -1 9 38 9 9 9 33 33 33 -1 5 
33 33 33 33 38 38 -1 -1 -1 9 9 9 9 6 -1 -1 33 33 33 -1 
33 33 33 -1 5 38 6 -1 -1 2 2 -1 1 1 6 6 33 -1 -1 33 
34 10 10 34 -1 -1 -1 6 7 7 -1 6 7 -1 7 -1 6 6 6 6 
4 10 10 34 6 6 6 -1 6 -1 7 7 7 6 7 6 6 -1 6 4 
4 -1 -1 6 1 -1 6 6 6 -1 7 7 7 6 6 6 -1 6 6 6 
9 -1 6 -1 1 6 6 7 3 7 7 7 7 7 7 6 6 6 6 10 
10 10 10 6 -1 1 3 3 5 7 7 7 -1 -1 -1 7 6 42 10 10 
-1 10 5 5 -1 -1 1 5 5 -1 7 7 7 -1 -1 -1 6 42 10 10 
4 7 7 -1 -1 -1 3 5 33 5 -1 -1 7 7 7 -1 -1 3 42 -1 
4 10 6 6 6 6 3 3 3 33 5 -1 -1 -1 -1 5 -1 -1 -1 -1 
6 -1 6 6 6 -1 6 33 33 33 -1 -1 6 6 5 -1 5 5 4 4 
6 -1 6 6 -1 6 -1 33 33 33 33 33 -1 42 6 5 5 6 6 6 
6 6 6 -1 3 3 3 3 3 33 33 33 -1 -1 6 6 6 6 6 6 
6 -1 6 -1 3 3 3 3 3 3 33 33 33 -1 1 1 5 6 33 6 
33 6 -1 6 3 -1 3 3 3 -1 33 33 -1 -1 1 1 5 6 6 33 
6 6 6 6 -1 3 -1 3 3 3 3 3 33 -1 -1 1 6 5 6 -1 
-1 6 1 6 5 5 3 3 3 3 33 4 -1 -1 1 -1 6 5 6 6 
6 1 6 1 6 5 5 3 1 1 -1 1 4 -1 -1 -1 6 6 6 -1 
1 1 1 6 -1 5 1 5 1 1 1 1 42 4 -1 -1 6 6 6 6 
1 1 -1 -1 -1 -1 -1 1 1 -1 1 42 -1 4 -1 -1 -1 -1 6 6 
-1 -1 34 -1 6 -1 1 1 7 -1 42 42 5 -1 4 -1 6 -1 6 -1 
-1 34 34 6 -1 6 -1 7 -1 7 -1 6 -1 5 6 6 6 6 6 6 
-1 5 1 5 42 -1 42 42 34 -1 42 5 5 5 5 5 5 -1 -1 5 
-1 1 5 5 42 -1 -1 -1 42 42 5 5 5 1 5 -1 5 -1 5 -1 
9 5 -1 5 42 -1 42 -1 42 42 42 -1 5 1 -1 -1 -1 -1 5 9 
5 -1 -1 -1 -1 -1 -1 42 42 42 42 34 34 34 1 1 -1 5 2 9 
-1 5 -1 1 -1 -1 5 5 5 42 42 -1 1 1 -1 5 5 5 2 11 
1 -1 -1 1 -1 -1 -1 5 5 2 -1 4 -1 1 -1 -1 6 5 11 2 
-1 -1 -1 6 3 5 6 -1 -1 10 10 -1 4 42 42 6 -1 -1 6 2 
2 6 6 6 5 5 5 6 -1 -1 10 6 4 4 4 -1 6 2 6 -1 
2 4 -1 -1 6 6 6 -1 6 6 6 6 -1 4 -1 6 6 6 6 -1 
4 2 2 2 -1 5 -1 6 6 -1 6 6 4 4 6 6 -1 6 6 -1 
4 4 5 3 5 5 6 -1 6 6 1 -1 6 5 6 5 -1 1 -1 2 
4 -1 3 5 5 -1 6 6 -1 -1 6 6 5 6 5 -1 5 -1 -1 2 
3 3 5 5 5 6 5 6 -1 6 6 6 5 5 5 5 5 5 2 -1 
3 -1 -1 5 5 5 5 -1 5 5 6 6 5 5 5 5 5 1 1 3 
-1 5 5 5 5 5 5 6 6 6 5 -1 5 5 5 5 -1 5 3 3 
3 5 5 -1 3 3 -1 -1 6 6 5 5 6 5 6 5 4 4 3 -1 
5 5 -1 -1 5 7 3 7 -1 5 5 6 5 6 5 -1 5 3 5 3 
5 5 -1 5 5 5 7 42 -1 -1 5 -1 -1 5 -1 5 -1 -1 3 5 
-1 5 -1 5 5 7 -1 -1 42 -1 -1 -1 -1 5 1 42 -1 -1 3 5 
5 -1 5 5 5 5 5 34 42 -1 -1 5 5 4 5 -1 5 5 -1 5 
1 -1 1 1 1 -1 -1 5 1 1 3 1 -1 3 9 5 5 5 3 5 
5 1 4 1 -1 -1 5 5 -1 1 -1 3 3 -1 9 -1 -1 5 5 -1 
5 5 -1 4 -1 5 5 -1 5 -1 3 3 3 3 3 3 -1 5 5 -1 
1 5 -1 -1 -1 5 5 1 -1 1 3 3 -1 3 3 3 -1 -1 -1 5 
1 5 -1 -1 4 5 5 -1 1 -1 -1 -1 3 -1 3 3 3 -1 -1 5 
5 5 5 -1 -1 -1 5 3 -1 1 -1 5 -1 -1 3 5 -1 5 5 5 
5 5 5 5 -1 -1 -1 3 3 1 1 3 3 3 3 5 -1 -1 -1 5 
5 5 5 5 1 -1 3 3 -1 5 5 -1 3 3 3 3 5 -1 -1 3 
5 5 5 1 -1 3 3 3 3 5 5 5 -1 -1 -1 -1 5 5 3 -1 
5 -1 -1 5 3 3 -1 -1 5 5 5 -1 -1 3 3 -1 -1 3 5 5 
5 5 5 5 5 5 -1 -1 -1 5 5 3 3 3 -1 6 6 6 5 5 
5 5 -1 5 1 5 5 -1 -1 5 -1 5 3 -1 6 6 6 6 5 5 
-1 5 -1 -1 1 1 1 1 1 5 5 5 5 5 5 5 6 -1 5 5 
-1 -1 5 5 5 1 1 1 1 -1 5 5 -1 5 5 5 5 5 -1 -1 
7 -1 5 5 -1 -1 4 1 5 5 1 -1 5 5 5 5 -1 5 -1 -1 
36 36 5 5 -1 -1 6 4 5 1 -1 1 5 5 5 -1 9 -1 -1 7 
36 3 3 4 -1 1 1 1 1 1 -1 -1 1 -1 -1 5 9 -1 5 5 
3 3 3 4 1 1 1 1 1 1 5 -1 -1 1 1 1 -1 9 -1 36 
-1 3 3 1 1 -1 1 1 -1 5 1 -1 1 1 1 1 9 -1 5 5 
-1 3 3 -1 1 1 -1 -1 5 5 1 -1 1 1 3 3 5 5 5 5 
7 7 7 -1 -1 1 1 6 -1 -1 -1 6 -1 6 -1 33 -1 -1 2 -1 
7 4 7 7 -1 6 -1 6 -1 -1 6 6 6 -1 -1 -1 5 -1 5 2 
4 -1 4 6 6 -1 -1 4 4 4 4 6 6 -1 -1 5 -1 5 -1 -1 
-1 6 6 6 6 6 6 4 4 4 4 6 5 5 -1 -1 2 2 -1 -1 
-1 -1 6 6 6 6 6 6 4 -1 -1 -1 5 5 5 5 2 2 3 -1 
-1 6 6 6 6 1 6 6 6 -1 4 -1 -1 -1 5 5 2 5 3 3 
3 3 3 6 36 1 -1 6 6 5 4 -1 -1 -1 -1 5 5 5 5 -1 
7 3 3 36 -1 6 -1 6 6 5 -1 36 36 -1 -1 5 5 1 -1 -1 
3 3 5 3 -1 6 4 4 5 4 5 -1 5 -1 5 -1 37 37 -1 3 
5 36 36 5 6 4 4 -1 -1 5 5 5 5 5 5 5 5 33 36 -1 
36 3 36 6 5 6 6 6 4 4 5 5 5 5 6 -1 5 36 -1 3 
2 36 3 36 6 6 6 4 4 36 36 5 5 5 5 5 -1 36 36 36 
36 36 36 -1 -1 -1 -1 4 5 4 6 6 6 6 -1 -1 5 36 36 36 
2 2 2 6 6 36 36 36 -1 4 -1 -1 6 6 6 -1 36 5 36 36 
36 -1 36 36 36 36 36 -1 -1 5 5 3 6 6 3 -1 36 36 36 36 
36 -1 36 -1 -1 36 -1 -1 -1 -1 3 -1 6 3 6 -1 -1 36 -1 36 
-1 36 4 36 36 -1 5 -1 5 5 5 5 6 -1 5 -1 5 5 33 -1 
-1 -1 1 -1 36 5 5 5 5 5 5 -1 5 6 5 5 -1 33 4 -1 
-1 -1 -1 1 5 36 5 -1 5 5 5 -1 5 -1 33 33 5 33 33 4 
33 7 -1 5 1 -1 -1 5 -1 5 5 -1 -1 -1 -1 33 33 33 -1 33 
38 38 2 -1 2 2 4 4 -1 4 4 -1 42 5 6 -1 -1 -1 38 38 
38 38 2 2 2 2 -1 -1 4 4 -1 4 -1 -1 6 6 1 38 38 38 
38 10 10 2 2 -1 2 4 4 -1 3 43 5 -1 42 42 3 -1 37 37 
38 10 9 9 9 4 -1 2 3 3 -1 5 43 43 43 42 3 -1 -1 3 
4 -1 9 9 4 2 2 4 4 4 -1 43 43 43 -1 -1 3 3 3 38 
2 -1 9 9 4 4 -1 4 4 4 4 3 6 43 -1 -1 -1 -1 5 5 
-1 2 -1 4 4 4 4 -1 3 3 3 3 3 6 -1 -1 33 1 33 36 
36 -1 2 4 -1 4 4 4 3 3 3 3 3 -1 -1 -1 1 33 33 -1 
36 6 33 2 2 -1 4 -1 3 3 -1 3 -1 3 -1 1 1 -1 36 36 
36 -1 6 -1 -1 -1 3 3 3 36 -1 4 6 6 6 1 1 6 1 36 
2 6 -1 6 4 4 4 -1 3 3 36 -1 6 6 6 1 -1 6 1 6 
6 3 6 6 -1 4 4 -1 3 -1 4 -1 -1 1 1 -1 -1 6 4 6 
6 -1 -1 4 5 4 4 4 3 3 4 4 -1 6 6 -1 6 -1 4 6 
34 4 4 -1 5 4 4 -1 4 4 4 -1 6 6 -1 -1 38 38 2 2 
34 34 34 34 -1 5 4 4 4 4 4 -1 -1 6 5 -1 -1 6 2 2 
34 42 42 34 5 -1 5 4 4 4 6 6 -1 5 -1 -1 -1 6 -1 34 
34 -1 34 -1 -1 5 4 -1 4 4 6 33 -1 -1 4 -1 6 -1 -1 34 
-1 34 2 2 2 -1 4 4 4 -1 33 33 33 -1 -1 4 36 3 38 34 
38 -1 2 2 -1 4 4 4 -1 -1 33 -1 33 -1 -1 -1 38 36 36 3 
38 38 2 2 2 2 -1 -1 -1 4 4 42 42 6 -1 -1 38 36 38 38 
-1 6 -1 6 6 6 6 6 35 6 6 6 4 -1 -1 3 3 -1 -1 6 
6 6 6 6 10 -1 -1 35 34 34 6 6 6 4 4 3 -1 -1 6 6 
6 6 6 10 3 10 -1 -1 35 6 3 34 6 4 42 34 34 -1 -1 6 
6 6 6 6 11 10 -1 -1 -1 34 6 34 4 42 -1 34 34 6 6 6 
10 -1 6 11 10 10 10 11 34 33 34 34 42 42 -1 42 6 6 6 6 
6 6 -1 -1 -1 6 11 43 34 33 33 42 42 42 42 6 6 6 6 11 
-1 6 6 6 6 6 6 43 -1 42 42 6 6 42 4 2 -1 6 -1 11 
-1 6 6 6 -1 -1 6 -1 42 43 43 6 42 6 2 2 2 -1 -1 -1 
10 -1 -1 6 6 6 6 6 -1 -1 34 6 6 42 6 2 6 -1 -1 -1 
3 3 11 -1 -1 6 6 6 2 42 -1 42 42 6 6 6 35 6 6 -1 
-1 -1 11 -1 34 34 6 6 2 34 42 6 -1 35 35 6 35 6 6 3 
32 6 2 2 2 34 34 34 -1 -1 3 3 3 6 6 6 34 6 6 3 
3 -1 8 3 -1 34 -1 10 -1 -1 3 34 35 35 4 6 3 6 6 6 
9 8 -1 -1 3 -1 -1 10 -1 -1 34 3 3 6 6 3 6 -1 3 6 
9 -1 -1 -1 3 -1 -1 -1 34 34 34 3 3 -1 -1 3 6 1 6 3 
-1 4 4 6 6 6 6 43 34 3 3 3 3 6 10 -1 1 1 3 6 
3 4 3 3 3 6 42 6 -1 -1 2 3 -1 6 4 -1 -1 6 3 3 
3 -1 -1 3 -1 6 -1 35 -1 -1 -1 2 42 42 6 -1 -1 3 6 6 
3 -1 -1 3 -1 -1 35 35 6 -1 2 42 42 42 -1 3 3 -1 6 3 
-1 -1 -1 6 6 -1 6 -1 6 -1 2 2 6 -1 -1 -1 3 -1 -1 -1 
6 6 6 42 42 42 42 -1 42 -1 6 6 6 6 6 6 6 -1 10 10 
3 6 6 42 42 42 42 43 6 6 -1 6 6 6 10 6 6 -1 6 6 
6 6 -1 6 6 43 42 43 6 -1 -1 34 34 34 10 2 2 -1 -1 6 
-1 -1 6 6 42 6 42 6 6 6 34 34 34 34 34 2 2 2 -1 6 
6 6 6 6 6 42 6 6 6 6 6 6 34 2 2 2 34 6 6 6 
6 6 6 6 -1 6 6 6 6 6 6 6 34 2 -1 34 34 6 6 6 
6 -1 6 -1 6 6 -1 6 6 6 -1 6 34 34 34 -1 -1 -1 6 6 
6 6 6 6 6 6 6 6 6 -1 34 34 6 2 -1 2 6 6 6 6 
6 6 6 6 6 6 6 6 6 6 34 6 34 6 6 -1 6 6 6 6 
6 6 6 6 6 -1 6 6 6 34 6 6 6 6 34 6 6 6 6 6 
6 6 6 6 6 -1 -1 6 43 6 -1 6 6 6 6 34 -1 -1 6 6 
6 6 6 6 6 -1 6 34 34 -1 -1 6 6 -1 6 -1 -1 -1 6 6 
-1 6 6 6 -1 6 6 6 -1 6 6 6 6 6 6 6 34 -1 6 -1 
6 6 7 6 6 6 6 6 6 34 6 6 6 6 2 2 2 -1 6 6 
6 6 6 -1 6 6 6 6 6 6 34 6 2 6 6 2 2 6 -1 -1 
6 6 6 34 6 6 6 6 35 34 6 6 2 6 6 -1 6 -1 6 -1 
6 6 6 34 6 6 6 6 6 6 6 2 2 6 2 6 6 6 -1 6 
10 10 34 34 -1 42 42 -1 35 6 6 2 6 2 6 6 2 6 10 -1 
10 34 6 6 6 -1 35 42 35 35 35 6 2 6 6 6 6 2 10 10 
-1 -1 6 6 42 42 42 42 42 42 6 6 6 6 6 -1 6 6 3 -1 
2 2 2 6 6 6 6 -1 6 -1 6 6 6 2 6 2 2 2 2 2 
2 2 2 -1 -1 6 6 2 6 6 3 6 -1 6 2 2 -1 2 2 2 
2 -1 10 6 6 6 -1 6 2 3 3 3 6 6 6 2 2 2 2 42 
42 10 6 6 6 6 -1 6 6 3 3 -1 6 -1 2 -1 2 2 2 2 
-1 6 6 6 6 6 6 6 6 3 6 6 6 6 2 2 2 2 -1 2 
-1 -1 6 6 -1 6 6 6 6 6 6 6 -1 2 2 2 2 2 2 2 
2 6 6 7 6 6 6 6 6 6 6 6 -1 6 6 2 2 -1 2 2 
2 6 6 6 6 6 6 6 6 6 6 6 6 6 -1 2 2 2 2 2 
6 -1 6 -1 6 6 6 38 6 6 6 6 6 -1 6 2 2 -1 2 6 
6 6 -1 6 -1 6 2 2 2 6 6 6 -1 -1 -1 2 2 6 6 6 
6 6 6 6 2 34 6 7 2 6 6 6 6 6 6 2 2 6 6 6 
6 6 6 2 6 2 34 7 -1 34 6 6 6 6 6 6 6 6 2 6 
-1 2 -1 6 6 34 34 -1 -1 -1 34 6 6 6 6 6 2 2 -1 2 
6 6 -1 2 4 6 34 34 -1 2 -1 6 6 6 6 6 2 6 2 6 
6 6 6 2 2 6 4 4 6 -1 3 6 6 6 6 6 -1 6 6 6 
6 -1 2 6 6 -1 6 -1 6 6 6 6 6 6 6 -1 6 6 -1 6 
6 2 2 7 6 6 6 6 6 6 -1 6 2 2 6 6 6 -1 6 6 
-1 2 6 7 6 7 6 6 6 -1 6 6 2 2 -1 6 6 6 6 -1 
6 2 2 -1 7 6 6 6 6 6 6 6 6 2 6 -1 6 2 2 -1 
2 2 2 -1 6 6 6 6 6 6 6 6 6 6 6 6 2 2 6 6 
-1 -1 2 2 2 2 2 2 2 2 -1 2 2 2 2 -1 2 -1 -1 6 
6 -1 36 2 2 2 2 6 -1 6 6 -1 2 2 6 -1 6 6 2 4 
36 -1 36 36 2 2 -1 -1 6 6 -1 2 -1 -1 6 6 6 6 -1 36 
6 36 36 2 -1 -1 -1 -1 6 -1 -1 2 2 6 6 6 6 -1 6 -1 
6 6 36 2 2 2 -1 -1 -1 -1 2 6 6 2 2 6 -1 6 -1 6 
6 2 2 -1 2 4 6 6 6 6 6 6 6 6 6 -1 -1 -1 -1 -1 
4 6 -1 2 -1 4 -1 6 6 6 6 6 -1 33 33 -1 -1 -1 -1 4 
4 -1 6 2 2 6 6 6 6 -1 1 9 9 6 4 2 4 4 2 6 
2 -1 6 6 4 6 6 6 6 6 1 33 3 6 2 4 4 4 -1 2 
2 4 -1 6 6 4 6 -1 6 6 -1 33 33 3 6 4 4 4 -1 4 
4 4 2 6 4 2 -1 -1 6 6 -1 33 33 -1 3 4 4 4 4 4 
4 4 -1 -1 -1 -1 2 -1 6 6 2 -1 33 3 3 4 2 -1 6 4 
6 6 -1 -1 -1 -1 2 -1 2 6 2 7 7 33 6 3 2 6 4 6 
6 6 3 3 3 2 -1 2 2 6 7 2 6 7 3 -1 6 6 6 4 
6 -1 6 7 2 2 2 -1 2 -1 6 6 6 6 -1 6 -1 6 7 -1 
3 -1 7 7 -1 2 2 6 6 6 7 6 7 6 2 -1 6 -1 -1 6 
-1 6 7 7 2 2 6 6 -1 6 7 7 6 6 -1 -1 -1 6 -1 6 
6 4 6 7 42 6 6 6 -1 -1 6 6 2 2 -1 6 6 -1 6 6 
6 6 -1 -1 42 6 6 -1 -1 6 6 6 2 2 6 -1 2 -1 6 4 
6 -1 -1 -1 42 42 6 -1 2 -1 -1 -1 -1 2 2 2 -1 4 6 6 
4 -1 4 4 33 -1 -1 -1 8 8 -1 33 -1 9 9 -1 9 -1 4 -1 
2 4 4 33 -1 33 -1 -1 8 2 -1 33 33 33 4 9 9 -1 -1 2 
2 4 4 4 33 2 -1 2 2 2 2 33 9 9 9 9 2 -1 2 -1 
2 -1 4 4 4 8 2 2 8 2 2 2 2 2 9 2 -1 2 2 2 
4 4 4 4 4 4 4 8 2 2 2 2 2 2 -1 2 2 2 2 2 
4 -1 4 36 -1 2 2 4 2 2 2 2 -1 -1 2 2 2 -1 2 -1 
36 -1 36 36 36 -1 8 4 -1 2 2 2 2 2 2 -1 2 2 36 -1 
38 36 36 36 36 -1 2 2 -1 2 2 2 2 2 2 2 2 36 36 -1 
2 38 38 38 -1 -1 -1 -1 2 2 2 2 2 2 2 2 2 2 2 -1 
10 1 1 1 36 -1 -1 2 2 2 2 2 2 2 2 2 -1 2 10 2 
10 2 36 36 36 36 2 4 4 2 2 2 2 2 2 2 2 2 2 2 
2 -1 2 2 36 2 2 2 4 -1 2 2 2 10 2 -1 2 2 2 2 
2 2 -1 -1 -1 2 4 6 1 2 2 2 2 2 2 2 2 2 -1 -1 
2 2 2 -1 2 6 6 4 33 2 2 2 -1 -1 2 -1 2 4 4 -1 
2 2 2 2 -1 -1 -1 6 33 1 2 -1 33 5 -1 -1 4 4 4 2 
2 6 4 -1 -1 6 6 -1 1 1 -1 -1 -1 -1 5 -1 4 4 4 4 
2 -1 2 4 2 2 8 1 1 33 33 -1 -1 34 -1 -1 4 4 5 2 
2 -1 2 2 2 2 33 -1 6 6 33 -1 34 -1 4 -1 4 5 -1 2 
-1 2 2 2 33 33 2 33 33 8 33 33 34 4 4 4 -1 4 4 2 
4 4 4 -1 -1 33 33 6 33 33 33 34 -1 4 4 9 4 4 4 4 
2 5 5 -1 33 -1 33 36 36 -1 -1 -1 -1 5 -1 33 5 -1 33 5 
5 5 5 -1 4 4 4 -1 -1 9 -1 9 9 -1 -1 33 -1 -1 33 -1 
9 5 -1 -1 4 4 -1 -1 9 4 3 -1 9 9 -1 5 -1 -1 5 -1 
5 5 5 4 4 -1 4 -1 6 9 4 -1 9 3 -1 -1 5 5 -1 4 
33 33 9 33 4 4 -1 -1 4 4 4 3 9 1 5 5 6 6 4 -1 
6 33 9 -1 4 -1 4 4 4 4 5 3 3 5 5 5 -1 6 6 6 
-1 -1 6 -1 4 4 4 4 2 2 3 3 -1 9 9 -1 5 -1 -1 4 
4 6 -1 4 -1 4 4 2 33 33 3 -1 3 9 33 33 33 -1 4 4 
4 4 -1 -1 9 -1 -1 33 33 34 -1 5 9 5 9 33 33 4 4 -1 
-1 4 9 9 -1 -1 33 33 34 46 -1 5 9 9 9 33 33 4 4 4 
6 -1 6 -1 -1 -1 -1 33 33 38 34 34 34 9 9 34 33 33 33 6 
-1 6 -1 -1 6 -1 -1 33 38 33 42 34 34 -1 9 34 -1 -1 33 33 
6 6 4 4 4 6 -1 33 46 -1 3 34 34 34 -1 -1 -1 9 -1 33 
33 5 -1 4 4 4 2 2 -1 46 -1 3 38 3 -1 -1 9 -1 33 33 
-1 -1 5 9 6 2 2 -1 2 46 42 46 3 3 -1 -1 -1 -1 -1 -1 
-1 5 5 5 5 -1 2 3 46 42 46 -1 3 3 3 -1 -1 -1 -1 5 
5 5 -1 -1 6 34 9 3 46 3 46 46 38 3 -1 3 -1 -1 5 5 
5 -1 -1 -1 -1 9 9 3 3 46 46 3 38 3 33 33 5 5 5 5 
5 33 33 5 9 33 9 9 3 3 46 46 38 3 5 33 5 -1 -1 5 
33 5 5 4 33 33 -1 -1 3 3 -1 46 -1 -1 5 33 33 5 -1 -1 
32 32 32 32 -1 32 32 32 32 32 -1 -1 -1 -1 33 33 -1 32 32 32 
2 5 32 -1 32 -1 32 32 -1 -1 -1 65 -1 6 -1 4 4 32 32 4 
5 -1 4 32 32 32 -1 -1 65 2 65 65 6 6 6 32 2 -1 32 2 
4 4 6 32 32 32 -1 -1 6 2 65 6 6 6 7 -1 32 2 -1 -1 
32 -1 -1 32 32 -1 32 6 1 2 -1 1 6 7 -1 -1 32 -1 33 4 
-1 5 5 -1 32 -1 32 -1 6 2 1 65 6 65 -1 33 33 -1 4 -1 
32 36 32 36 36 36 32 32 2 2 2 2 65 1 4 4 33 33 -1 33 
-1 36 36 36 36 -1 -1 4 32 4 4 6 4 -1 4 4 4 -1 33 33 
4 -1 4 -1 36 2 2 2 4 4 6 6 5 6 4 4 33 33 4 -1 
4 4 4 4 4 -1 -1 4 4 4 -1 4 5 -1 4 4 4 4 33 4 
4 4 4 4 4 4 4 4 4 4 4 6 6 -1 6 4 4 4 4 -1 
-1 4 4 -1 38 4 4 4 4 4 -1 5 4 6 4 -1 -1 4 4 4 
4 -1 4 4 4 -1 4 4 6 -1 5 6 6 5 6 36 36 -1 -1 36 
-1 4 4 4 -1 4 4 6 6 -1 -1 6 5 5 3 4 36 36 36 4 
4 4 4 -1 4 -1 4 4 6 4 -1 6 6 3 3 4 36 36 4 36 
-1 4 4 -1 -1 4 4 4 4 6 6 4 3 -1 -1 4 2 2 36 36 
36 65 -1 32 32 4 4 2 6 6 6 -1 3 -1 -1 41 41 36 4 36 
-1 -1 -1 32 4 32 4 -1 2 6 2 4 4 -1 -1 41 41 36 -1 33 
-1 -1 -1 32 32 4 32 -1 -1 2 32 4 4 -1 -1 -1 -1 1 36 -1 
32 32 32 32 32 32 32 32 -1 32 -1 -1 -1 -1 41 -1 6 1 32 32 
4 4 4 4 -1 4 4 4 4 4 -1 -1 -1 2 2 6 6 4 4 4 
4 -1 -1 4 -1 4 4 4 4 9 4 4 -1 4 2 4 6 6 4 4 
4 -1 4 -1 -1 4 4 9 4 9 41 41 4 4 4 2 4 4 -1 4 
4 -1 4 -1 4 4 9 -1 4 4 41 4 4 4 -1 -1 -1 4 4 4 
4 4 -1 4 4 4 -1 -1 2 2 4 4 4 4 -1 4 4 4 4 4 
3 4 4 4 4 -1 -1 4 -1 -1 4 4 4 -1 -1 -1 4 4 3 3 
3 4 -1 -1 -1 4 4 4 4 4 4 4 32 -1 -1 4 4 2 3 4 
-1 2 -1 6 4 -1 -1 6 4 4 4 32 -1 -1 -1 4 -1 3 2 4 
-1 -1 4 4 4 -1 6 4 2 2 4 4 4 4 4 -1 -1 -1 4 4 
2 4 6 4 4 4 6 2 2 2 4 4 4 4 4 4 -1 4 2 2 
2 -1 4 4 4 4 -1 2 2 2 4 -1 -1 4 4 4 4 -1 2 2 
-1 2 2 -1 4 4 2 4 2 2 -1 -1 4 4 -1 4 4 4 2 2 
2 -1 2 4 4 2 -1 -1 -1 2 2 2 2 2 2 2 4 -1 4 -1 
4 4 -1 4 4 4 4 -1 2 2 2 2 2 -1 2 2 2 -1 -1 -1 
-1 4 4 4 4 4 4 -1 2 4 2 2 2 4 -1 2 4 -1 2 -1 
-1 4 4 4 4 4 6 6 2 2 4 4 4 4 4 -1 2 9 2 2 
2 4 4 4 4 4 4 2 4 4 4 4 4 4 -1 -1 4 9 -1 -1 
2 2 4 4 4 4 4 4 4 4 4 4 4 -1 4 4 4 2 9 -1 
4 2 -1 4 4 4 4 4 4 4 4 2 2 2 2 -1 4 4 9 2 
4 4 4 4 -1 4 4 4 4 4 4 2 -1 2 2 2 -1 4 -1 4 
4 4 4 1 -1 3 1 1 1 -1 4 4 2 2 4 4 -1 4 4 4 
-1 4 -1 33 -1 3 2 1 1 3 2 2 2 2 4 -1 -1 -1 -1 4 
-1 -1 2 33 -1 2 1 1 1 -1 2 2 2 4 -1 -1 5 5 4 4 
-1 5 2 -1 2 2 1 -1 1 1 2 2 2 2 5 5 5 5 4 5 
5 -1 -1 2 2 2 2 -1 1 4 2 34 2 5 4 5 6 4 4 4 
4 4 2 4 2 2 2 1 4 2 2 2 2 5 5 5 5 4 4 4 
4 -1 4 4 2 -1 2 -1 4 4 2 2 -1 -1 5 1 -1 1 -1 4 
4 4 4 4 4 4 4 -1 4 2 2 2 34 4 -1 -1 1 -1 1 4 
4 4 4 -1 4 6 4 4 4 2 2 10 34 1 4 1 -1 1 1 4 
4 4 4 4 4 6 6 4 4 4 10 2 -1 -1 1 1 1 1 1 2 
4 4 4 4 -1 6 6 4 4 4 2 10 2 -1 1 1 -1 1 2 2 
-1 4 4 4 1 4 4 4 4 4 4 4 -1 2 1 -1 4 2 2 -1 
4 4 4 4 4 1 4 4 4 4 4 4 -1 -1 1 1 2 -1 2 -1 
-1 4 4 4 1 1 4 -1 4 4 4 -1 4 4 1 -1 -1 2 2 -1 
-1 -1 1 1 1 1 -1 1 1 4 4 -1 -1 2 4 -1 -1 2 2 -1 
2 1 1 1 -1 1 1 1 4 -1 4 4 4 2 2 2 -1 -1 2 2 
-1 1 1 1 1 1 1 1 4 -1 -1 -1 -1 2 2 2 2 -1 -1 -1 
1 -1 1 1 1 1 1 4 1 -1 -1 -1 4 4 -1 2 2 -1 2 4 
4 1 1 1 1 1 1 -1 1 4 -1 1 4 4 4 2 2 -1 2 4 
4 4 1 -1 1 -1 -1 1 -1 4 4 4 2 4 4 2 -1 4 4 -1 
6 4 4 4 2 2 -1 4 6 6 1 3 3 6 3 7 -1 -1 32 32 
2 4 3 3 -1 4 4 6 6 1 3 -1 1 3 4 -1 -1 -1 2 2 
6 3 3 3 3 6 6 6 6 1 1 1 4 1 40 40 4 2 2 2 
6 3 -1 3 3 -1 6 6 6 1 1 1 1 4 -1 41 2 2 6 2 
6 4 6 7 7 -1 6 6 1 -1 1 1 1 -1 3 34 4 2 4 6 
-1 -1 4 4 4 4 6 1 1 -1 1 1 1 -1 34 3 3 4 2 6 
-1 -1 -1 4 4 4 -1 4 1 1 -1 1 -1 34 34 3 34 3 2 2 
5 -1 3 3 4 4 4 1 1 1 4 1 1 -1 3 34 34 -1 34 -1 
5 5 4 4 3 -1 -1 1 1 -1 1 1 4 1 1 34 34 34 34 5 
5 5 4 4 4 -1 -1 4 -1 6 10 10 10 10 1 -1 -1 5 5 5 
-1 4 5 4 -1 4 4 4 6 1 -1 10 -1 1 1 34 -1 34 5 -1 
4 4 -1 4 4 -1 -1 4 4 -1 10 -1 1 -1 -1 7 34 -1 4 4 
4 -1 -1 -1 4 4 4 6 -1 -1 1 1 1 1 1 5 7 -1 4 -1 
4 4 4 4 4 4 4 6 2 2 -1 1 -1 -1 1 5 5 5 4 4 
4 4 4 4 4 4 4 4 4 -1 6 6 -1 1 -1 4 2 5 4 4 
4 -1 4 4 4 -1 -1 -1 -1 6 6 6 1 1 1 2 4 4 4 4 
-1 -1 4 4 -1 -1 -1 -1 6 4 6 6 4 1 -1 2 33 4 4 4 
4 4 4 -1 -1 -1 6 42 4 4 4 6 -1 4 4 -1 32 4 4 32 
6 3 4 2 -1 -1 -1 42 -1 -1 6 6 6 -1 6 -1 -1 32 32 6 
6 -1 4 2 2 -1 -1 42 6 6 6 6 6 -1 6 -1 -1 32 32 2 
6 6 6 6 2 -1 4 4 4 4 2 2 2 2 4 4 -1 -1 6 1 
6 6 6 -1 2 -1 6 4 4 10 -1 -1 2 2 2 2 -1 6 2 6 
6 6 6 6 -1 2 -1 6 -1 -1 -1 -1 2 2 2 -1 10 6 1 -1 
-1 6 6 6 6 6 6 -1 6 -1 5 -1 -1 -1 2 6 -1 1 1 -1 
-1 -1 6 6 6 6 6 6 6 6 -1 5 -1 -1 2 2 1 1 1 -1 
6 6 6 6 -1 6 -1 43 6 2 2 2 2 -1 -1 34 1 1 -1 -1 
6 6 -1 4 2 6 6 6 6 -1 -1 2 2 35 34 -1 1 1 4 8 
6 -1 6 4 6 4 -1 6 6 6 -1 -1 2 2 35 34 34 34 34 4 
-1 6 4 4 4 4 2 2 2 2 2 -1 -1 2 34 35 34 6 4 4 
6 4 4 4 2 6 2 35 2 2 2 35 7 7 2 2 35 2 6 4 
-1 -1 -1 6 6 2 -1 34 2 -1 -1 35 34 2 35 34 34 -1 2 4 
-1 -1 6 -1 6 2 35 35 34 -1 -1 35 34 35 34 -1 34 6 -1 -1 
-1 -1 -1 6 -1 34 35 34 34 -1 6 35 34 34 34 4 4 4 6 -1 
-1 -1 -1 4 4 4 34 -1 2 -1 34 35 34 35 35 4 4 4 7 -1 
-1 8 -1 -1 4 4 4 -1 34 -1 34 34 35 3 35 -1 4 4 4 4 
1 6 8 -1 -1 -1 4 34 -1 -1 35 35 35 3 4 4 4 4 4 7 
2 8 35 8 6 -1 4 4 4 -1 35 35 35 -1 4 4 -1 -1 2 4 
4 8 8 8 8 4 4 4 4 4 4 4 34 4 4 4 2 2 2 2 
-1 -1 -1 -1 -1 4 -1 4 -1 4 4 4 -1 2 2 4 2 2 4 4 
6 6 -1 -1 2 4 4 4 -1 -1 4 2 -1 2 2 2 -1 4 4 -1 
2 -1 -1 -1 2 34 6 8 8 8 8 8 34 6 6 2 2 6 2 34 
34 35 6 6 2 34 6 -1 6 6 6 -1 -1 6 34 34 3 6 6 2 
35 6 6 34 6 6 6 -1 6 -1 6 6 6 34 34 3 3 3 6 34 
34 -1 -1 2 34 2 -1 -1 -1 6 2 6 -1 34 3 -1 3 3 10 35 
35 11 34 34 2 2 2 -1 2 2 -1 2 -1 -1 3 3 3 -1 -1 10 
10 4 4 4 -1 -1 2 2 2 2 2 10 2 7 6 6 6 6 6 11 
-1 4 34 4 -1 34 34 -1 -1 2 -1 10 7 -1 -1 -1 -1 6 6 -1 
4 -1 4 34 34 -1 2 34 -1 7 -1 7 7 -1 6 4 6 6 2 2 
4 6 6 6 34 -1 6 4 34 6 -1 7 7 7 7 -1 4 -1 2 -1 
6 6 6 34 34 6 4 4 4 10 10 10 7 7 2 6 -1 2 2 2 
2 2 -1 -1 34 -1 -1 4 4 -1 7 11 11 10 -1 -1 -1 6 2 2 
2 -1 -1 -1 6 34 4 6 4 -1 -1 11 10 11 -1 -1 2 10 2 -1 
2 -1 -1 6 6 -1 34 34 6 6 10 10 -1 10 10 10 10 2 2 -1 
6 -1 -1 6 6 34 34 -1 6 6 -1 34 10 34 2 10 2 2 2 6 
-1 2 34 6 6 34 6 6 -1 6 -1 6 34 -1 -1 2 34 2 2 2 
2 2 2 2 1 -1 6 6 6 -1 -1 -1 6 4 4 -1 2 2 2 -1 
2 2 -1 -1 -1 6 6 -1 6 -1 6 -1 6 1 4 4 2 6 2 2 
-1 -1 -1 -1 -1 -1 -1 -1 6 4 -1 6 6 6 1 -1 -1 -1 2 2 
2 2 -1 34 34 -1 -1 6 6 -1 -1 6 6 6 6 6 -1 -1 6 2 
2 -1 10 -1 -1 2 34 6 8 8 8 -1 8 2 2 6 6 6 34 2 
3 34 34 34 34 4 -1 -1 -1 -1 34 -1 -1 10 -1 6 -1 -1 6 -1 
3 34 34 34 -1 4 2 -1 -1 34 6 -1 -1 10 10 6 -1 6 4 4 
-1 -1 34 34 34 2 4 -1 34 34 34 34 -1 10 7 -1 6 -1 4 -1 
-1 34 -1 -1 32 6 -1 4 34 34 34 -1 34 -1 34 -1 4 34 34 6 
34 6 -1 -1 -1 32 6 4 34 34 34 34 6 6 4 -1 6 34 4 34 
-1 -1 -1 -1 -1 6 32 -1 34 -1 -1 34 -1 -1 6 6 7 3 6 34 
-1 34 -1 -1 -1 6 4 4 6 34 34 34 34 -1 7 34 3 -1 6 3 
7 34 4 -1 -1 4 34 6 -1 34 -1 34 34 -1 7 7 6 -1 3 -1 
-1 4 -1 -1 34 34 6 -1 6 -1 34 34 -1 34 34 7 6 -1 6 -1 
-1 -1 -1 7 34 -1 6 6 6 -1 34 34 34 -1 -1 7 6 34 34 6 
7 7 7 -1 34 34 -1 6 6 34 34 34 -1 34 34 2 6 -1 34 -1 
34 -1 -1 34 4 6 6 -1 -1 34 34 34 34 10 10 34 2 -1 -1 34 
2 2 -1 4 4 34 4 4 4 -1 34 6 -1 10 10 34 34 2 2 2 
2 6 34 -1 -1 -1 -1 5 5 4 6 6 34 34 34 10 -1 2 2 2 
2 6 7 7 -1 -1 5 5 -1 5 6 6 10 34 10 -1 -1 6 2 2 
-1 2 34 -1 -1 33 5 5 4 5 5 -1 10 10 -1 10 -1 6 6 2 
-1 34 42 -1 34 33 33 5 5 4 -1 10 10 10 10 -1 2 -1 -1 -1 
6 42 34 34 34 34 33 -1 5 -1 -1 6 10 6 10 2 -1 -1 -1 -1 
3 6 34 34 34 2 -1 -1 -1 -1 6 6 6 34 10 -1 38 -1 -1 3 
34 34 34 34 2 34 -1 -1 -1 -1 -1 6 6 -1 10 10 -1 6 6 6 
4 4 -1 2 4 -1 4 -1 4 4 4 4 4 -1 4 4 4 4 4 4 
4 4 2 -1 4 4 4 2 -1 4 4 -1 4 -1 4 -1 -1 -1 -1 4 
4 34 34 5 -1 4 -1 2 -1 -1 4 4 4 34 34 4 4 4 4 4 
34 34 2 -1 34 -1 -1 2 2 2 4 4 4 34 4 34 5 5 4 4 
5 2 2 2 -1 4 4 4 4 -1 4 4 4 4 34 34 5 5 5 4 
5 2 5 2 4 4 4 4 4 4 4 -1 4 -1 4 -1 4 5 7 -1 
2 5 -1 5 4 4 4 -1 4 4 4 -1 4 -1 4 4 4 4 -1 -1 
-1 4 5 4 -1 4 -1 4 4 -1 -1 -1 -1 4 -1 4 4 -1 4 -1 
4 -1 -1 4 4 4 4 -1 4 -1 4 -1 -1 -1 4 4 2 4 4 5 
4 -1 -1 -1 4 4 -1 -1 -1 4 4 4 -1 3 -1 2 2 4 6 6 
-1 4 4 -1 4 -1 -1 -1 -1 4 2 2 3 3 3 2 2 2 -1 34 
-1 4 4 4 -1 4 4 4 4 -1 2 2 3 -1 2 2 2 2 -1 34 
4 4 -1 4 4 4 4 4 6 -1 -1 2 2 -1 2 2 2 2 34 4 
4 4 4 4 4 4 -1 -1 -1 6 -1 2 2 2 2 -1 -1 4 4 4 
4 -1 4 -1 -1 6 -1 -1 34 6 4 2 2 4 -1 -1 4 4 4 4 
4 4 -1 4 -1 6 -1 6 4 4 -1 -1 4 4 4 4 4 4 4 -1 
4 4 -1 -1 4 -1 6 4 4 34 34 -1 3 4 4 4 4 -1 4 4 
4 4 -1 -1 -1 -1 2 4 4 -1 -1 34 4 3 4 -1 4 -1 -1 -1 
4 4 -1 2 -1 2 -1 -1 4 4 -1 4 4 4 -1 4 4 -1 -1 4 
4 -1 -1 2 2 4 4 4 4 4 -1 4 4 -1 4 -1 4 -1 4 4 
4 4 4 -1 -1 4 4 4 4 4 4 -1 36 6 -1 -1 4 6 -1 5 
5 4 -1 4 4 4 4 4 4 4 4 4 -1 6 6 6 -1 -1 5 4 
5 -1 -1 -1 -1 6 -1 4 4 4 36 36 4 -1 4 6 -1 -1 -1 5 
-1 -1 -1 -1 -1 4 4 4 2 4 -1 4 4 4 -1 4 -1 4 5 4 
4 -1 4 4 4 4 4 4 4 2 2 4 4 -1 -1 -1 4 5 4 -1 
4 4 4 4 4 4 -1 4 4 2 4 -1 4 4 4 4 -1 -1 -1 4 
4 4 4 4 -1 4 4 4 4 4 2 4 4 4 4 -1 -1 -1 -1 4 
4 4 4 -1 -1 4 4 4 3 4 4 4 4 4 4 4 3 4 4 4 
-1 -1 4 4 4 4 4 4 4 3 -1 4 4 4 -1 4 4 4 4 4 
-1 6 6 -1 4 -1 -1 4 4 -1 -1 3 4 4 4 4 4 6 -1 4 
-1 6 6 -1 -1 4 4 4 4 3 3 3 4 4 4 4 6 4 4 -1 
-1 6 6 -1 3 3 -1 4 4 4 4 4 4 4 4 4 4 6 -1 11 
11 -1 6 6 3 3 3 2 4 4 4 4 4 4 4 4 6 6 6 11 
11 3 6 6 3 3 3 6 6 4 4 4 4 4 4 4 4 6 6 6 
2 11 3 6 3 -1 -1 3 -1 4 -1 4 -1 4 4 4 4 33 6 -1 
4 4 3 4 4 3 4 6 6 6 -1 -1 -1 4 6 -1 -1 4 4 4 
4 3 3 3 3 4 6 4 6 6 -1 -1 -1 6 4 -1 36 4 4 4 
4 3 3 36 36 36 4 6 4 6 6 -1 -1 4 -1 6 4 6 4 -1 
4 4 36 -1 36 36 6 34 -1 -1 -1 4 4 4 6 6 6 6 6 4 
4 36 -1 -1 36 36 -1 6 36 4 4 -1 4 6 -1 -1 6 6 5 -1 
4 -1 4 4 -1 5 -1 4 4 -1 2 -1 3 -1 -1 6 6 4 4 4 
-1 -1 -1 4 -1 -1 5 2 2 2 2 3 2 -1 -1 6 6 6 4 -1 
-1 4 4 5 5 4 5 5 4 2 2 2 -1 4 2 2 2 -1 4 4 
4 4 4 4 4 5 5 5 2 2 -1 -1 -1 4 4 2 2 4 -1 4 
4 4 4 4 4 5 5 2 5 2 2 2 -1 -1 4 4 -1 4 4 4 
-1 4 -1 4 5 4 2 -1 -1 5 5 -1 2 2 4 -1 -1 4 2 4 
4 -1 4 4 4 4 4 1 1 5 -1 -1 4 2 2 -1 -1 -1 4 -1 
2 2 4 6 4 4 4 4 5 4 5 -1 -1 2 2 2 2 2 4 -1 
4 6 4 -1 -1 4 4 4 4 4 4 4 -1 -1 -1 2 6 4 4 -1 
-1 6 4 -1 -1 -1 4 5 5 5 4 4 4 4 -1 6 32 -1 4 4 
4 -1 6 4 4 4 5 4 5 4 -1 4 4 -1 4 -1 4 -1 1 4 
6 -1 4 6 4 4 4 4 4 4 4 4 4 4 -1 4 4 4 -1 1 
6 -1 -1 -1 4 -1 -1 4 4 6 4 4 4 -1 4 4 4 4 -1 1 
1 1 -1 -1 4 4 -1 4 6 4 -1 4 -1 4 4 4 4 6 6 6 
1 6 -1 -1 3 4 4 4 -1 -1 4 4 -1 4 4 4 -1 6 1 -1 
1 -1 -1 -1 4 3 -1 4 4 4 2 4 -1 -1 34 4 34 1 1 1 
-1 -1 4 4 4 2 4 4 2 2 2 2 -1 34 4 34 34 1 1 1 
4 -1 -1 4 4 4 4 5 2 2 2 2 -1 -1 4 -1 1 4 1 1 
4 4 -1 4 4 -1 4 4 -1 2 2 2 -1 -1 -1 4 -1 4 4 4 
-1 -1 4 4 5 -1 -1 -1 4 2 2 -1 -1 -1 -1 4 4 6 4 -1 
4 1 1 5 5 5 -1 32 32 -1 4 -1 -1 4 3 3 -1 4 4 4 
-1 4 5 5 5 5 32 32 4 4 6 -1 6 4 4 2 -1 4 5 5 
4 4 4 5 5 5 5 32 32 -1 6 6 -1 4 4 4 4 -1 5 4 
4 4 4 5 4 5 5 5 32 2 -1 -1 4 -1 -1 -1 4 4 4 4 
6 40 4 4 41 7 -1 2 -1 -1 -1 4 4 -1 -1 5 -1 5 -1 4 
5 7 7 41 4 5 7 2 2 2 6 -1 4 6 -1 6 5 5 5 5 
5 41 4 4 40 7 -1 2 2 6 6 -1 6 4 6 4 6 -1 5 5 
4 41 41 4 -1 -1 5 -1 6 6 4 4 -1 12 4 4 5 5 -1 4 
4 7 -1 5 5 4 4 4 4 6 6 4 6 6 6 5 5 -1 5 4 
-1 -1 7 6 6 6 4 6 4 4 -1 4 6 4 6 6 -1 -1 -1 4 
-1 -1 6 6 4 4 4 6 6 -1 4 4 4 6 6 6 6 -1 -1 -1 
2 6 6 6 4 6 -1 6 -1 -1 -1 -1 4 6 6 6 2 2 2 2 
-1 -1 6 4 4 6 6 -1 6 6 -1 4 -1 6 6 2 2 2 2 -1 
-1 4 4 4 4 -1 -1 6 6 6 6 11 11 4 -1 -1 6 -1 6 6 
2 4 4 4 4 -1 6 6 6 6 6 11 -1 -1 4 4 5 2 6 6 
-1 -1 4 4 4 6 6 6 6 -1 6 -1 4 -1 4 -1 5 6 6 2 
5 -1 -1 4 -1 4 6 6 6 6 6 2 4 2 2 4 4 4 2 -1 
5 4 6 4 -1 4 4 6 -1 -1 2 2 -1 -1 4 4 4 4 -1 -1 
5 5 -1 2 6 -1 6 4 -1 4 -1 -1 4 4 4 4 4 4 4 -1 
1 5 -1 -1 6 5 -1 4 4 -1 4 -1 4 4 -1 4 4 -1 4 5 
-1 -1 -1 4 6 4 6 6 -1 -1 2 2 2 -1 -1 -1 -1 6 -1 5 
-1 -1 4 4 4 6 -1 6 -1 2 2 2 2 2 2 5 5 6 6 -1 
5 -1 4 4 -1 4 6 -1 -1 2 2 6 2 2 2 6 6 5 -1 5 
1 4 4 4 -1 4 6 2 2 2 2 -1 2 2 2 2 -1 5 5 5 
1 -1 4 4 4 4 4 2 2 2 2 6 6 -1 -1 1 -1 5 5 1 
1 4 4 4 4 4 32 2 -1 -1 -1 2 -1 -1 -1 -1 1 -1 1 1 
4 4 6 4 4 -1 32 -1 32 -1 4 2 6 -1 -1 -1 -1 1 -1 -1 
4 4 4 4 -1 4 32 32 32 4 -1 -1 6 -1 5 5 -1 -1 9 -1 
4 4 -1 4 4 4 -1 4 -1 4 32 -1 -1 4 2 2 2 -1 -1 -1 
4 4 4 4 -1 4 6 4 4 32 32 32 32 4 2 2 2 2 2 -1 
4 -1 4 4 4 4 -1 -1 32 4 -1 32 4 4 4 2 -1 2 -1 6 
6 4 4 4 4 -1 -1 32 -1 32 32 4 -1 4 4 -1 -1 4 6 6 
6 4 -1 4 4 -1 -1 4 -1 -1 4 4 4 -1 4 4 4 -1 6 4 
4 4 -1 4 4 4 -1 4 4 4 -1 4 -1 4 4 4 4 4 4 4 
4 4 4 4 4 6 4 4 4 -1 2 -1 -1 -1 4 4 4 4 4 4 
4 4 4 4 4 -1 -1 4 4 4 2 2 -1 4 4 4 4 4 4 4 
6 6 4 4 4 -1 4 -1 4 4 4 2 2 4 4 4 6 4 4 4 
4 4 4 4 4 4 -1 -1 -1 -1 -1 2 2 -1 4 6 -1 -1 4 -1 
4 4 -1 4 4 -1 6 4 -1 -1 2 2 4 4 6 -1 6 4 -1 -1 
4 4 -1 -1 6 4 4 6 6 2 2 2 2 -1 -1 4 6 4 -1 -1 
6 -1 6 -1 4 4 4 4 4 4 -1 -1 -1 -1 -1 -1 -1 4 4 4 
4 6 6 4 4 4 4 4 4 4 4 -1 -1 4 4 4 4 -1 4 -1 
6 4 -1 -1 4 32 -1 4 4 4 -1 4 -1 -1 4 -1 4 -1 4 4 
2 2 -1 4 4 4 4 4 4 4 4 -1 4 4 -1 -1 4 4 -1 4 
2 2 4 4 4 4 4 2 4 -1 -1 6 4 -1 4 4 -1 -1 4 -1 
-1 2 4 4 4 2 4 4 4 -1 6 6 -1 -1 -1 -1 4 -1 4 2 
2 2 4 2 2 -1 -1 4 -1 -1 6 -1 -1 -1 -1 -1 -1 4 4 4 
6 6 6 2 2 4 -1 -1 4 6 6 6 7 -1 1 4 -1 4 -1 6 
-1 4 6 4 2 4 4 2 4 4 6 6 2 7 4 4 4 -1 -1 4 
4 4 4 4 2 4 -1 4 4 4 6 -1 4 4 4 4 4 4 4 -1 
-1 4 -1 4 4 2 -1 -1 -1 -1 -1 32 4 4 2 4 4 4 -1 4 
4 -1 4 -1 -1 4 -1 -1 -1 -1 32 32 32 4 6 -1 4 4 6 4 
4 -1 -1 -1 -1 -1 -1 -1 2 2 -1 32 -1 4 4 6 6 4 4 4 
4 -1 4 -1 -1 -1 -1 -1 2 2 2 -1 4 6 6 6 -1 -1 4 4 
4 4 -1 -1 4 4 -1 -1 2 2 2 4 -1 4 4 2 4 6 -1 4 
4 4 -1 4 -1 4 4 -1 -1 2 2 -1 4 4 4 4 4 4 4 4 
4 4 4 -1 4 -1 1 1 -1 2 -1 4 4 4 -1 -1 4 4 4 4 
4 4 -1 4 4 4 4 4 -1 40 4 4 4 4 4 -1 4 4 4 4 
4 4 -1 -1 4 4 -1 -1 40 4 4 4 4 -1 4 4 4 4 4 4 
4 4 -1 -1 -1 4 4 4 4 -1 4 -1 -1 -1 -1 -1 -1 4 4 4 
-1 4 3 3 -1 -1 -1 3 4 4 4 4 -1 6 -1 3 -1 5 -1 -1 
7 4 4 9 -1 -1 -1 4 4 4 4 4 -1 5 -1 -1 4 4 4 -1 
-1 7 6 3 9 -1 -1 4 4 4 4 -1 -1 6 5 4 5 4 4 -1 
-1 4 6 4 -1 9 4 4 4 4 6 4 4 4 6 6 4 4 -1 -1 
4 -1 4 4 9 -1 -1 -1 4 4 6 -1 4 6 4 6 6 6 4 4 
-1 4 4 4 4 4 1 4 4 -1 6 4 4 -1 2 6 6 -1 6 4 
4 4 4 4 4 4 4 4 4 -1 4 1 4 4 -1 -1 4 -1 -1 -1 
-1 4 4 4 4 4 4 4 6 6 4 4 4 4 4 4 3 3 4 2 
4 -1 1 1 -1 4 4 4 6 4 6 -1 4 -1 -1 -1 4 4 4 1 
4 1 2 2 4 4 7 7 -1 -1 -1 6 -1 6 6 -1 4 4 1 -1 
1 1 2 2 -1 2 4 4 7 4 -1 -1 6 6 -1 4 -1 -1 -1 -1 
-1 -1 -1 4 2 7 7 4 7 7 4 -1 6 -1 -1 4 4 4 4 4 
-1 -1 4 4 4 -1 7 7 -1 7 4 4 4 -1 -1 -1 4 4 4 4 
4 4 4 -1 4 -1 7 7 7 4 4 4 4 -1 5 4 6 4 4 4 
4 7 4 1 -1 4 7 -1 4 7 4 6 4 5 -1 -1 4 6 4 4 
4 7 7 4 7 -1 7 4 7 4 -1 4 6 4 -1 -1 6 -1 4 4 
7 4 4 7 7 7 7 -1 4 4 -1 4 4 6 4 4 -1 6 -1 7 
4 6 -1 7 -1 7 7 7 4 4 6 6 -1 4 -1 -1 -1 4 6 -1 
4 -1 -1 7 7 7 7 4 4 4 4 4 -1 6 4 -1 5 5 5 4 
4 -1 -1 7 7 -1 4 -1 4 4 4 4 4 5 -1 5 4 4 -1 -1 
4 4 4 4 5 5 4 4 -1 -1 6 7 6 7 -1 -1 7 6 5 -1 
-1 5 5 5 5 5 5 4 4 4 4 4 6 -1 -1 -1 7 5 5 -1 
5 5 5 5 5 -1 5 4 4 4 4 4 6 -1 -1 3 6 3 5 3 
5 5 5 5 5 5 -1 -1 -1 -1 4 4 6 -1 3 3 3 3 3 -1 
32 4 4 5 5 5 4 3 -1 4 4 1 -1 3 1 3 3 -1 3 3 
4 4 4 -1 -1 5 -1 4 -1 4 -1 3 1 -1 -1 5 5 4 -1 -1 
4 4 4 6 6 -1 -1 4 -1 4 -1 3 3 -1 -1 5 4 4 -1 -1 
-1 4 6 4 6 6 -1 6 4 -1 4 -1 3 3 3 5 5 5 5 -1 
4 4 4 4 6 5 5 -1 5 4 4 4 -1 3 3 5 5 5 5 -1 
42 6 4 4 6 6 5 5 5 5 4 9 3 3 3 5 -1 5 -1 42 
42 42 4 4 6 6 5 2 5 5 9 5 5 3 -1 5 -1 5 5 42 
42 6 -1 5 5 5 -1 5 2 5 5 5 5 5 2 5 5 -1 5 5 
6 -1 5 5 6 5 5 5 5 6 -1 -1 5 5 5 5 5 5 5 5 
5 5 5 -1 -1 2 5 5 5 5 6 6 5 5 5 5 -1 7 5 5 
5 5 5 -1 -1 5 -1 -1 -1 -1 6 6 5 5 5 5 -1 -1 5 -1 
-1 -1 -1 -1 -1 5 5 5 -1 6 6 6 5 -1 5 -1 -1 -1 -1 5 
-1 -1 5 -1 5 4 4 4 -1 6 4 6 6 5 5 5 -1 -1 5 6 
5 5 5 5 5 4 4 -1 4 4 6 6 6 3 5 -1 5 5 -1 6 
5 5 5 5 5 -1 -1 4 -1 6 6 -1 4 6 7 5 5 5 7 6 
-1 -1 4 -1 5 4 5 4 6 6 -1 6 6 6 5 7 5 6 7 5 
3 3 32 32 32 32 32 4 4 -1 5 5 -1 5 11 -1 11 11 11 11 
11 3 4 4 32 32 4 1 4 -1 -1 5 5 11 5 -1 11 11 11 7 
11 11 4 32 32 32 32 1 1 2 -1 5 -1 -1 5 5 11 11 7 7 
5 32 32 4 -1 32 -1 4 1 32 -1 -1 -1 -1 5 5 11 7 4 4 
-1 5 32 -1 32 4 4 4 4 32 32 1 4 -1 36 5 11 11 4 4 
11 11 -1 2 -1 6 6 6 4 4 1 -1 1 36 6 -1 -1 4 4 4 
-1 11 -1 -1 -1 4 -1 6 -1 4 4 4 -1 36 6 6 6 6 4 43 
-1 -1 2 2 4 -1 6 -1 4 8 4 -1 3 -1 -1 6 11 -1 42 11 
-1 2 -1 2 2 -1 -1 4 4 8 -1 3 3 -1 -1 11 -1 11 -1 42 
4 4 4 4 -1 -1 -1 -1 8 8 -1 3 -1 -1 11 11 11 -1 11 -1 
2 2 2 -1 -1 -1 -1 -1 4 4 4 -1 -1 11 11 11 3 11 11 2 
11 2 2 -1 -1 -1 -1 -1 4 4 4 4 -1 -1 4 3 11 11 11 2 
-1 2 -1 -1 -1 4 4 4 -1 4 -1 -1 -1 4 4 11 11 3 11 11 
-1 11 -1 4 -1 4 4 1 4 -1 -1 -1 4 -1 11 4 11 6 11 11 
11 3 3 4 4 -1 -1 -1 1 4 -1 -1 4 -1 -1 11 6 11 11 11 
11 3 3 1 4 -1 4 -1 -1 1 4 4 4 11 6 6 11 11 11 11 
11 4 1 4 4 4 -1 4 4 4 -1 3 -1 -1 10 10 11 11 11 11 
1 11 1 4 4 40 -1 -1 -1 4 4 4 -1 -1 11 3 11 -1 11 3 
1 1 4 4 -1 40 7 4 -1 4 -1 4 -1 11 11 3 3 11 11 3 
-1 3 -1 3 -1 -1 5 5 4 4 5 5 -1 -1 11 -1 3 11 11 11 
6 2 2 2 -1 -1 6 6 -1 6 1 -1 5 1 1 1 -1 1 -1 7 
2 -1 -1 2 4 6 4 6 6 1 6 5 1 1 5 -1 -1 -1 -1 -1 
-1 2 -1 6 -1 6 4 6 6 6 7 5 1 1 5 5 -1 -1 7 2 
2 -1 6 6 6 -1 6 6 6 6 6 4 7 7 -1 -1 -1 4 5 -1 
2 2 -1 2 2 6 6 6 6 6 -1 -1 -1 7 5 -1 7 7 -1 5 
2 2 4 4 2 2 -1 40 4 4 -1 7 7 7 5 7 4 4 2 2 
4 -1 4 4 -1 2 2 4 40 4 6 -1 5 7 7 -1 4 4 4 4 
6 -1 -1 4 2 6 2 6 -1 6 6 -1 8 8 7 6 -1 6 4 6 
-1 -1 -1 4 4 4 8 -1 5 8 5 8 8 -1 4 -1 6 -1 6 4 
-1 4 4 4 4 4 -1 8 8 5 8 5 8 6 6 3 3 6 6 -1 
4 4 3 4 4 -1 -1 8 5 5 5 -1 3 -1 6 2 2 3 3 2 
4 3 3 4 4 -1 -1 -1 -1 -1 5 5 -1 2 6 6 2 6 3 -1 
4 3 3 -1 -1 4 4 -1 -1 5 -1 -1 5 3 -1 5 7 4 3 6 
3 4 -1 -1 4 -1 5 5 3 1 1 -1 3 -1 -1 7 4 7 6 6 
3 3 3 4 5 5 5 -1 -1 3 1 5 4 2 -1 -1 6 -1 6 3 
-1 3 7 3 6 -1 6 6 1 5 5 4 4 5 8 -1 7 7 -1 -1 
6 7 -1 7 4 6 2 2 1 1 1 4 5 -1 6 -1 -1 -1 -1 -1 
6 7 6 -1 7 7 6 1 -1 1 1 1 1 -1 6 -1 2 -1 7 6 
7 6 4 4 6 -1 6 -1 1 6 1 -1 1 1 1 2 2 -1 7 6 
6 6 1 4 -1 -1 4 6 6 -1 -1 1 1 1 1 -1 -1 1 7 -1 
3 2 2 2 2 3 3 3 2 3 3 6 -1 -1 2 2 4 3 2 -1 
-1 -1 -1 -1 -1 3 3 3 3 3 6 4 2 2 2 2 2 2 3 3 
-1 -1 5 -1 -1 3 2 2 2 3 4 5 2 -1 2 2 3 3 3 -1 
2 2 5 5 2 2 2 2 -1 -1 4 5 2 2 2 2 6 3 2 3 
2 2 5 5 2 2 -1 5 2 2 5 2 -1 2 -1 2 2 3 3 2 
2 7 7 6 4 -1 2 2 -1 2 6 -1 -1 -1 -1 2 -1 3 3 -1 
2 2 6 6 4 2 5 5 -1 -1 6 6 40 -1 -1 -1 3 3 2 -1 
-1 6 2 6 6 6 5 2 6 6 -1 -1 -1 40 -1 2 2 -1 2 2 
6 6 2 -1 6 2 2 2 2 2 -1 -1 2 1 1 6 2 2 2 6 
-1 2 -1 6 2 2 2 2 2 2 2 2 -1 1 6 2 2 -1 2 2 
2 2 4 32 32 2 -1 2 -1 2 2 -1 -1 1 1 -1 -1 1 -1 2 
2 4 2 4 -1 -1 2 2 2 2 2 2 2 1 2 1 1 1 2 2 
4 6 2 -1 4 -1 -1 2 2 3 2 2 -1 2 1 -1 1 1 -1 4 
4 4 4 2 -1 -1 2 2 3 3 3 2 3 -1 2 1 2 -1 -1 -1 
2 -1 9 2 -1 8 2 3 3 3 5 -1 2 2 2 4 2 2 6 2 
3 3 9 9 9 -1 -1 3 -1 -1 3 2 2 2 6 3 4 2 2 7 
-1 9 8 9 -1 -1 -1 2 2 2 2 2 2 2 3 -1 3 3 5 5 
-1 -1 -1 8 -1 -1 -1 -1 2 2 2 7 7 2 3 2 3 3 3 2 
2 7 8 -1 2 -1 -1 3 -1 2 -1 6 7 7 2 3 3 3 -1 -1 
2 2 -1 -1 2 -1 -1 -1 3 5 -1 6 7 3 3 3 3 3 -1 2 
3 6 3 3 3 3 2 2 2 2 2 2 -1 2 2 -1 -1 -1 2 6 
4 3 3 3 3 3 -1 -1 -1 2 2 2 2 2 2 -1 -1 2 -1 -1 
4 3 3 -1 3 3 3 -1 2 2 2 2 2 2 -1 -1 2 2 2 4 
9 -1 -1 -1 3 3 3 3 3 2 3 2 2 2 2 2 2 2 2 -1 
-1 9 3 6 2 2 3 3 -1 2 2 2 -1 2 -1 2 2 9 -1 -1 
-1 9 9 -1 4 6 4 4 4 4 -1 -1 2 2 -1 -1 -1 9 -1 -1 
4 2 9 9 9 2 -1 4 4 4 -1 -1 -1 -1 2 3 -1 -1 9 1 
2 4 9 4 6 2 2 4 4 -1 -1 -1 -1 -1 -1 3 3 2 -1 2 
2 6 4 6 2 4 4 4 -1 4 4 -1 2 2 -1 2 2 2 2 2 
2 -1 6 4 4 2 4 33 4 4 4 -1 2 2 -1 -1 2 2 33 2 
-1 -1 4 4 2 2 33 4 4 4 -1 2 2 -1 2 2 6 -1 -1 33 
33 33 33 -1 4 2 33 -1 -1 -1 2 2 6 6 6 2 6 6 6 -1 
6 33 -1 33 9 2 2 2 2 2 2 2 2 6 6 -1 6 6 6 6 
6 -1 33 -1 2 -1 2 2 -1 -1 2 2 2 2 6 6 6 -1 6 6 
6 33 -1 -1 -1 -1 2 2 2 2 2 -1 2 2 -1 6 6 -1 6 6 
6 6 6 2 32 -1 2 2 2 2 -1 2 -1 2 2 3 3 3 6 6 
6 6 -1 -1 -1 32 32 2 2 2 -1 2 2 2 2 2 6 6 -1 6 
6 -1 2 32 6 -1 2 2 2 2 2 2 2 6 -1 3 6 6 6 6 
4 32 32 -1 -1 -1 2 2 -1 -1 2 2 2 2 6 2 6 6 3 2 
6 3 2 -1 3 -1 2 2 2 -1 2 2 2 2 2 6 6 3 6 6 
-1 6 6 6 2 2 2 2 2 2 2 -1 -1 -1 -1 2 2 2 2 2 
6 2 2 2 -1 2 2 2 2 2 2 -1 -1 -1 -1 2 2 2 2 -1 
2 2 2 2 -1 2 2 2 2 -1 2 -1 2 -1 2 2 2 2 -1 -1 
-1 2 1 2 2 2 2 2 2 2 2 2 2 2 5 5 5 2 2 -1 
2 -1 1 2 2 9 2 2 2 2 -1 -1 2 4 2 5 2 2 -1 2 
2 -1 -1 6 2 2 -1 2 2 -1 2 2 -1 5 5 2 2 2 2 2 
2 2 -1 -1 6 -1 33 2 2 -1 2 2 -1 -1 2 5 2 2 2 2 
2 2 -1 2 -1 2 33 -1 2 -1 -1 2 2 -1 2 2 2 2 2 2 
2 2 2 2 -1 2 2 2 -1 -1 -1 2 2 2 -1 2 -1 2 -1 2 
-1 2 2 2 -1 2 2 2 -1 -1 2 -1 2 -1 2 2 2 2 2 2 
2 -1 2 -1 2 2 2 2 -1 33 2 -1 -1 33 4 4 4 4 2 -1 
-1 2 -1 -1 2 2 2 2 33 -1 -1 -1 33 33 4 4 -1 4 -1 2 
2 2 2 2 2 2 2 -1 3 -1 -1 -1 -1 4 4 4 4 -1 2 2 
2 2 2 2 2 6 7 -1 2 -1 2 -1 -1 4 -1 4 -1 41 -1 2 
2 2 2 -1 2 7 6 2 6 2 2 2 4 4 4 -1 4 4 -1 4 
2 2 2 2 2 2 2 6 2 6 -1 -1 3 4 4 4 2 4 2 4 
2 2 2 2 2 2 2 2 -1 -1 2 6 6 4 -1 -1 4 2 4 4 
2 2 2 2 2 2 2 2 2 -1 2 -1 2 2 2 4 4 4 4 2 
-1 -1 -1 2 2 2 2 2 2 2 2 -1 -1 2 -1 2 -1 -1 -1 -1 
-1 2 2 2 2 2 2 2 2 2 2 2 2 2 -1 2 2 2 2 2 
2 4 -1 2 2 6 2 2 6 6 -1 2 2 2 2 2 2 2 10 -1 
4 -1 4 -1 2 2 2 2 2 6 -1 -1 2 2 3 3 4 2 2 4 
4 4 4 2 -1 -1 -1 2 2 2 -1 -1 2 2 3 2 -1 -1 10 4 
4 4 2 2 2 3 2 3 -1 -1 -1 -1 2 -1 -1 33 -1 -1 4 4 
4 4 2 2 -1 -1 2 33 6 6 6 -1 3 -1 33 33 -1 2 2 4 
2 -1 4 2 -1 33 -1 6 -1 -1 6 6 3 6 33 -1 -1 -1 -1 -1 
2 2 2 33 33 33 -1 33 6 6 -1 6 -1 -1 7 -1 -1 -1 -1 -1 
-1 1 1 -1 33 33 3 3 6 6 -1 -1 7 7 -1 -1 -1 -1 33 -1 
-1 33 33 33 33 33 33 33 3 2 2 -1 6 -1 -1 -1 -1 -1 33 -1 
33 -1 33 1 -1 33 -1 2 2 2 -1 6 6 4 -1 -1 -1 33 33 -1 
-1 33 1 1 -1 -1 2 2 2 -1 5 5 5 -1 4 4 4 33 33 -1 
-1 -1 33 1 1 1 3 3 3 41 2 5 5 5 5 4 33 33 33 6 
6 33 -1 1 1 1 3 3 2 2 2 2 2 6 4 33 2 2 33 33 
-1 -1 -1 1 3 1 33 3 2 -1 -1 2 6 6 4 33 4 33 33 -1 
-1 2 2 1 3 2 33 2 3 3 3 2 10 -1 4 -1 2 3 -1 -1 
2 2 2 2 2 2 2 3 3 3 -1 3 6 10 -1 2 -1 -1 3 -1 
2 2 2 2 2 3 2 3 2 2 3 2 2 2 2 2 2 -1 3 3 
2 2 4 2 2 2 2 3 3 3 3 2 2 2 2 -1 -1 3 -1 2 
2 4 4 -1 2 2 2 2 -1 2 3 2 2 3 2 2 -1 3 2 2 
2 4 4 -1 -1 -1 6 6 2 6 2 2 3 3 2 -1 -1 2 2 2 
3 3 3 3 -1 2 -1 -1 -1 -1 -1 -1 -1 -1 -1 41 41 41 -1 -1 
3 3 3 -1 3 2 -1 3 3 -1 -1 -1 4 4 -1 3 41 41 41 41 
3 3 3 -1 3 3 2 -1 -1 -1 -1 -1 4 2 2 -1 3 3 2 41 
2 3 -1 3 2 2 -1 2 -1 2 2 2 -1 -1 2 2 3 3 3 2 
-1 -1 -1 2 2 -1 2 -1 -1 -1 2 -1 -1 -1 2 2 2 3 2 2 
2 -1 -1 3 2 2 -1 -1 -1 -1 -1 2 -1 -1 2 2 -1 -1 3 3 
3 2 3 -1 2 2 -1 -1 2 -1 2 2 -1 2 2 2 -1 3 3 3 
3 2 2 3 3 3 -1 2 2 2 2 2 2 2 2 2 2 3 3 3 
-1 3 2 -1 33 3 33 -1 -1 -1 2 -1 2 2 -1 2 2 2 -1 3 
2 3 2 2 33 33 -1 -1 2 2 2 -1 -1 2 -1 -1 2 2 2 3 
3 2 3 2 -1 -1 -1 -1 -1 2 2 -1 -1 1 -1 -1 3 2 3 3 
2 3 2 2 -1 33 2 -1 2 2 -1 1 1 1 -1 3 3 3 2 3 
2 3 3 3 33 2 33 2 2 2 2 1 1 1 -1 -1 -1 -1 3 3 
-1 8 3 33 33 2 33 33 -1 2 1 -1 1 -1 -1 -1 -1 2 -1 1 
1 8 33 33 33 33 2 -1 -1 2 2 2 -1 -1 2 8 2 2 3 1 
-1 8 8 33 33 33 2 2 2 2 2 2 -1 -1 8 2 8 -1 3 3 
-1 1 1 -1 8 2 2 2 -1 2 2 2 -1 33 33 33 8 8 3 3 
3 3 3 8 8 2 2 2 2 -1 2 -1 33 33 33 -1 33 3 3 3 
3 3 3 3 2 2 2 -1 2 -1 33 2 -1 33 33 33 33 1 3 3 
-1 3 3 3 3 2 -1 4 -1 -1 -1 -1 4 -1 33 41 -1 1 3 3 
-1 40 2 -1 4 4 2 3 -1 1 2 2 -1 33 -1 3 -1 3 4 6 
-1 -1 4 2 4 -1 4 1 3 3 1 33 33 33 33 3 3 4 2 41 
-1 40 4 -1 -1 4 -1 -1 3 1 4 33 33 33 33 33 4 2 -1 -1 
6 4 -1 -1 1 6 3 2 3 2 2 4 4 -1 -1 33 33 2 -1 6 
3 3 -1 1 2 2 2 3 2 1 4 2 -1 -1 33 33 5 6 -1 6 
3 41 1 -1 -1 2 -1 6 6 1 1 6 -1 -1 -1 33 6 -1 6 6 
1 1 -1 -1 1 -1 6 2 6 6 6 2 -1 6 -1 33 33 4 4 4 
6 3 2 1 1 -1 -1 -1 2 6 6 6 4 4 4 4 -1 6 6 6 
3 1 3 3 1 1 2 2 2 2 2 4 4 4 6 4 4 6 1 -1 
3 2 1 3 3 1 -1 2 1 1 -1 2 2 2 2 6 -1 4 4 3 
33 3 33 -1 3 3 -1 3 3 4 4 4 2 -1 2 2 33 33 6 33 
33 33 -1 -1 -1 -1 -1 -1 1 3 4 4 -1 2 1 1 3 33 6 -1 
32 -1 -1 33 33 33 1 -1 1 7 7 4 -1 -1 -1 3 3 -1 33 32 
32 32 -1 1 33 -1 -1 1 -1 7 7 -1 -1 1 3 3 -1 -1 32 32 
32 -1 -1 -1 3 1 1 1 -1 -1 7 -1 -1 1 3 3 1 1 -1 9 
-1 -1 -1 9 -1 1 4 4 3 2 -1 -1 -1 -1 -1 -1 3 1 9 1 
-1 -1 9 9 9 -1 4 4 2 -1 -1 -1 -1 -1 -1 3 -1 9 1 -1 
-1 -1 -1 -1 -1 2 4 2 -1 2 2 -1 2 2 -1 -1 33 41 1 1 
-1 -1 -1 2 -1 4 4 4 2 -1 2 2 33 2 33 -1 41 33 33 6 
40 40 2 2 2 4 4 4 1 2 -1 2 -1 33 33 3 33 3 -1 -1 
33 4 4 6 5 4 5 -1 65 4 -1 4 -1 4 -1 6 4 -1 33 33 
33 33 -1 5 41 41 -1 5 65 65 4 6 4 -1 4 4 6 6 4 33 
33 33 41 -1 41 41 5 -1 -1 65 4 -1 -1 6 -1 -1 4 6 6 4 
-1 41 33 5 41 5 -1 -1 -1 4 41 -1 -1 -1 6 33 4 -1 6 33 
41 41 41 -1 41 -1 -1 -1 4 41 -1 -1 -1 -1 4 6 -1 -1 32 32 
2 41 41 41 41 41 41 -1 41 41 -1 -1 -1 -1 4 -1 6 -1 -1 32 
41 41 41 41 -1 41 2 -1 2 2 -1 -1 -1 -1 -1 -1 -1 9 9 9 
41 41 41 41 41 41 2 2 -1 2 -1 -1 33 33 -1 -1 9 -1 9 41 
9 4 41 3 2 2 41 2 2 2 41 -1 -1 33 33 9 9 9 9 9 
4 4 4 3 3 -1 -1 2 2 6 6 6 32 9 -1 9 9 9 9 6 
6 4 4 3 3 -1 2 2 6 6 6 6 -1 32 9 9 9 -1 2 -1 
6 4 4 4 -1 2 2 -1 6 -1 6 4 4 9 -1 8 -1 9 4 -1 
6 -1 -1 4 4 6 -1 -1 -1 6 4 4 1 1 1 -1 5 6 -1 6 
4 4 4 4 6 6 -1 4 4 6 1 6 1 4 -1 5 5 5 9 9 
9 4 6 -1 4 4 -1 4 4 4 4 1 -1 1 4 5 33 4 5 4 
-1 -1 4 -1 4 -1 5 6 4 -1 4 1 1 1 1 5 4 5 2 5 
-1 33 -1 6 6 4 4 4 6 4 -1 4 1 1 32 32 -1 5 2 2 
33 -1 -1 6 -1 6 4 4 4 4 -1 4 4 6 6 6 2 -1 2 -1 
33 33 4 6 6 6 5 65 2 65 4 -1 6 6 6 4 -1 2 33 -1 
33 -1 6 6 4 4 -1 2 65 -1 4 4 6 4 4 6 4 33 33 33 
2 2 2 2 -1 65 2 2 2 -1 2 8 65 33 33 -1 -1 -1 6 2 
2 -1 2 -1 -1 -1 65 -1 2 2 65 2 65 33 4 -1 -1 65 2 2 
2 2 2 -1 -1 -1 33 2 65 65 65 -1 65 65 65 4 65 65 2 65 
-1 2 2 2 2 -1 65 65 2 -1 65 65 65 65 6 65 34 65 65 -1 
2 2 2 2 -1 -1 -1 65 65 65 65 -1 -1 89 65 34 -1 -1 -1 -1 
1 1 -1 1 1 65 65 65 65 65 65 65 65 65 1 6 6 65 65 -1 
-1 -1 1 1 -1 65 5 65 65 65 65 65 65 65 6 1 65 65 65 65 
-1 9 9 1 1 5 1 65 -1 65 65 65 65 65 65 -1 65 65 -1 65 
9 -1 1 1 1 1 65 65 65 65 -1 65 -1 33 65 9 9 9 65 33 
9 9 -1 8 1 1 1 65 4 -1 -1 33 33 -1 -1 65 -1 65 33 -1 
-1 33 -1 -1 -1 1 1 -1 4 65 -1 33 81 33 -1 -1 65 33 33 -1 
33 -1 33 2 2 2 -1 1 1 65 33 81 33 33 33 33 -1 33 33 33 
-1 2 -1 2 2 2 -1 2 2 2 65 33 2 33 33 33 33 33 33 33 
33 2 2 2 2 2 2 2 2 65 2 2 -1 33 -1 33 33 33 33 33 
2 33 -1 2 2 2 2 2 2 2 2 2 2 33 33 33 33 33 33 -1 
33 2 2 2 2 2 -1 2 2 2 2 2 33 33 33 33 33 33 33 33 
33 2 2 2 2 2 2 2 2 2 2 2 2 33 33 33 33 33 33 33 
-1 -1 2 2 2 2 2 -1 2 2 2 -1 33 4 33 33 33 33 33 -1 
2 -1 2 2 2 -1 -1 -1 2 -1 2 -1 65 33 4 33 33 33 33 -1 
2 2 2 -1 -1 2 2 2 2 -1 8 8 -1 65 33 33 33 33 33 -1 
41 41 7 -1 -1 33 4 4 8 33 -1 8 8 1 -1 1 1 33 33 -1 
7 7 8 -1 -1 4 4 4 2 8 1 -1 8 1 -1 1 8 8 8 33 
-1 8 8 -1 -1 -1 -1 1 33 2 2 8 8 8 1 -1 8 -1 8 -1 
-1 8 8 8 4 -1 33 33 -1 33 2 8 8 1 1 1 1 -1 33 33 
-1 8 8 8 -1 -1 33 -1 33 33 8 -1 8 -1 33 1 1 1 -1 8 
-1 8 8 8 -1 -1 -1 -1 33 33 33 -1 2 8 33 -1 1 8 8 8 
8 8 8 8 -1 -1 -1 -1 33 2 -1 2 2 2 -1 33 1 8 8 8 
-1 2 2 -1 2 2 2 -1 -1 -1 2 2 2 -1 33 33 -1 -1 8 5 
4 -1 -1 8 2 2 -1 2 8 2 2 2 -1 -1 2 2 33 33 5 -1 
2 -1 -1 8 8 -1 2 2 8 2 2 8 -1 -1 5 33 -1 -1 -1 4 
-1 2 2 2 -1 -1 8 8 2 2 -1 8 -1 5 5 33 9 -1 33 1 
1 2 2 -1 8 -1 8 5 -1 -1 2 2 -1 -1 9 9 9 33 -1 33 
-1 2 2 8 8 2 -1 5 -1 -1 -1 2 -1 1 9 9 -1 -1 33 8 
8 8 8 8 -1 -1 8 2 5 2 -1 2 2 1 1 1 -1 9 33 6 
8 -1 4 4 -1 8 8 1 2 2 2 -1 1 -1 41 -1 -1 5 -1 -1 
-1 6 -1 4 4 1 1 8 8 8 8 -1 -1 -1 -1 41 -1 8 -1 8 
-1 -1 -1 4 4 4 -1 1 8 -1 8 8 -1 -1 8 41 -1 8 8 -1 
-1 -1 -1 33 4 8 8 8 -1 8 -1 8 8 1 1 8 8 8 -1 -1 
41 33 33 -1 33 -1 8 4 8 -1 -1 -1 8 8 41 41 1 33 -1 41 
41 41 -1 -1 -1 33 -1 33 4 -1 -1 8 -1 -1 -1 1 1 1 33 -1 
2 2 -1 4 -1 -1 -1 3 1 3 3 -1 -1 2 2 -1 2 2 2 2 
-1 -1 2 2 4 5 -1 -1 -1 3 3 2 2 2 2 3 9 9 2 2 
-1 -1 2 2 -1 3 4 5 5 -1 3 -1 2 2 2 2 3 2 2 -1 
2 6 6 6 -1 3 4 5 3 3 5 2 -1 2 2 2 2 2 2 -1 
2 -1 6 -1 6 -1 3 3 3 4 5 5 2 -1 -1 -1 2 2 2 2 
-1 -1 -1 -1 -1 3 3 3 -1 4 5 5 2 33 -1 2 2 2 2 -1 
2 -1 32 32 -1 14 3 9 -1 4 -1 -1 41 -1 33 2 2 4 2 -1 
33 2 32 32 2 3 9 -1 4 -1 4 41 8 4 2 2 2 2 2 2 
-1 -1 1 2 32 9 -1 33 33 -1 41 41 -1 8 41 -1 -1 -1 2 2 
2 2 2 2 2 -1 8 2 41 2 4 4 4 41 41 -1 -1 2 2 2 
2 2 2 2 8 8 8 -1 2 41 41 4 4 -1 41 -1 2 33 -1 -1 
-1 -1 6 6 9 9 9 -1 14 41 41 4 3 41 41 -1 33 33 33 33 
-1 -1 -1 2 8 8 4 14 14 -1 41 3 -1 41 -1 -1 -1 33 -1 -1 
-1 -1 -1 2 2 2 2 4 -1 -1 4 3 -1 2 2 2 33 33 33 -1 
2 2 -1 -1 2 -1 2 2 4 -1 -1 -1 -1 2 2 2 -1 33 33 -1 
2 2 -1 5 2 2 -1 2 2 2 -1 -1 -1 -1 33 2 2 2 33 33 
2 2 -1 -1 2 -1 -1 2 -1 2 -1 3 -1 33 33 33 2 2 2 2 
2 -1 -1 2 2 -1 -1 -1 -1 3 3 3 3 3 33 33 2 33 -1 33 
33 -1 5 2 -1 2 -1 3 3 3 3 3 3 4 4 33 33 -1 33 33 
2 2 -1 -1 -1 -1 3 3 3 1 3 3 -1 3 3 1 2 2 2 2 
-1 4 -1 4 5 -1 4 5 4 2 2 2 3 2 3 1 4 -1 -1 4 
4 4 -1 -1 4 4 4 4 5 2 2 -1 2 -1 -1 3 2 4 -1 -1 
-1 -1 -1 4 4 4 5 -1 -1 2 4 2 3 3 2 2 3 -1 -1 -1 
-1 -1 -1 4 4 -1 5 -1 4 5 3 3 3 3 -1 2 3 -1 -1 7 
-1 -1 2 6 2 41 5 5 9 2 -1 3 3 3 -1 -1 3 -1 7 7 
41 41 6 6 41 41 5 41 5 9 2 2 3 2 2 -1 3 -1 7 7 
7 7 41 41 -1 41 33 41 41 9 2 2 2 6 2 3 3 3 -1 7 
7 33 41 41 41 33 -1 -1 2 2 2 2 6 6 -1 -1 3 4 3 4 
41 33 41 -1 41 -1 41 2 2 2 2 -1 6 3 5 -1 4 4 4 4 
4 41 33 -1 -1 41 -1 41 2 2 -1 5 5 5 3 -1 3 4 3 4 
41 -1 33 -1 5 5 41 6 -1 2 2 4 2 2 2 2 3 3 -1 3 
41 -1 -1 -1 -1 5 -1 5 6 2 2 2 2 2 2 2 -1 -1 33 -1 
33 -1 -1 -1 -1 -1 4 4 -1 6 3 -1 2 -1 -1 3 3 3 3 33 
33 -1 -1 -1 -1 -1 -1 5 -1 3 -1 -1 2 -1 -1 3 3 3 -1 33 
-1 -1 -1 -1 -1 3 -1 -1 3 -1 5 5 4 2 3 2 -1 -1 -1 -1 
-1 -1 2 -1 -1 -1 3 2 -1 3 5 4 4 2 -1 -1 2 2 -1 -1 
-1 -1 -1 -1 -1 3 2 -1 2 5 2 -1 5 4 -1 2 2 41 3 -1 
-1 4 2 -1 3 -1 -1 -1 4 5 5 2 2 2 2 -1 2 41 6 -1 
4 4 2 2 -1 -1 5 -1 -1 5 2 2 2 2 -1 -1 2 -1 41 4 
4 4 4 -1 5 4 5 -1 5 -1 5 2 3 -1 2 2 2 -1 -1 -1 
4 4 4 4 4 44 4 -1 4 -1 2 2 -1 4 6 6 4 4 4 -1 
4 4 -1 4 4 44 4 -1 2 4 2 -1 4 -1 4 4 -1 4 4 4 
4 4 45 45 -1 44 2 2 2 2 2 -1 4 8 -1 -1 -1 4 -1 4 
4 4 -1 -1 -1 2 4 -1 -1 6 2 4 2 4 8 -1 4 -1 4 4 
4 4 -1 -1 -1 2 -1 -1 10 -1 2 2 4 4 4 4 4 4 -1 4 
4 -1 -1 -1 -1 2 -1 -1 -1 -1 2 2 2 4 4 4 4 4 4 4 
4 -1 -1 -1 -1 2 41 -1 4 4 -1 6 4 4 4 -1 -1 4 4 4 
4 4 -1 -1 4 4 4 4 5 5 -1 -1 2 -1 -1 4 4 4 -1 4 
-1 4 4 4 4 4 5 5 5 5 -1 2 2 -1 4 4 4 4 6 -1 
-1 -1 4 -1 4 4 -1 -1 5 -1 2 2 -1 -1 -1 5 5 -1 6 -1 
-1 -1 -1 -1 5 4 5 4 -1 -1 -1 2 2 -1 -1 4 5 4 -1 -1 
-1 -1 -1 -1 -1 -1 5 4 -1 4 5 2 6 2 4 4 4 -1 -1 3 
4 4 -1 -1 4 4 -1 5 4 5 4 4 2 6 -1 4 -1 4 3 4 
4 -1 -1 4 4 4 4 -1 5 5 4 4 4 -1 3 -1 3 6 6 4 
-1 -1 4 4 -1 4 -1 5 4 4 4 4 4 3 1 3 3 6 -1 -1 
4 2 4 4 4 -1 -1 5 -1 -1 4 4 4 4 3 -1 4 -1 6 4 
4 4 4 4 4 -1 4 4 4 -1 4 4 -1 4 3 1 -1 -1 -1 4 
4 4 -1 -1 -1 4 5 4 -1 4 4 4 4 4 1 1 1 4 4 4 
-1 4 -1 4 -1 4 5 -1 -1 4 4 4 4 4 6 1 -1 -1 4 4 
-1 -1 4 4 4 -1 4 4 -1 4 8 2 -1 4 6 -1 6 6 4 4 
4 4 -1 6 -1 5 5 -1 -1 5 5 5 5 -1 4 -1 6 -1 5 5 
6 -1 -1 -1 -1 6 5 5 5 4 -1 5 5 5 5 5 -1 -1 -1 4 
6 5 -1 -1 6 -1 -1 4 4 -1 -1 5 5 6 -1 6 -1 4 4 6 
-1 -1 5 5 1 1 5 4 -1 -1 -1 5 5 -1 6 4 4 -1 6 4 
-1 -1 5 5 5 5 6 6 -1 -1 -1 5 5 5 6 6 4 6 4 6 
-1 6 5 5 -1 4 5 6 6 -1 -1 4 -1 -1 6 6 6 4 6 6 
-1 5 6 -1 4 5 6 4 4 4 4 -1 4 6 4 4 4 4 4 -1 
-1 6 5 5 4 4 -1 -1 6 4 4 4 -1 -1 4 -1 -1 4 4 -1 
5 5 -1 4 5 5 -1 6 -1 4 4 -1 4 4 -1 -1 4 4 4 -1 
5 -1 -1 -1 2 -1 -1 4 -1 4 4 4 -1 4 -1 4 -1 5 4 4 
4 4 2 2 2 -1 4 4 -1 -1 4 4 4 -1 4 4 4 -1 6 6 
-1 4 -1 -1 -1 -1 4 4 4 4 4 4 -1 4 4 4 6 6 6 -1 
-1 4 4 4 -1 -1 4 4 4 4 4 4 4 -1 4 -1 6 -1 6 6 
6 -1 4 4 6 6 4 4 4 4 4 4 -1 -1 -1 -1 4 4 -1 6 
6 -1 4 41 41 6 4 4 4 -1 -1 4 4 4 -1 4 4 6 4 6 
6 -1 -1 41 -1 41 6 4 4 4 -1 4 4 3 -1 4 4 9 6 6 
6 -1 -1 -1 4 4 4 4 4 4 -1 -1 3 3 4 -1 9 9 -1 6 
3 3 -1 4 -1 4 4 4 -1 -1 -1 -1 -1 -1 -1 9 4 9 -1 -1 
-1 5 -1 -1 -1 -1 4 -1 -1 5 5 -1 -1 -1 -1 4 4 4 3 3 
5 5 -1 -1 -1 4 -1 4 5 5 5 5 -1 -1 -1 -1 4 6 -1 5 
6 -1 4 4 4 -1 4 4 4 4 4 4 -1 2 2 4 -1 -1 6 6 
-1 4 4 4 -1 4 4 4 4 -1 4 4 4 4 -1 4 4 -1 5 5 
-1 4 -1 -1 -1 4 4 4 -1 4 -1 -1 4 4 4 4 4 4 -1 -1 
4 -1 4 4 4 4 4 4 4 4 4 4 4 -1 4 4 -1 -1 4 -1 
2 -1 -1 -1 4 4 4 4 4 4 4 4 4 4 -1 4 4 4 -1 2 
4 -1 -1 -1 -1 -1 4 4 4 4 4 4 -1 4 4 -1 4 4 2 4 
4 -1 -1 -1 -1 -1 -1 4 4 4 4 4 4 -1 4 -1 -1 4 4 2 
-1 4 4 -1 -1 6 6 4 4 4 4 4 4 4 4 -1 -1 4 6 -1 
4 4 6 4 -1 4 4 4 -1 4 4 4 4 6 4 4 -1 -1 -1 -1 
4 -1 4 -1 4 -1 -1 4 5 -1 4 4 4 6 -1 -1 -1 -1 -1 3 
4 -1 4 4 -1 4 5 5 -1 -1 4 4 6 -1 6 -1 -1 6 4 4 
-1 4 4 4 -1 -1 -1 5 5 -1 -1 4 -1 6 -1 4 4 4 -1 -1 
-1 4 4 -1 -1 4 -1 5 3 5 4 -1 6 6 6 4 4 4 -1 -1 
4 4 6 -1 4 4 5 4 3 5 4 6 6 6 4 4 6 -1 4 4 
4 6 6 4 4 -1 -1 -1 4 -1 4 4 -1 -1 6 2 2 6 6 6 
6 6 6 -1 -1 -1 4 -1 -1 6 6 4 6 6 6 2 2 6 6 4 
6 6 6 6 -1 -1 -1 4 4 4 6 -1 -1 6 6 2 6 2 4 6 
6 6 6 4 4 4 4 4 4 4 6 4 6 6 2 -1 6 6 2 6 
6 6 6 4 4 4 4 4 -1 -1 4 6 -1 -1 -1 -1 2 6 -1 6 
6 6 4 6 6 4 4 -1 4 4 -1 4 6 -1 4 4 6 -1 6 6 
-1 4 6 6 6 6 6 -1 6 6 6 6 6 6 4 6 -1 4 4 4 
-1 4 6 6 6 6 -1 6 2 6 6 6 2 4 4 4 4 6 -1 -1 
-1 -1 6 -1 -1 -1 6 6 6 2 -1 2 -1 4 6 6 6 4 6 4 
4 4 4 2 -1 6 2 -1 -1 2 3 3 2 6 6 4 4 4 4 5 
2 4 4 -1 2 2 2 -1 3 3 2 2 -1 6 5 5 4 4 5 2 
2 6 6 2 2 -1 2 -1 -1 3 2 2 6 3 -1 6 4 4 -1 4 
4 2 6 6 -1 2 6 2 3 6 2 2 3 -1 3 4 -1 4 4 4 
2 -1 2 2 2 2 2 6 3 6 4 4 3 3 -1 -1 -1 3 4 4 
2 2 2 2 2 2 6 3 3 3 6 3 -1 -1 6 -1 3 3 3 5 
2 2 2 -1 -1 6 -1 6 3 3 3 -1 -1 6 -1 3 3 6 -1 6 
2 4 -1 2 2 3 3 3 4 6 6 6 -1 6 6 4 4 3 6 6 
4 4 4 2 2 -1 3 3 3 -1 6 4 -1 4 6 6 6 6 6 6 
6 4 3 4 4 6 4 3 3 6 4 -1 6 4 -1 6 6 4 6 6 
-1 3 4 3 4 -1 3 4 4 6 -1 -1 -1 6 6 4 4 6 -1 4 
6 -1 3 4 3 3 3 -1 6 6 -1 4 6 6 6 -1 6 4 4 4 
4 6 6 3 3 3 3 6 -1 4 4 6 4 -1 6 -1 6 6 4 4 
4 6 6 3 6 6 6 6 6 -1 4 6 4 6 6 6 4 6 -1 6 
4 6 -1 6 6 6 6 6 6 4 4 33 4 6 6 6 4 4 6 6 
4 -1 6 6 6 -1 6 6 6 -1 6 6 33 6 6 -1 6 6 -1 4 
6 6 6 6 6 6 6 6 -1 6 6 6 6 6 6 6 6 6 2 4 
6 5 -1 -1 -1 -1 6 -1 -1 4 4 6 4 4 -1 4 -1 4 4 -1 
6 -1 -1 6 -1 -1 4 6 -1 6 -1 6 6 4 -1 5 5 4 -1 -1 
6 32 6 6 -1 -1 6 4 -1 4 -1 -1 6 4 4 5 5 6 -1 -1 
32 6 32 -1 6 -1 6 2 6 -1 6 -1 6 6 6 4 6 5 6 -1 
6 6 32 6 6 6 6 -1 2 6 -1 4 4 4 4 4 6 32 6 32 
32 -1 -1 6 6 -1 -1 2 6 4 6 6 6 4 4 4 32 32 6 6 
-1 32 32 32 32 -1 -1 6 6 4 -1 5 4 6 4 4 32 32 -1 32 
-1 -1 32 32 -1 32 -1 -1 6 6 6 5 4 4 6 6 -1 4 33 -1 
33 -1 -1 32 32 32 32 32 6 -1 6 6 4 8 4 6 -1 5 33 33 
6 33 32 -1 -1 6 32 4 -1 -1 6 6 4 4 4 6 5 5 33 33 
33 6 -1 6 -1 6 32 -1 6 -1 6 6 6 6 6 6 5 5 5 -1 
-1 6 -1 4 4 6 6 6 4 4 -1 4 6 -1 -1 -1 -1 4 5 -1 
6 -1 6 4 4 -1 4 6 4 6 4 6 4 4 -1 -1 4 6 5 -1 
-1 4 4 6 -1 6 4 4 -1 6 6 6 6 4 4 4 4 5 -1 -1 
-1 -1 6 6 4 5 4 4 6 -1 4 -1 6 2 2 4 6 3 -1 2 
6 -1 6 4 6 6 6 4 36 4 6 6 6 4 4 7 6 -1 -1 2 
2 -1 4 4 4 -1 -1 36 6 4 6 4 6 -1 6 -1 -1 4 4 2 
-1 2 1 -1 6 4 6 6 -1 -1 6 4 -1 4 -1 -1 4 -1 4 -1 
-1 -1 4 1 4 3 -1 4 6 4 4 4 4 4 4 -1 -1 -1 -1 4 
-1 4 5 4 6 6 6 4 6 6 6 6 6 6 4 -1 -1 -1 -1 4 
6 6 6 6 7 6 8 -1 -1 -1 40 6 -1 6 6 6 -1 6 6 6 
-1 6 6 6 7 11 8 11 4 32 -1 32 6 6 6 5 -1 6 6 6 
2 -1 6 6 6 8 11 32 6 4 2 2 2 6 7 -1 6 6 6 6 
-1 -1 -1 6 6 -1 3 -1 6 6 6 2 2 7 7 7 -1 -1 6 2 
-1 -1 4 4 6 -1 3 8 6 6 2 -1 2 4 2 2 2 2 6 2 
6 6 -1 -1 -1 -1 8 3 6 6 6 -1 -1 4 4 2 2 2 1 1 
1 -1 -1 -1 -1 -1 -1 8 8 -1 -1 6 2 2 3 -1 2 -1 -1 2 
2 32 -1 6 6 -1 -1 -1 8 -1 6 2 8 2 3 2 2 3 2 2 
32 6 6 6 6 6 6 -1 -1 -1 5 8 -1 -1 3 -1 2 -1 3 2 
32 -1 4 2 6 6 6 6 5 5 6 6 6 8 -1 3 8 3 3 32 
2 2 6 4 2 6 6 5 6 6 2 6 -1 8 8 8 -1 2 3 2 
-1 6 -1 6 6 6 6 6 -1 6 6 33 8 4 6 6 8 -1 2 3 
4 6 6 6 6 6 7 7 6 6 6 6 -1 -1 4 6 8 6 6 2 
6 -1 4 6 6 6 6 6 5 32 32 6 40 6 6 6 8 -1 6 6 
6 6 6 6 -1 6 6 6 6 32 -1 -1 40 40 4 6 8 6 4 -1 
-1 6 6 -1 -1 6 6 7 6 6 -1 -1 40 40 6 -1 -1 -1 6 4 
6 6 -1 6 -1 6 6 7 6 6 6 -1 -1 40 6 6 -1 4 -1 6 
6 6 6 6 6 6 7 6 6 6 6 40 40 6 6 6 4 4 6 6 
6 6 6 6 6 7 7 6 7 6 4 40 6 6 6 4 4 -1 -1 6 
6 6 6 6 7 7 7 7 -1 -1 -1 40 6 6 6 6 -1 -1 6 6 
1 2 -1 8 -1 8 5 -1 4 4 4 4 3 2 -1 3 3 1 1 1 
6 8 8 8 -1 2 -1 -1 -1 8 8 1 1 3 -1 3 1 -1 1 1 
2 2 2 2 -1 2 2 8 8 4 8 1 1 3 -1 1 1 6 7 7 
-1 6 2 2 2 -1 -1 8 8 8 1 1 3 3 3 1 6 7 7 40 
6 6 2 2 2 2 2 2 8 8 1 3 3 3 -1 1 7 7 40 6 
6 6 7 7 2 2 2 2 8 8 6 3 3 1 -1 -1 -1 40 40 41 
41 6 6 -1 2 2 2 -1 2 2 -1 3 3 -1 1 41 -1 41 41 41 
6 6 2 2 2 8 2 -1 7 2 2 2 2 3 -1 1 41 41 -1 6 
2 6 -1 2 8 2 8 33 2 2 2 2 2 -1 -1 1 41 41 6 3 
2 -1 -1 -1 8 8 2 2 33 2 2 -1 -1 4 4 4 41 41 6 6 
6 2 -1 2 2 2 2 33 2 -1 6 6 -1 6 -1 7 7 -1 6 4 
6 -1 -1 2 7 8 -1 -1 6 4 5 -1 4 6 -1 -1 8 7 -1 4 
6 3 -1 -1 7 -1 8 -1 -1 6 2 -1 4 4 6 6 8 8 4 6 
6 3 2 4 8 -1 8 -1 -1 2 -1 -1 4 -1 6 4 4 4 6 6 
6 3 2 8 -1 -1 -1 8 8 2 2 4 -1 4 4 -1 6 6 6 6 
-1 -1 -1 8 9 -1 8 -1 8 -1 32 32 6 -1 4 4 4 6 6 6 
3 3 -1 -1 9 9 -1 -1 32 32 32 4 4 6 6 -1 -1 6 6 6 
3 3 -1 8 8 -1 9 4 -1 32 4 4 32 -1 6 2 6 6 6 6 
-1 -1 -1 8 8 33 9 4 4 4 4 4 4 -1 -1 2 2 6 6 1 
2 -1 -1 8 8 -1 -1 4 4 -1 4 4 4 4 2 3 6 1 6 1 
4 4 4 2 2 -1 1 2 1 1 -1 -1 -1 -1 1 2 2 4 4 4 
4 4 4 -1 6 -1 1 1 1 1 1 1 -1 -1 -1 1 1 1 4 4 
4 4 4 4 42 4 -1 1 -1 3 1 1 1 1 -1 1 4 4 4 4 
4 4 4 4 4 42 -1 6 3 3 3 1 -1 1 1 1 -1 1 4 4 
1 1 4 4 3 4 6 -1 -1 -1 -1 -1 -1 1 1 1 -1 1 1 -1 
1 1 6 -1 3 6 -1 8 6 -1 5 -1 1 1 1 1 1 2 -1 -1 
1 1 1 3 6 4 4 6 4 4 -1 3 8 -1 5 1 1 4 -1 1 
1 1 1 4 3 4 4 4 4 2 2 8 -1 -1 5 -1 4 4 -1 -1 
-1 1 1 4 4 4 4 4 4 8 8 -1 8 5 5 5 -1 -1 -1 -1 
1 1 -1 -1 4 4 4 3 4 2 -1 6 6 8 -1 5 5 4 4 -1 
2 1 1 -1 4 4 4 3 2 2 6 8 8 8 5 6 -1 2 2 2 
-1 1 -1 4 2 4 -1 -1 5 5 5 -1 -1 8 -1 6 6 2 2 1 
4 -1 4 4 2 2 2 4 5 -1 4 -1 6 6 6 -1 -1 -1 1 4 
2 2 4 -1 -1 2 4 -1 -1 -1 6 4 6 6 -1 -1 -1 -1 -1 2 
-1 2 -1 -1 -1 -1 2 2 2 6 4 -1 6 6 6 -1 -1 6 2 2 
4 -1 -1 2 -1 -1 -1 -1 4 4 1 6 6 6 1 -1 6 2 2 2 
-1 -1 2 -1 2 2 -1 4 4 -1 1 1 1 1 6 1 -1 6 2 2 
2 2 4 4 2 2 2 2 -1 -1 -1 1 4 1 4 2 6 2 2 -1 
2 6 4 3 2 -1 -1 -1 -1 -1 -1 4 1 4 1 1 1 2 2 -1 
6 4 4 4 -1 2 2 -1 -1 -1 -1 -1 -1 1 1 1 1 2 -1 4 
4 4 2 4 5 -1 -1 -1 -1 2 -1 2 2 2 2 2 4 4 -1 -1 
-1 2 5 2 -1 -1 -1 -1 1 1 2 2 3 2 4 2 4 4 -1 2 
2 -1 7 7 2 4 -1 1 1 1 2 2 -1 4 4 4 1 1 -1 2 
-1 5 5 7 -1 4 6 -1 1 2 1 1 1 2 5 -1 1 1 -1 -1 
-1 4 7 -1 7 6 -1 1 -1 1 1 1 2 5 5 1 4 -1 4 -1 
-1 7 4 7 7 -1 7 38 1 1 -1 33 -1 -1 1 1 4 10 4 4 
4 4 7 2 -1 7 7 38 38 -1 33 33 33 1 1 -1 1 10 10 10 
4 7 -1 7 2 38 7 7 -1 -1 33 33 -1 4 -1 1 -1 -1 10 10 
-1 7 7 7 -1 38 -1 33 4 -1 -1 -1 4 8 8 -1 8 -1 -1 10 
10 -1 3 3 33 33 4 4 4 -1 -1 -1 4 8 8 8 -1 -1 10 10 
-1 3 -1 3 3 3 4 4 4 -1 -1 -1 4 8 8 8 -1 10 10 -1 
3 3 -1 -1 3 3 -1 4 3 -1 4 4 -1 4 -1 -1 10 -1 -1 10 
6 -1 -1 33 3 33 3 3 33 4 4 4 4 4 4 -1 -1 -1 6 -1 
6 6 -1 6 33 -1 33 33 33 -1 -1 4 4 4 4 -1 -1 -1 -1 6 
6 -1 6 -1 33 7 3 4 33 -1 4 -1 4 -1 4 -1 -1 6 6 -1 
6 6 6 -1 -1 3 3 7 4 4 4 4 4 4 4 6 4 6 6 -1 
6 6 6 -1 2 -1 7 3 3 7 4 -1 4 4 -1 -1 6 -1 2 6 
6 -1 6 2 2 -1 -1 -1 7 7 4 4 4 -1 2 -1 2 2 -1 6 
4 4 -1 2 2 2 2 -1 -1 5 2 2 2 -1 2 2 2 -1 4 -1 
-1 2 4 4 5 2 -1 -1 5 -1 -1 2 -1 -1 2 2 4 4 4 -1 
1 1 1 6 6 6 6 -1 2 -1 34 2 2 2 2 2 -1 -1 -1 -1 
-1 -1 -1 -1 -1 -1 6 -1 -1 2 2 2 2 2 2 -1 -1 -1 -1 -1 
-1 -1 -1 -1 -1 8 8 -1 2 9 2 2 2 2 2 2 2 -1 -1 1 
2 -1 2 2 2 2 8 8 9 -1 2 2 2 2 -1 2 2 2 2 2 
7 2 -1 2 4 -1 4 -1 8 -1 9 2 2 2 2 -1 2 2 2 2 
-1 2 2 2 2 -1 4 -1 -1 9 6 -1 9 2 2 2 -1 2 2 -1 
2 2 2 2 -1 -1 4 38 -1 6 -1 9 9 -1 -1 -1 -1 -1 2 2 
-1 1 2 2 -1 4 38 32 -1 6 6 -1 -1 -1 -1 -1 -1 -1 2 2 
2 1 2 -1 -1 2 32 38 -1 -1 -1 9 9 -1 2 2 2 -1 2 -1 
2 2 1 2 2 -1 2 38 -1 6 6 9 9 2 2 2 2 2 2 2 
2 -1 2 2 2 2 -1 38 6 38 38 6 6 -1 -1 -1 2 2 -1 2 
1 2 -1 -1 38 -1 -1 38 38 38 -1 6 -1 6 -1 2 2 2 2 2 
2 2 38 -1 42 38 38 38 38 38 5 5 -1 2 2 -1 -1 2 -1 -1 
2 2 -1 38 42 42 8 38 38 5 38 -1 6 2 2 2 -1 -1 -1 2 
-1 2 2 38 38 42 38 38 38 4 -1 -1 2 2 2 -1 -1 9 -1 -1 
-1 -1 -1 -1 38 38 38 38 38 -1 4 2 -1 -1 -1 9 9 2 9 -1 
-1 2 -1 34 34 38 -1 38 34 5 5 -1 1 -1 9 -1 4 4 4 -1 
-1 2 -1 1 34 6 -1 6 34 1 1 1 1 2 -1 4 4 2 -1 7 
2 1 1 1 1 6 6 -1 34 -1 1 1 1 1 2 4 2 2 2 2 
-1 1 6 -1 6 6 6 6 34 34 1 -1 1 -1 -1 2 2 -1 -1 -1 
4 4 6 6 4 -1 -1 4 -1 -1 -1 2 -1 -1 -1 5 5 -1 -1 4 
4 4 -1 6 4 -1 4 4 4 -1 -1 -1 -1 -1 -1 5 -1 -1 4 4 
-1 -1 4 4 4 4 34 4 4 34 -1 34 -1 34 34 -1 -1 -1 6 -1 
-1 4 2 2 2 -1 -1 34 34 -1 34 34 34 -1 35 4 -1 -1 -1 6 
2 2 2 2 -1 -1 4 -1 -1 -1 -1 34 -1 35 -1 4 4 4 -1 -1 
-1 -1 2 2 -1 4 4 4 4 -1 -1 34 34 35 -1 2 4 -1 2 2 
5 -1 -1 -1 -1 2 4 4 4 2 34 2 -1 2 2 2 4 -1 2 2 
-1 5 -1 -1 2 2 2 -1 2 2 34 2 2 2 2 -1 -1 4 -1 -1 
4 5 5 7 1 2 4 -1 2 2 2 2 2 2 4 -1 4 -1 -1 -1 
4 4 7 7 1 1 4 -1 4 4 2 2 -1 -1 2 4 5 2 -1 5 
5 4 34 -1 7 2 2 -1 4 4 4 -1 2 2 2 5 5 5 4 5 
4 4 5 34 2 2 2 7 -1 -1 4 2 2 2 2 5 5 5 4 5 
5 5 5 -1 2 6 6 2 7 -1 4 4 2 2 2 -1 5 5 5 5 
-1 5 -1 -1 1 -1 -1 6 6 2 4 2 2 4 2 2 5 5 5 5 
5 -1 6 -1 1 1 7 -1 7 7 2 -1 4 2 -1 2 5 5 5 5 
-1 5 6 6 1 7 6 6 6 2 2 2 -1 2 -1 -1 -1 3 5 5 
-1 5 6 6 1 4 6 4 6 -1 2 -1 -1 33 5 5 5 -1 3 5 
2 6 6 -1 4 -1 4 6 6 6 -1 -1 -1 -1 33 5 5 -1 5 2 
-1 -1 4 -1 -1 2 6 6 -1 -1 2 2 -1 33 3 3 6 5 2 6 
6 4 6 6 -1 2 -1 1 -1 -1 2 2 -1 3 5 6 -1 5 -1 2 
6 2 6 6 -1 -1 -1 -1 3 3 3 6 -1 -1 -1 4 6 -1 -1 3 
4 6 2 -1 -1 -1 -1 3 3 3 -1 -1 -1 -1 3 6 1 -1 3 -1 
-1 -1 -1 -1 5 5 -1 3 3 3 6 -1 -1 -1 3 6 -1 -1 3 6 
-1 -1 -1 -1 -1 5 -1 -1 3 6 3 -1 33 -1 -1 -1 -1 -1 -1 -1 
3 3 6 5 5 5 5 3 3 -1 -1 3 -1 3 6 6 -1 -1 -1 -1 
3 3 3 6 5 5 5 3 5 3 33 -1 33 33 2 -1 -1 -1 -1 -1 
4 -1 3 7 7 7 5 5 -1 3 3 33 -1 -1 6 2 2 5 4 4 
4 3 -1 6 6 33 -1 -1 -1 2 2 6 2 6 -1 4 4 40 4 4 
5 4 -1 4 33 -1 -1 3 -1 -1 5 5 6 -1 5 4 41 -1 41 4 
40 5 4 4 -1 1 -1 3 4 5 5 6 5 -1 5 2 4 4 4 -1 
4 4 4 4 4 3 -1 3 5 4 6 5 6 5 5 5 4 4 4 4 
-1 4 4 2 3 3 3 3 -1 5 2 5 5 6 5 5 5 4 -1 4 
4 8 8 4 2 -1 3 5 5 5 5 5 -1 2 5 5 5 -1 4 -1 
6 4 4 -1 2 2 5 5 -1 5 -1 4 6 6 -1 5 5 5 -1 -1 
4 -1 2 4 -1 -1 -1 -1 -1 2 4 6 6 6 -1 5 5 -1 -1 -1 
6 6 -1 4 4 4 -1 4 -1 -1 4 -1 6 -1 5 5 5 34 5 -1 
6 6 6 -1 4 4 2 2 6 5 5 5 -1 -1 5 5 5 -1 34 -1 
-1 6 4 -1 -1 4 -1 6 3 5 5 5 3 4 4 4 5 35 -1 -1 
-1 6 6 2 4 6 -1 2 3 3 6 6 3 4 4 4 5 4 3 -1 
-1 6 6 2 6 4 -1 -1 3 3 6 3 -1 -1 4 4 4 1 3 -1 
-1 6 7 2 -1 4 -1 -1 6 9 6 6 6 6 6 2 6 -1 7 7 
6 6 -1 2 4 7 7 7 -1 7 9 -1 -1 6 6 6 2 -1 6 -1 
6 -1 2 2 7 7 44 7 -1 9 7 6 6 -1 6 -1 6 6 6 6 
-1 -1 -1 -1 2 6 45 7 -1 40 40 7 6 -1 6 6 6 6 -1 -1 
6 6 6 6 -1 7 6 -1 -1 41 33 33 33 6 4 4 -1 -1 -1 6 
-1 1 6 -1 -1 6 1 -1 41 -1 -1 5 33 4 4 -1 -1 6 -1 6 
1 3 1 6 6 6 6 41 41 41 -1 5 6 4 4 -1 -1 -1 6 -1 
3 4 4 -1 6 6 6 6 41 41 41 -1 6 6 4 4 6 4 -1 1 
-1 40 4 -1 -1 6 6 41 44 44 41 -1 6 4 4 -1 -1 -1 2 -1 
40 40 4 -1 4 -1 6 -1 -1 -1 44 44 -1 -1 6 -1 4 6 6 -1 
-1 40 6 4 -1 -1 2 -1 -1 -1 6 6 -1 6 37 45 45 6 6 -1 
4 -1 40 -1 2 10 8 8 9 -1 -1 4 37 37 -1 37 45 45 -1 -1 
45 40 -1 2 2 10 8 9 9 -1 4 6 6 4 -1 6 -1 44 44 45 
-1 4 -1 2 2 2 10 9 -1 -1 44 44 4 4 6 -1 -1 5 45 45 
-1 -1 4 6 -1 2 10 10 6 -1 4 -1 6 -1 6 5 4 5 -1 -1 
-1 4 4 6 -1 6 6 4 6 6 -1 4 6 6 5 6 4 -1 -1 -1 
6 6 6 -1 6 -1 10 6 6 6 6 6 6 6 6 5 -1 -1 -1 -1 
-1 7 -1 6 6 -1 10 6 -1 6 6 6 6 6 6 6 -1 6 -1 4 
4 7 7 6 6 6 -1 -1 6 6 -1 -1 6 6 6 -1 6 7 6 4 
-1 -1 7 6 6 6 -1 -1 6 6 6 6 -1 -1 6 6 6 7 -1 7 
4 -1 -1 -1 -1 -1 -1 1 1 3 3 4 4 6 4 4 -1 -1 4 4 
4 -1 -1 2 6 2 1 6 4 4 3 4 4 3 -1 -1 6 4 4 4 
4 4 -1 6 6 2 6 -1 4 4 3 -1 4 3 -1 4 4 4 4 4 
4 4 -1 4 6 6 -1 -1 4 -1 -1 4 4 4 3 3 4 4 4 4 
-1 4 4 4 -1 6 -1 -1 -1 4 4 4 4 4 6 4 -1 -1 4 4 
-1 4 4 4 -1 -1 6 -1 4 -1 4 4 4 4 -1 4 4 4 4 4 
4 4 4 6 6 -1 -1 -1 -1 -1 -1 4 4 -1 -1 4 4 -1 3 4 
-1 41 4 6 6 6 -1 -1 -1 6 -1 -1 4 4 6 4 -1 3 4 40 
41 6 -1 6 2 6 -1 -1 -1 -1 6 6 6 6 6 -1 3 3 -1 40 
6 40 6 2 6 2 -1 -1 -1 -1 6 6 6 6 -1 1 3 3 -1 40 
40 6 40 -1 2 -1 -1 -1 -1 -1 -1 -1 6 6 6 41 -1 40 -1 6 
6 6 4 -1 2 2 -1 2 4 4 4 -1 -1 6 6 6 41 40 41 41 
-1 4 4 2 -1 1 2 -1 3 -1 -1 4 6 6 6 6 6 2 6 6 
-1 -1 6 1 1 1 9 3 -1 -1 -1 -1 6 6 6 4 4 2 6 4 
-1 -1 2 2 1 1 1 1 3 3 1 1 6 6 6 -1 -1 -1 6 -1 
4 4 4 1 4 1 -1 -1 1 -1 1 6 1 6 2 2 -1 -1 -1 6 
4 4 -1 1 1 4 -1 1 -1 1 1 5 -1 6 2 2 2 -1 4 6 
-1 -1 6 4 -1 -1 -1 1 1 1 5 -1 -1 6 2 2 4 4 6 4 
5 6 6 6 4 -1 1 6 6 5 1 1 4 -1 -1 6 6 4 4 -1 
-1 6 6 6 4 4 -1 1 1 5 3 4 4 6 6 -1 -1 4 -1 4 
-1 4 2 2 2 -1 2 1 -1 -1 1 3 5 3 5 5 -1 5 3 3 
-1 -1 2 -1 2 2 -1 3 -1 3 3 -1 5 5 5 -1 5 -1 -1 6 
-1 -1 2 -1 -1 -1 3 -1 3 -1 3 -1 5 5 -1 -1 -1 -1 -1 6 
3 3 -1 -1 -1 -1 -1 3 3 -1 -1 6 6 -1 -1 3 3 -1 -1 -1 
-1 -1 3 -1 -1 -1 3 3 -1 -1 -1 6 6 -1 -1 3 3 -1 -1 3 
3 3 2 3 3 -1 -1 3 -1 -1 -1 6 6 6 5 3 3 3 5 3 
-1 3 3 2 3 3 40 6 2 6 6 -1 -1 5 3 6 -1 5 3 3 
-1 -1 -1 3 3 3 2 2 6 -1 -1 -1 -1 -1 6 2 6 5 3 3 
-1 3 3 3 3 -1 6 2 -1 4 -1 4 -1 -1 6 6 3 3 -1 -1 
3 3 3 3 -1 6 6 -1 4 4 4 4 -1 6 6 -1 3 3 3 -1 
3 3 3 3 3 -1 6 2 -1 4 4 4 4 -1 6 3 6 3 3 3 
3 3 -1 -1 3 6 3 3 -1 4 4 -1 -1 -1 3 6 3 3 3 -1 
3 3 -1 -1 3 3 3 3 7 3 6 6 6 -1 6 -1 3 -1 3 3 
6 6 3 3 3 3 3 3 3 -1 3 3 6 -1 -1 3 3 3 -1 3 
-1 -1 -1 3 -1 3 3 3 -1 -1 6 -1 3 3 -1 -1 3 3 -1 -1 
-1 -1 3 -1 3 -1 3 3 -1 -1 -1 3 3 3 3 3 3 3 3 -1 
-1 -1 3 -1 -1 3 3 -1 -1 -1 -1 3 3 3 3 3 3 3 3 3 
4 -1 -1 6 3 3 -1 -1 8 8 -1 -1 3 4 4 -1 3 3 3 -1 
-1 4 4 3 5 3 3 -1 1 -1 3 3 4 -1 5 3 4 3 3 4 
3 4 2 2 2 3 3 3 1 -1 3 -1 -1 3 -1 -1 5 4 -1 3 
6 -1 3 -1 3 3 -1 -1 -1 3 -1 -1 3 3 3 3 4 5 5 3 
-1 3 -1 -1 -1 -1 -1 3 1 1 1 1 3 3 3 -1 -1 5 3 -1 
3 6 3 3 -1 -1 -1 3 -1 1 1 1 1 3 3 3 -1 3 -1 3 
3 -1 -1 -1 -1 -1 3 3 -1 1 1 -1 1 1 -1 3 3 3 3 -1 
3 3 3 -1 -1 -1 -1 8 -1 1 1 1 -1 -1 -1 -1 3 3 3 3 
3 3 3 -1 3 -1 -1 -1 8 1 1 -1 1 -1 -1 -1 3 3 3 3 
3 -1 3 3 3 -1 6 5 5 7 7 1 1 5 5 3 3 3 3 -1 
9 9 9 3 -1 3 3 -1 8 7 5 5 7 5 5 5 -1 3 -1 -1 
-1 3 3 3 3 3 7 -1 5 5 7 7 3 -1 5 5 -1 3 3 9 
3 4 -1 3 3 -1 -1 7 5 7 6 6 3 6 4 4 4 -1 -1 -1 
4 3 -1 3 -1 -1 -1 7 7 7 6 6 4 4 4 4 4 4 4 4 
4 -1 4 5 3 -1 -1 -1 -1 -1 -1 4 4 4 4 4 4 -1 -1 -1 
4 4 4 3 3 3 -1 4 4 -1 -1 4 4 -1 4 4 3 3 -1 -1 
4 -1 -1 -1 3 3 -1 4 -1 4 4 4 4 -1 -1 5 5 -1 4 4 
4 4 3 3 3 -1 -1 4 4 4 4 4 -1 -1 4 4 -1 3 3 4 
4 4 4 3 3 -1 -1 4 -1 4 4 -1 4 4 4 -1 -1 4 3 3 
4 -1 -1 -1 -1 -1 -1 -1 -1 -1 -1 3 3 3 4 4 4 4 4 4 
-1 4 -1 -1 -1 -1 -1 -1 4 4 4 3 3 3 -1 -1 4 4 4 -1 
-1 -1 -1 -1 -1 -1 4 -1 -1 -1 4 3 3 3 3 -1 -1 4 5 5 
-1 -1 -1 3 -1 -1 4 4 -1 1 3 -1 3 3 3 3 -1 -1 5 5 
4 -1 -1 8 8 3 3 4 -1 -1 8 8 -1 -1 5 -1 -1 4 4 4 
2 -1 8 -1 6 3 -1 -1 -1 -1 8 8 -1 -1 -1 4 4 -1 4 3 
-1 -1 -1 -1 6 -1 -1 -1 -1 -1 8 8 5 -1 5 4 -1 -1 4 3 
-1 3 -1 6 -1 6 6 8 -1 8 8 5 5 5 -1 -1 -1 4 -1 3 
3 -1 3 -1 9 4 8 -1 -1 -1 -1 5 -1 -1 -1 -1 8 -1 -1 -1 
-1 3 3 9 4 4 4 6 -1 -1 8 8 8 8 8 8 -1 -1 -1 -1 
3 3 3 3 3 4 6 -1 -1 -1 -1 -1 8 8 -1 -1 -1 1 1 -1 
3 3 -1 3 3 4 4 4 -1 -1 -1 -1 -1 8 -1 -1 3 3 -1 1 
-1 3 3 4 4 3 4 -1 2 -1 -1 8 -1 -1 8 -1 3 -1 3 3 
-1 -1 4 -1 4 4 3 3 4 4 -1 8 8 8 8 8 -1 3 3 3 
3 -1 -1 4 4 4 -1 6 4 -1 8 -1 -1 8 8 8 3 3 3 3 
-1 4 4 -1 4 4 -1 -1 8 8 8 -1 -1 8 8 8 3 -1 3 3 
4 4 4 -1 -1 4 4 -1 8 4 -1 -1 -1 3 -1 3 -1 -1 -1 4 
3 3 8 4 3 4 -1 4 4 -1 -1 -1 3 3 -1 -1 3 3 3 3 
-1 3 4 3 3 3 3 3 3 9 -1 3 3 3 3 3 3 3 3 3 
-1 3 3 -1 3 -1 -1 -1 3 9 9 3 3 3 3 3 3 3 3 3 
3 3 -1 3 3 3 -1 8 9 3 3 3 3 -1 -1 -1 3 -1 3 3 
3 3 8 3 3 -1 8 -1 8 -1 3 3 3 3 3 1 1 -1 -1 3 
3 -1 8 3 3 3 3 8 -1 -1 -1 -1 -1 3 3 6 -1 3 -1 -1 
3 -1 1 3 3 3 3 8 -1 -1 -1 8 8 3 5 -1 3 -1 3 4 
-1 4 4 -1 -1 8 8 8 -1 -1 3 8 8 -1 -1 3 9 -1 -1 6 
6 -1 -1 2 -1 -1 -1 8 3 -1 3 8 -1 -1 -1 6 9 -1 -1 8 
9 1 -1 2 -1 -1 -1 -1 8 3 3 -1 -1 8 -1 6 -1 9 8 9 
1 9 3 2 2 2 -1 -1 8 3 9 3 8 8 -1 -1 -1 9 -1 8 
9 9 9 3 2 -1 -1 -1 -1 -1 8 3 -1 8 6 -1 9 9 9 -1 
9 2 2 4 4 4 4 -1 -1 4 4 -1 -1 6 6 6 6 9 9 8 
-1 4 -1 4 4 -1 3 8 -1 8 8 -1 -1 6 6 6 -1 9 -1 9 
9 -1 -1 4 -1 4 8 -1 8 -1 8 -1 -1 -1 -1 -1 -1 3 3 -1 
-1 -1 8 8 8 4 8 8 8 8 8 -1 -1 4 4 -1 3 3 -1 -1 
8 8 -1 8 -1 -1 -1 8 -1 8 -1 -1 -1 1 4 2 3 3 -1 -1 
3 -1 8 -1 8 -1 -1 -1 3 8 -1 1 1 2 -1 2 3 3 3 3 
3 -1 8 8 3 8 -1 3 8 8 8 -1 2 -1 2 1 -1 3 3 3 
3 3 -1 -1 8 3 3 -1 8 8 4 2 -1 -1 -1 1 -1 3 3 3 
-1 -1 8 8 -1 -1 3 -1 -1 4 8 4 8 8 1 -1 1 -1 3 -1 
-1 8 -1 8 8 9 3 -1 -1 8 -1 -1 8 8 1 -1 -1 -1 3 3 
8 -1 8 8 9 9 3 -1 8 3 -1 -1 -1 8 1 1 -1 -1 -1 3 
8 -1 8 8 -1 3 -1 1 1 3 3 -1 -1 -1 9 -1 3 3 -1 -1 
-1 -1 8 -1 1 3 3 3 3 3 -1 3 -1 9 -1 -1 3 -1 -1 2 
-1 -1 9 -1 -1 9 3 3 -1 -1 3 9 8 -1 3 3 3 6 2 -1 
2 -1 4 -1 8 -1 -1 -1 -1 -1 8 8 8 -1 3 3 3 3 6 -1 
-1 1 -1 -1 8 8 8 -1 6 9 9 3 3 -1 -1 40 40 8 -1 -1 
-1 -1 -1 8 8 -1 8 8 -1 6 3 2 8 -1 40 40 8 -1 8 -1 
-1 -1 -1 -1 -1 -1 8 8 2 2 8 8 2 40 -1 40 8 8 -1 -1 
8 8 8 -1 8 8 8 2 8 2 2 1 -1 6 6 6 8 8 -1 -1 
8 -1 8 8 8 8 8 8 8 -1 -1 -1 1 1 6 9 8 8 -1 8 
8 -1 8 8 -1 8 2 8 -1 -1 -1 8 8 -1 1 9 9 1 8 8 
-1 8 8 8 8 8 2 -1 6 -1 8 8 8 -1 34 34 1 8 8 -1 
-1 8 8 8 -1 8 8 -1 6 -1 8 8 8 8 8 34 8 8 -1 -1 
8 8 8 -1 -1 8 8 8 6 3 6 8 -1 1 8 8 -1 -1 8 -1 
32 -1 -1 3 -1 8 8 -1 -1 3 3 34 34 1 1 -1 8 -1 -1 32 
32 -1 -1 8 8 -1 8 8 3 3 -1 34 34 34 -1 -1 -1 8 32 -1 
32 -1 -1 8 8 -1 8 3 -1 2 6 1 34 -1 -1 -1 -1 8 8 8 
32 32 -1 3 8 8 6 6 -1 2 6 6 -1 -1 -1 -1 -1 -1 8 2 
-1 -1 -1 -1 8 -1 8 6 2 6 6 -1 1 4 -1 -1 8 -1 2 8 
-1 -1 -1 -1 -1 8 8 6 6 -1 6 1 1 6 4 4 8 -1 -1 -1 
4 4 -1 -1 8 -1 -1 6 -1 -1 -1 -1 4 6 -1 4 4 -1 -1 -1 
-1 8 -1 -1 8 8 2 6 8 8 -1 4 6 4 4 4 -1 -1 -1 -1 
9 8 -1 8 8 -1 -1 8 9 9 -1 -1 8 8 8 -1 2 2 8 -1 
9 -1 -1 8 -1 -1 -1 -1 6 6 9 8 -1 8 8 8 -1 8 -1 -1 
-1 -1 8 8 -1 -1 8 -1 6 6 3 -1 -1 -1 -1 8 8 9 8 -1 
-1 4 3 3 4 -1 4 8 8 -1 -1 -1 -1 -1 -1 -1 -1 4 1 -1 
-1 -1 4 3 3 4 3 3 -1 8 -1 8 -1 -1 8 -1 4 -1 4 4 
-1 -1 -1 -1 3 3 3 3 8 4 4 8 -1 8 -1 -1 -1 2 4 4 
-1 -1 -1 -1 3 3 -1 8 3 3 -1 4 -1 -1 2 2 2 6 4 4 
-1 -1 3 3 3 -1 -1 -1 3 8 8 -1 4 -1 -1 -1 6 2 -1 4 
-1 3 3 -1 3 3 3 8 8 3 -1 -1 -1 -1 -1 -1 4 4 4 4 
8 3 3 3 -1 3 8 -1 -1 -1 -1 -1 4 -1 -1 -1 -1 4 4 4 
-1 -1 3 3 -1 -1 8 8 8 4 -1 -1 4 2 -1 2 -1 -1 4 8 
-1 8 8 -1 -1 8 8 -1 4 4 4 -1 -1 -1 2 4 -1 -1 8 8 
-1 8 -1 -1 -1 4 -1 -1 4 4 4 8 4 2 4 4 -1 8 8 2 
-1 -1 -1 8 -1 8 4 4 4 4 4 8 8 8 2 -1 4 -1 8 -1 
-1 -1 -1 -1 8 4 -1 4 4 4 -1 -1 8 8 -1 -1 -1 8 10 -1 
-1 -1 8 -1 8 -1 -1 4 8 4 4 8 8 8 -1 -1 -1 -1 4 -1 
9 -1 -1 8 -1 8 -1 -1 8 -1 -1 -1 8 8 -1 -1 4 4 4 8 
8 -1 -1 -1 -1 8 -1 8 8 -1 8 8 8 -1 -1 -1 3 3 4 4 
-1 -1 9 8 -1 8 8 8 8 -1 -1 -1 -1 -1 8 3 3 3 4 3 
4 9 -1 -1 8 8 -1 -1 8 8 9 -1 -1 4 8 8 4 -1 3 -1 
4 4 -1 8 8 8 8 -1 8 9 9 9 -1 -1 4 8 8 -1 -1 40 
4 4 4 -1 3 8 8 8 9 8 8 9 -1 -1 -1 8 -1 3 -1 -1 
4 4 4 -1 4 3 -1 8 8 -1 8 -1 -1 8 8 -1 8 -1 1 -1 
-1 4 -1 4 4 4 -1 -1 4 -1 4 4 4 9 -1 3 4 2 4 2 
4 4 4 1 4 4 -1 4 -1 4 -1 8 9 4 8 2 2 2 2 4 
4 4 -1 4 4 -1 4 -1 4 4 -1 8 9 9 -1 2 9 -1 2 4 
4 -1 4 9 -1 4 -1 4 4 -1 -1 -1 9 9 -1 -1 4 4 4 4 
-1 1 -1 -1 9 -1 4 4 8 4 3 9 9 9 8 9 4 3 -1 -1 
-1 1 -1 -1 -1 9 4 -1 8 -1 -1 3 8 8 9 8 3 3 3 -1 
1 -1 4 -1 -1 -1 4 8 8 4 8 3 3 -1 8 3 3 3 3 -1 
1 1 4 -1 -1 -1 8 -1 3 8 4 4 3 3 3 -1 3 -1 3 -1 
-1 4 3 1 3 -1 8 2 -1 -1 3 3 -1 3 3 3 4 3 3 -1 
-1 3 1 3 3 3 6 2 -1 -1 -1 3 -1 8 3 4 3 4 4 4 
1 3 3 3 3 4 6 3 3 3 3 3 3 3 3 3 3 3 3 1 
1 1 -1 1 4 3 6 3 3 3 3 -1 4 -1 3 3 1 1 1 3 
1 1 1 1 3 3 6 4 8 3 -1 4 4 -1 4 -1 3 1 3 3 
4 1 -1 1 3 -1 8 4 8 -1 -1 4 -1 -1 4 -1 3 -1 3 1 
4 4 1 1 4 4 4 4 4 4 -1 -1 4 4 4 -1 -1 1 1 1 
4 4 4 1 4 4 -1 4 4 4 4 4 4 4 -1 -1 -1 4 4 4 
4 -1 -1 -1 4 4 4 4 4 4 4 4 4 4 -1 4 4 4 4 4 
4 4 -1 -1 4 4 4 4 4 4 4 4 4 4 4 4 4 -1 4 4 
4 4 9 9 4 4 -1 4 4 4 -1 4 4 -1 -1 4 4 4 -1 4 
4 -1 -1 4 4 4 4 -1 -1 4 -1 4 9 -1 -1 4 -1 4 4 4 
4 4 4 -1 -1 2 4 -1 6 6 2 -1 2 2 4 4 4 4 4 4 
4 4 4 4 4 4 -1 -1 -1 6 6 -1 -1 4 4 4 4 4 4 4 
4 -1 4 4 -1 4 4 -1 -1 6 -1 32 32 6 4 4 4 4 -1 4 
-1 4 4 4 4 -1 4 4 6 40 32 32 -1 6 6 6 4 4 -1 4 
-1 -1 -1 4 -1 -1 4 6 6 -1 6 4 4 -1 4 2 -1 -1 4 -1 
-1 -1 -1 -1 4 6 4 6 6 6 4 4 -1 6 6 -1 4 4 -1 -1 
6 6 6 -1 4 4 6 -1 6 -1 4 4 4 6 6 4 -1 4 -1 6 
4 4 4 4 4 4 6 4 4 -1 4 4 4 4 4 -1 4 4 4 4 
4 4 4 4 4 4 4 4 4 -1 4 4 -1 4 4 -1 -1 4 -1 -1 
4 -1 4 4 4 4 4 -1 4 4 -1 4 4 4 4 -1 4 -1 4 4 
4 6 6 4 3 4 4 4 4 4 4 -1 4 -1 4 4 -1 4 4 4 
4 6 4 4 -1 6 6 4 4 4 4 -1 -1 -1 4 4 4 4 4 -1 
-1 4 -1 4 6 6 -1 -1 4 6 4 4 6 -1 -1 4 4 4 4 4 
-1 -1 4 6 6 6 6 4 6 4 4 4 6 6 2 -1 4 4 4 -1 
-1 6 6 6 -1 6 4 4 4 4 4 4 6 2 -1 4 4 2 4 4 
3 6 6 6 6 6 6 4 4 4 4 2 2 6 2 2 2 4 -1 -1 
-1 -1 6 6 6 6 2 -1 4 4 4 2 2 -1 4 2 2 -1 4 8 
-1 -1 -1 -1 2 2 2 4 -1 4 2 6 6 2 2 2 4 4 4 2 
4 -1 -1 -1 2 2 -1 -1 4 6 4 2 2 -1 2 -1 4 4 4 4 
-1 4 4 4 2 -1 2 6 6 6 2 2 2 2 2 4 4 -1 4 4 
-1 2 4 -1 2 2 4 4 4 4 -1 4 -1 4 -1 4 4 4 4 -1 
4 4 4 -1 4 2 2 4 -1 -1 4 -1 32 32 32 -1 4 4 4 33 
4 4 4 6 -1 4 2 4 -1 -1 4 4 4 -1 32 -1 -1 -1 4 4 
6 4 4 -1 4 4 4 -1 4 -1 -1 4 -1 4 -1 -1 -1 -1 1 -1 
32 32 4 4 4 4 4 4 2 2 2 -1 4 32 32 32 -1 1 6 -1 
-1 32 -1 6 6 6 -1 4 2 4 4 32 32 -1 32 6 6 6 6 6 
32 3 -1 6 6 -1 2 6 2 -1 4 2 32 32 -1 32 6 6 6 32 
32 3 4 3 -1 -1 6 2 2 4 4 32 -1 32 32 32 -1 2 32 32 
-1 32 32 4 2 -1 4 -1 -1 4 4 4 32 6 4 4 2 32 32 -1 
-1 2 4 32 2 2 -1 2 4 4 4 4 4 6 6 6 2 32 6 -1 
32 -1 -1 32 32 2 2 2 -1 4 4 4 4 6 4 6 6 6 -1 6 
6 6 -1 32 2 2 -1 4 4 2 1 1 4 -1 4 4 6 -1 -1 4 
4 4 -1 -1 4 4 4 -1 2 4 4 4 -1 -1 4 4 4 -1 4 6 
4 -1 -1 2 2 2 2 -1 4 4 4 -1 4 4 -1 -1 4 4 -1 4 
-1 4 4 2 2 2 4 4 4 4 4 -1 -1 -1 4 -1 4 4 4 4 
4 -1 4 -1 -1 4 4 4 4 4 4 -1 -1 -1 4 -1 4 4 4 -1 
4 4 -1 4 4 -1 4 4 -1 4 4 -1 -1 -1 4 4 4 4 4 4 
4 -1 4 -1 4 4 4 4 4 4 4 6 4 4 4 4 4 6 4 -1 
2 4 4 4 4 32 -1 4 4 4 6 4 4 4 4 4 -1 4 -1 -1 
4 2 -1 -1 4 2 4 4 4 4 4 4 -1 -1 4 4 4 -1 -1 -1 
-1 6 33 6 32 32 32 -1 -1 32 32 -1 4 32 32 32 32 32 -1 -1 
2 6 6 33 32 32 -1 -1 -1 2 -1 2 4 32 32 32 32 32 -1 -1 
-1 -1 33 32 -1 -1 32 6 6 6 2 4 32 -1 4 32 32 4 4 -1 
-1 4 -1 32 4 -1 6 6 6 6 6 4 2 -1 4 32 32 32 4 4 
4 4 4 2 -1 4 4 -1 -1 2 6 -1 -1 4 4 4 4 2 32 2 
4 -1 -1 4 4 4 4 4 -1 -1 2 2 4 4 4 4 4 -1 2 -1 
-1 -1 4 4 -1 -1 -1 2 4 2 2 2 4 -1 4 4 -1 -1 -1 4 
4 4 4 4 -1 -1 -1 -1 4 4 4 4 2 4 4 6 6 6 -1 -1 
6 -1 4 4 4 4 4 4 4 4 -1 4 4 4 4 -1 4 -1 -1 4 
4 4 2 4 4 4 4 4 -1 -1 4 4 4 4 4 4 -1 2 4 4 
6 -1 -1 2 -1 4 4 32 -1 32 32 -1 -1 -1 6 6 6 4 4 4 
6 6 4 -1 -1 -1 -1 32 32 4 4 -1 -1 4 -1 -1 6 4 4 6 
6 6 6 4 -1 6 -1 -1 32 4 4 4 4 4 -1 -1 -1 4 4 4 
-1 -1 4 6 6 -1 -1 4 32 4 4 4 -1 4 4 32 -1 8 8 -1 
4 6 -1 6 6 6 4 6 4 4 4 32 4 4 32 32 32 8 8 -1 
-1 6 6 -1 -1 -1 6 -1 6 4 4 32 32 -1 32 32 32 8 -1 6 
6 -1 -1 6 -1 6 -1 -1 4 32 32 -1 -1 32 32 -1 -1 8 -1 2 
33 33 33 -1 6 -1 -1 32 -1 -1 32 32 -1 32 32 -1 32 32 -1 2 
33 33 33 33 6 -1 32 32 32 32 32 -1 32 4 4 -1 32 32 32 2 
-1 33 6 33 32 32 32 4 32 32 32 32 32 6 32 32 32 32 32 2 
2 6 6 2 6 4 4 4 4 4 -1 4 6 4 4 6 4 4 6 2 
-1 6 6 6 -1 -1 4 4 4 4 -1 6 -1 6 4 4 -1 4 4 2 
-1 6 4 2 2 2 4 4 4 4 4 -1 6 -1 4 4 6 6 6 -1 
-1 6 4 4 -1 4 4 -1 4 4 -1 4 -1 -1 4 6 6 4 4 6 
6 6 4 6 6 4 4 4 -1 -1 4 4 4 4 4 4 4 6 4 6 
6 6 6 -1 6 6 -1 6 -1 32 -1 -1 4 6 2 4 -1 6 6 6 
4 6 -1 6 6 6 6 4 4 -1 -1 -1 -1 6 6 2 4 4 4 4 
-1 4 6 4 -1 -1 4 4 4 -1 -1 -1 6 6 -1 2 4 4 4 4 
4 4 4 4 4 4 4 33 33 -1 -1 4 4 4 -1 4 4 4 4 4 
-1 4 -1 4 -1 -1 4 -1 -1 -1 -1 1 1 4 -1 4 4 4 -1 4 
-1 4 4 8 -1 -1 -1 -1 6 1 -1 1 -1 4 4 4 -1 -1 -1 -1 
-1 4 8 8 -1 -1 -1 2 -1 1 1 1 1 -1 4 4 -1 4 -1 4 
-1 4 8 -1 8 -1 2 6 33 1 8 1 4 4 4 -1 4 4 6 4 
6 4 8 8 8 4 -1 6 6 6 -1 4 4 1 1 -1 4 4 4 6 
6 8 4 1 4 4 6 6 6 4 4 -1 4 -1 4 4 -1 4 4 6 
6 -1 6 6 6 1 6 6 6 4 4 4 4 -1 2 4 32 4 6 32 
6 6 6 -1 6 6 6 -1 6 6 4 4 -1 4 -1 32 -1 32 32 4 
-1 6 6 6 -1 6 -1 6 -1 -1 4 4 2 32 32 32 32 32 4 -1 
-1 -1 -1 -1 6 6 6 4 4 4 -1 2 2 32 32 32 6 32 -1 -1 
-1 6 6 6 6 6 4 4 4 -1 4 -1 6 4 6 32 4 -1 6 6 
2 2 -1 3 1 -1 -1 -1 -1 5 4 -1 4 4 4 2 33 2 -1 -1 
2 3 -1 3 3 1 -1 -1 5 -1 -1 -1 4 4 4 4 2 -1 -1 3 
3 3 3 1 3 1 1 -1 -1 2 -1 -1 4 4 4 4 -1 -1 3 3 
3 3 3 1 1 1 -1 1 1 5 5 5 4 4 -1 -1 -1 1 -1 3 
3 3 3 3 1 1 1 -1 2 3 5 5 4 4 4 4 4 4 -1 -1 
-1 -1 6 6 4 4 3 1 -1 3 -1 -1 4 4 2 4 4 4 1 -1 
4 -1 6 6 6 1 1 3 8 -1 8 -1 4 4 4 2 4 -1 1 1 
4 6 4 33 4 4 4 3 3 8 -1 8 4 4 4 4 2 5 4 4 
4 4 -1 4 4 4 4 3 3 -1 -1 -1 -1 4 4 4 5 -1 -1 4 
4 4 4 4 4 34 6 3 3 4 4 -1 -1 -1 -1 5 4 -1 -1 4 
-1 4 4 -1 4 4 3 4 8 3 3 -1 4 -1 -1 4 -1 -1 -1 4 
-1 8 4 4 4 -1 -1 -1 -1 8 3 3 -1 4 -1 -1 33 33 4 -1 
1 8 8 8 4 -1 -1 -1 3 3 3 3 4 -1 -1 -1 33 6 6 33 
6 2 -1 4 4 4 -1 -1 -1 4 4 3 3 4 33 -1 6 6 6 1 
2 -1 -1 4 4 -1 -1 2 -1 4 4 3 4 4 4 4 2 6 2 2 
2 -1 2 -1 3 -1 2 2 4 -1 -1 4 4 32 4 2 2 33 2 2 
2 2 2 2 4 3 3 4 2 4 4 4 4 4 33 -1 2 2 2 2 
-1 2 2 -1 -1 4 4 4 3 -1 4 4 4 33 4 2 2 2 2 -1 
2 2 -1 2 4 3 3 4 -1 6 4 -1 -1 -1 33 33 -1 33 33 4 
-1 -1 -1 -1 3 -1 3 6 6 4 4 -1 -1 4 33 33 33 33 -1 2 
-1 9 2 2 4 42 4 4 4 -1 4 4 33 4 6 6 4 4 4 4 
4 -1 2 4 -1 4 -1 4 4 4 4 2 33 33 33 4 4 4 4 -1 
4 2 -1 -1 -1 4 42 42 -1 4 2 2 2 41 33 33 33 -1 -1 4 
2 2 -1 -1 -1 6 42 42 42 -1 4 4 4 41 4 33 6 2 2 4 
2 2 2 2 6 6 4 4 4 4 4 4 41 4 33 33 4 33 2 2 
-1 -1 -1 2 -1 -1 4 41 41 41 -1 41 41 4 4 -1 4 -1 2 2 
-1 34 34 4 -1 6 -1 2 -1 41 41 41 41 3 4 4 4 -1 2 2 
34 34 34 34 4 6 2 2 2 -1 -1 41 3 -1 -1 -1 -1 -1 2 2 
2 2 -1 -1 4 -1 -1 2 2 2 3 41 3 -1 -1 2 2 9 2 2 
2 -1 34 4 -1 -1 -1 2 2 2 3 3 3 2 2 2 2 9 2 2 
-1 -1 34 -1 -1 -1 2 1 1 4 -1 -1 32 2 -1 -1 2 2 2 2 
4 4 4 2 32 1 -1 1 -1 4 4 -1 32 32 2 2 -1 -1 -1 4 
4 4 4 2 32 2 -1 1 42 1 -1 -1 32 32 -1 -1 -1 -1 -1 4 
-1 4 32 32 2 2 1 -1 42 42 -1 32 32 -1 -1 32 -1 -1 3 3 
-1 2 -1 2 2 1 1 -1 42 42 42 -1 41 32 32 -1 32 32 -1 -1 
8 2 2 2 2 -1 4 4 -1 4 4 41 32 4 32 32 32 4 33 -1 
-1 2 2 2 4 1 4 -1 6 32 -1 41 41 4 6 6 4 4 4 4 
9 2 -1 4 1 4 4 6 32 -1 41 -1 41 6 -1 6 4 -1 -1 4 
2 2 2 4 4 4 4 6 32 41 -1 4 -1 4 6 4 6 -1 -1 1 
1 2 9 -1 4 42 -1 4 6 4 -1 4 -1 4 6 6 6 -1 4 -1 
4 4 4 4 4 33 4 2 4 -1 -1 4 2 2 4 2 -1 -1 6 4 
6 -1 4 -1 4 33 -1 -1 -1 4 -1 4 4 -1 2 4 2 4 -1 -1 
4 6 -1 4 -1 4 -1 -1 -1 3 -1 4 4 4 4 4 4 4 -1 4 
4 -1 -1 -1 -1 4 4 -1 5 4 4 4 -1 4 -1 4 4 4 -1 -1 
-1 1 1 -1 -1 4 4 -1 4 4 4 4 4 4 4 4 4 -1 4 -1 
-1 -1 -1 6 4 4 -1 4 4 4 4 4 -1 -1 -1 4 -1 -1 4 4 
4 5 6 4 6 4 6 4 4 4 -1 -1 4 4 -1 4 4 4 4 4 
4 4 4 4 6 6 -1 6 4 4 -1 4 4 4 -1 -1 4 4 -1 4 
-1 4 4 4 4 6 6 -1 4 4 4 4 4 4 4 -1 -1 4 4 4 
4 4 -1 -1 4 -1 -1 6 -1 4 -1 4 4 4 4 -1 4 4 4 4 
4 4 4 4 4 -1 -1 -1 6 -1 4 -1 4 4 4 4 4 -1 4 4 
-1 -1 4 4 -1 -1 -1 6 4 -1 4 4 4 4 4 -1 4 4 4 -1 
-1 -1 4 4 -1 -1 4 4 -1 2 -1 4 4 4 -1 -1 -1 4 4 -1 
-1 2 -1 4 -1 -1 -1 4 2 4 4 4 -1 4 4 4 -1 4 4 4 
4 -1 4 -1 4 -1 4 6 4 2 4 4 -1 -1 4 4 4 4 4 2 
4 -1 4 4 4 6 6 4 -1 4 4 -1 4 -1 4 4 -1 -1 -1 4 
4 4 4 4 -1 4 2 6 6 -1 4 4 -1 -1 -1 -1 4 -1 -1 4 
4 4 -1 -1 -1 2 4 2 5 4 4 -1 4 -1 -1 2 2 4 4 -1 
4 4 4 33 -1 2 2 2 2 4 4 4 4 2 4 4 4 4 4 -1 
4 4 4 -1 33 4 -1 -1 -1 -1 4 4 4 4 2 2 4 4 4 6 
7 4 -1 4 -1 10 4 6 6 4 6 4 4 4 -1 6 4 -1 -1 -1 
4 7 4 6 10 4 4 6 6 4 6 4 4 -1 -1 -1 -1 4 4 4 
4 4 -1 -1 4 6 4 -1 4 4 6 6 6 6 -1 -1 7 7 6 4 
4 4 -1 4 4 4 -1 6 6 4 4 6 6 4 -1 4 -1 4 7 4 
4 4 4 -1 4 4 4 -1 4 4 4 4 6 4 4 4 4 4 4 4 
4 -1 4 4 4 4 -1 4 4 -1 -1 4 4 6 -1 -1 -1 4 4 4 
-1 -1 -1 4 4 4 6 4 -1 4 4 -1 4 -1 4 6 6 4 -1 -1 
-1 -1 -1 -1 6 6 6 6 4 4 4 4 -1 4 -1 4 4 4 4 -1 
-1 -1 6 8 6 6 6 -1 -1 4 4 4 4 4 4 4 4 -1 4 -1 
-1 -1 6 -1 4 6 6 6 -1 -1 4 4 4 -1 4 4 6 4 4 -1 
-1 -1 -1 6 6 4 6 -1 -1 -1 4 4 -1 4 4 6 6 6 -1 -1 
-1 10 10 10 10 2 4 4 -1 -1 4 4 4 4 4 6 -1 2 2 -1 
6 10 -1 10 10 -1 11 2 4 4 4 4 4 4 4 4 4 -1 -1 6 
6 10 10 10 11 11 4 4 4 4 4 4 4 4 -1 4 -1 -1 6 6 
-1 10 10 10 -1 4 4 4 -1 4 4 4 4 -1 4 -1 3 -1 -1 -1 
6 10 10 11 -1 -1 -1 -1 -1 -1 4 4 4 -1 -1 -1 3 3 6 6 
6 6 10 10 -1 -1 -1 4 4 4 -1 4 4 4 -1 6 -1 6 6 -1 
6 4 -1 -1 3 4 4 4 -1 4 4 4 4 -1 -1 -1 6 6 -1 6 
4 4 4 3 -1 4 4 4 4 -1 4 4 4 -1 4 -1 6 -1 -1 7 
4 4 -1 4 -1 10 4 4 4 6 4 4 4 4 6 6 6 7 4 4 
-1 4 -1 2 -1 2 -1 6 1 4 4 4 4 -1 6 4 1 1 1 -1 
4 4 -1 -1 2 1 1 1 -1 4 4 4 4 6 4 4 1 1 -1 4 
1 4 7 4 6 6 1 -1 -1 4 4 4 4 4 4 4 1 1 1 1 
4 6 -1 4 4 1 1 1 -1 -1 4 4 -1 4 -1 4 2 1 1 6 
4 6 7 4 -1 1 1 -1 4 4 4 -1 -1 -1 4 -1 4 6 6 -1 
6 2 -1 1 -1 1 1 4 4 4 -1 -1 -1 2 4 4 -1 6 5 4 
-1 5 3 3 -1 1 1 2 4 2 2 -1 2 4 4 4 4 -1 4 6 
5 5 5 1 4 1 1 2 2 2 2 -1 1 4 4 -1 4 6 -1 2 
2 2 -1 1 1 4 4 2 2 -1 2 -1 -1 1 1 4 4 6 6 2 
1 1 32 32 32 4 4 4 1 -1 4 4 4 4 -1 4 1 6 2 2 
2 1 1 4 4 1 -1 1 1 1 1 4 4 1 4 4 4 4 6 1 
1 2 1 1 -1 -1 1 3 -1 1 4 4 -1 4 4 4 4 4 4 5 
4 1 1 1 -1 1 6 6 3 4 -1 4 4 1 4 -1 4 5 5 1 
1 1 -1 -1 -1 1 -1 4 4 4 4 4 -1 1 4 4 1 4 -1 1 
1 1 -1 -1 1 -1 1 4 4 -1 4 4 4 1 1 4 4 1 4 1 
-1 -1 -1 -1 -1 1 -1 4 4 4 -1 -1 1 1 -1 1 4 4 1 1 
-1 -1 4 4 4 1 -1 -1 4 -1 4 4 4 1 1 1 4 4 -1 1 
4 4 -1 4 4 2 -1 -1 -1 4 -1 4 1 4 2 4 -1 4 4 -1 
4 4 -1 -1 4 -1 -1 -1 4 4 4 4 1 -1 1 4 4 -1 -1 -1 
4 -1 -1 4 -1 -1 6 -1 -1 4 4 4 1 1 4 4 4 1 -1 1 
5 4 4 4 10 10 10 4 -1 3 3 4 4 4 3 -1 1 3 -1 -1 
4 4 4 4 4 -1 10 4 -1 -1 3 2 2 -1 1 1 3 3 3 -1 
-1 5 5 4 -1 6 4 6 4 -1 -1 -1 2 -1 1 1 -1 -1 4 -1 
5 6 6 4 6 4 6 4 -1 -1 -1 2 -1 4 4 1 4 5 4 5 
1 -1 6 42 6 4 6 4 4 -1 -1 2 4 3 1 1 -1 5 5 5 
-1 1 6 4 4 6 6 6 4 4 4 4 4 1 3 1 4 3 3 1 
4 4 4 4 -1 -1 4 4 4 -1 4 -1 -1 1 3 3 3 4 3 3 
1 4 4 4 -1 -1 4 4 4 -1 -1 -1 4 4 2 2 3 3 4 -1 
3 4 2 4 -1 4 -1 1 -1 -1 4 4 4 2 4 4 4 4 4 -1 
4 2 2 4 -1 4 1 -1 1 4 -1 4 4 4 4 -1 4 1 4 34 
1 4 2 2 4 -1 1 1 -1 1 4 -1 1 4 4 4 -1 4 4 1 
4 2 2 4 -1 -1 1 1 4 4 4 1 1 4 1 -1 4 -1 4 4 
-1 -1 2 6 4 4 1 1 1 4 1 1 1 1 6 -1 4 4 4 4 
4 -1 -1 -1 4 6 -1 4 1 1 -1 4 1 4 4 6 -1 4 4 -1 
4 -1 4 6 4 6 -1 1 1 4 4 1 1 4 6 4 4 4 4 -1 
4 4 4 4 6 -1 1 1 4 4 6 1 4 4 -1 4 4 -1 4 4 
4 -1 6 6 4 6 -1 4 4 4 6 4 4 -1 4 4 4 -1 4 4 
-1 6 4 4 6 -1 8 -1 4 4 -1 -1 -1 4 4 4 4 4 4 3 
4 4 4 6 10 8 4 4 4 4 -1 -1 -1 4 4 4 4 4 3 4 
4 5 -1 -1 8 10 8 4 4 4 -1 4 4 4 4 4 4 3 4 4 
4 -1 -1 4 -1 4 3 3 -1 -1 4 -1 -1 3 6 4 6 -1 -1 -1 
4 -1 4 4 4 4 3 3 -1 -1 -1 6 -1 6 -1 6 4 4 4 4 
4 4 4 4 4 4 -1 -1 -1 6 40 4 6 -1 -1 -1 4 4 -1 4 
-1 -1 4 3 3 -1 -1 -1 3 2 40 2 2 6 -1 -1 4 4 -1 4 
4 3 4 3 -1 -1 -1 2 3 2 2 -1 2 4 4 2 4 4 4 4 
3 3 3 3 -1 -1 -1 3 2 3 2 3 6 6 2 -1 4 4 4 -1 
-1 -1 -1 3 6 3 3 2 3 -1 6 6 3 3 3 -1 4 -1 -1 -1 
3 -1 -1 3 -1 6 6 2 6 3 3 3 3 3 3 -1 2 6 -1 -1 
3 -1 -1 3 3 6 2 3 -1 3 3 3 3 3 3 -1 -1 2 1 3 
-1 -1 3 -1 2 3 6 6 -1 3 -1 6 2 3 6 6 -1 -1 1 3 
3 -1 1 3 3 3 3 -1 10 3 3 6 2 2 6 2 2 2 6 3 
3 1 1 3 3 3 6 3 10 -1 3 2 6 -1 -1 -1 1 1 2 4 
1 3 1 3 4 3 3 10 10 -1 10 10 6 6 6 -1 6 2 4 3 
3 -1 3 -1 4 3 10 -1 -1 -1 -1 3 3 -1 -1 6 4 2 4 -1 
4 3 -1 -1 4 4 10 4 -1 -1 -1 -1 3 4 3 4 2 2 4 4 
4 4 4 4 4 -1 4 -1 -1 -1 -1 3 -1 3 4 -1 4 6 4 4 
4 4 4 -1 -1 -1 -1 -1 -1 -1 -1 3 5 -1 4 4 4 4 1 4 
4 -1 -1 -1 3 3 3 -1 -1 -1 6 6 6 -1 4 4 4 -1 6 4 
4 -1 -1 3 3 -1 -1 3 -1 4 6 6 6 4 4 6 -1 -1 6 4 
4 4 -1 -1 4 4 -1 -1 -1 4 4 4 6 6 6 -1 4 4 4 4 
3 -1 3 -1 3 3 6 -1 3 -1 -1 -1 -1 3 3 4 3 3 3 6 
3 2 2 3 -1 3 -1 -1 -1 -1 -1 3 3 3 -1 3 4 1 3 3 
3 2 3 1 3 6 3 -1 -1 -1 -1 -1 3 3 3 6 3 4 3 3 
3 -1 3 1 -1 6 6 -1 -1 -1 -1 3 3 3 3 6 3 3 3 3 
3 3 3 3 3 3 -1 3 3 -1 -1 3 -1 -1 -1 3 -1 3 -1 -1 
-1 3 3 3 3 -1 -1 3 3 -1 -1 -1 -1 3 6 -1 3 -1 -1 -1 
-1 -1 -1 3 3 3 3 3 -1 -1 -1 -1 3 3 6 6 -1 -1 -1 -1 
7 -1 3 3 -1 3 3 3 3 -1 -1 3 3 -1 -1 -1 6 6 7 -1 
2 2 3 -1 -1 3 -1 3 3 3 -1 4 4 6 2 2 -1 -1 7 7 
7 3 3 3 -1 3 3 3 3 3 4 -1 4 6 6 -1 2 3 6 6 
-1 -1 3 -1 -1 3 3 -1 3 -1 3 -1 6 6 -1 6 6 1 4 -1 
2 2 2 2 -1 -1 -1 3 4 3 3 -1 -1 -1 6 6 6 3 4 4 
3 2 3 -1 3 -1 3 3 4 -1 -1 3 4 -1 6 -1 3 3 -1 2 
2 -1 3 3 3 3 -1 3 -1 -1 -1 4 4 4 -1 6 6 3 -1 -1 
3 3 10 3 3 -1 -1 3 -1 3 3 6 2 4 6 4 6 6 3 4 
3 3 -1 5 3 3 3 -1 3 3 -1 6 2 2 -1 -1 -1 -1 6 3 
6 -1 3 3 3 3 3 3 3 6 6 6 2 6 6 2 2 -1 6 -1 
-1 -1 -1 3 -1 3 3 -1 3 -1 2 2 3 6 6 6 -1 -1 3 6 
-1 -1 -1 -1 3 3 -1 -1 3 3 3 2 2 6 -1 3 3 3 3 3 
3 3 -1 3 3 3 3 -1 -1 -1 -1 -1 2 -1 -1 -1 3 3 3 6 
5 -1 36 36 -1 -1 6 4 4 -1 -1 38 4 4 4 4 36 36 36 5 
4 -1 -1 -1 -1 -1 -1 -1 4 -1 36 38 4 36 4 4 -1 36 -1 -1 
5 -1 -1 -1 36 36 36 36 4 4 2 36 38 36 38 4 5 5 -1 -1 
-1 -1 36 36 36 36 34 4 4 4 -1 36 36 36 36 38 38 -1 38 -1 
5 -1 -1 -1 4 32 34 4 4 34 33 33 36 -1 36 38 38 38 6 5 
-1 -1 -1 4 32 -1 32 4 34 34 36 36 -1 -1 38 38 38 38 4 4 
-1 4 4 4 -1 32 -1 32 -1 34 34 -1 38 -1 38 38 -1 5 38 5 
8 8 4 8 8 8 8 36 36 -1 -1 34 38 36 38 38 38 4 5 5 
8 4 8 -1 8 8 -1 -1 34 -1 34 38 38 38 36 38 38 4 5 5 
4 4 5 -1 36 36 -1 -1 34 -1 38 38 38 36 36 38 38 3 7 8 
8 5 -1 4 -1 -1 36 34 36 36 -1 38 34 36 36 36 -1 6 6 4 
-1 -1 5 4 36 36 4 36 -1 -1 -1 34 34 -1 36 36 -1 -1 7 4 
4 4 5 36 -1 36 36 4 36 -1 34 34 34 -1 -1 -1 -1 7 7 7 
-1 6 4 36 -1 4 36 4 4 -1 34 34 38 -1 4 3 -1 -1 7 6 
-1 6 36 -1 -1 6 6 4 4 4 38 38 -1 -1 4 -1 3 2 -1 4 
34 6 -1 -1 4 4 6 4 -1 -1 38 38 -1 6 -1 3 -1 -1 6 34 
-1 -1 -1 6 -1 4 4 4 -1 38 38 38 38 6 -1 38 3 -1 38 -1 
-1 -1 4 6 4 6 4 -1 4 -1 38 38 38 6 38 3 36 38 -1 -1 
4 4 -1 6 4 6 4 4 4 4 38 -1 -1 38 38 38 38 38 36 -1 
4 4 4 -1 6 6 -1 2 4 4 -1 38 -1 -1 38 38 -1 38 36 4 
4 -1 36 4 38 4 4 4 4 4 6 4 6 4 4 36 -1 36 -1 36 
4 4 -1 4 -1 4 4 38 4 4 6 6 1 36 1 36 36 -1 36 -1 
4 4 -1 -1 -1 4 -1 38 4 6 38 38 36 1 36 36 36 -1 36 36 
36 -1 -1 4 4 -1 6 6 -1 6 38 36 36 -1 36 36 36 -1 -1 -1 
-1 6 6 4 4 4 6 4 -1 38 38 36 36 38 -1 36 -1 36 -1 -1 
5 -1 6 6 4 4 6 4 6 4 4 36 36 -1 38 36 36 2 -1 5 
5 -1 6 6 -1 6 4 6 36 -1 4 4 36 36 36 -1 -1 -1 2 -1 
-1 -1 4 6 6 -1 6 36 36 -1 6 4 36 -1 -1 -1 -1 5 -1 -1 
-1 4 -1 6 6 6 4 36 -1 36 36 36 -1 6 -1 4 5 5 5 -1 
4 6 6 6 6 -1 4 -1 1 36 36 36 4 6 4 -1 4 5 4 6 
-1 6 6 4 6 36 36 36 36 1 -1 -1 4 4 -1 -1 4 -1 4 4 
4 -1 6 -1 -1 36 36 36 -1 -1 4 4 -1 6 4 -1 4 6 6 5 
34 -1 -1 4 4 36 7 -1 34 -1 -1 4 36 -1 -1 -1 6 6 4 6 
34 34 -1 4 4 4 7 7 -1 34 4 36 -1 36 36 36 4 4 4 8 
-1 -1 -1 4 4 6 4 -1 -1 34 4 36 36 36 36 -1 -1 4 4 -1 
4 -1 -1 6 4 4 6 -1 -1 4 34 4 36 36 36 36 36 -1 4 -1 
4 4 4 6 6 6 4 -1 -1 4 4 36 36 36 36 4 36 4 -1 -1 
4 6 -1 36 -1 4 -1 -1 -1 4 36 -1 -1 36 6 -1 4 6 -1 4 
4 4 4 4 4 36 -1 -1 4 6 4 4 -1 6 6 36 36 -1 -1 -1 
-1 4 -1 36 36 -1 -1 4 -1 4 4 4 6 6 1 4 36 6 36 4 
6 4 6 33 6 -1 -1 -1 -1 -1 2 -1 -1 33 33 33 33 -1 4 6 
6 6 6 6 -1 6 4 -1 -1 -1 6 6 6 33 36 36 33 33 -1 6 
6 6 6 6 6 -1 5 -1 -1 6 -1 6 6 -1 36 36 -1 -1 -1 -1 
4 -1 6 6 6 6 -1 -1 -1 6 -1 -1 -1 36 -1 38 38 38 32 4 
6 6 6 -1 -1 36 6 6 6 45 45 45 6 36 36 38 38 32 -1 6 
-1 36 4 36 36 36 4 6 -1 -1 -1 45 36 6 6 6 33 36 4 4 
-1 -1 36 36 36 36 4 -1 -1 -1 -1 -1 -1 -1 -1 6 6 36 1 1 
-1 4 -1 6 6 6 36 36 -1 -1 -1 -1 40 6 6 36 6 6 36 36 
36 -1 4 4 36 36 4 36 36 -1 -1 40 -1 -1 6 1 6 6 36 36 
2 36 36 3 36 36 36 36 36 36 36 32 32 1 1 -1 1 5 4 2 
36 36 36 36 36 36 36 36 36 36 40 32 1 1 1 1 6 -1 2 4 
-1 36 -1 36 36 36 36 36 36 40 32 32 6 6 1 1 -1 -1 2 2 
-1 -1 36 36 4 36 36 36 32 36 6 6 6 6 6 1 1 6 7 7 
-1 -1 33 4 36 36 36 40 40 32 -1 32 7 6 6 6 6 6 5 -1 
39 33 33 33 36 36 36 36 36 3 -1 32 32 -1 6 7 6 7 5 39 
-1 33 4 33 4 -1 -1 -1 3 2 1 1 1 7 7 7 7 -1 39 -1 
-1 4 4 9 33 4 -1 -1 2 -1 -1 1 4 1 33 -1 -1 -1 -1 -1 
4 -1 4 33 2 2 3 3 2 2 6 1 1 -1 -1 33 1 1 -1 6 
6 -1 6 33 33 -1 3 -1 3 2 6 1 2 -1 33 -1 -1 2 -1 4 
4 6 -1 6 -1 -1 -1 3 3 -1 2 2 1 1 33 33 -1 2 4 6 
-1 -1 6 4 4 6 -1 -1 3 3 33 5 1 33 33 -1 -1 -1 32 32 
32 32 -1 -1 32 4 -1 -1 3 3 2 -1 -1 33 6 6 -1 -1 32 -1 
-1 32 -1 -1 -1 6 6 3 3 3 2 3 -1 5 6 6 -1 32 4 32 
32 -1 -1 -1 6 6 3 -1 2 3 3 3 3 6 6 2 -1 4 4 32 
9 1 -1 -1 6 40 40 3 2 -1 3 3 3 2 2 -1 5 -1 4 4 
9 -1 1 9 32 32 40 3 3 -1 -1 6 -1 3 2 1 32 32 32 32 
-1 -1 9 32 32 -1 -1 40 2 3 3 -1 6 -1 -1 -1 1 -1 3 -1 
-1 -1 32 9 -1 32 32 40 2 3 -1 -1 -1 39 -1 -1 -1 3 6 -1 
-1 6 32 -1 9 32 -1 4 4 3 2 -1 7 36 7 7 7 7 -1 -1 
-1 1 33 32 -1 -1 5 4 4 4 7 -1 7 7 7 6 6 7 -1 -1 
6 -1 33 33 33 32 5 -1 4 7 7 6 6 1 7 6 -1 7 -1 -1 
6 6 4 6 -1 5 7 -1 7 7 6 -1 6 1 6 7 -1 -1 -1 -1 
-1 3 4 4 4 5 -1 -1 5 7 7 6 1 6 -1 -1 7 7 4 -1 
33 3 4 3 5 5 5 5 4 7 7 6 6 42 42 -1 7 7 4 33 
33 3 33 4 3 5 5 -1 4 6 7 6 -1 6 42 42 6 5 6 -1 
33 -1 33 -1 5 5 -1 4 5 5 6 -1 6 -1 38 36 -1 6 6 33 
2 33 -1 6 -1 6 5 -1 5 6 5 6 6 -1 38 38 38 3 3 6 
6 3 3 32 4 5 5 -1 -1 4 6 3 1 1 38 38 38 1 -1 6 
6 32 32 -1 5 5 5 3 -1 3 3 3 1 -1 -1 1 33 -1 -1 32 
32 6 32 -1 4 -1 5 -1 2 3 5 33 -1 1 1 33 33 33 6 32 
