# Avida Host Tasks data
# Sat Aug 29 12:07:23 2020
# First column gives the current update, next columns give the number
# of Hosts that have the particular task
#  1: Update
#  2: Not
#  3: Nand
#  4: And
#  5: OrNot
#  6: Or
#  7: AndNot
#  8: Nor
#  9: Xor
# 10: Equals

0 0 0 0 0 0 0 0 0 0 
100 190 0 0 0 0 0 0 0 0 
200 535 0 0 0 0 0 0 0 0 
300 812 0 0 0 0 0 0 0 0 
400 1628 0 0 0 0 0 0 0 0 
500 2371 0 0 0 0 0 0 0 0 
600 3833 0 0 0 0 0 0 0 0 
700 5463 0 0 0 0 0 0 0 0 
800 6464 0 0 0 0 0 0 0 0 
900 8337 0 0 0 0 0 0 0 0 
1000 9601 0 0 0 0 0 0 0 0 
1100 11178 0 0 0 0 0 0 0 0 
1200 12722 0 0 0 0 0 0 0 0 
1300 13886 0 0 0 0 0 0 0 0 
1400 15502 0 0 0 0 0 0 0 0 
1500 16880 0 0 0 0 0 0 0 0 
1600 18266 0 0 0 0 0 0 0 0 
1700 19605 0 0 0 0 0 0 0 0 
1800 20768 0 0 0 0 0 0 0 0 
1900 22055 0 0 0 0 0 0 0 0 
2000 23163 0 0 0 0 0 0 0 0 
2100 24097 0 0 0 0 0 0 0 0 
2200 25154 0 0 0 0 0 0 0 0 
2300 25926 0 0 0 0 0 0 0 0 
2400 26581 0 0 0 0 0 0 0 0 
2500 27080 0 0 0 0 0 0 0 0 
2600 27549 0 0 0 0 0 0 0 0 
2700 27888 0 0 0 0 0 0 0 0 
2800 28094 0 0 0 0 0 0 0 0 
2900 28460 0 0 0 0 0 0 0 0 
3000 28606 0 0 0 0 0 0 0 0 
3100 28712 0 0 0 0 0 0 0 0 
3200 28794 0 0 0 0 0 0 0 0 
3300 28865 0 0 0 0 0 0 0 0 
3400 28802 0 0 0 0 0 0 0 0 
3500 28622 0 0 0 0 0 0 0 0 
3600 28333 0 0 0 0 0 0 0 0 
3700 28040 0 0 0 0 0 0 0 0 
3800 27668 0 0 0 0 0 0 0 0 
3900 27030 0 0 0 0 0 0 0 0 
4000 26346 0 0 0 0 0 0 0 0 
4100 25240 0 0 0 0 0 0 0 0 
4200 24278 0 0 0 0 0 0 0 0 
4300 23309 0 0 0 0 0 0 0 0 
4400 22241 0 0 0 0 0 0 0 0 
4500 21085 0 0 0 0 0 0 0 0 
4600 20041 0 0 0 0 0 0 0 0 
4700 19082 0 0 0 0 0 0 0 0 
4800 18526 0 0 0 0 0 0 0 0 
4900 18434 0 0 0 0 0 0 0 0 
5000 18620 0 0 0 0 0 0 0 0 
5100 19023 0 0 0 0 0 0 0 0 
5200 19413 0 0 0 0 0 0 0 0 
5300 19711 0 0 0 0 0 0 0 0 
5400 19867 0 0 0 0 0 0 0 0 
5500 19782 0 0 0 0 0 0 0 0 
5600 19687 0 0 0 0 0 0 0 0 
5700 19483 0 0 0 0 0 0 0 0 
5800 19485 0 0 0 0 0 0 0 0 
5900 19591 0 0 0 0 0 0 0 0 
6000 19582 0 0 0 0 0 0 0 0 
6100 19401 0 0 0 0 0 0 0 0 
6200 19307 0 0 0 0 0 0 0 0 
6300 19238 0 0 0 0 0 0 0 0 
6400 19138 0 0 0 0 0 0 0 0 
6500 18981 0 0 0 0 0 0 0 0 
6600 18901 0 0 0 0 0 0 0 0 
6700 18827 0 0 0 0 0 0 0 0 
6800 18754 0 0 0 0 0 0 0 0 
6900 18778 0 0 0 0 0 0 0 0 
7000 18642 0 0 0 0 0 0 0 0 
7100 18430 0 0 0 0 0 0 0 0 
7200 18171 0 0 0 0 0 0 0 0 
7300 18040 0 0 0 0 0 0 0 0 
7400 17771 0 0 0 0 0 0 0 0 
7500 17722 0 0 0 0 0 0 0 0 
7600 17616 0 0 0 0 0 0 0 0 
7700 17535 0 0 0 0 0 0 0 0 
7800 17370 0 0 0 0 0 0 0 0 
7900 17265 0 0 0 0 0 0 0 0 
8000 17194 0 0 0 0 0 0 0 0 
8100 17150 0 0 0 0 0 0 0 0 
8200 17189 0 0 0 0 0 0 0 0 
8300 16929 0 0 0 0 0 0 0 0 
8400 16804 0 0 0 0 0 0 0 0 
8500 16624 0 0 0 0 0 0 0 0 
8600 16465 0 0 0 0 0 0 0 0 
8700 16320 0 0 0 0 0 0 0 0 
8800 16273 0 0 0 0 0 0 0 0 
8900 16441 0 0 0 0 0 0 0 0 
9000 16650 0 0 0 0 0 0 0 0 
9100 16616 0 0 0 0 0 0 0 0 
9200 16613 0 0 0 0 0 0 0 0 
9300 16512 0 0 0 0 0 0 0 0 
9400 16412 0 0 0 0 0 0 0 0 
9500 16175 0 0 0 0 0 0 0 0 
9600 15992 0 0 0 0 0 0 0 0 
9700 16075 0 0 0 0 0 0 0 0 
9800 15964 0 0 0 0 0 0 0 0 
9900 15916 0 0 0 0 0 0 0 0 
10000 15860 0 0 0 0 0 0 0 0 
10100 15650 0 0 0 0 0 0 0 0 
10200 15691 0 0 0 0 0 0 0 0 
10300 15585 0 0 0 0 0 0 0 0 
10400 15581 0 0 0 0 0 0 0 0 
10500 15523 0 0 0 0 0 0 0 0 
10600 15474 0 0 0 0 0 0 0 0 
10700 15430 0 0 0 0 0 0 0 0 
10800 15450 0 0 0 0 0 0 0 0 
10900 15424 0 0 0 0 0 0 0 0 
11000 15389 0 0 0 0 0 0 0 0 
11100 15489 0 0 0 0 0 0 0 0 
11200 15364 0 0 0 0 0 0 0 0 
11300 15269 0 0 0 0 0 0 0 0 
11400 15023 0 0 0 0 0 0 0 0 
11500 14746 0 0 0 0 0 0 0 0 
11600 14531 0 0 0 0 0 0 0 0 
11700 14484 0 0 0 0 0 0 0 0 
11800 14655 0 0 0 0 0 0 0 0 
11900 14900 0 0 0 0 0 0 0 0 
12000 15227 0 0 0 0 0 0 0 0 
12100 15611 0 0 0 0 0 0 0 0 
12200 15698 0 0 0 0 0 0 0 0 
12300 15638 0 0 0 0 0 0 0 0 
12400 15453 0 0 0 0 0 0 0 0 
12500 15091 0 0 0 0 0 0 0 0 
12600 14837 0 0 0 0 0 0 0 0 
12700 14465 0 0 0 0 0 0 0 0 
12800 14205 0 0 0 0 0 0 0 0 
12900 14046 0 0 0 0 0 0 0 0 
13000 14127 0 0 0 0 0 0 0 0 
13100 14113 0 0 0 0 0 0 0 0 
13200 14085 0 0 0 0 0 0 0 0 
13300 14079 0 0 0 0 0 0 0 0 
13400 14412 0 0 0 0 0 0 0 0 
13500 14624 0 0 0 0 0 0 0 0 
13600 14666 0 0 0 0 0 0 0 0 
13700 14821 0 0 0 0 0 0 0 0 
13800 15101 0 0 0 0 0 0 0 0 
13900 14985 0 0 0 0 0 0 0 0 
14000 14985 0 0 0 0 0 0 0 0 
14100 14730 0 0 0 0 0 0 0 0 
14200 14678 0 0 0 0 0 0 0 0 
14300 14620 0 0 0 0 0 0 0 0 
14400 14667 0 0 0 0 0 0 0 0 
14500 14798 0 0 0 0 0 0 0 0 
14600 14856 0 0 0 0 0 0 0 0 
14700 14891 0 0 0 0 0 0 0 0 
14800 14704 0 0 0 0 0 0 0 0 
14900 14691 0 0 0 0 0 0 0 0 
15000 14585 0 0 0 0 0 0 0 0 
15100 14382 0 0 0 0 0 0 0 0 
15200 14267 0 0 0 0 0 0 0 0 
15300 14110 0 0 0 0 0 0 0 0 
15400 14161 0 0 0 0 0 0 0 0 
15500 14259 0 0 0 0 0 0 0 0 
15600 14157 0 0 0 0 0 0 0 0 
15700 14136 0 0 0 0 0 0 0 0 
15800 14132 0 0 0 0 0 0 0 0 
15900 14274 0 0 0 0 0 0 0 0 
16000 14269 0 0 0 0 0 0 0 0 
16100 14347 0 0 0 0 0 0 0 0 
16200 14534 0 0 0 0 0 0 0 0 
16300 14619 0 0 0 0 0 0 0 0 
16400 14909 0 0 0 0 0 0 0 0 
16500 14940 0 0 0 0 0 0 0 0 
16600 15142 0 0 0 0 0 0 0 0 
16700 15192 0 0 0 0 0 0 0 0 
16800 14858 0 0 0 0 0 0 0 0 
16900 14708 0 0 0 0 0 0 0 0 
17000 14476 0 0 0 0 0 0 0 0 
17100 14239 0 0 0 0 0 0 0 0 
17200 14116 0 0 0 0 0 0 0 0 
17300 14115 0 0 0 0 0 0 0 0 
17400 14009 0 0 0 0 0 0 0 0 
17500 14145 0 0 0 0 0 0 0 0 
17600 14267 0 0 0 0 0 0 0 0 
17700 14421 0 0 0 0 0 0 0 0 
17800 14651 0 0 0 0 0 0 0 0 
17900 14845 0 0 0 0 0 0 0 0 
18000 14917 0 0 0 0 0 0 0 0 
18100 14978 0 0 0 0 0 0 0 0 
18200 14893 0 0 0 0 0 0 0 0 
18300 14830 0 0 0 0 0 0 0 0 
18400 14878 0 0 0 0 0 0 0 0 
18500 14829 0 0 0 0 0 0 0 0 
18600 14797 0 0 0 0 0 0 0 0 
18700 14741 0 0 0 0 0 0 0 0 
18800 14804 0 0 0 0 0 0 0 0 
18900 14830 0 0 0 0 0 0 0 0 
19000 14781 0 0 0 0 0 0 0 0 
19100 14592 0 0 0 0 0 0 0 0 
19200 14497 0 0 0 0 0 0 0 0 
19300 14358 0 0 0 0 0 0 0 0 
19400 14335 0 0 0 0 0 0 0 0 
19500 14309 0 0 0 0 0 0 0 0 
19600 14503 0 0 0 0 0 0 0 0 
19700 14657 0 0 0 0 0 0 0 0 
19800 14780 0 0 0 0 0 0 0 0 
19900 14873 0 0 0 0 0 0 0 0 
20000 15006 0 0 0 0 0 0 0 0 
20100 15054 0 0 0 0 0 0 0 0 
20200 14965 0 0 0 0 0 0 0 0 
20300 14776 0 0 0 0 0 0 0 0 
20400 14655 0 0 0 0 0 0 0 0 
20500 14578 0 0 0 0 0 0 0 0 
20600 14707 0 0 0 0 0 0 0 0 
20700 14942 0 0 0 0 0 0 0 0 
20800 15190 0 0 0 0 0 0 0 0 
20900 15412 0 0 0 0 0 0 0 0 
21000 15417 0 0 0 0 0 0 0 0 
21100 15360 0 0 0 0 0 0 0 0 
21200 15195 0 0 0 0 0 0 0 0 
21300 15105 0 0 0 0 0 0 0 0 
21400 15114 0 0 0 0 0 0 0 0 
21500 14986 0 0 0 0 0 0 0 0 
21600 14815 0 0 0 0 0 0 0 0 
21700 14606 0 0 0 0 0 0 0 0 
21800 14573 0 0 0 0 0 0 0 0 
21900 14518 0 0 0 0 0 0 0 0 
22000 14635 0 0 0 0 0 0 0 0 
22100 14760 0 0 0 0 0 0 0 0 
22200 14861 0 0 0 0 0 0 0 0 
22300 14974 0 0 0 0 0 0 0 0 
22400 15114 0 0 0 0 0 0 0 0 
22500 15216 0 0 0 0 0 0 0 0 
22600 15298 0 0 0 0 0 0 0 0 
22700 15082 0 0 0 0 0 0 0 0 
22800 15002 0 0 0 0 0 0 0 0 
22900 14565 0 0 0 0 0 0 0 0 
23000 14309 0 0 0 0 0 0 0 0 
23100 13952 0 0 0 0 0 0 0 0 
23200 13931 0 0 0 0 0 0 0 0 
23300 13897 0 0 0 0 0 0 0 0 
23400 13961 0 0 0 0 0 0 0 0 
23500 14087 0 0 0 0 0 0 0 0 
23600 14221 0 0 0 0 0 0 0 0 
23700 14495 0 0 0 0 0 0 0 0 
23800 14733 0 0 0 0 0 0 0 0 
23900 14949 0 0 0 0 0 0 0 0 
24000 14871 0 0 0 0 0 0 0 0 
24100 14873 0 0 0 0 0 0 0 0 
24200 14658 0 0 0 0 0 0 0 0 
24300 14599 0 0 0 0 0 0 0 0 
24400 14475 0 0 0 0 0 0 0 0 
24500 14126 0 0 0 0 0 0 0 0 
24600 13874 0 0 0 0 0 0 0 0 
24700 13564 0 0 0 0 0 0 0 0 
24800 13456 0 0 0 0 0 0 0 0 
24900 13467 0 0 0 0 0 0 0 0 
25000 13616 0 0 0 0 0 0 0 0 
25100 13708 0 0 0 0 0 0 0 0 
25200 13934 0 0 0 0 0 0 0 0 
25300 14131 0 0 0 0 0 0 0 0 
25400 14098 0 0 0 0 0 0 0 0 
25500 14354 0 0 0 0 0 0 0 0 
25600 14450 0 0 0 0 0 0 0 0 
25700 14504 0 0 0 0 0 0 0 0 
25800 14369 0 0 0 0 0 0 0 0 
25900 14308 0 0 0 0 0 0 0 0 
26000 14391 0 0 0 0 0 0 0 0 
26100 14531 0 0 0 0 0 0 0 0 
26200 14643 0 0 0 0 0 0 0 0 
26300 14652 0 0 0 0 0 0 0 0 
26400 14603 0 0 0 0 0 0 0 0 
26500 14524 0 0 0 0 0 0 0 0 
26600 14229 0 0 0 0 0 0 0 0 
26700 14070 0 0 0 0 0 0 0 0 
26800 14056 0 0 0 0 0 0 0 0 
26900 13953 0 0 0 0 0 0 0 0 
27000 14129 0 0 0 0 0 0 0 0 
27100 14160 0 0 0 0 0 0 0 0 
27200 14140 0 0 0 0 0 0 0 0 
27300 14103 0 0 0 0 0 0 0 0 
27400 14067 0 0 0 0 0 0 0 0 
27500 14130 0 0 0 0 0 0 0 0 
27600 14381 0 0 0 0 0 0 0 0 
27700 14637 0 0 0 0 0 0 0 0 
27800 14784 0 0 0 0 0 0 0 0 
27900 14867 0 0 0 0 0 0 0 0 
28000 14756 0 0 0 0 0 0 0 0 
28100 14576 0 0 0 0 0 0 0 0 
28200 14344 0 0 0 0 0 0 0 0 
28300 14109 0 0 0 0 0 0 0 0 
28400 14093 0 0 0 0 0 0 0 0 
28500 14037 0 0 0 0 0 0 0 0 
28600 14051 0 0 0 0 0 0 0 0 
28700 14241 0 0 0 0 0 0 0 0 
28800 14307 0 0 0 0 0 0 0 0 
28900 14265 0 0 0 0 0 0 0 0 
29000 14455 0 0 0 0 0 0 0 0 
29100 14569 0 0 0 0 0 0 0 0 
29200 14592 0 0 0 0 0 0 0 0 
29300 14641 0 0 0 0 0 0 0 0 
29400 14614 0 0 0 0 0 0 0 0 
29500 14695 0 0 0 0 0 0 0 0 
29600 14632 0 0 0 0 0 0 0 0 
29700 14503 0 0 0 0 0 0 0 0 
29800 14289 0 0 0 0 0 0 0 0 
29900 14002 0 0 0 0 0 0 0 0 
30000 14092 0 0 0 0 0 0 0 0 
30100 14098 0 0 0 0 0 0 0 0 
30200 14253 0 0 0 0 0 0 0 0 
30300 14543 0 0 0 0 0 0 0 0 
30400 14728 0 0 0 0 0 0 0 0 
30500 15099 0 0 0 0 0 0 0 0 
30600 15310 0 0 0 0 0 0 0 0 
30700 15305 0 0 0 0 0 0 0 0 
30800 15195 0 0 0 0 0 0 0 0 
30900 14969 0 0 0 0 0 0 0 0 
31000 14863 0 0 0 0 0 0 0 0 
31100 14755 0 0 0 0 0 0 0 0 
31200 14792 0 0 0 0 0 0 0 0 
31300 14857 0 0 0 0 0 0 0 0 
31400 14927 0 0 0 0 0 0 0 0 
31500 14929 0 0 0 0 0 0 0 0 
31600 14793 0 0 0 0 0 0 0 0 
31700 14810 0 0 0 0 0 0 0 0 
31800 14792 0 0 0 0 0 0 0 0 
31900 14466 0 0 0 0 0 0 0 0 
32000 14305 0 0 0 0 0 0 0 0 
32100 14270 0 0 0 0 0 0 0 0 
32200 14436 0 0 0 0 0 0 0 0 
32300 14678 0 0 0 0 0 0 0 0 
32400 14948 0 0 0 0 0 0 0 0 
32500 15311 0 0 0 0 0 0 0 0 
32600 15416 0 0 0 0 0 0 0 0 
32700 15406 0 0 0 0 0 0 0 0 
32800 15245 0 0 0 0 0 0 0 0 
32900 15035 0 0 0 0 0 0 0 0 
33000 14769 0 0 0 0 0 0 0 0 
33100 14552 0 0 0 0 0 0 0 0 
33200 14456 0 0 0 0 0 0 0 0 
33300 14543 0 0 0 0 0 0 0 0 
33400 14787 0 0 0 0 0 0 0 0 
33500 14868 0 0 0 0 0 0 0 0 
33600 14836 0 0 0 0 0 0 0 0 
33700 14792 0 0 0 0 0 0 0 0 
33800 14737 0 0 0 0 0 0 0 0 
33900 14651 0 0 0 0 0 0 0 0 
34000 14789 0 0 0 0 0 0 0 0 
34100 14880 0 0 0 0 0 0 0 0 
34200 15114 0 0 0 0 0 0 0 0 
34300 15191 0 0 0 0 0 0 0 0 
34400 15286 0 0 0 0 0 0 0 0 
34500 15148 0 0 0 0 0 0 0 0 
34600 14938 0 0 0 0 0 0 0 0 
34700 14821 0 0 0 0 0 0 0 0 
34800 14707 0 0 0 0 0 0 0 0 
34900 14642 0 0 0 0 0 0 0 0 
35000 14754 0 0 0 0 0 0 0 0 
35100 14670 0 0 0 0 0 0 0 0 
35200 14699 0 0 0 0 0 0 0 0 
35300 14669 0 0 0 0 0 0 0 0 
35400 14574 0 0 0 0 0 0 0 0 
35500 14469 0 0 0 0 0 0 0 0 
35600 14413 0 0 0 0 0 0 0 0 
35700 14468 0 0 0 0 0 0 0 0 
35800 14488 0 0 0 0 0 0 0 0 
35900 14538 0 0 0 0 0 0 0 0 
36000 14728 0 0 0 0 0 0 0 0 
36100 14909 0 0 0 0 0 0 0 0 
36200 14971 0 0 0 0 0 0 0 0 
36300 14930 0 0 0 0 0 0 0 0 
36400 14664 0 0 0 0 0 0 0 0 
36500 14446 0 0 0 0 0 0 0 0 
36600 14122 0 0 0 0 0 0 0 0 
36700 14044 0 0 0 0 0 0 0 0 
36800 13889 0 0 0 0 0 0 0 0 
36900 14065 0 0 0 0 0 0 0 0 
37000 14299 0 0 0 0 0 0 0 0 
37100 14603 0 0 0 0 0 0 0 0 
37200 14795 0 0 0 0 0 0 0 0 
37300 14900 0 0 0 0 0 0 0 0 
37400 14941 0 0 0 0 0 0 0 0 
37500 14978 0 0 0 0 0 0 0 0 
37600 15041 0 0 0 0 0 0 0 0 
37700 14929 0 0 0 0 0 0 0 0 
37800 14877 0 0 0 0 0 0 0 0 
37900 14793 0 0 0 0 0 0 0 0 
38000 14488 0 0 0 0 0 0 0 0 
38100 14338 0 0 0 0 0 0 0 0 
38200 14285 0 0 0 0 0 0 0 0 
38300 14121 0 0 0 0 0 0 0 0 
38400 14107 0 0 0 0 0 0 0 0 
38500 14200 0 0 0 0 0 0 0 0 
38600 14343 0 0 0 0 0 0 0 0 
38700 14478 0 0 0 0 0 0 0 0 
38800 14582 0 0 0 0 0 0 0 0 
38900 14780 0 0 0 0 0 0 0 0 
39000 14809 0 0 0 0 0 0 0 0 
39100 14809 0 0 0 0 0 0 0 0 
39200 14762 0 0 0 0 0 0 0 0 
39300 14503 0 0 0 0 0 0 0 0 
39400 14458 0 0 0 0 0 0 0 0 
39500 14385 0 0 0 0 0 0 0 0 
39600 14403 0 0 0 0 0 0 0 0 
39700 14508 0 0 0 0 0 0 0 0 
39800 14574 0 0 0 0 0 0 0 0 
39900 14641 0 0 0 0 0 0 0 0 
40000 14581 0 0 0 0 0 0 0 0 
40100 14386 0 0 0 0 0 0 0 0 
40200 14241 0 0 0 0 0 0 0 0 
40300 14088 0 0 0 0 0 0 0 0 
40400 14152 0 0 0 0 0 0 0 0 
40500 14394 0 0 0 0 0 0 0 0 
40600 14379 0 0 0 0 0 0 0 0 
40700 14590 0 0 0 0 0 0 0 0 
40800 14652 0 0 0 0 0 0 0 0 
40900 14705 0 0 0 0 0 0 0 0 
41000 14633 0 0 0 0 0 0 0 0 
41100 14602 0 0 0 0 0 0 0 0 
41200 14597 0 0 0 0 0 0 0 0 
41300 14668 0 0 0 0 0 0 0 0 
41400 14477 0 0 0 0 0 0 0 0 
41500 14539 0 0 0 0 0 0 0 0 
41600 14371 0 0 0 0 0 0 0 0 
41700 14169 0 0 0 0 0 0 0 0 
41800 14142 0 0 0 0 0 0 0 0 
41900 14003 0 0 0 0 0 0 0 0 
42000 13819 0 0 0 0 0 0 0 0 
42100 13734 0 0 0 0 0 0 0 0 
42200 13978 0 0 0 0 0 0 0 0 
42300 14156 0 0 0 0 0 0 0 0 
42400 14428 0 0 0 0 0 0 0 0 
42500 14805 0 0 0 0 0 0 0 0 
42600 14990 0 0 0 0 0 0 0 0 
42700 14993 0 0 0 0 0 0 0 0 
42800 14776 0 0 0 0 0 0 0 0 
42900 14343 0 0 0 0 0 0 0 0 
43000 13864 0 0 0 0 0 0 0 0 
43100 13639 0 0 0 0 0 0 0 0 
43200 13707 0 0 0 0 0 0 0 0 
43300 13981 0 0 0 0 0 0 0 0 
43400 14288 0 0 0 0 0 0 0 0 
43500 14492 0 0 0 0 0 0 0 0 
43600 14758 0 0 0 0 0 0 0 0 
43700 14841 0 0 0 0 0 0 0 0 
43800 14914 0 0 0 0 0 0 0 0 
43900 14919 0 0 0 0 0 0 0 0 
44000 14720 0 0 0 0 0 0 0 0 
44100 14665 0 0 0 0 0 0 0 0 
44200 14420 0 0 0 0 0 0 0 0 
44300 14222 0 0 0 0 0 0 0 0 
44400 14054 0 0 0 0 0 0 0 0 
44500 14183 0 0 0 0 0 0 0 0 
44600 14061 0 0 0 0 0 0 0 0 
44700 14066 0 0 0 0 0 0 0 0 
44800 14130 0 0 0 0 0 0 0 0 
44900 14122 0 0 0 0 0 0 0 0 
45000 14063 0 0 0 0 0 0 0 0 
45100 13942 0 0 0 0 0 0 0 0 
45200 13966 0 0 0 0 0 0 0 0 
45300 13976 0 0 0 0 0 0 0 0 
45400 13991 0 0 0 0 0 0 0 0 
45500 13987 0 0 0 0 0 0 0 0 
45600 14096 0 0 0 0 0 0 0 0 
45700 14314 0 0 0 0 0 0 0 0 
45800 14415 0 0 0 0 0 0 0 0 
45900 14649 0 0 0 0 0 0 0 0 
46000 14722 0 0 0 0 0 0 0 0 
46100 14815 0 0 0 0 0 0 0 0 
46200 14844 0 0 0 0 0 0 0 0 
46300 14857 0 0 0 0 0 0 0 0 
46400 14757 0 0 0 0 0 0 0 0 
46500 14584 0 0 0 0 0 0 0 0 
46600 14345 0 0 0 0 0 0 0 0 
46700 14257 0 0 0 0 0 0 0 0 
46800 14182 0 0 0 0 0 0 0 0 
46900 13984 0 0 0 0 0 0 0 0 
47000 13889 0 0 0 0 0 0 0 0 
47100 13857 0 0 0 0 0 0 0 0 
47200 13815 0 0 0 0 0 0 0 0 
47300 13993 0 0 0 0 0 0 0 0 
47400 14372 0 0 0 0 0 0 0 0 
47500 14644 0 0 0 0 0 0 0 0 
47600 14897 0 0 0 0 0 0 0 0 
47700 15065 0 0 0 0 0 0 0 0 
47800 15198 0 0 0 0 0 0 0 0 
47900 15216 0 0 0 0 0 0 0 0 
48000 15082 0 0 0 0 0 0 0 0 
48100 14726 0 0 0 0 0 0 0 0 
48200 14462 0 0 0 0 0 0 0 0 
48300 14150 0 0 0 0 0 0 0 0 
48400 13983 0 0 0 0 0 0 0 0 
48500 13979 0 0 0 0 0 0 0 0 
48600 13850 0 0 0 0 0 0 0 0 
48700 13909 0 0 0 0 0 0 0 0 
48800 14100 0 0 0 0 0 0 0 0 
48900 14422 0 0 0 0 0 0 0 0 
49000 14776 0 0 0 0 0 0 0 0 
49100 15136 0 0 0 0 0 0 0 0 
49200 15206 0 0 0 0 0 0 0 0 
49300 15228 0 0 0 0 0 0 0 0 
49400 14997 0 0 0 0 0 0 0 0 
49500 14564 0 0 0 0 0 0 0 0 
49600 14298 0 0 0 0 0 0 0 0 
49700 13936 0 0 0 0 0 0 0 0 
49800 13607 0 0 0 0 0 0 0 0 
49900 13503 0 0 0 0 0 0 0 0 
50000 13510 0 0 0 0 0 0 0 0 
50100 13738 0 0 0 0 0 0 0 0 
50200 13965 0 0 0 0 0 0 0 0 
50300 14227 0 0 0 0 0 0 0 0 
50400 14290 0 0 0 0 0 0 0 0 
50500 14500 0 0 0 0 0 0 0 0 
50600 14512 0 0 0 0 0 0 0 0 
50700 14491 0 0 0 0 0 0 0 0 
50800 14418 0 0 0 0 0 0 0 0 
50900 14455 0 0 0 0 0 0 0 0 
51000 14588 0 0 0 0 0 0 0 0 
51100 14623 0 0 0 0 0 0 0 0 
51200 14762 0 0 0 0 0 0 0 0 
51300 14682 0 0 0 0 0 0 0 0 
51400 14411 0 0 0 0 0 0 0 0 
51500 14213 0 0 0 0 0 0 0 0 
51600 13911 0 0 0 0 0 0 0 0 
51700 13674 0 0 0 0 0 0 0 0 
51800 13841 0 0 0 0 0 0 0 0 
51900 13951 0 0 0 0 0 0 0 0 
52000 14317 0 0 0 0 0 0 0 0 
52100 14517 0 0 0 0 0 0 0 0 
52200 14729 0 0 0 0 0 0 0 0 
52300 14878 0 0 0 0 0 0 0 0 
52400 14799 0 0 0 0 0 0 0 0 
52500 14860 0 0 0 0 0 0 0 0 
52600 14683 0 0 0 0 0 0 0 0 
52700 14575 0 0 0 0 0 0 0 0 
52800 14456 0 0 0 0 0 0 0 0 
52900 14199 0 0 0 0 0 0 0 0 
53000 14201 0 0 0 0 0 0 0 0 
53100 14100 0 0 0 0 0 0 0 0 
53200 14157 0 0 0 0 0 0 0 0 
53300 14365 0 0 0 0 0 0 0 0 
53400 14489 0 0 0 0 0 0 0 0 
53500 14596 0 0 0 0 0 0 0 0 
53600 14514 0 0 0 0 0 0 0 0 
53700 14504 0 0 0 0 0 0 0 0 
53800 14579 0 0 0 0 0 0 0 0 
53900 14887 0 0 0 0 0 0 0 0 
54000 15066 0 0 0 0 0 0 0 0 
54100 15206 0 0 0 0 0 0 0 0 
54200 15123 0 0 0 0 0 0 0 0 
54300 14839 0 0 0 0 0 0 0 0 
54400 14721 0 0 0 0 0 0 0 0 
54500 14409 0 0 0 0 0 0 0 0 
54600 14434 0 0 0 0 0 0 0 0 
54700 14315 0 0 0 0 0 0 0 0 
54800 14414 0 0 0 0 0 0 0 0 
54900 14488 0 0 0 0 0 0 0 0 
55000 14433 0 0 0 0 0 0 0 0 
55100 14574 0 0 0 0 0 0 0 0 
55200 14622 0 0 0 0 0 0 0 0 
55300 14678 0 0 0 0 0 0 0 0 
55400 14473 0 0 0 0 0 0 0 0 
55500 14120 0 0 0 0 0 0 0 0 
55600 13896 0 0 0 0 0 0 0 0 
55700 13510 0 0 0 0 0 0 0 0 
55800 13373 0 0 0 0 0 0 0 0 
55900 13270 0 0 0 0 0 0 0 0 
56000 13357 0 0 0 0 0 0 0 0 
56100 13513 0 0 0 0 0 0 0 0 
56200 13791 0 0 0 0 0 0 0 0 
56300 14239 0 0 0 0 0 0 0 0 
56400 14511 0 0 0 0 0 0 0 0 
56500 14935 0 0 0 0 0 0 0 0 
56600 15129 0 0 0 0 0 0 0 0 
56700 15104 0 0 0 0 0 0 0 0 
56800 14938 0 0 0 0 0 0 0 0 
56900 14654 0 0 0 0 0 0 0 0 
57000 14399 0 0 0 0 0 0 0 0 
57100 14036 0 0 0 0 0 0 0 0 
57200 13883 0 0 0 0 0 0 0 0 
57300 13915 0 0 0 0 0 0 0 0 
57400 13832 0 0 0 0 0 0 0 0 
57500 13938 0 0 0 0 0 0 0 0 
57600 14078 0 0 0 0 0 0 0 0 
57700 14051 0 0 0 0 0 0 0 0 
57800 14009 0 0 0 0 0 0 0 0 
57900 14019 0 0 0 0 0 0 0 0 
58000 14084 0 0 0 0 0 0 0 0 
58100 14205 0 0 0 0 0 0 0 0 
58200 14492 0 0 0 0 0 0 0 0 
58300 14558 0 0 0 0 0 0 0 0 
58400 14614 0 0 0 0 0 0 0 0 
58500 14595 0 0 0 0 0 0 0 0 
58600 14506 0 0 0 0 0 0 0 0 
58700 14514 0 0 0 0 0 0 0 0 
58800 14322 0 0 0 0 0 0 0 0 
58900 14078 0 0 0 0 0 0 0 0 
59000 13814 0 0 0 0 0 0 0 0 
59100 13658 0 0 0 0 0 0 0 0 
59200 13553 0 0 0 0 0 0 0 0 
59300 13850 0 0 0 0 0 0 0 0 
59400 14184 0 0 0 0 0 0 0 0 
59500 14705 0 0 0 0 0 0 0 0 
59600 15079 0 0 0 0 0 0 0 0 
59700 15269 0 0 0 0 0 0 0 0 
59800 15240 0 0 0 0 0 0 0 0 
59900 15038 0 0 0 0 0 0 0 0 
60000 14573 0 0 0 0 0 0 0 0 
60100 14220 0 0 0 0 0 0 0 0 
60200 13910 0 0 0 0 0 0 0 0 
60300 13703 0 0 0 0 0 0 0 0 
60400 13795 0 0 0 0 0 0 0 0 
60500 13943 0 0 0 0 0 0 0 0 
60600 14060 0 0 0 0 0 0 0 0 
60700 14263 0 0 0 0 0 0 0 0 
60800 14293 0 0 0 0 0 0 0 0 
60900 14453 0 0 0 0 0 0 0 0 
61000 14508 0 0 0 0 0 0 0 0 
61100 14405 0 0 0 0 0 0 0 0 
61200 14170 0 0 0 0 0 0 0 0 
61300 13992 0 0 0 0 0 0 0 0 
61400 13980 0 0 0 0 0 0 0 0 
61500 14177 0 0 0 0 0 0 0 0 
61600 14185 0 0 0 0 0 0 0 0 
61700 14184 0 0 0 0 0 0 0 0 
61800 14181 0 0 0 0 0 0 0 0 
61900 14254 0 0 0 0 0 0 0 0 
62000 14229 0 0 0 0 0 0 0 0 
62100 14186 0 0 0 0 0 0 0 0 
62200 14238 0 0 0 0 0 0 0 0 
62300 14207 0 0 0 0 0 0 0 0 
62400 14295 0 0 0 0 0 0 0 0 
62500 14381 0 0 0 0 0 0 0 0 
62600 14387 0 0 0 0 0 0 0 0 
62700 14400 0 0 0 0 0 0 0 0 
62800 14510 0 0 0 0 0 0 0 0 
62900 14605 0 0 0 0 0 0 0 0 
63000 14687 0 0 0 0 0 0 0 0 
63100 14614 0 0 0 0 0 0 0 0 
63200 14488 0 0 0 0 0 0 0 0 
63300 14219 0 0 0 0 0 0 0 0 
63400 14053 0 0 0 0 0 0 0 0 
63500 13919 0 0 0 0 0 0 0 0 
63600 13819 0 0 0 0 0 0 0 0 
63700 13795 0 0 0 0 0 0 0 0 
63800 13825 0 0 0 0 0 0 0 0 
63900 13783 0 0 0 0 0 0 0 0 
64000 13979 0 0 0 0 0 0 0 0 
64100 14190 0 0 0 0 0 0 0 0 
64200 14334 0 0 0 0 0 0 0 0 
64300 14562 0 0 0 0 0 0 0 0 
64400 14589 0 0 0 0 0 0 0 0 
64500 14621 0 0 0 0 0 0 0 0 
64600 14656 0 0 0 0 0 0 0 0 
64700 14369 0 0 0 0 0 0 0 0 
64800 14257 0 0 0 0 0 0 0 0 
64900 14075 0 0 0 0 0 0 0 0 
65000 14080 0 0 0 0 0 0 0 0 
65100 14258 0 0 0 0 0 0 0 0 
65200 14519 0 0 0 0 0 0 0 0 
65300 14849 0 0 0 0 0 0 0 0 
65400 15225 0 0 0 0 0 0 0 0 
65500 15327 0 0 0 0 0 0 0 0 
65600 15346 0 0 0 0 0 0 0 0 
65700 15119 0 0 0 0 0 0 0 0 
65800 14741 0 0 0 0 0 0 0 0 
65900 14317 0 0 0 0 0 0 0 0 
66000 13932 0 0 0 0 0 0 0 0 
66100 13513 0 0 0 0 0 0 0 0 
66200 13522 0 0 0 0 0 0 0 0 
66300 13467 0 0 0 0 0 0 0 0 
66400 13669 0 0 0 0 0 0 0 0 
66500 13870 0 0 0 0 0 0 0 0 
66600 14056 0 0 0 0 0 0 0 0 
66700 14252 0 0 0 0 0 0 0 0 
66800 14450 0 0 0 0 0 0 0 0 
66900 14648 0 0 0 0 0 0 0 0 
67000 14711 0 0 0 0 0 0 0 0 
67100 14502 0 0 0 0 0 0 0 0 
67200 14208 0 0 0 0 0 0 0 0 
67300 13917 0 0 0 0 0 0 0 0 
67400 13655 0 0 0 0 0 0 0 0 
67500 13570 0 0 0 0 0 0 0 0 
67600 13532 0 0 0 0 0 0 0 0 
67700 13698 0 0 0 0 0 0 0 0 
67800 13983 0 0 0 0 0 0 0 0 
67900 14117 0 0 0 0 0 0 0 0 
68000 14256 0 0 0 0 0 0 0 0 
68100 14413 0 0 0 0 0 0 0 0 
68200 14690 0 0 0 0 0 0 0 0 
68300 14760 0 0 0 0 0 0 0 0 
68400 14708 0 0 0 0 0 0 0 0 
68500 14630 0 0 0 0 0 0 0 0 
68600 14520 0 0 0 0 0 0 0 0 
68700 14553 0 0 0 0 0 0 0 0 
68800 14561 0 0 0 0 0 0 0 0 
68900 14561 0 0 0 0 0 0 0 0 
69000 14379 0 0 0 0 0 0 0 0 
69100 14224 0 0 0 0 0 0 0 0 
69200 14057 0 0 0 0 0 0 0 0 
69300 14088 0 0 0 0 0 0 0 0 
69400 14199 0 0 0 0 0 0 0 0 
69500 14209 0 0 0 0 0 0 0 0 
69600 14463 0 0 0 0 0 0 0 0 
69700 14681 0 0 0 0 0 0 0 0 
69800 14885 0 0 0 0 0 0 0 0 
69900 15016 0 0 0 0 0 0 0 0 
70000 14961 0 0 0 0 0 0 0 0 
70100 14843 0 0 0 0 0 0 0 0 
70200 14798 0 0 0 0 0 0 0 0 
70300 14533 0 0 0 0 0 0 0 0 
70400 14369 0 0 0 0 0 0 0 0 
70500 14141 0 0 0 0 0 0 0 0 
70600 14096 0 0 0 0 0 0 0 0 
70700 14095 0 0 0 0 0 0 0 0 
70800 14076 0 0 0 0 0 0 0 0 
70900 14124 0 0 0 0 0 0 0 0 
71000 14023 0 0 0 0 0 0 0 0 
71100 14022 0 0 0 0 0 0 0 0 
71200 13947 0 0 0 0 0 0 0 0 
71300 14029 0 0 0 0 0 0 0 0 
71400 14308 0 0 0 0 0 0 0 0 
71500 14491 0 0 0 0 0 0 0 0 
71600 14568 0 0 0 0 0 0 0 0 
71700 14462 0 0 0 0 0 0 0 0 
71800 14382 0 0 0 0 0 0 0 0 
71900 14264 0 0 0 0 0 0 0 0 
72000 14219 0 0 0 0 0 0 0 0 
72100 14478 0 0 0 0 0 0 0 0 
72200 14462 0 0 0 0 0 0 0 0 
72300 14686 0 0 0 0 0 0 0 0 
72400 15012 0 0 0 0 0 0 0 0 
72500 14977 0 0 0 0 0 0 0 0 
72600 15098 0 0 0 0 0 0 0 0 
72700 14966 0 0 0 0 0 0 0 0 
72800 14583 0 0 0 0 0 0 0 0 
72900 14164 0 0 0 0 0 0 0 0 
73000 13895 0 0 0 0 0 0 0 0 
73100 13734 0 0 0 0 0 0 0 0 
73200 13792 0 0 0 0 0 0 0 0 
73300 14063 0 0 0 0 0 0 0 0 
73400 14452 0 0 0 0 0 0 0 0 
73500 14817 0 0 0 0 0 0 0 0 
73600 15026 0 0 0 0 0 0 0 0 
73700 15096 0 0 0 0 0 0 0 0 
73800 14955 0 0 0 0 0 0 0 0 
73900 14755 0 0 0 0 0 0 0 0 
74000 14520 0 0 0 0 0 0 0 0 
74100 14200 0 0 0 0 0 0 0 0 
74200 14142 0 0 0 0 0 0 0 0 
74300 14131 0 0 0 0 0 0 0 0 
74400 13957 0 0 0 0 0 0 0 0 
74500 13968 0 0 0 0 0 0 0 0 
74600 14075 0 0 0 0 0 0 0 0 
74700 14337 0 0 0 0 0 0 0 0 
74800 14666 0 0 0 0 0 0 0 0 
74900 14827 0 0 0 0 0 0 0 0 
75000 15013 0 0 0 0 0 0 0 0 
