# Avida Host Tasks data
# Fri Sep 25 14:32:51 2020
# First column gives the current update, next columns give the number
# of Hosts that have the particular task
#  1: Update
#  2: Not
#  3: Nand
#  4: And
#  5: OrNot
#  6: Or
#  7: AndNot
#  8: Nor
#  9: Xor
# 10: Equals

0 0 0 0 0 0 0 0 0 0 
100 188 0 0 0 0 0 0 0 0 
200 513 0 0 0 0 0 0 0 0 
300 782 0 0 0 0 0 0 0 0 
400 1531 0 0 0 0 0 0 0 0 
500 2156 0 2 0 0 0 0 0 0 
600 3428 0 2 0 0 0 0 0 0 
700 4925 0 3 0 0 0 0 0 0 
800 5900 2 4 0 0 0 0 0 0 
900 7723 10 10 0 0 0 0 0 0 
1000 9027 14 13 1 0 0 0 0 0 
1100 10563 14 12 1 0 0 0 0 0 
1200 12171 17 8 0 0 0 0 0 0 
1300 13495 16 6 2 0 0 0 0 0 
1400 15155 25 6 4 0 0 0 0 0 
1500 16520 26 3 6 0 0 0 0 0 
1600 17887 38 5 4 0 0 0 0 0 
1700 19308 47 6 4 0 0 0 0 0 
1800 20614 54 4 4 0 0 0 0 0 
1900 21790 78 4 6 0 0 0 0 0 
2000 22959 82 3 7 0 0 0 0 0 
2100 23898 87 2 5 0 0 0 0 0 
2200 24795 96 2 5 0 0 0 0 0 
2300 25484 105 2 7 0 0 0 0 0 
2400 25985 129 2 7 0 0 0 0 0 
2500 26700 131 4 7 0 0 0 0 0 
2600 26888 129 5 6 0 0 0 0 0 
2700 27285 136 5 9 0 0 0 0 0 
2800 27398 126 7 11 0 0 0 0 0 
2900 27628 139 6 13 0 0 0 0 0 
3000 27877 138 5 13 0 0 0 0 0 
3100 28058 151 5 12 0 0 0 0 0 
3200 28188 165 4 11 0 0 0 0 0 
3300 28164 183 6 12 0 0 0 0 0 
3400 28185 200 7 12 0 0 0 0 0 
3500 28089 204 11 10 0 0 0 0 0 
3600 28037 210 14 15 0 0 0 0 0 
3700 27887 208 13 14 0 0 0 0 0 
3800 27676 206 17 18 0 0 0 0 0 
3900 27499 228 15 16 0 0 0 0 0 
4000 27120 236 21 22 0 0 0 0 0 
4100 26760 250 25 24 0 0 0 0 0 
4200 26310 250 23 18 0 0 0 0 0 
4300 25707 264 27 22 0 0 0 0 0 
4400 25075 285 30 29 0 0 0 0 0 
4500 24304 305 32 29 0 0 0 0 0 
4600 23461 322 40 31 0 0 0 0 0 
4700 22554 359 44 34 0 0 0 0 0 
4800 21525 419 46 37 0 0 0 0 0 
4900 20627 487 49 37 0 0 0 0 0 
5000 19979 552 62 48 0 0 0 0 0 
5100 19547 658 68 59 0 0 0 0 0 
5200 19512 751 84 78 0 2 0 0 0 
5300 19412 865 120 94 0 2 0 0 0 
5400 19247 1035 147 123 0 0 0 0 0 
5500 19002 1211 172 167 0 0 0 0 0 
5600 18791 1411 214 199 0 0 0 0 0 
5700 18641 1618 242 239 0 0 0 0 0 
5800 18357 1861 278 278 0 0 0 0 0 
5900 17977 2170 299 313 0 2 0 0 0 
6000 17571 2429 351 386 0 2 0 0 0 
6100 17096 2749 404 431 0 2 0 0 0 
6200 16728 3095 430 493 0 2 0 0 0 
6300 16212 3477 502 563 0 3 0 0 0 
6400 15612 3953 521 638 0 1 0 0 0 
6500 15076 4402 591 747 0 3 0 0 0 
6600 14582 4891 650 826 0 6 0 0 0 
6700 14137 5403 705 921 0 8 0 0 0 
6800 13685 5981 772 1026 0 20 0 0 0 
6900 13236 6488 813 1155 0 26 0 0 0 
7000 12836 6980 871 1273 0 28 0 0 0 
7100 12357 7553 941 1344 0 25 0 0 0 
7200 12101 8067 1013 1459 0 27 0 0 0 
7300 11646 8516 1108 1595 0 35 0 0 0 
7400 11460 8929 1124 1647 0 37 0 0 0 
7500 11472 9317 1184 1747 0 41 0 0 0 
7600 11262 9776 1244 1847 0 44 0 0 0 
7700 11276 10106 1232 1955 0 50 0 0 0 
7800 11208 10277 1254 2079 0 57 0 0 0 
7900 11324 10361 1264 2134 0 62 0 0 0 
8000 11350 10317 1298 2247 0 69 0 0 0 
8100 11392 10303 1336 2325 0 76 0 0 0 
8200 11381 10188 1317 2422 0 85 0 0 0 
8300 11474 10075 1387 2481 0 87 0 0 0 
8400 11478 10083 1356 2619 0 87 0 0 0 
8500 11632 9972 1396 2715 0 94 0 0 0 
8600 11692 9962 1387 2774 0 110 0 0 0 
8700 11835 9864 1381 2808 0 121 0 0 0 
8800 11860 9811 1366 2883 0 125 0 0 0 
8900 11935 9768 1388 2935 0 128 0 0 0 
9000 11975 9633 1411 3010 1 130 0 0 0 
9100 12051 9592 1436 3114 4 136 0 0 0 
9200 12017 9563 1427 3135 5 135 0 0 0 
9300 11862 9457 1477 3243 5 151 0 0 0 
9400 11599 9446 1497 3351 7 152 0 0 0 
9500 11435 9429 1514 3380 10 163 0 0 0 
9600 11148 9475 1588 3434 10 179 0 0 0 
9700 11098 9373 1609 3488 10 174 0 0 0 
9800 11056 9186 1696 3576 7 173 0 0 0 
9900 10938 9101 1745 3758 13 166 0 0 0 
10000 10807 8987 1818 3855 14 161 0 0 0 
10100 10608 8844 1881 4058 14 165 0 0 0 
10200 10509 8651 1883 4239 13 171 0 0 0 
10300 10354 8417 2001 4349 13 178 0 0 0 
10400 10168 8053 2058 4549 13 200 0 0 0 
10500 9999 7694 2101 4748 15 213 0 0 0 
10600 9839 7390 2152 4970 18 237 0 0 0 
10700 9614 7108 2205 5251 21 260 0 0 0 
10800 9384 6999 2248 5479 23 269 0 0 0 
10900 9173 6671 2368 5682 28 279 0 0 0 
11000 8971 6557 2471 5860 27 288 0 0 0 
11100 8697 6227 2633 6049 31 302 0 0 0 
11200 8529 5919 2850 6265 35 301 0 0 0 
11300 8215 5617 2982 6512 36 329 0 0 0 
11400 8105 5304 3156 6643 36 337 0 0 0 
11500 8001 5052 3349 6787 27 364 0 0 0 
11600 7812 4911 3530 6973 24 387 0 0 0 
11700 7575 4668 3764 7176 29 394 0 0 0 
11800 7413 4550 3937 7358 26 398 0 0 0 
11900 7401 4313 4057 7455 33 415 0 0 0 
12000 7443 4295 4101 7484 39 417 0 0 0 
12100 7332 4167 4193 7523 44 444 0 0 0 
12200 7388 4115 4223 7397 40 451 0 0 0 
12300 7301 4108 4248 7329 36 464 0 0 0 
12400 7360 4188 4224 7282 34 484 0 0 0 
12500 7425 4262 4198 7245 30 480 0 0 0 
12600 7423 4231 4244 7186 24 506 0 0 0 
12700 7487 4205 4267 7158 21 524 0 0 0 
12800 7479 4278 4338 7121 15 533 0 0 0 
12900 7532 4372 4373 7067 13 538 0 0 0 
13000 7539 4450 4347 6958 19 539 0 0 0 
13100 7468 4643 4305 6846 28 592 0 0 0 
13200 7408 4765 4249 6852 36 616 0 0 0 
13300 7448 4758 4274 6796 40 629 0 0 0 
13400 7492 4818 4211 6781 46 647 0 0 0 
13500 7660 4854 4112 6821 54 646 0 0 0 
13600 7716 4878 4063 6859 64 650 0 0 0 
13700 7649 4890 4072 6880 81 665 0 0 0 
13800 7642 4815 4052 6941 82 682 0 0 0 
13900 7604 4766 4110 6971 90 723 0 0 0 
14000 7551 4726 4154 6946 104 723 0 0 0 
14100 7352 4792 4235 6967 109 751 0 0 0 
14200 7004 4725 4455 6978 126 784 0 0 0 
14300 6777 4835 4641 6950 127 838 0 0 0 
14400 6636 4821 4758 6970 138 883 0 0 0 
14500 6524 4938 4908 6932 146 948 0 0 0 
14600 6447 5073 4957 6902 148 985 0 0 0 
14700 6302 5229 5065 6808 142 1049 0 0 0 
14800 6157 5303 5196 6724 140 1094 0 0 0 
14900 6027 5472 5331 6735 131 1132 0 0 0 
15000 5871 5569 5477 6606 128 1158 0 0 0 
15100 5650 5565 5621 6536 148 1211 0 0 0 
15200 5570 5514 5829 6331 157 1275 0 0 0 
15300 5377 5466 5919 6231 181 1333 0 0 0 
15400 5283 5513 6115 6163 198 1359 0 0 0 
15500 5176 5422 6211 6008 211 1470 0 0 0 
15600 5231 5375 6342 5787 225 1559 0 0 0 
15700 5208 5374 6449 5628 230 1661 0 0 0 
15800 5226 5308 6380 5547 248 1788 1 0 0 
15900 5227 5256 6364 5588 250 1828 0 0 0 
16000 5134 5220 6297 5664 258 1894 0 0 0 
16100 5115 5129 6269 5749 270 2009 0 0 0 
16200 5044 5039 6246 5896 274 2118 0 0 0 
16300 5011 4918 6105 5943 307 2262 0 0 0 
16400 4935 4855 6065 6094 327 2314 0 0 0 
16500 4970 4793 6024 6088 391 2421 0 0 0 
16600 5003 4712 5934 6111 420 2579 0 0 0 
16700 4967 4543 5873 6150 469 2653 0 0 0 
16800 4915 4517 5839 6066 524 2800 2 0 0 
16900 4940 4421 5815 6044 543 2902 2 0 0 
17000 4890 4328 5743 5898 608 3009 7 0 0 
17100 4920 4277 5711 5837 648 3151 9 0 0 
17200 4949 4216 5638 5710 707 3269 16 0 0 
17300 4967 4154 5562 5709 769 3429 24 0 0 
17400 4918 4145 5499 5655 808 3569 29 0 0 
17500 4862 4060 5475 5538 841 3719 33 0 0 
17600 4800 4014 5516 5459 849 3846 35 0 0 
17700 4813 3963 5552 5286 887 3937 47 0 0 
17800 4771 3985 5653 5236 953 4026 50 0 0 
17900 4805 3997 5671 5170 992 4057 56 0 0 
18000 4779 3978 5737 4934 1074 4007 66 0 0 
18100 4781 3933 5815 4780 1078 3980 65 0 0 
18200 4704 3904 5964 4651 1130 3971 83 0 0 
18300 4574 3922 5944 4560 1179 3925 93 0 0 
18400 4519 3851 6074 4610 1210 3882 104 0 0 
18500 4486 3881 6093 4609 1354 3917 123 0 0 
18600 4408 3892 6080 4611 1411 4011 133 0 0 
18700 4378 3835 6027 4552 1500 4041 146 0 0 
18800 4344 3793 5960 4412 1590 4231 148 0 0 
18900 4303 3697 5951 4430 1672 4357 161 0 0 
19000 4376 3657 5865 4396 1767 4459 175 0 0 
19100 4412 3524 5871 4359 1828 4587 181 0 0 
19200 4450 3447 5894 4298 1947 4639 183 0 0 
19300 4417 3357 5788 4199 2031 4763 192 0 0 
19400 4424 3393 5741 4138 2132 4896 207 0 0 
19500 4356 3313 5595 3976 2242 5019 213 0 0 
19600 4256 3351 5392 3914 2353 5201 226 0 0 
19700 4177 3406 5168 3870 2545 5234 248 0 0 
19800 3995 3482 5028 3839 2660 5315 263 0 0 
19900 3890 3611 4731 3771 2837 5481 282 0 0 
20000 3752 3584 4483 3684 3037 5617 311 0 0 
20100 3631 3627 4311 3638 3148 5865 328 0 0 
20200 3489 3637 4177 3624 3360 5979 340 0 0 
20300 3391 3544 4111 3630 3519 5948 367 0 0 
20400 3328 3505 4188 3601 3681 5967 402 0 0 
20500 3223 3444 4207 3588 3815 5963 447 0 0 
20600 3171 3381 4306 3560 3989 5855 475 0 0 
20700 3032 3294 4358 3636 4169 5769 528 0 0 
20800 3003 3329 4479 3731 4290 5655 534 0 0 
20900 3044 3218 4534 3729 4412 5376 567 0 0 
21000 3158 3156 4537 3621 4510 5139 563 0 0 
21100 3235 3099 4688 3504 4561 4842 581 0 0 
21200 3221 3051 4813 3465 4516 4747 622 0 0 
21300 3366 2961 4899 3421 4374 4694 658 0 0 
21400 3472 2928 5041 3362 4233 4758 684 0 0 
21500 3492 2923 5102 3311 3991 4941 746 0 0 
21600 3548 2893 5172 3356 3787 5002 761 0 0 
21700 3607 2945 5157 3370 3484 5105 799 0 0 
21800 3583 2931 5160 3375 3201 5329 852 0 0 
21900 3529 2896 5220 3389 2892 5534 889 0 0 
22000 3545 2969 5234 3387 2588 5731 979 0 0 
22100 3510 3070 5280 3404 2367 5879 983 0 0 
22200 3459 3176 5345 3443 2191 5940 1032 0 0 
22300 3459 3197 5299 3440 2107 6001 1100 0 0 
22400 3440 3216 5255 3417 2056 6136 1176 0 0 
22500 3402 3227 5146 3380 2115 6260 1283 0 0 
22600 3339 3163 5052 3251 2234 6256 1360 0 0 
22700 3292 3160 4965 3163 2387 6343 1465 0 0 
22800 3197 3097 4925 3084 2512 6404 1558 0 0 
22900 3166 3068 4822 3059 2670 6282 1684 0 0 
23000 3147 3072 4815 3002 2824 6262 1817 0 0 
23100 3121 3100 4788 3041 3007 6071 1930 0 0 
23200 3116 3152 4786 3053 3139 5934 1985 0 0 
23300 3076 3166 4786 3055 3314 5733 2133 0 0 
23400 3068 3241 4877 3057 3493 5480 2191 0 0 
23500 3003 3248 4833 3022 3682 5288 2341 0 0 
23600 2968 3208 4815 3013 3798 5188 2453 0 0 
23700 2945 3172 4746 2968 3857 5178 2496 0 0 
23800 2858 3198 4745 2944 3996 5056 2613 0 0 
23900 2874 3253 4636 2853 4124 5036 2684 0 0 
24000 2858 3342 4576 2757 4270 4958 2798 0 0 
24100 2829 3382 4457 2661 4478 4905 2906 0 0 
24200 2843 3414 4296 2648 4554 4817 2979 0 0 
24300 2830 3433 4170 2620 4778 4759 3098 0 0 
24400 2856 3337 3980 2599 4971 4735 3214 0 0 
24500 2977 3283 3825 2613 5028 4734 3282 0 0 
24600 2985 3215 3599 2603 5144 4820 3384 0 0 
24700 2933 3269 3434 2659 5182 4830 3549 0 0 
24800 2902 3141 3316 2722 5328 4855 3690 0 0 
24900 2846 3145 3247 2772 5388 4883 3807 0 0 
25000 2770 3153 3113 2867 5432 4908 3985 0 0 
25100 2752 3083 2951 2956 5487 5017 4108 0 0 
25200 2648 3095 2889 3051 5479 5116 4282 0 0 
25300 2707 3073 2814 3148 5497 5136 4315 0 0 
25400 2730 3106 2776 3211 5440 5073 4393 0 0 
25500 2700 3085 2715 3341 5351 5121 4533 0 0 
25600 2754 3081 2718 3443 5273 5169 4604 0 0 
25700 2810 3022 2778 3583 5228 5180 4709 0 0 
25800 2768 3045 2791 3678 5267 5193 4772 0 0 
25900 2764 3018 2793 3739 5317 5208 4826 0 0 
26000 2712 3042 2802 3837 5318 5184 4895 0 0 
26100 2751 3023 2808 3897 5333 5123 4965 0 0 
26200 2811 3030 2846 3870 5302 4996 5020 0 0 
26300 2930 3041 2862 3863 5228 4894 5049 0 0 
26400 3046 3114 2907 3822 5207 4761 5021 0 0 
26500 3097 3110 2871 3839 5215 4580 5149 0 0 
26600 3131 3097 2941 3909 5266 4370 5122 0 0 
26700 3199 3076 2917 3928 5331 4208 5149 0 0 
26800 3247 3053 2955 3873 5364 4178 5235 0 0 
26900 3380 3035 2939 3860 5418 4100 5177 0 0 
27000 3404 3003 2951 3758 5478 4014 5242 0 0 
27100 3469 2921 2966 3704 5535 4014 5197 0 0 
27200 3552 2905 2961 3601 5685 3932 5303 0 0 
27300 3628 2854 2918 3513 5857 3801 5352 0 0 
27400 3711 2837 2934 3446 5984 3680 5345 0 0 
27500 3835 2888 2882 3409 6143 3548 5350 0 0 
27600 3908 2929 2869 3396 6289 3483 5309 0 0 
27700 3970 2945 2878 3322 6505 3403 5317 0 0 
27800 4061 3006 2921 3317 6542 3289 5269 0 0 
27900 4182 2980 2942 3259 6707 3212 5163 0 0 
28000 4275 3000 2987 3230 6848 3162 5054 0 0 
28100 4374 3054 2949 3268 6980 3068 4940 0 0 
28200 4395 3024 2944 3230 7088 2985 4751 0 0 
28300 4400 2994 2897 3259 7285 2839 4603 0 0 
28400 4395 2979 2792 3289 7456 2700 4490 0 0 
28500 4333 2992 2686 3342 7660 2584 4446 0 0 
28600 4273 2985 2628 3263 7888 2453 4386 0 0 
28700 4171 3046 2482 3197 8073 2300 4301 0 0 
28800 4113 3013 2459 3146 8308 2167 4291 0 0 
28900 4161 2956 2371 3161 8419 2028 4302 0 0 
29000 4172 2888 2294 3119 8523 1936 4303 0 0 
29100 4105 2837 2251 3146 8592 1859 4278 0 0 
29200 3992 2798 2171 3240 8554 1820 4238 0 0 
29300 3941 2823 2175 3232 8600 1863 4262 0 0 
29400 3908 2808 2203 3279 8572 1846 4390 0 0 
29500 3884 2896 2168 3358 8476 1821 4435 0 0 
29600 3903 2972 2161 3452 8288 1773 4466 0 0 
29700 3958 3074 2116 3475 8119 1724 4535 0 0 
29800 3854 3125 2092 3545 7963 1758 4649 0 0 
29900 3752 3182 2074 3631 7862 1820 4778 0 0 
30000 3669 3210 2060 3695 7668 1944 4951 0 0 
30100 3672 3332 2047 3769 7537 2047 4993 0 0 
30200 3695 3442 2066 3801 7425 2085 5029 0 0 
30300 3532 3563 2063 3790 7320 2181 5123 0 0 
30400 3429 3671 2128 3802 7192 2219 5146 0 0 
30500 3392 3758 2194 3860 7124 2314 5181 0 0 
30600 3370 3864 2208 3867 6995 2360 5299 0 0 
30700 3352 3907 2258 3880 6860 2411 5308 0 0 
30800 3311 4001 2307 3864 6831 2438 5400 0 0 
30900 3304 4152 2281 3782 6699 2465 5491 0 0 
31000 3250 4306 2300 3802 6621 2515 5491 0 0 
31100 3246 4409 2270 3763 6622 2536 5507 0 0 
31200 3208 4468 2342 3753 6537 2541 5486 0 0 
31300 3227 4462 2357 3755 6566 2509 5548 0 0 
31400 3192 4444 2399 3770 6637 2586 5578 0 0 
31500 3220 4528 2375 3758 6655 2582 5606 0 0 
31600 3280 4482 2320 3755 6732 2585 5581 0 0 
31700 3290 4461 2190 3761 6783 2558 5695 0 0 
31800 3318 4491 2167 3724 6840 2552 5657 0 0 
31900 3351 4544 2168 3733 6825 2542 5647 0 0 
32000 3353 4526 2090 3769 6830 2577 5630 0 0 
32100 3358 4626 2032 3803 6761 2554 5694 0 0 
32200 3379 4614 2007 3863 6769 2529 5726 0 0 
32300 3388 4529 1984 3841 6802 2592 5758 0 0 
32400 3370 4516 1954 3857 6814 2605 5772 0 0 
32500 3444 4430 1987 3804 6765 2629 5847 0 0 
32600 3416 4357 1932 3789 6759 2624 5881 0 0 
32700 3361 4359 1915 3748 6726 2591 6004 0 0 
32800 3306 4267 1905 3682 6773 2545 6119 0 0 
32900 3202 4138 1915 3603 6944 2524 6289 0 0 
33000 3091 4006 1916 3529 7007 2465 6416 0 0 
33100 3133 3849 1951 3439 7126 2392 6529 0 0 
33200 3032 3818 1959 3424 7099 2354 6587 0 0 
33300 2961 3769 1993 3345 7129 2339 6732 0 0 
33400 2910 3703 2030 3334 7111 2338 6834 0 0 
33500 2875 3650 2075 3311 7173 2374 6946 0 0 
33600 2926 3589 2079 3234 7138 2357 7125 0 0 
33700 2964 3613 2116 3191 7129 2394 7129 0 0 
33800 3019 3645 2183 3080 7071 2397 7242 0 0 
33900 3073 3703 2174 3032 6922 2403 7390 0 0 
34000 3143 3680 2223 2996 6888 2423 7331 0 0 
34100 3194 3669 2294 2952 6725 2417 7468 0 0 
34200 3192 3616 2327 2874 6547 2408 7525 0 0 
34300 3161 3664 2402 2888 6487 2534 7520 0 0 
34400 3192 3725 2489 2837 6261 2628 7490 0 0 
34500 3233 3694 2514 2818 6173 2684 7438 0 0 
34600 3258 3676 2566 2824 6093 2769 7425 0 0 
34700 3262 3725 2547 2836 5989 2804 7427 0 0 
34800 3227 3682 2565 2800 5951 2843 7427 0 0 
34900 3191 3762 2575 2756 5955 2901 7405 0 0 
35000 3081 3723 2597 2815 5954 2990 7387 0 0 
35100 3030 3690 2580 2811 5961 3107 7395 0 0 
35200 2950 3706 2573 2853 5943 3246 7318 0 0 
35300 2900 3675 2584 2839 5916 3287 7264 0 0 
35400 2835 3661 2656 2850 5909 3396 7174 0 0 
35500 2825 3704 2682 2783 5907 3458 7139 0 0 
35600 2815 3674 2700 2746 5969 3509 7155 0 0 
35700 2754 3680 2734 2782 5862 3587 7171 0 0 
35800 2772 3698 2758 2777 5879 3611 7174 0 0 
35900 2760 3773 2749 2776 5868 3577 7129 0 0 
36000 2789 3788 2736 2732 5831 3528 7019 0 0 
36100 2816 3754 2746 2714 5795 3499 6961 0 0 
36200 2794 3745 2753 2702 5729 3460 6889 0 0 
36300 2819 3775 2736 2809 5708 3396 6739 0 0 
36400 2704 3848 2765 2846 5682 3355 6543 0 0 
36500 2617 3925 2811 2863 5613 3330 6385 0 0 
36600 2611 3963 2833 2969 5636 3373 6241 0 0 
36700 2565 4006 2915 2989 5689 3331 6033 0 0 
36800 2600 4017 2977 2949 5665 3312 6029 0 0 
36900 2574 4095 3066 2969 5740 3343 5790 0 0 
37000 2641 4037 3150 3015 5753 3313 5694 0 0 
37100 2605 4041 3214 3050 5711 3269 5599 0 0 
37200 2597 4081 3290 3114 5685 3255 5452 0 0 
37300 2519 3997 3353 3120 5593 3305 5370 0 0 
37400 2499 4020 3356 3242 5510 3394 5307 0 0 
37500 2545 4039 3376 3313 5482 3428 5252 0 0 
37600 2569 3910 3461 3385 5439 3401 5260 0 0 
37700 2570 3900 3503 3413 5296 3404 5240 0 0 
37800 2590 3881 3623 3546 5238 3356 5136 0 0 
37900 2531 3826 3757 3601 5093 3292 5106 0 0 
38000 2457 3814 3834 3651 4977 3197 5102 0 0 
38100 2391 3710 3956 3702 4872 3200 5076 0 0 
38200 2260 3572 4052 3761 4725 3272 5118 0 0 
38300 2320 3543 4181 3823 4644 3272 5089 0 0 
38400 2290 3483 4361 3858 4507 3259 5097 0 0 
38500 2332 3461 4508 3869 4348 3251 5114 0 0 
38600 2421 3372 4725 3868 4260 3242 5096 0 0 
38700 2461 3376 4853 3886 4178 3325 5061 0 0 
38800 2464 3324 4971 3892 4109 3365 5013 0 0 
38900 2502 3199 5202 3841 4002 3511 4867 0 0 
39000 2473 3172 5348 3884 3925 3547 4783 0 0 
39100 2507 3025 5449 3916 3904 3593 4762 0 0 
39200 2535 2977 5658 3923 3884 3601 4765 0 0 
39300 2508 2942 5688 3990 3911 3573 4738 0 0 
39400 2479 2861 5766 4019 3887 3612 4762 0 0 
39500 2490 2814 5782 4059 3914 3694 4709 0 0 
39600 2481 2821 5885 4089 3981 3741 4705 0 0 
39700 2436 2767 5941 4116 4034 3856 4748 0 0 
39800 2443 2712 5943 4217 4065 3942 4776 0 0 
39900 2403 2706 5954 4160 4111 4036 4781 0 0 
40000 2385 2655 6017 4107 4033 4090 4814 0 0 
40100 2374 2623 5969 4032 4003 4175 4872 0 0 
40200 2341 2664 5940 3910 3914 4243 4979 0 0 
40300 2317 2641 5868 3799 3923 4389 5030 0 0 
40400 2398 2614 5816 3752 3858 4509 5120 0 0 
40500 2452 2590 5725 3721 3785 4651 5176 0 0 
40600 2532 2541 5574 3641 3798 4783 5187 0 0 
40700 2641 2570 5437 3651 3767 4802 5241 0 0 
40800 2642 2552 5314 3603 3825 4819 5229 0 0 
40900 2709 2592 5124 3613 3892 4807 5276 0 0 
41000 2733 2572 5006 3613 3943 4831 5329 0 0 
41100 2737 2576 4933 3599 4087 4783 5341 0 0 
41200 2710 2571 4754 3629 4176 4736 5459 0 0 
41300 2644 2594 4576 3684 4239 4616 5486 0 0 
41400 2594 2619 4474 3744 4327 4435 5562 0 0 
41500 2564 2729 4324 3891 4339 4286 5546 0 0 
41600 2532 2869 4303 3914 4386 4033 5514 0 0 
41700 2573 2985 4231 3993 4439 3804 5473 0 0 
41800 2590 3079 4203 4015 4503 3723 5487 0 0 
41900 2622 3249 4068 4109 4576 3649 5416 0 0 
42000 2669 3386 3946 4151 4717 3532 5437 0 0 
42100 2729 3493 3838 4158 4769 3372 5499 0 0 
42200 2774 3554 3724 4229 4931 3255 5513 0 0 
42300 2796 3651 3613 4268 5099 3214 5527 0 0 
42400 2899 3679 3530 4228 5170 3141 5532 0 0 
42500 2863 3658 3463 4231 5303 3147 5571 0 0 
42600 2892 3698 3461 4239 5434 3142 5559 0 0 
42700 2915 3709 3412 4183 5500 3132 5670 0 0 
42800 2921 3753 3392 4079 5698 3092 5624 0 0 
42900 2861 3769 3401 3956 5766 3104 5637 0 0 
43000 2879 3692 3468 3888 5835 3111 5640 0 0 
43100 2892 3633 3509 3775 5967 3082 5478 0 0 
43200 2894 3609 3590 3673 6014 3070 5409 0 0 
43300 2959 3605 3605 3698 6135 3025 5345 0 0 
43400 2936 3558 3729 3617 6100 2987 5194 0 0 
43500 2899 3541 3848 3607 6063 2947 5115 0 0 
43600 2784 3505 3998 3554 6149 2927 5129 0 0 
43700 2677 3392 4142 3472 6100 2900 5147 0 0 
43800 2540 3339 4244 3457 6212 2830 5189 0 0 
43900 2462 3312 4385 3332 6229 2726 5156 0 0 
44000 2365 3285 4561 3238 6095 2736 5157 0 0 
44100 2309 3292 4662 3174 6007 2691 5257 0 0 
44200 2247 3262 4831 3086 5854 2684 5326 0 0 
44300 2150 3262 4930 2925 5750 2680 5472 0 0 
44400 2090 3314 5114 2787 5553 2683 5519 0 0 
44500 2090 3313 5248 2738 5375 2755 5594 0 0 
44600 2047 3294 5393 2709 5280 2769 5722 0 0 
44700 2028 3277 5485 2673 5142 2773 5841 0 0 
44800 2026 3344 5616 2610 4951 2739 5936 0 0 
44900 2029 3336 5704 2597 4754 2813 5882 0 0 
45000 2020 3392 5744 2592 4560 2855 5948 0 0 
45100 2021 3468 5863 2488 4348 2909 5931 0 0 
45200 2003 3567 5995 2479 4141 2911 5931 0 0 
45300 1960 3619 6154 2420 4009 2869 5828 0 0 
45400 1936 3693 6231 2429 3839 2850 5708 0 0 
45500 1873 3857 6446 2465 3704 2785 5528 0 0 
45600 1862 3916 6589 2508 3620 2755 5313 0 0 
45700 1869 3925 6626 2587 3584 2787 5119 0 0 
45800 1829 3921 6747 2665 3602 2758 5011 0 0 
45900 1747 4030 6803 2726 3572 2748 4912 0 0 
46000 1720 4148 6793 2766 3564 2692 4806 0 0 
46100 1671 4256 7021 2861 3502 2661 4651 0 0 
46200 1646 4325 7021 2959 3448 2609 4632 0 0 
46300 1643 4404 6916 3068 3442 2605 4577 0 0 
46400 1584 4481 6780 3201 3414 2571 4558 0 0 
46500 1575 4376 6651 3298 3429 2528 4537 0 0 
46600 1553 4298 6495 3450 3490 2511 4555 0 0 
46700 1554 4430 6304 3532 3459 2503 4565 0 0 
46800 1603 4441 6169 3552 3486 2505 4572 0 0 
46900 1591 4476 6079 3516 3480 2443 4555 0 0 
47000 1590 4485 5992 3493 3465 2436 4590 0 0 
47100 1608 4425 5967 3387 3465 2389 4603 0 0 
47200 1567 4473 5879 3267 3486 2320 4688 0 0 
47300 1625 4514 5834 3140 3571 2392 4680 0 0 
47400 1625 4561 5817 3128 3577 2385 4700 0 0 
47500 1577 4740 5740 3102 3611 2343 4672 0 0 
47600 1519 4799 5662 3087 3570 2333 4741 0 0 
47700 1401 4879 5576 3114 3547 2366 4726 0 0 
47800 1342 4976 5512 3160 3499 2364 4714 0 0 
47900 1307 4954 5537 3105 3453 2419 4646 0 0 
48000 1278 4970 5556 3002 3422 2498 4658 0 0 
48100 1218 5013 5583 2974 3276 2539 4682 0 0 
48200 1182 5017 5614 2952 3224 2617 4720 0 0 
48300 1153 5013 5686 2899 3080 2659 4754 0 0 
48400 1112 5045 5766 2912 2964 2660 4813 0 0 
48500 1098 5053 5871 2875 2901 2699 4844 0 0 
48600 1045 5022 5926 2904 2790 2664 4887 0 0 
48700 1054 4933 6055 2944 2744 2619 4989 0 0 
48800 1059 4846 5980 2928 2751 2589 5180 0 0 
48900 1097 4840 5951 3007 2737 2539 5224 0 0 
49000 1137 4727 5819 3074 2666 2504 5346 0 0 
49100 1145 4658 5756 3112 2612 2487 5467 0 0 
49200 1163 4649 5675 3075 2509 2461 5543 0 0 
49300 1142 4622 5483 3047 2502 2412 5509 0 0 
49400 1148 4581 5432 3055 2487 2414 5580 0 0 
49500 1201 4543 5347 3047 2483 2434 5488 0 0 
49600 1221 4592 5151 3090 2504 2396 5513 0 0 
49700 1267 4721 5010 3042 2539 2419 5526 0 0 
49800 1294 4772 4902 3062 2628 2375 5590 0 0 
49900 1313 4829 4717 2995 2722 2444 5561 0 0 
50000 1331 4952 4704 3006 2824 2456 5461 0 0 
50100 1338 5019 4702 2960 2904 2509 5416 0 0 
50200 1413 5105 4707 2969 2994 2584 5177 0 0 
50300 1392 5141 4762 2952 3083 2657 4998 0 0 
50400 1418 5037 4825 2955 3160 2680 4926 0 0 
50500 1357 5028 4953 2919 3184 2739 4797 0 0 
50600 1306 4911 5052 2888 3236 2684 4759 0 0 
50700 1301 4717 5131 2864 3288 2582 4858 0 0 
50800 1256 4499 5231 2838 3333 2495 4887 0 0 
50900 1216 4218 5209 2885 3472 2446 4969 0 0 
51000 1185 3881 5138 2980 3525 2395 5102 0 0 
51100 1142 3706 5115 3085 3575 2321 5257 0 0 
51200 1095 3565 5051 3149 3615 2299 5412 0 0 
51300 1046 3484 4959 3268 3582 2300 5474 0 0 
51400 1031 3432 4774 3410 3521 2301 5495 0 0 
51500 1049 3439 4586 3584 3470 2343 5594 0 0 
51600 1065 3466 4311 3788 3453 2360 5740 0 0 
51700 1103 3526 4032 4075 3496 2318 5813 0 0 
51800 1183 3589 3850 4286 3513 2282 5859 0 0 
51900 1258 3596 3638 4472 3583 2216 5995 0 0 
52000 1351 3712 3463 4704 3555 2116 5994 0 0 
52100 1401 3769 3280 4906 3636 1994 5953 0 0 
52200 1404 3769 3151 5141 3673 1913 5978 0 0 
52300 1394 3730 3073 5375 3621 1822 5898 0 0 
52400 1360 3675 2997 5598 3620 1862 5796 0 0 
52500 1355 3679 3006 5910 3590 1834 5634 0 0 
52600 1297 3787 2944 6052 3560 1798 5516 0 0 
52700 1246 3887 2992 6076 3559 1702 5495 0 0 
52800 1225 3956 2972 6175 3542 1661 5402 0 0 
52900 1242 3960 2910 6153 3523 1647 5363 0 0 
53000 1224 4059 2929 6056 3526 1666 5199 0 0 
53100 1265 3969 3019 5833 3569 1655 5206 0 0 
53200 1251 3996 3094 5703 3520 1692 5127 0 0 
53300 1198 4048 3234 5446 3494 1722 5108 0 0 
53400 1163 4181 3310 5016 3491 1803 5189 0 0 
53500 1190 4248 3420 4739 3389 1893 5203 0 0 
53600 1192 4332 3466 4524 3429 1975 5158 0 0 
53700 1232 4383 3504 4364 3403 2079 5184 0 0 
53800 1211 4512 3614 4217 3438 2101 5133 0 0 
53900 1233 4584 3734 4060 3412 2169 4979 0 0 
54000 1222 4707 3702 3920 3370 2299 4865 0 0 
54100 1266 4802 3635 3815 3350 2370 4690 0 0 
54200 1240 4917 3559 3698 3421 2467 4606 0 0 
54300 1246 4956 3401 3757 3337 2623 4616 0 0 
54400 1254 4986 3295 3700 3236 2748 4776 0 0 
54500 1268 4957 3166 3645 3241 2843 4818 0 0 
54600 1290 4830 3005 3643 3165 2933 4885 0 0 
54700 1298 4709 2877 3722 3142 2948 4989 0 0 
54800 1319 4505 2769 3778 3122 2984 5141 0 0 
54900 1316 4306 2700 3847 3130 2969 5265 0 0 
55000 1362 4173 2618 3804 3081 2914 5444 0 0 
55100 1352 4112 2598 3704 3091 2896 5592 0 0 
55200 1361 3971 2614 3573 3048 2788 5706 0 0 
55300 1346 3867 2612 3494 2981 2714 5789 0 0 
55400 1303 3813 2604 3447 2984 2635 5941 0 0 
55500 1202 3681 2671 3422 2871 2569 6113 0 0 
55600 1151 3654 2718 3375 2929 2461 6175 0 0 
55700 1044 3564 2773 3319 3011 2376 6190 0 0 
55800 1013 3498 2850 3280 3071 2303 6209 0 0 
55900 1002 3451 2860 3304 3155 2257 6039 0 0 
56000 1046 3495 2826 3325 3180 2127 6054 0 0 
56100 1063 3437 2781 3228 3281 2086 6115 0 0 
56200 1099 3402 2662 3105 3306 2010 6193 0 0 
56300 1153 3262 2580 2948 3294 1870 6411 0 0 
56400 1141 3187 2479 2814 3248 1774 6703 0 0 
56500 1193 3108 2402 2754 3187 1725 6905 0 0 
56600 1211 2936 2335 2808 3058 1692 7153 0 0 
56700 1176 2858 2334 2851 3003 1605 7329 0 0 
56800 1229 2738 2271 2845 2914 1553 7521 0 0 
56900 1219 2703 2199 2869 2849 1500 7735 0 0 
57000 1257 2630 2189 2800 2867 1416 7846 0 0 
57100 1258 2648 2197 2783 2930 1417 7865 0 0 
57200 1219 2701 2196 2767 2864 1437 7951 0 0 
57300 1164 2729 2090 2711 2928 1427 7986 0 0 
57400 1167 2802 2061 2634 2986 1428 8010 0 0 
57500 1112 2853 1991 2515 2981 1450 8014 0 0 
57600 1078 2946 1973 2519 2964 1458 7970 0 0 
57700 1102 2918 2012 2552 3059 1439 7969 0 0 
57800 1069 2950 2057 2585 3164 1464 7853 0 0 
57900 1053 2998 2135 2617 3187 1474 7772 0 0 
58000 1042 2969 2183 2695 3161 1506 7669 0 0 
58100 1050 3000 2199 2735 3166 1536 7638 0 0 
58200 1097 3019 2130 2678 3123 1527 7574 0 0 
58300 1063 2994 2050 2721 3139 1525 7629 0 0 
58400 1067 2946 2033 2763 3184 1539 7722 0 0 
58500 1102 2914 2006 2777 3207 1492 7855 0 0 
58600 1073 2882 1982 2852 3212 1492 7904 0 0 
58700 1056 2915 1977 2919 3207 1539 7980 0 0 
58800 1040 3056 1947 2918 3090 1523 7931 0 0 
58900 1043 3065 1946 2900 3014 1531 8016 0 0 
59000 1015 3121 1942 2898 3014 1525 7919 0 0 
59100 1021 3171 1990 2874 2880 1553 7775 0 0 
59200 1038 3187 2032 2906 2778 1652 7758 0 0 
59300 1036 3288 2106 2854 2664 1762 7608 0 0 
59400 1057 3347 2092 2879 2633 1841 7517 0 0 
59500 1022 3422 2142 2892 2607 1854 7356 0 0 
59600 1032 3531 2117 2842 2661 1873 7245 0 0 
59700 1072 3649 2115 2897 2713 1904 7106 0 0 
59800 1094 3755 2147 2875 2714 1909 7031 0 0 
59900 1062 3798 2164 2871 2730 1843 6905 0 0 
60000 1027 3690 2214 2855 2790 1820 6903 0 0 
60100 1046 3647 2225 2820 2846 1799 6824 0 0 
60200 1023 3557 2224 2796 2879 1806 6987 0 0 
60300 960 3482 2148 2765 2954 1776 7114 0 0 
60400 931 3435 2078 2705 2968 1750 7371 0 0 
60500 924 3383 1959 2683 2937 1742 7546 0 0 
60600 953 3221 1840 2670 3025 1755 7727 0 0 
60700 961 3117 1790 2731 3092 1766 7775 0 0 
60800 994 3109 1746 2695 3072 1674 7868 0 0 
60900 1007 3260 1756 2666 3055 1625 7800 0 0 
61000 1022 3332 1830 2617 3011 1563 7652 0 0 
61100 1069 3400 1870 2575 2985 1589 7416 0 0 
61200 1100 3471 1912 2622 2937 1642 7300 0 0 
61300 1127 3547 1949 2642 2865 1647 7208 0 0 
61400 1102 3582 1965 2635 2892 1768 7022 0 0 
61500 1090 3628 1958 2600 2938 1800 6915 0 0 
61600 1063 3657 1978 2626 3047 1867 6736 0 0 
61700 1062 3707 1967 2674 3142 1920 6545 0 0 
61800 1073 3677 1940 2631 3344 1866 6528 0 0 
61900 1051 3674 1937 2613 3477 1851 6484 0 0 
62000 1059 3721 1844 2473 3526 1847 6443 0 0 
62100 1095 3683 1782 2369 3583 1886 6495 0 0 
62200 1123 3695 1723 2282 3683 1847 6406 0 0 
62300 1140 3685 1715 2207 3795 1817 6369 0 0 
62400 1138 3613 1657 2102 3884 1783 6406 0 0 
62500 1132 3516 1651 2075 3939 1698 6478 0 0 
62600 1153 3359 1665 1982 3945 1614 6607 0 0 
62700 1221 3200 1672 1905 3921 1543 6781 0 0 
62800 1239 3104 1620 1869 3857 1523 6983 0 0 
62900 1283 3051 1537 1778 3889 1509 7095 0 0 
63000 1347 3022 1484 1741 3928 1520 7197 0 0 
63100 1448 3007 1493 1636 3787 1554 7345 0 0 
63200 1539 2910 1495 1582 3731 1653 7467 0 0 
63300 1600 2861 1519 1479 3692 1707 7580 0 0 
63400 1578 2796 1548 1496 3682 1768 7605 0 0 
63500 1604 2805 1533 1438 3636 1842 7571 0 0 
63600 1565 2830 1562 1426 3669 1874 7547 0 0 
63700 1485 2853 1585 1384 3683 1914 7467 0 0 
63800 1439 2893 1655 1380 3784 1868 7306 0 0 
63900 1336 2923 1794 1367 3839 1805 7154 0 0 
64000 1245 3072 1931 1441 3894 1781 6830 0 0 
64100 1179 3291 2121 1513 3891 1794 6478 0 0 
64200 1103 3446 2322 1594 3817 1739 6197 0 0 
64300 1044 3620 2521 1708 3840 1762 5988 0 0 
64400 1058 3748 2580 1829 3835 1758 5839 0 0 
64500 1063 3819 2663 1919 3741 1857 5672 0 0 
64600 1068 3910 2734 1904 3615 1910 5518 0 0 
64700 1123 3956 2756 1912 3452 2011 5401 0 0 
64800 1134 3846 2676 1894 3287 2141 5390 0 0 
64900 1116 3915 2712 1934 3092 2168 5429 0 0 
65000 1092 3752 2670 1893 3041 2158 5568 0 0 
65100 1057 3538 2671 1828 3002 2199 5811 0 0 
65200 1064 3514 2647 1668 2906 2170 5889 0 0 
65300 1006 3478 2724 1670 2880 2175 6024 0 0 
65400 952 3369 2720 1647 2882 2180 6103 0 0 
65500 948 3373 2757 1750 2905 2184 6039 0 0 
65600 975 3307 2807 1803 2862 2149 5938 0 0 
65700 967 3247 2840 1884 2914 2213 5816 0 0 
65800 962 3244 2852 1939 2960 2260 5782 0 0 
65900 1001 3264 2856 1998 3072 2332 5616 0 0 
66000 982 3284 2886 2002 3192 2375 5446 0 0 
66100 979 3311 2893 2030 3324 2430 5338 0 0 
66200 949 3286 2914 2035 3441 2434 5070 0 0 
66300 939 3280 2951 2068 3635 2396 4811 0 0 
66400 969 3253 2983 2091 3822 2414 4736 0 0 
66500 937 3227 3101 2124 4086 2377 4675 0 0 
66600 951 3207 3087 2199 4207 2309 4624 0 0 
66700 932 3158 3162 2259 4299 2293 4641 0 0 
66800 953 3167 3134 2276 4325 2296 4574 0 0 
66900 920 3190 3071 2324 4325 2308 4483 0 0 
67000 906 3309 2975 2363 4328 2273 4426 0 0 
67100 960 3315 2812 2448 4244 2280 4407 0 0 
67200 972 3356 2657 2515 4193 2319 4401 0 0 
67300 1012 3357 2621 2510 4194 2267 4380 0 0 
67400 982 3338 2533 2471 4237 2336 4401 0 0 
67500 1015 3228 2524 2419 4245 2327 4478 0 0 
67600 1030 3148 2425 2320 4367 2342 4678 0 0 
67700 1063 2928 2390 2201 4469 2394 4815 0 0 
67800 1092 2759 2274 2093 4513 2466 5048 0 0 
67900 1147 2692 2143 2003 4488 2500 5314 0 0 
68000 1212 2641 2056 1971 4462 2466 5496 0 0 
68100 1329 2615 1966 1959 4349 2511 5653 0 0 
68200 1347 2586 1939 1957 4149 2495 5825 0 0 
68300 1372 2563 1967 1968 4056 2486 6042 0 0 
68400 1414 2567 1962 1912 4061 2482 6138 0 0 
68500 1402 2576 1951 1865 4152 2479 6156 0 0 
68600 1407 2528 1941 1844 4230 2426 6174 0 0 
68700 1345 2482 1978 1797 4337 2410 6173 0 0 
68800 1340 2445 2009 1794 4442 2339 6171 0 0 
68900 1268 2432 2069 1746 4608 2360 6040 0 0 
69000 1243 2434 2058 1857 4572 2426 5887 0 0 
69100 1174 2444 2126 1892 4650 2437 5816 0 0 
69200 1123 2437 2148 1915 4704 2443 5732 0 0 
69300 1147 2392 2149 1964 4814 2488 5713 0 0 
69400 1182 2384 2143 2028 4846 2504 5775 0 0 
69500 1182 2339 2157 2029 4731 2540 5761 0 0 
69600 1173 2346 2175 2028 4565 2548 5729 0 0 
69700 1184 2389 2146 1984 4362 2636 5845 0 0 
69800 1174 2436 2167 1985 4229 2740 5864 0 0 
69900 1222 2548 2166 1980 4144 2821 5891 0 0 
70000 1211 2599 2139 1971 4166 2887 5978 0 0 
70100 1241 2604 2084 1964 4141 2907 6024 0 0 
70200 1287 2537 2046 2024 4173 2862 5971 0 0 
70300 1292 2475 2001 2044 4065 2831 5939 0 0 
70400 1304 2399 2019 2071 4036 2763 5919 0 0 
70500 1299 2258 2023 2065 4027 2721 5969 0 0 
70600 1323 2171 2019 2108 4110 2649 5984 0 0 
70700 1399 2092 2007 2051 4178 2675 6040 0 0 
70800 1465 2012 2071 2090 4224 2604 5990 0 0 
70900 1470 1949 2042 2109 4235 2586 5911 0 0 
71000 1499 1988 2105 1995 4288 2563 5794 0 0 
71100 1482 2047 2191 2041 4452 2464 5520 0 0 
71200 1433 2076 2233 2112 4515 2381 5361 0 0 
71300 1396 2107 2227 2246 4481 2412 5335 0 0 
71400 1286 2121 2207 2399 4390 2456 5364 0 0 
71500 1263 2128 2220 2575 4296 2559 5252 0 0 
71600 1242 2147 2180 2777 4217 2582 5176 0 0 
71700 1205 2167 2143 2879 4176 2656 5223 0 0 
71800 1154 2164 2118 2917 4069 2807 5285 0 0 
71900 1137 2315 2157 2938 3918 2853 5378 0 0 
72000 1146 2414 2126 2976 3734 2873 5411 0 0 
72100 1157 2504 2111 2976 3666 2958 5400 0 0 
72200 1172 2534 2117 2971 3599 2907 5398 0 0 
72300 1188 2566 2080 2993 3629 2905 5352 0 0 
72400 1146 2542 2098 3022 3655 2951 5344 0 0 
72500 1159 2582 2075 3044 3655 3033 5282 0 0 
72600 1226 2581 1986 2975 3682 3048 5231 0 0 
72700 1249 2560 1920 2913 3679 3085 5256 0 0 
72800 1351 2497 1866 2897 3697 3104 5389 0 0 
72900 1397 2500 1818 2952 3742 3060 5449 0 0 
73000 1417 2434 1750 3097 3772 2955 5459 0 0 
73100 1445 2373 1693 3236 3796 2908 5431 0 0 
73200 1405 2371 1603 3348 3776 2886 5386 0 0 
73300 1325 2370 1530 3417 3779 2820 5441 0 0 
73400 1280 2338 1464 3516 3729 2777 5456 0 0 
73500 1301 2333 1399 3515 3674 2773 5480 0 0 
73600 1328 2337 1370 3501 3683 2672 5498 0 0 
73700 1365 2422 1359 3536 3545 2625 5570 0 0 
73800 1422 2447 1316 3537 3396 2541 5557 0 0 
73900 1461 2399 1310 3669 3353 2479 5501 0 0 
74000 1499 2455 1370 3746 3221 2358 5480 0 0 
74100 1520 2411 1426 3711 3170 2334 5457 0 0 
74200 1524 2410 1455 3755 3156 2346 5527 0 0 
74300 1510 2412 1511 3724 3199 2371 5581 0 0 
74400 1457 2437 1503 3631 3204 2351 5755 0 0 
74500 1360 2489 1487 3710 3244 2342 5798 0 0 
74600 1272 2455 1437 3696 3300 2252 5816 0 0 
74700 1252 2515 1424 3710 3319 2183 5788 0 0 
74800 1232 2550 1402 3690 3395 2129 5746 0 0 
74900 1259 2541 1418 3642 3454 2097 5623 0 0 
75000 1239 2541 1429 3565 3521 2074 5627 0 0 
