# Avida tasks data
# Wed Aug 26 16:26:45 2020
# First column gives the current update, next columns give the number
# of Parasites that have the particular task
#  1: Update
#  2: Not
#  3: Nand
#  4: And
#  5: OrNot
#  6: Or
#  7: AndNot
#  8: Nor
#  9: Xor
# 10: Equals

0 0 0 0 0 0 0 0 0 0 
100 0 0 0 0 0 0 0 0 0 
200 0 0 0 0 0 0 0 0 0 
300 0 0 0 0 0 0 0 0 0 
400 0 0 0 0 0 0 0 0 0 
500 0 0 0 0 0 0 0 0 0 
600 0 0 0 0 0 0 0 0 0 
700 0 0 0 0 0 0 0 0 0 
800 0 0 0 0 0 0 0 0 0 
900 0 0 0 0 0 0 0 0 0 
1000 0 0 0 0 0 0 0 0 0 
1100 0 0 0 0 0 0 0 0 0 
1200 0 0 0 0 0 0 0 0 0 
1300 0 0 0 0 0 0 0 0 0 
1400 0 0 0 0 0 0 0 0 0 
1500 0 0 0 0 0 0 0 0 0 
1600 0 0 0 0 0 0 0 0 0 
1700 0 0 0 0 0 0 0 0 0 
1800 0 0 0 0 0 0 0 0 0 
1900 0 0 0 0 0 0 0 0 0 
2000 0 0 0 0 0 0 0 0 0 
2100 0 0 0 0 0 0 0 0 0 
2200 0 0 0 0 0 0 0 0 0 
2300 0 0 0 0 0 0 0 0 0 
2400 0 0 0 0 0 0 0 0 0 
2500 0 0 0 0 0 0 0 0 0 
2600 0 0 0 0 0 0 0 0 0 
2700 0 0 0 0 0 0 0 0 0 
2800 0 0 0 0 0 0 0 0 0 
2900 0 0 0 0 0 0 0 0 0 
3000 0 0 0 0 0 0 0 0 0 
3100 244 0 0 0 0 0 0 0 0 
3200 419 0 0 0 0 0 0 0 0 
3300 675 1 0 0 0 0 0 0 0 
3400 903 1 0 0 0 0 0 0 0 
3500 1364 2 0 0 0 0 0 0 0 
3600 1797 5 0 0 0 0 0 0 0 
3700 2252 2 0 2 0 0 0 0 0 
3800 2678 2 1 1 0 0 0 0 0 
3900 3396 5 2 1 0 0 0 0 0 
4000 4102 12 3 0 0 0 0 0 0 
4100 4891 13 3 0 0 0 0 0 0 
4200 5783 6 2 0 0 0 0 0 0 
4300 6883 8 1 0 0 0 0 0 0 
4400 8198 8 2 0 0 0 0 0 0 
4500 9268 14 1 0 0 0 0 0 0 
4600 9849 20 0 1 0 0 0 0 0 
4700 10098 17 0 0 0 0 0 0 0 
4800 10405 16 1 2 0 0 0 0 0 
4900 10286 25 2 3 0 0 0 0 0 
5000 9714 17 3 1 0 0 0 0 0 
5100 8897 20 5 3 0 0 0 0 0 
5200 8697 20 2 2 0 0 0 0 0 
5300 8817 22 2 2 0 0 0 0 0 
5400 9183 23 3 4 0 0 0 0 0 
5500 9163 21 6 3 0 0 0 0 0 
5600 8766 22 3 2 0 0 0 0 0 
5700 8190 36 3 3 0 0 0 0 0 
5800 7682 41 2 3 0 0 0 0 0 
5900 7279 65 1 2 0 0 0 0 0 
6000 6725 91 2 0 0 0 0 0 0 
6100 6332 142 3 1 0 0 0 0 0 
6200 5831 222 2 3 0 0 0 0 0 
6300 5314 353 1 3 0 0 0 0 0 
6400 4906 548 2 1 0 0 0 0 0 
6500 4472 719 1 2 0 0 0 0 0 
6600 4144 866 1 4 0 0 0 0 0 
6700 3898 1049 3 4 0 0 0 0 0 
6800 3432 1286 1 2 0 0 0 0 0 
6900 3146 1447 2 2 0 0 0 0 0 
7000 3054 1508 3 2 0 0 0 0 0 
7100 2991 1572 7 3 0 0 0 0 0 
7200 2952 1532 13 4 0 0 0 0 0 
7300 2805 1410 11 2 0 0 0 0 0 
7400 2751 1168 18 4 0 0 0 0 0 
7500 2677 1040 13 5 0 1 0 0 0 
7600 2630 888 19 1 0 1 0 0 0 
7700 2691 765 19 2 0 0 0 0 0 
7800 2695 698 21 4 0 0 0 0 0 
7900 2757 663 23 2 0 0 0 0 0 
8000 2800 706 24 1 0 1 0 0 0 
8100 2762 797 25 1 0 2 0 0 0 
8200 2719 895 29 2 0 1 0 0 0 
8300 2713 953 33 3 0 1 0 0 0 
8400 2717 1006 39 2 0 0 0 0 0 
8500 2638 1043 33 3 0 0 0 0 0 
8600 2557 1140 26 6 0 0 0 0 0 
8700 2470 1203 20 12 0 0 0 0 0 
8800 2358 1352 34 9 0 0 0 0 0 
8900 2432 1486 52 12 1 0 0 0 0 
9000 2402 1600 73 20 1 0 0 0 0 
9100 2329 1639 84 20 1 0 0 0 0 
9200 2384 1712 132 36 0 0 0 0 0 
9300 2464 1729 182 46 1 0 0 0 0 
9400 2515 1799 211 47 1 0 0 0 0 
9500 2610 1812 217 74 1 0 0 0 0 
9600 2557 1785 282 90 1 0 0 0 0 
9700 2524 1667 407 149 0 0 0 0 0 
9800 2487 1719 502 296 0 2 0 0 0 
9900 2518 1904 526 562 4 4 0 0 0 
10000 2551 2153 543 927 10 3 0 0 0 
10100 2521 2295 547 1245 11 1 0 0 0 
10200 2450 2441 553 1469 16 0 0 0 0 
10300 2494 2566 480 1582 13 1 0 0 0 
10400 2549 2660 403 1568 6 1 0 0 0 
10500 2680 2735 364 1542 5 3 0 0 0 
10600 2832 2904 361 1429 2 3 0 0 0 
10700 3042 2985 438 1267 1 0 0 0 0 
10800 3174 3108 556 1128 0 1 0 0 0 
10900 3383 3194 681 1022 0 0 0 0 0 
11000 3572 3276 758 885 0 1 0 0 0 
11100 3667 3245 806 860 0 2 0 0 0 
11200 3607 3152 809 889 1 2 0 0 0 
11300 3618 2979 811 860 1 3 0 0 0 
11400 3530 2874 736 897 0 1 0 0 0 
11500 3522 2886 724 926 0 2 0 0 0 
11600 3457 2879 721 986 0 2 0 0 0 
11700 3444 2846 723 1073 0 2 0 0 0 
11800 3412 2786 705 1139 1 4 0 0 0 
11900 3188 2658 648 1254 0 2 0 0 0 
12000 3074 2620 566 1361 0 4 0 0 0 
12100 2971 2540 525 1465 0 4 0 0 0 
12200 2800 2533 511 1463 1 1 0 0 0 
12300 2731 2511 533 1421 1 4 0 0 0 
12400 2796 2535 514 1390 0 6 0 0 0 
12500 2878 2605 540 1326 0 5 1 0 0 
12600 2967 2555 561 1298 1 7 1 0 0 
12700 3005 2382 596 1195 1 7 0 0 0 
12800 3090 2232 639 1070 1 3 0 0 0 
12900 3116 2081 682 1060 0 3 0 0 0 
13000 3085 1939 747 1048 0 2 0 0 0 
13100 3185 1888 840 1129 0 0 0 0 0 
13200 3193 1752 949 1174 0 1 0 0 0 
13300 3216 1820 1010 1264 0 1 0 0 0 
13400 3305 1788 1093 1297 0 3 0 0 0 
13500 3184 1658 1106 1229 0 2 0 0 0 
13600 3121 1584 1148 1213 0 4 0 0 0 
13700 3138 1594 1181 1240 0 3 0 0 0 
13800 3067 1543 1217 1361 0 2 0 0 0 
13900 3050 1551 1196 1511 0 1 0 0 0 
14000 2939 1566 1105 1618 0 3 0 0 0 
14100 2896 1614 1046 1716 1 6 0 0 0 
14200 2778 1671 1026 1761 2 6 0 0 0 
14300 2627 1838 1043 1928 2 12 0 0 0 
14400 2602 2051 1097 2244 1 17 0 0 0 
14500 2574 2260 1182 2632 1 30 0 0 0 
14600 2475 2454 1264 2951 0 55 0 0 0 
14700 2388 2550 1271 2920 1 112 0 0 0 
14800 2311 2529 1351 2773 4 198 0 0 0 
14900 2351 2490 1404 2598 9 353 0 0 0 
15000 2258 2460 1422 2397 16 505 2 0 0 
15100 2239 2371 1401 2173 25 565 8 0 0 
15200 2295 2209 1289 2008 24 523 17 0 0 
15300 2394 2096 1233 1931 26 469 15 0 0 
15400 2618 2110 1134 1814 37 504 12 0 0 
15500 2785 1998 1111 1817 61 475 7 0 0 
15600 2933 1955 1094 1902 77 434 3 0 0 
15700 3171 1957 1095 1998 93 443 2 0 0 
15800 3386 2099 1146 2032 120 475 1 0 0 
15900 3445 2155 1169 2047 157 572 0 0 0 
16000 3413 2096 1160 2026 224 560 1 0 0 
16100 3512 1978 1221 2050 259 590 1 0 0 
16200 3550 1965 1288 2006 294 607 1 0 0 
16300 3448 2043 1309 1836 235 663 4 0 0 
16400 3216 2108 1304 1686 183 766 2 0 0 
16500 3077 2136 1327 1633 168 841 5 0 0 
16600 2950 2165 1446 1640 167 1004 4 0 0 
16700 2933 2160 1559 1668 152 1038 3 0 0 
16800 2945 2062 1591 1820 152 981 0 0 0 
16900 3009 1847 1681 1909 145 877 0 0 0 
17000 3079 1666 1692 2037 141 822 0 0 0 
17100 2977 1542 1680 1994 138 832 0 0 0 
17200 2875 1599 1542 1853 139 888 1 0 0 
17300 2844 1766 1510 1797 129 1074 1 0 0 
17400 2784 1899 1483 1781 103 1212 0 0 0 
17500 2675 1994 1425 1862 103 1361 0 0 0 
17600 2681 2107 1431 1945 94 1411 1 0 0 
17700 2424 2093 1357 1868 91 1415 1 0 0 
17800 2317 1994 1382 1695 91 1289 0 0 0 
17900 2146 1874 1351 1568 96 1126 0 0 0 
18000 2027 1817 1410 1441 117 1004 2 0 0 
18100 2063 1930 1555 1434 126 997 0 0 0 
18200 2107 2082 1611 1425 127 1023 1 0 0 
18300 2147 2194 1724 1422 116 1016 1 0 0 
18400 2129 2151 1833 1453 113 919 0 0 0 
18500 2114 2158 1994 1518 128 891 0 0 0 
18600 2146 2154 2311 1690 139 819 1 0 0 
18700 2151 2138 2522 1834 187 795 4 0 0 
18800 2190 2119 2594 1898 223 749 6 0 0 
18900 2261 1966 2674 1892 262 717 6 0 0 
19000 2134 1709 2524 1780 284 629 10 0 0 
19100 2049 1607 2320 1804 308 637 7 0 0 
19200 1946 1591 2157 1832 380 662 10 0 0 
19300 2025 1627 2012 1883 549 715 9 0 0 
19400 2274 1784 1960 1931 763 814 13 0 0 
19500 2702 1798 1956 2021 1015 860 11 0 0 
19600 3044 1795 1955 1984 1247 983 7 0 0 
19700 3216 1880 1898 1853 1389 1210 12 0 0 
19800 3365 1957 1746 1699 1569 1360 8 0 0 
19900 3225 1940 1642 1493 1585 1344 6 0 0 
20000 3106 1963 1517 1392 1489 1210 2 0 0 
20100 2963 2042 1441 1391 1290 1214 0 0 0 
20200 2671 2092 1363 1407 1086 1223 0 0 0 
20300 2586 2089 1432 1426 876 1172 1 0 0 
20400 2521 2103 1544 1458 734 1162 3 0 0 
20500 2565 2176 1705 1573 686 1230 3 0 0 
20600 2510 2302 1863 1716 636 1261 1 1 0 
20700 2429 2416 2039 1932 616 1297 0 0 0 
20800 2349 2535 2172 2103 591 1443 0 0 0 
20900 2326 2667 2158 2151 540 1618 0 0 0 
21000 2251 2640 2166 2139 480 1646 0 0 1 
21100 2178 2449 2012 2090 517 1579 1 0 0 
21200 2221 2376 1912 2173 656 1531 1 0 0 
21300 2323 2200 1815 2100 728 1517 1 0 0 
21400 2405 2000 1789 2132 830 1457 0 0 0 
21500 2491 1913 1790 2176 880 1410 0 0 0 
21600 2499 1740 1695 2077 904 1318 0 0 0 
21700 2513 1607 1555 2024 843 1285 0 0 0 
21800 2497 1576 1585 2019 798 1329 0 0 0 
21900 2331 1489 1690 1966 755 1318 0 1 0 
22000 2303 1409 1817 1950 715 1323 0 1 0 
22100 2226 1341 1853 1878 702 1307 1 1 0 
22200 2183 1251 2034 1990 713 1289 1 0 0 
22300 2165 1192 2154 1970 686 1285 0 0 0 
22400 2119 1194 2144 1895 673 1221 0 0 0 
22500 2069 1296 1964 1828 642 1190 0 0 0 
22600 1998 1404 1768 1890 749 1123 2 0 0 
22700 1944 1441 1546 1860 864 1094 0 0 0 
22800 1923 1510 1430 1774 922 1053 3 0 0 
22900 2099 1552 1384 1630 943 1042 9 0 0 
23000 2236 1603 1396 1629 974 1137 26 0 0 
23100 2340 1569 1351 1570 882 1167 75 0 0 
23200 2582 1654 1391 1566 895 1371 172 0 0 
23300 2927 1770 1348 1556 836 1562 394 0 0 
23400 3448 1863 1398 1482 796 1756 785 0 0 
23500 3728 1876 1362 1314 744 1803 1109 0 0 
23600 3658 1896 1365 1283 695 1802 1148 0 0 
23700 3478 1834 1346 1131 677 1738 1073 0 0 
23800 3156 1657 1330 1027 641 1640 888 0 0 
23900 2903 1574 1336 1086 659 1531 666 0 0 
24000 2774 1522 1481 1148 660 1562 513 0 0 
24100 2735 1517 1551 1149 680 1682 405 0 0 
24200 2726 1607 1638 1174 693 1834 318 0 0 
24300 2774 1735 1662 1179 719 1804 285 0 0 
24400 2722 1819 1718 1264 726 1709 255 0 0 
24500 2620 1862 1726 1272 678 1660 253 0 0 
24600 2487 1782 1717 1348 633 1607 251 0 0 
24700 2450 1672 1740 1338 605 1645 266 0 0 
24800 2422 1564 1783 1275 586 1679 305 0 0 
24900 2513 1723 1810 1403 640 1702 373 0 0 
25000 2487 1776 1850 1547 682 1813 421 0 0 
25100 2375 1821 1886 1736 705 1775 502 0 0 
25200 2272 1766 2029 1830 677 1631 565 0 0 
25300 2211 1768 2073 1903 719 1543 607 0 0 
25400 2142 1718 2125 1967 713 1467 585 0 0 
25500 2006 1628 2124 2055 752 1424 557 0 0 
25600 1995 1543 2090 2027 734 1388 539 0 0 
25700 2035 1537 2084 2061 750 1361 548 0 0 
25800 2086 1518 1952 2064 746 1237 533 0 0 
25900 2178 1572 1874 2081 807 1168 523 0 0 
26000 2140 1619 1674 2009 820 1106 555 0 0 
26100 2059 1616 1610 1949 807 1069 618 0 0 
26200 1926 1636 1481 1920 842 1075 639 0 0 
26300 1855 1611 1408 1785 919 1079 621 0 0 
26400 1794 1643 1319 1753 972 1059 637 0 0 
26500 1816 1668 1224 1740 1029 1096 705 0 0 
26600 1945 1782 1233 1727 1107 1080 828 0 0 
26700 2080 1840 1098 1609 1109 1112 977 0 0 
26800 2360 1886 1046 1501 1081 1116 1242 0 0 
26900 2518 1897 1102 1442 1001 1073 1393 0 0 
27000 2695 2072 1184 1433 944 1045 1559 0 0 
27100 2855 2182 1238 1430 911 1098 1663 0 0 
27200 2848 2127 1351 1576 883 1133 1684 0 0 
27300 2735 2003 1396 1593 887 1196 1738 0 0 
27400 2568 1905 1376 1594 895 1144 1768 0 0 
27500 2463 1829 1324 1540 853 1151 1686 0 0 
27600 2336 1747 1299 1446 777 1133 1526 0 0 
27700 2247 1802 1345 1528 807 1200 1444 0 0 
27800 2229 1895 1345 1485 794 1210 1337 0 0 
27900 2202 1853 1358 1493 763 1304 1213 0 0 
28000 2100 1850 1333 1512 794 1345 1227 0 0 
28100 1898 1807 1259 1576 839 1327 1136 0 0 
28200 1870 1835 1180 1598 868 1368 1104 0 0 
28300 1894 1862 1101 1546 930 1470 1116 0 0 
28400 1920 1743 1147 1530 954 1619 1045 0 0 
28500 1974 1727 1204 1557 921 1789 1040 0 0 
28600 2056 1683 1357 1530 885 2020 1002 0 0 
28700 2058 1620 1364 1570 844 2030 1001 0 0 
28800 2090 1582 1360 1531 770 1998 1035 0 0 
28900 2118 1569 1378 1594 834 1958 1067 0 0 
29000 2089 1635 1291 1586 914 1948 1141 0 0 
29100 2036 1783 1346 1552 980 1932 1238 0 0 
29200 2074 1868 1496 1518 1030 2021 1319 0 0 
29300 2246 1976 1603 1552 1027 2103 1337 0 0 
29400 2287 2063 1676 1655 984 2134 1342 0 0 
29500 2320 2074 1637 1722 949 2137 1322 0 0 
29600 2370 2086 1699 1807 946 2183 1255 0 0 
29700 2344 2159 1759 1939 926 2203 1165 0 0 
29800 2301 2221 1794 1947 994 2191 1127 0 0 
29900 2305 2222 1748 1943 1053 2095 1158 0 0 
30000 2360 2313 1768 2001 1126 2152 1300 0 0 
30100 2407 2372 1826 1949 1071 2103 1390 0 0 
30200 2324 2386 1820 1988 1010 2010 1434 0 0 
30300 2202 2284 1840 1925 934 1917 1471 0 0 
30400 2219 2240 1806 1807 907 1892 1524 0 0 
30500 2287 2179 1732 1696 877 1806 1682 0 0 
30600 2294 2151 1583 1675 858 1709 1822 0 0 
30700 2427 2206 1431 1780 875 1691 2093 0 0 
30800 2545 2165 1484 1803 886 1745 2128 0 0 
30900 2579 2130 1571 1799 892 1864 2102 0 0 
31000 2478 2070 1596 1684 905 1937 1941 0 0 
31100 2311 1944 1663 1701 928 2000 1883 0 0 
31200 2136 1906 1660 1671 956 2035 1854 0 0 
31300 2131 1903 1658 1710 992 2022 1737 0 0 
31400 2190 1998 1715 1837 1027 2068 1698 0 0 
31500 2323 2141 1788 1907 1001 2168 1691 0 0 
31600 2346 2280 1763 2072 1079 2153 1873 0 0 
31700 2415 2345 1661 2155 1079 2034 2026 0 0 
31800 2473 2279 1526 2157 1070 2048 2020 0 0 
31900 2472 2258 1477 2179 1178 2015 2027 0 0 
32000 2438 2238 1495 2084 1270 1958 1944 0 0 
32100 2437 2258 1564 2065 1371 1897 1914 0 0 
32200 2462 2200 1644 1932 1449 1901 1819 0 0 
32300 2403 2129 1720 1919 1569 1803 1714 0 0 
32400 2457 2128 1811 1855 1677 1768 1788 0 0 
32500 2505 1959 1814 1788 1683 1648 1791 0 0 
32600 2452 1850 1749 1652 1646 1629 1905 0 0 
32700 2393 1839 1729 1646 1718 1566 1964 0 0 
32800 2323 1938 1775 1620 1757 1541 2040 0 0 
32900 2388 1879 1808 1659 1543 1524 1991 0 0 
33000 2589 1918 1885 1630 1424 1592 1936 0 0 
33100 2723 1888 1967 1644 1337 1829 1787 0 0 
33200 2863 1805 2022 1633 1238 1993 1566 0 0 
33300 2794 1773 2151 1663 1188 2053 1482 0 0 
33400 2735 1842 2255 1730 1207 2097 1478 0 0 
33500 2552 1911 2286 1823 1220 2023 1420 0 0 
33600 2425 1996 2250 1857 1350 2044 1487 0 0 
33700 2281 2016 2081 1937 1436 1987 1503 0 0 
33800 2188 2075 1857 1977 1466 1879 1534 0 0 
33900 2183 2199 1816 2122 1552 1872 1652 0 0 
34000 2137 2357 1801 2307 1603 1912 1697 0 0 
34100 2043 2403 1755 2358 1620 1893 1712 0 0 
34200 2012 2404 1655 2380 1565 1886 1704 0 0 
34300 2060 2387 1613 2338 1556 1953 1692 0 0 
34400 2183 2357 1621 2270 1507 2114 1655 0 0 
34500 2112 2399 1620 2279 1468 2088 1747 0 0 
34600 2050 2445 1543 2226 1447 1936 1869 0 0 
34700 2022 2475 1522 2220 1565 1757 2026 0 0 
34800 2161 2484 1506 2111 1591 1695 2049 0 0 
34900 2181 2479 1596 2044 1567 1769 2047 0 0 
35000 2208 2492 1710 2038 1475 1788 2161 0 0 
35100 2259 2529 1762 2062 1518 1818 2113 0 0 
35200 2391 2547 1717 2096 1468 1802 2120 0 0 
35300 2501 2566 1672 2050 1417 1784 2103 0 0 
35400 2471 2528 1732 1994 1379 1837 2012 0 0 
35500 2416 2421 1817 1902 1309 1900 1917 0 0 
35600 2336 2398 1919 1877 1283 1950 1858 0 0 
35700 2326 2301 1809 1931 1370 1808 1848 0 0 
35800 2351 2247 1748 2083 1506 1861 1824 0 0 
35900 2370 2203 1638 2186 1622 1842 1783 0 0 
36000 2456 2234 1638 2099 1668 1876 1739 0 0 
36100 2452 2176 1545 1980 1665 1804 1696 0 0 
36200 2470 2153 1569 1828 1670 1794 1705 0 0 
36300 2486 2159 1631 1690 1655 1779 1744 0 0 
36400 2491 2109 1679 1658 1637 1880 1694 0 0 
36500 2490 2110 1647 1634 1613 1893 1702 0 0 
36600 2590 2095 1628 1596 1596 1997 1772 0 0 
36700 2592 2045 1612 1627 1620 2016 1815 0 0 
36800 2515 1966 1490 1672 1600 2019 1859 0 0 
36900 2555 1990 1546 1785 1593 2017 1979 0 0 
37000 2648 2146 1584 1834 1544 1959 1975 0 0 
37100 2633 2138 1713 1765 1566 1975 2045 0 0 
37200 2525 2122 1697 1733 1665 1881 2250 0 0 
37300 2618 2157 1762 1819 1850 1849 2449 0 0 
37400 2697 2209 1794 1840 1943 1828 2439 0 0 
37500 2790 2274 1789 1807 1902 1858 2371 0 0 
37600 2782 2291 1830 1756 1879 1877 2176 0 0 
37700 2852 2307 1830 1768 1828 1893 2014 0 0 
37800 3035 2245 1830 1759 1822 1933 2064 0 0 
37900 3144 2179 1745 1799 1959 1847 2211 0 0 
38000 3247 2089 1708 1887 1979 1772 2326 0 0 
38100 3358 2049 1671 1903 1883 1639 2299 0 0 
38200 3342 2154 1625 2029 1761 1655 2107 0 0 
38300 3218 2304 1641 2107 1686 1641 2003 0 0 
38400 3096 2310 1610 2143 1754 1650 2113 0 0 
38500 2916 2261 1684 2123 1940 1633 2161 0 0 
38600 2902 2258 1761 2047 2147 1629 2295 0 0 
38700 2842 2226 1822 1901 2061 1549 2357 0 0 
38800 2949 2181 1967 1857 2096 1518 2437 0 0 
38900 2911 2061 2108 1724 1979 1495 2386 0 1 
39000 2857 1966 2421 1684 1782 1572 2225 0 1 
39100 2840 1842 2705 1725 1734 1749 2171 0 1 
39200 2873 1888 2953 1718 1748 1926 2215 0 0 
39300 2880 1863 2988 1633 1697 1948 2147 0 0 
39400 2928 1928 3005 1563 1650 1965 2124 0 0 
39500 2831 1963 2884 1468 1636 1949 2080 0 0 
39600 2796 2029 2731 1491 1645 1826 2047 0 0 
39700 2885 2164 2562 1677 1673 1760 2121 0 0 
39800 2814 2153 2440 1813 1707 1711 2179 0 0 
39900 2819 2217 2426 1985 1820 1661 2318 0 0 
40000 2635 2152 2389 2032 1803 1578 2272 0 0 
40100 2588 2318 2269 2061 1816 1536 2378 0 0 
40200 2615 2466 2112 2015 1820 1466 2402 0 0 
40300 2628 2512 2060 2081 1845 1503 2354 0 0 
40400 2755 2444 2056 2084 1873 1473 2372 0 0 
40500 2782 2385 1981 2034 1860 1430 2343 0 0 
40600 2715 2336 1991 1986 1870 1464 2306 0 0 
40700 2764 2276 2076 2020 1995 1588 2381 0 0 
40800 2835 2387 2161 2119 2134 1778 2429 0 0 
40900 2793 2348 2188 2093 2143 1847 2235 0 0 
41000 2769 2318 2248 2042 2076 1996 2050 0 0 
41100 2837 2341 2320 2091 2125 2135 1989 0 0 
41200 2837 2297 2410 2156 2126 2235 1856 0 0 
41300 2701 2200 2399 2104 2044 2280 1727 0 0 
41400 2624 2057 2524 2104 1945 2330 1611 0 0 
41500 2760 2084 2701 2261 1875 2473 1540 0 0 
41600 3006 2045 2705 2481 1897 2509 1536 0 0 
41700 3048 2031 2654 2630 1794 2466 1412 0 0 
41800 3002 1947 2543 2594 1727 2535 1413 0 0 
41900 2888 1968 2471 2629 1818 2673 1466 0 0 
42000 2860 2010 2481 2676 2041 2817 1659 0 0 
42100 2914 2150 2476 2842 2365 2871 1911 0 0 
42200 2939 2188 2396 2782 2475 2767 2106 0 0 
42300 2856 2222 2254 2671 2716 2596 2221 0 0 
42400 2861 2251 2211 2562 2913 2448 2410 0 0 
42500 2890 2268 2083 2486 3060 2275 2502 0 0 
42600 2807 2178 2084 2513 3050 2216 2432 0 0 
42700 2734 2107 2041 2642 3063 2193 2359 0 0 
42800 2642 2104 1999 2745 3039 2254 2229 0 0 
42900 2640 2123 2022 2869 3062 2377 2160 0 0 
43000 2641 2216 2105 2805 2990 2379 2297 0 0 
43100 2639 2291 2230 2880 2948 2479 2245 0 0 
43200 2744 2334 2356 2772 2861 2434 2231 0 0 
43300 2749 2239 2304 2656 2763 2388 2111 0 0 
43400 2800 2104 2244 2546 2578 2321 1915 0 0 
43500 2797 2130 2306 2595 2418 2202 1824 0 0 
43600 2825 2110 2432 2545 2245 2145 1705 0 0 
43700 2809 2187 2588 2537 2274 2092 1731 0 0 
43800 2906 2136 2684 2558 2238 2052 1714 0 0 
43900 3026 2070 2833 2609 2267 2081 1735 0 0 
44000 3277 2146 3082 2642 2445 2194 1825 0 0 
44100 3353 2243 3115 2624 2538 2359 1922 0 0 
44200 3289 2249 3019 2490 2510 2407 1992 0 0 
44300 3338 2293 2901 2468 2541 2364 2110 0 0 
44400 3347 2235 2820 2356 2426 2321 2122 0 0 
44500 3301 2152 2688 2268 2204 2278 2039 0 0 
44600 3424 2215 2706 2264 2162 2294 2011 0 0 
44700 3355 2212 2783 2193 2084 2324 1967 0 0 
44800 3323 2208 2729 2128 2175 2251 2079 0 0 
44900 3191 2231 2602 1960 2199 2319 2147 0 0 
45000 3142 2314 2530 1828 2398 2285 2290 0 0 
45100 3114 2308 2472 1788 2509 2345 2359 0 1 
45200 3154 2259 2383 1805 2606 2288 2393 0 0 
45300 3202 2207 2326 1860 2576 2295 2513 0 0 
45400 3250 2278 2375 2024 2566 2268 2543 0 0 
45500 3359 2422 2520 2225 2677 2376 2616 0 0 
45600 3443 2528 2551 2476 2790 2381 2689 0 0 
45700 3391 2508 2612 2539 2923 2420 2761 0 0 
45800 3468 2504 2593 2503 2980 2344 2847 0 0 
45900 3642 2489 2727 2475 2998 2390 2883 0 0 
46000 3501 2408 2638 2267 2875 2310 2801 0 0 
46100 3294 2419 2534 2219 2825 2320 2701 0 0 
46200 3178 2348 2532 2164 2750 2428 2696 0 0 
46300 3157 2400 2527 2167 2756 2630 2724 0 0 
46400 3231 2373 2471 2011 2709 2691 2815 0 0 
46500 3264 2424 2397 1981 2664 2752 2869 0 0 
46600 3274 2384 2528 1920 2504 2756 2825 0 0 
46700 3251 2310 2649 1840 2366 2698 2753 0 0 
46800 3388 2241 2878 1933 2258 2762 2656 0 0 
46900 3385 2154 2964 2018 2114 2769 2495 0 0 
47000 3326 2165 2969 2111 2065 2668 2364 0 0 
47100 3240 2285 2852 2219 2150 2668 2443 0 0 
47200 3237 2262 2859 2253 2207 2716 2359 0 0 
47300 3348 2129 2999 2239 2258 2812 2373 0 0 
47400 3345 1999 3089 2201 2243 2866 2398 0 0 
47500 3319 2006 3064 2220 2315 2953 2521 0 0 
47600 3470 2021 2921 2106 2362 2856 2752 0 0 
47700 3573 2018 2770 2023 2423 2643 2956 0 0 
47800 3651 2068 2617 1878 2475 2406 3163 0 0 
47900 3589 2037 2574 1770 2399 2334 3217 0 0 
48000 3533 1997 2476 1656 2332 2338 3275 0 0 
48100 3610 2033 2475 1787 2302 2531 3285 0 0 
48200 3447 2044 2518 1880 2214 2672 3016 0 0 
48300 3285 2152 2512 1887 2094 2710 2794 0 0 
48400 3122 2343 2590 1843 2072 2790 2689 0 0 
48500 3155 2416 2702 1901 2139 2958 2704 0 0 
48600 3100 2396 2803 1942 2177 2999 2640 0 0 
48700 2983 2414 2919 2044 2075 3099 2552 0 0 
48800 3113 2451 2976 2188 2037 3156 2618 0 0 
48900 3089 2446 2948 2366 1917 3099 2532 0 0 
49000 3167 2342 2981 2551 1778 3134 2373 0 0 
49100 3094 2328 2980 2602 1664 3103 2245 0 0 
49200 3223 2429 2870 2631 1673 3008 2291 0 0 
49300 3258 2460 2884 2643 1693 2952 2396 0 0 
49400 3334 2603 2875 2620 1857 2820 2446 0 0 
49500 3352 2649 2901 2586 1975 2695 2436 0 0 
49600 3429 2804 2988 2811 2103 2759 2470 0 0 
49700 3507 3124 2944 3113 2282 2711 2463 0 0 
49800 3518 3271 2820 3185 2332 2641 2479 0 0 
49900 3477 3250 2829 3161 2338 2553 2468 0 0 
50000 3482 3152 2803 3057 2307 2492 2625 0 0 
50100 3502 3048 2843 2938 2320 2498 2756 0 0 
50200 3662 3023 2694 3039 2428 2563 2897 0 0 
50300 3711 2960 2581 3201 2400 2580 2858 0 0 
50400 3736 2882 2543 3391 2374 2625 2702 0 0 
50500 3561 2802 2610 3394 2286 2703 2566 0 0 
50600 3387 2759 2802 3282 2252 2882 2492 0 0 
50700 3279 2925 2906 3394 2324 2989 2567 0 0 
50800 3216 2905 2762 3450 2340 2925 2556 0 0 
50900 3142 3046 2652 3575 2455 2991 2504 0 0 
51000 3064 3107 2553 3508 2528 3035 2467 0 0 
51100 3081 3243 2529 3647 2624 3134 2522 0 0 
51200 2975 3270 2548 3782 2596 3134 2366 0 0 
51300 2914 3182 2604 3835 2536 3055 2276 0 0 
51400 2886 3226 2648 3848 2507 2884 2209 0 0 
51500 2831 3259 2587 3799 2650 2604 2321 0 0 
51600 2855 3219 2530 3816 2777 2374 2428 0 0 
51700 2890 3278 2514 3813 2841 2357 2525 0 0 
51800 2838 3401 2637 3883 2914 2423 2575 0 0 
51900 2811 3504 2730 3972 3077 2478 2605 0 0 
52000 2715 3591 2808 4008 3196 2469 2614 0 0 
52100 2753 3633 2867 3991 3262 2550 2558 0 0 
52200 2794 3579 2922 3878 3286 2607 2542 0 0 
52300 2818 3601 2894 3934 3328 2617 2509 0 0 
52400 2907 3748 2838 4069 3422 2757 2522 0 0 
52500 2868 3872 2944 4168 3404 2855 2534 0 0 
52600 2865 3731 2854 4141 3331 2890 2461 0 0 
52700 3000 3678 2816 4188 3262 2976 2439 0 0 
52800 3139 3690 2826 4317 3244 3169 2383 0 0 
52900 3272 3739 2897 4428 3323 3389 2396 0 0 
53000 3308 3753 2813 4351 3431 3424 2445 0 0 
53100 3259 3742 2824 4211 3397 3349 2528 0 0 
53200 3264 3750 2735 4218 3436 3336 2487 0 0 
53300 3278 3741 2640 4196 3378 3295 2342 0 0 
53400 3278 3669 2632 4148 3329 3144 2280 0 0 
53500 3189 3683 2693 4048 3308 3081 2295 0 0 
53600 3165 3766 2708 3903 3341 2936 2429 0 0 
53700 3077 3676 2625 3900 3300 2827 2477 0 0 
53800 3124 3740 2681 4015 3275 2878 2579 0 0 
53900 3179 3849 2695 4077 3334 2901 2582 0 0 
54000 3353 3909 2745 4220 3377 3060 2619 0 0 
54100 3394 3872 2699 4215 3268 2968 2660 0 0 
54200 3508 3821 2731 4245 3246 2946 2767 0 0 
54300 3628 3824 2704 4328 3315 2819 2967 0 0 
54400 3754 3774 2739 4280 3350 2745 2967 0 0 
54500 3901 3700 2703 4300 3373 2670 3039 0 0 
54600 4024 3633 2693 4264 3457 2661 3123 0 0 
54700 4035 3541 2749 4215 3442 2703 3117 0 0 
54800 3977 3447 2805 4070 3332 2698 2923 0 0 
54900 3895 3305 2952 4006 3274 2744 2766 0 0 
55000 3877 3248 3128 4024 3289 2923 2649 0 0 
55100 3974 3214 3374 4075 3322 3191 2582 0 0 
55200 3964 3148 3670 4066 3240 3336 2516 0 0 
55300 3833 3144 3761 4025 3110 3379 2469 0 0 
55400 3654 3002 3764 3895 2970 3284 2407 0 0 
55500 3561 2840 3713 3756 2948 3228 2416 0 0 
55600 3602 2773 3648 3790 3064 3174 2462 0 0 
55700 3598 2802 3506 3814 3032 3017 2528 0 0 
55800 3502 2834 3407 3685 2963 2867 2600 0 0 
55900 3589 2990 3423 3669 2936 2765 2707 0 0 
56000 3738 3169 3443 3747 2974 2664 2832 0 0 
56100 3709 3179 3412 3715 3032 2558 2898 0 0 
56200 3784 3221 3307 3666 3061 2524 2926 0 0 
56300 3821 3288 3374 3623 2960 2616 3043 0 0 
56400 3996 3400 3392 3785 2996 2745 3243 0 0 
56500 3935 3381 3392 3747 3011 2807 3382 0 0 
56600 3764 3367 3294 3571 3052 2890 3289 0 0 
56700 3589 3216 3294 3330 2913 2915 3113 0 0 
56800 3506 3054 3324 3259 2935 2978 3083 0 0 
56900 3397 2833 3348 3140 2819 2936 3022 0 0 
57000 3373 2771 3541 3215 2900 3050 3050 0 0 
57100 3456 2740 3758 3293 2988 3164 3051 0 0 
57200 3519 2776 3857 3449 3040 3199 3049 0 0 
57300 3510 2747 3905 3559 3179 3226 3069 0 0 
57400 3409 2600 3869 3618 3158 3188 3073 0 0 
57500 3209 2499 3870 3721 3108 3201 3082 0 0 
57600 3267 2510 4002 3744 3040 3411 3024 0 0 
57700 3291 2574 3987 3659 2989 3514 2953 0 0 
57800 3400 2648 4023 3478 2991 3670 2823 0 0 
57900 3590 2772 3970 3313 3030 3707 2753 0 0 
58000 3831 2878 3961 3173 3048 3728 2691 0 0 
58100 4002 2940 3900 3111 3129 3644 2766 0 0 
58200 4137 3064 3872 3043 3278 3588 2965 0 0 
58300 4216 3258 3856 3093 3382 3610 3079 0 0 
58400 4042 3239 3591 3086 3418 3527 3085 0 0 
58500 4113 3307 3551 3142 3332 3581 3060 0 0 
58600 4111 3257 3536 3247 3204 3574 3044 0 0 
58700 4149 3230 3615 3427 3175 3579 3086 0 0 
58800 4173 3178 3638 3515 3122 3580 3106 0 0 
58900 4075 3181 3564 3405 3107 3513 2981 0 0 
59000 4033 3159 3490 3283 3144 3498 2934 0 0 
59100 4114 3202 3436 3326 3221 3552 2985 0 0 
59200 4054 3181 3423 3304 3209 3643 2931 0 0 
59300 4013 3226 3454 3367 3411 3851 2944 0 0 
59400 4007 3412 3630 3534 3707 4097 3073 0 0 
59500 3977 3521 3732 3668 3947 4254 3187 0 0 
59600 4053 3655 3705 3748 4014 4139 3389 0 0 
59700 3985 3629 3531 3815 3934 3949 3480 0 0 
59800 3931 3548 3382 3886 3839 3716 3562 0 0 
59900 3874 3476 3411 3809 3616 3585 3456 0 0 
60000 3865 3541 3352 3823 3522 3506 3426 0 0 
60100 3981 3687 3319 4051 3528 3460 3590 0 0 
60200 4147 3808 3369 4257 3595 3542 3736 0 0 
60300 4123 3879 3455 4357 3492 3538 3747 0 0 
60400 3986 3860 3620 4324 3360 3498 3579 0 0 
60500 3882 3750 3756 4244 3283 3538 3425 0 0 
60600 3802 3616 3689 4065 3116 3466 3332 0 0 
60700 3630 3486 3633 3852 2970 3458 3115 0 0 
60800 3443 3444 3649 3669 2936 3504 2950 0 0 
60900 3356 3476 3774 3593 3050 3603 2914 0 0 
61000 3259 3663 3853 3679 3210 3749 2976 0 0 
61100 3134 3673 4012 3598 3216 3879 2948 0 0 
61200 3094 3618 3980 3623 3147 3810 2857 0 0 
61300 3223 3579 4003 3734 3036 3738 2897 0 0 
61400 3291 3531 3908 3773 2937 3535 2869 0 0 
61500 3429 3522 3751 3761 2930 3498 2944 0 0 
61600 3640 3632 3583 3865 3205 3510 3206 0 0 
61700 3911 3627 3496 3985 3392 3439 3442 0 0 
61800 4096 3650 3433 4186 3590 3418 3645 0 0 
61900 4347 3685 3217 4385 3745 3432 3881 0 0 
62000 4248 3689 3066 4223 3683 3433 3846 0 0 
62100 4221 3643 3043 3995 3643 3520 3762 0 0 
62200 4289 3576 3059 3796 3475 3615 3545 0 0 
62300 4403 3384 3055 3677 3453 3600 3481 0 0 
62400 4400 3304 3111 3618 3361 3514 3406 0 0 
62500 4569 3365 3371 3787 3514 3636 3443 0 0 
62600 4535 3410 3673 3977 3535 3772 3381 0 0 
62700 4537 3410 3864 4124 3596 3759 3434 0 0 
62800 4387 3438 3878 4074 3490 3629 3339 0 0 
62900 4305 3406 3796 3942 3390 3555 3183 0 0 
63000 4229 3385 3840 3883 3353 3685 3045 0 0 
63100 4222 3456 3767 4007 3430 3756 3120 0 0 
63200 4192 3501 3784 4123 3383 3742 3200 0 0 
63300 4310 3558 3684 4233 3414 3733 3336 0 0 
63400 4308 3762 3591 4265 3322 3762 3404 0 0 
63500 4227 3925 3536 4249 3347 3905 3341 0 0 
63600 4137 3963 3515 4135 3329 4049 3201 0 0 
63700 4078 3870 3527 3977 3299 4091 3128 0 0 
63800 3963 3857 3547 3920 3316 4101 3131 0 0 
63900 3881 3813 3575 3878 3185 3968 3144 0 0 
64000 3860 3839 3507 3860 3220 3875 3164 0 0 
64100 3883 3771 3479 3946 3262 3838 3221 0 0 
64200 4031 3621 3446 3933 3309 3669 3370 0 0 
64300 4143 3503 3475 4059 3323 3638 3477 0 0 
64400 4308 3461 3332 4101 3334 3514 3638 0 0 
64500 4366 3510 3216 4146 3349 3598 3707 0 0 
64600 4329 3430 3262 3919 3362 3606 3619 0 0 
64700 4108 3498 3505 3825 3329 3906 3388 0 0 
64800 4047 3541 3644 3750 3508 4122 3286 0 0 
64900 4055 3653 3743 3828 3619 4266 3327 0 0 
65000 4178 3734 3709 3902 3562 4161 3451 0 0 
65100 4154 3710 3654 4033 3457 4056 3445 0 0 
65200 4120 3651 3484 4028 3321 3897 3435 0 0 
65300 4086 3628 3384 4064 3178 3829 3469 0 0 
65400 4190 3665 3288 4179 3187 3917 3573 0 0 
65500 4333 3742 3230 4249 3333 3984 3707 0 0 
65600 4318 3662 3120 4057 3354 3987 3637 0 0 
65700 4235 3627 3221 3907 3350 4052 3520 0 0 
65800 4166 3679 3380 3744 3384 4164 3381 0 0 
65900 3974 3599 3555 3671 3381 4197 3272 0 0 
66000 3865 3568 3803 3808 3358 4122 3378 0 0 
66100 3929 3607 3921 3943 3389 4087 3432 0 0 
66200 3929 3584 3830 3974 3417 3998 3496 0 0 
66300 3934 3495 3719 3996 3382 3961 3489 0 0 
66400 3869 3474 3620 4026 3393 3924 3550 0 0 
66500 4026 3716 3499 4225 3336 3883 3758 0 0 
66600 4042 3760 3362 4095 3246 3775 3859 0 0 
66700 4063 3857 3296 4076 3210 3678 3911 0 0 
66800 4229 3857 3252 4071 3142 3508 4086 0 0 
66900 4349 3935 3183 4088 3038 3350 4086 0 0 
67000 4272 4077 3191 3999 3040 3450 3855 0 0 
67100 4306 4272 3332 4029 3123 3692 3731 0 0 
67200 4223 4408 3561 4064 3037 3720 3603 0 0 
67300 4020 4280 3569 4013 3034 3689 3516 0 0 
67400 4148 4309 3513 4195 3085 3607 3656 0 0 
67500 4151 4425 3578 4342 3035 3376 3764 0 0 
67600 4163 4287 3562 4501 3110 3194 3886 0 0 
67700 4134 4139 3576 4483 3254 3225 3946 0 0 
67800 3902 3858 3577 4347 3299 3211 3872 0 0 
67900 3776 3613 3682 4292 3427 3413 3763 0 0 
68000 3675 3541 3761 4263 3487 3504 3696 0 0 
68100 3762 3506 3718 4254 3494 3588 3644 0 0 
68200 3982 3620 3520 4454 3700 3609 3849 0 0 
68300 4139 3725 3318 4481 3841 3651 3975 0 0 
68400 4161 3665 3153 4460 3911 3656 3967 0 0 
68500 4090 3654 3100 4307 3962 3766 3871 0 0 
68600 3978 3677 3021 4216 4083 3894 3758 0 0 
68700 4027 3607 3014 4221 4245 3993 3638 0 0 
68800 4026 3589 3130 4252 4243 4110 3540 0 0 
68900 4048 3595 3210 4231 4397 4162 3565 0 0 
69000 3986 3538 3260 4191 4380 4059 3544 0 0 
69100 3950 3451 3236 4170 4204 3870 3581 0 0 
69200 3922 3362 3384 4230 3978 3706 3679 0 0 
69300 4089 3530 3568 4445 3844 3698 3903 0 0 
69400 4272 3774 3687 4665 3704 3647 4026 0 0 
69500 4447 3879 3706 4900 3638 3581 4230 0 0 
69600 4573 3801 3721 4922 3570 3615 4365 0 0 
69700 4681 3793 3692 4859 3574 3800 4456 0 0 
69800 4657 3687 3616 4602 3352 3681 4258 0 0 
69900 4659 3717 3657 4601 3248 3564 4162 0 0 
70000 4607 3692 3667 4535 3167 3467 4154 0 0 
70100 4702 3781 3624 4549 3284 3476 4201 0 0 
70200 4745 3916 3791 4611 3570 3762 4258 0 0 
70300 4798 4051 3877 4657 3795 3904 4308 0 0 
70400 4817 4266 3922 4578 3886 3913 4115 0 0 
70500 4774 4276 3789 4440 3820 3814 3992 0 0 
70600 4593 4059 3711 4225 3710 3685 3849 0 0 
70700 4642 3940 3708 4233 3812 3699 3931 0 0 
70800 4713 3830 3705 4243 3817 3733 3967 0 0 
70900 4835 3815 3746 4355 3774 3739 4081 0 0 
71000 4817 3791 3708 4370 3742 3779 4078 0 0 
71100 4687 3689 3716 4255 3552 3760 3906 0 0 
71200 4614 3607 3868 4164 3627 4000 3791 0 0 
71300 4581 3562 3952 4220 3639 4104 3736 0 0 
71400 4504 3575 4096 4164 3661 4265 3684 0 0 
71500 4304 3514 4153 4123 3658 4311 3623 0 0 
71600 4161 3385 4258 4122 3616 4287 3611 0 0 
71700 4083 3299 4409 4146 3599 4326 3502 0 0 
71800 4132 3186 4373 4250 3529 4240 3607 0 0 
71900 4134 3229 4170 4173 3538 4041 3715 0 0 
72000 4075 3178 4045 4244 3587 3888 3799 0 0 
72100 4245 3235 3861 4281 3646 3721 3975 0 0 
72200 4289 3233 3774 4327 3801 3712 4080 0 0 
72300 4482 3321 3830 4327 4048 3824 4215 0 0 
72400 4488 3350 3797 4333 4145 3857 4141 0 0 
72500 4547 3362 3619 4266 4163 3746 4033 0 0 
72600 4602 3436 3488 4316 4068 3543 4033 0 0 
72700 4755 3571 3475 4356 4101 3555 4034 0 0 
72800 4909 3653 3468 4525 4113 3460 4035 0 0 
72900 4939 3586 3411 4581 4178 3406 3984 0 0 
73000 5070 3630 3464 4854 4332 3464 4053 0 0 
73100 5322 3803 3620 5162 4669 3685 4292 0 0 
73200 5400 3774 3687 5149 4822 3773 4281 0 0 
73300 5330 3833 3789 5076 4765 3759 4141 0 0 
73400 5331 3871 3824 4916 4658 3641 4045 0 0 
73500 5239 3993 4036 4966 4795 3732 3950 0 0 
73600 5275 4151 4367 4980 4819 3888 3834 0 0 
73700 5275 4194 4415 4950 4763 3957 3628 0 0 
73800 5237 4348 4443 4974 4704 3987 3532 0 0 
73900 5252 4420 4462 5070 4782 4078 3559 0 0 
74000 5124 4402 4225 4827 4662 3937 3621 0 0 
74100 5248 4366 3945 4897 4485 3654 3728 0 0 
74200 5371 4316 3679 4950 4320 3371 3839 0 0 
74300 5472 4303 3598 5052 4307 3238 4031 0 0 
74400 5759 4420 3515 5166 4385 3317 4287 0 0 
74500 6041 4548 3428 5291 4367 3305 4485 0 0 
74600 6238 4691 3457 5342 4358 3269 4563 0 0 
74700 6207 4829 3599 5599 4387 3301 4643 0 0 
74800 6135 4815 3726 5528 4323 3411 4507 0 0 
74900 5927 4712 3829 5310 4217 3416 4322 0 0 
75000 5961 4828 3909 5160 4260 3488 4173 0 0 
