8 -1 -1 2 -1 2 2 2 2 2 2 8 8 2 8 8 8 -1 8 8 
-1 -1 -1 -1 2 -1 8 8 2 2 2 8 8 8 2 8 -1 -1 8 8 
-1 -1 8 -1 -1 -1 -1 8 -1 2 2 8 8 8 8 8 8 8 -1 -1 
-1 -1 -1 -1 -1 3 -1 -1 -1 -1 2 8 8 8 8 8 8 -1 8 1 
1 1 -1 -1 -1 -1 8 -1 -1 2 8 8 8 2 1 8 8 8 1 8 
1 8 -1 -1 -1 -1 -1 2 2 2 2 2 8 1 2 -1 -1 1 1 1 
1 -1 -1 -1 -1 -1 -1 -1 -1 2 2 8 8 8 -1 2 -1 1 1 1 
-1 8 -1 32 -1 -1 -1 -1 -1 -1 2 -1 8 -1 2 2 -1 -1 1 1 
-1 8 -1 -1 -1 -1 -1 -1 -1 -1 -1 -1 -1 2 2 2 9 1 1 1 
1 8 1 1 -1 -1 -1 -1 -1 -1 -1 -1 -1 2 2 2 8 1 1 1 
1 8 8 -1 -1 -1 -1 -1 -1 -1 -1 8 8 2 8 8 9 1 1 1 
8 -1 8 2 2 2 -1 -1 -1 -1 -1 -1 8 -1 8 9 8 8 8 8 
8 8 2 2 8 2 9 -1 2 2 8 2 2 -1 -1 8 -1 -1 -1 8 
-1 8 8 2 2 9 2 2 -1 8 2 2 -1 -1 -1 -1 -1 -1 -1 8 
8 -1 8 2 8 2 2 -1 2 2 2 8 2 2 -1 8 -1 -1 -1 -1 
8 -1 -1 2 2 2 2 2 2 2 2 -1 2 2 -1 2 2 -1 2 8 
-1 2 -1 2 2 2 2 2 2 -1 2 -1 -1 2 2 8 2 2 8 -1 
8 -1 2 8 2 8 8 2 2 2 -1 2 -1 -1 -1 -1 8 -1 8 8 
-1 2 2 2 -1 8 -1 4 2 2 -1 2 2 -1 8 8 8 8 -1 8 
-1 -1 2 -1 2 2 2 -1 4 2 -1 2 -1 8 8 8 8 8 8 -1 
8 8 8 2 2 2 2 2 2 -1 -1 -1 -1 -1 -1 8 2 8 8 8 
8 8 8 2 8 -1 -1 -1 -1 -1 -1 -1 -1 -1 -1 -1 2 8 8 8 
8 -1 8 8 8 -1 -1 -1 -1 -1 -1 2 -1 2 -1 2 -1 -1 2 2 
2 2 -1 2 8 8 -1 -1 -1 -1 2 -1 2 2 2 -1 -1 2 2 -1 
2 2 2 2 2 -1 -1 -1 -1 -1 2 -1 -1 -1 -1 -1 -1 -1 2 -1 
2 2 2 2 2 -1 -1 -1 2 -1 -1 2 -1 -1 -1 -1 -1 2 2 2 
8 2 2 2 -1 -1 -1 -1 -1 2 -1 -1 -1 -1 -1 -1 -1 -1 8 8 
-1 2 -1 2 -1 -1 -1 2 -1 -1 8 -1 -1 -1 -1 -1 -1 -1 8 8 
-1 -1 -1 -1 -1 -1 2 -1 8 8 8 8 2 -1 -1 -1 -1 -1 -1 -1 
8 -1 2 2 -1 2 -1 -1 8 8 8 8 1 2 -1 -1 -1 -1 -1 -1 
8 -1 -1 8 8 8 8 8 8 1 1 1 2 2 2 2 -1 -1 -1 8 
-1 -1 8 8 8 8 8 8 8 8 1 2 -1 -1 2 2 -1 -1 -1 8 
8 -1 -1 8 8 -1 8 8 8 -1 -1 -1 -1 8 2 8 8 -1 8 8 
8 8 8 8 8 8 8 -1 -1 -1 -1 -1 8 2 2 8 8 8 8 8 
8 -1 8 8 2 8 8 8 -1 -1 8 -1 -1 8 -1 2 8 8 8 8 
8 8 6 8 8 2 8 2 -1 8 8 8 -1 8 -1 -1 8 8 8 8 
2 2 8 6 8 8 2 1 2 8 8 -1 -1 -1 -1 -1 8 8 8 8 
8 -1 2 8 2 2 8 2 2 2 8 8 -1 -1 -1 -1 -1 8 8 8 
8 8 2 2 2 2 2 8 -1 -1 -1 8 -1 -1 -1 8 -1 8 8 8 
8 -1 2 2 2 2 8 8 -1 -1 -1 -1 -1 -1 -1 8 8 -1 8 8 
-1 -1 2 -1 2 -1 2 -1 2 -1 -1 -1 1 8 8 8 2 8 -1 8 
2 4 -1 2 2 2 2 2 2 -1 -1 8 8 8 4 -1 4 -1 -1 2 
2 -1 -1 -1 -1 2 2 -1 -1 -1 -1 -1 -1 8 -1 4 4 -1 -1 -1 
-1 -1 -1 -1 -1 -1 -1 -1 -1 -1 -1 -1 -1 8 -1 -1 4 4 -1 -1 
-1 -1 -1 -1 -1 2 -1 -1 -1 -1 -1 -1 -1 -1 -1 -1 4 -1 -1 -1 
-1 -1 2 2 2 2 -1 -1 -1 -1 -1 -1 -1 -1 -1 -1 -1 -1 -1 -1 
-1 2 -1 -1 2 2 2 2 -1 -1 -1 -1 -1 2 2 -1 -1 -1 -1 -1 
-1 -1 -1 -1 -1 2 2 -1 2 2 2 -1 2 2 -1 2 -1 -1 -1 -1 
-1 -1 -1 -1 -1 2 2 -1 2 -1 -1 2 -1 -1 -1 -1 -1 -1 -1 -1 
-1 -1 -1 -1 2 2 2 2 -1 -1 -1 2 -1 -1 -1 -1 -1 -1 -1 -1 
-1 -1 -1 2 2 4 4 2 2 2 2 2 -1 -1 -1 2 2 -1 -1 -1 
-1 -1 -1 2 2 4 4 2 2 4 2 -1 2 -1 -1 -1 2 2 2 -1 
-1 -1 2 10 -1 -1 4 -1 -1 -1 8 2 -1 2 -1 -1 -1 2 2 2 
2 -1 -1 -1 -1 -1 -1 -1 -1 8 8 -1 2 8 2 -1 -1 2 -1 -1 
8 -1 -1 -1 -1 -1 -1 -1 -1 -1 8 2 2 -1 8 -1 2 -1 -1 2 
8 -1 -1 -1 2 -1 -1 -1 -1 -1 8 2 -1 2 8 8 1 2 8 2 
8 8 -1 -1 -1 2 -1 -1 -1 -1 8 2 2 8 8 1 2 2 8 8 
8 -1 -1 -1 2 2 2 2 -1 2 -1 -1 -1 8 2 2 2 8 1 1 
-1 -1 -1 8 2 2 2 2 2 -1 1 8 2 8 8 2 2 8 8 -1 
-1 2 -1 -1 2 2 2 2 -1 -1 -1 1 8 8 8 2 8 8 8 -1 
-1 -1 4 4 2 2 2 -1 -1 2 2 2 4 4 4 4 8 2 2 8 
8 4 4 2 32 2 -1 -1 2 -1 2 -1 4 4 8 4 4 8 -1 8 
8 4 -1 -1 2 2 -1 -1 -1 -1 4 4 4 4 8 4 4 4 4 8 
4 4 -1 2 2 -1 2 2 10 10 2 -1 -1 8 8 8 4 4 4 8 
6 4 4 -1 4 2 4 -1 -1 -1 -1 -1 -1 -1 8 4 4 6 4 6 
4 4 4 10 4 2 4 -1 -1 -1 -1 -1 -1 -1 4 4 6 6 6 6 
4 4 4 4 4 10 4 2 -1 -1 -1 -1 -1 -1 4 4 6 6 6 6 
2 4 4 4 4 10 2 -1 -1 -1 -1 -1 -1 -1 -1 -1 -1 6 6 4 
4 4 4 4 4 -1 2 -1 -1 -1 -1 -1 -1 -1 -1 -1 2 2 6 4 
4 4 4 4 4 2 2 2 2 -1 -1 -1 -1 -1 -1 -1 4 4 4 -1 
1 1 4 4 2 2 2 2 2 -1 -1 -1 -1 -1 -1 -1 4 4 4 4 
4 4 4 2 2 2 2 -1 -1 -1 -1 -1 -1 -1 -1 -1 4 4 4 4 
-1 4 4 2 -1 2 -1 -1 -1 -1 -1 -1 -1 -1 -1 -1 4 4 4 4 
4 4 -1 -1 2 2 -1 -1 -1 -1 -1 -1 2 2 2 4 4 4 4 4 
4 4 -1 -1 -1 -1 2 2 2 2 -1 8 -1 2 -1 2 2 4 4 4 
4 -1 -1 -1 -1 -1 -1 4 2 -1 -1 -1 8 2 2 -1 2 2 2 -1 
-1 -1 -1 -1 4 -1 -1 4 -1 2 -1 -1 -1 -1 -1 2 2 2 -1 -1 
-1 4 -1 4 -1 -1 2 2 2 -1 2 -1 -1 -1 -1 2 -1 -1 -1 -1 
8 4 4 4 4 -1 -1 2 2 2 2 1 -1 -1 4 4 -1 8 -1 -1 
8 4 4 -1 -1 -1 2 -1 2 2 2 -1 1 4 4 4 2 8 -1 8 
4 4 4 4 1 1 -1 1 8 8 -1 4 -1 4 2 -1 4 4 2 4 
6 4 4 4 4 4 4 4 2 2 4 4 4 2 2 2 2 2 6 6 
4 4 4 4 4 4 4 4 4 2 2 4 4 4 2 2 2 6 4 4 
4 4 4 4 4 4 2 4 2 2 4 4 4 2 2 2 2 1 6 6 
4 4 4 4 4 4 4 1 1 -1 -1 4 2 2 2 1 1 1 4 4 
4 4 4 4 4 4 4 4 4 -1 -1 4 2 2 4 1 2 4 4 -1 
8 1 4 2 4 4 6 4 -1 -1 -1 -1 4 2 4 4 3 3 4 4 
8 8 2 2 2 4 6 -1 -1 -1 -1 -1 -1 4 4 4 4 2 2 4 
4 2 -1 2 -1 4 2 -1 -1 -1 -1 -1 -1 -1 4 4 4 2 2 4 
4 -1 -1 -1 -1 -1 2 2 -1 2 2 2 2 -1 -1 2 4 4 4 4 
4 -1 -1 -1 2 -1 2 -1 2 2 2 -1 2 2 -1 -1 1 -1 1 4 
2 -1 -1 2 2 2 2 4 -1 2 -1 2 2 2 2 -1 1 1 1 4 
2 2 2 4 2 2 4 -1 2 -1 -1 -1 2 2 2 -1 -1 1 4 2 
2 2 2 2 4 4 4 2 -1 -1 -1 -1 4 4 -1 -1 4 4 1 2 
8 2 4 2 4 4 4 4 -1 -1 -1 -1 -1 4 4 4 4 1 1 2 
2 8 8 4 4 4 4 -1 -1 -1 -1 -1 2 4 4 4 4 1 4 4 
6 4 8 4 4 4 1 -1 32 -1 -1 -1 2 2 2 2 4 4 -1 2 
4 6 4 4 4 1 -1 32 32 32 -1 -1 -1 2 2 4 4 4 4 4 
4 4 4 4 1 4 -1 -1 -1 32 2 -1 -1 -1 -1 4 4 4 4 4 
4 4 4 1 4 4 2 2 2 32 2 -1 -1 4 4 4 4 4 2 4 
-1 -1 2 6 4 -1 8 -1 -1 -1 2 2 8 4 8 8 8 1 1 1 
-1 2 2 6 -1 8 8 -1 4 4 2 4 4 4 4 -1 8 1 1 1 
-1 -1 -1 -1 2 -1 -1 8 8 4 4 -1 -1 4 4 1 -1 1 8 1 
-1 -1 2 2 2 2 -1 4 -1 -1 -1 -1 2 1 1 4 4 8 -1 1 
-1 -1 -1 2 -1 -1 4 -1 4 -1 -1 4 4 4 4 1 4 1 -1 -1 
-1 -1 -1 -1 2 -1 -1 32 4 4 4 4 4 4 8 4 -1 -1 -1 -1 
-1 -1 6 6 6 2 2 4 4 4 4 4 4 4 4 -1 -1 -1 -1 -1 
-1 -1 -1 6 -1 4 -1 4 4 4 4 4 4 4 4 -1 1 1 2 2 
4 -1 -1 -1 -1 4 4 4 -1 4 4 4 4 4 4 -1 -1 -1 -1 2 
2 -1 -1 -1 -1 -1 4 4 4 4 8 4 32 32 32 -1 -1 -1 32 32 
2 2 2 -1 -1 4 4 4 4 4 4 4 4 4 4 -1 2 -1 2 2 
2 2 -1 -1 -1 4 4 4 4 4 4 4 2 -1 -1 4 2 2 2 32 
1 1 -1 -1 4 4 -1 4 4 4 -1 2 -1 -1 -1 -1 -1 8 1 1 
1 1 -1 -1 4 -1 -1 -1 4 4 -1 -1 -1 -1 -1 8 8 8 8 1 
-1 1 1 -1 -1 -1 -1 4 4 4 1 -1 1 1 8 -1 8 8 8 8 
-1 1 -1 -1 -1 -1 -1 -1 4 4 -1 -1 -1 -1 1 8 -1 8 8 -1 
-1 4 1 1 -1 -1 1 1 1 -1 -1 2 -1 -1 8 8 8 -1 8 -1 
-1 -1 1 1 -1 -1 1 1 1 -1 -1 -1 2 8 8 8 8 8 8 -1 
-1 -1 6 -1 -1 -1 -1 -1 -1 -1 -1 -1 2 2 8 8 8 8 8 -1 
-1 6 6 6 4 4 -1 -1 -1 -1 -1 2 2 8 8 8 -1 -1 -1 1 
8 8 8 8 8 8 2 -1 -1 8 8 8 8 1 8 8 -1 1 8 -1 
8 8 8 8 8 40 -1 2 2 8 8 8 -1 1 -1 8 8 8 8 8 
8 8 3 8 8 8 8 8 -1 2 -1 -1 1 1 -1 1 1 8 8 8 
1 1 8 1 8 8 8 8 8 -1 -1 -1 -1 8 8 8 1 1 10 8 
8 8 8 8 8 8 8 8 -1 -1 -1 1 1 -1 8 1 8 8 8 8 
8 8 8 8 10 10 -1 8 -1 -1 1 -1 -1 1 2 8 8 8 8 8 
8 10 8 8 10 -1 1 -1 -1 -1 4 -1 -1 -1 -1 2 10 8 8 4 
8 8 8 -1 -1 1 1 4 4 4 4 -1 4 -1 -1 10 4 8 8 4 
8 32 4 4 1 1 1 4 4 4 -1 4 -1 -1 8 8 4 8 10 8 
8 8 4 1 4 4 4 -1 4 -1 -1 -1 -1 2 8 2 8 8 8 8 
8 4 4 4 4 4 4 4 -1 -1 -1 -1 2 -1 -1 2 2 -1 4 8 
4 8 4 1 4 1 4 4 2 2 -1 -1 -1 -1 -1 -1 -1 4 4 4 
-1 -1 -1 1 4 4 -1 4 2 2 2 -1 -1 -1 -1 -1 4 -1 4 -1 
-1 -1 1 1 -1 4 4 4 8 2 2 -1 -1 4 4 4 -1 -1 -1 2 
2 -1 1 4 -1 4 4 4 8 1 2 1 1 4 4 -1 2 -1 -1 -1 
2 4 4 -1 4 4 4 2 -1 1 1 1 1 1 1 1 2 2 2 2 
-1 -1 -1 4 4 4 2 2 -1 -1 1 1 1 1 1 1 -1 2 2 2 
8 -1 -1 4 4 -1 -1 -1 -1 1 1 1 1 1 1 1 1 2 2 8 
2 2 8 -1 -1 4 4 -1 -1 -1 1 8 8 1 1 -1 2 2 2 8 
8 8 8 40 8 4 -1 -1 8 -1 -1 1 8 1 8 8 1 8 8 8 
-1 1 2 2 2 2 2 8 -1 4 2 2 2 -1 5 5 5 5 -1 1 
1 -1 -1 2 2 2 8 2 8 -1 2 2 2 5 5 5 5 5 1 2 
1 4 4 2 -1 2 2 8 8 -1 -1 -1 2 -1 5 -1 5 1 5 1 
1 1 -1 6 2 2 2 8 8 2 -1 2 -1 2 -1 5 5 5 1 2 
1 1 2 2 -1 10 8 8 -1 2 2 -1 -1 -1 -1 -1 5 5 2 1 
1 1 1 2 -1 2 8 -1 2 2 4 6 -1 -1 -1 -1 5 -1 1 1 
4 1 1 -1 2 2 2 -1 2 2 -1 -1 6 8 -1 2 -1 2 1 1 
1 1 -1 2 2 2 2 2 -1 -1 -1 -1 -1 8 8 -1 2 1 4 4 
4 1 -1 2 4 2 2 2 2 -1 1 8 1 8 -1 4 4 4 4 -1 
-1 1 1 -1 8 4 4 2 1 1 8 1 10 -1 8 -1 -1 4 -1 4 
-1 1 -1 10 8 10 5 1 4 1 8 10 -1 8 8 -1 -1 4 32 32 
1 1 -1 -1 -1 8 10 4 4 4 -1 8 10 10 10 8 32 32 4 -1 
-1 -1 -1 -1 5 -1 10 10 4 4 8 -1 -1 8 -1 -1 32 32 -1 2 
-1 4 4 5 5 5 -1 -1 -1 -1 -1 2 8 -1 1 -1 1 -1 -1 2 
4 2 5 5 -1 10 10 -1 -1 -1 -1 2 8 -1 1 1 1 1 -1 -1 
4 -1 4 10 5 10 10 8 -1 1 8 -1 8 1 1 1 1 4 -1 4 
8 8 5 4 8 10 10 8 8 1 1 8 1 8 1 1 1 -1 4 5 
2 5 5 8 4 1 8 -1 8 2 8 8 1 1 1 1 1 1 -1 2 
-1 2 1 4 8 1 -1 1 -1 -1 2 2 5 5 5 1 4 1 -1 2 
2 2 1 2 2 -1 2 -1 -1 -1 -1 -1 5 5 5 5 1 4 2 2 
-1 -1 2 -1 2 4 4 2 2 2 -1 2 2 2 2 2 1 4 2 -1 
-1 -1 2 2 2 2 2 2 2 2 2 -1 -1 2 2 4 -1 1 1 1 
-1 2 2 2 2 -1 2 2 2 2 -1 2 2 2 2 4 4 1 1 1 
-1 2 2 2 2 1 2 1 2 2 -1 2 2 -1 -1 -1 6 -1 -1 -1 
2 -1 2 2 2 2 1 2 2 -1 2 2 -1 -1 -1 -1 2 1 2 2 
2 2 2 2 2 2 1 2 2 2 2 2 2 2 -1 2 -1 1 1 2 
2 -1 2 2 2 1 2 2 2 2 2 2 2 2 2 2 2 -1 1 -1 
-1 2 2 2 2 5 1 1 2 2 2 2 2 2 2 2 2 -1 -1 -1 
2 -1 2 2 -1 2 1 5 5 2 2 2 1 2 2 -1 1 -1 -1 -1 
5 5 2 2 -1 -1 1 4 5 2 2 1 2 2 2 2 1 -1 -1 -1 
-1 2 2 2 2 -1 4 1 5 5 1 1 2 -1 -1 -1 -1 -1 -1 -1 
2 -1 2 5 2 -1 1 -1 5 5 -1 1 1 -1 2 -1 -1 -1 -1 -1 
-1 2 -1 5 -1 -1 5 -1 1 4 -1 2 -1 2 -1 2 -1 -1 -1 4 
4 4 -1 -1 -1 -1 -1 1 -1 -1 1 -1 2 2 2 2 2 2 -1 -1 
2 -1 -1 -1 -1 -1 -1 1 1 1 1 2 2 2 2 2 2 2 -1 -1 
-1 -1 -1 -1 -1 1 1 1 1 -1 1 1 2 2 2 2 2 2 -1 -1 
-1 -1 -1 -1 -1 1 1 1 -1 -1 1 1 1 2 2 2 2 2 2 -1 
-1 2 -1 -1 1 1 1 1 1 1 1 1 2 -1 2 2 2 8 -1 -1 
4 2 -1 2 2 1 2 2 2 -1 1 2 2 2 5 -1 2 2 -1 -1 
-1 4 2 2 2 2 2 2 -1 -1 -1 1 -1 2 2 5 2 2 2 -1 
8 -1 1 -1 1 1 1 1 4 8 8 4 8 8 4 4 4 -1 -1 2 
-1 -1 -1 -1 1 1 1 1 1 8 4 4 1 -1 -1 4 4 4 8 8 
-1 2 -1 1 -1 1 1 1 -1 -1 6 1 6 -1 4 1 1 8 1 -1 
-1 6 6 -1 -1 -1 6 6 6 1 1 1 -1 2 1 8 8 1 1 -1 
-1 -1 2 -1 -1 -1 6 6 6 1 4 4 1 1 -1 1 1 1 1 -1 
-1 2 -1 -1 -1 6 -1 2 6 4 4 2 1 1 1 1 1 1 1 -1 
-1 -1 2 2 2 -1 4 2 6 2 2 1 1 1 1 1 1 2 1 -1 
4 -1 -1 2 -1 4 4 4 4 4 2 1 1 1 1 1 1 2 2 2 
10 -1 2 -1 -1 1 -1 -1 -1 1 1 4 4 -1 1 1 2 2 2 4 
2 10 8 -1 1 -1 -1 2 2 2 2 2 4 4 1 1 -1 2 -1 2 
8 8 -1 -1 -1 1 1 2 2 2 2 4 4 -1 -1 4 4 10 2 -1 
8 -1 4 2 1 1 4 2 2 1 4 4 4 5 5 -1 4 4 2 2 
8 -1 2 4 2 2 2 2 2 2 1 4 4 5 5 4 4 2 2 2 
-1 8 2 2 2 2 -1 2 2 2 2 2 4 5 5 5 2 4 2 -1 
2 1 8 2 -1 -1 2 2 2 2 2 8 -1 5 2 -1 2 -1 2 2 
4 1 -1 5 -1 4 6 1 1 -1 8 8 -1 -1 3 2 -1 2 2 2 
4 4 5 2 6 6 6 2 1 2 8 8 -1 -1 -1 -1 -1 2 1 4 
2 5 2 1 1 1 1 4 2 2 8 8 8 -1 -1 -1 -1 -1 1 -1 
2 2 -1 1 1 1 1 1 8 2 8 8 8 5 3 -1 3 1 4 3 
2 2 1 1 1 1 1 1 1 8 -1 8 8 8 -1 3 3 4 3 3 
-1 1 -1 -1 -1 1 4 2 -1 4 -1 -1 -1 -1 -1 1 -1 1 -1 -1 
-1 -1 1 1 -1 1 1 4 -1 -1 -1 -1 -1 -1 -1 -1 -1 -1 2 2 
-1 1 1 1 1 1 1 4 4 -1 -1 -1 -1 -1 -1 -1 -1 -1 -1 -1 
2 1 1 1 1 1 4 -1 -1 -1 -1 -1 -1 -1 -1 -1 1 -1 1 1 
-1 2 2 -1 1 1 -1 -1 -1 -1 -1 4 4 5 -1 -1 1 -1 -1 1 
-1 -1 -1 1 1 -1 -1 -1 -1 -1 -1 5 4 5 -1 5 -1 -1 -1 -1 
-1 -1 -1 -1 2 2 2 2 -1 -1 -1 -1 5 4 4 4 5 -1 -1 -1 
-1 -1 5 1 2 2 2 2 -1 -1 -1 -1 5 5 5 5 5 -1 2 -1 
-1 2 2 5 -1 2 2 2 -1 -1 -1 -1 5 2 -1 -1 -1 2 -1 -1 
5 2 2 2 2 -1 2 2 2 -1 -1 -1 5 -1 2 -1 -1 -1 -1 -1 
5 4 4 2 -1 2 2 2 2 2 2 2 -1 2 -1 -1 -1 -1 -1 -1 
1 4 4 2 2 2 2 -1 -1 -1 2 2 -1 -1 1 -1 -1 -1 -1 1 
-1 1 4 4 2 2 2 2 1 1 1 8 8 1 1 1 -1 -1 -1 6 
-1 -1 2 4 2 2 2 1 -1 1 1 1 8 -1 1 1 1 -1 6 -1 
-1 -1 -1 -1 2 -1 -1 -1 1 1 1 1 1 8 -1 -1 6 -1 -1 6 
1 -1 -1 -1 -1 5 -1 -1 4 1 1 1 1 4 -1 -1 6 1 6 1 
1 1 1 1 -1 5 4 4 4 4 4 1 -1 4 1 1 -1 6 1 1 
1 1 1 1 1 -1 4 4 4 -1 4 4 4 4 1 1 1 -1 1 1 
1 1 -1 -1 -1 4 4 4 -1 -1 6 4 4 4 1 1 1 1 1 1 
1 1 -1 -1 1 4 4 4 -1 -1 4 4 -1 -1 1 1 1 1 -1 1 
-1 -1 -1 -1 -1 -1 2 -1 2 2 1 1 1 -1 -1 1 -1 1 1 -1 
-1 -1 -1 -1 -1 -1 -1 2 -1 -1 -1 -1 -1 1 -1 1 2 -1 -1 -1 
-1 -1 -1 -1 -1 -1 2 2 2 -1 -1 -1 1 -1 1 -1 1 1 1 1 
-1 -1 -1 -1 -1 -1 -1 -1 2 -1 -1 -1 -1 -1 -1 1 1 2 -1 1 
-1 -1 -1 -1 -1 -1 -1 -1 -1 2 -1 -1 -1 -1 -1 -1 1 2 2 2 
-1 -1 -1 -1 -1 -1 -1 -1 -1 -1 -1 -1 -1 -1 -1 -1 -1 -1 -1 -1 
-1 -1 -1 2 -1 -1 -1 1 -1 -1 -1 -1 -1 -1 -1 2 2 2 -1 -1 
-1 -1 -1 -1 -1 -1 1 1 1 -1 -1 -1 1 -1 -1 -1 2 2 2 4 
4 -1 -1 -1 -1 1 1 -1 -1 -1 -1 -1 -1 -1 -1 -1 4 -1 4 4 
2 4 -1 -1 -1 1 2 -1 -1 -1 -1 -1 -1 -1 -1 -1 4 4 -1 4 
4 5 4 -1 2 2 -1 -1 -1 -1 -1 -1 -1 -1 -1 2 4 4 4 4 
-1 -1 -1 -1 2 -1 2 -1 -1 -1 -1 -1 -1 -1 -1 -1 4 4 4 4 
5 5 4 2 2 -1 2 -1 2 2 -1 -1 -1 -1 -1 -1 -1 -1 -1 4 
5 5 5 -1 2 2 -1 2 2 2 -1 1 1 2 -1 -1 -1 -1 1 4 
4 1 5 5 2 -1 2 -1 -1 -1 2 2 2 1 2 -1 -1 -1 1 1 
1 1 -1 -1 -1 2 2 -1 2 1 2 2 1 1 2 -1 2 -1 1 2 
2 1 -1 2 2 -1 2 2 2 2 1 1 2 -1 2 2 -1 -1 -1 2 
2 2 2 2 2 -1 -1 -1 -1 2 1 1 -1 -1 -1 2 2 2 2 2 
2 2 -1 2 -1 -1 2 -1 -1 1 1 1 -1 -1 1 2 -1 -1 1 2 
-1 -1 2 -1 -1 2 -1 -1 -1 2 1 1 1 1 -1 -1 1 2 2 1 
2 2 2 8 -1 -1 -1 2 2 1 -1 2 2 2 2 2 2 2 2 -1 
2 2 -1 8 8 2 2 2 -1 2 2 2 2 2 2 2 2 2 2 2 
2 2 2 -1 -1 -1 2 2 2 2 2 2 2 2 2 2 -1 2 2 -1 
-1 -1 2 2 -1 -1 2 2 2 2 2 2 1 2 2 -1 -1 2 2 2 
2 2 2 2 2 2 2 2 2 2 2 2 -1 -1 -1 2 2 2 2 2 
2 2 2 2 2 2 2 2 2 2 2 -1 -1 -1 -1 -1 -1 2 2 2 
2 2 2 -1 2 -1 2 -1 -1 2 -1 -1 -1 -1 1 -1 -1 2 2 -1 
2 2 5 -1 2 -1 -1 -1 -1 -1 -1 -1 -1 1 -1 2 -1 -1 -1 2 
2 -1 5 -1 -1 1 -1 -1 -1 -1 1 1 1 -1 -1 -1 4 -1 2 2 
2 -1 -1 1 4 -1 1 1 1 1 1 1 -1 2 2 5 4 4 4 2 
-1 4 4 4 1 1 1 1 1 1 1 1 -1 -1 -1 2 -1 4 5 1 
-1 4 4 4 1 -1 -1 4 1 -1 -1 1 -1 -1 -1 5 4 -1 4 1 
4 4 4 -1 -1 1 4 4 1 1 4 4 4 4 5 4 5 -1 5 4 
1 -1 1 1 1 -1 -1 4 4 4 4 4 4 4 4 -1 -1 -1 -1 -1 
1 -1 1 1 -1 -1 -1 4 8 4 4 4 5 4 4 -1 -1 -1 1 -1 
-1 -1 2 -1 -1 -1 -1 4 4 4 4 -1 -1 -1 -1 -1 -1 -1 -1 4 
4 -1 -1 2 2 2 8 -1 4 8 -1 -1 -1 2 -1 -1 -1 -1 -1 -1 
-1 8 2 -1 8 8 8 -1 4 4 4 4 -1 -1 2 2 2 2 2 -1 
4 8 4 8 8 8 8 2 -1 4 -1 4 -1 2 2 2 2 2 -1 2 
2 2 -1 4 -1 -1 1 1 4 -1 4 2 2 2 -1 2 2 2 2 2 
-1 -1 -1 -1 1 1 -1 -1 -1 1 1 1 1 1 1 -1 4 -1 -1 2 
1 -1 -1 -1 1 1 -1 -1 1 1 -1 1 1 1 1 1 4 4 -1 -1 
1 -1 1 1 1 -1 1 1 -1 -1 -1 1 1 1 -1 1 1 1 -1 1 
2 1 1 1 1 1 -1 -1 -1 1 -1 1 -1 3 1 1 1 3 1 1 
2 1 1 1 -1 2 1 -1 -1 1 -1 -1 2 1 3 1 3 -1 -1 -1 
-1 -1 1 1 1 1 2 -1 -1 -1 3 2 -1 3 2 1 -1 3 2 2 
2 1 1 -1 1 1 2 2 1 1 2 2 2 2 -1 3 1 -1 -1 -1 
1 4 1 1 1 1 1 1 1 1 -1 1 3 2 3 3 3 -1 -1 -1 
-1 -1 -1 1 -1 1 1 1 1 1 1 1 3 3 2 2 -1 -1 -1 -1 
-1 1 1 -1 1 1 -1 1 1 -1 -1 3 -1 2 -1 2 -1 -1 -1 1 
-1 1 1 1 -1 1 -1 -1 1 1 1 1 1 1 2 2 1 1 1 2 
2 1 1 -1 1 1 -1 -1 -1 1 1 1 1 1 1 2 -1 -1 -1 -1 
-1 1 -1 -1 1 1 2 1 -1 2 1 -1 1 2 -1 2 2 -1 -1 -1 
-1 -1 -1 -1 4 2 2 1 -1 2 2 -1 -1 2 -1 -1 -1 -1 -1 -1 
-1 1 -1 -1 -1 -1 2 -1 2 -1 -1 -1 2 2 -1 -1 -1 -1 -1 -1 
-1 1 -1 -1 1 -1 -1 2 -1 1 -1 -1 2 -1 -1 -1 -1 -1 -1 -1 
-1 -1 1 1 1 -1 -1 -1 1 -1 -1 -1 -1 2 -1 -1 -1 -1 -1 -1 
-1 1 1 1 1 -1 -1 -1 -1 2 2 -1 -1 -1 -1 -1 -1 -1 -1 -1 
-1 1 1 1 1 -1 -1 -1 -1 2 -1 -1 -1 -1 -1 -1 -1 -1 -1 1 
-1 -1 -1 -1 1 -1 -1 -1 -1 -1 1 1 1 1 1 -1 -1 -1 -1 2 
1 1 1 -1 -1 1 -1 8 8 4 4 4 -1 -1 2 -1 1 -1 -1 1 
1 1 1 1 -1 -1 1 8 -1 4 4 32 -1 -1 -1 -1 1 1 -1 2 
2 -1 1 3 -1 -1 -1 -1 4 4 -1 4 4 -1 -1 -1 1 1 -1 -1 
-1 2 1 -1 1 1 -1 -1 -1 4 -1 -1 4 1 1 1 1 -1 -1 1 
1 2 1 -1 2 2 1 1 -1 4 -1 2 1 -1 1 1 1 -1 1 -1 
1 -1 -1 2 -1 2 1 -1 -1 -1 4 -1 2 -1 1 1 -1 -1 -1 -1 
2 1 1 1 1 1 1 1 -1 -1 4 -1 -1 2 -1 1 1 1 -1 -1 
1 -1 1 1 -1 1 -1 -1 -1 -1 -1 -1 2 -1 -1 1 1 1 1 1 
1 -1 -1 -1 -1 3 -1 1 1 2 -1 -1 2 2 2 -1 1 1 1 -1 
1 1 -1 -1 -1 -1 -1 1 1 -1 2 -1 2 2 2 -1 -1 1 -1 -1 
-1 -1 1 -1 -1 -1 -1 -1 -1 -1 -1 -1 -1 2 -1 -1 -1 -1 -1 -1 
-1 -1 -1 -1 -1 -1 -1 1 -1 -1 -1 -1 -1 -1 -1 -1 -1 -1 -1 -1 
-1 -1 -1 -1 1 1 1 1 1 1 -1 -1 -1 -1 -1 -1 -1 4 1 -1 
4 1 4 4 1 1 1 -1 1 -1 -1 -1 -1 -1 -1 4 4 1 1 -1 
4 1 4 1 1 1 1 1 3 -1 -1 -1 2 -1 -1 -1 4 4 1 -1 
-1 4 1 1 1 1 1 2 -1 3 -1 -1 2 -1 -1 -1 1 1 1 -1 
-1 4 1 1 1 2 1 1 -1 1 -1 2 3 1 -1 1 1 1 1 -1 
1 1 -1 1 2 1 1 -1 1 3 2 1 3 1 1 1 1 1 -1 -1 
1 1 -1 -1 -1 -1 -1 1 -1 3 1 2 2 -1 -1 -1 2 1 2 1 
1 -1 -1 -1 -1 1 8 -1 -1 4 4 32 2 2 -1 2 -1 2 1 1 
1 -1 1 -1 -1 -1 -1 -1 3 -1 -1 4 -1 -1 -1 -1 4 -1 -1 2 
4 1 -1 1 -1 -1 -1 -1 3 3 4 4 4 4 -1 -1 4 -1 4 4 
-1 -1 1 -1 1 -1 -1 3 3 -1 3 -1 4 4 -1 -1 -1 -1 4 2 
-1 -1 -1 1 1 1 -1 3 3 3 -1 -1 -1 4 -1 -1 -1 -1 2 -1 
-1 1 4 4 -1 -1 1 3 3 3 -1 -1 -1 -1 2 2 -1 -1 2 -1 
-1 1 1 4 -1 -1 1 1 3 -1 -1 -1 -1 -1 2 -1 -1 2 -1 -1 
-1 1 1 1 1 -1 1 1 -1 -1 -1 2 2 -1 -1 -1 -1 -1 2 -1 
-1 -1 1 1 -1 1 1 -1 -1 -1 -1 -1 3 -1 -1 -1 -1 -1 -1 2 
2 2 2 32 1 1 1 -1 -1 2 -1 -1 -1 -1 -1 -1 -1 -1 -1 -1 
2 2 2 32 -1 -1 -1 1 2 2 -1 -1 -1 -1 -1 -1 -1 -1 -1 3 
2 2 1 32 32 -1 -1 -1 -1 -1 -1 -1 -1 -1 -1 -1 -1 8 -1 -1 
2 3 3 4 2 2 -1 -1 -1 -1 -1 -1 -1 -1 -1 3 3 3 8 -1 
2 -1 3 4 3 3 -1 -1 -1 -1 -1 -1 -1 -1 -1 3 3 1 1 3 
3 3 3 4 4 -1 -1 -1 -1 -1 -1 -1 -1 -1 4 3 -1 2 2 2 
2 4 4 4 4 1 1 -1 -1 -1 -1 -1 -1 1 1 -1 -1 -1 2 2 
1 1 4 4 4 -1 1 1 1 -1 -1 -1 -1 -1 4 -1 -1 -1 2 -1 
1 4 4 -1 2 4 1 1 1 -1 -1 -1 -1 4 4 -1 -1 -1 -1 -1 
-1 -1 -1 -1 -1 1 1 1 -1 4 4 -1 4 4 -1 -1 2 2 -1 1 
-1 -1 4 -1 -1 1 1 1 4 -1 4 4 4 -1 -1 4 -1 2 2 -1 
-1 -1 4 -1 -1 -1 -1 -1 -1 4 -1 -1 -1 -1 -1 -1 4 -1 2 -1 
4 -1 -1 -1 -1 -1 4 2 3 4 -1 -1 1 1 1 2 2 3 2 -1 
-1 3 -1 -1 -1 -1 4 2 3 1 1 1 1 1 4 1 2 3 3 3 
3 -1 -1 2 -1 3 4 2 3 -1 -1 1 1 1 1 4 4 2 2 3 
3 3 2 -1 -1 2 -1 -1 -1 -1 -1 2 2 1 -1 4 2 4 3 3 
3 3 3 3 3 -1 2 -1 -1 -1 -1 2 2 2 2 -1 2 3 2 3 
3 3 3 2 1 -1 -1 2 -1 -1 2 2 -1 2 -1 -1 3 3 2 -1 
3 3 -1 -1 -1 -1 -1 -1 -1 -1 -1 -1 -1 -1 -1 3 2 2 2 3 
-1 3 -1 -1 -1 -1 -1 -1 -1 -1 -1 -1 -1 -1 -1 3 2 2 -1 3 
3 -1 -1 -1 -1 -1 -1 -1 -1 -1 -1 -1 -1 -1 3 3 2 3 3 -1 
3 4 -1 -1 1 -1 -1 -1 -1 -1 -1 2 2 2 2 4 4 4 -1 3 
4 -1 4 4 -1 1 1 -1 4 -1 -1 2 2 2 4 4 -1 -1 4 -1 
-1 4 4 -1 2 1 -1 4 -1 -1 -1 -1 2 -1 -1 -1 -1 4 -1 -1 
4 -1 1 1 1 1 1 -1 -1 -1 -1 2 2 -1 3 -1 4 -1 4 4 
4 4 4 4 4 -1 -1 -1 -1 -1 -1 2 -1 -1 -1 -1 4 4 4 4 
4 -1 -1 4 -1 1 -1 -1 -1 -1 -1 -1 -1 4 -1 -1 4 -1 4 -1 
4 -1 -1 -1 4 4 -1 -1 4 -1 -1 -1 -1 -1 4 4 -1 -1 4 -1 
4 4 -1 4 4 4 4 2 4 4 -1 -1 -1 -1 -1 4 4 -1 -1 4 
-1 -1 4 -1 4 4 2 -1 4 -1 -1 -1 -1 -1 8 8 3 4 -1 4 
2 4 4 -1 -1 4 4 4 4 -1 -1 -1 1 -1 -1 3 -1 -1 2 2 
2 4 -1 -1 -1 4 4 -1 4 4 -1 -1 1 1 2 2 1 2 -1 2 
1 4 1 4 1 1 -1 4 4 1 4 4 -1 4 4 -1 -1 1 1 1 
2 4 4 2 2 1 1 1 1 1 1 4 -1 4 4 4 1 1 4 1 
3 3 2 2 4 1 -1 1 1 5 4 4 -1 4 4 -1 1 4 4 1 
4 -1 2 1 -1 1 5 5 5 5 -1 -1 -1 4 1 1 4 -1 -1 4 
4 -1 1 2 -1 1 1 -1 5 -1 -1 -1 -1 -1 1 -1 -1 -1 -1 4 
4 4 4 4 4 3 4 4 4 -1 -1 1 -1 -1 -1 -1 1 -1 -1 4 
4 4 2 4 -1 2 3 4 2 2 3 3 1 -1 -1 -1 1 1 1 -1 
-1 4 4 4 4 2 -1 -1 -1 2 4 1 -1 -1 -1 -1 1 -1 1 4 
4 4 4 4 -1 2 2 3 -1 3 -1 -1 -1 3 -1 -1 -1 -1 2 2 
1 4 4 1 3 2 3 3 3 2 -1 -1 3 -1 -1 2 2 2 1 2 
4 4 -1 1 1 3 -1 2 3 3 -1 3 3 -1 -1 -1 2 2 2 2 
4 1 4 1 3 3 2 3 3 3 3 3 3 2 -1 -1 2 2 2 4 
-1 -1 4 -1 -1 2 2 2 3 3 3 -1 3 3 3 -1 -1 -1 2 2 
4 2 3 -1 -1 2 -1 3 1 3 3 3 -1 4 -1 -1 -1 4 2 2 
-1 2 -1 4 4 -1 1 1 3 3 3 3 3 3 -1 -1 -1 4 1 1 
1 4 -1 4 4 3 3 3 3 1 3 3 3 4 1 1 4 4 1 1 
-1 -1 1 1 1 -1 3 3 3 3 1 1 -1 4 1 1 4 1 1 4 
4 4 -1 1 2 -1 -1 1 1 1 1 1 1 1 4 4 1 4 4 1 
4 4 1 4 4 -1 -1 1 1 1 1 1 1 1 1 -1 1 1 1 -1 
1 1 4 4 4 4 1 -1 1 1 1 1 1 4 -1 1 1 1 1 1 
-1 1 1 2 3 3 3 2 6 3 6 3 1 1 1 1 1 -1 1 1 
-1 1 1 3 3 3 3 3 2 6 3 6 -1 1 1 1 1 -1 -1 -1 
-1 1 1 2 3 3 -1 2 2 2 6 3 4 1 1 4 -1 4 -1 -1 
1 1 1 -1 3 3 -1 3 3 3 2 3 4 1 4 -1 4 4 4 1 
1 1 1 1 1 -1 3 3 -1 -1 3 2 -1 -1 -1 -1 -1 4 -1 3 
3 1 3 3 1 3 3 3 2 -1 2 -1 -1 -1 -1 -1 -1 4 -1 4 
3 3 -1 3 3 2 3 2 2 -1 -1 2 4 -1 -1 -1 4 4 4 4 
2 3 3 -1 3 -1 2 3 2 2 -1 4 1 1 1 1 4 -1 4 2 
2 2 2 -1 3 2 -1 2 2 2 -1 -1 1 1 1 4 4 4 -1 2 
3 3 3 3 3 -1 4 2 2 1 1 1 1 1 4 -1 -1 4 2 2 
2 3 3 2 2 4 2 4 4 1 1 1 3 1 4 -1 4 -1 4 2 
2 -1 3 3 -1 2 2 2 2 -1 1 1 1 1 1 -1 4 4 2 2 
-1 3 3 -1 -1 4 4 4 2 -1 1 1 1 1 1 1 4 4 4 -1 
-1 -1 -1 4 4 4 4 4 4 4 4 3 3 3 1 4 4 4 4 4 
2 2 -1 4 4 -1 4 4 4 4 2 3 3 3 4 4 -1 4 2 4 
2 2 -1 4 -1 4 4 4 -1 2 3 2 3 2 3 -1 3 4 4 2 
-1 4 4 4 4 -1 4 3 4 -1 3 3 2 2 3 3 4 4 4 4 
4 -1 4 -1 4 -1 3 4 3 6 6 3 1 1 1 1 1 4 1 1 
4 4 4 9 4 -1 -1 3 3 3 6 1 -1 1 1 1 1 1 -1 -1 
-1 4 1 9 -1 -1 3 2 3 3 6 -1 3 1 1 1 1 1 1 1 
-1 3 3 1 4 1 4 4 1 1 1 1 1 1 1 2 4 3 3 -1 
2 2 1 -1 -1 3 1 4 4 1 1 1 1 1 4 1 4 3 2 -1 
-1 1 2 3 3 1 1 -1 1 1 1 1 1 1 1 -1 4 4 1 2 
3 1 2 3 3 1 1 1 1 1 1 1 1 3 1 1 3 1 3 3 
3 2 2 1 -1 3 1 1 1 -1 1 1 1 1 -1 3 3 3 3 3 
-1 3 1 1 1 1 1 1 -1 4 -1 -1 2 2 2 3 1 1 1 4 
-1 3 -1 1 1 1 -1 1 1 2 2 -1 2 2 -1 2 1 1 -1 4 
3 3 4 3 3 1 1 1 1 -1 -1 2 4 2 2 2 1 -1 2 4 
3 1 1 4 -1 3 3 1 1 4 4 4 2 2 -1 2 -1 2 2 -1 
1 1 1 1 3 3 3 -1 4 1 4 1 2 2 2 -1 -1 -1 2 1 
1 4 1 1 3 3 1 3 3 3 1 1 2 2 2 4 1 1 1 1 
4 1 1 3 3 3 3 3 -1 4 1 2 2 -1 -1 2 2 1 1 -1 
1 -1 -1 3 1 3 3 3 -1 4 4 2 2 2 4 4 4 2 -1 1 
1 1 -1 1 3 3 3 3 4 4 2 4 4 -1 4 4 -1 -1 1 1 
1 1 1 1 1 3 3 3 4 2 2 2 4 4 4 1 4 2 1 1 
1 -1 1 1 -1 3 4 4 2 2 2 -1 2 4 -1 1 1 1 1 1 
4 -1 -1 4 2 4 -1 4 1 1 2 2 -1 -1 1 1 1 1 -1 4 
4 -1 4 4 4 2 2 1 1 2 1 1 1 1 1 1 2 1 -1 4 
-1 -1 4 4 4 -1 4 -1 1 1 1 1 1 1 1 1 1 2 -1 -1 
3 3 -1 1 4 4 4 -1 1 1 1 1 1 1 1 4 1 4 4 3 
2 2 2 2 2 -1 -1 1 1 -1 2 1 1 1 1 -1 1 1 1 3 
2 -1 -1 2 2 -1 -1 -1 1 -1 2 2 1 1 1 1 -1 -1 -1 2 
2 2 2 2 -1 2 -1 -1 -1 -1 2 1 1 1 1 -1 1 -1 1 2 
2 2 2 2 2 -1 -1 2 -1 -1 1 1 1 -1 -1 -1 -1 1 1 2 
2 2 2 2 -1 -1 2 -1 2 -1 -1 -1 -1 -1 2 2 1 1 1 2 
-1 1 2 2 2 -1 -1 -1 -1 -1 -1 -1 -1 -1 -1 1 1 -1 1 2 
4 1 2 4 -1 -1 -1 -1 -1 -1 -1 -1 -1 -1 -1 1 1 1 4 4 
1 1 1 4 -1 -1 -1 -1 -1 -1 -1 -1 3 3 3 1 1 -1 4 4 
4 1 1 4 -1 -1 -1 -1 -1 2 -1 2 3 1 2 1 1 2 2 -1 
1 1 -1 2 2 -1 4 -1 2 4 2 2 2 1 3 1 1 2 -1 2 
1 -1 -1 2 2 4 -1 1 2 32 2 2 3 2 3 1 1 1 1 -1 
1 2 2 2 2 -1 1 1 1 1 2 3 3 3 2 1 -1 -1 -1 2 
2 2 2 2 2 2 -1 -1 4 2 3 3 3 2 2 -1 -1 -1 -1 2 
2 2 2 2 1 1 -1 1 9 9 1 3 3 2 6 -1 -1 -1 -1 3 
2 2 1 -1 1 1 2 1 1 1 2 -1 1 1 6 -1 -1 -1 3 3 
2 -1 1 -1 1 1 1 2 -1 3 2 2 1 1 2 2 -1 -1 3 -1 
2 1 -1 1 -1 1 2 1 1 -1 3 -1 2 2 -1 6 2 3 -1 -1 
-1 3 1 -1 -1 -1 2 1 3 1 -1 1 1 1 1 2 2 3 3 -1 
2 -1 2 2 -1 2 2 2 2 2 1 1 1 1 1 -1 2 2 2 3 
3 3 2 2 2 2 2 -1 3 2 2 1 1 1 1 1 1 2 1 3 
-1 -1 1 1 1 1 1 2 2 1 1 1 1 2 2 -1 2 -1 -1 1 
1 1 1 1 1 1 2 2 2 -1 1 1 1 2 2 -1 2 -1 -1 -1 
1 1 1 -1 1 1 -1 2 -1 -1 1 1 2 2 -1 -1 -1 2 -1 1 
1 1 1 1 1 4 4 2 -1 -1 1 1 -1 -1 -1 -1 -1 2 -1 -1 
1 1 -1 1 1 1 4 -1 -1 -1 2 -1 -1 -1 -1 2 -1 -1 1 1 
1 1 1 1 1 1 -1 -1 -1 -1 -1 -1 -1 -1 -1 2 1 1 1 1 
1 1 1 1 1 1 -1 -1 -1 -1 -1 -1 -1 -1 -1 -1 -1 1 2 2 
-1 1 1 1 1 -1 1 -1 -1 -1 -1 -1 -1 1 -1 -1 1 -1 -1 -1 
1 -1 -1 1 -1 1 1 1 -1 -1 -1 -1 -1 1 1 2 2 -1 2 1 
-1 1 2 1 1 1 1 2 2 -1 -1 -1 -1 -1 1 1 2 2 2 -1 
1 -1 2 2 -1 2 2 1 2 -1 -1 -1 -1 -1 1 1 2 2 -1 -1 
3 1 1 1 1 2 2 2 -1 -1 -1 -1 1 -1 1 1 2 2 2 -1 
1 -1 1 1 2 1 -1 1 1 -1 4 4 1 1 1 1 1 -1 1 2 
2 1 1 2 1 -1 1 1 -1 -1 -1 4 1 1 1 -1 1 2 3 3 
-1 -1 1 1 1 1 1 1 1 -1 -1 1 1 1 1 -1 -1 2 -1 1 
1 1 1 1 -1 1 1 1 1 1 -1 -1 1 4 -1 -1 1 1 -1 2 
1 1 2 -1 -1 1 1 1 1 1 1 1 -1 -1 2 -1 1 1 1 1 
1 2 2 2 1 2 1 -1 4 1 -1 -1 -1 -1 -1 2 -1 1 1 1 
1 1 1 1 1 1 2 1 1 1 1 2 2 -1 2 2 1 1 1 1 
1 1 1 -1 1 1 1 2 1 1 1 1 -1 -1 2 2 -1 1 -1 1 
-1 -1 -1 1 1 1 -1 1 1 -1 -1 -1 -1 -1 1 -1 1 1 1 1 
-1 -1 2 2 -1 1 -1 -1 -1 1 -1 -1 -1 1 -1 -1 -1 1 1 1 
1 -1 -1 -1 -1 1 4 4 -1 4 1 -1 -1 1 1 1 1 1 1 -1 
-1 -1 -1 -1 1 -1 4 4 2 2 4 -1 1 1 1 1 1 1 -1 -1 
-1 -1 -1 1 1 -1 2 2 4 4 -1 -1 1 1 1 1 1 -1 -1 -1 
1 -1 -1 -1 -1 1 1 2 -1 4 -1 -1 -1 -1 1 1 -1 -1 -1 1 
2 -1 -1 -1 -1 -1 1 4 4 4 4 -1 -1 -1 -1 1 1 1 1 1 
2 -1 2 1 1 1 1 4 4 1 1 1 -1 1 -1 -1 1 2 1 2 
2 2 -1 1 1 4 4 1 4 4 1 1 1 1 -1 1 -1 1 2 2 
2 2 -1 -1 1 4 4 4 4 -1 1 1 1 -1 1 -1 1 1 2 2 
2 -1 2 1 1 -1 4 4 -1 -1 1 1 -1 -1 -1 1 -1 1 1 2 
-1 -1 1 1 -1 1 -1 -1 -1 1 -1 -1 1 -1 -1 1 1 -1 1 2 
2 2 1 1 1 -1 -1 -1 -1 -1 -1 -1 -1 1 1 1 1 1 -1 -1 
2 -1 2 1 -1 -1 -1 1 -1 -1 -1 -1 1 1 1 1 -1 1 -1 -1 
2 2 -1 2 -1 -1 1 -1 1 -1 -1 -1 -1 3 2 1 1 1 -1 -1 
-1 -1 -1 1 1 -1 -1 1 -1 2 -1 2 3 2 -1 2 1 1 1 2 
1 -1 -1 -1 1 4 -1 1 1 1 1 2 2 -1 3 1 -1 1 -1 -1 
4 -1 -1 1 1 4 1 1 2 1 -1 2 -1 3 -1 3 1 1 -1 1 
4 4 1 1 1 1 1 1 1 1 -1 -1 -1 -1 1 1 1 1 1 1 
1 -1 1 -1 1 -1 1 1 1 -1 -1 -1 -1 -1 -1 1 1 1 1 1 
1 1 1 -1 1 -1 1 -1 40 40 -1 -1 1 1 1 1 1 -1 -1 -1 
1 1 8 1 -1 1 -1 40 40 40 -1 1 1 1 -1 -1 -1 -1 -1 8 
1 1 -1 8 -1 -1 -1 -1 -1 -1 -1 -1 -1 -1 -1 -1 -1 -1 8 1 
1 1 -1 -1 -1 -1 -1 -1 -1 -1 -1 -1 -1 -1 -1 -1 -1 -1 -1 -1 
1 1 1 -1 -1 -1 -1 -1 -1 -1 -1 1 1 -1 -1 1 -1 -1 -1 1 
3 -1 1 -1 -1 -1 -1 -1 3 -1 -1 1 -1 1 1 -1 -1 -1 -1 -1 
3 3 1 -1 -1 -1 -1 -1 3 3 -1 -1 1 -1 2 -1 -1 -1 1 -1 
2 1 1 -1 -1 -1 -1 -1 -1 -1 -1 -1 -1 -1 -1 -1 -1 1 1 1 
1 1 -1 -1 -1 -1 -1 -1 -1 -1 1 -1 -1 -1 -1 -1 1 1 1 -1 
1 1 -1 1 2 -1 1 -1 2 2 1 1 1 -1 1 1 1 1 1 1 
1 -1 1 2 -1 2 2 1 1 1 1 1 -1 -1 -1 1 1 1 1 1 
1 1 1 -1 1 1 1 1 1 1 1 1 -1 1 -1 -1 1 1 1 1 
1 1 1 1 1 2 1 1 1 -1 -1 1 1 -1 1 -1 40 -1 1 1 
-1 -1 1 -1 -1 -1 2 1 -1 40 40 -1 1 1 1 1 -1 -1 -1 1 
-1 -1 -1 -1 -1 -1 -1 1 1 2 2 1 -1 1 1 -1 40 40 40 -1 
-1 -1 -1 -1 -1 -1 -1 1 1 1 1 1 1 1 1 1 -1 40 40 -1 
1 -1 -1 -1 -1 -1 -1 1 1 1 40 40 40 1 -1 -1 -1 1 -1 -1 
-1 -1 -1 -1 -1 1 1 1 1 1 1 40 40 40 1 -1 -1 -1 1 -1 
-1 1 -1 -1 -1 1 1 40 1 1 1 1 40 1 -1 1 -1 -1 -1 -1 
1 -1 -1 1 -1 1 -1 -1 1 -1 -1 1 1 -1 1 1 40 -1 -1 -1 
-1 -1 10 8 1 8 -1 -1 40 40 40 40 1 1 -1 10 1 1 1 1 
1 -1 8 10 8 1 -1 40 40 40 40 40 40 -1 1 -1 10 1 1 10 
1 1 1 10 10 1 -1 40 40 40 40 40 10 -1 8 -1 -1 10 10 -1 
-1 -1 8 8 1 1 1 40 40 1 1 40 40 8 8 -1 10 10 -1 1 
1 40 40 10 1 -1 40 40 1 1 40 -1 40 -1 -1 8 8 40 -1 40 
40 40 40 1 2 40 40 40 40 40 2 40 -1 40 40 40 40 -1 40 2 
40 40 40 -1 2 2 40 2 40 40 2 2 40 2 40 40 1 40 40 1 
40 40 10 2 2 2 2 1 1 40 1 40 2 -1 40 40 1 1 40 1 
40 40 1 1 41 40 8 -1 40 40 40 1 2 40 -1 40 -1 1 1 40 
40 40 -1 1 41 41 41 2 -1 40 2 2 1 2 40 -1 1 1 1 -1 
40 40 1 41 -1 -1 41 2 -1 -1 -1 2 -1 2 -1 40 1 1 -1 40 
41 1 1 1 -1 -1 2 2 -1 -1 -1 -1 2 1 1 1 1 2 2 2 
41 41 1 2 1 2 2 -1 -1 40 40 40 40 1 1 1 -1 2 2 2 
40 -1 2 -1 2 -1 -1 -1 -1 40 -1 2 2 1 -1 1 1 -1 -1 -1 
40 2 41 41 1 41 -1 -1 40 40 -1 40 2 2 1 1 1 -1 -1 -1 
41 41 1 1 41 1 -1 -1 40 8 40 40 2 1 1 1 1 1 1 10 
10 41 2 -1 1 1 1 40 40 -1 40 -1 1 1 1 3 1 1 1 -1 
10 -1 2 -1 1 -1 40 -1 -1 -1 -1 1 1 1 10 8 3 3 -1 -1 
1 10 8 8 1 1 -1 -1 -1 -1 -1 -1 1 8 10 1 1 1 -1 1 
1 10 10 8 1 -1 -1 -1 -1 40 -1 -1 1 1 2 1 1 1 10 1 
-1 40 10 10 -1 10 40 1 2 40 2 2 2 2 1 32 40 1 10 10 
10 40 8 8 8 10 1 1 3 3 2 1 2 -1 2 32 -1 40 40 10 
8 8 -1 -1 8 3 -1 -1 1 1 1 2 2 2 -1 -1 40 40 40 -1 
40 10 10 -1 40 -1 8 10 3 10 2 2 2 2 -1 2 40 40 40 40 
-1 40 10 10 40 1 1 1 10 10 2 8 2 2 2 2 40 1 -1 40 
40 40 40 10 40 1 1 8 1 10 10 10 2 2 2 2 1 -1 -1 40 
40 -1 40 40 1 1 40 8 40 -1 10 10 10 2 40 8 2 -1 1 10 
10 -1 1 -1 1 1 1 40 40 6 -1 10 -1 10 -1 8 -1 2 -1 1 
8 40 1 1 40 -1 40 6 40 6 40 40 10 8 8 1 -1 1 1 8 
1 -1 1 8 8 8 40 40 40 40 40 40 40 10 10 -1 1 2 1 8 
-1 -1 40 40 8 8 -1 40 -1 -1 -1 2 1 10 2 2 40 1 -1 1 
40 8 -1 40 -1 -1 -1 -1 -1 -1 2 1 -1 2 2 2 40 -1 1 1 
40 40 8 -1 -1 -1 -1 -1 -1 2 2 2 2 2 2 2 40 40 40 40 
8 8 40 -1 8 -1 -1 -1 1 2 2 -1 2 2 2 40 40 40 40 -1 
8 8 8 -1 8 -1 -1 -1 1 2 2 -1 2 2 1 10 2 -1 8 8 
8 8 40 8 40 -1 -1 -1 1 1 2 2 2 8 1 40 -1 2 8 8 
8 8 -1 40 8 -1 -1 8 -1 1 2 -1 10 10 -1 -1 -1 1 2 8 
8 10 40 8 10 10 10 -1 -1 2 1 1 2 2 1 10 1 1 1 1 
10 8 40 40 10 10 8 -1 40 -1 10 -1 -1 2 1 10 1 -1 1 -1 
8 10 8 40 -1 -1 -1 40 40 10 2 2 1 1 40 40 40 1 10 -1 
-1 -1 -1 8 8 -1 -1 -1 -1 40 40 -1 8 8 8 -1 8 -1 8 10 
40 -1 -1 40 -1 -1 -1 40 -1 40 40 8 8 8 2 8 -1 8 1 -1 
-1 40 40 40 -1 -1 -1 -1 40 40 8 -1 8 8 2 8 -1 1 1 -1 
8 8 8 9 9 -1 -1 40 40 40 40 8 8 40 8 -1 -1 -1 -1 -1 
-1 8 9 -1 9 -1 40 -1 -1 1 40 2 2 8 8 -1 -1 -1 -1 8 
10 8 9 9 -1 -1 -1 -1 1 2 -1 40 8 8 8 8 -1 -1 10 8 
8 9 9 2 -1 -1 -1 -1 -1 3 -1 40 8 8 8 -1 -1 10 8 9 
8 3 3 3 -1 -1 2 2 -1 3 -1 40 -1 -1 -1 -1 -1 -1 9 8 
8 3 2 3 3 -1 -1 2 2 -1 -1 -1 -1 -1 -1 -1 -1 -1 8 8 
8 2 -1 -1 -1 -1 -1 2 2 -1 10 -1 -1 8 8 8 -1 8 8 9 
2 8 2 -1 -1 -1 2 -1 -1 -1 10 -1 -1 8 8 8 -1 8 8 8 
8 8 -1 2 -1 -1 8 8 -1 1 -1 -1 8 8 -1 8 -1 -1 8 8 
2 8 -1 -1 -1 -1 8 8 8 8 -1 8 8 8 8 8 8 -1 -1 -1 
8 2 8 1 2 8 -1 8 8 8 8 8 8 8 8 8 8 8 -1 9 
9 2 2 1 1 9 8 8 -1 10 8 8 3 3 1 40 8 8 8 2 
2 2 2 2 1 9 -1 8 10 -1 8 8 3 8 8 40 8 8 8 8 
8 2 2 2 2 -1 -1 8 8 10 8 8 10 1 10 1 8 8 8 8 
10 8 2 2 -1 2 -1 -1 8 8 10 2 8 10 10 8 8 10 40 10 
9 9 2 2 -1 -1 -1 -1 -1 -1 8 8 10 10 -1 -1 10 8 8 10 
8 -1 2 2 8 -1 -1 -1 -1 -1 8 -1 8 8 -1 10 -1 8 8 8 
1 -1 8 8 -1 -1 1 -1 -1 1 1 -1 -1 -1 -1 -1 -1 -1 -1 9 
9 -1 -1 8 -1 -1 -1 1 1 1 1 -1 -1 -1 -1 -1 -1 -1 -1 -1 
-1 -1 -1 -1 -1 1 1 1 1 1 -1 -1 1 1 -1 -1 -1 -1 -1 -1 
-1 -1 -1 2 -1 -1 1 1 -1 1 1 1 1 10 8 -1 -1 -1 2 2 
2 -1 2 -1 8 -1 -1 1 1 1 1 -1 1 8 -1 -1 -1 2 -1 2 
2 2 -1 8 -1 8 1 1 1 1 1 1 1 8 -1 2 -1 2 2 2 
-1 1 -1 -1 -1 -1 1 1 1 -1 1 1 1 1 -1 2 -1 2 -1 -1 
1 -1 1 -1 -1 1 1 1 -1 1 1 1 1 -1 -1 -1 2 2 1 -1 
1 1 1 -1 1 -1 -1 1 -1 -1 1 1 1 -1 -1 -1 -1 -1 -1 1 
-1 1 1 1 -1 1 1 -1 -1 -1 -1 -1 -1 1 1 1 -1 -1 -1 -1 
-1 9 1 8 1 1 1 1 -1 -1 1 1 -1 -1 1 9 9 2 -1 -1 
9 -1 -1 8 -1 1 -1 -1 -1 -1 -1 -1 1 1 1 -1 9 9 9 -1 
8 9 8 10 1 8 -1 8 -1 8 -1 -1 1 1 1 1 -1 9 9 8 
8 8 8 10 8 10 8 8 8 -1 -1 -1 -1 1 1 2 2 9 9 8 
9 8 8 9 9 10 10 8 -1 -1 -1 -1 -1 2 -1 2 8 8 9 10 
8 8 8 8 8 8 -1 10 -1 9 1 9 2 2 -1 8 8 8 8 8 
8 8 8 9 8 8 8 9 9 -1 9 9 -1 2 -1 -1 1 8 8 8 
8 8 -1 10 8 8 9 -1 -1 9 9 9 -1 -1 -1 -1 -1 -1 8 8 
10 8 2 -1 10 1 1 -1 -1 -1 9 1 -1 -1 -1 -1 -1 -1 -1 10 
-1 8 -1 2 1 -1 1 -1 -1 1 1 -1 9 -1 -1 -1 -1 -1 -1 -1 
-1 -1 -1 -1 -1 2 -1 -1 -1 1 1 1 1 1 -1 1 1 1 1 -1 
-1 -1 -1 -1 -1 -1 2 -1 8 1 1 1 1 1 -1 1 -1 1 -1 1 
-1 -1 -1 -1 -1 2 -1 -1 8 -1 1 -1 -1 -1 -1 1 1 1 1 -1 
-1 2 2 -1 -1 -1 -1 8 -1 -1 1 -1 -1 1 -1 -1 -1 1 1 -1 
2 2 -1 -1 -1 8 8 8 -1 -1 1 1 1 -1 -1 -1 1 -1 -1 -1 
2 2 -1 -1 -1 -1 8 8 -1 -1 -1 1 -1 1 -1 -1 -1 -1 -1 2 
2 -1 34 -1 -1 2 -1 2 2 -1 -1 1 -1 -1 -1 -1 -1 -1 -1 2 
2 2 -1 2 -1 -1 2 2 -1 -1 -1 -1 -1 -1 -1 -1 1 -1 2 2 
-1 -1 -1 -1 -1 -1 -1 -1 -1 8 -1 -1 -1 -1 -1 1 -1 -1 -1 -1 
-1 -1 -1 -1 -1 -1 -1 -1 -1 -1 8 -1 -1 -1 -1 -1 -1 -1 -1 -1 
-1 -1 -1 -1 -1 -1 -1 -1 -1 -1 -1 -1 1 -1 -1 -1 -1 -1 -1 -1 
-1 -1 -1 -1 -1 -1 2 2 -1 -1 10 -1 -1 1 -1 1 1 -1 -1 -1 
-1 3 -1 -1 -1 2 -1 -1 -1 -1 2 -1 -1 -1 1 1 1 -1 -1 -1 
3 -1 -1 -1 -1 2 -1 -1 -1 -1 -1 -1 -1 -1 -1 1 -1 9 9 -1 
3 3 1 -1 -1 -1 2 2 -1 -1 -1 1 1 -1 1 1 1 -1 9 3 
-1 3 -1 -1 -1 2 -1 2 -1 -1 -1 1 1 1 1 1 1 1 -1 -1 
-1 3 -1 2 -1 -1 -1 -1 -1 -1 1 1 -1 1 -1 1 1 -1 -1 -1 
2 2 2 2 -1 -1 -1 -1 -1 -1 -1 -1 1 -1 -1 1 1 1 1 -1 
2 2 2 2 -1 -1 -1 -1 -1 -1 -1 -1 -1 -1 1 1 1 1 1 2 
-1 -1 2 -1 -1 -1 -1 -1 -1 1 1 1 1 1 1 1 1 1 2 -1 
-1 -1 -1 -1 -1 -1 -1 -1 -1 -1 -1 -1 -1 -1 -1 -1 -1 -1 -1 -1 
-1 -1 -1 -1 -1 -1 -1 -1 -1 -1 -1 2 -1 -1 -1 -1 1 -1 -1 -1 
-1 -1 -1 -1 -1 -1 -1 -1 -1 -1 -1 1 1 1 1 1 1 1 1 -1 
-1 -1 -1 -1 2 1 -1 -1 -1 -1 2 2 -1 -1 1 1 1 1 1 -1 
-1 -1 -1 -1 -1 -1 -1 -1 -1 -1 -1 -1 -1 -1 1 1 1 1 1 1 
-1 -1 -1 -1 -1 -1 -1 -1 -1 2 -1 -1 -1 -1 1 1 1 1 -1 -1 
-1 -1 -1 -1 -1 -1 -1 -1 -1 -1 -1 -1 -1 1 1 1 -1 1 1 -1 
1 -1 -1 -1 -1 -1 -1 -1 -1 -1 1 1 1 1 2 1 1 1 1 -1 
1 1 -1 -1 -1 -1 -1 -1 -1 -1 1 -1 2 2 2 1 1 1 1 -1 
2 1 1 -1 -1 -1 -1 -1 1 1 -1 -1 2 1 2 2 -1 1 2 -1 
2 1 -1 -1 -1 -1 -1 -1 -1 -1 1 2 -1 2 2 -1 1 1 -1 2 
2 1 -1 -1 -1 -1 -1 -1 -1 -1 2 2 2 2 2 2 -1 -1 3 2 
2 2 2 -1 -1 -1 -1 -1 -1 -1 2 2 2 2 2 -1 -1 -1 -1 2 
2 -1 2 -1 -1 1 -1 -1 -1 -1 2 2 -1 2 2 1 2 2 2 2 
2 2 -1 2 -1 -1 1 -1 -1 -1 2 -1 -1 2 2 2 2 2 2 -1 
-1 2 2 -1 -1 -1 -1 -1 -1 -1 2 2 2 2 -1 2 1 1 1 1 
-1 2 1 -1 2 2 -1 -1 -1 -1 -1 -1 2 -1 -1 1 1 -1 1 1 
-1 2 1 -1 2 2 -1 -1 -1 -1 -1 -1 -1 -1 -1 -1 -1 1 1 1 
1 -1 -1 -1 -1 2 -1 -1 -1 -1 -1 -1 -1 -1 -1 -1 -1 1 1 -1 
1 -1 -1 -1 -1 -1 -1 -1 -1 -1 -1 -1 -1 -1 -1 -1 -1 -1 -1 -1 
-1 -1 -1 -1 -1 -1 2 -1 1 1 1 -1 -1 -1 1 1 1 -1 -1 -1 
-1 -1 -1 2 -1 2 -1 2 1 1 1 -1 -1 1 1 1 -1 -1 2 2 
2 2 2 2 1 -1 2 1 2 1 1 1 -1 -1 -1 -1 -1 -1 -1 2 
2 -1 2 2 2 2 1 1 1 1 1 1 1 -1 10 1 2 2 10 2 
2 2 2 -1 2 2 2 1 1 -1 -1 -1 1 -1 10 1 2 -1 10 2 
2 2 2 -1 2 2 1 1 -1 -1 -1 1 1 -1 -1 10 10 -1 10 2 
-1 2 2 2 2 2 2 2 -1 1 -1 1 -1 10 10 10 -1 -1 10 -1 
-1 2 2 2 2 2 2 -1 2 1 1 1 -1 -1 -1 -1 -1 -1 -1 10 
10 2 2 2 2 -1 -1 -1 2 2 1 -1 -1 -1 -1 -1 3 3 -1 -1 
-1 2 2 2 2 -1 -1 -1 -1 -1 -1 -1 -1 -1 -1 3 3 -1 -1 -1 
-1 2 2 -1 2 -1 -1 -1 -1 -1 -1 -1 -1 -1 3 3 3 -1 -1 -1 
-1 -1 -1 -1 -1 -1 -1 -1 -1 1 -1 -1 -1 -1 -1 3 3 -1 -1 -1 
-1 2 2 2 2 -1 2 2 2 -1 1 -1 2 2 2 -1 3 -1 -1 -1 
2 2 2 2 2 -1 -1 2 2 -1 -1 -1 -1 2 2 -1 -1 -1 -1 -1 
-1 2 2 2 2 2 -1 -1 2 2 1 1 -1 -1 -1 -1 -1 -1 -1 -1 
-1 2 2 -1 -1 -1 -1 -1 -1 2 -1 1 1 -1 -1 -1 -1 -1 -1 -1 
2 2 2 -1 -1 -1 -1 1 1 -1 -1 1 -1 -1 -1 -1 -1 -1 -1 -1 
-1 2 -1 -1 -1 -1 1 1 -1 -1 -1 -1 -1 -1 -1 -1 -1 -1 -1 -1 
-1 -1 -1 -1 -1 -1 -1 -1 -1 -1 -1 -1 -1 -1 -1 -1 -1 -1 -1 -1 
-1 -1 -1 -1 -1 -1 -1 -1 1 1 1 1 -1 -1 -1 -1 -1 -1 -1 -1 
-1 1 5 -1 6 -1 -1 2 2 2 2 2 1 -1 -1 -1 -1 -1 -1 1 
1 -1 -1 5 5 -1 -1 -1 -1 -1 2 -1 1 1 -1 -1 -1 -1 -1 1 
-1 -1 -1 -1 -1 -1 1 -1 -1 1 1 1 1 1 -1 1 1 -1 -1 -1 
-1 -1 -1 -1 -1 -1 -1 1 -1 1 -1 -1 -1 2 1 1 1 1 -1 -1 
-1 -1 -1 -1 10 10 -1 -1 1 -1 -1 -1 2 2 2 2 1 -1 1 1 
1 -1 -1 -1 -1 -1 -1 -1 -1 1 -1 -1 9 2 2 -1 2 1 1 1 
1 1 -1 -1 -1 -1 -1 -1 8 -1 8 1 8 10 2 2 2 1 1 1 
1 1 1 4 -1 -1 1 -1 8 8 -1 10 1 10 1 1 2 2 2 1 
1 2 -1 4 -1 -1 1 8 8 8 8 10 2 8 -1 -1 2 2 -1 -1 
2 1 4 4 -1 1 1 1 -1 8 10 10 2 2 -1 8 10 2 10 4 
-1 -1 2 4 -1 1 1 1 -1 -1 -1 -1 -1 -1 -1 2 8 2 2 2 
-1 4 2 4 1 1 -1 1 -1 -1 -1 -1 -1 -1 2 -1 -1 8 2 -1 
32 -1 4 2 4 1 -1 -1 1 2 1 -1 -1 -1 -1 1 1 -1 2 32 
-1 -1 -1 2 1 -1 -1 1 -1 1 1 1 -1 1 1 1 1 1 -1 32 
-1 -1 -1 1 1 -1 -1 1 1 1 2 -1 1 -1 -1 -1 -1 -1 -1 32 
-1 -1 -1 1 1 -1 1 1 1 1 -1 -1 -1 -1 -1 -1 -1 -1 -1 -1 
-1 4 8 -1 -1 -1 -1 -1 -1 -1 -1 -1 -1 -1 -1 -1 -1 -1 -1 -1 
-1 4 6 8 6 -1 -1 -1 1 -1 -1 -1 -1 -1 -1 -1 -1 -1 -1 -1 
-1 4 -1 6 -1 -1 1 2 1 -1 -1 -1 -1 -1 -1 1 -1 -1 1 -1 
1 -1 4 6 6 2 -1 2 2 -1 -1 2 -1 -1 1 -1 -1 1 -1 1 
2 -1 -1 -1 -1 1 1 2 2 -1 2 2 -1 8 8 2 2 2 2 -1 
2 -1 -1 -1 2 2 2 2 2 2 -1 2 2 8 2 2 2 2 2 8 
-1 2 -1 2 2 2 2 2 2 2 2 2 -1 8 -1 2 -1 2 8 -1 
1 -1 2 2 6 1 1 2 2 2 2 8 8 8 2 2 2 2 2 -1 
1 1 2 -1 2 6 2 2 2 -1 -1 2 8 8 2 2 2 2 1 1 
1 2 2 -1 6 2 2 2 2 2 2 8 2 2 2 -1 2 2 -1 1 
-1 -1 1 -1 -1 2 2 2 2 2 -1 2 -1 2 2 -1 2 2 2 -1 
2 2 2 1 2 2 2 2 8 8 2 2 2 2 -1 2 2 2 2 2 
2 2 2 2 2 2 2 2 2 8 8 2 2 2 2 2 2 2 2 2 
2 2 2 2 -1 2 2 8 8 1 2 8 2 -1 2 2 -1 2 2 2 
-1 2 2 -1 -1 -1 -1 8 8 8 2 2 8 2 -1 2 2 2 2 -1 
-1 1 1 -1 -1 -1 2 8 8 8 8 -1 1 8 2 1 2 2 -1 2 
2 -1 -1 -1 -1 2 2 8 8 8 8 2 8 2 1 1 1 -1 2 2 
2 -1 -1 -1 -1 2 8 8 2 8 9 8 2 1 2 2 1 1 -1 1 
-1 2 -1 1 2 2 1 2 2 8 9 8 1 -1 -1 1 1 -1 2 2 
2 2 -1 1 2 1 1 -1 2 2 2 -1 -1 -1 -1 -1 2 2 2 2 
2 2 -1 2 2 1 1 -1 8 2 -1 -1 -1 -1 8 2 2 2 2 2 
2 2 2 8 2 2 2 1 1 1 2 -1 -1 -1 2 2 2 2 -1 2 
-1 8 8 2 8 2 -1 -1 1 -1 -1 -1 -1 -1 2 2 2 -1 -1 -1 
8 -1 -1 2 2 2 2 1 2 2 -1 -1 -1 8 2 -1 -1 2 2 2 
2 1 -1 2 2 2 2 2 6 6 6 6 2 2 8 8 8 9 8 1 
1 -1 2 3 3 2 2 2 8 8 6 -1 3 -1 8 4 -1 8 9 2 
1 -1 2 -1 1 2 2 2 8 8 8 3 2 4 4 -1 8 8 8 2 
-1 2 2 -1 1 2 2 6 8 8 4 4 6 2 3 4 4 8 8 1 
1 1 -1 8 3 2 2 2 1 6 2 6 2 6 4 8 8 8 8 1 
1 1 1 -1 3 -1 -1 -1 2 2 6 -1 6 2 8 8 8 8 8 8 
-1 1 1 -1 -1 -1 -1 -1 2 2 2 2 2 2 2 8 8 8 8 8 
-1 -1 -1 2 2 2 2 2 2 2 2 2 2 2 2 -1 8 8 8 8 
-1 -1 2 2 2 2 2 2 2 2 2 8 8 2 -1 8 8 8 8 8 
8 -1 2 2 2 -1 2 2 2 2 2 2 8 8 8 8 8 -1 1 -1 
-1 2 2 2 2 2 2 2 2 2 2 2 8 8 8 8 8 8 1 8 
8 2 2 2 2 2 -1 -1 2 2 2 9 9 8 8 8 9 1 8 8 
2 2 2 2 -1 2 2 2 2 2 2 2 2 8 -1 8 8 1 -1 8 
8 8 2 2 2 2 2 2 2 8 8 8 -1 2 -1 8 8 8 8 8 
8 2 2 2 2 2 2 2 8 8 8 9 -1 8 -1 8 8 8 8 9 
8 2 2 2 2 2 2 8 8 8 8 8 8 8 8 8 8 8 8 9 
1 2 2 2 2 2 2 2 2 2 8 8 8 8 8 8 1 8 9 9 
2 9 2 2 2 2 8 2 2 8 2 8 8 8 8 1 8 1 -1 2 
2 1 1 1 2 2 2 2 2 2 8 8 8 8 8 8 8 1 1 2 
2 2 1 2 2 2 2 2 6 8 8 2 2 8 8 8 8 8 8 2 
8 8 8 2 3 3 3 3 3 3 3 -1 -1 3 3 2 8 3 -1 -1 
3 8 8 3 3 3 8 -1 3 3 2 3 3 2 3 -1 2 2 -1 8 
8 -1 -1 -1 2 2 -1 1 1 2 3 3 3 3 2 -1 2 8 8 8 
8 -1 8 2 8 3 3 -1 1 3 3 3 1 3 2 2 8 8 8 -1 
1 -1 3 2 2 8 8 2 3 2 3 1 1 2 2 2 3 8 8 8 
3 2 -1 2 8 8 8 2 3 -1 1 1 -1 2 1 -1 2 2 8 1 
2 2 2 8 8 2 2 8 8 8 -1 1 -1 1 1 2 3 3 -1 3 
2 -1 -1 -1 8 -1 3 3 8 8 8 8 -1 2 8 2 8 -1 2 3 
2 2 8 8 -1 3 2 8 8 8 -1 -1 8 8 8 2 -1 1 2 2 
8 8 8 8 8 3 3 3 8 1 1 1 1 8 2 8 3 1 1 1 
-1 8 2 8 -1 8 8 -1 8 1 1 1 1 1 8 -1 1 1 -1 -1 
8 1 1 3 8 -1 8 -1 -1 1 1 1 1 8 8 8 8 1 8 2 
3 2 3 1 1 8 8 8 8 -1 1 8 8 8 8 8 1 8 -1 8 
2 2 2 8 8 8 8 1 -1 8 1 9 8 8 8 2 8 8 8 8 
-1 -1 2 3 3 8 3 9 1 8 2 1 1 8 8 8 8 -1 -1 8 
-1 9 2 2 2 3 2 3 -1 2 8 2 2 1 3 8 8 1 1 -1 
-1 2 3 9 3 2 3 8 1 1 2 8 9 8 8 8 8 1 -1 -1 
-1 8 2 2 9 3 3 3 8 1 1 1 8 8 8 -1 8 -1 -1 -1 
8 3 2 9 3 -1 8 1 1 1 1 1 8 8 8 8 8 8 8 2 
8 8 8 2 2 3 3 3 3 8 8 1 1 8 8 -1 8 8 -1 8 
-1 8 -1 1 -1 1 -1 1 -1 2 3 2 3 2 2 -1 8 -1 3 3 
-1 -1 -1 1 1 1 1 1 1 -1 2 2 3 2 2 3 3 8 -1 3 
-1 -1 1 1 1 1 1 1 1 3 3 3 3 2 2 2 3 3 3 3 
-1 1 2 -1 1 1 1 1 1 2 2 3 3 3 3 3 2 3 3 -1 
-1 8 2 1 1 1 1 1 -1 3 3 3 3 3 2 2 3 -1 3 9 
2 8 2 2 1 1 1 -1 9 9 1 3 3 2 3 2 3 3 9 9 
3 3 2 -1 1 1 9 9 8 8 3 3 2 2 3 3 2 3 2 2 
2 2 2 -1 1 1 9 8 -1 2 3 3 3 2 3 2 3 2 -1 2 
3 2 -1 1 1 -1 8 8 8 -1 3 2 -1 2 3 3 3 2 2 3 
3 3 3 8 -1 8 -1 8 -1 2 -1 3 -1 -1 3 3 4 -1 2 3 
-1 -1 8 8 8 8 3 -1 8 8 2 8 -1 8 2 1 4 5 3 2 
3 3 -1 1 3 3 8 9 8 8 8 8 8 8 8 5 8 4 2 -1 
3 2 1 1 -1 3 3 9 8 8 8 8 8 8 -1 8 5 5 -1 3 
3 2 3 -1 2 3 8 8 8 8 -1 -1 4 4 5 4 5 2 -1 8 
8 3 -1 3 3 8 3 8 -1 8 8 -1 4 4 5 3 4 -1 3 3 
2 3 3 3 -1 2 3 8 8 -1 -1 1 -1 -1 3 4 4 -1 3 4 
3 -1 3 -1 2 3 3 2 8 -1 -1 2 1 -1 3 3 3 -1 2 2 
3 3 -1 8 2 3 -1 2 2 2 2 1 3 2 2 2 3 3 -1 3 
3 -1 8 2 8 8 8 8 2 1 8 2 -1 1 3 3 2 3 3 -1 
8 -1 2 8 8 8 1 1 1 3 3 2 2 1 2 3 8 3 3 -1 
1 3 1 1 3 -1 -1 -1 2 -1 8 -1 -1 -1 -1 -1 3 3 1 3 
1 1 1 1 1 -1 8 -1 8 2 -1 3 2 -1 3 3 -1 3 3 1 
1 1 1 1 1 -1 8 8 8 2 3 3 -1 2 3 2 2 3 2 1 
1 1 1 1 2 2 3 2 2 3 3 3 3 9 3 9 3 9 1 1 
1 -1 1 1 -1 -1 3 8 2 -1 -1 3 3 2 9 3 2 9 1 1 
1 1 1 1 1 1 3 2 -1 3 3 2 3 9 2 3 8 1 1 1 
1 1 1 3 3 1 2 3 2 -1 3 2 8 -1 3 3 8 1 1 1 
1 2 1 -1 -1 9 1 3 3 3 9 2 9 9 2 3 4 1 1 1 
1 1 -1 -1 9 9 9 1 2 3 9 5 9 9 -1 4 2 2 2 1 
1 1 2 3 -1 9 9 8 1 -1 2 8 8 -1 8 2 -1 2 1 -1 
1 3 3 2 9 9 9 9 9 9 5 5 5 2 2 -1 7 -1 -1 1 
1 -1 2 2 2 3 2 4 -1 -1 2 5 9 2 -1 2 -1 7 8 8 
8 2 -1 2 3 -1 4 2 -1 8 -1 8 2 7 5 -1 7 5 5 8 
-1 2 2 3 3 4 4 4 3 8 8 9 7 7 7 7 7 7 5 -1 
3 2 3 2 2 4 3 3 -1 8 9 9 9 8 7 2 9 8 9 2 
-1 -1 -1 2 4 2 3 2 -1 8 -1 9 9 9 2 2 9 -1 8 -1 
-1 -1 2 2 2 -1 2 2 8 -1 9 -1 9 8 2 2 2 2 2 -1 
1 2 2 2 3 2 2 3 9 9 -1 -1 -1 2 1 8 2 3 -1 -1 
1 -1 2 3 3 -1 2 -1 2 2 -1 -1 -1 1 8 -1 3 3 3 1 
8 1 2 3 3 3 3 2 2 8 -1 -1 -1 -1 -1 -1 3 9 1 3 
1 3 3 2 2 3 -1 3 2 2 3 8 2 8 3 -1 -1 -1 -1 -1 
1 3 2 2 9 -1 3 3 3 3 2 8 8 2 9 -1 1 -1 1 1 
5 -1 -1 8 1 3 3 2 3 3 2 4 8 8 -1 8 1 1 1 1 
-1 1 -1 1 1 3 2 3 2 3 3 4 9 9 3 -1 1 1 1 5 
-1 -1 -1 1 1 1 9 2 3 4 -1 8 9 3 3 3 -1 -1 1 -1 
-1 -1 -1 4 1 1 9 9 9 8 4 4 8 9 1 1 -1 -1 -1 -1 
-1 -1 1 4 -1 1 1 9 -1 9 4 3 8 9 1 1 -1 1 -1 -1 
-1 -1 1 6 2 3 -1 9 9 8 8 3 8 8 -1 -1 -1 -1 -1 -1 
-1 4 4 4 2 2 4 8 -1 -1 2 8 3 -1 -1 -1 -1 -1 -1 4 
4 6 6 6 2 4 4 4 4 4 3 3 -1 -1 -1 8 8 -1 4 4 
4 4 6 3 6 3 4 4 4 4 -1 -1 8 8 -1 -1 8 -1 6 6 
3 3 6 3 -1 3 4 4 4 4 -1 8 8 8 -1 -1 -1 -1 6 3 
4 3 3 6 6 6 -1 -1 5 9 7 7 8 8 8 -1 -1 -1 -1 3 
-1 -1 4 6 4 8 8 -1 5 8 8 8 8 8 6 -1 3 2 -1 6 
4 3 4 -1 9 8 1 5 9 -1 -1 9 8 8 6 6 -1 2 6 -1 
2 4 -1 4 9 8 5 9 1 -1 9 -1 -1 6 6 9 -1 4 4 3 
2 6 4 4 8 2 2 -1 1 -1 -1 -1 -1 -1 -1 8 9 -1 6 3 
4 8 8 1 8 2 2 2 3 3 -1 -1 -1 8 8 -1 -1 -1 -1 3 
3 8 1 1 2 3 -1 -1 -1 3 2 -1 -1 2 2 8 8 -1 -1 8 
1 -1 -1 2 3 3 -1 -1 3 2 3 3 8 -1 8 2 -1 -1 2 -1 
-1 2 4 4 9 1 1 3 8 4 -1 1 -1 -1 3 3 -1 10 4 4 
-1 4 4 4 4 -1 8 9 8 1 1 1 1 3 8 3 4 -1 4 4 
-1 4 3 4 -1 9 9 9 9 1 1 1 1 -1 3 8 8 1 1 4 
2 4 4 3 4 8 -1 9 9 9 1 1 1 1 -1 -1 1 8 -1 4 
-1 2 2 2 2 -1 9 -1 -1 1 9 -1 1 1 -1 -1 9 1 8 9 
9 2 3 -1 -1 -1 2 9 1 1 1 1 1 1 1 -1 9 9 8 8 
-1 3 -1 -1 -1 2 -1 -1 -1 1 1 1 1 1 1 1 9 9 -1 8 
2 2 -1 -1 -1 -1 -1 -1 -1 1 -1 1 1 1 8 1 9 8 8 8 
-1 -1 -1 -1 -1 4 -1 -1 -1 -1 -1 1 1 8 8 9 -1 -1 9 3 
2 2 -1 -1 -1 4 4 -1 -1 -1 -1 -1 1 9 8 9 9 3 -1 -1 
-1 -1 -1 -1 4 4 -1 4 4 -1 -1 -1 -1 9 9 8 8 -1 -1 -1 
-1 -1 -1 -1 -1 -1 -1 4 -1 4 -1 -1 8 9 3 4 4 -1 -1 -1 
-1 -1 -1 -1 -1 4 4 -1 4 -1 4 -1 8 2 8 4 -1 -1 -1 -1 
-1 -1 -1 8 -1 2 -1 4 -1 8 8 -1 -1 -1 8 3 4 9 2 -1 
1 1 1 8 -1 -1 2 -1 -1 -1 8 -1 2 -1 -1 3 9 3 2 1 
1 1 -1 1 2 2 4 4 4 4 4 -1 -1 3 3 3 -1 -1 3 -1 
1 1 1 1 -1 -1 9 4 4 8 -1 3 3 3 3 3 -1 2 3 -1 
1 -1 1 -1 1 -1 8 4 4 4 8 8 8 1 1 3 3 3 3 -1 
4 4 -1 -1 -1 8 8 8 9 9 1 4 1 1 1 3 3 3 4 1 
2 -1 4 4 9 9 9 3 9 9 1 1 4 3 3 3 3 4 10 2 
2 2 -1 -1 -1 2 -1 -1 -1 1 1 2 2 2 2 -1 4 4 4 1 
-1 -1 -1 -1 -1 2 -1 2 -1 4 1 1 -1 2 -1 4 1 -1 4 -1 
-1 2 -1 -1 -1 2 2 4 4 4 4 -1 4 -1 -1 1 -1 4 -1 -1 
-1 2 2 -1 -1 2 -1 -1 -1 4 4 4 -1 1 -1 1 1 1 -1 -1 
-1 2 2 2 -1 -1 -1 -1 -1 -1 4 2 4 -1 1 1 -1 -1 -1 -1 
-1 -1 2 2 -1 -1 -1 -1 -1 4 4 4 2 4 4 2 -1 -1 4 -1 
-1 2 -1 -1 2 -1 -1 -1 -1 -1 4 -1 2 4 4 4 4 4 4 -1 
-1 -1 -1 -1 -1 -1 -1 -1 -1 4 2 4 4 -1 -1 4 -1 4 -1 -1 
-1 -1 -1 -1 -1 -1 -1 -1 -1 -1 8 2 4 4 4 4 -1 4 4 4 
-1 -1 -1 -1 -1 -1 -1 -1 -1 -1 -1 8 8 4 -1 4 4 4 4 -1 
-1 -1 -1 -1 -1 -1 -1 -1 -1 -1 -1 -1 -1 -1 4 -1 -1 4 4 -1 
-1 2 2 2 2 -1 -1 4 4 4 -1 -1 -1 -1 -1 -1 -1 -1 -1 -1 
2 2 2 2 2 2 -1 4 4 4 4 1 -1 -1 -1 2 -1 -1 -1 -1 
-1 2 2 2 2 2 1 -1 4 4 -1 -1 -1 1 -1 1 2 -1 -1 1 
2 -1 2 2 -1 2 2 1 1 4 -1 -1 -1 -1 1 2 2 1 1 1 
1 2 2 -1 -1 2 -1 4 4 1 1 1 1 4 4 1 1 1 1 1 
1 2 -1 -1 2 -1 -1 2 1 1 1 1 1 -1 4 1 1 1 1 -1 
4 -1 -1 -1 2 2 2 2 4 4 1 1 1 4 1 1 -1 1 1 4 
1 -1 -1 -1 -1 -1 -1 4 4 4 1 1 4 4 1 1 1 1 1 1 
1 -1 -1 -1 -1 -1 -1 -1 1 1 -1 1 1 1 -1 -1 -1 4 -1 1 
-1 4 -1 -1 -1 -1 -1 -1 2 -1 -1 -1 1 1 1 -1 1 2 -1 -1 
4 4 -1 4 -1 -1 2 2 -1 -1 -1 1 1 1 1 2 -1 2 -1 -1 
2 2 4 4 4 -1 2 2 2 2 -1 -1 1 -1 1 1 -1 2 2 -1 
2 2 4 4 -1 2 2 2 2 2 -1 -1 -1 1 -1 -1 -1 1 2 2 
2 2 2 2 2 -1 -1 2 2 -1 2 1 -1 -1 -1 -1 2 2 2 -1 
2 2 2 2 2 2 2 2 -1 2 1 1 -1 -1 2 2 2 2 1 1 
2 2 2 2 1 1 2 -1 -1 1 2 1 1 2 2 2 2 -1 -1 1 
1 1 1 1 1 2 1 2 -1 -1 1 1 1 -1 -1 2 -1 -1 -1 2 
2 1 1 1 1 2 -1 1 1 1 1 1 1 -1 -1 -1 -1 -1 -1 -1 
-1 1 1 1 1 2 -1 1 1 1 1 -1 1 -1 -1 -1 1 -1 -1 -1 
1 1 1 -1 -1 -1 2 2 1 1 1 1 1 1 1 -1 -1 1 -1 1 
1 -1 -1 2 2 2 1 2 2 1 -1 -1 1 1 -1 1 1 1 1 -1 
-1 2 -1 2 2 1 2 1 2 2 1 -1 1 1 1 1 -1 -1 -1 -1 
-1 -1 -1 -1 -1 2 1 2 2 2 2 -1 -1 1 1 2 -1 -1 -1 -1 
-1 -1 -1 -1 -1 2 -1 2 1 2 -1 -1 -1 -1 -1 2 2 2 -1 -1 
-1 1 -1 -1 -1 -1 -1 2 -1 -1 -1 -1 -1 -1 -1 -1 2 2 -1 -1 
-1 1 1 -1 -1 -1 -1 -1 -1 -1 -1 -1 -1 -1 -1 -1 -1 2 -1 -1 
-1 -1 -1 -1 -1 -1 -1 -1 -1 -1 -1 -1 -1 -1 -1 -1 -1 2 2 2 
-1 -1 -1 -1 -1 -1 -1 -1 -1 -1 -1 -1 -1 -1 -1 -1 -1 -1 -1 -1 
2 -1 -1 -1 -1 -1 -1 -1 -1 2 -1 -1 -1 1 -1 1 -1 -1 -1 -1 
-1 -1 -1 2 -1 2 2 2 -1 -1 1 1 2 2 2 2 2 -1 2 -1 
2 -1 -1 -1 2 2 2 -1 -1 -1 -1 1 -1 2 2 -1 2 2 -1 -1 
-1 2 -1 2 2 -1 1 -1 -1 -1 -1 -1 2 -1 -1 2 2 -1 -1 2 
2 2 2 -1 2 -1 -1 1 -1 -1 -1 -1 -1 -1 -1 -1 2 2 -1 -1 
1 2 3 3 1 2 1 -1 -1 -1 2 2 2 2 2 2 2 2 -1 -1 
1 2 2 1 1 -1 1 1 1 -1 -1 2 -1 3 2 1 2 1 1 1 
1 1 1 1 1 -1 -1 1 1 -1 1 2 -1 1 1 1 1 1 1 1 
1 1 1 1 1 -1 -1 -1 -1 1 2 -1 1 1 1 1 1 1 1 1 
1 1 1 1 2 1 -1 1 -1 1 1 1 -1 1 1 1 1 1 1 1 
1 1 1 -1 1 1 -1 -1 -1 -1 1 -1 -1 1 1 1 1 -1 1 1 
1 1 1 1 -1 -1 -1 -1 -1 -1 -1 -1 -1 -1 8 8 1 1 1 -1 
1 1 1 -1 -1 -1 -1 -1 -1 -1 -1 -1 -1 -1 8 -1 -1 1 -1 -1 
-1 -1 1 1 1 -1 -1 -1 -1 -1 -1 -1 -1 -1 -1 8 8 -1 -1 -1 
-1 -1 -1 1 -1 -1 -1 -1 -1 -1 -1 -1 -1 -1 -1 -1 -1 -1 -1 -1 
-1 -1 -1 -1 -1 -1 -1 -1 -1 -1 2 -1 -1 -1 -1 -1 -1 -1 -1 -1 
-1 -1 -1 -1 -1 -1 -1 -1 -1 -1 -1 2 -1 1 1 -1 -1 1 -1 -1 
-1 -1 -1 -1 -1 -1 -1 -1 -1 -1 -1 1 -1 2 2 2 -1 -1 1 -1 
-1 -1 -1 -1 -1 -1 2 -1 -1 -1 1 1 1 2 1 1 1 1 -1 1 
-1 -1 -1 -1 -1 2 -1 2 2 1 1 1 2 -1 -1 2 1 1 1 1 
-1 -1 -1 -1 -1 2 2 2 -1 1 2 2 -1 -1 2 2 1 2 2 2 
1 -1 -1 -1 -1 -1 -1 2 2 2 -1 -1 -1 2 1 2 -1 -1 1 1 
1 -1 1 -1 -1 -1 -1 -1 2 -1 -1 1 1 2 2 -1 -1 1 1 1 
-1 1 -1 -1 -1 -1 2 2 2 2 1 1 -1 1 1 1 1 1 1 1 
1 1 -1 -1 -1 -1 -1 2 2 1 1 1 1 1 1 -1 -1 -1 1 1 
1 -1 -1 -1 -1 -1 -1 2 2 1 1 -1 1 1 -1 1 1 1 -1 1 
1 1 -1 -1 2 -1 -1 -1 2 1 -1 -1 1 -1 1 -1 1 1 1 1 
1 -1 -1 2 -1 2 8 2 2 8 -1 1 -1 -1 1 1 -1 1 1 2 
2 2 2 2 2 8 2 2 -1 2 8 2 2 2 1 1 1 -1 8 8 
-1 2 3 -1 2 2 2 2 2 2 2 -1 2 -1 1 1 -1 8 -1 8 
-1 -1 3 -1 1 1 8 2 2 2 1 -1 2 2 1 -1 -1 -1 -1 -1 
1 2 2 3 1 8 -1 -1 2 2 -1 -1 2 2 2 2 -1 -1 2 2 
1 2 1 3 1 1 1 4 -1 2 1 -1 -1 -1 -1 2 2 -1 2 1 
1 1 -1 1 1 1 1 1 4 4 1 -1 -1 -1 -1 -1 -1 1 1 1 
1 1 1 -1 1 1 1 -1 -1 4 1 -1 -1 -1 -1 -1 -1 -1 1 1 
1 -1 1 -1 1 -1 1 -1 -1 -1 -1 -1 -1 -1 -1 2 2 2 1 1 
1 1 -1 -1 -1 -1 -1 -1 -1 -1 -1 -1 -1 -1 1 1 1 2 1 1 
1 1 -1 -1 -1 -1 -1 -1 -1 2 -1 -1 2 2 2 -1 1 -1 1 1 
1 -1 -1 -1 -1 -1 -1 -1 2 -1 -1 -1 -1 -1 -1 1 1 1 -1 1 
1 -1 2 -1 -1 -1 -1 -1 -1 -1 2 -1 2 -1 2 -1 1 -1 1 1 
1 -1 -1 2 -1 -1 -1 2 2 2 -1 2 -1 2 2 1 -1 -1 1 1 
-1 2 2 -1 2 2 2 6 2 2 -1 2 3 2 -1 2 2 7 7 8 
-1 2 2 2 2 -1 6 3 2 2 2 2 2 -1 2 -1 2 1 -1 -1 
2 1 2 2 2 -1 3 -1 2 2 -1 2 -1 -1 -1 2 -1 1 1 -1 
1 2 2 2 -1 -1 3 -1 2 2 -1 -1 -1 -1 -1 -1 1 -1 -1 -1 
1 2 -1 -1 -1 2 2 2 -1 -1 -1 2 2 2 2 2 2 2 -1 1 
-1 -1 1 1 1 1 2 1 2 -1 -1 -1 2 -1 -1 2 1 -1 1 -1 
-1 -1 1 1 1 1 1 1 1 1 -1 -1 -1 -1 -1 1 2 -1 -1 1 
-1 -1 -1 1 1 1 1 1 1 1 -1 -1 -1 -1 -1 -1 -1 -1 -1 -1 
-1 -1 -1 -1 1 1 1 -1 -1 -1 1 -1 1 1 -1 -1 -1 -1 1 -1 
1 1 -1 -1 1 -1 -1 -1 -1 2 -1 2 1 1 -1 -1 -1 -1 -1 -1 
-1 -1 -1 -1 -1 -1 2 -1 -1 1 2 -1 1 1 1 -1 -1 -1 -1 -1 
-1 -1 -1 -1 -1 2 -1 4 -1 1 1 2 1 1 1 -1 -1 -1 -1 -1 
-1 -1 3 3 2 -1 2 1 2 2 2 2 2 1 2 -1 -1 -1 -1 -1 
-1 -1 3 3 3 -1 2 -1 2 2 2 -1 8 8 8 8 8 -1 -1 1 
1 -1 2 -1 -1 1 1 1 2 2 2 -1 8 8 -1 8 1 -1 -1 -1 
1 -1 -1 -1 -1 1 1 -1 2 2 2 2 8 -1 -1 1 1 1 1 -1 
1 -1 -1 -1 -1 1 -1 1 2 3 3 3 -1 8 1 1 1 1 1 1 
-1 -1 -1 -1 2 -1 2 -1 3 2 3 3 8 -1 8 1 1 1 2 1 
2 2 -1 2 -1 -1 2 2 2 2 2 3 3 2 -1 -1 -1 2 1 1 
2 2 2 9 -1 2 2 6 2 2 -1 -1 2 -1 -1 -1 2 2 2 8 
-1 -1 1 1 1 -1 8 -1 8 8 -1 -1 -1 -1 -1 -1 -1 -1 8 -1 
-1 -1 -1 1 -1 1 8 8 8 -1 -1 1 -1 -1 -1 4 4 4 -1 2 
8 1 -1 -1 1 -1 1 8 8 -1 -1 -1 1 -1 4 4 4 4 8 2 
8 -1 -1 -1 -1 1 1 -1 -1 -1 -1 -1 -1 -1 -1 4 4 8 8 8 
8 8 -1 -1 -1 1 1 -1 -1 -1 -1 -1 -1 -1 -1 2 1 1 2 -1 
-1 -1 -1 -1 2 2 1 2 1 -1 -1 -1 -1 -1 2 2 1 1 -1 -1 
-1 8 -1 -1 2 2 -1 -1 -1 -1 -1 -1 -1 -1 -1 2 1 1 1 1 
-1 2 -1 2 -1 2 -1 -1 -1 -1 -1 8 2 2 -1 2 2 1 1 -1 
2 2 2 -1 2 -1 -1 -1 -1 -1 2 2 8 1 1 1 1 2 1 1 
-1 -1 1 2 -1 -1 -1 2 2 -1 -1 2 2 -1 1 1 1 1 1 1 
-1 -1 -1 -1 -1 -1 -1 2 2 2 2 2 2 -1 2 1 1 1 1 1 
-1 -1 1 -1 -1 -1 2 2 2 2 2 2 2 2 2 2 2 2 1 1 
1 -1 1 -1 -1 -1 -1 2 2 2 2 2 2 2 2 2 2 8 -1 2 
-1 1 -1 -1 -1 -1 -1 1 2 2 2 2 2 2 2 2 2 2 2 2 
1 -1 -1 -1 -1 -1 -1 1 2 2 2 2 2 -1 2 8 2 2 2 1 
-1 -1 -1 -1 -1 1 2 2 2 2 2 2 2 2 2 2 2 -1 2 2 
-1 -1 -1 -1 -1 -1 1 2 2 2 -1 2 2 2 -1 2 -1 -1 2 -1 
-1 -1 -1 -1 -1 -1 2 2 2 2 -1 2 2 2 -1 -1 -1 -1 -1 2 
-1 -1 -1 -1 -1 -1 -1 2 8 2 -1 2 2 -1 -1 -1 -1 -1 -1 -1 
-1 1 -1 -1 -1 -1 -1 8 -1 8 2 -1 -1 -1 -1 -1 -1 -1 -1 -1 
1 -1 2 -1 1 1 -1 2 -1 2 2 8 8 8 8 8 8 8 -1 -1 
1 2 2 2 1 -1 1 2 1 2 2 8 8 -1 2 -1 8 8 -1 1 
2 -1 2 2 2 1 2 -1 -1 1 2 2 8 1 8 -1 8 8 8 2 
2 -1 2 2 2 1 1 2 1 2 -1 8 8 8 8 -1 -1 -1 8 1 
10 2 -1 2 2 1 2 2 2 2 8 2 8 8 1 1 -1 -1 -1 -1 
2 10 1 1 2 1 1 2 2 2 2 2 -1 8 -1 -1 -1 -1 -1 -1 
2 2 1 2 2 2 1 2 2 2 2 2 2 -1 -1 -1 -1 -1 -1 1 
2 2 2 2 2 2 2 2 2 1 2 -1 2 -1 -1 -1 -1 -1 1 2 
-1 2 2 2 2 2 2 2 1 -1 -1 2 -1 -1 -1 -1 -1 -1 2 2 
1 -1 1 2 2 2 2 2 2 -1 -1 -1 -1 2 2 2 2 2 2 -1 
-1 1 -1 1 1 1 -1 2 2 1 -1 -1 2 2 2 2 -1 -1 2 2 
2 -1 -1 2 2 2 2 -1 1 -1 -1 1 2 2 -1 -1 -1 2 2 2 
-1 2 -1 1 1 1 1 2 -1 2 -1 1 2 -1 2 2 -1 -1 -1 1 
-1 -1 -1 -1 -1 -1 -1 -1 -1 -1 2 2 2 2 2 -1 2 2 2 1 
-1 -1 1 -1 -1 -1 1 1 -1 -1 2 2 2 2 -1 -1 -1 2 8 2 
2 1 -1 -1 2 2 2 2 1 -1 -1 2 2 2 -1 -1 -1 8 8 8 
2 -1 -1 2 -1 2 -1 -1 -1 -1 2 2 -1 2 -1 -1 8 8 8 -1 
2 2 -1 -1 2 -1 -1 -1 -1 -1 -1 -1 2 2 -1 8 -1 2 2 2 
2 2 -1 -1 1 -1 -1 -1 -1 -1 2 -1 -1 -1 8 8 8 2 2 2 
-1 2 -1 1 1 1 1 -1 -1 -1 8 8 -1 -1 8 8 8 8 2 2 
8 -1 2 -1 -1 -1 2 -1 1 -1 1 1 1 1 -1 -1 -1 -1 -1 -1 
-1 8 2 -1 2 -1 2 2 -1 -1 -1 -1 -1 1 -1 1 -1 -1 1 1 
1 -1 1 2 -1 -1 -1 2 -1 -1 -1 -1 -1 -1 1 1 1 -1 2 1 
-1 1 -1 -1 -1 2 2 -1 2 -1 -1 -1 -1 1 -1 1 1 1 2 2 
1 1 1 1 1 -1 2 2 -1 2 -1 1 1 1 1 1 -1 1 -1 -1 
1 -1 2 1 -1 2 -1 2 2 -1 2 1 1 1 1 1 1 -1 -1 -1 
-1 2 2 2 2 2 2 2 2 2 -1 1 1 16 1 1 1 1 -1 -1 
-1 2 2 2 2 2 2 2 8 2 1 1 1 1 1 1 1 -1 -1 -1 
-1 2 2 -1 2 2 2 2 2 2 1 -1 1 1 -1 -1 -1 -1 -1 -1 
2 2 2 2 2 -1 1 2 1 2 -1 1 1 1 1 1 -1 -1 -1 -1 
-1 2 2 2 2 2 2 1 -1 1 1 1 1 2 2 1 -1 1 -1 1 
-1 1 2 1 2 2 2 1 -1 1 1 1 1 1 1 2 1 1 1 -1 
1 1 1 1 1 2 1 1 1 1 1 1 1 1 1 1 1 1 1 -1 
-1 1 1 1 -1 1 1 1 1 1 2 1 1 1 1 1 1 1 1 -1 
-1 -1 1 1 1 1 1 1 1 -1 1 1 1 1 1 1 1 1 1 -1 
1 1 -1 1 1 1 1 1 -1 -1 1 1 1 1 -1 1 1 1 -1 1 
1 1 1 1 -1 1 -1 -1 1 1 1 1 1 1 8 1 1 1 1 1 
1 -1 -1 1 1 1 1 -1 1 1 1 1 1 1 8 2 2 1 1 1 
-1 -1 -1 1 -1 -1 1 2 2 1 1 1 1 1 1 1 1 1 1 1 
-1 -1 -1 -1 -1 -1 -1 2 1 -1 1 1 1 -1 -1 -1 1 1 -1 -1 
-1 8 8 1 1 2 2 2 8 1 1 1 1 -1 -1 8 -1 -1 1 -1 
-1 -1 -1 1 2 2 -1 1 1 1 1 1 1 1 8 -1 1 -1 -1 -1 
-1 -1 1 2 2 2 -1 1 -1 1 1 1 1 1 1 1 1 1 1 -1 
1 -1 1 2 2 -1 -1 -1 1 1 1 1 1 1 1 1 1 1 3 -1 
1 1 -1 -1 -1 -1 -1 -1 1 1 1 1 1 1 1 1 1 1 -1 3 
-1 -1 -1 8 8 -1 -1 -1 -1 1 1 1 1 1 -1 1 1 -1 -1 -1 
-1 -1 -1 8 8 8 -1 -1 -1 -1 -1 1 1 1 1 1 1 1 -1 -1 
-1 8 8 8 8 -1 -1 -1 2 -1 -1 1 -1 1 1 3 3 1 -1 -1 
-1 8 8 8 8 8 8 2 -1 -1 -1 -1 -1 2 3 -1 -1 1 -1 -1 
-1 8 8 8 8 8 8 -1 2 2 2 2 -1 2 2 -1 1 -1 -1 -1 
-1 8 8 8 8 8 8 2 -1 -1 2 2 -1 -1 2 8 -1 -1 -1 8 
8 -1 8 8 8 8 8 8 -1 -1 -1 2 -1 2 2 8 8 8 1 1 
1 8 8 8 8 8 8 -1 1 -1 -1 2 1 2 2 2 8 8 1 1 
8 8 8 1 8 8 2 1 1 -1 2 2 2 -1 2 8 8 8 1 1 
8 16 8 8 1 2 2 1 1 -1 1 2 -1 2 2 8 8 8 8 8 
-1 8 16 2 1 2 2 1 1 1 2 1 -1 2 2 8 -1 8 8 8 
16 16 8 8 2 2 1 1 2 1 2 2 2 8 2 8 8 8 8 8 
8 16 8 2 2 2 -1 2 1 1 1 2 2 2 8 8 8 8 8 8 
8 8 -1 2 2 2 2 1 1 1 1 8 8 2 8 8 8 8 -1 8 
1 1 2 2 2 2 2 2 1 2 1 1 -1 1 8 -1 -1 -1 8 1 
8 8 -1 -1 2 1 1 1 1 -1 1 1 1 1 1 -1 1 -1 3 8 
1 1 1 -1 2 -1 1 -1 1 1 1 1 2 1 1 -1 1 1 3 8 
8 8 1 1 1 2 2 2 2 8 8 2 1 -1 -1 -1 1 1 -1 1 
8 1 1 -1 1 2 2 -1 2 2 8 1 1 1 1 1 1 1 1 1 
1 1 1 -1 1 -1 -1 2 2 2 2 1 8 1 1 -1 1 1 1 2 
1 1 1 1 1 1 -1 2 2 -1 -1 8 8 8 1 1 1 1 1 2 
2 1 1 -1 -1 -1 1 -1 2 2 2 1 -1 8 8 1 1 1 2 2 
1 1 -1 -1 -1 -1 -1 2 1 2 1 8 8 8 1 1 1 1 1 1 
1 1 1 1 -1 -1 1 -1 -1 1 1 8 8 8 -1 1 1 1 1 1 
2 1 1 1 -1 -1 -1 -1 1 1 2 -1 -1 8 -1 -1 1 1 1 1 
8 1 1 1 -1 -1 -1 1 1 1 -1 1 -1 -1 8 -1 -1 1 1 1 
1 1 1 1 -1 -1 1 2 1 2 1 8 -1 8 8 -1 -1 2 1 8 
1 1 1 1 -1 -1 1 1 2 1 2 -1 8 8 -1 -1 2 1 1 1 
1 1 1 1 1 2 2 2 1 1 1 -1 -1 8 8 2 1 -1 1 -1 
2 8 8 1 1 1 2 2 1 1 -1 -1 -1 2 -1 1 1 -1 -1 2 
8 2 8 1 1 1 2 1 1 1 -1 2 2 -1 -1 -1 1 1 -1 2 
2 2 1 8 8 2 1 1 -1 8 8 -1 8 8 -1 -1 -1 1 -1 2 
1 2 8 1 1 2 1 1 8 8 8 8 1 8 -1 -1 -1 -1 2 2 
2 1 1 1 1 1 1 1 -1 8 2 1 -1 -1 -1 -1 -1 -1 2 2 
8 2 1 1 1 1 1 1 8 2 8 2 -1 -1 -1 -1 -1 -1 2 2 
-1 8 -1 8 -1 8 8 8 2 8 -1 2 -1 2 2 -1 8 -1 -1 -1 
8 2 8 8 8 8 8 2 2 -1 -1 8 2 2 -1 8 9 -1 -1 -1 
-1 8 8 8 8 8 -1 -1 2 -1 -1 -1 -1 -1 -1 2 8 8 -1 8 
8 8 8 8 -1 8 -1 2 1 -1 -1 -1 -1 -1 -1 2 1 1 8 8 
-1 -1 -1 8 1 8 2 1 -1 -1 -1 -1 -1 -1 -1 -1 1 1 2 8 
-1 -1 -1 8 -1 1 1 -1 -1 -1 -1 -1 -1 1 1 1 -1 1 2 2 
-1 -1 -1 -1 -1 -1 1 -1 -1 -1 -1 1 1 -1 1 -1 -1 2 -1 -1 
-1 -1 -1 -1 -1 1 -1 -1 -1 -1 2 2 1 -1 -1 -1 -1 -1 -1 -1 
-1 -1 -1 -1 -1 -1 -1 -1 -1 -1 -1 1 2 -1 -1 -1 -1 1 -1 -1 
-1 -1 -1 -1 -1 -1 -1 -1 -1 -1 -1 2 2 -1 2 -1 1 1 -1 -1 
-1 -1 -1 -1 -1 1 -1 -1 -1 -1 -1 -1 -1 2 -1 1 -1 -1 -1 -1 
-1 -1 -1 1 1 -1 -1 -1 -1 -1 -1 -1 -1 2 -1 -1 1 -1 -1 -1 
-1 -1 -1 1 -1 1 -1 -1 -1 -1 -1 1 1 1 -1 1 -1 -1 -1 -1 
-1 -1 -1 1 -1 -1 -1 -1 -1 -1 -1 1 1 1 1 1 1 1 -1 -1 
-1 1 1 1 8 8 1 8 -1 -1 1 1 1 1 1 -1 1 1 -1 -1 
1 1 -1 1 1 8 8 -1 -1 -1 -1 1 1 -1 -1 1 1 1 8 -1 
1 -1 8 -1 8 8 -1 -1 -1 -1 -1 -1 -1 -1 -1 -1 8 8 -1 8 
8 8 8 8 -1 2 8 -1 -1 -1 -1 -1 -1 -1 -1 8 8 8 8 -1 
-1 8 8 8 8 8 2 -1 -1 -1 -1 -1 -1 2 2 -1 8 8 -1 -1 
-1 -1 8 8 8 8 8 2 2 -1 2 2 2 2 -1 8 8 8 -1 -1 
-1 -1 -1 -1 2 -1 -1 -1 1 -1 1 -1 1 -1 -1 -1 -1 8 8 1 
1 -1 -1 2 -1 2 1 -1 -1 1 -1 1 1 1 1 -1 2 -1 1 8 
-1 -1 2 8 -1 1 1 1 1 1 1 1 1 1 -1 -1 -1 -1 8 1 
-1 -1 1 1 8 1 1 1 1 1 1 1 -1 -1 3 -1 -1 -1 -1 -1 
-1 -1 1 1 1 1 1 1 1 1 -1 1 -1 -1 -1 3 -1 -1 -1 -1 
-1 -1 -1 1 -1 1 1 1 1 -1 1 1 1 1 1 1 -1 -1 -1 -1 
-1 -1 -1 1 1 1 -1 1 1 -1 -1 1 1 -1 1 -1 -1 -1 -1 -1 
-1 -1 -1 1 1 -1 1 1 1 8 8 1 -1 -1 1 -1 -1 -1 -1 -1 
-1 -1 -1 -1 -1 1 1 -1 -1 -1 8 -1 -1 -1 -1 2 2 -1 2 -1 
-1 -1 -1 -1 -1 -1 -1 -1 -1 -1 -1 -1 -1 -1 -1 -1 2 2 2 -1 
-1 -1 -1 -1 -1 2 -1 -1 -1 -1 -1 -1 -1 -1 -1 -1 -1 -1 2 2 
2 -1 -1 -1 2 -1 -1 -1 -1 -1 -1 -1 -1 -1 -1 -1 -1 2 2 2 
2 -1 -1 -1 -1 -1 2 -1 -1 -1 -1 -1 -1 -1 -1 -1 -1 2 2 2 
-1 -1 -1 -1 2 2 2 2 2 -1 -1 -1 -1 -1 -1 -1 -1 -1 -1 -1 
-1 -1 -1 -1 2 2 2 -1 -1 -1 -1 8 8 -1 -1 -1 -1 -1 -1 -1 
-1 -1 -1 -1 -1 -1 2 2 -1 -1 -1 -1 8 -1 -1 -1 -1 -1 -1 -1 
-1 -1 -1 2 -1 2 2 2 2 -1 -1 -1 -1 2 -1 -1 -1 -1 -1 -1 
-1 -1 -1 2 2 2 2 2 -1 -1 -1 2 1 2 2 -1 -1 -1 -1 -1 
-1 -1 -1 -1 2 2 -1 -1 1 -1 -1 -1 2 1 -1 -1 -1 1 -1 -1 
-1 -1 2 2 2 -1 -1 -1 -1 1 -1 -1 -1 -1 -1 -1 -1 -1 1 -1 
2 -1 -1 -1 -1 -1 -1 -1 -1 -1 -1 2 -1 -1 -1 -1 -1 -1 2 2 
-1 -1 -1 -1 -1 -1 -1 -1 -1 -1 -1 2 -1 -1 -1 -1 -1 -1 -1 2 
-1 -1 -1 -1 -1 -1 -1 -1 -1 -1 -1 -1 -1 2 2 -1 -1 -1 -1 -1 
-1 -1 -1 -1 -1 -1 -1 -1 -1 -1 -1 -1 -1 2 -1 -1 -1 -1 -1 -1 
-1 -1 -1 -1 -1 -1 -1 -1 -1 -1 -1 -1 -1 -1 -1 -1 -1 -1 -1 -1 
-1 -1 -1 -1 -1 -1 -1 -1 -1 -1 -1 -1 -1 -1 -1 -1 -1 -1 -1 -1 
-1 -1 -1 -1 -1 -1 8 -1 -1 -1 -1 -1 -1 -1 -1 -1 -1 -1 -1 -1 
-1 -1 -1 -1 -1 -1 -1 -1 -1 -1 -1 -1 -1 1 -1 -1 -1 -1 -1 -1 
-1 -1 -1 -1 -1 -1 -1 -1 -1 -1 -1 -1 -1 -1 1 -1 -1 -1 -1 -1 
-1 -1 -1 -1 -1 -1 -1 -1 -1 -1 -1 -1 -1 -1 1 1 -1 -1 -1 -1 
-1 -1 -1 -1 -1 -1 -1 -1 -1 8 -1 -1 -1 -1 1 1 -1 -1 -1 8 
-1 8 -1 8 8 1 -1 -1 -1 -1 -1 -1 -1 -1 -1 -1 -1 8 8 8 
2 8 8 8 1 -1 1 -1 -1 -1 1 1 1 -1 1 1 -1 8 1 1 
8 8 8 8 -1 1 1 -1 -1 1 1 1 -1 1 -1 1 1 1 1 2 
8 8 -1 8 -1 -1 1 -1 -1 -1 1 1 -1 1 1 -1 2 1 8 -1 
-1 8 -1 -1 -1 -1 -1 1 -1 -1 -1 -1 -1 -1 1 2 2 1 -1 -1 
-1 8 -1 -1 -1 -1 1 1 -1 -1 -1 -1 -1 1 -1 -1 2 2 -1 -1 
-1 -1 -1 -1 -1 -1 -1 1 1 1 1 -1 -1 -1 2 -1 -1 -1 2 -1 
-1 -1 -1 -1 -1 -1 -1 -1 -1 1 -1 1 -1 -1 -1 -1 -1 2 -1 2 
-1 -1 -1 -1 -1 -1 -1 -1 -1 -1 1 1 -1 -1 -1 -1 -1 -1 2 -1 
-1 -1 1 2 2 2 -1 -1 -1 1 -1 1 -1 -1 -1 -1 -1 -1 -1 -1 
-1 -1 -1 -1 -1 -1 -1 -1 -1 1 -1 -1 -1 8 -1 -1 -1 -1 -1 -1 
-1 -1 -1 -1 -1 -1 -1 -1 1 -1 -1 -1 -1 -1 8 8 -1 -1 -1 -1 
-1 -1 -1 -1 -1 -1 -1 -1 -1 -1 -1 8 -1 -1 -1 8 8 -1 -1 -1 
-1 -1 -1 -1 -1 -1 -1 -1 -1 -1 -1 -1 8 -1 1 -1 -1 -1 1 1 
1 -1 -1 -1 -1 -1 -1 -1 -1 -1 -1 -1 2 1 1 1 1 1 -1 1 
1 -1 -1 -1 -1 4 8 8 -1 8 8 2 -1 8 8 1 1 1 1 1 
1 -1 -1 -1 4 4 8 8 8 8 8 2 1 8 1 8 1 1 1 1 
-1 -1 -1 -1 -1 4 1 1 8 1 1 -1 1 8 8 1 1 1 -1 -1 
-1 -1 -1 -1 1 4 8 8 8 8 -1 8 1 1 -1 1 1 -1 -1 -1 
-1 -1 1 1 1 1 8 8 8 -1 8 1 -1 -1 -1 -1 -1 -1 -1 -1 
-1 -1 -1 1 -1 -1 8 8 1 8 9 -1 -1 -1 -1 -1 -1 -1 -1 -1 
-1 -1 -1 -1 -1 -1 -1 -1 1 8 8 -1 -1 -1 -1 -1 -1 -1 -1 -1 
-1 -1 -1 1 -1 -1 -1 -1 8 8 1 -1 -1 -1 -1 -1 -1 -1 -1 -1 
-1 -1 -1 -1 1 -1 -1 -1 -1 1 -1 1 -1 -1 -1 -1 -1 -1 -1 -1 
1 1 1 1 1 1 -1 1 -1 -1 1 -1 -1 -1 -1 -1 -1 -1 -1 -1 
-1 -1 -1 1 1 1 1 1 1 -1 -1 -1 -1 -1 -1 -1 -1 -1 -1 -1 
-1 -1 1 1 -1 2 1 1 1 -1 -1 -1 -1 -1 -1 1 -1 -1 -1 -1 
-1 1 -1 1 2 2 -1 1 1 -1 -1 -1 -1 -1 1 1 -1 -1 -1 -1 
-1 1 1 2 2 2 -1 -1 -1 -1 -1 1 -1 1 -1 -1 -1 -1 -1 -1 
4 -1 2 -1 -1 -1 -1 -1 -1 -1 -1 2 2 -1 -1 4 4 -1 4 4 
4 2 2 -1 2 2 -1 -1 -1 -1 -1 1 2 2 -1 1 -1 4 -1 1 
4 2 2 -1 2 2 -1 -1 -1 1 1 -1 2 -1 1 -1 -1 1 4 1 
1 2 2 -1 -1 -1 2 2 2 1 1 1 1 -1 1 -1 1 -1 1 1 
1 -1 -1 2 2 2 2 2 -1 4 -1 -1 -1 -1 1 -1 1 1 -1 1 
-1 -1 -1 2 -1 -1 -1 -1 4 4 -1 -1 -1 1 1 1 1 1 -1 -1 
-1 -1 -1 -1 -1 -1 -1 4 1 4 1 -1 -1 1 1 1 1 1 1 -1 
1 -1 -1 -1 -1 -1 -1 -1 -1 1 -1 1 1 1 1 -1 1 4 1 1 
1 1 1 -1 -1 -1 1 -1 -1 1 1 1 1 -1 1 4 4 1 -1 -1 
-1 1 -1 -1 -1 -1 -1 1 -1 1 1 1 1 1 1 -1 4 4 -1 -1 
4 4 1 2 -1 -1 -1 -1 -1 -1 -1 1 -1 4 4 4 4 4 4 4 
2 2 2 2 2 1 1 4 -1 4 1 1 1 1 4 4 -1 4 4 4 
-1 4 -1 -1 -1 -1 1 4 4 4 1 1 1 1 4 -1 -1 4 4 -1 
-1 4 -1 -1 1 1 -1 1 4 4 4 -1 1 1 1 -1 -1 4 -1 4 
4 -1 -1 -1 1 -1 -1 -1 1 1 -1 -1 4 4 4 -1 4 -1 4 4 
-1 -1 -1 -1 -1 -1 -1 -1 -1 -1 -1 -1 4 -1 4 4 4 4 4 4 
-1 -1 -1 -1 -1 -1 -1 -1 -1 4 4 4 -1 4 -1 -1 -1 4 4 -1 
4 -1 -1 -1 -1 -1 -1 -1 -1 -1 4 -1 -1 -1 -1 -1 4 4 4 4 
4 -1 -1 -1 -1 -1 -1 -1 -1 -1 -1 -1 -1 -1 -1 4 4 4 4 4 
-1 -1 -1 -1 -1 -1 -1 -1 -1 -1 2 -1 2 2 -1 4 4 4 -1 4 
4 4 -1 -1 -1 4 1 1 1 8 8 4 4 4 -1 4 4 -1 -1 -1 
4 -1 -1 -1 -1 4 1 1 1 1 -1 -1 1 1 4 -1 4 -1 4 4 
-1 -1 -1 -1 4 4 4 4 -1 -1 -1 1 -1 -1 1 1 4 4 -1 4 
4 4 4 4 4 4 4 4 -1 -1 1 -1 1 -1 1 -1 1 -1 1 1 
1 -1 -1 4 1 4 4 4 4 -1 -1 -1 -1 1 -1 1 1 1 1 4 
1 -1 -1 4 4 -1 -1 -1 4 -1 -1 -1 -1 1 -1 1 1 1 -1 1 
1 -1 -1 -1 4 1 1 -1 1 -1 -1 -1 -1 1 -1 1 1 1 1 4 
-1 -1 -1 4 4 -1 -1 -1 1 1 -1 -1 -1 -1 1 1 -1 1 4 4 
-1 -1 -1 -1 4 4 -1 -1 4 -1 -1 -1 -1 -1 1 -1 -1 4 32 4 
4 -1 -1 -1 -1 -1 4 4 -1 -1 -1 -1 -1 1 -1 -1 -1 -1 4 4 
4 -1 4 -1 4 4 -1 4 4 4 -1 -1 -1 -1 1 1 4 -1 -1 4 
4 1 -1 1 4 4 4 -1 4 -1 -1 1 1 1 4 4 4 -1 1 -1 
1 1 1 1 4 4 -1 -1 -1 4 -1 1 -1 4 1 4 -1 -1 1 1 
1 1 -1 1 -1 -1 4 4 -1 4 -1 -1 -1 1 4 4 -1 -1 -1 1 
1 1 1 1 1 -1 4 4 4 1 1 4 -1 -1 4 4 -1 -1 -1 1 
-1 1 1 1 1 -1 -1 -1 -1 1 -1 5 1 1 -1 -1 -1 -1 -1 -1 
2 -1 2 2 -1 1 1 -1 -1 1 1 1 5 4 -1 -1 -1 -1 -1 -1 
2 2 2 2 -1 -1 1 1 1 1 1 5 1 4 4 -1 -1 -1 -1 -1 
2 -1 -1 -1 -1 -1 4 1 1 1 5 -1 4 4 4 -1 6 -1 -1 -1 
-1 -1 -1 -1 -1 -1 1 1 1 8 1 -1 4 4 4 4 4 -1 -1 -1 
5 5 5 4 4 -1 4 4 5 2 1 -1 5 -1 5 -1 -1 1 5 5 
5 5 4 5 -1 4 4 1 2 -1 5 5 5 -1 5 5 5 5 5 5 
-1 5 5 -1 4 4 -1 1 1 1 1 1 5 -1 5 5 5 5 5 5 
5 5 1 1 4 1 1 -1 1 1 1 1 5 1 5 5 -1 -1 5 4 
5 -1 1 1 1 -1 1 1 1 1 1 1 1 5 5 1 1 1 4 4 
4 -1 -1 1 1 -1 1 1 1 1 1 1 1 1 4 4 1 4 -1 1 
-1 4 1 1 -1 1 -1 1 1 1 1 1 -1 4 1 4 1 4 1 1 
-1 1 1 1 -1 1 1 1 1 1 1 1 1 4 1 -1 -1 -1 1 1 
-1 1 4 1 1 1 1 1 1 1 1 1 1 1 1 1 -1 -1 -1 1 
-1 4 -1 4 1 1 1 1 1 1 1 1 1 1 4 4 1 4 4 1 
-1 -1 -1 2 2 1 1 1 1 4 -1 -1 -1 1 -1 4 1 4 -1 1 
5 33 1 2 1 1 1 1 1 1 4 4 1 1 1 1 -1 -1 -1 5 
5 4 33 1 4 1 1 1 1 1 -1 -1 1 -1 1 -1 -1 4 5 -1 
4 4 4 4 4 1 1 1 1 1 -1 4 1 1 1 1 -1 4 4 1 
4 5 -1 5 1 1 1 4 -1 -1 -1 1 4 1 4 4 4 4 -1 5 
5 -1 -1 1 -1 -1 1 -1 4 4 4 4 -1 -1 4 4 4 4 4 32 
32 -1 1 4 33 33 -1 33 2 1 1 -1 4 1 5 4 4 -1 4 32 
32 5 1 33 4 4 4 4 -1 1 2 2 2 4 5 5 5 4 5 5 
-1 5 5 -1 33 -1 4 -1 -1 -1 2 -1 -1 -1 5 -1 5 1 -1 -1 
5 5 5 4 -1 -1 4 4 2 2 2 1 -1 -1 -1 5 1 1 4 5 
-1 4 4 1 1 -1 1 1 1 1 4 5 5 5 5 1 1 1 4 1 
4 4 4 -1 -1 1 1 1 5 4 -1 4 4 5 4 5 4 1 1 1 
4 -1 -1 4 1 1 4 5 1 -1 5 4 1 5 5 5 1 3 4 1 
4 4 4 1 4 4 4 4 5 5 -1 5 4 5 5 1 1 1 1 1 
4 4 4 1 1 1 1 5 5 5 5 4 5 33 33 1 3 1 1 1 
1 4 4 -1 4 1 1 1 4 5 4 5 33 33 1 3 1 1 1 4 
4 1 4 -1 4 -1 1 1 5 5 4 33 5 5 1 1 3 1 1 1 
1 4 4 1 1 4 1 1 5 -1 5 5 5 1 1 1 1 3 1 -1 
1 1 4 1 1 1 4 4 -1 -1 -1 3 3 1 1 4 -1 1 -1 1 
1 4 4 1 4 1 4 4 -1 1 1 4 4 4 4 4 1 5 -1 5 
1 -1 4 4 1 5 1 4 -1 -1 -1 4 4 -1 1 1 3 5 5 1 
-1 4 4 5 5 5 5 -1 -1 -1 -1 4 3 1 5 5 5 5 5 5 
5 4 4 5 4 4 4 -1 -1 -1 3 1 -1 5 5 4 5 5 5 5 
4 4 5 4 -1 -1 4 1 -1 -1 1 1 1 5 5 5 4 5 5 4 
-1 -1 1 1 1 33 33 -1 1 1 1 1 1 5 1 5 4 4 5 4 
4 4 -1 1 33 1 1 1 1 1 1 1 1 1 5 5 5 5 -1 1 
1 -1 4 -1 -1 1 1 1 1 1 1 1 1 1 1 5 4 -1 4 -1 
-1 4 1 1 -1 1 1 1 1 -1 -1 -1 1 4 4 1 4 -1 4 4 
-1 1 -1 1 1 1 1 1 1 1 1 4 -1 1 -1 4 4 4 4 4 
1 -1 4 4 -1 1 1 1 1 1 1 -1 4 5 -1 -1 4 4 4 -1 
-1 4 4 34 34 -1 -1 1 1 -1 1 9 1 9 5 5 4 4 4 4 
-1 4 -1 -1 -1 -1 34 1 1 1 1 1 9 1 5 5 -1 4 4 4 
4 5 -1 34 32 40 40 1 -1 1 1 1 1 1 1 -1 5 4 4 4 
4 4 32 34 32 32 1 1 1 1 1 1 4 1 5 1 4 5 4 5 
5 5 -1 34 34 34 32 1 1 1 1 1 4 5 5 5 4 -1 5 5 
5 -1 -1 -1 1 34 32 1 1 1 1 1 4 4 5 5 4 4 4 5 
2 -1 4 32 32 4 34 1 1 1 1 -1 4 4 4 5 5 2 2 2 
-1 -1 4 4 4 34 4 1 1 1 -1 2 4 4 4 4 5 -1 2 4 
-1 -1 4 4 1 -1 2 2 1 1 1 1 2 1 4 4 4 4 4 2 
-1 4 4 4 4 1 3 -1 1 1 -1 1 1 4 4 4 4 4 4 4 
4 4 -1 4 -1 4 2 3 -1 1 1 -1 1 1 1 1 4 4 -1 -1 
4 -1 -1 -1 2 2 3 3 3 -1 1 -1 1 1 1 1 4 4 4 -1 
-1 4 4 -1 1 -1 2 2 1 1 1 1 1 1 -1 1 1 4 4 -1 
-1 4 1 4 4 4 4 3 4 4 12 6 6 -1 4 1 5 5 4 -1 
4 4 1 4 4 12 4 4 3 12 12 1 1 1 5 4 5 -1 5 5 
4 4 1 4 4 4 4 4 12 12 5 4 1 1 1 -1 1 1 4 -1 
1 -1 4 4 4 4 12 4 1 4 12 4 1 1 5 4 1 1 1 5 
4 1 -1 4 -1 4 4 1 12 4 12 1 1 1 1 4 -1 4 -1 -1 
5 1 1 -1 -1 34 -1 -1 1 4 1 1 1 1 1 4 4 1 4 4 
4 5 34 34 34 -1 1 1 1 1 4 1 1 1 1 4 4 4 4 4 
-1 5 1 5 -1 -1 -1 2 2 4 2 1 1 2 1 2 2 -1 1 -1 
4 5 5 2 -1 -1 2 -1 4 2 2 2 2 8 8 1 -1 1 4 4 
-1 4 5 4 5 -1 4 -1 -1 2 2 2 2 -1 1 1 -1 4 4 4 
5 4 4 5 4 5 -1 2 2 2 2 4 2 4 -1 -1 -1 -1 4 -1 
4 4 4 4 5 5 6 -1 6 6 2 4 -1 4 4 -1 -1 2 -1 2 
4 4 4 4 -1 6 4 6 2 2 2 4 4 -1 4 4 -1 -1 2 4 
-1 4 4 2 2 2 4 2 2 2 6 6 6 -1 4 -1 4 1 1 4 
1 -1 -1 4 2 2 2 4 2 33 33 6 6 2 2 4 1 -1 1 4 
1 4 4 2 2 2 4 2 33 -1 33 4 4 4 2 1 4 1 1 1 
-1 2 4 -1 2 -1 2 5 5 2 4 -1 1 1 2 1 1 4 1 1 
-1 5 2 5 2 2 4 5 5 5 5 5 5 2 1 4 1 -1 1 -1 
-1 -1 4 5 -1 -1 4 -1 33 33 33 5 -1 1 1 1 -1 -1 1 -1 
-1 4 4 5 2 2 -1 33 33 33 -1 5 1 1 -1 1 1 1 1 1 
4 4 5 5 -1 2 2 1 4 2 2 2 -1 1 1 1 1 2 -1 1 
1 4 5 5 1 1 1 -1 -1 2 -1 2 1 -1 -1 -1 2 -1 2 1 
4 4 5 5 1 1 1 4 4 5 4 2 2 -1 -1 1 1 1 1 1 
1 5 5 1 4 -1 4 -1 4 4 2 1 2 1 -1 1 1 1 1 1 
-1 5 5 5 5 5 -1 -1 -1 2 4 1 -1 -1 -1 -1 -1 1 1 4 
4 5 5 5 5 4 -1 5 -1 2 1 1 1 2 2 2 2 2 1 1 
5 1 5 5 4 -1 5 2 5 2 2 1 1 2 2 2 2 1 1 -1 
2 2 2 6 -1 1 1 1 1 1 1 2 2 2 2 2 -1 2 2 -1 
2 -1 -1 2 2 1 1 1 1 1 1 1 1 2 -1 -1 2 1 2 2 
-1 2 2 2 2 1 1 2 2 2 1 1 1 -1 2 2 2 1 1 2 
2 2 2 2 -1 -1 1 1 2 2 2 -1 2 2 2 1 1 1 2 1 
2 2 2 -1 -1 -1 2 2 2 2 2 2 2 -1 2 2 -1 -1 1 2 
2 -1 -1 -1 -1 -1 2 2 -1 2 2 -1 5 5 2 2 -1 1 1 1 
2 2 2 -1 -1 2 2 -1 2 2 2 4 5 5 5 2 1 2 -1 -1 
2 1 2 2 2 2 -1 2 -1 2 4 4 5 5 1 1 1 2 -1 -1 
1 2 2 -1 -1 -1 2 2 2 -1 4 4 -1 5 1 1 1 1 -1 -1 
1 2 -1 2 2 -1 2 2 2 -1 -1 -1 4 1 1 1 1 1 1 1 
-1 -1 -1 2 2 2 2 2 2 2 -1 4 4 2 2 1 4 1 1 1 
1 2 2 2 2 -1 -1 2 2 2 1 4 4 4 1 4 4 -1 1 2 
2 2 2 2 2 2 4 4 2 2 2 1 -1 1 4 1 -1 2 2 2 
2 2 2 2 -1 -1 2 -1 2 2 2 5 5 5 5 4 4 2 2 2 
-1 -1 2 2 -1 2 2 1 2 2 2 2 5 5 5 2 2 2 2 -1 
2 2 -1 2 2 2 2 2 1 1 2 2 5 5 5 -1 2 2 2 2 
2 2 2 2 -1 2 2 1 1 -1 1 2 2 2 2 2 2 2 -1 2 
6 -1 -1 4 -1 2 2 1 2 1 1 2 2 2 -1 2 2 -1 -1 -1 
-1 6 6 -1 1 -1 -1 2 1 2 2 1 2 -1 2 2 -1 -1 -1 -1 
-1 -1 6 1 -1 -1 1 1 -1 1 2 2 2 2 2 2 -1 -1 -1 -1 
1 -1 -1 -1 -1 -1 -1 2 2 -1 -1 2 2 -1 -1 -1 -1 2 -1 1 
1 2 2 2 -1 -1 -1 2 2 -1 -1 2 2 2 2 -1 2 -1 -1 1 
-1 1 -1 -1 2 -1 -1 -1 -1 -1 -1 -1 2 2 2 2 -1 -1 -1 -1 
-1 2 -1 -1 2 2 2 2 -1 -1 -1 1 2 1 2 2 -1 -1 -1 -1 
2 2 -1 2 -1 2 2 -1 1 -1 -1 1 2 1 2 2 -1 -1 -1 2 
2 -1 -1 -1 2 -1 2 2 -1 -1 -1 -1 2 2 2 -1 2 2 -1 2 
-1 -1 -1 -1 2 2 2 -1 -1 -1 2 2 2 2 -1 2 2 -1 2 2 
-1 -1 -1 -1 2 2 -1 -1 -1 2 2 -1 2 1 1 2 2 -1 -1 2 
2 -1 2 2 -1 2 2 -1 -1 -1 2 2 2 -1 2 -1 -1 2 -1 -1 
2 2 -1 -1 -1 -1 -1 -1 -1 -1 2 2 2 2 2 -1 -1 -1 -1 2 
-1 -1 -1 -1 -1 1 -1 -1 -1 -1 -1 2 2 1 2 -1 -1 -1 -1 -1 
-1 2 -1 -1 -1 1 -1 -1 -1 -1 -1 1 2 1 2 -1 -1 -1 -1 -1 
-1 -1 -1 -1 -1 -1 1 -1 -1 -1 1 1 1 2 2 -1 -1 -1 -1 -1 
-1 -1 -1 -1 -1 -1 -1 1 -1 2 -1 1 1 2 2 -1 -1 2 2 -1 
-1 -1 -1 1 2 2 1 2 2 -1 2 1 1 1 -1 2 2 2 1 2 
1 1 1 1 -1 2 2 2 2 2 -1 1 -1 1 2 -1 2 2 -1 1 
2 -1 1 -1 2 2 -1 -1 2 2 2 1 -1 1 2 2 -1 1 1 2 
-1 -1 -1 -1 2 -1 -1 -1 2 2 2 -1 2 2 -1 2 -1 -1 -1 -1 
-1 -1 -1 -1 -1 2 -1 -1 -1 -1 -1 -1 2 2 2 -1 2 2 2 -1 
-1 -1 -1 -1 -1 2 2 2 -1 -1 -1 2 2 -1 -1 -1 -1 -1 1 -1 
2 2 2 3 -1 -1 -1 -1 2 2 2 2 2 -1 -1 1 -1 1 2 -1 
2 2 -1 2 3 -1 -1 2 2 2 2 -1 2 -1 1 1 1 1 1 1 
2 -1 3 2 -1 3 3 2 2 -1 -1 2 -1 2 1 1 1 1 3 2 
-1 2 3 2 2 -1 2 2 -1 -1 -1 -1 -1 -1 2 1 1 -1 -1 3 
-1 -1 -1 2 1 2 2 -1 -1 -1 -1 -1 -1 -1 1 1 1 2 1 -1 
-1 -1 -1 2 -1 -1 2 -1 -1 -1 -1 -1 -1 -1 -1 1 2 -1 -1 -1 
-1 -1 1 1 -1 -1 -1 -1 -1 -1 -1 -1 -1 -1 2 -1 1 1 -1 -1 
-1 -1 -1 1 2 2 -1 -1 -1 2 2 -1 -1 2 2 1 1 1 -1 -1 
-1 -1 -1 1 2 2 2 2 -1 1 2 2 -1 -1 2 2 2 -1 2 -1 
-1 1 -1 1 2 -1 2 -1 2 -1 2 -1 -1 -1 2 2 1 2 2 2 
8 1 1 1 1 1 2 -1 2 -1 -1 -1 -1 -1 -1 -1 2 -1 2 2 
2 8 4 -1 -1 1 2 2 2 2 -1 -1 -1 -1 -1 -1 2 -1 2 1 
2 2 8 4 -1 -1 -1 2 2 2 -1 -1 -1 -1 -1 2 2 2 2 1 
2 4 1 4 1 1 -1 -1 2 2 2 2 1 1 1 2 2 -1 -1 2 
2 1 4 1 4 4 2 2 2 2 -1 2 1 1 1 2 2 2 2 2 
4 2 1 -1 2 2 2 2 2 2 2 2 1 1 1 -1 -1 2 2 2 
-1 2 2 2 2 2 1 2 1 1 2 2 1 1 1 2 2 2 2 -1 
1 2 2 2 2 2 1 2 1 2 2 2 2 1 2 2 2 2 2 1 
2 2 2 2 -1 2 2 2 2 2 -1 2 2 2 2 2 2 1 1 2 
2 2 -1 2 2 2 -1 2 2 2 2 2 2 2 -1 2 -1 -1 2 2 
2 -1 2 -1 -1 -1 2 -1 -1 -1 -1 -1 1 1 2 1 1 -1 1 1 
-1 2 2 1 -1 2 -1 2 -1 -1 -1 2 2 -1 1 1 1 -1 -1 -1 
-1 1 1 1 1 2 -1 2 2 -1 2 2 2 1 1 1 1 -1 2 -1 
-1 -1 -1 1 2 2 2 2 2 -1 8 2 -1 1 1 1 1 1 -1 -1 
-1 -1 1 -1 1 -1 -1 2 -1 8 8 -1 1 1 1 1 1 2 2 -1 
-1 -1 -1 -1 -1 1 -1 -1 2 -1 2 8 1 1 1 1 2 2 1 1 
8 8 1 -1 -1 -1 -1 -1 2 -1 2 2 1 1 1 2 -1 1 2 1 
-1 1 8 -1 -1 -1 -1 -1 -1 2 2 2 -1 -1 -1 -1 8 1 1 -1 
1 1 -1 -1 -1 -1 -1 -1 -1 -1 -1 -1 -1 -1 -1 8 8 1 1 1 
1 1 1 1 -1 2 -1 -1 -1 -1 -1 -1 -1 -1 -1 -1 1 8 8 1 
8 1 1 1 1 -1 2 2 2 -1 -1 -1 -1 2 -1 1 1 -1 8 8 
-1 2 2 -1 -1 1 -1 -1 2 2 -1 -1 -1 -1 2 -1 1 2 8 8 
2 2 -1 2 2 -1 -1 -1 2 1 1 1 -1 1 2 2 2 -1 8 -1 
2 1 2 2 2 2 -1 2 1 -1 1 -1 1 2 2 2 2 8 2 -1 
2 1 2 -1 2 2 2 2 -1 -1 2 2 -1 2 2 2 -1 -1 2 2 
2 2 1 2 2 -1 -1 -1 2 2 2 -1 -1 2 2 2 1 -1 2 2 
2 1 1 1 1 -1 -1 -1 2 2 1 1 1 -1 2 2 1 1 2 -1 
1 1 1 1 -1 -1 1 -1 2 2 -1 1 2 2 2 2 2 1 1 -1 
1 -1 -1 -1 -1 -1 -1 1 -1 -1 -1 2 2 2 2 2 -1 -1 1 -1 
2 -1 2 2 -1 -1 -1 1 2 2 -1 1 2 2 2 1 -1 -1 -1 2 
2 2 2 2 1 -1 -1 2 -1 -1 -1 2 -1 -1 -1 1 1 1 -1 1 
2 2 2 1 1 1 -1 -1 -1 -1 -1 2 -1 -1 -1 -1 1 1 1 1 
2 2 2 2 1 1 2 2 2 -1 -1 -1 2 -1 1 1 -1 -1 -1 1 
-1 1 2 1 -1 1 1 2 2 -1 -1 -1 -1 2 1 1 -1 2 1 1 
1 1 1 1 1 1 1 2 2 -1 -1 -1 -1 1 -1 1 -1 -1 1 1 
1 1 2 2 -1 1 1 1 -1 1 -1 -1 -1 -1 -1 -1 -1 -1 -1 1 
-1 1 2 -1 1 -1 1 1 -1 1 -1 -1 -1 -1 2 2 -1 -1 -1 -1 
-1 -1 2 2 -1 -1 1 1 1 -1 -1 -1 -1 -1 2 -1 -1 -1 2 2 
2 2 2 -1 -1 -1 2 2 -1 1 2 -1 -1 -1 -1 -1 2 -1 -1 -1 
2 2 2 -1 -1 2 2 2 2 1 1 -1 -1 -1 -1 -1 2 -1 -1 -1 
1 -1 -1 -1 2 2 -1 2 2 2 -1 1 -1 2 2 2 2 2 1 1 
1 -1 -1 -1 -1 2 -1 -1 -1 -1 2 2 -1 4 2 2 2 2 2 1 
1 -1 -1 -1 -1 -1 2 -1 -1 2 2 2 2 4 4 -1 2 1 2 2 
-1 2 -1 -1 2 2 2 2 -1 -1 -1 2 2 2 4 4 4 1 -1 2 
-1 2 2 2 2 2 2 2 2 2 -1 2 2 2 2 4 -1 -1 -1 -1 
-1 -1 -1 -1 4 4 -1 4 2 -1 -1 -1 2 2 2 2 4 -1 -1 -1 
-1 -1 -1 -1 -1 4 4 4 -1 -1 -1 -1 -1 2 -1 -1 -1 2 -1 -1 
-1 -1 -1 -1 2 2 4 -1 -1 -1 -1 -1 -1 -1 -1 -1 -1 2 2 -1 
-1 -1 -1 2 -1 2 2 2 -1 -1 -1 -1 -1 -1 -1 -1 -1 2 -1 -1 
-1 -1 2 2 2 1 2 2 -1 -1 -1 -1 -1 -1 -1 -1 -1 -1 1 1 
2 4 -1 -1 -1 -1 -1 2 2 2 2 4 4 6 -1 -1 -1 -1 2 4 
4 4 4 -1 4 -1 -1 2 2 2 2 2 4 4 -1 -1 -1 -1 2 2 
4 4 -1 4 2 -1 2 2 2 4 2 4 4 4 4 4 4 -1 4 4 
4 1 1 1 1 1 2 -1 2 2 4 4 -1 -1 1 1 4 4 -1 -1 
1 1 1 1 1 1 2 4 2 2 4 4 -1 1 1 1 1 -1 1 -1 
1 1 1 -1 1 1 4 4 2 2 -1 4 4 1 1 1 1 -1 -1 1 
1 1 1 1 4 4 -1 2 -1 -1 4 4 1 1 1 1 1 -1 1 1 
1 -1 1 1 1 4 4 -1 4 4 -1 1 1 1 1 1 -1 1 1 1 
-1 -1 -1 4 -1 -1 4 4 4 4 4 1 1 1 -1 1 -1 -1 1 -1 
-1 -1 -1 -1 -1 4 4 4 1 4 1 1 1 -1 1 1 1 -1 2 2 
-1 -1 -1 2 4 4 4 4 4 1 -1 1 1 1 1 2 1 1 2 2 
-1 -1 -1 2 4 -1 -1 4 4 4 1 1 1 1 2 -1 -1 2 2 2 
-1 -1 2 -1 2 2 -1 -1 1 1 -1 2 1 1 1 2 -1 2 -1 2 
-1 -1 -1 2 2 2 2 1 1 1 2 -1 1 1 2 2 2 2 -1 -1 
-1 2 -1 2 2 2 2 2 -1 -1 1 -1 -1 1 2 2 2 -1 2 -1 
-1 -1 2 -1 -1 -1 -1 2 -1 1 -1 1 1 1 -1 2 2 2 1 1 
-1 -1 -1 2 -1 2 2 1 1 -1 1 -1 -1 1 2 2 1 1 1 2 
4 4 2 -1 2 2 2 2 1 -1 -1 2 -1 1 1 2 2 -1 2 4 
2 4 4 -1 2 2 -1 -1 -1 -1 -1 6 6 1 1 2 2 2 2 2 
4 4 4 -1 -1 -1 2 2 -1 4 4 2 4 -1 -1 2 -1 2 2 2 
-1 -1 -1 -1 -1 -1 -1 -1 -1 6 4 4 -1 -1 -1 -1 2 -1 2 1 
-1 2 -1 -1 -1 -1 -1 4 -1 4 6 -1 -1 -1 -1 -1 2 2 -1 2 
2 -1 -1 -1 -1 -1 4 -1 4 4 6 -1 -1 -1 -1 -1 1 2 -1 2 
1 -1 -1 -1 -1 -1 -1 4 -1 -1 -1 -1 -1 -1 -1 1 1 -1 1 -1 
1 1 1 1 -1 -1 -1 -1 4 -1 -1 -1 -1 -1 -1 -1 -1 1 1 -1 
1 1 -1 -1 -1 -1 -1 -1 -1 -1 -1 -1 -1 -1 -1 1 -1 1 -1 1 
-1 -1 -1 -1 -1 -1 -1 -1 -1 -1 -1 -1 -1 -1 -1 -1 1 1 1 1 
1 1 1 -1 -1 -1 -1 -1 -1 -1 -1 -1 -1 -1 -1 -1 1 1 1 1 
1 -1 1 -1 1 1 -1 -1 -1 -1 -1 -1 4 2 2 2 -1 -1 1 -1 
-1 -1 1 1 1 1 1 -1 -1 -1 4 4 -1 -1 2 2 1 1 1 1 
-1 1 -1 1 -1 1 -1 -1 -1 4 4 4 -1 -1 -1 1 1 1 -1 -1 
-1 -1 -1 -1 -1 1 1 4 -1 -1 4 -1 -1 -1 1 1 1 1 1 1 
1 -1 1 -1 -1 -1 -1 -1 4 4 4 1 -1 -1 1 1 4 2 1 1 
-1 1 4 -1 -1 4 4 2 4 4 -1 4 1 2 -1 -1 -1 -1 -1 -1 
-1 1 4 4 4 4 4 4 4 4 4 4 2 1 -1 2 -1 -1 -1 -1 
-1 1 -1 4 -1 4 4 4 2 4 4 4 -1 -1 2 4 -1 -1 -1 -1 
-1 -1 1 -1 4 4 4 4 2 2 4 4 4 -1 2 2 -1 -1 -1 -1 
-1 1 1 1 1 4 1 2 -1 4 -1 4 4 -1 2 -1 -1 -1 -1 -1 
1 -1 1 -1 1 -1 1 4 4 4 4 4 4 4 -1 -1 -1 2 -1 -1 
1 1 1 1 -1 -1 -1 -1 4 4 4 4 4 -1 -1 -1 2 -1 -1 1 
1 1 1 2 2 2 2 2 -1 1 1 1 1 1 1 2 4 4 1 4 
1 1 1 2 2 2 2 -1 2 -1 1 1 1 1 1 2 4 4 4 1 
1 1 -1 2 2 2 2 -1 -1 -1 -1 1 -1 2 2 2 -1 -1 1 4 
1 -1 -1 -1 2 -1 2 -1 2 -1 1 1 1 2 2 2 -1 -1 1 -1 
-1 1 -1 -1 -1 -1 -1 -1 -1 -1 1 -1 -1 1 1 2 -1 -1 1 -1 
1 1 -1 -1 -1 -1 -1 -1 -1 -1 -1 -1 -1 -1 1 2 1 1 1 -1 
1 1 -1 -1 -1 -1 -1 -1 -1 -1 -1 -1 -1 -1 1 1 1 1 1 1 
1 1 1 -1 -1 -1 -1 -1 -1 4 -1 -1 -1 -1 1 1 1 1 1 1 
1 1 1 1 1 -1 -1 -1 -1 -1 4 4 -1 2 1 1 1 1 1 8 
1 1 -1 -1 1 -1 -1 -1 -1 -1 -1 -1 2 2 -1 1 -1 1 1 1 
1 1 1 1 -1 -1 -1 -1 -1 -1 -1 -1 -1 -1 -1 -1 1 -1 1 1 
1 1 1 1 1 -1 -1 2 -1 -1 -1 -1 -1 -1 -1 4 4 -1 1 1 
1 -1 1 1 -1 1 2 2 2 -1 -1 -1 -1 -1 4 4 4 1 -1 -1 
-1 -1 1 1 1 -1 2 2 2 -1 -1 -1 -1 -1 -1 4 4 -1 -1 -1 
-1 -1 -1 -1 -1 2 2 2 2 2 2 -1 -1 -1 -1 4 -1 -1 -1 -1 
-1 -1 -1 -1 -1 2 2 2 2 -1 -1 -1 -1 -1 -1 1 -1 -1 -1 -1 
-1 -1 -1 2 -1 2 2 2 2 2 -1 -1 -1 -1 -1 -1 -1 -1 -1 4 
-1 -1 -1 2 6 2 2 2 -1 -1 -1 -1 -1 -1 -1 -1 4 4 4 -1 
-1 -1 2 1 2 2 2 -1 -1 -1 -1 1 -1 1 -1 -1 4 4 4 -1 
1 1 -1 2 2 2 2 2 -1 -1 1 2 1 -1 2 -1 4 1 1 1 
-1 -1 -1 -1 -1 -1 -1 -1 -1 -1 4 4 -1 -1 -1 -1 -1 -1 -1 -1 
-1 -1 -1 -1 -1 -1 -1 -1 -1 -1 -1 1 -1 -1 -1 -1 -1 1 -1 -1 
-1 -1 -1 -1 -1 -1 -1 -1 -1 -1 -1 -1 1 -1 -1 -1 1 -1 -1 -1 
-1 -1 -1 -1 -1 -1 -1 -1 -1 -1 -1 -1 -1 -1 1 -1 -1 1 -1 -1 
-1 -1 -1 -1 -1 -1 -1 -1 -1 -1 -1 1 -1 -1 1 1 -1 -1 -1 -1 
-1 -1 -1 -1 2 -1 -1 -1 -1 -1 -1 -1 1 1 1 1 -1 -1 -1 -1 
-1 -1 -1 -1 -1 2 2 2 -1 -1 1 1 -1 1 1 1 1 -1 -1 -1 
1 -1 -1 -1 -1 -1 -1 -1 -1 -1 1 -1 -1 1 1 1 -1 -1 -1 -1 
1 -1 -1 -1 -1 -1 -1 -1 -1 -1 1 -1 -1 -1 -1 -1 -1 -1 1 1 
-1 -1 -1 -1 -1 -1 -1 -1 -1 -1 1 8 -1 -1 -1 -1 -1 -1 1 -1 
-1 -1 -1 -1 -1 -1 -1 -1 -1 -1 -1 -1 8 8 -1 8 -1 -1 -1 -1 
-1 -1 -1 -1 -1 -1 -1 -1 -1 -1 8 8 8 -1 -1 -1 8 -1 -1 -1 
-1 -1 -1 -1 -1 -1 -1 -1 -1 -1 -1 -1 -1 8 -1 -1 8 -1 -1 -1 
-1 -1 -1 -1 -1 -1 -1 -1 -1 -1 -1 -1 8 8 -1 8 -1 -1 -1 -1 
-1 -1 -1 -1 -1 -1 -1 -1 4 4 -1 8 8 -1 -1 -1 -1 -1 -1 -1 
-1 2 2 -1 -1 -1 -1 -1 -1 -1 -1 -1 -1 -1 -1 -1 -1 -1 -1 -1 
-1 -1 -1 -1 -1 -1 -1 -1 -1 4 -1 -1 -1 -1 -1 -1 -1 -1 -1 -1 
-1 -1 -1 -1 -1 -1 -1 -1 -1 4 4 4 -1 -1 -1 -1 -1 -1 -1 -1 
-1 -1 -1 -1 -1 -1 -1 -1 -1 -1 4 4 -1 -1 -1 -1 -1 -1 -1 -1 
-1 -1 -1 -1 -1 -1 -1 -1 -1 -1 4 2 -1 -1 -1 -1 -1 -1 -1 -1 
-1 -1 -1 -1 -1 -1 -1 -1 -1 -1 -1 -1 -1 -1 -1 -1 -1 -1 -1 -1 
-1 1 -1 -1 -1 -1 -1 -1 -1 -1 -1 -1 1 -1 -1 -1 -1 -1 -1 -1 
1 1 -1 1 -1 -1 -1 -1 -1 1 -1 -1 8 1 -1 -1 -1 -1 -1 1 
1 -1 1 1 -1 -1 -1 4 4 4 1 1 1 8 8 -1 8 -1 -1 1 
1 -1 -1 -1 -1 1 -1 -1 1 4 1 1 1 1 -1 8 -1 8 -1 1 
-1 -1 -1 -1 -1 1 1 1 1 -1 4 4 1 1 1 1 -1 8 -1 -1 
-1 -1 -1 -1 -1 -1 -1 1 -1 -1 -1 4 4 4 1 1 8 -1 8 -1 
-1 -1 -1 -1 -1 -1 -1 -1 -1 -1 -1 -1 -1 -1 -1 -1 1 8 8 -1 
-1 -1 -1 -1 1 -1 -1 -1 -1 -1 -1 -1 -1 1 -1 -1 1 1 2 2 
2 1 1 1 -1 -1 -1 -1 -1 -1 -1 1 1 1 1 1 -1 1 2 2 
1 1 -1 1 1 -1 -1 -1 -1 -1 -1 1 1 1 1 1 1 1 1 2 
1 -1 1 1 -1 -1 -1 -1 -1 -1 -1 -1 -1 1 -1 1 1 1 2 1 
2 1 1 1 -1 -1 -1 -1 -1 -1 -1 -1 -1 -1 -1 1 1 1 -1 2 
-1 1 1 1 1 -1 -1 -1 -1 2 -1 -1 -1 -1 -1 -1 1 -1 -1 -1 
1 1 1 -1 -1 -1 -1 -1 2 -1 -1 -1 -1 -1 -1 -1 -1 -1 -1 -1 
-1 -1 -1 -1 -1 -1 -1 -1 -1 -1 -1 -1 -1 -1 -1 -1 -1 -1 -1 -1 
-1 -1 -1 -1 -1 -1 -1 -1 -1 -1 -1 -1 -1 -1 -1 8 -1 1 -1 -1 
-1 -1 -1 -1 -1 -1 -1 -1 -1 -1 -1 -1 -1 -1 -1 -1 8 1 -1 -1 
-1 -1 -1 -1 -1 -1 -1 -1 -1 -1 -1 -1 -1 -1 -1 -1 8 -1 -1 -1 
-1 -1 -1 -1 -1 -1 -1 -1 -1 -1 -1 -1 -1 -1 -1 -1 -1 -1 -1 -1 
-1 1 1 1 1 2 2 2 -1 -1 -1 -1 -1 -1 -1 -1 -1 -1 -1 -1 
1 -1 1 1 -1 1 2 -1 -1 -1 -1 -1 -1 -1 -1 -1 1 1 -1 -1 
2 -1 1 1 1 1 -1 2 -1 -1 -1 -1 1 -1 -1 -1 -1 -1 1 1 
-1 -1 -1 1 1 1 -1 2 -1 -1 -1 1 1 -1 -1 -1 -1 1 -1 1 
-1 -1 2 2 -1 -1 -1 -1 -1 -1 1 -1 -1 -1 -1 1 -1 1 -1 -1 
2 1 1 2 2 2 -1 -1 -1 -1 -1 -1 -1 -1 -1 1 1 1 1 1 
1 2 -1 2 2 -1 -1 -1 -1 -1 -1 -1 -1 -1 -1 1 1 1 1 2 
2 2 2 -1 2 -1 -1 -1 -1 -1 -1 -1 -1 -1 -1 -1 1 1 1 2 
2 1 -1 2 -1 -1 -1 -1 -1 -1 2 -1 -1 -1 -1 -1 1 1 2 2 
-1 -1 1 -1 -1 -1 -1 -1 -1 -1 2 -1 -1 -1 -1 -1 1 1 1 1 
1 1 1 1 -1 -1 -1 -1 -1 -1 2 -1 -1 -1 -1 -1 1 1 1 1 
1 1 1 -1 -1 -1 -1 -1 -1 2 2 -1 -1 -1 -1 -1 -1 1 1 1 
1 1 1 1 -1 -1 -1 -1 2 2 2 2 4 -1 -1 -1 1 1 1 1 
-1 1 -1 -1 1 -1 -1 -1 2 2 -1 4 4 4 -1 1 -1 1 1 1 
1 -1 -1 -1 -1 -1 -1 -1 2 4 4 4 4 4 -1 -1 -1 1 -1 -1 
-1 -1 -1 -1 -1 -1 1 -1 1 -1 -1 4 4 -1 -1 -1 1 1 -1 1 
-1 -1 -1 -1 -1 1 -1 1 1 1 -1 -1 -1 -1 -1 -1 -1 -1 -1 -1 
-1 -1 -1 -1 1 1 1 -1 1 1 1 -1 -1 -1 -1 -1 -1 -1 -1 -1 
-1 -1 -1 1 1 1 -1 -1 1 -1 1 1 -1 -1 -1 -1 -1 -1 -1 -1 
-1 -1 -1 1 1 1 2 -1 -1 -1 -1 4 -1 -1 -1 -1 -1 -1 -1 -1 
1 1 1 1 -1 2 2 -1 -1 2 -1 2 2 2 2 2 2 2 2 2 
-1 1 1 -1 -1 -1 2 -1 -1 2 2 2 2 2 2 2 -1 2 2 1 
1 1 1 1 1 -1 -1 -1 -1 -1 2 2 2 -1 1 2 2 2 2 1 
1 1 -1 1 1 -1 1 -1 -1 -1 2 2 -1 -1 2 1 1 2 -1 1 
1 1 1 -1 1 -1 -1 1 -1 -1 -1 -1 -1 -1 2 2 1 -1 1 1 
1 1 -1 -1 -1 -1 -1 1 -1 -1 -1 -1 -1 -1 -1 2 -1 -1 2 1 
1 1 2 -1 1 -1 -1 1 1 1 -1 -1 -1 -1 -1 -1 1 1 -1 2 
2 2 2 -1 -1 1 1 1 -1 -1 -1 8 -1 -1 -1 1 1 1 1 2 
2 -1 2 2 -1 1 1 -1 -1 -1 8 -1 -1 -1 -1 1 -1 -1 2 2 
2 2 2 2 2 1 2 1 2 -1 -1 -1 -1 -1 -1 -1 -1 1 2 2 
-1 -1 2 2 2 2 1 1 2 2 -1 -1 -1 -1 -1 -1 1 -1 2 2 
1 1 2 2 2 2 2 -1 2 2 2 -1 -1 -1 -1 -1 -1 -1 -1 1 
1 2 2 2 2 2 2 2 2 2 2 2 2 -1 -1 -1 -1 -1 1 1 
2 2 2 2 2 2 2 2 2 2 2 -1 -1 2 -1 -1 -1 1 -1 1 
2 1 2 2 2 2 2 2 2 2 -1 2 -1 -1 -1 -1 -1 1 1 2 
-1 -1 -1 2 2 2 2 2 2 2 2 -1 -1 -1 -1 -1 1 1 -1 -1 
2 1 -1 -1 2 2 2 2 2 2 2 2 2 -1 -1 -1 1 -1 -1 1 
1 1 -1 -1 -1 2 2 2 2 -1 2 -1 -1 -1 2 2 2 2 1 2 
1 1 -1 -1 -1 2 2 2 2 2 2 2 2 -1 2 2 2 2 2 2 
1 -1 -1 1 -1 -1 2 2 2 2 -1 2 2 2 2 2 2 2 2 2 
2 2 2 2 2 1 -1 1 1 8 8 1 1 -1 -1 2 2 2 2 2 
2 -1 2 2 2 -1 -1 1 -1 -1 1 1 1 2 2 1 1 2 2 2 
-1 2 2 -1 2 -1 -1 -1 -1 1 1 1 1 1 1 2 2 2 -1 2 
-1 8 -1 -1 -1 -1 -1 -1 -1 1 1 1 1 1 1 1 1 -1 -1 -1 
8 -1 -1 -1 -1 -1 -1 2 1 1 1 1 1 1 1 1 1 1 1 1 
1 -1 -1 -1 -1 1 1 2 -1 1 1 1 1 1 1 1 1 1 1 1 
1 -1 1 1 1 1 1 -1 -1 1 1 1 1 1 1 1 1 1 1 1 
1 1 1 1 1 1 -1 1 1 1 1 1 1 1 1 1 1 1 1 1 
1 1 1 1 1 -1 -1 -1 -1 -1 1 1 -1 1 1 1 1 1 1 -1 
1 1 8 1 1 -1 -1 -1 -1 -1 1 1 -1 -1 -1 1 1 1 1 1 
1 1 8 1 1 -1 -1 1 1 1 1 -1 1 2 2 2 8 -1 8 1 
8 2 8 1 1 -1 1 1 1 1 1 1 -1 2 2 8 8 8 8 8 
8 2 2 -1 1 -1 1 1 1 1 1 1 -1 2 2 8 8 8 8 8 
8 2 2 2 2 1 1 1 1 -1 1 1 2 2 2 -1 8 8 8 8 
2 8 2 1 1 1 1 1 1 2 -1 -1 2 2 2 -1 -1 -1 2 8 
2 2 2 1 1 1 1 1 1 2 2 -1 2 2 2 2 2 2 2 2 
-1 2 2 1 1 1 1 1 1 2 1 2 -1 2 -1 2 2 2 2 2 
2 2 2 1 1 -1 1 1 1 1 1 1 1 1 2 2 2 2 1 2 
2 2 2 1 2 1 1 1 2 2 1 1 1 -1 2 2 2 2 1 2 
2 2 2 2 1 1 1 -1 2 -1 1 1 1 -1 2 2 2 2 2 2 
-1 -1 -1 -1 -1 -1 8 8 8 8 8 8 2 -1 -1 8 8 1 1 1 
1 -1 -1 -1 -1 -1 -1 8 8 8 8 -1 8 -1 -1 8 8 8 1 1 
1 -1 -1 -1 -1 -1 -1 -1 8 -1 8 8 -1 -1 -1 8 8 -1 1 -1 
2 -1 -1 -1 -1 -1 -1 -1 -1 8 8 8 -1 -1 -1 8 -1 -1 -1 -1 
-1 2 -1 -1 -1 -1 8 8 8 8 -1 -1 8 -1 -1 -1 -1 8 8 -1 
-1 -1 8 -1 -1 -1 8 8 8 8 -1 8 -1 -1 -1 8 8 1 1 -1 
8 8 1 1 -1 -1 8 8 8 8 8 8 -1 8 1 1 8 1 1 1 
8 8 1 -1 -1 8 8 8 8 8 8 8 8 1 1 1 1 8 1 8 
8 -1 -1 -1 -1 8 8 8 8 8 8 8 -1 1 1 8 -1 8 1 8 
8 -1 -1 -1 -1 8 -1 8 8 8 8 8 1 1 1 8 8 1 8 8 
1 8 8 8 -1 -1 8 8 8 8 8 2 8 -1 8 8 8 1 -1 1 
1 8 8 -1 -1 8 8 8 -1 2 2 -1 8 8 8 8 8 1 -1 1 
8 -1 -1 -1 -1 8 8 8 8 1 8 8 8 8 8 8 8 -1 1 1 
8 8 -1 8 8 8 8 1 8 -1 8 8 2 8 8 8 8 8 8 8 
8 8 8 8 8 8 8 8 -1 8 2 8 8 8 8 3 3 1 1 8 
8 8 -1 8 -1 1 8 -1 8 1 8 1 -1 8 1 1 1 1 1 8 
2 -1 1 1 1 2 1 8 1 8 8 -1 1 -1 8 1 1 1 8 8 
-1 1 1 1 1 1 2 1 8 -1 1 1 1 1 1 1 1 8 8 8 
-1 8 -1 -1 8 8 -1 8 -1 1 -1 2 2 2 1 1 1 8 8 8 
8 -1 -1 -1 -1 -1 8 8 8 8 8 2 -1 1 8 8 1 8 1 1 
8 -1 -1 -1 -1 1 -1 1 8 -1 -1 -1 8 -1 8 8 8 -1 -1 -1 
-1 -1 -1 -1 2 2 2 -1 8 -1 -1 -1 8 8 8 8 8 -1 -1 1 
2 -1 8 8 2 2 2 8 8 -1 -1 8 8 8 8 8 8 8 8 8 
8 8 8 2 2 2 8 8 2 8 8 8 1 8 8 8 8 8 8 8 
8 2 2 2 2 2 8 2 2 1 8 1 8 8 2 8 8 8 8 8 
2 8 8 8 2 2 2 2 1 8 8 1 1 2 8 8 8 8 8 8 
8 8 8 2 2 2 2 2 1 8 1 8 8 1 8 8 8 8 8 8 
8 8 8 2 1 1 -1 1 -1 1 8 1 8 8 8 8 8 8 8 -1 
-1 8 8 1 1 1 1 1 8 8 1 1 1 8 8 8 8 8 8 8 
8 -1 8 8 -1 1 1 1 8 2 1 8 1 8 8 -1 8 8 8 -1 
8 -1 8 8 1 -1 1 1 1 8 8 1 1 8 1 1 8 8 8 -1 
-1 8 8 8 8 -1 1 1 1 9 1 8 8 8 8 8 8 8 8 -1 
8 8 8 -1 8 1 1 1 1 1 -1 8 8 8 8 8 2 8 -1 8 
2 -1 2 8 -1 1 1 1 1 1 8 8 8 8 8 -1 8 8 8 8 
8 -1 -1 -1 -1 -1 1 1 8 1 8 8 8 8 8 8 8 8 8 8 
1 -1 -1 -1 -1 -1 1 1 8 8 -1 8 8 8 8 8 8 8 8 8 
1 -1 -1 -1 -1 -1 2 8 1 8 8 8 8 8 8 8 8 8 8 -1 
-1 1 -1 -1 -1 1 2 8 1 1 1 1 8 8 8 8 8 8 8 1 
1 -1 -1 -1 1 1 1 8 1 1 1 8 8 8 8 8 8 -1 8 -1 
8 -1 -1 -1 1 1 8 1 1 8 8 8 8 8 8 8 8 1 -1 -1 
8 8 -1 -1 8 2 -1 -1 -1 -1 -1 -1 -1 -1 -1 1 1 8 8 8 
8 8 8 8 -1 -1 -1 -1 -1 -1 -1 -1 -1 -1 -1 -1 1 1 -1 8 
8 -1 8 8 8 -1 -1 -1 -1 -1 8 8 -1 -1 -1 -1 1 1 -1 -1 
-1 8 8 8 8 -1 -1 -1 -1 -1 -1 8 -1 -1 -1 -1 -1 -1 -1 -1 
8 8 8 -1 -1 8 -1 8 -1 8 -1 -1 8 8 8 -1 -1 -1 -1 -1 
8 8 8 1 -1 -1 -1 8 8 -1 8 -1 8 8 -1 8 -1 -1 -1 -1 
-1 8 -1 -1 -1 -1 -1 8 8 8 8 -1 -1 -1 8 -1 -1 1 -1 -1 
-1 -1 -1 -1 -1 -1 8 8 8 8 8 8 8 8 1 1 1 2 1 -1 
-1 -1 -1 -1 -1 -1 2 8 8 8 8 8 -1 8 8 1 2 -1 -1 2 
-1 -1 -1 -1 2 2 -1 8 8 8 8 8 -1 8 8 8 -1 -1 -1 2 
-1 -1 -1 2 -1 2 2 -1 8 8 8 -1 -1 8 -1 -1 -1 2 2 -1 
-1 2 -1 2 -1 2 -1 1 2 8 -1 -1 -1 -1 -1 -1 -1 2 2 -1 
2 -1 -1 2 8 2 2 2 1 -1 -1 -1 2 -1 -1 -1 -1 -1 -1 -1 
-1 -1 -1 8 2 -1 2 2 -1 -1 -1 -1 2 -1 8 -1 -1 -1 -1 -1 
8 -1 -1 1 8 2 2 1 2 -1 -1 -1 -1 2 -1 -1 -1 -1 -1 -1 
2 8 2 1 1 2 2 1 -1 -1 -1 -1 2 -1 -1 -1 -1 -1 -1 8 
2 2 2 8 -1 2 2 2 -1 -1 -1 -1 -1 -1 -1 -1 -1 -1 8 8 
8 8 2 -1 -1 -1 -1 2 -1 -1 -1 -1 -1 -1 -1 -1 8 8 8 8 
8 8 2 -1 -1 -1 2 -1 -1 -1 -1 -1 -1 -1 -1 -1 8 8 -1 8 
8 8 8 -1 8 -1 2 -1 -1 -1 -1 -1 -1 -1 -1 1 -1 8 8 8 
-1 -1 -1 -1 -1 -1 -1 -1 -1 -1 1 1 1 -1 -1 -1 -1 -1 -1 -1 
-1 -1 -1 -1 -1 -1 -1 -1 1 -1 -1 -1 1 -1 8 -1 -1 -1 -1 -1 
-1 -1 -1 -1 -1 -1 -1 -1 -1 -1 -1 -1 1 -1 -1 -1 -1 -1 -1 8 
-1 -1 -1 -1 -1 -1 -1 -1 -1 -1 -1 -1 1 -1 -1 8 -1 8 -1 1 
-1 -1 -1 8 8 8 8 -1 -1 -1 -1 -1 -1 1 -1 -1 8 8 -1 8 
-1 2 2 8 8 -1 -1 -1 -1 -1 -1 -1 -1 -1 -1 8 -1 -1 8 8 
-1 4 -1 8 -1 -1 -1 -1 -1 -1 -1 -1 -1 1 1 -1 -1 8 8 -1 
2 2 2 -1 -1 4 -1 -1 -1 -1 -1 -1 -1 1 -1 1 8 -1 -1 -1 
-1 2 2 -1 -1 -1 4 -1 -1 -1 -1 -1 -1 -1 1 -1 -1 -1 -1 -1 
-1 -1 -1 -1 -1 4 -1 -1 -1 -1 -1 -1 1 1 1 1 1 -1 2 2 
-1 -1 -1 -1 4 4 4 -1 -1 -1 -1 -1 -1 -1 1 -1 -1 -1 -1 2 
-1 -1 -1 -1 -1 -1 -1 -1 -1 -1 -1 -1 1 1 1 1 -1 -1 -1 -1 
-1 -1 -1 -1 -1 -1 -1 4 -1 -1 -1 -1 1 1 1 1 -1 -1 -1 -1 
-1 -1 -1 -1 -1 -1 -1 4 4 -1 -1 -1 1 1 1 -1 -1 -1 -1 -1 
-1 -1 -1 -1 4 -1 4 -1 -1 -1 -1 -1 -1 -1 -1 -1 -1 1 1 -1 
-1 1 -1 -1 -1 4 4 -1 -1 -1 -1 -1 -1 -1 -1 -1 -1 2 1 -1 
-1 -1 -1 -1 4 4 -1 4 1 1 -1 -1 -1 1 1 -1 2 8 -1 -1 
-1 -1 -1 -1 -1 -1 4 -1 1 1 1 1 1 1 1 8 8 -1 -1 -1 
-1 -1 -1 -1 -1 -1 -1 1 1 1 -1 1 1 1 1 8 -1 -1 -1 -1 
-1 -1 -1 -1 -1 -1 -1 1 -1 -1 1 1 1 -1 -1 8 -1 -1 -1 -1 
-1 -1 -1 2 2 -1 -1 2 4 4 -1 -1 4 4 1 -1 -1 -1 -1 -1 
-1 -1 -1 2 -1 -1 -1 -1 -1 4 4 4 4 4 1 -1 -1 -1 -1 -1 
-1 1 1 1 -1 -1 -1 -1 -1 -1 -1 4 4 4 4 -1 -1 -1 -1 -1 
-1 1 -1 -1 -1 -1 -1 5 -1 -1 4 -1 -1 -1 -1 -1 -1 -1 1 -1 
-1 -1 -1 -1 -1 -1 5 -1 -1 4 -1 -1 -1 -1 -1 -1 -1 -1 1 -1 
-1 -1 -1 -1 -1 -1 4 4 -1 4 -1 -1 -1 -1 -1 -1 -1 -1 -1 -1 
2 1 1 -1 8 -1 -1 1 4 -1 4 4 -1 -1 -1 -1 2 -1 2 -1 
-1 1 8 8 8 -1 1 4 4 4 -1 -1 4 -1 -1 -1 -1 2 2 2 
2 2 8 8 -1 -1 -1 -1 -1 -1 -1 -1 -1 -1 4 4 2 -1 2 2 
2 2 8 -1 -1 -1 4 -1 4 4 -1 -1 -1 -1 4 4 4 2 2 2 
2 2 2 8 8 -1 8 4 -1 4 1 -1 -1 -1 4 4 4 2 2 2 
8 8 8 8 8 8 -1 4 1 4 4 1 -1 -1 -1 -1 4 4 2 8 
8 8 8 8 8 -1 4 4 4 -1 -1 -1 -1 -1 8 -1 4 -1 -1 -1 
8 8 8 8 -1 8 -1 4 -1 -1 -1 -1 2 2 8 8 8 -1 -1 -1 
-1 -1 8 8 2 -1 2 4 -1 -1 -1 -1 -1 2 2 8 -1 8 -1 -1 
-1 -1 -1 8 -1 -1 -1 2 2 2 -1 -1 -1 2 2 -1 8 -1 -1 -1 
-1 -1 -1 -1 -1 2 -1 2 2 -1 -1 -1 -1 2 2 -1 -1 -1 -1 -1 
-1 -1 -1 -1 2 -1 2 2 -1 -1 -1 -1 -1 2 2 2 -1 -1 -1 -1 
-1 -1 -1 3 2 2 -1 -1 -1 -1 -1 -1 -1 -1 -1 2 2 -1 -1 -1 
-1 -1 -1 -1 2 2 2 2 -1 -1 4 -1 -1 4 2 -1 -1 -1 -1 -1 
-1 8 8 1 -1 1 1 1 1 -1 1 1 -1 -1 1 -1 -1 -1 -1 -1 
-1 -1 8 1 1 -1 1 1 1 1 -1 1 -1 -1 1 -1 -1 -1 -1 -1 
-1 2 8 8 1 1 8 -1 -1 1 -1 -1 -1 -1 -1 -1 -1 -1 -1 -1 
2 8 2 8 1 8 -1 8 8 1 -1 -1 -1 -1 -1 -1 -1 -1 -1 -1 
8 2 8 2 8 1 1 -1 -1 8 -1 -1 -1 -1 -1 -1 -1 -1 2 -1 
2 8 8 8 8 1 8 8 8 1 -1 -1 -1 2 -1 -1 2 2 -1 2 
2 2 8 8 1 8 1 1 1 1 -1 -1 -1 1 2 2 -1 2 2 2 
2 8 8 8 8 1 -1 8 8 8 -1 4 1 -1 -1 -1 2 2 2 2 
2 -1 8 2 8 1 1 -1 8 1 -1 1 -1 -1 -1 -1 2 -1 -1 2 
2 -1 2 2 8 -1 1 -1 -1 -1 1 -1 -1 1 -1 4 2 -1 -1 8 
8 8 8 8 8 8 -1 -1 -1 -1 1 1 1 4 4 4 -1 4 -1 8 
8 8 8 -1 8 8 -1 -1 -1 1 1 -1 -1 -1 -1 4 4 4 -1 8 
8 -1 -1 8 -1 -1 -1 -1 -1 -1 4 4 4 4 -1 4 -1 -1 -1 8 
8 -1 -1 -1 -1 -1 -1 -1 -1 -1 4 -1 -1 4 4 -1 -1 -1 8 3 
3 -1 -1 -1 -1 -1 -1 -1 -1 -1 -1 4 4 4 4 -1 -1 -1 -1 3 
3 -1 -1 -1 -1 -1 -1 -1 -1 -1 -1 -1 -1 -1 -1 4 4 2 -1 3 
3 3 -1 -1 -1 -1 -1 -1 -1 -1 -1 -1 -1 -1 4 -1 -1 4 2 3 
-1 3 -1 -1 -1 -1 -1 -1 -1 -1 -1 -1 -1 -1 -1 4 -1 3 3 -1 
-1 -1 -1 -1 -1 -1 -1 -1 -1 -1 -1 -1 -1 -1 -1 -1 3 -1 3 -1 
-1 8 8 -1 -1 -1 -1 1 -1 1 -1 1 -1 -1 1 -1 -1 -1 -1 -1 
1 1 1 1 1 1 1 1 -1 1 1 -1 1 -1 -1 -1 -1 -1 1 2 
2 2 -1 1 1 1 1 1 1 -1 -1 1 2 2 -1 -1 2 -1 1 1 
2 2 1 1 1 1 -1 1 1 1 1 1 1 1 -1 -1 -1 2 1 2 
2 4 1 -1 -1 -1 1 1 8 1 -1 1 1 1 -1 -1 -1 2 2 2 
-1 -1 -1 -1 -1 1 1 1 8 1 1 1 -1 1 1 -1 2 2 2 2 
2 -1 1 1 -1 -1 2 1 1 1 1 1 1 1 -1 -1 2 2 2 -1 
-1 -1 -1 -1 -1 2 2 2 1 1 1 1 -1 -1 -1 -1 -1 -1 -1 -1 
-1 -1 -1 -1 2 2 2 2 1 9 8 8 -1 -1 -1 -1 -1 -1 8 -1 
8 -1 -1 2 2 2 2 2 9 9 8 8 8 -1 -1 -1 -1 8 8 8 
-1 -1 1 -1 -1 -1 2 2 8 8 8 8 -1 -1 -1 -1 -1 -1 -1 -1 
-1 8 -1 -1 -1 -1 -1 1 8 9 1 1 8 -1 -1 -1 -1 -1 8 -1 
-1 1 8 8 1 1 2 8 8 8 -1 8 -1 -1 -1 -1 -1 8 -1 8 
1 -1 -1 -1 -1 2 1 8 1 1 1 -1 -1 -1 -1 -1 -1 8 8 8 
8 -1 -1 1 1 1 2 1 -1 1 1 -1 -1 -1 -1 -1 8 1 -1 -1 
-1 -1 -1 1 1 -1 -1 1 1 -1 -1 -1 -1 -1 -1 8 8 8 1 1 
-1 -1 -1 1 -1 -1 -1 1 1 1 -1 -1 -1 -1 -1 -1 -1 8 1 1 
-1 -1 1 -1 -1 3 -1 1 -1 1 1 -1 -1 -1 1 -1 1 -1 1 1 
-1 -1 -1 3 3 3 3 1 1 1 -1 -1 -1 -1 -1 1 1 1 1 1 
-1 -1 3 3 -1 1 1 1 -1 -1 -1 -1 -1 -1 -1 1 1 1 1 1 
1 1 -1 1 1 1 1 1 1 -1 1 -1 -1 -1 -1 -1 -1 1 1 1 
1 -1 -1 1 1 -1 -1 4 -1 1 1 -1 1 -1 1 4 4 -1 1 1 
-1 -1 1 1 1 2 2 -1 -1 -1 1 4 1 1 1 -1 -1 4 1 1 
1 -1 1 1 2 2 -1 -1 1 -1 4 -1 1 1 1 -1 -1 -1 -1 1 
1 1 1 1 1 2 -1 -1 -1 1 -1 1 1 1 -1 -1 -1 -1 -1 -1 
1 1 -1 -1 1 2 -1 -1 -1 -1 1 1 1 -1 1 1 -1 -1 -1 -1 
1 1 1 -1 -1 4 -1 4 4 -1 -1 -1 1 1 1 -1 -1 -1 -1 1 
1 1 1 -1 -1 4 -1 4 4 -1 9 4 1 1 -1 1 -1 -1 1 1 
1 1 1 -1 4 1 4 -1 4 9 9 -1 -1 -1 -1 1 1 1 1 1 
-1 1 1 1 1 1 1 1 -1 8 9 9 -1 -1 -1 1 1 1 1 1 
-1 1 1 1 1 1 1 -1 -1 9 9 -1 -1 -1 -1 -1 -1 4 1 -1 
-1 -1 4 1 3 3 -1 -1 -1 -1 -1 1 -1 1 1 1 -1 1 1 -1 
4 4 4 1 1 1 1 1 -1 -1 -1 -1 1 1 1 1 1 1 -1 -1 
-1 4 4 4 4 -1 1 -1 -1 -1 4 -1 4 1 1 1 -1 -1 -1 4 
4 4 -1 4 -1 1 -1 -1 -1 -1 1 4 -1 1 1 1 1 -1 4 -1 
-1 -1 -1 4 4 -1 -1 -1 -1 1 1 4 -1 1 1 1 1 4 1 4 
-1 -1 -1 -1 4 -1 -1 -1 -1 4 -1 4 -1 1 1 1 1 1 -1 1 
-1 -1 -1 4 -1 4 4 -1 4 1 4 1 1 4 1 4 1 -1 1 -1 
-1 -1 4 -1 4 -1 4 1 4 4 1 1 1 1 -1 1 -1 1 1 -1 
1 -1 4 4 4 4 1 -1 -1 -1 -1 1 1 -1 1 4 4 1 1 1 
1 -1 -1 4 1 1 4 -1 -1 -1 1 1 1 1 1 4 4 1 1 1 
1 1 -1 -1 -1 4 4 4 -1 1 -1 9 9 9 -1 -1 -1 -1 -1 4 
-1 -1 -1 -1 -1 -1 4 -1 4 -1 1 -1 -1 8 -1 1 -1 -1 -1 -1 
-1 -1 -1 -1 -1 -1 -1 4 4 4 8 8 -1 1 1 -1 -1 -1 1 -1 
-1 -1 -1 -1 -1 -1 -1 -1 -1 4 4 4 4 1 1 1 1 1 -1 -1 
-1 -1 -1 -1 1 -1 -1 -1 -1 4 1 1 -1 -1 4 1 1 1 -1 -1 
-1 -1 -1 -1 -1 1 -1 -1 -1 1 1 1 -1 1 4 -1 1 1 -1 -1 
-1 -1 -1 -1 1 -1 -1 -1 -1 -1 1 1 1 4 4 -1 1 -1 -1 -1 
-1 -1 -1 1 1 -1 4 -1 -1 1 4 4 4 4 -1 4 -1 -1 -1 -1 
-1 -1 1 1 -1 -1 -1 4 4 4 -1 1 4 4 -1 -1 -1 -1 -1 -1 
-1 1 1 1 -1 -1 -1 -1 1 4 1 1 1 1 -1 -1 -1 -1 -1 -1 
-1 1 1 1 1 1 1 4 1 1 -1 1 1 4 4 -1 -1 -1 -1 -1 
1 -1 1 1 1 1 1 1 1 1 1 -1 -1 -1 -1 4 -1 -1 -1 -1 
-1 4 4 1 1 -1 1 1 1 1 1 1 -1 -1 1 -1 -1 -1 -1 -1 
1 1 1 1 1 4 1 1 1 1 -1 1 1 1 -1 -1 -1 -1 -1 -1 
1 1 -1 4 1 -1 4 4 1 1 4 -1 1 1 -1 -1 -1 1 -1 1 
1 1 1 1 4 -1 4 -1 4 4 1 1 1 1 1 1 1 1 1 1 
1 1 1 1 4 -1 4 -1 -1 -1 4 1 -1 1 1 1 -1 1 1 1 
-1 -1 -1 1 1 4 -1 4 -1 4 -1 4 1 1 -1 1 -1 1 1 -1 
-1 -1 -1 -1 -1 -1 4 4 4 -1 4 4 -1 1 1 1 1 1 -1 -1 
4 1 -1 -1 -1 -1 -1 4 1 4 -1 8 8 -1 4 1 -1 -1 -1 -1 
8 4 1 4 4 4 32 32 -1 -1 -1 4 4 4 -1 -1 8 8 8 8 
8 9 4 4 -1 -1 -1 32 32 1 1 1 -1 4 4 -1 -1 8 8 8 
9 9 9 4 4 -1 -1 32 -1 -1 -1 -1 -1 -1 -1 -1 4 -1 8 8 
4 -1 8 4 4 4 4 -1 -1 -1 -1 -1 -1 -1 -1 4 8 8 -1 4 
4 4 -1 4 4 4 4 -1 -1 -1 -1 -1 -1 -1 -1 8 8 8 8 8 
4 4 4 -1 4 -1 -1 -1 -1 -1 -1 -1 -1 -1 8 8 -1 8 4 4 
-1 4 4 4 4 -1 -1 -1 1 1 1 1 -1 -1 -1 -1 8 8 4 -1 
-1 4 -1 4 -1 -1 -1 1 1 1 1 -1 -1 -1 -1 8 -1 8 -1 -1 
-1 -1 4 -1 -1 -1 -1 -1 1 1 -1 -1 -1 -1 -1 -1 -1 -1 -1 -1 
-1 4 -1 4 -1 -1 -1 -1 -1 1 1 -1 -1 -1 -1 -1 -1 -1 -1 -1 
-1 -1 -1 -1 -1 -1 -1 -1 -1 -1 1 -1 -1 -1 -1 -1 -1 -1 -1 -1 
-1 -1 -1 -1 -1 -1 -1 -1 -1 1 -1 -1 -1 -1 -1 -1 -1 -1 -1 -1 
-1 -1 -1 -1 -1 -1 -1 -1 1 1 -1 -1 -1 -1 -1 -1 -1 -1 -1 -1 
-1 -1 -1 1 1 1 1 1 -1 -1 -1 -1 -1 -1 -1 -1 -1 -1 -1 -1 
1 1 1 1 1 1 1 -1 1 -1 -1 -1 -1 -1 -1 -1 -1 -1 -1 -1 
1 1 1 1 1 -1 -1 -1 -1 -1 -1 -1 8 -1 8 -1 -1 -1 -1 1 
1 -1 1 1 1 1 1 -1 -1 -1 -1 -1 8 8 8 8 -1 -1 -1 -1 
4 1 1 -1 1 1 -1 -1 -1 -1 -1 -1 8 8 8 8 8 -1 -1 4 
4 4 4 -1 1 4 4 -1 32 1 -1 -1 8 -1 -1 8 8 -1 -1 -1 
8 4 4 1 4 -1 -1 32 32 1 -1 -1 -1 8 -1 -1 8 8 8 8 
-1 -1 -1 -1 -1 -1 -1 -1 1 -1 1 -1 1 -1 -1 -1 -1 -1 -1 -1 
-1 -1 -1 -1 -1 -1 -1 -1 -1 -1 1 -1 -1 -1 -1 -1 -1 -1 -1 -1 
-1 -1 -1 -1 -1 -1 -1 -1 -1 -1 -1 -1 -1 8 -1 -1 -1 -1 -1 -1 
-1 -1 -1 -1 -1 -1 -1 -1 1 -1 -1 -1 -1 -1 -1 -1 -1 -1 -1 -1 
-1 -1 -1 -1 -1 -1 -1 -1 -1 -1 -1 -1 -1 -1 -1 -1 -1 -1 -1 -1 
-1 -1 -1 -1 -1 -1 -1 1 -1 -1 -1 -1 -1 -1 -1 -1 -1 -1 -1 -1 
-1 -1 -1 -1 2 2 -1 -1 1 -1 -1 -1 -1 -1 -1 -1 -1 -1 -1 -1 
-1 -1 -1 -1 2 -1 -1 1 -1 -1 -1 -1 -1 -1 -1 -1 -1 1 -1 -1 
-1 -1 -1 -1 -1 -1 -1 1 -1 -1 -1 -1 -1 -1 -1 -1 1 1 -1 -1 
-1 -1 -1 -1 -1 -1 1 -1 -1 -1 -1 -1 -1 -1 -1 -1 -1 -1 1 -1 
1 1 -1 -1 -1 1 -1 -1 -1 -1 -1 -1 -1 -1 1 -1 -1 -1 -1 -1 
-1 -1 -1 -1 -1 -1 -1 -1 -1 -1 -1 -1 -1 -1 -1 1 -1 -1 -1 1 
-1 -1 -1 -1 -1 -1 -1 -1 -1 -1 -1 -1 -1 -1 -1 -1 -1 -1 -1 -1 
-1 -1 -1 -1 -1 -1 -1 -1 -1 -1 -1 -1 -1 -1 -1 -1 4 -1 -1 -1 
-1 -1 -1 -1 -1 -1 -1 -1 -1 -1 -1 -1 -1 -1 -1 -1 4 -1 -1 -1 
-1 -1 -1 -1 -1 -1 -1 -1 -1 -1 -1 -1 -1 -1 -1 -1 -1 -1 -1 -1 
-1 -1 -1 -1 -1 -1 -1 -1 -1 -1 -1 -1 -1 -1 -1 -1 -1 -1 -1 -1 
-1 -1 -1 -1 -1 -1 -1 -1 -1 -1 -1 -1 -1 -1 -1 -1 -1 -1 -1 -1 
-1 -1 -1 -1 -1 -1 -1 1 1 1 -1 -1 -1 -1 -1 -1 -1 -1 -1 -1 
-1 -1 -1 -1 -1 -1 -1 -1 1 -1 -1 1 -1 -1 -1 -1 -1 -1 -1 -1 
2 -1 1 1 1 1 4 1 1 2 1 1 -1 1 -1 1 1 -1 -1 -1 
-1 -1 1 1 1 1 1 1 1 1 1 1 -1 -1 -1 1 -1 1 -1 -1 
-1 1 1 1 1 1 1 1 1 1 1 -1 -1 -1 -1 1 -1 1 1 -1 
-1 1 -1 1 1 -1 1 1 1 1 -1 -1 -1 -1 -1 -1 1 1 -1 -1 
1 1 1 -1 -1 -1 -1 1 1 1 1 1 -1 -1 -1 1 -1 1 -1 1 
1 1 1 1 1 -1 -1 -1 1 1 1 1 1 -1 -1 1 -1 -1 -1 1 
1 1 1 1 1 -1 -1 -1 1 1 1 -1 1 -1 -1 4 1 -1 1 -1 
1 1 -1 -1 1 -1 -1 -1 -1 1 -1 -1 -1 1 1 -1 1 -1 1 -1 
1 1 -1 1 2 -1 -1 -1 -1 -1 -1 -1 -1 -1 -1 1 -1 1 1 -1 
-1 1 2 1 -1 -1 -1 -1 -1 -1 1 -1 -1 1 -1 -1 -1 1 -1 -1 
-1 -1 2 2 1 -1 -1 -1 -1 -1 -1 1 1 -1 -1 -1 -1 -1 -1 -1 
-1 -1 2 2 1 1 1 -1 -1 -1 -1 -1 -1 -1 -1 -1 -1 -1 -1 -1 
-1 -1 2 1 1 1 1 -1 -1 -1 -1 -1 -1 -1 -1 -1 -1 -1 -1 -1 
-1 1 -1 -1 1 1 1 1 1 1 -1 -1 -1 -1 -1 -1 -1 -1 -1 -1 
1 1 -1 -1 -1 1 -1 1 1 -1 -1 -1 -1 -1 -1 -1 -1 -1 1 -1 
-1 -1 -1 -1 1 -1 1 1 -1 -1 -1 -1 -1 -1 -1 -1 -1 1 1 1 
-1 1 1 1 1 1 1 1 -1 -1 -1 -1 -1 -1 -1 -1 -1 1 1 -1 
-1 -1 -1 1 -1 -1 1 -1 -1 -1 -1 -1 -1 -1 -1 -1 1 1 1 -1 
2 -1 2 1 1 1 1 -1 -1 2 -1 -1 -1 -1 -1 1 -1 1 -1 -1 
-1 2 -1 1 1 1 2 1 2 2 1 1 1 1 1 1 1 -1 1 -1 
-1 1 -1 1 1 -1 4 -1 1 -1 1 -1 -1 -1 -1 -1 -1 -1 1 1 
-1 1 -1 -1 2 1 1 -1 -1 1 1 1 -1 -1 -1 -1 -1 1 1 2 
-1 -1 -1 -1 -1 -1 1 1 -1 1 1 -1 -1 -1 -1 -1 -1 1 2 -1 
-1 -1 -1 -1 -1 -1 1 1 1 -1 1 1 -1 -1 -1 -1 1 -1 2 2 
-1 1 1 -1 -1 -1 -1 -1 -1 -1 -1 -1 -1 1 -1 2 2 -1 2 2 
2 2 -1 -1 -1 -1 -1 -1 -1 -1 -1 -1 -1 -1 2 2 -1 -1 -1 2 
2 2 2 -1 1 -1 -1 -1 -1 -1 -1 -1 -1 -1 -1 1 2 -1 2 -1 
-1 2 -1 1 1 1 1 -1 -1 -1 -1 -1 -1 -1 2 1 2 -1 -1 2 
-1 -1 -1 1 1 -1 -1 -1 1 1 -1 -1 -1 -1 2 2 1 -1 -1 -1 
-1 -1 -1 4 -1 1 1 -1 -1 1 -1 1 -1 -1 -1 2 2 1 -1 -1 
4 4 4 4 4 1 -1 1 -1 1 -1 1 -1 -1 -1 -1 1 1 -1 -1 
4 4 4 4 -1 1 1 1 1 -1 1 1 1 -1 -1 -1 1 1 -1 4 
4 4 4 4 1 1 1 -1 -1 -1 -1 -1 -1 -1 -1 -1 -1 -1 4 -1 
-1 -1 -1 4 1 1 -1 -1 1 -1 4 4 -1 -1 -1 -1 -1 -1 -1 -1 
-1 -1 4 1 1 1 1 -1 1 -1 4 4 -1 -1 1 -1 -1 -1 -1 -1 
1 1 -1 -1 1 1 1 1 1 -1 -1 1 4 -1 -1 -1 -1 -1 -1 -1 
1 -1 1 -1 -1 1 -1 1 1 -1 1 1 1 -1 -1 -1 -1 -1 1 1 
-1 1 1 -1 -1 4 2 2 -1 1 1 -1 -1 -1 -1 -1 -1 -1 1 1 
1 -1 -1 1 -1 4 2 2 1 -1 -1 -1 -1 -1 -1 -1 -1 -1 1 -1 
1 1 -1 -1 1 1 -1 2 1 -1 1 -1 -1 -1 -1 -1 -1 1 1 1 
-1 -1 -1 -1 -1 1 -1 -1 -1 -1 4 6 6 6 -1 4 2 2 2 4 
-1 -1 -1 -1 -1 1 -1 -1 -1 4 -1 -1 6 -1 4 4 2 2 1 -1 
-1 -1 -1 -1 -1 -1 1 -1 -1 -1 2 4 4 4 4 4 2 2 4 1 
-1 -1 -1 -1 -1 -1 1 1 1 -1 -1 4 4 4 4 4 -1 2 2 4 
-1 4 -1 -1 -1 -1 1 1 1 1 1 -1 2 2 -1 4 -1 -1 -1 4 
4 2 1 -1 -1 -1 1 1 1 1 1 1 2 2 4 -1 2 -1 -1 1 
4 1 2 2 -1 -1 1 1 1 1 1 2 2 2 2 -1 2 -1 -1 1 
4 1 2 2 -1 1 1 2 1 1 -1 -1 2 2 2 2 2 -1 2 1 
-1 2 2 2 -1 -1 1 1 1 -1 1 -1 1 -1 2 -1 -1 2 2 1 
2 -1 -1 1 1 1 1 1 1 1 -1 -1 1 -1 -1 -1 -1 -1 -1 2 
1 -1 1 1 -1 1 1 -1 -1 4 4 -1 -1 -1 -1 -1 -1 -1 -1 2 
1 2 -1 1 1 1 2 -1 -1 4 4 -1 4 -1 -1 -1 -1 -1 -1 2 
2 -1 2 2 1 1 -1 2 -1 4 4 4 4 4 -1 1 -1 -1 -1 1 
2 -1 2 -1 2 2 2 -1 2 -1 4 4 4 -1 -1 4 4 -1 -1 -1 
-1 2 2 -1 2 2 2 2 2 2 -1 4 4 4 4 1 4 4 -1 -1 
2 -1 2 2 4 2 4 2 -1 2 2 2 4 4 4 2 4 2 2 -1 
-1 2 2 2 -1 4 -1 -1 -1 -1 2 6 4 6 2 2 2 2 2 2 
-1 -1 -1 2 2 -1 1 2 -1 2 -1 6 6 6 2 2 4 4 2 2 
-1 -1 -1 2 2 2 1 1 6 6 -1 4 6 4 2 -1 4 4 4 4 
-1 -1 -1 2 -1 -1 -1 1 6 4 4 6 6 6 4 4 2 4 4 4 
4 4 4 1 4 4 4 -1 -1 -1 4 4 1 2 1 -1 -1 -1 -1 -1 
4 1 -1 1 1 4 4 -1 -1 -1 4 4 -1 1 2 1 1 -1 4 -1 
1 -1 1 1 4 4 4 4 4 1 2 2 -1 -1 2 -1 -1 4 2 4 
-1 -1 1 4 4 4 6 4 -1 -1 2 2 2 2 -1 -1 -1 -1 -1 2 
-1 2 2 1 4 6 4 4 4 4 1 -1 2 2 -1 -1 -1 8 -1 -1 
1 -1 2 4 1 4 4 4 -1 4 4 -1 -1 -1 -1 2 2 8 8 1 
1 1 2 4 -1 4 4 4 4 4 4 2 1 1 -1 2 2 2 -1 8 
-1 2 4 4 -1 4 4 4 -1 4 4 4 1 2 -1 -1 -1 -1 2 1 
1 -1 4 4 2 4 4 4 -1 4 -1 4 1 1 -1 -1 2 2 1 -1 
-1 1 -1 4 4 2 -1 -1 4 4 4 4 6 1 4 -1 -1 2 1 1 
1 -1 1 4 4 4 -1 4 4 4 4 2 6 6 6 6 -1 -1 -1 -1 
-1 1 1 1 1 4 4 -1 4 4 4 2 -1 -1 -1 -1 -1 -1 -1 -1 
-1 -1 -1 1 4 4 -1 4 4 4 3 6 6 -1 4 4 4 -1 -1 -1 
-1 -1 -1 1 2 2 4 -1 4 3 2 6 -1 -1 -1 4 4 4 -1 -1 
-1 -1 -1 2 -1 1 -1 4 -1 2 3 2 -1 -1 -1 -1 4 -1 4 -1 
-1 -1 2 -1 1 1 1 -1 -1 2 2 2 -1 -1 -1 4 -1 4 -1 -1 
-1 2 1 1 -1 2 -1 -1 2 2 -1 -1 -1 -1 -1 1 -1 -1 2 -1 
2 2 2 1 -1 1 -1 2 1 -1 -1 -1 -1 -1 -1 -1 1 2 1 -1 
-1 2 2 -1 4 -1 1 2 2 -1 -1 -1 -1 1 -1 -1 -1 -1 2 -1 
2 4 4 2 4 1 -1 1 -1 -1 1 1 2 1 1 -1 -1 -1 2 4 
1 1 -1 2 -1 4 6 4 6 6 -1 3 3 3 2 -1 4 -1 -1 2 
-1 2 2 2 2 6 -1 4 6 2 6 3 3 3 2 4 4 4 -1 2 
1 -1 2 2 2 6 6 4 2 2 2 2 3 3 3 4 4 4 -1 -1 
1 -1 1 1 6 2 6 4 2 2 2 2 -1 3 4 -1 4 4 4 -1 
-1 4 1 1 2 2 2 2 -1 2 2 -1 3 -1 -1 4 4 -1 4 -1 
4 -1 -1 2 2 2 2 1 -1 2 1 2 -1 2 1 4 -1 6 4 6 
4 -1 6 6 1 2 2 1 1 1 2 -1 4 -1 2 6 6 6 6 4 
4 6 4 6 6 1 -1 -1 1 1 1 2 2 2 4 6 -1 -1 4 4 
6 6 1 6 4 2 1 -1 1 1 2 2 2 2 4 1 4 4 4 4 
4 1 1 4 6 2 1 -1 -1 2 1 2 2 2 -1 -1 1 6 -1 1 
1 2 2 1 2 -1 2 -1 -1 1 2 2 1 2 -1 1 1 4 1 1 
1 -1 2 -1 2 2 2 -1 -1 -1 1 -1 1 -1 2 1 4 1 -1 1 
2 2 1 1 1 2 2 1 1 1 1 1 -1 2 1 -1 1 1 -1 1 
-1 2 -1 1 1 1 1 1 1 1 1 1 1 2 1 -1 1 1 1 1 
2 2 -1 1 1 2 1 2 2 2 1 -1 1 1 1 4 1 -1 4 4 
-1 -1 2 1 2 2 2 2 -1 2 1 -1 -1 1 2 -1 4 4 4 4 
-1 2 2 2 4 2 2 -1 -1 2 -1 -1 -1 -1 -1 4 4 4 4 4 
2 2 2 2 1 2 -1 -1 -1 -1 2 4 4 4 4 -1 -1 4 1 1 
1 2 1 2 1 1 4 -1 -1 2 -1 2 4 2 2 2 -1 1 -1 1 
-1 1 1 -1 4 4 4 -1 -1 2 -1 2 -1 3 2 2 -1 1 1 1 
1 -1 1 2 2 2 -1 2 2 4 4 4 2 -1 4 4 1 1 1 1 
1 -1 1 1 1 2 2 -1 4 4 4 4 -1 1 1 4 1 1 1 1 
1 1 1 2 2 2 4 -1 -1 4 4 4 4 1 1 1 1 1 1 1 
1 1 1 1 2 4 4 -1 4 4 4 4 1 1 1 -1 1 1 1 1 
1 1 1 1 2 1 -1 4 2 1 1 1 1 1 1 1 1 1 1 1 
1 1 1 1 1 1 2 2 1 -1 1 -1 1 1 1 1 1 1 1 1 
1 1 1 1 1 4 2 -1 1 4 4 -1 4 1 1 1 1 1 -1 1 
1 1 1 1 4 4 4 2 -1 -1 4 4 4 4 -1 1 1 -1 -1 1 
1 1 1 1 4 4 -1 -1 4 4 4 4 4 2 2 2 1 -1 1 1 
1 1 1 1 4 4 -1 4 1 4 4 1 -1 2 2 1 1 -1 -1 -1 
-1 1 1 1 -1 4 -1 4 4 4 4 -1 -1 2 2 -1 1 -1 -1 -1 
-1 1 1 1 4 -1 -1 4 4 4 4 -1 -1 2 -1 2 -1 -1 -1 -1 
-1 1 1 1 1 -1 -1 1 4 -1 2 -1 2 -1 4 2 -1 -1 -1 -1 
1 -1 1 1 1 -1 -1 4 1 -1 2 2 2 2 2 1 1 -1 -1 -1 
2 2 1 -1 4 -1 1 -1 1 2 2 2 2 2 2 1 4 2 -1 1 
2 1 1 4 -1 -1 2 2 1 1 2 -1 2 2 1 4 4 -1 2 2 
2 2 -1 1 4 -1 4 2 1 2 2 2 -1 1 2 1 1 2 2 2 
2 2 2 1 1 1 4 4 2 2 2 2 2 2 1 2 2 2 2 2 
-1 4 2 -1 1 1 4 2 2 2 4 2 -1 6 2 1 1 1 2 1 
4 4 1 2 2 1 4 -1 4 2 2 4 4 -1 2 4 1 1 2 1 
1 4 -1 1 1 1 -1 1 1 -1 1 2 2 4 2 2 1 1 1 1 
1 4 4 1 2 2 -1 1 -1 2 1 1 2 4 2 4 -1 6 1 1 
-1 4 4 2 2 2 1 1 -1 -1 1 1 1 2 40 4 4 4 -1 2 
4 4 4 2 1 2 1 1 1 4 4 2 4 1 8 8 4 6 6 2 
4 4 2 2 2 1 1 1 1 4 2 2 2 1 8 4 -1 4 6 4 
4 2 2 2 2 2 2 2 1 2 2 2 2 2 40 8 8 4 4 2 
2 -1 2 -1 2 2 2 2 1 -1 2 2 2 2 40 40 2 4 4 2 
2 2 -1 2 -1 2 2 2 1 2 2 2 -1 2 2 2 2 4 2 4 
2 2 2 1 -1 1 -1 1 2 1 1 -1 2 2 2 2 6 2 4 1 
1 1 2 1 1 1 1 1 2 1 1 1 2 2 -1 4 2 4 4 1 
1 2 2 2 1 2 -1 1 1 2 2 2 1 4 -1 -1 2 2 1 -1 
-1 1 2 2 2 -1 -1 -1 -1 -1 2 2 4 1 4 -1 2 4 1 1 
1 1 1 2 2 1 -1 -1 -1 -1 -1 2 -1 4 1 4 4 1 4 1 
-1 1 -1 1 2 2 1 -1 -1 -1 -1 1 2 2 4 4 4 4 2 2 
1 1 1 1 -1 1 1 1 1 1 1 -1 1 -1 2 2 -1 2 2 1 
1 1 1 1 1 1 1 1 -1 -1 2 2 -1 1 2 2 2 2 2 1 
1 1 1 1 2 2 2 2 2 1 2 2 2 2 2 2 2 4 2 1 
1 1 1 1 1 2 1 1 1 2 2 2 2 2 2 2 2 2 2 1 
1 1 1 1 1 2 1 1 1 2 1 2 2 2 2 2 2 2 2 2 
-1 1 4 1 1 1 2 1 1 1 2 2 -1 4 2 2 1 1 1 2 
2 2 2 2 2 -1 2 2 2 2 2 2 2 2 4 2 4 2 2 2 
2 2 2 -1 2 -1 2 2 2 2 2 2 -1 2 4 4 4 4 2 2 
2 2 2 2 2 2 -1 2 1 2 2 2 2 2 2 4 4 4 4 2 
2 2 2 2 2 2 2 1 -1 2 2 2 2 4 -1 4 4 2 2 2 
2 2 2 2 2 2 1 2 2 2 2 2 2 2 4 4 2 6 2 2 
2 2 -1 2 2 2 4 4 2 2 2 2 2 2 -1 4 2 -1 6 -1 
3 2 2 2 2 4 2 4 4 2 4 2 2 2 2 2 2 2 -1 -1 
3 2 2 2 1 2 -1 2 2 2 4 2 2 33 2 2 1 2 2 2 
2 2 8 1 8 4 2 2 2 -1 2 2 2 2 -1 2 2 2 2 2 
2 2 1 2 8 4 4 2 4 2 2 2 -1 2 2 2 1 2 2 8 
2 2 2 2 -1 2 4 2 -1 4 4 2 2 2 -1 1 1 2 1 -1 
2 2 2 2 -1 2 2 2 4 2 2 4 2 1 1 1 1 1 1 1 
2 2 2 2 1 1 -1 8 2 2 2 2 -1 -1 -1 1 -1 1 2 2 
2 1 1 1 1 1 2 8 2 2 2 2 -1 -1 -1 -1 1 2 2 1 
-1 2 1 1 1 1 8 2 2 2 2 -1 -1 2 -1 1 1 1 2 -1 
-1 2 1 1 2 1 1 2 8 2 -1 2 2 2 2 1 2 2 2 2 
1 2 1 1 1 1 2 8 1 -1 2 2 2 2 2 2 -1 2 2 2 
2 1 2 1 1 1 1 2 1 -1 2 -1 2 2 2 2 2 2 2 2 
2 1 2 2 2 2 2 -1 2 2 2 2 2 2 2 2 2 2 2 2 
2 2 2 2 2 2 2 2 2 2 2 -1 2 2 2 2 2 2 2 2 
-1 -1 2 2 2 2 33 32 -1 2 2 2 2 2 3 2 2 2 2 2 
2 2 2 2 2 2 2 33 3 2 3 2 2 -1 3 2 2 2 -1 -1 
2 2 -1 2 2 2 2 2 3 3 2 3 2 2 3 2 2 2 2 2 
2 2 2 2 2 2 2 2 2 3 3 2 2 3 -1 3 2 2 2 2 
2 2 2 2 2 2 2 2 2 2 3 3 2 2 2 3 2 2 2 2 
3 2 2 2 2 2 33 3 2 2 3 2 2 2 2 -1 3 8 3 -1 
2 -1 -1 2 33 -1 32 2 2 4 2 2 2 3 2 -1 3 3 2 2 
2 33 33 33 32 33 32 33 -1 4 2 3 2 2 3 2 -1 3 2 -1 
2 2 3 2 -1 32 -1 4 4 2 2 -1 3 2 2 2 2 2 2 2 
2 2 2 3 32 2 2 2 33 -1 -1 -1 32 3 2 -1 2 2 2 2 
2 2 3 2 2 2 2 33 33 2 2 32 3 -1 2 2 2 2 2 2 
2 2 2 2 2 2 2 2 33 2 -1 2 3 -1 2 2 2 2 -1 2 
2 -1 2 2 2 2 2 2 2 2 2 -1 3 2 2 -1 2 2 -1 -1 
2 2 2 2 -1 2 2 2 2 1 2 -1 -1 -1 2 2 2 -1 -1 2 
2 2 2 2 2 2 1 4 1 1 1 -1 2 -1 2 2 2 2 -1 2 
2 2 2 2 2 2 2 2 1 2 1 1 1 2 2 2 2 2 2 -1 
2 2 2 -1 2 2 2 2 1 1 1 1 2 -1 2 2 2 2 2 2 
2 2 2 2 2 2 2 1 2 3 3 2 2 -1 2 2 2 2 2 -1 
2 2 2 2 32 2 2 1 3 1 2 2 2 2 2 2 2 2 2 2 
2 2 2 2 2 33 33 3 3 2 2 -1 2 2 2 2 2 2 2 2 
2 2 -1 2 2 2 2 -1 1 1 -1 2 2 2 2 2 2 2 2 -1 
2 2 2 2 2 -1 -1 -1 -1 -1 -1 2 2 2 2 2 2 2 2 2 
2 2 2 2 2 2 2 2 2 2 2 1 2 2 2 2 2 2 -1 -1 
-1 -1 2 -1 -1 2 2 2 2 2 2 2 33 2 2 2 2 -1 2 2 
2 2 2 2 2 2 2 2 2 2 -1 33 2 2 2 2 2 2 2 2 
2 2 2 2 2 2 -1 2 2 2 -1 2 2 2 2 2 2 2 2 2 
2 2 2 4 4 2 3 2 4 2 2 2 2 2 2 2 2 2 2 2 
2 2 2 2 2 2 -1 2 2 2 2 2 2 2 2 2 2 2 2 2 
2 2 2 2 2 2 2 2 2 2 2 2 2 2 2 2 2 -1 2 -1 
2 2 2 -1 2 -1 2 2 2 2 2 2 2 2 2 32 8 -1 3 2 
2 -1 2 2 2 2 2 3 2 2 -1 -1 -1 -1 32 32 2 3 2 2 
2 2 2 2 2 3 -1 3 2 2 2 -1 2 2 2 2 2 2 2 2 
32 2 2 2 2 3 2 3 2 3 2 2 2 2 2 -1 2 2 2 32 
32 32 2 2 3 2 2 2 2 3 2 2 2 2 2 2 1 -1 2 32 
2 2 2 -1 2 3 3 2 -1 2 2 2 32 2 2 2 2 2 -1 2 
2 2 -1 -1 2 2 2 2 2 2 -1 32 2 32 32 32 2 2 2 -1 
2 2 2 2 2 2 2 -1 2 2 2 2 2 2 2 2 2 2 2 2 
2 -1 -1 2 2 -1 1 -1 1 2 2 2 2 2 2 2 2 2 2 2 
2 2 -1 -1 2 2 1 1 1 1 2 -1 -1 2 2 2 2 2 2 2 
2 2 2 -1 2 2 1 1 -1 1 1 -1 2 2 2 2 2 2 2 2 
2 2 2 -1 1 1 1 1 -1 2 2 1 3 2 3 2 -1 -1 2 2 
-1 -1 2 1 1 1 2 1 1 2 -1 1 -1 3 4 2 -1 2 -1 2 
-1 2 2 -1 2 2 -1 -1 1 -1 -1 -1 -1 4 4 2 2 3 3 3 
1 8 2 -1 -1 -1 -1 -1 -1 -1 2 -1 -1 2 2 2 2 2 3 1 
-1 8 -1 -1 -1 -1 -1 -1 -1 -1 -1 -1 -1 -1 2 2 2 -1 2 1 
2 8 8 8 2 -1 -1 -1 -1 4 -1 1 -1 -1 -1 2 2 2 1 2 
1 2 8 -1 2 -1 -1 -1 1 1 4 -1 -1 4 2 2 -1 2 2 1 
-1 2 -1 2 2 2 2 -1 1 4 1 -1 4 4 2 2 2 -1 2 2 
2 2 2 2 2 2 -1 -1 4 4 4 4 4 4 -1 -1 -1 2 2 2 
-1 -1 2 2 2 -1 -1 -1 -1 -1 1 4 4 -1 -1 -1 1 1 -1 -1 
2 2 2 2 2 -1 -1 -1 4 -1 -1 2 -1 -1 -1 -1 1 1 -1 -1 
2 2 2 2 1 1 -1 1 -1 2 2 2 -1 -1 -1 2 8 -1 1 -1 
2 2 2 2 1 1 -1 1 1 3 2 2 1 -1 -1 2 -1 1 1 2 
2 2 -1 -1 1 1 1 1 9 9 3 2 1 1 -1 -1 2 -1 -1 2 
2 2 2 1 1 -1 -1 -1 2 2 3 -1 1 -1 -1 2 -1 2 2 2 
2 2 -1 1 1 -1 -1 -1 2 2 2 -1 -1 -1 2 2 2 2 1 1 
1 -1 -1 1 -1 1 2 2 2 2 2 -1 -1 -1 -1 2 -1 2 2 1 
-1 -1 2 1 1 -1 1 2 2 2 2 -1 -1 -1 -1 2 2 2 2 1 
-1 -1 2 2 1 -1 1 1 32 -1 -1 -1 -1 -1 2 2 2 2 2 -1 
-1 -1 2 2 1 1 1 1 1 2 -1 -1 2 -1 3 2 -1 -1 2 -1 
-1 -1 -1 -1 -1 -1 1 1 1 1 1 1 -1 9 8 1 -1 -1 -1 -1 
-1 1 -1 -1 -1 1 1 1 1 1 1 -1 1 8 9 -1 -1 -1 -1 -1 
-1 1 2 2 -1 1 1 1 1 1 1 1 9 -1 -1 -1 -1 -1 -1 -1 
2 1 -1 2 2 1 1 1 1 1 1 8 -1 -1 -1 -1 -1 -1 -1 -1 
1 -1 -1 2 1 1 1 1 1 1 1 1 -1 -1 -1 1 -1 -1 -1 2 
-1 1 -1 -1 1 1 1 1 1 1 1 1 1 -1 -1 -1 -1 -1 -1 8 
8 1 -1 2 2 -1 -1 -1 1 1 1 1 1 1 -1 -1 2 2 2 8 
-1 -1 -1 2 2 2 -1 1 -1 1 1 -1 -1 -1 -1 2 8 2 2 8 
2 -1 -1 -1 1 1 1 -1 1 -1 -1 -1 -1 -1 -1 1 8 2 -1 2 
2 -1 2 2 -1 1 -1 -1 -1 -1 -1 1 1 1 -1 1 2 -1 1 2 
1 2 -1 -1 -1 -1 1 -1 -1 -1 -1 -1 1 1 -1 1 1 -1 1 1 
-1 -1 -1 -1 -1 -1 -1 -1 -1 1 1 1 1 -1 1 1 1 1 2 -1 
-1 -1 -1 -1 -1 -1 -1 -1 -1 1 2 1 1 1 1 1 1 1 1 1 
-1 -1 -1 -1 -1 -1 -1 -1 2 2 -1 2 1 1 -1 -1 -1 1 1 -1 
1 -1 -1 -1 -1 -1 -1 2 2 2 2 2 2 1 -1 -1 -1 -1 1 1 
-1 -1 -1 -1 -1 -1 -1 -1 2 2 2 1 1 1 -1 2 -1 -1 -1 1 
2 -1 -1 -1 -1 -1 1 1 -1 1 1 1 -1 2 -1 2 2 2 -1 2 
2 -1 1 1 1 1 1 -1 1 1 1 2 2 -1 2 2 2 2 2 2 
1 1 1 1 1 1 1 1 1 2 -1 2 -1 2 2 2 2 2 2 -1 
1 1 1 1 1 1 1 1 1 1 1 2 1 2 8 -1 -1 -1 -1 -1 
-1 -1 -1 -1 -1 -1 -1 -1 -1 5 5 -1 -1 -1 -1 9 9 -1 -1 -1 
-1 -1 -1 8 -1 -1 -1 -1 5 5 2 2 -1 -1 -1 9 8 -1 -1 -1 
-1 -1 -1 2 8 -1 -1 5 5 -1 1 -1 2 -1 -1 -1 8 -1 -1 -1 
-1 -1 9 8 8 -1 -1 5 -1 1 1 1 1 -1 9 -1 -1 -1 -1 -1 
-1 -1 -1 1 -1 -1 -1 -1 -1 -1 -1 1 1 9 -1 -1 -1 8 -1 -1 
1 -1 -1 2 1 -1 -1 -1 -1 -1 1 1 9 -1 -1 -1 1 -1 1 -1 
-1 1 2 1 1 -1 -1 -1 -1 -1 -1 9 9 -1 1 -1 1 -1 -1 1 
1 -1 1 -1 1 1 -1 -1 -1 -1 9 2 -1 1 1 -1 -1 1 -1 -1 
-1 -1 -1 -1 -1 1 -1 -1 -1 9 -1 2 1 -1 -1 -1 -1 -1 -1 -1 
-1 -1 -1 -1 -1 1 -1 -1 -1 2 2 1 -1 -1 -1 -1 -1 -1 -1 -1 
-1 -1 -1 -1 -1 -1 -1 -1 1 -1 8 8 -1 -1 -1 -1 -1 -1 -1 -1 
-1 -1 -1 -1 -1 -1 -1 1 1 1 -1 1 -1 -1 -1 -1 -1 -1 -1 -1 
8 -1 -1 -1 -1 -1 -1 1 1 1 1 1 -1 8 9 9 9 8 -1 -1 
9 9 -1 1 -1 -1 1 1 1 -1 1 9 9 8 -1 -1 9 9 8 8 
-1 -1 -1 -1 1 1 1 -1 -1 -1 8 9 -1 8 9 9 8 8 9 9 
-1 9 -1 1 1 1 1 -1 -1 8 9 9 8 1 -1 -1 8 8 8 -1 
8 8 1 1 8 1 -1 -1 -1 -1 -1 8 -1 8 1 1 -1 -1 -1 9 
8 8 8 8 -1 -1 -1 -1 2 2 2 -1 1 1 -1 -1 -1 -1 -1 -1 
9 8 8 -1 -1 -1 -1 -1 -1 2 -1 -1 1 1 1 -1 8 -1 -1 -1 
8 9 9 -1 -1 -1 -1 2 2 2 -1 -1 1 1 9 9 -1 -1 -1 9 
2 1 9 8 6 6 6 -1 1 -1 8 -1 1 9 -1 -1 -1 -1 1 1 
1 1 8 8 9 -1 -1 -1 -1 -1 -1 1 9 9 -1 -1 -1 -1 9 -1 
-1 1 9 8 -1 -1 -1 8 -1 -1 8 8 40 9 -1 -1 -1 -1 9 9 
9 9 1 9 -1 -1 -1 8 8 8 8 -1 -1 40 -1 -1 9 9 8 -1 
-1 -1 9 1 -1 -1 -1 8 8 -1 -1 -1 -1 -1 -1 9 9 -1 9 8 
8 -1 9 -1 -1 -1 -1 8 8 -1 1 -1 -1 -1 -1 -1 9 9 -1 -1 
-1 9 8 -1 -1 -1 9 8 -1 8 1 1 -1 -1 -1 9 9 8 8 -1 
8 8 8 8 8 8 9 -1 -1 -1 8 1 1 -1 -1 -1 8 8 -1 1 
1 8 8 9 8 9 -1 -1 -1 -1 8 8 -1 -1 -1 -1 8 1 -1 1 
-1 1 8 8 8 8 9 -1 -1 8 8 -1 -1 -1 -1 -1 8 8 1 9 
9 1 9 9 8 -1 9 8 8 -1 2 8 -1 -1 -1 9 -1 8 8 1 
8 -1 9 8 -1 9 -1 -1 8 -1 -1 8 8 8 -1 -1 -1 -1 9 8 
8 8 8 8 9 -1 -1 -1 -1 -1 8 8 8 8 -1 -1 -1 9 -1 1 
1 8 8 9 9 9 -1 -1 9 -1 -1 8 -1 8 8 -1 8 1 1 -1 
-1 1 8 -1 9 9 -1 9 9 -1 -1 8 2 -1 -1 8 1 1 1 1 
1 8 1 1 8 8 9 9 9 8 -1 2 -1 1 2 2 2 1 1 1 
6 1 1 1 3 6 9 9 -1 9 8 -1 -1 -1 -1 -1 -1 1 1 2 
1 2 -1 3 3 2 6 6 9 -1 -1 -1 -1 -1 -1 1 -1 1 2 2 
2 1 6 6 -1 6 -1 8 8 -1 -1 -1 -1 -1 1 1 1 -1 -1 2 
1 6 9 6 2 6 -1 -1 1 1 8 -1 -1 1 -1 -1 -1 1 -1 -1 
-1 -1 2 -1 2 -1 -1 -1 -1 -1 -1 3 1 -1 -1 6 6 -1 -1 -1 
-1 -1 -1 2 2 2 -1 9 6 -1 -1 2 2 6 6 -1 -1 -1 -1 -1 
-1 -1 -1 2 -1 -1 -1 6 -1 6 2 -1 6 6 -1 -1 -1 -1 -1 -1 
8 1 8 -1 -1 -1 -1 6 6 6 1 3 6 6 -1 -1 -1 -1 -1 9 
8 8 -1 8 -1 -1 -1 -1 6 1 1 1 3 -1 -1 -1 -1 2 8 8 
8 9 8 -1 -1 8 8 8 2 1 1 2 2 -1 -1 8 8 8 8 8 
8 -1 9 9 -1 -1 40 8 2 2 1 2 8 8 8 2 2 8 8 2 
8 2 -1 9 8 40 40 8 8 8 8 -1 8 8 8 2 2 8 8 2 
2 -1 -1 8 -1 -1 8 8 -1 8 8 1 8 8 8 8 2 2 2 2 
2 -1 9 -1 -1 40 40 40 -1 8 8 1 1 8 8 8 2 2 2 2 
9 9 9 -1 1 -1 1 1 -1 1 -1 8 1 1 -1 8 2 9 9 2 
-1 9 8 8 1 1 2 2 1 1 1 -1 1 1 -1 2 8 -1 9 2 
-1 8 8 8 9 2 -1 1 1 1 1 1 1 1 1 2 -1 2 2 2 
-1 -1 -1 2 2 -1 1 1 1 8 1 1 -1 1 1 -1 1 1 2 2 
1 1 1 1 1 1 8 8 -1 -1 1 6 1 -1 2 2 1 1 2 2 
-1 1 1 1 1 -1 40 -1 -1 -1 -1 6 1 -1 2 2 1 1 2 2 
8 8 -1 -1 -1 -1 -1 -1 -1 -1 1 1 1 -1 -1 -1 -1 1 -1 -1 
8 -1 -1 -1 -1 -1 2 -1 -1 -1 2 1 1 1 -1 -1 1 -1 -1 8 
8 -1 -1 2 -1 2 -1 -1 -1 -1 6 2 1 1 -1 -1 -1 -1 8 8 
8 -1 -1 2 2 2 -1 -1 -1 -1 2 1 1 1 -1 -1 -1 -1 -1 -1 
8 -1 -1 9 9 9 -1 -1 40 8 8 2 40 6 6 9 9 2 8 8 
8 -1 9 8 40 -1 40 6 8 9 8 2 8 8 6 -1 -1 -1 -1 2 
-1 9 -1 -1 8 40 40 40 9 -1 -1 2 9 -1 -1 -1 2 -1 2 -1 
-1 9 -1 8 40 -1 40 2 2 -1 9 9 2 2 -1 2 -1 2 -1 2 
2 -1 -1 -1 8 -1 9 8 2 9 -1 2 2 2 2 -1 2 2 -1 2 
2 2 -1 -1 6 2 -1 -1 9 9 9 2 2 -1 2 2 2 2 2 -1 
2 8 2 8 -1 2 1 8 -1 -1 9 9 9 -1 2 2 -1 -1 2 2 
2 8 8 8 8 8 6 2 -1 -1 -1 9 -1 -1 2 2 8 -1 2 8 
8 9 2 8 8 -1 2 9 8 -1 -1 -1 -1 -1 -1 2 9 8 8 9 
8 8 8 2 8 2 2 9 -1 8 -1 -1 -1 -1 2 9 9 9 9 2 
8 8 8 8 2 9 2 8 -1 -1 -1 -1 -1 2 2 9 2 9 2 9 
8 -1 8 2 9 40 -1 8 2 2 2 2 -1 2 2 -1 2 -1 -1 -1 
8 9 8 -1 40 2 2 2 2 2 -1 2 -1 2 -1 8 8 2 8 8 
8 8 2 40 40 6 2 2 2 2 2 2 -1 2 40 -1 8 8 8 -1 
2 2 8 2 40 3 6 2 2 2 2 2 2 2 2 8 8 2 2 8 
8 2 2 1 2 -1 -1 8 2 2 2 2 2 2 2 -1 -1 8 2 2 
2 8 2 -1 2 -1 8 40 8 8 2 2 2 2 -1 -1 2 2 2 2 
2 -1 -1 2 2 2 2 8 8 8 8 8 2 2 2 2 -1 2 2 2 
2 8 -1 2 2 8 2 8 8 8 2 2 2 2 2 2 2 2 8 2 
2 8 9 9 9 2 -1 -1 40 8 8 2 2 6 2 -1 2 2 8 8 
-1 8 -1 2 1 1 2 2 -1 2 -1 -1 -1 -1 2 2 4 -1 2 2 
-1 40 40 2 1 -1 2 2 -1 -1 8 2 -1 -1 2 4 2 2 -1 8 
40 40 8 1 40 40 40 8 1 1 -1 8 6 6 4 2 2 2 9 -1 
8 40 40 8 8 40 6 40 8 2 8 1 40 4 4 4 2 8 8 -1 
40 40 40 8 8 40 -1 6 2 2 2 2 2 -1 4 2 2 2 2 9 
1 -1 1 9 8 40 -1 6 6 8 2 2 -1 -1 -1 2 2 2 8 9 
1 1 1 9 2 2 6 2 2 2 2 2 -1 2 2 -1 -1 2 -1 2 
1 1 1 6 2 2 2 2 2 2 2 8 8 2 -1 -1 2 2 2 1 
-1 1 9 2 2 2 2 -1 2 2 2 8 8 2 1 -1 -1 -1 -1 1 
-1 2 2 2 2 2 8 2 2 2 2 8 8 -1 -1 -1 -1 -1 -1 40 
8 2 2 2 2 2 9 9 2 2 2 8 8 -1 -1 -1 -1 -1 40 8 
40 2 2 -1 9 9 9 8 2 -1 -1 8 40 -1 -1 -1 -1 -1 8 2 
40 40 1 9 9 9 9 9 2 8 -1 -1 8 40 -1 2 -1 -1 2 8 
-1 -1 8 1 -1 9 -1 8 2 8 -1 -1 40 8 40 -1 -1 -1 -1 2 
8 8 8 -1 9 1 9 -1 -1 2 -1 40 -1 2 2 2 2 2 -1 -1 
-1 8 -1 8 1 9 8 -1 -1 -1 8 -1 8 2 2 -1 -1 -1 2 2 
1 1 -1 1 1 -1 3 -1 -1 -1 -1 -1 8 2 2 -1 -1 -1 1 -1 
-1 1 -1 8 1 1 -1 -1 -1 -1 -1 -1 -1 2 2 2 1 -1 1 1 
1 1 1 1 8 1 1 1 -1 -1 -1 -1 -1 -1 2 2 9 1 1 -1 
-1 6 1 1 1 8 -1 -1 2 -1 -1 -1 -1 -1 2 2 2 2 2 -1 
