1 -1 1 -1 -1 -1 -1 1 1 -1 1 1 -1 1 1 -1 -1 -1 1 1 
1 1 -1 -1 -1 -1 -1 1 1 1 1 1 1 1 1 -1 1 1 1 1 
1 -1 -1 -1 -1 -1 1 -1 1 1 1 -1 1 1 1 1 1 1 1 1 
1 -1 1 -1 -1 -1 1 1 1 1 1 1 1 1 1 1 1 1 -1 -1 
-1 -1 -1 1 -1 1 1 1 -1 1 -1 1 -1 1 1 1 1 1 1 -1 
-1 -1 -1 -1 1 -1 -1 -1 -1 -1 -1 -1 -1 -1 -1 1 -1 1 1 -1 
-1 -1 -1 -1 1 -1 -1 -1 -1 -1 -1 -1 -1 -1 -1 -1 -1 -1 1 -1 
-1 -1 -1 -1 1 -1 -1 -1 -1 -1 -1 -1 -1 -1 -1 -1 -1 -1 -1 -1 
-1 -1 -1 -1 -1 -1 -1 1 -1 -1 1 1 1 -1 -1 -1 1 -1 -1 -1 
-1 -1 -1 -1 -1 1 -1 1 -1 -1 1 -1 -1 -1 -1 -1 -1 1 -1 -1 
-1 -1 -1 -1 -1 1 -1 1 1 -1 -1 -1 -1 -1 1 1 -1 -1 1 -1 
-1 1 -1 -1 -1 -1 -1 -1 -1 -1 -1 -1 -1 -1 -1 -1 -1 -1 1 1 
1 1 -1 -1 -1 -1 -1 -1 -1 -1 -1 -1 -1 -1 -1 -1 -1 -1 -1 -1 
-1 1 1 -1 -1 1 -1 -1 -1 -1 -1 -1 -1 -1 -1 -1 -1 -1 -1 -1 
1 -1 -1 -1 -1 1 -1 1 -1 -1 -1 -1 -1 -1 -1 -1 -1 -1 -1 -1 
1 -1 -1 -1 -1 -1 1 -1 -1 -1 -1 -1 -1 -1 -1 -1 -1 -1 -1 -1 
-1 -1 -1 -1 -1 -1 -1 1 -1 -1 -1 -1 -1 -1 -1 -1 -1 -1 -1 1 
-1 -1 -1 -1 -1 -1 -1 1 -1 -1 -1 -1 -1 -1 -1 -1 -1 -1 -1 -1 
-1 -1 -1 -1 -1 -1 1 1 -1 -1 1 1 -1 -1 -1 -1 -1 -1 -1 1 
1 -1 1 -1 -1 -1 -1 1 1 -1 1 -1 1 1 -1 -1 -1 -1 -1 -1 
-1 -1 -1 -1 -1 -1 -1 -1 -1 -1 -1 -1 -1 -1 -1 -1 3 3 -1 -1 
-1 -1 -1 -1 -1 -1 -1 -1 -1 -1 -1 -1 -1 -1 -1 1 1 1 1 -1 
-1 -1 -1 -1 -1 -1 -1 -1 -1 -1 -1 -1 -1 -1 -1 1 1 1 1 1 
-1 -1 -1 -1 -1 -1 -1 -1 -1 -1 -1 -1 -1 1 1 1 1 1 1 1 
-1 -1 -1 -1 -1 -1 -1 1 1 -1 -1 -1 -1 -1 1 -1 -1 1 1 1 
-1 -1 -1 -1 -1 -1 -1 -1 -1 -1 -1 -1 -1 -1 -1 -1 1 1 1 -1 
-1 -1 -1 -1 -1 -1 -1 -1 -1 -1 -1 -1 -1 -1 -1 1 -1 1 1 -1 
-1 -1 -1 -1 -1 -1 -1 -1 -1 -1 -1 -1 -1 -1 -1 -1 -1 -1 -1 -1 
-1 -1 -1 -1 -1 -1 -1 -1 -1 -1 -1 -1 -1 -1 -1 -1 -1 -1 -1 -1 
-1 -1 -1 -1 -1 -1 -1 -1 -1 -1 -1 -1 -1 1 -1 -1 -1 -1 -1 -1 
-1 -1 -1 -1 -1 -1 -1 -1 1 -1 -1 -1 1 1 -1 -1 -1 -1 -1 -1 
-1 -1 -1 -1 -1 -1 -1 1 1 -1 -1 -1 -1 1 -1 -1 -1 -1 -1 -1 
-1 -1 -1 -1 -1 -1 1 -1 -1 1 1 1 1 -1 -1 -1 -1 -1 -1 -1 
1 1 -1 -1 -1 -1 -1 -1 1 -1 -1 1 1 1 -1 -1 -1 -1 -1 -1 
1 -1 -1 -1 -1 -1 -1 1 1 -1 -1 1 -1 -1 -1 -1 -1 -1 -1 1 
-1 -1 -1 -1 -1 -1 -1 -1 -1 -1 1 1 1 -1 -1 -1 -1 -1 -1 -1 
-1 -1 -1 -1 -1 -1 -1 -1 -1 1 1 -1 -1 1 -1 -1 -1 -1 -1 -1 
-1 -1 -1 -1 -1 -1 -1 -1 -1 -1 -1 -1 -1 -1 -1 -1 -1 -1 -1 -1 
-1 -1 -1 -1 -1 -1 -1 -1 -1 -1 -1 -1 -1 -1 -1 -1 -1 -1 -1 -1 
-1 -1 -1 -1 -1 -1 -1 -1 -1 -1 -1 -1 -1 -1 -1 -1 1 -1 -1 -1 
-1 -1 -1 -1 -1 -1 -1 -1 -1 -1 -1 -1 -1 -1 -1 -1 -1 -1 -1 -1 
-1 -1 -1 -1 -1 -1 -1 -1 -1 -1 -1 -1 -1 -1 -1 -1 -1 -1 -1 -1 
-1 -1 -1 -1 1 -1 -1 -1 -1 -1 -1 -1 -1 -1 -1 -1 -1 -1 -1 -1 
-1 -1 -1 -1 -1 2 2 -1 2 -1 -1 -1 -1 -1 -1 -1 -1 -1 -1 -1 
-1 -1 -1 -1 2 -1 2 2 2 -1 -1 -1 -1 -1 -1 -1 1 -1 -1 -1 
-1 -1 -1 -1 2 2 2 2 2 2 -1 -1 -1 -1 -1 1 -1 -1 -1 -1 
-1 -1 -1 -1 2 -1 -1 2 2 2 2 -1 -1 -1 -1 -1 1 -1 -1 -1 
1 1 -1 -1 -1 2 -1 -1 -1 2 -1 3 3 -1 3 1 1 -1 -1 1 
1 1 -1 -1 -1 -1 -1 -1 2 3 -1 3 3 1 1 3 -1 -1 1 -1 
-1 -1 1 -1 -1 -1 -1 3 -1 3 3 3 1 1 3 3 1 1 -1 1 
-1 -1 1 1 -1 -1 -1 -1 3 3 3 3 1 3 1 1 -1 1 1 -1 
-1 1 1 2 2 -1 2 3 3 3 3 3 1 1 1 1 1 1 1 1 
1 1 1 1 1 2 2 2 3 2 3 1 1 1 -1 -1 1 -1 -1 -1 
1 1 1 1 -1 1 2 2 1 2 -1 1 1 1 1 -1 -1 -1 -1 -1 
1 1 1 1 1 1 1 1 -1 2 -1 -1 1 1 -1 -1 -1 -1 -1 -1 
1 2 2 1 1 1 1 -1 2 2 -1 2 -1 -1 1 -1 -1 -1 1 1 
2 -1 1 1 1 1 1 2 2 2 2 -1 -1 -1 -1 -1 -1 -1 -1 -1 
-1 1 1 -1 1 1 -1 -1 2 2 -1 -1 -1 -1 -1 -1 -1 1 -1 -1 
-1 1 -1 1 -1 -1 1 -1 2 -1 -1 -1 -1 -1 -1 -1 1 1 -1 -1 
1 -1 -1 -1 -1 -1 -1 -1 -1 2 2 -1 -1 -1 -1 -1 -1 1 -1 -1 
-1 1 -1 1 1 -1 -1 1 2 2 2 8 2 2 2 2 1 1 1 -1 
1 -1 -1 -1 1 1 -1 -1 -1 1 2 2 2 2 2 2 2 2 1 -1 
1 -1 -1 -1 1 -1 -1 -1 -1 1 1 1 1 2 2 -1 2 -1 -1 1 
2 -1 1 1 -1 1 -1 1 1 -1 -1 1 1 1 1 1 2 2 2 2 
-1 1 1 1 1 -1 1 1 1 1 -1 1 1 1 1 1 -1 2 2 2 
1 -1 1 1 1 1 1 -1 1 -1 1 1 1 1 1 1 -1 -1 -1 -1 
-1 1 1 1 1 1 1 1 -1 -1 -1 -1 -1 1 1 -1 -1 -1 -1 1 
1 -1 1 1 -1 1 -1 -1 -1 -1 -1 -1 -1 -1 -1 2 -1 -1 -1 -1 
1 -1 -1 1 1 1 -1 -1 -1 -1 -1 -1 -1 -1 -1 2 2 -1 -1 -1 
-1 -1 -1 1 1 1 -1 -1 -1 -1 -1 -1 2 2 2 1 1 1 2 2 
-1 -1 -1 -1 -1 1 -1 -1 -1 -1 -1 -1 2 2 1 1 1 2 -1 -1 
2 -1 -1 -1 -1 1 -1 -1 -1 -1 -1 -1 2 2 2 1 1 1 -1 2 
-1 -1 -1 -1 1 -1 -1 -1 -1 -1 -1 -1 -1 1 1 2 1 2 2 -1 
1 1 -1 -1 -1 -1 -1 -1 -1 -1 -1 -1 -1 1 1 1 1 -1 2 -1 
1 1 1 -1 1 -1 -1 -1 -1 -1 -1 -1 -1 -1 -1 -1 -1 -1 2 -1 
1 -1 1 1 1 -1 -1 -1 -1 -1 -1 -1 -1 2 -1 -1 -1 -1 -1 -1 
1 1 -1 -1 1 -1 -1 -1 -1 -1 2 -1 -1 -1 2 2 2 -1 1 1 
-1 -1 -1 -1 1 1 -1 1 -1 -1 2 2 -1 -1 -1 2 -1 1 1 1 
1 1 1 1 1 1 1 -1 -1 -1 2 -1 -1 -1 2 -1 2 2 -1 1 
1 1 1 1 1 1 1 -1 -1 2 2 -1 8 2 2 1 1 1 1 1 
-1 -1 -1 -1 1 -1 -1 1 1 -1 1 -1 1 1 1 2 1 1 -1 -1 
-1 -1 -1 -1 -1 -1 -1 -1 1 -1 -1 1 2 1 2 1 1 1 1 -1 
-1 1 1 1 -1 -1 1 -1 -1 -1 1 1 -1 1 2 1 1 -1 -1 -1 
-1 1 1 1 -1 -1 1 1 -1 -1 1 1 -1 -1 -1 -1 1 -1 -1 -1 
-1 1 1 -1 1 -1 -1 1 1 -1 -1 1 -1 -1 -1 -1 -1 -1 -1 -1 
-1 -1 -1 -1 -1 -1 -1 -1 1 1 -1 -1 -1 -1 -1 -1 -1 -1 -1 -1 
-1 -1 1 1 -1 -1 -1 -1 1 1 1 1 1 1 -1 1 -1 -1 -1 -1 
-1 -1 -1 -1 1 -1 -1 1 -1 1 1 1 1 1 1 1 1 1 -1 -1 
-1 -1 -1 1 1 1 -1 -1 1 1 1 1 1 1 1 1 1 1 1 -1 
-1 -1 -1 1 1 -1 1 -1 1 1 1 -1 -1 1 -1 -1 -1 1 1 1 
-1 -1 -1 -1 -1 1 1 -1 -1 1 -1 -1 -1 -1 -1 -1 -1 1 -1 1 
1 -1 -1 -1 -1 1 -1 1 -1 -1 -1 -1 -1 -1 -1 -1 -1 -1 -1 -1 
-1 -1 -1 -1 1 -1 -1 -1 -1 -1 1 1 -1 -1 -1 -1 -1 -1 -1 1 
-1 -1 -1 -1 -1 -1 -1 -1 -1 1 1 1 1 -1 -1 -1 -1 -1 -1 -1 
-1 -1 -1 -1 -1 -1 -1 -1 -1 1 1 -1 -1 -1 -1 -1 -1 1 1 1 
1 -1 -1 -1 -1 -1 -1 -1 -1 -1 1 -1 -1 -1 -1 -1 -1 -1 1 -1 
1 -1 -1 -1 -1 -1 -1 -1 -1 1 -1 1 1 1 1 -1 1 -1 -1 -1 
1 -1 1 -1 -1 1 -1 -1 -1 -1 1 1 1 -1 -1 1 -1 1 -1 -1 
1 1 1 3 -1 1 -1 -1 -1 -1 -1 -1 1 1 1 1 1 1 1 -1 
-1 1 3 -1 -1 1 -1 -1 -1 -1 -1 -1 1 1 1 1 1 1 1 -1 
-1 1 1 1 -1 -1 1 1 1 -1 1 -1 -1 -1 -1 -1 -1 -1 -1 -1 
-1 -1 -1 -1 1 -1 1 -1 -1 -1 -1 1 -1 1 -1 -1 -1 -1 -1 -1 
-1 -1 -1 1 1 1 1 1 1 -1 -1 -1 1 1 1 -1 -1 -1 -1 -1 
-1 1 -1 1 1 1 -1 1 1 -1 -1 2 2 1 -1 -1 -1 -1 -1 -1 
1 -1 1 1 1 1 1 -1 -1 1 2 2 2 1 -1 -1 -1 -1 -1 -1 
1 1 1 1 1 -1 -1 -1 -1 -1 1 2 1 -1 1 -1 -1 -1 -1 1 
1 1 -1 1 1 -1 -1 1 -1 1 1 1 1 1 -1 1 -1 -1 1 1 
-1 1 1 1 1 1 1 -1 -1 1 1 1 -1 -1 1 -1 -1 1 1 1 
-1 -1 -1 1 1 1 -1 1 1 1 -1 -1 -1 -1 -1 -1 1 1 1 1 
-1 -1 1 1 -1 -1 -1 -1 -1 1 1 -1 -1 -1 -1 -1 1 -1 1 1 
1 -1 1 1 -1 -1 -1 -1 1 1 -1 -1 1 -1 -1 -1 -1 -1 1 1 
1 1 -1 -1 -1 -1 -1 -1 1 -1 -1 1 1 1 -1 -1 -1 1 1 1 
-1 -1 -1 -1 -1 -1 -1 1 1 -1 -1 -1 -1 1 1 -1 -1 -1 1 1 
1 1 1 -1 -1 1 1 -1 1 1 -1 -1 -1 1 1 -1 -1 -1 1 1 
1 1 1 1 1 -1 1 1 -1 -1 -1 1 1 1 -1 -1 -1 -1 1 1 
1 -1 1 1 1 1 1 -1 -1 -1 -1 -1 1 -1 -1 -1 -1 -1 1 1 
1 1 -1 -1 -1 1 1 1 -1 -1 -1 -1 -1 -1 -1 -1 -1 -1 1 1 
1 -1 -1 -1 -1 -1 -1 -1 1 -1 -1 -1 -1 -1 -1 -1 -1 -1 1 1 
1 1 -1 1 -1 -1 1 1 -1 -1 -1 -1 -1 -1 -1 -1 -1 -1 -1 -1 
-1 1 1 -1 -1 1 1 1 -1 -1 -1 -1 -1 -1 -1 -1 -1 -1 -1 -1 
-1 -1 -1 -1 -1 1 1 1 1 1 -1 1 -1 -1 -1 -1 -1 -1 -1 -1 
-1 -1 -1 -1 -1 1 1 1 1 -1 -1 -1 -1 2 -1 -1 -1 -1 -1 -1 
-1 -1 -1 -1 1 -1 1 -1 -1 -1 -1 -1 -1 -1 -1 -1 -1 -1 -1 -1 
-1 -1 -1 -1 1 1 -1 -1 1 -1 -1 -1 -1 -1 -1 -1 -1 -1 -1 -1 
-1 -1 -1 1 -1 1 -1 1 1 -1 -1 -1 -1 -1 -1 -1 -1 -1 -1 -1 
-1 -1 -1 1 1 1 -1 1 -1 -1 -1 -1 -1 -1 -1 -1 -1 -1 -1 -1 
-1 -1 -1 1 1 1 1 -1 -1 -1 -1 -1 -1 -1 -1 -1 -1 -1 -1 -1 
1 -1 -1 -1 1 -1 1 1 1 -1 -1 -1 -1 -1 -1 -1 -1 -1 -1 -1 
-1 1 -1 1 1 -1 1 1 1 -1 -1 1 1 -1 -1 -1 -1 -1 -1 -1 
1 -1 -1 -1 1 1 -1 1 1 -1 -1 1 1 -1 1 1 -1 -1 -1 -1 
-1 -1 -1 -1 -1 1 1 1 -1 -1 -1 1 1 1 1 1 -1 -1 -1 -1 
-1 -1 -1 -1 1 1 -1 -1 -1 -1 -1 -1 -1 -1 -1 -1 -1 -1 -1 -1 
-1 -1 -1 -1 -1 1 -1 -1 -1 -1 -1 -1 1 -1 -1 -1 -1 -1 -1 -1 
-1 -1 -1 -1 -1 -1 -1 -1 -1 -1 -1 1 1 1 -1 -1 -1 -1 -1 -1 
-1 -1 -1 -1 -1 -1 -1 -1 -1 1 1 1 1 1 -1 -1 -1 -1 -1 -1 
-1 -1 -1 -1 -1 -1 -1 -1 -1 1 1 -1 -1 -1 -1 -1 -1 -1 -1 -1 
-1 -1 -1 -1 -1 -1 -1 1 1 -1 -1 -1 -1 -1 -1 -1 -1 -1 -1 1 
-1 -1 -1 -1 -1 -1 1 1 1 -1 -1 -1 -1 -1 -1 -1 -1 1 1 -1 
-1 -1 -1 3 3 -1 1 1 1 1 -1 -1 -1 -1 -1 -1 -1 1 -1 -1 
-1 -1 -1 -1 3 1 1 1 1 1 1 -1 -1 -1 -1 -1 -1 -1 -1 -1 
-1 1 1 1 1 1 1 -1 -1 -1 -1 -1 -1 1 1 1 -1 -1 1 -1 
1 1 1 1 1 1 1 -1 -1 -1 -1 -1 -1 1 1 1 1 1 1 -1 
-1 -1 -1 -1 1 1 1 -1 -1 1 1 1 1 3 1 1 -1 1 1 1 
-1 -1 -1 -1 1 1 -1 -1 -1 -1 -1 1 1 1 3 -1 1 1 -1 -1 
-1 -1 -1 -1 -1 -1 -1 -1 -1 -1 -1 1 1 -1 -1 1 1 1 1 -1 
-1 1 -1 -1 -1 -1 -1 -1 -1 -1 1 -1 1 -1 3 3 1 1 -1 1 
1 -1 1 -1 -1 -1 -1 -1 -1 -1 -1 1 -1 3 3 3 -1 -1 -1 1 
-1 -1 -1 -1 -1 -1 -1 1 -1 -1 1 -1 -1 3 3 1 -1 -1 1 1 
-1 -1 -1 -1 -1 -1 1 -1 -1 -1 -1 -1 -1 3 3 1 1 -1 -1 -1 
-1 -1 -1 -1 -1 1 1 -1 -1 -1 -1 -1 3 -1 1 1 -1 -1 -1 -1 
-1 -1 -1 -1 1 1 1 1 -1 -1 -1 -1 -1 -1 1 1 1 -1 -1 -1 
-1 -1 -1 -1 -1 1 1 -1 -1 -1 -1 -1 -1 -1 -1 1 -1 -1 1 -1 
1 -1 -1 -1 1 -1 -1 -1 -1 -1 -1 -1 -1 -1 1 1 -1 1 -1 1 
1 -1 -1 -1 -1 -1 -1 1 -1 1 1 1 1 -1 1 1 1 1 1 1 
-1 -1 -1 -1 -1 -1 -1 -1 1 -1 1 -1 1 -1 -1 1 1 1 1 -1 
1 1 -1 -1 -1 -1 -1 -1 -1 1 -1 -1 -1 -1 1 -1 -1 -1 -1 -1 
-1 -1 -1 -1 -1 -1 -1 -1 -1 -1 -1 -1 -1 -1 -1 -1 -1 -1 -1 -1 
-1 -1 -1 -1 -1 1 1 -1 -1 -1 -1 -1 -1 -1 -1 -1 -1 -1 -1 -1 
-1 -1 -1 -1 1 1 1 -1 -1 -1 -1 -1 -1 -1 -1 -1 -1 -1 -1 -1 
-1 1 1 -1 -1 1 1 -1 -1 -1 -1 -1 -1 -1 1 -1 -1 -1 1 -1 
-1 -1 1 -1 -1 -1 -1 -1 -1 -1 -1 -1 -1 -1 -1 -1 -1 -1 -1 -1 
-1 -1 1 1 -1 -1 -1 -1 -1 -1 -1 -1 -1 -1 -1 -1 -1 -1 -1 -1 
-1 1 -1 1 -1 -1 -1 -1 -1 -1 -1 -1 -1 -1 -1 -1 -1 -1 -1 -1 
-1 -1 -1 -1 -1 -1 1 1 1 1 -1 -1 -1 -1 -1 1 -1 1 -1 -1 
1 1 1 1 -1 -1 1 1 1 -1 1 1 1 1 1 1 1 1 1 1 
-1 1 1 1 1 -1 -1 -1 1 1 1 1 -1 1 1 1 -1 1 1 1 
-1 -1 -1 1 1 -1 -1 -1 -1 1 1 1 1 1 1 1 1 -1 1 -1 
-1 -1 1 -1 -1 -1 -1 -1 -1 -1 -1 1 -1 1 1 1 -1 -1 -1 1 
-1 -1 -1 -1 -1 -1 1 1 -1 -1 1 1 1 1 1 1 1 1 1 1 
-1 -1 -1 -1 -1 -1 -1 -1 -1 1 -1 1 1 1 -1 1 -1 1 1 -1 
-1 -1 1 -1 -1 -1 1 -1 -1 -1 1 -1 -1 -1 1 -1 -1 1 -1 1 
-1 -1 1 1 1 -1 1 1 -1 1 -1 -1 -1 1 1 -1 -1 -1 -1 -1 
-1 -1 1 -1 1 1 1 1 -1 -1 -1 -1 1 1 1 -1 -1 1 -1 -1 
-1 -1 -1 1 -1 -1 1 1 -1 -1 -1 -1 -1 1 1 -1 1 1 -1 -1 
-1 -1 -1 -1 -1 -1 1 1 1 -1 -1 -1 -1 -1 -1 1 1 1 -1 -1 
-1 -1 -1 -1 -1 -1 1 1 -1 -1 -1 -1 -1 -1 -1 -1 -1 -1 -1 -1 
1 -1 -1 -1 -1 1 -1 -1 -1 1 -1 1 -1 -1 -1 -1 -1 -1 -1 1 
1 -1 -1 -1 -1 -1 -1 -1 1 1 1 1 -1 -1 -1 -1 -1 -1 1 1 
1 -1 -1 -1 -1 -1 -1 -1 -1 1 1 -1 1 -1 -1 -1 -1 -1 -1 1 
-1 1 -1 -1 -1 -1 -1 -1 -1 -1 -1 -1 -1 -1 -1 -1 -1 -1 -1 -1 
-1 -1 -1 -1 -1 1 1 1 -1 -1 -1 -1 -1 1 1 1 1 1 -1 -1 
-1 -1 -1 -1 -1 -1 1 1 -1 -1 -1 -1 -1 -1 1 1 1 1 1 -1 
-1 -1 -1 -1 -1 -1 -1 -1 1 1 -1 -1 -1 -1 1 1 -1 -1 -1 -1 
-1 -1 -1 -1 -1 -1 -1 -1 -1 1 -1 -1 -1 -1 -1 -1 -1 -1 -1 -1 
1 -1 -1 -1 -1 -1 -1 -1 -1 -1 -1 -1 -1 -1 -1 -1 -1 -1 -1 -1 
-1 -1 -1 -1 1 1 -1 -1 -1 -1 1 -1 -1 -1 -1 -1 -1 -1 -1 1 
-1 -1 -1 1 1 -1 -1 -1 -1 1 1 1 1 -1 -1 -1 -1 -1 -1 -1 
-1 -1 -1 -1 1 -1 -1 1 1 1 1 1 -1 -1 -1 -1 1 -1 -1 -1 
-1 -1 1 -1 -1 1 1 -1 1 -1 1 -1 -1 -1 -1 -1 1 -1 -1 -1 
-1 -1 -1 1 -1 -1 -1 -1 -1 -1 1 -1 -1 -1 -1 1 -1 -1 -1 -1 
-1 -1 -1 -1 -1 -1 -1 -1 -1 -1 -1 -1 -1 -1 1 -1 1 -1 -1 -1 
-1 -1 -1 -1 -1 1 -1 -1 -1 -1 1 -1 -1 -1 1 1 1 -1 -1 -1 
-1 -1 -1 -1 -1 1 1 -1 -1 -1 -1 -1 -1 -1 -1 1 1 1 -1 1 
-1 -1 -1 -1 -1 1 -1 -1 -1 -1 -1 -1 -1 -1 -1 -1 -1 -1 1 -1 
1 -1 -1 -1 -1 -1 1 -1 -1 -1 -1 -1 -1 -1 -1 -1 -1 -1 -1 1 
-1 -1 -1 -1 -1 -1 1 1 -1 -1 1 -1 -1 -1 -1 -1 -1 -1 1 1 
1 -1 -1 -1 -1 -1 -1 -1 -1 1 -1 -1 -1 -1 -1 -1 -1 1 1 -1 
-1 -1 -1 -1 -1 -1 -1 -1 -1 -1 -1 -1 -1 -1 -1 1 -1 -1 -1 -1 
1 -1 -1 -1 -1 -1 1 -1 -1 -1 -1 -1 -1 -1 -1 -1 1 -1 -1 -1 
1 1 -1 -1 -1 -1 -1 1 -1 -1 -1 -1 -1 -1 -1 1 -1 1 -1 1 
1 1 1 -1 1 -1 -1 -1 1 1 -1 -1 -1 -1 -1 -1 -1 3 -1 -1 
1 -1 1 1 -1 1 1 -1 -1 -1 -1 -1 -1 -1 -1 -1 -1 -1 1 1 
1 1 1 1 1 1 -1 -1 -1 -1 -1 -1 -1 -1 -1 -1 -1 1 -1 1 
-1 1 -1 -1 1 1 1 1 -1 -1 -1 -1 -1 -1 -1 -1 -1 1 1 -1 
-1 -1 -1 1 -1 1 -1 -1 -1 -1 -1 -1 -1 -1 -1 -1 -1 -1 1 1 
1 1 -1 1 1 1 -1 -1 -1 -1 -1 -1 -1 -1 -1 -1 -1 -1 1 1 
1 -1 -1 -1 1 -1 1 1 -1 -1 1 -1 -1 -1 -1 1 -1 1 1 1 
1 -1 -1 -1 -1 1 1 -1 -1 1 -1 1 -1 -1 1 -1 1 -1 1 1 
1 -1 1 -1 -1 1 1 -1 1 1 1 -1 -1 1 1 1 1 1 1 -1 
1 1 -1 1 -1 -1 -1 -1 -1 -1 -1 -1 -1 1 1 -1 -1 -1 -1 -1 
1 -1 1 1 1 -1 1 1 -1 -1 -1 -1 -1 1 -1 -1 -1 -1 -1 -1 
-1 -1 1 -1 -1 1 1 1 1 -1 -1 -1 -1 -1 -1 -1 -1 -1 -1 1 
-1 -1 1 -1 -1 -1 1 -1 -1 1 -1 -1 -1 -1 -1 -1 -1 -1 1 -1 
-1 -1 -1 1 -1 -1 -1 1 1 1 -1 -1 -1 -1 -1 -1 -1 1 -1 -1 
-1 1 -1 -1 -1 -1 -1 1 1 1 1 1 -1 -1 -1 -1 1 1 -1 -1 
1 -1 -1 -1 -1 -1 -1 1 1 -1 -1 1 1 -1 -1 1 1 1 1 1 
1 -1 -1 -1 -1 -1 -1 -1 -1 1 -1 -1 -1 -1 -1 1 1 1 1 1 
1 -1 1 1 1 1 1 1 -1 -1 1 1 1 -1 -1 -1 1 1 1 1 
-1 -1 1 1 1 1 1 1 1 1 -1 -1 -1 -1 -1 -1 -1 1 1 1 
-1 -1 1 1 1 1 1 1 1 1 1 -1 1 1 -1 -1 -1 -1 3 -1 
1 -1 1 1 1 1 1 -1 -1 -1 1 -1 -1 -1 3 -1 -1 1 1 -1 
-1 -1 -1 1 1 -1 -1 1 -1 -1 1 1 -1 -1 -1 -1 1 1 1 -1 
-1 -1 -1 -1 -1 -1 1 1 1 -1 -1 -1 -1 -1 1 -1 1 -1 1 -1 
-1 1 1 -1 -1 -1 -1 1 1 -1 -1 -1 -1 -1 1 1 -1 -1 1 1 
1 1 1 -1 -1 -1 1 -1 -1 -1 -1 -1 -1 1 -1 1 1 1 -1 -1 
1 1 -1 4 1 -1 1 -1 -1 -1 -1 -1 -1 1 -1 1 1 1 -1 -1 
1 1 -1 4 1 1 -1 -1 -1 -1 -1 -1 -1 1 1 -1 1 1 -1 -1 
1 1 -1 1 1 1 -1 1 -1 -1 1 3 1 1 1 -1 1 -1 1 1 
-1 -1 1 1 -1 1 1 -1 1 1 1 1 3 1 1 1 1 1 1 1 
-1 -1 -1 -1 -1 1 1 1 1 1 1 1 1 1 1 1 1 1 1 -1 
-1 -1 -1 -1 1 1 -1 1 1 1 -1 -1 -1 -1 1 1 1 1 1 -1 
-1 -1 -1 -1 -1 -1 -1 -1 1 1 -1 -1 -1 -1 -1 -1 1 1 -1 -1 
-1 -1 1 -1 -1 -1 -1 1 1 -1 1 -1 -1 -1 1 1 -1 -1 -1 -1 
-1 -1 -1 -1 -1 -1 1 1 1 1 -1 1 -1 -1 1 1 -1 -1 -1 -1 
-1 -1 -1 -1 -1 -1 -1 1 1 1 -1 1 1 -1 1 1 -1 -1 -1 -1 
-1 -1 -1 -1 -1 -1 -1 -1 -1 -1 -1 -1 1 1 1 -1 -1 -1 -1 -1 
-1 -1 -1 -1 1 -1 -1 -1 -1 -1 -1 1 1 1 1 -1 -1 -1 -1 -1 
-1 -1 -1 -1 1 -1 -1 -1 -1 -1 -1 -1 1 1 1 -1 1 -1 -1 -1 
-1 -1 -1 1 -1 -1 -1 1 -1 -1 -1 -1 -1 1 -1 1 -1 1 -1 -1 
-1 1 1 1 1 1 1 -1 -1 -1 -1 1 1 1 -1 3 -1 1 1 -1 
-1 -1 -1 -1 -1 -1 1 1 1 1 1 -1 1 1 1 1 1 1 -1 -1 
-1 -1 -1 -1 -1 -1 -1 1 1 1 1 1 -1 1 1 1 1 -1 -1 -1 
-1 -1 -1 -1 -1 1 1 -1 1 1 -1 -1 1 -1 -1 1 1 1 -1 -1 
-1 1 1 -1 -1 -1 1 1 1 1 -1 1 -1 -1 -1 1 -1 1 -1 1 
1 1 1 2 -1 -1 1 2 -1 -1 -1 -1 -1 -1 1 -1 -1 -1 -1 -1 
1 1 1 2 2 1 -1 -1 -1 -1 -1 -1 1 1 -1 -1 -1 -1 -1 -1 
1 1 1 -1 -1 -1 -1 -1 -1 -1 -1 -1 -1 -1 -1 1 1 -1 1 1 
-1 1 1 1 1 -1 1 -1 -1 -1 -1 -1 -1 1 -1 -1 -1 -1 1 1 
1 1 1 1 1 1 1 -1 -1 -1 -1 1 1 1 1 -1 -1 -1 -1 1 
-1 -1 -1 1 1 1 1 1 -1 -1 -1 -1 1 1 1 1 -1 -1 -1 -1 
-1 -1 1 1 1 1 1 1 -1 -1 -1 -1 1 1 1 1 -1 1 -1 -1 
1 1 1 1 1 1 -1 -1 -1 -1 -1 -1 1 1 1 -1 1 1 1 1 
1 1 1 1 1 -1 1 -1 -1 -1 -1 -1 -1 1 1 1 1 1 1 1 
1 1 1 1 1 1 1 -1 -1 1 1 -1 -1 1 1 1 1 1 1 1 
1 1 1 1 1 1 1 1 1 1 -1 1 1 1 1 -1 1 1 1 1 
1 1 1 1 1 1 1 1 -1 1 1 1 1 1 1 1 1 -1 -1 1 
1 1 1 1 1 1 -1 -1 1 1 1 1 1 1 1 1 1 1 1 -1 
1 1 1 1 -1 1 -1 1 1 -1 1 1 1 1 1 1 1 1 1 1 
1 -1 -1 -1 -1 1 -1 -1 -1 -1 1 1 1 1 1 1 1 1 -1 1 
1 -1 -1 -1 -1 -1 -1 -1 -1 1 1 -1 1 -1 1 1 1 -1 -1 -1 
-1 -1 2 2 2 3 2 3 1 1 1 1 -1 -1 -1 -1 -1 -1 -1 -1 
-1 -1 2 2 2 -1 1 1 1 1 1 1 1 -1 -1 -1 -1 -1 -1 -1 
-1 1 -1 2 2 2 -1 1 1 1 1 -1 -1 -1 -1 1 -1 1 1 1 
1 1 2 2 -1 2 2 1 1 1 1 1 1 1 1 1 1 1 -1 -1 
1 1 1 1 1 2 2 1 1 1 1 1 1 1 -1 1 1 1 1 1 
1 1 2 1 1 1 2 -1 1 -1 1 1 1 -1 1 1 1 1 1 1 
-1 1 1 1 2 2 1 1 2 1 1 1 1 1 1 1 -1 -1 -1 -1 
-1 1 1 2 -1 2 -1 1 1 1 1 1 1 1 1 2 -1 -1 -1 -1 
-1 1 -1 1 1 1 1 1 1 1 1 1 -1 1 1 -1 -1 -1 -1 -1 
-1 1 1 1 1 1 1 1 1 1 1 1 -1 1 1 1 1 -1 -1 -1 
1 1 2 1 1 1 -1 1 1 1 1 1 1 1 1 1 1 1 -1 -1 
-1 1 2 1 1 1 1 -1 -1 1 1 1 1 1 1 1 1 1 1 -1 
2 -1 2 2 1 1 1 1 1 1 1 1 1 1 1 2 2 1 1 1 
1 2 1 1 2 1 1 -1 -1 1 1 1 1 1 -1 -1 1 1 1 1 
1 1 1 1 1 -1 1 -1 1 -1 1 1 1 -1 -1 -1 1 -1 1 1 
1 1 1 1 1 2 1 2 -1 -1 -1 -1 -1 -1 1 -1 -1 1 1 1 
1 1 1 1 2 1 2 2 2 1 1 -1 1 -1 1 1 -1 -1 1 1 
-1 1 1 1 1 2 2 -1 -1 -1 1 1 1 1 1 -1 -1 -1 -1 1 
-1 -1 -1 1 3 3 2 -1 1 1 1 1 1 1 1 1 -1 -1 -1 -1 
-1 -1 1 -1 2 2 2 1 1 1 1 1 1 -1 1 -1 -1 -1 -1 -1 
2 2 2 2 2 -1 -1 2 2 2 2 2 2 2 2 2 2 2 2 2 
2 2 2 2 2 1 2 2 2 2 -1 2 2 2 2 2 2 2 2 2 
2 2 2 2 2 2 2 2 2 2 2 2 2 2 1 2 2 2 2 2 
2 2 2 2 2 2 2 2 -1 2 -1 2 2 2 2 2 2 2 2 -1 
2 2 2 2 2 2 2 -1 2 2 2 2 2 2 2 2 2 2 2 2 
2 2 2 2 2 -1 2 -1 2 2 2 2 2 2 2 2 2 2 2 -1 
2 2 2 2 2 2 -1 2 2 2 2 2 2 2 2 2 2 2 2 2 
2 2 -1 -1 -1 2 -1 2 -1 2 2 2 2 1 1 2 2 2 2 2 
2 2 1 2 2 2 -1 2 2 2 2 1 1 1 1 1 2 2 2 2 
-1 2 1 -1 2 2 2 2 2 2 2 1 1 2 1 -1 1 2 1 2 
-1 1 1 2 2 2 2 2 2 2 2 1 -1 1 2 1 1 1 1 -1 
2 2 -1 -1 2 -1 2 2 2 -1 1 1 1 1 1 1 1 1 1 -1 
1 2 2 2 -1 2 2 2 6 6 2 1 2 2 2 2 1 1 -1 1 
2 1 2 -1 8 8 2 2 6 8 1 2 2 2 2 2 2 2 1 1 
2 2 2 -1 2 1 8 8 8 8 2 2 2 2 2 2 2 2 -1 2 
2 2 1 1 -1 2 1 1 2 1 2 2 -1 2 2 2 2 2 2 2 
2 2 2 2 2 1 2 2 2 2 2 2 2 2 2 2 2 2 2 2 
2 2 2 2 2 1 1 -1 2 2 2 2 2 2 2 2 -1 2 2 2 
2 2 1 1 1 -1 -1 2 2 1 2 2 2 2 2 2 2 2 2 2 
2 2 1 1 1 1 2 2 2 2 2 2 2 2 2 2 1 2 2 2 
2 2 2 2 2 2 2 2 2 2 2 3 2 1 2 1 2 1 2 2 
2 2 2 2 2 2 2 2 2 2 2 2 3 2 2 1 1 1 2 2 
2 2 1 1 2 2 2 2 2 2 2 2 2 2 2 2 2 1 2 2 
1 1 1 1 2 2 2 -1 2 -1 2 2 2 2 2 2 2 2 2 2 
2 2 2 1 2 2 2 2 2 2 2 2 2 2 2 2 2 3 2 3 
2 -1 1 1 1 2 2 2 2 2 2 2 2 2 -1 2 3 3 3 2 
2 1 -1 2 2 2 2 -1 2 2 1 2 2 2 2 2 2 3 2 2 
2 2 2 -1 2 -1 -1 -1 2 1 1 1 2 2 2 2 2 2 2 3 
2 2 -1 -1 2 2 1 1 1 1 1 1 -1 2 2 2 1 2 2 2 
2 2 2 -1 -1 2 -1 1 1 1 1 1 -1 2 2 -1 1 1 2 2 
2 2 2 2 1 -1 2 1 1 1 1 1 1 2 2 2 2 2 2 2 
2 2 2 2 2 1 -1 2 1 1 3 1 1 2 2 2 2 2 2 -1 
2 -1 2 2 2 2 1 1 1 3 1 1 2 1 -1 2 2 2 2 2 
2 2 2 2 2 1 1 1 2 2 2 2 2 2 -1 2 2 2 2 2 
2 2 2 1 1 1 1 -1 2 2 1 1 2 2 -1 2 2 2 2 2 
2 2 -1 1 1 1 1 2 1 2 2 1 2 2 2 2 2 2 2 2 
2 2 -1 2 2 1 2 1 1 1 1 1 -1 2 2 2 2 2 2 2 
2 2 1 -1 2 2 2 2 1 1 1 -1 2 2 2 2 -1 2 2 2 
2 2 2 2 2 2 2 2 1 2 2 2 2 2 2 2 1 2 2 2 
2 2 2 2 2 2 2 2 2 2 2 1 1 2 2 2 1 2 2 1 
-1 1 -1 -1 1 -1 -1 -1 -1 -1 -1 -1 2 2 -1 2 2 2 2 -1 
1 -1 -1 2 -1 -1 -1 -1 2 2 -1 -1 -1 2 2 2 2 2 2 2 
-1 -1 -1 -1 1 1 1 2 2 2 2 -1 -1 2 2 2 2 2 2 2 
-1 -1 -1 1 1 1 -1 -1 2 2 2 2 -1 -1 2 2 2 1 2 2 
1 -1 -1 1 1 1 1 2 2 2 2 2 2 1 -1 -1 1 2 1 1 
1 -1 -1 1 -1 1 1 1 2 2 2 2 1 1 1 2 2 1 -1 -1 
-1 -1 1 -1 -1 2 -1 -1 -1 2 -1 1 -1 2 2 -1 2 2 2 2 
2 -1 -1 1 2 2 -1 -1 2 -1 1 1 -1 1 -1 2 -1 -1 -1 2 
2 2 2 2 -1 -1 -1 1 -1 -1 -1 1 2 -1 1 -1 -1 1 1 2 
2 2 2 2 2 -1 1 1 1 -1 1 -1 -1 2 -1 -1 -1 -1 1 -1 
-1 2 2 2 2 2 2 2 1 2 -1 -1 2 3 2 2 -1 1 1 2 
2 2 2 2 2 2 2 2 2 1 -1 -1 -1 2 3 2 3 1 2 2 
2 2 2 2 2 2 2 2 2 -1 -1 1 -1 -1 2 -1 -1 2 2 2 
2 2 2 2 2 2 2 2 -1 -1 1 1 1 2 -1 -1 2 -1 2 2 
2 2 2 2 2 2 -1 2 -1 -1 1 1 2 -1 2 2 -1 2 2 -1 
2 2 2 2 2 2 -1 -1 -1 -1 -1 2 2 2 2 2 -1 2 2 2 
2 -1 2 2 2 2 -1 -1 -1 -1 -1 -1 -1 2 2 2 2 2 2 2 
2 2 2 2 2 -1 2 -1 -1 -1 -1 -1 -1 2 2 -1 2 2 2 2 
2 2 -1 -1 -1 2 2 -1 -1 -1 -1 -1 2 2 2 2 2 2 2 2 
-1 2 -1 -1 2 1 -1 2 -1 -1 -1 1 2 2 2 2 2 2 2 -1 
1 1 1 1 2 -1 -1 -1 -1 -1 1 2 2 2 2 2 2 -1 2 2 
-1 1 -1 1 1 -1 -1 1 1 -1 -1 -1 2 2 2 2 2 2 -1 -1 
-1 -1 -1 1 -1 -1 -1 -1 -1 -1 -1 -1 -1 2 2 -1 -1 1 -1 -1 
-1 -1 -1 -1 1 -1 -1 -1 -1 -1 -1 -1 -1 2 2 -1 -1 1 -1 2 
2 -1 -1 2 1 -1 1 -1 -1 -1 -1 2 2 2 -1 2 -1 1 1 2 
2 -1 2 -1 1 -1 1 -1 -1 -1 -1 2 2 2 1 -1 1 1 2 2 
2 2 -1 -1 -1 -1 -1 -1 -1 -1 -1 -1 2 2 1 1 1 1 2 -1 
1 1 -1 -1 -1 -1 -1 -1 -1 -1 -1 -1 -1 -1 1 1 2 -1 2 -1 
1 1 -1 -1 -1 -1 -1 -1 -1 -1 -1 2 2 2 -1 -1 -1 2 2 2 
2 1 -1 -1 -1 -1 -1 -1 -1 -1 2 2 2 2 -1 1 -1 2 2 2 
-1 -1 -1 -1 -1 -1 -1 -1 -1 -1 1 2 2 -1 2 1 2 2 2 2 
-1 -1 -1 -1 -1 -1 1 -1 1 1 -1 1 -1 -1 -1 -1 2 2 -1 -1 
-1 -1 -1 -1 -1 1 -1 1 1 1 1 -1 -1 -1 -1 2 1 1 -1 -1 
-1 -1 -1 -1 -1 -1 1 1 1 1 1 1 -1 2 -1 -1 -1 -1 2 -1 
-1 -1 2 -1 -1 -1 1 1 1 1 -1 -1 2 -1 -1 2 2 2 -1 2 
2 2 -1 -1 -1 -1 -1 1 -1 -1 -1 2 2 -1 2 -1 2 -1 2 2 
2 -1 -1 1 1 1 -1 -1 1 -1 2 2 2 2 2 2 -1 -1 2 2 
2 -1 -1 1 1 1 1 -1 -1 2 2 2 2 2 2 1 -1 -1 -1 2 
1 1 1 -1 -1 1 1 -1 -1 2 2 2 2 -1 -1 2 2 2 2 2 
-1 1 1 2 -1 -1 -1 -1 -1 -1 2 1 2 2 2 2 1 2 2 2 
-1 -1 -1 -1 1 -1 1 1 1 1 -1 1 1 -1 1 -1 2 2 -1 -1 
-1 -1 1 -1 -1 -1 -1 1 1 1 -1 1 1 2 2 2 2 -1 -1 -1 
1 1 -1 -1 -1 -1 1 1 -1 1 1 1 1 1 1 2 2 2 2 1 
1 1 -1 -1 -1 1 -1 1 1 1 1 1 1 -1 -1 1 2 2 2 2 
1 1 -1 -1 -1 -1 -1 -1 1 1 1 -1 -1 -1 -1 1 2 2 2 2 
-1 1 1 2 -1 -1 -1 -1 -1 -1 1 -1 -1 2 -1 2 2 2 -1 -1 
-1 -1 -1 1 -1 -1 -1 -1 -1 -1 -1 2 2 -1 2 -1 2 2 2 2 
-1 -1 -1 -1 -1 -1 -1 -1 -1 -1 -1 -1 2 2 -1 2 -1 -1 2 2 
-1 -1 -1 -1 -1 -1 1 -1 -1 -1 -1 -1 2 1 2 2 2 2 -1 -1 
-1 -1 -1 -1 -1 -1 -1 1 -1 -1 2 2 1 2 -1 -1 -1 2 -1 -1 
-1 -1 -1 -1 -1 1 1 1 1 1 -1 -1 -1 1 -1 -1 -1 -1 -1 -1 
-1 -1 -1 -1 -1 1 9 1 1 -1 -1 -1 -1 -1 1 -1 -1 -1 -1 -1 
-1 -1 -1 -1 -1 -1 1 9 -1 1 1 -1 -1 -1 -1 -1 -1 -1 -1 -1 
-1 -1 1 1 -1 1 1 1 1 1 -1 -1 1 1 -1 2 2 2 2 -1 
-1 -1 2 1 1 1 -1 1 1 1 1 1 1 -1 -1 2 2 -1 -1 1 
2 1 1 2 2 1 -1 1 1 -1 1 -1 1 -1 -1 2 2 2 2 1 
1 1 1 2 -1 2 1 1 1 1 1 1 1 1 2 2 2 2 2 2 
1 1 2 1 -1 2 1 1 1 1 1 1 1 2 2 2 2 2 2 1 
1 2 -1 -1 1 1 1 1 1 1 1 1 1 1 2 2 2 2 2 -1 
-1 -1 -1 -1 1 1 1 1 1 1 1 1 1 1 -1 2 2 2 -1 -1 
-1 -1 -1 1 1 1 -1 -1 -1 -1 1 1 2 2 2 2 2 2 2 2 
-1 -1 -1 1 -1 -1 2 1 -1 1 -1 2 -1 2 2 2 2 2 -1 -1 
-1 -1 -1 1 -1 -1 -1 1 -1 -1 1 2 2 2 2 2 2 -1 -1 -1 
-1 -1 -1 -1 1 -1 -1 1 1 -1 1 1 1 2 2 2 2 -1 -1 -1 
-1 -1 -1 1 -1 -1 1 1 -1 1 1 1 1 2 2 2 2 1 1 -1 
-1 -1 -1 -1 1 2 -1 -1 -1 -1 1 1 1 -1 2 2 2 -1 -1 -1 
-1 -1 -1 -1 1 1 -1 -1 -1 -1 1 1 1 1 1 2 -1 2 -1 -1 
-1 -1 -1 -1 -1 -1 1 -1 1 1 -1 1 1 -1 1 1 1 -1 -1 -1 
-1 -1 -1 -1 -1 1 1 1 1 1 1 -1 -1 -1 -1 1 1 -1 2 2 
2 -1 -1 -1 -1 1 1 1 1 1 1 1 -1 -1 -1 -1 -1 -1 2 2 
-1 -1 -1 1 -1 2 1 1 1 1 1 1 2 -1 -1 2 -1 -1 2 -1 
-1 -1 1 -1 1 1 1 -1 1 1 1 2 -1 -1 -1 2 -1 -1 2 -1 
-1 -1 1 1 -1 -1 1 -1 -1 1 1 1 2 -1 -1 -1 -1 -1 -1 -1 
-1 -1 1 -1 -1 -1 -1 -1 2 1 1 2 -1 -1 -1 -1 2 -1 -1 -1 
-1 -1 -1 -1 -1 -1 -1 1 1 1 2 2 -1 -1 -1 2 2 1 -1 -1 
-1 -1 -1 -1 -1 1 1 1 -1 1 -1 -1 -1 -1 -1 2 2 -1 2 -1 
-1 -1 -1 -1 1 -1 1 1 1 1 -1 -1 -1 -1 -1 -1 2 2 2 2 
-1 -1 -1 -1 -1 1 -1 1 1 -1 -1 -1 -1 -1 -1 2 2 2 2 2 
-1 -1 -1 -1 -1 -1 -1 1 1 1 1 1 -1 -1 -1 2 2 2 2 -1 
-1 -1 -1 -1 -1 -1 -1 -1 1 1 -1 1 -1 -1 -1 2 2 2 2 2 
2 -1 -1 -1 -1 -1 -1 2 -1 -1 -1 1 1 -1 -1 -1 -1 -1 2 2 
2 -1 -1 -1 -1 2 2 2 -1 -1 -1 1 -1 -1 2 2 2 -1 -1 -1 
-1 -1 -1 -1 -1 2 -1 -1 2 -1 1 2 1 2 2 2 -1 -1 -1 2 
-1 -1 -1 -1 -1 -1 2 2 2 1 1 2 -1 -1 2 2 2 2 2 1 
1 -1 -1 2 -1 2 2 2 1 1 2 2 -1 -1 -1 -1 -1 -1 1 -1 
1 -1 1 2 2 2 1 1 -1 -1 1 2 -1 -1 2 2 -1 1 1 1 
-1 1 1 2 -1 1 -1 1 -1 -1 -1 -1 -1 -1 -1 2 -1 1 1 -1 
-1 -1 -1 2 2 2 -1 -1 -1 -1 -1 -1 -1 -1 -1 -1 -1 -1 1 -1 
-1 2 2 2 2 2 -1 -1 -1 -1 -1 -1 -1 -1 2 2 -1 -1 -1 1 
2 2 1 2 2 -1 2 -1 -1 -1 -1 -1 -1 2 2 -1 2 -1 -1 -1 
-1 2 1 -1 2 2 2 2 -1 -1 -1 -1 -1 -1 -1 -1 -1 -1 -1 -1 
1 1 -1 -1 2 2 2 2 -1 -1 1 -1 -1 -1 -1 -1 -1 -1 -1 -1 
-1 1 1 1 2 -1 2 -1 2 1 1 -1 2 -1 -1 -1 -1 -1 -1 -1 
-1 -1 1 1 1 1 2 -1 2 2 1 1 1 2 -1 -1 -1 -1 -1 -1 
-1 -1 1 -1 1 1 -1 -1 2 1 1 1 2 2 -1 -1 -1 -1 -1 -1 
2 -1 -1 2 1 1 1 -1 -1 1 1 1 1 2 -1 -1 -1 -1 -1 -1 
2 2 2 -1 -1 2 -1 -1 -1 1 1 2 1 1 1 1 -1 -1 -1 -1 
1 -1 -1 2 2 2 2 2 -1 1 1 -1 2 1 -1 1 -1 -1 -1 -1 
-1 2 -1 -1 2 1 2 -1 2 2 -1 -1 2 -1 -1 -1 -1 -1 -1 -1 
2 -1 -1 -1 -1 2 2 2 2 -1 -1 -1 1 2 -1 -1 -1 -1 -1 -1 
-1 -1 -1 -1 -1 -1 -1 -1 -1 2 -1 -1 -1 -1 -1 -1 -1 1 2 1 
1 -1 -1 -1 -1 -1 -1 -1 -1 -1 8 -1 -1 -1 -1 -1 -1 2 1 -1 
1 1 1 1 1 -1 -1 -1 -1 -1 -1 8 -1 -1 1 -1 1 2 -1 1 
-1 1 1 1 1 1 1 -1 -1 2 -1 8 1 1 -1 1 1 -1 -1 1 
2 2 -1 2 2 2 2 2 8 2 8 8 -1 8 8 1 -1 1 1 -1 
2 2 1 1 2 -1 2 -1 2 8 -1 -1 8 2 8 -1 1 -1 1 2 
-1 2 2 2 2 -1 1 1 1 -1 -1 -1 -1 -1 2 -1 -1 -1 -1 -1 
1 2 2 -1 2 -1 -1 1 1 1 -1 -1 -1 2 -1 -1 2 -1 1 1 
2 1 2 2 1 -1 -1 1 1 1 -1 -1 -1 -1 -1 2 -1 -1 1 1 
1 2 1 1 1 1 1 2 -1 -1 -1 -1 -1 -1 -1 -1 2 2 1 1 
1 2 -1 1 -1 1 1 2 -1 -1 -1 -1 -1 -1 -1 2 2 2 1 1 
1 -1 -1 2 1 -1 1 1 -1 -1 -1 -1 -1 -1 -1 2 -1 2 1 -1 
2 -1 2 2 2 1 -1 -1 -1 1 -1 -1 -1 -1 -1 -1 1 1 2 2 
2 -1 2 2 -1 -1 1 1 1 1 1 -1 -1 -1 -1 -1 1 -1 -1 2 
-1 -1 -1 -1 1 1 -1 1 1 1 1 -1 -1 -1 -1 -1 1 1 2 1 
-1 -1 -1 -1 -1 1 1 1 1 1 1 -1 -1 -1 -1 1 1 -1 1 1 
1 -1 -1 2 -1 -1 1 1 1 1 -1 -1 -1 -1 -1 -1 -1 -1 -1 1 
-1 1 -1 -1 -1 -1 -1 -1 -1 -1 -1 -1 -1 -1 -1 -1 -1 -1 1 -1 
1 -1 -1 -1 -1 -1 -1 -1 -1 -1 -1 -1 -1 -1 -1 -1 -1 -1 2 1 
1 -1 -1 -1 -1 -1 -1 -1 -1 -1 -1 -1 -1 -1 -1 -1 -1 -1 2 1 
1 1 -1 1 2 1 1 1 -1 -1 -1 -1 -1 -1 2 -1 -1 -1 -1 1 
1 1 1 1 1 1 1 1 -1 -1 -1 -1 -1 -1 -1 2 2 1 1 1 
-1 1 -1 1 1 1 1 1 -1 -1 1 -1 -1 -1 -1 2 -1 2 1 1 
-1 -1 1 1 1 1 1 2 2 1 -1 1 1 -1 2 -1 2 -1 -1 1 
1 1 1 1 1 1 1 2 2 -1 -1 -1 1 2 2 2 -1 -1 -1 -1 
-1 1 -1 1 1 -1 -1 2 2 2 2 -1 2 2 2 2 2 2 -1 1 
-1 -1 -1 1 -1 -1 -1 -1 -1 2 2 2 -1 -1 2 2 2 -1 1 -1 
1 -1 -1 1 1 -1 1 1 -1 -1 2 2 -1 -1 -1 -1 -1 2 -1 1 
1 8 1 1 1 1 1 1 -1 -1 -1 -1 -1 -1 1 2 2 -1 -1 1 
1 8 1 1 -1 1 1 1 1 -1 1 -1 2 -1 2 1 1 -1 -1 2 
2 1 -1 1 1 1 1 1 1 1 -1 -1 -1 -1 1 2 1 1 1 -1 
1 -1 -1 9 1 1 1 1 1 1 1 2 2 1 1 2 1 1 1 1 
1 1 1 1 1 1 1 1 2 2 -1 1 -1 1 1 -1 1 -1 1 -1 
1 1 -1 1 1 1 1 -1 -1 1 1 2 1 1 1 1 1 1 -1 -1 
-1 -1 -1 -1 -1 1 1 1 1 1 -1 2 2 1 1 -1 1 -1 -1 1 
-1 -1 1 1 1 1 1 1 1 1 -1 2 1 2 1 -1 -1 -1 -1 -1 
-1 1 -1 1 1 1 1 -1 1 -1 -1 2 2 1 2 -1 -1 -1 -1 -1 
-1 1 -1 -1 1 1 1 1 2 2 2 2 -1 2 1 2 -1 -1 -1 -1 
-1 -1 1 1 1 1 1 -1 2 2 2 2 -1 -1 -1 -1 -1 -1 -1 1 
1 -1 1 1 1 2 1 -1 -1 -1 2 2 -1 -1 -1 -1 -1 -1 -1 -1 
1 1 1 1 -1 -1 -1 8 -1 -1 1 -1 -1 8 8 2 9 9 1 -1 
-1 1 -1 -1 -1 -1 8 8 2 2 2 -1 1 -1 8 8 8 9 1 -1 
2 1 -1 -1 -1 2 8 8 8 2 -1 1 1 -1 -1 2 9 1 1 2 
-1 -1 1 -1 -1 2 8 8 8 -1 1 1 1 1 -1 9 9 9 -1 2 
-1 -1 -1 -1 -1 -1 -1 -1 8 8 -1 1 -1 -1 -1 -1 9 9 4 -1 
-1 -1 -1 -1 -1 -1 -1 2 2 -1 2 1 1 -1 -1 -1 -1 4 4 -1 
-1 2 2 -1 -1 -1 -1 -1 2 2 2 1 -1 2 -1 -1 -1 -1 -1 4 
1 -1 -1 -1 -1 -1 -1 -1 -1 2 2 2 -1 2 2 -1 -1 -1 -1 4 
-1 2 -1 -1 -1 -1 -1 -1 2 -1 2 2 -1 -1 2 2 -1 -1 -1 -1 
-1 -1 2 -1 -1 -1 -1 -1 2 -1 2 -1 -1 2 2 1 -1 -1 -1 -1 
-1 1 2 -1 -1 -1 -1 2 2 2 -1 1 1 1 1 9 -1 -1 -1 -1 
1 1 -1 -1 -1 -1 -1 2 1 1 1 1 1 1 1 9 2 2 -1 1 
2 -1 -1 -1 -1 -1 -1 -1 1 1 1 -1 1 1 1 2 2 2 -1 1 
-1 1 1 -1 -1 -1 -1 -1 1 1 -1 -1 1 -1 1 2 2 2 1 1 
1 1 1 -1 -1 -1 -1 -1 -1 1 -1 1 1 1 1 1 1 9 1 1 
-1 1 -1 -1 1 1 1 2 1 1 1 -1 1 2 1 1 1 -1 1 1 
1 -1 -1 -1 1 1 1 1 2 -1 1 -1 1 1 1 1 1 1 1 1 
1 1 -1 1 1 1 1 -1 2 1 1 1 1 1 1 1 1 1 1 -1 
1 -1 1 1 1 -1 2 2 2 -1 1 1 1 -1 -1 1 8 8 1 1 
1 1 1 1 1 -1 1 1 -1 -1 -1 1 -1 8 1 -1 8 1 1 1 
-1 1 3 3 2 1 1 -1 1 1 1 -1 -1 -1 -1 -1 -1 -1 2 -1 
-1 -1 1 1 1 1 1 1 1 1 1 -1 1 -1 -1 -1 -1 2 -1 -1 
1 1 1 1 -1 -1 1 1 1 1 1 1 -1 1 -1 2 -1 -1 1 1 
1 -1 1 1 -1 1 1 1 1 1 1 -1 1 1 1 -1 -1 -1 -1 1 
-1 1 1 1 1 1 1 1 -1 1 -1 -1 1 1 -1 -1 -1 -1 -1 -1 
-1 -1 1 -1 1 1 1 1 1 -1 -1 -1 1 1 1 1 -1 -1 -1 -1 
-1 2 1 1 -1 1 -1 -1 -1 -1 -1 2 2 1 1 1 -1 -1 -1 -1 
2 2 2 1 -1 -1 -1 -1 -1 -1 1 -1 2 2 -1 -1 -1 -1 -1 -1 
2 2 -1 1 -1 -1 -1 -1 -1 -1 1 1 1 -1 -1 -1 -1 -1 -1 2 
2 2 2 -1 -1 -1 1 1 -1 -1 1 1 1 -1 1 -1 -1 -1 1 -1 
2 -1 1 2 2 -1 1 1 -1 -1 1 8 -1 1 -1 -1 -1 1 1 1 
2 2 -1 -1 -1 -1 2 -1 -1 1 1 1 1 -1 -1 2 -1 1 1 2 
2 2 2 -1 -1 -1 -1 1 -1 1 1 -1 1 -1 -1 -1 2 2 2 -1 
2 2 2 -1 -1 -1 -1 1 -1 -1 -1 -1 1 8 -1 -1 -1 2 -1 -1 
-1 -1 -1 -1 -1 -1 -1 -1 -1 -1 -1 -1 -1 8 9 1 1 -1 -1 -1 
-1 -1 -1 -1 -1 -1 2 -1 -1 -1 1 -1 -1 -1 9 9 9 -1 -1 -1 
-1 -1 -1 -1 -1 -1 -1 2 -1 1 -1 -1 -1 9 9 9 -1 -1 -1 -1 
-1 -1 -1 -1 -1 1 1 -1 1 1 1 1 -1 9 9 -1 9 -1 -1 -1 
-1 -1 -1 -1 -1 1 1 1 1 1 -1 1 -1 -1 -1 -1 -1 -1 -1 -1 
-1 -1 -1 3 1 1 -1 2 2 -1 -1 -1 -1 -1 -1 -1 -1 -1 -1 2 
1 1 -1 -1 1 1 -1 1 2 -1 2 -1 -1 1 -1 1 -1 1 -1 1 
1 1 1 -1 1 1 1 1 1 -1 -1 1 1 1 -1 1 -1 -1 1 1 
1 1 2 -1 1 -1 1 1 1 1 1 -1 1 -1 1 -1 -1 -1 -1 1 
1 -1 -1 2 -1 -1 -1 1 1 1 1 1 1 1 1 1 1 1 1 1 
1 1 2 2 -1 1 1 2 1 -1 1 1 1 1 1 1 1 -1 3 3 
1 1 1 1 -1 1 -1 1 2 1 -1 1 1 1 1 1 -1 3 3 1 
1 1 1 1 -1 -1 -1 -1 -1 -1 -1 1 1 1 1 -1 2 2 3 1 
-1 2 -1 1 2 -1 -1 1 -1 1 -1 1 -1 1 1 1 2 -1 3 -1 
-1 -1 2 2 2 -1 1 1 1 -1 1 -1 1 1 1 2 -1 -1 -1 -1 
-1 -1 -1 -1 -1 2 1 1 1 1 1 -1 1 2 -1 1 2 -1 -1 -1 
-1 -1 -1 -1 2 2 1 1 1 1 1 -1 1 2 1 2 2 -1 -1 -1 
-1 -1 -1 -1 -1 1 1 1 1 1 1 1 -1 1 2 2 2 -1 -1 -1 
-1 -1 -1 -1 2 8 -1 2 2 1 -1 1 1 1 1 -1 2 -1 -1 -1 
-1 -1 -1 2 2 2 -1 2 2 1 1 1 1 1 -1 1 2 2 2 -1 
2 -1 -1 1 -1 -1 2 -1 -1 1 2 1 -1 2 1 2 2 2 2 2 
2 -1 1 1 -1 1 -1 -1 -1 1 1 2 2 1 2 2 2 2 2 2 
2 1 1 1 1 1 1 1 1 -1 1 1 1 -1 1 -1 1 2 2 2 
-1 1 1 1 1 1 1 1 1 1 -1 -1 1 1 1 -1 -1 1 2 -1 
1 1 1 -1 1 -1 1 1 1 -1 -1 -1 1 1 -1 -1 2 1 1 1 
1 1 1 1 -1 1 2 1 2 -1 2 -1 1 -1 1 1 -1 1 1 1 
-1 -1 -1 -1 1 -1 1 4 4 4 -1 -1 2 2 2 2 2 1 -1 -1 
2 -1 1 1 -1 1 -1 4 4 4 -1 -1 1 2 2 2 2 2 -1 2 
-1 1 1 1 1 -1 -1 1 -1 1 -1 2 1 1 2 2 2 2 2 -1 
1 1 1 -1 -1 -1 -1 -1 1 1 -1 2 2 1 1 2 2 2 2 -1 
2 -1 -1 1 -1 -1 -1 1 1 1 1 2 -1 -1 2 -1 -1 2 2 2 
2 2 -1 1 1 -1 1 1 1 1 1 1 -1 -1 -1 -1 -1 2 2 -1 
2 2 1 1 -1 1 -1 1 -1 1 -1 -1 1 -1 -1 -1 2 -1 2 2 
2 2 2 -1 -1 -1 1 -1 1 -1 -1 -1 -1 -1 -1 -1 2 2 2 1 
2 2 -1 -1 1 -1 -1 3 3 -1 -1 -1 -1 -1 -1 -1 2 2 2 1 
-1 -1 -1 -1 -1 1 1 1 1 3 -1 -1 -1 -1 1 -1 2 -1 2 2 
1 2 -1 -1 -1 1 1 -1 1 1 3 -1 1 1 1 -1 -1 -1 -1 -1 
2 -1 2 -1 -1 -1 -1 1 -1 -1 2 -1 -1 1 -1 -1 -1 2 2 -1 
1 2 2 -1 -1 3 -1 3 3 -1 2 -1 1 1 2 -1 2 2 2 1 
1 2 3 -1 -1 3 3 2 3 2 -1 2 -1 2 2 2 2 -1 2 2 
1 1 2 2 -1 -1 2 2 2 3 -1 2 -1 -1 2 2 2 2 -1 -1 
1 -1 3 2 1 -1 3 3 2 2 2 -1 -1 1 1 -1 2 -1 -1 1 
1 -1 -1 -1 -1 1 -1 1 1 2 -1 1 1 1 1 2 2 2 2 1 
1 -1 -1 -1 -1 -1 1 -1 1 -1 -1 -1 1 2 1 2 2 -1 2 1 
-1 -1 -1 -1 -1 1 -1 -1 -1 1 -1 -1 -1 -1 2 2 2 -1 -1 -1 
-1 -1 -1 -1 1 -1 -1 -1 2 2 4 -1 -1 -1 -1 -1 -1 -1 -1 -1 
-1 -1 4 4 1 1 1 4 1 -1 1 -1 -1 1 -1 1 1 1 1 1 
4 -1 4 -1 4 1 4 4 1 2 1 1 4 -1 -1 1 1 1 1 1 
4 4 -1 -1 -1 -1 1 1 1 -1 2 4 -1 -1 -1 1 -1 1 1 1 
4 4 -1 -1 -1 1 -1 1 -1 2 4 -1 4 4 -1 -1 1 1 1 -1 
4 -1 -1 4 4 4 -1 -1 2 4 2 -1 4 -1 -1 -1 -1 -1 1 -1 
1 4 -1 4 4 4 4 4 2 2 -1 -1 -1 -1 1 1 1 1 1 -1 
4 4 4 4 4 4 4 4 4 -1 -1 -1 -1 1 -1 -1 -1 -1 1 1 
4 4 1 4 -1 4 4 4 4 -1 -1 -1 -1 -1 -1 -1 1 1 1 1 
-1 4 4 1 1 4 4 4 -1 -1 -1 1 -1 -1 -1 -1 1 1 1 -1 
1 1 1 1 -1 -1 -1 -1 -1 -1 -1 1 -1 -1 -1 1 1 1 1 1 
-1 1 -1 1 -1 -1 2 -1 -1 -1 2 2 -1 -1 1 1 -1 -1 -1 -1 
-1 -1 -1 1 -1 1 2 1 2 2 2 2 -1 -1 1 -1 -1 -1 -1 -1 
-1 -1 -1 1 1 1 1 2 2 2 2 2 -1 1 1 -1 -1 -1 -1 -1 
-1 1 -1 1 -1 2 1 -1 1 2 -1 -1 1 2 -1 -1 -1 -1 -1 -1 
1 1 1 1 1 1 1 1 1 1 1 1 3 3 2 3 2 -1 -1 -1 
1 1 4 4 -1 1 1 1 -1 1 1 1 2 3 3 1 2 2 -1 1 
1 4 4 4 -1 1 1 2 -1 1 1 1 2 3 1 1 3 1 1 -1 
-1 4 1 -1 -1 1 1 1 1 1 8 1 1 1 1 1 -1 1 -1 -1 
-1 1 -1 -1 1 1 1 1 1 -1 8 1 2 1 1 1 -1 1 1 -1 
1 4 -1 -1 1 1 -1 -1 1 1 1 -1 -1 1 1 1 1 1 -1 1 
1 2 2 -1 2 2 2 4 2 4 4 4 1 1 1 4 1 4 4 4 
1 2 2 2 -1 2 2 2 4 -1 -1 4 1 1 4 1 1 -1 4 1 
1 1 2 -1 2 2 2 -1 -1 4 4 1 4 4 4 2 4 1 -1 1 
-1 1 1 2 2 2 2 2 -1 4 4 4 4 4 2 -1 -1 4 4 1 
-1 1 1 1 2 -1 2 2 4 -1 -1 4 -1 4 -1 -1 -1 -1 1 -1 
2 2 -1 2 -1 -1 -1 2 -1 -1 -1 -1 -1 -1 2 -1 -1 -1 2 1 
2 1 -1 1 -1 -1 -1 -1 -1 -1 -1 -1 -1 -1 2 2 2 2 -1 1 
1 1 1 1 -1 -1 -1 1 1 1 -1 -1 -1 -1 2 2 2 2 -1 -1 
1 1 1 -1 -1 -1 -1 1 2 -1 -1 -1 -1 -1 2 2 4 4 2 1 
1 1 1 -1 -1 -1 -1 -1 1 3 3 -1 -1 -1 -1 -1 1 1 4 1 
1 -1 -1 -1 -1 -1 -1 2 -1 2 -1 -1 -1 -1 1 1 1 -1 1 1 
-1 -1 -1 -1 -1 -1 -1 2 -1 2 3 -1 -1 -1 1 1 1 1 -1 1 
2 -1 6 -1 -1 -1 -1 2 -1 4 1 -1 4 4 4 1 1 -1 1 -1 
2 2 -1 1 2 -1 2 -1 -1 4 4 4 4 4 4 1 4 4 4 1 
2 2 -1 1 2 2 2 -1 4 -1 4 4 4 4 4 4 4 4 -1 2 
2 -1 -1 -1 -1 -1 2 -1 -1 4 4 -1 4 4 1 1 1 4 6 2 
2 -1 -1 -1 -1 -1 -1 -1 -1 -1 4 4 1 1 1 1 4 4 2 6 
6 -1 -1 -1 2 -1 -1 -1 4 4 4 4 4 1 1 1 4 4 6 -1 
2 2 2 -1 -1 2 2 2 4 4 -1 -1 1 1 1 1 1 -1 -1 6 
-1 2 2 -1 -1 -1 2 2 4 4 -1 -1 1 1 -1 1 4 -1 -1 -1 
2 2 2 -1 2 2 6 6 1 6 6 6 6 4 -1 2 2 2 -1 2 
2 -1 -1 2 2 2 6 6 1 1 1 1 4 -1 -1 -1 -1 -1 2 -1 
2 2 2 -1 -1 2 1 1 1 1 1 1 1 -1 2 -1 2 2 2 -1 
2 2 2 -1 -1 1 -1 -1 1 1 2 1 1 1 -1 2 -1 2 2 2 
2 2 2 -1 -1 -1 -1 -1 1 1 1 1 1 1 -1 2 2 2 2 -1 
2 2 2 -1 2 -1 -1 -1 -1 1 1 1 1 -1 2 2 -1 -1 2 2 
2 2 2 2 -1 -1 -1 -1 -1 -1 -1 1 6 1 1 2 2 2 -1 2 
2 2 2 -1 -1 -1 -1 -1 -1 -1 1 1 1 2 6 6 -1 2 2 1 
2 2 2 -1 -1 -1 -1 -1 -1 -1 -1 -1 6 2 2 6 2 2 2 2 
2 2 -1 -1 -1 -1 -1 1 -1 -1 -1 -1 1 1 6 6 6 2 2 2 
2 2 2 2 2 -1 -1 1 -1 -1 -1 -1 1 6 2 2 6 -1 2 2 
-1 2 2 2 2 2 -1 1 -1 -1 1 1 1 6 2 -1 2 -1 2 -1 
-1 2 1 1 2 1 2 2 2 -1 -1 1 6 2 6 6 -1 -1 1 -1 
1 1 1 1 1 1 1 1 1 2 1 1 6 6 -1 -1 -1 -1 -1 1 
-1 2 1 1 1 1 2 1 -1 1 -1 1 6 -1 1 -1 1 1 -1 -1 
-1 -1 2 1 1 1 1 2 2 -1 1 1 6 -1 2 1 1 1 1 2 
-1 2 2 1 1 1 -1 2 2 -1 1 1 -1 1 2 2 1 2 4 4 
4 2 1 -1 1 1 1 1 2 2 1 -1 1 -1 2 2 -1 4 2 4 
2 2 2 2 2 1 4 6 6 1 6 -1 -1 -1 2 2 -1 2 4 4 
2 2 2 2 2 2 6 1 2 -1 6 -1 -1 -1 -1 2 2 -1 4 -1 
1 -1 -1 -1 1 1 1 1 6 6 -1 -1 2 2 2 1 1 1 -1 2 
2 -1 -1 -1 1 1 1 1 2 2 2 2 2 2 2 2 1 1 1 2 
-1 1 1 1 1 1 1 6 6 6 2 2 2 2 6 1 2 1 -1 2 
-1 1 1 1 1 1 1 1 6 2 6 2 6 1 6 1 1 -1 -1 -1 
-1 1 2 1 1 1 1 1 2 2 6 6 2 1 1 1 1 1 1 -1 
1 2 2 1 1 1 1 -1 3 1 6 6 6 -1 1 1 1 1 -1 -1 
-1 1 1 1 1 1 1 2 2 6 6 6 2 1 -1 -1 1 1 -1 -1 
2 -1 -1 1 1 1 2 2 -1 -1 -1 3 2 -1 -1 -1 -1 2 -1 -1 
2 2 1 1 2 1 1 3 2 3 2 2 -1 2 -1 -1 2 2 2 2 
-1 1 2 -1 -1 1 3 3 -1 3 2 -1 1 2 2 2 1 -1 2 -1 
-1 -1 1 2 1 1 2 2 3 2 3 1 1 2 2 1 -1 -1 -1 -1 
2 2 1 1 1 1 2 6 2 2 2 1 1 -1 1 2 2 2 -1 2 
2 2 2 1 2 2 1 1 1 -1 2 2 1 1 1 1 2 2 1 2 
2 2 2 2 2 1 1 1 1 6 6 2 1 1 1 1 2 1 1 1 
-1 2 2 6 2 2 1 -1 -1 1 6 -1 -1 1 1 1 1 1 1 -1 
-1 2 1 1 2 -1 1 1 1 6 6 -1 6 6 1 1 1 1 1 1 
1 -1 2 1 1 1 1 1 1 1 2 6 6 1 1 1 -1 1 1 -1 
-1 -1 1 1 1 1 1 1 1 2 6 2 6 1 1 6 1 1 1 1 
1 1 1 1 1 1 1 1 1 -1 6 2 6 2 6 1 1 1 1 1 
1 -1 1 -1 1 1 1 -1 2 6 6 -1 6 2 1 2 2 -1 -1 2 
2 1 -1 -1 1 6 6 6 2 2 2 6 6 -1 -1 2 2 2 -1 -1 
-1 1 1 -1 3 6 2 2 2 6 6 6 6 -1 6 6 2 -1 -1 -1 
1 1 1 1 3 3 -1 -1 -1 2 2 2 2 6 -1 6 -1 2 -1 -1 
2 2 -1 -1 -1 6 6 10 -1 6 2 2 2 -1 -1 -1 6 -1 -1 2 
1 2 -1 -1 -1 -1 6 6 6 3 2 6 -1 6 -1 -1 -1 -1 -1 2 
-1 1 -1 -1 -1 1 6 2 2 -1 2 6 -1 -1 -1 -1 -1 -1 6 -1 
-1 -1 -1 1 1 -1 1 -1 2 6 6 6 2 -1 -1 -1 -1 -1 -1 -1 
-1 -1 -1 -1 1 1 1 -1 -1 2 2 6 2 2 -1 -1 -1 -1 -1 -1 
-1 -1 2 1 1 1 -1 -1 -1 -1 2 2 6 6 -1 -1 -1 -1 -1 -1 
-1 -1 -1 -1 -1 1 -1 -1 -1 6 2 3 2 2 6 -1 -1 -1 -1 -1 
-1 -1 -1 -1 -1 -1 2 -1 6 6 2 2 2 3 2 -1 -1 -1 -1 -1 
-1 -1 -1 -1 -1 -1 3 2 -1 2 3 1 2 3 3 3 6 1 -1 -1 
-1 -1 -1 -1 -1 -1 -1 3 2 1 1 6 6 2 2 2 1 6 -1 -1 
-1 -1 6 6 -1 6 6 6 2 2 3 2 6 2 3 2 -1 -1 -1 -1 
-1 -1 -1 6 6 2 2 1 2 2 3 2 2 6 3 2 2 -1 -1 -1 
1 1 6 6 -1 2 -1 2 6 2 1 2 6 2 2 6 2 6 1 -1 
1 1 -1 -1 -1 -1 -1 6 2 2 6 -1 2 6 6 2 6 1 -1 1 
1 1 1 -1 -1 -1 -1 -1 6 2 2 -1 4 2 6 2 1 1 1 1 
-1 1 1 1 -1 -1 2 6 2 1 2 2 6 6 2 -1 6 6 2 1 
-1 1 -1 1 1 -1 6 6 1 2 2 2 -1 2 3 3 3 6 2 2 
6 2 -1 1 -1 1 -1 6 2 -1 2 2 -1 1 2 -1 -1 -1 -1 6 
2 -1 -1 -1 -1 2 6 2 -1 1 -1 -1 -1 -1 1 -1 -1 -1 -1 -1 
-1 2 6 -1 -1 2 6 1 2 -1 1 -1 4 -1 2 -1 6 6 -1 -1 
-1 -1 2 6 2 2 6 1 1 1 4 4 4 2 -1 -1 -1 6 2 -1 
2 6 6 6 6 6 4 4 2 1 4 4 -1 -1 -1 -1 -1 -1 -1 3 
6 6 6 4 4 4 6 4 4 4 4 4 -1 -1 -1 -1 2 -1 6 2 
6 6 4 2 2 2 2 6 4 4 4 4 4 -1 -1 6 2 -1 6 6 
6 6 6 2 6 6 2 2 2 4 4 4 -1 -1 -1 6 -1 6 2 2 
2 2 2 6 6 2 6 2 2 4 4 -1 -1 -1 -1 -1 -1 6 6 -1 
2 2 6 1 1 6 2 6 1 1 -1 -1 -1 -1 -1 -1 -1 2 6 6 
2 2 2 1 2 2 6 6 1 1 -1 -1 -1 -1 -1 -1 2 2 6 2 
2 2 2 2 1 6 6 6 1 1 1 -1 -1 -1 -1 6 2 2 2 2 
2 2 3 3 2 6 6 6 6 -1 -1 -1 6 6 6 3 6 6 2 2 
3 3 3 2 2 2 6 2 6 -1 2 -1 -1 2 6 2 3 2 2 -1 
2 2 -1 2 2 2 2 2 -1 2 2 -1 6 2 2 2 6 6 6 3 
3 2 1 3 3 1 1 2 -1 2 2 -1 6 6 6 2 3 6 6 3 
2 6 1 3 3 34 1 2 -1 2 -1 2 6 6 2 2 2 3 6 6 
6 3 1 1 1 34 -1 -1 2 -1 -1 6 6 3 3 2 2 2 6 2 
6 2 3 -1 1 1 2 -1 -1 -1 -1 2 2 -1 2 3 2 2 -1 6 
2 2 2 1 -1 1 -1 6 -1 -1 -1 2 2 2 2 -1 -1 -1 2 2 
2 2 6 2 2 2 -1 -1 -1 2 -1 3 2 6 2 2 2 6 6 6 
2 2 2 2 6 2 2 2 2 2 2 3 -1 -1 2 2 2 6 2 2 
2 6 2 2 2 -1 6 -1 -1 2 2 2 3 6 -1 1 2 6 2 2 
2 6 2 2 -1 6 2 2 2 -1 2 -1 6 6 1 2 6 2 2 2 
6 6 1 -1 -1 -1 2 2 6 -1 2 6 6 6 2 2 2 6 2 2 
-1 1 -1 1 2 2 6 6 2 2 6 2 2 2 6 2 2 2 2 6 
-1 2 -1 -1 -1 2 2 2 2 2 6 2 6 6 6 6 2 2 -1 -1 
2 -1 2 -1 1 -1 2 2 2 2 2 2 2 2 1 -1 1 2 2 2 
-1 -1 2 2 1 -1 -1 2 2 3 2 6 2 1 1 1 1 1 2 1 
6 6 6 -1 1 -1 -1 6 6 6 6 6 1 1 1 1 1 6 1 6 
6 -1 -1 6 -1 -1 -1 6 2 2 6 2 2 2 1 -1 -1 -1 -1 6 
-1 -1 -1 -1 -1 -1 -1 -1 2 2 2 2 2 -1 -1 -1 -1 -1 -1 -1 
-1 -1 -1 -1 -1 -1 -1 -1 -1 2 2 1 1 -1 -1 -1 -1 -1 -1 -1 
-1 -1 -1 -1 1 -1 -1 -1 -1 1 1 1 1 -1 -1 -1 -1 -1 -1 -1 
-1 -1 -1 -1 -1 -1 -1 -1 -1 1 1 1 1 -1 -1 -1 -1 -1 -1 -1 
-1 -1 -1 -1 -1 -1 -1 -1 -1 1 1 1 1 -1 -1 -1 -1 -1 -1 -1 
2 2 6 -1 -1 -1 -1 -1 -1 -1 1 1 -1 -1 -1 -1 -1 -1 -1 -1 
6 2 6 2 6 -1 -1 -1 -1 -1 -1 -1 -1 -1 -1 -1 -1 1 -1 -1 
2 6 2 2 2 2 -1 -1 -1 -1 -1 -1 -1 -1 -1 -1 2 -1 1 2 
6 6 6 2 1 2 2 -1 -1 -1 3 2 2 6 6 2 2 2 2 6 
-1 -1 -1 -1 -1 -1 1 -1 -1 2 1 1 6 2 -1 -1 6 6 -1 -1 
-1 -1 -1 -1 1 1 1 -1 -1 1 1 -1 -1 1 2 -1 -1 -1 -1 -1 
-1 -1 -1 1 1 -1 1 2 -1 -1 -1 -1 1 -1 -1 -1 -1 -1 -1 -1 
-1 -1 -1 1 -1 -1 -1 2 2 -1 -1 -1 -1 1 -1 -1 -1 -1 -1 -1 
-1 -1 1 1 2 1 -1 6 6 1 -1 -1 -1 -1 -1 -1 -1 -1 -1 -1 
-1 1 1 1 1 2 1 -1 -1 1 1 -1 -1 -1 2 -1 -1 -1 -1 -1 
1 1 1 -1 -1 -1 -1 -1 1 1 1 -1 -1 -1 -1 2 -1 -1 -1 -1 
-1 1 -1 -1 -1 -1 -1 -1 -1 1 -1 -1 -1 -1 6 -1 34 -1 -1 -1 
-1 -1 -1 -1 -1 -1 -1 -1 1 -1 1 -1 -1 6 6 6 6 2 6 -1 
-1 -1 -1 -1 1 1 1 -1 1 1 1 3 3 6 6 6 -1 2 -1 6 
-1 1 -1 -1 -1 1 1 1 1 1 6 3 6 6 6 2 -1 6 6 2 
2 1 -1 -1 -1 1 -1 1 1 1 1 3 3 2 2 3 2 2 2 6 
1 -1 1 -1 1 -1 1 -1 -1 6 2 2 2 3 2 3 6 2 1 -1 
1 -1 1 -1 -1 -1 -1 -1 -1 6 6 2 2 2 2 2 6 6 1 1 
2 1 -1 -1 -1 -1 -1 6 6 2 2 2 -1 6 2 2 2 6 6 2 
-1 1 -1 -1 -1 -1 -1 -1 6 6 6 2 2 2 2 2 6 1 6 2 
6 -1 -1 -1 -1 -1 -1 -1 2 6 6 2 6 2 6 6 6 6 6 6 
6 6 -1 -1 -1 -1 6 6 6 6 2 2 2 2 6 6 6 2 2 6 
2 6 6 -1 -1 -1 -1 -1 6 6 2 2 6 2 6 -1 2 6 2 -1 
6 2 2 -1 -1 -1 -1 -1 6 -1 2 6 6 -1 6 6 -1 6 2 6 
-1 -1 -1 -1 -1 6 6 6 2 6 1 1 -1 -1 -1 -1 -1 -1 -1 -1 
1 -1 -1 -1 -1 -1 -1 2 -1 2 1 1 -1 -1 -1 -1 -1 -1 -1 -1 
-1 1 -1 -1 -1 -1 -1 -1 -1 -1 2 1 -1 -1 -1 -1 2 -1 -1 -1 
-1 -1 -1 -1 -1 -1 -1 -1 -1 -1 -1 -1 -1 -1 -1 2 2 -1 -1 -1 
-1 -1 -1 -1 -1 -1 -1 -1 -1 -1 -1 -1 -1 -1 -1 -1 2 -1 -1 -1 
-1 -1 -1 -1 -1 -1 -1 -1 -1 -1 -1 -1 -1 -1 -1 -1 1 1 -1 -1 
-1 -1 -1 -1 -1 -1 -1 -1 6 -1 -1 -1 -1 -1 -1 -1 -1 -1 -1 -1 
-1 -1 -1 -1 -1 -1 -1 -1 -1 -1 -1 -1 -1 -1 -1 -1 -1 -1 -1 -1 
-1 -1 -1 -1 -1 -1 -1 6 -1 -1 -1 -1 -1 -1 -1 -1 -1 -1 -1 -1 
-1 -1 -1 -1 -1 -1 -1 -1 6 -1 -1 -1 -1 -1 -1 -1 -1 -1 -1 -1 
-1 -1 -1 1 -1 -1 -1 -1 -1 -1 -1 -1 -1 -1 -1 -1 -1 -1 -1 -1 
-1 -1 -1 1 1 -1 -1 -1 -1 -1 -1 1 -1 -1 -1 1 -1 -1 -1 -1 
-1 -1 1 1 1 1 -1 1 1 -1 2 6 1 1 -1 1 1 -1 -1 -1 
-1 -1 1 1 -1 1 1 -1 -1 2 2 6 6 1 1 -1 -1 -1 -1 -1 
-1 -1 -1 -1 -1 -1 1 2 2 6 6 6 1 -1 -1 -1 1 -1 -1 1 
-1 -1 -1 -1 -1 -1 2 6 6 6 6 -1 -1 -1 -1 1 -1 -1 -1 -1 
-1 2 -1 2 -1 -1 -1 6 6 6 6 -1 -1 -1 -1 -1 1 -1 -1 -1 
-1 2 2 2 -1 -1 -1 1 -1 2 6 -1 -1 -1 -1 -1 1 -1 -1 -1 
-1 -1 -1 -1 -1 -1 2 2 1 2 -1 1 -1 -1 -1 -1 -1 1 -1 -1 
-1 -1 -1 -1 -1 2 6 6 2 1 -1 1 1 -1 -1 -1 -1 1 -1 -1 
-1 -1 -1 -1 -1 -1 -1 -1 -1 -1 -1 -1 -1 -1 -1 -1 -1 -1 -1 -1 
-1 -1 -1 -1 -1 -1 -1 -1 -1 -1 -1 -1 -1 -1 -1 -1 -1 -1 -1 -1 
-1 -1 -1 -1 -1 -1 -1 -1 -1 -1 2 -1 -1 -1 -1 -1 1 1 1 -1 
-1 -1 -1 -1 -1 -1 -1 -1 -1 2 -1 1 1 1 -1 1 1 1 1 1 
1 -1 -1 -1 -1 -1 2 2 6 3 -1 1 1 1 1 1 1 1 1 1 
1 -1 -1 -1 1 1 -1 6 6 -1 1 1 -1 1 1 1 1 1 1 1 
-1 -1 -1 -1 -1 1 2 2 -1 1 1 1 1 1 1 1 -1 1 1 -1 
-1 -1 -1 -1 -1 -1 1 2 -1 -1 1 1 1 1 -1 -1 -1 -1 -1 -1 
1 1 -1 -1 -1 -1 -1 -1 -1 -1 -1 -1 -1 1 -1 -1 -1 -1 -1 1 
1 -1 -1 -1 -1 -1 1 -1 -1 -1 -1 1 1 1 -1 -1 -1 -1 1 -1 
1 -1 -1 -1 -1 -1 -1 -1 -1 -1 -1 -1 1 -1 1 -1 -1 1 -1 -1 
1 -1 1 1 1 1 -1 -1 -1 -1 1 1 1 -1 1 1 -1 -1 -1 -1 
1 -1 -1 1 1 1 -1 -1 -1 -1 -1 1 -1 1 -1 1 -1 -1 -1 -1 
-1 -1 -1 -1 -1 -1 -1 -1 -1 -1 1 1 1 1 1 -1 -1 -1 1 1 
-1 -1 -1 -1 -1 -1 -1 -1 -1 -1 -1 1 1 -1 -1 -1 -1 1 1 1 
-1 -1 -1 -1 -1 -1 -1 -1 -1 -1 -1 -1 -1 -1 -1 -1 -1 -1 1 1 
-1 -1 -1 -1 -1 -1 -1 -1 -1 -1 -1 1 -1 -1 -1 1 1 -1 -1 -1 
-1 -1 -1 -1 -1 -1 -1 -1 -1 -1 1 -1 -1 -1 -1 -1 -1 -1 -1 -1 
-1 -1 -1 -1 -1 -1 -1 -1 -1 1 -1 1 -1 -1 -1 -1 -1 -1 -1 -1 
-1 -1 -1 -1 -1 -1 -1 -1 -1 -1 1 -1 -1 -1 -1 -1 -1 -1 -1 -1 
-1 -1 -1 -1 -1 -1 -1 -1 -1 -1 -1 -1 -1 -1 -1 1 1 1 -1 -1 
-1 -1 -1 -1 -1 -1 -1 -1 -1 -1 -1 -1 -1 -1 -1 1 1 1 -1 -1 
1 -1 -1 -1 -1 -1 -1 -1 -1 -1 -1 -1 -1 -1 -1 1 1 1 -1 -1 
1 -1 -1 -1 -1 -1 -1 1 -1 1 -1 -1 -1 -1 -1 -1 -1 1 1 -1 
1 1 1 1 -1 -1 1 1 1 1 1 -1 -1 -1 -1 -1 -1 1 1 1 
1 1 1 -1 -1 1 1 1 1 -1 -1 -1 -1 -1 -1 -1 1 1 1 1 
-1 -1 1 -1 1 1 1 1 -1 -1 -1 -1 -1 -1 1 -1 -1 1 -1 -1 
-1 -1 -1 1 -1 -1 -1 -1 -1 -1 -1 -1 -1 -1 -1 -1 1 -1 -1 -1 
-1 -1 -1 -1 -1 -1 -1 1 -1 -1 -1 -1 -1 -1 -1 -1 -1 -1 -1 -1 
-1 -1 -1 -1 -1 -1 -1 1 -1 -1 -1 -1 -1 -1 -1 -1 -1 -1 -1 -1 
-1 -1 -1 -1 -1 1 1 -1 -1 -1 -1 -1 -1 -1 -1 -1 -1 -1 -1 -1 
-1 -1 -1 -1 1 1 1 -1 -1 -1 -1 -1 -1 -1 -1 -1 -1 -1 -1 -1 
-1 -1 1 1 1 1 -1 -1 -1 -1 -1 -1 -1 -1 -1 -1 -1 -1 -1 -1 
-1 -1 -1 1 -1 -1 -1 -1 -1 -1 -1 -1 -1 -1 -1 -1 -1 -1 -1 -1 
-1 -1 -1 -1 -1 -1 -1 -1 -1 -1 -1 -1 -1 -1 -1 -1 -1 -1 -1 -1 
-1 -1 -1 -1 -1 -1 -1 -1 -1 -1 -1 -1 -1 -1 -1 -1 -1 -1 1 -1 
-1 -1 -1 -1 -1 -1 -1 -1 -1 -1 -1 -1 -1 -1 -1 -1 -1 -1 -1 -1 
-1 -1 -1 -1 -1 -1 -1 -1 -1 -1 -1 -1 1 1 -1 -1 1 1 -1 -1 
-1 -1 -1 -1 -1 -1 -1 -1 -1 -1 -1 -1 -1 -1 -1 1 1 -1 -1 -1 
-1 -1 -1 -1 -1 -1 -1 -1 -1 -1 -1 -1 -1 -1 1 1 1 1 -1 -1 
-1 -1 -1 -1 -1 -1 -1 -1 -1 -1 1 -1 1 -1 -1 -1 -1 -1 -1 -1 
-1 -1 -1 -1 -1 -1 -1 -1 -1 -1 1 1 1 1 -1 -1 1 -1 -1 -1 
-1 -1 -1 -1 -1 -1 1 -1 -1 -1 -1 -1 1 1 1 1 1 1 1 1 
-1 -1 -1 -1 -1 1 1 -1 -1 1 1 1 1 1 1 1 1 1 1 -1 
-1 -1 -1 -1 1 1 1 1 1 1 1 1 1 1 1 1 -1 -1 1 -1 
-1 -1 1 -1 -1 -1 -1 1 1 1 1 -1 1 1 1 1 -1 1 1 -1 
-1 -1 -1 1 -1 -1 -1 1 1 1 -1 -1 1 1 -1 1 1 1 1 1 
-1 -1 -1 -1 -1 -1 -1 1 1 1 1 1 -1 -1 1 1 1 1 1 -1 
-1 -1 1 1 -1 -1 -1 -1 -1 1 1 1 1 1 1 -1 1 1 1 -1 
1 -1 -1 -1 -1 -1 -1 -1 1 -1 1 1 1 1 -1 -1 -1 -1 -1 1 
-1 -1 1 1 1 -1 -1 1 1 -1 -1 1 -1 -1 1 -1 -1 -1 -1 -1 
-1 1 1 1 1 -1 -1 -1 -1 -1 -1 -1 -1 1 -1 -1 -1 -1 -1 -1 
-1 -1 1 1 1 -1 -1 -1 -1 -1 -1 -1 -1 -1 1 1 1 -1 -1 -1 
-1 -1 1 1 1 -1 -1 -1 -1 -1 -1 -1 -1 1 1 1 1 -1 -1 -1 
-1 -1 -1 -1 1 -1 -1 -1 -1 -1 -1 -1 -1 -1 -1 1 -1 1 -1 -1 
-1 -1 -1 -1 -1 -1 -1 -1 -1 -1 -1 -1 -1 -1 -1 -1 1 -1 1 -1 
-1 -1 -1 -1 -1 -1 -1 -1 -1 -1 -1 -1 -1 -1 -1 -1 1 1 -1 -1 
-1 -1 1 1 -1 -1 -1 -1 1 -1 1 -1 -1 -1 -1 -1 -1 -1 -1 -1 
-1 -1 1 -1 -1 -1 -1 -1 -1 1 -1 1 -1 -1 -1 -1 -1 -1 -1 -1 
-1 -1 -1 -1 -1 -1 -1 -1 -1 1 1 1 -1 -1 -1 -1 -1 -1 -1 -1 
-1 -1 -1 1 -1 -1 -1 -1 -1 -1 -1 -1 -1 -1 -1 -1 -1 -1 -1 -1 
-1 -1 1 -1 -1 -1 -1 -1 -1 -1 -1 -1 -1 -1 -1 -1 -1 1 -1 -1 
-1 1 1 -1 -1 1 -1 -1 -1 -1 -1 -1 -1 -1 -1 -1 1 1 1 -1 
1 1 1 -1 -1 1 1 -1 -1 -1 -1 -1 -1 -1 -1 -1 -1 -1 1 -1 
-1 1 1 -1 1 1 1 1 -1 -1 1 1 -1 -1 -1 -1 -1 -1 -1 -1 
1 1 1 1 1 1 1 1 1 1 1 1 -1 -1 -1 -1 -1 -1 -1 -1 
-1 -1 1 1 1 1 1 1 1 1 -1 -1 -1 -1 -1 -1 -1 -1 -1 -1 
-1 -1 -1 1 -1 1 1 1 1 1 -1 -1 -1 -1 -1 -1 -1 -1 -1 -1 
-1 -1 -1 -1 -1 -1 1 -1 1 -1 -1 -1 -1 -1 -1 -1 -1 1 -1 -1 
-1 -1 -1 -1 -1 -1 -1 -1 -1 1 -1 -1 1 -1 -1 -1 -1 -1 -1 -1 
-1 -1 1 -1 -1 -1 -1 -1 1 -1 1 -1 1 -1 -1 -1 1 1 -1 1 
1 1 1 1 -1 -1 -1 -1 1 -1 1 1 -1 -1 1 -1 1 1 -1 -1 
1 1 1 1 1 -1 -1 1 -1 -1 1 1 1 -1 -1 1 1 1 -1 -1 
1 -1 1 1 -1 1 -1 -1 -1 -1 -1 1 1 -1 -1 -1 -1 1 1 1 
-1 1 1 1 1 1 -1 -1 -1 -1 -1 -1 -1 -1 -1 -1 -1 1 -1 -1 
-1 1 1 -1 1 1 -1 -1 -1 -1 -1 -1 -1 -1 -1 1 1 -1 -1 -1 
-1 1 -1 -1 -1 -1 -1 -1 -1 -1 -1 1 -1 -1 1 -1 -1 -1 -1 -1 
-1 -1 1 -1 -1 -1 -1 -1 -1 -1 -1 -1 -1 -1 -1 -1 -1 -1 -1 -1 
-1 1 -1 -1 -1 -1 -1 -1 -1 -1 -1 -1 -1 -1 1 -1 -1 -1 -1 -1 
-1 -1 -1 -1 -1 -1 -1 -1 -1 -1 -1 -1 -1 -1 -1 -1 -1 -1 -1 -1 
1 2 -1 1 -1 -1 -1 -1 -1 -1 -1 -1 1 1 -1 -1 -1 -1 2 2 
1 1 -1 1 -1 -1 -1 -1 -1 -1 -1 1 1 -1 -1 -1 -1 2 -1 -1 
1 1 1 -1 -1 -1 -1 -1 -1 -1 -1 1 1 -1 1 1 -1 -1 -1 1 
1 1 1 1 -1 -1 -1 -1 -1 -1 -1 1 1 1 1 1 -1 -1 -1 1 
1 1 -1 -1 -1 -1 -1 -1 -1 -1 -1 -1 -1 -1 1 -1 -1 -1 -1 -1 
-1 -1 -1 -1 -1 -1 -1 -1 -1 -1 -1 -1 -1 -1 1 1 -1 -1 -1 -1 
-1 -1 -1 -1 -1 -1 -1 -1 -1 -1 -1 -1 -1 1 -1 -1 -1 -1 -1 -1 
-1 -1 -1 -1 -1 -1 -1 -1 -1 -1 -1 -1 -1 -1 1 -1 -1 -1 -1 -1 
-1 1 1 1 -1 -1 -1 -1 -1 -1 -1 -1 -1 -1 -1 -1 -1 -1 -1 -1 
-1 -1 1 -1 1 -1 -1 -1 -1 -1 -1 -1 -1 -1 -1 -1 -1 -1 -1 -1 
-1 5 5 5 1 -1 1 -1 -1 -1 -1 -1 -1 -1 -1 -1 -1 -1 -1 -1 
5 -1 -1 1 5 -1 -1 1 -1 -1 -1 -1 -1 -1 1 -1 -1 5 5 -1 
1 1 1 1 -1 -1 -1 1 1 -1 -1 -1 -1 1 1 -1 -1 1 -1 1 
1 1 -1 1 -1 -1 -1 -1 -1 -1 -1 -1 -1 -1 1 1 1 1 -1 1 
1 -1 -1 -1 -1 -1 -1 -1 -1 -1 -1 -1 -1 -1 -1 1 1 -1 -1 1 
-1 -1 1 -1 -1 -1 -1 -1 -1 -1 1 -1 -1 -1 -1 1 1 -1 -1 -1 
-1 -1 -1 -1 -1 -1 -1 -1 -1 -1 1 -1 -1 -1 -1 1 -1 -1 -1 -1 
-1 -1 -1 -1 1 1 -1 -1 -1 -1 1 1 -1 -1 -1 -1 -1 -1 -1 -1 
-1 -1 -1 -1 -1 1 -1 -1 -1 -1 1 -1 -1 -1 -1 -1 1 -1 -1 -1 
2 -1 1 1 -1 -1 -1 -1 -1 -1 -1 -1 -1 -1 -1 -1 1 -1 -1 2 
-1 1 1 -1 1 1 -1 -1 -1 -1 1 1 1 -1 1 -1 -1 -1 -1 1 
1 -1 1 1 1 1 1 -1 -1 -1 1 1 1 -1 -1 1 -1 -1 -1 1 
1 1 1 1 1 1 -1 1 -1 -1 -1 -1 -1 -1 -1 -1 -1 -1 1 -1 
-1 1 -1 1 1 -1 1 -1 -1 -1 -1 -1 -1 -1 -1 -1 -1 -1 -1 1 
-1 -1 1 -1 -1 -1 1 -1 -1 -1 -1 -1 -1 -1 -1 1 1 -1 -1 -1 
-1 1 -1 -1 -1 -1 1 -1 -1 -1 -1 -1 -1 -1 -1 -1 -1 1 -1 -1 
-1 -1 -1 -1 -1 -1 -1 -1 -1 -1 -1 -1 -1 -1 -1 -1 -1 -1 -1 -1 
-1 -1 -1 -1 -1 -1 -1 -1 -1 -1 -1 -1 -1 -1 -1 -1 -1 -1 -1 -1 
-1 -1 -1 -1 -1 -1 -1 -1 -1 -1 -1 -1 -1 -1 -1 -1 -1 -1 -1 -1 
-1 -1 -1 -1 -1 -1 -1 -1 -1 1 1 -1 -1 -1 1 1 -1 -1 -1 -1 
-1 -1 -1 -1 1 -1 -1 -1 -1 1 -1 1 -1 1 1 1 1 -1 -1 -1 
1 -1 -1 1 1 1 -1 -1 -1 -1 -1 -1 -1 -1 1 1 -1 -1 -1 -1 
1 1 -1 1 1 1 1 -1 -1 -1 -1 -1 -1 -1 -1 1 1 1 1 1 
-1 1 1 -1 1 -1 -1 -1 -1 -1 -1 -1 -1 -1 -1 -1 1 1 1 1 
1 -1 -1 1 -1 1 -1 -1 -1 -1 -1 -1 -1 -1 -1 1 -1 -1 1 1 
-1 -1 -1 -1 -1 -1 -1 -1 -1 -1 -1 -1 -1 -1 -1 -1 -1 -1 1 1 
1 1 1 -1 1 -1 -1 -1 -1 -1 -1 -1 -1 -1 -1 -1 -1 -1 1 1 
1 1 1 1 -1 -1 -1 -1 -1 -1 -1 -1 -1 1 -1 1 -1 -1 -1 -1 
-1 -1 1 -1 1 1 -1 -1 -1 1 -1 -1 1 -1 1 -1 1 1 1 -1 
-1 -1 1 -1 1 1 1 -1 -1 1 1 -1 1 1 1 1 -1 1 -1 -1 
-1 2 2 2 2 -1 1 1 3 1 1 1 -1 -1 -1 -1 2 2 2 2 
2 2 2 2 2 1 1 1 1 -1 1 1 -1 -1 -1 1 -1 2 -1 3 
2 2 -1 1 2 2 1 1 -1 1 1 -1 -1 -1 -1 1 1 1 1 1 
2 2 2 2 2 1 1 -1 -1 -1 -1 -1 -1 1 -1 -1 -1 -1 -1 1 
2 2 2 2 -1 -1 2 2 -1 -1 -1 3 -1 -1 -1 -1 -1 -1 -1 1 
-1 -1 2 -1 -1 -1 -1 2 2 -1 -1 -1 3 -1 -1 -1 -1 -1 -1 -1 
-1 -1 -1 -1 -1 -1 2 -1 -1 -1 -1 -1 -1 -1 -1 -1 -1 -1 -1 -1 
-1 -1 -1 -1 -1 1 -1 -1 -1 1 -1 1 -1 -1 -1 -1 -1 -1 -1 -1 
-1 -1 -1 -1 -1 1 1 -1 1 -1 1 1 -1 -1 -1 -1 -1 -1 -1 -1 
-1 -1 -1 -1 1 -1 1 1 -1 1 -1 1 1 -1 -1 -1 -1 -1 -1 -1 
-1 -1 -1 1 -1 1 1 1 1 -1 1 1 1 -1 -1 -1 -1 -1 -1 -1 
-1 -1 -1 1 1 -1 1 -1 -1 -1 -1 1 -1 -1 -1 -1 1 -1 -1 -1 
-1 -1 -1 -1 1 1 1 -1 -1 -1 -1 -1 1 -1 -1 -1 -1 1 1 1 
-1 -1 -1 -1 1 1 1 -1 -1 -1 -1 -1 -1 -1 -1 -1 -1 -1 -1 -1 
-1 1 -1 -1 1 -1 -1 -1 -1 -1 -1 -1 -1 -1 -1 -1 -1 -1 -1 -1 
-1 -1 1 -1 -1 3 -1 -1 -1 -1 -1 -1 -1 -1 -1 -1 -1 -1 -1 -1 
1 1 3 3 2 3 -1 -1 -1 -1 -1 1 -1 -1 -1 -1 -1 -1 -1 -1 
-1 1 1 2 2 -1 -1 -1 -1 -1 -1 -1 -1 -1 1 -1 -1 2 -1 1 
2 2 3 3 2 -1 -1 -1 -1 -1 -1 -1 -1 -1 -1 -1 -1 3 2 -1 
-1 -1 2 3 -1 3 -1 -1 -1 3 1 1 -1 -1 -1 -1 2 3 3 3 
-1 -1 1 -1 -1 -1 -1 -1 -1 -1 1 1 -1 -1 -1 -1 -1 -1 -1 -1 
-1 1 1 -1 -1 -1 -1 -1 -1 -1 -1 1 -1 -1 -1 -1 -1 -1 -1 -1 
-1 1 1 -1 -1 -1 1 -1 -1 -1 -1 -1 -1 -1 -1 -1 -1 -1 -1 -1 
-1 -1 -1 1 -1 1 -1 -1 -1 -1 -1 -1 -1 -1 -1 -1 -1 -1 -1 -1 
-1 -1 -1 -1 1 -1 1 -1 -1 -1 -1 -1 -1 -1 -1 -1 -1 -1 -1 -1 
-1 -1 -1 1 -1 -1 -1 1 1 -1 -1 -1 -1 -1 -1 -1 -1 -1 -1 -1 
-1 -1 -1 1 -1 -1 -1 1 1 1 -1 -1 -1 -1 -1 -1 -1 -1 -1 -1 
-1 1 1 -1 1 -1 -1 1 1 1 1 -1 -1 -1 2 3 3 -1 -1 -1 
1 1 1 1 1 1 -1 1 1 2 1 -1 -1 -1 2 3 -1 -1 -1 -1 
-1 1 1 1 1 1 -1 1 2 2 -1 -1 -1 -1 -1 1 -1 2 -1 1 
2 1 1 -1 -1 1 1 -1 -1 2 -1 -1 -1 -1 2 -1 1 3 2 1 
1 2 1 -1 -1 -1 1 -1 -1 -1 -1 -1 -1 -1 2 -1 -1 2 3 -1 
-1 1 1 1 -1 1 -1 -1 -1 1 -1 -1 -1 -1 1 2 2 3 -1 -1 
1 -1 -1 -1 1 -1 -1 -1 1 1 1 -1 -1 2 -1 3 2 2 3 3 
3 -1 -1 -1 -1 -1 -1 1 1 1 -1 -1 2 -1 3 -1 2 3 2 1 
-1 -1 -1 -1 -1 1 -1 1 1 1 -1 -1 -1 3 2 3 1 2 3 1 
-1 -1 -1 -1 -1 1 -1 1 -1 -1 -1 1 -1 -1 3 2 -1 -1 -1 -1 
-1 -1 -1 -1 -1 -1 -1 -1 1 1 1 1 1 -1 -1 -1 3 -1 -1 -1 
-1 -1 -1 -1 -1 -1 -1 -1 -1 -1 1 1 1 -1 2 2 -1 -1 -1 -1 
-1 -1 -1 -1 -1 -1 -1 -1 -1 -1 -1 -1 1 -1 -1 -1 -1 -1 -1 -1 
-1 -1 1 1 -1 1 -1 1 1 -1 -1 -1 -1 -1 -1 -1 -1 -1 -1 1 
-1 -1 -1 1 1 -1 1 -1 1 1 -1 -1 -1 -1 1 -1 -1 -1 -1 -1 
-1 -1 -1 -1 -1 1 1 -1 1 -1 -1 1 -1 1 -1 -1 -1 -1 -1 1 
1 1 -1 -1 -1 -1 1 -1 -1 -1 -1 -1 1 1 -1 -1 1 1 1 -1 
1 -1 -1 -1 -1 -1 -1 -1 -1 1 -1 1 1 1 1 1 1 1 1 1 
-1 -1 -1 -1 -1 -1 -1 -1 -1 -1 1 1 1 1 1 1 1 1 2 -1 
-1 -1 -1 -1 -1 -1 -1 -1 -1 -1 -1 -1 1 -1 1 1 1 -1 1 3 
2 -1 -1 -1 -1 -1 1 -1 -1 -1 -1 -1 -1 1 1 1 1 1 1 -1 
-1 2 -1 -1 -1 1 -1 -1 -1 -1 -1 -1 -1 1 1 -1 -1 1 -1 1 
3 -1 2 -1 -1 -1 -1 -1 -1 1 1 -1 1 -1 -1 -1 3 1 -1 1 
1 3 -1 -1 -1 -1 -1 -1 -1 1 1 1 1 1 3 2 2 1 1 2 
1 2 -1 -1 -1 -1 -1 -1 1 1 1 1 -1 -1 2 2 2 2 2 1 
2 2 -1 -1 -1 -1 -1 1 1 1 1 -1 -1 2 2 2 -1 2 2 1 
1 2 2 -1 -1 -1 -1 -1 -1 1 1 -1 -1 -1 2 -1 -1 2 -1 2 
2 2 -1 -1 -1 -1 -1 1 1 -1 -1 -1 -1 -1 -1 -1 -1 -1 2 2 
-1 -1 -1 1 1 1 -1 1 1 1 -1 -1 -1 -1 -1 -1 -1 -1 -1 -1 
-1 -1 -1 -1 1 1 1 1 1 1 1 -1 -1 -1 -1 -1 -1 -1 -1 -1 
1 -1 -1 -1 1 1 1 1 -1 1 1 -1 -1 -1 -1 -1 -1 1 -1 -1 
1 1 -1 -1 -1 1 1 1 1 1 -1 -1 -1 -1 -1 1 1 1 1 1 
1 1 -1 -1 -1 -1 1 1 1 -1 -1 -1 -1 -1 1 -1 -1 1 1 -1 
1 -1 -1 -1 1 1 1 1 1 -1 -1 1 -1 1 -1 -1 -1 1 -1 1 
1 -1 -1 1 1 1 1 1 -1 1 -1 -1 1 1 -1 -1 1 -1 1 1 
1 -1 -1 -1 1 1 -1 -1 -1 -1 -1 -1 -1 1 -1 -1 1 1 1 -1 
1 -1 -1 1 1 -1 -1 -1 -1 -1 -1 -1 -1 -1 -1 -1 -1 -1 1 1 
-1 1 1 1 1 1 -1 1 -1 -1 -1 -1 -1 -1 -1 -1 -1 1 -1 -1 
1 1 1 1 1 -1 -1 1 1 -1 -1 -1 -1 -1 -1 1 -1 -1 -1 1 
1 -1 1 -1 1 -1 1 1 1 -1 1 1 -1 -1 -1 1 1 -1 -1 1 
-1 -1 1 -1 -1 -1 -1 1 1 -1 -1 1 1 -1 1 -1 -1 -1 -1 -1 
-1 -1 -1 -1 -1 -1 -1 -1 1 1 -1 -1 1 3 1 -1 -1 -1 -1 -1 
-1 -1 1 1 -1 -1 -1 1 -1 1 -1 -1 3 -1 1 1 -1 -1 -1 -1 
-1 1 -1 -1 -1 -1 -1 -1 1 -1 -1 -1 -1 1 1 1 -1 1 1 1 
-1 -1 -1 -1 -1 -1 -1 -1 1 -1 1 -1 1 1 1 1 1 1 1 1 
1 -1 -1 -1 -1 -1 -1 -1 -1 1 1 -1 1 1 1 1 1 1 1 1 
-1 1 -1 3 -1 -1 -1 -1 1 1 1 -1 -1 1 1 1 1 1 1 1 
1 -1 3 -1 3 -1 -1 -1 -1 -1 1 -1 -1 1 1 1 1 1 1 1 
1 3 3 -1 3 -1 -1 -1 1 1 1 -1 -1 -1 -1 -1 1 -1 1 1 
-1 -1 -1 -1 -1 -1 -1 -1 1 1 1 -1 -1 -1 -1 -1 1 1 1 1 
-1 -1 -1 -1 -1 -1 -1 1 1 1 -1 1 -1 -1 -1 -1 -1 -1 -1 -1 
-1 -1 -1 -1 -1 -1 -1 1 1 -1 -1 -1 -1 -1 -1 -1 -1 -1 -1 -1 
1 1 -1 -1 -1 1 -1 -1 1 -1 -1 -1 -1 -1 1 -1 -1 -1 1 -1 
-1 -1 -1 -1 1 -1 -1 -1 1 -1 -1 -1 -1 -1 -1 -1 -1 1 -1 -1 
1 -1 -1 -1 1 1 1 1 1 -1 -1 -1 -1 -1 -1 -1 -1 -1 -1 -1 
1 -1 -1 -1 -1 -1 1 1 1 -1 -1 -1 -1 -1 -1 -1 -1 -1 -1 1 
-1 -1 -1 1 -1 1 1 -1 -1 -1 -1 -1 -1 -1 -1 -1 -1 1 1 -1 
-1 1 1 -1 1 1 -1 -1 -1 -1 -1 -1 -1 -1 -1 -1 -1 1 -1 -1 
-1 -1 -1 -1 1 -1 -1 -1 -1 -1 -1 1 -1 -1 -1 -1 -1 -1 -1 -1 
-1 -1 -1 -1 -1 -1 -1 -1 -1 -1 1 -1 1 -1 -1 -1 -1 -1 -1 -1 
-1 -1 -1 -1 -1 -1 -1 -1 -1 -1 -1 -1 1 -1 1 -1 -1 -1 -1 -1 
-1 -1 -1 -1 -1 -1 -1 -1 -1 -1 -1 -1 -1 1 -1 -1 -1 -1 -1 -1 
1 1 -1 -1 -1 -1 -1 -1 -1 -1 -1 -1 -1 -1 -1 -1 -1 -1 -1 -1 
1 -1 -1 -1 -1 -1 -1 -1 -1 -1 1 -1 1 1 -1 -1 -1 -1 -1 1 
-1 -1 -1 -1 1 1 1 -1 -1 -1 1 -1 1 1 1 -1 1 1 -1 -1 
-1 -1 -1 -1 1 1 -1 -1 -1 -1 1 1 1 1 1 1 -1 -1 1 -1 
-1 1 -1 1 1 1 -1 -1 -1 -1 1 1 1 1 1 1 -1 1 1 1 
1 1 -1 1 1 1 -1 -1 -1 1 1 1 1 -1 1 1 1 1 1 -1 
1 1 -1 1 1 1 1 -1 1 1 1 1 1 -1 -1 1 1 1 1 1 
-1 1 -1 1 1 1 -1 -1 -1 1 -1 1 -1 -1 -1 -1 1 1 1 1 
1 1 1 -1 1 -1 1 -1 1 1 -1 -1 -1 -1 -1 -1 1 -1 -1 1 
1 1 -1 1 1 1 -1 1 1 1 -1 -1 -1 -1 -1 1 -1 -1 -1 -1 
-1 -1 1 1 1 -1 -1 -1 1 1 -1 -1 -1 -1 -1 -1 1 -1 -1 -1 
1 -1 -1 -1 -1 -1 -1 -1 -1 -1 -1 -1 -1 -1 -1 -1 -1 1 1 -1 
-1 -1 -1 -1 -1 -1 -1 -1 -1 -1 -1 -1 -1 -1 -1 -1 1 1 1 -1 
1 1 1 -1 -1 -1 -1 -1 -1 -1 -1 -1 -1 -1 -1 1 1 1 -1 1 
1 1 -1 -1 1 -1 -1 -1 -1 -1 -1 -1 -1 -1 1 1 1 -1 1 -1 
1 1 1 -1 -1 1 -1 -1 -1 -1 -1 -1 -1 1 -1 1 1 -1 -1 1 
1 1 1 1 -1 -1 -1 -1 -1 1 1 -1 -1 1 1 -1 1 -1 1 -1 
1 -1 1 -1 1 -1 1 -1 -1 -1 1 1 1 1 -1 1 -1 -1 -1 -1 
-1 -1 -1 1 1 -1 -1 -1 -1 -1 1 1 1 1 1 1 -1 -1 1 -1 
-1 -1 -1 -1 1 1 -1 -1 -1 -1 1 -1 1 1 1 1 1 -1 -1 -1 
-1 1 -1 -1 1 -1 -1 1 1 1 -1 1 -1 1 1 1 -1 1 -1 -1 
-1 1 1 1 1 -1 1 -1 -1 -1 1 1 1 1 1 1 1 1 1 -1 
-1 -1 1 1 -1 -1 -1 1 -1 1 1 -1 1 1 1 -1 -1 -1 -1 1 
1 -1 1 -1 -1 -1 -1 1 1 1 1 1 1 -1 -1 -1 -1 -1 -1 -1 
-1 -1 -1 1 -1 -1 1 1 1 1 1 1 1 -1 -1 -1 -1 -1 -1 -1 
1 -1 1 1 1 1 1 1 1 -1 -1 1 -1 -1 -1 -1 -1 -1 -1 1 
1 1 1 1 1 1 1 1 -1 -1 -1 -1 -1 -1 -1 -1 -1 -1 -1 -1 
-1 -1 1 1 1 -1 1 1 -1 1 -1 -1 -1 -1 -1 1 1 -1 -1 -1 
-1 -1 1 1 -1 -1 -1 -1 -1 -1 -1 -1 1 1 1 1 1 1 -1 -1 
-1 -1 -1 1 -1 -1 -1 -1 -1 -1 -1 -1 -1 1 1 1 1 -1 1 -1 
-1 1 -1 -1 -1 -1 -1 -1 -1 -1 -1 -1 -1 -1 -1 -1 -1 1 1 1 
-1 -1 -1 1 1 -1 -1 -1 -1 -1 -1 -1 -1 -1 -1 -1 2 2 -1 1 
1 -1 -1 -1 -1 1 -1 -1 -1 -1 -1 -1 -1 -1 -1 -1 -1 -1 -1 -1 
-1 -1 -1 -1 1 1 1 -1 -1 -1 -1 -1 -1 -1 -1 -1 -1 -1 -1 -1 
-1 -1 -1 1 1 1 -1 -1 -1 -1 -1 -1 -1 -1 -1 -1 -1 -1 -1 -1 
-1 -1 -1 1 -1 -1 -1 -1 -1 -1 -1 -1 -1 -1 -1 -1 -1 -1 -1 -1 
-1 -1 -1 -1 -1 -1 -1 -1 -1 -1 -1 -1 -1 -1 -1 -1 -1 -1 -1 -1 
-1 -1 1 1 -1 -1 -1 -1 -1 -1 -1 -1 -1 -1 -1 -1 -1 -1 -1 -1 
-1 1 1 1 1 -1 -1 -1 -1 -1 1 1 -1 1 1 -1 -1 1 -1 -1 
1 1 1 1 -1 -1 1 1 1 1 -1 1 1 -1 -1 -1 1 1 -1 1 
1 -1 1 -1 -1 -1 -1 1 1 -1 -1 1 -1 -1 -1 -1 -1 1 1 1 
-1 1 -1 -1 1 1 1 -1 -1 -1 1 -1 -1 -1 -1 1 -1 1 1 1 
-1 -1 1 1 1 -1 -1 1 1 1 1 -1 -1 1 1 -1 -1 -1 1 -1 
-1 -1 1 2 1 2 1 1 1 1 -1 1 1 1 1 -1 1 1 1 -1 
-1 -1 -1 2 2 2 1 -1 1 -1 -1 1 1 -1 1 -1 1 -1 -1 -1 
-1 -1 -1 2 2 2 2 1 1 1 1 -1 1 1 -1 1 1 1 -1 -1 
-1 -1 -1 2 2 2 2 1 -1 -1 -1 -1 1 1 1 -1 -1 -1 1 -1 
-1 -1 -1 -1 2 -1 1 1 -1 -1 -1 -1 -1 1 1 1 1 1 1 -1 
-1 1 -1 -1 -1 -1 -1 1 -1 -1 -1 -1 -1 1 1 -1 -1 1 -1 -1 
1 -1 -1 -1 -1 -1 -1 -1 -1 -1 -1 -1 1 -1 1 -1 -1 1 -1 1 
1 -1 -1 -1 -1 1 -1 -1 -1 -1 -1 -1 -1 -1 -1 1 2 -1 1 -1 
-1 -1 -1 -1 -1 1 1 1 1 1 1 1 1 -1 1 1 -1 -1 -1 -1 
-1 -1 1 1 -1 -1 1 1 -1 1 1 1 -1 1 -1 -1 -1 -1 -1 -1 
-1 -1 -1 -1 -1 -1 1 -1 1 -1 1 -1 -1 1 1 -1 -1 -1 -1 -1 
-1 -1 -1 1 1 -1 -1 -1 1 -1 -1 1 -1 1 1 -1 -1 -1 -1 -1 
1 -1 -1 1 1 -1 -1 -1 -1 -1 -1 -1 -1 -1 -1 -1 -1 -1 -1 -1 
1 1 1 1 -1 1 1 -1 -1 -1 -1 -1 -1 -1 -1 -1 -1 -1 -1 1 
-1 -1 -1 1 -1 1 -1 -1 -1 -1 -1 -1 -1 -1 -1 -1 -1 -1 -1 1 
1 -1 -1 1 -1 -1 -1 -1 -1 1 -1 -1 -1 -1 -1 -1 -1 -1 -1 -1 
-1 -1 1 -1 -1 -1 -1 -1 -1 -1 -1 -1 -1 -1 -1 -1 -1 -1 -1 1 
-1 1 1 1 -1 -1 -1 -1 -1 -1 -1 -1 -1 -1 1 -1 -1 -1 -1 1 
1 1 1 1 1 -1 -1 -1 -1 -1 -1 -1 -1 -1 1 -1 -1 -1 1 1 
-1 -1 1 1 -1 -1 -1 -1 -1 -1 -1 -1 1 1 -1 1 1 -1 1 1 
-1 1 1 1 -1 -1 -1 -1 -1 -1 -1 1 1 -1 -1 1 1 -1 1 -1 
-1 -1 1 1 -1 -1 -1 -1 -1 -1 -1 -1 1 1 1 1 1 1 -1 1 
-1 -1 -1 1 1 -1 -1 -1 -1 1 -1 -1 1 1 -1 -1 -1 -1 1 -1 
-1 -1 -1 1 1 1 1 -1 -1 1 1 -1 1 1 1 -1 -1 -1 -1 1 
-1 1 1 -1 1 1 1 -1 -1 1 -1 1 1 1 1 1 -1 1 -1 -1 
1 2 -1 1 -1 1 1 -1 -1 -1 -1 1 -1 1 -1 1 -1 1 1 -1 
-1 1 1 1 -1 -1 1 1 1 1 1 -1 -1 1 -1 -1 -1 1 1 1 
1 -1 1 -1 1 1 1 1 1 -1 -1 1 1 1 1 1 1 1 1 -1 
-1 1 -1 1 1 1 -1 1 1 -1 1 1 1 -1 -1 -1 -1 -1 -1 -1 
-1 -1 -1 1 1 1 1 -1 -1 1 1 -1 -1 -1 -1 -1 -1 -1 -1 -1 
-1 -1 1 -1 1 -1 -1 -1 -1 -1 1 1 1 1 1 -1 -1 -1 -1 -1 
-1 -1 1 -1 -1 -1 -1 -1 -1 -1 -1 -1 1 1 -1 -1 -1 -1 -1 -1 
-1 -1 -1 -1 1 -1 -1 -1 -1 1 -1 -1 1 -1 1 -1 -1 -1 -1 -1 
-1 -1 1 1 1 -1 1 -1 2 1 -1 -1 -1 -1 1 -1 -1 -1 -1 -1 
-1 -1 -1 -1 -1 1 1 -1 2 -1 2 -1 -1 -1 -1 -1 -1 -1 -1 -1 
-1 1 1 -1 -1 -1 -1 -1 2 2 2 -1 -1 -1 -1 -1 -1 -1 -1 -1 
-1 -1 -1 1 -1 -1 -1 -1 2 2 2 2 2 -1 2 2 -1 -1 1 -1 
-1 -1 -1 1 1 -1 -1 -1 2 2 -1 2 2 2 2 -1 -1 -1 1 1 
-1 -1 1 1 1 1 1 -1 2 -1 2 2 2 2 -1 2 2 2 -1 -1 
-1 -1 -1 -1 1 -1 1 1 -1 -1 -1 1 2 -1 2 2 2 2 -1 -1 
-1 -1 -1 -1 -1 -1 -1 -1 -1 -1 -1 2 1 2 2 2 2 2 -1 -1 
-1 -1 -1 -1 -1 -1 -1 -1 -1 -1 -1 -1 2 -1 2 -1 2 -1 -1 -1 
1 -1 -1 -1 -1 -1 1 1 -1 -1 -1 -1 -1 -1 -1 -1 -1 -1 -1 1 
1 -1 1 1 -1 1 -1 -1 -1 -1 -1 -1 -1 -1 -1 -1 1 -1 1 1 
1 -1 1 1 1 -1 -1 -1 1 1 -1 -1 -1 -1 -1 -1 -1 -1 1 1 
-1 -1 1 1 1 1 1 -1 1 1 -1 -1 -1 -1 -1 -1 -1 -1 1 -1 
1 1 1 1 -1 1 -1 1 1 1 -1 -1 -1 -1 -1 -1 -1 -1 1 1 
-1 1 -1 -1 -1 1 1 1 1 1 -1 -1 -1 -1 -1 -1 -1 -1 -1 1 
-1 -1 -1 -1 -1 -1 -1 -1 -1 -1 -1 -1 1 -1 1 1 -1 1 1 1 
-1 -1 -1 -1 -1 -1 -1 -1 -1 -1 -1 1 1 1 1 1 1 1 1 -1 
-1 2 -1 -1 -1 -1 -1 -1 -1 -1 1 1 1 -1 1 -1 1 1 1 -1 
-1 -1 2 -1 -1 -1 -1 -1 -1 1 -1 -1 -1 -1 -1 -1 -1 1 -1 -1 
-1 -1 -1 -1 -1 -1 -1 -1 1 -1 -1 -1 -1 -1 1 1 -1 1 -1 -1 
-1 -1 -1 -1 -1 -1 -1 -1 -1 -1 -1 -1 -1 -1 -1 -1 1 1 -1 -1 
-1 -1 -1 -1 -1 -1 -1 -1 -1 -1 -1 -1 -1 1 -1 -1 1 1 1 -1 
-1 -1 -1 -1 1 -1 -1 -1 -1 -1 -1 -1 -1 -1 -1 1 1 1 -1 -1 
-1 -1 -1 1 -1 -1 -1 -1 -1 -1 -1 -1 -1 -1 1 -1 -1 -1 1 -1 
1 1 -1 -1 1 -1 -1 1 -1 1 -1 -1 -1 -1 1 -1 -1 -1 -1 -1 
1 1 -1 1 -1 -1 1 -1 -1 -1 -1 1 1 1 -1 -1 -1 1 1 1 
-1 -1 1 -1 -1 -1 -1 -1 -1 1 1 1 1 -1 -1 -1 -1 -1 1 1 
-1 -1 -1 -1 -1 -1 -1 -1 -1 -1 1 1 -1 -1 -1 -1 1 -1 -1 -1 
-1 -1 1 -1 -1 -1 -1 -1 -1 -1 -1 -1 -1 -1 -1 -1 1 -1 -1 -1 
-1 -1 -1 -1 -1 -1 -1 1 1 -1 -1 1 -1 1 -1 1 -1 -1 -1 -1 
1 -1 -1 -1 -1 -1 -1 1 -1 1 1 -1 1 -1 -1 -1 1 -1 -1 1 
1 1 -1 -1 -1 -1 -1 1 1 1 1 -1 1 -1 -1 -1 1 1 1 -1 
-1 1 -1 -1 -1 -1 -1 -1 -1 -1 1 -1 -1 -1 -1 -1 1 1 1 1 
1 -1 -1 -1 -1 -1 -1 -1 -1 -1 1 1 -1 -1 -1 1 1 -1 -1 -1 
1 -1 -1 -1 -1 -1 -1 -1 -1 -1 -1 -1 -1 -1 1 1 1 -1 -1 1 
2 2 2 2 2 2 2 1 3 3 2 2 1 1 1 1 1 2 1 -1 
2 1 -1 -1 2 2 3 3 3 3 2 2 1 1 1 1 1 2 1 2 
1 1 -1 -1 2 2 3 3 2 6 2 1 1 1 1 1 1 1 1 1 
1 1 1 3 1 1 -1 2 2 3 1 -1 -1 -1 -1 1 1 1 1 2 
1 1 3 2 2 1 2 9 3 3 -1 -1 -1 -1 -1 -1 1 -1 -1 1 
1 1 1 2 2 2 1 3 3 -1 -1 -1 -1 -1 -1 -1 1 1 1 -1 
1 1 1 -1 1 2 1 -1 3 3 3 1 -1 -1 -1 -1 1 1 1 1 
1 1 1 1 1 1 -1 -1 -1 2 2 2 1 1 1 1 1 1 1 1 
1 1 1 -1 1 -1 -1 -1 -1 2 2 2 -1 -1 -1 1 1 -1 -1 1 
1 1 1 1 1 1 1 1 2 1 2 2 -1 -1 -1 -1 -1 -1 1 1 
1 1 -1 1 1 1 2 2 -1 2 1 2 -1 -1 -1 -1 -1 1 -1 1 
2 2 1 1 1 1 1 2 2 -1 -1 2 -1 -1 -1 -1 -1 1 1 1 
1 2 1 2 1 1 2 2 2 2 2 -1 -1 -1 -1 -1 -1 -1 1 1 
2 2 2 2 -1 1 1 2 2 2 -1 -1 -1 -1 -1 -1 -1 -1 2 1 
2 2 2 2 2 2 2 2 -1 2 -1 2 2 -1 -1 -1 3 2 -1 2 
2 2 2 2 -1 -1 2 2 -1 2 2 2 2 1 1 3 2 1 1 2 
2 2 -1 -1 -1 -1 1 2 -1 2 2 2 2 1 1 1 1 2 1 1 
2 2 -1 -1 1 1 -1 -1 -1 -1 -1 2 1 1 1 1 1 2 2 2 
2 2 2 1 -1 -1 -1 -1 1 -1 3 3 1 1 1 1 2 2 2 2 
2 2 2 -1 -1 1 3 1 3 2 2 -1 1 1 1 1 1 2 2 2 
2 2 2 1 2 2 -1 -1 3 2 2 2 1 1 1 2 2 2 2 2 
2 2 2 2 2 2 -1 3 2 2 -1 2 1 1 1 1 2 2 1 2 
2 -1 2 2 2 2 2 2 2 2 2 2 2 1 1 1 2 1 2 2 
2 2 2 2 2 2 2 2 1 1 1 3 1 1 2 2 2 2 2 2 
2 2 2 2 2 1 1 2 2 2 3 1 1 1 1 2 2 2 2 2 
2 2 2 -1 2 2 2 2 2 2 2 1 3 1 2 2 2 2 2 2 
2 2 2 2 2 2 2 2 2 2 2 1 1 2 2 -1 1 2 2 2 
2 1 2 2 2 2 2 2 2 2 2 2 2 1 2 1 1 2 2 2 
1 1 1 1 2 2 2 2 2 2 2 2 2 1 1 1 2 2 2 2 
1 1 1 2 2 2 2 2 2 2 2 2 1 1 1 1 2 2 2 1 
1 1 2 2 2 2 2 2 2 1 -1 1 -1 1 1 -1 2 2 2 2 
-1 3 -1 2 2 2 2 2 2 1 2 -1 1 1 1 -1 1 2 -1 2 
-1 3 2 2 2 2 2 -1 2 2 2 2 1 2 2 1 1 -1 2 -1 
-1 -1 -1 1 2 2 2 2 -1 -1 2 2 1 -1 1 -1 -1 2 2 -1 
1 1 1 -1 -1 1 -1 -1 2 2 2 2 1 1 -1 -1 1 1 1 1 
2 2 1 -1 -1 -1 -1 6 2 2 2 2 1 -1 -1 -1 -1 -1 1 1 
2 2 1 -1 -1 -1 -1 -1 -1 3 3 1 1 1 -1 -1 2 2 2 2 
2 1 2 2 -1 3 -1 -1 -1 3 3 3 1 1 1 2 -1 2 2 2 
2 2 2 2 2 -1 3 -1 2 2 3 -1 1 1 1 1 2 2 2 2 
2 2 2 2 2 2 -1 3 2 2 2 1 1 1 1 1 -1 2 2 2 
2 2 1 1 1 2 2 -1 2 2 2 2 2 2 2 2 2 2 2 2 
-1 2 2 -1 2 2 2 2 2 1 2 2 2 2 2 2 2 -1 2 2 
2 2 3 3 -1 2 2 2 2 1 1 2 2 2 2 2 2 2 2 2 
2 2 2 2 -1 2 2 2 1 2 2 1 2 2 2 2 2 2 2 2 
-1 2 2 -1 2 2 2 1 2 2 2 2 1 2 2 2 2 2 2 2 
2 -1 3 3 2 2 1 1 1 1 2 2 2 2 2 2 2 2 2 2 
2 2 2 2 1 2 1 1 2 2 2 2 2 2 2 2 2 2 2 2 
2 2 2 2 1 2 1 2 -1 2 2 2 2 2 2 2 2 2 2 2 
2 2 2 2 1 1 -1 2 2 2 2 2 2 2 2 2 2 2 2 2 
2 2 2 2 1 1 -1 2 2 2 2 2 2 2 2 2 2 6 2 2 
2 2 2 2 1 1 2 2 2 2 2 2 2 2 2 2 2 2 1 1 
2 2 2 1 1 1 1 2 2 -1 2 -1 2 2 2 2 1 1 1 1 
1 1 2 1 1 1 2 2 2 2 2 2 2 2 2 6 2 2 -1 1 
2 2 1 2 1 2 2 2 2 1 2 2 2 2 6 2 2 1 1 1 
2 2 2 2 1 2 2 2 1 2 2 2 2 2 2 2 2 6 1 1 
2 2 2 2 2 1 2 1 2 1 2 2 2 6 -1 2 2 2 2 2 
2 1 2 2 2 1 1 1 2 2 2 2 2 1 1 2 1 2 -1 2 
2 2 2 2 2 1 1 2 2 2 2 2 1 2 1 8 8 -1 2 2 
2 1 2 2 1 2 2 2 -1 2 2 2 6 2 1 1 8 2 2 2 
2 2 1 1 1 2 2 2 2 2 2 2 2 2 2 2 2 -1 2 2 
2 2 2 2 2 1 2 2 2 2 2 2 2 2 2 -1 2 2 -1 2 
2 2 2 2 -1 2 1 2 2 2 2 2 2 2 2 1 2 -1 2 -1 
2 2 2 2 2 2 2 2 2 2 2 -1 2 2 2 1 -1 2 2 2 
2 -1 2 2 2 2 2 2 2 2 2 2 2 2 2 2 2 1 2 2 
2 -1 2 2 2 2 2 2 2 2 -1 2 2 2 2 2 2 2 -1 2 
2 2 -1 2 2 2 2 2 2 2 2 2 2 2 2 2 2 1 2 2 
2 4 2 2 2 2 2 2 1 1 2 2 2 -1 2 2 2 2 1 40 
40 2 2 2 2 2 2 2 1 1 1 1 2 2 2 2 2 2 4 40 
2 2 2 2 2 2 2 2 1 1 2 2 2 2 2 2 2 4 2 40 
2 2 2 2 2 2 2 2 2 2 2 2 2 2 2 2 2 4 2 2 
2 2 2 2 2 2 2 8 2 2 2 2 2 2 2 2 2 2 4 2 
1 -1 2 2 2 2 2 2 2 2 2 2 2 2 2 2 2 2 2 2 
2 2 2 2 2 2 2 2 2 2 2 2 2 2 2 2 2 2 2 2 
2 2 2 2 2 2 2 2 2 2 2 2 2 3 2 2 2 2 2 2 
2 2 2 2 2 2 2 2 2 2 2 2 2 2 2 2 2 2 2 2 
2 2 2 2 2 2 2 2 2 2 2 2 2 2 2 2 2 2 2 2 
2 2 2 2 2 2 2 2 2 2 2 2 2 2 2 2 2 2 2 2 
2 2 2 2 2 2 2 -1 2 2 2 2 2 2 -1 2 2 2 2 2 
2 2 2 2 2 2 2 2 2 2 2 2 2 2 2 -1 2 2 2 2 
2 2 2 2 1 2 2 2 2 2 2 2 2 2 2 2 2 2 2 2 
2 2 2 2 2 2 1 2 2 2 2 2 2 2 2 2 2 2 2 2 
2 2 -1 2 -1 2 2 2 1 4 4 2 2 2 2 -1 2 2 4 2 
2 2 2 2 2 2 -1 2 4 1 2 2 4 4 4 6 4 4 2 2 
2 2 2 2 -1 2 2 2 2 4 4 4 2 2 6 4 2 4 2 2 
2 2 2 2 2 -1 2 2 2 4 4 4 2 2 2 2 2 2 2 2 
2 2 2 2 2 2 2 2 2 2 4 2 2 1 1 2 2 2 4 2 
4 2 2 2 2 2 2 2 2 4 2 2 2 2 1 2 4 2 2 2 
2 2 2 2 2 2 2 2 2 2 1 2 2 2 2 2 4 4 2 4 
4 2 2 2 2 2 2 2 2 2 2 1 1 2 2 2 2 2 2 2 
2 2 2 2 2 2 1 2 2 2 2 8 1 1 2 2 2 2 2 2 
2 2 2 -1 2 2 2 1 1 2 1 8 1 1 2 2 2 2 2 2 
1 2 2 2 2 2 2 2 2 2 1 1 -1 -1 -1 2 2 2 2 2 
2 2 2 2 2 2 2 2 2 2 1 1 -1 -1 2 2 2 1 1 1 
2 2 2 2 2 2 2 2 2 2 1 1 -1 -1 2 2 -1 1 1 1 
2 2 2 2 2 2 2 2 2 2 2 2 -1 2 2 -1 1 1 -1 1 
2 2 2 2 2 2 2 4 2 2 2 2 2 2 2 2 2 2 2 2 
2 2 -1 2 2 4 2 2 2 2 2 2 2 2 2 2 -1 2 1 2 
2 2 2 2 2 2 2 2 2 2 2 1 2 2 2 2 2 2 1 2 
2 2 2 2 2 2 2 1 2 2 1 2 2 2 2 2 2 2 2 2 
2 2 2 2 2 2 2 1 1 2 2 2 2 2 2 -1 2 2 2 -1 
1 2 1 2 2 2 2 4 2 2 1 1 1 2 2 2 1 2 2 1 
1 1 2 1 2 2 2 2 4 4 2 2 2 2 2 2 2 2 1 1 
1 1 2 1 2 2 2 2 2 4 2 2 2 2 2 2 2 1 1 1 
1 2 3 3 2 1 2 2 2 2 2 2 2 2 2 2 2 1 1 1 
2 2 2 2 2 2 1 1 1 2 2 2 2 -1 2 2 2 1 1 2 
2 2 -1 2 2 1 1 1 2 2 2 2 2 2 2 2 2 2 1 1 
2 2 2 2 2 2 2 2 2 2 2 2 2 2 2 2 2 2 2 1 
2 2 2 2 2 2 2 2 2 2 2 2 2 2 2 2 2 2 2 2 
2 2 2 2 2 2 2 2 1 2 2 2 2 2 2 2 2 2 2 2 
2 2 2 2 2 -1 1 1 1 1 1 2 2 2 2 2 2 2 2 2 
1 2 2 2 2 2 2 1 2 2 2 2 2 2 2 1 2 2 2 -1 
2 2 2 2 2 2 2 2 1 2 2 2 2 2 2 1 2 2 -1 2 
2 2 2 2 2 2 2 2 2 2 2 2 2 2 1 1 4 1 2 2 
2 1 1 2 2 2 -1 2 2 2 2 2 2 -1 2 4 4 2 2 8 
1 1 -1 -1 2 2 2 2 2 2 2 2 2 2 4 4 2 2 4 2 
1 1 1 1 -1 2 2 2 2 2 2 2 2 2 4 2 4 4 2 -1 
-1 -1 -1 -1 -1 -1 2 2 2 2 2 -1 2 4 2 2 2 2 1 1 
1 -1 -1 2 2 2 2 2 1 1 2 2 2 2 2 2 -1 2 1 1 
4 4 2 2 2 2 2 1 2 1 1 2 2 2 2 -1 2 2 2 2 
-1 2 2 2 2 2 4 4 1 2 1 1 2 2 2 2 2 2 2 2 
-1 -1 -1 2 2 2 2 2 2 2 2 2 2 2 -1 -1 -1 -1 2 -1 
-1 -1 -1 2 2 2 2 2 2 2 2 2 2 4 1 1 1 -1 1 1 
1 -1 -1 -1 2 2 2 2 2 2 2 2 2 4 1 1 1 1 1 1 
-1 -1 -1 1 2 2 -1 2 2 2 2 2 2 -1 4 2 1 -1 1 1 
-1 -1 1 1 2 -1 2 2 2 2 2 2 2 2 2 2 1 1 1 2 
2 1 2 1 2 2 2 2 2 2 2 2 -1 2 2 2 -1 2 2 2 
1 1 1 -1 -1 2 2 2 2 -1 2 2 2 2 2 2 2 2 2 2 
1 2 1 -1 2 -1 2 2 -1 2 2 2 2 2 2 -1 2 2 2 2 
2 2 2 -1 -1 2 2 -1 -1 2 2 2 2 2 -1 2 2 2 2 2 
2 2 2 2 2 2 2 2 2 2 2 2 2 -1 2 2 2 -1 2 2 
-1 2 1 2 -1 -1 2 2 2 2 2 2 2 2 -1 2 -1 2 2 1 
1 1 -1 -1 2 2 2 2 2 2 2 2 2 1 -1 2 2 -1 2 1 
1 1 1 -1 2 2 2 2 2 -1 2 2 2 -1 1 -1 -1 -1 -1 1 
1 -1 1 1 2 2 2 2 2 2 2 2 -1 1 1 1 1 -1 -1 -1 
-1 -1 -1 -1 -1 2 2 2 1 -1 1 1 1 1 -1 1 1 1 -1 1 
-1 -1 -1 -1 -1 2 2 2 1 1 1 1 1 1 1 -1 2 -1 1 1 
1 -1 -1 2 2 -1 2 2 2 1 1 1 1 2 1 1 1 1 1 1 
-1 -1 -1 2 2 2 2 2 2 2 1 1 1 1 2 1 1 2 2 -1 
-1 -1 -1 2 2 2 -1 2 2 2 2 4 1 1 1 1 -1 2 -1 2 
-1 -1 -1 -1 2 2 2 2 2 2 2 2 2 -1 -1 1 -1 -1 2 2 
-1 -1 -1 -1 -1 2 -1 -1 -1 2 2 2 2 2 -1 2 -1 -1 -1 2 
2 -1 2 2 2 2 2 -1 2 2 2 2 2 -1 -1 -1 2 1 1 -1 
2 2 2 2 2 2 2 2 2 2 2 2 2 2 -1 -1 2 2 1 1 
-1 -1 2 2 -1 2 2 2 2 2 -1 2 -1 2 2 1 2 2 2 1 
-1 1 1 -1 -1 1 1 -1 2 2 2 -1 -1 1 1 -1 -1 -1 2 1 
1 -1 1 -1 -1 1 -1 1 -1 -1 1 -1 -1 1 -1 -1 -1 1 1 2 
-1 -1 -1 1 -1 -1 -1 1 2 -1 -1 -1 -1 -1 -1 -1 -1 1 -1 -1 
-1 1 -1 -1 1 -1 2 2 2 2 -1 -1 -1 -1 -1 -1 -1 -1 1 -1 
2 -1 -1 1 2 2 2 2 2 -1 -1 -1 -1 -1 -1 -1 1 1 -1 -1 
2 2 2 2 2 2 1 1 2 2 2 -1 -1 -1 -1 -1 -1 1 1 -1 
2 2 2 2 2 2 2 1 2 2 -1 2 -1 1 -1 -1 -1 1 -1 1 
2 2 2 2 2 2 2 2 2 2 2 2 2 -1 1 -1 -1 1 2 2 
2 2 2 2 2 2 -1 2 2 2 -1 2 -1 -1 2 2 2 1 2 2 
2 2 2 2 2 2 2 -1 -1 -1 -1 -1 -1 2 2 2 -1 2 2 2 
2 2 2 2 -1 2 2 2 -1 2 -1 -1 -1 -1 2 2 2 -1 2 2 
2 2 2 2 2 -1 2 2 2 -1 2 -1 -1 2 2 2 2 2 1 1 
-1 2 -1 2 1 -1 -1 -1 2 -1 2 -1 -1 -1 -1 2 -1 2 1 2 
-1 -1 -1 -1 -1 -1 -1 -1 2 -1 2 2 -1 -1 2 -1 1 1 2 -1 
-1 -1 -1 -1 -1 -1 -1 -1 -1 2 2 2 2 -1 -1 -1 2 -1 2 2 
-1 -1 -1 -1 -1 -1 -1 -1 2 2 2 2 2 2 -1 -1 2 -1 2 -1 
2 2 2 2 2 2 2 2 -1 1 2 1 1 -1 1 2 -1 2 2 2 
2 2 2 2 2 -1 -1 -1 -1 1 -1 2 1 1 1 1 -1 -1 2 2 
-1 -1 2 2 2 1 2 1 1 1 1 -1 -1 1 1 1 -1 1 2 2 
-1 1 1 2 1 2 2 -1 -1 -1 1 1 1 1 1 1 1 1 1 2 
2 1 1 1 1 2 -1 2 -1 1 1 1 1 -1 1 -1 1 1 -1 1 
-1 -1 -1 -1 1 2 -1 -1 -1 -1 1 1 1 1 -1 -1 1 1 -1 1 
1 -1 -1 1 -1 -1 2 -1 1 1 -1 1 1 1 1 -1 -1 -1 1 -1 
2 1 1 -1 -1 2 -1 2 1 2 2 2 1 1 1 1 -1 -1 -1 1 
1 2 1 1 1 1 -1 -1 2 2 2 -1 -1 1 1 1 -1 1 1 1 
1 1 1 2 1 1 -1 2 2 2 2 2 -1 -1 1 -1 1 1 1 1 
2 2 2 2 2 2 -1 -1 1 2 -1 -1 1 1 -1 -1 1 1 -1 1 
1 1 1 2 -1 1 1 1 1 1 2 -1 1 1 1 1 1 -1 2 2 
2 -1 2 2 1 1 2 2 1 -1 -1 2 1 1 1 -1 -1 -1 2 2 
2 2 2 2 2 2 2 2 2 2 -1 -1 1 -1 1 -1 -1 2 2 2 
2 2 2 2 2 2 1 -1 2 2 2 -1 -1 -1 -1 -1 -1 2 -1 2 
2 1 1 2 2 1 2 2 2 2 -1 -1 -1 -1 -1 -1 -1 -1 2 2 
1 1 2 2 2 -1 2 2 2 -1 -1 -1 -1 -1 -1 1 1 1 1 -1 
1 2 2 2 2 2 1 2 2 -1 -1 1 -1 -1 1 -1 1 2 1 -1 
-1 2 2 2 2 2 -1 2 2 -1 1 1 -1 -1 -1 2 2 -1 2 1 
2 2 2 2 2 -1 2 2 -1 -1 1 -1 -1 -1 -1 -1 2 2 2 2 
2 2 2 2 2 1 1 -1 -1 -1 -1 -1 -1 -1 -1 3 3 3 -1 -1 
1 2 2 2 2 2 -1 1 2 1 2 -1 -1 3 3 3 3 3 5 3 
1 -1 -1 2 2 -1 2 2 2 -1 1 -1 3 1 3 1 1 3 5 1 
1 1 2 2 2 -1 -1 2 2 2 2 -1 1 3 1 1 1 -1 3 1 
1 1 2 2 2 -1 2 2 2 2 -1 2 -1 3 1 1 1 1 3 3 
1 1 -1 2 -1 2 2 2 2 -1 -1 -1 2 -1 -1 -1 -1 -1 -1 -1 
1 -1 1 1 -1 1 2 2 2 -1 -1 1 -1 -1 -1 -1 -1 1 1 1 
1 -1 -1 1 1 1 1 2 1 2 1 1 -1 -1 1 -1 1 1 1 1 
1 -1 1 1 1 -1 1 1 -1 1 -1 -1 -1 1 -1 -1 -1 1 1 -1 
1 -1 -1 -1 -1 -1 -1 1 1 1 1 1 -1 -1 -1 -1 -1 -1 1 -1 
-1 -1 -1 -1 -1 1 -1 -1 -1 1 1 1 1 -1 -1 -1 -1 -1 -1 1 
1 -1 -1 1 -1 1 1 1 -1 1 1 1 -1 -1 1 -1 -1 -1 -1 -1 
-1 -1 1 2 1 1 1 1 1 1 1 1 -1 -1 -1 1 -1 -1 -1 -1 
-1 2 2 -1 1 -1 1 1 1 1 1 1 1 1 1 -1 -1 -1 -1 -1 
-1 -1 2 2 1 1 1 1 1 1 1 1 1 1 1 1 -1 -1 -1 -1 
-1 2 -1 1 1 1 2 2 1 1 1 1 -1 1 1 1 -1 -1 -1 -1 
-1 -1 -1 1 1 1 1 2 1 1 1 1 -1 1 -1 1 -1 -1 -1 -1 
-1 -1 -1 -1 2 1 1 1 1 1 1 1 1 -1 1 1 -1 -1 -1 -1 
-1 -1 -1 2 -1 1 1 1 1 -1 -1 -1 -1 -1 1 -1 -1 -1 -1 -1 
2 -1 2 2 1 1 1 -1 -1 -1 -1 -1 -1 -1 -1 3 3 -1 -1 -1 
1 1 2 2 2 -1 1 2 -1 -1 2 5 1 1 1 1 1 -1 1 1 
1 1 2 2 2 2 2 1 2 -1 2 2 2 -1 -1 1 -1 -1 1 -1 
1 2 1 2 1 2 2 2 2 2 2 2 -1 -1 -1 -1 -1 -1 1 1 
1 2 2 2 2 2 -1 -1 2 2 2 2 2 -1 2 -1 -1 -1 -1 -1 
-1 1 2 1 1 2 2 2 2 2 2 2 2 2 -1 -1 -1 -1 -1 1 
1 2 2 -1 2 2 2 2 2 2 2 2 2 2 -1 -1 -1 -1 -1 2 
2 2 2 1 -1 2 2 -1 2 2 2 2 2 2 2 -1 1 1 -1 2 
2 2 2 -1 -1 -1 -1 2 2 2 2 2 -1 2 2 2 1 1 -1 1 
2 2 -1 -1 -1 -1 -1 -1 2 2 2 -1 2 2 1 2 2 -1 -1 -1 
-1 2 2 -1 -1 -1 -1 2 -1 2 -1 -1 2 2 2 2 2 2 3 -1 
-1 -1 2 1 -1 -1 2 2 2 2 -1 -1 2 2 2 3 3 1 3 3 
1 2 -1 -1 1 1 1 2 2 2 -1 2 -1 -1 -1 3 3 3 1 1 
1 -1 -1 2 1 2 -1 1 2 1 2 1 2 1 -1 3 3 3 1 1 
1 1 -1 1 2 -1 2 2 1 1 1 1 1 2 1 3 3 3 3 1 
1 2 2 2 2 2 2 1 1 1 1 1 1 1 1 1 1 -1 1 1 
-1 2 2 -1 2 2 2 2 2 1 1 2 1 1 1 -1 1 -1 2 2 
1 2 2 -1 -1 2 2 2 1 1 1 1 1 1 1 1 1 1 1 1 
1 1 2 2 2 2 2 2 -1 -1 1 2 1 1 1 1 1 1 1 -1 
-1 -1 1 2 2 2 2 2 -1 -1 -1 1 5 -1 -1 1 1 1 1 1 
-1 1 1 1 -1 2 2 2 2 -1 -1 2 5 -1 1 1 1 1 1 1 
1 1 3 2 1 2 -1 -1 2 -1 2 -1 2 -1 1 -1 1 1 1 1 
1 1 1 3 1 -1 1 1 1 2 -1 3 1 2 1 1 1 1 1 1 
1 1 1 1 1 1 1 2 2 3 3 1 -1 2 1 1 1 1 1 1 
2 1 1 1 1 2 2 2 -1 1 2 -1 -1 -1 2 1 1 -1 2 2 
2 2 1 1 1 1 2 1 1 1 2 2 -1 2 2 1 1 1 1 2 
1 -1 2 2 2 2 2 1 1 1 1 -1 2 2 2 2 1 1 2 2 
1 -1 -1 2 2 2 2 1 1 1 1 1 1 -1 1 -1 1 1 2 1 
1 1 1 2 2 2 2 1 1 1 1 1 1 1 2 -1 1 1 2 1 
2 1 -1 -1 2 2 2 1 1 2 1 1 1 2 2 -1 1 2 2 2 
1 2 -1 -1 2 2 2 2 2 1 1 1 1 1 -1 -1 -1 1 2 2 
2 -1 -1 -1 2 2 2 -1 2 2 2 1 2 1 -1 -1 -1 -1 1 1 
-1 -1 -1 -1 2 2 2 2 2 2 2 2 2 2 2 2 2 2 -1 1 
2 -1 -1 -1 -1 2 2 2 2 -1 2 2 2 2 2 2 -1 1 1 2 
2 2 -1 -1 2 2 2 2 2 -1 2 -1 2 2 2 2 2 2 2 1 
2 2 2 2 2 2 2 2 2 2 2 2 2 2 2 2 2 1 -1 2 
2 2 2 2 2 2 2 2 -1 -1 2 2 2 2 2 2 2 2 2 -1 
-1 -1 2 3 -1 2 2 2 -1 2 2 2 2 2 2 2 2 2 2 2 
1 2 3 3 1 1 1 1 2 2 2 2 2 2 2 2 2 2 2 2 
2 3 3 3 3 1 1 2 2 2 2 2 -1 2 2 2 2 2 2 1 
2 1 3 3 1 2 2 3 2 2 2 2 2 1 1 2 2 1 2 1 
-1 2 2 2 2 2 2 1 2 2 -1 2 2 2 2 2 -1 2 -1 -1 
-1 1 -1 2 2 2 2 1 -1 -1 2 2 2 2 -1 -1 -1 -1 2 -1 
1 -1 -1 2 2 -1 1 1 1 -1 -1 2 1 1 2 1 1 1 -1 1 
1 1 1 2 2 2 2 2 2 2 -1 2 1 1 2 2 1 1 1 1 
1 -1 1 -1 3 2 2 2 2 2 -1 2 2 1 1 2 1 2 1 1 
2 2 2 1 2 2 2 2 2 2 2 2 1 -1 1 1 1 1 1 2 
2 2 2 1 -1 2 2 2 2 2 2 2 2 2 -1 1 1 2 1 2 
-1 2 1 1 1 2 2 2 2 2 2 2 2 -1 -1 -1 1 1 2 2 
-1 1 1 1 1 1 2 2 2 2 2 2 2 2 -1 -1 1 1 2 2 
1 1 1 1 1 -1 1 2 2 2 2 2 2 -1 -1 1 1 2 2 1 
1 1 1 1 1 1 1 2 1 2 3 -1 -1 1 1 -1 -1 2 1 1 
-1 1 3 1 2 2 1 -1 2 2 3 -1 -1 -1 -1 1 -1 -1 -1 -1 
2 2 -1 3 2 1 2 1 2 2 2 2 -1 -1 1 1 2 1 1 1 
1 2 1 -1 3 2 2 2 1 1 2 -1 2 -1 1 1 1 1 1 1 
1 2 1 2 2 2 2 2 2 -1 2 2 2 -1 1 1 1 1 -1 -1 
2 1 2 1 1 2 2 2 2 1 -1 -1 1 1 1 1 -1 1 -1 -1 
-1 -1 2 2 2 2 2 2 2 1 1 1 1 1 -1 -1 1 -1 -1 2 
2 2 2 2 2 2 -1 2 2 2 1 -1 -1 -1 1 1 -1 -1 -1 -1 
2 2 2 -1 2 2 2 2 2 2 2 2 2 -1 -1 2 1 -1 -1 -1 
-1 2 -1 2 2 2 2 2 2 2 2 2 2 2 -1 2 -1 -1 -1 -1 
-1 2 -1 -1 -1 -1 -1 -1 -1 1 1 -1 -1 1 -1 1 1 -1 2 1 
-1 -1 -1 -1 -1 -1 -1 -1 -1 1 -1 1 1 -1 1 1 1 2 -1 -1 
-1 2 -1 -1 -1 -1 -1 1 -1 -1 1 1 1 1 1 1 1 -1 -1 -1 
-1 -1 -1 1 -1 1 -1 -1 1 -1 -1 -1 -1 -1 1 1 -1 -1 1 1 
-1 -1 1 1 -1 1 -1 -1 -1 1 -1 -1 -1 -1 1 1 3 -1 1 1 
1 -1 1 1 1 1 1 -1 2 1 -1 -1 -1 1 1 1 1 3 -1 -1 
2 -1 -1 1 -1 1 1 -1 -1 -1 -1 -1 -1 -1 1 1 1 1 -1 2 
-1 -1 1 -1 -1 -1 -1 -1 1 1 1 1 -1 -1 1 1 1 2 2 2 
2 2 1 1 1 -1 -1 1 1 -1 -1 -1 2 2 2 1 2 2 2 2 
2 1 1 1 -1 -1 1 1 1 -1 -1 -1 -1 2 1 2 2 -1 -1 2 
2 2 1 2 2 1 1 -1 -1 -1 2 -1 1 1 -1 -1 2 -1 2 2 
2 2 1 1 -1 -1 -1 -1 -1 1 -1 2 1 -1 -1 2 -1 2 2 -1 
2 2 1 2 2 -1 -1 -1 -1 -1 2 1 1 2 2 2 -1 2 2 2 
1 1 1 -1 -1 -1 -1 -1 -1 -1 1 1 1 1 2 2 1 1 2 2 
-1 2 -1 -1 -1 -1 -1 -1 -1 1 1 1 1 1 2 -1 2 1 1 1 
2 2 2 -1 -1 -1 -1 -1 -1 -1 1 1 1 1 1 -1 1 1 -1 1 
-1 2 2 2 -1 -1 -1 -1 -1 -1 -1 -1 2 1 -1 1 1 1 1 -1 
-1 -1 2 2 -1 -1 -1 -1 -1 -1 -1 -1 2 -1 1 1 1 1 1 1 
-1 -1 -1 -1 -1 -1 -1 -1 -1 -1 1 -1 -1 1 -1 1 1 -1 1 -1 
2 -1 -1 -1 -1 -1 -1 -1 1 1 1 1 1 1 1 1 -1 -1 2 2 
-1 1 1 9 -1 -1 -1 -1 -1 -1 -1 -1 -1 -1 -1 -1 1 -1 1 1 
-1 9 1 -1 1 -1 -1 -1 -1 -1 1 -1 -1 -1 -1 -1 -1 1 -1 -1 
-1 -1 -1 1 1 -1 -1 -1 -1 1 -1 -1 -1 -1 -1 1 1 -1 -1 -1 
-1 -1 -1 -1 1 -1 1 1 1 1 -1 -1 -1 -1 -1 -1 -1 -1 -1 -1 
-1 -1 -1 -1 -1 -1 1 1 1 -1 -1 -1 -1 -1 -1 -1 -1 -1 -1 -1 
-1 -1 -1 -1 -1 1 -1 -1 -1 -1 -1 -1 -1 -1 -1 -1 -1 -1 -1 -1 
-1 -1 -1 -1 1 1 -1 -1 -1 -1 -1 -1 -1 -1 -1 -1 -1 -1 -1 -1 
1 -1 -1 1 1 1 1 1 -1 -1 -1 -1 -1 2 -1 -1 -1 -1 -1 -1 
-1 1 -1 1 1 1 -1 1 -1 -1 -1 -1 -1 2 -1 1 -1 -1 -1 1 
-1 -1 -1 1 -1 -1 -1 -1 -1 -1 -1 -1 -1 -1 1 1 1 1 1 1 
-1 -1 1 1 -1 -1 -1 -1 -1 -1 -1 -1 -1 1 -1 1 1 -1 1 -1 
3 -1 3 -1 -1 -1 -1 -1 -1 -1 -1 -1 -1 -1 1 1 -1 -1 1 -1 
1 1 3 1 -1 -1 -1 -1 -1 -1 -1 -1 -1 -1 1 1 1 1 -1 1 
-1 3 -1 3 -1 -1 -1 -1 1 -1 -1 -1 -1 -1 -1 8 1 -1 -1 3 
1 -1 3 3 -1 -1 -1 1 2 1 1 -1 -1 -1 -1 1 8 8 3 -1 
-1 8 2 1 1 -1 1 1 1 -1 -1 1 -1 -1 -1 -1 8 8 -1 8 
8 2 -1 -1 3 3 -1 -1 1 -1 -1 -1 -1 -1 -1 -1 -1 8 -1 8 
8 2 9 9 -1 -1 -1 -1 -1 -1 -1 -1 -1 -1 -1 -1 -1 -1 -1 -1 
8 1 3 9 9 -1 -1 -1 -1 -1 -1 -1 -1 -1 -1 -1 -1 -1 -1 8 
8 -1 -1 3 9 -1 -1 -1 -1 -1 -1 -1 -1 -1 -1 1 1 -1 -1 -1 
-1 -1 -1 1 -1 1 -1 -1 -1 -1 -1 -1 -1 -1 -1 -1 1 1 -1 -1 
-1 -1 -1 -1 -1 1 -1 -1 -1 -1 -1 -1 -1 1 1 -1 1 1 -1 -1 
-1 -1 -1 -1 1 1 1 -1 -1 -1 -1 -1 -1 1 1 -1 -1 -1 -1 -1 
-1 -1 1 1 -1 -1 -1 -1 -1 -1 -1 -1 1 -1 1 1 -1 -1 -1 -1 
-1 -1 -1 -1 -1 -1 -1 -1 -1 -1 -1 -1 1 1 1 1 1 -1 -1 -1 
-1 -1 -1 -1 -1 -1 -1 -1 -1 -1 -1 -1 -1 -1 -1 1 1 -1 -1 -1 
-1 -1 -1 -1 -1 -1 -1 -1 -1 -1 -1 -1 -1 -1 -1 -1 1 1 -1 -1 
-1 -1 1 -1 -1 -1 -1 -1 -1 -1 -1 -1 -1 -1 -1 -1 -1 -1 -1 -1 
-1 1 1 -1 -1 -1 -1 -1 -1 -1 -1 -1 -1 -1 -1 -1 -1 -1 -1 -1 
-1 -1 1 -1 -1 -1 -1 -1 -1 -1 -1 1 -1 -1 -1 -1 -1 -1 -1 -1 
-1 -1 -1 -1 -1 -1 -1 -1 -1 -1 -1 -1 1 1 1 1 -1 -1 -1 -1 
-1 -1 -1 -1 -1 -1 -1 -1 -1 -1 -1 1 1 1 1 -1 -1 -1 -1 -1 
-1 -1 1 -1 -1 -1 -1 -1 -1 -1 -1 1 1 -1 -1 -1 1 -1 -1 -1 
1 1 -1 -1 -1 3 -1 -1 -1 -1 1 1 1 -1 -1 -1 -1 -1 -1 -1 
-1 -1 -1 -1 -1 -1 -1 -1 -1 -1 -1 -1 -1 -1 -1 -1 -1 -1 -1 -1 
-1 -1 -1 -1 -1 -1 -1 -1 -1 -1 -1 -1 -1 -1 -1 -1 -1 -1 -1 -1 
-1 -1 -1 -1 -1 -1 -1 -1 -1 -1 -1 -1 -1 -1 -1 -1 -1 -1 -1 -1 
-1 -1 -1 -1 -1 -1 -1 -1 -1 -1 -1 -1 -1 -1 -1 -1 -1 -1 -1 -1 
-1 -1 -1 -1 -1 -1 -1 -1 -1 -1 -1 -1 -1 -1 -1 -1 -1 -1 -1 -1 
-1 -1 1 -1 -1 -1 -1 -1 -1 -1 -1 -1 -1 -1 -1 -1 -1 -1 -1 -1 
-1 -1 -1 -1 -1 -1 1 1 1 -1 -1 -1 -1 -1 -1 -1 -1 -1 1 1 
-1 -1 -1 -1 1 1 -1 1 1 -1 -1 -1 -1 -1 -1 -1 -1 -1 1 1 
1 -1 -1 -1 -1 1 1 1 -1 1 -1 -1 -1 -1 -1 -1 -1 -1 -1 -1 
-1 -1 -1 1 1 -1 1 1 -1 1 -1 -1 -1 -1 -1 -1 -1 -1 -1 1 
-1 -1 -1 1 1 1 1 1 1 -1 -1 -1 -1 -1 -1 -1 -1 -1 -1 -1 
-1 -1 -1 1 1 1 1 1 1 -1 -1 -1 -1 -1 -1 -1 -1 -1 -1 -1 
-1 -1 1 1 1 1 1 1 1 1 1 -1 -1 -1 -1 -1 -1 -1 -1 -1 
-1 -1 -1 -1 1 1 1 1 1 -1 1 -1 -1 -1 -1 -1 -1 -1 -1 -1 
-1 -1 -1 -1 1 1 1 1 1 1 -1 -1 -1 -1 -1 -1 -1 -1 -1 -1 
-1 -1 -1 -1 1 1 -1 1 1 1 -1 -1 -1 -1 -1 -1 -1 1 1 -1 
-1 -1 -1 -1 -1 1 -1 1 1 1 -1 -1 -1 -1 -1 -1 -1 -1 1 1 
-1 -1 -1 -1 -1 -1 1 -1 -1 -1 -1 -1 -1 -1 -1 -1 -1 -1 1 1 
-1 -1 -1 -1 -1 -1 -1 -1 -1 -1 -1 -1 -1 -1 -1 -1 -1 -1 1 1 
-1 -1 -1 -1 -1 -1 -1 -1 -1 -1 -1 -1 -1 -1 -1 -1 -1 -1 -1 -1 
-1 -1 -1 -1 -1 -1 -1 -1 -1 -1 -1 -1 -1 -1 -1 -1 -1 -1 -1 -1 
-1 -1 -1 -1 -1 -1 -1 -1 -1 -1 -1 -1 -1 -1 -1 -1 -1 -1 -1 -1 
-1 -1 -1 -1 -1 1 -1 -1 -1 -1 -1 -1 -1 -1 -1 -1 -1 -1 -1 -1 
1 1 -1 -1 1 1 -1 1 -1 -1 -1 -1 -1 -1 -1 -1 -1 -1 -1 -1 
1 -1 -1 -1 -1 1 1 1 -1 -1 -1 -1 -1 -1 -1 -1 -1 -1 -1 -1 
1 -1 -1 -1 -1 1 1 1 -1 -1 -1 -1 -1 -1 -1 -1 -1 -1 1 -1 
-1 -1 1 1 1 -1 -1 -1 -1 1 1 1 -1 -1 -1 1 -1 -1 -1 1 
1 1 1 1 -1 -1 -1 -1 -1 -1 -1 1 -1 1 1 -1 -1 -1 -1 1 
1 1 1 1 -1 -1 -1 -1 -1 -1 1 -1 1 1 1 1 -1 -1 -1 1 
-1 -1 -1 1 1 -1 -1 -1 -1 1 1 1 1 1 -1 1 1 -1 -1 -1 
-1 -1 1 1 -1 -1 -1 -1 -1 -1 1 1 1 1 1 1 1 1 1 -1 
1 1 1 1 -1 1 -1 -1 -1 -1 1 -1 1 1 1 1 1 1 -1 -1 
-1 1 1 1 1 -1 -1 -1 -1 -1 -1 1 1 1 1 1 1 1 1 1 
1 -1 1 1 -1 -1 -1 -1 -1 -1 -1 -1 -1 1 1 -1 1 1 -1 -1 
-1 1 1 -1 1 1 -1 -1 -1 -1 -1 -1 1 1 -1 -1 1 1 -1 -1 
-1 -1 -1 -1 -1 1 -1 -1 -1 -1 -1 1 1 1 1 1 1 1 1 1 
-1 -1 -1 -1 -1 -1 -1 -1 -1 -1 1 -1 1 1 1 1 1 1 1 1 
1 -1 -1 -1 -1 -1 1 -1 -1 -1 -1 1 1 1 1 1 1 1 -1 -1 
-1 -1 -1 -1 1 -1 -1 1 1 -1 -1 1 1 1 1 -1 -1 -1 -1 -1 
1 -1 -1 -1 -1 1 -1 1 -1 -1 -1 -1 1 1 -1 1 1 -1 -1 -1 
1 1 -1 -1 -1 -1 1 -1 -1 -1 -1 -1 -1 -1 1 1 1 -1 -1 -1 
1 1 -1 -1 -1 -1 -1 -1 -1 -1 -1 -1 1 1 -1 1 -1 -1 -1 1 
1 1 -1 1 -1 -1 -1 -1 -1 -1 -1 -1 -1 1 1 -1 -1 -1 1 1 
1 1 1 1 -1 -1 -1 -1 -1 -1 -1 -1 -1 1 -1 -1 1 -1 1 -1 
-1 -1 1 1 -1 -1 -1 -1 -1 -1 -1 -1 -1 -1 -1 1 -1 1 1 1 
1 -1 1 1 1 -1 -1 1 1 1 -1 -1 -1 -1 1 -1 -1 -1 1 -1 
-1 1 1 1 -1 -1 1 -1 -1 -1 -1 -1 -1 1 1 1 1 -1 -1 -1 
1 1 1 1 -1 -1 -1 -1 -1 -1 -1 -1 -1 1 1 -1 1 -1 -1 -1 
1 1 1 -1 1 -1 -1 -1 -1 -1 -1 -1 -1 1 1 -1 -1 -1 -1 -1 
-1 -1 -1 1 -1 -1 -1 -1 -1 -1 -1 -1 -1 -1 -1 1 -1 -1 -1 -1 
-1 -1 -1 -1 -1 -1 -1 -1 -1 -1 -1 -1 -1 -1 1 1 1 -1 -1 -1 
-1 -1 -1 -1 -1 -1 -1 -1 -1 -1 -1 -1 -1 -1 -1 -1 -1 -1 -1 -1 
-1 -1 -1 -1 -1 -1 -1 -1 -1 -1 -1 -1 -1 -1 -1 -1 -1 -1 -1 -1 
-1 -1 -1 -1 -1 -1 -1 -1 -1 -1 -1 -1 -1 -1 -1 -1 -1 -1 -1 -1 
-1 -1 -1 -1 -1 -1 -1 -1 -1 -1 -1 -1 -1 -1 -1 -1 -1 -1 -1 1 
1 -1 -1 -1 -1 -1 -1 -1 -1 1 -1 -1 -1 -1 -1 -1 -1 -1 1 -1 
1 9 1 -1 -1 -1 -1 -1 -1 1 1 -1 -1 -1 -1 9 1 -1 -1 -1 
-1 1 9 1 -1 -1 -1 -1 1 -1 1 1 1 1 1 33 9 33 9 9 
9 9 9 -1 -1 -1 9 -1 -1 1 1 1 1 -1 -1 -1 33 -1 -1 -1 
-1 -1 8 9 9 9 9 9 -1 1 -1 -1 -1 -1 1 33 33 -1 -1 -1 
-1 8 9 8 9 9 9 -1 -1 -1 -1 1 1 1 1 -1 -1 -1 -1 -1 
-1 -1 -1 1 -1 -1 9 -1 -1 -1 -1 1 1 1 1 1 -1 -1 -1 -1 
-1 -1 -1 -1 -1 -1 -1 -1 -1 -1 -1 -1 1 1 1 1 1 -1 -1 -1 
-1 -1 -1 -1 -1 -1 -1 -1 -1 -1 -1 1 1 1 1 1 1 1 -1 -1 
-1 -1 -1 1 -1 -1 -1 -1 -1 -1 1 -1 -1 1 1 1 -1 -1 -1 -1 
-1 1 1 -1 1 -1 -1 -1 -1 -1 -1 -1 -1 1 -1 1 -1 -1 -1 -1 
1 1 1 -1 1 -1 1 1 1 -1 -1 -1 -1 -1 1 1 -1 1 1 1 
1 -1 -1 -1 -1 -1 1 1 -1 -1 -1 -1 -1 -1 1 -1 1 -1 1 1 
1 -1 -1 -1 1 1 -1 1 1 -1 -1 -1 1 -1 -1 1 -1 1 -1 1 
-1 -1 -1 -1 -1 -1 -1 1 -1 1 1 -1 1 -1 1 -1 -1 -1 1 -1 
-1 -1 -1 -1 -1 -1 1 1 1 1 1 1 1 1 -1 -1 -1 -1 1 -1 
-1 -1 -1 -1 -1 -1 1 -1 -1 -1 -1 2 -1 1 -1 -1 -1 1 -1 -1 
-1 2 -1 -1 -1 -1 -1 1 1 1 1 1 2 2 2 2 1 2 1 -1 
2 2 2 -1 -1 -1 1 1 -1 -1 1 2 2 1 1 1 2 2 2 2 
1 -1 -1 2 -1 -1 1 1 -1 -1 1 1 1 2 2 2 2 2 2 1 
1 -1 -1 -1 -1 -1 1 -1 -1 -1 1 2 2 2 -1 -1 2 2 2 2 
1 1 -1 -1 -1 -1 1 1 -1 -1 -1 -1 -1 2 2 2 -1 2 2 1 
2 1 -1 -1 9 -1 1 -1 -1 -1 -1 2 1 2 -1 -1 2 2 1 2 
-1 -1 -1 1 -1 -1 -1 -1 1 1 2 2 2 1 2 -1 2 2 2 2 
-1 -1 1 1 9 -1 -1 -1 1 -1 -1 -1 2 -1 -1 2 2 2 -1 2 
9 9 9 2 9 -1 -1 -1 -1 -1 -1 -1 -1 2 2 2 2 2 -1 9 
-1 8 9 9 2 9 9 1 -1 -1 -1 9 -1 2 -1 2 2 2 -1 9 
-1 9 8 -1 9 1 9 -1 -1 -1 -1 -1 -1 -1 -1 -1 2 -1 -1 -1 
-1 9 9 9 1 9 -1 -1 -1 -1 -1 -1 -1 -1 -1 1 -1 -1 -1 -1 
-1 -1 9 1 -1 1 -1 -1 -1 -1 -1 -1 -1 -1 -1 1 -1 -1 -1 -1 
-1 1 9 -1 1 1 9 1 -1 -1 -1 -1 -1 -1 1 1 -1 -1 1 1 
2 1 1 1 1 1 1 1 1 1 2 1 2 -1 -1 2 2 2 1 1 
1 1 1 1 1 1 1 1 1 1 1 -1 -1 -1 -1 -1 1 1 1 1 
1 2 1 1 1 1 1 1 1 1 -1 -1 -1 2 -1 2 1 1 1 1 
1 1 1 1 1 1 1 1 1 1 -1 2 -1 2 2 -1 1 1 2 1 
1 1 2 1 -1 1 1 -1 -1 -1 -1 -1 2 2 2 1 1 1 1 1 
1 2 2 -1 1 -1 -1 -1 -1 2 -1 2 -1 2 2 2 1 1 1 1 
1 2 2 2 2 -1 -1 -1 -1 -1 1 2 2 2 -1 -1 1 1 2 2 
2 -1 2 -1 -1 -1 -1 -1 1 2 2 1 1 1 1 1 1 1 -1 2 
1 1 -1 -1 -1 -1 -1 -1 -1 1 -1 -1 -1 2 1 -1 -1 1 1 -1 
2 1 1 1 -1 -1 -1 -1 2 -1 1 1 2 2 1 -1 2 2 1 1 
2 2 1 2 1 2 -1 -1 2 -1 1 1 1 -1 2 -1 -1 2 1 1 
-1 2 2 -1 -1 2 2 2 -1 1 2 1 1 -1 -1 1 -1 2 2 -1 
2 -1 2 2 -1 -1 2 2 -1 2 2 -1 -1 2 2 -1 2 2 2 2 
2 -1 -1 1 -1 -1 2 2 2 2 2 2 2 2 -1 2 2 2 2 -1 
-1 -1 -1 -1 -1 -1 2 2 2 2 1 2 2 1 2 2 2 2 -1 -1 
-1 -1 1 -1 2 1 2 2 2 -1 2 2 1 1 -1 2 2 2 -1 -1 
-1 -1 1 -1 1 2 -1 2 1 1 1 2 2 2 2 2 2 2 -1 -1 
-1 -1 1 1 1 1 1 1 1 1 1 1 2 2 2 2 -1 -1 -1 -1 
-1 1 1 1 1 1 1 1 1 1 -1 2 2 2 2 1 1 -1 2 -1 
-1 -1 1 1 1 1 1 1 1 1 2 2 2 2 2 2 2 -1 2 2 
-1 -1 2 1 -1 1 -1 2 2 -1 2 2 1 1 1 2 2 -1 2 2 
2 -1 -1 1 1 2 2 2 -1 -1 -1 2 -1 1 2 2 2 2 -1 -1 
-1 2 1 1 1 1 2 -1 2 -1 2 2 2 2 2 2 2 -1 -1 2 
2 1 1 1 1 2 2 -1 -1 2 2 2 2 2 2 2 2 -1 -1 -1 
1 2 1 -1 2 -1 2 2 2 2 2 2 2 2 -1 2 2 2 2 1 
1 1 1 1 1 1 1 1 2 2 2 2 2 2 2 -1 2 2 2 3 
3 1 -1 1 1 1 1 1 2 2 2 2 2 2 2 2 2 2 2 -1 
-1 -1 3 3 -1 2 2 2 2 2 2 2 2 -1 2 2 1 2 2 2 
3 2 -1 3 3 3 2 2 2 2 2 2 2 2 2 2 1 2 2 2 
3 3 3 3 3 2 1 1 -1 2 2 -1 2 -1 2 2 1 -1 -1 3 
3 3 3 3 2 2 2 1 1 1 1 -1 2 2 3 3 3 -1 3 3 
3 3 3 3 -1 2 1 -1 1 1 2 -1 1 2 2 3 3 3 3 3 
3 3 3 3 2 2 2 2 -1 2 2 2 2 1 -1 2 3 1 3 1 
3 3 3 3 3 2 2 -1 -1 -1 2 2 2 2 1 3 1 1 1 3 
3 3 -1 3 3 1 -1 -1 -1 1 2 2 2 -1 -1 -1 -1 1 1 3 
2 3 2 2 1 3 3 -1 1 1 2 2 1 -1 -1 2 -1 2 -1 2 
-1 -1 2 2 2 3 -1 -1 2 1 1 2 1 -1 -1 2 -1 -1 2 2 
2 -1 2 2 -1 -1 2 2 2 2 -1 -1 2 2 2 2 2 2 2 2 
-1 -1 2 2 -1 -1 2 2 2 2 2 2 2 2 2 -1 2 2 2 2 
-1 -1 2 2 2 -1 -1 -1 2 2 2 2 -1 1 1 2 2 2 2 2 
2 2 2 -1 2 -1 2 2 1 2 -1 1 1 1 1 2 1 1 2 2 
2 2 2 2 2 -1 2 -1 2 1 1 1 1 1 1 1 1 1 2 2 
-1 -1 2 2 2 2 2 2 2 2 2 1 -1 -1 1 1 1 2 2 -1 
1 1 1 2 2 -1 2 2 2 2 2 1 2 2 1 1 1 1 1 -1 
1 1 1 -1 -1 1 2 2 2 2 2 2 1 2 2 1 1 -1 -1 1 
1 2 1 2 1 -1 2 2 2 -1 2 1 2 2 2 -1 -1 1 -1 2 
2 1 1 2 -1 -1 -1 1 1 2 2 1 2 2 2 2 2 2 1 2 
2 2 1 1 1 2 2 1 1 1 1 2 1 2 -1 2 -1 -1 1 1 
-1 2 1 1 2 2 1 2 1 2 2 2 2 2 2 1 -1 -1 -1 -1 
2 1 1 1 1 2 2 2 1 2 2 2 -1 2 -1 1 -1 2 2 -1 
2 1 1 2 2 2 -1 2 2 2 2 2 2 2 -1 1 1 2 2 2 
2 2 2 2 2 2 2 2 2 2 -1 -1 2 2 2 2 2 2 2 2 
2 2 2 2 2 2 2 2 1 2 2 2 2 2 -1 -1 -1 -1 1 2 
2 -1 2 2 2 2 2 2 2 2 2 2 2 2 2 -1 -1 -1 -1 2 
2 1 2 2 2 2 -1 1 2 2 2 2 2 2 2 2 -1 2 -1 2 
2 2 1 2 2 2 -1 1 3 2 2 2 2 2 2 2 2 2 2 2 
2 2 2 2 2 2 2 1 3 3 2 2 -1 2 2 2 -1 2 2 2 
2 2 2 2 2 2 2 2 2 2 2 2 2 -1 -1 2 2 2 2 2 
2 2 2 2 2 2 2 2 2 -1 2 2 2 -1 2 2 -1 2 2 2 
2 -1 2 2 2 2 2 2 -1 1 -1 2 2 2 2 -1 2 2 -1 2 
1 2 2 2 2 2 2 2 2 2 -1 2 -1 2 -1 2 2 2 2 1 
1 1 2 -1 2 2 2 2 2 -1 4 2 3 2 2 2 2 -1 2 3 
1 2 2 2 2 2 2 2 2 3 2 4 -1 -1 2 2 -1 2 3 1 
1 2 2 3 2 2 2 3 3 3 2 2 2 -1 2 2 2 3 1 3 
1 1 2 2 2 2 2 -1 2 3 2 3 2 2 2 -1 2 2 1 1 
1 1 1 1 2 -1 -1 2 -1 2 3 3 2 -1 4 2 2 2 2 1 
1 -1 2 2 3 2 2 -1 3 2 2 3 2 2 4 1 2 2 1 1 
-1 -1 2 2 -1 -1 -1 -1 3 -1 2 2 4 2 4 4 -1 1 1 1 
1 -1 -1 -1 -1 -1 -1 -1 -1 -1 -1 2 2 2 2 4 1 1 1 1 
2 -1 -1 -1 -1 1 -1 -1 -1 -1 -1 2 2 2 2 -1 1 1 2 1 
2 2 2 -1 1 -1 1 1 1 1 -1 -1 2 -1 2 2 2 2 2 2 
2 2 -1 -1 1 1 1 1 -1 -1 -1 -1 2 2 2 2 2 2 2 2 
2 -1 -1 -1 2 2 1 2 -1 -1 -1 -1 2 2 2 2 2 2 2 2 
2 2 2 -1 -1 2 2 2 2 -1 2 2 2 2 2 -1 2 2 2 2 
2 2 2 2 2 2 2 -1 -1 2 2 2 2 2 2 2 2 2 2 2 
3 2 2 2 2 2 2 -1 -1 -1 2 2 -1 2 -1 2 2 2 2 2 
2 3 2 3 2 -1 -1 -1 2 2 2 2 -1 -1 2 -1 -1 2 2 2 
2 -1 -1 2 2 2 2 2 2 2 2 2 2 -1 2 -1 2 2 2 2 
3 3 2 2 2 2 -1 2 2 -1 2 -1 2 2 2 2 2 2 1 2 
2 2 2 2 2 -1 2 2 -1 -1 -1 -1 2 -1 2 2 2 2 1 2 
3 3 3 1 1 3 -1 2 2 2 2 2 2 2 1 1 1 3 3 3 
-1 2 2 1 2 2 2 2 2 2 2 2 2 4 1 1 1 3 -1 -1 
-1 -1 2 2 2 2 -1 3 2 2 2 4 4 2 2 2 -1 -1 -1 -1 
-1 2 2 2 -1 2 -1 3 2 -1 2 -1 2 3 2 1 5 -1 -1 -1 
-1 -1 2 4 4 2 2 4 -1 1 2 -1 1 1 1 1 3 2 2 -1 
4 -1 4 2 -1 4 4 2 2 2 1 1 1 1 1 1 1 1 1 4 
2 2 2 4 4 4 -1 -1 2 2 1 1 2 1 1 1 1 3 3 -1 
-1 2 4 2 -1 4 2 2 2 1 1 2 1 1 1 1 1 3 -1 3 
2 4 2 2 1 4 6 -1 1 2 2 -1 1 1 1 1 1 -1 -1 4 
4 4 4 1 1 -1 -1 6 -1 -1 2 2 1 1 1 1 1 2 2 2 
4 4 1 4 2 -1 2 2 -1 -1 2 4 4 1 1 1 1 1 1 1 
1 1 1 1 -1 2 1 1 2 -1 2 4 -1 -1 -1 1 1 1 1 1 
1 1 1 -1 1 1 1 1 2 2 5 2 5 -1 -1 -1 1 1 1 -1 
1 2 -1 1 1 2 2 2 4 4 -1 2 2 2 -1 1 1 1 -1 1 
2 2 2 1 2 1 2 2 2 2 3 -1 2 2 2 2 2 1 -1 2 
-1 1 1 1 2 2 2 3 2 3 3 2 2 2 2 2 2 1 1 -1 
1 -1 1 1 3 2 3 3 2 2 3 2 -1 -1 2 2 2 -1 2 -1 
-1 -1 1 1 1 2 2 2 3 2 2 1 2 2 2 2 2 -1 -1 3 
-1 2 2 3 1 3 3 3 -1 2 1 2 2 2 1 1 3 3 3 2 
3 2 2 1 1 3 8 2 2 -1 2 2 2 2 1 1 1 3 3 2 
-1 1 -1 -1 -1 4 4 -1 -1 -1 -1 -1 -1 -1 2 2 1 -1 4 4 
4 4 -1 -1 4 4 4 4 4 -1 -1 -1 -1 -1 2 2 2 1 -1 1 
4 4 -1 -1 4 -1 4 1 1 4 -1 -1 -1 -1 2 2 2 1 1 1 
-1 -1 4 -1 4 4 -1 4 4 1 4 -1 -1 -1 4 2 2 2 -1 -1 
-1 -1 3 -1 3 1 4 4 4 1 1 -1 -1 4 4 2 1 1 -1 -1 
4 3 -1 3 3 3 -1 4 2 4 4 4 1 4 4 4 4 1 1 -1 
4 -1 3 3 1 1 2 2 4 -1 1 4 4 4 1 4 4 2 1 -1 
4 3 3 5 5 1 2 -1 -1 1 1 2 4 1 2 1 1 4 4 4 
1 3 4 5 1 4 4 1 1 2 4 1 2 4 4 4 4 2 4 4 
2 1 3 2 -1 2 4 1 1 1 -1 1 -1 4 4 4 1 1 2 1 
2 -1 -1 3 2 -1 2 3 1 1 -1 1 2 4 4 4 4 1 4 1 
2 2 2 -1 4 2 3 2 1 -1 1 2 4 4 4 4 4 4 4 1 
2 2 4 4 2 1 1 1 1 1 -1 2 2 4 1 4 4 4 -1 2 
2 -1 4 4 4 2 1 1 1 1 1 2 2 4 4 1 2 2 2 2 
-1 8 -1 4 3 4 2 1 1 1 1 1 -1 2 1 4 2 2 2 2 
-1 -1 8 8 4 -1 4 1 -1 1 -1 -1 2 2 2 4 2 2 2 2 
8 8 8 4 4 1 1 -1 1 -1 -1 2 1 2 2 2 4 1 2 2 
1 8 8 4 4 4 -1 -1 -1 -1 4 1 -1 1 1 2 -1 4 1 2 
2 2 -1 4 -1 -1 4 4 -1 -1 -1 2 1 -1 2 -1 2 4 4 4 
2 -1 1 -1 -1 4 4 -1 -1 -1 2 -1 -1 -1 -1 -1 2 2 4 4 
1 4 4 3 3 -1 4 4 4 6 6 4 4 4 4 4 4 4 1 1 
1 4 1 1 -1 1 -1 2 10 6 4 4 4 4 8 4 4 4 1 4 
1 1 1 -1 1 -1 2 10 6 -1 4 4 8 8 8 4 -1 -1 1 4 
2 4 1 -1 -1 -1 -1 -1 -1 -1 -1 8 -1 8 -1 -1 1 1 1 4 
4 4 8 -1 -1 -1 -1 -1 -1 -1 -1 -1 -1 -1 32 4 4 1 1 1 
4 4 8 -1 -1 8 4 -1 -1 -1 -1 -1 -1 32 -1 -1 1 1 1 4 
4 1 1 8 -1 8 4 -1 2 -1 -1 4 32 32 4 -1 1 1 4 4 
4 1 1 8 8 1 1 4 -1 2 -1 -1 -1 -1 32 -1 -1 1 1 4 
4 1 1 1 1 8 1 1 2 2 -1 -1 -1 -1 32 32 1 1 1 1 
4 1 1 1 1 4 1 1 1 -1 1 -1 -1 -1 32 -1 32 -1 1 1 
1 4 -1 -1 -1 -1 4 -1 1 1 1 -1 -1 -1 -1 32 -1 -1 -1 4 
4 1 4 -1 -1 1 -1 1 1 1 1 1 -1 -1 -1 -1 -1 -1 -1 1 
4 8 1 2 2 1 -1 -1 -1 -1 -1 -1 -1 -1 -1 -1 -1 -1 5 -1 
4 4 2 1 -1 1 1 -1 1 -1 -1 -1 -1 -1 -1 -1 -1 -1 5 4 
-1 2 -1 2 4 4 4 8 1 1 1 -1 -1 -1 -1 4 4 -1 4 4 
2 2 2 4 4 4 4 4 -1 1 -1 -1 -1 -1 -1 4 4 4 4 4 
4 2 2 4 4 4 8 8 5 -1 -1 -1 -1 -1 4 4 2 -1 4 5 
4 4 -1 4 4 4 4 4 6 4 -1 -1 -1 4 -1 2 -1 4 4 5 
4 -1 4 4 4 4 5 4 4 -1 -1 6 6 4 2 4 4 2 5 4 
1 1 -1 4 -1 4 4 4 4 4 6 6 4 4 4 2 -1 4 4 5 
-1 -1 -1 4 4 4 4 -1 4 6 8 8 8 -1 1 8 8 -1 -1 -1 
-1 -1 -1 -1 4 8 8 8 1 4 -1 4 8 8 8 8 1 8 -1 -1 
-1 -1 -1 -1 -1 8 8 8 1 4 4 4 8 -1 8 1 8 8 -1 -1 
-1 -1 -1 -1 4 4 8 8 4 1 6 6 8 1 8 8 8 8 8 -1 
5 -1 -1 4 4 -1 1 1 6 4 6 -1 8 8 -1 8 1 1 -1 -1 
-1 5 4 4 -1 1 4 4 4 2 6 6 8 8 8 1 1 1 5 5 
4 -1 4 1 4 4 4 4 6 8 6 -1 8 8 1 1 1 32 -1 -1 
4 4 4 1 1 4 4 -1 4 8 8 8 -1 8 8 -1 1 32 32 32 
-1 1 1 1 1 4 4 4 6 6 6 6 -1 8 4 -1 4 -1 -1 -1 
4 -1 1 1 4 1 1 1 4 4 4 -1 8 4 4 -1 -1 -1 -1 -1 
-1 -1 1 4 4 -1 -1 -1 -1 4 8 8 8 4 4 4 -1 1 1 -1 
4 4 4 4 1 -1 4 1 1 -1 -1 8 4 4 4 4 -1 1 -1 -1 
4 4 1 1 1 1 1 4 4 4 4 4 4 4 4 -1 1 -1 -1 -1 
4 4 1 1 1 4 4 4 4 4 4 4 -1 -1 1 1 1 -1 -1 -1 
-1 4 1 1 4 4 1 -1 4 4 4 4 -1 -1 -1 1 4 -1 -1 -1 
-1 1 1 -1 1 1 2 -1 4 4 -1 4 -1 1 1 -1 4 4 4 1 
1 1 6 1 4 2 2 4 4 1 1 1 1 -1 1 8 1 1 1 -1 
6 4 6 4 -1 4 -1 4 -1 1 1 1 1 1 8 1 1 1 1 -1 
6 6 4 6 -1 4 4 -1 -1 -1 8 8 8 1 1 8 8 -1 1 -1 
6 -1 -1 -1 4 4 4 4 4 6 -1 8 8 1 -1 8 -1 -1 -1 6 
8 8 1 2 1 1 -1 -1 -1 2 -1 -1 -1 1 -1 2 2 1 2 8 
2 2 2 2 1 -1 2 2 2 2 2 -1 -1 -1 2 2 1 2 2 2 
2 2 2 2 2 2 2 2 2 2 2 -1 -1 -1 -1 2 -1 2 2 2 
2 2 2 2 2 2 2 2 2 1 1 1 -1 -1 -1 2 2 2 2 2 
2 2 2 2 -1 2 2 2 2 2 1 -1 -1 -1 -1 2 2 1 1 2 
2 2 4 -1 4 4 4 1 2 2 -1 -1 -1 -1 -1 -1 -1 1 1 2 
2 -1 -1 -1 -1 2 2 1 2 2 -1 -1 -1 -1 -1 -1 -1 1 -1 2 
-1 2 -1 -1 2 2 -1 2 2 -1 -1 -1 -1 -1 -1 -1 -1 -1 -1 -1 
-1 -1 -1 -1 -1 2 1 1 -1 -1 -1 -1 -1 -1 -1 -1 -1 -1 -1 -1 
-1 -1 -1 -1 -1 2 1 1 1 -1 -1 -1 -1 -1 -1 -1 -1 1 -1 -1 
-1 -1 -1 -1 2 -1 2 1 1 -1 -1 -1 -1 -1 -1 -1 -1 1 -1 4 
1 -1 1 2 2 1 1 1 -1 -1 -1 -1 -1 -1 -1 -1 1 -1 4 1 
1 1 1 2 2 1 1 1 1 -1 -1 -1 -1 1 1 -1 -1 1 1 1 
1 2 1 2 1 1 -1 1 1 -1 -1 -1 -1 -1 -1 -1 -1 -1 1 1 
-1 -1 2 2 2 1 1 -1 -1 1 -1 -1 -1 -1 -1 -1 -1 -1 -1 1 
1 1 1 1 2 1 1 -1 -1 -1 1 1 1 2 1 -1 -1 -1 -1 1 
1 1 1 1 1 1 -1 -1 1 1 1 -1 1 1 1 1 -1 -1 2 2 
2 1 1 1 1 1 1 -1 -1 1 1 2 -1 -1 -1 1 -1 -1 2 2 
2 1 1 1 -1 1 2 -1 2 -1 -1 2 1 -1 -1 -1 -1 2 -1 2 
1 1 2 2 -1 1 -1 -1 2 2 2 -1 1 1 -1 -1 2 2 1 2 
2 2 2 3 2 3 -1 3 -1 -1 -1 -1 -1 1 1 2 2 8 1 2 
2 2 2 2 -1 3 3 -1 3 1 -1 -1 -1 1 2 2 8 3 2 3 
8 8 2 2 -1 1 -1 3 3 -1 1 -1 -1 -1 2 -1 -1 2 3 2 
2 2 2 -1 -1 1 1 -1 -1 1 1 -1 -1 1 -1 -1 -1 2 2 2 
2 2 -1 2 2 1 -1 2 1 1 -1 -1 -1 -1 1 -1 -1 -1 2 2 
2 2 2 2 2 1 2 1 -1 -1 -1 -1 -1 -1 -1 -1 -1 2 -1 2 
2 2 2 2 1 2 1 2 2 -1 -1 -1 2 -1 2 2 -1 2 -1 2 
2 2 2 2 2 2 2 2 1 1 -1 -1 -1 2 2 2 2 2 2 2 
2 2 2 2 2 2 2 1 2 2 2 2 2 2 2 -1 2 2 2 2 
2 2 2 2 2 2 1 2 2 2 2 2 2 2 2 -1 2 2 2 2 
2 2 2 2 2 2 2 2 2 2 2 -1 -1 2 -1 2 2 2 2 2 
2 2 2 2 2 2 2 2 2 2 1 2 1 2 2 2 2 2 2 2 
2 2 2 2 2 2 -1 2 2 2 -1 1 1 1 2 1 3 2 2 2 
2 2 1 2 2 2 2 2 2 -1 2 2 1 1 1 2 3 2 2 2 
3 -1 2 2 2 2 2 2 2 1 1 2 1 2 2 2 2 3 3 2 
3 1 2 2 2 2 -1 2 2 1 2 1 2 2 2 2 2 2 3 2 
2 2 2 2 2 2 2 2 2 2 1 1 -1 1 2 1 2 2 3 3 
3 2 2 2 2 2 2 2 2 2 2 2 1 -1 1 -1 2 -1 -1 3 
2 2 2 2 3 2 2 2 2 2 2 -1 1 1 1 2 2 2 2 2 
2 2 2 2 3 3 2 2 2 -1 -1 -1 -1 2 1 2 2 2 3 2 
1 2 2 3 3 2 2 2 2 2 -1 2 2 -1 -1 2 2 2 2 2 
2 2 2 2 2 3 -1 2 -1 -1 2 -1 2 2 2 2 2 2 2 1 
2 2 2 2 2 2 2 2 2 -1 2 2 2 1 -1 2 2 2 2 2 
2 2 2 2 2 -1 -1 -1 2 -1 2 2 2 2 -1 -1 2 2 -1 2 
2 -1 2 2 -1 -1 -1 -1 -1 -1 -1 2 3 2 -1 2 -1 2 -1 -1 
-1 -1 2 2 2 -1 -1 -1 -1 1 1 2 2 -1 -1 -1 2 -1 -1 -1 
-1 -1 -1 -1 -1 -1 -1 -1 -1 1 -1 -1 2 -1 -1 -1 -1 -1 -1 -1 
-1 -1 -1 -1 -1 -1 -1 -1 -1 1 -1 2 2 -1 -1 -1 -1 -1 -1 -1 
-1 -1 -1 1 -1 -1 2 2 1 2 2 2 -1 -1 -1 -1 2 -1 2 -1 
-1 1 1 -1 -1 2 2 1 2 2 2 2 -1 -1 -1 1 1 2 2 2 
2 2 -1 1 1 2 2 2 2 2 2 2 2 -1 1 1 2 -1 2 -1 
2 2 -1 3 1 1 2 -1 -1 2 2 2 2 2 1 1 -1 2 -1 2 
2 2 -1 1 1 -1 1 -1 2 2 2 2 2 2 -1 -1 -1 -1 2 2 
2 2 2 1 2 2 -1 -1 2 2 2 2 2 2 1 -1 -1 -1 2 -1 
2 2 1 2 2 2 2 2 -1 -1 2 2 2 2 1 1 -1 2 2 2 
2 2 2 2 2 2 2 1 1 2 2 2 2 2 2 1 1 2 2 2 
2 2 2 3 2 1 1 1 2 1 2 1 1 -1 1 1 1 1 -1 2 
2 2 3 2 3 1 1 2 1 2 1 1 1 2 1 1 1 2 2 2 
2 2 2 1 1 2 1 2 2 2 1 1 3 -1 1 3 2 2 1 2 
2 2 2 -1 3 3 2 2 2 2 2 2 2 2 2 2 2 2 2 1 
2 2 -1 2 2 2 -1 2 -1 -1 -1 2 -1 1 2 1 1 1 1 -1 
-1 2 -1 -1 2 2 2 2 2 -1 -1 -1 -1 -1 -1 2 1 1 1 2 
-1 2 -1 2 2 2 2 2 2 -1 -1 -1 -1 -1 -1 -1 1 -1 -1 8 
-1 2 2 -1 -1 2 2 2 2 1 -1 -1 -1 -1 -1 1 2 -1 -1 8 
2 -1 2 2 2 2 2 2 2 1 -1 -1 -1 -1 1 8 2 8 -1 8 
-1 -1 2 2 2 2 1 2 2 -1 2 2 -1 -1 8 8 2 8 8 8 
8 -1 -1 1 2 -1 2 2 1 2 2 2 -1 2 2 -1 2 8 8 8 
2 2 -1 -1 2 2 1 2 1 1 2 2 2 2 2 2 2 8 2 2 
2 2 2 -1 1 -1 1 1 2 1 2 2 -1 2 2 2 2 2 2 2 
2 2 2 2 1 1 1 1 1 1 1 -1 2 2 2 2 2 2 2 2 
2 -1 2 2 2 2 1 1 -1 -1 -1 1 -1 -1 -1 2 2 2 -1 -1 
2 -1 -1 2 -1 -1 1 -1 -1 -1 -1 -1 -1 2 2 -1 2 2 -1 2 
2 2 -1 -1 2 1 2 2 -1 -1 -1 -1 -1 -1 2 -1 -1 2 2 2 
-1 2 2 2 2 2 2 2 -1 -1 -1 2 -1 -1 2 2 -1 -1 2 2 
2 2 2 2 2 1 1 -1 2 -1 -1 -1 -1 2 -1 -1 -1 -1 2 2 
2 1 2 1 1 1 1 2 2 2 -1 -1 -1 -1 -1 -1 -1 -1 2 -1 
-1 1 -1 1 -1 1 2 2 2 2 2 2 -1 -1 -1 -1 -1 -1 -1 2 
1 1 2 -1 1 -1 2 1 2 -1 2 2 2 2 -1 2 2 -1 2 -1 
1 -1 2 2 -1 6 -1 -1 2 2 -1 2 1 2 2 2 2 2 2 1 
-1 2 2 2 2 2 6 -1 2 -1 -1 -1 2 -1 1 1 2 2 1 -1 
1 1 -1 2 2 1 2 1 1 2 -1 2 2 2 1 1 2 2 1 -1 
1 1 1 1 1 2 2 2 1 2 2 2 2 2 2 2 -1 -1 1 1 
1 1 -1 1 2 2 2 2 2 2 2 2 2 2 2 2 2 2 1 1 
-1 1 1 1 1 2 2 2 2 2 2 2 2 2 1 2 2 2 2 1 
2 1 1 1 2 2 2 2 2 2 2 2 1 1 2 2 -1 1 2 2 
2 1 2 -1 2 2 2 2 2 2 2 2 2 1 1 -1 1 2 2 -1 
-1 -1 -1 2 2 2 2 2 2 2 -1 2 2 1 2 2 2 2 2 -1 
-1 -1 -1 -1 -1 2 -1 2 1 1 1 -1 -1 2 2 2 2 2 -1 -1 
-1 -1 -1 1 -1 -1 -1 -1 -1 -1 1 2 2 2 2 2 2 -1 -1 -1 
1 1 1 1 1 -1 -1 -1 -1 2 1 1 2 -1 -1 -1 -1 -1 -1 -1 
-1 1 1 -1 1 -1 -1 -1 -1 2 -1 2 2 -1 -1 -1 -1 -1 1 1 
-1 1 -1 -1 -1 -1 -1 -1 2 -1 -1 2 2 2 -1 -1 -1 -1 1 -1 
1 -1 1 -1 1 1 -1 -1 -1 -1 -1 2 2 2 2 -1 -1 -1 -1 1 
1 1 1 -1 1 1 -1 2 2 -1 -1 -1 -1 -1 -1 -1 -1 -1 -1 1 
1 1 -1 1 1 -1 -1 1 1 -1 -1 2 -1 -1 -1 1 -1 1 1 1 
1 1 1 1 -1 -1 -1 -1 1 2 2 -1 -1 -1 1 1 -1 1 1 1 
1 -1 1 -1 1 1 -1 -1 1 1 -1 -1 -1 1 -1 1 1 1 1 1 
-1 -1 1 -1 1 1 1 1 -1 1 2 -1 -1 -1 -1 1 -1 1 1 1 
-1 1 1 1 -1 1 1 1 2 1 -1 -1 -1 2 2 1 1 1 1 1 
1 -1 -1 1 2 1 1 2 1 -1 -1 -1 -1 -1 2 2 1 1 -1 1 
1 1 1 -1 1 -1 -1 1 -1 -1 1 9 -1 -1 -1 -1 -1 -1 -1 -1 
-1 1 1 1 1 -1 -1 -1 -1 1 9 1 -1 1 1 -1 -1 -1 -1 1 
-1 -1 1 1 1 1 -1 -1 1 1 1 -1 -1 1 1 -1 -1 -1 1 -1 
1 1 1 1 1 1 1 1 1 -1 1 2 -1 -1 1 1 1 -1 -1 -1 
1 1 1 1 1 1 -1 1 1 1 1 -1 -1 -1 1 1 1 1 -1 -1 
1 1 1 1 -1 -1 1 1 -1 -1 -1 -1 -1 -1 -1 1 1 1 -1 -1 
-1 -1 1 1 -1 -1 1 1 -1 -1 -1 -1 -1 -1 -1 1 -1 -1 -1 1 
1 1 -1 -1 -1 -1 -1 -1 -1 -1 -1 -1 -1 -1 -1 1 -1 -1 -1 -1 
1 -1 -1 -1 -1 -1 -1 -1 -1 -1 -1 -1 -1 8 -1 -1 1 -1 -1 -1 
-1 -1 -1 -1 -1 -1 -1 -1 -1 -1 1 -1 8 -1 -1 -1 -1 -1 -1 -1 
-1 -1 -1 1 -1 -1 -1 -1 1 1 1 8 -1 -1 -1 -1 1 -1 -1 -1 
-1 -1 -1 -1 -1 -1 -1 1 1 1 -1 1 1 -1 -1 -1 -1 -1 -1 -1 
1 -1 -1 -1 -1 6 -1 -1 -1 -1 -1 1 -1 -1 -1 1 -1 -1 -1 -1 
-1 -1 -1 -1 -1 6 -1 -1 1 1 1 -1 -1 -1 -1 -1 1 -1 -1 -1 
-1 -1 -1 -1 -1 -1 3 1 1 1 -1 -1 -1 -1 1 -1 1 1 -1 -1 
-1 -1 -1 -1 -1 -1 -1 3 -1 -1 1 1 9 1 1 1 -1 9 -1 -1 
-1 -1 -1 -1 -1 -1 -1 -1 3 3 -1 9 1 -1 -1 -1 -1 2 1 -1 
-1 1 1 -1 1 -1 -1 -1 -1 -1 -1 -1 -1 3 -1 -1 1 -1 -1 -1 
1 1 1 -1 1 -1 1 1 -1 -1 9 9 -1 -1 -1 -1 1 1 -1 -1 
-1 1 1 1 -1 1 -1 1 -1 -1 -1 9 9 -1 -1 -1 -1 1 -1 -1 
1 1 2 1 1 -1 1 1 2 34 34 34 3 6 6 6 -1 1 1 1 
1 2 2 2 1 -1 3 2 1 2 3 34 2 6 6 6 -1 -1 -1 1 
1 2 2 3 1 1 2 1 2 3 34 -1 -1 6 6 6 -1 -1 -1 1 
1 2 2 2 2 3 1 2 2 2 1 1 1 6 6 6 1 -1 1 1 
1 2 1 2 2 3 3 2 2 1 1 1 1 6 2 6 -1 1 1 -1 
1 2 2 3 2 3 3 2 1 -1 -1 1 1 1 6 6 6 6 -1 -1 
6 1 2 2 3 3 3 1 1 1 1 1 1 1 6 6 6 6 6 6 
2 6 2 2 3 2 2 3 1 2 1 -1 1 -1 1 1 -1 1 -1 1 
2 2 2 6 2 2 2 2 2 1 2 1 1 -1 -1 -1 -1 1 1 7 
7 2 2 6 6 2 -1 1 1 3 1 -1 1 -1 -1 -1 -1 1 1 1 
7 2 2 6 6 34 1 1 3 1 1 -1 1 2 -1 -1 6 6 6 6 
6 6 2 3 34 3 6 6 1 1 -1 -1 2 1 1 6 6 -1 6 6 
6 6 3 3 -1 -1 6 1 1 1 1 -1 -1 1 1 -1 -1 6 6 6 
6 6 6 6 1 6 6 1 1 1 1 1 -1 -1 -1 1 6 -1 6 7 
6 1 6 2 1 6 6 -1 1 1 1 1 1 1 -1 1 -1 6 6 6 
6 6 6 2 6 3 6 2 1 1 2 3 1 1 -1 1 1 6 6 6 
6 6 6 3 6 6 2 2 11 11 3 -1 -1 1 -1 1 1 1 6 6 
6 6 -1 -1 6 2 1 2 3 -1 -1 2 1 1 1 1 1 6 6 6 
2 1 6 6 7 2 3 2 2 3 -1 2 2 -1 1 1 1 1 6 6 
6 1 1 -1 -1 6 3 2 2 34 2 3 2 3 1 1 1 1 1 6 
6 6 6 6 6 2 6 6 6 6 2 6 6 6 6 6 2 6 6 2 
6 6 6 6 2 6 4 6 6 6 6 6 6 6 6 6 6 2 2 2 
2 6 6 6 4 2 2 6 6 6 2 6 6 6 6 6 2 2 2 6 
6 2 2 6 2 4 4 2 6 2 1 2 6 6 6 6 2 2 2 2 
2 2 6 2 6 6 6 6 6 2 2 2 6 6 6 2 2 2 2 6 
2 2 2 2 1 1 1 1 34 34 2 -1 34 6 3 3 1 2 2 2 
2 2 2 34 2 1 34 -1 34 2 34 2 34 3 34 2 1 2 2 2 
2 2 2 6 6 2 1 34 34 34 34 34 34 2 2 1 1 2 2 2 
6 2 6 34 2 34 1 34 6 6 34 34 6 34 2 2 -1 2 2 2 
6 6 2 6 34 6 1 34 6 6 6 34 34 6 2 2 2 2 2 2 
6 6 6 34 6 1 1 34 6 6 6 1 6 2 2 2 34 34 2 2 
6 6 -1 6 6 1 1 6 6 34 1 34 2 -1 10 2 34 2 2 2 
6 2 6 6 6 6 6 6 34 1 34 2 7 2 2 10 10 2 6 6 
6 6 2 6 6 6 6 6 34 34 34 2 6 7 2 2 10 2 2 10 
6 7 6 -1 6 6 6 6 6 6 -1 2 6 7 2 10 -1 2 10 6 
6 -1 6 6 6 6 6 6 6 6 6 2 2 2 2 2 -1 -1 6 6 
6 6 6 6 6 6 6 6 6 2 2 2 -1 -1 2 6 2 2 6 2 
6 6 7 6 6 6 6 6 6 2 2 2 2 6 6 -1 6 6 2 6 
2 7 6 6 6 6 6 6 6 6 2 2 6 6 6 6 6 6 6 2 
6 6 6 6 6 6 6 6 6 6 6 2 2 6 6 -1 6 6 6 2 
2 2 2 2 2 2 2 -1 2 2 2 2 35 6 6 6 6 2 6 2 
2 2 2 2 2 2 1 2 2 34 2 35 6 34 6 6 6 6 6 6 
6 10 10 6 1 1 2 2 2 2 34 10 6 34 6 34 34 -1 34 2 
-1 2 6 2 2 1 2 2 2 10 2 10 34 34 6 6 6 34 2 2 
2 2 2 2 2 2 10 3 2 2 2 6 6 34 6 -1 6 2 2 2 
2 2 2 2 2 2 2 10 -1 6 2 2 6 6 2 2 -1 2 2 2 
2 2 2 2 2 2 2 10 6 10 6 2 2 2 2 -1 6 6 6 2 
2 2 2 2 2 2 6 6 10 2 2 2 2 2 -1 2 6 6 6 6 
2 2 2 2 2 2 2 6 2 6 2 2 2 6 2 34 2 6 6 34 
2 2 6 2 2 2 6 6 6 2 6 2 2 2 34 34 6 6 34 6 
6 6 6 2 6 6 6 6 2 2 2 6 34 34 6 34 6 6 6 6 
6 6 6 6 6 6 6 6 6 6 2 2 34 34 6 6 6 6 2 2 
6 6 2 6 6 6 6 6 6 6 34 6 6 34 6 6 6 6 6 6 
6 2 6 2 2 6 6 6 6 6 34 34 6 6 6 6 6 6 6 6 
2 -1 2 6 2 2 6 6 32 6 6 6 6 6 6 6 6 6 2 6 
3 2 2 6 2 2 6 32 6 6 6 6 6 6 6 6 6 6 2 3 
6 6 2 2 2 2 6 6 32 2 6 34 6 6 6 6 6 6 6 6 
6 2 2 2 2 2 2 2 2 2 2 2 2 6 6 6 6 6 6 6 
2 6 2 6 2 2 2 2 6 2 2 2 6 6 6 6 6 6 6 6 
2 2 6 2 1 2 2 2 2 6 6 35 6 6 6 6 6 6 6 2 
6 6 2 6 34 6 6 10 6 6 10 10 10 1 34 34 -1 6 34 1 
2 6 6 6 6 34 10 6 2 6 6 8 1 1 34 34 6 6 6 1 
2 2 2 6 2 2 34 2 6 6 8 8 6 2 6 6 -1 6 1 10 
2 2 2 2 2 2 2 6 6 6 2 2 -1 6 -1 34 6 6 2 6 
6 2 2 2 2 2 2 2 2 6 1 6 1 2 2 6 6 34 1 6 
2 6 2 2 2 2 2 2 2 2 2 1 6 2 6 6 34 1 1 6 
6 2 2 6 2 2 -1 2 2 2 2 6 6 6 1 6 6 1 1 6 
2 2 6 6 6 6 6 2 2 2 2 6 6 6 2 6 3 6 2 2 
2 6 6 6 6 2 2 2 2 2 2 2 6 2 6 6 3 6 3 2 
6 6 6 6 6 6 6 6 2 2 2 6 2 6 3 3 6 10 3 -1 
6 6 6 6 2 6 6 6 2 2 2 2 6 3 6 1 3 3 3 6 
6 6 6 6 2 2 6 2 2 2 34 6 6 2 2 6 6 3 6 6 
6 6 6 6 6 6 6 2 2 2 34 35 6 34 2 2 6 6 6 34 
6 -1 6 1 6 6 2 2 6 2 2 -1 34 6 -1 6 6 6 6 6 
6 -1 6 6 1 6 2 6 6 6 2 1 1 6 6 6 6 6 6 6 
6 6 -1 6 2 2 2 -1 6 6 2 1 6 6 6 6 6 6 6 6 
6 -1 6 -1 6 6 6 10 2 35 6 2 6 6 6 6 6 2 6 -1 
6 6 6 -1 10 6 6 2 2 2 2 10 2 2 6 6 6 2 2 6 
2 6 6 6 6 10 6 6 6 6 6 10 1 34 -1 -1 6 2 34 2 
2 2 2 6 6 6 10 10 6 6 10 10 10 1 34 -1 6 6 34 1 
2 3 6 1 1 1 1 -1 -1 -1 1 1 10 -1 10 10 -1 6 3 2 
6 6 1 6 1 1 6 -1 -1 1 1 -1 -1 -1 6 6 6 2 3 6 
6 6 6 1 6 1 2 1 1 -1 -1 -1 -1 2 6 1 6 6 6 1 
6 6 -1 1 6 -1 1 2 1 -1 -1 -1 2 2 1 6 6 6 6 6 
6 6 6 2 6 -1 -1 1 -1 -1 -1 -1 -1 2 2 6 6 6 6 6 
6 6 2 6 2 6 -1 -1 1 6 -1 -1 1 2 6 6 6 6 6 6 
6 2 6 6 6 1 6 2 6 6 2 1 1 6 6 6 1 6 6 6 
2 -1 6 2 6 1 -1 6 6 2 1 6 1 6 6 6 6 6 6 -1 
2 2 2 6 2 1 -1 6 2 2 2 2 6 6 6 6 6 -1 6 2 
2 2 2 2 2 1 2 2 2 2 2 2 6 6 2 2 6 2 2 2 
2 2 2 2 1 2 1 2 -1 1 2 2 2 6 2 -1 -1 -1 2 -1 
2 2 2 2 3 2 2 2 2 1 1 2 2 2 2 2 2 -1 2 2 
2 2 2 2 2 2 2 2 2 2 -1 2 1 1 1 2 2 2 2 2 
2 2 2 2 2 2 -1 2 -1 -1 -1 10 1 1 1 10 2 2 2 2 
2 -1 1 2 2 -1 1 -1 -1 -1 -1 -1 1 10 10 10 2 2 2 2 
1 2 6 6 2 2 2 1 -1 1 -1 10 10 10 10 6 6 6 6 1 
2 2 2 6 6 -1 2 2 1 1 -1 10 10 10 10 10 2 10 6 6 
2 2 6 6 2 2 -1 -1 -1 1 1 2 10 10 10 10 10 2 2 6 
3 2 1 -1 2 -1 -1 -1 -1 -1 1 10 10 10 10 6 10 10 6 6 
6 1 1 1 1 1 6 1 -1 -1 1 1 10 10 10 10 6 3 6 3 
2 -1 2 1 1 1 -1 -1 1 -1 1 -1 6 1 2 2 -1 -1 2 2 
1 -1 -1 -1 1 -1 -1 1 1 1 6 6 2 1 2 -1 -1 -1 2 2 
1 2 -1 -1 -1 -1 1 1 1 8 6 -1 -1 1 2 2 2 -1 1 1 
1 -1 2 -1 -1 1 -1 1 -1 -1 8 -1 8 1 1 2 2 -1 -1 1 
2 2 2 2 -1 -1 -1 -1 -1 -1 8 8 8 8 1 -1 2 -1 -1 2 
-1 1 2 -1 2 -1 -1 -1 2 -1 8 8 8 8 2 2 -1 8 1 1 
1 2 6 -1 2 -1 2 2 2 -1 8 8 8 -1 2 -1 1 1 8 1 
2 6 6 6 2 2 2 2 2 -1 32 8 -1 2 8 8 1 1 8 1 
2 1 6 6 6 2 2 2 2 2 1 -1 2 2 8 8 8 8 1 2 
2 6 6 34 34 2 2 2 -1 2 -1 -1 2 8 8 8 8 8 8 1 
1 2 34 34 1 2 34 2 2 2 -1 2 2 -1 2 1 8 8 8 1 
34 1 1 1 1 1 2 -1 2 -1 -1 -1 -1 -1 1 2 8 -1 -1 8 
1 1 1 1 1 1 1 -1 -1 -1 -1 -1 -1 -1 -1 8 -1 -1 1 -1 
-1 1 1 1 1 1 1 1 -1 -1 1 -1 -1 -1 -1 -1 -1 -1 2 1 
-1 -1 -1 -1 1 -1 1 1 1 1 -1 -1 -1 -1 -1 -1 -1 -1 -1 2 
1 -1 -1 1 -1 -1 1 1 1 1 -1 1 -1 -1 -1 -1 -1 1 1 -1 
2 -1 2 2 1 -1 1 1 1 -1 -1 -1 -1 -1 -1 -1 -1 -1 -1 1 
6 2 2 -1 1 1 1 -1 1 -1 1 -1 -1 -1 -1 1 1 -1 -1 2 
6 2 2 2 1 -1 -1 -1 -1 1 -1 1 1 -1 -1 2 1 2 2 -1 
2 2 2 1 1 1 -1 -1 -1 -1 1 1 1 -1 2 2 2 -1 2 2 
2 1 2 2 -1 -1 -1 -1 -1 -1 4 -1 -1 1 1 1 -1 -1 -1 2 
1 1 1 -1 -1 -1 -1 -1 -1 4 -1 4 -1 -1 1 -1 2 1 2 1 
1 1 1 1 1 -1 -1 -1 4 4 -1 4 4 1 1 4 1 2 2 2 
1 1 1 1 1 1 1 -1 4 4 4 -1 4 4 4 1 1 2 -1 2 
-1 1 -1 -1 1 1 4 1 4 4 4 -1 4 1 1 1 1 -1 -1 -1 
-1 -1 -1 1 -1 1 1 -1 4 -1 4 4 4 -1 4 4 1 1 1 1 
-1 -1 -1 -1 -1 4 1 1 -1 4 4 4 4 4 1 4 1 1 1 -1 
2 -1 -1 -1 -1 -1 -1 -1 2 -1 4 4 4 1 1 4 -1 1 -1 -1 
1 -1 -1 -1 -1 -1 -1 -1 4 -1 -1 4 4 -1 1 1 1 1 -1 1 
1 1 -1 1 1 -1 -1 4 4 4 1 1 1 -1 1 -1 -1 1 1 1 
-1 -1 -1 1 1 -1 -1 4 4 1 4 1 2 1 -1 1 -1 1 1 -1 
-1 -1 1 1 1 1 -1 -1 -1 4 1 1 1 1 -1 1 1 2 2 -1 
2 2 1 1 1 -1 -1 -1 -1 -1 1 1 1 1 1 2 -1 2 2 2 
2 2 2 1 1 1 1 -1 1 -1 1 1 1 -1 1 -1 2 2 2 2 
2 2 -1 1 1 1 1 1 1 1 1 1 1 -1 -1 -1 2 2 -1 2 
2 2 2 2 -1 1 -1 1 1 1 1 1 -1 -1 -1 2 2 2 2 2 
-1 -1 2 -1 2 1 -1 -1 -1 2 1 -1 -1 2 2 2 2 2 2 2 
2 2 -1 1 2 2 -1 2 2 -1 -1 -1 1 1 2 2 2 -1 2 2 
2 1 -1 2 2 2 2 2 -1 4 4 -1 -1 1 2 1 1 -1 2 2 
1 1 2 2 2 2 2 -1 -1 4 4 -1 1 -1 1 1 -1 1 2 -1 
-1 -1 1 1 -1 -1 -1 -1 -1 -1 -1 -1 -1 -1 4 -1 -1 1 -1 -1 
-1 1 1 1 -1 -1 -1 -1 -1 1 -1 -1 -1 -1 4 2 -1 -1 -1 -1 
-1 -1 1 -1 -1 -1 -1 1 -1 1 -1 -1 -1 -1 -1 2 2 -1 -1 -1 
-1 -1 -1 -1 -1 -1 1 -1 1 1 -1 -1 -1 -1 -1 -1 2 -1 -1 -1 
-1 -1 -1 -1 -1 -1 -1 -1 -1 1 1 1 -1 2 -1 -1 -1 2 -1 -1 
-1 -1 -1 -1 -1 -1 -1 -1 1 1 1 1 1 -1 -1 -1 1 -1 -1 -1 
-1 -1 -1 -1 -1 -1 -1 1 1 1 1 1 -1 -1 -1 1 1 1 -1 -1 
1 -1 -1 -1 -1 -1 -1 -1 1 1 1 -1 1 -1 -1 -1 1 1 1 1 
-1 -1 -1 -1 -1 -1 -1 -1 -1 -1 -1 1 1 -1 -1 1 -1 -1 1 1 
-1 -1 -1 -1 -1 -1 -1 -1 -1 -1 1 1 -1 1 1 -1 1 -1 1 1 
-1 -1 -1 -1 -1 -1 -1 -1 -1 1 -1 -1 -1 1 1 1 1 -1 -1 -1 
-1 1 -1 1 -1 -1 -1 -1 1 -1 -1 -1 1 1 1 1 1 -1 -1 -1 
1 -1 1 1 1 -1 -1 -1 4 -1 -1 1 1 -1 1 -1 -1 -1 -1 2 
1 1 1 -1 -1 1 1 -1 -1 -1 -1 -1 1 1 -1 -1 2 2 2 2 
1 -1 1 -1 -1 -1 -1 -1 -1 -1 -1 1 1 1 -1 2 2 2 1 1 
-1 1 -1 -1 -1 1 -1 -1 -1 -1 -1 1 1 2 -1 2 1 1 1 1 
-1 1 -1 -1 1 -1 1 1 -1 1 -1 -1 -1 1 2 -1 1 1 1 1 
-1 -1 -1 -1 -1 -1 -1 1 1 -1 -1 -1 -1 -1 1 1 1 -1 1 -1 
-1 1 -1 -1 -1 -1 -1 -1 -1 1 1 1 -1 1 -1 1 -1 1 1 -1 
-1 1 1 -1 -1 -1 -1 -1 -1 -1 1 1 -1 -1 -1 -1 -1 -1 -1 -1 
2 -1 -1 2 -1 1 -1 2 1 1 1 1 1 1 1 1 2 2 -1 2 
-1 -1 -1 3 -1 -1 1 1 1 1 1 1 1 -1 1 2 2 -1 3 -1 
-1 3 3 3 1 -1 -1 1 1 1 1 1 -1 1 -1 1 2 2 -1 -1 
-1 -1 3 1 -1 -1 1 -1 -1 -1 1 1 1 1 1 -1 -1 -1 3 -1 
-1 1 1 1 -1 1 -1 1 -1 -1 1 -1 -1 -1 -1 -1 -1 3 3 1 
1 1 1 -1 1 1 -1 1 1 -1 -1 -1 -1 -1 -1 -1 3 3 1 -1 
1 1 -1 -1 1 1 1 -1 1 -1 -1 -1 -1 -1 -1 3 -1 -1 -1 1 
-1 1 -1 -1 1 1 1 1 -1 -1 -1 -1 -1 -1 -1 -1 -1 -1 -1 -1 
1 2 1 -1 1 -1 -1 -1 -1 -1 -1 -1 -1 -1 -1 -1 -1 -1 -1 -1 
2 1 -1 1 -1 -1 -1 -1 -1 -1 -1 -1 -1 -1 -1 -1 -1 -1 -1 -1 
-1 1 1 1 1 -1 -1 -1 -1 -1 -1 -1 3 -1 -1 -1 -1 2 -1 -1 
2 2 1 1 1 -1 2 1 1 2 -1 3 -1 -1 -1 -1 -1 -1 -1 2 
2 1 2 2 2 2 2 2 2 2 -1 -1 -1 -1 -1 -1 2 -1 -1 2 
-1 2 -1 -1 1 2 -1 2 -1 -1 -1 1 1 1 2 -1 -1 2 -1 3 
3 2 2 -1 2 2 2 -1 -1 1 1 1 1 1 -1 -1 -1 -1 2 2 
2 2 -1 -1 2 2 -1 2 1 1 -1 -1 1 1 1 1 1 2 2 2 
2 2 2 2 2 -1 2 1 1 3 1 1 1 1 1 -1 -1 -1 2 -1 
2 1 2 2 2 2 1 1 1 1 1 1 1 1 1 1 -1 -1 -1 2 
-1 2 -1 2 2 2 2 -1 1 1 1 1 1 1 1 1 -1 -1 -1 2 
-1 2 -1 -1 2 1 1 1 1 1 1 1 1 1 1 1 -1 -1 2 2 
2 2 -1 2 -1 -1 -1 2 2 2 -1 3 3 9 2 2 2 2 2 2 
-1 -1 2 2 -1 2 -1 2 -1 -1 -1 3 3 3 2 -1 2 2 2 2 
-1 -1 2 -1 -1 -1 2 2 -1 2 2 2 3 3 2 2 2 -1 -1 -1 
2 -1 2 -1 -1 -1 2 2 2 2 2 3 3 -1 2 2 2 2 2 -1 
2 -1 2 2 -1 -1 2 2 -1 2 2 1 2 2 2 2 2 2 -1 2 
2 2 -1 -1 -1 -1 2 2 2 2 1 1 2 2 2 -1 2 -1 2 2 
2 2 2 -1 2 2 2 -1 2 2 2 2 -1 1 -1 2 2 2 -1 2 
2 2 2 2 2 2 2 2 2 -1 -1 2 2 1 1 2 2 2 2 2 
2 2 1 -1 -1 -1 -1 -1 2 2 2 2 -1 1 2 -1 -1 2 2 2 
2 2 2 1 -1 1 1 -1 -1 2 2 2 -1 1 -1 -1 -1 2 2 2 
2 2 2 2 1 1 1 1 2 2 2 -1 1 -1 -1 -1 2 3 -1 2 
2 2 2 2 2 2 -1 1 1 1 2 3 3 -1 -1 2 -1 2 3 3 
3 2 2 2 2 2 2 2 1 3 3 2 3 2 2 2 2 -1 3 3 
2 3 3 2 2 2 1 1 -1 2 2 3 2 2 -1 2 2 2 3 2 
3 3 3 2 2 1 2 2 2 2 2 2 3 2 2 2 2 3 3 3 
3 3 -1 3 2 2 2 2 2 2 9 3 2 2 -1 2 -1 1 3 -1 
3 3 -1 -1 2 2 2 2 2 -1 2 2 3 2 -1 -1 2 3 2 -1 
3 2 2 2 2 2 2 2 2 3 2 3 2 2 2 2 2 -1 2 2 
2 2 -1 -1 2 2 2 2 3 2 -1 2 2 2 3 -1 2 2 2 3 
2 2 2 2 2 -1 -1 2 2 2 3 -1 2 3 3 3 2 2 2 2 
2 2 -1 8 2 2 2 2 2 2 2 2 2 -1 2 2 2 2 2 2 
2 2 2 8 2 2 2 2 2 2 1 2 -1 2 2 2 2 2 2 2 
2 2 2 -1 -1 -1 2 2 2 1 1 8 8 2 2 2 2 2 2 2 
2 2 1 -1 1 -1 2 2 8 2 -1 8 8 -1 2 2 2 2 2 2 
-1 2 1 1 1 2 1 1 2 2 2 8 8 -1 -1 1 2 2 2 2 
-1 2 2 -1 1 -1 1 1 1 2 8 8 8 8 -1 2 2 2 2 2 
2 1 2 2 -1 -1 2 2 1 -1 -1 8 8 8 2 8 9 2 2 2 
2 1 1 2 2 -1 -1 2 -1 8 8 8 -1 -1 2 2 9 2 -1 2 
2 1 1 -1 -1 2 8 8 2 2 -1 -1 -1 2 8 8 8 2 2 40 
40 1 9 2 2 8 8 8 2 2 -1 8 8 8 8 8 8 2 2 2 
40 -1 9 2 9 2 8 -1 8 2 2 8 -1 8 8 8 -1 9 2 9 
40 9 9 9 9 9 9 8 2 2 2 2 2 8 8 8 -1 2 9 9 
9 9 9 9 9 2 8 2 2 2 2 2 2 -1 8 2 2 2 9 40 
40 9 9 9 9 2 2 -1 -1 2 2 2 2 2 2 2 2 2 40 40 
9 9 9 9 9 2 2 2 2 -1 2 2 2 8 2 40 40 2 40 40 
-1 2 9 2 9 2 2 2 2 2 2 2 -1 2 2 40 40 40 40 40 
2 9 1 2 2 2 2 2 -1 2 2 2 2 2 2 -1 40 40 40 40 
2 9 2 2 2 2 2 2 2 2 -1 -1 2 2 2 -1 -1 -1 40 40 
-1 2 2 2 2 2 2 2 2 2 2 2 2 2 2 2 2 2 -1 2 
2 2 2 8 2 2 2 2 2 2 2 2 2 2 2 2 2 2 2 2 
-1 2 2 2 2 2 -1 -1 8 8 8 8 8 -1 8 -1 -1 -1 -1 -1 
2 2 -1 -1 2 -1 -1 -1 -1 2 2 2 2 8 2 2 2 -1 -1 -1 
-1 -1 2 -1 2 2 2 -1 2 2 2 2 2 2 2 2 2 -1 -1 -1 
-1 2 -1 2 2 2 2 2 2 2 2 2 2 2 2 -1 2 1 -1 -1 
-1 -1 2 2 2 -1 2 2 2 -1 -1 -1 2 2 2 2 1 -1 -1 -1 
-1 -1 -1 2 -1 2 -1 2 -1 -1 -1 2 2 2 2 -1 -1 -1 -1 -1 
-1 -1 -1 2 2 -1 -1 -1 -1 -1 -1 2 2 -1 -1 2 2 -1 -1 -1 
-1 -1 8 -1 2 -1 1 1 1 2 -1 2 -1 2 2 2 2 1 -1 -1 
-1 8 2 2 2 2 2 1 2 2 2 -1 2 -1 2 2 1 2 2 -1 
-1 -1 2 2 2 2 1 2 1 2 1 -1 2 2 2 2 2 2 2 -1 
-1 2 2 2 2 2 2 2 2 1 2 2 2 2 9 9 -1 -1 2 -1 
-1 2 -1 2 2 2 -1 -1 2 2 2 2 2 -1 2 9 9 9 9 -1 
-1 2 9 2 2 8 2 2 2 2 2 -1 2 2 8 9 -1 9 9 -1 
2 9 9 -1 1 1 8 -1 3 3 2 2 2 2 2 2 9 9 9 9 
9 9 9 9 1 8 1 -1 3 2 2 2 2 2 8 8 9 9 2 9 
8 9 1 1 9 9 1 1 3 3 2 9 2 2 -1 8 9 9 9 -1 
-1 8 9 9 9 -1 1 1 1 3 9 2 2 -1 -1 8 9 9 9 -1 
-1 9 9 -1 -1 -1 -1 1 2 2 9 2 9 1 8 8 9 9 -1 -1 
-1 -1 -1 2 2 2 8 -1 2 2 2 1 1 -1 2 8 -1 9 1 -1 
1 -1 -1 2 2 2 2 8 8 8 2 8 -1 2 -1 2 -1 -1 1 1 
-1 -1 1 -1 -1 9 9 3 9 -1 -1 2 -1 2 2 2 -1 -1 -1 -1 
-1 -1 1 1 -1 9 9 3 9 9 -1 2 2 2 2 2 2 -1 8 8 
9 9 1 -1 1 9 9 1 1 9 -1 -1 -1 2 2 2 2 8 8 8 
9 8 9 2 9 9 1 9 9 1 -1 1 2 2 2 2 -1 8 -1 8 
9 8 8 -1 2 2 9 1 1 1 -1 -1 1 2 2 2 8 -1 8 8 
-1 8 -1 2 2 2 1 1 1 8 8 -1 2 -1 -1 -1 8 8 1 9 
9 -1 -1 1 1 1 1 1 8 8 -1 -1 -1 -1 -1 -1 8 1 8 8 
8 8 -1 8 1 1 1 1 1 1 -1 -1 -1 -1 -1 8 8 1 1 8 
-1 8 8 8 1 1 1 1 1 1 -1 -1 -1 -1 -1 -1 8 8 8 8 
8 8 8 1 -1 -1 -1 -1 -1 -1 -1 -1 -1 2 -1 8 8 8 8 8 
8 8 8 8 -1 -1 -1 -1 -1 -1 -1 -1 -1 -1 -1 8 8 8 8 8 
8 8 -1 8 -1 -1 -1 -1 -1 -1 -1 -1 -1 -1 -1 -1 8 8 8 9 
9 8 -1 -1 -1 -1 -1 -1 -1 2 -1 -1 -1 -1 2 -1 -1 -1 8 -1 
8 -1 -1 -1 -1 -1 -1 -1 2 -1 -1 -1 -1 -1 -1 2 -1 -1 1 -1 
-1 -1 -1 -1 -1 -1 -1 -1 2 -1 -1 -1 -1 -1 -1 2 -1 1 1 -1 
-1 -1 -1 -1 -1 -1 -1 -1 -1 -1 -1 -1 -1 -1 -1 -1 -1 2 2 -1 
-1 -1 -1 -1 -1 -1 -1 -1 -1 -1 -1 -1 -1 -1 -1 -1 -1 -1 2 -1 
-1 -1 -1 -1 -1 -1 9 9 -1 -1 -1 -1 -1 -1 -1 -1 -1 -1 -1 -1 
-1 -1 -1 -1 -1 -1 9 9 9 -1 -1 -1 -1 -1 -1 2 -1 -1 -1 -1 
-1 -1 -1 -1 -1 -1 9 9 -1 -1 -1 -1 -1 -1 -1 -1 -1 -1 -1 -1 
-1 -1 -1 -1 -1 -1 -1 -1 -1 -1 -1 -1 -1 -1 -1 -1 -1 -1 8 9 
1 1 1 -1 -1 -1 -1 -1 1 -1 1 -1 1 -1 1 1 -1 1 8 9 
-1 -1 -1 1 -1 -1 -1 -1 1 1 -1 1 1 -1 1 1 1 1 1 8 
8 -1 -1 -1 -1 -1 -1 1 1 1 1 -1 2 1 -1 1 1 1 8 8 
9 8 -1 -1 -1 -1 1 1 1 -1 -1 -1 2 1 1 1 1 9 9 9 
1 -1 1 -1 -1 -1 -1 -1 -1 -1 -1 1 1 1 -1 1 1 9 8 -1 
-1 1 1 1 1 -1 1 -1 -1 -1 -1 -1 -1 -1 1 -1 -1 -1 8 -1 
-1 -1 -1 -1 1 -1 -1 -1 -1 -1 -1 1 -1 -1 -1 -1 -1 -1 -1 -1 
-1 -1 -1 -1 -1 -1 -1 -1 -1 -1 -1 -1 1 -1 8 -1 -1 -1 -1 -1 
-1 -1 -1 -1 -1 -1 -1 -1 -1 -1 -1 1 1 1 8 8 -1 -1 -1 -1 
-1 -1 -1 -1 -1 -1 -1 -1 1 1 -1 -1 8 1 8 8 8 -1 -1 -1 
-1 -1 -1 -1 -1 -1 1 1 1 1 -1 -1 -1 8 8 -1 -1 -1 -1 -1 
-1 -1 -1 -1 -1 -1 -1 1 1 1 1 -1 -1 8 8 -1 -1 1 -1 -1 
-1 -1 -1 -1 -1 1 1 1 1 1 1 1 1 -1 8 -1 -1 1 -1 -1 
-1 -1 -1 -1 -1 -1 1 1 1 1 1 1 -1 -1 -1 -1 -1 -1 -1 -1 
-1 -1 -1 -1 -1 -1 1 1 1 1 1 -1 -1 -1 -1 -1 1 -1 -1 -1 
-1 -1 -1 -1 -1 -1 -1 1 -1 1 1 -1 -1 -1 -1 -1 1 1 -1 -1 
-1 -1 -1 -1 -1 -1 -1 -1 -1 -1 -1 -1 -1 -1 -1 -1 1 1 -1 -1 
-1 -1 -1 -1 -1 -1 -1 -1 8 -1 -1 -1 -1 -1 -1 -1 1 -1 -1 -1 
-1 -1 -1 -1 -1 -1 -1 -1 -1 -1 -1 -1 -1 -1 -1 -1 -1 8 9 -1 
