1 1 1 1 1 1 1 -1 1 1 1 1 1 1 1 1 1 1 1 1 
1 1 1 1 1 1 1 1 -1 1 1 1 1 1 1 1 1 -1 -1 1 
1 1 1 1 1 1 1 1 1 1 1 1 1 1 1 1 -1 1 1 1 
1 1 1 -1 -1 -1 -1 1 1 1 1 1 1 1 -1 1 1 1 1 1 
1 1 1 1 -1 1 -1 1 1 1 1 1 1 1 1 -1 -1 1 1 1 
1 1 1 1 1 -1 1 -1 1 -1 1 1 1 1 1 1 -1 1 1 1 
1 1 1 1 1 1 -1 1 1 -1 1 1 1 1 -1 -1 1 -1 1 1 
1 1 1 1 1 1 1 1 1 1 1 1 -1 -1 1 1 1 1 1 -1 
-1 1 1 1 -1 1 1 1 -1 1 1 1 -1 1 1 1 1 -1 -1 -1 
-1 -1 1 -1 -1 -1 1 1 1 1 1 -1 -1 -1 1 1 1 -1 1 -1 
-1 -1 1 -1 -1 -1 -1 1 1 1 1 -1 1 1 1 -1 1 1 1 1 
-1 -1 1 1 -1 1 1 1 1 1 1 1 1 1 1 1 -1 -1 -1 -1 
1 1 -1 -1 -1 -1 1 1 1 1 1 1 1 1 1 -1 1 -1 -1 -1 
1 1 1 1 -1 -1 -1 1 -1 -1 -1 1 1 1 1 1 -1 1 -1 -1 
1 1 1 -1 -1 -1 -1 -1 -1 -1 -1 -1 1 1 -1 1 1 -1 1 1 
1 1 1 1 -1 -1 -1 -1 -1 -1 -1 -1 1 1 1 1 1 -1 1 1 
1 1 1 -1 1 -1 1 1 -1 -1 -1 1 1 1 1 1 1 1 1 1 
1 1 1 1 1 1 1 1 1 -1 -1 1 1 -1 -1 1 1 1 1 1 
1 -1 -1 1 1 1 1 1 1 -1 1 -1 -1 1 1 1 1 1 -1 1 
1 1 1 1 1 1 1 1 1 1 1 1 1 1 1 1 -1 1 -1 1 
1 1 1 1 1 1 1 1 -1 1 1 -1 1 1 1 1 1 1 1 1 
1 1 1 1 -1 1 1 1 -1 1 -1 -1 1 1 -1 1 1 -1 1 1 
1 1 1 1 -1 1 1 1 1 1 -1 1 1 -1 -1 -1 1 1 1 1 
1 1 1 -1 1 -1 1 1 1 -1 -1 -1 -1 -1 1 1 1 1 1 1 
1 1 -1 1 1 1 -1 -1 -1 -1 -1 -1 -1 1 1 -1 -1 1 1 1 
1 1 1 1 1 1 -1 1 1 -1 -1 -1 -1 -1 1 1 1 1 -1 1 
1 1 1 -1 1 1 1 1 1 1 1 1 -1 -1 1 -1 1 1 -1 -1 
1 1 1 -1 -1 1 1 1 -1 -1 1 1 -1 1 -1 1 1 1 1 1 
1 1 1 1 1 -1 1 1 -1 1 1 1 1 1 -1 1 1 1 1 -1 
-1 1 1 1 1 1 1 1 1 -1 1 1 1 1 -1 -1 1 -1 -1 1 
1 -1 1 1 1 1 1 1 -1 1 1 1 -1 1 1 -1 -1 -1 -1 -1 
-1 -1 1 1 1 1 1 1 -1 1 1 1 -1 1 1 -1 -1 -1 1 1 
1 1 1 1 1 1 1 -1 1 -1 -1 -1 -1 -1 -1 -1 1 1 -1 -1 
-1 -1 1 1 1 -1 1 1 1 -1 -1 -1 -1 -1 -1 -1 1 1 1 1 
1 -1 1 1 1 1 1 1 1 1 -1 1 -1 -1 -1 1 -1 1 1 -1 
1 1 1 1 1 1 1 1 1 1 1 1 1 -1 -1 1 1 -1 1 1 
1 1 1 1 1 1 -1 1 1 -1 1 1 1 -1 1 1 -1 1 1 1 
1 1 1 1 1 1 1 -1 1 1 1 -1 -1 1 1 1 1 -1 1 1 
1 1 -1 1 1 1 1 1 1 1 1 1 1 1 1 1 1 1 1 1 
1 1 1 1 1 1 1 -1 1 -1 1 1 -1 1 1 1 1 1 1 1 
-1 1 -1 1 1 1 1 1 1 1 1 1 -1 1 1 1 1 1 1 1 
1 1 1 1 1 1 1 1 -1 1 1 1 1 1 1 1 1 1 1 1 
1 1 1 1 1 1 1 1 1 1 1 1 1 1 1 1 1 1 1 1 
1 1 1 1 1 1 1 1 1 1 1 1 1 1 1 1 1 1 1 1 
1 1 1 1 -1 1 1 1 1 1 1 1 1 1 1 -1 -1 1 1 1 
1 1 1 1 1 1 1 -1 1 1 -1 1 1 1 -1 1 -1 1 1 1 
1 1 1 1 1 1 -1 1 1 1 1 1 -1 1 1 -1 1 1 1 1 
-1 1 1 1 1 1 -1 1 1 1 1 -1 1 1 1 1 1 1 1 1 
1 1 1 1 1 1 1 1 1 1 -1 1 1 1 1 -1 1 1 -1 1 
1 1 1 1 1 1 1 1 1 1 1 1 1 1 1 1 1 1 1 -1 
-1 1 1 1 1 1 1 1 1 -1 1 -1 1 1 1 1 1 -1 1 1 
1 1 1 -1 -1 -1 1 1 1 1 -1 1 1 1 1 -1 1 1 -1 -1 
-1 1 1 1 1 1 -1 1 -1 1 -1 -1 1 -1 1 1 1 -1 -1 1 
-1 -1 1 1 1 -1 -1 1 1 -1 1 1 1 -1 -1 1 1 -1 -1 -1 
-1 -1 1 1 1 1 1 1 1 -1 -1 1 1 1 1 1 -1 -1 -1 -1 
1 1 -1 1 1 1 1 1 1 1 1 1 1 1 1 1 -1 -1 -1 1 
-1 1 1 -1 1 1 1 -1 1 1 -1 1 1 1 1 1 1 1 1 1 
-1 1 1 -1 -1 1 1 1 -1 -1 -1 -1 1 1 1 1 1 1 1 1 
-1 -1 1 1 1 1 1 1 -1 1 -1 1 1 1 1 1 1 1 1 1 
1 -1 1 1 1 1 1 -1 1 1 1 1 1 1 -1 1 1 1 1 1 
1 1 1 1 1 1 1 -1 -1 -1 1 -1 1 1 1 1 1 1 1 1 
1 -1 1 1 1 1 -1 -1 -1 1 1 -1 -1 1 1 1 1 1 1 1 
-1 1 -1 1 -1 1 -1 -1 -1 -1 -1 1 -1 -1 -1 1 1 1 1 1 
1 1 1 -1 -1 -1 -1 -1 -1 -1 -1 -1 -1 1 -1 1 1 1 1 1 
1 -1 1 1 -1 -1 -1 -1 -1 -1 1 -1 -1 1 1 1 1 -1 1 1 
-1 -1 -1 1 1 1 -1 -1 -1 -1 -1 -1 -1 1 1 1 1 1 -1 1 
-1 -1 -1 1 1 1 -1 -1 -1 -1 -1 -1 -1 1 1 1 -1 1 1 -1 
-1 -1 -1 1 1 1 -1 -1 -1 -1 -1 -1 -1 1 -1 1 -1 1 1 1 
-1 -1 1 -1 -1 1 1 -1 -1 -1 -1 -1 -1 -1 -1 -1 -1 -1 1 -1 
-1 1 -1 -1 -1 1 -1 -1 -1 1 -1 -1 -1 -1 -1 -1 -1 -1 -1 -1 
1 -1 -1 -1 -1 -1 1 -1 -1 1 -1 1 -1 -1 -1 -1 -1 -1 -1 -1 
1 -1 1 1 -1 -1 -1 -1 -1 1 1 1 -1 -1 -1 -1 -1 -1 -1 1 
1 1 1 1 -1 -1 -1 1 1 1 1 1 -1 -1 -1 -1 -1 -1 -1 1 
-1 1 1 1 -1 -1 1 -1 -1 -1 -1 -1 -1 -1 1 -1 -1 -1 -1 1 
1 1 1 -1 1 1 -1 -1 -1 -1 -1 -1 -1 1 1 1 1 1 1 1 
1 -1 -1 -1 1 1 -1 1 1 1 1 -1 1 1 1 1 1 1 -1 1 
1 -1 1 1 1 1 -1 -1 1 -1 -1 1 1 1 1 -1 1 -1 1 1 
1 1 1 -1 1 -1 -1 1 1 1 -1 -1 1 1 1 1 1 -1 -1 -1 
1 1 -1 1 1 1 -1 1 1 1 1 1 1 1 -1 -1 1 -1 1 1 
-1 1 1 -1 1 1 1 1 -1 1 1 1 1 -1 1 1 1 1 1 1 
-1 1 -1 1 1 1 1 1 1 1 -1 -1 -1 1 1 1 -1 -1 -1 1 
1 1 -1 1 1 1 -1 1 1 1 1 1 1 1 1 1 1 -1 -1 1 
-1 1 1 -1 1 -1 -1 -1 1 1 1 -1 1 1 1 1 1 1 1 1 
1 -1 1 1 -1 1 -1 1 1 -1 1 -1 -1 1 1 1 1 1 -1 1 
1 1 1 1 1 1 1 1 1 -1 -1 -1 1 1 1 -1 1 1 -1 1 
1 1 1 1 1 -1 1 -1 1 1 -1 -1 -1 1 1 -1 -1 1 1 1 
1 1 1 1 1 1 1 1 1 1 1 -1 1 1 1 -1 1 1 1 1 
1 1 1 1 1 -1 1 1 -1 1 1 1 1 1 -1 1 1 1 1 -1 
1 1 1 1 1 -1 1 1 -1 1 -1 1 1 1 1 1 1 -1 1 1 
1 1 -1 1 1 1 -1 1 -1 -1 1 -1 1 1 1 1 1 -1 1 1 
-1 1 1 1 1 1 1 1 -1 -1 1 1 1 -1 1 1 1 1 1 1 
1 1 1 -1 1 1 1 1 -1 -1 1 1 1 1 1 1 -1 -1 -1 1 
1 1 1 -1 1 1 1 1 -1 1 -1 1 1 1 1 1 1 1 1 1 
1 1 -1 1 1 1 1 1 1 -1 -1 1 1 1 1 1 1 1 1 1 
1 1 1 1 1 -1 -1 1 -1 -1 -1 -1 1 1 -1 1 1 1 1 1 
1 1 1 1 1 1 1 1 -1 -1 -1 1 1 1 1 1 1 1 -1 1 
1 -1 -1 1 -1 -1 1 1 -1 1 1 1 1 1 1 1 1 1 1 1 
1 -1 1 1 -1 1 1 1 1 1 -1 1 1 -1 1 1 1 1 1 1 
-1 1 1 -1 1 1 1 -1 1 1 1 1 -1 -1 1 1 1 1 1 1 
1 1 1 1 1 1 -1 1 1 1 1 1 1 -1 1 1 1 1 1 -1 
1 1 1 1 1 1 1 1 1 -1 1 -1 -1 1 -1 1 1 1 1 1 
-1 1 -1 1 1 1 -1 1 1 1 -1 -1 1 1 1 1 1 1 1 -1 
1 1 1 1 1 1 1 1 1 1 -1 -1 1 1 1 1 1 1 -1 1 
1 -1 1 1 -1 1 2 1 1 -1 -1 1 1 1 1 1 1 -1 1 -1 
1 1 1 1 1 2 2 -1 1 -1 1 1 1 1 1 1 1 -1 -1 1 
1 1 1 1 -1 1 -1 1 1 1 1 1 1 -1 -1 1 1 -1 1 -1 
-1 1 -1 -1 1 1 1 1 1 1 1 1 1 1 -1 1 1 -1 1 1 
1 -1 -1 -1 -1 -1 -1 1 1 1 1 1 1 -1 -1 1 -1 -1 -1 1 
1 1 1 1 1 1 1 -1 1 -1 1 -1 1 1 -1 -1 1 1 1 1 
1 1 1 1 1 1 1 1 1 1 1 1 1 1 -1 -1 -1 1 1 1 
1 1 1 1 1 1 1 1 1 -1 1 1 1 -1 1 1 1 -1 1 1 
1 1 1 1 1 1 1 1 1 -1 1 1 1 1 1 -1 -1 1 1 -1 
1 1 1 1 1 1 1 -1 -1 1 1 1 -1 1 1 1 -1 -1 1 -1 
1 1 1 -1 1 1 1 1 1 1 1 1 1 1 1 1 -1 -1 -1 -1 
1 1 -1 -1 1 1 1 1 1 1 -1 -1 -1 -1 1 -1 1 1 -1 1 
-1 1 1 1 1 1 1 1 1 -1 -1 1 -1 1 1 1 1 1 1 1 
1 1 -1 -1 1 1 1 1 1 1 1 -1 -1 1 1 1 1 1 1 -1 
1 1 -1 1 -1 1 1 1 -1 1 1 -1 1 1 1 1 1 1 -1 1 
1 -1 -1 1 1 1 1 1 -1 -1 1 1 1 1 1 1 -1 1 1 1 
-1 1 1 1 1 1 -1 1 1 1 1 -1 -1 1 1 1 -1 1 1 1 
-1 1 1 1 1 1 -1 -1 1 1 1 1 1 1 1 1 1 -1 -1 1 
-1 -1 1 1 1 1 1 -1 1 1 1 1 1 1 1 2 1 1 1 1 
1 -1 1 1 1 -1 1 -1 -1 1 1 1 1 1 1 1 2 1 1 1 
1 1 -1 1 1 1 -1 -1 -1 -1 -1 -1 -1 -1 -1 -1 -1 1 -1 -1 
1 1 1 -1 -1 -1 1 1 -1 -1 1 1 -1 1 1 -1 1 1 1 -1 
-1 1 1 1 -1 -1 -1 -1 -1 -1 1 1 1 1 1 1 -1 -1 -1 -1 
-1 1 1 1 1 -1 -1 -1 -1 1 1 1 -1 1 1 1 1 1 1 -1 
1 1 -1 1 1 1 -1 -1 -1 1 -1 -1 -1 -1 1 1 1 -1 1 1 
1 1 1 1 1 1 -1 1 1 1 -1 -1 1 -1 1 1 1 1 1 -1 
-1 1 -1 1 1 -1 1 1 1 1 1 1 1 1 1 1 1 1 -1 -1 
1 -1 1 1 1 1 -1 -1 1 1 -1 1 1 1 1 1 1 1 1 1 
1 1 1 1 1 1 -1 1 1 1 1 -1 -1 1 1 1 1 1 1 1 
-1 1 -1 1 1 -1 1 1 1 1 1 1 1 -1 1 1 1 1 1 1 
1 1 1 1 1 1 -1 1 1 1 -1 1 1 1 1 1 1 1 1 -1 
1 1 1 1 1 1 1 1 1 1 -1 1 -1 1 -1 1 1 -1 1 1 
1 1 1 -1 1 1 -1 1 -1 1 1 1 -1 1 -1 1 -1 -1 1 -1 
1 1 -1 1 -1 1 1 1 1 1 1 1 -1 -1 1 2 1 1 1 1 
1 1 1 1 -1 1 1 1 -1 1 1 1 1 1 1 2 2 2 1 1 
1 1 1 -1 1 -1 1 1 1 1 1 1 1 1 1 2 1 2 2 1 
-1 -1 1 1 1 -1 -1 1 1 1 1 1 1 1 1 -1 2 1 1 1 
1 -1 1 1 1 -1 -1 -1 -1 1 1 -1 -1 1 1 -1 1 1 1 1 
1 1 -1 1 1 1 -1 -1 -1 1 1 1 1 1 -1 1 1 1 1 1 
1 1 -1 1 1 1 1 -1 -1 1 1 1 1 1 1 1 1 1 -1 1 
1 1 1 -1 1 1 -1 1 1 -1 1 1 1 1 1 1 1 1 -1 1 
1 -1 1 1 -1 1 1 1 1 1 1 1 -1 1 1 1 1 1 -1 1 
1 1 1 1 -1 1 -1 1 1 1 1 1 1 1 -1 -1 1 1 1 1 
1 1 1 1 -1 1 1 1 -1 1 1 1 1 1 1 1 1 1 1 1 
1 1 1 1 1 -1 1 1 -1 -1 -1 1 1 1 1 1 1 1 1 1 
-1 1 1 1 1 1 -1 1 1 1 -1 1 1 1 1 -1 1 1 1 1 
1 1 1 1 1 1 1 1 1 1 1 1 1 1 1 -1 -1 -1 -1 1 
1 1 1 1 1 1 1 1 1 1 1 1 1 1 1 -1 -1 1 1 1 
-1 1 1 1 1 -1 1 1 1 1 -1 1 -1 1 -1 -1 -1 1 -1 -1 
1 -1 -1 -1 -1 1 3 -1 -1 1 1 1 1 -1 -1 1 1 -1 -1 -1 
1 1 -1 -1 -1 -1 1 1 1 1 -1 1 1 -1 -1 -1 1 1 1 1 
1 1 1 -1 -1 -1 1 1 1 1 1 -1 -1 -1 1 1 1 -1 1 1 
1 1 1 -1 1 1 1 -1 1 -1 -1 -1 -1 -1 -1 1 1 1 1 1 
1 1 -1 -1 -1 1 1 1 1 1 1 1 -1 -1 -1 1 1 -1 1 1 
1 -1 1 1 1 -1 1 1 1 1 1 1 1 1 1 1 1 1 1 1 
1 -1 1 1 1 1 1 1 1 1 -1 1 -1 1 1 1 1 1 1 1 
1 -1 1 1 1 1 -1 1 -1 -1 1 -1 1 1 -1 1 1 1 1 1 
1 -1 -1 1 1 1 1 1 1 -1 -1 1 1 1 -1 -1 -1 1 1 1 
1 1 1 1 1 1 1 1 -1 -1 -1 -1 -1 -1 -1 1 -1 1 -1 1 
1 1 1 1 1 -1 1 1 -1 -1 -1 -1 -1 -1 1 -1 -1 1 1 1 
1 -1 1 -1 1 1 -1 1 -1 -1 -1 -1 -1 -1 -1 1 1 1 -1 1 
-1 1 1 1 1 -1 1 1 -1 -1 -1 -1 -1 -1 -1 1 -1 1 1 1 
1 -1 1 1 1 1 1 1 1 -1 -1 -1 -1 -1 -1 1 -1 1 1 -1 
1 -1 -1 -1 1 1 1 1 1 -1 -1 -1 -1 -1 -1 -1 -1 1 1 1 
1 1 1 -1 -1 1 1 1 1 1 -1 -1 -1 -1 -1 -1 -1 -1 1 1 
-1 1 -1 -1 -1 -1 1 1 1 -1 -1 -1 -1 -1 -1 -1 -1 -1 1 1 
1 -1 -1 1 1 -1 1 1 -1 -1 -1 -1 -1 -1 -1 -1 -1 -1 1 1 
-1 1 1 1 1 -1 -1 1 -1 -1 -1 -1 1 -1 -1 -1 -1 -1 1 -1 
1 1 -1 1 1 -1 1 1 -1 -1 -1 -1 -1 1 -1 -1 1 -1 -1 -1 
-1 -1 1 1 1 1 -1 -1 -1 -1 1 -1 -1 -1 -1 1 -1 -1 1 -1 
1 1 1 1 1 -1 1 -1 -1 -1 -1 1 -1 -1 -1 1 1 -1 1 -1 
1 1 1 1 -1 1 1 -1 -1 -1 -1 -1 1 -1 -1 1 -1 1 1 1 
1 1 1 1 1 -1 -1 -1 1 1 -1 1 -1 -1 1 -1 1 -1 -1 1 
1 -1 1 1 1 1 -1 1 -1 1 1 -1 -1 -1 1 -1 -1 1 -1 1 
1 1 1 1 1 -1 1 1 1 -1 -1 -1 1 1 1 1 1 1 1 1 
1 -1 1 1 -1 -1 1 1 1 -1 -1 -1 1 1 1 1 1 1 1 1 
1 -1 1 1 1 1 1 1 -1 1 1 1 1 1 1 1 1 1 -1 1 
1 1 1 1 -1 1 1 -1 1 -1 1 1 1 1 1 1 -1 1 1 1 
1 -1 1 1 -1 1 1 1 1 1 1 -1 1 1 1 -1 1 1 1 1 
1 1 1 1 1 1 -1 1 1 1 1 1 -1 1 1 1 1 1 1 1 
-1 1 1 1 -1 1 -1 -1 1 1 1 1 -1 -1 1 1 1 1 1 1 
-1 1 1 1 1 1 1 1 1 -1 1 1 1 1 1 1 1 1 -1 1 
-1 1 1 1 1 1 1 1 -1 1 1 1 1 1 -1 -1 1 1 -1 1 
1 1 1 1 1 1 1 -1 1 1 1 1 1 -1 1 1 1 -1 1 1 
1 1 1 1 1 1 1 1 1 1 1 1 1 1 1 1 1 1 1 1 
1 1 1 1 1 1 1 -1 1 1 1 1 1 -1 1 1 1 1 1 1 
1 1 1 1 1 -1 1 1 1 1 -1 -1 1 1 1 1 1 1 -1 1 
1 1 1 1 -1 1 -1 1 1 -1 -1 1 1 1 1 1 1 -1 1 1 
1 1 1 1 1 1 -1 -1 -1 1 -1 1 1 1 1 1 1 1 1 1 
1 1 -1 -1 1 1 1 1 1 1 1 1 1 1 1 1 -1 1 1 1 
-1 1 -1 1 1 1 1 1 1 1 1 1 -1 1 1 1 1 1 1 1 
1 1 1 1 -1 1 1 1 -1 1 -1 -1 1 1 1 1 -1 1 1 1 
1 1 1 1 1 -1 1 1 1 1 1 1 1 1 1 1 1 1 1 1 
1 1 1 1 1 1 1 1 1 -1 -1 1 1 -1 -1 1 1 1 1 -1 
1 1 1 1 1 -1 1 1 1 -1 -1 -1 1 1 1 1 1 1 -1 1 
1 -1 1 1 1 1 1 -1 1 1 1 -1 -1 -1 -1 -1 1 1 1 1 
1 1 1 1 1 -1 1 1 -1 1 1 -1 1 1 1 1 1 1 1 1 
1 1 1 1 1 1 1 1 -1 -1 -1 -1 1 1 1 1 -1 -1 -1 -1 
1 1 1 1 1 1 -1 -1 -1 -1 -1 -1 -1 1 1 -1 -1 1 1 1 
-1 -1 1 1 1 -1 -1 -1 -1 -1 -1 -1 -1 -1 -1 -1 1 1 1 1 
1 -1 1 1 1 -1 -1 -1 -1 -1 -1 -1 -1 -1 -1 1 -1 1 1 1 
-1 1 1 1 -1 -1 1 -1 -1 -1 -1 -1 1 -1 -1 -1 1 1 1 -1 
1 1 -1 1 1 1 -1 -1 -1 -1 -1 1 -1 -1 -1 1 1 1 -1 -1 
1 1 1 1 1 1 -1 -1 -1 1 1 1 1 1 -1 1 1 1 1 1 
-1 1 1 1 1 -1 -1 1 1 -1 -1 -1 -1 1 1 1 1 1 1 1 
-1 1 1 -1 -1 1 -1 -1 1 -1 -1 -1 -1 -1 -1 -1 1 1 -1 -1 
-1 -1 1 1 -1 -1 1 -1 1 1 -1 -1 -1 -1 1 1 1 1 1 -1 
-1 -1 1 -1 -1 -1 -1 1 1 1 1 1 -1 1 -1 -1 1 1 -1 -1 
-1 -1 -1 -1 -1 -1 1 -1 1 1 1 1 1 1 -1 -1 1 -1 -1 -1 
-1 -1 -1 -1 -1 1 1 1 1 1 1 1 1 -1 -1 -1 -1 -1 -1 -1 
1 -1 -1 -1 -1 -1 1 1 1 1 1 1 1 -1 -1 -1 -1 -1 -1 1 
1 1 -1 -1 -1 1 1 1 1 1 1 1 -1 -1 -1 -1 -1 -1 -1 1 
1 1 1 1 1 1 1 -1 1 -1 1 -1 -1 -1 -1 -1 -1 -1 -1 1 
1 -1 -1 1 -1 -1 -1 -1 1 -1 -1 -1 -1 -1 -1 -1 -1 -1 1 -1 
1 -1 -1 -1 -1 1 1 -1 -1 -1 -1 1 -1 -1 -1 -1 -1 1 1 1 
-1 1 1 -1 -1 1 1 -1 -1 -1 1 -1 -1 -1 1 1 1 1 1 -1 
-1 1 1 1 1 1 1 -1 -1 -1 -1 1 -1 -1 -1 1 1 1 1 -1 
1 -1 1 1 1 1 1 1 1 1 -1 1 1 1 1 1 1 1 1 1 
1 -1 1 1 1 1 1 1 1 -1 -1 1 1 1 1 1 -1 1 1 -1 
1 1 1 1 1 -1 1 1 -1 1 -1 -1 1 1 1 1 1 1 1 1 
1 1 1 1 1 1 1 -1 1 1 1 1 1 1 1 1 1 1 1 1 
1 -1 1 1 -1 1 1 1 1 1 -1 1 -1 1 1 1 -1 -1 1 -1 
1 1 1 1 -1 1 1 1 1 1 1 1 1 1 1 1 -1 1 1 1 
1 1 1 1 1 1 -1 -1 1 1 1 1 1 1 1 1 1 1 1 1 
1 1 1 1 1 1 -1 -1 1 1 1 1 1 -1 1 1 1 1 1 1 
1 1 -1 -1 -1 1 1 3 -1 -1 1 1 1 1 1 1 1 1 1 1 
-1 1 1 -1 -1 -1 3 1 1 1 1 -1 1 1 -1 -1 -1 1 -1 1 
1 1 -1 -1 1 1 1 3 1 1 1 1 -1 1 -1 -1 1 -1 -1 -1 
1 1 -1 1 1 -1 3 3 3 1 1 1 1 1 1 -1 1 1 -1 1 
1 1 1 1 1 3 1 1 1 1 1 -1 1 1 1 1 1 1 -1 1 
1 1 1 1 1 -1 -1 1 1 1 1 1 1 3 3 -1 1 1 1 1 
1 1 1 -1 -1 1 1 1 1 -1 1 1 -1 1 3 1 1 1 1 1 
-1 1 1 1 1 1 1 1 1 -1 1 1 1 1 1 1 -1 1 1 1 
-1 -1 1 1 1 -1 -1 1 1 1 1 1 1 1 1 1 1 1 1 1 
1 -1 1 1 1 1 1 1 1 1 1 1 1 1 1 1 1 1 1 1 
1 1 -1 1 1 1 -1 1 1 1 1 1 1 1 1 1 1 1 1 1 
-1 1 1 1 1 1 1 1 1 1 1 -1 -1 1 1 1 1 1 1 1 
1 1 1 -1 -1 -1 -1 -1 1 1 -1 1 1 -1 1 1 1 1 1 1 
1 -1 1 1 -1 1 1 1 1 -1 1 1 -1 1 1 1 1 1 1 1 
1 1 1 1 1 1 1 -1 1 1 -1 1 -1 -1 1 1 1 1 1 1 
1 1 1 1 1 1 1 1 1 1 1 1 1 1 1 -1 -1 1 1 1 
1 1 1 1 1 1 1 1 1 1 1 1 1 1 1 -1 1 1 1 1 
1 1 -1 1 1 1 1 1 1 1 -1 1 1 1 1 1 1 1 1 1 
1 1 1 1 1 -1 1 1 1 1 1 1 1 1 -1 -1 1 -1 1 1 
1 1 -1 1 1 1 -1 -1 1 1 1 1 -1 -1 1 1 1 1 1 1 
1 1 -1 -1 1 1 1 1 1 1 1 1 -1 1 -1 1 1 1 1 1 
1 1 1 1 -1 -1 1 1 1 1 1 1 1 1 -1 1 1 1 -1 -1 
1 -1 1 1 -1 1 -1 1 1 1 1 1 1 -1 1 1 -1 1 1 1 
1 1 -1 1 1 1 1 1 -1 1 1 1 1 1 1 1 1 -1 1 -1 
-1 1 1 1 1 1 1 1 1 -1 1 1 1 1 1 1 1 1 -1 1 
-1 -1 1 1 1 1 1 1 1 1 1 -1 1 1 1 1 1 1 1 1 
1 -1 -1 1 1 1 1 -1 1 1 1 -1 1 1 1 1 1 1 -1 -1 
-1 1 1 1 -1 1 1 -1 1 1 1 1 -1 -1 1 -1 1 1 -1 1 
1 1 1 -1 -1 1 -1 -1 -1 1 1 1 -1 -1 1 1 1 1 1 -1 
1 1 1 1 1 1 1 1 -1 -1 -1 -1 -1 1 1 1 1 1 1 1 
1 1 1 1 1 1 1 1 1 -1 1 -1 1 1 1 1 1 1 1 1 
1 1 -1 1 1 -1 1 1 -1 -1 -1 1 1 1 1 1 1 -1 -1 1 
1 1 1 1 1 1 1 1 -1 1 1 1 1 1 1 1 1 -1 1 -1 
1 1 1 -1 1 1 1 1 -1 1 1 1 1 1 1 1 -1 1 1 1 
1 1 1 1 1 1 1 -1 -1 -1 1 1 1 1 1 -1 1 1 1 1 
1 1 1 1 1 1 1 1 1 -1 -1 -1 1 -1 -1 1 1 1 -1 1 
1 1 1 1 -1 1 1 1 -1 -1 -1 -1 1 1 -1 1 1 1 1 1 
1 1 1 1 -1 -1 1 1 -1 -1 -1 -1 1 1 -1 1 -1 -1 -1 1 
1 1 1 1 1 -1 1 1 1 -1 -1 -1 1 1 1 1 1 -1 1 1 
-1 1 -1 -1 1 1 -1 -1 1 -1 -1 -1 -1 1 1 1 1 1 1 -1 
-1 1 -1 1 1 -1 -1 -1 -1 1 -1 1 -1 1 1 1 1 -1 -1 -1 
1 -1 1 1 -1 -1 1 -1 -1 -1 1 1 1 -1 1 1 1 -1 -1 -1 
1 1 1 1 1 1 1 -1 -1 1 -1 1 1 -1 -1 1 1 -1 -1 -1 
1 1 1 -1 -1 1 1 -1 -1 -1 1 1 1 -1 -1 1 1 1 1 -1 
1 1 1 -1 -1 -1 1 -1 1 1 -1 1 -1 -1 -1 -1 1 1 1 -1 
1 1 1 -1 1 1 1 1 -1 -1 1 -1 -1 -1 -1 -1 1 1 1 1 
1 1 1 -1 1 1 -1 1 -1 1 1 -1 -1 1 -1 1 -1 1 1 1 
-1 1 1 1 -1 -1 -1 1 1 -1 1 -1 1 1 1 1 1 1 1 -1 
-1 1 1 1 -1 -1 1 1 1 1 -1 1 1 1 1 1 1 1 -1 1 
1 1 1 1 1 1 1 1 1 1 -1 1 -1 1 -1 -1 1 1 -1 1 
1 -1 -1 1 -1 1 1 1 -1 -1 -1 -1 1 -1 1 1 1 1 1 1 
1 1 1 -1 1 1 1 1 -1 -1 1 1 1 1 -1 1 1 1 1 1 
1 1 1 1 1 1 1 -1 1 -1 1 1 1 1 1 1 1 1 1 1 
1 -1 1 1 1 1 1 1 -1 1 -1 1 1 1 1 1 1 -1 1 1 
1 1 1 1 1 1 1 -1 1 1 1 1 -1 1 1 1 1 1 1 1 
1 1 1 -1 1 1 1 -1 1 -1 1 1 1 1 1 1 1 1 1 1 
1 -1 1 1 1 1 1 1 1 1 1 -1 -1 1 1 1 -1 1 -1 1 
-1 1 -1 1 1 1 1 1 1 1 -1 -1 -1 -1 1 1 1 1 1 1 
1 1 1 1 1 1 1 1 -1 -1 -1 1 -1 1 -1 -1 -1 1 1 1 
1 -1 1 1 1 -1 1 1 1 -1 1 -1 1 1 -1 -1 -1 1 1 1 
1 1 1 1 1 1 -1 1 -1 1 1 -1 -1 -1 -1 -1 -1 1 -1 -1 
1 1 1 1 1 1 -1 1 1 1 1 1 -1 -1 -1 -1 -1 1 -1 -1 
-1 1 1 1 1 1 1 -1 1 1 -1 1 -1 -1 -1 -1 -1 1 -1 -1 
-1 -1 -1 1 -1 -1 1 1 1 -1 -1 -1 -1 -1 -1 1 -1 1 1 1 
1 1 1 1 -1 -1 1 1 1 1 -1 -1 -1 -1 -1 1 1 -1 1 1 
1 1 1 1 1 1 1 1 1 1 1 -1 -1 -1 -1 1 1 1 -1 1 
1 1 1 1 1 1 1 1 1 1 1 1 -1 -1 -1 -1 1 1 1 1 
-1 -1 1 1 1 1 1 1 1 1 1 -1 1 1 1 -1 -1 -1 1 1 
-1 1 1 1 1 1 1 -1 1 1 -1 -1 -1 -1 1 1 1 1 1 -1 
-1 1 1 1 1 1 1 1 1 1 1 -1 -1 1 1 1 1 1 1 1 
-1 1 1 -1 -1 -1 1 -1 -1 -1 1 1 1 1 1 1 1 1 1 -1 
1 1 1 -1 1 1 -1 1 1 -1 -1 -1 1 1 1 1 -1 1 1 1 
1 1 1 -1 1 1 1 -1 -1 1 1 1 1 1 1 1 1 1 1 1 
1 1 1 1 1 1 1 1 1 1 1 1 1 1 1 1 -1 -1 1 1 
1 1 1 1 1 1 1 1 -1 1 1 1 1 -1 1 1 1 1 1 1 
1 1 1 1 1 1 -1 -1 1 1 1 1 1 1 -1 1 1 1 1 1 
1 1 1 1 1 1 -1 -1 1 1 1 1 1 1 -1 -1 1 1 -1 1 
1 1 1 1 -1 1 1 1 1 1 1 -1 -1 1 1 1 1 1 1 1 
1 1 1 1 -1 1 1 1 1 -1 1 -1 -1 1 1 1 1 1 1 1 
-1 1 1 -1 1 1 1 1 -1 -1 -1 -1 -1 -1 -1 1 -1 1 -1 -1 
1 1 -1 -1 -1 1 -1 1 -1 -1 -1 1 -1 1 1 1 1 1 1 -1 
-1 1 -1 1 1 1 1 1 -1 -1 -1 -1 1 1 1 1 1 1 1 1 
1 1 1 1 -1 1 1 1 1 -1 1 -1 1 1 1 1 1 1 1 1 
-1 1 1 1 1 1 1 1 -1 1 1 1 1 -1 -1 1 1 1 -1 -1 
-1 1 -1 -1 1 1 1 1 1 1 1 1 -1 -1 1 1 1 1 1 -1 
-1 1 1 1 1 1 1 1 1 1 1 -1 1 1 1 -1 1 -1 1 1 
1 -1 -1 1 1 -1 1 1 1 1 1 1 -1 -1 1 1 1 1 1 -1 
1 -1 1 1 -1 1 1 1 1 1 1 1 1 1 1 1 1 1 -1 1 
1 1 1 -1 1 1 1 1 -1 1 1 -1 1 1 1 1 1 1 1 1 
1 -1 1 1 1 1 1 -1 1 1 1 -1 -1 -1 1 1 -1 1 1 1 
1 1 1 1 -1 -1 1 1 1 1 1 1 1 1 1 -1 1 1 1 -1 
1 1 1 -1 -1 1 1 1 -1 1 1 1 1 1 1 -1 1 1 1 1 
1 -1 1 1 1 1 1 -1 -1 1 1 -1 1 1 1 1 1 1 1 1 
1 -1 1 1 1 -1 1 1 1 1 1 -1 1 1 -1 1 1 1 1 1 
1 1 -1 1 1 1 1 1 1 1 -1 1 -1 -1 1 -1 1 1 -1 1 
1 1 1 1 1 1 1 1 -1 -1 1 1 1 -1 -1 1 -1 1 -1 1 
-1 -1 1 1 1 1 1 -1 -1 1 1 1 1 1 -1 -1 -1 1 1 1 
-1 1 1 1 1 1 1 1 1 1 1 1 -1 1 1 -1 1 1 1 -1 
1 1 1 1 1 1 -1 1 1 1 1 1 1 1 -1 -1 -1 -1 -1 1 
-1 -1 1 1 1 1 -1 -1 1 1 1 1 1 1 1 -1 -1 -1 -1 1 
1 1 -1 1 1 1 1 1 1 1 -1 1 -1 1 1 1 1 -1 1 1 
1 -1 1 1 1 1 1 1 1 1 -1 -1 1 -1 -1 1 -1 1 1 1 
-1 1 1 1 -1 -1 1 1 1 1 1 -1 1 1 1 1 1 1 1 1 
1 -1 1 1 1 1 1 1 -1 -1 1 1 -1 1 1 1 1 1 1 -1 
1 1 1 1 -1 1 -1 -1 -1 1 1 1 1 -1 -1 1 1 1 1 1 
1 1 1 1 1 -1 1 1 1 1 1 -1 -1 1 1 1 1 -1 1 1 
1 1 1 1 1 1 1 1 1 -1 1 -1 -1 1 1 1 1 -1 1 1 
1 1 1 1 1 -1 -1 1 -1 1 1 1 1 1 1 1 -1 1 1 1 
1 1 1 -1 1 -1 -1 -1 -1 1 1 1 1 1 -1 1 -1 1 1 1 
1 1 1 1 1 1 -1 -1 1 1 -1 1 1 1 1 1 1 -1 2 -1 
1 1 1 1 -1 1 1 1 1 1 1 1 1 1 1 -1 1 1 1 1 
1 1 1 1 1 -1 1 1 1 1 1 1 -1 1 1 -1 1 1 1 -1 
1 -1 1 1 -1 1 1 1 -1 1 1 1 1 1 1 1 1 -1 -1 1 
1 -1 1 1 1 1 1 1 -1 1 1 -1 1 1 1 1 1 -1 1 1 
1 1 -1 1 1 1 1 -1 -1 -1 -1 -1 1 -1 1 1 1 1 1 1 
1 1 1 1 1 1 -1 1 1 -1 1 1 1 1 1 1 1 -1 1 1 
1 1 1 1 1 1 1 -1 1 1 1 1 1 1 1 1 1 1 1 1 
1 1 1 1 1 -1 1 1 1 1 1 1 -1 1 -1 1 1 1 1 -1 
1 1 1 -1 -1 1 1 -1 1 1 1 1 1 1 1 1 1 1 1 1 
1 1 1 1 -1 1 -1 1 1 1 1 1 1 1 1 1 1 1 1 1 
1 1 1 1 1 -1 -1 -1 1 1 1 1 1 1 1 1 -1 -1 1 -1 
-1 1 1 1 1 1 -1 1 1 1 1 1 1 -1 -1 1 1 -1 1 1 
-1 1 -1 1 1 1 1 1 1 1 1 1 1 1 1 1 1 1 1 -1 
1 -1 1 -1 1 1 1 1 1 1 1 1 1 1 -1 1 1 1 1 1 
1 1 1 1 1 1 -1 1 1 1 -1 1 1 -1 1 1 1 1 1 1 
1 1 1 1 -1 -1 1 1 1 1 -1 -1 -1 1 1 1 -1 1 1 1 
1 1 1 -1 1 1 1 1 1 -1 -1 1 1 1 1 1 1 1 1 1 
1 1 -1 1 1 1 1 1 1 -1 -1 1 1 1 1 1 1 -1 2 1 
1 1 1 1 1 1 1 1 -1 -1 -1 -1 1 1 -1 -1 -1 1 1 1 
-1 1 1 1 1 1 -1 1 -1 1 1 1 1 1 1 1 1 1 1 1 
1 1 1 1 1 1 1 1 1 1 1 1 1 1 -1 1 1 1 1 1 
-1 -1 1 1 1 1 1 1 1 1 -1 1 1 1 1 1 -1 -1 -1 1 
1 1 1 1 1 -1 1 -1 -1 -1 -1 -1 -1 1 1 1 1 -1 1 1 
1 1 1 1 1 -1 -1 1 -1 -1 -1 -1 -1 1 1 1 1 1 1 1 
1 1 1 1 1 -1 1 1 -1 -1 -1 -1 1 1 1 1 1 1 1 -1 
1 1 -1 -1 -1 1 1 -1 -1 -1 -1 -1 1 1 -1 1 -1 1 1 -1 
1 1 1 1 -1 1 1 1 -1 -1 -1 -1 -1 1 -1 -1 -1 -1 -1 -1 
-1 1 1 1 1 -1 1 -1 1 1 1 -1 -1 1 -1 1 -1 -1 -1 1 
1 -1 -1 1 1 1 1 1 1 1 -1 -1 -1 -1 1 -1 1 -1 -1 -1 
1 1 -1 -1 1 1 1 -1 -1 -1 -1 -1 -1 -1 -1 -1 -1 -1 -1 1 
1 -1 1 1 1 1 1 1 1 -1 -1 -1 -1 -1 -1 -1 -1 -1 -1 -1 
-1 -1 1 1 1 -1 1 1 1 -1 -1 -1 -1 -1 -1 -1 -1 -1 -1 -1 
-1 -1 1 -1 1 1 1 1 -1 1 -1 -1 -1 -1 -1 -1 -1 -1 -1 -1 
1 1 1 -1 -1 -1 -1 -1 -1 -1 -1 -1 -1 -1 -1 -1 -1 -1 -1 -1 
1 1 -1 1 -1 -1 -1 -1 -1 -1 -1 -1 -1 -1 -1 -1 -1 -1 -1 -1 
1 1 -1 -1 -1 -1 -1 -1 -1 -1 -1 -1 -1 -1 -1 -1 -1 -1 -1 1 
1 -1 -1 -1 1 -1 -1 -1 -1 -1 -1 -1 1 -1 -1 -1 -1 -1 1 1 
1 1 1 1 1 1 1 -1 -1 -1 -1 -1 -1 1 1 -1 -1 1 -1 1 
1 1 -1 1 1 1 1 1 1 -1 1 -1 1 1 1 1 1 1 1 1 
1 1 1 1 1 1 1 1 1 1 1 1 1 1 1 1 1 1 1 1 
1 1 1 1 1 1 1 1 -1 1 1 -1 1 1 1 -1 1 1 1 1 
-1 1 1 1 1 1 1 -1 1 -1 -1 -1 -1 1 1 1 1 1 1 1 
1 1 1 1 -1 1 1 -1 1 1 1 -1 1 1 1 1 1 1 1 1 
-1 -1 1 -1 -1 -1 -1 1 1 1 1 1 1 1 1 1 1 1 1 1 
-1 -1 1 -1 -1 -1 -1 1 1 1 1 1 1 1 -1 -1 -1 1 1 1 
1 1 1 1 -1 1 1 -1 1 1 1 1 1 1 -1 -1 1 -1 1 -1 
-1 1 -1 1 1 1 1 -1 -1 -1 1 1 1 -1 -1 1 1 1 -1 -1 
-1 1 1 1 1 -1 1 -1 -1 -1 1 1 -1 -1 1 1 1 1 1 1 
-1 1 1 1 1 1 -1 -1 -1 1 1 -1 1 -1 -1 1 1 1 1 1 
1 1 1 1 1 1 -1 1 1 1 -1 -1 1 -1 -1 -1 -1 1 -1 1 
1 1 1 1 1 -1 -1 1 1 1 1 1 1 1 -1 -1 1 -1 -1 -1 
1 1 -1 1 -1 -1 1 1 1 1 1 1 1 1 -1 1 -1 1 -1 1 
1 -1 -1 -1 -1 1 -1 1 1 1 1 1 1 1 1 1 1 1 1 1 
1 1 -1 -1 -1 1 1 1 1 1 1 1 1 1 -1 1 1 -1 1 1 
-1 1 -1 -1 1 1 1 -1 -1 1 1 1 1 -1 1 1 1 1 1 1 
1 -1 1 1 1 1 -1 1 -1 -1 1 1 -1 -1 1 1 1 1 -1 1 
1 1 1 1 1 1 1 1 -1 1 1 1 1 1 1 1 1 1 1 1 
1 1 1 1 -1 1 1 1 -1 -1 -1 1 1 -1 1 1 1 1 1 1 
1 1 1 -1 1 1 1 1 -1 -1 -1 -1 1 1 -1 -1 1 1 1 1 
1 1 1 1 1 -1 1 -1 -1 -1 -1 -1 1 1 1 1 -1 -1 1 1 
1 1 -1 1 -1 -1 -1 -1 1 1 -1 1 -1 1 1 -1 1 1 1 1 
1 1 1 -1 1 -1 -1 -1 1 1 1 1 1 1 1 1 1 1 1 1 
1 1 1 1 1 1 -1 -1 -1 1 -1 1 1 1 -1 1 1 -1 1 1 
1 1 1 1 1 1 1 1 1 1 1 1 1 1 1 1 1 1 1 1 
1 1 1 1 1 1 1 1 1 1 1 1 1 -1 1 -1 1 1 1 1 
1 -1 1 1 1 1 1 1 1 1 1 1 1 -1 1 1 1 1 1 1 
1 1 1 1 1 1 1 1 1 1 1 -1 -1 1 1 1 1 1 1 1 
1 1 1 1 1 1 1 1 -1 1 -1 -1 -1 1 1 1 1 1 1 1 
1 1 1 1 1 1 1 -1 1 1 1 1 -1 1 1 -1 1 1 1 1 
1 1 1 1 -1 1 1 1 1 1 1 -1 -1 -1 1 1 1 1 1 1 
1 1 -1 1 1 1 1 1 1 1 1 -1 -1 -1 1 1 1 1 1 1 
1 -1 1 1 1 1 1 1 1 -1 1 1 1 1 -1 1 1 -1 1 1 
1 1 1 1 1 1 1 1 1 1 -1 1 -1 -1 1 1 1 1 -1 -1 
1 1 1 1 -1 1 1 1 1 1 1 -1 -1 -1 1 1 -1 -1 -1 -1 
-1 1 1 1 1 1 1 1 1 1 -1 -1 -1 -1 1 -1 -1 1 1 1 
1 1 1 -1 1 1 -1 1 1 1 1 1 -1 -1 1 1 -1 1 1 1 
1 1 1 1 1 1 -1 1 1 1 1 -1 -1 -1 -1 1 1 1 1 1 
1 1 1 -1 1 1 -1 1 1 1 1 1 -1 1 1 1 1 1 1 1 
1 1 1 1 1 -1 1 1 1 1 1 1 1 1 -1 1 1 1 -1 -1 
1 1 1 1 1 1 1 1 1 1 1 -1 1 1 1 1 1 1 1 -1 
1 -1 1 1 1 1 1 1 1 1 1 1 1 1 1 -1 1 1 1 1 
1 1 1 1 1 -1 1 1 -1 1 1 1 1 1 1 -1 1 1 1 1 
1 1 1 1 1 1 1 1 -1 -1 -1 -1 -1 -1 1 1 1 1 1 1 
1 1 1 1 1 1 1 1 1 -1 -1 -1 -1 1 1 -1 1 1 -1 1 
1 -1 1 -1 -1 1 1 1 1 -1 -1 -1 1 1 1 1 1 1 1 1 
1 1 -1 1 1 -1 -1 -1 1 1 -1 1 -1 1 1 -1 1 1 1 1 
1 1 1 -1 1 -1 -1 -1 -1 1 -1 -1 -1 1 -1 1 1 1 1 1 
1 1 1 -1 -1 -1 -1 -1 -1 1 1 -1 1 1 1 1 -1 -1 1 1 
-1 1 1 -1 -1 -1 -1 -1 1 1 1 1 -1 -1 1 1 1 1 1 -1 
-1 -1 1 1 -1 -1 -1 -1 -1 -1 -1 -1 -1 1 1 1 -1 -1 1 -1 
1 1 1 -1 1 -1 -1 -1 -1 1 1 -1 -1 1 -1 1 1 1 -1 1 
1 1 1 1 1 1 -1 -1 -1 1 1 -1 1 1 1 1 1 1 1 1 
1 1 1 -1 1 1 1 -1 -1 -1 -1 1 -1 1 1 1 1 1 1 1 
1 1 1 1 1 1 1 1 1 -1 -1 1 -1 4 1 1 1 1 -1 1 
1 1 -1 1 1 1 1 1 -1 1 1 1 4 -1 -1 1 1 1 1 1 
1 -1 1 -1 1 -1 -1 1 -1 -1 1 -1 -1 -1 -1 1 1 1 1 1 
1 1 1 -1 1 1 -1 -1 -1 1 1 -1 -1 -1 -1 1 1 1 1 1 
1 1 1 1 -1 1 1 -1 -1 1 1 -1 -1 -1 -1 -1 1 1 1 1 
1 1 1 1 1 -1 -1 -1 -1 -1 -1 -1 -1 -1 -1 1 1 1 1 1 
1 1 -1 1 1 -1 -1 -1 -1 -1 -1 1 -1 -1 1 1 -1 1 1 1 
1 1 1 1 1 1 1 -1 1 -1 -1 -1 1 -1 -1 1 1 1 1 1 
1 1 1 -1 1 1 1 -1 1 -1 -1 -1 -1 -1 1 1 1 1 1 1 
-1 -1 1 1 1 1 1 1 1 1 -1 -1 -1 1 -1 -1 1 1 1 1 
1 1 1 1 1 1 -1 1 1 1 1 -1 -1 1 -1 1 1 1 1 1 
1 1 -1 1 1 1 1 1 1 -1 1 1 -1 1 1 -1 1 1 1 1 
1 1 1 1 1 -1 1 -1 -1 1 1 1 -1 -1 -1 1 -1 1 1 1 
1 1 -1 -1 1 1 1 1 1 1 1 -1 1 -1 -1 -1 1 1 1 1 
1 1 -1 1 1 1 1 1 1 1 1 -1 1 1 -1 -1 1 -1 1 1 
1 -1 1 1 1 1 1 1 1 1 1 -1 -1 1 1 -1 -1 -1 -1 1 
1 1 1 1 1 1 -1 1 -1 1 1 1 1 -1 1 -1 -1 -1 1 1 
1 1 1 1 1 1 -1 1 1 1 -1 -1 -1 1 1 1 1 -1 1 1 
1 1 1 -1 1 1 1 -1 1 -1 1 -1 1 1 1 -1 -1 1 1 1 
1 -1 1 1 1 1 4 1 1 1 1 1 1 -1 1 1 1 1 1 1 
1 1 -1 1 1 4 -1 -1 1 1 1 1 1 -1 -1 1 1 1 1 1 
1 1 1 1 -1 1 1 1 -1 1 1 -1 1 1 -1 1 1 -1 1 1 
1 1 1 1 1 1 -1 -1 1 1 1 1 -1 1 -1 -1 -1 1 1 -1 
1 1 1 1 1 -1 -1 1 -1 -1 -1 1 1 1 1 -1 1 1 1 1 
1 1 1 1 1 -1 1 1 -1 -1 1 1 -1 1 -1 -1 1 1 1 1 
-1 -1 1 1 1 1 1 1 1 -1 -1 1 1 1 1 1 1 1 1 1 
1 -1 -1 -1 1 1 1 1 1 -1 -1 1 1 -1 1 1 1 1 1 1 
1 -1 -1 -1 1 1 1 1 1 -1 -1 1 -1 -1 1 1 1 1 -1 1 
-1 -1 1 1 1 -1 1 -1 1 1 1 -1 -1 1 1 -1 1 1 1 1 
1 -1 1 1 1 1 1 -1 1 1 1 1 1 1 -1 1 1 1 1 1 
1 1 -1 1 1 1 -1 -1 1 1 1 -1 1 1 1 1 -1 -1 1 1 
1 1 1 1 1 1 1 1 1 1 1 -1 1 -1 1 1 1 1 1 1 
1 1 1 -1 1 1 1 1 1 -1 1 1 -1 -1 1 1 1 1 1 1 
-1 1 1 1 1 1 1 1 1 1 1 -1 1 1 1 -1 1 1 1 1 
1 -1 1 -1 1 1 1 -1 1 1 1 1 1 -1 -1 -1 -1 1 1 1 
1 1 1 1 -1 1 1 -1 1 1 1 -1 1 -1 1 1 1 1 1 1 
1 1 1 1 1 -1 -1 1 1 -1 -1 -1 1 1 1 1 1 1 1 1 
1 1 1 -1 -1 -1 1 1 1 1 1 -1 -1 1 1 -1 1 1 1 1 
1 1 1 -1 1 1 1 1 1 1 1 1 -1 -1 1 1 -1 -1 1 1 
-1 1 1 1 1 1 1 1 1 1 1 -1 -1 1 1 -1 1 -1 1 1 
1 1 1 1 -1 1 1 1 1 1 -1 1 1 1 1 1 1 1 1 1 
1 1 1 1 1 1 1 1 1 1 1 1 1 1 1 1 1 1 1 1 
1 -1 1 1 -1 -1 -1 1 1 1 1 1 1 -1 -1 1 1 1 1 1 
1 1 1 1 1 1 -1 -1 -1 1 1 1 1 1 1 1 1 1 1 1 
1 1 1 1 -1 -1 -1 -1 -1 -1 1 1 1 1 1 1 1 1 1 1 
1 1 -1 1 -1 -1 -1 -1 -1 -1 1 1 -1 1 -1 1 1 1 1 1 
1 1 1 1 1 -1 1 -1 -1 -1 1 -1 1 1 1 1 1 1 1 1 
1 -1 1 1 1 1 1 -1 -1 -1 -1 -1 -1 1 1 1 1 1 1 1 
1 1 1 1 -1 -1 1 -1 -1 -1 -1 -1 1 1 1 1 1 1 1 1 
1 1 -1 1 1 1 -1 -1 1 -1 1 1 1 -1 1 1 1 1 -1 1 
1 1 1 1 1 -1 -1 1 -1 1 -1 1 1 1 1 1 1 1 -1 -1 
1 1 1 1 1 1 1 1 -1 1 1 1 -1 1 1 1 1 -1 1 -1 
1 1 -1 1 1 1 -1 1 1 1 1 1 -1 -1 -1 1 1 1 -1 1 
1 1 1 -1 1 -1 1 1 1 1 1 -1 1 1 1 1 1 1 -1 1 
1 1 1 1 1 1 1 1 1 1 1 1 1 1 1 1 1 -1 -1 1 
1 1 1 1 1 1 -1 1 1 1 1 -1 1 1 1 1 1 1 1 1 
1 1 1 1 1 1 1 -1 1 1 1 1 1 1 1 1 1 1 1 1 
1 1 -1 -1 1 1 1 1 1 1 1 1 1 1 1 1 1 1 -1 1 
1 -1 -1 -1 1 1 1 1 1 1 -1 -1 1 1 1 1 1 1 1 -1 
-1 1 -1 1 1 1 1 1 -1 -1 -1 1 1 1 1 1 1 -1 1 -1 
-1 -1 1 1 -1 1 -1 1 1 -1 -1 -1 1 1 1 -1 1 -1 1 1 
-1 -1 1 1 1 1 1 -1 -1 1 -1 -1 1 1 1 1 1 1 1 1 
1 -1 -1 1 1 1 1 1 1 -1 -1 -1 -1 1 1 1 1 1 -1 1 
1 -1 -1 -1 1 -1 1 1 -1 1 1 -1 -1 1 1 -1 1 1 1 -1 
1 -1 -1 1 1 1 1 1 1 -1 -1 -1 -1 -1 1 1 1 1 1 1 
1 1 1 1 1 1 -1 1 1 1 1 1 1 1 -1 1 -1 1 1 1 
1 1 1 1 -1 -1 -1 1 1 1 1 1 1 1 1 -1 -1 -1 1 1 
1 1 1 1 1 1 1 -1 1 1 1 1 1 1 -1 -1 1 -1 -1 -1 
1 1 1 1 1 1 -1 -1 -1 1 1 1 1 1 1 1 1 1 1 1 
1 -1 1 1 -1 -1 1 1 1 1 1 -1 -1 -1 1 -1 1 1 1 1 
-1 1 1 1 -1 1 -1 -1 -1 1 1 -1 -1 -1 1 1 1 -1 1 1 
1 1 -1 -1 -1 -1 -1 -1 1 1 1 -1 -1 -1 1 1 1 1 1 1 
1 1 -1 1 1 1 -1 1 1 -1 1 -1 1 -1 -1 1 1 1 1 1 
1 1 1 1 1 1 1 -1 1 1 -1 1 1 -1 1 1 1 1 1 1 
1 1 -1 1 1 -1 -1 1 -1 1 1 1 1 1 -1 1 1 1 1 1 
1 1 -1 -1 -1 -1 1 -1 -1 -1 1 1 1 1 -1 1 1 1 -1 1 
-1 1 1 1 -1 1 1 1 1 1 1 1 1 1 -1 -1 1 1 -1 1 
1 1 1 1 1 1 1 1 -1 1 1 1 1 1 1 1 1 1 -1 1 
1 -1 -1 1 -1 1 -1 -1 1 1 -1 1 1 1 1 1 1 1 1 1 
1 1 1 1 1 1 1 -1 1 -1 -1 1 1 -1 1 1 1 1 1 1 
1 1 1 1 1 1 1 1 -1 -1 -1 1 1 1 1 1 1 1 1 -1 
1 1 1 1 -1 1 1 -1 1 -1 -1 -1 -1 -1 -1 1 1 1 1 1 
1 1 1 1 -1 -1 -1 1 -1 1 1 1 -1 -1 -1 1 1 1 1 1 
1 -1 1 1 -1 -1 1 -1 1 1 1 -1 1 1 -1 1 1 1 1 1 
1 1 1 1 1 1 1 1 1 1 1 1 1 -1 1 -1 1 1 1 1 
1 1 1 1 1 1 -1 1 1 1 1 1 -1 1 1 -1 1 1 1 1 
1 1 1 1 1 -1 1 1 1 1 1 1 1 1 1 -1 1 1 1 1 
1 1 1 1 1 -1 1 1 1 1 1 1 1 -1 1 1 1 1 1 1 
1 1 1 1 1 1 -1 -1 1 1 1 1 1 1 -1 1 1 1 1 1 
1 1 -1 1 1 1 1 1 1 1 1 -1 1 -1 1 1 1 1 1 1 
1 1 1 1 1 1 1 1 1 1 -1 1 1 1 1 -1 1 1 1 1 
-1 1 1 1 1 1 1 1 1 1 1 -1 1 1 1 -1 1 1 9 9 
1 1 1 1 1 1 1 1 1 1 -1 -1 -1 1 1 1 1 1 9 1 
1 1 1 1 1 -1 1 1 1 -1 1 1 -1 1 1 1 1 1 9 1 
1 1 1 1 1 -1 1 -1 1 1 1 1 -1 -1 -1 1 1 1 1 1 
-1 -1 1 1 1 -1 -1 1 -1 -1 -1 -1 -1 -1 1 1 1 -1 1 -1 
-1 -1 -1 -1 -1 1 -1 -1 -1 -1 -1 -1 -1 -1 -1 -1 -1 1 -1 -1 
-1 -1 -1 -1 -1 -1 -1 -1 -1 -1 -1 -1 -1 -1 1 1 1 -1 1 -1 
-1 -1 -1 -1 -1 -1 -1 -1 -1 -1 -1 -1 1 1 1 1 1 -1 -1 -1 
-1 -1 -1 -1 -1 -1 -1 -1 -1 -1 -1 -1 1 1 -1 1 -1 1 -1 -1 
-1 1 1 -1 1 -1 -1 -1 -1 -1 -1 -1 1 -1 1 -1 -1 -1 1 1 
1 1 1 1 1 -1 -1 -1 -1 -1 -1 -1 -1 -1 1 1 1 1 1 1 
1 1 1 1 1 -1 -1 1 -1 -1 -1 -1 -1 1 1 1 1 1 1 1 
1 1 1 1 -1 1 -1 -1 1 -1 -1 -1 -1 1 1 1 -1 -1 -1 1 
1 1 1 1 1 1 1 -1 -1 -1 -1 -1 -1 1 1 1 1 1 1 1 
-1 1 1 1 1 1 1 1 1 1 -1 -1 -1 1 1 -1 1 1 1 1 
-1 -1 1 1 1 -1 1 1 1 1 1 -1 -1 1 1 1 1 1 -1 -1 
1 1 1 1 1 -1 1 1 1 1 1 1 1 1 1 1 1 1 1 1 
1 1 1 -1 1 1 1 1 1 1 -1 1 -1 -1 1 1 1 1 1 1 
1 1 1 1 -1 1 1 1 1 1 1 -1 1 1 1 -1 1 1 1 1 
1 -1 1 1 1 1 -1 1 1 1 1 1 1 1 1 1 1 1 1 1 
1 1 1 1 1 -1 1 1 1 -1 -1 -1 -1 1 1 1 1 1 1 1 
1 1 1 1 1 1 1 1 1 1 -1 1 -1 1 -1 -1 -1 1 1 1 
-1 -1 1 -1 1 1 1 1 1 -1 1 1 1 1 1 1 1 1 1 1 
1 1 1 1 1 1 1 -1 -1 1 1 1 1 1 1 1 1 -1 1 -1 
1 1 1 1 1 -1 1 1 1 1 -1 -1 1 1 1 1 1 1 1 1 
1 -1 1 1 1 1 1 1 1 1 1 -1 1 1 1 1 1 1 1 -1 
1 1 1 1 1 1 1 1 -1 1 1 1 1 1 -1 1 -1 1 -1 -1 
1 -1 1 1 1 1 1 -1 -1 1 -1 1 1 -1 -1 1 1 1 1 1 
-1 1 -1 1 1 1 1 1 1 -1 1 -1 1 1 1 1 1 -1 1 -1 
-1 1 1 1 1 -1 1 1 -1 1 1 1 1 -1 1 1 -1 1 -1 -1 
1 1 1 1 1 1 -1 1 1 1 -1 1 1 1 1 1 -1 -1 -1 -1 
1 1 -1 1 1 1 1 1 1 1 1 -1 1 1 -1 -1 -1 -1 -1 1 
1 1 -1 1 1 1 1 1 1 1 -1 1 -1 -1 -1 -1 -1 -1 -1 1 
1 1 -1 -1 1 1 1 1 1 1 1 1 1 1 1 1 1 -1 1 1 
1 1 -1 1 -1 1 1 1 1 1 1 1 1 -1 -1 1 -1 1 -1 -1 
-1 1 1 1 1 -1 1 1 1 1 -1 1 1 1 1 1 1 1 1 1 
-1 1 1 1 -1 1 1 1 1 -1 1 -1 1 1 1 1 1 1 1 1 
1 1 1 1 1 -1 1 1 1 1 1 -1 1 1 1 1 -1 1 1 1 
-1 1 1 1 1 1 1 -1 -1 1 1 1 1 1 1 1 -1 1 1 1 
1 1 1 1 1 -1 -1 1 1 1 1 1 1 -1 1 1 1 1 1 1 
1 -1 -1 -1 1 1 -1 -1 1 1 1 1 1 -1 1 1 1 -1 -1 1 
1 1 1 -1 -1 1 -1 -1 -1 -1 1 1 1 -1 1 1 -1 1 1 -1 
1 1 1 -1 -1 -1 1 1 -1 -1 1 1 1 -1 1 -1 1 1 1 1 
-1 1 -1 1 -1 -1 -1 1 -1 -1 -1 -1 1 -1 -1 1 1 1 -1 1 
1 -1 -1 -1 -1 1 1 1 1 1 1 1 1 1 -1 1 1 1 -1 -1 
-1 -1 -1 -1 1 -1 -1 1 1 1 1 -1 1 -1 1 1 1 1 -1 1 
1 -1 -1 -1 -1 1 1 1 1 1 1 1 -1 -1 -1 -1 1 1 1 1 
1 1 -1 -1 -1 -1 -1 1 1 1 -1 1 1 1 -1 -1 -1 1 1 -1 
1 1 1 1 -1 -1 1 -1 -1 -1 1 -1 1 1 1 1 1 1 1 1 
-1 1 1 1 1 -1 1 -1 -1 -1 1 -1 1 -1 1 1 1 -1 1 1 
-1 -1 -1 -1 -1 1 1 1 1 1 -1 1 -1 1 1 1 1 -1 1 1 
-1 -1 1 1 1 1 1 -1 1 1 1 1 1 -1 -1 1 1 1 1 -1 
1 1 1 1 1 1 -1 -1 -1 1 1 -1 -1 1 1 1 1 -1 1 1 
1 1 1 1 -1 -1 1 -1 -1 1 1 1 1 1 1 -1 1 1 1 -1 
1 1 1 1 1 1 -1 -1 -1 1 1 1 -1 1 -1 1 1 1 1 -1 
-1 1 1 1 1 1 1 -1 -1 1 1 -1 1 -1 1 1 1 -1 1 1 
1 1 1 1 1 -1 1 1 -1 1 -1 1 -1 1 1 1 1 1 1 1 
1 1 1 1 -1 1 1 -1 1 1 1 1 1 -1 1 1 1 1 1 1 
1 1 1 1 1 1 1 -1 1 1 1 1 1 1 1 1 1 1 1 1 
1 1 1 1 1 1 -1 1 1 1 1 -1 1 1 1 1 1 1 1 1 
1 1 1 -1 1 1 -1 -1 -1 1 1 1 -1 1 1 1 1 1 1 1 
1 -1 -1 -1 -1 1 -1 1 1 1 -1 1 1 -1 1 1 1 1 1 1 
1 1 1 1 -1 1 1 1 1 1 -1 1 1 -1 1 1 1 1 1 1 
1 1 1 1 1 -1 1 1 -1 1 1 -1 -1 1 1 -1 1 1 1 1 
1 1 1 1 -1 -1 -1 -1 -1 -1 -1 -1 -1 -1 -1 1 1 1 1 -1 
1 1 1 -1 1 -1 -1 -1 -1 -1 -1 -1 -1 -1 -1 -1 -1 1 -1 -1 
1 1 1 1 1 -1 -1 1 -1 -1 -1 -1 -1 1 -1 1 -1 1 1 1 
3 1 1 1 -1 1 -1 1 -1 -1 -1 -1 -1 1 1 -1 1 1 1 3 
3 1 1 -1 1 -1 1 -1 -1 -1 -1 -1 -1 -1 1 1 1 1 1 3 
1 1 1 1 1 1 1 1 -1 -1 -1 -1 -1 -1 1 1 1 1 -1 1 
1 1 -1 -1 1 1 1 -1 1 -1 1 -1 -1 1 -1 1 1 1 1 1 
1 1 -1 1 1 1 -1 1 -1 1 1 1 -1 -1 1 1 1 1 1 1 
1 -1 1 1 -1 -1 -1 -1 -1 1 1 1 1 -1 1 1 1 1 1 1 
1 1 1 1 1 -1 -1 -1 1 1 1 1 1 1 -1 1 1 -1 1 1 
1 1 1 1 1 -1 -1 -1 1 1 1 1 -1 1 -1 1 1 1 1 1 
1 1 -1 -1 -1 1 1 -1 -1 1 1 1 1 -1 -1 1 1 -1 1 1 
1 1 1 1 1 1 1 1 1 1 1 -1 -1 -1 1 -1 -1 1 1 1 
1 1 1 1 1 1 1 1 1 1 1 1 -1 -1 -1 1 -1 1 1 1 
1 1 -1 1 1 1 1 1 1 -1 1 -1 -1 1 1 1 1 -1 1 1 
-1 -1 1 1 1 1 1 1 1 1 -1 1 -1 -1 -1 -1 1 1 1 1 
1 1 -1 1 1 1 1 -1 -1 -1 -1 1 1 -1 1 1 1 1 1 1 
-1 -1 1 1 1 1 1 1 -1 -1 -1 1 1 1 1 1 1 1 1 1 
-1 1 1 -1 1 1 1 1 1 1 -1 1 1 1 1 1 1 1 1 1 
1 1 1 1 1 1 1 1 1 -1 1 1 1 1 1 1 1 -1 -1 1 
1 1 1 1 1 1 1 1 1 1 -1 1 1 1 1 1 1 1 1 -1 
1 1 1 1 1 1 1 1 1 1 -1 1 1 1 1 1 1 1 1 1 
1 1 1 1 1 1 1 1 1 1 1 -1 1 1 1 -1 1 1 1 1 
-1 1 1 1 -1 1 1 -1 1 1 1 1 1 -1 1 -1 -1 -1 -1 1 
-1 1 1 -1 1 -1 1 1 1 1 1 1 1 1 1 1 1 1 -1 1 
1 1 1 1 1 1 1 1 1 1 1 1 1 1 -1 -1 -1 1 1 -1 
-1 1 1 1 -1 1 1 1 -1 -1 -1 1 -1 1 1 -1 1 1 1 1 
1 1 1 1 1 1 1 1 -1 1 -1 -1 1 1 -1 1 1 1 1 1 
1 1 1 1 1 1 1 1 1 1 -1 -1 1 1 1 1 1 1 1 1 
1 1 1 1 1 1 1 -1 1 1 -1 -1 -1 1 1 1 1 -1 -1 1 
1 1 1 1 1 1 -1 1 -1 -1 -1 -1 -1 1 1 1 1 1 1 1 
1 1 1 1 1 1 1 -1 1 -1 -1 1 1 -1 -1 1 1 1 1 1 
1 1 1 1 1 1 -1 -1 1 1 1 1 1 1 -1 1 1 1 1 1 
1 1 1 1 1 1 -1 1 1 -1 -1 -1 1 -1 -1 1 1 1 1 1 
1 1 1 1 1 1 1 1 1 1 1 1 1 1 1 1 -1 -1 1 1 
1 1 1 1 1 1 -1 1 1 1 1 -1 1 1 1 1 1 1 1 1 
-1 1 1 1 1 1 1 1 2 1 -1 1 1 -1 1 1 1 1 1 1 
1 1 1 1 -1 1 1 -1 1 1 -1 1 -1 -1 1 1 1 1 -1 1 
1 1 -1 1 1 1 1 1 1 1 1 1 -1 1 1 1 -1 1 -1 1 
1 1 1 1 1 1 -1 -1 1 1 -1 1 1 1 1 -1 1 -1 -1 -1 
1 1 -1 1 1 -1 -1 -1 -1 1 1 1 1 1 1 1 1 1 1 -1 
1 1 -1 -1 -1 -1 -1 1 1 -1 -1 1 1 1 1 1 1 1 1 1 
1 -1 -1 -1 -1 -1 -1 1 -1 1 -1 1 1 1 1 1 1 -1 1 1 
1 1 1 -1 -1 -1 -1 -1 -1 -1 -1 1 1 -1 1 1 -1 -1 1 1 
1 1 1 -1 -1 1 1 1 1 1 1 1 1 1 1 1 1 1 1 1 
1 1 1 -1 -1 -1 -1 -1 1 -1 1 1 -1 1 1 1 1 1 1 1 
1 -1 1 -1 1 1 1 1 -1 -1 1 1 1 1 1 -1 1 1 1 1 
-1 -1 1 1 1 1 1 1 -1 -1 -1 1 1 1 1 1 1 1 1 -1 
1 -1 1 1 1 1 -1 -1 -1 -1 -1 -1 -1 1 1 1 1 1 1 1 
1 1 1 1 1 1 -1 -1 -1 -1 1 -1 -1 -1 -1 1 1 1 1 1 
1 1 -1 1 1 1 -1 -1 -1 1 -1 1 1 1 1 1 1 1 1 1 
1 1 1 -1 1 1 1 1 1 -1 -1 1 1 1 1 1 1 1 -1 -1 
-1 1 1 1 1 1 1 1 -1 -1 1 1 1 -1 1 -1 1 1 1 1 
1 1 1 1 1 1 1 1 1 1 -1 -1 1 1 1 1 1 -1 1 1 
1 1 1 -1 1 1 1 -1 -1 1 1 1 1 1 -1 -1 -1 1 1 -1 
1 1 -1 1 1 1 -1 -1 1 -1 1 1 -1 -1 1 -1 -1 1 1 1 
-1 -1 1 1 1 -1 -1 -1 1 -1 -1 -1 -1 1 -1 -1 1 1 1 1 
-1 -1 -1 1 -1 1 -1 -1 -1 -1 -1 -1 -1 -1 -1 -1 1 1 1 1 
1 1 -1 -1 -1 -1 -1 -1 -1 -1 -1 -1 -1 -1 -1 -1 1 1 1 -1 
1 -1 1 -1 -1 -1 -1 -1 -1 -1 1 1 -1 -1 -1 -1 1 1 1 1 
-1 -1 1 1 1 1 -1 -1 -1 1 1 -1 -1 -1 -1 -1 1 1 1 -1 
-1 -1 -1 1 1 1 1 -1 -1 1 -1 -1 -1 -1 -1 -1 1 -1 1 -1 
-1 -1 1 -1 -1 1 1 1 -1 1 1 -1 -1 -1 -1 1 1 -1 -1 1 
-1 -1 -1 1 -1 -1 1 -1 1 1 1 1 -1 -1 -1 -1 -1 -1 1 1 
-1 -1 -1 -1 -1 1 1 1 1 -1 1 1 1 1 -1 -1 -1 1 1 -1 
-1 -1 -1 1 1 1 -1 -1 -1 1 1 1 1 1 1 -1 -1 -1 1 1 
-1 -1 -1 1 1 -1 1 1 1 1 -1 -1 1 1 1 1 -1 1 1 1 
-1 -1 -1 -1 1 -1 1 1 1 1 1 -1 1 1 1 1 1 1 1 -1 
-1 1 1 -1 1 -1 -1 1 1 1 -1 1 1 1 -1 -1 1 1 -1 -1 
1 1 1 1 1 1 -1 -1 1 1 1 -1 1 1 1 1 1 1 -1 -1 
-1 1 1 1 -1 -1 -1 -1 -1 1 1 1 1 1 1 1 1 1 -1 -1 
-1 1 -1 1 1 1 -1 -1 -1 -1 -1 1 1 1 1 1 1 -1 1 1 
1 -1 -1 1 1 1 -1 -1 1 -1 1 1 1 1 -1 1 1 1 -1 1 
-1 1 1 1 1 1 1 1 -1 -1 1 1 1 1 1 -1 1 1 -1 1 
1 1 1 1 1 1 1 1 1 -1 1 -1 1 -1 1 1 1 1 1 -1 
-1 1 1 1 1 1 1 1 1 1 -1 -1 -1 1 1 1 -1 1 1 1 
1 -1 1 1 1 1 1 1 1 1 -1 -1 -1 1 1 -1 1 1 1 -1 
1 -1 1 1 1 -1 1 1 1 -1 -1 1 1 1 -1 1 1 1 1 -1 
-1 1 1 -1 1 1 1 1 1 1 -1 1 -1 1 1 1 1 1 1 1 
-1 -1 1 1 1 -1 1 1 1 1 1 -1 -1 1 1 1 1 1 -1 1 
-1 -1 1 1 -1 -1 1 1 1 1 1 -1 -1 1 1 1 1 1 1 -1 
-1 1 1 -1 -1 -1 1 -1 -1 -1 -1 -1 1 -1 1 1 -1 1 -1 -1 
1 -1 1 1 1 1 1 -1 1 1 1 1 -1 1 -1 -1 -1 1 -1 1 
-1 -1 -1 1 1 1 1 1 -1 1 1 1 1 -1 1 -1 1 1 1 1 
1 1 1 1 1 1 -1 -1 -1 -1 1 -1 1 -1 1 1 -1 -1 -1 -1 
1 -1 -1 1 -1 1 -1 1 -1 -1 -1 -1 -1 1 -1 -1 -1 1 -1 -1 
-1 -1 -1 -1 -1 -1 1 -1 -1 -1 1 -1 -1 1 -1 1 1 1 -1 -1 
-1 -1 -1 1 1 -1 -1 1 1 1 1 1 -1 -1 1 1 1 1 1 -1 
-1 1 1 -1 -1 1 -1 -1 1 1 1 1 -1 1 1 -1 -1 1 1 1 
1 -1 1 1 -1 -1 -1 -1 1 -1 1 -1 -1 1 1 1 -1 -1 1 1 
1 1 -1 1 -1 -1 1 1 -1 -1 1 1 -1 -1 1 -1 -1 -1 -1 1 
-1 1 1 -1 -1 1 1 -1 -1 1 1 -1 1 -1 -1 1 1 1 1 1 
1 1 1 -1 1 1 1 1 -1 -1 -1 1 -1 -1 1 -1 -1 1 1 1 
1 1 1 1 1 -1 -1 -1 1 -1 -1 1 1 -1 -1 1 -1 1 1 -1 
1 1 1 -1 -1 1 1 1 1 -1 -1 1 -1 -1 1 1 1 1 1 1 
1 -1 1 1 1 1 1 1 1 -1 -1 -1 -1 -1 -1 1 1 1 1 1 
-1 1 -1 1 1 1 1 1 1 -1 1 -1 -1 -1 -1 1 -1 1 1 1 
1 1 1 -1 1 1 1 1 1 1 -1 1 1 -1 -1 -1 1 1 -1 1 
1 1 -1 1 1 -1 1 1 1 -1 1 1 1 -1 -1 -1 1 1 1 1 
1 1 1 -1 -1 1 1 1 1 1 1 1 -1 1 -1 1 -1 1 1 1 
1 1 1 1 1 1 1 1 1 1 1 -1 1 1 1 -1 1 -1 1 1 
1 1 1 1 1 1 -1 1 1 1 1 1 1 1 1 -1 -1 1 -1 -1 
1 1 -1 1 1 1 1 1 1 1 1 -1 -1 -1 1 1 -1 -1 1 -1 
1 1 1 1 -1 -1 1 1 1 1 1 1 -1 -1 -1 -1 1 1 1 1 
-1 1 1 1 -1 1 1 1 -1 1 1 1 1 -1 -1 1 1 1 1 1 
1 1 1 1 -1 1 -1 1 -1 1 1 1 1 1 1 1 -1 1 1 1 
-1 1 1 1 1 1 1 1 -1 1 1 1 1 -1 -1 1 1 1 1 1 
1 1 1 -1 1 1 1 1 1 1 1 1 1 1 -1 -1 1 1 1 1 
-1 -1 1 1 -1 -1 1 1 -1 1 -1 1 1 1 1 1 1 1 1 1 
-1 1 1 1 1 1 1 1 1 -1 1 1 -1 -1 -1 1 1 1 1 1 
1 -1 1 -1 1 1 -1 1 1 1 1 1 1 1 1 1 1 1 1 -1 
1 1 -1 1 1 1 1 1 -1 1 1 -1 -1 1 1 1 1 1 1 -1 
1 1 1 1 1 1 -1 1 1 1 -1 1 1 1 1 -1 1 -1 1 1 
1 1 1 1 1 1 1 1 1 1 1 -1 1 1 1 -1 -1 1 1 1 
1 1 1 -1 -1 -1 -1 1 1 1 1 1 1 -1 -1 1 -1 1 1 1 
1 1 1 1 1 -1 1 1 1 1 -1 -1 -1 -1 1 -1 1 1 1 1 
1 1 1 -1 1 1 1 1 1 1 -1 -1 -1 -1 1 1 1 1 1 1 
-1 1 1 -1 1 1 1 1 1 -1 -1 1 -1 -1 -1 1 1 1 1 1 
1 1 1 -1 1 1 1 1 -1 -1 1 -1 -1 -1 1 -1 1 1 1 1 
1 1 -1 1 1 1 -1 -1 -1 -1 -1 1 -1 1 -1 1 1 1 1 1 
1 1 1 1 1 1 -1 -1 -1 -1 -1 -1 -1 1 1 1 1 1 -1 1 
1 1 1 1 -1 1 1 -1 -1 1 1 1 1 -1 1 1 1 -1 1 1 
1 1 1 1 1 1 1 -1 1 1 -1 1 1 1 1 1 1 1 1 1 
1 -1 -1 1 1 1 1 1 1 1 1 1 -1 1 1 -1 1 1 1 1 
1 1 1 1 1 1 1 1 1 1 1 1 1 1 -1 1 1 1 -1 1 
1 1 1 1 1 1 1 1 -1 1 1 -1 -1 -1 1 1 1 1 1 1 
1 1 1 1 1 1 1 1 1 -1 -1 1 1 -1 1 1 1 1 1 1 
-1 1 -1 1 1 -1 1 -1 -1 -1 -1 1 1 1 1 1 1 1 1 1 
5 -1 1 -1 1 1 -1 -1 -1 -1 -1 -1 1 1 1 1 -1 -1 1 1 
-1 1 1 1 1 -1 -1 -1 -1 -1 -1 -1 1 1 1 1 1 1 -1 1 
1 -1 1 -1 1 1 1 1 1 -1 -1 1 1 1 -1 1 1 1 -1 1 
1 1 1 -1 1 1 1 1 1 1 1 -1 -1 -1 1 1 -1 1 1 -1 
-1 -1 1 1 1 1 1 1 1 1 1 1 1 1 1 1 1 -1 -1 1 
1 -1 -1 1 1 -1 1 1 1 1 1 1 1 1 1 1 -1 1 1 1 
4 4 4 1 -1 1 1 1 1 1 1 1 -1 1 1 1 -1 -1 5 1 
-1 4 5 1 1 1 1 1 1 1 1 1 1 1 1 1 1 1 5 1 
1 5 -1 1 1 1 1 1 1 1 1 1 1 1 1 1 1 -1 1 1 
1 1 -1 1 1 -1 1 1 1 1 1 1 1 -1 1 1 1 1 -1 1 
1 1 1 1 1 1 1 1 1 1 1 1 -1 1 1 1 1 1 1 -1 
1 1 1 1 1 1 -1 1 1 1 1 -1 -1 -1 1 1 1 1 1 1 
1 1 1 1 1 1 -1 1 -1 1 -1 2 -1 -1 1 1 1 1 1 1 
1 -1 1 1 1 1 1 1 -1 2 2 -1 -1 -1 1 1 1 -1 1 1 
1 1 1 1 1 -1 1 1 1 -1 -1 -1 -1 -1 1 1 1 -1 -1 1 
1 1 1 1 1 -1 -1 1 -1 1 1 -1 -1 -1 1 1 1 -1 -1 1 
1 1 1 1 -1 -1 1 -1 -1 -1 1 1 -1 -1 -1 -1 1 -1 -1 1 
1 1 1 -1 -1 -1 -1 -1 -1 1 1 -1 1 -1 -1 -1 -1 1 1 -1 
1 1 -1 1 1 -1 -1 -1 33 -1 -1 -1 -1 -1 -1 -1 -1 1 1 1 
1 1 5 1 -1 1 32 33 -1 -1 1 -1 -1 -1 -1 -1 -1 -1 -1 1 
1 5 5 1 1 33 33 32 -1 -1 1 1 1 1 -1 -1 -1 -1 1 -1 
1 1 1 1 33 33 33 -1 -1 1 1 1 -1 -1 -1 1 -1 1 -1 1 
1 1 1 1 33 33 1 33 33 33 -1 -1 1 -1 1 1 1 1 1 1 
1 1 5 5 5 5 1 5 1 33 33 1 1 1 1 1 1 1 1 -1 
1 1 5 1 5 1 1 1 5 1 1 -1 -1 1 1 1 1 -1 -1 1 
1 4 1 1 1 1 1 1 1 1 1 1 1 1 1 -1 1 1 5 5 
1 1 1 1 -1 -1 1 -1 -1 -1 1 -1 -1 1 1 1 1 -1 -1 1 
1 1 1 1 -1 1 -1 -1 -1 1 1 1 -1 1 1 1 1 1 1 1 
1 -1 1 1 1 1 -1 1 1 1 1 1 1 -1 1 1 1 1 1 1 
1 1 1 -1 1 -1 -1 1 1 1 1 1 1 1 -1 -1 1 1 1 1 
1 1 1 1 1 1 -1 1 1 1 1 1 1 1 1 -1 1 1 1 1 
1 1 1 1 1 -1 1 1 1 1 1 1 1 1 1 1 1 1 1 1 
1 1 1 1 -1 1 1 1 -1 1 -1 1 -1 1 -1 1 1 1 1 1 
1 1 1 1 1 1 -1 1 1 1 -1 1 1 1 1 1 1 1 -1 1 
1 1 1 1 1 1 1 1 -1 -1 1 1 1 1 1 1 1 -1 1 1 
1 1 -1 1 1 1 1 1 1 -1 1 1 -1 1 1 1 1 1 1 1 
1 1 -1 1 1 1 1 1 1 1 1 1 1 -1 -1 1 1 1 1 1 
1 -1 1 -1 1 1 1 -1 1 -1 1 1 1 1 -1 1 1 1 1 1 
1 1 1 1 -1 -1 -1 1 1 1 -1 -1 1 1 1 1 1 1 1 1 
-1 1 -1 1 -1 -1 1 1 -1 1 1 -1 1 1 -1 1 1 1 1 -1 
1 -1 -1 -1 1 1 1 1 1 1 1 -1 1 1 1 1 1 -1 -1 1 
1 1 -1 1 1 1 -1 1 1 1 1 1 1 1 1 1 1 -1 -1 -1 
1 -1 1 1 1 1 1 1 1 1 1 1 1 1 1 1 1 -1 -1 1 
1 1 -1 1 1 1 -1 1 -1 -1 1 1 1 1 1 1 1 1 -1 1 
1 1 -1 1 -1 1 1 1 -1 -1 1 -1 -1 1 -1 1 1 1 1 1 
1 1 -1 1 -1 -1 1 -1 -1 1 1 1 -1 -1 1 1 1 1 1 1 
-1 1 1 1 1 1 -1 1 1 1 1 1 1 1 1 1 1 1 1 1 
1 1 1 1 1 1 1 1 1 1 1 1 1 1 1 1 -1 1 1 1 
1 1 -1 1 -1 -1 1 1 1 1 1 1 1 1 1 1 1 1 1 1 
-1 1 1 1 1 1 1 1 1 1 1 1 1 1 1 1 1 1 1 1 
1 -1 1 1 1 -1 -1 1 1 1 1 1 -1 1 1 1 1 1 1 1 
1 1 1 1 1 1 1 1 1 -1 1 1 1 1 1 1 1 1 1 1 
1 1 1 1 1 1 1 1 1 1 -1 1 1 1 -1 1 1 1 1 1 
1 -1 1 1 1 1 -1 -1 1 -1 1 1 1 1 1 1 1 1 1 1 
1 1 -1 1 1 -1 -1 1 1 1 1 1 1 1 1 -1 1 1 1 1 
1 1 1 1 1 -1 1 -1 1 -1 1 1 1 1 -1 1 1 1 1 1 
1 1 1 1 1 1 1 1 1 1 1 -1 1 1 1 1 1 1 1 1 
1 1 1 1 1 1 -1 1 1 1 1 1 1 -1 1 1 -1 -1 1 1 
1 1 1 1 1 1 1 1 -1 1 1 1 1 1 1 1 -1 1 1 1 
1 1 1 1 1 1 1 1 1 1 1 1 -1 -1 1 1 -1 1 1 1 
1 1 -1 1 1 1 1 1 1 1 1 1 1 -1 -1 1 1 -1 1 1 
1 1 1 1 1 1 1 1 1 1 1 1 1 -1 -1 -1 1 1 1 1 
1 1 1 1 1 1 1 1 1 1 1 1 1 1 -1 1 1 1 1 1 
1 1 1 1 1 1 1 1 1 1 1 1 1 -1 1 1 1 1 1 1 
1 -1 1 1 1 1 1 1 -1 1 1 1 1 1 1 1 1 1 1 1 
1 1 -1 1 1 -1 -1 1 1 1 1 1 1 1 1 1 1 1 1 1 
1 1 1 1 1 1 -1 -1 -1 1 1 1 1 1 1 1 1 1 1 1 
1 1 1 1 -1 1 -1 -1 1 -1 1 1 1 1 1 1 1 1 1 1 
1 1 1 -1 1 1 1 1 1 1 1 1 1 1 1 1 1 1 1 1 
1 1 -1 1 1 1 1 1 1 1 1 1 1 1 1 1 1 1 1 1 
1 1 1 1 1 1 1 1 1 1 1 1 1 1 -1 1 1 -1 1 1 
1 1 1 1 1 1 1 -1 1 1 1 1 1 -1 1 1 1 1 -1 -1 
1 1 1 1 -1 1 1 -1 1 1 1 1 -1 1 1 1 1 1 -1 -1 
-1 1 1 1 1 1 1 1 1 1 1 1 -1 -1 1 1 -1 1 -1 -1 
1 1 -1 -1 1 -1 -1 -1 1 -1 1 1 1 1 -1 1 1 -1 -1 1 
1 -1 1 1 1 -1 -1 -1 -1 1 1 1 1 -1 -1 1 -1 -1 1 1 
1 1 -1 1 1 -1 -1 -1 -1 -1 -1 1 -1 1 -1 -1 1 1 1 1 
1 -1 1 1 1 -1 -1 -1 1 1 1 1 1 -1 -1 -1 1 -1 1 1 
1 1 1 1 -1 -1 -1 -1 -1 1 1 -1 1 -1 1 1 1 1 -1 1 
1 1 -1 1 1 -1 -1 1 1 1 1 1 1 1 1 1 1 1 1 1 
1 -1 -1 1 1 -1 -1 1 1 1 1 1 1 1 1 1 1 1 1 1 
-1 1 1 1 -1 -1 -1 -1 -1 -1 1 -1 -1 1 -1 1 1 1 1 1 
1 1 1 1 1 -1 -1 -1 -1 -1 1 1 -1 1 1 -1 1 1 1 -1 
1 -1 -1 1 1 1 1 -1 -1 -1 1 1 1 1 -1 -1 1 1 1 -1 
-1 -1 1 1 1 -1 1 1 -1 1 1 1 -1 -1 1 1 1 1 1 1 
1 -1 -1 1 1 1 1 -1 -1 1 1 1 1 1 1 -1 -1 -1 1 1 
1 1 1 1 1 1 1 -1 -1 1 1 1 1 1 1 1 1 1 1 1 
1 1 1 1 -1 1 1 1 1 1 1 1 1 1 1 1 1 1 1 1 
1 1 1 1 1 1 1 1 1 1 1 1 1 1 1 1 1 1 1 1 
1 -1 1 1 1 1 1 1 1 1 1 1 1 1 1 -1 1 -1 1 1 
1 -1 1 1 -1 1 1 1 1 1 1 1 1 1 1 1 -1 1 1 -1 
1 1 1 -1 1 1 1 1 1 1 1 1 1 1 1 1 1 1 1 -1 
1 1 1 1 1 1 1 1 1 1 1 1 1 1 -1 1 1 1 1 1 
1 1 -1 1 1 1 1 -1 1 1 1 1 -1 -1 -1 -1 1 1 1 1 
1 1 1 -1 -1 -1 1 1 -1 1 1 1 -1 -1 -1 1 1 1 1 1 
1 1 1 1 -1 1 1 1 -1 -1 1 1 1 -1 1 -1 1 1 1 1 
1 1 1 -1 1 1 1 1 -1 -1 1 1 1 1 1 1 1 1 1 1 
1 -1 1 -1 1 1 -1 1 1 -1 -1 1 1 1 1 1 -1 1 1 1 
1 1 -1 1 1 1 1 1 1 1 1 1 1 1 1 1 1 1 1 -1 
1 1 1 1 1 1 1 -1 1 1 1 1 -1 1 1 1 1 1 1 1 
1 1 1 1 1 1 1 1 1 1 1 1 1 1 1 1 1 1 1 1 
-1 1 1 1 1 1 1 1 1 1 1 1 1 1 1 1 1 1 1 1 
1 1 1 1 1 1 1 1 1 1 1 1 1 1 1 1 1 1 1 1 
1 1 -1 1 1 1 1 -1 1 1 1 1 1 1 1 -1 2 1 1 1 
-1 -1 1 -1 1 1 1 1 1 1 1 1 1 -1 1 2 1 1 1 1 
1 1 1 1 1 1 1 1 1 1 1 1 1 1 1 1 1 1 1 1 
1 1 1 1 1 -1 -1 -1 1 1 1 1 1 1 1 1 -1 1 1 1 
1 1 1 1 1 -1 -1 1 -1 1 1 1 1 -1 1 1 1 1 -1 -1 
1 1 1 1 1 1 1 1 1 1 1 1 1 -1 1 1 -1 1 1 1 
1 -1 1 1 1 1 -1 1 1 1 1 1 -1 -1 1 1 1 1 -1 1 
1 1 1 1 1 -1 1 1 -1 1 1 1 1 -1 -1 1 1 1 1 1 
-1 1 1 -1 1 -1 -1 1 1 -1 1 -1 1 1 1 1 1 1 1 1 
-1 1 -1 1 -1 1 -1 1 -1 -1 -1 -1 -1 1 1 -1 1 1 1 -1 
-1 1 1 1 -1 -1 1 -1 1 -1 -1 1 1 -1 1 -1 -1 1 -1 -1 
1 -1 -1 1 1 1 1 1 1 1 1 1 1 1 1 1 -1 -1 1 -1 
1 -1 1 1 1 -1 1 1 1 -1 1 1 1 1 1 -1 1 1 -1 -1 
1 1 1 1 -1 -1 1 1 -1 1 1 1 1 1 1 -1 1 1 1 1 
1 -1 1 1 1 1 1 1 1 -1 1 1 1 1 -1 1 1 -1 1 1 
1 -1 1 1 1 -1 1 1 1 -1 1 1 1 1 -1 -1 1 1 1 1 
-1 1 -1 1 1 1 -1 1 1 1 1 -1 1 -1 -1 -1 1 1 1 1 
1 1 1 1 1 1 1 1 1 1 1 1 1 1 -1 1 1 1 1 1 
1 1 1 1 1 1 1 1 1 1 1 1 -1 -1 1 1 1 1 1 1 
1 1 -1 -1 1 1 -1 -1 1 1 1 1 -1 -1 -1 1 1 1 1 -1 
1 1 1 1 1 -1 -1 1 1 1 1 1 -1 -1 -1 1 -1 1 1 1 
1 -1 -1 1 1 1 -1 1 1 1 1 1 1 -1 -1 -1 1 1 1 -1 
-1 1 1 1 1 -1 -1 1 1 1 1 1 1 1 1 -1 -1 -1 -1 1 
-1 1 1 1 1 1 1 1 1 1 1 1 -1 1 1 -1 1 1 1 1 
1 1 1 -1 1 1 1 1 1 1 -1 1 1 1 -1 1 -1 1 1 1 
1 -1 1 1 1 1 1 1 1 1 1 1 1 -1 -1 1 1 1 1 1 
1 1 1 1 1 1 -1 1 1 1 1 1 1 -1 1 1 1 1 1 1 
1 1 1 -1 -1 1 1 1 1 -1 1 1 1 1 1 1 1 -1 1 1 
1 1 1 -1 1 1 1 1 -1 -1 -1 -1 -1 1 1 1 1 1 -1 -1 
2 2 1 1 1 1 1 1 1 1 1 1 -1 1 1 -1 1 1 1 1 
1 2 1 1 1 1 1 1 -1 1 1 1 1 -1 1 1 1 1 1 1 
1 2 1 1 1 1 1 -1 1 1 1 1 -1 1 1 1 1 1 1 1 
1 1 -1 1 1 1 1 1 1 1 -1 1 -1 1 1 -1 1 -1 -1 1 
1 1 -1 1 1 1 1 1 1 -1 -1 -1 1 1 1 1 -1 -1 -1 -1 
1 1 1 1 1 1 -1 -1 1 1 1 1 -1 -1 1 1 1 1 1 -1 
1 1 1 -1 -1 1 1 1 -1 1 1 1 1 1 1 1 1 1 1 1 
1 1 1 1 1 -1 -1 -1 1 -1 1 1 -1 1 1 -1 1 -1 -1 1 
1 -1 1 1 1 -1 -1 1 -1 1 1 -1 -1 1 1 1 1 -1 1 1 
1 1 1 1 -1 1 -1 -1 -1 -1 -1 -1 1 1 1 1 1 1 -1 1 
1 1 -1 1 1 -1 1 -1 1 -1 -1 -1 1 1 1 1 1 1 1 1 
1 -1 -1 1 1 1 1 1 -1 -1 1 1 1 1 1 1 -1 1 -1 -1 
-1 -1 1 1 1 -1 -1 1 1 -1 -1 1 1 1 1 1 -1 1 1 -1 
-1 1 1 -1 1 1 -1 -1 1 1 1 -1 1 -1 1 1 1 1 1 1 
1 1 -1 1 1 1 1 1 -1 1 -1 1 1 1 1 -1 1 1 1 1 
-1 1 -1 1 1 1 1 1 1 -1 -1 1 1 1 1 1 1 1 1 1 
1 1 1 1 1 -1 1 1 1 1 1 1 1 1 1 1 1 1 1 1 
1 1 -1 1 -1 -1 1 -1 -1 -1 1 1 -1 1 1 1 -1 1 1 1 
1 1 -1 -1 1 1 -1 -1 -1 1 1 1 1 -1 1 1 1 -1 1 1 
1 -1 -1 -1 1 -1 1 -1 1 1 1 -1 -1 -1 1 -1 -1 1 1 1 
-1 -1 -1 1 1 1 1 1 1 -1 -1 1 1 1 1 1 1 1 1 1 
1 1 1 1 1 1 1 -1 -1 -1 -1 1 -1 1 -1 1 -1 -1 -1 1 
1 1 -1 -1 -1 1 1 -1 -1 -1 -1 -1 -1 -1 -1 1 1 1 -1 1 
1 -1 1 -1 1 1 1 1 1 1 -1 1 -1 -1 1 -1 -1 1 1 1 
1 -1 1 1 -1 1 1 1 1 1 1 1 1 1 1 1 1 1 1 1 
1 -1 1 1 -1 1 1 1 1 1 1 1 1 -1 1 1 -1 1 1 1 
-1 1 1 1 1 1 1 1 1 -1 1 1 1 1 1 1 -1 -1 1 1 
1 -1 1 1 1 1 1 -1 -1 1 -1 1 -1 1 1 1 1 -1 1 1 
-1 1 1 1 1 1 1 1 1 -1 1 1 -1 1 1 -1 1 1 1 1 
1 1 -1 -1 1 1 -1 -1 1 1 1 -1 -1 1 1 1 1 1 1 1 
1 1 -1 1 1 1 1 -1 1 -1 1 1 -1 1 -1 -1 1 1 -1 1 
1 1 1 1 1 1 1 1 1 1 1 1 1 1 -1 1 1 1 1 1 
1 1 1 1 -1 -1 1 1 1 1 1 -1 1 1 1 1 1 1 1 -1 
1 -1 1 -1 1 -1 1 -1 1 1 -1 1 1 1 1 1 1 1 1 1 
1 1 1 -1 1 1 1 1 -1 1 -1 -1 1 -1 -1 -1 -1 -1 1 -1 
1 1 1 1 1 1 -1 1 -1 1 1 1 -1 -1 1 -1 -1 -1 1 1 
1 1 1 1 1 1 -1 1 -1 -1 1 -1 -1 1 1 -1 1 1 1 1 
1 -1 1 1 1 1 -1 -1 -1 -1 -1 -1 -1 1 -1 -1 1 1 -1 1 
1 -1 1 -1 -1 -1 1 1 -1 -1 -1 -1 -1 -1 -1 1 1 1 1 1 
1 1 1 1 -1 -1 -1 1 -1 -1 -1 -1 -1 -1 1 1 1 1 1 1 
1 1 1 -1 -1 -1 1 -1 -1 -1 -1 -1 -1 -1 -1 1 1 1 1 1 
1 -1 -1 -1 -1 -1 -1 -1 -1 -1 -1 -1 -1 -1 -1 1 1 1 1 1 
1 1 -1 -1 -1 -1 -1 -1 -1 -1 -1 -1 -1 1 -1 -1 1 -1 1 1 
1 1 -1 -1 1 -1 -1 -1 -1 -1 -1 -1 1 -1 1 -1 -1 1 1 1 
1 1 1 1 1 1 -1 1 1 1 1 1 1 1 -1 1 -1 1 1 2 
2 1 1 -1 1 -1 1 1 1 1 1 1 -1 -1 1 1 1 1 1 2 
2 2 1 2 1 -1 1 -1 1 1 -1 1 -1 -1 -1 -1 -1 1 1 -1 
-1 2 2 1 1 1 1 1 1 -1 -1 -1 -1 -1 -1 -1 1 -1 -1 2 
2 2 2 -1 1 1 1 1 -1 -1 -1 -1 -1 -1 -1 -1 -1 -1 -1 2 
2 -1 1 1 1 1 -1 1 -1 -1 -1 -1 -1 -1 -1 -1 -1 2 2 2 
1 -1 2 1 1 1 -1 1 -1 -1 -1 -1 -1 -1 -1 -1 1 2 2 -1 
-1 1 1 2 2 1 1 -1 1 -1 -1 -1 -1 -1 -1 -1 -1 1 -1 1 
1 1 -1 2 -1 -1 1 1 1 1 1 -1 -1 -1 -1 -1 1 -1 -1 1 
1 1 1 1 -1 -1 -1 1 1 1 -1 -1 -1 -1 -1 1 1 -1 1 1 
1 1 -1 -1 1 1 1 1 1 1 -1 -1 1 1 1 1 -1 -1 -1 1 
1 1 1 1 1 1 1 1 1 1 -1 -1 -1 -1 -1 -1 1 1 -1 1 
1 1 1 1 1 1 1 1 1 -1 1 1 -1 -1 1 1 1 1 1 1 
1 1 1 -1 1 1 1 1 -1 -1 1 -1 -1 1 1 1 1 1 1 1 
1 1 1 1 -1 1 1 1 1 -1 -1 1 1 1 1 -1 1 -1 1 1 
1 1 1 1 1 -1 -1 -1 1 1 1 1 1 1 1 -1 -1 1 1 1 
1 1 1 1 -1 1 1 1 1 1 1 1 -1 -1 -1 -1 -1 -1 1 1 
1 1 1 -1 1 -1 1 1 1 1 1 1 -1 -1 -1 -1 -1 -1 -1 1 
2 -1 1 1 1 1 1 1 1 -1 1 -1 -1 -1 -1 -1 -1 1 -1 1 
1 2 1 1 -1 1 -1 1 1 1 1 -1 -1 -1 -1 -1 1 -1 1 1 
-1 1 1 -1 1 -1 1 1 1 1 1 1 -1 1 1 -1 -1 1 1 -1 
-1 -1 1 -1 1 -1 -1 1 1 1 1 -1 1 1 1 1 -1 -1 -1 -1 
-1 -1 1 1 -1 1 1 -1 -1 1 1 1 1 1 1 -1 -1 -1 -1 -1 
-1 1 1 -1 -1 1 1 1 -1 1 1 1 1 1 -1 1 -1 -1 -1 -1 
-1 -1 1 1 -1 -1 -1 1 1 -1 1 1 1 1 1 -1 1 1 -1 -1 
1 -1 1 1 1 1 1 1 -1 1 1 1 -1 1 1 -1 1 -1 1 -1 
-1 1 1 1 1 1 1 1 1 1 1 1 1 1 1 -1 1 1 1 1 
1 1 1 1 1 1 1 1 1 -1 -1 -1 -1 -1 1 1 1 1 1 1 
1 -1 1 1 1 1 1 1 1 -1 -1 -1 -1 -1 1 1 1 1 -1 1 
1 -1 1 1 1 1 1 1 1 1 1 -1 -1 -1 1 1 -1 -1 1 1 
-1 1 -1 1 1 1 -1 -1 1 1 1 1 1 1 1 1 -1 -1 1 1 
1 -1 1 1 1 1 -1 -1 -1 -1 1 1 1 1 1 1 1 1 1 1 
1 1 1 1 1 1 -1 -1 1 1 1 1 1 1 1 1 1 1 1 1 
1 1 1 1 1 -1 1 1 1 1 1 1 1 1 1 1 1 1 1 1 
1 1 -1 -1 1 1 1 1 1 1 1 1 1 1 1 1 1 1 1 1 
1 -1 1 1 1 1 1 1 1 -1 1 1 -1 1 1 1 1 1 1 -1 
1 1 -1 1 1 -1 1 1 1 1 -1 1 1 1 2 1 1 1 1 1 
1 1 -1 -1 1 1 1 1 -1 -1 1 -1 -1 1 -1 -1 1 1 1 1 
-1 1 -1 -1 1 -1 1 -1 -1 1 1 1 1 1 1 -1 1 1 1 1 
-1 1 1 1 1 -1 1 1 -1 1 1 1 1 -1 -1 1 1 1 -1 1 
-1 1 1 1 -1 1 1 1 1 -1 -1 -1 -1 -1 -1 -1 -1 -1 -1 -1 
-1 1 -1 1 -1 -1 -1 -1 -1 -1 -1 -1 -1 -1 -1 -1 -1 -1 -1 -1 
-1 -1 -1 -1 -1 -1 -1 -1 -1 -1 -1 -1 -1 -1 -1 -1 -1 -1 -1 -1 
-1 1 1 -1 -1 -1 -1 -1 -1 -1 -1 1 -1 -1 -1 -1 -1 -1 -1 1 
1 1 1 1 1 -1 -1 -1 -1 -1 -1 1 1 -1 -1 -1 -1 -1 -1 -1 
1 1 1 -1 1 1 1 1 -1 -1 -1 1 1 -1 -1 -1 -1 -1 1 1 
1 1 1 -1 1 1 1 1 1 -1 -1 -1 1 1 -1 -1 -1 1 -1 1 
1 1 1 1 1 1 1 -1 1 -1 -1 1 1 1 1 1 1 1 -1 1 
1 1 1 1 1 1 1 1 -1 -1 -1 -1 1 1 -1 1 -1 1 1 1 
1 1 1 -1 1 1 1 1 -1 -1 -1 -1 1 1 -1 1 -1 1 -1 -1 
1 1 1 1 1 1 1 1 1 1 1 1 1 1 1 1 -1 1 1 1 
1 1 1 1 1 1 1 -1 -1 1 1 1 1 1 1 1 1 1 1 1 
1 1 1 1 1 1 1 -1 -1 1 1 1 -1 -1 1 -1 1 -1 1 1 
1 -1 -1 1 1 1 -1 -1 -1 -1 1 1 1 -1 1 1 1 1 -1 1 
1 1 1 1 1 1 -1 -1 -1 1 -1 -1 -1 1 1 1 -1 -1 1 1 
-1 1 1 1 1 1 -1 1 1 -1 -1 -1 -1 1 1 1 -1 -1 1 -1 
-1 1 1 1 1 1 1 1 1 -1 -1 -1 -1 -1 1 -1 -1 -1 1 -1 
1 -1 -1 1 1 1 1 1 1 -1 -1 -1 1 -1 -1 1 1 1 1 1 
1 -1 -1 1 1 1 1 1 1 -1 1 1 1 1 -1 -1 1 1 1 1 
1 1 1 1 1 1 1 1 1 1 -1 1 1 1 -1 -1 -1 -1 1 1 
1 1 1 -1 1 1 -1 1 1 1 1 1 -1 1 -1 -1 -1 -1 1 1 
1 1 1 1 1 -1 1 -1 1 -1 -1 1 -1 -1 -1 -1 -1 1 -1 1 
1 1 -1 1 1 1 -1 1 -1 1 1 1 1 -1 -1 -1 1 1 1 -1 
-1 -1 -1 -1 1 1 1 1 -1 -1 1 1 1 1 -1 -1 1 1 1 -1 
1 1 1 -1 -1 -1 -1 1 -1 -1 -1 -1 1 -1 1 1 1 1 1 1 
1 1 -1 1 -1 -1 -1 -1 1 -1 -1 -1 -1 1 -1 1 1 1 1 1 
-1 -1 1 -1 -1 1 -1 1 -1 -1 -1 -1 -1 1 1 1 1 1 1 -1 
1 1 1 1 1 1 1 -1 1 -1 1 -1 1 1 1 1 -1 1 1 1 
1 1 1 -1 1 1 1 1 1 1 1 -1 -1 1 1 1 1 1 1 1 
1 -1 1 -1 1 1 1 1 1 1 1 1 -1 1 1 1 -1 1 1 1 
1 1 -1 -1 -1 1 1 1 1 -1 1 -1 -1 -1 1 1 1 1 1 -1 
1 -1 1 -1 -1 1 1 1 1 1 1 -1 -1 -1 -1 -1 1 -1 1 1 
1 1 -1 1 1 -1 -1 -1 -1 -1 -1 -1 -1 1 1 1 1 1 1 1 
1 1 1 -1 1 -1 -1 -1 1 -1 -1 -1 1 1 1 -1 1 1 1 1 
-1 1 -1 -1 1 1 1 1 1 1 1 1 1 -1 -1 1 1 -1 -1 1 
1 -1 1 1 -1 -1 1 1 1 1 1 1 -1 1 1 1 1 1 -1 1 
1 1 1 1 -1 -1 1 -1 1 1 1 1 -1 1 1 1 1 1 -1 1 
1 1 1 1 1 1 -1 -1 -1 1 1 -1 -1 -1 1 1 -1 1 -1 -1 
-1 1 -1 1 1 -1 -1 1 1 1 1 1 -1 -1 -1 -1 -1 1 1 -1 
1 -1 -1 -1 -1 -1 -1 1 1 1 1 1 -1 -1 -1 -1 -1 1 1 -1 
1 -1 1 -1 -1 -1 1 -1 1 -1 1 1 -1 -1 -1 1 -1 -1 -1 1 
-1 -1 -1 1 -1 1 -1 1 1 -1 1 -1 1 -1 -1 1 1 -1 -1 -1 
1 -1 -1 -1 1 -1 -1 -1 -1 1 -1 -1 -1 -1 -1 1 -1 -1 -1 1 
1 1 -1 1 1 -1 -1 -1 -1 1 1 -1 -1 -1 -1 -1 -1 -1 -1 -1 
-1 1 1 1 1 1 1 -1 1 1 -1 1 -1 -1 -1 -1 -1 -1 1 1 
1 -1 1 1 1 1 1 1 1 -1 1 -1 -1 -1 -1 1 -1 1 -1 -1 
1 1 1 1 -1 1 1 1 1 1 1 -1 -1 -1 1 1 -1 -1 -1 1 
1 -1 -1 1 1 -1 1 1 1 -1 1 1 1 -1 1 1 1 -1 1 -1 
1 -1 1 1 1 -1 -1 -1 1 1 1 1 1 -1 1 1 1 1 1 1 
-1 1 1 1 1 1 -1 -1 -1 1 1 -1 -1 -1 -1 1 1 -1 1 1 
1 -1 1 1 1 1 1 1 1 1 -1 1 1 -1 1 1 1 1 1 1 
1 -1 1 1 1 1 1 1 1 1 1 1 1 1 1 -1 1 1 1 1 
1 1 1 1 1 1 1 1 -1 1 1 1 1 1 1 -1 1 1 -1 1 
1 1 1 1 1 1 1 1 -1 1 1 1 1 1 1 1 1 1 1 1 
1 1 1 1 1 -1 1 -1 1 1 -1 1 -1 1 1 1 1 1 -1 -1 
-1 1 -1 1 1 1 1 -1 1 1 1 1 1 1 1 1 1 -1 -1 -1 
-1 -1 1 -1 1 1 1 1 1 1 1 1 1 1 -1 1 1 -1 -1 -1 
-1 -1 -1 -1 1 1 1 1 -1 1 -1 1 1 -1 -1 -1 -1 -1 -1 -1 
-1 -1 -1 -1 1 1 1 1 1 -1 1 1 -1 -1 -1 -1 -1 -1 -1 -1 
-1 -1 -1 -1 -1 1 -1 -1 1 -1 1 1 -1 -1 -1 -1 -1 -1 -1 -1 
-1 -1 -1 -1 -1 -1 1 1 1 1 -1 -1 -1 -1 -1 -1 -1 -1 -1 -1 
-1 -1 -1 -1 -1 1 -1 1 -1 -1 -1 -1 -1 -1 -1 -1 -1 -1 -1 -1 
-1 -1 -1 -1 -1 -1 -1 1 -1 -1 -1 -1 -1 -1 -1 -1 -1 -1 -1 1 
-1 -1 -1 -1 -1 -1 -1 -1 1 -1 -1 -1 -1 -1 -1 -1 -1 -1 -1 -1 
-1 -1 -1 -1 -1 -1 1 1 1 -1 -1 -1 -1 -1 -1 -1 -1 1 1 1 
-1 -1 1 1 -1 1 1 1 -1 -1 -1 -1 -1 1 -1 -1 -1 1 -1 -1 
-1 -1 1 1 -1 -1 1 -1 -1 -1 -1 -1 1 1 1 1 1 1 1 1 
-1 1 -1 1 -1 1 -1 -1 -1 -1 -1 -1 -1 -1 1 1 1 1 1 1 
1 -1 1 -1 1 1 -1 -1 -1 -1 -1 -1 -1 1 1 1 1 1 1 1 
-1 1 -1 1 1 1 1 -1 1 1 -1 1 1 -1 -1 1 1 1 1 1 
1 1 1 1 1 1 -1 1 -1 1 1 1 -1 1 1 1 1 1 1 1 
1 1 1 1 1 1 -1 1 -1 -1 -1 -1 -1 1 1 1 1 1 1 1 
1 1 1 1 -1 -1 1 -1 1 -1 -1 -1 -1 1 1 1 1 1 1 1 
1 1 1 1 1 -1 -1 -1 1 1 -1 -1 -1 1 1 1 1 1 1 1 
1 1 1 1 1 1 1 -1 -1 -1 1 -1 -1 1 1 1 1 1 1 -1 
1 1 1 -1 1 1 1 1 1 1 1 -1 1 1 1 1 1 1 1 1 
1 -1 -1 1 1 1 -1 1 1 -1 -1 -1 1 1 1 1 1 1 1 1 
1 -1 1 1 -1 1 1 -1 -1 1 -1 1 -1 -1 1 1 1 1 1 1 
-1 1 1 1 1 1 -1 1 1 -1 1 -1 1 1 -1 1 1 1 1 1 
1 1 -1 1 1 1 1 1 1 -1 -1 -1 1 1 -1 -1 -1 1 -1 1 
1 -1 1 1 1 1 1 1 1 -1 -1 1 -1 -1 -1 -1 -1 1 -1 1 
1 1 -1 1 1 1 1 1 1 -1 -1 -1 -1 -1 -1 1 1 -1 -1 1 
1 1 -1 1 1 -1 1 1 -1 1 -1 -1 1 -1 -1 -1 -1 -1 -1 1 
1 1 1 1 -1 -1 1 -1 1 1 -1 -1 1 -1 -1 -1 -1 1 1 -1 
1 -1 1 1 -1 -1 -1 1 -1 -1 -1 -1 1 -1 1 1 -1 1 -1 1 
1 1 1 1 -1 -1 1 1 -1 -1 -1 1 -1 1 -1 -1 1 1 1 1 
1 1 1 1 1 1 1 -1 1 -1 1 1 -1 -1 1 1 1 1 -1 1 
-1 1 1 1 1 1 1 1 1 1 -1 -1 -1 -1 1 1 1 1 1 1 
1 1 1 1 -1 1 1 1 1 1 1 1 1 1 1 1 1 1 1 1 
1 1 1 1 1 -1 1 1 1 1 1 1 1 1 1 1 1 1 1 1 
1 1 1 1 1 1 1 1 -1 1 1 3 3 2 -1 1 1 -1 1 1 
1 1 1 1 1 1 1 1 1 1 1 1 1 -1 2 -1 1 1 1 1 
1 1 1 1 1 1 1 1 1 1 1 3 2 2 -1 2 1 1 1 1 
1 1 1 1 1 -1 -1 1 1 1 -1 -1 1 -1 1 1 1 1 1 1 
1 1 1 1 1 1 -1 1 -1 1 -1 1 1 1 1 1 1 1 1 1 
1 1 1 1 -1 1 -1 1 1 -1 1 1 -1 -1 1 1 1 1 1 1 
1 1 1 1 1 -1 -1 1 -1 1 1 1 1 -1 -1 -1 1 -1 -1 1 
1 -1 1 1 -1 1 1 1 1 -1 -1 -1 1 1 -1 -1 -1 -1 -1 1 
-1 -1 -1 -1 1 1 -1 1 1 -1 1 -1 -1 -1 -1 -1 -1 -1 -1 1 
-1 -1 -1 -1 -1 -1 1 1 1 -1 1 -1 1 -1 -1 -1 -1 -1 1 1 
1 -1 -1 -1 -1 -1 1 1 1 -1 -1 -1 1 1 1 -1 -1 1 1 -1 
1 -1 1 -1 -1 -1 1 1 1 1 -1 -1 -1 -1 1 -1 1 -1 1 -1 
-1 1 1 1 -1 1 -1 1 1 1 -1 -1 -1 -1 -1 1 -1 1 1 -1 
-1 -1 1 1 1 1 1 1 1 1 1 1 -1 -1 1 -1 1 1 -1 -1 
-1 1 1 1 1 1 1 1 1 1 1 1 1 1 1 1 1 1 1 -1 
-1 1 1 1 1 -1 -1 1 1 1 1 1 1 -1 1 1 1 1 1 1 
1 1 1 1 1 1 1 1 -1 1 1 1 1 1 1 1 1 -1 1 1 
1 1 1 1 1 1 1 1 1 -1 1 1 1 1 1 3 1 1 -1 -1 
1 -1 1 1 1 1 1 1 1 1 1 1 1 1 1 3 1 1 1 1 
1 1 1 -1 -1 1 1 1 1 1 1 1 1 1 2 3 1 1 1 1 
1 1 -1 1 1 1 1 1 -1 -1 -1 -1 1 1 -1 1 1 -1 1 1 
1 1 1 1 1 -1 -1 1 -1 -1 -1 1 -1 1 1 1 1 -1 -1 -1 
-1 1 1 -1 1 -1 -1 -1 -1 -1 -1 1 1 1 1 -1 1 1 1 -1 
1 1 1 1 1 -1 1 -1 -1 -1 -1 -1 -1 -1 1 1 1 1 1 -1 
1 1 1 1 1 1 1 -1 -1 -1 -1 -1 -1 1 1 1 1 -1 1 1 
1 1 1 1 1 1 1 1 1 -1 -1 -1 -1 1 -1 1 1 -1 1 1 
1 1 -1 -1 -1 -1 -1 -1 -1 -1 -1 -1 1 1 -1 -1 1 1 1 -1 
1 1 -1 -1 -1 -1 -1 -1 -1 -1 -1 1 -1 -1 -1 1 1 1 1 1 
1 -1 1 -1 -1 -1 -1 -1 -1 -1 -1 1 -1 1 1 1 -1 -1 1 1 
1 -1 -1 -1 -1 -1 -1 -1 -1 -1 1 1 -1 1 1 1 1 -1 1 1 
-1 -1 -1 -1 -1 -1 -1 -1 -1 -1 -1 -1 1 1 1 1 1 1 1 -1 
-1 1 -1 -1 -1 1 -1 -1 -1 -1 -1 -1 1 -1 1 -1 1 -1 1 -1 
-1 1 -1 -1 -1 -1 -1 1 -1 -1 -1 -1 -1 -1 -1 -1 1 1 1 -1 
1 -1 -1 -1 -1 -1 -1 -1 -1 -1 -1 -1 -1 -1 -1 1 1 1 -1 1 
1 1 -1 -1 -1 -1 -1 -1 -1 -1 -1 -1 -1 -1 -1 -1 1 1 -1 1 
-1 1 -1 -1 -1 -1 -1 -1 -1 -1 -1 -1 -1 1 -1 -1 -1 -1 -1 -1 
-1 -1 -1 -1 -1 1 -1 -1 -1 -1 -1 -1 -1 -1 1 -1 -1 1 -1 -1 
1 1 -1 1 1 1 -1 -1 -1 -1 -1 -1 -1 -1 1 -1 1 1 1 1 
1 1 1 1 -1 1 -1 1 -1 1 -1 -1 -1 -1 -1 -1 -1 1 1 -1 
1 1 -1 1 -1 1 1 1 1 -1 -1 -1 -1 -1 -1 -1 -1 -1 1 1 
1 1 1 1 1 -1 1 1 1 1 1 1 1 1 -1 1 1 1 1 -1 
1 1 1 1 1 -1 1 1 1 1 1 1 1 -1 -1 -1 1 1 1 1 
1 1 1 1 1 1 1 1 1 1 1 1 1 -1 1 1 -1 -1 -1 1 
1 1 1 1 1 1 1 1 1 1 1 1 1 -1 1 1 1 1 1 -1 
1 -1 1 1 -1 1 1 1 1 1 1 1 -1 1 1 1 1 1 1 1 
1 1 -1 1 -1 -1 1 1 1 -1 1 1 1 1 1 1 1 1 1 1 
1 1 -1 1 1 1 1 1 -1 1 1 1 1 1 1 1 -1 1 1 -1 
1 1 -1 1 1 -1 1 1 1 1 1 1 1 1 -1 1 1 1 1 -1 
1 -1 -1 1 1 1 1 1 1 1 1 1 1 1 1 1 1 1 1 1 
1 -1 -1 1 1 1 1 1 1 1 -1 1 1 1 1 1 1 -1 1 1 
1 1 -1 -1 -1 1 -1 -1 1 1 -1 1 -1 1 1 1 1 -1 1 1 
1 -1 1 1 1 -1 -1 1 1 -1 1 1 1 1 1 1 -1 1 1 1 
-1 -1 1 1 1 1 1 1 1 1 1 1 -1 1 1 1 1 1 1 1 
1 1 1 1 -1 -1 1 1 1 1 1 -1 1 1 1 1 1 1 1 1 
1 1 1 -1 1 -1 1 1 1 1 -1 -1 -1 1 1 1 1 -1 1 1 
-1 -1 1 1 1 -1 1 -1 -1 1 1 -1 1 1 1 1 1 1 1 -1 
-1 -1 -1 1 1 -1 -1 1 1 1 1 -1 1 1 1 1 1 1 1 1 
1 1 1 1 1 -1 1 1 1 1 1 1 1 1 -1 1 -1 1 -1 1 
1 1 1 1 1 1 1 -1 1 1 1 1 -1 -1 1 1 1 1 1 -1 
1 1 1 1 -1 1 1 1 1 1 1 1 -1 1 1 1 1 1 1 1 
1 1 1 1 1 1 1 -1 1 -1 1 -1 -1 -1 -1 -1 -1 1 1 1 
1 1 1 1 1 1 1 1 1 1 1 1 1 1 -1 1 1 1 -1 1 
1 -1 1 1 -1 1 1 1 1 1 1 1 1 1 -1 -1 1 1 1 1 
1 1 1 1 1 -1 1 1 1 1 1 -1 1 1 1 -1 1 -1 1 1 
1 1 1 1 1 1 1 1 1 1 1 -1 1 1 -1 1 -1 -1 1 1 
1 1 1 1 1 1 1 1 1 1 -1 -1 -1 1 1 1 1 1 -1 1 
1 1 1 1 1 1 1 1 1 1 1 -1 -1 -1 -1 1 1 1 1 1 
-1 1 1 1 1 -1 -1 1 -1 1 1 1 -1 -1 -1 -1 1 1 1 -1 
1 1 1 1 -1 1 1 1 1 1 -1 1 -1 1 1 -1 1 1 1 1 
1 1 1 1 1 1 1 1 -1 1 1 -1 1 1 -1 1 -1 -1 1 -1 
1 1 1 1 1 1 -1 -1 -1 -1 1 1 -1 -1 1 -1 -1 1 -1 1 
1 1 1 1 1 1 1 -1 -1 1 1 1 1 -1 -1 -1 -1 -1 1 1 
1 1 1 1 -1 -1 1 -1 -1 -1 1 -1 1 1 1 -1 -1 -1 1 1 
1 1 1 1 1 1 -1 -1 -1 -1 -1 1 -1 1 -1 -1 -1 -1 1 1 
1 1 1 1 -1 -1 1 -1 -1 -1 -1 -1 1 1 -1 1 1 1 1 1 
1 1 1 1 1 -1 1 -1 -1 1 1 1 -1 -1 -1 -1 1 1 -1 1 
1 -1 1 1 -1 -1 1 1 -1 1 1 -1 -1 -1 -1 1 -1 1 1 1 
1 -1 -1 -1 1 1 1 1 1 1 1 -1 -1 -1 -1 1 1 1 1 1 
-1 -1 -1 1 -1 -1 1 1 1 -1 -1 -1 -1 -1 -1 -1 1 1 1 -1 
1 -1 1 -1 1 1 1 1 1 1 -1 -1 -1 -1 -1 -1 1 1 1 1 
1 1 -1 1 1 1 1 -1 -1 1 1 -1 -1 -1 1 1 1 1 -1 -1 
1 1 1 1 1 1 1 1 1 1 1 1 -1 -1 -1 1 1 1 -1 1 
1 1 -1 1 1 1 1 -1 1 1 1 1 1 -1 1 1 -1 1 1 1 
1 1 1 1 1 1 1 1 -1 1 1 -1 -1 -1 -1 -1 1 1 1 1 
1 1 1 1 1 1 1 -1 -1 1 1 -1 1 -1 -1 -1 1 -1 1 1 
-1 1 1 1 -1 1 1 1 1 1 1 1 -1 -1 -1 1 1 1 1 1 
1 1 1 -1 1 1 -1 1 1 1 -1 -1 -1 -1 1 1 1 1 1 1 
1 1 -1 1 1 -1 1 1 1 1 -1 1 1 1 -1 1 1 1 1 1 
1 1 1 1 -1 1 1 1 1 1 1 1 -1 -1 1 -1 1 -1 -1 -1 
1 1 1 -1 1 1 1 1 1 1 1 1 -1 1 1 1 1 -1 1 1 
-1 1 -1 1 -1 1 1 1 1 1 1 1 -1 -1 1 1 1 1 1 1 
1 1 -1 1 1 1 -1 -1 1 1 1 1 1 1 -1 -1 1 1 1 1 
1 -1 1 1 1 1 1 -1 -1 -1 1 1 -1 -1 -1 -1 1 -1 1 1 
1 1 1 1 1 1 -1 -1 -1 -1 -1 -1 -1 -1 -1 -1 -1 1 1 1 
1 1 1 -1 1 1 1 -1 -1 -1 -1 -1 -1 1 1 -1 -1 -1 1 1 
1 1 1 -1 1 1 1 1 1 -1 1 1 1 1 1 -1 1 1 1 1 
1 -1 1 1 -1 -1 -1 1 -1 -1 1 -1 -1 1 1 1 -1 1 1 -1 
1 1 -1 -1 1 1 1 1 -1 -1 1 1 -1 -1 1 1 -1 1 -1 1 
1 1 1 1 1 1 1 1 -1 1 1 -1 -1 1 1 -1 1 1 1 1 
1 1 -1 1 -1 1 -1 1 1 1 1 -1 1 -1 1 1 1 -1 1 1 
-1 1 1 1 -1 1 1 1 -1 -1 1 -1 1 1 -1 1 1 1 1 1 
1 1 -1 1 1 1 1 -1 1 1 1 1 1 1 1 1 1 1 -1 -1 
1 1 -1 1 1 1 1 1 1 1 1 -1 1 1 1 1 1 -1 -1 1 
1 1 1 1 1 1 1 1 -1 -1 -1 1 1 1 1 1 1 1 1 1 
1 -1 1 1 1 1 1 -1 1 -1 -1 1 1 1 1 1 1 -1 -1 1 
1 1 1 1 -1 1 1 1 1 -1 -1 1 1 1 1 1 1 -1 -1 1 
1 1 -1 1 1 1 1 1 -1 -1 -1 1 1 1 -1 1 -1 1 1 1 
1 -1 1 -1 1 1 1 -1 -1 1 1 1 -1 -1 1 1 1 1 1 1 
-1 1 -1 1 -1 1 1 -1 1 1 -1 -1 -1 -1 1 -1 1 1 -1 -1 
-1 -1 1 -1 -1 -1 -1 -1 -1 -1 -1 -1 -1 -1 -1 1 -1 1 -1 -1 
-1 1 -1 -1 -1 -1 -1 -1 -1 1 1 1 1 1 1 1 1 -1 -1 -1 
1 1 1 -1 -1 -1 1 -1 1 1 1 1 1 -1 1 1 -1 -1 1 -1 
1 -1 1 -1 -1 -1 -1 1 1 1 1 1 -1 1 -1 1 1 1 -1 1 
1 1 1 1 1 -1 -1 1 1 -1 -1 1 1 -1 -1 1 -1 1 1 -1 
1 1 -1 -1 1 1 1 1 1 1 -1 -1 1 -1 -1 -1 1 -1 1 1 
1 1 1 1 1 1 1 1 1 1 1 -1 -1 -1 -1 -1 1 1 1 1 
1 1 1 1 1 1 -1 -1 1 1 -1 1 1 1 1 1 1 1 1 -1 
-1 1 1 1 1 1 1 1 1 1 1 1 1 -1 1 1 1 -1 1 -1 
1 1 1 1 1 1 1 1 1 1 1 1 1 1 -1 1 1 -1 1 1 
1 1 1 1 -1 -1 1 1 -1 1 1 -1 -1 -1 1 -1 1 1 1 1 
1 1 -1 1 1 1 -1 1 -1 -1 -1 1 1 1 1 1 -1 -1 1 1 
-1 1 1 1 -1 -1 1 1 1 1 1 1 -1 1 -1 -1 1 -1 -1 -1 
1 -1 -1 1 1 1 1 1 1 1 1 1 -1 1 -1 1 1 1 -1 1 
1 1 -1 1 1 1 1 -1 1 -1 -1 1 -1 -1 -1 -1 1 1 -1 1 
1 1 1 -1 -1 -1 1 1 1 1 -1 1 -1 -1 -1 -1 1 -1 1 1 
1 1 1 1 -1 -1 1 -1 -1 -1 -1 1 -1 1 1 -1 1 1 1 1 
1 1 1 1 1 1 -1 1 -1 -1 1 1 1 1 1 1 1 1 1 1 
1 1 1 -1 1 1 -1 1 -1 -1 1 1 1 1 1 1 1 1 1 1 
1 1 1 1 1 1 1 1 -1 -1 1 1 1 1 1 1 1 1 -1 1 
1 1 1 1 1 1 1 -1 -1 -1 1 -1 -1 1 1 1 1 -1 1 1 
-1 -1 -1 1 1 1 1 -1 -1 1 1 1 1 1 1 1 1 1 1 -1 
-1 -1 -1 1 1 1 -1 1 1 1 1 1 1 1 -1 1 1 -1 -1 -1 
-1 -1 -1 -1 1 1 1 1 1 1 1 -1 -1 1 1 1 1 -1 -1 -1 
-1 -1 -1 1 1 1 1 1 1 1 1 -1 -1 -1 1 1 1 -1 -1 -1 
-1 1 1 1 1 1 1 1 1 1 1 1 -1 1 -1 1 -1 1 -1 -1 
1 1 1 1 1 1 1 -1 -1 -1 1 -1 -1 1 1 1 1 1 1 1 
1 -1 1 1 1 1 1 1 1 1 -1 -1 1 1 1 1 1 1 1 1 
-1 1 1 1 1 1 1 -1 1 1 1 1 1 1 -1 1 1 1 1 1 
-1 -1 1 -1 1 1 1 1 1 1 1 1 -1 -1 1 -1 1 -1 1 1 
1 1 1 -1 -1 1 -1 1 -1 -1 1 -1 -1 -1 1 -1 -1 -1 1 1 
1 1 -1 1 1 1 1 1 -1 -1 -1 1 1 1 1 1 1 1 -1 1 
1 1 1 1 1 -1 1 1 1 1 1 1 1 1 1 1 1 1 1 -1 
1 1 1 1 1 1 1 1 1 1 -1 -1 1 1 1 1 1 1 -1 1 
1 1 1 1 1 1 -1 1 1 1 -1 1 1 1 1 -1 1 1 -1 1 
1 1 1 1 -1 -1 1 1 1 1 1 -1 1 1 -1 -1 -1 1 1 1 
-1 1 -1 1 1 -1 1 1 1 1 1 1 1 -1 -1 1 -1 1 1 1 
1 1 1 1 1 1 -1 1 1 1 1 1 1 1 -1 -1 -1 -1 1 1 
1 1 -1 1 1 1 1 1 -1 -1 1 1 1 1 -1 -1 -1 -1 -1 -1 
1 1 1 1 1 1 1 1 1 -1 1 1 -1 1 1 -1 -1 -1 -1 1 
1 1 1 1 1 1 -1 1 1 1 1 1 1 1 1 1 -1 -1 -1 1 
1 -1 -1 1 -1 1 -1 1 -1 1 1 1 1 1 -1 1 1 -1 1 1 
1 1 1 1 1 1 -1 -1 -1 1 1 1 1 1 1 1 1 1 1 1 
1 1 1 1 1 1 1 -1 1 1 1 1 1 1 1 1 1 1 1 1 
-1 1 1 1 -1 1 1 -1 -1 1 1 1 1 1 1 1 1 1 1 1 
1 1 1 1 -1 1 1 -1 1 -1 1 1 1 1 1 1 1 -1 1 1 
1 1 1 1 -1 1 1 1 1 -1 1 1 1 -1 1 1 1 1 1 1 
1 1 1 1 1 1 1 -1 1 1 -1 1 -1 1 -1 1 1 1 1 1 
1 1 1 1 1 1 1 1 -1 -1 -1 -1 -1 -1 1 -1 -1 1 1 1 
-1 1 1 1 1 1 1 1 1 1 1 1 -1 1 -1 -1 -1 1 1 -1 
-1 1 1 1 1 1 1 1 1 1 1 1 1 -1 1 1 -1 1 -1 1 
-1 1 1 1 1 -1 -1 1 -1 1 1 1 1 -1 1 1 -1 1 -1 1 
-1 1 1 1 1 1 1 1 1 -1 1 1 -1 -1 -1 1 1 1 1 -1 
1 1 1 1 1 1 1 1 1 1 1 1 1 1 -1 1 1 1 1 1 
1 1 1 1 1 1 1 1 1 1 -1 1 1 1 -1 1 1 1 1 1 
1 1 1 1 1 1 1 1 1 -1 1 -1 -1 1 1 1 1 1 1 1 
1 1 -1 1 1 1 1 -1 1 1 1 1 1 1 1 1 1 1 1 1 
1 1 1 1 1 1 1 1 1 1 -1 -1 1 1 1 1 -1 1 1 1 
1 1 1 1 1 1 1 1 1 1 -1 -1 1 1 1 1 -1 1 1 1 
-1 1 1 1 1 1 1 1 1 1 1 1 -1 1 1 1 -1 1 1 -1 
1 1 1 -1 1 1 1 -1 -1 1 1 -1 1 1 1 1 1 1 -1 1 
1 1 -1 1 1 1 1 -1 -1 -1 1 1 1 -1 1 1 1 1 1 1 
1 1 1 1 1 1 -1 -1 -1 1 1 -1 -1 1 -1 -1 1 1 -1 1 
1 1 1 1 1 -1 1 -1 1 1 1 1 1 1 1 -1 1 1 1 -1 
1 1 1 1 1 -1 -1 1 1 1 -1 1 1 1 1 1 1 -1 1 1 
-1 1 1 1 1 1 1 1 -1 -1 1 1 1 1 1 -1 1 1 1 1 
-1 -1 1 1 1 1 1 1 -1 -1 1 1 1 -1 1 -1 -1 1 1 1 
1 1 1 1 1 1 1 1 1 1 1 1 1 1 -1 1 1 -1 1 1 
1 1 1 1 1 -1 1 -1 1 1 1 1 1 1 1 1 -1 1 1 1 
1 -1 1 -1 -1 1 -1 1 1 1 1 1 1 1 1 1 1 1 1 -1 
1 1 1 1 1 -1 -1 1 1 1 1 1 1 1 1 1 1 1 1 -1 
1 1 -1 1 1 -1 -1 -1 -1 1 -1 1 1 1 1 1 1 1 1 1 
1 1 1 1 1 1 -1 -1 -1 1 1 -1 -1 1 1 1 1 1 1 1 
-1 1 1 1 1 1 -1 -1 -1 -1 1 -1 -1 1 1 1 1 1 1 1 
1 1 1 -1 1 1 -1 -1 -1 1 1 -1 1 1 1 1 1 1 1 1 
1 1 1 1 -1 1 -1 -1 -1 -1 -1 -1 -1 1 1 -1 1 1 1 1 
1 1 1 1 1 1 1 -1 -1 -1 -1 -1 -1 1 1 1 1 1 1 1 
1 -1 1 1 -1 1 1 -1 1 -1 -1 -1 -1 1 -1 1 1 1 1 1 
1 1 1 -1 -1 1 -1 1 1 -1 1 -1 -1 -1 -1 -1 -1 1 1 1 
1 1 1 -1 -1 1 1 1 1 -1 1 -1 -1 1 -1 -1 -1 -1 -1 1 
1 -1 -1 -1 -1 -1 1 1 -1 1 -1 -1 1 -1 -1 -1 1 1 1 -1 
-1 -1 -1 -1 -1 -1 1 1 -1 1 1 1 1 1 1 1 1 1 -1 -1 
-1 -1 -1 -1 -1 1 -1 1 1 1 1 1 1 1 1 1 -1 1 -1 -1 
-1 -1 -1 -1 1 1 1 1 1 1 1 1 1 1 1 -1 -1 -1 -1 -1 
-1 -1 -1 -1 2 2 -1 1 -1 1 1 1 1 -1 1 -1 -1 -1 -1 -1 
-1 -1 -1 -1 2 2 -1 -1 1 -1 -1 -1 -1 -1 -1 -1 -1 -1 -1 -1 
-1 1 -1 2 1 -1 -1 -1 1 -1 -1 -1 -1 -1 -1 -1 -1 1 -1 1 
1 1 1 1 1 1 -1 1 -1 -1 -1 -1 -1 -1 -1 1 1 1 1 1 
1 1 1 1 1 1 -1 1 1 -1 -1 -1 -1 -1 1 1 1 1 1 1 
1 1 1 -1 1 1 1 1 1 -1 -1 -1 -1 1 -1 1 1 -1 1 1 
1 1 1 1 -1 1 -1 1 1 -1 1 -1 -1 1 1 -1 1 -1 1 1 
1 1 -1 1 -1 1 1 1 -1 1 -1 1 1 1 1 1 1 1 1 1 
1 1 1 1 1 1 1 -1 -1 1 1 1 1 1 1 1 1 1 1 1 
-1 1 1 1 1 -1 1 1 1 -1 1 1 1 1 1 1 -1 1 1 1 
-1 1 1 1 1 1 1 1 1 1 -1 1 1 1 1 1 1 1 1 -1 
1 1 1 1 1 1 1 -1 1 1 1 1 1 1 1 -1 -1 1 1 1 
1 1 1 1 -1 1 1 1 -1 1 1 1 1 -1 1 1 1 1 -1 1 
1 1 -1 1 1 1 1 1 1 1 1 -1 1 1 1 1 1 1 1 -1 
-1 1 -1 1 1 1 -1 1 1 1 1 1 1 1 1 1 1 1 1 -1 
-1 1 1 1 -1 1 -1 1 1 1 1 -1 1 1 1 1 1 1 -1 1 
-1 1 1 1 1 -1 1 1 1 1 1 1 -1 1 -1 -1 1 1 1 -1 
1 1 1 1 1 -1 1 1 1 1 1 -1 -1 1 1 -1 -1 1 1 -1 
1 -1 -1 1 1 1 1 -1 -1 -1 1 1 1 -1 1 -1 1 1 1 1 
1 1 -1 1 1 1 1 -1 -1 -1 1 1 1 1 1 1 2 1 1 1 
1 1 1 -1 1 1 -1 -1 -1 -1 1 -1 -1 1 1 2 -1 1 -1 1 
1 1 -1 1 1 1 1 1 -1 1 1 1 1 1 -1 1 1 -1 1 1 
1 1 1 -1 1 1 1 -1 -1 1 -1 -1 1 -1 -1 1 1 1 1 1 
1 -1 1 1 1 1 -1 -1 1 1 -1 1 1 1 1 1 1 1 1 1 
1 1 1 1 1 1 -1 -1 -1 1 1 1 1 1 1 1 1 1 1 1 
1 -1 1 1 1 1 -1 1 1 1 1 1 1 1 1 1 1 1 1 -1 
1 1 1 -1 -1 1 1 -1 1 1 1 1 1 1 1 1 1 -1 1 -1 
1 1 1 1 1 1 1 1 1 -1 1 -1 -1 -1 1 1 1 1 1 -1 
1 1 -1 1 1 1 1 1 -1 1 1 1 1 1 -1 1 1 1 1 1 
-1 1 1 1 -1 -1 1 -1 -1 -1 -1 -1 1 -1 1 1 1 1 1 1 
1 1 1 -1 1 1 -1 -1 -1 -1 -1 -1 -1 1 1 1 1 1 1 1 
1 -1 1 -1 1 1 -1 1 1 -1 -1 -1 -1 1 1 1 1 1 1 1 
1 1 1 1 1 1 1 1 -1 -1 1 1 -1 -1 1 1 1 1 1 1 
-1 1 -1 1 1 1 1 1 -1 1 1 -1 -1 -1 -1 1 1 1 1 1 
1 1 1 1 1 1 1 1 1 -1 1 -1 -1 -1 -1 -1 1 1 1 1 
1 1 1 1 1 1 1 1 1 1 1 1 -1 -1 1 1 1 1 -1 1 
-1 -1 -1 1 1 -1 1 1 1 -1 1 -1 1 1 1 1 1 1 1 1 
1 1 1 1 -1 -1 1 1 -1 1 1 1 1 1 1 1 1 1 1 -1 
1 1 1 1 1 1 1 -1 1 1 1 1 1 1 1 1 1 1 1 -1 
1 1 1 1 1 1 1 -1 -1 1 -1 1 1 1 1 -1 -1 1 1 1 
-1 1 1 -1 1 1 -1 1 -1 1 -1 1 1 -1 -1 1 1 1 1 -1 
-1 -1 1 1 1 1 1 -1 1 -1 1 -1 -1 1 1 1 1 1 1 1 
1 1 1 1 1 -1 1 -1 1 1 1 1 1 -1 1 1 1 1 1 1 
1 1 1 1 1 1 1 1 -1 -1 -1 -1 1 1 1 1 1 1 -1 1 
1 1 1 1 1 1 1 1 -1 1 -1 1 1 1 1 1 1 1 1 1 
1 1 1 1 1 1 1 1 1 -1 -1 -1 1 1 1 1 1 1 1 1 
1 1 1 1 1 1 1 1 1 1 -1 -1 -1 -1 1 1 1 1 1 1 
1 1 1 1 -1 -1 -1 1 -1 1 1 1 1 1 -1 1 -1 1 1 -1 
1 1 1 1 -1 -1 1 1 -1 1 1 -1 1 -1 1 -1 1 1 1 1 
1 1 1 1 -1 1 -1 -1 -1 1 1 1 1 1 1 1 -1 1 1 1 
1 1 1 1 1 1 1 -1 -1 -1 1 1 1 1 -1 1 -1 1 1 1 
1 1 1 1 1 1 1 1 1 -1 1 1 -1 1 -1 -1 1 1 -1 1 
1 -1 1 1 1 1 -1 1 1 1 1 1 1 1 1 -1 -1 -1 -1 1 
1 1 1 -1 1 1 1 1 1 1 -1 1 1 1 -1 1 1 -1 1 1 
1 1 1 1 1 -1 1 1 1 1 1 1 1 1 -1 1 -1 1 -1 1 
1 1 1 -1 1 1 1 1 1 1 1 1 1 1 1 -1 -1 -1 -1 1 
-1 1 -1 -1 1 1 -1 -1 1 -1 -1 1 1 1 1 -1 1 1 1 1 
-1 -1 -1 -1 1 1 1 1 1 1 1 1 -1 -1 -1 1 1 1 1 1 
1 1 1 1 1 1 1 -1 1 1 1 1 -1 -1 1 1 1 1 1 -1 
1 -1 1 -1 -1 -1 -1 1 1 1 1 1 1 1 -1 1 1 -1 1 1 
-1 1 1 -1 1 1 1 1 1 1 1 -1 1 -1 1 1 1 1 1 1 
-1 1 -1 -1 1 1 1 1 -1 1 1 1 1 -1 -1 1 1 1 1 1 
-1 -1 -1 -1 1 1 1 1 1 -1 -1 1 1 1 1 -1 1 1 -1 1 
1 -1 -1 1 1 1 1 -1 1 1 1 -1 1 1 -1 1 1 1 1 1 
-1 -1 1 -1 -1 -1 -1 1 1 1 1 1 -1 1 1 -1 1 1 1 1 
-1 1 1 -1 -1 -1 1 -1 -1 -1 1 1 1 1 1 1 1 1 1 1 
1 1 1 -1 -1 -1 1 1 1 1 1 1 1 1 1 1 1 1 1 -1 
1 -1 1 1 1 1 1 1 -1 -1 -1 -1 -1 1 1 1 1 1 1 -1 
1 1 1 1 1 1 1 1 1 -1 -1 1 -1 1 1 1 1 1 1 1 
1 1 1 1 1 1 1 1 1 -1 -1 1 1 1 1 1 -1 1 1 -1 
1 1 1 1 1 1 1 1 -1 -1 -1 -1 1 1 1 1 -1 -1 1 1 
1 1 1 1 1 1 1 1 1 1 -1 1 1 1 -1 1 1 1 1 1 
1 1 -1 -1 1 1 -1 1 1 1 -1 1 -1 -1 1 1 1 1 1 1 
1 1 1 1 1 1 1 -1 1 -1 -1 -1 1 -1 -1 -1 -1 1 1 1 
1 1 1 1 1 -1 1 1 1 1 -1 -1 -1 1 -1 -1 -1 1 -1 -1 
1 1 1 1 1 1 1 1 1 1 -1 -1 -1 -1 -1 -1 -1 1 -1 -1 
1 -1 1 1 1 1 1 1 1 1 1 -1 -1 -1 -1 1 -1 -1 -1 -1 
-1 -1 -1 1 1 1 1 1 1 1 -1 -1 -1 -1 1 1 1 -1 1 -1 
1 -1 1 1 1 1 -1 -1 1 1 1 -1 -1 -1 1 1 1 1 1 1 
-1 -1 1 1 1 -1 -1 -1 -1 -1 -1 1 -1 -1 1 1 1 1 1 1 
-1 1 1 1 -1 -1 -1 -1 -1 -1 -1 -1 -1 -1 -1 1 1 1 1 1 
1 1 1 1 -1 -1 -1 -1 -1 -1 -1 -1 -1 1 1 1 1 1 1 1 
1 1 1 1 1 -1 -1 -1 -1 -1 -1 -1 -1 -1 1 -1 -1 1 -1 -1 
-1 1 1 1 1 1 1 -1 -1 -1 -1 -1 -1 -1 -1 1 1 1 1 1 
1 1 -1 -1 1 -1 1 -1 -1 -1 -1 -1 -1 -1 -1 -1 -1 1 1 1 
1 1 -1 1 1 1 1 1 1 -1 -1 -1 -1 -1 -1 -1 1 1 1 1 
-1 -1 1 1 1 1 1 -1 -1 -1 1 1 -1 -1 -1 1 1 1 1 -1 
1 1 -1 1 1 1 1 -1 -1 1 1 1 1 -1 1 -1 -1 1 -1 1 
-1 1 -1 1 1 1 1 -1 -1 -1 -1 -1 -1 -1 1 -1 -1 1 1 1 
1 1 1 1 1 1 1 1 1 -1 1 1 -1 1 1 1 1 -1 1 1 
1 -1 1 1 -1 1 1 1 1 1 1 -1 1 1 1 1 1 -1 1 1 
1 1 1 1 1 1 1 1 -1 1 1 1 1 1 -1 1 -1 1 1 1 
1 1 1 1 1 1 1 1 1 1 -1 1 -1 -1 -1 -1 1 1 1 1 
-1 1 1 1 1 1 1 1 1 1 1 1 -1 -1 -1 1 -1 -1 1 -1 
-1 1 1 1 1 1 1 1 1 1 1 1 1 -1 -1 -1 1 -1 1 1 
1 1 1 1 -1 1 1 1 1 1 -1 1 1 -1 -1 1 1 -1 1 1 
1 1 1 1 1 -1 -1 1 1 1 1 -1 1 1 -1 1 -1 1 -1 1 
1 -1 1 -1 1 -1 1 1 1 1 1 1 -1 1 1 1 1 1 1 -1 
-1 1 1 1 1 1 1 1 1 1 1 -1 1 1 1 1 1 1 1 1 
-1 1 1 1 1 1 1 1 1 1 1 -1 1 1 -1 1 1 1 1 1 
1 1 1 -1 -1 1 1 1 -1 1 -1 -1 -1 1 1 1 -1 -1 1 1 
1 -1 1 1 -1 1 -1 -1 1 -1 -1 -1 -1 -1 1 1 1 1 1 1 
1 1 1 -1 1 -1 1 1 1 -1 -1 -1 -1 -1 -1 1 1 -1 1 1 
1 1 -1 1 1 1 1 1 1 1 1 1 1 1 -1 -1 1 1 1 1 
-1 1 1 1 -1 1 -1 -1 1 1 -1 1 1 -1 -1 -1 1 1 -1 1 
-1 -1 -1 1 1 -1 1 -1 1 1 1 1 1 -1 -1 1 1 1 1 -1 
1 -1 1 1 1 1 -1 1 1 -1 1 1 1 1 1 -1 1 1 1 1 
1 1 1 1 1 1 3 1 1 -1 1 -1 -1 -1 -1 1 1 1 1 1 
-1 1 1 1 1 1 1 -1 1 1 -1 -1 -1 -1 -1 -1 -1 1 -1 1 
1 1 1 1 1 1 -1 -1 -1 -1 -1 -1 -1 -1 -1 1 -1 1 1 1 
1 1 1 1 1 1 -1 1 1 -1 -1 -1 -1 -1 1 1 1 1 1 1 
1 -1 1 1 1 -1 1 1 1 -1 -1 -1 -1 -1 -1 -1 1 1 1 1 
1 1 1 1 -1 1 1 1 1 1 -1 -1 -1 -1 -1 -1 1 1 1 1 
1 -1 1 1 1 1 1 -1 1 -1 1 -1 -1 -1 1 1 1 1 1 -1 
1 1 1 1 1 1 -1 1 -1 1 -1 -1 -1 -1 1 1 1 -1 1 1 
1 1 1 1 1 1 1 -1 1 -1 1 -1 -1 -1 -1 1 1 1 1 1 
1 -1 1 1 1 1 1 1 1 1 1 1 -1 -1 -1 1 -1 1 1 1 
1 1 1 1 1 -1 1 1 -1 1 1 1 1 1 1 -1 1 1 1 1 
1 1 1 1 -1 1 1 1 1 1 1 1 1 -1 -1 1 -1 1 1 1 
1 1 3 1 -1 1 1 1 1 1 1 1 1 -1 1 1 1 -1 -1 -1 
1 1 1 -1 1 1 1 1 1 1 1 1 1 -1 1 1 -1 -1 -1 3 
3 1 3 -1 -1 1 1 1 1 -1 1 -1 -1 -1 -1 1 -1 3 1 1 
2 3 3 1 1 -1 -1 -1 1 1 1 -1 -1 -1 -1 -1 -1 -1 3 1 
2 3 3 1 -1 1 -1 1 1 1 -1 -1 -1 -1 -1 -1 -1 3 3 3 
3 3 3 3 1 1 -1 -1 1 -1 -1 1 1 -1 -1 -1 -1 -1 3 3 
3 1 1 3 3 -1 -1 1 1 3 1 1 1 1 -1 -1 2 1 3 3 
1 1 1 3 -1 1 3 1 2 1 1 1 -1 -1 -1 1 2 1 3 1 
1 -1 1 -1 -1 -1 1 1 1 1 1 1 -1 -1 -1 1 1 1 1 1 
1 1 1 1 1 1 -1 1 1 1 1 1 1 -1 1 -1 -1 -1 1 1 
1 -1 1 1 1 1 1 -1 -1 -1 -1 1 1 -1 -1 -1 -1 1 1 1 
-1 -1 -1 -1 1 1 -1 1 1 -1 -1 -1 1 -1 -1 -1 -1 -1 1 -1 
1 -1 1 1 -1 -1 1 1 -1 1 -1 -1 1 -1 -1 1 1 1 1 1 
1 1 -1 -1 -1 -1 -1 -1 1 1 1 1 -1 -1 1 -1 1 1 1 1 
1 -1 -1 -1 -1 -1 1 -1 -1 -1 1 1 -1 -1 1 1 -1 -1 1 1 
-1 -1 1 1 -1 1 1 -1 -1 -1 1 1 1 -1 1 -1 -1 -1 -1 1 
-1 -1 1 1 1 3 -1 -1 -1 -1 1 1 1 1 1 -1 -1 -1 -1 -1 
-1 -1 -1 1 1 1 -1 -1 -1 -1 -1 1 -1 -1 -1 -1 -1 -1 -1 -1 
-1 -1 -1 -1 -1 1 -1 -1 -1 -1 -1 -1 -1 -1 -1 -1 -1 -1 1 -1 
-1 -1 -1 -1 -1 -1 1 -1 -1 -1 -1 -1 -1 -1 -1 -1 -1 -1 -1 -1 
-1 -1 -1 -1 -1 -1 -1 -1 -1 -1 -1 -1 -1 -1 -1 -1 -1 -1 -1 -1 
3 -1 3 -1 -1 -1 -1 -1 -1 -1 -1 1 -1 -1 -1 -1 1 -1 -1 3 
-1 1 3 3 1 -1 -1 -1 -1 -1 1 1 1 -1 -1 -1 -1 -1 -1 3 
1 1 1 1 1 1 -1 -1 -1 -1 1 1 1 1 -1 -1 -1 -1 1 3 
3 -1 3 1 1 -1 -1 -1 -1 -1 -1 -1 1 -1 -1 -1 1 1 1 1 
3 -1 1 1 3 3 -1 1 -1 -1 -1 -1 -1 -1 -1 1 1 1 -1 3 
3 1 1 1 1 -1 1 1 1 1 -1 -1 -1 -1 -1 1 1 1 -1 1 
1 1 1 1 1 1 -1 -1 1 1 1 -1 -1 -1 -1 1 1 1 1 1 
1 1 1 -1 1 1 1 1 1 1 -1 1 1 1 1 -1 1 1 1 1 
1 -1 1 1 1 1 1 -1 1 1 1 -1 -1 1 1 1 1 1 1 -1 
1 1 1 1 1 1 1 1 -1 -1 1 1 -1 -1 1 1 1 1 1 1 
1 1 1 1 -1 1 -1 1 1 1 -1 1 1 -1 1 1 1 1 1 1 
1 1 -1 1 1 1 1 1 1 1 1 -1 1 1 1 -1 1 1 1 -1 
1 1 -1 -1 1 1 -1 1 1 1 1 1 1 1 1 1 -1 1 -1 1 
1 -1 1 1 1 1 1 1 1 1 1 1 1 1 1 1 1 1 1 1 
-1 1 -1 1 -1 1 1 1 1 1 1 -1 1 1 1 1 1 1 1 -1 
1 1 1 1 1 1 1 1 1 1 3 3 1 1 1 1 1 1 1 1 
1 1 1 1 1 1 1 1 1 1 3 1 1 1 1 1 -1 1 1 1 
1 -1 -1 1 1 -1 1 1 1 1 1 1 1 1 -1 1 1 1 -1 -1 
1 1 -1 1 1 -1 1 1 1 1 1 -1 1 1 1 1 1 -1 3 1 
1 -1 1 1 1 1 1 1 1 1 -1 -1 1 1 1 1 1 -1 1 1 
1 -1 1 1 1 1 1 1 1 1 -1 1 1 1 -1 1 -1 1 1 1 
1 -1 1 -1 1 1 1 1 1 1 1 1 1 1 1 -1 1 1 -1 1 
1 1 -1 1 1 1 -1 1 1 1 -1 -1 1 1 1 -1 1 1 1 1 
-1 1 1 1 1 1 1 1 1 1 1 1 1 1 -1 -1 -1 1 1 1 
1 1 1 1 1 1 1 1 1 -1 1 1 1 1 1 -1 -1 1 1 -1 
1 1 1 1 1 1 1 1 -1 1 1 1 -1 -1 -1 1 1 -1 1 1 
1 1 1 1 -1 -1 1 -1 1 -1 1 -1 1 1 1 1 1 1 -1 1 
1 1 1 1 1 -1 1 1 -1 -1 1 1 1 1 1 -1 1 -1 1 1 
1 1 1 1 1 1 1 1 1 -1 -1 -1 -1 -1 1 -1 1 1 1 1 
1 1 1 1 1 1 1 1 1 1 1 1 -1 -1 -1 1 1 1 -1 1 
-1 1 1 -1 1 -1 1 1 1 1 1 -1 1 -1 -1 1 1 -1 -1 1 
1 1 1 1 -1 1 1 1 1 1 1 1 -1 -1 -1 -1 -1 1 -1 -1 
1 1 1 1 1 1 1 1 -1 1 -1 1 1 -1 -1 -1 1 1 1 1 
1 1 1 1 1 1 -1 1 1 1 -1 -1 1 1 -1 -1 -1 -1 1 1 
-1 1 1 -1 -1 -1 -1 -1 1 -1 1 -1 1 -1 -1 -1 -1 1 1 1 
-1 1 -1 -1 -1 -1 -1 1 1 1 -1 1 -1 -1 -1 -1 1 1 1 1 
1 1 1 -1 1 -1 -1 1 1 1 -1 -1 -1 1 1 -1 1 1 1 1 
1 1 1 1 1 1 -1 -1 -1 -1 -1 -1 1 1 -1 -1 -1 -1 1 1 
1 -1 1 -1 1 1 -1 1 -1 -1 -1 -1 -1 1 -1 -1 -1 -1 1 -1 
-1 -1 1 1 -1 -1 -1 -1 -1 -1 -1 -1 -1 -1 -1 -1 1 1 -1 1 
1 -1 1 1 -1 -1 -1 -1 -1 -1 -1 -1 -1 -1 -1 -1 1 1 1 -1 
-1 1 1 1 -1 -1 -1 -1 -1 -1 -1 -1 -1 1 1 1 1 1 1 1 
-1 -1 -1 1 -1 1 -1 1 -1 -1 -1 -1 1 1 -1 1 1 1 1 -1 
-1 -1 1 1 1 -1 1 -1 -1 -1 1 1 1 -1 -1 1 1 1 1 -1 
1 1 1 -1 -1 1 -1 -1 -1 -1 -1 1 1 -1 1 1 1 1 1 -1 
-1 1 -1 -1 -1 -1 -1 1 -1 -1 1 1 1 1 1 1 1 1 1 1 
1 -1 1 1 1 1 1 1 1 -1 1 1 1 1 -1 1 1 1 1 1 
1 1 1 1 -1 1 1 1 1 -1 -1 1 1 1 1 1 -1 -1 -1 1 
-1 1 1 1 1 -1 1 1 -1 -1 -1 -1 -1 -1 1 -1 1 -1 1 1 
-1 -1 -1 -1 -1 1 1 -1 -1 -1 -1 -1 -1 1 1 -1 1 1 1 1 
-1 1 -1 -1 -1 -1 1 -1 -1 -1 1 1 1 1 1 1 1 1 1 -1 
1 1 -1 1 1 -1 -1 -1 -1 -1 1 1 1 1 1 1 -1 1 1 1 
1 -1 1 1 1 -1 -1 -1 -1 -1 -1 1 -1 1 -1 1 -1 -1 1 1 
-1 1 1 1 -1 -1 -1 -1 -1 -1 -1 -1 1 -1 1 1 1 1 -1 1 
1 1 -1 -1 -1 -1 -1 -1 -1 -1 -1 -1 -1 -1 -1 -1 -1 1 1 1 
1 -1 -1 -1 1 -1 -1 -1 -1 -1 -1 -1 -1 -1 -1 -1 -1 -1 -1 1 
-1 -1 -1 1 -1 1 -1 -1 -1 1 -1 -1 1 1 -1 1 1 -1 -1 1 
1 -1 1 1 -1 -1 -1 1 1 -1 1 -1 -1 -1 1 1 1 1 1 1 
1 1 -1 -1 1 1 1 1 1 1 1 -1 1 1 1 1 -1 -1 1 1 
1 -1 1 1 1 -1 1 -1 1 1 -1 -1 1 1 1 1 -1 -1 1 1 
1 -1 1 1 1 1 1 1 1 1 1 1 1 1 1 1 1 1 1 1 
1 1 1 1 1 1 1 -1 -1 -1 -1 1 1 1 -1 1 1 1 1 -1 
-1 -1 1 1 1 -1 1 1 -1 -1 -1 -1 1 1 1 1 1 1 1 -1 
-1 1 -1 1 1 1 1 1 -1 1 -1 -1 -1 -1 1 -1 1 1 1 1 
1 1 -1 1 1 -1 -1 1 1 1 -1 1 1 1 1 1 1 1 1 1 
1 1 1 1 -1 1 -1 1 -1 -1 1 -1 1 1 1 1 1 1 1 1 
1 -1 1 1 1 1 1 1 -1 -1 -1 -1 1 1 1 1 1 1 1 1 
1 1 1 1 -1 1 1 1 -1 -1 -1 -1 -1 -1 1 -1 1 1 1 -1 
1 1 1 1 -1 1 1 1 1 -1 1 -1 -1 -1 1 1 1 -1 1 1 
1 1 -1 1 1 1 1 1 1 1 -1 -1 -1 1 1 1 1 1 1 1 
1 1 1 -1 1 1 -1 1 1 1 1 -1 -1 -1 1 1 -1 1 1 1 
-1 1 1 -1 -1 1 1 -1 -1 -1 1 -1 -1 1 1 1 1 1 1 1 
1 1 1 1 1 -1 -1 -1 -1 -1 -1 -1 1 1 1 -1 1 1 1 1 
1 1 1 -1 -1 -1 -1 1 -1 -1 -1 -1 1 1 -1 1 1 1 1 1 
-1 1 1 1 1 -1 -1 -1 -1 -1 -1 1 1 1 1 1 1 1 1 1 
1 1 1 1 1 -1 -1 -1 -1 -1 -1 1 1 1 -1 1 1 1 1 1 
-1 1 1 -1 1 -1 -1 -1 -1 -1 -1 1 1 -1 -1 -1 1 1 1 1 
-1 1 1 1 -1 1 -1 -1 -1 -1 1 1 1 -1 1 1 -1 1 1 1 
1 1 -1 1 1 1 1 -1 -1 -1 1 -1 -1 -1 -1 -1 1 -1 -1 -1 
1 1 1 1 -1 1 -1 -1 -1 -1 -1 -1 -1 1 -1 1 1 -1 1 1 
1 1 -1 1 -1 -1 -1 1 1 -1 -1 1 -1 -1 1 1 1 1 1 1 
1 -1 1 -1 1 -1 -1 1 1 -1 -1 -1 -1 1 1 1 1 1 1 1 
1 1 1 1 1 -1 1 1 -1 -1 -1 -1 -1 -1 1 1 -1 1 1 1 
1 1 1 1 1 1 1 -1 1 -1 -1 -1 -1 1 1 1 -1 1 1 1 
1 1 1 1 1 1 1 1 1 1 1 1 -1 1 1 -1 1 -1 1 1 
1 1 1 1 1 1 1 1 1 1 -1 -1 -1 -1 -1 1 1 1 1 1 
1 1 1 1 1 1 1 1 1 -1 1 -1 -1 -1 -1 -1 1 1 1 1 
1 1 1 1 1 1 1 1 1 1 1 -1 -1 1 1 -1 1 1 1 1 
1 1 1 1 1 1 -1 1 1 -1 -1 -1 1 1 1 1 -1 1 1 1 
1 1 1 -1 1 -1 1 -1 1 1 -1 -1 1 1 -1 1 1 1 1 1 
1 -1 1 1 -1 -1 1 1 1 1 1 1 1 1 1 1 1 1 1 -1 
1 1 1 1 1 1 1 1 1 1 1 1 1 1 1 1 1 1 1 1 
1 1 1 1 1 1 1 1 1 -1 1 1 -1 1 1 1 1 -1 1 1 
-1 1 1 1 1 1 1 1 1 1 1 1 -1 1 1 1 -1 1 -1 1 
-1 1 1 1 1 1 1 1 1 1 1 -1 1 1 1 1 -1 -1 -1 -1 
1 1 1 1 1 1 1 1 -1 1 -1 1 1 1 -1 1 -1 -1 -1 1 
1 1 1 -1 1 1 1 -1 1 1 1 1 1 -1 1 1 -1 -1 -1 1 
1 1 1 1 1 1 1 1 1 1 1 1 1 1 1 -1 -1 -1 1 1 
-1 1 -1 1 1 1 1 1 1 1 1 -1 -1 1 -1 -1 -1 1 1 -1 
-1 1 1 1 1 1 1 1 1 1 1 1 -1 -1 1 1 1 1 -1 -1 
1 1 1 1 1 1 1 1 1 -1 1 1 1 -1 1 -1 1 1 1 -1 
1 1 1 -1 1 1 -1 1 -1 1 1 -1 -1 1 -1 1 1 1 1 -1 
1 -1 1 1 1 1 1 1 -1 -1 -1 -1 1 1 -1 -1 1 1 1 1 
1 1 1 1 -1 1 1 1 1 1 1 1 -1 1 1 1 1 1 1 1 
1 1 1 1 -1 1 1 -1 -1 1 1 1 1 1 1 1 1 1 1 1 
1 1 1 1 1 -1 1 -1 1 -1 1 1 -1 1 1 1 1 1 -1 1 
1 1 1 1 1 1 1 -1 1 1 -1 1 1 1 1 1 1 1 1 1 
1 1 1 1 1 1 1 1 1 1 1 -1 -1 1 1 1 1 1 1 -1 
1 1 1 -1 1 1 -1 1 -1 -1 -1 1 1 -1 -1 -1 1 1 1 1 
1 1 1 1 1 1 -1 1 1 1 1 1 -1 -1 -1 -1 1 1 -1 1 
-1 1 1 1 1 -1 1 1 1 1 1 1 -1 1 1 1 1 1 1 -1 
1 1 1 1 1 1 1 -1 1 -1 -1 -1 1 -1 1 1 1 -1 1 1 
1 -1 1 1 1 1 1 1 1 -1 -1 1 1 1 1 1 1 1 1 1 
-1 1 1 1 1 1 1 1 -1 -1 -1 -1 1 1 1 1 -1 -1 1 1 
1 1 1 1 -1 1 1 -1 1 1 -1 1 -1 1 1 -1 1 -1 1 1 
1 1 1 -1 1 1 1 1 1 -1 1 -1 -1 -1 1 1 -1 1 1 1 
1 1 1 1 1 1 1 -1 1 -1 -1 1 -1 -1 -1 -1 1 1 -1 1 
1 1 1 1 1 -1 -1 -1 -1 -1 -1 -1 -1 -1 -1 1 1 1 -1 1 
1 -1 1 1 -1 -1 -1 -1 -1 -1 -1 -1 -1 -1 1 1 1 1 -1 -1 
1 1 1 1 1 1 -1 -1 -1 -1 1 1 1 1 1 1 1 -1 1 1 
1 1 1 1 1 1 1 -1 -1 -1 1 1 1 1 1 1 1 1 1 1 
1 -1 1 1 1 -1 1 1 -1 1 1 -1 -1 -1 -1 1 1 1 1 1 
1 1 1 1 1 -1 -1 1 1 -1 -1 -1 -1 1 1 -1 1 1 1 1 
1 1 1 1 1 -1 -1 1 1 1 1 -1 1 1 1 -1 1 1 1 1 
1 1 -1 1 1 1 1 1 1 1 1 -1 -1 1 1 1 1 1 1 1 
1 1 1 1 1 1 1 -1 -1 1 1 -1 -1 1 1 1 1 1 -1 1 
1 1 1 1 -1 1 1 1 1 1 -1 -1 -1 1 1 1 -1 1 -1 -1 
1 -1 1 1 1 1 -1 -1 -1 -1 -1 -1 -1 1 1 1 1 1 1 1 
1 1 -1 -1 1 1 1 -1 -1 -1 -1 -1 1 1 1 1 1 1 -1 1 
1 -1 -1 1 1 1 -1 1 1 -1 -1 -1 1 1 1 1 1 1 1 1 
1 1 -1 1 1 1 -1 -1 1 -1 1 1 -1 -1 1 1 1 1 1 -1 
1 1 1 1 1 -1 1 -1 1 -1 1 1 1 1 -1 1 1 1 1 1 
1 1 -1 1 1 1 -1 1 -1 -1 1 -1 -1 1 1 1 1 1 1 1 
1 1 1 -1 -1 -1 1 1 1 -1 -1 1 -1 1 1 1 1 -1 1 1 
1 1 1 1 -1 -1 1 1 1 -1 -1 -1 1 -1 -1 -1 1 1 1 1 
-1 1 1 1 -1 -1 1 1 1 -1 -1 -1 -1 -1 -1 1 1 1 1 1 
1 1 1 1 1 1 -1 -1 -1 -1 -1 1 -1 -1 1 1 1 1 1 1 
-1 1 1 -1 1 1 1 -1 1 -1 -1 -1 -1 -1 -1 1 1 1 1 1 
-1 -1 1 1 -1 -1 1 1 -1 -1 1 -1 -1 -1 -1 1 -1 -1 1 -1 
1 1 1 1 1 1 1 1 1 1 1 -1 -1 -1 -1 -1 1 1 1 -1 
1 -1 1 1 1 1 1 1 1 1 1 1 -1 -1 1 -1 -1 1 1 1 
1 1 -1 1 1 1 1 1 1 1 1 1 -1 -1 -1 -1 1 1 -1 1 
1 1 1 1 1 -1 1 1 -1 -1 1 -1 1 -1 -1 -1 1 -1 1 1 
1 1 1 1 1 1 1 1 1 -1 -1 1 1 1 1 1 -1 1 1 1 
1 1 1 1 1 1 1 -1 -1 -1 -1 -1 1 1 1 1 1 1 1 1 
1 1 1 1 1 1 1 1 -1 -1 -1 -1 -1 1 1 1 1 1 -1 1 
1 -1 1 1 -1 -1 -1 -1 -1 -1 -1 -1 -1 1 1 1 1 -1 1 1 
1 1 1 1 1 1 1 1 1 1 1 -1 1 1 1 -1 1 1 1 1 
1 1 1 1 -1 1 -1 1 1 -1 -1 1 -1 -1 1 -1 1 1 1 1 
-1 1 1 -1 -1 1 1 1 1 1 1 1 -1 1 1 1 1 -1 1 1 
1 1 1 -1 1 -1 -1 1 -1 -1 1 1 -1 1 1 1 -1 -1 -1 -1 
1 1 1 1 1 1 -1 -1 1 1 1 1 1 1 1 1 1 1 -1 -1 
1 1 -1 1 -1 -1 1 1 1 1 1 1 1 1 -1 1 -1 -1 -1 -1 
-1 1 1 -1 1 1 1 1 1 1 -1 -1 1 -1 1 -1 -1 1 -1 -1 
-1 -1 1 1 1 -1 1 1 1 1 -1 -1 1 1 1 -1 1 1 -1 -1 
-1 1 -1 1 1 1 1 1 1 1 1 1 -1 1 1 1 1 1 1 1 
1 1 1 1 1 1 1 1 1 1 1 1 1 1 1 1 1 1 1 1 
1 1 1 1 1 1 1 1 1 1 1 1 1 1 1 1 1 1 1 1 
1 -1 1 1 1 1 1 1 -1 1 1 1 1 1 1 1 1 1 1 -1 
-1 1 1 1 -1 1 1 1 1 -1 1 -1 1 1 1 1 1 1 1 1 
-1 1 1 1 1 1 1 1 1 1 -1 1 1 1 1 1 1 -1 1 1 
-1 -1 1 1 1 1 1 -1 1 1 -1 1 1 1 1 1 1 1 1 1 
1 1 1 1 1 -1 1 1 1 1 1 1 1 1 1 1 1 1 1 1 
-1 -1 1 1 1 1 1 1 -1 1 1 1 1 1 1 1 1 1 1 1 
-1 1 -1 1 1 1 1 -1 1 1 1 1 1 1 1 1 1 -1 1 1 
1 1 -1 -1 1 1 1 1 1 1 -1 -1 -1 1 1 1 1 1 1 -1 
1 1 1 -1 1 1 1 1 1 -1 1 -1 1 -1 1 1 1 1 1 1 
1 1 1 1 1 1 1 1 -1 1 1 1 1 -1 1 1 1 1 1 1 
-1 1 1 1 -1 1 1 1 -1 1 1 1 1 1 -1 -1 1 1 1 1 
1 1 1 1 1 1 1 1 -1 -1 1 -1 1 1 -1 -1 -1 1 1 1 
1 1 1 1 1 1 1 1 -1 1 1 1 1 1 -1 1 -1 1 1 1 
1 1 -1 1 1 1 1 -1 1 1 1 1 1 1 1 1 1 1 1 1 
1 1 1 1 1 -1 1 1 1 1 -1 -1 -1 -1 1 1 1 1 1 1 
1 -1 1 1 -1 -1 -1 1 1 1 1 -1 1 -1 1 1 1 1 1 1 
-1 1 -1 1 1 -1 -1 -1 1 1 1 1 1 1 1 1 1 1 1 1 
-1 1 1 1 1 -1 1 1 1 1 1 1 1 1 1 -1 1 1 1 1 
1 1 1 1 1 -1 1 1 1 1 1 -1 1 -1 -1 -1 1 1 -1 1 
1 1 -1 1 1 1 1 1 1 1 1 1 1 1 1 1 1 1 1 1 
1 1 1 1 1 -1 1 1 1 1 -1 1 1 1 1 1 1 1 1 -1 
1 -1 -1 1 1 -1 -1 1 1 1 -1 1 -1 1 1 1 1 1 1 1 
1 1 -1 1 1 1 -1 1 -1 1 -1 1 1 1 1 1 1 1 1 1 
1 1 1 1 1 1 1 1 1 1 1 1 1 1 1 1 1 1 1 -1 
-1 1 1 1 1 1 1 1 1 1 1 1 1 1 1 -1 1 1 -1 1 
1 1 1 1 1 1 1 1 1 1 1 1 1 1 1 1 1 1 1 -1 
1 1 1 1 1 1 1 1 1 1 1 1 1 -1 1 1 1 1 1 -1 
1 1 1 1 1 1 1 1 1 1 1 1 1 1 1 -1 1 1 1 1 
1 1 1 1 1 1 1 1 1 1 1 1 1 1 -1 1 1 1 1 1 
-1 1 1 1 1 1 1 1 -1 1 1 1 1 1 1 1 1 1 1 1 
1 1 1 1 -1 1 1 1 1 -1 1 -1 1 1 1 1 -1 1 1 1 
1 1 -1 1 1 1 -1 -1 1 -1 -1 -1 -1 1 1 1 1 1 -1 1 
1 1 1 1 1 1 1 -1 1 1 -1 1 -1 1 -1 -1 1 -1 1 1 
1 -1 1 1 -1 1 -1 1 1 1 1 1 1 1 -1 1 -1 1 1 1 
1 1 1 -1 -1 1 -1 -1 1 1 1 1 -1 1 1 -1 -1 1 1 1 
1 1 1 1 1 -1 -1 -1 1 1 1 1 1 1 1 1 1 1 1 1 
1 1 -1 1 -1 -1 1 1 1 1 1 -1 -1 -1 1 1 1 1 1 1 
1 1 1 -1 1 1 1 1 1 1 1 1 1 1 1 1 1 1 -1 1 
-1 1 1 -1 -1 -1 1 1 1 -1 1 1 1 1 1 1 1 -1 1 1 
-1 -1 1 -1 1 1 1 1 1 1 1 1 1 1 -1 -1 1 1 1 1 
1 -1 1 1 1 1 -1 -1 -1 1 1 1 1 -1 1 1 1 1 1 1 
1 1 -1 -1 1 1 1 1 1 1 1 1 1 -1 1 -1 1 1 1 1 
1 1 1 1 1 1 -1 1 1 1 1 -1 -1 1 1 1 1 1 1 1 
1 1 1 -1 1 1 1 1 1 1 1 1 -1 1 1 1 1 1 1 -1 
1 1 1 1 1 1 1 -1 -1 -1 1 1 1 -1 1 -1 1 -1 1 1 
1 1 1 1 1 1 1 -1 -1 1 1 1 1 1 -1 -1 1 1 1 1 
1 1 -1 1 1 -1 1 -1 1 1 1 -1 1 1 -1 1 1 1 1 1 
-1 1 1 -1 -1 -1 1 1 -1 1 1 1 1 1 1 1 1 1 1 1 
1 1 1 -1 -1 1 1 1 1 1 1 1 1 1 1 1 1 1 1 1 
1 1 1 1 1 1 1 -1 1 -1 1 -1 -1 1 1 1 -1 -1 1 1 
1 1 1 1 1 1 1 1 1 1 1 -1 1 1 1 1 1 1 1 1 
1 -1 1 1 1 1 1 1 1 1 1 -1 -1 1 1 1 1 -1 1 1 
1 1 1 1 -1 1 1 1 1 1 1 1 -1 1 -1 1 1 1 -1 1 
1 1 1 1 1 1 1 1 1 1 1 -1 1 1 1 1 1 1 -1 1 
1 -1 1 1 1 1 1 -1 1 -1 1 -1 1 -1 -1 1 -1 1 -1 1 
1 1 1 1 -1 1 -1 -1 -1 -1 1 -1 -1 -1 -1 -1 1 1 1 -1 
-1 1 1 1 1 1 1 1 1 1 1 1 -1 -1 1 1 1 -1 1 1 
1 1 -1 -1 1 1 1 1 1 -1 1 1 -1 1 1 1 1 1 1 1 
1 -1 1 -1 1 1 1 1 -1 1 -1 -1 -1 -1 1 -1 -1 1 1 1 
1 1 1 -1 -1 1 1 -1 1 -1 -1 -1 -1 -1 1 -1 1 1 1 1 
-1 1 1 1 1 1 1 -1 -1 1 1 1 -1 1 1 -1 -1 1 1 1 
1 1 1 1 1 1 -1 -1 -1 1 1 -1 1 -1 -1 -1 -1 1 -1 1 
1 1 1 1 1 1 1 1 -1 -1 1 -1 1 -1 -1 -1 1 1 1 -1 
1 1 1 1 1 1 -1 1 1 -1 -1 1 -1 1 -1 1 1 -1 1 1 
-1 1 1 1 1 -1 -1 -1 -1 -1 1 1 1 1 1 1 1 1 1 1 
1 1 1 1 1 1 1 -1 -1 1 1 -1 1 1 1 1 1 1 1 1 
1 -1 1 1 1 1 1 -1 1 1 -1 -1 1 -1 1 1 1 1 1 1 
1 1 1 -1 -1 1 1 1 1 1 -1 1 -1 1 1 1 1 1 1 1 
1 1 -1 1 -1 1 1 1 1 -1 -1 1 1 1 1 1 1 1 1 1 
1 1 1 1 1 1 1 1 -1 1 1 1 1 1 1 1 1 1 1 1 
1 -1 1 1 -1 1 1 -1 1 1 1 1 1 1 1 1 1 1 1 1 
1 1 1 1 1 1 1 1 1 1 -1 1 1 -1 1 1 1 1 -1 -1 
1 1 1 1 1 1 1 1 1 1 -1 -1 -1 1 1 1 1 1 -1 1 
1 1 1 1 1 1 1 1 1 1 1 1 1 1 1 1 1 1 1 -1 
1 1 1 1 1 1 1 1 1 -1 1 1 1 1 1 1 1 -1 -1 1 
1 1 1 1 1 -1 1 -1 1 1 1 1 -1 1 -1 1 1 -1 1 1 
1 1 1 1 1 -1 -1 1 -1 1 -1 1 -1 -1 1 1 1 1 1 -1 
-1 1 1 1 1 1 1 -1 1 1 1 -1 -1 1 1 1 1 1 1 1 
1 1 1 1 1 1 1 1 1 -1 1 1 -1 1 1 1 -1 -1 1 1 
-1 1 1 1 -1 -1 -1 -1 1 1 -1 1 1 1 -1 1 -1 1 1 1 
-1 1 1 -1 -1 -1 -1 -1 -1 1 -1 1 1 1 1 1 1 1 1 1 
1 -1 -1 -1 -1 -1 -1 -1 -1 -1 1 -1 1 1 1 -1 1 1 1 1 
1 1 1 -1 1 -1 -1 -1 1 -1 1 1 -1 -1 1 1 -1 1 1 1 
1 1 1 1 1 -1 -1 1 1 1 -1 -1 -1 1 1 1 1 1 1 1 
1 1 1 1 1 1 1 -1 1 1 -1 -1 -1 1 1 1 1 1 1 -1 
1 1 1 1 1 1 1 1 -1 -1 1 -1 -1 -1 1 1 1 1 -1 1 
1 1 1 1 1 1 1 -1 1 1 -1 -1 1 -1 -1 1 1 1 1 -1 
1 1 1 1 1 1 1 1 1 1 1 -1 1 -1 1 1 -1 1 1 1 
1 1 1 1 1 1 1 -1 1 1 1 1 -1 1 1 1 1 -1 1 1 
1 1 -1 1 1 1 1 1 1 1 1 1 -1 -1 1 1 1 -1 1 1 
1 -1 -1 1 1 1 1 1 1 -1 1 1 1 -1 1 1 -1 1 1 1 
1 -1 1 1 1 -1 1 1 1 -1 -1 -1 1 1 -1 -1 -1 1 1 1 
1 1 -1 1 1 1 -1 1 1 1 -1 -1 -1 -1 -1 1 1 1 1 1 
1 1 1 1 1 -1 1 1 1 -1 1 -1 -1 -1 1 -1 -1 -1 1 1 
-1 1 1 1 1 1 1 1 -1 -1 -1 1 1 -1 1 1 1 1 1 -1 
1 1 1 1 1 1 1 1 -1 -1 -1 1 -1 1 1 -1 1 -1 1 1 
1 1 -1 1 1 1 1 1 1 1 1 -1 -1 -1 -1 -1 -1 1 1 1 
1 1 1 1 -1 -1 -1 -1 1 1 1 -1 -1 1 1 -1 -1 -1 -1 -1 
-1 1 1 -1 -1 -1 -1 -1 1 1 -1 1 1 1 1 1 -1 -1 -1 -1 
1 1 1 1 -1 -1 -1 -1 1 -1 -1 1 -1 1 1 1 -1 1 1 1 
-1 -1 1 1 -1 -1 -1 -1 -1 -1 1 -1 1 1 1 1 1 1 1 1 
-1 1 1 -1 -1 -1 -1 -1 -1 1 -1 1 -1 1 1 1 1 1 1 -1 
1 -1 -1 -1 -1 -1 -1 -1 1 -1 -1 -1 -1 1 1 1 1 1 1 1 
-1 -1 -1 -1 -1 -1 1 -1 -1 -1 -1 1 -1 1 1 1 1 -1 -1 -1 
-1 -1 -1 -1 1 1 -1 -1 -1 -1 -1 1 1 1 1 1 1 -1 1 1 
-1 1 1 1 1 1 1 -1 -1 -1 -1 -1 1 1 1 1 1 -1 -1 1 
1 1 1 -1 1 -1 1 1 1 -1 1 1 1 1 1 1 1 1 -1 1 
1 1 1 1 1 -1 1 1 1 1 -1 1 1 -1 1 1 -1 -1 1 -1 
1 1 1 1 1 1 1 1 1 -1 1 1 1 -1 1 -1 1 -1 -1 1 
1 1 1 1 1 1 1 1 1 1 1 -1 1 1 1 1 1 1 1 1 
1 1 1 1 -1 1 1 1 1 1 1 1 1 1 1 1 1 1 1 1 
1 -1 1 1 -1 1 1 1 -1 -1 -1 -1 -1 -1 -1 1 1 -1 1 1 
-1 -1 1 1 -1 1 1 -1 -1 -1 -1 -1 -1 1 -1 -1 1 1 1 -1 
-1 -1 -1 1 1 1 1 1 -1 -1 -1 -1 -1 -1 1 1 1 1 1 1 
1 1 1 1 1 -1 1 1 1 -1 -1 -1 -1 1 1 -1 1 1 1 -1 
1 -1 -1 1 1 -1 1 1 1 1 -1 -1 1 1 -1 1 1 1 -1 -1 
1 1 1 -1 1 1 1 -1 1 -1 -1 -1 1 -1 1 1 -1 1 1 -1 
1 1 1 1 1 -1 -1 -1 1 1 -1 -1 -1 1 1 1 1 1 1 1 
-1 1 1 1 1 1 -1 -1 -1 -1 -1 -1 -1 -1 -1 -1 1 -1 1 1 
1 1 1 1 1 1 1 -1 -1 -1 -1 -1 -1 -1 -1 1 1 -1 1 1 
1 1 1 1 1 -1 1 -1 -1 1 1 -1 -1 -1 1 1 1 -1 -1 1 
1 1 1 1 1 1 1 1 -1 -1 -1 1 1 -1 1 1 -1 -1 -1 -1 
1 -1 1 -1 1 -1 1 1 1 1 -1 1 1 -1 -1 -1 1 1 -1 1 
1 1 1 1 1 1 1 1 1 1 1 1 1 -1 -1 1 1 1 1 1 
1 1 -1 1 1 1 1 -1 1 1 1 1 1 1 -1 1 1 1 -1 -1 
-1 1 1 -1 1 1 1 1 1 1 -1 1 1 1 -1 -1 1 1 1 1 
1 1 1 -1 1 1 1 1 1 -1 1 1 1 -1 1 1 1 -1 1 -1 
1 1 1 1 1 1 1 1 1 -1 1 1 -1 1 1 1 -1 -1 1 1 
1 1 -1 1 1 1 1 1 1 1 -1 1 1 -1 1 1 -1 1 1 1 
1 1 1 1 -1 1 -1 -1 1 -1 1 -1 1 -1 1 1 -1 1 1 -1 
1 1 1 -1 -1 1 1 1 1 1 1 1 1 1 1 1 1 1 1 1 
-1 1 1 1 1 1 1 1 1 1 1 1 1 1 1 1 1 1 1 1 
1 1 1 1 1 1 -1 1 1 1 1 1 1 -1 -1 1 1 1 1 -1 
1 -1 -1 1 -1 -1 1 -1 -1 1 1 1 -1 1 1 -1 1 1 1 1 
-1 1 1 -1 1 -1 -1 -1 1 -1 1 1 -1 1 1 -1 1 1 -1 1 
-1 1 1 -1 -1 -1 -1 -1 1 -1 -1 -1 1 1 1 1 1 1 1 1 
-1 -1 1 1 1 -1 1 1 1 -1 -1 1 1 -1 1 1 1 1 1 1 
-1 -1 1 1 -1 -1 -1 1 1 1 -1 -1 1 1 1 1 1 -1 1 1 
-1 1 -1 -1 1 1 1 -1 1 1 1 -1 1 1 1 1 1 1 1 -1 
1 1 -1 -1 1 1 -1 -1 1 1 1 1 1 1 1 1 1 -1 1 1 
1 1 1 -1 -1 1 1 1 1 1 1 -1 1 1 1 1 1 1 -1 -1 
1 -1 -1 -1 -1 1 1 1 1 -1 1 -1 -1 -1 1 1 -1 -1 1 1 
-1 1 1 -1 -1 1 -1 1 -1 1 1 -1 1 1 -1 -1 1 1 1 1 
1 1 1 1 -1 1 1 1 1 1 1 -1 -1 -1 -1 1 1 1 1 -1 
1 1 -1 1 -1 -1 1 1 -1 1 -1 1 -1 1 -1 -1 1 1 1 1 
1 -1 1 -1 1 1 1 1 1 -1 -1 -1 -1 -1 -1 -1 -1 1 1 1 
1 -1 -1 1 -1 1 1 1 1 1 1 -1 -1 -1 -1 1 1 1 -1 1 
1 -1 1 1 1 -1 -1 1 1 1 1 -1 1 -1 -1 1 1 -1 1 1 
1 1 1 1 1 1 1 1 1 -1 1 -1 1 1 1 -1 -1 1 1 1 
1 1 1 1 -1 1 1 1 1 -1 -1 -1 1 -1 -1 1 1 1 2 1 
1 -1 -1 1 1 -1 -1 1 1 -1 -1 -1 -1 1 1 1 -1 1 1 1 
1 -1 1 1 1 1 -1 1 -1 1 -1 -1 -1 -1 -1 1 1 1 1 1 
-1 1 -1 1 -1 1 -1 -1 -1 -1 -1 -1 -1 1 1 1 -1 1 1 1 
1 1 -1 -1 1 1 -1 -1 -1 -1 -1 -1 -1 -1 1 1 1 -1 -1 1 
1 1 1 1 1 -1 -1 1 1 1 1 1 -1 1 1 -1 1 -1 -1 -1 
1 1 1 1 -1 -1 -1 -1 1 1 1 1 -1 -1 1 -1 -1 1 -1 1 
1 1 1 1 -1 1 -1 -1 -1 1 1 -1 -1 -1 -1 -1 1 1 1 -1 
1 1 -1 1 1 1 -1 -1 -1 -1 -1 -1 -1 -1 -1 -1 1 1 1 1 
1 1 -1 -1 -1 -1 -1 -1 -1 -1 -1 -1 -1 -1 -1 -1 1 1 -1 1 
1 1 1 1 1 -1 -1 -1 -1 -1 -1 -1 -1 -1 -1 -1 1 1 1 1 
1 1 1 1 -1 -1 -1 -1 -1 -1 -1 -1 -1 -1 -1 -1 -1 1 1 1 
1 -1 1 -1 -1 -1 -1 -1 -1 -1 -1 -1 -1 -1 -1 -1 -1 -1 1 1 
-1 -1 -1 -1 -1 1 -1 -1 -1 -1 -1 -1 1 -1 -1 -1 -1 1 1 1 
1 -1 1 1 1 1 -1 1 -1 -1 -1 -1 -1 -1 -1 -1 -1 1 1 1 
-1 1 1 1 1 -1 1 1 1 -1 -1 -1 -1 -1 -1 -1 -1 1 1 -1 
-1 -1 -1 -1 1 -1 1 1 1 1 -1 -1 -1 -1 1 1 1 1 1 1 
-1 -1 1 1 -1 1 1 1 1 1 -1 -1 -1 -1 1 1 -1 2 1 1 
-1 1 1 1 1 1 1 1 -1 -1 -1 -1 -1 1 -1 -1 1 1 1 1 
1 1 1 1 1 1 1 1 -1 1 -1 -1 -1 -1 1 -1 1 1 2 1 
1 1 1 1 1 1 1 1 1 1 1 1 1 1 -1 1 1 1 -1 1 
1 1 1 1 1 1 1 1 1 1 1 1 1 1 -1 1 1 1 1 1 
1 -1 1 1 1 1 1 1 1 1 1 1 1 1 1 1 1 1 1 1 
1 1 -1 1 1 1 -1 -1 -1 1 1 1 -1 1 1 1 1 1 1 1 
1 1 1 1 1 1 1 1 1 -1 1 -1 1 1 1 1 1 1 1 1 
1 -1 1 1 1 1 1 1 -1 -1 1 1 -1 -1 1 1 1 1 1 1 
1 1 1 1 1 -1 1 1 1 1 1 1 -1 -1 1 1 1 1 1 1 
-1 1 1 1 1 1 1 1 1 1 1 -1 1 1 1 1 1 1 1 1 
-1 1 1 1 1 1 1 -1 1 -1 1 1 1 -1 1 -1 -1 1 -1 1 
-1 1 1 1 -1 -1 -1 1 1 1 1 1 1 1 1 1 1 -1 1 -1 
1 -1 1 1 1 -1 -1 1 1 1 1 1 -1 1 1 1 1 1 1 1 
-1 1 -1 -1 1 -1 1 1 1 1 1 1 1 1 1 1 -1 1 -1 1 
-1 -1 1 -1 -1 -1 -1 1 1 -1 1 1 1 1 1 1 1 -1 1 -1 
-1 -1 -1 -1 1 -1 -1 1 -1 1 1 1 1 1 1 1 1 1 -1 -1 
-1 -1 1 -1 -1 1 1 1 -1 1 1 1 1 1 1 1 1 1 -1 -1 
1 1 1 1 -1 1 1 1 1 1 1 1 1 -1 1 1 1 1 -1 1 
1 1 1 -1 1 1 1 1 -1 1 1 1 -1 1 1 -1 -1 1 1 1 
1 1 -1 1 1 1 1 1 1 1 1 1 1 1 1 -1 1 1 1 1 
1 -1 1 1 1 1 1 -1 1 1 1 1 1 1 -1 1 1 1 1 1 
1 1 1 1 -1 1 1 1 1 -1 1 1 1 1 1 1 1 -1 1 1 
-1 1 -1 1 1 1 -1 1 1 1 -1 1 1 1 1 -1 1 1 1 1 
-1 1 1 -1 1 -1 1 1 1 1 1 -1 1 -1 1 1 1 1 1 1 
1 1 1 1 1 -1 1 -1 -1 1 1 1 1 1 1 1 -1 -1 1 1 
1 1 1 1 1 -1 -1 1 1 1 1 -1 1 1 -1 -1 1 1 1 1 
1 -1 1 -1 1 1 -1 -1 1 1 -1 2 2 -1 1 1 1 1 1 1 
1 1 1 1 1 -1 -1 -1 1 2 2 2 2 2 1 1 1 1 1 1 
1 1 1 1 -1 -1 1 1 1 2 2 2 2 2 1 1 -1 1 1 1 
1 -1 -1 1 1 1 -1 1 1 1 -1 -1 1 2 -1 -1 1 -1 1 1 
1 -1 1 -1 1 1 1 -1 1 2 2 1 1 1 -1 1 -1 1 -1 -1 
1 1 1 1 1 1 -1 -1 2 2 -1 -1 1 1 1 1 1 -1 1 -1 
1 1 1 1 1 1 1 1 -1 -1 -1 -1 -1 -1 1 1 -1 -1 1 1 
1 1 1 1 1 1 1 1 1 -1 -1 1 -1 -1 1 1 -1 -1 1 1 
1 1 1 1 1 1 1 1 1 1 1 -1 1 -1 1 -1 1 1 -1 1 
1 1 -1 1 1 1 1 1 1 1 1 1 -1 -1 1 1 1 -1 1 1 
1 -1 -1 1 1 1 1 1 1 1 1 1 -1 1 1 -1 -1 1 1 -1 
-1 1 1 -1 1 1 1 1 1 1 1 1 -1 1 -1 -1 1 -1 1 1 
-1 1 1 -1 -1 1 1 1 -1 1 1 1 1 1 -1 1 1 -1 1 1 
-1 -1 -1 1 1 1 1 -1 -1 1 1 1 1 1 1 1 1 1 -1 -1 
1 1 -1 1 1 1 1 1 1 -1 1 1 1 1 1 1 1 -1 1 1 
1 1 1 1 -1 -1 1 1 1 1 1 1 1 1 1 1 1 -1 1 1 
1 1 1 1 1 1 1 1 1 1 -1 1 1 1 -1 1 1 1 -1 1 
-1 1 1 1 1 1 1 1 1 1 1 -1 -1 1 1 1 1 1 1 1 
1 1 -1 1 1 1 -1 1 1 1 -1 -1 1 1 1 1 1 -1 1 -1 
1 1 1 1 1 1 1 1 1 1 1 1 1 1 1 1 1 1 1 1 
1 1 1 1 1 -1 1 1 1 1 1 -1 1 1 1 -1 1 -1 1 1 
1 1 1 1 1 1 -1 1 -1 1 -1 -1 -1 -1 -1 1 -1 1 1 1 
1 -1 -1 1 1 1 -1 -1 1 1 -1 -1 -1 -1 1 1 1 1 1 1 
-1 1 -1 1 1 -1 -1 -1 1 -1 -1 -1 1 -1 1 1 -1 -1 1 1 
-1 -1 -1 -1 1 -1 -1 -1 -1 -1 -1 1 1 1 1 -1 -1 -1 1 -1 
1 -1 -1 -1 -1 -1 -1 -1 -1 -1 -1 -1 1 1 -1 1 -1 -1 -1 -1 
-1 -1 -1 -1 -1 -1 -1 -1 -1 -1 -1 -1 -1 1 1 1 -1 -1 -1 -1 
-1 -1 -1 -1 -1 -1 -1 -1 -1 -1 1 -1 1 1 1 1 1 -1 -1 -1 
-1 -1 1 -1 -1 -1 -1 -1 1 1 1 1 1 1 1 1 -1 -1 -1 -1 
1 -1 1 -1 -1 -1 1 -1 1 1 1 1 1 1 1 -1 -1 -1 1 -1 
-1 -1 -1 -1 -1 1 -1 -1 -1 1 1 1 1 1 1 -1 -1 1 -1 1 
-1 1 -1 -1 1 1 -1 1 1 1 1 -1 -1 1 -1 1 1 1 1 1 
1 1 1 -1 1 1 1 -1 1 -1 -1 1 -1 -1 -1 1 1 1 1 1 
-1 1 1 -1 -1 1 1 1 1 -1 -1 -1 -1 -1 1 -1 -1 1 1 1 
1 1 1 1 -1 1 1 -1 1 1 -1 1 -1 1 1 1 -1 1 1 1 
1 1 1 1 1 1 1 1 1 1 1 1 1 -1 1 -1 1 1 1 1 
1 1 -1 1 1 1 1 -1 1 1 1 -1 1 1 1 1 1 1 1 1 
-1 -1 1 1 1 1 1 1 -1 1 1 1 -1 1 1 1 1 -1 1 1 
-1 -1 1 1 1 -1 1 1 1 -1 1 1 1 1 1 1 1 1 1 1 
1 -1 -1 -1 1 1 1 1 1 1 -1 1 -1 -1 1 1 -1 1 1 1 
1 1 1 1 1 -1 1 1 -1 -1 -1 -1 1 1 1 1 1 -1 1 1 
1 1 1 1 1 1 1 -1 1 1 -1 1 1 1 1 1 -1 1 1 1 
-1 1 -1 -1 1 1 1 -1 1 -1 1 -1 -1 1 1 1 1 1 1 1 
-1 -1 -1 1 1 1 1 1 1 1 1 -1 -1 -1 1 1 -1 -1 -1 -1 
-1 -1 -1 1 1 -1 1 1 -1 1 -1 1 -1 -1 -1 1 -1 -1 1 -1 
-1 -1 -1 -1 1 1 1 1 1 1 1 1 -1 1 -1 1 -1 1 1 -1 
-1 -1 1 -1 1 1 -1 -1 1 1 1 1 1 1 -1 1 1 1 1 1 
1 -1 1 1 1 -1 1 1 1 1 1 1 1 1 -1 1 1 1 1 1 
1 -1 -1 1 1 -1 -1 1 -1 1 1 1 1 1 -1 1 1 1 1 1 
1 1 -1 -1 -1 1 -1 -1 -1 1 1 1 1 1 1 1 1 1 1 1 
1 1 -1 1 1 -1 1 1 1 1 -1 1 1 1 1 1 -1 1 1 1 
1 1 1 1 -1 1 1 1 1 1 1 1 -1 1 1 1 1 -1 1 -1 
1 1 1 1 1 1 1 1 1 1 -1 1 1 1 1 -1 1 1 -1 1 
-1 -1 1 -1 1 1 1 1 1 1 1 1 1 1 1 1 1 -1 1 1 
-1 1 1 1 -1 1 1 1 -1 1 1 1 1 1 1 1 1 1 1 1 
1 1 1 1 1 1 -1 1 1 1 1 1 1 1 -1 1 1 1 1 -1 
-1 -1 1 1 -1 -1 -1 1 1 1 1 1 1 1 1 1 1 -1 1 1 
1 1 1 1 -1 1 1 -1 -1 1 1 1 -1 1 -1 1 1 1 1 -1 
1 1 1 1 1 1 1 1 1 1 1 1 -1 1 1 1 1 1 1 1 
1 1 1 1 1 1 -1 -1 1 1 1 1 1 1 1 1 1 1 1 -1 
1 1 1 1 1 1 1 -1 -1 1 1 -1 1 1 1 1 1 -1 1 1 
1 -1 -1 1 1 1 -1 -1 -1 -1 -1 1 1 1 1 1 -1 1 1 1 
1 -1 -1 -1 1 1 -1 -1 -1 1 1 1 1 1 1 1 1 1 -1 1 
-1 -1 -1 -1 -1 -1 -1 -1 -1 -1 -1 1 1 1 1 1 1 -1 1 1 
1 -1 -1 -1 1 -1 -1 -1 -1 -1 1 1 1 1 1 1 -1 1 1 1 
1 1 -1 -1 -1 -1 -1 1 -1 -1 -1 1 1 1 1 1 -1 -1 1 1 
1 1 -1 1 1 -1 -1 1 -1 -1 -1 -1 -1 -1 -1 1 -1 1 -1 -1 
1 1 1 1 -1 -1 1 1 1 -1 -1 -1 -1 -1 -1 -1 -1 1 1 1 
-1 1 1 1 1 -1 1 1 -1 -1 -1 -1 -1 -1 -1 -1 -1 1 1 1 
1 1 1 1 -1 1 1 1 -1 -1 -1 1 -1 -1 -1 -1 -1 1 -1 1 
-1 1 1 1 1 1 1 -1 1 1 1 1 -1 -1 1 1 1 1 1 1 
1 1 -1 -1 1 1 1 -1 1 1 1 1 1 -1 -1 1 1 1 -1 1 
-1 1 1 1 1 -1 1 1 1 1 1 1 1 1 -1 1 -1 1 1 1 
1 1 1 1 -1 1 1 1 1 1 -1 -1 1 1 1 1 1 1 1 1 
1 1 1 1 1 1 1 1 1 1 1 -1 1 1 1 1 1 1 1 1 
-1 1 1 1 1 1 1 1 1 1 1 -1 1 1 1 1 -1 1 1 1 
1 1 1 1 1 1 1 1 -1 -1 -1 1 -1 -1 1 -1 -1 1 1 1 
1 -1 -1 1 1 -1 1 -1 1 -1 -1 1 1 -1 1 1 1 1 1 -1 
-1 1 1 1 1 1 -1 1 1 1 1 1 -1 -1 1 1 -1 1 1 -1 
-1 -1 1 1 1 -1 -1 -1 -1 1 1 1 1 1 1 1 -1 1 1 -1 
1 1 1 1 -1 1 -1 1 1 1 1 -1 1 1 1 1 1 1 1 -1 
1 1 1 1 1 1 -1 -1 1 1 1 1 1 1 1 1 1 1 -1 1 
-1 1 1 1 1 -1 1 -1 1 1 1 1 1 -1 1 1 1 1 -1 -1 
-1 -1 -1 -1 1 1 -1 -1 1 1 1 1 -1 1 1 1 1 -1 -1 -1 
-1 -1 1 1 -1 1 1 1 1 1 1 1 1 1 1 1 1 1 1 -1 
-1 1 -1 1 1 1 -1 1 1 1 1 1 1 1 1 1 -1 -1 1 1 
1 1 1 -1 1 -1 -1 -1 1 1 1 1 1 1 -1 -1 -1 -1 -1 1 
-1 -1 -1 -1 -1 -1 -1 1 -1 1 1 -1 -1 1 -1 1 -1 1 1 -1 
-1 -1 1 -1 -1 1 1 -1 -1 1 -1 1 1 -1 1 -1 1 1 1 -1 
1 -1 -1 -1 -1 -1 1 1 1 -1 1 -1 1 1 -1 1 1 1 1 1 
1 1 -1 -1 -1 -1 -1 -1 -1 1 1 1 1 1 -1 1 1 1 1 1 
1 -1 1 1 1 1 -1 1 1 -1 1 1 1 1 1 -1 1 1 1 1 
1 1 1 -1 1 1 1 1 1 1 1 1 1 1 -1 1 1 1 1 1 
1 1 -1 1 -1 1 1 1 1 1 -1 1 1 1 -1 -1 1 -1 -1 1 
1 1 1 1 1 1 1 1 1 1 1 1 -1 1 1 -1 -1 -1 1 1 
1 1 1 1 1 1 1 -1 1 -1 1 1 -1 1 1 -1 -1 1 1 1 
1 1 -1 1 1 -1 1 -1 -1 1 -1 1 1 1 1 1 1 1 1 1 
1 -1 1 1 1 1 -1 -1 1 1 1 -1 1 1 1 1 1 1 1 1 
-1 1 1 1 1 1 -1 1 1 -1 -1 1 1 -1 1 -1 1 1 1 1 
1 1 1 1 1 1 1 -1 1 -1 -1 -1 -1 -1 1 1 1 1 1 -1 
1 1 1 1 1 1 1 1 -1 -1 -1 -1 -1 -1 1 -1 -1 1 1 1 
1 -1 1 1 1 1 1 1 1 -1 -1 -1 -1 -1 1 1 -1 1 1 1 
-1 1 1 -1 -1 1 1 1 1 -1 -1 -1 1 -1 1 1 1 -1 1 1 
-1 1 1 1 -1 1 1 1 1 -1 -1 -1 1 -1 -1 -1 1 -1 -1 -1 
1 -1 1 1 1 1 1 -1 -1 -1 -1 -1 -1 -1 -1 -1 -1 -1 -1 -1 
-1 -1 1 -1 -1 1 -1 -1 -1 -1 -1 -1 1 -1 -1 -1 -1 -1 -1 -1 
-1 -1 -1 -1 -1 -1 -1 -1 4 -1 -1 -1 1 -1 -1 -1 -1 -1 -1 -1 
-1 -1 -1 -1 -1 -1 4 4 -1 -1 -1 -1 -1 -1 -1 -1 -1 -1 -1 -1 
-1 -1 -1 -1 -1 -1 4 4 4 -1 -1 -1 -1 -1 -1 -1 1 1 1 -1 
1 1 -1 -1 1 -1 1 -1 4 -1 -1 -1 -1 -1 -1 1 1 1 1 1 
1 1 -1 1 -1 1 -1 4 4 4 1 1 1 1 -1 -1 1 1 1 1 
1 1 1 1 1 -1 -1 -1 1 1 1 1 -1 1 1 -1 1 1 1 1 
1 1 1 1 1 1 1 -1 -1 1 1 1 1 1 1 1 -1 1 -1 1 
1 -1 -1 1 1 1 1 -1 1 1 1 1 -1 1 -1 1 1 1 1 -1 
-1 -1 -1 1 1 1 1 1 1 1 -1 1 1 1 1 1 1 1 1 1 
1 1 -1 -1 -1 1 1 1 -1 1 -1 1 1 1 1 1 1 1 1 1 
1 -1 1 1 1 -1 1 1 1 1 1 1 -1 -1 -1 4 4 1 1 1 
1 1 1 1 1 1 -1 1 1 1 -1 -1 -1 -1 1 4 -1 4 4 1 
1 1 1 1 1 1 1 1 1 1 1 -1 -1 1 1 1 1 -1 1 1 
1 1 1 -1 -1 1 1 1 1 -1 1 1 -1 -1 1 1 1 1 1 1 
1 1 1 1 1 1 1 -1 -1 -1 -1 1 1 1 1 1 1 1 1 1 
1 1 1 1 1 1 1 1 -1 -1 -1 -1 1 1 -1 1 -1 1 1 1 
1 1 1 -1 1 1 1 1 1 -1 1 1 1 1 -1 1 1 1 1 1 
1 1 -1 1 1 1 1 1 -1 -1 -1 1 1 1 1 -1 -1 1 1 1 
1 1 1 1 1 1 -1 -1 1 -1 -1 1 1 -1 -1 1 1 1 -1 1 
-1 1 1 1 1 -1 1 -1 -1 1 -1 1 1 -1 -1 1 -1 -1 1 -1 
1 1 1 1 1 -1 1 1 -1 1 -1 1 -1 -1 1 -1 1 -1 1 1 
1 -1 1 1 1 -1 -1 -1 -1 -1 -1 -1 -1 -1 -1 1 1 -1 1 1 
-1 -1 1 1 1 -1 -1 -1 -1 -1 -1 -1 -1 -1 -1 1 1 1 -1 1 
1 1 1 -1 1 1 -1 -1 -1 -1 -1 -1 -1 -1 -1 -1 -1 -1 -1 1 
1 -1 1 4 1 -1 -1 -1 -1 1 -1 -1 1 -1 1 1 -1 -1 -1 1 
1 -1 1 1 1 -1 -1 -1 -1 -1 1 -1 -1 1 1 -1 -1 -1 -1 -1 
-1 -1 1 1 1 1 1 1 1 1 -1 1 1 -1 1 -1 -1 -1 -1 -1 
1 1 1 1 1 -1 1 1 1 1 1 -1 1 1 -1 1 -1 -1 4 -1 
1 1 1 -1 1 1 -1 1 1 1 1 1 1 1 1 1 1 4 4 -1 
1 1 1 -1 -1 -1 1 1 1 1 1 1 1 1 1 -1 4 4 1 1 
1 1 1 -1 1 -1 1 1 1 1 1 1 1 1 -1 1 1 1 1 1 
1 1 1 1 1 -1 1 1 1 1 1 1 1 1 1 -1 1 1 -1 1 
1 1 1 1 1 1 1 1 1 -1 1 -1 1 1 1 1 1 1 1 1 
-1 1 1 1 -1 1 1 1 -1 1 1 1 1 1 1 1 1 1 1 1 
1 1 1 1 1 1 1 1 1 1 1 1 1 1 1 1 1 -1 -1 1 
1 1 1 1 1 -1 -1 1 1 1 1 1 1 1 -1 1 1 1 1 1 
1 1 1 1 1 1 -1 -1 1 1 1 1 1 1 1 1 1 1 1 1 
1 1 1 1 1 -1 1 1 1 1 1 1 1 -1 1 1 1 1 1 1 
1 1 1 1 1 1 1 1 1 1 1 1 -1 1 1 1 1 1 1 1 
1 1 1 1 -1 1 1 1 -1 1 1 1 1 1 -1 1 1 1 1 1 
1 1 -1 -1 1 1 -1 1 1 1 1 1 1 -1 -1 -1 1 1 1 1 
1 1 1 1 1 -1 -1 1 1 1 1 1 1 1 -1 -1 -1 1 1 1 
-1 -1 1 -1 1 1 1 1 1 1 1 1 1 1 1 1 1 1 1 1 
1 -1 -1 1 -1 -1 1 1 1 1 1 1 1 1 1 1 1 1 1 1 
1 1 -1 1 1 1 1 1 1 1 1 -1 1 -1 1 1 1 1 -1 1 
1 1 1 1 1 1 1 1 1 1 -1 1 1 1 1 1 1 -1 -1 1 
1 1 1 1 1 -1 1 1 1 1 1 1 1 1 -1 1 -1 1 1 1 
1 1 -1 1 1 1 -1 -1 1 1 1 1 -1 -1 -1 -1 -1 1 1 1 
1 1 1 1 1 1 1 1 -1 1 1 1 1 1 1 -1 1 1 1 -1 
-1 1 1 1 1 1 1 1 -1 1 1 -1 1 1 1 1 1 1 1 1 
-1 1 1 1 2 -1 1 1 -1 1 1 1 1 1 1 1 1 1 1 1 
1 1 -1 1 1 1 1 1 1 -1 1 1 1 -1 1 1 1 1 1 1 
1 1 -1 1 1 1 1 1 -1 -1 1 -1 -1 -1 1 1 1 1 1 1 
1 1 1 1 1 -1 1 1 -1 1 -1 1 -1 1 1 1 1 1 1 1 
1 1 -1 1 1 1 -1 -1 1 1 1 1 -1 -1 -1 1 1 1 1 1 
1 1 1 1 -1 1 -1 1 1 1 1 1 -1 -1 -1 1 1 1 1 1 
1 1 1 1 1 1 1 1 1 1 1 1 1 1 1 1 -1 -1 1 1 
-1 -1 1 1 1 1 -1 1 1 1 1 -1 1 1 -1 1 1 -1 -1 1 
1 1 -1 -1 -1 1 1 1 1 1 1 1 -1 -1 -1 -1 -1 -1 1 -1 
-1 -1 -1 -1 1 1 1 1 1 1 1 1 -1 -1 -1 -1 1 1 1 -1 
-1 -1 -1 -1 1 -1 -1 -1 1 1 1 1 -1 -1 -1 1 1 1 -1 -1 
-1 1 1 1 1 1 -1 -1 1 1 -1 -1 -1 -1 -1 -1 -1 1 1 -1 
-1 1 1 1 1 -1 -1 1 1 1 1 -1 -1 -1 -1 -1 1 1 1 1 
-1 1 -1 1 1 1 -1 1 1 1 1 1 1 1 -1 1 1 1 -1 1 
1 1 1 1 1 1 1 1 1 1 -1 1 1 1 1 1 1 1 1 1 
1 1 1 1 1 1 1 1 1 -1 -1 1 1 1 1 -1 1 1 -1 1 
1 1 1 1 1 1 1 1 -1 -1 1 -1 -1 1 1 1 1 -1 -1 -1 
1 1 1 -1 1 -1 -1 1 -1 1 1 1 1 -1 -1 1 -1 -1 -1 1 
1 1 1 1 -1 1 1 1 1 -1 1 1 1 1 1 -1 1 1 1 1 
1 1 1 1 2 1 1 1 1 1 1 1 1 1 1 1 1 1 1 1 
1 1 -1 1 1 1 1 -1 1 1 1 1 1 1 1 1 1 1 1 1 
1 1 1 1 1 1 -1 -1 -1 1 -1 1 1 1 1 -1 1 1 1 1 
1 1 1 -1 -1 -1 -1 -1 -1 -1 -1 -1 1 1 1 1 1 1 1 1 
1 -1 1 -1 1 1 -1 -1 -1 -1 -1 1 -1 1 -1 1 1 1 1 1 
-1 1 1 1 1 1 -1 -1 -1 -1 -1 1 1 -1 1 1 1 -1 1 1 
1 -1 1 1 1 -1 -1 -1 -1 -1 1 1 1 1 1 1 1 1 1 1 
-1 1 1 1 1 -1 1 1 -1 1 1 -1 1 -1 -1 -1 1 1 1 1 
1 -1 1 1 1 1 1 1 -1 -1 1 1 1 -1 1 -1 -1 1 1 1 
-1 -1 1 -1 -1 1 1 1 1 1 1 -1 1 1 1 1 1 -1 1 1 
1 1 -1 -1 1 1 1 1 1 1 -1 -1 -1 1 1 1 1 1 1 1 
1 -1 1 -1 1 1 1 1 1 -1 -1 1 1 1 -1 -1 -1 1 -1 -1 
1 1 1 1 -1 1 1 -1 1 1 -1 1 1 -1 -1 -1 1 1 -1 -1 
1 1 1 1 1 1 -1 1 1 1 1 1 1 1 -1 -1 1 1 -1 -1 
1 1 1 -1 1 -1 1 1 1 1 1 -1 1 1 -1 1 -1 1 1 1 
1 1 1 -1 1 1 1 1 1 1 1 1 1 1 1 1 1 1 1 1 
1 1 1 1 -1 1 1 1 1 1 -1 1 1 1 -1 1 1 1 1 1 
1 1 1 1 1 1 1 1 1 1 1 -1 1 1 1 1 1 -1 1 -1 
1 1 1 1 1 1 1 1 1 1 1 1 1 1 1 1 1 1 -1 1 
1 1 1 1 1 1 1 1 1 1 -1 1 1 1 1 1 1 -1 1 1 
1 1 1 1 1 1 1 1 1 1 1 1 1 1 -1 -1 1 1 1 1 
1 1 1 1 1 1 1 1 -1 1 1 -1 1 1 1 1 -1 -1 1 -1 
1 -1 1 1 1 -1 -1 -1 1 1 1 -1 1 1 1 1 1 1 1 1 
-1 1 1 1 1 -1 1 1 1 1 1 -1 1 1 1 1 -1 1 1 1 
1 1 1 1 1 1 1 1 1 -1 1 -1 1 1 1 1 1 -1 1 1 
1 1 1 -1 1 1 -1 1 -1 -1 1 1 -1 1 1 1 1 1 1 1 
1 1 1 1 1 1 -1 -1 1 1 1 1 1 1 1 -1 1 1 1 1 
1 1 -1 1 1 1 -1 1 1 1 -1 1 1 -1 -1 1 1 1 1 1 
1 1 1 1 1 -1 1 1 1 1 1 1 -1 -1 -1 1 1 1 -1 1 
1 1 1 -1 -1 -1 -1 1 1 1 1 -1 1 -1 1 1 1 -1 1 1 
1 -1 1 -1 -1 -1 -1 -1 -1 -1 -1 -1 1 1 -1 -1 1 1 1 1 
1 1 1 1 1 -1 1 1 1 1 -1 -1 1 -1 -1 1 -1 1 1 1 
1 1 1 1 1 1 -1 -1 1 1 1 1 -1 -1 -1 1 1 1 1 -1 
1 1 1 1 1 1 -1 1 1 1 1 1 1 -1 1 1 1 1 1 1 
1 1 1 1 1 -1 1 1 1 1 1 1 1 1 -1 1 1 -1 1 1 
1 1 1 1 -1 1 -1 1 1 1 1 1 1 1 -1 -1 1 1 1 1 
1 1 1 1 1 1 1 1 -1 -1 1 1 1 1 1 1 1 -1 1 1 
1 1 1 -1 1 1 1 1 -1 1 1 1 1 1 1 1 1 -1 -1 1 
1 1 1 1 -1 1 1 -1 -1 1 1 1 1 1 1 -1 1 1 1 1 
-1 1 1 1 1 1 1 1 -1 -1 1 1 1 1 1 1 -1 -1 1 1 
1 1 1 1 1 1 1 1 1 1 1 1 1 1 1 1 -1 1 1 1 
1 1 1 1 1 1 -1 1 1 1 1 1 1 -1 1 1 1 1 -1 1 
1 1 1 1 1 1 1 -1 -1 1 1 1 1 -1 1 1 1 -1 1 -1 
1 1 1 1 1 1 1 1 -1 1 1 1 -1 -1 -1 1 1 1 1 -1 
1 1 1 1 1 1 1 -1 1 1 1 1 1 1 1 -1 1 1 1 1 
1 1 1 1 1 1 -1 1 1 1 -1 1 1 1 -1 1 1 1 1 1 
1 1 1 1 1 1 -1 -1 1 1 1 1 -1 1 -1 1 1 -1 1 1 
1 1 1 -1 1 1 -1 -1 1 -1 1 1 1 -1 1 1 1 1 1 -1 
1 1 1 1 1 1 1 1 1 1 1 1 1 1 1 -1 1 1 1 1 
1 1 1 1 1 1 1 1 1 1 1 1 1 1 1 -1 1 1 1 1 
1 1 1 -1 -1 1 1 1 -1 1 1 -1 1 -1 -1 1 1 1 1 1 
1 1 1 -1 -1 -1 -1 1 1 1 1 1 -1 1 -1 1 1 2 1 1 
-1 1 1 1 1 -1 -1 1 1 1 1 -1 -1 -1 -1 -1 1 1 1 1 
1 1 1 1 1 -1 -1 1 1 -1 1 1 -1 -1 -1 -1 1 -1 -1 1 
1 1 1 1 1 -1 -1 -1 1 -1 -1 4 1 -1 1 1 1 1 1 1 
1 1 1 1 1 1 1 -1 -1 -1 4 -1 1 1 1 1 1 1 1 1 
1 -1 1 1 1 1 1 1 1 4 -1 -1 1 1 1 1 1 1 1 -1 
1 -1 -1 1 -1 1 1 1 1 1 -1 1 1 -1 1 -1 -1 1 -1 1 
1 1 -1 1 1 1 1 1 1 1 -1 1 1 1 -1 1 1 1 1 1 
1 1 1 1 1 1 1 1 1 1 -1 1 1 1 1 1 1 1 -1 1 
1 1 1 -1 1 1 1 1 1 1 1 -1 -1 -1 1 -1 1 1 -1 1 
1 1 1 1 -1 -1 1 1 1 1 -1 1 1 -1 1 1 1 -1 1 1 
1 1 1 -1 -1 -1 -1 1 -1 -1 1 1 -1 1 1 1 1 1 1 1 
1 1 -1 1 -1 -1 1 -1 1 -1 -1 1 1 -1 1 1 1 1 1 1 
-1 1 -1 1 1 -1 1 -1 -1 -1 -1 -1 1 1 1 1 1 1 1 1 
1 1 1 1 1 1 -1 1 -1 -1 -1 1 1 -1 1 -1 1 -1 -1 -1 
1 1 1 -1 1 1 -1 1 1 -1 1 1 -1 -1 -1 -1 1 -1 -1 -1 
-1 -1 1 1 1 1 1 1 1 1 -1 1 -1 -1 -1 1 1 -1 -1 -1 
-1 1 1 1 1 1 1 1 -1 -1 1 -1 -1 -1 -1 -1 -1 -1 -1 -1 
1 1 1 -1 -1 1 1 1 1 -1 1 -1 -1 -1 -1 -1 -1 -1 -1 1 
-1 1 1 1 1 -1 1 1 1 1 1 -1 -1 1 -1 -1 -1 -1 -1 -1 
1 1 1 1 1 -1 1 1 1 1 1 1 -1 -1 -1 -1 -1 -1 -1 1 
1 1 1 1 1 1 1 1 -1 -1 1 -1 1 -1 -1 -1 -1 -1 1 -1 
1 1 1 1 1 1 1 1 -1 -1 -1 -1 1 1 -1 1 1 -1 1 1 
1 1 1 1 1 1 1 1 1 -1 -1 -1 1 1 1 1 1 1 1 1 
1 1 1 1 1 1 1 1 -1 -1 -1 1 1 1 1 1 1 1 1 1 
1 1 1 1 1 1 1 1 1 1 1 1 1 1 -1 1 1 1 -1 -1 
1 1 1 1 1 1 1 1 1 1 1 1 1 1 1 -1 1 -1 -1 -1 
1 1 1 1 1 1 1 1 1 1 1 1 1 1 1 1 -1 1 1 1 
1 1 1 1 1 1 -1 -1 1 1 -1 -1 1 1 1 1 -1 1 1 -1 
1 1 1 1 -1 1 -1 1 -1 -1 -1 -1 1 -1 1 1 1 -1 1 1 
1 1 1 1 1 1 1 1 1 -1 1 1 1 1 1 1 1 -1 -1 1 
1 1 1 1 1 1 1 1 1 -1 -1 -1 1 -1 -1 -1 1 -1 -1 1 
1 -1 1 1 1 1 1 1 1 -1 1 -1 1 1 1 1 1 -1 1 -1 
-1 1 1 1 1 1 1 1 -1 1 -1 -1 -1 1 1 1 1 1 1 -1 
1 1 1 1 1 1 1 1 1 1 1 1 1 1 1 1 1 1 1 1 
1 1 1 1 1 1 1 1 1 1 1 1 -1 1 -1 1 -1 1 -1 1 
1 1 1 1 1 1 1 -1 -1 1 1 1 1 -1 1 -1 -1 1 1 -1 
-1 1 1 -1 1 -1 1 -1 -1 -1 1 1 -1 -1 -1 1 1 1 1 1 
-1 1 1 1 -1 -1 -1 -1 -1 -1 -1 1 1 -1 -1 1 1 1 1 1 
-1 -1 1 -1 1 1 1 -1 -1 1 1 -1 1 1 -1 -1 1 1 1 1 
-1 -1 -1 -1 1 1 -1 -1 -1 1 1 1 -1 1 -1 -1 1 1 1 1 
1 -1 1 1 1 1 -1 1 1 -1 -1 1 1 1 -1 1 1 1 1 -1 
1 1 -1 1 -1 -1 1 1 1 -1 -1 -1 -1 1 1 -1 1 -1 -1 1 
1 1 -1 -1 -1 1 1 -1 1 1 1 1 1 -1 -1 1 -1 1 1 1 
-1 1 -1 -1 -1 -1 1 1 1 -1 1 1 1 1 1 1 1 1 1 1 
1 -1 1 -1 -1 -1 -1 1 1 -1 -1 1 1 1 -1 -1 -1 1 1 1 
-1 1 -1 -1 1 -1 1 -1 -1 1 1 1 -1 1 1 1 1 1 1 1 
1 -1 1 -1 -1 1 1 1 1 1 1 1 1 1 1 1 1 1 1 1 
1 -1 -1 1 -1 -1 -1 1 1 1 1 1 1 1 -1 -1 1 1 1 1 
1 1 1 1 1 1 1 1 1 1 1 1 -1 -1 -1 1 -1 1 1 1 
1 1 1 1 1 1 1 1 -1 1 1 1 -1 2 2 2 2 1 1 1 
1 -1 1 1 1 1 1 1 1 1 1 1 -1 1 2 2 1 1 1 1 
1 1 1 1 1 1 1 1 -1 1 1 -1 1 1 1 2 1 1 1 1 
-1 1 1 1 1 1 1 -1 -1 -1 1 1 1 -1 1 -1 1 1 1 1 
1 1 -1 -1 1 -1 1 1 1 1 1 -1 1 1 -1 1 1 1 -1 -1 
1 1 1 -1 1 -1 1 1 1 1 1 -1 1 1 1 1 1 1 1 1 
1 1 1 1 1 1 1 1 1 -1 1 -1 1 1 1 1 1 1 1 1 
1 1 1 1 1 1 1 1 1 1 1 1 1 1 1 1 1 1 1 1 
1 1 1 1 1 1 -1 1 1 1 1 1 1 1 1 1 -1 1 1 1 
1 1 -1 1 1 1 1 1 1 1 1 1 1 -1 1 1 1 1 1 1 
1 1 1 1 1 1 1 1 1 1 1 1 1 1 1 1 1 1 -1 -1 
1 -1 1 1 1 1 1 -1 1 1 1 1 1 -1 1 -1 1 1 1 -1 
-1 1 1 1 1 1 1 1 1 1 1 1 -1 1 -1 -1 -1 -1 -1 -1 
1 1 1 1 1 1 1 1 1 1 1 -1 -1 1 1 1 1 1 1 -1 
1 1 1 1 1 1 -1 1 1 1 1 1 1 1 -1 1 -1 -1 1 1 
1 -1 1 1 1 1 1 1 1 1 1 1 1 1 1 -1 -1 -1 -1 1 
-1 1 1 -1 1 1 1 1 1 1 1 1 1 -1 -1 -1 1 1 1 1 
-1 -1 1 1 1 1 1 1 1 1 1 1 1 -1 -1 2 2 -1 -1 -1 
-1 1 1 1 1 1 1 1 1 1 1 1 1 -1 2 2 2 -1 1 1 
1 1 1 1 1 1 1 1 1 1 1 1 2 2 2 2 -1 1 1 -1 
