# Fri Sep 25 15:34:12 2020
#  1: Update
#  2: Unique Phenotypes (by task done)
#  3: Shannon Diversity of Phenotypes (by task done)
#  4: Unique Phenotypes (by task count)
#  5: Average Phenotype Shannon Diversity (by task count)
#  6: Average Task Diversity (number of different tasks)

0 1 0 1 0 0 
100 1 0 1 0 1 
200 1 0 1 0 1 
300 1 0 1 0 1 
400 1 0 1 0 1 
500 2 0.0107352 2 0 1 
600 2 0.013182 2 0 1 
700 3 0.0357153 5 0 1 
800 3 0.0371196 6 0 1 
900 4 0.0533962 11 0 1 
1000 4 0.0531433 12 0 1 
1100 5 0.0612506 15 0.000618976 1.00067 
1200 5 0.0610226 17 0.000230728 1.00025 
1300 4 0.0598392 16 0.000349534 1.00038 
1400 4 0.0665631 19 0.000898882 1.00095 
1500 4 0.0666351 23 0.000954215 1.00099 
1600 4 0.0593455 21 0.000544666 1.00057 
1700 4 0.0632579 21 0.000840617 1.0009 
1800 4 0.0646858 22 0.000883291 1.00094 
1900 4 0.0740652 21 0.000970116 1.00102 
2000 4 0.0714203 21 0.000704291 1.00075 
2100 5 0.0782066 24 0.000942257 1.00101 
2200 5 0.0770012 24 0.00113795 1.00121 
2300 5 0.0784994 25 0.000986232 1.00105 
2400 5 0.0803838 27 0.000933058 1.00099 
2500 6 0.0821362 28 0.00108073 1.00115 
2600 7 0.0900976 27 0.00151991 1.00161 
2700 6 0.0982849 26 0.00188042 1.00199 
2800 6 0.100745 26 0.00209799 1.00223 
2900 4 0.108761 24 0.00255033 1.00271 
3000 6 0.103831 26 0.00197969 1.00209 
3100 6 0.107274 25 0.00245924 1.00261 
3200 6 0.110441 29 0.00252796 1.00267 
3300 6 0.11524 29 0.00285791 1.00302 
3400 6 0.120713 32 0.00298551 1.00317 
3500 6 0.128059 30 0.00349003 1.00372 
3600 6 0.13345 30 0.00365266 1.00387 
3700 6 0.136875 32 0.00365199 1.00388 
3800 6 0.140077 34 0.00361166 1.00383 
3900 7 0.152411 33 0.00397895 1.00425 
4000 7 0.160424 34 0.0038054 1.00406 
4100 7 0.175611 32 0.00355636 1.00379 
4200 7 0.197065 32 0.00384542 1.0041 
4300 7 0.219712 34 0.00331425 1.00354 
4400 7 0.255806 37 0.00310122 1.00332 
4500 7 0.292979 30 0.002317 1.00248 
4600 7 0.353247 27 0.00264935 1.00285 
4700 8 0.405431 27 0.00260831 1.00277 
4800 9 0.475522 33 0.00362331 1.00385 
4900 9 0.565779 37 0.00486382 1.00518 
5000 9 0.638417 38 0.00523132 1.00559 
5100 8 0.723106 37 0.00690598 1.00738 
5200 9 0.799978 40 0.00725039 1.00772 
5300 9 0.902303 44 0.00897279 1.00952 
5400 9 1.00545 41 0.010251 1.01082 
5500 9 1.09364 42 0.0114324 1.01204 
5600 9 1.19068 43 0.0132146 1.01391 
5700 9 1.27337 46 0.0144 1.01517 
5800 9 1.36154 50 0.0159026 1.01671 
5900 9 1.43852 53 0.0179045 1.01884 
6000 9 1.49175 54 0.0174477 1.01833 
6100 9 1.56504 59 0.0209768 1.02214 
6200 9 1.62878 65 0.0226128 1.02382 
6300 9 1.67311 57 0.0246243 1.0259 
6400 10 1.72182 64 0.0270393 1.02851 
6500 9 1.76458 66 0.0292478 1.03096 
6600 10 1.79445 71 0.0304093 1.03212 
6700 11 1.83094 76 0.032925 1.03473 
6800 10 1.84592 75 0.0317977 1.03342 
6900 11 1.8918 76 0.0352141 1.03692 
7000 11 1.91239 76 0.0343813 1.03604 
7100 12 1.92383 83 0.0326357 1.03419 
7200 12 1.94891 86 0.0329273 1.03451 
7300 12 1.97024 83 0.0318741 1.03343 
7400 12 1.98818 89 0.0304615 1.0319 
7500 12 2.01476 88 0.0307714 1.03226 
7600 11 2.04138 90 0.0315175 1.03302 
7700 12 2.07353 95 0.0329872 1.03452 
7800 12 2.10223 92 0.0341801 1.03577 
7900 12 2.12091 95 0.0342955 1.03586 
8000 13 2.14041 99 0.0348271 1.03634 
8100 12 2.16445 108 0.0369605 1.03853 
8200 13 2.18302 105 0.0363938 1.03797 
8300 13 2.2011 106 0.0364185 1.03788 
8400 13 2.2043 106 0.0354779 1.0369 
8500 13 2.21749 103 0.0348818 1.03625 
8600 13 2.22714 107 0.0351105 1.0363 
8700 13 2.23941 110 0.0359123 1.03724 
8800 13 2.26103 112 0.0377159 1.03928 
8900 14 2.28094 115 0.0399727 1.04161 
9000 13 2.28589 111 0.0408395 1.0422 
9100 13 2.30475 120 0.0437932 1.04514 
9200 12 2.3244 131 0.0476471 1.04911 
9300 12 2.32897 126 0.0486073 1.05001 
9400 12 2.35776 122 0.0526946 1.05426 
9500 13 2.36486 125 0.0527811 1.05426 
9600 14 2.375 129 0.0535659 1.05511 
9700 14 2.37656 141 0.0524353 1.05403 
9800 13 2.36508 132 0.0491801 1.05088 
9900 13 2.37087 139 0.0492341 1.05092 
10000 14 2.3785 135 0.0498661 1.05192 
10100 15 2.37836 141 0.0492686 1.0512 
10200 14 2.36656 145 0.0468459 1.04858 
10300 14 2.37377 140 0.0479032 1.04961 
10400 14 2.37265 151 0.0469871 1.04883 
10500 16 2.38281 150 0.0471781 1.04901 
10600 15 2.38212 153 0.0468483 1.04855 
10700 15 2.39039 144 0.0466781 1.04853 
10800 14 2.41201 144 0.0480568 1.04977 
10900 16 2.42585 146 0.048169 1.04992 
11000 16 2.42599 151 0.0470796 1.0488 
11100 15 2.43372 143 0.0471263 1.04888 
11200 15 2.43582 140 0.0450745 1.04675 
11300 15 2.44051 144 0.0450456 1.04671 
11400 15 2.44599 144 0.0447428 1.04651 
11500 15 2.43932 139 0.0430428 1.04468 
11600 15 2.44626 142 0.0417318 1.04351 
11700 14 2.44851 139 0.0394846 1.04116 
11800 15 2.4413 147 0.0376377 1.03923 
11900 16 2.4474 147 0.0378359 1.03942 
12000 15 2.45537 147 0.0385913 1.04034 
12100 14 2.45818 139 0.0390961 1.04079 
12200 14 2.45813 142 0.0388625 1.04054 
12300 15 2.46916 151 0.0400365 1.04182 
12400 16 2.45927 140 0.0380407 1.03969 
12500 17 2.47505 154 0.040019 1.04188 
12600 17 2.48929 159 0.0415695 1.0435 
12700 16 2.50398 159 0.0428613 1.04479 
12800 18 2.52361 166 0.043217 1.04533 
12900 18 2.5367 168 0.042855 1.04452 
13000 18 2.5658 160 0.0450112 1.04707 
13100 18 2.58416 172 0.0457769 1.04775 
13200 18 2.5976 172 0.0462044 1.04818 
13300 18 2.6119 179 0.0477239 1.04983 
13400 19 2.62562 179 0.048906 1.05122 
13500 19 2.63119 187 0.0491931 1.05149 
13600 20 2.63591 185 0.0485769 1.05088 
13700 19 2.64154 183 0.0495026 1.05186 
13800 20 2.65525 185 0.0504346 1.05265 
13900 20 2.67043 184 0.0517601 1.05391 
14000 20 2.67426 190 0.051105 1.05306 
14100 20 2.68373 195 0.0517357 1.05395 
14200 20 2.71341 201 0.0565732 1.05915 
14300 19 2.72726 190 0.0576593 1.06012 
14400 22 2.75015 201 0.0601468 1.06328 
14500 21 2.75204 195 0.0592056 1.06216 
14600 21 2.75485 206 0.0586543 1.06166 
14700 21 2.77234 211 0.0608892 1.06403 
14800 21 2.77195 206 0.0601496 1.06303 
14900 22 2.77197 203 0.0585303 1.06123 
15000 22 2.76549 196 0.0563495 1.05883 
15100 22 2.76338 191 0.0535721 1.05607 
15200 21 2.74962 191 0.0508019 1.05291 
15300 20 2.75106 187 0.0491297 1.05112 
15400 21 2.75473 190 0.0488227 1.05064 
15500 21 2.75539 178 0.0482604 1.04996 
15600 21 2.75456 184 0.0472326 1.04887 
15700 20 2.77337 189 0.050141 1.05203 
15800 20 2.78704 183 0.0501362 1.05203 
15900 20 2.79302 186 0.0507891 1.05274 
16000 21 2.79385 183 0.0494041 1.05125 
16100 20 2.78508 188 0.0478261 1.04958 
16200 20 2.79206 186 0.0497035 1.0517 
16300 20 2.81102 197 0.0523735 1.05455 
16400 21 2.8126 202 0.052617 1.05473 
16500 21 2.80223 187 0.0514699 1.05344 
16600 21 2.80776 188 0.0507664 1.05281 
16700 22 2.82853 193 0.0532792 1.05568 
16800 23 2.86212 211 0.0580372 1.06091 
16900 23 2.87887 211 0.0597499 1.0627 
17000 23 2.89105 207 0.0607479 1.06381 
17100 23 2.90401 207 0.0603033 1.06322 
17200 23 2.92483 203 0.0634544 1.06697 
17300 23 2.92926 209 0.0636339 1.06729 
17400 24 2.95202 213 0.0673908 1.0714 
17500 23 2.95606 222 0.0684968 1.07208 
17600 25 2.9869 226 0.0735549 1.07758 
17700 24 3.00065 231 0.0755202 1.07923 
17800 27 3.02922 238 0.0787909 1.08296 
17900 26 3.05713 228 0.0817128 1.08613 
18000 26 3.06633 241 0.081147 1.08544 
18100 25 3.07679 237 0.0818972 1.08646 
18200 24 3.09016 237 0.0821253 1.08674 
18300 24 3.09326 240 0.0802716 1.08496 
18400 24 3.08873 236 0.0782714 1.08269 
18500 24 3.08399 236 0.076238 1.08053 
18600 25 3.07047 248 0.0726629 1.07687 
18700 24 3.06971 230 0.0713265 1.07511 
18800 24 3.07992 234 0.0717545 1.0755 
18900 25 3.09997 238 0.074349 1.07878 
19000 24 3.09519 253 0.0744178 1.0785 
19100 25 3.09964 250 0.072178 1.07612 
19200 24 3.10466 244 0.0749167 1.07896 
19300 25 3.10609 252 0.0753677 1.07961 
19400 23 3.10246 247 0.0775205 1.08189 
19500 25 3.08434 259 0.0766073 1.08105 
19600 26 3.09034 270 0.078771 1.0832 
19700 26 3.09052 278 0.0800942 1.08488 
19800 26 3.08501 287 0.0799739 1.08484 
19900 26 3.07899 290 0.0810697 1.08538 
20000 27 3.05824 291 0.0792797 1.08371 
20100 26 3.0469 300 0.0782767 1.08266 
20200 24 3.04313 296 0.0794193 1.08399 
20300 23 3.03135 303 0.0805041 1.08471 
20400 24 3.03978 299 0.0829194 1.08753 
20500 25 3.05558 321 0.0866138 1.09225 
20600 25 3.05591 335 0.0891432 1.09488 
20700 25 3.06247 324 0.0918928 1.0976 
20800 26 3.06457 339 0.0959476 1.10181 
20900 26 3.06066 333 0.0968411 1.10289 
21000 26 3.07121 363 0.0986007 1.10535 
21100 27 3.08117 372 0.101114 1.10836 
21200 26 3.09771 372 0.10549 1.11329 
21300 25 3.10919 380 0.106484 1.11437 
21400 26 3.09176 384 0.103041 1.11053 
21500 26 3.08636 390 0.102366 1.10978 
21600 26 3.08814 391 0.102337 1.10977 
21700 25 3.10306 385 0.104994 1.11268 
21800 26 3.11613 398 0.107892 1.11592 
21900 28 3.13126 409 0.110732 1.11907 
22000 28 3.1527 429 0.114055 1.12251 
22100 28 3.17014 423 0.118706 1.12769 
22200 28 3.18724 434 0.122416 1.13169 
22300 28 3.20817 459 0.12573 1.13531 
22400 28 3.21931 437 0.128789 1.13844 
22500 28 3.23648 445 0.133011 1.14307 
22600 26 3.24337 446 0.134521 1.14436 
22700 28 3.26565 459 0.140111 1.1505 
22800 28 3.29066 468 0.145641 1.15674 
22900 27 3.29345 466 0.149015 1.16056 
23000 26 3.29211 485 0.150768 1.16267 
23100 26 3.29028 480 0.153496 1.16507 
23200 26 3.29356 487 0.154999 1.16709 
23300 26 3.29463 490 0.154607 1.16731 
23400 26 3.31868 486 0.161878 1.17543 
23500 28 3.32528 488 0.163138 1.1769 
23600 28 3.32478 491 0.163378 1.17751 
23700 30 3.32283 503 0.163414 1.17787 
23800 33 3.33681 510 0.166991 1.18204 
23900 33 3.34059 517 0.169481 1.18483 
24000 33 3.35466 506 0.173205 1.18969 
24100 32 3.34976 495 0.172628 1.18902 
24200 32 3.33895 498 0.173346 1.1897 
24300 30 3.33189 497 0.174639 1.19089 
24400 32 3.34652 514 0.178386 1.19532 
24500 30 3.34586 512 0.179298 1.19703 
24600 29 3.35289 514 0.179935 1.19785 
24700 32 3.34378 514 0.17859 1.19644 
24800 31 3.34252 518 0.176738 1.19481 
24900 30 3.33523 540 0.173929 1.19185 
25000 29 3.32436 533 0.17293 1.19088 
25100 29 3.32205 543 0.171055 1.18877 
25200 30 3.32136 543 0.17265 1.19067 
25300 31 3.31266 536 0.171862 1.19007 
25400 32 3.30042 533 0.170523 1.18829 
25500 31 3.28311 556 0.169013 1.18676 
25600 32 3.28052 553 0.170544 1.18858 
25700 30 3.26006 552 0.170029 1.18818 
25800 30 3.26021 538 0.170797 1.18969 
25900 31 3.24239 558 0.16968 1.18854 
26000 31 3.22845 551 0.169316 1.18809 
26100 32 3.22048 551 0.170057 1.18957 
26200 32 3.22169 557 0.172633 1.19228 
26300 33 3.21045 567 0.171032 1.19063 
26400 33 3.22279 577 0.175178 1.1948 
26500 30 3.22834 577 0.176274 1.19633 
26600 30 3.22231 574 0.176123 1.19591 
26700 30 3.21365 583 0.174551 1.19476 
26800 31 3.20906 581 0.173475 1.1941 
26900 31 3.21238 580 0.17388 1.19503 
27000 29 3.22237 598 0.178407 1.19988 
27100 30 3.22896 599 0.180879 1.20292 
27200 30 3.22515 600 0.178812 1.20061 
27300 31 3.22969 608 0.181703 1.2037 
27400 31 3.24553 605 0.185849 1.20849 
27500 30 3.25026 614 0.18873 1.2115 
27600 29 3.26078 615 0.192622 1.21588 
27700 32 3.28144 638 0.196252 1.22052 
27800 34 3.29042 637 0.197192 1.22135 
27900 35 3.28505 636 0.196177 1.22011 
28000 34 3.28081 630 0.194938 1.21868 
28100 34 3.26833 626 0.192237 1.21514 
28200 35 3.27379 654 0.197136 1.22098 
28300 34 3.26653 647 0.198232 1.22246 
28400 34 3.25547 659 0.198162 1.22259 
28500 32 3.24373 647 0.200081 1.2251 
28600 33 3.25738 659 0.204161 1.22947 
28700 35 3.26903 664 0.208012 1.23378 
28800 35 3.27676 668 0.209562 1.23589 
28900 37 3.29418 681 0.212913 1.24003 
29000 37 3.32053 704 0.217795 1.24561 
29100 36 3.33214 708 0.220811 1.24869 
29200 37 3.34795 734 0.223723 1.25158 
29300 39 3.35656 723 0.226348 1.2544 
29400 39 3.36334 753 0.23034 1.25882 
29500 39 3.33872 729 0.231091 1.2595 
29600 39 3.32087 728 0.232941 1.26084 
29700 38 3.30393 726 0.232829 1.26111 
29800 38 3.29747 721 0.234105 1.26207 
29900 38 3.29818 725 0.234276 1.26243 
30000 37 3.28769 712 0.234702 1.26328 
30100 35 3.27779 712 0.234714 1.26347 
30200 37 3.2627 723 0.235303 1.26386 
30300 36 3.24707 742 0.236157 1.26484 
30400 35 3.24589 750 0.236359 1.26586 
30500 36 3.24186 732 0.235818 1.26531 
30600 37 3.25337 738 0.240055 1.27021 
30700 37 3.26847 771 0.242661 1.27344 
30800 37 3.27978 790 0.246324 1.27746 
30900 38 3.29052 784 0.247991 1.27987 
31000 38 3.29971 816 0.251542 1.28428 
31100 38 3.3006 820 0.25286 1.28579 
31200 37 3.32034 816 0.253788 1.28734 
31300 37 3.33381 853 0.256437 1.29024 
31400 36 3.34982 853 0.258548 1.29304 
31500 36 3.36896 845 0.260145 1.29421 
31600 36 3.38127 854 0.261501 1.29599 
31700 37 3.38579 862 0.259901 1.29396 
31800 37 3.40069 884 0.261221 1.29569 
31900 38 3.39627 886 0.258789 1.29286 
32000 39 3.39891 869 0.258066 1.29236 
32100 37 3.39281 885 0.257894 1.29179 
32200 37 3.38687 895 0.256638 1.29038 
32300 37 3.37489 906 0.255712 1.28849 
32400 36 3.37832 889 0.256308 1.28954 
32500 36 3.39976 897 0.259392 1.29388 
32600 36 3.42537 920 0.263872 1.29934 
32700 35 3.43499 908 0.265988 1.30157 
32800 35 3.45767 933 0.270551 1.30711 
32900 35 3.46882 948 0.271957 1.30892 
33000 35 3.46959 923 0.26957 1.30557 
33100 35 3.46873 928 0.270821 1.30755 
33200 36 3.47421 943 0.271006 1.30775 
33300 37 3.49658 937 0.273435 1.31089 
33400 37 3.5024 962 0.273805 1.31135 
33500 37 3.51576 966 0.272245 1.31045 
33600 37 3.54221 997 0.277808 1.31826 
33700 36 3.5546 1021 0.279971 1.32083 
33800 36 3.57507 1048 0.284143 1.32556 
33900 38 3.59412 1071 0.287434 1.33023 
34000 38 3.61676 1077 0.288459 1.33198 
34100 39 3.63626 1100 0.289135 1.33331 
34200 39 3.65642 1113 0.290095 1.33437 
34300 41 3.68193 1119 0.296036 1.34162 
34400 42 3.69111 1111 0.297672 1.34341 
34500 42 3.70223 1141 0.301105 1.34701 
34600 43 3.71735 1176 0.30354 1.35022 
34700 43 3.72182 1173 0.304438 1.35242 
34800 42 3.71875 1173 0.304982 1.35303 
34900 41 3.73308 1177 0.309381 1.35877 
35000 43 3.74315 1174 0.310636 1.36031 
35100 40 3.7524 1174 0.309612 1.3598 
35200 40 3.74765 1186 0.3055 1.35444 
35300 39 3.74741 1181 0.304885 1.35366 
35400 39 3.74415 1179 0.303792 1.35204 
35500 40 3.74561 1195 0.302435 1.35179 
35600 40 3.75106 1164 0.303065 1.35262 
35700 43 3.74644 1147 0.304753 1.35406 
35800 43 3.74221 1178 0.305028 1.35449 
35900 43 3.74053 1207 0.304736 1.35428 
36000 43 3.73891 1196 0.305842 1.35496 
36100 43 3.73391 1190 0.3051 1.3543 
36200 42 3.72585 1185 0.306871 1.35626 
36300 43 3.71611 1213 0.308137 1.35733 
36400 42 3.70009 1180 0.306729 1.35735 
36500 41 3.67674 1160 0.304807 1.355 
36600 40 3.64422 1160 0.302661 1.35361 
36700 40 3.60268 1122 0.296493 1.34636 
36800 40 3.58029 1125 0.296067 1.34649 
36900 38 3.55638 1109 0.292806 1.34267 
37000 38 3.53858 1112 0.290139 1.33994 
37100 38 3.52379 1082 0.288281 1.33641 
37200 37 3.50661 1106 0.286692 1.33496 
37300 38 3.50878 1105 0.286745 1.33506 
37400 41 3.50803 1140 0.285532 1.33449 
37500 41 3.50427 1168 0.284822 1.33458 
37600 41 3.5064 1160 0.286812 1.33724 
37700 41 3.48905 1158 0.285206 1.33458 
37800 41 3.49043 1196 0.286652 1.33652 
37900 43 3.48321 1182 0.285845 1.33546 
38000 41 3.48267 1201 0.286822 1.33672 
38100 41 3.47722 1215 0.287735 1.33805 
38200 41 3.46267 1204 0.284912 1.33511 
38300 42 3.4604 1202 0.2871 1.33836 
38400 42 3.45571 1192 0.284248 1.33558 
38500 40 3.46347 1189 0.286097 1.33912 
38600 39 3.45704 1184 0.285047 1.33803 
38700 40 3.46093 1222 0.285575 1.33845 
38800 40 3.45862 1212 0.285887 1.33881 
38900 38 3.46016 1220 0.285576 1.33826 
39000 38 3.44674 1207 0.286137 1.33936 
39100 35 3.44641 1244 0.284885 1.33819 
39200 35 3.4436 1215 0.284849 1.33826 
39300 35 3.44184 1213 0.283347 1.33576 
39400 36 3.44992 1247 0.284133 1.33735 
39500 36 3.4641 1249 0.287757 1.34085 
39600 38 3.46602 1265 0.287274 1.34085 
39700 38 3.46702 1280 0.287888 1.3406 
39800 40 3.46814 1263 0.287639 1.3406 
39900 39 3.481 1288 0.288275 1.34242 
40000 37 3.48889 1288 0.289565 1.34437 
40100 37 3.5057 1285 0.291829 1.34644 
40200 36 3.49879 1266 0.291003 1.34491 
40300 36 3.51442 1289 0.290506 1.34529 
40400 39 3.52013 1304 0.290529 1.34632 
40500 37 3.52276 1325 0.289219 1.34538 
40600 37 3.53212 1338 0.290147 1.34741 
40700 37 3.53258 1351 0.29021 1.34754 
40800 37 3.54849 1361 0.294306 1.35276 
40900 36 3.55423 1347 0.293366 1.35216 
41000 38 3.56768 1371 0.296448 1.35597 
41100 38 3.59049 1378 0.297717 1.35847 
41200 39 3.59646 1381 0.297388 1.35764 
41300 39 3.60746 1370 0.299649 1.36042 
41400 39 3.6186 1411 0.300993 1.36274 
41500 40 3.63942 1444 0.304639 1.36726 
41600 39 3.64427 1444 0.304537 1.36784 
41700 39 3.66033 1420 0.303532 1.36673 
41800 39 3.66906 1411 0.30507 1.36791 
41900 38 3.67628 1392 0.305897 1.36912 
42000 38 3.68729 1377 0.308451 1.37047 
42100 39 3.69247 1332 0.305228 1.36783 
42200 39 3.69013 1299 0.297834 1.35946 
42300 42 3.70609 1289 0.287575 1.3479 
42400 41 3.71722 1248 0.277148 1.33433 
42500 41 3.71762 1231 0.264443 1.31902 
42600 41 3.72066 1200 0.251135 1.30265 
42700 43 3.71705 1137 0.240663 1.28908 
42800 43 3.70036 1096 0.230041 1.2766 
42900 43 3.66913 1034 0.219243 1.26162 
43000 40 3.62906 958 0.209538 1.25064 
43100 42 3.58118 964 0.197951 1.23669 
43200 41 3.56073 945 0.193514 1.23183 
43300 41 3.52898 948 0.187643 1.22563 
43400 41 3.52719 946 0.189646 1.22814 
43500 42 3.51332 945 0.188633 1.22773 
43600 40 3.48775 934 0.186948 1.22546 
43700 37 3.4626 919 0.182719 1.22045 
43800 38 3.42799 910 0.178427 1.21341 
43900 36 3.42406 902 0.175601 1.21038 
44000 36 3.39795 901 0.169704 1.20312 
44100 37 3.35496 890 0.160393 1.19177 
44200 38 3.31815 849 0.154581 1.18386 
44300 38 3.30183 854 0.153448 1.18327 
44400 39 3.30246 871 0.153574 1.1836 
44500 35 3.27265 873 0.147255 1.17622 
44600 36 3.25542 872 0.143991 1.17156 
44700 32 3.23506 860 0.139037 1.16531 
44800 35 3.21395 838 0.135343 1.16154 
44900 34 3.19608 834 0.132378 1.15783 
45000 34 3.1973 827 0.131868 1.15746 
45100 34 3.19419 830 0.129375 1.15446 
45200 36 3.20129 809 0.12998 1.15674 
45300 36 3.19832 800 0.127905 1.15599 
45400 38 3.18029 793 0.124761 1.15216 
45500 37 3.14799 797 0.119989 1.14665 
45600 36 3.13253 797 0.117498 1.1432 
45700 34 3.12254 815 0.115526 1.14171 
45800 35 3.11006 791 0.114338 1.14038 
45900 36 3.11192 782 0.113349 1.13911 
46000 35 3.09522 778 0.10954 1.13375 
46100 36 3.10223 795 0.110423 1.13589 
46200 34 3.09857 784 0.109508 1.13483 
46300 34 3.09455 773 0.108894 1.13354 
46400 33 3.09095 767 0.106989 1.13064 
46500 34 3.08732 774 0.105278 1.12776 
46600 33 3.08512 763 0.105418 1.12734 
46700 33 3.09721 745 0.105199 1.12643 
46800 35 3.11032 772 0.107254 1.12903 
46900 34 3.12552 765 0.109277 1.13124 
47000 32 3.12112 795 0.108861 1.1308 
47100 31 3.09029 765 0.103095 1.12373 
47200 31 3.10016 776 0.104199 1.12537 
47300 34 3.09438 759 0.103002 1.12364 
47400 34 3.10013 751 0.103987 1.12383 
47500 34 3.12209 771 0.107072 1.12705 
47600 34 3.13088 750 0.106518 1.12651 
47700 33 3.14962 753 0.109624 1.13008 
47800 35 3.16411 732 0.109451 1.12985 
47900 35 3.18133 760 0.108788 1.12967 
48000 33 3.18943 797 0.109524 1.12991 
48100 34 3.19364 780 0.109184 1.12944 
48200 34 3.21629 784 0.111676 1.13307 
48300 37 3.2087 780 0.111568 1.13254 
48400 36 3.23035 777 0.113928 1.13542 
48500 35 3.22832 810 0.114342 1.13587 
48600 33 3.24052 787 0.116518 1.13939 
48700 33 3.25079 781 0.118498 1.14147 
48800 32 3.23539 773 0.115769 1.13826 
48900 34 3.21199 786 0.113347 1.13578 
49000 32 3.18915 763 0.109142 1.13027 
49100 32 3.17824 775 0.108852 1.12926 
49200 32 3.17657 767 0.110146 1.13103 
49300 33 3.17466 758 0.110067 1.13168 
49400 34 3.15737 784 0.109443 1.13015 
49500 34 3.15823 781 0.110588 1.13204 
49600 34 3.16377 771 0.111832 1.13325 
49700 35 3.15744 798 0.111453 1.13242 
49800 33 3.1635 786 0.111753 1.13372 
49900 33 3.16913 799 0.111372 1.13338 
50000 36 3.15755 807 0.108383 1.12983 
50100 37 3.13995 792 0.105553 1.12589 
50200 36 3.14531 807 0.105836 1.12664 
50300 36 3.14168 799 0.105482 1.12703 
50400 34 3.13009 772 0.102053 1.12203 
50500 34 3.14098 771 0.104139 1.1241 
50600 33 3.13433 746 0.102895 1.12272 
50700 33 3.12544 757 0.101441 1.12017 
50800 35 3.11802 731 0.100052 1.11848 
50900 36 3.1233 717 0.10129 1.11969 
51000 36 3.12687 685 0.100704 1.11921 
51100 35 3.11823 682 0.0992616 1.11767 
51200 35 3.12404 680 0.0989163 1.11702 
51300 35 3.12459 671 0.0968121 1.11551 
51400 37 3.14154 698 0.0987864 1.11802 
51500 34 3.12915 661 0.0964217 1.11459 
51600 33 3.12502 663 0.094322 1.11242 
51700 30 3.10977 641 0.0907611 1.10813 
51800 30 3.12416 660 0.0914278 1.10931 
51900 30 3.1083 636 0.0890931 1.10609 
52000 33 3.11194 637 0.0885375 1.10465 
52100 32 3.10924 643 0.0865357 1.10188 
52200 32 3.11166 622 0.0858002 1.10086 
52300 31 3.11044 612 0.0848217 1.09964 
52400 33 3.10435 592 0.0838116 1.09874 
52500 32 3.08677 597 0.0828126 1.09738 
52600 33 3.07695 585 0.0827991 1.09724 
52700 33 3.08883 608 0.0855024 1.1003 
52800 34 3.09406 619 0.0885595 1.10343 
52900 31 3.07958 608 0.0879588 1.10193 
53000 35 3.081 601 0.0893945 1.10398 
53100 37 3.08925 611 0.0935109 1.10848 
53200 36 3.08625 592 0.0935672 1.10812 
53300 36 3.09492 602 0.0947474 1.1094 
53400 30 3.09535 595 0.0934639 1.10748 
53500 33 3.10316 586 0.094061 1.1077 
53600 32 3.11131 591 0.0937745 1.10845 
53700 32 3.1018 584 0.0929913 1.10769 
53800 31 3.10831 595 0.0935073 1.10876 
53900 30 3.10625 587 0.0914807 1.10677 
54000 32 3.11548 603 0.0912767 1.10726 
54100 32 3.11659 594 0.090555 1.10591 
54200 32 3.1268 604 0.0924986 1.10871 
54300 31 3.10454 592 0.0888325 1.10415 
54400 34 3.09284 607 0.0868533 1.10227 
54500 33 3.08863 602 0.08533 1.09997 
54600 36 3.07796 596 0.082386 1.09747 
54700 35 3.08386 598 0.0837007 1.099 
54800 32 3.07429 593 0.0818084 1.09745 
54900 33 3.06373 586 0.0808754 1.09586 
55000 31 3.06278 597 0.0813757 1.09671 
55100 32 3.04957 589 0.0785585 1.09271 
55200 31 3.04805 591 0.0771474 1.09074 
55300 34 3.05107 592 0.076529 1.08989 
55400 34 3.04377 568 0.0764875 1.08922 
55500 36 3.05309 584 0.0791531 1.09329 
55600 37 3.05091 570 0.0789748 1.09376 
55700 37 3.0318 592 0.0769066 1.09133 
55800 37 3.04444 590 0.0806375 1.09587 
55900 37 3.02901 592 0.0804041 1.09517 
56000 37 3.02283 602 0.0822847 1.09752 
56100 35 3.02506 603 0.0840879 1.1 
56200 35 3.0174 590 0.0845329 1.10009 
56300 36 3.0033 590 0.0810627 1.0971 
56400 35 3.009 602 0.0814182 1.09708 
56500 34 3.00945 612 0.0802774 1.09626 
56600 34 3.0084 600 0.079978 1.09557 
56700 34 3.02352 596 0.0807354 1.09626 
56800 34 3.032 589 0.0811397 1.09622 
56900 35 3.02294 570 0.075833 1.08987 
57000 35 3.02763 570 0.0741988 1.08808 
57100 34 3.03492 549 0.0731157 1.08662 
57200 35 3.04108 554 0.0717059 1.08527 
57300 31 3.04613 554 0.0732132 1.08609 
57400 30 3.0451 551 0.0734569 1.08601 
57500 30 3.05914 541 0.0759917 1.08831 
57600 32 3.05239 552 0.0724353 1.08432 
57700 31 3.0591 548 0.0716723 1.08341 
57800 31 3.06956 543 0.0723456 1.08369 
57900 31 3.08279 519 0.0728201 1.08428 
58000 31 3.10481 524 0.0760783 1.08823 
58100 32 3.11897 533 0.0746479 1.08627 
58200 34 3.15288 570 0.0778084 1.09003 
58300 35 3.15151 543 0.0759462 1.08741 
58400 34 3.16562 545 0.0763629 1.08789 
58500 32 3.16799 532 0.0740722 1.08515 
58600 34 3.17289 544 0.0732733 1.08466 
58700 35 3.18204 554 0.075114 1.08703 
58800 37 3.20662 549 0.0776238 1.0897 
58900 36 3.20855 571 0.078419 1.09131 
59000 35 3.2191 569 0.0787691 1.09211 
59100 34 3.2145 564 0.0764795 1.08871 
59200 36 3.22348 571 0.0781741 1.0906 
59300 35 3.23829 588 0.079201 1.09199 
59400 35 3.24271 601 0.0774927 1.09002 
59500 37 3.24242 578 0.0749168 1.08708 
59600 39 3.26464 575 0.0788695 1.0907 
59700 40 3.27065 568 0.0783806 1.09026 
59800 38 3.27425 577 0.0792265 1.09071 
59900 41 3.31704 606 0.0857169 1.09894 
60000 45 3.33244 592 0.0878217 1.101 
60100 44 3.34277 604 0.091843 1.10525 
60200 43 3.35881 644 0.0954257 1.10976 
60300 45 3.36502 645 0.0960462 1.1107 
60400 43 3.38741 664 0.0991403 1.11473 
60500 42 3.38255 649 0.100693 1.11556 
60600 41 3.38815 632 0.102395 1.1172 
60700 43 3.39419 647 0.102742 1.11731 
60800 44 3.39175 647 0.101409 1.11661 
60900 44 3.40738 695 0.103512 1.1187 
61000 46 3.40375 671 0.101973 1.1177 
61100 46 3.40787 691 0.10334 1.11883 
61200 45 3.42792 695 0.107233 1.1234 
61300 47 3.45494 718 0.110364 1.12689 
61400 45 3.47825 718 0.115128 1.13214 
61500 45 3.49324 737 0.119795 1.13848 
61600 47 3.49134 741 0.120486 1.13927 
61700 46 3.48923 734 0.120113 1.1383 
61800 46 3.48443 727 0.122102 1.14009 
61900 46 3.47234 707 0.120469 1.13798 
62000 43 3.47361 733 0.123017 1.1424 
62100 44 3.46546 738 0.12266 1.14201 
62200 48 3.46903 771 0.123798 1.14236 
62300 43 3.46458 752 0.124896 1.14411 
62400 43 3.47241 767 0.127158 1.14716 
62500 43 3.47262 792 0.128335 1.14831 
62600 46 3.49601 826 0.133537 1.15474 
62700 42 3.49442 818 0.136736 1.15748 
62800 45 3.51261 803 0.142861 1.16526 
62900 46 3.51077 818 0.14698 1.17021 
63000 47 3.51551 808 0.150421 1.17381 
63100 46 3.52134 838 0.153823 1.17869 
63200 43 3.52027 839 0.156989 1.18221 
63300 45 3.53219 868 0.160022 1.18597 
63400 48 3.52922 897 0.16285 1.18972 
63500 45 3.52872 888 0.1657 1.19288 
63600 48 3.52535 879 0.16958 1.19685 
63700 49 3.53506 888 0.173765 1.20136 
63800 51 3.5492 943 0.182419 1.21168 
63900 52 3.55163 943 0.186269 1.21622 
64000 50 3.55859 952 0.192619 1.22343 
64100 51 3.55656 969 0.200407 1.23192 
64200 52 3.55872 1003 0.203692 1.23648 
64300 53 3.55429 999 0.206609 1.23981 
64400 54 3.55184 1002 0.211716 1.24665 
64500 51 3.53856 1043 0.215479 1.25095 
64600 51 3.52806 1043 0.21894 1.25565 
64700 51 3.51988 1070 0.224317 1.26306 
64800 51 3.49133 1063 0.225146 1.26398 
64900 51 3.46596 1027 0.225717 1.26494 
65000 54 3.45057 1033 0.229817 1.27001 
65100 58 3.45466 1041 0.232456 1.27317 
65200 59 3.44167 1037 0.233333 1.27518 
65300 59 3.43217 1070 0.237537 1.2807 
65400 60 3.43721 1107 0.241295 1.28574 
65500 61 3.42382 1107 0.240612 1.2854 
65600 61 3.43197 1138 0.246273 1.29226 
65700 61 3.40624 1143 0.249812 1.2968 
65800 58 3.38765 1148 0.250575 1.29802 
65900 59 3.36957 1168 0.250398 1.2988 
66000 56 3.36486 1171 0.251894 1.30029 
66100 54 3.35573 1164 0.254122 1.30288 
66200 55 3.3523 1179 0.259263 1.30753 
66300 56 3.35542 1204 0.257623 1.30596 
66400 59 3.37443 1253 0.260207 1.30967 
66500 60 3.39343 1281 0.26351 1.3145 
66600 59 3.39415 1267 0.261992 1.31337 
66700 58 3.38703 1296 0.262369 1.31394 
66800 59 3.39694 1310 0.268837 1.32181 
66900 62 3.40137 1330 0.272218 1.32586 
67000 61 3.3978 1361 0.276499 1.33125 
67100 63 3.40565 1343 0.277284 1.33149 
67200 62 3.39423 1351 0.277269 1.33125 
67300 62 3.40584 1357 0.281725 1.33673 
67400 62 3.39989 1389 0.282532 1.33853 
67500 62 3.39579 1393 0.281269 1.33742 
67600 63 3.39441 1409 0.28507 1.34152 
67700 65 3.40631 1431 0.28651 1.34398 
67800 64 3.39897 1411 0.285958 1.34265 
67900 62 3.4089 1442 0.288295 1.34612 
68000 62 3.40631 1441 0.286267 1.34356 
68100 62 3.41942 1475 0.285885 1.34287 
68200 61 3.41652 1484 0.287503 1.34487 
68300 61 3.42769 1493 0.281051 1.33877 
68400 61 3.42321 1519 0.273686 1.32893 
68500 60 3.40826 1486 0.268824 1.32301 
68600 58 3.40763 1504 0.261361 1.31321 
68700 57 3.40264 1491 0.25356 1.30418 
68800 56 3.40461 1491 0.246571 1.29606 
68900 59 3.40252 1481 0.242256 1.29157 
69000 60 3.40032 1471 0.237531 1.28662 
69100 60 3.38978 1480 0.232762 1.28086 
69200 61 3.39113 1487 0.229705 1.27716 
69300 61 3.40771 1510 0.231287 1.27916 
69400 62 3.42472 1568 0.234218 1.28292 
69500 62 3.40592 1546 0.229417 1.27701 
69600 60 3.3942 1559 0.225269 1.27225 
69700 57 3.37924 1542 0.224848 1.27083 
69800 58 3.36259 1555 0.220684 1.26607 
69900 58 3.34901 1550 0.217751 1.26148 
70000 55 3.33646 1524 0.215006 1.25808 
70100 59 3.33467 1543 0.214645 1.25822 
70200 61 3.32661 1529 0.217403 1.26172 
70300 58 3.32361 1583 0.217877 1.26192 
70400 57 3.33419 1591 0.221597 1.26671 
70500 58 3.32231 1575 0.221346 1.26648 
70600 57 3.35192 1619 0.227173 1.27296 
70700 58 3.34654 1607 0.227406 1.27384 
70800 59 3.35623 1621 0.229647 1.27665 
70900 60 3.37143 1639 0.231843 1.27883 
71000 61 3.37925 1679 0.23634 1.28503 
71100 60 3.37479 1686 0.237045 1.286 
71200 59 3.41171 1741 0.24545 1.29699 
71300 60 3.41448 1754 0.248423 1.30092 
71400 63 3.44251 1800 0.255192 1.30893 
71500 63 3.46211 1804 0.258095 1.31264 
71600 63 3.4777 1853 0.261785 1.31836 
71700 63 3.4915 1890 0.265752 1.32369 
71800 63 3.517 1866 0.269182 1.32831 
71900 62 3.52173 1900 0.273537 1.3337 
72000 61 3.53378 1884 0.275916 1.33687 
72100 62 3.54554 1937 0.277393 1.33938 
72200 63 3.55754 1998 0.279891 1.34293 
72300 65 3.58162 1989 0.282192 1.34676 
72400 66 3.60654 2031 0.287482 1.35357 
72500 68 3.62903 2033 0.288573 1.3555 
72600 69 3.65877 2048 0.293562 1.36093 
72700 67 3.68066 2069 0.295494 1.36448 
72800 70 3.68997 2104 0.298225 1.36831 
72900 71 3.69765 2119 0.302546 1.37464 
73000 72 3.72013 2171 0.306908 1.38062 
73100 73 3.73546 2190 0.308826 1.38233 
73200 73 3.74878 2212 0.311445 1.38605 
73300 72 3.76645 2267 0.315692 1.39167 
73400 72 3.77015 2239 0.316775 1.39295 
73500 75 3.79474 2207 0.321145 1.39881 
73600 77 3.82313 2277 0.325931 1.40563 
73700 79 3.82336 2284 0.325987 1.40452 
73800 76 3.85034 2363 0.329613 1.41121 
73900 78 3.85442 2348 0.330204 1.41174 
74000 78 3.85577 2334 0.330666 1.41224 
74100 76 3.87055 2296 0.332309 1.4148 
74200 78 3.88739 2269 0.334719 1.41748 
74300 77 3.91013 2330 0.337783 1.42258 
74400 77 3.92533 2333 0.339947 1.42576 
74500 79 3.94328 2375 0.343912 1.43088 
74600 79 3.95277 2416 0.347137 1.43496 
74700 75 3.96113 2429 0.351013 1.43999 
74800 74 3.97254 2516 0.353371 1.44328 
74900 72 3.97749 2479 0.355974 1.44653 
75000 73 3.99991 2522 0.359319 1.45056 
