-1 -1 -1 -1 1 -1 1 -1 2 2 2 2 -1 -1 -1 -1 -1 -1 2 -1 
2 2 -1 -1 -1 1 1 -1 -1 2 2 2 -1 2 -1 -1 -1 -1 2 2 
2 1 2 -1 2 -1 -1 -1 -1 -1 2 2 2 1 -1 -1 -1 -1 2 2 
2 1 1 2 1 2 -1 -1 -1 2 2 2 1 1 1 -1 -1 -1 -1 2 
-1 -1 1 1 -1 2 -1 -1 -1 -1 2 -1 -1 1 -1 -1 -1 -1 -1 -1 
-1 2 1 1 2 2 2 -1 -1 -1 -1 -1 1 1 -1 -1 -1 -1 -1 -1 
2 1 1 2 3 -1 2 -1 -1 -1 -1 -1 1 6 -1 -1 1 -1 -1 -1 
1 1 2 1 2 1 -1 3 -1 3 3 -1 -1 -1 -1 1 1 1 1 -1 
-1 1 2 -1 -1 3 3 -1 -1 -1 -1 3 2 3 -1 -1 -1 1 1 1 
-1 -1 -1 -1 3 1 1 -1 -1 -1 -1 2 3 -1 -1 -1 -1 1 -1 -1 
-1 -1 -1 -1 -1 -1 -1 -1 -1 -1 -1 -1 -1 2 -1 1 -1 1 1 -1 
-1 -1 -1 -1 1 -1 -1 -1 -1 -1 2 2 2 -1 -1 -1 1 1 1 -1 
-1 -1 -1 -1 -1 -1 -1 -1 2 2 2 2 -1 1 -1 -1 1 -1 -1 -1 
1 -1 -1 -1 -1 -1 -1 2 2 2 2 2 1 -1 -1 -1 -1 -1 -1 -1 
1 1 -1 -1 3 -1 2 2 2 2 2 2 -1 2 2 -1 -1 -1 -1 1 
1 -1 -1 3 -1 2 2 2 2 2 2 2 2 2 2 -1 -1 -1 1 1 
-1 -1 2 -1 3 -1 2 -1 3 2 2 2 2 2 2 -1 -1 1 -1 1 
-1 -1 -1 -1 -1 2 -1 2 2 9 2 2 2 2 -1 -1 1 1 1 -1 
-1 -1 -1 -1 -1 1 2 2 2 2 2 2 2 -1 2 1 1 1 2 -1 
-1 -1 -1 -1 1 1 2 2 2 2 2 2 -1 -1 -1 -1 -1 -1 -1 2 
1 1 1 2 1 1 -1 -1 2 -1 1 1 -1 1 -1 -1 -1 -1 -1 1 
-1 1 2 2 2 1 2 2 -1 2 -1 1 -1 1 1 -1 -1 -1 -1 -1 
-1 -1 -1 -1 1 2 1 2 3 2 1 1 1 6 -1 -1 -1 -1 -1 -1 
-1 -1 1 1 2 1 2 1 3 1 1 1 6 6 6 -1 -1 -1 -1 -1 
-1 2 2 1 1 3 -1 2 1 2 3 -1 6 1 6 -1 -1 -1 -1 -1 
-1 -1 -1 2 2 -1 -1 2 2 2 -1 -1 -1 -1 -1 2 1 2 -1 -1 
2 2 -1 -1 1 -1 -1 -1 2 2 -1 -1 -1 -1 -1 -1 2 1 -1 -1 
-1 1 1 1 -1 1 -1 3 3 3 -1 -1 -1 -1 2 -1 2 2 1 -1 
-1 -1 1 1 1 1 3 -1 -1 -1 2 -1 -1 -1 -1 2 2 2 1 -1 
-1 1 1 1 1 1 -1 -1 1 2 1 -1 -1 -1 -1 -1 2 -1 1 1 
-1 -1 1 1 1 -1 -1 1 -1 1 -1 -1 -1 -1 -1 -1 -1 -1 1 -1 
-1 -1 -1 1 1 1 1 -1 1 -1 -1 1 -1 -1 -1 -1 -1 -1 -1 1 
2 -1 2 -1 3 3 1 -1 -1 -1 1 -1 1 -1 -1 -1 -1 -1 -1 -1 
2 -1 -1 -1 6 1 1 3 -1 -1 -1 1 1 -1 -1 -1 -1 -1 -1 -1 
-1 -1 6 6 6 3 3 1 3 -1 1 1 -1 -1 -1 -1 -1 2 2 -1 
-1 -1 6 6 6 1 1 3 1 1 1 1 1 -1 -1 -1 -1 2 -1 2 
2 -1 6 -1 6 2 3 -1 1 1 -1 1 1 -1 -1 -1 -1 -1 1 2 
1 -1 1 6 6 2 2 -1 -1 1 -1 -1 -1 -1 1 -1 -1 -1 1 1 
1 -1 1 -1 1 2 2 -1 2 1 -1 -1 -1 1 1 -1 -1 -1 1 1 
-1 -1 2 -1 1 1 1 -1 2 2 -1 -1 -1 -1 -1 -1 -1 -1 -1 1 
-1 -1 1 -1 -1 -1 -1 1 1 -1 1 1 1 1 6 3 6 2 6 2 
3 -1 -1 -1 -1 -1 -1 1 -1 1 -1 1 1 1 3 6 6 6 6 3 
3 3 -1 1 -1 -1 1 -1 -1 1 1 1 -1 -1 6 6 6 6 6 2 
1 3 1 1 1 -1 -1 1 1 -1 1 1 1 6 6 6 6 6 6 2 
1 3 1 1 1 1 -1 1 1 -1 -1 -1 -1 6 6 6 2 2 3 -1 
1 1 1 -1 -1 -1 4 -1 1 -1 -1 3 6 6 2 3 2 3 -1 1 
1 1 -1 1 1 1 -1 -1 -1 -1 -1 3 -1 2 -1 6 3 3 -1 3 
-1 1 -1 -1 -1 -1 -1 -1 2 -1 3 3 2 2 2 2 2 2 -1 3 
2 2 1 -1 1 1 1 -1 -1 -1 2 2 3 2 -1 -1 2 2 -1 -1 
3 2 -1 -1 -1 1 1 -1 -1 -1 2 2 -1 -1 -1 3 2 2 2 2 
3 -1 1 1 1 1 1 1 -1 -1 -1 -1 -1 -1 2 2 2 2 2 2 
3 -1 -1 -1 -1 1 1 -1 1 -1 -1 2 2 -1 -1 2 -1 2 2 3 
3 -1 -1 -1 -1 1 1 -1 -1 -1 4 -1 -1 2 2 -1 3 2 3 -1 
3 3 3 -1 -1 -1 -1 -1 -1 -1 4 4 -1 2 1 2 3 -1 -1 3 
-1 3 -1 -1 -1 -1 -1 -1 -1 3 -1 -1 -1 -1 1 1 2 -1 -1 3 
-1 -1 -1 -1 1 1 1 -1 -1 -1 3 3 2 1 -1 -1 6 6 -1 -1 
-1 -1 -1 -1 -1 1 1 4 4 3 4 2 1 1 -1 6 6 6 6 -1 
-1 -1 -1 -1 -1 -1 4 4 -1 4 4 -1 6 6 6 6 6 2 -1 -1 
-1 -1 -1 -1 -1 -1 -1 -1 -1 -1 4 4 -1 6 6 6 -1 2 2 -1 
-1 -1 -1 -1 -1 -1 -1 -1 -1 -1 1 1 -1 1 6 6 6 6 3 2 
1 3 3 1 1 -1 -1 -1 -1 -1 3 -1 2 2 2 2 1 1 -1 3 
1 3 1 -1 -1 -1 -1 -1 2 2 -1 2 3 3 2 -1 -1 1 3 -1 
3 1 -1 -1 -1 -1 -1 2 -1 -1 -1 2 3 3 2 -1 1 -1 -1 3 
1 1 -1 1 -1 2 2 -1 2 -1 -1 2 2 3 3 -1 -1 3 3 3 
-1 1 1 1 2 2 2 2 2 -1 -1 3 2 3 3 -1 3 3 3 -1 
-1 -1 -1 1 8 2 2 2 -1 -1 2 -1 3 3 3 3 3 3 3 3 
-1 1 1 1 1 1 2 -1 -1 -1 -1 3 3 3 3 3 3 3 3 1 
1 -1 -1 1 -1 1 -1 -1 -1 -1 2 1 3 3 3 3 3 -1 1 -1 
-1 -1 1 1 -1 2 1 1 2 -1 -1 1 1 2 3 3 1 1 1 1 
-1 -1 -1 -1 3 2 3 2 3 -1 -1 1 1 -1 2 3 1 1 1 1 
-1 -1 -1 2 3 2 3 3 3 -1 -1 -1 1 1 1 -1 4 -1 1 1 
-1 -1 2 2 3 -1 -1 3 3 1 1 1 1 1 -1 5 5 1 -1 1 
4 -1 -1 3 2 -1 -1 -1 -1 -1 1 -1 -1 -1 -1 5 4 4 4 4 
-1 -1 -1 3 2 3 -1 -1 -1 1 1 1 -1 -1 2 2 4 4 4 4 
-1 1 -1 -1 -1 -1 3 -1 -1 -1 1 1 1 2 2 3 4 4 -1 -1 
1 -1 -1 -1 -1 -1 -1 -1 -1 1 1 1 2 2 1 1 1 1 4 -1 
1 1 2 1 1 -1 -1 1 -1 1 1 1 2 2 1 1 1 -1 -1 1 
1 2 -1 1 -1 1 1 -1 1 1 2 2 2 1 1 1 -1 -1 1 1 
1 1 1 1 -1 -1 -1 1 1 1 2 2 -1 1 1 1 1 1 1 1 
1 3 1 1 1 1 -1 -1 -1 2 2 3 2 2 2 2 1 1 1 3 
-1 2 -1 1 1 1 2 1 1 -1 3 1 2 1 3 2 2 2 2 2 
2 2 2 1 1 1 1 1 1 1 -1 1 1 2 3 1 2 1 2 2 
-1 2 -1 1 1 1 1 1 1 -1 -1 -1 1 1 1 1 -1 2 2 -1 
-1 3 -1 1 1 1 1 -1 -1 -1 -1 1 1 -1 -1 -1 -1 -1 3 -1 
3 -1 -1 1 1 -1 1 1 -1 -1 -1 -1 8 -1 -1 -1 -1 -1 -1 3 
3 -1 -1 2 -1 -1 -1 -1 -1 -1 -1 8 8 -1 -1 -1 -1 -1 -1 2 
-1 -1 -1 -1 2 2 -1 -1 -1 -1 -1 2 3 8 -1 -1 -1 -1 -1 -1 
-1 -1 3 3 -1 -1 2 -1 -1 -1 2 2 3 -1 -1 -1 -1 -1 -1 -1 
-1 3 2 -1 -1 -1 -1 2 -1 2 2 2 6 1 -1 2 2 -1 -1 -1 
3 3 2 2 -1 -1 -1 -1 2 2 3 3 3 1 1 2 -1 -1 2 -1 
3 2 2 3 1 -1 -1 2 -1 3 3 2 2 1 -1 2 2 2 2 -1 
3 -1 2 3 -1 1 1 1 1 -1 3 3 2 2 2 -1 2 2 2 3 
3 2 3 3 -1 -1 1 1 1 2 -1 3 -1 -1 2 -1 2 2 2 -1 
-1 2 2 2 1 1 1 2 -1 -1 -1 -1 -1 -1 -1 2 2 2 1 -1 
-1 1 1 -1 1 1 -1 3 2 -1 -1 -1 -1 -1 -1 2 1 1 1 -1 
-1 2 -1 1 1 1 1 2 -1 -1 -1 2 -1 -1 1 1 1 1 1 -1 
2 2 -1 1 2 2 2 2 2 2 2 3 3 -1 1 1 1 -1 1 1 
1 -1 2 2 2 1 1 1 -1 -1 3 3 2 3 2 -1 -1 2 -1 -1 
2 -1 -1 2 1 1 2 2 1 -1 3 3 3 3 2 -1 -1 2 2 2 
2 -1 -1 2 1 1 1 1 -1 2 2 3 2 3 1 -1 2 -1 2 2 
-1 -1 -1 1 1 -1 1 -1 -1 1 1 -1 -1 -1 1 1 2 1 2 -1 
-1 -1 2 1 1 1 -1 -1 1 -1 1 -1 1 1 1 1 1 2 2 -1 
2 -1 2 2 -1 -1 -1 1 1 -1 -1 1 1 1 -1 -1 -1 2 2 2 
2 2 2 1 2 2 -1 1 -1 -1 -1 1 1 1 1 -1 -1 2 2 2 
2 -1 1 1 1 1 -1 -1 8 2 8 -1 -1 1 2 1 2 3 2 2 
1 1 1 1 1 1 1 1 8 2 2 -1 -1 2 2 3 3 3 1 1 
1 1 1 1 1 -1 -1 -1 -1 2 2 2 2 -1 2 -1 -1 3 3 1 
2 1 1 1 -1 -1 1 -1 -1 2 -1 -1 2 2 -1 -1 -1 -1 1 -1 
-1 1 -1 1 1 1 1 1 -1 -1 -1 2 2 2 -1 -1 -1 2 1 2 
2 1 1 -1 -1 -1 1 -1 -1 -1 2 2 2 -1 -1 -1 2 2 2 1 
2 2 -1 1 1 1 1 2 -1 -1 2 -1 2 -1 2 -1 2 2 1 1 
1 1 1 1 -1 -1 1 2 -1 2 -1 2 -1 2 -1 2 -1 -1 -1 1 
1 1 1 1 -1 -1 -1 -1 2 -1 -1 -1 -1 -1 2 2 -1 -1 -1 -1 
1 1 1 -1 -1 -1 1 2 1 -1 -1 1 -1 -1 2 2 2 -1 2 -1 
-1 1 -1 -1 1 -1 -1 -1 1 2 -1 1 -1 -1 2 2 2 2 -1 -1 
-1 -1 -1 1 1 1 -1 -1 2 2 1 1 2 1 -1 2 -1 -1 -1 -1 
2 2 1 -1 1 1 -1 -1 2 1 1 -1 2 1 1 2 2 2 -1 2 
2 2 2 1 1 1 -1 -1 2 2 -1 2 2 2 1 1 3 3 2 2 
2 1 1 1 1 1 1 -1 2 1 -1 -1 2 1 1 1 1 1 1 2 
-1 -1 -1 1 1 1 1 -1 1 2 1 1 1 1 1 1 1 1 1 2 
2 2 2 2 1 1 1 1 2 -1 -1 2 2 1 1 1 -1 1 1 3 
2 2 2 2 1 1 2 -1 2 2 2 -1 1 1 1 -1 2 -1 1 2 
-1 2 2 2 2 2 2 2 -1 -1 2 2 2 2 -1 2 1 1 1 1 
-1 -1 2 2 2 2 2 2 2 2 2 2 2 2 2 2 2 2 1 1 
1 1 2 -1 2 2 -1 2 2 2 -1 2 2 2 -1 -1 1 1 1 1 
-1 2 2 2 -1 -1 2 2 2 2 1 -1 2 2 2 1 1 1 1 1 
1 2 2 2 2 2 2 -1 -1 -1 -1 1 -1 -1 1 2 1 1 1 1 
1 1 2 1 -1 1 2 -1 -1 -1 1 -1 -1 -1 -1 1 1 1 1 1 
1 1 1 2 1 1 1 -1 -1 -1 -1 -1 -1 1 1 1 1 1 1 1 
2 2 1 1 1 1 1 -1 -1 -1 -1 -1 -1 -1 1 1 2 1 1 1 
-1 1 1 1 1 1 1 1 1 1 1 -1 -1 -1 -1 1 2 2 1 2 
-1 2 2 2 1 1 1 -1 1 1 1 2 -1 1 1 1 2 2 -1 -1 
2 1 1 2 2 1 1 2 2 2 2 1 1 2 1 1 2 2 2 2 
1 -1 2 2 -1 2 1 -1 1 2 1 1 1 1 1 1 -1 2 2 2 
1 -1 2 1 1 2 1 1 2 1 1 1 1 1 1 -1 -1 2 2 -1 
-1 -1 2 1 2 -1 2 1 2 1 1 1 1 1 -1 -1 -1 -1 2 -1 
1 2 1 2 2 1 2 2 2 2 1 1 -1 -1 1 2 -1 -1 -1 2 
3 1 1 1 2 -1 2 2 -1 1 1 1 2 1 2 2 2 -1 3 1 
-1 3 -1 1 1 -1 -1 -1 -1 2 2 2 2 -1 1 2 -1 -1 3 1 
3 -1 -1 2 2 1 -1 2 2 2 2 2 1 1 -1 1 2 2 -1 -1 
1 1 -1 1 -1 1 1 1 1 1 1 1 1 1 2 2 1 1 1 1 
1 2 1 2 -1 2 1 -1 -1 1 -1 1 1 1 2 2 -1 2 -1 1 
1 2 2 2 2 -1 2 1 1 1 1 1 1 -1 2 2 2 2 2 2 
2 2 2 2 -1 2 2 1 1 -1 1 1 1 -1 -1 2 2 2 2 1 
2 2 2 2 2 -1 2 1 1 1 -1 -1 -1 -1 2 2 2 2 2 -1 
1 2 -1 2 2 1 1 2 2 1 -1 -1 -1 -1 1 -1 -1 2 2 2 
-1 1 1 2 2 2 2 2 1 1 -1 1 -1 -1 2 1 1 1 2 2 
2 1 1 1 1 2 -1 -1 2 1 -1 1 2 2 -1 1 1 1 2 -1 
2 2 1 1 1 1 2 2 -1 1 -1 1 2 2 1 -1 1 1 1 2 
2 -1 1 1 1 2 2 2 -1 -1 1 1 2 2 2 -1 2 1 -1 -1 
1 1 1 1 -1 -1 -1 2 2 2 -1 2 1 2 2 2 2 2 2 2 
-1 1 1 1 -1 2 2 2 2 2 -1 2 2 -1 2 2 2 -1 2 2 
1 1 1 1 2 2 2 2 2 2 2 -1 -1 2 2 2 2 2 2 1 
-1 1 1 -1 2 2 2 2 2 1 2 -1 -1 -1 1 2 2 -1 2 1 
-1 1 1 1 1 2 2 2 1 1 -1 -1 -1 -1 1 -1 -1 1 2 2 
4 -1 1 1 1 2 -1 2 2 2 1 2 -1 1 1 1 -1 -1 2 2 
1 4 4 1 1 2 2 2 2 1 -1 2 -1 -1 1 1 2 2 -1 -1 
1 8 8 -1 1 1 -1 1 1 1 -1 -1 1 1 1 1 2 -1 -1 -1 
-1 -1 8 -1 1 -1 1 1 1 1 1 1 1 1 -1 2 2 -1 2 -1 
1 1 -1 -1 1 1 1 1 1 1 2 1 1 2 2 2 2 1 2 1 
1 2 2 2 -1 -1 1 -1 -1 -1 1 -1 1 1 1 1 1 1 1 1 
-1 2 2 -1 -1 -1 -1 1 -1 -1 1 1 1 1 1 1 1 1 1 1 
-1 2 -1 -1 -1 -1 -1 2 2 -1 1 1 1 1 1 1 1 1 1 1 
1 -1 -1 -1 -1 -1 -1 2 -1 -1 -1 1 1 1 1 1 1 1 1 -1 
1 -1 2 1 -1 -1 2 2 -1 1 2 2 1 1 1 -1 1 1 1 1 
1 2 3 3 1 -1 2 -1 2 1 2 1 1 1 1 -1 -1 1 1 1 
1 1 3 -1 3 -1 1 3 3 -1 1 1 1 1 1 -1 2 2 2 1 
1 1 -1 3 3 1 2 2 3 -1 1 -1 -1 1 1 -1 -1 2 2 2 
1 1 1 1 1 -1 3 2 2 -1 -1 1 1 2 1 -1 -1 1 -1 2 
-1 -1 2 2 1 1 3 2 -1 -1 2 2 1 1 1 -1 -1 -1 1 1 
-1 1 -1 2 3 3 2 2 -1 -1 2 1 1 -1 1 1 1 -1 -1 2 
1 1 3 2 2 -1 2 2 2 1 2 1 -1 -1 -1 1 1 -1 2 2 
1 1 1 2 2 2 2 2 2 2 1 2 -1 -1 -1 1 -1 2 2 1 
1 1 2 2 2 -1 2 2 2 -1 2 2 -1 -1 2 2 -1 1 2 1 
1 1 2 2 1 2 -1 -1 -1 2 -1 -1 -1 -1 2 2 1 1 1 1 
1 1 2 2 -1 2 2 -1 2 -1 -1 1 1 -1 2 2 1 1 1 1 
-1 1 -1 -1 2 2 2 -1 2 2 -1 1 1 2 -1 -1 1 2 1 2 
2 2 2 2 -1 -1 -1 -1 2 -1 -1 1 1 2 1 1 2 1 2 2 
2 -1 -1 2 -1 -1 -1 -1 -1 -1 -1 1 1 1 1 1 1 1 2 2 
2 1 -1 2 -1 -1 -1 -1 -1 -1 -1 -1 1 1 1 1 1 1 2 2 
-1 -1 3 3 -1 -1 -1 -1 -1 -1 -1 -1 -1 -1 -1 -1 1 1 -1 -1 
-1 -1 3 3 -1 -1 -1 -1 -1 -1 -1 -1 -1 -1 -1 1 1 1 1 -1 
-1 -1 -1 -1 -1 1 1 -1 -1 1 1 -1 -1 -1 1 1 1 -1 -1 -1 
-1 -1 -1 -1 -1 -1 1 -1 -1 1 -1 -1 -1 1 1 -1 -1 -1 -1 -1 
-1 -1 -1 -1 -1 1 -1 1 1 1 -1 1 1 1 1 1 -1 1 -1 1 
-1 -1 -1 -1 -1 -1 1 -1 -1 1 1 -1 1 2 1 1 1 1 1 -1 
-1 -1 -1 -1 -1 -1 1 1 1 1 1 -1 -1 2 -1 -1 1 1 1 1 
-1 3 3 -1 -1 -1 1 1 -1 -1 1 -1 1 1 1 1 1 1 1 1 
3 3 -1 3 3 -1 -1 -1 -1 2 2 -1 1 1 1 1 1 1 3 -1 
2 -1 -1 3 -1 -1 -1 -1 -1 -1 2 -1 -1 -1 1 2 2 1 2 2 
-1 -1 -1 3 3 -1 -1 -1 2 2 -1 -1 -1 -1 2 2 1 1 2 -1 
-1 2 -1 3 3 2 2 -1 2 -1 -1 2 -1 -1 -1 2 2 2 2 2 
2 2 2 2 3 2 2 2 -1 -1 -1 1 2 2 2 2 2 2 -1 -1 
-1 -1 2 2 -1 -1 2 -1 -1 -1 -1 -1 -1 2 2 2 2 2 -1 2 
-1 -1 -1 -1 -1 -1 -1 2 -1 1 1 -1 -1 2 2 2 -1 -1 1 2 
1 -1 -1 -1 1 -1 -1 -1 -1 -1 -1 1 1 1 -1 2 -1 1 2 1 
1 1 1 1 -1 -1 -1 2 -1 -1 1 1 -1 2 2 2 -1 2 1 1 
-1 1 1 -1 -1 -1 2 2 -1 1 1 1 1 1 2 -1 -1 -1 1 1 
-1 1 -1 -1 -1 -1 2 2 -1 2 -1 1 2 2 2 -1 -1 -1 -1 1 
-1 -1 -1 -1 -1 -1 1 -1 2 -1 -1 -1 -1 -1 -1 -1 -1 -1 -1 -1 
-1 1 1 1 1 1 1 1 1 1 -1 1 -1 -1 -1 -1 -1 -1 -1 -1 
1 1 1 1 1 1 1 1 1 1 -1 -1 -1 -1 -1 -1 -1 -1 -1 1 
1 1 1 1 1 1 1 2 1 1 -1 -1 -1 -1 -1 -1 -1 -1 1 1 
1 1 1 1 1 1 1 2 2 -1 1 1 -1 -1 -1 -1 -1 1 1 1 
1 1 1 1 1 1 1 1 1 1 1 1 -1 1 1 -1 1 -1 1 1 
1 1 1 1 1 1 1 1 1 -1 -1 1 -1 -1 1 1 -1 1 1 1 
1 1 1 1 1 1 1 1 1 -1 -1 -1 -1 1 1 1 2 1 1 1 
1 1 1 1 1 1 1 1 -1 -1 -1 -1 -1 -1 1 1 2 1 1 -1 
-1 1 1 -1 1 -1 1 1 1 -1 -1 -1 -1 -1 1 1 -1 -1 -1 -1 
-1 1 -1 -1 -1 -1 -1 -1 -1 -1 -1 -1 -1 -1 -1 1 -1 -1 -1 -1 
-1 -1 -1 -1 1 1 -1 -1 -1 -1 -1 -1 -1 -1 -1 -1 -1 -1 -1 -1 
1 -1 -1 -1 1 1 -1 -1 -1 -1 -1 -1 -1 -1 -1 -1 -1 -1 -1 1 
1 -1 1 1 1 1 -1 -1 -1 -1 -1 -1 -1 -1 -1 -1 -1 1 -1 1 
1 1 1 1 1 1 -1 -1 -1 -1 -1 -1 -1 -1 -1 -1 -1 -1 1 1 
1 1 1 1 1 -1 1 -1 -1 -1 -1 -1 -1 -1 -1 -1 -1 1 -1 1 
1 1 1 1 1 -1 1 1 -1 -1 -1 -1 -1 -1 -1 -1 -1 1 1 1 
1 1 1 1 1 1 1 -1 -1 -1 -1 -1 -1 -1 -1 -1 -1 -1 1 1 
1 1 1 1 1 1 -1 1 2 -1 1 1 -1 -1 -1 -1 -1 -1 1 1 
-1 1 1 1 1 1 1 1 2 2 -1 1 -1 -1 -1 -1 -1 -1 -1 -1 
-1 1 1 1 1 1 1 1 1 1 1 -1 -1 -1 -1 -1 -1 -1 -1 -1 
1 -1 1 1 1 1 1 1 1 1 -1 -1 -1 -1 -1 -1 -1 -1 1 1 
1 -1 -1 -1 1 -1 1 1 1 -1 -1 -1 -1 -1 -1 -1 -1 1 1 1 
1 -1 -1 1 1 1 1 -1 -1 -1 -1 -1 1 -1 -1 -1 -1 -1 1 -1 
-1 1 -1 -1 1 1 1 1 1 -1 -1 -1 -1 1 1 -1 -1 -1 -1 1 
-1 -1 1 1 -1 1 1 1 -1 -1 -1 -1 -1 -1 1 -1 -1 1 -1 -1 
-1 -1 1 1 1 1 1 1 1 1 -1 -1 -1 -1 1 -1 1 -1 -1 -1 
-1 1 1 1 1 1 1 -1 1 1 1 3 -1 1 1 1 -1 1 1 1 
-1 1 1 1 1 1 1 -1 -1 1 -1 1 1 1 -1 1 -1 -1 1 -1 
-1 -1 -1 1 1 1 1 -1 -1 1 1 1 1 -1 -1 -1 -1 -1 -1 -1 
-1 -1 -1 1 -1 1 1 -1 -1 1 1 1 1 -1 -1 -1 -1 -1 -1 -1 
-1 -1 -1 -1 -1 -1 -1 -1 1 1 1 1 1 -1 -1 -1 -1 -1 -1 -1 
-1 -1 -1 -1 -1 -1 -1 -1 -1 -1 1 1 1 -1 -1 -1 -1 -1 -1 -1 
-1 -1 -1 -1 -1 -1 -1 -1 -1 1 1 1 -1 1 1 -1 -1 -1 -1 -1 
-1 -1 -1 -1 -1 -1 -1 -1 -1 1 1 1 1 1 1 1 -1 -1 1 -1 
-1 -1 -1 -1 -1 -1 3 -1 -1 -1 1 1 1 1 1 1 1 -1 -1 -1 
-1 -1 -1 -1 -1 1 -1 -1 -1 -1 -1 1 1 1 -1 1 -1 -1 -1 -1 
-1 -1 -1 -1 -1 1 -1 -1 -1 -1 1 1 -1 -1 1 -1 -1 -1 1 1 
-1 -1 -1 -1 -1 1 -1 -1 -1 -1 -1 1 -1 -1 1 -1 -1 -1 -1 1 
-1 -1 -1 -1 1 1 1 -1 -1 -1 -1 -1 1 1 -1 1 1 -1 -1 1 
1 1 1 -1 -1 1 1 1 1 1 -1 -1 -1 -1 -1 -1 -1 -1 -1 -1 
-1 -1 -1 -1 1 -1 -1 1 1 1 1 1 -1 -1 -1 -1 -1 -1 -1 1 
-1 -1 -1 -1 -1 -1 -1 -1 1 1 -1 1 -1 -1 -1 -1 -1 -1 1 -1 
-1 -1 -1 -1 -1 -1 -1 -1 1 1 1 1 1 1 -1 -1 -1 -1 -1 -1 
-1 -1 -1 -1 -1 -1 -1 -1 1 -1 1 -1 1 -1 -1 -1 -1 -1 -1 -1 
3 -1 -1 -1 -1 -1 -1 -1 -1 -1 1 1 1 -1 -1 -1 -1 3 3 -1 
3 1 -1 -1 -1 -1 -1 -1 -1 -1 1 1 1 1 -1 -1 -1 3 3 3 
3 3 -1 -1 1 -1 -1 -1 -1 -1 1 1 1 1 -1 -1 3 3 3 3 
3 -1 -1 -1 -1 -1 -1 -1 -1 1 1 1 1 -1 -1 -1 -1 -1 -1 -1 
-1 -1 -1 -1 -1 -1 -1 -1 1 1 1 1 -1 -1 -1 -1 -1 -1 -1 -1 
-1 -1 -1 -1 -1 -1 -1 -1 -1 -1 1 1 -1 -1 -1 -1 -1 -1 -1 -1 
-1 -1 -1 -1 -1 -1 -1 -1 1 1 1 1 -1 -1 -1 -1 -1 -1 -1 -1 
-1 -1 -1 -1 -1 -1 -1 -1 -1 1 -1 -1 -1 -1 -1 -1 1 -1 -1 -1 
-1 -1 -1 -1 -1 -1 -1 -1 -1 -1 -1 -1 -1 -1 1 -1 1 -1 -1 -1 
-1 -1 -1 -1 -1 -1 -1 1 1 1 1 -1 -1 1 -1 1 -1 1 -1 -1 
-1 -1 -1 -1 -1 -1 -1 -1 1 1 -1 1 -1 1 1 -1 -1 -1 -1 -1 
-1 -1 -1 -1 -1 -1 -1 -1 1 -1 -1 1 1 1 -1 1 -1 -1 -1 -1 
-1 -1 -1 -1 -1 -1 -1 -1 -1 1 1 1 1 -1 -1 -1 -1 -1 -1 -1 
-1 -1 -1 -1 -1 1 -1 1 1 -1 1 1 1 -1 -1 -1 -1 -1 -1 -1 
-1 -1 1 1 -1 -1 1 1 -1 -1 1 -1 -1 -1 -1 -1 -1 -1 -1 -1 
-1 -1 -1 1 1 -1 1 -1 1 -1 1 -1 -1 -1 -1 -1 -1 -1 -1 -1 
-1 -1 -1 1 -1 -1 2 -1 3 3 1 -1 -1 -1 -1 1 1 1 -1 -1 
-1 -1 -1 -1 -1 -1 -1 -1 -1 1 1 2 1 -1 -1 1 1 -1 -1 -1 
-1 -1 -1 1 1 1 -1 -1 -1 1 1 2 2 1 -1 1 1 -1 -1 -1 
-1 -1 -1 -1 1 1 1 1 -1 -1 1 -1 -1 -1 1 1 1 -1 -1 -1 
-1 -1 -1 -1 -1 1 -1 -1 1 2 1 1 1 1 1 -1 -1 -1 -1 -1 
1 -1 -1 2 -1 2 2 -1 1 1 2 1 1 1 1 1 -1 -1 -1 -1 
1 1 1 2 2 2 -1 2 1 2 -1 -1 1 1 1 1 1 1 -1 1 
1 1 2 2 2 2 2 2 2 -1 -1 -1 -1 1 1 1 1 1 -1 1 
1 -1 -1 2 -1 2 2 2 2 -1 -1 -1 -1 -1 1 1 -1 1 1 -1 
-1 -1 -1 2 2 2 1 1 1 -1 -1 -1 -1 -1 2 1 -1 -1 -1 -1 
-1 -1 2 2 2 -1 -1 -1 1 1 1 -1 2 2 2 1 -1 -1 -1 1 
1 -1 -1 -1 -1 -1 -1 1 1 1 2 2 -1 2 2 1 1 1 1 -1 
-1 -1 -1 -1 -1 -1 -1 1 1 1 1 2 2 -1 1 1 1 1 1 1 
-1 -1 -1 -1 -1 -1 -1 -1 -1 2 2 1 2 2 -1 1 1 1 1 1 
-1 1 -1 -1 -1 -1 -1 -1 -1 2 2 2 -1 -1 8 -1 1 1 -1 -1 
-1 -1 -1 -1 -1 -1 2 2 2 -1 2 2 2 8 2 2 1 -1 1 1 
-1 -1 -1 -1 -1 -1 2 2 3 3 3 2 2 -1 2 2 -1 1 1 -1 
-1 -1 -1 -1 -1 -1 2 2 3 3 3 2 -1 2 2 2 1 1 1 -1 
-1 -1 -1 1 2 2 2 3 1 2 2 3 2 -1 2 2 1 1 1 1 
1 -1 1 -1 -1 -1 2 3 3 1 3 -1 -1 2 -1 1 1 -1 -1 1 
2 2 1 3 2 2 2 1 1 2 1 1 -1 1 -1 -1 -1 -1 1 2 
2 2 2 2 1 2 2 9 2 1 2 1 1 -1 -1 -1 -1 -1 -1 -1 
2 2 -1 2 2 1 2 -1 2 1 1 1 1 -1 1 -1 2 2 -1 2 
2 -1 2 2 2 1 3 3 2 2 1 -1 -1 -1 -1 -1 2 -1 2 2 
2 2 2 2 2 -1 2 2 2 -1 2 -1 -1 -1 -1 -1 2 2 -1 -1 
8 8 8 2 2 2 2 2 2 2 -1 2 -1 -1 -1 -1 2 2 2 8 
8 2 -1 2 2 2 2 2 -1 2 2 -1 1 -1 -1 -1 2 2 2 2 
2 2 2 2 2 2 2 2 2 4 2 2 1 -1 -1 -1 2 -1 2 2 
2 2 2 2 2 2 2 2 2 2 2 -1 2 1 -1 1 2 2 2 2 
2 2 2 2 2 2 2 2 -1 4 2 2 -1 2 1 1 2 2 2 2 
2 2 -1 2 2 2 2 1 2 2 2 2 2 2 2 2 2 2 2 2 
-1 -1 -1 2 2 2 -1 -1 2 2 -1 -1 2 -1 2 2 2 2 2 2 
2 2 2 2 2 2 -1 2 -1 2 2 2 2 -1 2 2 2 2 1 2 
2 2 2 2 2 -1 2 2 2 -1 1 2 2 2 2 -1 1 1 1 2 
2 2 2 2 -1 2 2 -1 -1 2 1 2 2 -1 -1 -1 1 -1 -1 -1 
2 2 2 2 2 2 -1 2 1 1 1 1 -1 -1 1 1 1 -1 -1 -1 
2 2 2 -1 2 2 2 2 -1 1 1 1 2 2 2 1 1 1 2 -1 
2 2 6 6 2 2 2 -1 2 1 1 1 1 2 2 2 -1 -1 2 2 
2 -1 2 2 2 2 -1 -1 1 1 1 1 -1 -1 2 2 -1 -1 1 1 
2 2 1 2 2 2 2 2 -1 2 2 1 -1 -1 -1 2 2 1 1 1 
1 2 2 -1 2 1 1 2 1 -1 2 2 1 1 1 1 1 1 1 1 
1 1 1 2 2 1 4 4 -1 -1 4 2 2 2 1 2 1 2 2 1 
2 1 1 1 1 2 4 4 4 4 2 2 1 2 2 2 -1 2 1 2 
2 1 1 1 2 2 -1 4 4 -1 -1 2 -1 2 2 2 2 -1 1 2 
-1 2 2 2 2 -1 4 4 4 2 2 -1 2 2 2 2 2 2 2 1 
2 2 -1 2 2 2 2 2 2 2 2 2 2 2 2 2 2 2 2 2 
2 2 2 -1 2 2 2 2 2 2 2 2 2 -1 2 2 2 2 -1 2 
-1 2 2 2 -1 2 2 2 2 2 2 2 2 2 -1 2 2 2 -1 2 
2 2 2 2 2 2 2 2 2 2 2 2 2 2 -1 2 1 1 2 2 
2 2 2 2 2 2 2 2 2 2 2 2 2 2 2 2 1 2 2 -1 
2 2 2 -1 2 2 -1 2 2 2 2 2 2 2 2 2 2 1 2 2 
2 2 2 2 2 2 2 2 2 2 2 2 2 2 2 2 2 2 1 2 
2 1 1 2 2 2 8 2 2 2 2 2 2 2 2 2 2 -1 2 1 
1 1 1 -1 2 2 2 8 2 2 2 2 2 2 -1 2 2 1 2 2 
1 2 2 1 2 1 1 1 8 2 2 2 2 1 -1 -1 1 1 2 1 
1 1 1 1 -1 2 1 -1 1 1 2 1 1 1 1 1 1 2 2 1 
2 1 2 2 2 2 2 2 1 2 1 1 1 2 -1 1 1 1 1 -1 
1 2 -1 1 2 -1 2 2 1 1 1 2 1 1 1 -1 1 2 2 2 
2 2 1 2 2 2 2 1 -1 1 1 -1 -1 1 2 1 1 2 2 2 
2 2 2 1 1 1 1 1 1 -1 1 1 1 1 1 1 -1 1 1 2 
4 4 4 -1 4 4 4 1 4 1 4 2 2 2 2 2 2 4 4 4 
2 2 4 4 -1 2 -1 2 2 4 4 2 2 -1 2 -1 4 4 4 4 
2 -1 2 4 2 2 2 2 4 4 -1 -1 2 2 1 -1 4 4 4 4 
2 2 2 2 2 2 4 2 2 2 2 -1 2 2 1 1 4 2 1 2 
2 2 2 2 2 4 4 4 2 2 2 2 2 2 1 -1 1 1 2 2 
-1 2 1 2 -1 4 4 4 4 2 2 2 1 1 1 1 1 1 1 1 
1 1 2 1 1 4 4 2 2 -1 2 2 2 2 1 1 1 1 1 2 
2 2 2 2 1 2 2 2 2 2 2 2 2 2 -1 1 1 1 1 2 
2 2 2 2 2 2 2 2 2 2 2 2 2 2 -1 -1 4 2 1 -1 
2 2 2 2 2 2 2 2 2 2 -1 2 2 2 2 4 4 2 1 2 
-1 -1 2 2 2 2 2 8 2 2 2 2 2 2 4 2 2 -1 2 2 
2 2 -1 2 2 2 8 8 2 2 2 2 2 1 1 -1 1 2 2 2 
1 2 2 2 2 2 -1 8 4 2 2 2 -1 2 1 1 1 2 2 2 
2 2 2 2 4 2 2 2 4 2 2 1 1 1 1 -1 1 2 2 2 
2 4 2 -1 2 -1 2 4 4 4 2 2 2 1 2 2 2 2 2 4 
2 2 2 4 4 4 4 2 4 2 2 2 1 1 1 2 2 4 4 -1 
2 2 -1 -1 4 4 4 6 6 2 2 6 1 1 2 2 2 2 1 2 
2 2 2 4 4 4 4 4 4 6 2 2 2 2 2 2 2 1 2 2 
-1 4 4 4 4 4 4 4 4 2 2 2 2 2 2 2 2 2 4 4 
4 -1 4 4 -1 4 4 4 4 -1 2 2 2 -1 2 2 2 4 4 4 
2 2 2 2 2 4 4 4 4 4 4 2 1 2 2 2 2 2 2 2 
-1 2 2 2 2 2 4 4 4 4 4 -1 2 2 2 2 2 2 2 2 
2 -1 -1 4 3 4 4 4 -1 4 2 4 2 2 -1 2 -1 2 2 2 
2 -1 3 2 4 4 4 4 4 -1 4 2 4 2 -1 2 2 2 2 2 
1 1 2 4 3 2 4 -1 2 -1 2 2 2 2 2 2 -1 2 -1 2 
1 1 2 2 1 2 -1 2 2 1 -1 2 2 2 2 2 2 -1 2 2 
2 1 1 1 1 2 2 -1 2 -1 2 2 2 2 2 2 2 2 2 2 
2 -1 -1 1 1 -1 4 -1 2 2 2 2 2 2 -1 2 1 1 1 -1 
2 2 4 1 -1 2 2 1 2 2 2 2 -1 1 2 1 1 2 1 2 
2 2 2 2 2 2 2 2 2 2 2 2 1 1 1 1 2 2 2 2 
2 2 2 2 2 4 2 -1 2 -1 2 -1 2 1 2 1 2 -1 -1 -1 
2 2 -1 4 4 4 -1 2 2 2 -1 2 2 2 1 2 1 2 -1 2 
2 2 2 -1 4 4 2 2 4 2 2 -1 2 2 2 -1 2 2 2 2 
2 2 2 -1 4 -1 4 2 4 4 -1 2 2 2 2 1 -1 2 2 2 
2 2 2 2 -1 4 4 4 4 4 2 -1 2 4 2 2 1 1 2 2 
2 2 4 2 4 4 4 4 4 4 4 2 4 2 -1 2 2 2 2 2 
2 2 2 4 2 2 4 -1 -1 4 4 4 2 2 -1 -1 2 2 2 2 
2 2 2 2 4 4 4 4 4 4 2 4 -1 2 2 1 2 2 2 2 
2 2 2 2 2 4 4 4 4 4 2 4 2 2 1 2 1 2 2 2 
2 2 2 4 4 -1 4 4 4 4 4 2 2 2 2 2 2 1 2 -1 
1 1 2 1 1 -1 -1 1 -1 -1 2 1 4 -1 4 2 2 -1 3 2 
-1 -1 1 2 2 1 2 -1 1 1 1 2 4 4 4 2 4 -1 1 1 
1 1 -1 -1 2 -1 2 2 -1 -1 1 1 2 2 4 -1 2 2 -1 2 
8 8 1 2 2 2 2 2 2 2 1 1 2 2 -1 2 2 2 2 -1 
-1 1 1 2 2 2 2 2 2 1 2 -1 1 2 -1 2 2 -1 -1 -1 
1 -1 -1 2 2 2 -1 2 2 1 2 2 2 2 -1 -1 -1 -1 1 1 
-1 2 -1 2 1 2 2 2 2 1 1 2 -1 2 -1 -1 -1 -1 1 1 
-1 -1 2 2 2 2 2 2 2 2 1 -1 2 -1 -1 -1 1 1 1 -1 
-1 2 -1 1 1 1 1 2 2 2 -1 1 -1 -1 -1 -1 -1 2 -1 2 
2 -1 2 -1 2 -1 1 1 1 2 -1 -1 -1 -1 -1 -1 2 2 -1 -1 
-1 2 2 2 -1 1 -1 2 1 -1 2 -1 -1 -1 -1 4 2 2 -1 -1 
2 2 -1 -1 -1 -1 -1 2 2 2 2 2 2 2 4 -1 2 -1 2 2 
2 2 -1 -1 -1 -1 -1 -1 -1 2 -1 2 1 4 4 4 -1 2 -1 2 
2 1 -1 -1 -1 -1 2 -1 2 2 2 1 1 2 -1 4 -1 2 -1 2 
1 2 -1 -1 1 -1 2 2 2 2 2 2 -1 1 1 -1 4 -1 1 -1 
2 2 2 2 2 1 1 1 1 2 2 -1 1 1 1 -1 1 -1 -1 2 
1 1 2 -1 -1 -1 1 1 2 2 2 1 -1 2 1 1 1 -1 2 2 
2 1 1 2 1 -1 -1 1 1 2 2 -1 -1 2 2 1 -1 2 1 1 
-1 1 -1 -1 1 1 1 -1 -1 2 2 2 2 2 2 2 2 -1 -1 1 
1 -1 -1 1 -1 -1 1 -1 2 2 2 2 2 4 4 2 -1 -1 3 2 
-1 1 2 -1 -1 -1 2 1 -1 1 1 2 2 -1 2 2 -1 -1 -1 1 
-1 1 -1 2 2 -1 2 2 1 1 2 2 2 2 2 2 -1 -1 2 -1 
-1 1 2 -1 8 2 1 1 1 2 2 2 2 2 -1 2 2 2 2 2 
2 2 1 8 2 8 2 1 2 2 2 -1 2 2 -1 2 2 2 -1 2 
2 2 9 2 2 2 -1 2 2 2 2 2 -1 2 2 2 2 2 2 2 
-1 -1 2 2 2 2 2 2 2 2 -1 2 1 -1 2 -1 2 2 -1 2 
-1 2 2 2 2 2 2 2 2 2 -1 2 1 -1 2 2 2 2 2 -1 
-1 2 -1 -1 2 2 2 2 2 2 2 -1 -1 -1 2 1 2 2 1 -1 
2 -1 -1 -1 -1 -1 -1 -1 2 2 2 -1 2 2 -1 1 2 -1 2 -1 
-1 -1 -1 -1 -1 -1 -1 1 1 -1 2 2 2 2 1 1 2 1 2 -1 
-1 -1 -1 -1 -1 -1 2 2 2 1 2 2 2 2 1 -1 1 2 -1 -1 
-1 -1 -1 -1 -1 -1 -1 2 2 -1 -1 2 1 -1 -1 1 1 1 -1 -1 
-1 -1 -1 -1 -1 -1 -1 2 2 -1 2 2 1 1 1 1 1 1 -1 -1 
1 -1 -1 1 -1 -1 -1 -1 -1 2 2 2 2 1 1 1 1 1 1 1 
-1 1 1 1 -1 -1 -1 -1 2 2 2 -1 2 1 1 2 -1 1 1 -1 
-1 1 1 -1 -1 -1 -1 1 -1 2 2 2 2 1 1 1 1 -1 -1 1 
-1 -1 1 1 -1 1 1 -1 2 2 2 2 1 1 1 -1 -1 1 1 -1 
-1 -1 1 1 -1 1 1 2 2 2 2 -1 -1 1 1 -1 -1 1 1 1 
-1 -1 -1 -1 1 -1 -1 1 2 2 -1 1 1 1 1 1 -1 1 -1 1 
-1 -1 -1 -1 -1 -1 -1 2 2 1 1 1 2 1 -1 -1 -1 -1 -1 -1 
-1 2 1 1 1 -1 1 1 1 1 1 1 1 1 1 1 1 -1 -1 -1 
2 -1 -1 1 1 -1 -1 1 2 -1 1 1 1 1 1 2 1 1 -1 -1 
1 2 -1 1 2 2 -1 -1 2 -1 2 1 1 1 1 1 1 1 1 1 
1 2 2 2 -1 2 -1 -1 -1 -1 -1 1 1 1 1 1 1 1 1 2 
-1 2 2 -1 2 -1 -1 -1 -1 1 -1 1 1 1 1 1 1 1 1 2 
2 2 -1 9 -1 -1 -1 -1 1 -1 -1 1 1 1 1 -1 1 -1 2 2 
-1 2 9 -1 -1 -1 -1 -1 -1 1 1 1 1 1 1 1 3 1 2 2 
2 9 9 1 -1 3 -1 -1 -1 -1 1 -1 1 1 2 1 1 1 2 2 
1 -1 2 2 3 1 2 2 -1 2 -1 -1 -1 1 1 2 1 -1 1 3 
1 3 3 2 3 2 2 2 2 -1 -1 2 -1 -1 1 1 2 -1 3 1 
3 -1 3 -1 -1 2 2 2 -1 2 2 2 -1 1 1 1 -1 1 -1 1 
1 3 2 3 2 3 3 2 2 2 2 2 -1 1 1 -1 1 -1 -1 1 
2 2 2 3 2 2 2 -1 -1 2 -1 -1 1 1 1 1 1 1 1 -1 
-1 2 2 2 2 2 -1 -1 -1 -1 -1 1 -1 1 1 1 1 -1 -1 -1 
-1 -1 2 1 1 1 1 1 -1 -1 1 -1 1 1 1 2 2 2 -1 -1 
2 2 -1 -1 1 1 1 1 -1 -1 -1 1 1 1 -1 2 -1 2 2 -1 
-1 -1 -1 2 1 1 1 4 2 2 1 2 -1 1 1 2 2 2 2 -1 
-1 -1 -1 2 2 1 4 -1 2 2 -1 1 -1 -1 1 2 1 2 -1 -1 
-1 -1 1 2 1 4 -1 2 -1 2 -1 -1 1 1 1 1 1 1 -1 -1 
1 1 2 1 2 1 1 -1 1 2 -1 1 1 1 1 1 1 1 -1 -1 
2 2 2 2 1 2 2 2 2 1 1 1 -1 2 -1 -1 -1 2 2 2 
-1 2 2 2 -1 2 2 -1 2 1 1 1 1 2 -1 -1 -1 -1 -1 -1 
-1 -1 2 2 2 2 2 1 1 1 1 2 -1 -1 -1 -1 -1 -1 -1 -1 
-1 -1 2 4 4 -1 2 1 1 2 2 -1 2 2 -1 -1 -1 -1 -1 1 
1 -1 2 6 6 -1 -1 1 1 1 2 -1 4 2 -1 1 -1 -1 -1 1 
1 2 -1 6 -1 6 1 1 1 1 1 -1 2 1 2 1 1 -1 -1 1 
1 -1 2 2 -1 2 -1 1 2 1 1 -1 -1 2 1 1 -1 1 1 -1 
-1 1 -1 2 2 6 2 6 2 -1 2 2 -1 -1 2 1 1 1 2 1 
1 -1 1 2 -1 2 6 6 2 -1 2 -1 -1 -1 2 -1 1 1 1 1 
2 1 2 2 2 -1 2 -1 -1 2 -1 2 -1 -1 -1 2 2 -1 1 1 
-1 -1 2 2 2 -1 2 -1 -1 -1 2 -1 2 -1 -1 1 1 1 1 2 
-1 2 2 2 2 2 2 2 2 -1 -1 -1 -1 2 -1 3 1 1 2 2 
2 -1 2 2 2 2 2 2 2 1 -1 -1 3 3 3 2 1 2 2 -1 
-1 2 2 -1 -1 2 2 2 2 1 -1 -1 2 3 2 -1 1 2 -1 -1 
-1 -1 2 -1 -1 2 -1 -1 2 2 -1 3 3 1 2 -1 1 -1 -1 -1 
-1 2 1 1 -1 -1 2 2 2 2 2 -1 -1 2 1 -1 -1 -1 -1 1 
2 1 1 1 -1 2 2 2 2 -1 2 2 -1 -1 1 1 -1 1 1 -1 
2 1 1 1 -1 2 2 2 1 1 -1 -1 2 -1 -1 -1 1 1 2 -1 
1 1 1 2 -1 -1 2 1 2 1 -1 -1 -1 -1 1 -1 -1 1 2 2 
1 2 2 1 2 2 2 2 1 1 1 1 -1 1 -1 -1 -1 2 2 2 
-1 2 -1 -1 2 -1 1 -1 -1 -1 6 -1 1 2 -1 -1 -1 -1 3 2 
2 -1 -1 1 1 1 1 2 6 2 2 2 -1 -1 -1 -1 -1 1 -1 -1 
-1 2 -1 1 1 1 1 6 2 2 2 2 -1 1 1 1 1 1 -1 -1 
2 -1 -1 1 1 1 1 2 -1 -1 2 -1 2 2 1 -1 1 1 -1 3 
3 -1 -1 -1 2 -1 2 2 1 2 -1 -1 2 -1 1 -1 -1 1 1 3 
-1 -1 2 1 1 2 2 -1 1 -1 -1 -1 -1 -1 1 -1 2 -1 1 1 
2 2 1 1 2 2 2 -1 -1 -1 -1 -1 -1 -1 2 2 2 2 2 1 
2 2 2 1 2 1 -1 -1 2 -1 2 -1 1 2 -1 -1 2 2 2 1 
1 2 1 1 1 1 -1 -1 -1 2 -1 2 1 -1 2 2 2 1 1 1 
2 1 1 -1 1 1 -1 -1 -1 -1 2 -1 2 1 1 -1 1 1 2 1 
-1 2 2 1 1 1 1 1 2 2 2 2 1 2 2 1 2 2 1 2 
-1 2 3 3 1 1 1 1 -1 -1 2 -1 2 2 2 1 2 2 1 2 
-1 3 2 2 2 1 1 1 -1 2 2 2 2 2 2 1 2 2 2 1 
3 3 3 3 10 1 1 1 1 2 -1 2 2 2 2 2 2 2 2 -1 
-1 3 3 3 1 1 1 1 1 1 2 2 3 2 2 2 2 2 2 2 
3 3 -1 1 1 10 1 1 1 1 1 1 2 2 2 2 2 2 -1 -1 
1 -1 2 2 1 1 1 1 1 1 1 1 2 2 2 2 2 -1 -1 1 
2 2 2 -1 -1 6 1 1 1 1 1 2 2 -1 2 2 -1 -1 3 3 
2 2 2 -1 2 2 6 2 2 1 1 1 -1 -1 2 2 -1 -1 3 2 
2 -1 2 -1 -1 2 2 2 2 2 6 1 2 -1 2 2 -1 -1 3 3 
-1 2 2 -1 3 1 -1 -1 2 1 1 1 1 1 2 1 -1 2 -1 6 
6 2 6 1 3 2 1 1 1 1 1 1 -1 6 6 -1 1 1 2 2 
6 6 2 1 2 1 1 1 1 1 -1 1 2 1 1 1 1 1 1 1 
-1 -1 2 1 1 2 1 1 1 -1 1 1 1 1 1 1 1 1 1 1 
-1 2 1 1 1 1 1 1 1 -1 1 1 3 2 1 1 1 -1 1 -1 
-1 2 1 -1 1 -1 -1 1 -1 -1 1 1 2 1 1 1 1 1 -1 -1 
-1 -1 -1 1 -1 1 -1 1 1 1 1 1 1 1 -1 1 1 -1 -1 -1 
-1 -1 -1 1 1 1 1 -1 -1 1 1 1 -1 -1 -1 1 1 1 -1 -1 
1 -1 2 1 1 1 1 1 1 1 1 1 -1 -1 -1 -1 1 1 -1 1 
-1 1 1 1 1 -1 1 1 1 2 2 1 -1 -1 -1 -1 1 -1 1 -1 
1 -1 -1 -1 1 1 1 1 1 1 2 1 -1 -1 2 1 6 -1 6 -1 
1 -1 -1 -1 -1 1 1 2 1 1 2 -1 -1 -1 2 1 6 6 6 1 
-1 1 1 1 1 1 3 2 1 1 2 2 2 2 -1 2 2 6 1 6 
1 2 1 1 1 1 1 -1 2 2 2 2 1 1 1 1 1 6 -1 2 
2 1 2 -1 2 1 1 3 3 1 2 2 1 1 -1 2 6 -1 2 2 
2 2 1 -1 1 2 -1 1 1 3 -1 2 1 1 2 6 6 1 2 2 
1 2 1 2 2 2 3 1 -1 1 2 2 2 2 6 6 2 6 1 1 
6 -1 3 -1 2 3 3 1 1 1 1 3 2 1 1 6 6 2 6 6 
-1 -1 2 2 1 1 2 -1 1 2 2 1 2 1 1 6 -1 3 6 6 
6 2 -1 2 1 1 2 2 2 1 1 -1 1 1 1 2 2 3 3 6 
2 3 -1 3 3 1 2 2 2 2 2 1 -1 1 2 -1 1 1 1 1 
3 2 2 2 2 -1 2 2 2 2 1 1 1 2 1 2 1 1 1 1 
1 2 -1 2 2 2 -1 2 2 1 1 1 -1 1 1 1 1 2 1 1 
-1 1 -1 -1 2 2 2 2 1 1 1 1 1 1 3 2 1 -1 2 1 
-1 -1 -1 -1 -1 -1 -1 1 1 1 1 1 1 1 2 2 2 2 2 1 
-1 -1 2 2 -1 -1 -1 2 2 2 2 -1 1 2 2 2 2 2 2 1 
-1 2 2 -1 2 -1 -1 2 2 2 2 2 2 -1 2 2 -1 1 2 2 
2 2 2 2 2 2 2 -1 2 2 -1 1 1 1 -1 -1 1 1 1 -1 
-1 -1 -1 -1 -1 2 2 2 -1 2 2 1 1 -1 1 1 1 1 1 2 
-1 -1 2 -1 2 2 2 -1 2 -1 -1 -1 -1 1 1 1 1 1 -1 -1 
1 -1 2 2 -1 2 1 1 2 1 1 1 1 1 1 -1 1 -1 -1 1 
1 1 -1 -1 2 -1 2 1 1 2 1 1 1 -1 -1 -1 1 1 1 1 
1 1 -1 -1 -1 -1 -1 -1 2 -1 1 1 2 -1 -1 1 1 1 1 1 
-1 -1 -1 -1 -1 -1 2 2 -1 -1 2 2 -1 2 -1 -1 1 -1 -1 1 
-1 -1 -1 -1 -1 2 2 2 2 -1 2 2 -1 2 -1 -1 1 1 1 1 
1 -1 -1 -1 2 1 1 1 -1 1 -1 2 2 -1 -1 2 -1 1 1 1 
1 1 -1 -1 2 2 -1 1 1 1 1 2 2 2 1 2 -1 -1 -1 -1 
1 1 -1 -1 2 1 1 1 1 2 2 2 1 2 -1 -1 -1 2 2 1 
1 1 1 1 3 1 1 1 2 2 -1 1 1 2 2 -1 2 -1 -1 1 
1 1 3 3 1 3 1 -1 2 2 2 1 2 1 1 2 -1 2 1 1 
-1 -1 1 -1 -1 1 1 -1 1 1 1 -1 -1 -1 -1 -1 1 -1 1 -1 
1 1 1 1 1 1 -1 -1 1 1 1 1 -1 -1 -1 -1 -1 1 -1 1 
1 1 1 1 -1 2 1 1 1 -1 1 1 -1 -1 -1 -1 1 1 1 -1 
1 1 1 -1 -1 -1 1 1 -1 1 1 1 -1 1 1 1 1 1 1 1 
1 1 1 1 -1 2 1 2 1 1 1 1 1 1 1 -1 1 1 -1 1 
1 1 1 -1 -1 -1 2 1 1 1 1 1 1 -1 1 1 1 1 -1 1 
1 1 -1 -1 -1 2 -1 1 2 2 1 1 1 1 1 1 1 -1 -1 1 
1 1 -1 -1 2 -1 -1 2 2 2 1 1 1 -1 -1 1 -1 1 1 1 
1 1 1 -1 -1 -1 2 2 2 2 1 1 1 -1 -1 -1 -1 1 1 1 
-1 1 1 -1 -1 -1 -1 2 2 2 2 2 2 1 1 -1 1 -1 1 -1 
1 1 1 -1 -1 -1 -1 2 2 2 2 -1 1 1 1 1 1 1 1 -1 
1 1 1 1 -1 -1 2 2 2 2 2 2 1 -1 -1 1 1 1 1 1 
1 1 1 -1 -1 -1 -1 2 2 2 2 -1 -1 -1 -1 -1 1 1 -1 -1 
1 1 1 -1 -1 -1 -1 1 -1 1 2 -1 -1 -1 -1 -1 -1 -1 -1 -1 
-1 1 -1 -1 -1 1 1 -1 1 1 -1 1 -1 -1 -1 -1 -1 -1 -1 -1 
1 -1 -1 -1 2 1 1 1 1 1 -1 1 1 -1 -1 -1 -1 -1 -1 -1 
1 2 -1 -1 2 1 1 1 2 1 -1 1 -1 1 1 -1 -1 -1 -1 -1 
-1 1 2 -1 1 -1 1 -1 -1 1 -1 1 1 -1 1 -1 -1 -1 -1 1 
-1 -1 -1 1 1 1 -1 1 1 1 1 -1 1 1 -1 1 -1 -1 1 -1 
-1 -1 -1 1 -1 -1 1 1 1 1 -1 -1 1 1 1 -1 -1 -1 -1 -1 
-1 -1 -1 -1 1 1 1 1 1 1 1 1 1 1 1 -1 -1 -1 -1 2 
-1 -1 -1 -1 -1 1 1 1 -1 1 1 1 1 -1 -1 -1 -1 1 2 -1 
-1 -1 -1 -1 -1 -1 -1 1 1 1 1 1 1 1 1 -1 1 2 1 -1 
-1 -1 -1 -1 -1 -1 1 1 1 1 1 1 1 1 1 1 1 1 -1 -1 
-1 -1 -1 -1 1 -1 -1 1 1 1 1 -1 1 1 1 1 1 -1 -1 -1 
-1 -1 -1 -1 1 1 -1 -1 -1 1 1 1 1 1 1 1 1 1 -1 -1 
-1 -1 -1 -1 1 -1 -1 -1 1 1 1 1 1 1 1 1 1 1 1 1 
1 -1 -1 -1 -1 -1 -1 -1 1 1 1 1 1 1 1 1 1 1 1 -1 
-1 -1 1 -1 -1 -1 -1 1 1 1 1 1 1 1 1 1 1 1 1 1 
1 1 -1 -1 -1 -1 -1 1 1 1 1 1 1 1 1 1 1 1 1 -1 
1 1 1 -1 1 -1 -1 -1 1 -1 1 1 1 1 1 1 1 1 1 1 
1 1 1 -1 -1 -1 -1 1 1 1 1 1 1 1 1 1 1 1 1 1 
1 1 1 1 -1 -1 -1 1 1 1 -1 1 1 1 1 1 1 1 1 1 
1 1 1 -1 -1 -1 -1 -1 1 1 1 1 1 1 1 1 1 1 1 -1 
-1 1 1 1 -1 -1 -1 1 1 1 1 1 1 1 1 1 1 1 1 1 
1 1 -1 1 1 -1 -1 -1 1 1 1 1 1 1 1 1 1 1 1 1 
1 1 1 1 1 1 1 -1 1 1 1 1 1 1 1 -1 1 1 1 -1 
-1 -1 1 1 1 1 1 1 1 1 1 1 1 1 1 -1 1 -1 -1 1 
-1 -1 -1 1 1 1 1 1 1 1 -1 1 1 1 -1 1 1 -1 -1 -1 
-1 -1 1 1 1 1 1 1 1 -1 -1 1 1 1 -1 -1 -1 -1 -1 -1 
-1 1 -1 -1 1 1 1 1 -1 1 1 1 1 1 -1 -1 -1 1 -1 1 
1 -1 1 1 1 1 1 -1 1 -1 -1 1 1 6 -1 -1 -1 -1 -1 -1 
-1 1 4 1 1 1 -1 -1 1 1 -1 4 1 1 -1 -1 1 -1 1 1 
-1 -1 1 -1 -1 1 1 1 1 1 1 4 1 1 1 1 -1 1 -1 8 
8 -1 -1 1 -1 1 1 1 1 1 1 1 1 1 1 1 1 1 -1 8 
8 -1 1 -1 -1 -1 -1 1 1 1 1 1 1 1 1 1 1 1 1 8 
1 1 1 -1 -1 -1 -1 -1 -1 -1 1 1 1 1 1 1 1 1 -1 -1 
1 1 1 1 -1 -1 -1 -1 -1 1 -1 -1 1 -1 1 1 -1 1 -1 -1 
-1 1 1 1 -1 1 -1 -1 1 -1 1 1 1 1 1 1 -1 1 -1 1 
1 1 1 1 1 1 1 -1 -1 1 -1 -1 1 1 1 1 1 1 1 1 
-1 1 1 1 1 1 1 -1 -1 1 -1 -1 1 1 1 1 1 1 -1 1 
1 1 1 1 1 1 -1 1 1 1 -1 -1 -1 1 1 1 1 -1 -1 1 
1 1 1 1 1 1 -1 1 1 1 1 1 -1 1 1 1 1 1 1 1 
1 1 1 1 1 1 1 1 1 1 1 -1 -1 1 1 1 1 1 1 1 
1 -1 4 1 1 1 1 1 1 -1 1 -1 -1 1 1 1 1 1 1 1 
1 4 1 1 1 1 1 1 1 1 1 -1 1 1 1 -1 1 -1 1 1 
-1 -1 1 1 1 1 1 1 1 -1 1 -1 -1 1 1 1 -1 1 -1 1 
1 1 1 1 1 1 1 1 1 1 1 -1 -1 -1 -1 -1 -1 1 1 1 
1 1 1 1 1 1 1 1 1 1 1 1 -1 -1 -1 -1 -1 1 1 1 
1 1 1 1 1 1 1 1 1 1 6 -1 -1 -1 -1 -1 -1 -1 1 1 
4 -1 1 1 1 -1 4 4 4 4 3 1 1 1 1 1 1 1 4 4 
4 2 -1 1 1 1 1 4 -1 1 1 -1 1 1 1 1 1 1 -1 4 
4 -1 2 1 1 1 1 -1 4 1 1 1 1 1 1 1 1 -1 4 4 
1 1 1 3 1 3 1 1 1 -1 4 1 1 1 1 6 1 4 -1 1 
3 3 3 3 3 -1 1 1 1 4 4 -1 4 -1 1 6 4 4 -1 3 
1 3 3 -1 3 1 3 -1 -1 4 4 4 4 4 4 6 6 -1 1 -1 
-1 -1 3 1 -1 3 3 1 -1 -1 -1 4 -1 -1 4 -1 6 6 6 6 
1 -1 1 1 1 1 -1 1 -1 -1 6 6 6 6 -1 -1 6 6 6 6 
6 6 1 1 1 1 1 -1 -1 6 6 6 6 6 4 6 -1 6 6 6 
6 1 1 1 1 1 -1 -1 -1 6 6 -1 6 -1 6 -1 6 6 6 6 
6 1 1 1 1 6 -1 -1 -1 6 6 6 6 6 6 6 6 6 6 6 
1 1 1 1 1 -1 6 -1 6 6 6 6 6 6 6 6 6 6 6 6 
1 -1 -1 2 2 -1 6 6 6 6 6 6 6 1 6 1 6 6 -1 6 
4 -1 1 1 2 4 6 6 6 6 1 6 -1 6 1 6 1 1 -1 4 
4 4 4 -1 2 4 -1 -1 6 6 6 1 6 1 6 1 1 -1 4 4 
4 4 4 -1 4 4 -1 -1 -1 -1 -1 6 1 1 1 -1 -1 -1 4 4 
-1 4 4 -1 4 4 4 -1 -1 -1 1 1 -1 1 1 1 1 1 4 4 
4 4 5 5 4 4 4 4 4 4 1 1 1 1 1 -1 1 1 4 1 
4 4 4 5 -1 4 4 -1 4 5 1 1 1 1 1 1 1 1 1 -1 
4 4 1 -1 1 -1 4 4 4 4 1 1 1 1 1 1 1 1 4 4 
6 6 6 6 -1 -1 6 6 6 6 2 6 -1 6 1 6 6 4 6 5 
5 6 4 4 6 4 4 6 -1 2 6 6 -1 1 4 6 6 4 4 6 
4 4 4 4 4 4 4 4 6 -1 -1 2 2 2 2 4 6 4 4 6 
6 4 4 4 4 4 4 4 6 6 1 2 2 2 2 4 4 4 4 4 
6 3 4 4 4 4 4 -1 4 6 1 2 6 4 6 -1 6 -1 4 -1 
6 4 3 2 4 3 4 1 4 1 -1 2 1 4 4 6 -1 -1 -1 -1 
4 4 4 3 3 3 4 1 1 4 4 2 4 1 1 -1 1 1 -1 6 
6 4 4 3 3 2 1 1 1 1 4 4 4 1 1 1 1 1 4 6 
3 3 4 -1 2 3 3 1 1 3 3 3 4 4 1 1 1 -1 4 6 
6 3 4 2 3 3 3 3 1 3 3 4 4 4 1 1 6 1 1 6 
6 3 3 2 3 3 3 3 1 3 3 4 3 6 6 -1 1 6 1 6 
-1 -1 3 3 3 3 3 3 3 3 3 3 -1 3 6 6 1 -1 6 3 
3 3 5 3 3 3 3 2 3 3 6 6 3 -1 6 6 -1 6 4 6 
6 3 6 3 3 3 2 1 40 6 6 6 6 6 6 6 6 -1 6 6 
6 6 6 3 3 1 1 6 40 6 2 6 6 6 6 6 6 6 -1 6 
6 -1 6 1 1 1 1 1 2 2 6 -1 40 6 6 6 6 6 6 6 
6 6 4 1 1 -1 1 1 6 -1 6 6 6 6 6 6 -1 6 4 6 
6 4 4 1 1 -1 -1 6 32 5 40 5 6 6 6 6 4 -1 -1 4 
6 -1 1 -1 -1 1 6 -1 5 -1 6 6 6 6 -1 6 6 4 6 6 
6 6 -1 -1 -1 -1 6 6 6 6 -1 1 6 -1 6 6 6 4 4 6 
1 1 1 1 1 4 -1 6 1 6 4 1 4 1 1 1 1 6 1 1 
1 -1 1 1 1 -1 -1 1 1 1 1 4 2 4 3 -1 1 -1 1 1 
1 1 4 2 4 4 1 1 1 1 1 6 6 6 3 3 6 -1 6 4 
4 -1 4 4 4 1 1 -1 1 -1 1 1 6 2 3 6 2 2 6 -1 
1 1 6 6 4 1 -1 -1 1 1 1 1 6 1 2 2 2 6 6 -1 
-1 6 1 -1 -1 -1 -1 -1 1 1 1 1 1 6 1 2 5 6 6 6 
1 6 -1 -1 -1 -1 -1 -1 -1 -1 -1 6 1 1 1 2 -1 1 1 1 
-1 1 -1 1 -1 -1 -1 -1 6 1 6 6 1 1 1 1 5 1 1 -1 
-1 -1 1 -1 1 1 1 1 2 1 6 1 1 1 1 5 1 1 -1 -1 
2 2 1 1 1 1 1 1 -1 1 6 1 1 1 1 1 2 -1 -1 -1 
2 2 1 1 1 5 5 1 1 1 1 1 1 1 -1 1 2 2 2 2 
2 -1 -1 1 -1 7 5 7 1 1 1 1 1 1 1 4 2 2 2 2 
2 -1 1 5 1 1 5 7 -1 4 1 1 1 1 1 4 4 4 -1 2 
-1 -1 7 5 1 5 5 3 3 4 -1 1 -1 1 4 4 4 -1 2 -1 
1 -1 7 5 5 5 5 5 5 -1 1 4 4 4 4 4 4 4 2 -1 
-1 1 1 4 5 4 5 3 3 7 1 -1 4 4 4 4 1 1 1 1 
1 1 1 4 4 -1 4 4 5 7 5 1 -1 -1 1 4 4 1 -1 -1 
1 1 4 -1 4 4 4 5 4 5 5 4 1 1 -1 4 1 1 1 1 
1 1 1 1 6 6 -1 4 1 5 5 5 4 1 1 1 1 1 1 1 
1 1 1 1 6 6 -1 6 1 6 6 5 4 1 1 2 1 1 1 1 
2 4 -1 4 -1 4 4 4 4 4 4 4 4 -1 4 4 4 4 -1 4 
2 4 4 6 1 4 4 4 4 4 4 4 -1 4 4 4 5 4 1 4 
4 4 4 4 4 4 1 1 4 6 4 9 -1 4 4 5 5 4 1 5 
-1 4 4 4 1 1 -1 1 6 6 6 6 -1 -1 5 5 4 4 5 4 
5 6 4 6 4 1 1 6 4 6 9 6 6 1 -1 4 6 6 5 4 
4 4 4 6 4 4 -1 4 4 6 6 -1 4 6 -1 -1 -1 -1 -1 5 
4 4 3 4 6 4 -1 4 6 6 1 6 4 -1 6 6 -1 -1 -1 4 
4 -1 4 4 6 6 6 6 6 6 6 6 4 4 -1 -1 -1 -1 -1 4 
4 4 3 6 1 1 1 6 6 6 1 6 6 -1 6 6 -1 -1 -1 4 
-1 3 3 6 6 1 -1 6 6 6 2 1 6 6 6 6 6 2 2 3 
3 3 3 3 1 1 1 1 6 6 2 1 6 6 6 5 5 -1 2 2 
2 2 2 3 4 1 1 6 6 4 2 6 6 4 4 6 6 6 2 2 
2 -1 2 -1 3 1 1 6 6 6 4 4 6 4 6 6 6 -1 2 2 
2 -1 4 1 6 1 1 4 1 1 1 6 6 2 -1 6 -1 2 2 2 
1 1 1 1 4 1 1 1 2 1 2 2 2 2 6 1 4 -1 2 -1 
4 1 4 1 1 -1 2 1 2 6 2 2 2 2 2 -1 -1 4 5 4 
4 1 1 2 1 -1 2 -1 4 2 -1 -1 2 2 2 -1 -1 -1 4 5 
1 1 -1 4 4 4 4 4 2 2 -1 2 2 2 2 4 -1 4 -1 4 
3 1 2 -1 4 4 4 4 4 2 2 -1 2 2 1 2 4 4 4 -1 
-1 3 2 2 4 4 4 4 4 2 4 4 -1 1 2 2 -1 4 4 4 
6 6 6 1 -1 1 1 -1 1 1 1 1 1 1 1 1 1 1 1 6 
6 6 -1 -1 1 -1 1 1 1 1 1 1 1 -1 1 1 1 1 6 6 
6 4 6 -1 1 1 1 1 1 1 -1 1 1 1 -1 -1 -1 1 1 1 
4 6 -1 1 6 6 1 1 1 1 1 1 1 -1 1 -1 -1 -1 1 4 
6 -1 6 -1 6 6 2 1 1 1 1 1 1 1 1 -1 -1 2 6 2 
6 1 4 1 -1 -1 1 2 1 1 1 -1 1 1 -1 -1 1 1 2 6 
-1 4 1 1 1 1 6 -1 -1 2 -1 1 2 -1 -1 -1 -1 -1 1 6 
6 6 1 1 -1 -1 -1 -1 -1 -1 -1 -1 -1 2 2 -1 1 1 -1 1 
-1 6 4 1 -1 -1 -1 -1 -1 -1 -1 -1 2 -1 2 4 4 1 1 1 
4 6 6 -1 -1 -1 -1 1 1 -1 2 1 2 2 2 2 6 1 1 -1 
6 6 -1 1 6 6 6 -1 1 1 2 2 2 4 2 -1 -1 6 1 -1 
-1 6 1 1 1 6 2 2 -1 -1 1 2 2 2 1 1 -1 6 6 6 
-1 6 1 1 -1 2 2 2 -1 -1 -1 1 2 2 2 2 6 1 6 6 
-1 -1 6 1 1 1 2 1 1 -1 -1 2 2 2 -1 -1 1 4 6 6 
4 6 -1 1 1 2 1 1 2 1 2 1 2 -1 -1 2 4 4 6 6 
4 1 6 1 1 5 1 2 2 2 2 2 1 1 1 4 -1 6 6 4 
1 6 1 6 1 5 -1 2 -1 -1 1 2 2 1 1 4 1 1 6 6 
6 1 1 1 1 1 1 1 -1 1 1 2 1 2 1 1 1 6 6 6 
6 6 1 1 1 1 1 1 1 1 1 1 1 2 1 1 1 -1 -1 -1 
6 6 1 1 -1 -1 1 1 1 1 1 1 1 1 1 1 1 -1 -1 -1 
-1 -1 -1 -1 -1 6 6 1 1 1 1 1 1 1 1 -1 1 -1 2 -1 
-1 -1 1 -1 1 6 1 6 1 1 1 1 1 1 2 1 -1 -1 -1 -1 
-1 -1 -1 -1 -1 1 6 -1 -1 -1 1 1 -1 1 2 2 1 -1 2 -1 
-1 -1 -1 -1 -1 6 -1 -1 -1 -1 1 1 1 1 2 1 -1 2 1 -1 
-1 -1 -1 -1 -1 -1 -1 -1 -1 1 1 1 1 1 1 2 2 2 -1 1 
-1 -1 -1 -1 -1 -1 -1 -1 -1 1 1 1 1 1 1 1 1 -1 1 -1 
-1 -1 -1 -1 -1 -1 -1 -1 1 -1 1 1 1 1 -1 1 1 1 -1 -1 
-1 -1 -1 -1 -1 1 1 -1 1 1 1 1 1 1 1 1 1 1 8 -1 
-1 -1 -1 -1 1 1 1 1 1 1 1 1 -1 2 1 -1 -1 8 -1 8 
-1 -1 -1 -1 2 2 1 1 1 1 1 1 2 -1 1 8 -1 8 8 8 
-1 -1 -1 2 1 1 2 -1 -1 -1 1 1 1 -1 8 1 1 1 8 1 
1 -1 -1 1 1 2 2 2 -1 -1 -1 -1 2 -1 1 -1 6 3 -1 -1 
1 1 1 1 1 1 -1 1 2 -1 -1 2 -1 1 -1 6 6 -1 -1 -1 
-1 1 -1 1 1 1 1 1 2 -1 -1 -1 1 1 1 2 2 2 -1 1 
1 -1 1 -1 -1 1 1 2 2 2 2 2 2 1 1 2 2 2 1 1 
1 -1 1 -1 2 1 1 1 2 1 1 1 -1 1 1 1 -1 2 2 1 
1 1 -1 2 1 1 1 1 1 1 1 1 1 1 1 1 1 2 -1 -1 
1 -1 -1 -1 2 1 1 1 1 1 1 1 1 1 1 1 -1 1 1 1 
2 1 1 1 2 1 -1 1 1 1 1 1 1 1 1 2 -1 2 1 1 
2 -1 -1 6 6 2 -1 -1 1 1 1 1 -1 1 1 -1 2 2 1 2 
1 2 -1 -1 -1 -1 1 -1 1 1 -1 -1 -1 -1 -1 -1 1 -1 1 1 
-1 -1 2 -1 1 -1 1 1 1 -1 2 -1 -1 -1 -1 -1 1 1 1 1 
-1 1 -1 -1 -1 1 -1 1 1 1 1 1 1 -1 -1 1 -1 2 2 1 
1 -1 -1 2 -1 1 1 1 1 -1 1 1 1 1 -1 1 -1 -1 2 -1 
-1 -1 -1 2 1 1 1 1 1 -1 1 1 -1 1 -1 1 -1 -1 2 2 
2 1 -1 -1 1 2 -1 1 1 -1 3 1 1 1 1 -1 -1 2 2 2 
-1 1 1 1 -1 2 -1 1 1 -1 -1 1 3 -1 -1 1 -1 2 1 2 
-1 -1 1 -1 -1 -1 2 -1 1 3 1 3 -1 1 1 -1 -1 -1 -1 -1 
1 1 -1 1 1 1 1 -1 1 1 3 1 -1 -1 -1 -1 -1 -1 -1 1 
1 -1 -1 1 1 -1 1 -1 1 1 1 -1 -1 -1 -1 -1 -1 -1 -1 -1 
-1 1 -1 1 1 1 1 -1 -1 1 1 1 -1 -1 -1 -1 -1 -1 1 -1 
-1 -1 1 -1 -1 -1 -1 1 -1 -1 1 1 -1 -1 -1 -1 -1 -1 2 -1 
1 1 -1 -1 -1 -1 1 -1 -1 -1 1 1 -1 -1 -1 -1 -1 -1 -1 2 
1 1 -1 -1 -1 -1 -1 -1 1 1 -1 -1 2 -1 -1 -1 -1 -1 1 1 
1 1 1 1 -1 1 1 1 1 -1 -1 -1 2 1 1 -1 -1 1 -1 -1 
1 1 1 1 1 1 1 1 -1 -1 -1 -1 -1 1 1 -1 -1 1 1 1 
1 1 1 1 1 -1 -1 -1 -1 -1 1 -1 -1 2 -1 2 1 1 1 1 
-1 1 1 1 1 1 -1 1 1 -1 1 2 2 2 -1 1 2 -1 1 1 
1 1 1 -1 1 -1 -1 1 -1 1 1 -1 2 -1 -1 -1 2 1 -1 1 
1 1 1 1 1 -1 -1 1 1 1 1 2 -1 -1 -1 -1 -1 -1 1 1 
2 2 2 2 1 1 1 -1 -1 1 3 -1 -1 40 40 40 40 8 -1 -1 
2 2 2 2 2 -1 1 -1 -1 -1 -1 1 1 1 8 8 40 2 40 2 
2 2 2 2 2 1 1 -1 -1 -1 -1 -1 1 1 1 1 40 1 2 2 
2 2 1 2 2 -1 -1 -1 -1 -1 -1 1 -1 1 -1 1 40 8 8 -1 
8 2 2 2 2 -1 -1 -1 -1 -1 1 -1 1 1 -1 -1 1 40 8 8 
2 1 2 2 2 -1 -1 -1 -1 -1 -1 -1 1 -1 -1 -1 40 -1 -1 1 
2 1 2 2 -1 -1 2 -1 -1 -1 -1 1 -1 1 -1 -1 -1 -1 -1 2 
1 2 -1 1 -1 2 2 -1 -1 -1 1 -1 -1 -1 -1 -1 2 1 2 2 
1 1 -1 1 1 -1 -1 1 -1 -1 -1 1 -1 -1 6 -1 2 1 -1 2 
1 1 -1 1 1 1 1 -1 -1 -1 -1 -1 -1 1 1 6 6 6 1 2 
2 6 1 1 1 1 1 1 -1 -1 -1 -1 1 -1 1 1 6 6 1 6 
1 1 1 1 1 1 1 1 1 -1 -1 -1 -1 2 1 -1 -1 1 1 1 
1 1 1 1 1 1 2 1 1 -1 -1 -1 -1 -1 2 1 -1 1 1 1 
1 1 1 1 1 1 -1 -1 -1 -1 -1 -1 -1 2 -1 2 2 2 1 1 
1 1 1 -1 1 1 -1 -1 -1 -1 -1 -1 -1 -1 2 2 2 2 2 1 
1 1 -1 3 3 1 -1 -1 -1 -1 -1 -1 -1 2 -1 2 2 2 2 1 
2 1 1 3 1 -1 -1 -1 -1 1 1 1 -1 2 -1 -1 2 2 2 2 
2 2 1 1 3 -1 -1 -1 -1 3 1 1 -1 -1 2 -1 2 2 2 2 
2 2 3 2 1 -1 -1 -1 -1 1 1 1 -1 -1 -1 2 2 2 2 2 
-1 2 2 1 2 3 3 -1 1 3 -1 -1 -1 -1 8 8 8 2 8 2 
-1 -1 -1 -1 -1 -1 -1 -1 -1 2 2 -1 -1 1 2 2 -1 6 -1 -1 
-1 -1 -1 -1 -1 -1 -1 2 2 2 2 2 -1 2 2 -1 -1 6 6 -1 
-1 -1 -1 -1 -1 -1 -1 -1 2 2 2 2 2 2 2 2 1 6 6 -1 
-1 -1 -1 -1 -1 -1 -1 2 2 2 2 2 2 2 2 2 1 -1 -1 -1 
-1 -1 -1 -1 -1 -1 -1 2 2 2 2 2 2 2 2 1 2 -1 -1 -1 
-1 -1 -1 -1 -1 -1 -1 -1 -1 -1 2 2 2 2 2 2 1 2 -1 -1 
1 -1 -1 -1 -1 -1 -1 -1 6 1 -1 2 1 2 2 2 -1 -1 -1 -1 
1 -1 -1 -1 -1 -1 -1 6 -1 -1 -1 -1 1 2 2 2 2 -1 -1 1 
-1 -1 -1 -1 -1 -1 2 -1 2 6 2 2 2 -1 2 6 2 6 -1 -1 
-1 -1 -1 -1 -1 -1 -1 -1 6 2 1 2 2 6 2 6 2 2 2 -1 
-1 -1 -1 -1 -1 -1 -1 -1 -1 2 1 1 6 2 2 2 2 2 2 2 
2 -1 -1 -1 -1 -1 -1 -1 -1 1 2 1 6 -1 2 2 2 2 6 6 
-1 -1 -1 3 -1 -1 -1 -1 2 3 6 -1 -1 6 2 -1 2 2 -1 -1 
6 1 -1 3 3 -1 -1 -1 2 2 3 2 2 2 6 -1 6 6 6 8 
6 -1 3 3 3 3 3 2 3 -1 2 3 6 6 -1 2 2 2 -1 3 
3 -1 -1 3 -1 3 2 -1 3 3 2 2 1 6 -1 6 2 2 6 2 
6 -1 -1 -1 -1 3 1 3 3 -1 -1 -1 -1 2 2 6 6 6 2 2 
-1 1 -1 1 -1 -1 1 3 3 -1 2 -1 -1 2 2 2 6 6 1 6 
1 1 1 1 -1 1 1 1 -1 2 -1 -1 1 2 2 -1 -1 6 -1 -1 
-1 -1 1 1 -1 -1 1 -1 2 2 2 2 2 1 2 -1 6 -1 -1 1 
-1 -1 -1 -1 -1 -1 -1 -1 -1 6 6 6 2 2 6 -1 2 2 2 1 
-1 -1 -1 -1 -1 -1 1 -1 -1 -1 1 1 1 6 1 6 2 -1 1 2 
-1 6 6 -1 -1 -1 -1 1 -1 1 1 6 1 1 1 1 1 -1 1 1 
6 -1 -1 2 2 -1 -1 1 -1 -1 1 1 1 -1 2 1 1 1 -1 -1 
6 6 2 -1 2 -1 -1 -1 -1 -1 -1 1 1 2 2 1 -1 -1 1 6 
6 6 -1 2 2 -1 -1 -1 -1 -1 -1 -1 -1 1 1 -1 1 1 6 6 
-1 -1 -1 -1 2 -1 -1 -1 -1 -1 -1 -1 -1 2 -1 34 2 1 2 6 
7 -1 -1 2 -1 -1 -1 -1 -1 -1 -1 -1 34 34 34 34 2 -1 6 2 
3 3 2 -1 2 -1 2 2 6 -1 -1 -1 34 34 2 1 -1 6 6 7 
6 6 2 2 -1 6 -1 -1 6 -1 -1 -1 34 6 -1 2 6 34 -1 2 
6 6 1 2 6 -1 -1 6 8 8 8 -1 -1 6 6 2 2 40 6 6 
8 6 6 2 -1 -1 6 1 -1 8 40 -1 -1 -1 6 40 8 2 40 3 
8 8 2 3 -1 6 1 6 40 40 -1 -1 -1 -1 -1 -1 8 -1 8 8 
8 -1 -1 3 3 6 6 6 40 -1 -1 -1 -1 -1 1 1 -1 -1 -1 40 
40 -1 -1 -1 -1 -1 6 6 40 -1 40 1 -1 -1 -1 1 -1 1 1 40 
2 2 -1 -1 -1 1 -1 6 40 40 1 1 1 1 2 -1 2 2 6 6 
2 2 2 -1 -1 1 1 1 1 1 1 1 1 1 2 6 6 6 -1 -1 
-1 -1 -1 -1 1 -1 -1 1 1 1 1 -1 1 1 6 1 -1 6 -1 -1 
-1 -1 -1 -1 -1 -1 -1 1 1 2 1 1 2 6 1 1 2 2 -1 -1 
-1 -1 -1 -1 -1 -1 -1 -1 -1 2 1 2 2 6 -1 2 -1 2 2 2 
1 3 2 1 1 1 1 1 -1 1 1 -1 2 2 -1 1 1 2 1 1 
-1 2 3 1 1 1 1 1 1 1 1 2 2 -1 2 2 2 2 1 1 
2 4 2 3 1 1 1 1 -1 -1 1 1 2 2 -1 -1 2 2 6 6 
6 -1 -1 1 1 1 1 2 6 -1 -1 -1 -1 -1 -1 2 -1 2 2 2 
1 4 4 4 1 1 1 6 2 6 -1 -1 -1 2 -1 -1 -1 -1 2 4 
1 5 4 -1 -1 -1 -1 2 2 -1 2 2 2 2 -1 -1 -1 5 2 4 
5 4 4 -1 -1 -1 -1 -1 -1 2 2 2 2 -1 6 2 2 -1 5 3 
-1 4 -1 -1 -1 -1 -1 -1 -1 -1 2 2 2 2 -1 6 2 2 -1 3 
1 -1 -1 -1 -1 -1 -1 -1 -1 2 2 -1 2 -1 2 6 2 2 -1 1 
1 1 1 6 6 -1 -1 -1 -1 2 -1 2 3 -1 -1 2 2 2 -1 1 
1 -1 -1 1 6 -1 -1 -1 2 -1 3 3 -1 2 -1 6 2 6 -1 1 
-1 -1 -1 1 1 -1 -1 -1 -1 -1 3 -1 6 -1 -1 -1 6 6 1 1 
-1 -1 2 1 1 -1 -1 -1 -1 -1 6 6 6 6 -1 2 2 2 -1 1 
1 -1 -1 -1 1 1 -1 -1 -1 -1 2 -1 -1 -1 -1 2 -1 -1 -1 -1 
-1 -1 -1 -1 -1 1 1 -1 -1 -1 2 2 6 -1 1 -1 -1 -1 -1 -1 
-1 -1 -1 2 -1 -1 2 -1 1 2 6 6 6 6 -1 6 -1 -1 -1 -1 
5 -1 -1 -1 3 -1 -1 1 2 1 1 1 6 6 6 6 1 -1 6 -1 
1 1 3 2 -1 -1 -1 1 1 1 1 1 -1 6 6 1 6 6 1 1 
1 1 1 2 1 1 1 -1 1 1 1 -1 6 -1 2 2 1 1 1 1 
1 1 -1 1 1 1 1 1 1 1 1 1 -1 2 2 2 1 1 1 1 
-1 5 2 1 1 1 2 1 2 2 3 2 6 -1 -1 -1 -1 -1 2 5 
4 2 4 6 1 6 -1 2 2 3 3 6 2 6 -1 -1 -1 -1 5 4 
5 5 6 -1 6 -1 -1 3 1 2 2 3 3 6 -1 -1 -1 5 -1 4 
4 4 4 -1 -1 -1 1 3 2 2 2 3 2 2 -1 -1 -1 2 -1 -1 
5 -1 -1 2 2 1 2 2 2 2 3 2 2 2 1 1 -1 -1 -1 -1 
-1 -1 2 2 2 1 2 3 2 2 2 -1 2 -1 -1 1 2 2 -1 -1 
-1 2 2 2 2 -1 -1 3 2 2 -1 -1 -1 -1 -1 -1 -1 1 2 -1 
2 2 2 -1 -1 -1 -1 -1 -1 -1 -1 -1 -1 -1 1 -1 -1 -1 -1 -1 
-1 -1 2 -1 2 2 2 2 -1 -1 -1 -1 1 1 -1 -1 -1 -1 -1 -1 
2 2 -1 6 6 2 2 2 -1 -1 -1 -1 1 1 2 -1 -1 -1 -1 -1 
2 2 2 6 2 2 2 2 2 -1 2 1 1 2 -1 -1 -1 -1 -1 2 
2 6 6 6 6 6 2 2 1 2 1 1 1 1 1 1 -1 -1 -1 -1 
-1 6 6 2 2 1 6 2 1 1 2 1 1 3 1 1 1 -1 -1 2 
6 6 1 1 1 1 1 2 2 2 2 3 2 -1 1 1 6 6 2 6 
6 6 2 1 1 1 1 1 -1 -1 2 2 2 2 1 -1 2 6 -1 -1 
6 -1 6 1 1 1 1 2 -1 2 2 -1 2 -1 1 3 6 6 6 -1 
6 6 6 6 1 2 2 2 2 1 2 3 -1 -1 3 2 2 6 6 6 
5 5 1 1 -1 -1 2 2 1 2 -1 -1 -1 -1 -1 -1 -1 -1 -1 6 
6 5 4 1 1 -1 2 1 -1 1 2 2 2 -1 -1 -1 -1 -1 -1 6 
6 6 4 1 1 1 1 1 1 2 -1 2 -1 -1 -1 -1 -1 -1 5 2 
6 -1 1 -1 -1 -1 -1 -1 -1 -1 -1 -1 -1 -1 -1 -1 6 -1 -1 6 
2 -1 -1 -1 -1 -1 -1 -1 -1 -1 -1 -1 -1 -1 -1 -1 6 2 6 6 
6 -1 -1 -1 -1 -1 -1 -1 -1 -1 3 3 -1 -1 2 2 2 2 -1 6 
2 1 -1 -1 -1 -1 -1 -1 -1 -1 3 -1 3 6 6 2 3 3 -1 2 
-1 -1 1 1 -1 -1 1 -1 1 -1 -1 -1 1 1 -1 2 3 3 1 -1 
9 -1 1 -1 1 -1 1 1 1 1 1 1 1 1 3 3 6 6 1 9 
3 9 1 1 1 1 -1 1 1 -1 -1 -1 1 3 3 -1 6 2 9 3 
9 9 9 1 1 1 1 -1 1 -1 -1 -1 -1 3 3 3 -1 9 9 -1 
9 9 1 1 1 -1 -1 -1 -1 -1 -1 -1 -1 -1 -1 1 -1 4 9 9 
9 -1 -1 -1 2 -1 -1 -1 -1 -1 -1 -1 -1 -1 -1 -1 1 -1 2 9 
2 2 -1 -1 2 -1 -1 -1 -1 -1 -1 -1 -1 -1 -1 1 2 2 -1 -1 
1 2 1 2 -1 -1 -1 -1 -1 -1 -1 -1 -1 -1 2 2 2 -1 3 -1 
1 1 1 -1 2 3 -1 -1 -1 -1 -1 -1 -1 -1 -1 -1 2 -1 3 1 
1 1 1 -1 3 2 -1 -1 -1 -1 -1 -1 -1 -1 -1 1 -1 2 -1 1 
1 1 1 -1 3 3 1 -1 -1 -1 -1 -1 -1 -1 -1 -1 1 -1 -1 1 
1 1 1 1 3 1 3 -1 -1 -1 -1 -1 -1 -1 -1 1 -1 -1 1 1 
1 1 -1 1 1 3 -1 -1 -1 -1 -1 -1 -1 -1 -1 -1 9 2 1 1 
1 1 1 2 1 1 -1 -1 -1 -1 -1 -1 -1 -1 -1 2 9 -1 -1 -1 
-1 1 -1 -1 1 -1 -1 -1 -1 -1 -1 -1 -1 9 9 9 6 2 -1 -1 
-1 1 -1 -1 1 -1 -1 -1 -1 -1 -1 -1 -1 -1 9 9 6 -1 6 6 
2 2 -1 2 2 -1 8 -1 -1 8 8 -1 8 8 -1 -1 -1 -1 -1 2 
2 -1 2 -1 -1 -1 -1 -1 8 8 -1 -1 -1 8 -1 -1 -1 -1 -1 2 
-1 2 -1 -1 3 3 -1 1 -1 -1 -1 -1 -1 -1 -1 -1 -1 -1 -1 -1 
1 -1 -1 1 3 3 -1 1 1 -1 -1 -1 -1 -1 -1 -1 -1 -1 -1 -1 
1 1 1 1 1 1 2 1 1 -1 -1 -1 -1 -1 -1 -1 1 1 -1 1 
-1 1 1 1 1 1 1 2 -1 -1 -1 1 -1 -1 -1 1 1 -1 -1 -1 
1 1 1 1 1 1 1 1 1 -1 -1 -1 -1 -1 1 1 1 1 -1 -1 
1 -1 -1 -1 1 1 1 1 2 2 -1 -1 -1 -1 1 1 -1 -1 -1 2 
2 2 -1 1 -1 1 1 1 2 2 2 2 2 2 -1 1 -1 -1 -1 -1 
-1 -1 2 -1 1 -1 1 -1 3 2 2 2 -1 -1 2 2 -1 -1 -1 -1 
-1 -1 -1 -1 1 -1 1 1 2 2 2 -1 2 2 2 -1 -1 -1 -1 2 
1 1 -1 -1 -1 -1 -1 -1 1 -1 2 -1 2 2 2 -1 -1 -1 2 2 
1 1 1 -1 -1 2 2 2 2 2 2 2 -1 -1 -1 1 -1 1 2 -1 
-1 1 1 1 -1 -1 2 2 -1 2 2 2 -1 -1 1 -1 1 2 2 -1 
2 2 1 -1 -1 -1 -1 2 2 2 2 2 2 -1 -1 -1 1 2 2 2 
2 2 -1 -1 -1 -1 -1 -1 -1 2 2 -1 -1 -1 -1 -1 2 2 -1 -1 
2 2 2 -1 -1 -1 -1 -1 2 2 2 2 -1 -1 -1 -1 -1 -1 -1 2 
2 2 -1 -1 -1 -1 -1 2 -1 2 2 2 -1 -1 -1 -1 -1 -1 -1 -1 
2 -1 -1 -1 -1 -1 -1 -1 -1 2 2 2 -1 -1 -1 -1 -1 -1 -1 -1 
-1 2 -1 -1 -1 8 -1 -1 -1 8 8 2 -1 -1 -1 -1 -1 -1 -1 2 
2 2 -1 2 8 8 8 -1 8 8 -1 8 8 8 -1 8 8 -1 2 2 
-1 -1 -1 2 8 8 -1 -1 8 -1 -1 8 -1 -1 8 8 -1 -1 2 2 
-1 -1 8 8 8 8 8 -1 -1 -1 -1 -1 -1 -1 -1 -1 -1 -1 -1 1 
1 -1 -1 -1 -1 -1 8 -1 -1 -1 -1 -1 1 -1 -1 -1 -1 1 -1 1 
-1 -1 -1 1 -1 -1 8 8 8 -1 -1 -1 -1 1 -1 1 -1 1 1 -1 
-1 -1 1 1 1 1 8 8 8 8 -1 -1 -1 -1 1 -1 1 -1 1 -1 
-1 -1 1 1 1 8 -1 8 8 -1 -1 -1 -1 -1 -1 1 1 1 1 -1 
-1 -1 -1 1 1 -1 -1 -1 -1 -1 -1 -1 1 -1 1 -1 1 1 1 -1 
1 -1 -1 -1 -1 -1 -1 -1 1 1 8 8 8 1 1 1 1 1 1 1 
-1 -1 -1 -1 -1 -1 -1 1 1 -1 2 2 -1 1 1 1 1 2 1 1 
2 2 -1 -1 -1 -1 -1 -1 2 2 -1 -1 -1 -1 -1 1 -1 8 -1 2 
-1 -1 -1 -1 -1 -1 -1 2 2 2 2 -1 -1 -1 -1 -1 -1 8 -1 -1 
-1 -1 -1 -1 -1 -1 2 2 -1 -1 -1 -1 -1 -1 2 -1 8 8 -1 -1 
-1 -1 -1 -1 -1 -1 2 2 2 -1 -1 -1 -1 -1 2 -1 -1 -1 -1 -1 
-1 -1 -1 -1 -1 2 2 2 -1 -1 -1 -1 -1 2 2 2 2 -1 -1 -1 
-1 -1 -1 2 -1 3 2 -1 -1 -1 2 -1 -1 2 2 8 2 -1 -1 -1 
-1 -1 2 -1 -1 3 -1 -1 -1 -1 -1 2 2 2 8 -1 8 -1 -1 -1 
2 2 -1 -1 -1 -1 -1 8 -1 8 8 -1 2 8 -1 8 -1 8 -1 8 
2 2 2 2 -1 8 8 -1 8 8 8 8 8 8 8 -1 8 8 8 -1 
2 2 2 -1 2 8 8 8 8 8 8 8 8 8 -1 8 8 8 8 2 
-1 -1 2 2 8 2 -1 2 -1 -1 -1 2 -1 2 -1 8 2 -1 8 -1 
2 -1 2 2 -1 2 -1 -1 -1 -1 -1 2 2 2 8 2 8 -1 8 -1 
2 2 2 2 2 -1 1 2 6 -1 -1 8 8 2 2 8 -1 -1 -1 -1 
2 1 2 2 2 2 1 1 -1 6 6 6 2 -1 2 -1 -1 1 -1 1 
2 1 1 1 2 1 -1 1 1 -1 6 -1 2 2 2 2 2 1 8 1 
1 1 1 1 1 1 1 1 -1 6 6 6 -1 2 2 1 2 -1 1 1 
1 1 2 1 1 2 1 1 1 -1 -1 -1 -1 2 -1 -1 -1 -1 1 1 
1 1 1 1 2 1 -1 1 1 -1 1 -1 -1 -1 -1 -1 -1 8 1 1 
1 1 -1 2 1 -1 1 -1 -1 1 8 8 8 8 2 -1 8 1 8 8 
1 1 1 1 1 1 -1 -1 -1 8 8 -1 8 -1 8 2 8 8 -1 -1 
8 -1 1 1 1 1 -1 8 8 8 1 2 -1 2 2 2 2 8 8 8 
8 8 8 1 -1 -1 8 8 8 1 1 1 2 2 2 8 -1 8 8 8 
8 8 -1 -1 1 -1 -1 8 1 -1 2 2 2 2 2 8 -1 8 8 -1 
-1 -1 -1 -1 1 -1 2 -1 8 1 1 1 1 -1 1 -1 -1 8 -1 8 
8 8 8 8 2 -1 2 2 2 1 1 1 1 1 1 1 8 2 8 8 
8 8 2 8 -1 2 2 2 2 2 1 1 1 2 1 8 8 8 2 8 
8 2 2 2 -1 -1 -1 -1 2 2 1 1 1 1 8 8 8 2 2 -1 
8 1 1 2 2 2 -1 2 1 2 2 -1 8 8 8 -1 8 2 -1 -1 
-1 1 2 1 2 -1 2 -1 -1 1 1 1 8 -1 8 8 8 8 -1 1 
1 2 -1 8 2 2 2 2 2 2 2 2 8 8 8 8 8 8 -1 1 
2 2 1 1 1 1 2 1 2 2 1 -1 2 2 2 1 1 1 1 2 
2 8 -1 2 1 1 1 1 1 2 1 2 -1 -1 1 2 1 1 1 2 
1 1 -1 2 -1 1 1 -1 -1 -1 1 -1 2 2 2 1 2 1 2 2 
1 1 1 -1 2 2 1 1 -1 2 2 2 2 2 2 2 1 1 1 1 
1 1 1 2 2 -1 -1 -1 1 -1 1 1 2 1 2 2 1 1 1 1 
1 1 2 1 8 8 8 -1 -1 2 1 1 1 1 2 2 1 1 1 1 
1 1 1 -1 2 -1 -1 -1 2 2 2 2 2 2 -1 3 1 1 1 1 
1 1 1 -1 2 2 -1 -1 -1 2 -1 -1 2 2 1 1 3 1 1 1 
1 2 -1 -1 2 2 -1 -1 -1 -1 -1 -1 2 2 1 1 1 1 1 1 
1 1 2 2 2 2 1 2 2 2 2 2 2 -1 1 1 1 1 1 1 
-1 1 1 -1 1 1 1 2 2 -1 2 2 3 1 1 1 1 1 1 -1 
-1 -1 -1 -1 -1 1 1 1 1 2 -1 2 2 1 1 -1 1 1 -1 -1 
1 -1 -1 -1 -1 -1 1 1 1 -1 3 -1 3 -1 -1 1 -1 1 -1 -1 
-1 -1 -1 1 -1 -1 1 1 -1 1 1 3 -1 3 -1 -1 -1 -1 1 1 
1 -1 -1 -1 -1 8 -1 8 9 1 1 2 2 2 -1 2 -1 2 8 -1 
8 1 -1 -1 1 -1 8 9 9 9 9 1 2 2 2 -1 8 2 8 8 
8 2 2 2 1 1 3 3 9 9 8 8 1 1 2 2 -1 8 8 8 
-1 -1 2 1 1 1 1 3 3 1 1 8 1 1 2 2 -1 8 8 8 
8 2 2 1 1 1 1 1 3 3 1 8 1 8 8 2 8 1 1 8 
8 2 1 -1 1 1 1 2 1 3 -1 -1 8 2 2 1 8 2 2 2 
1 1 1 2 2 1 1 1 -1 1 1 1 1 -1 -1 -1 -1 -1 1 1 
1 1 2 -1 -1 -1 1 -1 -1 -1 -1 1 -1 -1 -1 -1 -1 -1 1 1 
1 2 1 1 1 1 1 -1 -1 -1 -1 1 -1 -1 -1 -1 -1 -1 1 1 
2 1 -1 1 1 1 1 1 1 -1 1 -1 -1 4 4 -1 1 -1 -1 1 
2 -1 -1 3 1 1 1 1 1 -1 2 1 -1 2 4 -1 -1 1 1 -1 
-1 -1 -1 -1 1 2 1 1 -1 2 2 2 1 2 4 2 2 1 1 -1 
2 -1 1 2 -1 2 2 2 2 1 2 -1 -1 2 4 -1 -1 -1 -1 2 
-1 2 2 1 1 2 2 -1 -1 2 1 -1 -1 -1 2 2 2 2 2 -1 
-1 2 -1 -1 -1 1 2 -1 -1 -1 2 2 -1 1 1 2 2 2 2 -1 
1 -1 2 -1 -1 -1 1 1 2 -1 2 2 2 1 1 1 -1 2 2 -1 
2 2 2 1 2 1 1 1 1 -1 2 -1 -1 -1 1 1 -1 1 2 2 
2 -1 1 2 2 -1 -1 2 2 2 1 -1 -1 1 1 1 1 2 2 2 
1 1 2 1 -1 -1 -1 2 2 1 1 1 1 1 1 -1 1 -1 2 -1 
1 1 2 2 1 2 1 1 1 1 1 1 -1 1 1 1 1 -1 1 2 
2 1 1 2 2 2 1 1 1 -1 1 1 1 1 2 2 -1 -1 1 1 
1 2 1 1 1 1 1 1 2 2 1 -1 1 2 1 -1 -1 -1 -1 1 
1 -1 -1 -1 1 2 1 1 -1 -1 1 1 -1 2 1 -1 -1 -1 1 1 
-1 -1 -1 -1 1 1 2 1 1 1 -1 2 1 1 2 1 -1 -1 1 1 
2 1 2 2 1 2 2 1 1 -1 -1 1 1 1 1 2 2 1 1 2 
2 2 2 2 -1 2 -1 1 1 -1 1 1 1 -1 -1 -1 2 -1 1 1 
2 1 1 -1 1 -1 -1 -1 2 2 1 1 1 1 1 -1 -1 2 2 2 
-1 1 1 1 1 -1 1 2 2 1 1 1 1 1 -1 -1 2 -1 2 2 
2 2 2 1 2 -1 1 -1 1 2 2 1 1 -1 1 -1 2 -1 2 -1 
2 2 2 -1 -1 2 1 -1 1 2 1 2 2 1 -1 2 2 -1 -1 2 
2 2 -1 -1 2 2 2 2 1 1 1 1 2 4 3 4 -1 2 -1 2 
2 -1 1 1 2 2 -1 2 -1 2 2 1 -1 -1 4 3 -1 -1 -1 2 
1 1 1 -1 2 2 -1 -1 1 2 1 -1 -1 -1 4 4 1 1 -1 -1 
-1 2 -1 1 2 2 1 1 -1 2 -1 2 4 4 -1 4 1 1 1 1 
1 1 -1 2 2 2 1 1 -1 -1 2 2 -1 4 4 -1 4 1 1 1 
1 1 2 2 2 2 -1 2 2 2 2 -1 2 -1 -1 4 1 1 1 1 
1 1 -1 2 1 -1 2 -1 2 1 -1 2 2 1 1 1 1 1 -1 1 
1 2 2 1 -1 2 2 2 2 -1 -1 -1 1 2 1 1 1 -1 1 1 
2 1 -1 2 -1 1 2 2 -1 -1 2 2 2 1 1 1 -1 1 1 1 
1 -1 -1 1 2 2 -1 -1 2 -1 -1 -1 1 1 1 1 1 1 1 2 
1 -1 1 1 2 2 1 -1 2 -1 -1 -1 2 1 1 1 -1 1 1 1 
1 3 3 1 3 2 2 2 2 -1 -1 -1 1 1 -1 -1 -1 1 1 1 
1 2 1 3 -1 -1 2 2 2 -1 -1 -1 1 -1 2 2 1 1 -1 1 
1 1 1 3 1 1 -1 -1 1 2 -1 -1 -1 -1 2 2 -1 -1 1 1 
1 1 -1 1 3 -1 -1 -1 1 1 1 -1 1 2 2 2 2 -1 1 1 
1 1 -1 1 1 -1 -1 2 -1 1 1 -1 2 1 2 2 2 2 -1 1 
2 2 1 1 -1 1 2 1 1 -1 8 2 2 -1 -1 -1 2 3 -1 3 
2 1 1 1 -1 -1 -1 1 -1 8 2 8 2 1 -1 2 -1 -1 -1 3 
-1 -1 -1 -1 1 -1 1 1 1 1 1 -1 1 -1 2 -1 -1 -1 2 -1 
-1 -1 -1 -1 -1 -1 -1 1 1 1 2 2 2 2 1 -1 -1 1 1 -1 
-1 -1 -1 -1 2 -1 -1 -1 -1 -1 1 2 2 2 1 1 -1 2 2 1 
1 1 -1 2 2 -1 -1 -1 -1 -1 -1 2 2 -1 2 1 -1 2 2 2 
-1 1 1 -1 1 -1 -1 -1 -1 -1 -1 -1 2 1 -1 1 -1 -1 2 1 
-1 1 1 1 2 2 1 -1 -1 -1 -1 -1 -1 -1 1 -1 -1 -1 -1 -1 
2 1 2 1 2 1 1 1 -1 -1 -1 1 -1 1 -1 1 4 -1 -1 1 
-1 2 1 2 1 1 1 1 -1 -1 -1 -1 1 1 1 -1 4 4 2 -1 
2 2 -1 -1 1 3 3 -1 1 1 1 1 -1 1 -1 4 4 2 -1 -1 
2 1 1 1 3 3 3 1 3 1 1 -1 1 1 4 4 4 2 2 2 
2 -1 1 3 2 1 1 1 -1 1 2 -1 2 1 4 4 4 2 2 2 
-1 2 2 2 1 1 1 -1 -1 -1 2 2 2 1 3 2 1 2 2 2 
2 2 -1 2 -1 1 1 1 2 2 -1 2 1 2 3 -1 -1 1 2 2 
2 -1 -1 1 1 1 1 1 2 2 1 2 1 2 1 3 -1 1 2 2 
2 -1 1 1 1 1 -1 -1 -1 -1 2 1 1 1 3 -1 1 3 3 2 
-1 1 1 1 1 -1 1 -1 -1 1 2 2 1 1 1 1 3 1 3 1 
1 1 1 -1 1 1 2 1 1 -1 2 1 2 2 1 1 3 3 1 3 
3 1 -1 1 1 2 -1 1 1 2 1 1 2 2 3 3 3 3 3 3 
-1 -1 -1 2 2 2 -1 2 -1 8 8 8 -1 -1 -1 6 -1 6 6 -1 
-1 -1 -1 2 2 2 2 2 8 8 1 6 6 6 -1 -1 6 -1 1 -1 
1 1 1 1 2 -1 2 2 2 1 1 1 6 1 6 6 1 1 -1 1 
-1 1 1 -1 -1 2 -1 2 1 1 1 1 -1 6 6 -1 1 1 1 -1 
-1 -1 2 -1 -1 2 2 2 -1 -1 1 -1 3 6 1 -1 -1 1 -1 1 
-1 -1 -1 -1 -1 2 2 2 2 1 1 1 3 1 6 -1 6 -1 1 -1 
-1 -1 -1 -1 4 1 1 2 8 2 -1 3 1 3 6 6 1 1 2 2 
-1 -1 -1 3 4 1 1 1 2 -1 -1 -1 1 1 1 6 -1 -1 2 2 
2 2 -1 4 3 1 1 -1 1 -1 -1 1 1 -1 -1 1 -1 -1 -1 -1 
2 2 3 4 1 1 1 1 1 -1 1 -1 8 -1 1 1 2 -1 -1 2 
-1 -1 4 3 3 1 1 1 2 1 1 -1 2 1 2 1 2 2 2 2 
1 4 1 1 1 1 1 2 1 1 -1 -1 2 2 1 -1 2 -1 2 -1 
1 2 1 2 1 -1 1 -1 2 -1 2 2 2 2 -1 -1 1 2 -1 1 
9 2 1 1 1 1 1 -1 1 -1 -1 2 2 2 2 -1 2 2 1 1 
-1 2 1 1 1 1 1 1 2 1 2 2 2 2 -1 2 2 1 1 2 
-1 2 -1 1 1 2 1 2 -1 -1 -1 2 2 2 2 2 1 1 1 -1 
-1 -1 2 1 2 1 1 8 -1 -1 2 -1 2 -1 2 -1 1 1 1 -1 
-1 -1 -1 2 -1 2 2 1 8 2 -1 2 -1 2 2 -1 -1 1 -1 -1 
-1 -1 -1 -1 2 -1 2 1 1 2 -1 8 8 -1 -1 -1 -1 6 -1 1 
1 -1 -1 1 2 2 2 -1 2 1 8 8 8 -1 -1 -1 6 6 6 -1 
2 8 1 1 2 8 2 -1 2 -1 -1 -1 1 -1 -1 1 -1 -1 -1 2 
-1 8 8 1 1 2 1 2 2 2 -1 2 2 1 1 1 -1 -1 1 4 
-1 1 -1 -1 1 -1 -1 2 2 2 2 2 2 1 -1 1 -1 4 4 1 
1 1 1 1 -1 -1 2 2 2 2 1 1 1 1 1 8 -1 4 6 -1 
-1 -1 1 1 -1 2 -1 2 2 2 1 1 1 1 1 9 1 1 1 -1 
1 1 -1 -1 1 1 -1 -1 2 2 2 2 1 1 1 9 1 1 -1 1 
1 -1 8 8 1 1 -1 1 1 -1 2 2 2 -1 2 1 8 -1 1 -1 
-1 1 1 1 1 1 8 -1 2 2 2 2 2 2 1 8 8 -1 9 9 
1 1 1 1 8 1 8 8 1 2 2 2 2 2 2 -1 -1 8 2 8 
8 8 1 8 8 8 -1 1 1 1 1 2 2 2 2 -1 1 8 8 2 
2 8 1 8 8 -1 -1 1 1 1 1 1 2 2 -1 2 1 8 1 1 
2 9 8 8 8 -1 1 1 1 -1 1 2 2 -1 2 1 1 1 1 1 
1 2 8 8 8 8 8 1 2 8 2 2 2 1 1 1 1 -1 1 1 
-1 2 8 8 8 8 8 -1 8 2 2 2 -1 2 2 1 1 -1 1 1 
8 8 8 8 8 2 2 8 8 2 2 2 2 2 1 1 1 1 4 4 
1 2 8 1 8 8 8 8 8 2 2 2 2 -1 1 2 1 1 1 4 
2 -1 8 8 8 2 -1 40 8 8 1 2 2 2 2 2 2 1 1 1 
8 8 2 8 8 2 2 -1 8 -1 4 1 1 2 -1 1 2 -1 -1 -1 
-1 8 8 8 2 2 2 -1 -1 1 1 1 1 -1 -1 1 -1 -1 -1 2 
2 8 8 8 2 2 2 -1 -1 -1 1 1 -1 -1 -1 -1 -1 -1 -1 2 
4 -1 1 8 8 8 1 1 1 -1 8 8 1 2 1 -1 1 -1 -1 8 
8 -1 -1 -1 4 4 1 1 -1 8 8 1 2 2 -1 -1 -1 -1 -1 -1 
8 8 -1 8 1 4 4 1 1 1 8 -1 2 1 2 2 2 -1 -1 8 
1 -1 1 8 -1 4 1 4 4 -1 1 1 -1 1 1 2 8 2 -1 8 
8 1 8 8 6 -1 -1 4 4 4 1 -1 1 -1 2 2 8 8 -1 -1 
8 8 8 8 8 8 -1 2 2 2 4 4 2 2 2 2 8 8 -1 8 
8 8 8 8 8 8 2 2 2 2 2 1 1 2 1 1 1 1 8 2 
2 8 8 2 8 9 8 8 4 4 4 1 1 1 1 1 8 -1 8 2 
8 1 9 9 8 8 9 8 8 1 1 1 1 1 1 1 1 8 8 8 
1 8 8 8 2 2 8 8 8 8 8 -1 8 1 8 1 1 1 8 8 
8 8 -1 9 2 8 8 8 8 8 8 8 1 8 1 1 1 8 8 1 
8 1 -1 8 -1 8 -1 8 8 8 8 -1 -1 1 1 1 1 -1 -1 8 
8 -1 8 8 8 8 8 8 8 8 8 -1 8 -1 -1 1 1 -1 1 1 
8 8 8 8 8 8 8 8 8 -1 8 8 8 4 -1 1 -1 -1 8 -1 
8 8 8 3 3 8 8 8 8 8 8 8 1 4 8 -1 1 1 8 8 
8 8 1 8 8 8 8 8 2 8 8 -1 8 8 4 4 4 1 1 8 
8 1 8 8 1 8 8 2 8 8 -1 -1 -1 1 4 1 1 1 1 8 
8 8 8 8 8 1 8 8 -1 -1 -1 -1 1 4 2 1 1 -1 -1 8 
-1 -1 8 1 1 1 1 8 -1 -1 -1 -1 1 1 2 2 1 1 -1 -1 
-1 -1 -1 8 -1 1 8 8 -1 8 8 8 1 2 -1 1 -1 -1 -1 8 
8 8 2 8 8 8 -1 -1 -1 9 -1 8 2 8 -1 -1 -1 -1 -1 -1 
8 8 8 1 8 8 -1 -1 -1 9 8 8 8 8 8 -1 -1 -1 -1 8 
8 8 8 8 1 -1 8 -1 -1 -1 1 8 8 8 -1 -1 -1 -1 -1 -1 
8 -1 32 -1 8 -1 8 -1 -1 -1 -1 8 8 8 -1 -1 1 1 -1 -1 
-1 1 1 32 -1 -1 8 -1 -1 -1 -1 -1 8 3 -1 2 -1 2 -1 -1 
-1 -1 8 1 -1 8 -1 -1 1 -1 -1 -1 3 3 2 2 -1 -1 8 -1 
8 8 8 8 -1 -1 -1 -1 -1 -1 -1 -1 -1 -1 -1 -1 2 -1 -1 8 
8 1 8 1 -1 8 -1 -1 -1 -1 -1 -1 -1 8 -1 1 1 -1 -1 -1 
8 8 1 1 8 -1 -1 -1 -1 8 -1 -1 8 8 8 -1 -1 8 8 8 
8 8 8 1 -1 -1 8 -1 -1 8 8 8 -1 8 8 -1 8 8 8 8 
8 8 1 1 -1 8 -1 8 8 8 -1 8 8 -1 -1 -1 -1 8 8 8 
8 8 8 1 1 -1 8 -1 8 8 -1 -1 -1 -1 -1 8 8 8 8 8 
8 8 8 -1 1 8 8 8 8 8 8 -1 -1 -1 8 8 8 8 8 8 
8 8 8 1 8 1 -1 -1 8 -1 -1 -1 -1 -1 8 8 8 8 8 8 
8 8 8 1 8 1 -1 -1 -1 -1 -1 -1 -1 -1 -1 8 8 8 8 8 
8 8 1 8 1 -1 -1 1 -1 -1 -1 -1 8 8 8 -1 8 8 8 8 
8 8 8 1 8 1 1 -1 2 -1 -1 -1 8 8 8 32 -1 -1 8 8 
8 8 8 -1 1 1 2 2 -1 -1 -1 -1 -1 -1 -1 32 -1 8 -1 -1 
8 8 8 8 1 1 1 2 -1 -1 -1 8 8 -1 -1 8 8 8 -1 8 
8 8 8 1 -1 1 -1 -1 2 9 8 8 2 -1 -1 -1 -1 -1 -1 -1 
1 1 -1 -1 -1 -1 -1 -1 -1 1 1 1 1 -1 -1 -1 -1 -1 1 1 
1 -1 -1 -1 -1 -1 -1 -1 -1 1 1 -1 -1 -1 -1 -1 -1 -1 -1 -1 
-1 -1 -1 -1 -1 -1 -1 -1 6 6 2 -1 -1 -1 -1 -1 -1 -1 1 1 
-1 -1 -1 1 -1 -1 -1 1 2 6 2 -1 -1 -1 -1 -1 -1 1 1 -1 
1 1 -1 -1 1 -1 -1 -1 1 -1 -1 -1 -1 1 1 1 -1 1 1 -1 
-1 -1 1 1 -1 1 -1 -1 1 1 -1 -1 -1 -1 1 1 1 -1 -1 -1 
-1 -1 1 1 -1 -1 -1 1 1 -1 -1 2 -1 -1 -1 1 1 -1 -1 -1 
-1 -1 -1 -1 1 1 1 1 1 -1 2 2 -1 -1 -1 -1 -1 -1 -1 -1 
-1 -1 -1 -1 1 -1 -1 1 -1 -1 2 8 2 -1 -1 -1 -1 1 -1 -1 
-1 -1 -1 -1 1 1 1 1 -1 -1 2 -1 -1 -1 1 -1 -1 1 -1 -1 
-1 -1 1 1 1 1 -1 -1 -1 -1 -1 -1 -1 2 2 1 -1 1 -1 -1 
-1 -1 -1 1 -1 1 -1 -1 -1 -1 -1 1 1 2 -1 1 1 2 1 1 
-1 1 1 1 -1 -1 -1 -1 -1 -1 -1 -1 1 -1 1 1 2 1 1 -1 
-1 -1 -1 -1 -1 -1 -1 -1 -1 -1 -1 -1 1 1 -1 2 2 2 1 1 
1 1 -1 -1 -1 -1 -1 -1 -1 1 -1 -1 1 1 1 2 2 -1 1 -1 
1 -1 -1 -1 -1 -1 -1 -1 1 1 1 1 1 1 1 -1 -1 -1 -1 1 
1 -1 8 -1 -1 -1 -1 -1 1 1 1 1 1 1 1 1 -1 -1 -1 -1 
1 1 -1 -1 -1 -1 -1 -1 -1 1 1 1 1 1 1 1 1 -1 -1 1 
-1 1 -1 -1 -1 -1 -1 2 1 1 1 1 -1 -1 -1 1 1 1 -1 -1 
1 -1 1 -1 -1 -1 -1 1 -1 1 1 1 1 1 -1 -1 -1 1 1 -1 
-1 -1 -1 -1 -1 1 1 1 1 -1 -1 1 1 -1 -1 1 -1 1 1 1 
1 1 -1 -1 -1 -1 1 1 1 -1 -1 -1 1 -1 -1 -1 -1 -1 -1 -1 
-1 1 1 -1 -1 -1 1 -1 -1 -1 -1 -1 -1 -1 -1 -1 -1 -1 -1 1 
-1 -1 1 -1 -1 -1 2 -1 -1 -1 -1 -1 -1 -1 -1 -1 -1 -1 -1 -1 
2 -1 2 -1 -1 2 -1 -1 -1 -1 -1 -1 -1 -1 -1 -1 1 1 -1 -1 
-1 2 -1 -1 -1 -1 2 -1 -1 -1 -1 -1 -1 -1 6 -1 2 2 -1 -1 
1 -1 2 -1 -1 2 -1 -1 -1 -1 -1 -1 -1 -1 2 6 2 -1 -1 1 
1 -1 1 3 -1 -1 -1 -1 -1 -1 -1 -1 -1 -1 1 1 -1 -1 -1 -1 
-1 1 1 -1 -1 1 -1 -1 -1 -1 -1 -1 -1 1 -1 -1 -1 -1 -1 1 
-1 1 1 1 1 1 -1 -1 -1 -1 -1 -1 -1 1 -1 -1 -1 -1 1 -1 
-1 -1 1 1 -1 1 -1 -1 -1 -1 -1 -1 -1 1 -1 -1 -1 -1 -1 -1 
-1 -1 -1 -1 1 -1 1 -1 -1 -1 -1 -1 1 1 1 1 -1 1 -1 -1 
-1 1 -1 -1 -1 -1 1 -1 -1 -1 -1 -1 -1 -1 -1 -1 1 -1 -1 -1 
1 -1 -1 -1 -1 -1 -1 -1 -1 -1 -1 -1 -1 -1 -1 -1 1 -1 -1 -1 
-1 -1 -1 -1 -1 -1 -1 -1 -1 -1 -1 -1 -1 -1 1 1 -1 -1 1 1 
1 -1 -1 -1 -1 -1 -1 -1 -1 -1 -1 -1 -1 -1 -1 -1 -1 1 -1 1 
-1 -1 -1 -1 -1 -1 -1 -1 -1 -1 -1 -1 -1 -1 -1 -1 1 1 1 1 
1 -1 -1 -1 -1 -1 -1 1 -1 -1 1 -1 1 -1 -1 -1 1 -1 -1 1 
6 6 -1 -1 -1 -1 1 1 1 1 -1 1 1 1 -1 -1 -1 -1 2 2 
-1 6 6 -1 -1 1 1 1 1 1 1 1 1 1 1 -1 -1 1 1 -1 
-1 -1 -1 -1 -1 -1 -1 -1 1 -1 1 -1 -1 -1 -1 1 -1 -1 -1 -1 
-1 -1 -1 -1 -1 -1 -1 -1 -1 1 -1 -1 -1 -1 -1 -1 1 -1 -1 -1 
-1 -1 -1 -1 -1 -1 -1 1 1 -1 -1 -1 -1 -1 -1 -1 -1 -1 -1 -1 
-1 -1 -1 -1 -1 -1 -1 -1 1 1 -1 -1 -1 1 -1 -1 -1 -1 -1 -1 
-1 -1 -1 -1 -1 -1 -1 1 1 2 2 1 1 -1 1 1 1 -1 -1 3 
-1 -1 -1 -1 -1 -1 1 1 1 -1 1 2 1 1 1 1 -1 -1 3 -1 
-1 -1 -1 -1 -1 -1 1 -1 1 -1 2 1 1 1 1 1 -1 -1 -1 -1 
-1 -1 -1 -1 -1 -1 -1 -1 -1 2 1 1 1 1 1 2 -1 2 1 -1 
-1 1 -1 -1 -1 -1 -1 -1 -1 -1 1 1 -1 -1 1 2 1 2 2 1 
1 1 -1 -1 -1 -1 -1 -1 -1 -1 1 1 1 1 1 1 1 2 2 -1 
-1 1 1 -1 -1 -1 -1 -1 -1 1 1 1 1 -1 1 1 -1 2 -1 -1 
1 1 1 -1 -1 -1 -1 -1 -1 -1 -1 1 -1 1 2 -1 1 1 -1 -1 
1 1 1 -1 -1 -1 -1 -1 -1 -1 1 1 1 -1 -1 -1 -1 -1 -1 -1 
1 -1 1 -1 -1 -1 -1 -1 -1 -1 -1 -1 1 -1 -1 -1 -1 -1 -1 -1 
-1 1 -1 -1 -1 -1 -1 -1 -1 -1 -1 -1 1 -1 -1 -1 -1 -1 -1 -1 
-1 -1 -1 -1 -1 -1 -1 -1 2 -1 -1 -1 1 1 -1 -1 -1 -1 -1 -1 
-1 -1 -1 -1 -1 -1 -1 -1 2 2 -1 -1 -1 -1 -1 -1 -1 -1 -1 -1 
-1 -1 -1 -1 -1 -1 -1 -1 -1 2 -1 -1 -1 -1 -1 -1 -1 -1 -1 -1 
-1 -1 -1 -1 -1 -1 -1 -1 -1 1 -1 -1 -1 -1 -1 -1 -1 -1 -1 -1 
-1 -1 -1 -1 -1 -1 -1 -1 1 1 -1 -1 -1 -1 -1 -1 -1 -1 -1 -1 
-1 -1 -1 -1 2 -1 2 -1 -1 -1 -1 -1 1 -1 2 2 -1 2 -1 -1 
-1 -1 -1 -1 -1 2 1 -1 -1 -1 -1 -1 -1 -1 -1 2 2 2 -1 -1 
-1 -1 -1 -1 2 -1 1 -1 -1 -1 -1 2 2 2 -1 -1 2 -1 2 -1 
-1 -1 -1 -1 -1 1 1 -1 -1 -1 -1 2 2 2 -1 2 -1 -1 -1 -1 
-1 2 -1 -1 -1 1 1 -1 -1 -1 -1 -1 -1 2 -1 -1 -1 -1 -1 -1 
-1 -1 -1 -1 2 -1 1 1 -1 -1 -1 -1 -1 -1 -1 1 -1 -1 -1 -1 
-1 -1 -1 -1 2 1 1 1 1 -1 -1 8 -1 -1 -1 -1 -1 -1 -1 -1 
2 2 -1 -1 2 -1 -1 -1 8 -1 8 -1 -1 -1 -1 -1 -1 -1 -1 2 
2 2 -1 -1 -1 2 -1 -1 8 8 8 2 -1 -1 -1 -1 -1 -1 -1 -1 
-1 -1 -1 -1 2 2 2 -1 -1 8 2 8 -1 -1 -1 -1 -1 -1 -1 -1 
-1 -1 -1 -1 -1 2 8 8 -1 -1 -1 -1 -1 -1 -1 -1 -1 -1 -1 -1 
-1 -1 -1 2 2 8 -1 -1 -1 -1 -1 -1 -1 -1 -1 -1 -1 -1 -1 -1 
-1 -1 -1 -1 2 -1 -1 -1 -1 -1 -1 -1 -1 -1 -1 -1 -1 -1 -1 -1 
1 -1 -1 -1 -1 8 -1 -1 -1 -1 -1 -1 -1 -1 -1 -1 -1 -1 1 1 
-1 -1 -1 -1 2 2 -1 -1 -1 -1 -1 -1 -1 -1 -1 -1 -1 -1 1 1 
-1 -1 -1 -1 -1 -1 2 -1 -1 -1 -1 -1 -1 -1 -1 -1 -1 -1 -1 1 
-1 -1 -1 -1 -1 -1 -1 -1 -1 -1 -1 1 -1 -1 2 -1 -1 -1 -1 -1 
-1 -1 -1 -1 -1 -1 -1 -1 -1 -1 -1 1 1 -1 2 2 -1 -1 -1 -1 
-1 -1 -1 -1 -1 2 -1 2 -1 -1 -1 1 1 -1 2 2 -1 -1 -1 -1 
-1 -1 -1 -1 -1 2 -1 2 -1 -1 -1 -1 -1 1 -1 2 -1 -1 -1 -1 
-1 1 1 -1 -1 -1 -1 -1 -1 -1 -1 -1 -1 -1 -1 -1 -1 -1 -1 -1 
-1 1 -1 -1 -1 1 -1 3 -1 1 -1 -1 -1 -1 -1 -1 -1 -1 -1 -1 
-1 -1 -1 1 1 -1 -1 1 3 -1 1 3 -1 -1 -1 1 1 -1 -1 -1 
-1 -1 -1 1 -1 -1 1 -1 3 1 3 1 1 -1 1 1 -1 -1 -1 -1 
-1 -1 -1 -1 -1 -1 1 3 -1 3 1 1 1 -1 -1 -1 -1 -1 -1 -1 
-1 -1 -1 -1 -1 -1 -1 -1 1 1 -1 -1 1 1 -1 -1 -1 -1 -1 -1 
-1 -1 -1 -1 8 -1 -1 -1 1 -1 1 1 -1 -1 -1 -1 -1 -1 -1 -1 
-1 -1 8 -1 8 -1 -1 -1 -1 2 -1 8 8 -1 -1 -1 -1 -1 -1 -1 
-1 -1 8 8 8 -1 -1 -1 -1 -1 -1 8 8 -1 -1 -1 -1 -1 -1 -1 
-1 8 8 8 -1 -1 -1 -1 -1 -1 -1 8 8 -1 -1 -1 -1 -1 -1 -1 
-1 -1 8 8 8 -1 -1 -1 -1 -1 -1 -1 -1 -1 1 -1 -1 -1 -1 -1 
-1 -1 -1 8 8 -1 -1 -1 -1 -1 -1 -1 -1 -1 1 1 -1 -1 -1 -1 
-1 -1 1 1 1 -1 -1 -1 -1 -1 -1 -1 -1 -1 8 8 -1 -1 -1 -1 
-1 1 -1 -1 -1 -1 -1 -1 -1 -1 -1 -1 -1 -1 8 1 -1 -1 -1 -1 
-1 -1 -1 -1 -1 -1 -1 -1 1 -1 -1 -1 -1 -1 -1 -1 -1 -1 -1 -1 
-1 -1 -1 -1 -1 -1 -1 -1 1 -1 -1 -1 -1 -1 -1 -1 -1 -1 -1 -1 
-1 -1 -1 -1 -1 -1 1 -1 -1 1 -1 -1 -1 -1 -1 -1 -1 -1 -1 -1 
-1 -1 -1 -1 -1 -1 -1 1 -1 1 -1 -1 -1 -1 -1 -1 -1 -1 1 -1 
-1 -1 -1 -1 -1 -1 -1 -1 -1 -1 -1 -1 -1 -1 -1 -1 1 1 -1 -1 
-1 -1 -1 -1 -1 -1 -1 -1 -1 -1 -1 -1 -1 -1 -1 -1 -1 -1 -1 -1 
-1 8 8 -1 -1 -1 -1 -1 -1 -1 -1 -1 -1 -1 -1 -1 -1 -1 -1 -1 
-1 -1 -1 -1 -1 -1 -1 -1 -1 -1 8 -1 -1 -1 8 -1 -1 -1 -1 -1 
-1 -1 -1 -1 -1 -1 -1 -1 -1 -1 8 8 8 -1 8 -1 -1 -1 -1 -1 
-1 -1 -1 -1 -1 -1 -1 -1 -1 -1 -1 -1 8 8 8 8 8 -1 -1 -1 
-1 -1 9 -1 -1 -1 -1 -1 8 8 8 8 -1 -1 -1 -1 -1 8 8 8 
-1 -1 -1 9 -1 -1 -1 -1 -1 8 -1 -1 1 1 8 -1 -1 -1 -1 -1 
8 -1 1 -1 -1 -1 -1 -1 -1 -1 1 1 -1 1 8 -1 -1 -1 -1 -1 
8 8 1 1 -1 -1 -1 -1 -1 1 -1 1 -1 -1 8 -1 -1 -1 8 8 
8 8 8 1 -1 -1 -1 -1 -1 -1 -1 1 1 -1 1 1 -1 -1 8 8 
8 1 -1 -1 -1 -1 -1 -1 -1 -1 -1 -1 -1 -1 -1 8 8 -1 8 -1 
8 2 2 2 2 -1 -1 -1 2 -1 -1 -1 -1 -1 8 8 -1 -1 -1 -1 
2 2 2 2 2 2 -1 2 -1 -1 -1 -1 -1 -1 -1 8 -1 -1 -1 -1 
-1 2 2 2 2 -1 2 -1 -1 -1 -1 -1 -1 -1 1 1 -1 -1 -1 2 
-1 -1 2 -1 -1 8 1 -1 -1 -1 -1 -1 -1 -1 1 1 -1 -1 -1 -1 
-1 2 2 -1 -1 8 1 1 1 -1 8 -1 -1 -1 -1 -1 -1 -1 -1 2 
2 2 -1 -1 8 1 8 1 1 8 8 -1 -1 -1 -1 -1 -1 2 -1 -1 
-1 -1 -1 8 8 8 8 1 1 1 1 -1 -1 -1 2 -1 2 2 2 -1 
-1 -1 -1 -1 -1 8 8 1 1 1 -1 8 8 2 -1 -1 -1 2 2 -1 
-1 -1 -1 -1 -1 -1 -1 8 8 -1 -1 -1 2 -1 -1 -1 -1 -1 -1 -1 
-1 8 -1 -1 -1 -1 -1 -1 -1 -1 -1 -1 -1 -1 -1 -1 -1 -1 -1 -1 
8 8 -1 -1 -1 -1 -1 -1 -1 -1 -1 2 1 -1 -1 -1 -1 8 -1 8 
8 -1 -1 1 -1 -1 -1 -1 2 -1 2 1 -1 -1 -1 -1 -1 -1 -1 -1 
8 8 1 1 -1 -1 -1 -1 -1 2 -1 -1 9 9 3 -1 -1 -1 -1 -1 
1 1 1 1 -1 -1 -1 -1 2 -1 -1 -1 -1 3 1 -1 -1 -1 -1 -1 
1 8 8 8 -1 8 8 -1 -1 9 -1 -1 -1 -1 1 1 -1 -1 2 -1 
1 1 -1 -1 8 8 -1 8 9 2 -1 -1 -1 1 -1 -1 -1 2 -1 -1 
-1 8 -1 8 8 8 8 8 2 -1 -1 9 9 2 9 9 -1 -1 -1 -1 
-1 -1 -1 2 2 8 -1 -1 -1 2 -1 2 2 2 9 9 -1 -1 -1 -1 
-1 -1 1 2 2 2 -1 9 -1 8 2 2 2 8 8 1 -1 -1 -1 -1 
1 -1 1 1 2 2 9 8 8 8 -1 -1 -1 2 -1 1 -1 -1 -1 -1 
-1 -1 1 2 2 2 8 8 8 8 8 -1 -1 -1 -1 -1 -1 -1 -1 1 
1 1 -1 -1 -1 8 8 8 8 -1 -1 8 -1 -1 -1 -1 -1 -1 -1 -1 
-1 -1 -1 -1 -1 8 8 8 -1 -1 8 2 -1 2 2 -1 -1 -1 -1 -1 
-1 -1 -1 -1 -1 -1 -1 -1 8 8 2 -1 -1 2 -1 -1 -1 -1 -1 -1 
-1 -1 2 -1 -1 2 -1 -1 -1 -1 -1 2 -1 -1 -1 -1 -1 -1 -1 -1 
-1 -1 2 -1 -1 2 -1 -1 -1 -1 -1 -1 -1 -1 -1 -1 -1 -1 -1 -1 
-1 -1 -1 8 -1 -1 -1 -1 -1 -1 -1 -1 -1 -1 -1 -1 -1 -1 -1 -1 
-1 -1 -1 -1 -1 8 -1 -1 -1 2 2 -1 -1 -1 -1 -1 -1 -1 -1 -1 
-1 -1 8 8 8 -1 -1 -1 2 2 -1 -1 -1 -1 -1 -1 -1 8 -1 -1 
-1 8 8 -1 8 -1 -1 -1 -1 -1 -1 -1 -1 1 -1 -1 -1 8 8 -1 
1 1 1 2 8 -1 -1 8 1 1 -1 -1 -1 -1 -1 -1 -1 -1 -1 1 
-1 -1 -1 -1 -1 -1 -1 -1 8 1 1 -1 8 8 8 -1 -1 8 1 -1 
-1 -1 -1 -1 -1 -1 -1 -1 8 -1 8 8 8 -1 8 -1 8 -1 -1 -1 
-1 -1 -1 -1 -1 -1 -1 -1 -1 8 -1 -1 8 8 8 8 -1 -1 2 -1 
-1 -1 -1 -1 -1 -1 -1 -1 -1 8 -1 -1 -1 8 8 2 2 -1 2 -1 
-1 -1 -1 -1 -1 -1 -1 -1 -1 8 8 8 8 8 8 8 -1 2 -1 -1 
-1 -1 -1 -1 -1 -1 -1 -1 -1 -1 -1 8 1 8 8 8 -1 8 -1 -1 
-1 -1 2 -1 -1 -1 -1 -1 8 -1 8 8 8 -1 -1 8 8 8 8 1 
-1 -1 2 -1 -1 -1 -1 -1 -1 8 1 8 8 1 8 8 -1 8 1 -1 
-1 -1 -1 -1 -1 -1 -1 -1 -1 8 8 8 8 8 -1 8 8 8 1 -1 
1 -1 -1 -1 -1 -1 -1 -1 -1 8 8 8 8 8 8 8 -1 -1 -1 1 
-1 -1 -1 -1 -1 -1 -1 -1 8 -1 8 8 -1 -1 -1 8 8 8 -1 -1 
-1 -1 -1 8 8 -1 -1 -1 -1 8 8 8 8 -1 -1 -1 1 -1 -1 -1 
-1 -1 -1 1 1 8 -1 -1 8 -1 8 8 -1 -1 -1 -1 1 1 -1 -1 
-1 -1 1 1 8 -1 -1 8 8 8 8 8 8 -1 -1 -1 -1 1 -1 -1 
-1 -1 1 1 -1 1 8 8 8 8 8 8 2 -1 -1 -1 -1 -1 -1 -1 
-1 -1 1 1 1 8 8 8 8 -1 2 -1 2 2 2 2 1 -1 -1 1 
1 1 -1 -1 1 8 8 -1 8 2 8 8 2 2 2 -1 -1 -1 -1 -1 
1 1 1 -1 8 -1 -1 -1 -1 2 8 2 2 -1 2 -1 -1 -1 1 -1 
1 1 1 8 -1 -1 -1 1 -1 -1 2 -1 -1 2 -1 -1 -1 1 1 1 
1 1 1 1 1 -1 -1 8 8 8 8 8 -1 2 -1 1 -1 8 -1 -1 
-1 1 1 1 1 -1 -1 -1 -1 8 -1 -1 -1 2 1 1 2 -1 -1 -1 
-1 -1 -1 1 -1 -1 -1 -1 -1 8 -1 -1 -1 8 8 1 2 2 -1 -1 
2 -1 2 -1 2 -1 -1 1 1 -1 -1 -1 8 -1 -1 8 8 2 2 2 
-1 -1 2 2 2 2 -1 1 -1 1 -1 -1 -1 -1 8 8 -1 -1 -1 2 
-1 8 -1 2 2 -1 -1 -1 -1 -1 -1 1 4 1 -1 8 8 8 -1 -1 
8 -1 -1 -1 -1 -1 -1 -1 -1 -1 -1 4 4 -1 4 -1 8 2 2 8 
8 8 -1 -1 -1 -1 -1 -1 -1 -1 -1 -1 4 4 4 -1 -1 -1 -1 -1 
-1 -1 -1 -1 -1 -1 -1 1 4 2 8 -1 -1 4 4 -1 -1 -1 8 -1 
-1 2 -1 2 -1 2 -1 -1 1 -1 2 8 8 4 -1 -1 -1 8 8 8 
-1 2 2 2 2 -1 2 1 4 2 2 2 4 4 8 2 8 8 8 -1 
8 -1 1 2 -1 -1 -1 2 -1 2 2 2 4 -1 -1 8 2 8 2 8 
-1 -1 1 -1 -1 8 2 -1 -1 2 2 2 8 1 1 -1 -1 2 2 8 
-1 -1 -1 1 -1 8 -1 -1 -1 -1 2 2 2 2 2 -1 8 2 -1 8 
8 -1 1 -1 8 8 -1 -1 8 8 8 2 8 2 2 1 8 -1 1 8 
-1 1 1 -1 -1 8 8 -1 8 8 8 8 8 -1 -1 -1 1 1 1 1 
1 -1 -1 1 -1 -1 -1 -1 8 2 -1 2 -1 -1 -1 1 1 1 1 1 
1 1 1 1 1 -1 -1 -1 8 -1 -1 -1 2 -1 -1 -1 -1 1 1 1 
1 1 1 1 1 -1 -1 -1 8 -1 8 -1 -1 2 -1 -1 -1 -1 -1 1 
1 1 1 1 1 8 8 8 8 8 8 8 2 -1 -1 1 -1 -1 -1 -1 
-1 -1 -1 -1 -1 -1 -1 2 1 2 -1 2 8 -1 -1 -1 -1 -1 -1 1 
1 -1 -1 -1 8 8 2 -1 2 1 -1 -1 1 -1 -1 -1 -1 -1 -1 2 
2 -1 -1 -1 8 -1 -1 1 1 2 1 1 -1 1 -1 -1 -1 -1 -1 2 
2 -1 -1 8 8 -1 -1 1 -1 -1 1 1 1 1 1 -1 -1 2 -1 2 
2 2 -1 -1 -1 -1 -1 -1 -1 -1 -1 -1 1 1 2 -1 -1 -1 2 2 
-1 -1 -1 2 -1 -1 -1 -1 -1 -1 -1 -1 1 2 2 2 2 -1 -1 2 
-1 -1 2 2 -1 -1 -1 -1 -1 -1 -1 -1 -1 -1 2 2 -1 -1 -1 -1 
-1 2 2 2 -1 2 2 -1 -1 -1 -1 -1 -1 -1 4 2 -1 -1 -1 -1 
2 2 -1 2 2 2 2 4 -1 -1 2 2 -1 -1 4 4 -1 -1 -1 2 
2 2 2 2 2 1 2 -1 -1 -1 -1 -1 -1 -1 -1 -1 2 -1 2 2 
2 2 2 1 2 2 2 2 -1 -1 2 -1 2 2 2 -1 -1 2 2 2 
2 2 -1 2 2 2 2 2 -1 2 -1 2 2 2 -1 2 -1 2 -1 2 
2 2 2 -1 1 1 2 -1 -1 -1 2 2 2 2 2 2 2 -1 2 2 
2 2 2 -1 1 1 -1 2 -1 -1 -1 -1 2 2 2 2 2 -1 -1 2 
2 2 2 2 2 2 1 2 2 -1 -1 -1 -1 2 2 -1 2 2 -1 -1 
2 2 2 2 2 2 2 2 -1 -1 -1 -1 -1 2 2 -1 2 -1 -1 -1 
-1 2 2 1 2 2 2 -1 2 -1 -1 -1 -1 2 -1 -1 -1 -1 -1 2 
-1 -1 1 1 -1 2 2 2 -1 -1 -1 -1 -1 -1 -1 -1 -1 -1 -1 -1 
-1 -1 -1 -1 2 -1 1 2 -1 -1 -1 -1 -1 2 -1 -1 -1 -1 -1 -1 
-1 -1 -1 -1 -1 -1 -1 2 2 -1 -1 2 2 -1 -1 -1 -1 -1 -1 -1 
-1 -1 -1 -1 -1 -1 -1 1 -1 1 1 1 -1 1 1 -1 -1 -1 -1 -1 
-1 -1 -1 -1 -1 -1 -1 -1 -1 -1 1 1 1 1 -1 -1 1 1 1 -1 
-1 -1 -1 -1 -1 -1 4 -1 -1 -1 -1 1 1 1 -1 1 1 -1 1 1 
-1 -1 -1 -1 -1 -1 4 4 4 -1 4 -1 -1 -1 -1 -1 -1 1 1 -1 
-1 -1 -1 -1 -1 -1 -1 4 4 4 1 4 -1 -1 -1 -1 -1 -1 -1 -1 
-1 4 4 -1 -1 -1 -1 4 -1 4 4 -1 4 -1 -1 -1 -1 -1 -1 -1 
4 4 4 -1 4 -1 -1 -1 4 4 4 -1 -1 -1 -1 -1 -1 -1 4 -1 
-1 4 -1 -1 -1 -1 -1 4 4 4 4 4 -1 -1 -1 -1 -1 -1 4 4 
4 4 1 -1 -1 -1 -1 -1 -1 4 -1 4 -1 2 1 -1 4 4 -1 4 
-1 1 1 -1 -1 -1 4 -1 4 4 -1 -1 2 2 4 2 4 -1 -1 1 
-1 1 -1 -1 -1 -1 4 4 -1 4 4 2 4 4 4 1 4 1 1 1 
-1 1 1 -1 -1 -1 -1 -1 4 4 2 2 2 2 4 4 4 -1 -1 1 
-1 -1 -1 -1 -1 -1 -1 4 4 2 -1 -1 -1 4 4 4 4 4 4 4 
-1 -1 -1 -1 -1 -1 4 4 2 4 -1 -1 -1 4 2 4 4 4 4 -1 
-1 -1 1 -1 -1 -1 -1 -1 4 4 4 -1 2 4 4 4 2 4 4 6 
-1 -1 2 -1 -1 4 4 -1 4 4 1 1 4 -1 1 1 2 4 6 -1 
2 2 -1 -1 -1 -1 -1 -1 -1 1 1 1 1 -1 2 1 4 4 4 -1 
-1 -1 -1 -1 -1 -1 -1 -1 -1 -1 1 2 -1 2 -1 4 6 6 4 -1 
-1 -1 -1 -1 -1 -1 -1 2 -1 1 2 -1 -1 1 2 4 4 4 4 4 
-1 -1 -1 -1 -1 -1 -1 -1 1 -1 -1 -1 1 1 1 1 4 -1 -1 -1 
1 1 1 -1 -1 -1 -1 4 1 -1 4 4 6 4 4 32 2 1 1 2 
2 1 -1 1 1 -1 1 1 1 1 -1 4 6 4 2 32 32 2 2 -1 
2 -1 1 2 4 1 4 1 1 1 4 4 4 2 4 4 4 4 -1 2 
-1 -1 1 4 4 4 4 1 1 1 -1 4 1 4 1 4 4 4 1 2 
1 1 1 1 4 1 1 1 1 -1 1 1 1 1 4 4 4 1 4 1 
1 1 1 4 4 1 1 1 4 1 1 1 1 4 4 4 4 4 1 1 
1 1 4 2 2 1 1 4 1 6 1 1 1 4 4 1 4 4 1 1 
2 2 -1 -1 1 1 4 4 4 4 1 1 1 1 1 1 1 4 1 1 
2 2 -1 -1 1 1 4 4 4 -1 -1 4 4 1 1 1 1 6 4 -1 
2 -1 -1 -1 -1 1 4 -1 4 4 -1 4 -1 -1 4 4 -1 6 2 4 
2 2 -1 -1 -1 -1 4 4 4 4 4 4 -1 4 4 4 -1 2 -1 -1 
-1 2 1 -1 -1 -1 1 -1 4 4 4 4 4 -1 4 4 2 -1 2 -1 
2 -1 1 1 1 1 -1 -1 4 4 4 4 4 4 1 1 1 2 2 2 
2 -1 -1 1 1 1 1 4 4 -1 4 4 4 4 1 1 2 2 2 2 
2 2 8 1 1 -1 1 6 4 4 4 4 4 -1 1 1 1 -1 2 -1 
2 1 1 8 8 1 -1 -1 2 2 4 -1 4 4 1 -1 1 1 2 2 
2 -1 -1 -1 -1 -1 -1 -1 6 4 4 4 4 -1 1 6 1 -1 1 2 
2 -1 -1 -1 -1 -1 4 4 4 4 4 4 4 1 32 6 4 -1 8 2 
2 -1 1 -1 -1 -1 -1 4 1 4 4 2 4 4 32 1 2 4 2 2 
2 1 1 -1 -1 -1 -1 -1 4 1 4 -1 2 2 32 32 1 2 1 1 
2 2 1 2 4 4 4 -1 -1 -1 -1 2 2 2 2 2 -1 -1 2 2 
2 2 2 1 4 1 -1 -1 1 -1 -1 -1 -1 2 -1 -1 2 -1 2 2 
1 8 1 4 1 4 -1 -1 -1 1 -1 -1 2 2 -1 -1 -1 2 2 1 
1 1 1 4 -1 -1 -1 -1 1 1 -1 -1 -1 2 2 -1 8 -1 -1 8 
1 8 -1 -1 -1 -1 -1 -1 4 4 4 2 2 2 2 8 8 8 -1 8 
8 1 -1 -1 -1 2 -1 -1 -1 4 4 -1 4 2 2 -1 8 8 8 8 
8 -1 1 2 2 2 -1 -1 -1 1 4 4 2 2 2 2 -1 1 8 -1 
-1 -1 -1 1 -1 2 -1 -1 6 2 -1 2 4 1 2 2 2 2 8 8 
2 2 1 -1 1 1 2 -1 -1 -1 2 2 1 -1 -1 2 2 2 8 8 
2 2 1 1 -1 1 -1 4 -1 -1 -1 -1 -1 -1 -1 2 2 2 2 -1 
-1 1 1 1 1 1 2 -1 -1 1 -1 1 -1 2 2 2 2 3 -1 2 
2 1 1 1 1 1 2 -1 -1 1 1 -1 -1 -1 -1 -1 2 2 2 1 
1 1 1 1 1 1 -1 -1 -1 1 1 -1 -1 1 -1 -1 2 2 1 1 
1 1 1 1 2 -1 -1 4 4 -1 -1 1 -1 1 -1 -1 2 2 -1 1 
2 1 -1 2 -1 2 2 -1 -1 -1 1 -1 1 -1 1 -1 -1 2 -1 2 
2 2 2 -1 2 -1 2 1 1 1 -1 -1 -1 -1 2 2 2 2 2 2 
-1 -1 -1 -1 -1 1 -1 2 1 -1 -1 -1 -1 1 2 2 2 2 -1 2 
-1 -1 -1 1 1 -1 -1 -1 -1 2 1 1 1 -1 1 2 2 2 2 -1 
-1 2 1 1 1 -1 -1 -1 2 2 -1 -1 -1 1 -1 1 2 2 2 -1 
2 2 1 1 -1 -1 -1 -1 -1 2 -1 2 2 2 1 -1 2 2 2 2 
3 2 2 2 2 1 2 2 -1 1 1 1 -1 1 1 1 1 1 -1 -1 
3 3 2 -1 2 -1 -1 -1 1 1 1 1 -1 -1 1 1 2 -1 3 3 
3 -1 -1 2 2 2 -1 -1 -1 1 1 -1 2 2 2 -1 2 -1 -1 2 
2 1 -1 -1 2 2 2 1 1 6 -1 8 2 2 -1 2 2 3 -1 -1 
1 1 1 1 2 2 2 6 6 8 8 8 8 2 2 2 3 3 2 3 
-1 -1 -1 1 1 2 2 -1 8 8 8 4 4 2 2 2 2 2 3 2 
-1 -1 1 -1 -1 2 2 -1 -1 -1 -1 -1 3 2 2 2 -1 -1 -1 1 
1 -1 -1 -1 -1 -1 -1 -1 -1 -1 -1 -1 3 1 -1 -1 -1 -1 -1 -1 
-1 -1 -1 -1 -1 -1 -1 -1 1 -1 -1 3 3 1 1 -1 -1 -1 1 1 
1 -1 -1 -1 -1 -1 -1 1 1 -1 -1 -1 -1 -1 -1 -1 -1 -1 1 1 
1 -1 -1 -1 -1 -1 -1 -1 -1 1 -1 2 -1 -1 -1 -1 -1 -1 1 1 
-1 8 -1 -1 -1 -1 -1 -1 -1 -1 2 2 -1 -1 1 -1 -1 -1 -1 -1 
-1 -1 -1 -1 -1 -1 -1 -1 -1 2 -1 2 -1 -1 -1 1 -1 -1 -1 8 
8 -1 -1 -1 1 -1 -1 -1 2 -1 1 1 -1 -1 -1 -1 -1 2 2 -1 
-1 -1 -1 -1 -1 1 -1 -1 3 1 1 1 1 -1 -1 -1 -1 -1 2 8 
-1 -1 -1 -1 -1 2 1 1 -1 -1 1 1 -1 1 -1 -1 -1 -1 -1 8 
-1 -1 -1 -1 -1 1 1 2 1 -1 1 1 1 1 1 1 -1 -1 2 -1 
-1 -1 2 2 1 2 2 1 1 1 1 1 1 1 1 1 1 1 2 2 
-1 3 2 2 1 2 1 1 2 1 1 -1 -1 1 1 1 1 1 2 -1 
-1 3 2 1 1 1 1 2 2 -1 -1 -1 -1 1 1 1 1 1 -1 3 
1 2 2 2 2 -1 1 -1 -1 -1 -1 1 1 1 -1 1 1 1 1 -1 
-1 2 2 2 -1 -1 -1 -1 -1 -1 -1 1 1 1 -1 -1 8 8 8 1 
-1 2 2 -1 -1 -1 -1 2 -1 2 -1 -1 -1 -1 -1 -1 2 8 -1 2 
2 -1 2 -1 -1 -1 -1 -1 2 2 2 -1 -1 -1 -1 2 2 -1 2 2 
2 2 2 2 2 1 1 -1 2 2 1 1 1 -1 -1 -1 2 2 2 2 
2 2 2 2 2 2 -1 -1 2 1 1 1 -1 1 1 -1 -1 -1 2 2 
2 -1 2 -1 2 1 2 2 2 -1 -1 -1 -1 -1 1 1 2 3 -1 -1 
2 -1 -1 2 -1 2 2 2 2 2 -1 -1 -1 -1 1 1 -1 2 2 -1 
2 2 -1 -1 -1 2 1 2 2 2 2 -1 1 -1 -1 1 2 2 2 2 
2 2 2 -1 -1 1 2 1 -1 2 2 2 -1 1 1 1 1 2 3 -1 
-1 2 2 2 2 -1 1 1 2 2 2 -1 1 1 1 1 3 3 2 3 
3 2 2 2 2 -1 1 2 2 -1 2 1 -1 1 2 1 1 3 3 3 
-1 2 2 1 1 1 2 1 1 2 1 1 2 -1 1 1 1 1 -1 3 
-1 2 2 2 2 2 1 1 1 -1 1 2 2 2 2 -1 1 -1 -1 -1 
1 2 1 -1 2 2 2 1 -1 1 1 1 2 -1 -1 -1 1 -1 -1 -1 
-1 1 2 -1 -1 1 1 -1 2 1 -1 -1 1 2 -1 1 -1 -1 -1 -1 
-1 1 1 1 -1 1 -1 -1 -1 2 1 1 -1 1 2 -1 1 -1 1 1 
-1 2 1 1 2 1 1 -1 -1 1 -1 1 1 2 1 -1 1 1 -1 -1 
1 2 2 1 2 2 2 -1 -1 -1 -1 -1 -1 1 1 1 -1 -1 1 -1 
-1 -1 2 2 -1 2 -1 1 -1 -1 -1 -1 1 1 1 1 -1 1 -1 -1 
-1 -1 -1 -1 1 1 1 2 2 8 2 -1 -1 -1 2 -1 -1 2 8 8 
-1 -1 -1 -1 -1 1 2 -1 8 8 2 2 -1 -1 -1 2 -1 -1 8 -1 
-1 -1 -1 -1 -1 -1 -1 2 8 8 2 2 -1 2 2 -1 -1 -1 -1 -1 
-1 -1 -1 -1 -1 -1 -1 2 8 8 2 -1 -1 4 2 2 -1 -1 -1 -1 
-1 1 -1 -1 -1 -1 -1 -1 2 2 1 1 4 2 2 2 2 -1 -1 1 
1 1 2 2 1 -1 1 -1 1 1 2 2 2 1 -1 -1 -1 -1 -1 1 
1 1 2 2 2 1 1 1 -1 2 2 1 1 2 2 1 -1 -1 -1 -1 
-1 2 2 2 2 1 1 1 1 2 2 1 2 2 1 1 -1 -1 -1 -1 
2 1 2 -1 -1 1 1 2 -1 2 1 2 -1 2 2 1 1 -1 -1 2 
2 -1 1 -1 2 2 2 2 2 2 2 2 1 1 2 2 -1 2 2 2 
1 2 2 -1 -1 2 1 2 -1 -1 -1 2 1 1 1 -1 1 -1 1 2 
1 1 -1 2 -1 -1 2 -1 -1 1 1 1 -1 1 -1 1 1 1 1 2 
1 1 1 2 -1 -1 -1 -1 -1 1 1 1 1 1 -1 2 2 2 2 1 
1 1 1 2 -1 -1 1 -1 1 -1 1 1 1 1 1 -1 2 2 1 2 
1 1 1 1 1 1 1 1 1 -1 1 1 1 1 1 2 -1 2 2 1 
1 1 1 1 1 1 1 1 1 1 1 1 1 1 8 8 1 2 1 1 
1 1 1 1 1 1 1 1 1 1 -1 1 2 8 -1 8 2 1 1 1 
1 -1 -1 1 1 1 1 -1 1 1 1 8 2 2 2 8 2 1 1 1 
1 -1 -1 1 1 1 1 2 2 8 8 2 2 2 2 -1 8 -1 2 1 
-1 -1 -1 -1 1 -1 1 2 2 -1 8 2 2 2 -1 -1 -1 -1 1 -1 
-1 2 -1 -1 -1 -1 -1 -1 -1 -1 -1 2 -1 -1 -1 -1 -1 -1 2 -1 
-1 -1 2 2 -1 -1 1 -1 -1 -1 -1 -1 -1 2 -1 -1 -1 -1 -1 2 
-1 2 2 2 -1 -1 -1 1 1 -1 -1 2 2 2 -1 -1 -1 -1 -1 -1 
-1 2 2 2 -1 -1 1 -1 2 1 2 2 2 -1 -1 -1 -1 -1 2 -1 
2 -1 -1 2 -1 1 -1 -1 2 2 2 2 2 -1 -1 -1 -1 -1 2 2 
-1 -1 -1 -1 -1 -1 2 -1 2 2 2 -1 4 -1 -1 4 -1 -1 -1 -1 
-1 -1 -1 -1 -1 -1 2 2 -1 2 -1 4 4 4 4 4 1 1 -1 1 
-1 -1 -1 -1 -1 -1 -1 -1 -1 -1 4 4 6 4 1 1 1 1 1 -1 
1 -1 -1 -1 -1 -1 -1 -1 -1 -1 4 4 4 4 -1 1 1 -1 -1 1 
-1 -1 -1 -1 -1 -1 -1 -1 -1 4 4 4 4 -1 1 1 2 -1 -1 -1 
-1 -1 -1 -1 -1 -1 -1 -1 -1 1 4 4 -1 -1 -1 1 1 1 2 2 
-1 -1 -1 -1 -1 -1 -1 1 1 -1 -1 -1 -1 1 1 1 1 1 1 1 
-1 -1 -1 -1 -1 -1 -1 1 -1 1 2 2 1 1 2 1 -1 1 1 1 
1 -1 -1 -1 -1 -1 1 -1 -1 -1 -1 -1 2 2 1 -1 1 -1 1 -1 
-1 -1 -1 -1 -1 -1 2 -1 -1 -1 -1 8 8 2 -1 -1 -1 1 -1 -1 
1 -1 -1 1 -1 -1 -1 -1 -1 8 -1 8 8 2 -1 -1 -1 1 -1 -1 
-1 -1 -1 -1 -1 -1 -1 -1 -1 -1 8 8 -1 2 -1 -1 -1 -1 -1 -1 
-1 -1 -1 -1 -1 -1 -1 -1 -1 -1 -1 8 -1 -1 -1 -1 -1 -1 -1 -1 
-1 -1 -1 -1 -1 1 -1 -1 -1 -1 -1 -1 -1 2 -1 -1 -1 -1 -1 -1 
-1 -1 -1 -1 -1 1 -1 -1 -1 -1 -1 -1 -1 2 2 -1 -1 -1 -1 -1 
1 1 1 2 2 -1 1 1 -1 -1 2 2 -1 -1 -1 -1 1 -1 -1 1 
-1 1 -1 -1 -1 1 1 -1 -1 -1 -1 -1 -1 -1 -1 1 -1 1 -1 1 
-1 1 -1 -1 2 1 1 -1 -1 -1 -1 1 -1 -1 -1 -1 1 1 1 1 
1 -1 -1 2 -1 1 1 -1 -1 -1 1 -1 2 -1 -1 -1 1 1 1 1 
1 2 -1 -1 -1 2 1 -1 -1 -1 -1 1 2 -1 -1 -1 1 1 1 1 
2 2 2 -1 -1 -1 -1 -1 -1 2 2 -1 1 -1 -1 2 1 1 1 1 
2 2 1 -1 -1 -1 -1 -1 -1 2 2 1 -1 2 2 2 2 2 -1 -1 
2 -1 1 1 -1 -1 -1 -1 2 2 -1 1 1 2 2 2 -1 -1 -1 -1 
2 2 2 1 1 -1 -1 -1 2 1 1 1 1 1 1 2 2 -1 2 2 
2 2 1 1 1 -1 -1 -1 -1 -1 1 1 1 -1 1 -1 -1 2 -1 -1 
-1 1 2 1 1 -1 -1 -1 -1 -1 -1 1 -1 -1 2 1 -1 -1 -1 2 
-1 -1 -1 -1 -1 -1 -1 -1 -1 -1 1 -1 -1 2 -1 -1 -1 -1 -1 -1 
-1 -1 -1 -1 -1 -1 -1 -1 -1 -1 -1 -1 -1 -1 -1 -1 -1 -1 -1 -1 
2 2 -1 -1 -1 -1 -1 -1 -1 -1 2 2 2 -1 -1 -1 -1 -1 2 2 
-1 -1 -1 -1 -1 -1 -1 -1 -1 -1 -1 2 2 2 -1 -1 -1 -1 2 2 
2 -1 -1 -1 -1 -1 -1 -1 -1 1 -1 -1 2 2 -1 -1 2 -1 -1 -1 
-1 -1 -1 -1 -1 -1 2 -1 2 2 2 1 2 2 -1 -1 2 -1 -1 -1 
-1 -1 2 2 2 -1 -1 2 -1 2 1 1 1 1 -1 -1 2 -1 -1 -1 
-1 -1 -1 2 2 2 2 -1 -1 1 1 1 1 1 1 -1 2 -1 -1 -1 
-1 -1 -1 1 2 2 1 2 -1 -1 -1 -1 1 1 -1 1 -1 -1 -1 -1 
-1 -1 2 -1 -1 -1 -1 -1 -1 2 2 2 -1 2 2 2 2 -1 -1 -1 
-1 -1 -1 -1 -1 -1 -1 -1 -1 -1 -1 -1 -1 -1 2 2 2 -1 2 2 
-1 -1 -1 -1 -1 -1 2 2 2 -1 -1 -1 -1 -1 -1 -1 -1 -1 2 2 
-1 2 -1 -1 -1 -1 -1 -1 -1 -1 2 -1 2 -1 -1 2 -1 -1 -1 -1 
-1 2 -1 -1 -1 -1 -1 -1 -1 2 -1 -1 2 2 2 -1 2 -1 -1 2 
-1 -1 -1 -1 -1 -1 -1 2 2 -1 2 2 -1 -1 -1 -1 2 -1 -1 2 
2 -1 -1 -1 -1 -1 -1 2 2 -1 2 -1 -1 -1 -1 2 -1 2 2 2 
2 2 2 2 -1 -1 -1 2 -1 -1 -1 2 2 -1 -1 -1 2 -1 -1 2 
2 2 2 2 2 -1 -1 -1 -1 -1 2 -1 -1 -1 -1 2 2 -1 -1 -1 
2 2 -1 2 -1 -1 -1 -1 -1 -1 -1 -1 -1 2 2 -1 2 -1 -1 -1 
-1 2 -1 -1 -1 -1 -1 2 -1 -1 -1 1 1 2 -1 -1 -1 2 2 2 
2 -1 2 -1 -1 -1 2 2 -1 1 -1 -1 2 2 -1 -1 2 2 2 2 
2 2 2 -1 -1 -1 1 1 1 2 2 -1 2 2 2 -1 2 2 2 2 
2 -1 1 1 -1 1 1 1 -1 -1 -1 -1 -1 2 2 2 -1 -1 2 -1 
-1 -1 -1 1 1 1 1 1 -1 1 -1 -1 -1 -1 -1 -1 2 -1 -1 -1 
2 -1 1 1 1 -1 1 1 1 1 1 -1 -1 -1 2 2 -1 -1 2 2 
2 -1 1 1 1 1 1 1 1 1 -1 -1 -1 -1 -1 2 2 -1 -1 2 
2 -1 1 -1 1 1 1 1 1 -1 -1 -1 -1 -1 -1 2 2 -1 1 -1 
-1 -1 -1 -1 2 1 -1 1 -1 -1 -1 -1 -1 -1 -1 2 2 -1 2 2 
-1 2 -1 -1 -1 -1 -1 -1 -1 2 -1 2 -1 -1 2 2 2 2 2 -1 
1 1 1 1 2 -1 -1 1 1 -1 -1 -1 2 2 2 -1 -1 -1 -1 -1 
1 2 1 2 1 2 -1 1 1 1 -1 -1 -1 -1 2 -1 -1 -1 -1 -1 
-1 -1 2 1 1 1 -1 1 1 1 1 -1 -1 2 2 -1 -1 1 -1 -1 
-1 2 -1 1 1 2 1 1 -1 1 -1 -1 -1 -1 -1 -1 1 1 -1 -1 
-1 -1 1 1 1 2 2 1 -1 1 2 -1 -1 -1 -1 2 1 2 1 -1 
-1 2 1 1 1 2 -1 -1 1 1 1 -1 -1 -1 2 2 2 1 1 -1 
2 -1 2 2 -1 -1 2 -1 -1 2 1 1 -1 -1 2 2 2 2 2 2 
2 2 2 1 -1 -1 1 -1 -1 2 -1 -1 -1 -1 -1 -1 2 2 2 -1 
-1 2 -1 -1 1 1 1 1 -1 -1 2 1 -1 -1 -1 -1 2 2 -1 -1 
-1 -1 2 -1 -1 1 1 1 1 -1 1 1 -1 -1 -1 2 2 2 -1 2 
-1 -1 -1 -1 -1 1 1 2 1 -1 1 1 1 -1 -1 -1 -1 -1 2 2 
-1 -1 -1 -1 -1 1 1 -1 1 -1 1 1 1 -1 -1 -1 2 -1 2 -1 
-1 -1 -1 -1 -1 2 2 2 1 1 1 1 1 1 1 2 2 2 -1 -1 
-1 -1 -1 -1 -1 -1 2 2 1 1 1 2 2 2 -1 -1 2 -1 2 2 
-1 -1 2 -1 -1 -1 -1 -1 1 1 1 2 -1 2 2 3 3 2 2 -1 
-1 -1 -1 2 -1 -1 -1 -1 1 1 -1 -1 2 -1 2 2 -1 2 -1 -1 
-1 -1 -1 -1 2 -1 2 -1 -1 1 -1 -1 -1 2 2 2 2 -1 -1 -1 
-1 -1 -1 -1 -1 2 -1 -1 1 -1 -1 -1 -1 2 2 -1 2 -1 -1 -1 
2 -1 -1 -1 -1 -1 1 1 1 -1 -1 -1 -1 -1 -1 2 -1 -1 -1 2 
-1 -1 1 1 -1 2 1 1 -1 -1 2 2 -1 -1 2 -1 -1 -1 -1 -1 
-1 2 2 -1 2 1 1 1 1 1 2 2 2 -1 8 8 -1 4 -1 -1 
2 -1 -1 2 -1 2 1 1 1 1 2 2 2 8 8 8 8 8 -1 2 
2 -1 2 -1 2 2 2 1 1 2 2 2 8 -1 8 8 8 8 -1 2 
2 2 2 2 1 2 1 1 1 2 2 2 2 2 8 8 1 2 2 -1 
2 -1 2 2 -1 1 -1 1 1 -1 2 2 2 2 8 1 8 2 2 -1 
2 2 2 2 2 -1 1 1 -1 2 2 2 2 1 1 1 8 2 2 -1 
2 2 2 -1 -1 -1 -1 -1 2 2 -1 1 1 1 1 1 1 2 2 2 
2 2 2 -1 -1 -1 -1 1 -1 1 1 1 1 1 1 1 -1 2 2 2 
-1 2 -1 2 -1 -1 2 3 -1 1 1 1 1 1 1 1 1 2 2 -1 
2 -1 2 2 -1 -1 2 3 3 1 1 1 1 1 1 1 1 2 2 2 
2 -1 2 -1 -1 -1 -1 2 -1 -1 1 1 2 1 1 1 1 1 2 -1 
-1 -1 2 2 -1 -1 -1 -1 2 2 1 2 1 1 1 1 2 2 1 2 
-1 2 2 2 2 -1 1 2 1 2 -1 2 2 2 2 2 2 2 2 1 
-1 -1 -1 2 -1 -1 -1 1 1 1 2 2 2 2 2 2 2 2 2 -1 
1 1 2 -1 -1 -1 2 2 1 1 2 2 2 2 2 2 2 2 2 1 
2 1 -1 -1 -1 2 2 2 1 1 2 2 2 2 2 2 2 -1 -1 2 
2 2 -1 -1 -1 -1 2 2 2 2 1 -1 2 2 2 2 2 -1 2 2 
2 2 2 2 -1 -1 2 2 2 2 2 1 1 2 2 2 2 2 2 2 
2 2 -1 2 2 2 2 1 1 2 1 2 -1 2 2 2 2 2 2 2 
2 2 -1 2 2 1 2 1 1 1 1 2 2 2 -1 2 2 2 2 2 
1 -1 2 2 2 2 2 2 2 -1 2 1 -1 2 2 -1 -1 1 1 1 
-1 2 2 2 2 2 2 2 -1 2 1 2 2 2 2 1 1 1 -1 1 
1 2 -1 2 2 2 2 2 -1 1 -1 1 1 3 2 2 2 1 1 -1 
-1 -1 -1 2 -1 2 2 2 -1 -1 -1 -1 1 1 1 2 -1 2 1 2 
-1 2 2 2 1 8 2 2 2 -1 1 1 -1 1 1 1 2 2 2 2 
2 -1 2 2 2 1 8 2 2 -1 -1 1 1 1 1 -1 2 -1 2 2 
2 2 2 -1 1 1 2 1 1 1 1 1 1 1 1 2 2 2 2 2 
2 2 -1 1 1 1 1 1 -1 1 1 1 1 2 1 2 2 2 2 2 
2 2 2 -1 -1 1 1 1 1 2 1 1 -1 1 2 2 2 2 2 2 
2 2 -1 -1 -1 -1 1 2 1 2 2 1 1 -1 2 2 2 2 2 2 
2 2 -1 -1 -1 1 1 -1 2 2 2 1 -1 2 -1 2 2 2 2 2 
2 2 -1 -1 2 2 2 2 -1 2 2 -1 2 2 2 -1 2 2 2 2 
2 2 -1 -1 -1 2 2 2 -1 -1 2 2 2 -1 -1 -1 -1 2 2 2 
-1 2 2 -1 -1 -1 -1 2 -1 -1 2 2 -1 1 -1 -1 -1 -1 2 2 
2 2 2 -1 -1 -1 -1 2 -1 -1 2 2 -1 2 1 -1 -1 -1 1 2 
2 -1 -1 -1 -1 -1 -1 -1 -1 -1 2 2 -1 2 -1 1 2 1 2 2 
-1 -1 -1 -1 -1 -1 -1 -1 -1 -1 2 2 2 2 2 2 1 2 -1 -1 
-1 -1 -1 2 2 2 -1 -1 -1 -1 -1 2 2 2 2 -1 2 1 1 -1 
-1 -1 -1 2 -1 -1 -1 2 2 2 2 2 2 2 -1 2 2 2 1 -1 
1 1 2 2 -1 -1 2 2 2 -1 2 2 2 2 -1 -1 2 -1 1 2 
-1 -1 -1 -1 2 2 -1 -1 2 2 -1 3 -1 3 2 -1 2 3 3 2 
-1 -1 -1 -1 2 -1 2 2 2 -1 -1 -1 3 -1 -1 2 3 3 -1 3 
3 3 -1 -1 -1 -1 -1 2 2 2 -1 3 -1 2 2 2 2 2 3 3 
2 3 -1 -1 2 2 1 2 2 2 2 -1 -1 -1 2 2 2 2 3 3 
2 3 2 3 2 -1 2 1 1 2 2 -1 -1 -1 -1 3 2 2 3 3 
3 3 3 3 2 -1 -1 1 1 2 -1 -1 -1 3 -1 -1 2 2 2 2 
3 3 3 3 2 1 1 -1 -1 1 -1 -1 -1 -1 -1 2 2 2 2 2 
2 2 -1 -1 3 2 1 -1 -1 -1 -1 2 -1 -1 -1 -1 -1 2 2 2 
2 2 -1 2 2 -1 -1 -1 -1 -1 -1 -1 -1 -1 -1 -1 1 -1 2 2 
2 -1 2 2 2 -1 -1 -1 -1 -1 -1 -1 3 3 3 1 1 1 -1 2 
2 2 -1 -1 2 -1 -1 -1 -1 -1 -1 -1 3 3 -1 1 1 1 -1 2 
-1 -1 2 -1 -1 -1 -1 -1 -1 -1 -1 -1 3 3 3 3 3 1 -1 -1 
-1 2 2 -1 -1 -1 -1 -1 -1 -1 -1 -1 -1 -1 3 3 1 3 1 -1 
-1 -1 -1 -1 -1 -1 -1 -1 -1 -1 -1 -1 -1 -1 -1 -1 3 3 -1 -1 
-1 -1 -1 -1 -1 -1 -1 -1 -1 -1 -1 -1 -1 -1 -1 -1 3 -1 -1 -1 
-1 -1 -1 -1 -1 -1 -1 -1 -1 -1 -1 -1 2 -1 1 -1 -1 -1 -1 -1 
-1 2 -1 -1 -1 2 2 -1 -1 -1 -1 -1 -1 -1 1 -1 -1 -1 -1 -1 
-1 2 -1 -1 -1 2 -1 -1 -1 -1 -1 -1 -1 -1 -1 -1 -1 -1 -1 5 
5 -1 -1 -1 -1 -1 -1 -1 -1 -1 -1 -1 -1 -1 -1 -1 -1 -1 5 -1 
1 1 -1 -1 -1 -1 -1 -1 -1 -1 -1 -1 -1 -1 -1 3 -1 -1 2 3 
3 -1 -1 -1 -1 -1 -1 -1 3 3 1 1 1 -1 2 2 3 3 3 3 
3 -1 -1 -1 -1 -1 -1 3 2 3 1 1 1 -1 2 2 -1 3 3 3 
-1 -1 -1 -1 -1 -1 2 2 2 1 1 1 1 1 2 -1 -1 -1 -1 -1 
3 -1 -1 -1 -1 -1 -1 -1 3 1 1 1 1 1 -1 3 -1 3 3 3 
-1 -1 -1 -1 -1 -1 -1 -1 3 2 1 1 1 -1 1 3 3 3 6 6 
6 -1 3 1 1 -1 -1 -1 3 3 1 1 -1 -1 -1 2 2 6 -1 6 
-1 1 -1 3 1 -1 1 3 -1 3 1 -1 -1 -1 6 2 -1 -1 6 6 
6 4 3 6 -1 6 -1 -1 -1 3 1 1 6 6 6 -1 -1 6 -1 6 
4 3 1 6 6 6 6 -1 -1 1 1 -1 -1 -1 -1 6 6 6 6 6 
-1 6 3 6 6 1 1 -1 4 4 1 1 -1 -1 1 1 6 6 -1 6 
-1 -1 6 4 6 6 1 -1 4 -1 -1 1 1 1 -1 6 6 -1 6 6 
-1 6 4 6 6 -1 6 6 2 -1 -1 -1 1 -1 1 -1 6 -1 6 -1 
6 6 2 -1 6 -1 6 6 2 2 3 -1 -1 1 -1 -1 -1 -1 -1 -1 
2 6 2 6 6 -1 2 2 -1 3 -1 3 3 -1 -1 -1 -1 -1 -1 2 
2 2 6 6 6 -1 2 -1 1 3 3 -1 3 -1 -1 -1 -1 -1 -1 -1 
-1 -1 2 2 -1 -1 3 3 1 1 3 -1 1 1 -1 -1 -1 -1 -1 -1 
-1 -1 2 2 -1 -1 3 1 1 -1 3 1 1 1 1 -1 -1 -1 -1 -1 
2 2 2 2 -1 -1 -1 1 3 1 1 1 1 1 -1 -1 -1 -1 -1 -1 
3 3 -1 -1 -1 -1 -1 3 3 3 3 3 1 1 2 -1 -1 -1 -1 3 
3 3 -1 -1 -1 -1 -1 -1 3 3 3 -1 1 -1 2 -1 3 -1 3 3 
4 4 -1 4 1 1 1 2 2 2 2 2 2 2 1 2 1 1 1 4 
2 4 -1 1 -1 2 1 1 1 1 2 2 -1 2 2 -1 1 1 4 1 
2 2 -1 -1 1 2 -1 1 1 1 -1 -1 -1 2 2 2 1 -1 1 1 
2 -1 2 -1 1 2 -1 1 1 1 -1 -1 -1 1 1 2 2 1 6 -1 
-1 -1 -1 -1 2 -1 1 -1 1 -1 -1 -1 1 -1 1 1 1 1 1 -1 
-1 2 -1 2 -1 -1 -1 -1 1 -1 -1 -1 -1 1 1 -1 -1 1 1 1 
1 -1 2 2 2 2 2 -1 -1 -1 -1 -1 -1 -1 -1 1 1 -1 -1 1 
1 2 -1 2 2 2 -1 -1 -1 -1 -1 -1 -1 -1 -1 -1 -1 1 1 -1 
1 1 -1 2 2 2 2 -1 1 1 -1 1 -1 -1 -1 -1 -1 -1 -1 -1 
-1 2 2 2 2 1 -1 2 -1 -1 -1 -1 1 1 -1 -1 -1 -1 -1 1 
2 2 1 2 2 1 -1 -1 2 2 -1 1 1 -1 -1 -1 -1 -1 -1 -1 
2 2 2 2 -1 -1 1 1 1 2 1 2 1 1 1 1 1 1 -1 -1 
-1 2 -1 2 -1 -1 -1 -1 1 1 1 2 1 1 1 1 1 1 2 -1 
2 2 2 2 2 2 1 2 1 1 1 1 1 1 1 1 1 2 2 -1 
2 2 2 2 1 1 -1 2 2 2 1 1 1 1 1 1 2 2 2 2 
2 2 2 2 1 1 2 2 -1 -1 1 1 1 -1 1 1 1 2 2 -1 
-1 -1 2 2 1 -1 -1 -1 -1 -1 2 1 1 1 1 1 1 1 2 -1 
-1 2 2 1 1 1 1 -1 -1 2 2 2 -1 2 2 -1 1 1 2 -1 
-1 -1 2 -1 -1 1 1 -1 2 -1 2 2 -1 -1 2 1 1 2 2 2 
-1 -1 2 4 -1 1 2 2 1 1 2 2 2 -1 1 -1 1 4 2 2 
1 -1 -1 -1 1 -1 1 -1 -1 1 1 1 2 -1 -1 1 -1 -1 1 1 
-1 2 2 -1 2 1 1 -1 1 1 1 1 -1 -1 -1 -1 -1 1 -1 1 
-1 2 -1 2 2 2 2 1 1 1 1 -1 2 -1 -1 -1 -1 -1 1 -1 
-1 1 1 1 1 1 2 -1 -1 -1 -1 -1 -1 -1 -1 1 -1 -1 -1 -1 
1 -1 1 1 1 1 2 2 -1 -1 -1 -1 -1 3 -1 1 1 -1 -1 1 
1 -1 -1 -1 -1 2 2 -1 2 -1 -1 -1 -1 -1 1 1 1 -1 -1 -1 
-1 -1 -1 1 -1 2 2 2 -1 -1 -1 -1 -1 1 1 1 1 -1 -1 1 
1 2 1 -1 -1 -1 -1 -1 2 -1 -1 -1 -1 -1 1 -1 -1 -1 -1 1 
-1 1 1 -1 -1 1 1 -1 -1 -1 -1 2 -1 -1 1 -1 -1 -1 1 -1 
1 2 1 -1 1 1 1 -1 -1 -1 -1 2 2 -1 2 1 -1 -1 -1 -1 
1 1 1 1 -1 -1 1 -1 -1 -1 -1 2 2 2 -1 -1 1 -1 1 1 
1 1 -1 1 1 -1 -1 1 -1 -1 -1 1 2 2 -1 -1 -1 1 1 1 
1 1 -1 -1 1 1 1 -1 1 1 1 -1 2 -1 -1 -1 1 1 -1 1 
1 -1 1 1 1 -1 1 1 1 1 1 1 1 -1 -1 -1 1 1 1 -1 
-1 1 -1 1 1 -1 -1 1 -1 -1 -1 -1 1 -1 -1 -1 -1 -1 -1 -1 
1 1 1 1 1 -1 -1 -1 -1 2 2 -1 -1 -1 -1 -1 -1 -1 -1 -1 
1 1 1 -1 1 -1 1 1 1 2 -1 2 -1 -1 -1 -1 -1 -1 -1 -1 
-1 1 -1 -1 1 1 1 1 -1 2 2 -1 -1 -1 -1 -1 1 1 -1 -1 
-1 -1 -1 -1 1 -1 1 1 -1 -1 2 1 -1 1 -1 -1 1 1 1 -1 
-1 -1 -1 -1 -1 2 1 1 1 1 1 -1 1 1 -1 1 1 -1 1 -1 
-1 -1 1 -1 -1 -1 -1 -1 -1 -1 1 -1 -1 -1 -1 -1 2 1 -1 -1 
-1 -1 -1 -1 -1 -1 -1 1 -1 1 1 -1 -1 -1 -1 -1 2 -1 1 -1 
-1 1 1 -1 -1 2 1 2 -1 -1 -1 -1 -1 -1 -1 -1 2 1 -1 1 
1 1 1 -1 2 -1 2 -1 2 -1 -1 -1 1 -1 -1 2 -1 -1 1 1 
-1 -1 -1 -1 -1 -1 -1 2 -1 -1 -1 -1 -1 -1 2 2 1 1 1 1 
-1 -1 -1 -1 -1 -1 -1 -1 1 -1 -1 -1 -1 2 2 2 1 1 1 -1 
-1 -1 1 1 1 1 1 -1 1 -1 -1 -1 -1 -1 -1 -1 -1 1 1 -1 
-1 -1 -1 -1 -1 1 1 1 -1 -1 -1 -1 -1 -1 -1 -1 -1 1 1 1 
-1 -1 -1 -1 1 -1 1 -1 -1 -1 -1 -1 -1 -1 -1 -1 -1 1 -1 -1 
-1 -1 -1 -1 -1 -1 1 -1 -1 2 -1 -1 -1 -1 -1 -1 1 1 -1 -1 
-1 -1 -1 -1 -1 -1 -1 -1 -1 -1 2 -1 -1 -1 -1 1 1 3 1 -1 
-1 -1 -1 -1 -1 -1 -1 -1 -1 -1 -1 -1 -1 -1 -1 1 1 1 3 -1 
-1 -1 -1 -1 -1 -1 -1 -1 -1 -1 -1 -1 -1 -1 1 -1 2 1 2 -1 
-1 -1 -1 -1 -1 -1 -1 -1 -1 -1 1 1 -1 1 -1 -1 -1 2 2 -1 
-1 -1 -1 -1 -1 -1 -1 -1 -1 -1 1 -1 -1 2 2 2 1 1 2 2 
-1 -1 -1 -1 -1 -1 -1 -1 -1 -1 -1 1 1 2 -1 1 -1 1 1 2 
-1 -1 -1 -1 -1 -1 -1 -1 -1 -1 -1 -1 -1 -1 -1 2 -1 2 2 1 
-1 -1 -1 -1 -1 1 -1 1 1 -1 -1 -1 -1 -1 -1 -1 2 2 -1 -1 
-1 -1 -1 -1 1 -1 -1 -1 -1 -1 -1 -1 -1 -1 -1 -1 -1 2 -1 -1 
-1 1 -1 -1 -1 -1 -1 -1 -1 -1 -1 1 -1 -1 -1 -1 1 2 -1 -1 
1 1 1 -1 -1 -1 -1 1 1 1 1 1 -1 -1 -1 -1 -1 -1 -1 -1 
-1 -1 1 -1 -1 -1 -1 -1 1 1 -1 1 -1 1 -1 -1 -1 -1 -1 -1 
-1 -1 -1 -1 -1 -1 2 -1 -1 1 -1 -1 -1 -1 1 -1 -1 -1 -1 -1 
-1 1 -1 -1 -1 -1 2 -1 -1 -1 -1 -1 -1 1 -1 -1 -1 -1 1 1 
1 1 -1 -1 -1 -1 -1 -1 -1 -1 -1 -1 -1 1 -1 -1 -1 -1 1 1 
1 -1 -1 -1 -1 -1 -1 -1 -1 -1 -1 -1 -1 -1 -1 -1 -1 -1 -1 -1 
-1 -1 -1 1 -1 -1 -1 -1 -1 -1 -1 -1 -1 -1 -1 -1 1 -1 -1 -1 
2 1 1 -1 -1 -1 -1 -1 -1 -1 -1 -1 -1 -1 -1 -1 -1 -1 -1 -1 
2 1 -1 -1 -1 -1 -1 -1 -1 -1 -1 -1 -1 -1 -1 -1 -1 -1 -1 -1 
-1 -1 1 1 -1 -1 -1 -1 -1 -1 -1 -1 -1 -1 -1 -1 -1 -1 1 2 
1 1 1 1 -1 -1 -1 -1 -1 -1 -1 -1 -1 -1 -1 -1 -1 -1 -1 1 
1 1 1 -1 -1 -1 -1 -1 -1 -1 -1 -1 -1 -1 -1 -1 -1 -1 -1 1 
1 1 1 1 -1 -1 -1 -1 -1 -1 -1 -1 -1 -1 1 1 1 -1 -1 -1 
1 1 1 1 -1 -1 -1 -1 -1 -1 -1 -1 -1 -1 -1 1 1 -1 -1 1 
1 1 -1 1 1 -1 -1 -1 -1 -1 -1 -1 -1 1 -1 1 -1 -1 -1 1 
1 -1 -1 -1 -1 -1 1 1 -1 -1 3 3 3 3 -1 -1 -1 -1 1 -1 
1 -1 -1 -1 -1 -1 -1 1 -1 -1 -1 3 2 -1 -1 -1 -1 1 -1 -1 
-1 -1 1 -1 -1 -1 -1 -1 -1 -1 -1 2 2 2 -1 -1 -1 -1 -1 -1 
-1 -1 1 1 -1 -1 -1 -1 -1 -1 1 -1 -1 -1 -1 -1 2 2 -1 -1 
-1 -1 1 1 -1 -1 -1 -1 1 1 -1 -1 -1 -1 -1 -1 -1 2 -1 -1 
-1 -1 -1 -1 -1 3 -1 -1 -1 -1 -1 1 -1 -1 -1 -1 -1 -1 -1 -1 
-1 -1 1 1 -1 1 1 -1 -1 -1 1 -1 -1 -1 -1 -1 -1 -1 -1 -1 
-1 -1 1 1 -1 1 -1 -1 1 -1 1 -1 -1 -1 -1 -1 -1 -1 -1 -1 
-1 -1 -1 -1 -1 1 1 1 1 1 1 -1 -1 -1 -1 -1 -1 -1 -1 -1 
-1 -1 -1 -1 -1 1 1 1 1 1 1 -1 1 -1 -1 -1 1 -1 -1 -1 
-1 -1 -1 1 -1 -1 -1 -1 -1 -1 -1 -1 1 1 1 -1 1 1 1 -1 
-1 -1 -1 1 1 -1 -1 -1 -1 -1 -1 -1 1 1 1 1 -1 -1 1 -1 
-1 -1 -1 1 1 -1 -1 1 -1 -1 -1 -1 3 -1 1 -1 1 -1 -1 -1 
-1 -1 -1 1 1 -1 -1 -1 -1 -1 -1 1 1 -1 -1 -1 -1 -1 -1 -1 
-1 -1 -1 -1 1 1 -1 1 1 -1 -1 -1 -1 -1 -1 -1 -1 -1 -1 -1 
-1 -1 1 1 1 1 1 1 -1 -1 -1 1 -1 -1 3 -1 -1 -1 -1 -1 
1 1 1 1 1 1 1 1 1 1 -1 1 3 3 -1 -1 -1 -1 1 -1 
1 1 1 -1 1 1 1 1 1 -1 1 -1 1 3 -1 -1 1 -1 -1 1 
1 1 1 -1 1 1 1 1 -1 -1 -1 1 1 1 -1 -1 1 1 1 1 
-1 -1 1 1 -1 1 -1 1 -1 -1 1 -1 -1 1 1 1 1 -1 -1 1 
1 1 1 1 1 -1 -1 -1 -1 -1 -1 -1 -1 1 1 1 -1 1 1 -1 
-1 -1 1 1 -1 1 -1 -1 -1 -1 -1 -1 1 -1 1 -1 -1 1 -1 1 
-1 -1 -1 -1 1 -1 -1 -1 1 -1 -1 -1 1 1 -1 -1 1 -1 1 -1 
-1 -1 -1 -1 -1 3 -1 1 -1 -1 -1 -1 1 -1 -1 -1 -1 -1 -1 -1 
-1 -1 -1 -1 3 3 -1 -1 -1 1 -1 1 -1 -1 -1 -1 -1 -1 -1 -1 
-1 -1 -1 -1 -1 -1 -1 -1 -1 -1 -1 -1 1 -1 -1 -1 -1 -1 -1 -1 
-1 -1 -1 -1 -1 -1 -1 -1 -1 -1 -1 1 -1 1 -1 -1 -1 -1 -1 -1 
-1 -1 -1 -1 -1 -1 1 1 -1 -1 -1 1 1 -1 1 -1 -1 -1 -1 -1 
-1 -1 -1 -1 -1 -1 -1 1 1 -1 -1 -1 -1 1 -1 -1 -1 -1 -1 -1 
-1 -1 -1 -1 -1 -1 -1 -1 -1 -1 -1 -1 -1 -1 -1 -1 -1 -1 -1 -1 
-1 -1 -1 -1 -1 -1 -1 -1 -1 -1 -1 -1 -1 -1 -1 -1 -1 -1 -1 -1 
-1 -1 -1 -1 -1 -1 -1 -1 -1 1 -1 -1 -1 -1 -1 -1 -1 1 1 -1 
1 1 -1 1 1 -1 1 -1 -1 -1 -1 -1 -1 -1 -1 -1 -1 -1 2 -1 
-1 1 1 1 1 1 -1 -1 -1 -1 -1 -1 -1 -1 -1 -1 -1 -1 1 -1 
-1 -1 1 1 1 -1 1 -1 1 -1 -1 -1 -1 -1 -1 -1 -1 -1 1 1 
-1 1 -1 -1 -1 1 -1 -1 1 1 -1 -1 -1 -1 -1 -1 -1 1 1 -1 
-1 -1 -1 -1 -1 1 1 1 1 -1 -1 1 1 -1 1 -1 -1 1 1 1 
-1 -1 -1 -1 -1 -1 1 1 -1 1 1 -1 1 1 -1 1 -1 -1 1 1 
-1 -1 1 1 -1 1 1 -1 -1 -1 1 -1 -1 1 1 -1 -1 -1 -1 -1 
1 -1 -1 1 -1 -1 1 -1 -1 -1 1 -1 -1 1 -1 -1 -1 1 1 1 
-1 -1 -1 -1 -1 -1 -1 -1 -1 -1 -1 -1 -1 -1 -1 -1 -1 -1 1 -1 
-1 -1 -1 1 -1 -1 -1 -1 -1 -1 -1 -1 -1 -1 -1 -1 -1 -1 -1 1 
-1 -1 -1 -1 -1 -1 -1 -1 -1 -1 -1 -1 -1 -1 -1 -1 -1 -1 -1 -1 
-1 -1 -1 -1 -1 -1 -1 -1 -1 -1 -1 -1 -1 -1 -1 -1 -1 -1 -1 -1 
-1 -1 -1 -1 -1 -1 -1 -1 -1 -1 -1 -1 -1 -1 -1 -1 -1 -1 -1 -1 
-1 1 1 -1 -1 -1 -1 1 -1 1 1 12 1 1 -1 -1 -1 -1 -1 -1 
-1 1 1 -1 -1 -1 -1 -1 1 12 12 -1 -1 12 -1 -1 -1 -1 -1 -1 
-1 -1 -1 1 -1 -1 -1 -1 12 12 12 12 12 -1 -1 -1 -1 -1 -1 -1 
-1 -1 -1 -1 -1 -1 -1 -1 -1 -1 12 -1 -1 -1 -1 -1 -1 -1 2 -1 
1 -1 -1 1 -1 -1 -1 -1 -1 -1 -1 -1 -1 -1 -1 -1 -1 -1 2 -1 
1 1 1 -1 -1 -1 -1 -1 -1 -1 -1 -1 2 -1 -1 -1 -1 -1 2 2 
1 -1 -1 -1 -1 -1 -1 -1 -1 1 -1 2 -1 2 2 -1 -1 -1 2 2 
2 -1 1 -1 -1 -1 1 -1 1 -1 1 -1 2 -1 2 -1 2 -1 2 2 
2 2 2 1 1 1 1 1 -1 1 1 1 1 1 -1 -1 2 2 2 2 
2 -1 -1 1 1 1 1 1 1 1 1 1 1 1 2 -1 -1 2 2 2 
2 2 -1 -1 1 1 1 1 1 1 1 1 1 -1 -1 -1 -1 2 -1 2 
2 2 2 1 1 -1 -1 2 1 1 1 -1 -1 -1 -1 -1 -1 2 2 2 
-1 2 1 1 -1 1 1 1 2 1 1 1 -1 -1 -1 -1 -1 -1 -1 2 
-1 -1 1 1 1 1 1 2 2 2 1 1 -1 -1 -1 -1 -1 2 2 -1 
-1 -1 -1 -1 -1 1 1 -1 -1 -1 1 1 1 -1 1 -1 2 -1 -1 -1 
-1 -1 -1 1 1 2 2 2 -1 -1 -1 1 -1 -1 1 1 -1 -1 -1 -1 
-1 -1 1 2 2 -1 2 2 -1 -1 -1 1 1 -1 -1 1 -1 -1 -1 -1 
-1 -1 -1 -1 -1 -1 1 1 -1 -1 1 -1 -1 -1 1 -1 -1 -1 -1 -1 
-1 -1 -1 -1 -1 -1 -1 1 1 1 12 1 -1 -1 -1 -1 -1 -1 -1 -1 
-1 -1 -1 -1 -1 -1 -1 -1 1 1 1 -1 1 1 -1 -1 -1 -1 -1 -1 
-1 -1 -1 -1 -1 2 -1 2 -1 -1 1 2 2 -1 -1 2 -1 2 2 1 
9 1 1 1 -1 -1 2 2 1 1 -1 1 1 2 -1 1 2 2 1 12 
12 1 1 -1 -1 -1 1 1 1 -1 1 1 1 1 -1 1 2 -1 1 12 
1 1 -1 -1 -1 1 1 1 -1 1 1 -1 1 1 -1 -1 -1 -1 -1 -1 
-1 -1 -1 -1 -1 -1 1 1 1 1 1 -1 1 1 1 2 -1 2 -1 -1 
-1 -1 -1 -1 -1 1 1 1 1 1 -1 1 1 1 1 2 2 2 -1 -1 
1 -1 -1 -1 -1 -1 -1 -1 1 1 1 1 1 1 1 2 2 2 -1 1 
1 -1 -1 -1 2 2 -1 1 1 -1 12 1 1 -1 2 -1 -1 -1 1 1 
-1 -1 -1 -1 2 -1 2 12 12 12 12 1 1 1 -1 -1 -1 -1 -1 1 
-1 -1 -1 -1 -1 -1 -1 12 -1 12 12 12 12 1 2 -1 -1 -1 -1 -1 
-1 -1 -1 -1 -1 -1 12 -1 -1 -1 12 12 12 1 -1 2 2 2 -1 -1 
-1 12 12 -1 12 -1 -1 -1 2 2 12 12 1 -1 1 2 -1 -1 -1 -1 
12 12 12 12 -1 -1 -1 -1 2 2 2 1 -1 1 -1 -1 -1 -1 -1 -1 
12 12 12 12 12 2 -1 2 2 2 2 -1 1 1 1 -1 -1 -1 12 12 
12 12 -1 -1 2 2 2 2 2 2 2 2 1 1 -1 -1 -1 -1 -1 12 
12 -1 -1 1 -1 -1 2 -1 -1 2 -1 -1 2 -1 -1 -1 2 -1 -1 -1 
-1 -1 -1 -1 1 -1 -1 -1 -1 -1 -1 2 1 2 2 2 2 -1 -1 -1 
-1 -1 -1 1 -1 -1 -1 -1 -1 -1 2 2 2 2 2 2 2 -1 -1 -1 
-1 -1 -1 1 -1 -1 -1 2 -1 -1 -1 2 2 -1 -1 -1 2 2 2 2 
-1 -1 -1 -1 -1 2 -1 2 -1 -1 2 -1 1 -1 2 -1 2 2 2 -1 
12 12 12 1 1 2 -1 1 2 1 1 1 12 12 12 9 12 12 12 12 
9 12 12 5 2 1 1 1 1 2 1 2 -1 12 12 -1 12 12 8 12 
12 12 2 5 5 1 -1 -1 1 1 1 -1 -1 12 12 12 12 8 12 12 
12 12 12 2 -1 2 1 11 6 -1 -1 -1 1 12 12 12 12 12 12 12 
12 12 12 -1 2 2 -1 -1 -1 -1 -1 -1 -1 -1 12 1 12 -1 12 12 
12 12 -1 -1 2 -1 9 9 12 12 -1 -1 -1 -1 1 12 12 12 -1 10 
11 12 12 12 -1 -1 -1 -1 12 -1 12 -1 -1 1 1 1 12 -1 -1 10 
12 12 12 12 2 -1 -1 -1 -1 -1 -1 -1 1 1 1 1 5 2 12 12 
12 -1 12 2 2 -1 -1 -1 -1 -1 -1 -1 -1 -1 5 -1 5 2 2 12 
12 -1 1 2 1 -1 -1 -1 -1 -1 -1 -1 -1 5 -1 -1 -1 -1 2 12 
12 12 10 1 -1 -1 -1 -1 -1 -1 2 -1 -1 -1 -1 -1 -1 -1 -1 12 
12 10 12 12 12 -1 -1 -1 -1 -1 -1 -1 -1 -1 -1 -1 -1 12 12 -1 
12 10 12 12 1 1 2 -1 2 2 -1 -1 -1 1 -1 -1 -1 -1 2 12 
12 12 12 -1 -1 -1 -1 2 2 5 2 -1 5 -1 12 12 -1 10 -1 12 
40 12 1 12 12 2 2 1 1 2 1 1 -1 5 -1 1 12 10 -1 12 
8 12 12 12 -1 5 5 -1 1 5 1 5 5 -1 2 1 12 12 12 40 
40 12 12 -1 5 -1 2 2 5 -1 5 5 5 12 12 12 12 12 12 12 
12 40 12 12 12 -1 2 2 2 5 5 5 5 1 1 2 9 12 12 12 
12 12 -1 8 12 2 2 2 -1 5 5 1 -1 5 1 9 2 12 12 12 
12 12 12 12 12 1 2 2 2 5 1 1 1 12 12 12 9 12 12 12 
5 5 5 9 5 9 9 9 9 9 9 9 12 8 8 12 12 12 12 5 
5 5 5 5 8 -1 9 9 9 9 9 12 12 -1 8 12 12 12 5 12 
5 5 5 5 5 8 9 9 12 9 9 12 12 12 12 12 12 12 12 5 
5 5 -1 2 12 12 12 12 12 12 12 12 12 5 12 12 12 12 8 5 
12 12 2 12 12 12 11 -1 12 12 12 5 12 5 12 12 12 12 12 12 
2 2 12 -1 12 12 11 11 12 12 12 12 12 2 2 12 -1 12 12 12 
4 2 -1 12 12 12 11 12 11 5 12 12 2 2 2 9 9 12 12 2 
2 2 12 -1 12 12 11 -1 12 6 6 2 2 12 11 9 9 -1 12 12 
-1 12 12 12 12 12 5 12 12 6 8 11 11 12 11 11 12 12 4 9 
9 9 5 5 12 5 9 5 6 6 8 11 11 11 11 11 11 12 4 9 
9 9 9 5 5 12 9 12 12 6 8 11 11 11 11 -1 11 4 12 12 
12 12 9 12 12 5 12 12 6 12 6 11 -1 11 -1 -1 1 12 11 12 
12 12 12 -1 12 12 12 12 12 5 11 6 6 9 9 -1 11 -1 12 12 
12 12 12 6 -1 8 6 6 6 5 6 6 6 6 9 -1 -1 11 9 12 
12 12 6 12 6 8 6 6 12 12 12 9 9 9 5 12 12 9 12 9 
12 12 12 6 12 6 12 12 12 12 12 9 8 12 5 12 12 9 9 12 
12 12 12 12 12 6 8 8 12 12 12 12 12 12 12 12 -1 12 11 12 
12 5 5 1 12 1 1 9 9 1 1 12 9 12 -1 12 12 12 9 12 
5 5 9 9 1 2 2 9 12 12 -1 9 8 -1 1 12 12 12 12 12 
5 5 9 9 9 2 9 2 -1 -1 9 9 -1 8 8 -1 12 12 12 12 
9 9 12 12 10 10 12 9 11 11 10 -1 11 9 9 9 12 9 9 9 
9 9 12 12 10 10 9 9 11 3 11 11 11 9 9 12 9 11 12 9 
9 9 10 10 11 11 -1 11 11 3 3 3 9 11 11 11 9 12 9 9 
9 8 8 11 11 5 2 11 10 2 3 11 11 11 12 12 9 12 12 9 
12 8 2 2 2 2 2 5 10 3 12 11 11 11 11 12 12 12 12 12 
12 12 12 12 2 2 2 12 4 5 12 11 10 11 11 12 1 1 12 12 
9 12 12 8 12 10 12 4 12 12 5 -1 10 10 11 12 12 1 1 -1 
1 12 12 12 12 12 10 12 12 12 12 -1 12 10 12 -1 12 1 4 2 
12 1 12 12 12 12 12 12 12 10 10 12 10 12 -1 1 1 12 12 12 
12 1 1 12 12 12 -1 12 12 4 10 10 10 -1 1 12 1 12 12 12 
1 12 9 10 12 12 12 12 12 12 12 10 12 12 -1 -1 12 1 1 12 
12 12 4 4 10 12 12 12 12 12 12 10 10 12 1 -1 1 1 8 1 
12 12 12 4 12 12 12 12 12 12 12 12 1 1 1 1 1 12 12 8 
9 9 6 12 -1 12 12 12 12 12 -1 -1 12 1 1 1 12 12 8 -1 
9 9 9 12 12 9 12 -1 12 12 12 8 1 1 12 12 12 12 12 12 
12 9 9 9 9 12 9 9 5 5 12 9 8 9 1 12 40 40 12 12 
9 1 1 9 9 9 9 9 9 12 9 9 9 1 1 24 12 12 12 12 
9 9 9 12 12 1 9 9 9 9 11 9 9 -1 1 24 12 9 9 12 
4 12 12 10 12 9 1 9 9 11 11 11 11 9 12 9 9 9 12 12 
4 12 12 12 10 12 9 9 9 11 11 11 1 9 9 9 9 9 9 9 
12 12 1 3 1 12 12 -1 4 40 9 9 12 8 -1 12 12 9 9 9 
9 9 3 1 1 1 12 12 12 12 9 9 9 12 12 12 9 8 9 -1 
9 1 1 1 1 1 12 12 12 12 2 9 4 4 4 12 9 12 5 5 
9 9 9 9 12 12 1 12 12 12 9 9 4 9 4 -1 12 8 9 9 
9 9 9 -1 9 12 12 12 12 12 9 9 9 4 4 4 12 9 8 5 
10 9 -1 9 12 11 9 1 1 12 9 1 1 4 4 9 9 9 9 10 
-1 9 9 9 9 9 11 9 12 9 5 -1 5 4 12 5 2 9 4 4 
4 9 11 9 11 11 12 12 12 9 5 5 5 5 5 12 5 2 2 4 
4 11 11 9 11 11 12 11 11 5 5 5 5 5 12 12 2 -1 2 4 
11 11 -1 11 12 11 11 12 12 12 12 5 5 5 12 12 -1 4 4 4 
11 11 11 3 11 11 11 11 5 12 2 12 5 5 4 4 4 4 -1 4 
4 11 3 32 10 10 3 2 2 12 12 4 5 5 4 4 12 12 4 11 
-1 -1 12 12 11 11 11 11 9 12 4 8 4 5 4 4 4 4 12 12 
12 4 12 3 12 12 12 11 12 9 9 2 8 5 -1 4 4 -1 -1 -1 
3 12 3 12 12 12 12 2 9 9 12 9 12 -1 -1 -1 4 1 -1 -1 
12 3 12 12 12 12 12 12 1 1 12 -1 9 12 -1 -1 1 12 12 2 
2 12 12 12 12 12 12 1 1 12 12 12 -1 12 -1 12 12 1 -1 12 
12 10 10 12 10 12 1 12 1 1 12 9 12 12 12 12 12 -1 1 1 
10 10 -1 10 10 1 12 12 1 1 1 1 12 12 -1 12 12 -1 -1 -1 
-1 11 11 10 1 12 12 12 9 1 9 9 4 -1 12 12 12 9 12 10 
12 12 32 32 32 8 8 8 -1 32 32 32 12 12 12 12 1 1 12 12 
12 32 32 32 8 5 8 -1 32 -1 32 32 12 12 1 1 1 12 12 12 
32 32 32 32 32 32 -1 32 32 -1 -1 32 12 1 12 12 12 12 12 12 
32 32 -1 32 32 32 12 12 32 32 8 8 12 1 1 12 4 12 12 12 
-1 32 -1 32 32 32 12 32 32 8 8 8 8 12 4 -1 12 9 12 1 
-1 -1 32 32 -1 -1 12 12 12 8 -1 8 8 8 -1 4 4 12 1 12 
-1 32 32 -1 2 2 8 9 3 8 -1 8 8 8 1 12 12 12 12 -1 
-1 32 32 32 32 -1 32 8 32 4 8 8 8 -1 8 1 1 12 4 -1 
-1 9 32 -1 -1 -1 -1 32 -1 8 1 -1 -1 8 1 1 4 -1 4 4 
4 9 9 4 -1 -1 1 1 32 32 32 32 -1 8 9 1 1 1 -1 -1 
4 4 2 4 4 1 1 1 1 -1 32 32 4 4 -1 1 1 5 5 -1 
-1 2 -1 4 4 4 1 1 1 1 32 4 4 -1 4 1 -1 -1 4 4 
4 -1 -1 4 4 2 1 1 1 4 4 -1 8 8 -1 2 -1 4 4 4 
-1 4 4 4 -1 -1 1 -1 1 32 -1 -1 32 32 2 9 2 4 -1 4 
4 32 4 4 -1 -1 -1 -1 4 4 1 -1 32 1 2 2 -1 1 -1 -1 
4 4 4 4 4 -1 -1 4 4 2 4 2 12 -1 1 -1 4 1 -1 4 
1 1 4 1 1 32 1 1 4 4 2 1 12 12 -1 4 1 -1 4 4 
12 1 1 1 32 32 1 32 32 4 4 4 4 11 4 11 4 1 8 12 
12 12 32 32 32 1 1 32 4 -1 4 4 1 11 11 12 11 12 8 12 
12 -1 32 32 32 32 8 -1 -1 -1 -1 1 32 11 12 1 12 12 12 12 
12 -1 9 -1 -1 1 -1 -1 -1 -1 1 -1 4 1 9 1 3 9 9 9 
11 11 -1 12 -1 1 -1 -1 -1 -1 -1 4 -1 1 9 1 9 3 9 9 
11 10 4 1 1 -1 1 -1 -1 -1 -1 -1 -1 1 1 4 9 9 -1 9 
10 11 11 1 -1 1 -1 -1 -1 1 1 -1 -1 1 4 1 8 9 9 11 
10 -1 -1 11 4 -1 -1 -1 -1 -1 1 -1 1 -1 1 1 9 9 11 10 
-1 4 4 4 -1 -1 -1 -1 -1 -1 -1 1 -1 1 -1 -1 -1 8 8 8 
-1 4 4 4 4 -1 -1 -1 -1 4 -1 -1 -1 -1 -1 -1 -1 -1 4 4 
4 -1 -1 4 -1 -1 -1 -1 4 4 4 -1 -1 -1 -1 -1 4 4 4 4 
4 4 -1 4 1 -1 -1 -1 4 -1 4 -1 -1 -1 -1 -1 -1 4 4 4 
4 1 1 1 -1 -1 -1 4 4 4 4 -1 -1 -1 -1 -1 4 -1 -1 4 
8 1 1 4 -1 4 -1 4 4 -1 4 4 -1 4 4 4 32 -1 4 -1 
1 1 1 1 4 -1 -1 -1 -1 32 -1 4 -1 4 4 -1 32 32 32 8 
32 1 1 -1 -1 -1 -1 -1 -1 4 32 -1 4 4 4 32 32 32 32 32 
32 1 -1 1 -1 -1 -1 -1 -1 -1 32 4 -1 -1 4 4 32 -1 32 32 
-1 -1 -1 -1 -1 -1 -1 -1 -1 -1 32 -1 9 32 32 -1 32 32 32 32 
4 4 -1 -1 -1 -1 -1 -1 -1 32 32 32 9 32 32 4 4 4 -1 4 
4 4 4 -1 -1 -1 -1 -1 32 -1 -1 -1 9 9 32 -1 4 4 4 4 
-1 4 4 4 -1 -1 -1 -1 -1 1 1 9 1 9 -1 9 -1 9 8 9 
9 9 -1 4 -1 -1 -1 -1 -1 1 -1 1 9 1 4 9 9 4 9 8 
-1 9 9 -1 4 -1 -1 -1 -1 1 -1 -1 1 4 1 -1 -1 9 9 9 
4 1 -1 -1 -1 -1 -1 -1 4 -1 -1 -1 4 4 -1 1 1 1 4 4 
1 -1 -1 1 -1 -1 -1 -1 4 -1 -1 1 -1 -1 -1 1 4 1 1 4 
4 4 4 1 1 1 32 -1 -1 4 -1 -1 1 1 1 1 1 4 1 1 
4 4 4 1 -1 -1 32 -1 4 -1 -1 1 1 1 1 1 1 -1 1 4 
4 4 -1 -1 -1 -1 -1 32 4 4 4 -1 4 4 1 1 4 -1 -1 4 
4 4 -1 -1 32 -1 4 4 32 4 4 -1 11 1 1 1 4 4 4 4 
4 4 -1 32 32 -1 -1 -1 32 4 -1 4 11 11 1 4 4 4 4 4 
4 -1 32 32 32 32 -1 32 32 32 32 -1 4 4 4 1 4 4 -1 -1 
32 -1 -1 -1 -1 -1 -1 32 32 32 4 -1 -1 4 4 4 4 -1 4 4 
-1 -1 -1 -1 -1 1 -1 -1 32 32 4 4 4 4 -1 4 4 -1 32 32 
32 -1 -1 1 1 -1 4 4 4 4 -1 4 4 4 4 -1 4 4 -1 -1 
32 32 32 1 1 1 4 4 1 4 -1 4 4 4 4 4 4 4 4 -1 
32 32 -1 1 4 4 4 1 1 1 4 4 -1 4 4 -1 -1 4 4 4 
1 1 1 11 11 1 4 -1 -1 4 4 1 4 -1 4 -1 4 4 -1 9 
-1 1 1 -1 1 1 1 -1 -1 -1 4 4 1 4 -1 4 4 4 1 1 
4 1 4 1 1 1 1 4 -1 -1 1 1 1 1 1 -1 4 4 4 -1 
4 4 4 1 1 1 1 4 4 4 4 4 1 1 1 1 4 4 -1 -1 
-1 4 -1 -1 -1 1 4 1 4 4 1 1 1 1 1 -1 4 -1 -1 4 
4 4 -1 -1 -1 -1 1 1 4 4 4 1 -1 1 1 -1 -1 1 -1 4 
32 4 4 4 -1 -1 -1 -1 -1 1 1 -1 -1 1 1 1 1 1 4 4 
1 -1 1 -1 1 -1 -1 1 4 4 -1 4 4 -1 -1 1 -1 4 4 4 
1 4 4 1 1 -1 -1 4 4 -1 -1 -1 4 -1 -1 -1 4 4 -1 1 
1 4 -1 -1 1 -1 -1 4 -1 4 -1 4 4 4 -1 4 4 4 1 1 
4 1 4 4 -1 -1 1 -1 -1 4 4 -1 4 4 4 4 4 1 4 4 
4 4 -1 -1 -1 -1 1 4 4 4 4 4 4 -1 4 4 4 1 -1 4 
-1 -1 -1 -1 -1 -1 -1 4 4 -1 -1 4 -1 4 4 4 4 4 -1 -1 
-1 -1 4 -1 -1 4 4 1 4 -1 4 -1 4 -1 -1 4 4 4 4 -1 
1 -1 1 -1 -1 4 4 4 -1 4 4 4 -1 -1 -1 4 4 4 1 1 
4 1 -1 4 -1 -1 4 4 4 -1 4 4 4 4 -1 4 -1 1 1 1 
4 4 1 -1 -1 1 4 1 -1 1 4 -1 -1 4 4 1 1 1 1 1 
4 1 -1 1 -1 1 1 1 1 4 1 1 1 1 4 1 -1 4 1 4 
4 -1 4 4 1 4 1 4 1 1 4 1 1 1 1 4 1 4 4 4 
1 1 1 4 1 1 1 -1 1 1 1 -1 -1 1 -1 4 4 4 4 1 
4 1 1 4 1 1 1 1 1 1 1 -1 -1 -1 4 4 -1 4 -1 4 
4 4 4 4 1 -1 1 1 1 1 1 -1 -1 4 4 4 -1 4 -1 4 
4 4 1 4 -1 -1 -1 -1 1 -1 1 -1 -1 -1 -1 -1 -1 4 4 -1 
4 -1 1 -1 -1 -1 -1 1 1 4 4 1 1 1 1 -1 4 4 4 4 
4 -1 1 -1 -1 -1 -1 -1 1 4 4 1 1 1 1 4 -1 4 4 4 
4 1 4 4 -1 -1 -1 4 -1 4 -1 1 -1 4 4 -1 4 -1 -1 4 
4 1 -1 1 1 -1 1 4 4 4 4 -1 -1 4 1 4 4 -1 4 4 
4 -1 1 1 1 1 1 4 -1 -1 -1 -1 -1 -1 -1 32 32 32 -1 4 
-1 1 4 1 1 1 1 1 1 -1 1 1 -1 -1 32 32 -1 32 32 4 
1 -1 4 1 1 1 -1 -1 -1 -1 -1 1 1 32 32 32 32 32 4 32 
1 1 1 1 1 1 1 -1 -1 -1 -1 1 32 32 32 32 32 32 4 -1 
1 1 4 1 1 1 -1 -1 -1 -1 -1 -1 -1 4 -1 32 32 -1 -1 4 
32 32 1 -1 1 1 1 -1 -1 -1 4 4 4 4 4 4 4 4 -1 4 
4 32 32 -1 4 4 4 1 -1 -1 -1 4 4 4 4 1 4 4 -1 4 
4 32 4 -1 4 4 1 1 4 -1 -1 1 -1 4 1 4 4 4 4 4 
4 32 32 -1 4 1 4 1 4 -1 4 4 1 1 1 4 4 4 4 4 
4 -1 4 4 4 1 1 -1 4 4 1 1 1 4 4 4 4 4 4 32 
4 32 -1 4 -1 -1 -1 2 4 4 4 1 1 1 4 -1 4 32 4 4 
1 1 1 1 1 1 1 4 4 4 1 1 -1 -1 4 4 -1 4 32 32 
1 32 1 1 1 1 4 1 -1 1 1 1 1 4 4 4 4 4 32 1 
32 1 -1 -1 1 1 -1 1 1 1 1 1 1 -1 4 4 4 -1 -1 4 
1 1 -1 1 1 1 1 1 1 1 -1 1 1 4 -1 4 32 32 4 1 
1 1 1 1 1 -1 1 1 1 4 1 4 -1 4 4 4 4 4 4 4 
1 1 1 1 1 1 1 1 4 -1 4 4 -1 32 32 4 4 1 4 32 
1 1 1 1 1 1 1 4 4 4 -1 32 32 1 -1 -1 1 32 32 1 
32 1 1 1 1 1 1 4 4 -1 1 32 32 -1 1 1 1 1 32 -1 
-1 1 1 1 1 1 1 4 -1 -1 -1 32 32 1 1 1 32 1 -1 -1 
1 1 1 -1 -1 1 1 1 1 1 2 2 2 1 1 1 1 1 1 -1 
-1 -1 -1 -1 1 -1 1 1 1 2 1 2 2 1 1 1 1 1 -1 1 
-1 -1 -1 -1 1 1 1 1 1 1 1 2 1 1 1 1 1 1 -1 -1 
-1 -1 4 4 4 1 -1 1 -1 1 1 1 1 1 1 1 1 1 1 1 
-1 4 4 -1 4 4 4 4 1 1 1 -1 1 1 1 1 -1 1 -1 -1 
-1 4 -1 4 4 4 4 4 1 4 -1 1 1 1 1 1 -1 1 1 4 
4 4 -1 -1 1 4 -1 1 1 4 -1 4 1 1 1 1 -1 -1 -1 4 
4 4 -1 -1 2 2 4 -1 -1 1 4 1 4 1 1 1 -1 -1 2 4 
-1 -1 4 1 1 1 2 1 1 -1 1 4 1 1 1 1 1 -1 -1 2 
2 -1 -1 -1 -1 1 2 2 -1 -1 1 1 1 1 1 1 -1 1 -1 -1 
2 -1 -1 1 -1 2 2 2 -1 -1 -1 1 1 1 1 1 1 -1 1 -1 
2 2 1 -1 2 2 2 2 2 2 -1 -1 1 1 1 1 1 1 -1 1 
2 -1 1 1 1 2 -1 2 -1 -1 -1 -1 1 4 4 -1 1 1 1 -1 
-1 -1 1 1 -1 -1 2 2 -1 1 -1 -1 -1 1 4 1 -1 1 -1 1 
-1 -1 -1 -1 -1 2 2 2 2 -1 1 -1 1 1 -1 1 1 1 1 -1 
-1 -1 -1 -1 -1 2 2 2 2 -1 1 -1 1 1 1 1 1 -1 1 -1 
1 1 -1 -1 -1 2 2 -1 -1 1 1 -1 1 -1 1 1 1 1 1 1 
1 1 -1 -1 2 2 1 -1 -1 1 1 1 -1 1 1 1 1 -1 1 1 
1 1 1 1 2 1 1 -1 -1 1 1 2 2 1 -1 1 1 1 1 1 
1 1 1 1 -1 1 1 1 1 1 1 2 -1 1 1 1 1 1 1 1 
-1 2 -1 -1 2 2 1 1 1 1 1 1 1 1 1 1 1 1 1 1 
2 -1 1 1 -1 2 1 -1 1 1 1 1 1 1 -1 1 2 2 1 -1 
1 1 1 -1 2 2 2 1 1 1 1 1 1 1 -1 1 1 1 2 1 
1 1 1 -1 1 2 1 -1 1 1 1 -1 1 -1 1 -1 1 1 1 2 
2 1 1 1 1 -1 2 2 1 1 1 1 1 1 1 1 1 1 1 1 
1 1 1 1 1 -1 -1 -1 -1 -1 -1 2 4 1 1 1 1 1 1 2 
1 1 1 -1 1 -1 2 2 -1 2 2 1 1 4 1 1 1 1 1 1 
1 1 -1 -1 -1 -1 2 2 -1 2 1 1 -1 1 -1 1 1 -1 -1 1 
1 1 -1 -1 -1 -1 2 2 1 -1 1 1 1 2 -1 1 2 2 -1 -1 
-1 -1 -1 -1 -1 -1 2 -1 1 1 1 1 1 1 1 2 2 2 -1 1 
1 -1 -1 -1 2 -1 2 -1 1 1 1 1 1 1 1 1 -1 1 1 -1 
-1 -1 -1 2 2 2 2 2 1 1 1 1 1 1 1 1 1 1 1 1 
-1 -1 -1 2 2 2 1 1 1 1 1 1 1 1 1 1 1 1 1 1 
2 1 -1 2 2 2 2 1 1 1 1 1 1 1 1 1 1 -1 1 1 
1 -1 2 2 -1 2 1 1 1 1 1 2 1 1 1 -1 1 1 -1 1 
2 -1 2 2 2 2 1 1 1 1 1 1 1 1 1 1 -1 -1 2 1 
2 2 2 2 2 -1 2 1 1 1 1 -1 1 1 1 2 1 2 -1 2 
2 2 2 2 2 2 1 1 1 1 1 1 1 1 1 -1 2 1 1 2 
2 1 -1 -1 2 2 2 1 1 1 1 1 1 1 1 1 1 1 2 -1 
1 2 2 -1 -1 1 1 1 1 1 1 1 1 1 1 1 1 1 1 -1 
2 2 2 1 2 2 2 -1 -1 2 2 2 1 1 1 -1 2 2 2 1 
2 2 2 -1 1 2 2 -1 -1 -1 1 1 2 1 -1 1 1 2 1 2 
3 -1 -1 1 1 2 2 2 2 2 1 1 1 1 1 2 1 1 1 3 
-1 1 -1 1 1 2 2 2 -1 2 -1 1 1 -1 1 2 2 2 2 3 
1 1 -1 1 2 -1 2 2 2 -1 1 -1 -1 2 2 1 2 2 3 1 
1 1 1 1 2 -1 2 2 -1 -1 1 1 2 -1 -1 -1 -1 2 1 1 
1 1 2 2 2 2 2 2 2 2 -1 2 -1 2 -1 2 -1 -1 2 1 
3 1 2 3 3 2 2 2 2 2 2 2 -1 -1 2 2 1 -1 2 1 
2 3 3 3 1 1 -1 2 2 2 2 2 2 2 2 2 -1 1 1 1 
1 2 2 1 1 1 2 2 2 2 2 2 1 1 -1 1 -1 -1 1 1 
-1 -1 2 1 1 1 2 2 2 2 -1 2 1 1 1 -1 -1 -1 1 1 
1 -1 2 2 -1 -1 2 2 2 2 2 2 1 1 1 1 -1 -1 2 2 
2 -1 2 2 2 -1 2 2 2 2 -1 2 -1 -1 1 1 8 2 2 2 
2 2 2 2 2 -1 2 -1 2 -1 -1 -1 2 -1 -1 1 -1 -1 1 2 
-1 -1 -1 -1 2 1 2 2 2 2 2 -1 -1 -1 -1 -1 -1 1 2 2 
2 -1 2 -1 2 1 1 2 2 1 2 -1 -1 2 2 1 2 2 -1 2 
-1 2 2 2 -1 -1 1 1 2 1 2 -1 1 1 1 1 -1 -1 2 2 
2 2 2 2 2 -1 1 1 1 -1 1 2 1 1 -1 1 1 -1 -1 -1 
2 -1 2 2 2 -1 2 1 -1 2 -1 2 2 2 1 1 1 2 2 -1 
-1 2 2 -1 2 2 2 -1 -1 2 2 -1 2 2 -1 1 -1 2 2 -1 
1 1 1 2 2 2 2 2 1 1 2 2 1 1 2 -1 2 -1 -1 -1 
3 -1 -1 2 2 2 2 2 1 2 2 2 2 2 2 8 2 2 -1 -1 
3 -1 -1 2 2 -1 -1 -1 1 1 -1 2 2 2 -1 2 2 2 -1 3 
3 3 -1 4 2 2 -1 1 1 1 -1 -1 2 2 2 2 2 2 2 1 
2 2 -1 4 2 -1 1 -1 -1 -1 -1 -1 -1 -1 1 2 2 2 -1 1 
2 2 2 2 -1 4 1 1 1 -1 -1 -1 1 -1 2 2 -1 -1 -1 1 
2 2 2 4 4 4 1 1 2 -1 -1 -1 -1 1 2 -1 -1 2 2 1 
2 2 -1 2 2 -1 1 -1 2 2 2 2 1 1 -1 2 2 2 2 8 
-1 2 2 -1 2 1 2 2 2 2 2 2 2 2 2 2 -1 2 2 2 
2 -1 1 -1 2 1 2 2 2 1 2 2 2 1 2 -1 -1 -1 -1 2 
2 2 1 2 1 1 1 2 1 1 2 1 1 2 -1 -1 2 2 -1 -1 
2 1 1 1 1 1 1 -1 1 1 1 1 1 -1 -1 2 2 2 2 2 
2 1 1 1 1 1 1 1 1 1 1 1 1 1 -1 1 2 3 2 2 
2 2 2 1 1 1 1 -1 2 1 1 1 1 1 1 1 3 3 -1 2 
1 1 1 1 1 1 1 1 1 1 2 1 1 1 1 1 1 -1 3 -1 
1 1 1 1 1 1 -1 1 1 2 1 2 1 1 1 1 1 -1 2 1 
-1 1 1 1 1 1 1 1 2 2 2 1 1 1 1 2 1 2 2 2 
1 1 1 1 1 1 -1 2 1 1 -1 2 1 1 1 -1 -1 2 2 -1 
1 1 1 1 2 1 1 -1 1 -1 -1 1 1 1 -1 -1 -1 2 2 -1 
1 1 1 2 2 1 2 1 1 1 1 1 2 2 -1 -1 8 -1 -1 1 
8 8 2 4 4 -1 -1 2 2 -1 -1 2 1 1 3 -1 1 2 8 2 
2 2 2 2 4 -1 2 2 -1 2 3 2 2 1 3 1 2 1 2 2 
2 2 1 1 1 1 2 -1 1 2 2 2 1 1 1 1 -1 1 -1 2 
2 -1 1 1 1 2 1 1 -1 1 2 -1 1 1 1 1 1 1 2 2 
2 2 1 1 2 2 2 2 1 1 1 1 2 -1 2 -1 2 2 -1 2 
2 1 -1 -1 1 1 1 1 1 1 1 1 1 1 -1 -1 2 2 2 2 
2 2 1 1 2 1 8 1 1 1 1 1 1 1 1 -1 2 2 2 -1 
-1 2 -1 -1 2 8 8 2 2 2 -1 1 1 1 1 -1 1 -1 -1 1 
2 2 2 2 2 8 2 1 2 2 1 3 3 1 1 1 1 1 1 1 
2 -1 2 2 2 1 1 1 3 2 3 2 2 1 1 1 1 -1 -1 1 
-1 2 2 2 -1 1 1 -1 -1 2 2 -1 3 1 -1 1 1 1 1 1 
2 9 8 -1 2 1 -1 1 1 2 1 1 3 2 1 -1 1 1 1 1 
1 9 9 8 2 1 1 8 8 -1 1 2 1 2 2 1 1 -1 1 1 
9 -1 9 9 9 1 1 8 2 1 -1 2 1 1 1 -1 -1 2 9 1 
2 -1 8 8 9 -1 8 1 -1 -1 2 2 2 -1 2 1 2 2 2 2 
-1 -1 8 8 -1 2 1 1 2 2 -1 -1 -1 2 2 2 8 2 8 2 
8 8 2 2 8 3 2 3 2 3 -1 3 2 2 2 2 2 8 8 2 
8 2 8 -1 3 2 3 2 3 2 3 3 -1 2 2 2 2 2 8 8 
8 2 -1 -1 -1 -1 2 2 2 3 2 2 3 -1 2 2 2 2 8 8 
-1 2 2 -1 -1 -1 -1 2 3 -1 -1 1 2 1 2 2 -1 1 8 8 
-1 -1 2 1 -1 -1 -1 -1 -1 -1 -1 -1 1 8 -1 -1 8 -1 2 -1 
-1 -1 -1 -1 1 -1 -1 -1 -1 -1 -1 -1 -1 -1 8 8 8 -1 2 -1 
-1 -1 -1 -1 1 8 -1 -1 -1 -1 -1 -1 -1 8 1 1 8 8 2 2 
-1 -1 -1 1 8 8 1 -1 1 -1 -1 2 1 1 1 -1 1 1 2 1 
-1 -1 -1 -1 8 8 -1 1 -1 1 -1 -1 -1 1 1 -1 -1 2 1 1 
2 2 -1 -1 8 1 8 8 -1 -1 -1 -1 -1 2 2 1 -1 1 1 2 
2 2 2 -1 1 8 8 8 2 9 9 -1 -1 2 -1 1 1 1 -1 1 
2 2 2 2 2 -1 -1 1 2 8 2 2 2 2 1 1 1 1 2 2 
2 2 2 2 -1 -1 1 1 2 2 2 2 -1 -1 9 8 1 2 1 2 
-1 2 2 2 2 2 1 -1 2 8 2 9 9 -1 8 8 -1 1 -1 -1 
-1 2 2 -1 2 2 2 2 8 2 8 9 9 9 8 8 8 2 2 2 
-1 2 2 2 2 2 8 8 8 8 8 -1 8 -1 8 8 2 2 2 -1 
-1 2 2 2 -1 -1 -1 -1 8 8 8 -1 9 8 8 8 -1 -1 2 2 
2 2 2 -1 -1 -1 -1 -1 -1 8 8 -1 8 9 8 8 -1 -1 2 2 
2 2 1 -1 -1 -1 -1 -1 2 2 -1 8 -1 9 9 9 8 8 -1 -1 
2 1 -1 -1 -1 -1 -1 -1 2 2 -1 -1 9 -1 8 8 8 8 -1 2 
-1 -1 -1 -1 -1 -1 -1 2 2 2 1 -1 1 8 8 8 8 -1 2 2 
2 -1 -1 -1 -1 -1 2 2 1 1 -1 1 8 8 8 8 2 2 2 -1 
-1 2 -1 -1 -1 -1 -1 1 -1 1 1 1 1 1 8 8 8 2 2 2 
-1 -1 2 -1 -1 -1 -1 1 -1 -1 1 1 1 8 8 8 -1 8 8 2 
-1 -1 9 -1 -1 -1 2 -1 -1 -1 1 2 1 -1 -1 -1 -1 -1 1 -1 
-1 -1 -1 -1 -1 -1 -1 -1 -1 -1 1 1 -1 1 -1 -1 -1 1 -1 -1 
-1 -1 -1 -1 -1 -1 -1 -1 -1 -1 -1 -1 -1 -1 -1 -1 -1 -1 -1 -1 
-1 -1 -1 -1 -1 -1 -1 -1 -1 1 -1 -1 -1 -1 -1 -1 -1 -1 -1 -1 
-1 -1 -1 -1 1 -1 -1 1 1 -1 1 -1 -1 -1 -1 -1 -1 1 -1 1 
-1 1 -1 -1 -1 1 3 -1 -1 -1 -1 1 8 -1 -1 -1 -1 1 1 -1 
1 -1 -1 -1 -1 -1 3 -1 -1 -1 -1 -1 -1 -1 -1 1 -1 1 -1 -1 
-1 -1 -1 -1 -1 1 -1 -1 -1 1 -1 -1 -1 -1 -1 1 1 -1 -1 -1 
-1 -1 -1 -1 -1 1 -1 -1 -1 -1 -1 -1 -1 1 1 -1 -1 1 -1 -1 
1 -1 1 -1 -1 -1 -1 -1 -1 1 -1 1 1 1 1 1 1 -1 -1 -1 
2 1 -1 -1 -1 -1 -1 -1 -1 1 1 -1 1 -1 -1 2 2 -1 2 -1 
1 -1 -1 -1 -1 -1 -1 -1 -1 1 1 -1 -1 -1 -1 2 2 2 -1 2 
1 -1 -1 -1 -1 -1 -1 -1 -1 1 -1 -1 -1 -1 2 -1 -1 2 2 1 
-1 -1 -1 -1 -1 -1 -1 -1 -1 -1 1 -1 -1 2 -1 -1 -1 2 2 2 
-1 -1 -1 -1 -1 -1 -1 -1 -1 -1 -1 -1 -1 2 1 1 -1 2 -1 2 
-1 -1 -1 -1 2 -1 -1 -1 -1 -1 -1 2 2 1 1 1 -1 1 1 1 
-1 -1 -1 -1 -1 1 -1 -1 -1 -1 -1 2 2 2 1 1 2 -1 1 2 
2 -1 -1 -1 -1 -1 1 1 1 -1 -1 2 -1 2 1 -1 -1 -1 -1 -1 
2 -1 -1 9 2 2 1 2 1 1 -1 1 -1 1 1 -1 -1 1 -1 2 
-1 9 9 9 2 2 2 1 1 1 1 -1 -1 1 1 1 -1 -1 1 1 
