-1 -1 -1 6 2 2 2 -1 2 2 2 2 2 2 -1 1 2 2 2 2 
-1 -1 -1 6 2 2 1 1 2 2 2 2 2 2 1 2 -1 -1 2 -1 
-1 -1 -1 -1 -1 -1 -1 2 1 2 2 2 -1 2 2 -1 -1 -1 -1 -1 
-1 -1 -1 -1 -1 -1 2 2 2 2 2 2 2 -1 2 -1 -1 -1 -1 -1 
-1 -1 -1 2 -1 2 1 1 1 -1 2 2 2 2 -1 -1 -1 -1 -1 -1 
-1 -1 -1 -1 -1 2 1 2 1 2 2 2 3 -1 8 9 -1 -1 -1 -1 
-1 1 -1 -1 -1 -1 2 2 2 3 2 3 -1 -1 9 8 -1 -1 -1 -1 
1 1 -1 -1 -1 2 2 2 2 3 2 -1 3 -1 9 -1 -1 -1 -1 -1 
-1 -1 -1 -1 -1 -1 2 2 1 2 -1 -1 -1 3 -1 -1 -1 -1 -1 -1 
-1 -1 -1 -1 -1 -1 2 2 2 3 2 -1 -1 -1 -1 -1 -1 -1 -1 -1 
-1 -1 2 2 2 -1 2 -1 2 2 2 -1 2 2 -1 -1 -1 -1 1 -1 
-1 -1 2 2 2 2 2 2 2 2 2 2 2 2 2 2 -1 1 -1 -1 
3 2 2 3 3 2 2 2 2 2 2 3 2 2 2 2 2 -1 -1 1 
3 2 2 2 2 3 2 2 2 2 2 2 2 2 2 2 2 2 2 3 
3 3 2 2 2 2 3 2 2 2 2 2 2 2 2 2 2 -1 -1 -1 
2 2 2 2 2 2 2 2 2 2 2 2 2 2 2 -1 2 2 2 -1 
2 2 2 2 2 2 2 2 2 2 2 2 2 2 2 3 2 2 2 2 
2 2 2 2 -1 3 3 2 2 2 -1 2 2 2 3 2 3 2 2 2 
2 2 2 2 2 2 3 2 2 2 6 2 2 2 3 3 2 2 2 2 
2 2 -1 2 2 2 2 2 2 2 2 6 2 2 3 1 2 2 2 3 
-1 6 6 -1 -1 -1 -1 -1 3 2 2 6 1 1 1 1 6 2 2 6 
1 1 1 -1 -1 -1 6 -1 2 3 3 6 6 1 6 2 2 2 2 6 
6 1 1 1 -1 -1 2 6 3 6 3 3 6 6 6 2 6 2 -1 4 
6 2 2 1 1 -1 -1 2 6 6 6 6 6 6 6 6 6 2 2 2 
2 2 -1 -1 2 2 3 2 2 2 6 6 3 3 1 1 6 2 2 -1 
2 -1 2 2 2 2 2 2 -1 2 6 6 6 1 1 1 1 1 3 1 
2 2 -1 2 2 2 2 2 2 2 -1 1 -1 1 -1 1 2 1 1 2 
2 2 2 2 2 -1 -1 -1 2 -1 2 1 1 1 1 1 2 1 1 1 
1 2 1 1 2 -1 -1 2 2 2 1 2 1 1 1 1 1 1 1 1 
-1 -1 1 1 2 -1 -1 2 2 2 2 -1 1 1 1 1 -1 1 1 1 
1 1 1 1 1 6 6 6 -1 -1 -1 -1 1 -1 -1 -1 1 -1 1 1 
1 1 6 6 1 6 6 6 6 -1 -1 1 1 1 -1 1 -1 -1 -1 -1 
-1 6 6 6 6 6 6 6 3 2 -1 1 1 1 1 1 1 -1 -1 -1 
6 6 6 6 6 6 6 -1 2 -1 -1 -1 1 1 1 1 1 -1 6 6 
-1 6 6 6 6 6 1 2 1 2 -1 -1 1 1 1 1 1 -1 -1 6 
6 6 6 6 2 6 1 -1 1 1 -1 -1 1 1 1 1 2 -1 -1 6 
6 6 6 6 2 6 1 1 1 1 1 2 1 1 -1 2 -1 6 6 6 
-1 6 6 6 6 -1 2 1 3 1 1 1 1 1 6 -1 2 -1 -1 6 
6 3 6 6 -1 -1 1 -1 3 3 1 1 1 1 6 2 -1 -1 -1 -1 
6 -1 6 -1 -1 -1 -1 -1 3 2 1 1 1 1 1 2 -1 -1 -1 -1 
1 6 -1 -1 6 -1 -1 1 1 -1 1 6 6 6 6 6 6 6 6 6 
2 2 6 6 -1 1 1 1 -1 1 6 6 6 10 6 6 6 6 6 6 
2 6 6 6 6 -1 1 1 -1 1 1 6 6 6 6 6 6 6 6 6 
6 6 6 6 6 1 1 -1 -1 6 6 6 6 -1 6 6 6 6 3 6 
6 6 6 6 1 1 1 1 1 2 6 6 2 6 6 6 6 1 6 6 
6 6 6 6 1 1 1 -1 2 2 3 2 2 6 2 6 6 6 6 6 
2 6 6 1 1 1 1 1 3 3 2 3 6 3 3 3 3 2 6 6 
2 3 2 2 -1 -1 1 2 2 2 6 6 6 2 2 3 -1 3 6 3 
2 2 3 2 2 2 -1 2 2 2 2 2 2 6 3 -1 3 3 2 2 
2 3 2 2 2 2 -1 -1 2 2 3 2 2 3 2 2 2 2 2 2 
3 2 2 -1 2 2 2 -1 -1 3 3 2 2 2 2 3 2 2 3 3 
1 3 -1 -1 2 2 -1 -1 3 3 3 4 2 2 2 2 2 2 1 3 
1 2 2 2 2 2 -1 -1 2 3 3 4 -1 2 3 -1 2 3 3 1 
1 1 2 2 2 1 3 2 2 3 2 3 -1 9 3 2 2 2 2 1 
1 1 2 1 1 1 2 2 2 2 2 2 3 2 6 2 2 1 1 1 
1 1 1 2 1 2 2 2 -1 2 -1 2 2 6 6 6 2 6 1 1 
6 6 -1 1 1 1 2 -1 -1 2 2 2 2 6 6 6 6 6 1 1 
-1 1 -1 -1 1 1 -1 -1 -1 2 2 2 6 6 6 6 2 6 1 6 
6 1 -1 -1 -1 1 -1 -1 1 -1 2 2 6 6 2 6 6 2 6 -1 
6 6 -1 4 1 -1 4 1 1 1 1 10 10 10 6 6 6 6 6 6 
-1 -1 -1 -1 -1 2 6 6 6 6 6 6 -1 6 -1 -1 -1 -1 1 1 
-1 -1 -1 -1 -1 -1 6 6 6 3 6 6 1 -1 -1 -1 -1 -1 1 1 
-1 -1 -1 -1 -1 6 6 6 6 6 3 1 -1 -1 -1 -1 1 -1 -1 1 
2 3 -1 -1 -1 -1 2 -1 2 2 1 2 1 1 3 3 1 -1 2 2 
2 1 1 -1 -1 -1 -1 2 -1 2 2 3 -1 3 1 1 -1 1 1 2 
1 2 1 1 1 1 -1 -1 2 2 2 -1 3 1 3 1 1 1 -1 1 
1 1 1 1 1 1 1 -1 -1 3 -1 3 3 -1 1 3 -1 1 1 1 
1 1 1 3 1 1 6 6 2 -1 -1 3 -1 -1 -1 1 -1 1 1 1 
1 -1 -1 1 1 6 6 6 6 -1 -1 -1 -1 -1 1 2 -1 1 1 1 
-1 1 1 6 6 -1 3 3 -1 -1 -1 -1 -1 5 -1 1 2 -1 1 1 
-1 -1 1 2 1 6 6 6 1 -1 -1 -1 3 2 2 2 1 -1 -1 -1 
-1 -1 2 -1 6 6 6 1 1 1 1 2 3 3 2 2 2 -1 -1 -1 
3 -1 3 3 6 1 2 1 1 -1 1 1 1 2 3 3 2 3 -1 3 
1 3 1 6 6 -1 1 1 1 1 6 1 -1 1 2 2 3 4 4 -1 
1 3 1 6 -1 1 2 1 6 -1 6 6 1 1 1 2 3 1 4 1 
1 1 1 1 1 1 6 6 6 6 6 -1 6 -1 2 1 1 -1 1 1 
-1 4 1 1 1 1 6 6 6 6 6 -1 6 6 1 1 1 -1 4 -1 
1 4 -1 1 1 1 1 6 6 6 6 6 6 -1 1 -1 6 6 1 -1 
-1 -1 -1 1 1 1 6 6 6 6 6 6 6 6 1 1 1 1 1 1 
-1 -1 -1 1 -1 6 6 6 6 6 6 6 6 6 1 1 1 1 1 1 
2 -1 -1 -1 -1 -1 8 -1 1 1 8 8 -1 -1 -1 3 2 2 -1 2 
2 2 6 -1 -1 -1 1 -1 1 -1 -1 3 -1 3 3 -1 2 2 2 2 
1 2 2 2 1 -1 -1 3 -1 3 -1 -1 -1 1 -1 -1 2 2 1 3 
3 -1 2 2 1 3 -1 3 -1 2 -1 -1 1 1 1 -1 -1 2 1 1 
1 3 2 -1 2 3 -1 3 3 2 2 -1 3 -1 1 -1 1 1 1 3 
3 2 3 3 -1 6 6 3 3 2 3 3 -1 1 1 -1 1 1 3 2 
-1 -1 2 2 3 3 6 6 3 3 3 3 3 1 1 1 1 3 1 3 
1 1 -1 2 -1 3 1 3 3 2 2 3 1 -1 3 1 1 3 3 2 
2 2 -1 2 3 -1 1 3 2 3 3 1 3 3 3 3 3 3 3 3 
3 1 1 1 2 2 1 -1 2 3 2 1 1 1 3 3 3 2 3 3 
-1 1 -1 -1 -1 -1 -1 1 2 -1 3 1 -1 -1 -1 -1 2 3 2 -1 
-1 -1 -1 3 -1 -1 -1 1 2 -1 3 1 1 1 -1 -1 3 3 -1 3 
-1 -1 -1 3 1 -1 -1 1 2 2 1 1 1 1 3 3 3 -1 -1 -1 
-1 -1 1 1 2 2 -1 -1 1 2 1 1 1 -1 2 -1 -1 -1 -1 -1 
-1 -1 -1 -1 2 1 -1 1 3 2 1 1 1 3 -1 -1 -1 -1 -1 -1 
2 -1 -1 1 2 2 2 1 3 3 1 3 -1 1 -1 -1 -1 -1 2 -1 
-1 -1 -1 1 2 2 1 1 2 3 3 3 3 -1 -1 -1 -1 -1 -1 2 
2 -1 -1 2 2 1 1 1 2 2 -1 8 3 -1 -1 -1 -1 -1 -1 2 
2 -1 -1 -1 -1 -1 8 1 8 2 8 -1 3 1 -1 -1 -1 -1 -1 -1 
-1 -1 -1 -1 8 8 8 8 1 8 -1 -1 -1 -1 1 1 -1 2 2 -1 
1 -1 -1 1 1 2 1 1 -1 1 1 1 1 2 2 2 3 2 2 1 
1 1 -1 1 1 1 2 1 1 1 1 1 1 2 2 -1 2 2 2 2 
1 -1 -1 1 2 2 2 1 1 1 1 1 1 2 2 2 2 2 2 1 
-1 -1 -1 2 -1 2 2 -1 -1 1 1 1 -1 2 2 2 2 2 2 -1 
-1 -1 -1 2 -1 2 -1 -1 -1 1 1 -1 -1 2 2 3 2 3 2 3 
3 -1 -1 2 -1 -1 1 -1 -1 -1 -1 -1 2 2 1 3 2 3 2 2 
3 2 2 1 1 1 -1 1 -1 1 1 1 -1 9 9 2 3 3 3 3 
-1 3 1 1 -1 1 -1 1 1 1 1 1 1 1 -1 2 -1 3 3 -1 
3 3 3 3 1 1 1 1 1 1 -1 1 1 1 -1 2 2 3 3 -1 
2 3 3 3 -1 -1 1 1 1 1 1 1 2 -1 -1 2 2 3 2 3 
3 1 1 1 -1 -1 -1 -1 2 1 2 2 2 -1 -1 -1 -1 -1 2 3 
3 1 1 1 1 1 -1 2 -1 2 2 -1 -1 -1 -1 -1 2 2 2 2 
1 1 2 1 1 -1 -1 2 -1 -1 -1 -1 -1 -1 -1 2 -1 2 -1 2 
1 1 2 1 1 -1 1 -1 -1 -1 -1 -1 1 -1 -1 -1 2 2 2 2 
1 1 1 1 1 1 1 1 -1 -1 -1 -1 1 -1 -1 -1 -1 1 2 2 
2 1 1 1 1 1 1 -1 -1 -1 -1 -1 -1 1 1 1 -1 1 2 1 
2 2 1 -1 1 1 -1 -1 2 -1 -1 -1 -1 1 1 -1 1 1 1 2 
-1 1 2 -1 -1 1 -1 -1 2 2 2 -1 1 -1 1 1 -1 1 2 -1 
1 1 -1 -1 -1 -1 -1 2 2 -1 2 2 1 1 1 1 -1 2 1 -1 
1 1 1 1 1 1 -1 -1 -1 -1 -1 -1 2 2 1 3 3 -1 2 2 
-1 -1 -1 -1 -1 -1 -1 -1 1 -1 1 2 2 -1 2 2 -1 2 -1 -1 
2 1 -1 -1 -1 -1 -1 -1 -1 -1 -1 1 2 2 2 2 2 -1 -1 -1 
2 1 -1 2 -1 -1 2 2 -1 1 -1 -1 1 2 2 2 -1 2 -1 2 
1 2 2 2 2 -1 2 3 1 2 2 2 2 1 -1 1 -1 -1 -1 2 
-1 -1 -1 2 -1 2 2 2 2 -1 2 2 2 1 1 2 1 -1 -1 1 
1 1 2 2 2 2 2 2 2 -1 2 -1 1 2 2 -1 -1 1 -1 -1 
1 1 1 1 -1 2 2 2 2 2 -1 -1 -1 -1 -1 2 2 -1 -1 -1 
-1 1 1 1 2 2 2 -1 2 -1 -1 -1 -1 1 1 2 -1 -1 -1 1 
-1 1 1 -1 1 2 2 2 -1 -1 -1 -1 1 -1 1 2 2 2 2 -1 
1 -1 1 2 -1 1 -1 2 -1 1 -1 -1 -1 -1 -1 -1 2 2 2 2 
-1 1 1 2 -1 -1 -1 2 2 1 -1 -1 -1 -1 2 -1 2 2 2 -1 
-1 1 1 1 -1 -1 -1 -1 -1 1 1 -1 2 2 2 -1 -1 -1 -1 2 
2 1 1 1 1 1 -1 1 1 1 -1 -1 -1 2 -1 -1 -1 -1 1 2 
2 1 -1 -1 1 1 2 2 2 1 -1 -1 1 1 2 2 1 1 1 -1 
1 1 1 1 1 2 2 -1 -1 -1 -1 -1 1 2 2 1 2 1 -1 1 
-1 1 -1 1 1 2 2 -1 -1 -1 -1 -1 -1 2 -1 -1 2 -1 -1 -1 
1 -1 -1 -1 -1 -1 -1 -1 -1 -1 -1 -1 -1 -1 1 -1 -1 -1 -1 -1 
-1 -1 -1 -1 2 -1 -1 2 -1 1 1 -1 1 1 -1 -1 -1 -1 -1 -1 
-1 -1 -1 -1 2 2 2 2 1 1 1 1 1 -1 -1 1 -1 -1 -1 -1 
-1 -1 -1 -1 -1 2 -1 -1 -1 1 2 1 2 -1 1 2 1 -1 -1 -1 
-1 -1 -1 -1 -1 -1 -1 8 -1 1 1 1 1 1 1 -1 2 -1 1 -1 
-1 -1 -1 2 -1 1 -1 -1 1 1 1 1 1 1 1 -1 1 2 1 1 
1 -1 -1 2 1 1 1 -1 1 -1 -1 1 -1 -1 -1 1 -1 1 1 1 
-1 -1 2 -1 -1 1 1 1 -1 1 -1 -1 -1 -1 1 2 2 1 1 -1 
-1 -1 -1 1 -1 1 1 1 -1 1 1 1 -1 1 1 2 -1 1 -1 -1 
-1 -1 1 1 1 1 1 1 1 -1 1 1 1 3 -1 -1 1 1 1 1 
1 -1 1 1 1 1 -1 1 -1 1 1 1 3 -1 1 -1 1 1 1 1 
-1 1 1 -1 1 -1 -1 1 -1 -1 1 1 -1 3 3 -1 1 1 1 1 
-1 1 1 1 -1 1 1 1 -1 1 1 1 -1 2 2 -1 -1 -1 -1 1 
1 -1 -1 1 -1 -1 -1 -1 1 1 1 1 -1 2 2 -1 -1 -1 1 -1 
-1 -1 -1 2 -1 -1 -1 1 -1 1 1 1 2 2 2 -1 1 1 -1 -1 
2 -1 2 2 -1 -1 -1 -1 1 -1 1 1 2 2 -1 -1 1 2 -1 -1 
-1 -1 -1 2 -1 -1 2 -1 -1 -1 -1 -1 1 -1 -1 1 2 -1 1 -1 
-1 -1 2 -1 -1 -1 2 -1 -1 -1 -1 -1 1 -1 -1 1 -1 1 1 -1 
-1 -1 2 2 2 2 2 2 -1 -1 -1 -1 -1 -1 -1 -1 1 1 1 1 
-1 -1 2 1 1 1 2 2 2 -1 1 1 -1 -1 -1 -1 -1 1 1 1 
-1 2 -1 1 2 2 2 -1 2 2 1 1 -1 -1 -1 -1 -1 1 1 1 
1 -1 -1 2 8 2 -1 8 1 1 1 1 -1 -1 -1 -1 -1 1 1 1 
1 1 -1 -1 8 8 8 -1 1 1 1 1 -1 -1 -1 -1 -1 -1 1 -1 
1 1 -1 -1 8 8 8 -1 1 1 1 1 1 -1 1 1 1 -1 1 1 
-1 1 -1 -1 -1 -1 -1 -1 -1 1 1 -1 1 -1 -1 -1 2 -1 1 1 
1 -1 -1 -1 1 -1 -1 -1 -1 -1 1 -1 -1 1 -1 1 1 2 1 1 
1 1 1 1 -1 1 1 1 1 -1 1 -1 -1 2 -1 5 1 1 1 1 
-1 1 1 1 1 -1 1 1 1 1 -1 1 2 2 2 1 5 1 1 -1 
-1 1 1 -1 -1 1 1 1 1 -1 -1 -1 2 1 2 -1 -1 1 1 -1 
-1 1 1 -1 1 1 1 -1 -1 -1 -1 -1 1 2 2 1 -1 -1 1 1 
1 1 1 1 -1 1 -1 2 -1 -1 -1 1 -1 1 1 1 -1 -1 1 1 
1 1 1 2 -1 -1 -1 2 2 -1 -1 1 -1 -1 1 -1 -1 -1 -1 1 
2 -1 -1 3 -1 -1 -1 2 2 2 2 -1 -1 -1 -1 1 -1 -1 -1 -1 
2 9 3 1 1 -1 3 -1 -1 2 1 2 -1 2 -1 -1 -1 -1 -1 -1 
-1 3 3 5 5 3 -1 -1 2 2 1 -1 2 -1 1 -1 -1 -1 -1 2 
2 2 2 2 2 2 -1 1 1 2 -1 2 -1 -1 -1 1 1 -1 -1 -1 
2 -1 -1 2 2 -1 2 2 1 1 1 -1 -1 -1 -1 -1 -1 -1 2 -1 
2 2 -1 2 -1 2 2 2 2 -1 1 2 2 -1 -1 -1 -1 2 -1 -1 
-1 2 2 2 2 2 2 2 2 1 1 1 2 -1 -1 -1 -1 2 -1 -1 
-1 -1 2 2 2 1 1 2 -1 1 2 2 2 2 -1 -1 -1 -1 -1 -1 
-1 -1 -1 -1 -1 1 2 2 1 1 2 2 -1 -1 -1 2 -1 -1 -1 -1 
-1 -1 -1 -1 1 -1 -1 2 1 1 1 2 -1 -1 2 2 -1 2 -1 -1 
-1 -1 -1 2 -1 -1 -1 1 1 1 -1 -1 -1 1 1 2 2 -1 -1 -1 
1 -1 2 2 2 -1 -1 -1 1 2 1 -1 -1 1 1 -1 -1 -1 1 -1 
-1 1 1 -1 1 -1 -1 -1 -1 1 1 3 -1 -1 -1 -1 -1 -1 -1 -1 
1 1 1 1 1 -1 -1 -1 1 -1 -1 -1 3 -1 -1 -1 -1 -1 -1 -1 
1 1 1 1 1 1 -1 -1 -1 -1 -1 -1 -1 -1 -1 -1 -1 -1 -1 1 
1 -1 1 1 1 1 1 -1 -1 -1 -1 -1 -1 -1 -1 -1 -1 -1 1 -1 
1 -1 1 1 1 1 1 -1 -1 -1 -1 -1 -1 2 -1 -1 2 -1 -1 1 
-1 -1 -1 -1 1 -1 -1 1 -1 -1 -1 -1 -1 2 -1 2 -1 -1 -1 1 
-1 -1 -1 1 -1 -1 -1 -1 -1 -1 -1 -1 -1 1 -1 2 1 -1 -1 -1 
-1 -1 -1 -1 -1 -1 -1 -1 -1 -1 -1 -1 1 -1 -1 -1 -1 1 -1 -1 
-1 -1 -1 -1 -1 -1 -1 -1 -1 -1 -1 2 2 2 -1 1 -1 1 -1 -1 
1 -1 -1 -1 -1 -1 -1 -1 -1 1 1 -1 2 2 2 1 1 1 1 -1 
1 -1 -1 -1 -1 -1 -1 1 1 1 1 1 1 2 1 1 1 1 1 1 
-1 -1 -1 -1 -1 -1 -1 1 1 -1 1 1 1 1 1 1 1 1 1 1 
1 -1 -1 1 -1 -1 -1 -1 -1 -1 1 1 1 1 1 1 1 1 1 1 
-1 2 1 -1 1 -1 -1 -1 -1 -1 -1 1 1 1 1 1 1 1 -1 1 
2 -1 1 1 -1 1 -1 -1 -1 -1 -1 1 -1 2 1 1 -1 -1 2 -1 
-1 1 1 1 1 1 -1 -1 -1 -1 1 1 1 2 1 1 2 -1 2 2 
1 1 1 1 1 1 2 -1 -1 -1 1 1 -1 2 -1 1 -1 2 2 -1 
-1 1 1 1 -1 2 -1 -1 2 1 -1 1 2 -1 -1 -1 -1 3 -1 -1 
1 1 1 1 2 -1 -1 2 -1 1 1 -1 -1 -1 -1 3 3 -1 -1 -1 
-1 -1 -1 1 1 1 -1 -1 -1 -1 1 -1 -1 -1 1 1 -1 -1 -1 -1 
1 1 -1 1 -1 -1 -1 -1 -1 -1 -1 -1 -1 -1 -1 -1 -1 1 1 1 
1 -1 -1 1 1 -1 2 2 2 1 -1 -1 -1 -1 -1 -1 1 -1 1 -1 
-1 -1 1 1 1 1 1 1 1 1 1 -1 1 1 -1 1 1 1 -1 -1 
-1 -1 1 -1 1 1 2 2 -1 1 -1 1 1 1 1 -1 1 1 -1 -1 
-1 -1 -1 1 -1 -1 -1 -1 -1 -1 2 1 1 1 2 -1 1 1 1 -1 
-1 2 -1 -1 -1 -1 -1 -1 -1 -1 2 1 2 1 -1 2 -1 1 1 1 
-1 2 2 2 1 -1 -1 -1 -1 -1 -1 2 -1 2 2 2 1 2 -1 -1 
-1 -1 2 -1 1 1 -1 -1 -1 -1 -1 -1 -1 -1 2 1 1 2 -1 -1 
-1 -1 -1 -1 -1 1 -1 -1 -1 -1 -1 -1 -1 2 2 -1 -1 -1 -1 -1 
-1 -1 -1 -1 -1 -1 -1 -1 -1 -1 -1 -1 -1 -1 -1 -1 -1 -1 -1 -1 
-1 2 2 2 -1 -1 -1 -1 -1 -1 -1 -1 -1 -1 -1 -1 -1 -1 -1 -1 
2 -1 -1 -1 -1 -1 -1 -1 -1 -1 -1 -1 -1 1 -1 -1 -1 -1 -1 2 
2 -1 -1 -1 -1 -1 -1 -1 -1 -1 -1 -1 -1 -1 1 1 -1 -1 -1 -1 
-1 -1 -1 -1 -1 -1 -1 -1 -1 -1 -1 -1 -1 1 -1 1 1 1 -1 -1 
-1 -1 -1 1 -1 1 -1 -1 -1 -1 -1 -1 -1 -1 1 1 1 1 1 -1 
-1 -1 1 1 1 -1 -1 3 3 -1 -1 1 -1 -1 -1 1 1 1 -1 -1 
-1 1 -1 1 -1 1 1 3 3 1 -1 -1 1 -1 1 1 1 1 1 -1 
-1 -1 -1 -1 1 1 1 -1 -1 -1 -1 -1 -1 -1 1 -1 1 -1 -1 1 
-1 -1 -1 1 -1 1 -1 -1 -1 -1 -1 -1 -1 -1 -1 -1 -1 1 1 1 
-1 -1 -1 -1 -1 -1 -1 -1 -1 -1 -1 -1 -1 -1 1 1 -1 1 1 1 
-1 -1 -1 -1 -1 -1 -1 -1 1 -1 -1 -1 1 1 -1 -1 -1 1 -1 -1 
-1 -1 -1 -1 -1 -1 1 1 1 1 -1 -1 -1 1 -1 -1 -1 1 1 -1 
-1 -1 -1 -1 -1 -1 -1 1 1 1 -1 -1 1 -1 1 -1 -1 1 1 -1 
-1 -1 -1 -1 -1 -1 -1 -1 -1 1 -1 -1 1 -1 -1 1 -1 1 1 -1 
-1 -1 -1 -1 -1 -1 1 -1 1 -1 1 1 -1 -1 -1 -1 1 1 -1 1 
1 -1 -1 -1 -1 1 1 1 1 1 1 1 -1 -1 -1 -1 1 -1 -1 -1 
1 -1 -1 -1 -1 1 1 1 1 1 -1 1 -1 -1 -1 -1 -1 -1 -1 -1 
1 -1 -1 -1 -1 1 1 1 -1 1 -1 -1 -1 -1 -1 -1 -1 -1 -1 -1 
-1 -1 -1 -1 -1 1 -1 -1 1 1 -1 -1 -1 -1 -1 -1 -1 -1 -1 -1 
-1 -1 -1 -1 -1 1 -1 -1 -1 -1 -1 1 -1 1 -1 -1 -1 -1 -1 -1 
-1 -1 -1 -1 -1 -1 1 -1 -1 1 1 1 1 1 1 -1 -1 -1 -1 -1 
-1 -1 -1 -1 1 -1 -1 1 -1 1 1 -1 1 1 1 1 -1 -1 -1 -1 
-1 -1 -1 1 1 1 1 -1 1 1 1 -1 -1 -1 1 -1 -1 -1 -1 -1 
-1 -1 1 1 1 1 1 -1 1 1 -1 1 1 -1 -1 -1 -1 -1 -1 -1 
-1 1 1 1 1 -1 1 1 1 -1 1 -1 1 -1 -1 -1 -1 -1 -1 -1 
1 -1 -1 -1 -1 -1 -1 -1 -1 1 1 -1 -1 1 -1 -1 -1 1 1 -1 
1 -1 -1 -1 -1 -1 -1 -1 -1 1 -1 -1 -1 -1 -1 -1 -1 -1 1 -1 
1 -1 -1 -1 -1 -1 -1 -1 1 1 -1 -1 -1 -1 1 -1 -1 -1 1 1 
-1 -1 -1 -1 -1 -1 1 -1 1 1 1 -1 1 -1 -1 1 -1 -1 -1 1 
-1 -1 -1 -1 -1 -1 -1 1 1 1 -1 1 1 -1 -1 -1 1 -1 -1 -1 
1 2 -1 -1 -1 -1 -1 -1 -1 -1 -1 -1 -1 -1 -1 -1 -1 -1 1 -1 
-1 2 -1 -1 -1 -1 -1 -1 1 -1 -1 1 -1 -1 -1 -1 -1 1 1 1 
1 1 -1 -1 -1 -1 -1 -1 1 1 -1 -1 1 1 -1 -1 1 -1 1 1 
1 -1 -1 1 1 -1 -1 1 1 -1 -1 -1 1 1 1 1 -1 1 -1 1 
1 1 2 1 1 -1 1 -1 -1 -1 -1 -1 1 1 1 1 1 -1 -1 -1 
-1 -1 -1 -1 -1 1 -1 -1 -1 -1 -1 -1 1 1 1 -1 -1 -1 -1 -1 
1 -1 -1 -1 -1 -1 1 1 -1 -1 -1 1 1 1 -1 -1 -1 -1 -1 -1 
-1 -1 -1 -1 -1 -1 1 1 1 1 1 1 1 1 1 -1 -1 -1 -1 -1 
-1 1 -1 1 -1 -1 1 1 1 1 1 1 1 -1 -1 -1 -1 -1 2 -1 
1 -1 1 1 -1 -1 1 -1 1 -1 1 1 -1 -1 -1 -1 -1 -1 -1 -1 
1 1 -1 1 -1 -1 1 -1 -1 -1 -1 -1 1 1 -1 -1 -1 -1 -1 -1 
1 1 1 -1 -1 -1 -1 -1 -1 -1 -1 -1 -1 1 1 -1 -1 -1 -1 -1 
-1 1 -1 -1 -1 -1 -1 -1 -1 -1 -1 -1 -1 -1 -1 1 -1 -1 -1 1 
1 -1 -1 -1 -1 -1 -1 -1 -1 -1 -1 -1 -1 1 1 -1 -1 -1 -1 1 
1 1 -1 3 -1 -1 -1 -1 -1 -1 -1 -1 -1 -1 1 -1 -1 1 1 1 
-1 -1 1 3 -1 -1 -1 -1 -1 -1 -1 9 -1 -1 -1 1 1 1 1 -1 
-1 1 3 3 3 -1 -1 -1 -1 2 9 -1 -1 -1 -1 -1 2 -1 1 1 
1 3 3 3 3 -1 -1 -1 -1 -1 2 2 2 -1 2 -1 2 2 -1 1 
1 -1 -1 3 -1 -1 -1 -1 -1 -1 -1 2 2 2 -1 -1 -1 2 2 1 
-1 -1 -1 -1 -1 -1 -1 -1 -1 -1 -1 2 2 2 2 -1 -1 -1 2 -1 
-1 2 2 2 -1 -1 3 2 3 -1 -1 2 1 1 -1 1 -1 -1 -1 2 
-1 -1 2 2 -1 -1 3 -1 2 2 2 2 2 1 -1 -1 1 -1 -1 -1 
-1 -1 -1 -1 1 -1 -1 2 2 2 2 1 1 1 -1 -1 -1 -1 -1 -1 
1 -1 -1 1 -1 -1 -1 2 -1 2 2 2 1 1 -1 -1 -1 -1 -1 -1 
1 -1 -1 2 1 1 -1 1 2 2 2 2 2 1 -1 -1 -1 -1 -1 -1 
-1 1 2 2 2 1 2 1 2 2 2 2 -1 1 -1 -1 1 -1 -1 2 
2 2 2 -1 2 2 2 2 2 2 -1 1 1 -1 1 1 -1 -1 1 -1 
2 2 -1 2 2 -1 2 -1 1 2 -1 -1 1 -1 -1 1 -1 -1 1 2 
2 2 2 2 2 2 2 1 1 1 -1 -1 1 1 1 1 1 1 -1 1 
-1 2 2 -1 2 2 -1 -1 -1 2 2 -1 1 1 -1 1 1 -1 1 -1 
2 2 2 2 2 2 -1 -1 2 2 2 2 1 1 1 1 -1 1 1 1 
-1 2 -1 1 2 2 2 2 -1 -1 2 2 2 1 1 1 -1 1 1 2 
2 -1 1 2 2 2 -1 -1 2 -1 2 1 2 1 1 1 1 1 1 2 
2 2 -1 2 2 2 2 2 2 2 2 2 1 2 1 1 1 1 -1 2 
2 -1 -1 2 2 -1 2 -1 2 2 2 2 2 1 1 1 1 1 1 1 
1 -1 -1 2 2 2 2 1 2 1 2 2 2 2 1 1 1 -1 1 1 
1 -1 -1 2 2 2 2 -1 1 -1 1 1 2 2 1 1 1 4 1 1 
-1 -1 -1 2 2 -1 2 2 1 1 2 2 2 -1 2 2 4 -1 1 1 
2 -1 -1 2 2 -1 2 2 2 -1 1 1 -1 2 2 -1 4 1 1 1 
2 2 2 -1 -1 -1 3 2 -1 -1 -1 -1 1 -1 1 -1 1 -1 -1 1 
2 2 -1 2 2 1 2 2 2 2 1 1 -1 -1 1 1 2 2 2 -1 
-1 2 -1 2 2 2 2 2 9 2 2 2 -1 1 -1 2 -1 2 2 2 
2 2 2 -1 -1 2 -1 2 2 2 2 2 1 1 1 -1 2 -1 1 2 
2 2 2 2 2 -1 -1 2 2 2 -1 1 1 1 1 1 1 1 1 1 
1 2 -1 2 2 2 -1 2 2 2 2 1 2 -1 1 -1 1 1 1 2 
2 2 2 -1 2 -1 2 1 1 2 2 2 2 1 1 1 2 2 1 2 
2 2 2 2 -1 2 2 2 2 2 2 2 2 2 2 1 2 2 2 2 
10 2 2 2 -1 1 2 2 2 2 2 2 2 1 -1 2 2 2 2 2 
2 2 2 2 -1 2 -1 2 2 2 2 2 1 2 1 -1 2 2 2 2 
2 2 2 2 -1 2 2 2 1 2 2 2 2 1 1 -1 -1 -1 2 2 
2 2 2 2 2 -1 2 2 1 2 2 2 -1 1 1 1 1 2 -1 2 
-1 1 2 2 2 2 2 2 1 2 2 2 2 1 1 2 1 -1 2 2 
1 2 2 2 2 -1 2 2 2 2 2 2 2 1 2 -1 -1 2 2 2 
1 2 2 -1 2 -1 1 2 2 2 1 2 2 2 1 -1 -1 2 2 1 
-1 2 2 1 1 2 2 1 1 1 1 1 2 2 2 -1 -1 -1 2 1 
2 2 2 2 2 2 -1 2 2 1 2 2 2 -1 -1 1 -1 2 2 2 
2 2 2 2 2 2 2 2 2 2 -1 -1 2 1 -1 -1 1 1 2 2 
2 -1 2 2 2 2 2 2 2 2 2 2 1 1 -1 -1 1 2 2 2 
-1 2 2 2 2 2 1 2 2 -1 -1 2 1 1 1 1 2 2 -1 2 
2 -1 2 -1 -1 2 1 1 1 1 1 1 -1 -1 1 2 2 -1 2 2 
2 -1 2 2 2 2 1 4 4 2 2 2 2 1 1 1 1 1 2 2 
2 2 1 -1 2 2 4 4 2 4 2 2 2 1 1 1 1 -1 1 2 
2 2 1 2 2 2 4 4 -1 4 -1 2 2 2 -1 1 1 2 2 -1 
2 2 2 -1 2 2 2 -1 4 4 -1 1 1 2 2 2 1 -1 2 -1 
1 1 2 -1 2 2 1 2 1 2 2 1 -1 -1 2 2 1 1 9 2 
1 1 2 2 2 1 1 2 2 1 1 2 2 2 2 -1 -1 1 2 2 
2 1 2 -1 1 1 2 2 2 2 1 1 2 -1 1 1 1 1 2 2 
2 2 2 1 1 2 1 -1 2 2 -1 2 2 2 1 1 1 1 1 2 
2 2 1 2 1 1 1 2 1 2 2 2 2 1 -1 1 1 -1 1 -1 
-1 1 2 1 1 1 1 1 1 1 2 1 1 1 1 1 1 1 1 -1 
1 1 1 1 2 1 -1 1 1 2 2 2 -1 2 1 1 1 1 2 1 
1 2 1 2 2 -1 2 1 1 2 2 1 2 1 1 -1 -1 2 1 1 
1 -1 2 2 2 2 1 2 1 2 2 2 1 1 1 -1 1 1 1 1 
1 2 2 1 2 2 2 1 -1 1 1 1 2 1 1 1 2 1 1 2 
2 2 1 1 1 1 1 1 1 2 2 2 2 2 1 -1 2 -1 2 1 
2 1 2 1 1 2 1 1 1 2 1 2 -1 2 2 -1 2 2 2 -1 
2 2 2 1 -1 2 2 2 1 1 1 2 2 2 -1 -1 -1 2 2 2 
2 2 2 2 1 1 2 2 -1 2 2 2 2 2 -1 2 2 2 2 2 
2 2 2 2 -1 1 4 2 2 2 2 2 4 2 2 2 2 -1 2 2 
-1 2 2 -1 2 2 2 4 -1 2 2 2 4 4 2 2 2 2 2 2 
2 2 4 -1 4 4 4 2 2 2 2 2 2 1 2 1 8 1 1 4 
1 4 2 4 2 4 4 2 2 -1 2 2 -1 2 2 1 2 1 1 4 
2 2 -1 -1 -1 2 2 4 4 2 2 2 2 2 1 2 2 2 2 2 
-1 2 2 2 6 2 2 4 2 -1 2 2 2 1 1 -1 2 2 2 -1 
-1 -1 2 4 2 2 4 4 2 2 2 2 1 1 2 2 2 2 2 2 
2 2 -1 -1 1 1 1 4 1 2 -1 2 2 2 1 1 1 2 2 2 
-1 -1 2 2 1 1 4 1 -1 1 -1 2 2 1 2 2 1 1 2 2 
2 1 2 1 2 1 1 2 2 -1 2 2 2 2 -1 2 4 2 2 2 
1 2 1 2 2 4 1 2 2 2 2 2 1 1 4 4 -1 2 1 1 
-1 -1 2 2 -1 4 2 1 1 2 2 2 1 1 1 -1 2 1 1 1 
-1 2 2 2 2 -1 2 4 2 2 1 2 1 1 1 1 2 1 1 -1 
-1 2 2 2 2 2 2 2 -1 1 2 1 1 1 2 2 1 1 1 -1 
-1 2 9 2 2 2 2 -1 9 2 1 -1 1 1 2 1 1 1 -1 -1 
-1 -1 2 2 -1 -1 4 9 1 1 1 1 1 2 2 2 1 1 2 -1 
-1 2 4 2 2 2 4 2 2 -1 4 1 1 4 2 2 2 1 2 -1 
2 4 4 -1 -1 2 6 6 2 2 2 2 4 2 2 2 2 2 2 2 
4 -1 2 -1 2 2 -1 6 2 2 6 4 6 2 2 2 2 2 4 2 
2 4 4 4 -1 2 4 -1 6 2 -1 6 6 2 2 1 -1 2 4 -1 
-1 3 4 4 4 4 4 4 6 4 4 4 2 -1 2 2 1 2 2 -1 
3 4 -1 4 4 4 2 4 -1 6 2 2 2 2 1 8 1 2 1 2 
-1 4 3 3 4 4 4 4 4 4 4 4 4 2 2 2 2 2 2 2 
-1 4 2 4 4 4 6 4 4 4 1 4 2 2 -1 2 2 2 2 2 
2 2 2 4 2 4 4 4 4 2 2 2 4 2 4 2 2 2 -1 -1 
-1 4 2 2 2 4 4 4 2 4 2 2 2 8 2 2 2 2 2 -1 
4 3 3 3 2 2 4 4 -1 2 2 2 8 2 4 2 -1 -1 -1 2 
2 2 3 2 2 4 4 2 -1 2 2 2 2 8 -1 2 2 3 3 2 
1 3 2 1 1 2 4 2 2 2 -1 2 -1 2 2 4 2 3 2 2 
1 2 1 1 2 2 4 2 -1 2 1 1 2 1 2 2 1 -1 2 1 
2 2 2 1 1 1 2 2 2 2 2 2 1 1 1 2 2 1 2 2 
2 2 2 -1 1 1 1 1 2 2 2 2 2 1 1 1 2 1 1 2 
2 2 2 2 4 4 2 2 2 2 4 2 1 2 1 1 1 2 2 2 
-1 2 1 1 4 4 4 2 2 2 4 2 1 1 2 1 1 1 2 2 
2 2 2 -1 -1 4 2 4 -1 2 4 1 2 1 1 1 2 1 2 2 
2 -1 -1 4 4 -1 4 4 4 2 2 1 -1 1 1 1 2 2 2 2 
2 2 4 4 4 -1 4 4 4 4 1 1 1 -1 2 2 1 -1 2 -1 
2 2 2 4 4 -1 4 4 4 1 1 1 1 1 -1 -1 1 2 2 2 
1 1 1 4 4 4 4 4 4 1 1 -1 1 1 1 2 2 2 2 2 
2 2 -1 -1 4 4 4 4 4 4 -1 -1 -1 1 1 2 2 2 2 2 
2 4 4 2 2 4 -1 4 4 4 4 -1 2 2 -1 2 -1 2 2 2 
2 4 3 2 2 4 4 4 4 4 4 4 2 2 2 2 2 2 2 2 
-1 1 4 2 1 2 2 2 2 2 2 -1 1 -1 4 4 -1 1 -1 -1 
1 1 1 4 2 2 1 -1 2 2 2 -1 -1 4 2 4 1 -1 1 2 
1 1 1 2 4 1 1 2 1 2 2 2 2 2 4 4 1 2 2 -1 
1 1 2 2 1 1 2 1 2 2 2 2 2 2 4 4 -1 -1 -1 2 
-1 -1 1 1 1 2 2 2 1 2 2 2 2 2 2 2 -1 -1 -1 -1 
2 -1 2 4 2 4 2 2 -1 2 2 2 2 2 2 -1 -1 -1 -1 2 
-1 2 2 2 -1 2 2 2 2 2 2 2 2 -1 2 2 2 2 -1 2 
2 -1 2 2 2 2 2 -1 2 2 2 -1 2 6 6 4 4 4 2 -1 
-1 -1 -1 2 2 2 2 2 2 2 8 6 2 2 6 4 4 2 2 2 
-1 2 2 2 2 2 2 2 2 2 2 8 6 2 6 4 1 -1 2 -1 
-1 2 2 2 -1 -1 -1 -1 2 2 -1 -1 -1 2 6 2 2 2 2 2 
2 2 2 2 2 1 1 -1 2 2 2 2 2 4 6 -1 -1 2 2 2 
-1 2 2 2 2 2 1 1 1 1 2 -1 -1 6 6 4 1 2 2 2 
2 2 2 1 2 1 2 1 1 1 2 2 2 4 4 1 4 4 1 -1 
2 2 1 2 1 1 2 1 -1 2 2 2 2 4 1 1 4 1 4 2 
2 2 -1 2 1 -1 1 -1 1 1 1 2 2 2 1 1 4 4 4 -1 
-1 -1 2 1 -1 1 1 1 2 1 1 2 2 2 2 2 -1 4 -1 1 
2 2 1 -1 1 1 1 1 1 1 2 2 -1 -1 2 2 -1 -1 -1 -1 
1 2 2 4 -1 2 -1 -1 -1 2 -1 2 1 2 2 2 -1 -1 -1 1 
1 1 4 1 1 -1 2 2 2 2 2 4 1 1 2 2 2 -1 -1 -1 
1 1 1 1 1 -1 9 9 2 -1 -1 2 2 2 1 1 1 1 1 -1 
1 1 1 -1 1 8 9 -1 -1 2 2 2 2 1 1 1 -1 -1 2 1 
2 1 1 -1 8 1 -1 2 2 2 2 -1 2 2 1 1 -1 -1 2 1 
-1 2 1 1 1 1 -1 2 1 1 1 1 2 2 2 1 1 -1 2 2 
-1 -1 1 -1 1 1 2 -1 -1 2 2 1 1 2 -1 1 -1 2 2 -1 
1 -1 -1 -1 2 2 2 2 2 2 -1 -1 2 -1 2 -1 1 1 -1 1 
2 1 -1 -1 -1 2 1 -1 2 -1 2 2 2 2 2 2 1 1 1 2 
2 -1 1 1 1 1 1 1 -1 1 1 1 2 2 1 1 2 2 1 1 
2 2 1 -1 1 -1 1 -1 1 1 1 2 1 1 1 1 2 -1 1 2 
2 -1 2 1 1 1 -1 2 2 1 1 1 1 1 -1 1 -1 2 -1 -1 
-1 2 2 -1 1 -1 1 -1 -1 2 1 -1 -1 2 2 -1 -1 2 -1 -1 
1 1 -1 -1 1 1 -1 -1 -1 2 2 1 -1 -1 2 -1 -1 -1 -1 -1 
-1 1 1 1 1 1 1 1 1 1 1 1 1 1 1 -1 -1 -1 -1 -1 
1 1 1 1 1 1 -1 -1 1 -1 1 1 1 1 1 1 -1 -1 1 -1 
-1 1 1 2 1 -1 -1 -1 -1 1 1 1 1 1 1 1 -1 2 -1 1 
-1 2 2 1 1 1 1 2 2 1 1 1 1 1 1 1 2 -1 2 -1 
2 2 2 2 1 2 1 -1 -1 1 1 1 1 1 -1 3 -1 -1 -1 2 
2 2 2 2 1 1 1 -1 -1 1 1 -1 -1 -1 1 3 2 1 1 -1 
1 2 2 -1 1 1 1 1 2 1 -1 -1 2 2 -1 2 3 1 1 -1 
-1 1 1 1 1 9 1 -1 2 -1 1 -1 2 -1 2 1 -1 1 1 1 
1 1 1 2 1 1 1 1 -1 -1 1 1 1 -1 1 1 1 1 1 1 
1 1 1 -1 1 1 1 -1 -1 1 1 1 1 1 -1 -1 1 1 1 1 
1 1 1 1 1 1 1 1 1 1 1 1 1 -1 -1 1 1 1 1 1 
1 1 1 1 1 1 1 1 1 1 1 1 -1 -1 1 1 1 1 1 -1 
1 1 1 1 1 1 1 2 2 1 1 -1 -1 1 -1 1 -1 -1 1 1 
1 1 1 1 1 -1 1 2 1 1 -1 -1 -1 -1 1 1 1 1 2 1 
1 1 1 1 2 2 2 1 1 1 1 1 1 1 3 1 1 2 1 2 
1 1 -1 1 2 2 2 1 1 1 1 1 -1 1 1 1 3 2 2 2 
2 -1 -1 1 2 2 1 1 1 1 2 2 1 1 1 1 2 3 1 2 
2 2 1 1 1 -1 -1 -1 -1 2 2 1 1 1 1 1 1 -1 2 2 
1 1 -1 1 -1 -1 -1 1 2 2 -1 2 2 1 1 -1 -1 -1 -1 -1 
-1 -1 1 1 1 1 -1 1 1 2 1 2 1 1 -1 -1 1 1 -1 -1 
2 -1 -1 1 1 1 1 1 2 1 2 2 -1 1 1 1 1 1 -1 1 
-1 -1 -1 1 1 1 1 1 1 1 1 -1 1 -1 1 -1 1 -1 6 2 
6 -1 6 -1 1 1 1 -1 -1 -1 -1 1 -1 1 1 1 1 -1 6 6 
6 6 -1 -1 1 1 -1 -1 -1 -1 1 -1 -1 -1 -1 1 1 1 1 1 
1 1 2 -1 -1 -1 -1 -1 -1 -1 -1 1 -1 -1 -1 1 1 1 1 1 
1 1 2 -1 1 1 1 4 -1 -1 -1 -1 -1 1 -1 1 -1 1 1 1 
1 1 1 -1 2 1 4 4 1 -1 -1 -1 -1 1 -1 1 1 1 1 1 
1 1 2 2 2 1 1 -1 1 1 -1 -1 1 -1 1 -1 1 1 1 1 
2 2 2 1 1 1 1 1 1 1 1 -1 1 1 1 1 -1 1 1 -1 
2 2 1 -1 -1 1 1 1 1 1 1 1 1 1 1 1 1 1 -1 2 
1 -1 2 1 1 1 -1 1 1 -1 1 1 1 1 1 -1 -1 1 1 2 
1 -1 1 1 1 1 1 1 1 1 1 1 1 1 1 -1 -1 -1 1 1 
1 -1 1 1 -1 1 1 1 1 -1 1 1 1 1 -1 1 -1 -1 1 1 
1 -1 1 1 1 1 1 -1 1 1 1 1 1 1 1 -1 1 -1 1 1 
-1 1 1 1 1 1 1 1 1 1 1 1 1 1 1 -1 -1 1 1 1 
1 -1 1 1 -1 1 -1 -1 1 1 1 -1 1 -1 1 1 1 1 -1 1 
-1 1 1 -1 3 -1 -1 1 1 1 1 1 1 -1 1 -1 -1 -1 -1 -1 
-1 -1 1 2 2 2 1 1 1 1 1 -1 -1 1 1 1 -1 -1 1 -1 
-1 2 1 2 2 2 1 1 1 1 1 1 1 -1 -1 -1 -1 -1 1 1 
-1 -1 2 1 -1 2 1 1 1 1 1 1 1 -1 -1 -1 -1 -1 -1 -1 
-1 -1 -1 -1 1 1 2 1 -1 1 1 1 -1 -1 -1 -1 -1 -1 -1 -1 
-1 -1 -1 -1 -1 1 -1 -1 1 -1 1 1 -1 -1 -1 -1 -1 2 2 2 
-1 -1 -1 -1 -1 1 1 1 -1 -1 1 -1 -1 -1 -1 -1 -1 1 -1 -1 
-1 -1 -1 1 1 1 1 1 -1 -1 1 1 1 -1 -1 -1 -1 -1 1 -1 
-1 -1 -1 1 1 1 1 -1 1 1 1 1 1 -1 -1 -1 -1 -1 1 -1 
2 -1 -1 -1 1 -1 1 1 1 1 1 -1 1 -1 -1 -1 -1 -1 -1 1 
-1 -1 -1 -1 1 1 -1 -1 1 1 1 1 -1 1 -1 -1 -1 1 -1 2 
1 -1 -1 1 1 1 1 1 1 1 1 1 -1 1 -1 -1 -1 -1 1 1 
3 -1 -1 -1 -1 -1 -1 1 1 -1 -1 6 1 -1 1 1 1 1 2 2 
3 1 -1 -1 -1 -1 -1 1 -1 -1 1 6 1 -1 1 1 1 -1 -1 3 
-1 3 1 1 -1 -1 1 1 -1 1 1 2 2 2 -1 1 1 1 3 3 
1 1 1 1 -1 -1 -1 1 1 1 -1 1 -1 -1 2 2 1 3 1 -1 
-1 -1 1 1 1 1 2 -1 -1 1 1 -1 2 2 1 1 1 1 1 -1 
-1 -1 1 -1 1 2 1 2 2 -1 -1 1 2 2 2 1 -1 -1 -1 2 
2 -1 -1 -1 -1 2 2 2 2 1 1 1 2 -1 2 1 1 -1 -1 -1 
-1 -1 -1 -1 2 1 -1 -1 -1 1 1 2 2 2 2 -1 1 -1 -1 -1 
-1 -1 -1 -1 1 2 -1 -1 1 1 -1 1 1 2 1 -1 1 1 1 -1 
2 2 -1 -1 2 2 -1 -1 1 1 1 -1 1 1 2 -1 1 1 1 1 
1 2 2 2 2 -1 -1 -1 -1 -1 -1 2 2 1 -1 2 -1 -1 -1 1 
1 1 2 2 2 2 -1 1 -1 -1 2 2 2 2 2 2 2 2 -1 2 
2 1 1 2 -1 -1 -1 1 1 -1 2 1 2 2 2 2 1 1 2 1 
1 -1 2 -1 -1 -1 1 1 1 2 1 1 2 2 2 2 2 1 2 2 
-1 -1 -1 -1 1 1 -1 1 2 2 1 1 2 2 2 2 2 2 1 2 
-1 -1 -1 -1 -1 -1 2 -1 2 2 -1 2 2 2 2 2 2 2 2 2 
-1 -1 1 5 -1 -1 -1 -1 -1 2 -1 -1 2 2 2 2 2 2 -1 -1 
-1 -1 1 1 5 -1 -1 -1 2 2 -1 -1 2 1 1 -1 2 -1 -1 -1 
-1 3 5 1 -1 -1 -1 -1 2 2 2 -1 -1 1 -1 1 -1 2 -1 -1 
2 -1 1 1 -1 -1 -1 1 2 -1 2 2 1 1 1 1 -1 2 1 2 
2 6 6 6 1 2 2 -1 -1 -1 -1 6 1 6 -1 6 6 -1 -1 6 
6 6 2 1 1 1 2 -1 -1 -1 -1 -1 2 6 6 6 2 -1 -1 -1 
6 6 6 1 -1 -1 2 -1 -1 -1 -1 2 6 -1 -1 -1 1 -1 -1 -1 
-1 6 1 2 -1 -1 -1 -1 -1 -1 -1 2 -1 -1 -1 -1 -1 1 -1 -1 
6 1 1 2 2 -1 2 -1 -1 -1 -1 1 -1 -1 -1 -1 1 1 1 -1 
-1 6 -1 -1 2 2 -1 2 -1 -1 -1 -1 1 -1 -1 -1 1 1 -1 -1 
6 -1 6 2 2 2 -1 2 2 -1 -1 -1 -1 1 -1 1 1 1 -1 -1 
-1 -1 -1 -1 2 -1 -1 -1 2 -1 -1 -1 1 1 1 1 1 -1 -1 -1 
1 1 -1 2 2 2 2 2 -1 -1 -1 -1 1 1 1 1 -1 1 -1 -1 
1 -1 -1 2 2 1 2 2 2 2 -1 -1 -1 1 -1 1 1 1 1 2 
2 2 -1 -1 1 -1 -1 2 2 -1 -1 -1 -1 1 6 -1 -1 1 1 6 
6 -1 -1 -1 -1 -1 -1 -1 -1 2 -1 2 -1 -1 -1 6 6 1 6 6 
6 -1 -1 -1 -1 -1 -1 -1 -1 -1 2 -1 2 2 2 6 2 6 6 6 
-1 -1 -1 -1 -1 -1 -1 -1 -1 2 2 -1 6 2 2 2 2 2 6 6 
-1 -1 -1 -1 2 -1 -1 -1 -1 -1 -1 6 -1 -1 2 2 2 2 -1 1 
-1 -1 -1 2 2 -1 -1 -1 -1 -1 2 -1 -1 -1 -1 2 2 -1 1 1 
-1 -1 -1 6 -1 -1 -1 -1 -1 2 -1 -1 -1 -1 -1 -1 -1 -1 -1 1 
1 6 6 6 6 -1 -1 -1 -1 -1 -1 -1 -1 -1 -1 -1 1 1 1 -1 
6 1 -1 -1 2 2 -1 -1 -1 -1 1 1 1 -1 -1 -1 1 1 1 2 
2 9 6 3 6 2 -1 -1 -1 -1 -1 1 1 -1 -1 -1 6 -1 1 1 
2 -1 2 3 -1 -1 -1 -1 -1 1 -1 6 6 6 6 -1 -1 -1 3 2 
-1 2 2 3 -1 -1 -1 -1 -1 1 -1 1 -1 -1 -1 -1 -1 -1 -1 -1 
2 -1 2 2 2 -1 -1 2 1 1 1 2 1 -1 -1 -1 -1 -1 -1 -1 
2 3 3 3 2 -1 2 1 2 1 1 1 1 -1 -1 -1 -1 -1 6 1 
-1 -1 1 -1 -1 2 2 2 -1 2 1 1 1 -1 -1 1 -1 1 1 -1 
-1 1 -1 1 2 -1 1 2 1 1 1 2 -1 1 2 2 1 1 1 -1 
1 -1 1 2 2 2 1 2 2 1 1 -1 1 2 2 1 1 1 1 1 
1 -1 2 1 2 2 2 1 1 -1 -1 2 2 2 -1 1 1 1 -1 1 
1 2 -1 -1 -1 -1 2 2 1 -1 -1 2 2 2 2 2 1 1 1 -1 
1 -1 -1 1 -1 2 2 1 -1 -1 -1 -1 -1 -1 -1 -1 2 1 -1 1 
-1 1 1 -1 -1 1 1 -1 -1 -1 -1 -1 -1 -1 -1 2 1 1 1 1 
-1 -1 1 -1 1 1 1 1 -1 2 -1 -1 -1 -1 -1 -1 -1 -1 -1 1 
2 -1 2 1 1 1 -1 -1 -1 -1 -1 1 -1 2 2 2 -1 -1 1 -1 
-1 2 -1 1 1 1 -1 -1 -1 -1 -1 1 1 2 2 -1 1 1 -1 -1 
-1 -1 -1 1 1 1 -1 -1 -1 -1 -1 2 2 2 -1 -1 -1 -1 -1 -1 
-1 -1 -1 -1 -1 -1 -1 -1 -1 -1 -1 2 -1 2 2 -1 -1 -1 -1 -1 
-1 -1 -1 -1 -1 -1 -1 -1 -1 -1 2 2 -1 2 -1 1 -1 -1 -1 -1 
3 -1 -1 -1 -1 -1 -1 -1 1 2 2 2 2 -1 -1 1 -1 -1 2 3 
3 3 -1 -1 -1 -1 -1 -1 1 2 -1 -1 2 -1 -1 -1 -1 -1 -1 -1 
2 2 -1 2 -1 -1 -1 -1 1 1 2 2 -1 -1 -1 -1 -1 -1 2 2 
1 -1 -1 -1 -1 -1 -1 -1 -1 -1 -1 -1 -1 -1 1 -1 -1 1 1 1 
1 1 -1 -1 -1 -1 -1 -1 -1 -1 1 -1 -1 -1 1 1 1 -1 1 1 
-1 1 -1 -1 1 -1 -1 -1 1 1 -1 1 -1 1 1 1 1 1 -1 -1 
-1 -1 -1 -1 -1 1 -1 -1 1 1 -1 1 -1 -1 -1 -1 1 1 1 1 
-1 -1 -1 -1 -1 -1 -1 -1 -1 -1 1 -1 -1 -1 -1 -1 1 1 -1 1 
-1 -1 -1 -1 -1 -1 -1 -1 -1 -1 -1 -1 -1 -1 -1 -1 -1 1 -1 1 
-1 -1 -1 -1 -1 2 -1 -1 -1 -1 -1 -1 -1 -1 -1 -1 -1 -1 1 -1 
1 -1 2 2 2 -1 2 -1 -1 -1 -1 2 -1 -1 -1 -1 1 -1 1 -1 
-1 1 2 2 -1 -1 1 1 1 1 1 -1 1 -1 -1 1 -1 1 1 -1 
-1 -1 2 -1 -1 1 1 1 1 1 1 2 2 2 -1 -1 1 1 -1 1 
-1 -1 -1 -1 -1 -1 1 1 -1 1 -1 2 2 -1 -1 1 -1 -1 -1 -1 
-1 -1 -1 -1 -1 -1 1 1 1 2 -1 2 -1 -1 1 -1 -1 -1 -1 -1 
-1 -1 -1 -1 -1 1 -1 -1 2 -1 2 -1 -1 -1 1 1 -1 -1 -1 -1 
1 -1 -1 -1 1 -1 -1 -1 2 2 2 2 2 -1 -1 2 -1 -1 -1 1 
-1 -1 1 1 1 1 1 1 -1 -1 -1 1 2 2 2 -1 -1 1 1 1 
1 -1 -1 1 1 -1 -1 1 1 1 -1 1 1 1 2 -1 1 -1 -1 1 
1 -1 -1 1 -1 2 -1 2 2 1 -1 1 1 1 1 -1 -1 -1 -1 1 
1 -1 -1 -1 2 -1 2 -1 1 -1 -1 -1 -1 -1 1 -1 1 1 -1 1 
-1 -1 -1 2 2 2 -1 1 1 1 -1 -1 -1 1 1 1 -1 1 -1 -1 
-1 -1 -1 2 2 -1 1 1 -1 -1 -1 -1 -1 -1 -1 -1 -1 -1 -1 -1 
-1 -1 -1 -1 -1 -1 -1 -1 -1 1 1 -1 -1 -1 1 1 -1 -1 1 -1 
1 -1 -1 -1 -1 -1 -1 -1 -1 -1 -1 -1 -1 1 1 -1 -1 -1 -1 -1 
1 1 -1 -1 -1 -1 -1 -1 -1 -1 -1 -1 -1 -1 1 1 -1 -1 1 1 
-1 -1 -1 -1 -1 -1 -1 -1 -1 -1 -1 -1 -1 -1 -1 -1 -1 -1 1 1 
1 1 -1 -1 -1 -1 -1 -1 -1 -1 -1 -1 -1 1 1 1 1 -1 -1 -1 
1 1 -1 -1 -1 -1 -1 -1 -1 -1 -1 1 1 1 1 1 -1 8 -1 -1 
-1 1 -1 -1 1 1 -1 -1 -1 -1 -1 -1 1 -1 1 1 -1 1 1 -1 
-1 -1 -1 -1 1 1 1 1 -1 -1 -1 1 -1 1 1 -1 1 1 1 -1 
-1 -1 -1 1 1 1 1 -1 -1 -1 -1 -1 1 -1 -1 1 -1 1 1 1 
-1 -1 -1 -1 1 1 1 -1 -1 -1 -1 -1 -1 -1 -1 -1 -1 -1 -1 -1 
-1 -1 -1 -1 1 1 -1 -1 -1 -1 -1 -1 1 -1 -1 -1 -1 -1 -1 -1 
-1 -1 1 1 -1 1 -1 -1 -1 -1 -1 -1 1 -1 -1 -1 -1 -1 -1 -1 
-1 -1 1 1 1 -1 -1 -1 -1 -1 1 1 -1 1 -1 -1 -1 -1 -1 -1 
-1 -1 -1 -1 1 -1 -1 -1 -1 -1 -1 1 1 1 -1 -1 -1 -1 -1 -1 
-1 -1 -1 -1 -1 1 -1 -1 -1 -1 -1 -1 1 1 -1 1 -1 -1 -1 -1 
-1 -1 -1 -1 -1 -1 -1 -1 -1 -1 -1 -1 1 1 -1 -1 1 1 -1 -1 
-1 -1 -1 -1 -1 -1 -1 -1 -1 -1 -1 1 1 1 1 1 1 1 1 1 
-1 -1 -1 -1 -1 -1 -1 -1 -1 -1 1 -1 1 1 1 -1 -1 1 1 -1 
-1 -1 -1 -1 -1 -1 -1 -1 -1 -1 -1 1 -1 -1 1 1 1 -1 -1 -1 
-1 -1 -1 -1 -1 -1 -1 -1 -1 -1 1 -1 -1 1 1 1 1 1 -1 -1 
-1 -1 -1 -1 -1 -1 -1 -1 -1 -1 1 -1 -1 1 -1 -1 -1 -1 -1 -1 
-1 -1 -1 -1 -1 -1 -1 -1 -1 -1 1 -1 -1 1 -1 -1 -1 -1 8 -1 
-1 -1 -1 -1 -1 -1 -1 -1 -1 -1 -1 1 -1 -1 -1 -1 -1 8 8 8 
-1 -1 -1 8 8 -1 -1 -1 -1 1 -1 1 1 -1 1 -1 8 8 8 -1 
-1 -1 8 8 8 8 -1 1 1 -1 6 2 1 1 -1 -1 -1 8 8 -1 
1 1 1 8 8 8 1 1 1 1 1 1 -1 1 -1 -1 -1 -1 -1 1 
1 -1 -1 8 1 1 1 1 1 -1 -1 1 -1 -1 -1 -1 -1 -1 1 -1 
-1 1 -1 -1 -1 1 -1 1 1 -1 1 -1 -1 1 -1 -1 -1 -1 -1 1 
1 4 -1 -1 -1 -1 1 -1 -1 1 1 -1 -1 1 -1 -1 -1 -1 -1 -1 
4 4 -1 -1 -1 -1 -1 -1 1 -1 -1 -1 -1 1 -1 -1 -1 -1 -1 -1 
-1 4 -1 -1 -1 -1 -1 -1 -1 -1 -1 -1 -1 -1 -1 -1 -1 -1 -1 -1 
-1 -1 -1 -1 -1 -1 -1 -1 1 -1 -1 -1 -1 -1 -1 -1 -1 -1 -1 -1 
-1 4 4 -1 -1 -1 -1 -1 -1 1 -1 -1 -1 -1 -1 -1 4 -1 -1 -1 
4 -1 4 -1 -1 -1 -1 -1 -1 -1 1 -1 -1 -1 -1 -1 -1 -1 -1 -1 
-1 4 -1 1 -1 -1 -1 -1 -1 -1 -1 -1 -1 -1 -1 -1 -1 -1 -1 1 
-1 -1 1 1 1 -1 -1 -1 -1 -1 -1 -1 -1 -1 -1 -1 -1 -1 1 -1 
-1 -1 -1 -1 1 1 1 -1 -1 -1 -1 -1 -1 -1 -1 1 -1 -1 -1 -1 
-1 -1 -1 -1 1 1 -1 -1 -1 -1 -1 -1 -1 -1 1 -1 1 -1 -1 -1 
-1 -1 -1 -1 -1 -1 1 -1 1 1 -1 -1 -1 -1 1 1 1 -1 -1 -1 
-1 -1 -1 -1 -1 -1 -1 1 -1 1 1 1 -1 1 1 1 -1 1 -1 -1 
-1 1 1 -1 -1 -1 3 3 4 4 4 4 -1 -1 -1 -1 -1 6 4 -1 
-1 -1 1 -1 1 3 3 4 4 4 4 4 4 -1 -1 -1 4 4 4 4 
-1 -1 -1 1 -1 -1 -1 3 3 4 4 -1 4 -1 -1 -1 6 6 4 -1 
-1 -1 1 -1 4 6 -1 3 -1 4 4 -1 -1 -1 6 -1 -1 6 1 -1 
-1 -1 -1 4 4 -1 3 3 3 4 4 -1 -1 4 6 6 1 1 1 -1 
-1 -1 -1 6 6 -1 4 3 4 4 4 1 4 4 6 6 -1 1 1 -1 
-1 -1 -1 -1 6 -1 -1 -1 2 4 4 1 1 1 4 4 -1 1 1 -1 
6 -1 -1 -1 -1 -1 -1 -1 -1 2 1 1 4 4 -1 -1 -1 1 6 6 
6 -1 -1 -1 -1 -1 -1 2 2 2 2 1 4 1 6 6 -1 6 -1 6 
6 -1 -1 -1 -1 6 6 -1 2 2 2 6 6 6 6 6 6 6 -1 -1 
-1 1 -1 -1 6 -1 6 6 6 6 6 6 6 6 6 -1 6 6 6 6 
4 -1 -1 -1 1 -1 -1 6 6 6 6 6 6 -1 -1 6 -1 4 1 6 
4 4 -1 4 5 1 -1 -1 -1 6 6 6 -1 -1 1 4 6 4 4 4 
4 4 4 -1 1 1 1 1 1 1 -1 -1 6 -1 1 1 4 1 1 4 
4 4 4 4 4 4 1 1 1 1 1 6 6 -1 -1 1 4 4 6 4 
4 4 4 4 1 1 -1 -1 1 -1 1 6 1 -1 1 -1 -1 1 6 4 
-1 -1 4 4 -1 -1 -1 -1 4 4 -1 1 1 -1 -1 1 -1 6 6 -1 
6 4 6 -1 -1 4 4 4 4 -1 4 -1 -1 -1 -1 1 6 -1 -1 -1 
-1 6 1 -1 -1 4 -1 4 -1 -1 -1 -1 -1 -1 -1 -1 6 6 6 -1 
-1 -1 1 1 -1 4 3 3 3 4 -1 4 -1 -1 -1 -1 6 6 6 6 
7 6 6 4 -1 6 6 6 6 6 -1 2 -1 -1 2 6 6 -1 32 -1 
6 1 -1 1 4 6 4 4 6 4 2 2 -1 2 6 -1 4 6 -1 6 
1 -1 4 4 4 4 2 -1 4 2 2 2 -1 2 4 6 4 -1 4 4 
4 -1 1 1 4 -1 -1 2 6 -1 2 4 2 4 2 2 6 4 4 4 
-1 -1 1 1 4 -1 4 -1 6 6 6 4 4 2 6 2 4 4 -1 -1 
2 1 2 1 1 4 -1 -1 4 6 1 1 1 6 4 6 6 -1 -1 6 
6 2 2 2 -1 -1 2 -1 4 4 1 1 4 4 6 6 6 6 -1 6 
2 2 4 2 2 4 4 4 4 -1 4 -1 4 4 -1 -1 -1 6 -1 -1 
-1 -1 -1 2 2 2 -1 4 4 4 4 4 4 -1 2 -1 1 -1 -1 -1 
-1 -1 -1 2 2 2 -1 -1 4 4 4 4 4 4 1 1 1 1 4 -1 
-1 -1 2 2 2 -1 -1 4 -1 -1 4 -1 4 4 2 6 1 1 -1 -1 
1 -1 -1 -1 -1 2 4 2 2 2 -1 2 -1 6 6 6 1 1 1 1 
1 6 -1 -1 2 2 2 2 2 2 2 -1 -1 -1 6 1 6 -1 1 1 
6 -1 6 6 2 2 1 6 2 2 1 -1 -1 1 1 1 6 -1 1 1 
6 6 -1 6 6 2 5 1 6 6 6 1 1 -1 1 6 -1 -1 1 1 
6 -1 4 6 3 3 5 1 1 1 6 6 -1 1 1 1 6 7 6 6 
4 40 4 4 6 6 3 1 -1 4 4 1 1 1 5 7 7 6 6 6 
40 6 6 6 6 6 3 6 -1 6 1 6 1 6 6 5 7 -1 6 -1 
6 4 6 4 -1 6 6 -1 6 6 6 6 1 1 6 4 7 -1 -1 -1 
4 6 4 -1 -1 -1 6 6 6 6 6 -1 -1 -1 4 4 6 -1 -1 32 
4 4 6 6 4 -1 -1 -1 -1 4 4 4 4 6 6 4 -1 4 4 4 
4 6 4 4 6 -1 -1 -1 -1 4 -1 6 6 4 6 6 4 4 4 4 
6 4 4 2 4 -1 -1 -1 -1 -1 -1 6 6 6 4 -1 6 4 6 6 
4 -1 2 2 -1 -1 -1 1 1 -1 6 -1 6 6 6 6 -1 4 4 6 
-1 -1 1 6 1 -1 -1 1 1 6 6 6 6 2 6 -1 1 4 4 4 
4 4 -1 6 6 1 5 5 1 1 1 4 6 6 -1 -1 4 -1 6 4 
2 2 6 2 8 -1 1 5 5 2 6 4 -1 4 4 4 4 4 -1 -1 
2 2 2 2 6 -1 5 5 2 2 2 4 4 1 4 4 4 4 4 -1 
-1 2 2 6 -1 6 6 6 -1 1 4 6 6 -1 4 4 -1 -1 4 -1 
4 -1 2 6 6 5 5 5 1 1 6 4 6 1 -1 -1 2 2 2 2 
4 6 4 6 6 6 -1 4 6 6 1 -1 -1 1 -1 4 4 2 -1 4 
6 4 2 2 6 4 1 4 3 6 5 7 7 1 4 4 4 4 4 4 
2 6 6 2 6 4 4 4 3 1 1 2 7 4 4 4 4 4 4 6 
-1 6 2 -1 -1 4 4 4 4 4 -1 5 5 7 4 -1 4 8 4 2 
2 2 2 4 4 4 4 4 4 4 -1 5 4 7 4 4 4 4 8 2 
-1 2 2 2 4 4 4 4 -1 4 5 5 7 4 5 4 8 4 6 6 
6 -1 2 2 6 4 4 4 4 4 -1 -1 7 5 7 4 4 8 6 6 
4 2 -1 6 6 3 3 -1 -1 4 4 2 7 4 4 -1 -1 -1 -1 6 
-1 2 -1 6 6 3 3 3 -1 -1 -1 -1 4 4 4 -1 -1 -1 1 6 
4 -1 6 -1 6 -1 -1 -1 -1 4 -1 -1 4 4 4 4 4 4 6 4 
2 2 4 4 4 4 4 -1 4 6 2 2 4 4 4 4 2 2 2 2 
6 4 2 4 4 4 4 4 6 4 2 4 4 4 4 4 2 2 4 4 
4 6 4 6 6 4 6 6 6 6 6 4 4 2 4 2 4 4 4 4 
6 4 4 4 1 1 6 6 5 6 4 4 4 6 6 6 -1 4 6 5 
5 4 4 1 6 6 5 6 6 5 4 4 4 5 6 4 4 -1 4 5 
4 4 4 4 -1 4 6 6 6 5 5 5 5 1 6 6 -1 6 4 6 
5 5 4 6 4 6 6 6 4 6 -1 5 5 1 1 1 6 6 4 6 
4 6 6 4 6 6 1 4 6 -1 4 1 1 5 1 4 1 4 6 6 
-1 1 6 6 4 6 4 1 4 4 4 4 4 6 1 1 6 6 -1 4 
1 1 1 6 4 6 6 6 1 4 4 1 4 4 4 4 6 6 1 1 
1 4 1 1 6 6 6 6 1 1 1 1 1 6 4 4 4 6 3 1 
-1 -1 6 6 2 6 5 6 2 -1 2 6 6 4 6 -1 2 3 -1 -1 
6 -1 6 1 1 4 5 2 2 2 -1 4 2 -1 2 4 3 3 3 4 
6 4 1 1 4 -1 4 -1 4 4 4 4 4 2 4 2 5 5 41 6 
4 -1 1 4 4 -1 6 6 6 4 6 -1 4 4 6 2 2 6 6 6 
4 -1 4 4 6 6 4 6 6 -1 -1 6 4 6 -1 2 2 2 4 6 
6 4 -1 4 4 4 4 4 4 4 1 6 6 2 2 2 2 2 2 4 
6 -1 -1 4 4 4 4 4 4 1 6 6 2 2 2 2 2 2 4 -1 
4 4 4 2 -1 4 -1 4 -1 -1 2 2 2 2 2 2 2 -1 2 2 
4 -1 2 -1 4 4 4 4 2 2 2 2 2 2 2 2 4 2 2 2 
1 6 6 6 6 2 6 6 5 5 2 -1 -1 -1 6 4 6 6 6 1 
1 1 1 1 2 2 2 5 2 2 4 4 -1 -1 6 6 4 6 -1 1 
1 3 1 1 -1 -1 1 2 2 2 2 -1 -1 1 -1 1 4 4 4 1 
1 1 1 6 -1 2 1 1 1 2 2 2 -1 1 -1 1 4 4 4 1 
5 -1 6 6 -1 6 1 -1 1 2 2 2 -1 1 1 1 1 6 4 -1 
4 -1 6 6 4 1 1 1 1 -1 1 1 1 1 1 1 1 4 -1 5 
4 4 6 6 4 4 1 1 -1 1 1 1 1 1 1 1 1 1 4 5 
6 4 6 4 6 4 4 1 1 1 1 1 1 1 1 5 1 -1 -1 -1 
1 6 4 4 4 4 5 -1 1 1 1 8 -1 1 1 5 6 4 1 6 
1 1 6 1 4 5 -1 -1 -1 1 4 -1 1 -1 -1 1 6 6 6 1 
-1 1 1 1 4 4 5 1 1 1 -1 4 -1 4 -1 32 1 6 6 1 
1 1 -1 6 6 6 6 1 1 1 -1 -1 -1 -1 -1 -1 32 4 -1 -1 
6 6 -1 -1 -1 6 1 1 1 1 -1 -1 -1 -1 4 4 -1 4 4 -1 
6 6 1 6 6 4 1 1 1 1 -1 -1 -1 -1 4 -1 4 -1 -1 4 
-1 1 1 6 1 -1 6 6 1 6 1 1 -1 -1 -1 6 -1 -1 -1 4 
1 -1 -1 1 6 6 6 6 6 6 1 4 -1 1 6 6 1 -1 4 1 
1 -1 -1 4 6 4 6 4 6 6 6 -1 -1 -1 1 6 6 6 1 1 
1 6 6 4 6 6 5 5 4 6 -1 -1 -1 -1 -1 6 6 6 5 1 
5 6 -1 6 6 6 5 5 5 5 5 -1 -1 6 -1 -1 6 6 5 5 
6 1 1 -1 6 -1 6 5 5 5 5 -1 -1 -1 6 6 6 5 5 5 
2 -1 -1 -1 -1 2 2 1 2 2 1 -1 1 -1 -1 -1 3 3 -1 2 
-1 -1 -1 -1 2 6 1 1 6 1 -1 1 -1 -1 -1 -1 3 2 2 -1 
8 2 -1 -1 1 -1 6 6 -1 -1 -1 -1 -1 -1 -1 -1 3 2 2 -1 
2 8 -1 -1 6 6 6 -1 -1 -1 -1 -1 -1 -1 -1 -1 2 2 2 -1 
8 2 2 1 -1 6 6 -1 -1 -1 -1 -1 1 1 -1 -1 2 2 2 -1 
8 -1 -1 -1 1 1 6 1 1 -1 -1 -1 -1 -1 -1 2 2 2 1 -1 
8 -1 1 -1 1 1 1 6 1 1 2 -1 2 -1 -1 -1 2 1 2 1 
8 8 8 -1 1 1 6 6 -1 2 2 2 8 2 8 2 1 2 3 3 
-1 8 1 -1 1 1 -1 1 -1 2 2 2 2 8 8 2 1 2 8 8 
8 -1 -1 -1 1 1 1 -1 1 -1 2 -1 2 8 -1 -1 1 -1 2 8 
8 -1 -1 1 1 1 1 1 1 2 -1 -1 -1 -1 1 1 -1 1 1 8 
-1 -1 1 -1 1 1 -1 1 2 -1 2 -1 -1 -1 -1 1 1 1 1 -1 
2 -1 -1 2 1 -1 2 2 1 -1 -1 -1 -1 -1 1 1 1 1 1 2 
1 -1 -1 2 -1 2 -1 -1 2 2 2 2 -1 1 1 1 1 1 -1 1 
2 -1 2 2 2 2 2 2 -1 2 -1 -1 -1 1 -1 1 1 2 1 1 
2 2 2 1 2 2 2 2 2 -1 2 -1 -1 -1 -1 -1 -1 2 2 2 
2 2 2 1 2 2 2 2 2 2 2 -1 -1 -1 -1 -1 -1 -1 -1 2 
2 2 2 -1 2 2 2 2 2 2 6 2 -1 -1 -1 -1 -1 -1 -1 -1 
2 -1 2 2 2 2 2 2 2 -1 2 6 2 -1 -1 -1 -1 -1 -1 2 
2 -1 2 2 2 2 2 2 2 -1 -1 2 2 -1 -1 -1 -1 -1 2 2 
-1 -1 -1 -1 -1 -1 1 1 2 1 1 2 1 2 2 -1 -1 -1 -1 -1 
-1 -1 -1 2 1 1 1 -1 2 1 2 1 2 2 -1 -1 -1 -1 2 -1 
1 -1 2 2 2 2 2 2 2 2 2 2 2 2 -1 -1 -1 1 1 2 
-1 -1 2 -1 2 2 8 8 2 2 2 2 2 -1 2 2 -1 1 -1 1 
-1 -1 2 2 -1 8 2 -1 2 2 -1 2 -1 2 2 2 2 8 2 1 
-1 -1 -1 2 2 2 -1 2 2 2 2 -1 2 2 -1 2 2 2 2 -1 
-1 -1 2 -1 2 -1 2 2 2 -1 -1 -1 -1 2 2 -1 -1 2 2 -1 
-1 -1 2 2 2 2 2 2 2 -1 2 2 2 -1 2 2 -1 2 2 2 
1 1 2 2 2 2 1 2 1 1 1 2 2 -1 2 2 2 1 2 2 
1 1 1 -1 2 2 2 2 1 1 1 2 -1 2 1 1 1 1 1 1 
1 1 2 1 1 2 -1 1 1 1 1 1 -1 -1 1 1 1 1 2 1 
2 -1 -1 2 1 -1 1 -1 1 1 1 -1 -1 1 1 1 1 -1 -1 2 
2 2 -1 1 1 1 -1 1 1 1 -1 -1 -1 -1 1 -1 1 1 -1 -1 
2 -1 -1 1 1 1 1 1 1 -1 1 1 -1 -1 -1 1 -1 2 -1 -1 
-1 -1 -1 1 1 1 -1 -1 -1 1 1 -1 -1 2 2 1 2 2 2 -1 
-1 -1 1 1 1 1 -1 -1 -1 -1 1 1 -1 2 1 1 2 2 1 1 
-1 -1 -1 -1 1 1 -1 -1 -1 -1 -1 1 2 2 1 1 2 2 2 1 
-1 -1 -1 -1 -1 -1 -1 -1 1 1 1 1 -1 -1 2 2 2 2 2 -1 
1 1 -1 -1 -1 -1 -1 -1 -1 1 1 -1 6 2 2 2 2 -1 1 1 
-1 -1 -1 -1 -1 1 1 1 2 1 1 1 -1 2 2 2 2 2 -1 -1 
1 2 2 -1 -1 -1 2 -1 -1 -1 1 40 1 -1 1 -1 -1 8 1 1 
2 2 2 -1 2 2 2 2 -1 1 1 -1 40 1 1 -1 -1 -1 -1 2 
2 2 2 10 10 -1 2 1 -1 1 1 1 1 1 1 1 -1 40 40 40 
2 10 2 10 10 10 10 2 1 -1 1 1 1 1 1 1 1 40 2 40 
8 2 10 10 -1 10 1 10 2 -1 -1 1 1 1 1 1 1 40 40 2 
-1 2 2 10 10 1 10 1 1 -1 1 1 1 1 1 1 1 1 40 8 
2 2 10 2 1 1 2 1 1 1 -1 1 1 1 1 -1 1 1 40 2 
1 1 2 10 1 2 1 -1 1 1 -1 -1 1 1 1 6 1 40 1 1 
1 -1 2 2 1 2 -1 -1 -1 -1 1 1 6 1 6 6 1 1 1 -1 
-1 6 2 2 2 -1 -1 -1 -1 -1 -1 1 1 6 1 1 6 6 6 6 
2 2 6 2 2 6 -1 -1 -1 1 1 -1 1 -1 1 1 1 1 1 -1 
2 -1 6 2 6 -1 -1 -1 -1 1 1 1 1 -1 -1 1 1 1 1 1 
1 6 2 6 1 -1 -1 -1 -1 -1 -1 1 1 -1 1 1 1 1 1 1 
1 -1 6 1 1 -1 -1 -1 -1 -1 -1 -1 1 1 1 1 1 -1 1 -1 
1 1 -1 -1 -1 -1 -1 -1 -1 2 2 1 1 1 1 -1 -1 -1 -1 1 
-1 -1 -1 2 -1 -1 -1 -1 -1 -1 1 2 1 2 -1 -1 -1 -1 -1 1 
1 -1 -1 2 2 2 2 -1 2 2 -1 2 2 2 2 2 -1 2 -1 -1 
2 -1 1 1 2 2 2 -1 -1 2 -1 2 40 2 2 2 2 2 1 1 
-1 2 -1 -1 -1 2 2 2 2 2 40 -1 40 2 1 1 2 -1 1 1 
1 2 1 -1 -1 -1 -1 2 2 -1 -1 40 1 8 1 -1 1 1 40 1 
1 -1 40 -1 2 2 2 2 2 -1 -1 -1 1 1 1 1 1 1 1 1 
-1 40 40 40 2 8 -1 2 2 2 -1 -1 -1 1 1 1 1 1 1 1 
1 1 -1 40 40 -1 2 2 2 -1 2 -1 1 1 1 1 1 1 1 40 
40 1 1 -1 8 8 -1 8 -1 2 2 2 1 2 1 1 1 1 1 40 
1 40 1 -1 -1 -1 -1 -1 -1 1 2 2 2 2 1 -1 1 1 1 1 
1 40 -1 -1 -1 -1 -1 -1 -1 1 1 2 2 1 1 1 1 1 1 2 
-1 -1 -1 -1 -1 -1 -1 -1 -1 1 -1 -1 2 1 1 1 1 1 2 1 
1 40 8 -1 -1 -1 -1 1 -1 2 2 -1 1 1 1 1 1 1 1 -1 
1 -1 40 8 -1 -1 -1 -1 1 2 1 1 1 1 1 1 1 1 1 1 
1 -1 -1 40 -1 1 1 1 1 1 1 -1 1 1 1 2 2 2 1 -1 
-1 -1 -1 -1 -1 1 1 1 1 1 1 -1 1 -1 -1 1 2 2 6 -1 
6 -1 -1 1 1 1 1 1 1 1 -1 1 1 -1 -1 2 -1 1 1 6 
6 1 1 1 1 1 -1 1 1 1 -1 1 -1 1 -1 -1 -1 1 1 6 
6 1 1 1 1 1 1 2 2 1 1 -1 -1 -1 1 1 1 1 1 6 
2 6 1 1 -1 1 1 1 2 1 1 2 3 2 1 40 1 1 6 3 
3 6 1 1 2 1 1 1 1 1 3 6 3 3 6 1 40 8 40 1 
40 -1 -1 1 1 1 1 1 1 3 2 6 6 1 -1 8 8 6 2 40 
40 -1 -1 2 2 -1 2 2 1 2 3 6 8 8 40 8 1 1 1 1 
1 2 2 2 -1 2 2 3 2 1 -1 -1 -1 -1 2 -1 -1 1 -1 1 
-1 -1 -1 -1 2 2 2 2 2 2 1 1 -1 1 1 -1 1 1 -1 1 
1 1 -1 1 1 1 1 6 2 -1 2 -1 -1 1 1 -1 1 1 1 1 
1 1 1 1 1 1 1 6 2 2 2 2 -1 1 1 -1 5 5 1 -1 
1 1 1 1 1 -1 1 -1 2 -1 -1 40 -1 1 1 1 2 2 2 2 
1 -1 1 1 1 1 1 -1 -1 -1 40 40 -1 1 1 1 2 -1 2 1 
1 1 -1 -1 1 -1 -1 -1 6 6 2 -1 1 1 -1 1 1 2 1 1 
-1 -1 -1 -1 -1 -1 -1 -1 2 2 2 1 6 1 1 1 1 1 2 -1 
1 1 -1 9 -1 -1 -1 -1 2 -1 -1 6 1 1 2 1 1 1 1 1 
1 1 9 -1 -1 -1 40 -1 -1 -1 -1 1 1 1 1 1 1 1 -1 1 
1 1 1 1 1 1 1 40 40 -1 40 -1 1 1 1 1 1 1 1 1 
1 1 1 40 1 8 40 40 40 40 40 -1 1 1 9 -1 1 1 -1 1 
1 1 1 1 -1 1 -1 40 40 1 1 1 8 9 9 8 1 1 1 6 
6 1 1 40 40 1 -1 -1 40 1 1 1 8 8 2 8 8 1 1 1 
2 2 1 1 1 8 8 40 40 1 1 -1 1 6 2 9 1 1 1 1 
1 -1 8 8 8 8 40 40 8 8 1 1 2 1 1 6 -1 1 1 1 
-1 -1 40 8 8 -1 40 40 6 8 1 1 1 1 1 6 6 1 1 1 
-1 -1 1 1 1 40 1 8 8 6 1 1 1 1 6 6 1 1 1 1 
-1 1 1 1 1 40 1 1 1 8 1 1 40 1 1 1 1 1 1 -1 
1 7 1 1 1 40 3 1 -1 40 1 1 1 8 1 1 1 1 1 1 
1 1 1 1 3 3 1 6 6 2 1 -1 -1 1 1 1 1 1 1 1 
1 1 1 1 1 3 -1 6 6 6 -1 1 1 1 1 1 1 1 1 1 
-1 1 1 -1 1 -1 -1 -1 1 1 -1 2 1 -1 2 2 2 -1 -1 2 
1 1 -1 1 -1 -1 -1 -1 1 1 1 1 1 1 2 -1 2 2 2 -1 
2 1 1 1 -1 -1 -1 -1 1 1 1 -1 1 1 2 2 -1 6 2 2 
4 1 -1 -1 -1 6 -1 6 -1 6 6 6 2 2 2 2 -1 6 6 2 
1 4 1 1 6 1 -1 1 1 6 6 6 2 -1 -1 -1 -1 6 6 4 
4 2 -1 1 6 1 1 1 1 1 6 -1 -1 6 6 6 6 6 4 2 
2 2 1 -1 6 1 1 1 1 1 1 -1 -1 -1 -1 6 -1 6 2 1 
1 1 1 1 1 1 1 1 1 1 -1 -1 -1 -1 -1 1 1 1 -1 1 
1 1 1 1 1 1 1 1 1 2 -1 -1 -1 -1 1 1 1 -1 6 1 
2 1 1 1 1 8 1 8 3 2 -1 -1 -1 -1 -1 1 1 1 -1 6 
1 -1 1 -1 1 8 8 8 8 1 1 -1 -1 -1 -1 1 1 1 1 1 
-1 -1 -1 1 -1 1 1 6 1 1 1 -1 -1 -1 -1 1 1 1 1 1 
1 -1 1 -1 -1 -1 1 -1 1 1 1 1 -1 1 1 1 8 1 -1 1 
2 -1 -1 -1 -1 -1 -1 -1 -1 1 1 1 -1 1 1 1 1 1 1 2 
2 -1 -1 -1 -1 -1 -1 -1 1 -1 1 1 1 1 1 1 1 1 1 2 
-1 -1 -1 -1 -1 2 2 -1 -1 -1 -1 1 1 1 1 40 40 1 -1 -1 
-1 -1 -1 -1 -1 -1 -1 -1 -1 -1 -1 1 1 1 -1 -1 8 -1 -1 -1 
1 -1 40 1 -1 -1 -1 -1 -1 -1 1 -1 2 1 1 1 -1 -1 -1 1 
1 1 1 -1 -1 -1 -1 -1 -1 1 -1 2 2 1 1 1 -1 -1 -1 -1 
2 3 -1 -1 -1 -1 -1 -1 1 2 2 1 -1 1 2 1 -1 -1 -1 3 
2 5 6 2 6 9 3 2 6 2 -1 1 1 1 1 1 1 1 6 4 
6 5 6 6 3 3 6 6 2 -1 -1 -1 1 -1 7 -1 -1 -1 5 6 
6 6 6 2 1 1 6 2 2 -1 -1 -1 7 -1 7 -1 2 5 5 -1 
-1 5 2 1 1 1 1 1 1 -1 -1 -1 -1 7 7 7 2 2 -1 1 
1 2 1 5 1 1 1 1 1 -1 -1 1 1 2 6 6 -1 9 9 9 
1 6 -1 1 1 1 1 1 1 -1 1 -1 1 -1 7 7 -1 2 2 -1 
1 2 1 -1 -1 1 1 -1 -1 1 2 2 -1 7 -1 7 3 3 -1 -1 
1 1 2 -1 1 1 2 -1 1 1 2 2 2 -1 3 -1 3 2 3 -1 
1 1 1 2 2 1 2 -1 -1 1 2 2 2 2 2 6 6 2 3 -1 
1 -1 2 1 1 2 2 1 1 1 1 2 2 2 2 2 2 2 -1 -1 
1 2 2 1 1 2 1 2 1 -1 1 1 2 2 2 2 6 1 1 1 
1 1 1 6 2 2 1 1 2 1 1 1 1 3 1 1 3 6 1 2 
1 1 6 2 2 6 1 2 2 1 1 1 2 1 1 1 1 1 1 2 
2 2 2 6 2 6 6 2 2 1 1 -1 1 -1 1 1 1 6 2 -1 
-1 2 2 2 6 2 2 1 1 1 1 1 -1 1 1 6 6 6 2 6 
3 6 6 2 6 1 6 1 1 1 -1 -1 1 1 1 1 6 3 6 6 
-1 -1 4 6 1 1 6 2 -1 -1 -1 -1 1 1 1 1 2 3 2 3 
6 6 4 1 6 6 -1 -1 -1 -1 -1 1 -1 1 1 1 6 6 3 -1 
6 2 1 1 -1 1 1 1 -1 -1 -1 -1 1 -1 1 1 1 6 2 6 
2 6 5 2 9 2 9 1 1 2 6 1 -1 1 1 1 1 1 2 6 
-1 -1 2 -1 1 1 6 1 -1 9 9 9 9 2 2 9 2 2 9 9 
1 -1 1 -1 1 1 1 1 -1 -1 -1 9 9 3 2 6 2 2 9 -1 
1 1 2 -1 -1 1 1 1 1 -1 9 -1 9 -1 9 9 9 -1 1 1 
-1 1 -1 2 2 -1 -1 -1 -1 -1 -1 -1 1 9 9 9 9 -1 -1 1 
-1 -1 1 2 -1 -1 -1 -1 -1 -1 -1 1 1 9 9 9 9 -1 -1 -1 
-1 2 2 -1 2 3 -1 -1 -1 -1 -1 1 1 -1 -1 9 9 -1 -1 -1 
-1 -1 2 3 3 3 1 1 1 -1 -1 1 1 -1 -1 4 4 -1 -1 -1 
-1 2 2 2 3 1 3 1 1 1 1 1 1 3 1 4 -1 2 -1 -1 
3 2 2 -1 -1 3 -1 1 1 1 1 1 -1 1 1 4 -1 -1 3 3 
-1 -1 2 2 -1 3 -1 1 -1 -1 1 -1 -1 1 -1 -1 -1 -1 2 2 
2 -1 -1 3 -1 -1 1 -1 -1 -1 -1 -1 1 -1 1 -1 -1 2 -1 -1 
-1 -1 -1 3 -1 -1 -1 1 3 3 -1 1 1 -1 -1 -1 -1 2 -1 -1 
3 -1 2 -1 3 -1 1 1 -1 -1 1 1 -1 -1 9 -1 -1 -1 -1 -1 
-1 -1 -1 2 -1 1 -1 -1 -1 -1 -1 -1 -1 -1 9 -1 -1 -1 -1 3 
3 2 4 -1 3 2 -1 -1 -1 -1 9 -1 2 9 9 -1 -1 -1 1 -1 
2 -1 -1 3 2 2 2 2 2 9 9 9 9 -1 9 9 -1 -1 1 -1 
-1 -1 2 -1 2 2 2 -1 9 9 9 9 9 9 9 -1 -1 -1 -1 -1 
-1 -1 -1 3 2 2 1 -1 -1 2 9 9 9 9 7 9 -1 -1 -1 -1 
-1 -1 -1 -1 -1 1 2 -1 -1 -1 -1 9 9 9 9 9 -1 -1 -1 -1 
9 -1 -1 2 1 1 1 1 1 -1 1 9 9 -1 2 9 -1 -1 9 9 
2 -1 1 1 2 1 1 2 2 2 2 -1 -1 -1 -1 -1 -1 -1 2 -1 
-1 -1 1 1 -1 1 6 2 1 2 8 1 8 -1 -1 -1 2 -1 -1 -1 
-1 2 -1 -1 -1 -1 1 1 1 1 1 8 8 2 8 2 2 -1 -1 1 
1 1 -1 -1 -1 -1 8 1 2 2 1 8 8 -1 -1 -1 -1 2 1 1 
8 2 2 -1 -1 -1 8 8 2 2 -1 2 1 1 1 1 1 1 1 2 
2 2 2 2 2 2 8 8 -1 2 2 2 -1 -1 1 1 1 1 2 8 
-1 2 2 -1 2 2 8 -1 -1 2 2 -1 -1 1 -1 -1 1 -1 -1 -1 
1 -1 -1 -1 2 -1 -1 -1 2 2 2 -1 -1 1 -1 -1 -1 -1 -1 1 
1 2 -1 -1 -1 1 -1 1 -1 3 3 3 1 -1 1 -1 -1 -1 -1 -1 
-1 -1 2 -1 -1 -1 1 -1 -1 2 -1 1 1 1 1 1 -1 -1 -1 -1 
-1 -1 -1 -1 -1 -1 -1 1 -1 2 1 1 1 1 1 -1 -1 -1 -1 -1 
-1 -1 -1 -1 -1 1 1 -1 2 1 1 1 1 2 -1 1 2 2 -1 -1 
-1 -1 -1 -1 -1 -1 -1 2 2 1 1 1 1 1 -1 2 -1 2 2 -1 
-1 -1 2 2 -1 -1 2 2 1 2 2 2 1 1 -1 2 2 2 -1 -1 
-1 -1 2 -1 1 2 2 2 2 2 2 2 1 1 1 2 2 2 -1 -1 
-1 -1 2 2 -1 1 2 2 2 1 1 1 1 1 1 1 2 -1 -1 4 
4 -1 2 2 2 2 2 2 2 1 1 1 1 1 1 1 1 1 1 1 
1 1 -1 -1 -1 2 2 2 2 2 -1 1 -1 1 1 1 2 1 -1 4 
2 -1 -1 -1 1 1 2 2 2 -1 -1 -1 -1 1 -1 3 2 -1 1 2 
-1 -1 -1 2 1 1 6 2 2 2 2 -1 -1 -1 3 3 -1 -1 1 2 
2 2 2 2 2 2 2 1 2 1 1 -1 1 1 8 -1 2 2 2 2 
1 1 2 2 2 2 2 1 8 8 1 1 1 1 1 2 -1 8 1 2 
1 2 2 2 2 2 2 2 1 2 1 1 1 1 1 2 8 -1 1 1 
2 2 2 2 2 2 2 -1 2 1 8 1 1 2 1 1 2 -1 1 1 
2 1 1 2 2 1 1 2 2 2 8 1 1 2 2 -1 -1 1 1 1 
1 1 6 -1 1 1 -1 2 -1 2 2 1 -1 2 -1 -1 -1 -1 1 -1 
2 1 -1 1 -1 6 1 -1 -1 -1 -1 1 -1 -1 -1 -1 -1 -1 1 -1 
2 -1 -1 6 1 -1 6 2 -1 -1 -1 2 2 -1 -1 -1 -1 2 1 2 
2 2 2 1 6 1 1 2 2 2 -1 2 2 -1 -1 2 2 2 2 4 
2 2 1 -1 1 -1 2 2 1 2 2 2 2 2 -1 2 2 2 2 2 
2 6 2 1 2 -1 1 2 2 2 6 2 6 2 2 2 2 2 2 2 
8 8 2 6 6 2 1 1 -1 2 2 2 2 2 2 2 2 2 2 2 
2 8 6 6 6 6 2 1 -1 2 2 2 2 2 2 2 2 2 2 -1 
6 2 2 6 2 2 2 -1 2 2 2 2 2 2 2 2 2 2 2 1 
2 2 2 6 -1 2 2 2 -1 -1 2 2 2 2 2 2 2 2 2 2 
2 6 6 6 6 2 2 2 -1 2 2 2 2 2 -1 2 2 2 2 2 
2 2 2 2 2 2 -1 -1 -1 6 -1 -1 2 2 2 2 2 2 2 2 
2 2 2 2 2 2 2 2 2 8 -1 -1 2 2 2 -1 2 1 2 2 
2 2 2 2 2 2 2 8 8 8 -1 -1 8 8 -1 -1 2 2 1 1 
2 2 2 2 2 2 2 2 8 2 8 8 1 8 -1 -1 -1 2 2 2 
1 9 -1 1 1 1 6 6 1 1 1 1 -1 8 8 8 1 2 1 1 
2 -1 -1 -1 1 -1 6 6 -1 2 1 1 1 8 8 1 2 1 1 1 
2 -1 2 2 -1 1 1 1 -1 3 -1 -1 2 2 2 1 1 1 1 1 
2 2 2 2 1 1 -1 1 3 -1 6 2 2 2 2 -1 -1 -1 -1 2 
-1 2 -1 -1 2 1 1 1 6 6 6 6 2 2 -1 -1 -1 1 1 -1 
2 2 -1 -1 1 2 2 1 -1 6 6 1 2 6 6 2 2 1 2 1 
2 2 -1 -1 -1 2 2 -1 2 -1 1 6 -1 1 1 2 1 1 1 2 
2 2 -1 2 2 2 -1 -1 2 1 1 1 1 2 1 2 1 1 -1 2 
-1 2 2 2 2 -1 2 2 2 1 1 2 1 1 2 2 1 1 2 2 
2 1 -1 2 2 2 2 2 2 2 2 2 2 2 2 2 2 2 2 2 
1 1 2 1 1 2 1 2 2 2 2 2 2 2 2 2 2 2 2 2 
1 2 1 1 -1 1 2 2 2 2 2 2 2 2 2 2 2 2 2 1 
2 8 8 2 2 2 2 2 2 -1 2 -1 -1 2 1 1 2 2 -1 2 
8 8 2 -1 2 2 -1 -1 -1 -1 1 1 2 2 1 2 1 2 1 2 
2 8 2 8 -1 -1 2 -1 1 -1 1 -1 2 -1 2 -1 1 2 2 2 
2 8 1 2 -1 2 2 2 -1 -1 -1 1 -1 2 -1 -1 1 -1 1 2 
2 2 1 1 2 2 -1 1 1 -1 2 8 8 1 1 2 2 1 1 1 
1 -1 -1 1 1 2 1 2 2 2 2 2 1 8 1 -1 2 2 1 1 
1 1 -1 -1 1 1 1 1 1 1 2 2 2 2 1 2 1 1 1 1 
1 -1 1 1 1 -1 1 1 1 1 2 2 2 8 1 1 -1 1 9 9 
2 2 1 2 1 1 1 -1 1 1 1 1 1 1 1 -1 -1 1 1 1 
1 1 -1 -1 1 1 -1 1 1 1 1 1 1 -1 2 -1 -1 2 1 1 
1 8 1 1 1 -1 1 1 1 -1 1 1 1 1 1 2 2 2 1 1 
1 2 2 -1 -1 -1 1 1 1 1 1 1 1 2 2 2 2 1 1 1 
2 1 6 2 1 1 2 1 1 1 1 1 1 1 -1 2 1 1 1 1 
2 2 2 2 1 -1 2 2 1 1 -1 1 1 1 2 2 1 1 -1 2 
2 2 2 2 -1 -1 2 2 2 -1 1 1 1 2 1 1 1 1 2 2 
2 2 1 2 8 -1 2 2 2 -1 2 1 2 1 1 1 2 2 1 2 
1 2 2 2 2 2 2 -1 -1 2 -1 2 -1 1 1 1 1 1 1 -1 
1 1 -1 2 8 8 6 -1 -1 1 -1 -1 1 1 8 1 1 1 1 1 
1 -1 2 -1 8 -1 6 6 1 1 1 -1 1 -1 1 -1 -1 1 1 1 
-1 1 2 2 -1 1 -1 1 1 1 -1 2 -1 2 -1 -1 1 1 1 1 
-1 -1 -1 2 2 8 1 1 1 -1 -1 -1 2 -1 -1 1 8 1 1 -1 
8 -1 2 2 2 -1 1 1 2 -1 -1 -1 2 -1 -1 8 1 8 2 -1 
8 8 -1 2 2 -1 -1 1 1 2 -1 1 -1 2 -1 -1 8 8 8 8 
-1 1 1 -1 -1 1 1 1 1 -1 1 -1 -1 -1 -1 -1 1 8 8 8 
1 1 -1 1 1 2 -1 1 1 1 1 -1 -1 1 2 2 -1 1 1 1 
1 -1 1 -1 2 -1 -1 1 1 -1 1 -1 2 -1 -1 -1 2 2 2 1 
-1 1 8 2 1 -1 -1 1 1 1 -1 1 -1 2 2 2 2 2 2 2 
1 2 1 1 2 1 1 1 1 1 1 -1 1 1 2 -1 2 2 2 -1 
1 -1 -1 -1 -1 1 1 1 1 -1 2 -1 -1 -1 -1 -1 -1 -1 -1 -1 
-1 -1 -1 -1 -1 1 1 2 2 1 1 -1 -1 -1 -1 -1 -1 2 -1 1 
-1 2 2 -1 1 1 -1 2 2 1 2 -1 2 -1 -1 -1 2 -1 -1 -1 
2 2 2 1 1 1 1 1 1 2 1 1 1 1 -1 -1 -1 -1 -1 -1 
-1 -1 1 1 1 -1 1 1 1 1 1 1 2 2 -1 1 -1 -1 -1 1 
1 -1 -1 1 -1 1 1 1 1 1 1 -1 4 -1 1 1 -1 -1 1 -1 
1 1 1 -1 1 1 1 1 -1 1 1 1 -1 -1 1 1 1 1 -1 -1 
1 -1 2 -1 1 1 1 1 1 -1 1 1 1 2 1 1 1 1 -1 -1 
2 2 2 1 1 -1 -1 1 1 1 1 1 1 2 2 2 -1 2 -1 -1 
2 2 1 1 1 1 1 1 1 1 1 1 1 2 2 -1 1 2 -1 -1 
2 2 1 1 -1 -1 1 -1 1 1 1 1 1 1 2 2 -1 -1 1 2 
1 2 -1 1 1 1 1 1 1 1 2 -1 1 2 2 2 2 -1 1 2 
2 -1 2 -1 -1 1 1 1 1 1 1 2 2 1 -1 1 1 2 2 2 
-1 2 -1 2 2 -1 1 2 2 1 1 2 2 -1 1 1 1 2 2 -1 
2 -1 2 2 2 2 2 2 1 2 2 2 2 2 1 1 2 2 2 2 
2 2 2 2 -1 2 2 2 -1 -1 2 2 2 2 2 2 1 1 2 2 
2 1 1 2 2 -1 2 -1 -1 -1 2 2 2 2 2 2 1 2 2 2 
-1 -1 -1 2 2 2 2 -1 -1 -1 -1 2 2 2 2 2 -1 -1 2 -1 
-1 -1 2 2 -1 2 1 1 -1 -1 2 2 2 2 2 2 -1 -1 -1 -1 
-1 -1 -1 2 2 -1 1 1 -1 -1 2 2 -1 2 2 2 2 -1 -1 -1 
1 1 -1 -1 -1 -1 -1 -1 -1 -1 1 1 1 -1 -1 -1 -1 -1 1 8 
1 -1 -1 -1 -1 -1 -1 -1 -1 -1 -1 -1 -1 4 4 4 1 -1 1 1 
1 -1 -1 -1 -1 -1 -1 -1 -1 -1 1 1 -1 4 4 4 1 1 1 1 
1 -1 -1 -1 -1 -1 1 1 1 1 1 -1 -1 -1 4 1 4 -1 1 -1 
4 2 -1 -1 -1 -1 -1 2 1 1 4 4 4 -1 1 4 4 4 -1 4 
-1 1 1 -1 -1 -1 2 1 2 4 4 4 4 4 -1 1 1 4 4 4 
-1 2 1 1 -1 -1 2 2 -1 4 4 2 4 2 1 1 4 4 -1 4 
2 -1 2 1 1 -1 1 1 1 -1 4 2 2 2 4 4 4 4 4 -1 
4 2 2 1 1 1 1 1 1 1 1 2 -1 -1 2 4 4 4 -1 4 
4 2 2 -1 1 -1 -1 -1 1 2 1 2 -1 4 4 2 -1 4 4 4 
4 -1 -1 2 -1 -1 -1 -1 -1 -1 2 -1 2 -1 2 4 4 4 8 4 
4 -1 -1 -1 -1 -1 -1 -1 -1 -1 -1 -1 2 2 2 2 1 4 4 8 
8 8 -1 -1 1 -1 -1 -1 -1 -1 -1 -1 2 -1 1 1 -1 -1 8 8 
-1 -1 -1 -1 1 -1 1 -1 2 -1 -1 -1 -1 -1 -1 -1 -1 6 8 8 
-1 -1 1 -1 1 1 1 2 -1 -1 -1 -1 -1 1 1 1 6 6 6 8 
-1 1 -1 1 1 1 -1 -1 -1 -1 -1 -1 -1 1 1 -1 -1 -1 8 -1 
1 -1 1 -1 1 1 1 1 -1 -1 -1 -1 -1 1 1 1 -1 -1 -1 -1 
1 1 -1 1 1 2 2 -1 -1 -1 1 -1 1 1 -1 -1 -1 -1 -1 -1 
8 1 -1 -1 -1 2 -1 -1 -1 -1 -1 1 1 1 1 -1 -1 -1 -1 8 
8 1 -1 -1 -1 -1 -1 -1 -1 2 -1 1 -1 -1 1 1 -1 -1 8 1 
1 1 2 2 -1 -1 -1 2 -1 1 1 -1 -1 -1 -1 -1 -1 -1 -1 -1 
2 2 2 2 2 -1 -1 -1 -1 -1 2 2 -1 -1 -1 -1 -1 -1 -1 -1 
-1 2 2 -1 2 2 -1 2 2 2 1 1 -1 -1 -1 -1 -1 -1 -1 -1 
-1 -1 -1 2 2 -1 -1 -1 -1 1 -1 -1 -1 -1 -1 -1 -1 -1 -1 -1 
1 -1 -1 -1 -1 2 -1 2 -1 2 -1 -1 -1 -1 -1 -1 -1 -1 -1 -1 
1 1 -1 2 -1 2 2 -1 2 -1 -1 -1 1 -1 1 -1 -1 -1 -1 -1 
1 -1 -1 4 2 2 2 -1 -1 -1 -1 -1 -1 1 -1 -1 -1 1 -1 -1 
1 1 -1 -1 4 2 2 -1 -1 -1 -1 -1 -1 -1 1 -1 -1 2 -1 1 
1 1 4 -1 -1 -1 -1 -1 -1 -1 -1 -1 -1 -1 1 1 2 1 1 1 
1 1 1 -1 -1 -1 -1 -1 -1 -1 -1 -1 -1 2 -1 -1 -1 -1 -1 -1 
-1 -1 -1 1 -1 -1 -1 3 3 -1 -1 2 -1 -1 2 -1 -1 -1 -1 -1 
-1 -1 -1 -1 1 -1 -1 -1 -1 -1 2 2 1 1 -1 -1 -1 -1 -1 -1 
-1 -1 -1 -1 -1 -1 -1 2 1 1 -1 1 4 1 -1 -1 -1 -1 -1 -1 
-1 -1 -1 -1 -1 -1 2 2 2 2 2 1 2 -1 4 2 2 -1 -1 -1 
-1 -1 -1 -1 2 2 -1 2 2 2 2 4 1 4 -1 2 -1 -1 -1 -1 
-1 -1 -1 2 2 2 2 2 2 2 -1 -1 -1 1 -1 -1 2 -1 -1 -1 
-1 -1 -1 2 -1 2 -1 2 2 2 2 -1 -1 -1 -1 -1 -1 1 1 1 
1 1 1 -1 2 -1 2 -1 2 2 2 -1 -1 -1 -1 -1 -1 1 1 1 
1 1 1 -1 -1 -1 2 2 2 2 2 -1 -1 -1 -1 -1 -1 -1 1 1 
1 1 1 2 2 -1 -1 2 2 -1 1 1 1 -1 -1 -1 -1 -1 -1 -1 
-1 4 4 -1 -1 8 8 -1 -1 -1 1 1 -1 -1 -1 2 2 6 2 4 
4 4 4 4 1 -1 8 8 -1 8 -1 -1 1 -1 -1 2 6 6 6 -1 
-1 4 1 1 1 8 1 1 8 -1 1 -1 -1 -1 2 2 -1 -1 2 -1 
-1 -1 -1 1 1 1 1 1 1 -1 1 1 1 2 2 -1 -1 -1 2 2 
6 4 -1 -1 1 2 1 2 2 -1 1 1 1 -1 2 2 2 -1 2 2 
2 6 4 1 2 -1 2 2 1 1 2 6 6 -1 -1 2 -1 2 2 6 
8 2 2 -1 -1 -1 -1 1 1 1 1 2 -1 -1 6 6 2 2 2 2 
8 2 2 -1 2 2 -1 -1 1 -1 -1 2 -1 9 -1 2 2 2 2 2 
2 -1 8 2 2 -1 -1 1 8 1 -1 8 -1 9 -1 -1 -1 2 2 2 
-1 1 8 2 1 -1 2 1 1 8 8 -1 8 8 -1 8 -1 2 2 -1 
1 -1 4 1 1 2 1 -1 -1 -1 -1 -1 -1 8 8 4 -1 2 -1 -1 
1 4 4 4 1 1 1 2 2 -1 -1 -1 8 8 2 2 2 -1 2 -1 
-1 4 4 1 1 -1 2 1 2 -1 -1 -1 -1 2 -1 2 2 -1 -1 -1 
-1 -1 1 -1 1 1 2 1 -1 -1 -1 -1 3 2 2 2 -1 -1 -1 -1 
-1 1 1 1 -1 1 1 1 1 -1 1 2 2 2 2 2 -1 -1 -1 -1 
-1 -1 -1 -1 -1 1 1 -1 -1 2 1 -1 3 -1 2 -1 -1 -1 -1 -1 
-1 -1 -1 -1 -1 -1 1 6 2 2 2 2 2 -1 -1 -1 -1 -1 -1 -1 
-1 -1 -1 -1 -1 -1 -1 6 2 3 2 2 1 -1 -1 -1 -1 -1 -1 -1 
-1 -1 -1 -1 -1 1 1 4 6 1 1 1 1 2 -1 -1 6 2 2 6 
4 4 -1 -1 1 1 1 4 1 -1 1 1 1 -1 -1 6 6 2 6 6 
-1 -1 8 -1 -1 -1 -1 -1 2 8 8 4 8 40 8 4 4 4 4 8 
-1 -1 -1 -1 -1 -1 -1 -1 2 2 8 -1 4 -1 8 4 4 4 4 -1 
-1 -1 -1 -1 -1 -1 -1 8 1 1 2 8 -1 4 4 4 4 4 4 4 
-1 -1 -1 -1 -1 -1 -1 1 8 1 -1 4 4 4 6 4 4 4 -1 -1 
-1 -1 -1 -1 -1 -1 -1 -1 1 1 4 4 4 4 6 6 6 6 -1 -1 
-1 -1 -1 -1 -1 -1 -1 1 1 1 4 -1 4 6 8 6 8 8 -1 -1 
-1 -1 -1 -1 -1 8 1 8 1 4 -1 4 -1 6 4 8 8 1 -1 -1 
-1 -1 -1 -1 8 8 8 8 8 -1 -1 -1 -1 -1 -1 4 4 6 8 -1 
-1 -1 -1 -1 8 8 8 8 8 8 -1 -1 -1 -1 -1 8 8 8 8 8 
-1 -1 -1 -1 8 8 8 8 -1 -1 -1 8 -1 -1 -1 -1 -1 -1 8 8 
8 8 8 -1 8 8 -1 8 -1 -1 -1 8 -1 -1 -1 -1 -1 -1 -1 8 
8 9 8 8 8 8 -1 -1 8 -1 8 8 8 -1 -1 -1 -1 -1 -1 -1 
3 9 -1 -1 -1 -1 -1 2 9 2 -1 8 8 8 2 -1 -1 -1 4 4 
-1 1 8 -1 8 -1 2 -1 9 -1 8 8 8 4 8 2 2 -1 4 8 
-1 1 8 8 8 -1 -1 -1 2 -1 -1 -1 32 4 2 4 2 -1 -1 4 
1 1 4 -1 -1 -1 -1 2 -1 -1 2 32 32 32 4 2 4 2 4 8 
8 1 1 -1 -1 -1 -1 -1 2 -1 32 32 4 4 2 2 4 2 8 4 
2 8 -1 -1 -1 -1 8 8 2 -1 32 4 4 6 2 -1 4 2 2 2 
2 8 -1 -1 -1 -1 8 -1 -1 -1 4 4 4 4 -1 -1 1 1 8 2 
-1 -1 -1 -1 -1 -1 -1 -1 -1 -1 4 -1 40 4 9 9 1 4 8 8 
1 1 4 4 4 -1 2 2 8 -1 -1 2 2 -1 -1 8 -1 -1 8 8 
8 8 6 4 4 4 2 -1 -1 8 -1 8 8 -1 8 8 8 8 -1 8 
8 6 -1 -1 4 4 -1 -1 -1 1 8 8 2 2 8 8 8 -1 -1 -1 
8 -1 -1 8 8 8 8 -1 4 8 1 8 9 9 9 8 8 8 8 -1 
4 8 8 8 8 8 8 4 4 8 8 -1 8 9 9 8 -1 8 -1 8 
4 8 8 -1 6 8 2 2 4 -1 -1 8 8 8 8 9 8 8 8 8 
8 8 8 8 3 2 2 2 8 -1 8 8 8 -1 1 8 8 8 8 8 
8 8 8 8 8 2 2 2 8 8 8 8 8 8 9 1 9 8 8 8 
8 8 8 8 -1 2 -1 8 8 8 8 8 8 8 8 9 9 9 8 8 
1 8 8 8 2 -1 8 9 9 8 8 8 8 4 4 4 9 8 8 -1 
8 8 8 9 8 -1 -1 8 8 8 8 8 -1 1 4 -1 8 8 8 8 
8 8 8 1 -1 1 8 -1 8 8 8 8 8 4 4 4 8 1 8 8 
8 8 8 1 1 8 8 8 8 8 8 8 4 4 4 8 8 8 8 8 
8 8 8 8 8 8 -1 8 8 -1 8 2 8 4 8 4 8 8 -1 8 
-1 9 9 8 8 1 -1 8 8 8 8 2 2 2 4 4 8 4 8 -1 
-1 -1 1 8 8 8 8 8 2 2 8 8 8 2 6 4 4 8 4 -1 
1 1 1 1 8 8 8 8 8 8 8 4 4 2 4 4 4 4 4 -1 
1 1 1 1 4 1 1 8 40 8 8 8 8 4 6 6 -1 -1 4 -1 
-1 1 1 1 4 4 1 1 8 2 8 -1 8 8 -1 8 -1 2 -1 -1 
1 1 1 4 2 4 1 -1 2 8 8 2 8 -1 8 -1 -1 2 -1 8 
8 8 8 8 2 8 8 8 2 2 8 8 8 8 8 8 8 8 8 8 
8 8 8 2 8 8 8 8 8 8 8 -1 8 8 2 8 1 8 1 8 
8 4 8 2 8 8 8 8 8 8 8 8 8 2 8 1 2 1 8 8 
2 -1 4 2 8 8 8 8 -1 8 8 1 8 8 2 2 1 1 8 8 
8 2 2 2 2 8 8 1 8 2 6 6 1 2 2 -1 1 1 8 1 
-1 8 4 1 8 8 8 8 2 2 1 1 2 8 8 8 8 8 1 8 
8 4 8 -1 1 8 8 8 8 2 2 1 8 2 8 8 6 8 6 8 
8 8 8 1 1 1 8 8 8 2 -1 2 8 8 6 8 8 8 8 8 
-1 8 8 4 1 8 8 8 -1 -1 2 8 8 8 8 8 8 2 8 8 
8 8 1 8 1 8 8 8 8 8 8 8 8 -1 8 8 8 2 2 -1 
8 8 8 8 1 1 8 8 8 2 8 8 -1 -1 8 -1 8 -1 2 -1 
2 -1 8 -1 8 1 8 8 2 8 -1 -1 -1 8 40 8 -1 -1 2 2 
2 1 1 8 8 8 9 2 -1 2 -1 -1 -1 -1 8 8 8 8 -1 2 
2 1 8 -1 8 1 8 8 2 2 2 2 2 4 4 8 8 -1 8 2 
1 1 -1 8 -1 -1 9 8 2 2 2 2 2 4 4 -1 8 8 1 1 
1 1 8 8 8 -1 -1 8 2 2 2 9 6 6 4 -1 8 8 8 1 
8 -1 8 8 -1 1 8 8 -1 2 2 2 2 4 4 8 -1 8 8 8 
8 8 8 8 1 8 -1 8 2 -1 -1 8 -1 6 8 8 8 -1 8 8 
8 3 3 8 8 8 8 -1 2 2 2 8 8 8 6 8 8 8 8 8 
8 8 8 2 2 8 8 2 2 2 8 8 8 -1 8 8 8 8 8 8 
-1 -1 8 8 8 2 1 1 2 2 -1 2 1 1 1 1 1 1 1 -1 
-1 -1 -1 8 8 8 1 2 8 8 2 1 1 1 1 1 1 1 -1 -1 
-1 -1 8 9 9 9 2 2 8 8 8 1 1 1 1 1 1 1 1 -1 
-1 -1 -1 8 8 -1 -1 8 8 8 -1 8 1 1 1 1 1 1 8 8 
8 -1 -1 -1 -1 -1 -1 1 8 -1 8 -1 1 -1 -1 1 1 -1 -1 8 
-1 1 8 -1 -1 -1 -1 8 -1 8 -1 -1 -1 -1 1 1 2 2 2 8 
1 1 8 1 -1 -1 -1 2 2 -1 -1 -1 -1 -1 -1 2 2 2 1 -1 
1 -1 1 1 -1 -1 1 2 2 1 -1 -1 1 -1 1 1 1 1 2 1 
1 1 1 1 -1 1 1 1 2 -1 1 -1 -1 -1 -1 2 -1 1 -1 1 
1 1 -1 6 1 1 2 2 2 2 2 -1 8 -1 -1 -1 1 -1 1 -1 
-1 1 1 -1 1 2 2 2 2 2 2 -1 -1 -1 2 1 -1 1 -1 -1 
2 2 2 1 1 2 2 2 2 2 1 2 2 2 -1 -1 2 2 -1 -1 
-1 2 1 1 8 2 -1 8 2 2 2 2 2 2 2 2 2 2 -1 1 
-1 8 8 1 8 8 8 1 -1 2 2 2 2 2 2 2 2 2 1 1 
1 8 -1 32 -1 8 8 1 1 2 -1 2 -1 2 2 8 8 2 1 8 
8 1 1 32 1 1 8 8 2 -1 -1 -1 2 -1 -1 2 8 8 8 8 
3 1 1 1 32 1 32 8 8 -1 -1 -1 1 1 1 2 2 -1 3 3 
8 -1 1 32 1 32 1 8 1 1 1 1 1 1 1 -1 2 1 -1 8 
-1 32 32 32 32 32 1 1 1 2 1 -1 1 1 1 -1 1 1 8 8 
-1 32 -1 8 -1 2 1 1 2 2 2 1 -1 1 1 1 1 1 -1 8 
-1 -1 1 2 2 2 -1 -1 -1 -1 -1 1 1 1 1 -1 -1 -1 2 -1 
1 1 1 -1 2 -1 2 -1 -1 -1 -1 -1 1 1 1 1 -1 -1 -1 2 
2 1 1 -1 2 -1 -1 -1 -1 -1 -1 -1 1 1 1 1 -1 -1 1 -1 
1 2 1 1 1 -1 -1 -1 -1 -1 -1 -1 1 1 -1 1 1 1 -1 1 
2 1 1 2 1 -1 -1 -1 -1 -1 -1 -1 -1 1 1 1 -1 1 -1 -1 
-1 2 -1 2 1 1 -1 1 -1 1 -1 -1 1 -1 1 -1 -1 -1 2 -1 
2 -1 -1 1 1 1 -1 -1 1 -1 -1 -1 -1 -1 8 -1 -1 -1 2 2 
2 -1 -1 1 -1 -1 1 1 -1 -1 -1 -1 -1 8 1 2 2 2 2 -1 
-1 2 2 -1 -1 1 -1 1 1 -1 -1 -1 8 1 1 2 2 2 2 -1 
2 2 2 -1 -1 -1 -1 -1 -1 -1 -1 -1 8 8 8 8 2 -1 -1 2 
2 -1 2 -1 -1 -1 -1 -1 -1 -1 -1 -1 -1 -1 8 -1 -1 -1 -1 2 
-1 -1 -1 -1 -1 -1 -1 -1 -1 -1 -1 -1 -1 -1 -1 -1 -1 -1 -1 2 
-1 -1 -1 -1 -1 -1 -1 -1 -1 -1 -1 -1 -1 -1 -1 2 -1 -1 -1 -1 
1 -1 -1 -1 -1 -1 -1 -1 1 1 -1 -1 -1 1 2 2 1 -1 -1 -1 
-1 -1 1 -1 -1 -1 -1 -1 -1 -1 -1 -1 1 -1 1 1 -1 -1 -1 1 
-1 1 1 1 -1 -1 -1 -1 -1 -1 -1 1 1 1 1 1 1 -1 -1 -1 
-1 1 1 1 2 -1 -1 -1 -1 -1 -1 1 1 1 2 1 1 -1 -1 -1 
-1 -1 -1 2 2 -1 2 -1 -1 -1 -1 -1 1 -1 1 1 1 -1 -1 -1 
-1 -1 2 2 2 2 -1 -1 -1 -1 1 -1 1 1 1 1 1 2 -1 -1 
-1 -1 -1 2 -1 2 -1 -1 -1 1 1 -1 1 1 1 -1 2 2 2 -1 
-1 -1 -1 -1 -1 2 2 -1 -1 1 1 1 -1 -1 2 2 -1 -1 -1 1 
1 -1 -1 -1 -1 2 2 -1 1 1 -1 -1 -1 -1 -1 2 2 -1 -1 1 
-1 -1 -1 -1 -1 -1 -1 -1 -1 -1 -1 1 -1 -1 -1 2 2 1 1 -1 
-1 -1 -1 -1 -1 -1 -1 -1 -1 -1 -1 1 1 -1 -1 -1 1 -1 -1 -1 
-1 1 -1 -1 -1 -1 -1 -1 -1 -1 -1 -1 1 1 1 -1 -1 -1 -1 -1 
1 1 -1 -1 -1 -1 -1 -1 -1 -1 -1 -1 -1 -1 1 1 -1 1 1 1 
1 1 -1 -1 -1 -1 -1 1 -1 -1 -1 -1 1 1 1 1 1 8 1 1 
-1 1 -1 -1 -1 -1 -1 1 -1 -1 -1 -1 -1 1 1 1 1 -1 1 1 
-1 -1 -1 -1 -1 -1 1 -1 1 -1 -1 -1 -1 -1 1 -1 -1 -1 -1 -1 
1 -1 -1 1 1 1 -1 -1 1 -1 -1 -1 -1 -1 -1 -1 -1 1 -1 -1 
-1 -1 2 2 1 1 1 1 -1 2 2 -1 -1 -1 -1 -1 1 1 1 1 
1 -1 1 1 2 -1 1 -1 2 2 -1 -1 -1 -1 -1 1 -1 1 1 -1 
-1 -1 -1 -1 -1 2 -1 -1 2 -1 -1 -1 -1 -1 -1 -1 -1 -1 1 -1 
-1 -1 -1 -1 2 -1 -1 2 -1 -1 -1 -1 -1 -1 -1 -1 -1 -1 -1 -1 
1 -1 -1 -1 -1 -1 2 -1 -1 -1 -1 -1 -1 -1 -1 -1 -1 -1 -1 -1 
1 1 -1 -1 -1 -1 -1 -1 -1 -1 -1 -1 -1 -1 -1 -1 -1 -1 -1 -1 
1 1 2 -1 -1 -1 -1 -1 -1 -1 -1 -1 -1 -1 -1 -1 -1 -1 1 1 
-1 -1 -1 -1 -1 -1 -1 -1 -1 -1 -1 2 -1 -1 -1 -1 -1 -1 1 1 
1 1 -1 -1 -1 -1 -1 -1 -1 -1 -1 -1 -1 -1 -1 -1 -1 -1 1 -1 
1 1 -1 -1 -1 2 2 2 -1 -1 -1 -1 -1 -1 -1 -1 -1 -1 -1 -1 
-1 1 2 2 -1 2 2 2 2 -1 -1 -1 -1 -1 -1 1 -1 -1 -1 -1 
1 -1 -1 2 -1 -1 2 2 -1 -1 -1 -1 -1 1 1 -1 2 -1 2 -1 
-1 -1 2 2 -1 -1 -1 1 1 1 9 9 -1 8 1 1 2 2 -1 2 
-1 -1 -1 -1 -1 -1 -1 1 1 1 1 9 9 1 1 2 1 2 2 -1 
-1 -1 1 1 -1 -1 -1 -1 8 1 8 8 8 1 1 8 1 2 1 1 
1 -1 -1 -1 -1 -1 8 1 8 8 8 8 8 8 -1 -1 1 1 -1 1 
1 -1 -1 -1 -1 -1 -1 1 8 8 8 8 2 2 1 1 1 -1 -1 -1 
-1 -1 1 -1 -1 1 1 1 -1 8 8 8 8 -1 -1 -1 -1 -1 -1 -1 
-1 -1 1 1 -1 -1 8 8 8 8 8 2 8 8 2 2 -1 1 -1 -1 
-1 1 -1 -1 -1 -1 -1 8 -1 8 8 8 2 2 2 -1 1 1 -1 -1 
-1 -1 -1 -1 -1 -1 -1 8 8 8 8 -1 8 2 1 1 1 1 1 1 
1 -1 -1 -1 -1 -1 -1 -1 -1 -1 8 8 -1 -1 1 1 1 -1 1 -1 
1 1 -1 -1 -1 -1 -1 -1 -1 -1 -1 1 1 1 1 1 1 1 1 1 
-1 -1 -1 2 2 -1 -1 -1 -1 1 1 1 1 -1 -1 -1 -1 -1 1 1 
-1 -1 -1 -1 2 2 -1 2 -1 1 1 1 1 1 1 -1 -1 -1 -1 -1 
-1 -1 -1 2 1 2 2 2 -1 1 2 -1 1 1 1 -1 -1 -1 -1 -1 
-1 8 -1 -1 1 2 2 2 2 -1 1 1 1 1 -1 -1 -1 -1 8 -1 
8 -1 -1 2 2 2 2 -1 -1 -1 1 1 -1 -1 -1 -1 -1 -1 -1 8 
8 -1 -1 -1 1 1 2 -1 -1 -1 1 -1 -1 -1 -1 -1 -1 -1 8 8 
-1 -1 1 -1 -1 2 2 2 -1 2 -1 -1 -1 -1 -1 -1 -1 -1 1 8 
2 -1 -1 -1 8 -1 -1 -1 1 1 1 -1 -1 -1 -1 3 -1 2 -1 2 
-1 2 -1 8 8 -1 1 1 1 1 1 1 1 -1 -1 -1 -1 2 2 -1 
-1 8 8 8 -1 8 8 1 1 2 1 1 -1 1 -1 -1 -1 -1 -1 2 
-1 -1 8 8 8 8 8 1 -1 -1 2 2 1 1 -1 -1 -1 1 1 2 
1 1 1 8 8 8 8 1 -1 -1 8 -1 8 1 1 -1 -1 -1 1 1 
1 1 1 -1 8 8 8 8 -1 -1 -1 8 8 1 1 1 1 -1 8 8 
8 8 8 8 8 8 8 -1 8 8 2 8 -1 8 1 1 1 1 8 8 
8 1 -1 8 8 8 8 8 8 8 -1 8 8 8 1 2 2 -1 8 2 
2 1 8 8 8 8 8 1 8 1 -1 -1 2 -1 1 -1 2 2 2 8 
8 8 8 -1 8 8 8 1 1 -1 -1 8 8 -1 2 -1 2 8 8 2 
8 8 -1 9 8 8 1 1 1 1 8 8 8 2 2 2 -1 2 2 8 
8 8 1 1 8 -1 8 1 1 1 1 8 8 1 2 -1 1 -1 -1 -1 
1 -1 1 1 1 8 8 -1 -1 1 1 8 -1 1 1 1 1 1 1 1 
-1 1 1 1 8 8 1 -1 -1 -1 1 1 1 1 1 1 -1 -1 1 1 
-1 1 1 8 8 8 8 8 -1 1 1 1 1 1 -1 -1 1 1 1 1 
1 -1 -1 1 8 1 8 8 -1 -1 -1 1 1 1 1 -1 1 1 1 1 
-1 -1 1 1 -1 -1 -1 -1 8 -1 -1 -1 -1 1 1 1 -1 1 1 1 
-1 -1 -1 -1 -1 -1 1 1 1 1 -1 -1 1 1 -1 1 1 1 1 -1 
-1 -1 -1 -1 -1 1 -1 1 1 -1 -1 -1 -1 -1 -1 -1 1 -1 2 2 
2 2 -1 -1 -1 -1 1 -1 -1 1 1 -1 -1 -1 -1 -1 1 2 1 1 
2 -1 -1 -1 -1 -1 1 1 -1 -1 3 3 -1 -1 2 3 2 1 2 -1 
2 -1 -1 -1 -1 -1 -1 -1 1 8 8 -1 -1 2 2 2 2 1 2 2 
2 8 -1 -1 -1 -1 -1 -1 -1 8 1 1 1 -1 -1 -1 2 2 1 1 
-1 -1 8 8 8 -1 -1 -1 -1 -1 -1 1 1 1 1 1 2 2 2 -1 
-1 8 8 -1 -1 -1 -1 -1 -1 -1 2 1 1 1 -1 1 2 2 2 -1 
8 -1 -1 8 -1 -1 -1 -1 2 2 1 -1 1 1 1 1 1 2 2 -1 
-1 8 8 8 8 8 -1 2 2 1 1 1 1 1 1 1 2 2 -1 -1 
1 1 -1 -1 -1 -1 -1 2 2 -1 -1 -1 -1 1 1 1 -1 -1 1 1 
1 8 1 -1 -1 2 2 -1 2 -1 -1 -1 1 1 1 1 1 1 1 1 
-1 8 -1 -1 8 8 8 -1 -1 -1 -1 -1 1 -1 -1 -1 2 1 1 1 
2 -1 -1 8 2 8 -1 -1 -1 -1 -1 -1 -1 -1 -1 -1 2 2 2 2 
-1 -1 -1 8 8 2 2 -1 -1 -1 -1 -1 -1 -1 -1 2 2 8 2 2 
2 2 -1 -1 -1 -1 2 2 -1 -1 -1 -1 8 -1 -1 2 2 -1 2 2 
2 2 -1 -1 -1 -1 2 -1 -1 2 -1 -1 -1 -1 2 -1 -1 2 2 2 
2 -1 2 8 2 2 -1 1 1 -1 2 -1 8 8 8 -1 2 2 2 2 
2 2 8 2 2 -1 -1 1 1 1 -1 8 8 8 8 -1 2 2 2 2 
-1 2 8 8 -1 -1 2 -1 8 8 8 -1 8 -1 8 -1 -1 -1 2 -1 
-1 8 2 8 8 -1 -1 8 1 -1 1 1 -1 -1 -1 2 -1 2 2 -1 
2 2 8 8 -1 -1 -1 -1 2 1 1 -1 -1 -1 -1 2 2 2 2 2 
2 2 -1 8 -1 -1 1 1 1 1 2 2 -1 2 -1 3 2 1 2 2 
-1 8 8 8 8 8 8 -1 2 2 -1 -1 -1 -1 -1 -1 -1 8 2 -1 
-1 8 8 8 -1 8 2 2 2 -1 2 -1 -1 2 -1 -1 -1 8 -1 -1 
-1 -1 1 8 8 8 8 2 2 2 2 8 2 2 8 -1 -1 8 8 1 
1 1 8 -1 8 8 2 8 2 2 2 2 2 8 9 8 -1 -1 1 -1 
-1 1 1 8 -1 -1 -1 2 2 2 2 9 8 9 -1 9 1 -1 -1 1 
1 -1 -1 8 8 -1 -1 2 -1 2 2 9 9 -1 8 8 -1 8 8 -1 
-1 -1 -1 -1 -1 2 2 2 2 2 2 9 8 8 8 9 -1 -1 1 -1 
-1 -1 -1 -1 -1 -1 2 2 2 -1 2 2 9 8 9 8 -1 1 -1 1 
1 -1 -1 -1 -1 -1 -1 2 2 2 2 2 2 -1 8 -1 1 40 1 -1 
1 -1 -1 -1 -1 -1 8 -1 2 2 2 -1 -1 9 9 -1 40 1 -1 1 
-1 -1 -1 -1 -1 2 8 2 2 2 2 -1 9 9 9 9 9 9 -1 -1 
-1 -1 -1 -1 2 -1 2 -1 2 2 8 9 9 8 8 -1 9 8 -1 -1 
-1 -1 -1 -1 -1 -1 2 2 2 2 2 -1 2 2 -1 9 -1 9 -1 2 
2 2 -1 -1 -1 2 2 2 2 2 2 2 -1 -1 -1 -1 -1 -1 -1 -1 
2 2 8 2 -1 2 2 2 2 2 2 -1 -1 -1 -1 -1 -1 -1 -1 2 
-1 -1 8 -1 -1 2 2 2 2 -1 2 2 -1 -1 -1 -1 -1 -1 2 2 
2 -1 8 2 2 -1 2 -1 2 2 2 2 -1 -1 -1 -1 -1 2 2 2 
2 -1 -1 8 8 -1 -1 2 2 2 2 -1 2 -1 -1 -1 -1 2 2 2 
2 8 8 8 8 2 2 2 2 -1 2 -1 2 -1 -1 -1 2 2 2 8 
2 8 8 8 8 2 2 8 -1 -1 2 2 2 -1 -1 -1 -1 2 2 2 
-1 -1 -1 2 -1 -1 -1 -1 -1 -1 -1 -1 8 -1 3 -1 3 -1 -1 3 
3 -1 -1 -1 -1 -1 -1 -1 -1 -1 -1 -1 -1 8 8 8 3 1 3 3 
-1 -1 -1 -1 -1 -1 -1 -1 -1 -1 -1 -1 -1 8 8 3 8 3 3 3 
3 2 -1 -1 -1 -1 -1 -1 -1 -1 3 1 -1 -1 -1 3 3 3 3 3 
3 -1 -1 2 2 -1 -1 -1 -1 -1 1 3 1 -1 -1 3 3 3 3 3 
2 -1 2 2 2 2 -1 -1 -1 -1 -1 3 3 -1 -1 3 3 3 3 -1 
-1 2 2 2 2 2 2 -1 -1 8 8 3 8 3 9 3 3 2 -1 -1 
-1 -1 2 2 2 2 2 8 2 1 8 8 8 9 9 9 2 2 2 2 
2 -1 2 -1 2 2 8 2 8 8 8 -1 8 8 2 8 8 -1 2 -1 
-1 -1 2 2 2 8 2 -1 8 8 -1 8 8 8 8 8 8 8 2 -1 
-1 2 2 -1 -1 2 -1 -1 8 8 -1 8 -1 -1 -1 8 1 8 8 8 
2 -1 -1 -1 -1 -1 8 8 8 8 -1 -1 -1 -1 -1 8 1 2 2 2 
1 2 -1 -1 8 8 8 8 -1 8 8 -1 -1 8 8 8 2 -1 2 1 
1 8 8 8 8 8 8 8 8 -1 8 -1 8 8 8 2 -1 2 2 1 
-1 -1 2 -1 2 8 -1 -1 8 1 -1 1 2 8 2 2 2 2 2 -1 
-1 -1 -1 2 8 8 8 -1 8 8 1 1 1 2 2 2 2 -1 -1 -1 
-1 -1 2 2 8 8 8 1 -1 8 1 2 2 1 3 3 3 2 -1 2 
2 -1 -1 8 8 8 8 1 1 2 8 2 2 -1 2 2 2 2 2 -1 
-1 -1 -1 1 1 8 1 -1 -1 -1 2 1 2 8 2 3 2 1 -1 2 
-1 -1 2 -1 -1 1 -1 -1 -1 -1 1 -1 -1 3 3 3 3 3 -1 3 
1 -1 1 -1 2 8 -1 1 2 1 2 1 1 1 1 1 8 8 8 1 
1 -1 1 8 -1 -1 -1 8 -1 1 1 1 -1 1 1 1 8 8 8 1 
1 -1 -1 8 8 2 2 -1 -1 1 1 1 1 1 1 1 1 8 8 8 
-1 -1 8 8 -1 -1 2 2 -1 1 1 1 1 1 1 1 1 -1 8 8 
8 8 8 -1 8 -1 -1 -1 1 -1 -1 1 9 9 1 1 -1 1 -1 -1 
8 -1 8 -1 -1 -1 -1 -1 -1 -1 -1 1 4 1 9 8 8 2 2 -1 
8 -1 8 8 -1 -1 -1 -1 -1 1 1 -1 4 8 9 8 -1 -1 -1 2 
-1 -1 -1 8 1 -1 -1 -1 -1 1 4 -1 -1 -1 8 9 -1 2 2 2 
-1 8 -1 1 -1 1 -1 -1 -1 -1 -1 4 4 4 9 8 -1 2 2 -1 
8 2 -1 -1 -1 -1 -1 -1 -1 -1 -1 -1 -1 -1 -1 -1 -1 -1 -1 8 
2 8 -1 -1 1 1 -1 -1 -1 -1 -1 -1 -1 -1 -1 8 -1 -1 -1 8 
8 8 8 -1 -1 1 1 1 -1 3 -1 -1 8 8 -1 -1 8 8 8 8 
8 8 -1 -1 -1 -1 -1 1 -1 -1 -1 -1 -1 8 8 -1 -1 8 -1 8 
8 -1 8 -1 -1 8 -1 -1 2 -1 -1 -1 -1 -1 -1 -1 -1 8 -1 -1 
8 8 -1 -1 8 8 -1 2 8 -1 -1 -1 -1 -1 -1 -1 -1 -1 8 8 
8 -1 -1 -1 8 8 -1 2 8 8 -1 -1 -1 -1 -1 -1 -1 -1 -1 8 
-1 8 2 1 8 2 2 8 8 8 -1 8 -1 -1 -1 8 8 8 8 -1 
-1 2 1 2 8 2 2 2 8 1 -1 -1 8 8 8 8 8 8 -1 -1 
-1 1 8 8 2 8 2 2 1 -1 1 -1 8 -1 8 -1 8 8 8 -1 
-1 -1 1 1 8 2 8 2 2 2 1 1 1 1 1 1 8 8 8 8 
-1 -1 1 1 1 1 1 1 -1 1 1 1 -1 -1 -1 -1 -1 -1 -1 -1 
1 -1 1 -1 1 1 1 -1 -1 -1 1 1 2 -1 -1 -1 -1 -1 -1 1 
1 1 1 -1 -1 -1 1 -1 -1 1 1 2 1 2 -1 -1 -1 -1 1 1 
1 1 1 -1 -1 1 1 -1 -1 1 1 1 2 1 -1 2 2 1 1 -1 
-1 1 -1 -1 1 1 -1 -1 -1 1 -1 1 2 -1 1 -1 2 2 4 4 
4 4 -1 -1 1 1 -1 -1 -1 -1 4 -1 4 1 -1 2 2 2 4 4 
4 4 4 1 1 -1 -1 1 -1 4 4 4 4 4 4 4 2 2 4 4 
4 -1 4 1 1 1 1 -1 1 4 4 -1 -1 4 4 4 -1 -1 2 4 
1 -1 1 -1 1 1 1 1 -1 -1 4 4 4 4 4 4 -1 4 -1 -1 
-1 -1 1 1 1 1 -1 1 1 1 4 1 -1 4 4 4 2 32 2 1 
1 -1 1 -1 1 1 2 1 1 1 1 1 1 4 -1 4 32 2 1 1 
1 1 -1 1 1 -1 1 2 1 1 1 -1 2 1 -1 4 -1 -1 -1 1 
-1 -1 1 1 1 1 2 1 1 -1 -1 -1 2 -1 -1 1 -1 1 -1 1 
-1 -1 1 1 1 1 -1 1 -1 1 -1 -1 -1 2 1 1 -1 1 1 1 
1 -1 -1 1 -1 -1 2 2 -1 1 -1 -1 -1 -1 1 2 -1 1 1 1 
1 -1 -1 -1 2 1 2 -1 1 -1 -1 -1 -1 -1 -1 2 2 -1 1 2 
1 -1 -1 -1 1 1 1 -1 -1 1 -1 1 -1 -1 -1 -1 -1 -1 -1 2 
1 1 -1 -1 2 2 1 1 -1 1 1 1 -1 -1 -1 -1 -1 -1 -1 -1 
1 8 -1 -1 -1 1 1 1 1 1 1 1 1 2 -1 -1 -1 -1 -1 -1 
-1 -1 8 1 1 1 1 1 1 -1 1 1 2 -1 -1 -1 -1 -1 -1 -1 
4 1 4 4 1 4 -1 4 -1 2 -1 2 -1 -1 1 1 1 1 1 1 
1 1 1 1 1 4 4 -1 -1 -1 2 2 -1 -1 -1 1 1 1 4 4 
2 1 1 1 4 -1 4 -1 -1 4 2 2 -1 2 -1 -1 4 -1 -1 1 
-1 1 -1 1 4 4 4 4 4 4 1 4 -1 -1 -1 2 -1 -1 -1 -1 
4 4 1 -1 -1 4 6 -1 4 4 4 1 1 1 -1 2 -1 -1 -1 -1 
4 4 -1 4 4 -1 6 4 4 4 -1 -1 1 1 1 1 1 -1 -1 -1 
1 4 4 4 4 1 -1 6 4 -1 2 2 1 1 1 1 1 1 1 4 
4 1 -1 4 4 1 6 -1 -1 -1 -1 -1 1 1 1 1 1 4 1 -1 
1 1 1 1 1 1 -1 -1 -1 2 2 2 2 2 1 1 4 4 1 -1 
1 1 1 1 1 1 1 2 2 2 2 2 2 -1 1 4 1 4 1 1 
1 1 1 1 1 -1 4 2 2 -1 2 2 2 1 4 4 1 1 1 1 
-1 1 1 1 1 1 4 2 2 2 -1 2 2 2 1 1 2 1 -1 1 
-1 1 1 1 1 1 4 4 2 2 -1 2 2 2 2 2 4 1 1 -1 
1 1 1 1 1 1 4 2 -1 2 4 -1 2 2 2 4 -1 1 4 4 
-1 1 1 4 -1 -1 2 -1 4 -1 4 2 2 -1 2 2 1 -1 -1 4 
-1 4 1 1 2 2 2 -1 -1 4 2 4 4 -1 -1 4 -1 4 4 4 
4 4 -1 -1 1 2 2 -1 4 4 4 4 4 2 4 -1 4 2 4 4 
4 4 -1 -1 1 -1 4 -1 4 4 2 2 2 2 -1 -1 2 -1 2 4 
4 4 -1 4 4 -1 -1 1 -1 -1 4 2 2 2 2 -1 1 -1 -1 -1 
4 4 4 -1 -1 -1 -1 -1 -1 -1 -1 4 -1 -1 1 4 4 4 1 1 
-1 2 1 1 4 8 1 4 1 1 -1 4 -1 4 -1 -1 2 2 2 2 
-1 -1 1 4 1 1 4 1 4 6 4 6 6 -1 4 4 4 4 4 -1 
2 1 1 1 4 4 1 1 1 4 4 -1 4 4 4 32 4 4 2 -1 
1 1 1 1 1 4 4 -1 4 4 -1 4 1 1 4 4 4 4 2 2 
2 1 -1 -1 -1 4 4 4 -1 1 4 4 1 1 4 4 4 4 4 3 
2 1 1 1 1 1 4 1 1 4 4 1 -1 2 2 4 4 4 4 4 
-1 4 1 1 1 1 4 4 4 4 4 1 2 2 -1 4 4 4 4 4 
2 1 4 1 -1 4 4 4 4 1 4 4 4 4 1 1 4 4 4 4 
2 4 -1 2 4 4 4 4 4 4 4 4 4 4 4 4 6 4 6 4 
2 2 2 4 4 4 4 -1 4 4 4 4 4 4 4 4 4 4 6 6 
2 -1 -1 -1 -1 -1 -1 4 4 4 4 4 4 4 4 4 -1 6 1 6 
2 2 2 2 2 -1 -1 4 4 4 4 4 4 1 4 1 4 1 -1 -1 
2 2 -1 2 2 -1 4 4 4 4 4 -1 1 1 1 1 4 -1 1 2 
2 2 2 2 2 4 4 4 -1 4 6 1 1 1 1 4 1 2 2 2 
2 2 2 2 2 4 1 2 1 4 4 4 1 1 -1 1 1 -1 2 2 
2 -1 -1 1 2 2 4 4 2 1 4 1 32 -1 4 32 32 32 -1 2 
2 2 -1 2 4 4 4 2 1 1 1 32 32 4 32 32 4 4 2 2 
2 -1 -1 -1 -1 -1 4 8 1 32 32 32 32 32 4 4 1 1 1 2 
2 2 -1 -1 -1 4 -1 4 8 1 1 1 32 4 4 -1 2 -1 1 -1 
-1 2 2 1 4 4 4 -1 1 1 4 4 4 4 2 2 2 2 -1 -1 
2 2 -1 4 4 -1 4 4 2 -1 -1 1 1 1 8 1 1 1 -1 -1 
-1 2 2 4 4 4 4 4 4 1 4 1 -1 1 1 8 1 1 -1 -1 
-1 -1 4 4 4 4 4 -1 -1 1 4 1 -1 -1 1 -1 1 1 -1 -1 
-1 -1 -1 -1 4 4 4 4 4 -1 4 4 4 2 1 1 1 -1 1 1 
-1 -1 2 32 32 4 4 4 4 4 4 4 -1 2 2 1 8 -1 1 1 
1 2 -1 -1 32 32 4 -1 4 4 4 2 2 2 2 1 -1 -1 1 1 
-1 -1 2 1 1 1 -1 -1 4 4 4 4 2 2 2 2 -1 2 -1 1 
-1 2 2 -1 1 1 2 2 2 -1 4 2 4 2 2 2 2 2 -1 -1 
-1 2 -1 2 1 6 2 2 -1 2 2 2 2 2 2 -1 2 2 2 2 
2 2 6 2 4 2 -1 2 2 2 -1 2 2 2 -1 2 -1 -1 -1 2 
2 2 2 2 4 6 6 4 2 -1 -1 4 -1 2 2 2 -1 2 1 2 
1 2 6 6 -1 4 -1 -1 4 -1 -1 4 2 2 -1 2 2 2 1 2 
2 1 -1 6 -1 -1 -1 -1 -1 -1 -1 2 2 -1 3 -1 2 2 1 1 
1 1 1 -1 4 4 1 -1 -1 -1 -1 2 2 3 3 -1 2 1 1 1 
-1 -1 1 2 2 -1 1 -1 -1 -1 -1 -1 2 3 3 -1 -1 3 1 2 
2 -1 -1 2 4 4 -1 -1 -1 -1 -1 2 2 3 3 -1 3 3 3 -1 
-1 -1 -1 4 4 4 -1 -1 1 -1 1 1 -1 3 -1 1 -1 1 3 -1 
-1 2 6 4 4 -1 -1 -1 1 -1 -1 -1 1 1 1 1 1 1 -1 3 
-1 -1 2 6 -1 -1 -1 -1 2 2 2 -1 1 1 1 1 1 -1 -1 3 
3 -1 2 2 4 -1 4 4 4 2 -1 1 1 1 1 -1 1 1 -1 -1 
-1 -1 -1 -1 -1 4 -1 6 2 6 2 2 1 -1 -1 -1 2 -1 2 -1 
-1 -1 -1 2 1 1 4 -1 6 4 -1 -1 -1 -1 -1 -1 3 8 2 -1 
-1 -1 -1 -1 1 1 1 4 -1 6 6 -1 -1 -1 -1 3 3 -1 -1 -1 
-1 -1 -1 -1 -1 1 1 2 2 8 6 6 4 -1 -1 -1 1 2 3 -1 
-1 -1 -1 -1 1 1 1 2 8 8 6 6 -1 4 4 -1 -1 1 3 -1 
-1 -1 -1 1 1 3 1 8 2 6 4 3 3 3 -1 -1 -1 -1 -1 -1 
-1 -1 -1 1 3 3 1 3 3 -1 4 6 -1 3 -1 -1 -1 -1 -1 -1 
-1 -1 -1 -1 -1 3 2 -1 2 2 2 6 3 3 -1 -1 -1 -1 -1 -1 
-1 -1 -1 1 1 3 -1 3 2 -1 6 3 4 4 -1 -1 -1 -1 -1 -1 
-1 -1 -1 -1 -1 -1 3 2 2 2 6 6 -1 -1 2 -1 -1 -1 -1 -1 
-1 -1 -1 -1 -1 -1 -1 -1 2 2 2 2 -1 2 -1 -1 -1 2 -1 2 
-1 -1 -1 -1 -1 -1 -1 2 2 2 2 2 2 -1 -1 2 -1 2 2 2 
2 2 -1 -1 -1 -1 -1 2 2 2 2 2 2 -1 2 -1 2 -1 2 -1 
2 -1 -1 -1 -1 -1 -1 -1 -1 -1 2 -1 2 -1 -1 2 2 -1 2 2 
2 -1 -1 -1 -1 -1 -1 1 2 2 -1 -1 -1 -1 2 2 2 2 2 2 
1 2 -1 2 2 2 1 -1 -1 2 -1 2 -1 -1 -1 2 1 1 2 2 
2 2 -1 -1 2 1 2 -1 -1 2 2 -1 -1 -1 -1 2 2 1 2 1 
-1 1 -1 -1 2 2 1 2 2 2 -1 -1 -1 -1 2 1 -1 -1 -1 -1 
-1 -1 -1 -1 -1 -1 -1 6 2 -1 -1 -1 2 -1 -1 -1 1 1 -1 -1 
-1 -1 -1 -1 -1 -1 -1 4 6 6 -1 1 -1 -1 -1 -1 1 -1 2 -1 
-1 -1 -1 -1 -1 -1 -1 -1 -1 1 1 2 2 -1 2 2 -1 8 8 8 
8 -1 -1 -1 -1 2 -1 -1 -1 -1 -1 1 -1 2 -1 -1 8 -1 -1 -1 
-1 -1 -1 -1 -1 2 2 -1 -1 2 -1 -1 -1 -1 -1 8 8 8 -1 -1 
-1 -1 -1 -1 -1 -1 -1 2 2 -1 2 -1 8 -1 -1 -1 -1 -1 8 -1 
-1 -1 -1 1 1 2 2 2 -1 -1 -1 -1 8 -1 -1 2 -1 -1 8 -1 
-1 1 -1 -1 -1 -1 -1 2 2 2 -1 -1 -1 -1 -1 -1 2 -1 -1 -1 
1 -1 1 -1 -1 -1 -1 -1 2 -1 -1 -1 2 -1 -1 2 2 2 -1 -1 
-1 -1 1 -1 -1 2 -1 -1 8 2 2 2 -1 -1 -1 -1 2 2 -1 2 
2 2 2 2 -1 2 2 -1 -1 4 2 2 2 2 2 -1 2 2 2 -1 
2 2 -1 -1 -1 -1 2 2 2 -1 2 2 2 2 2 -1 -1 2 2 2 
1 -1 -1 1 1 2 2 -1 2 2 2 2 -1 2 -1 2 2 2 -1 -1 
-1 -1 -1 -1 2 2 -1 -1 2 2 2 -1 -1 -1 2 -1 2 2 2 -1 
-1 -1 -1 -1 2 2 -1 -1 2 2 -1 2 2 -1 2 2 2 2 2 -1 
-1 2 -1 -1 2 2 2 2 -1 2 2 2 -1 2 2 2 1 2 2 2 
2 -1 2 -1 2 2 2 2 2 -1 2 2 -1 2 2 2 2 2 2 -1 
2 2 -1 2 2 2 -1 2 2 2 4 -1 -1 2 -1 2 2 2 2 2 
2 2 2 2 2 2 -1 -1 2 2 -1 -1 1 1 1 2 2 2 2 2 
-1 8 -1 3 -1 2 2 -1 -1 -1 -1 1 1 1 2 8 8 8 8 8 
8 2 2 3 -1 2 -1 -1 -1 -1 1 -1 1 -1 8 -1 -1 8 8 8 
-1 -1 8 2 -1 -1 -1 -1 -1 1 -1 -1 -1 2 -1 8 8 8 8 3 
2 -1 -1 -1 -1 2 8 8 8 8 8 8 4 6 9 4 8 8 -1 2 
2 -1 -1 -1 2 8 8 8 8 8 8 8 8 8 8 4 8 8 2 2 
2 -1 -1 -1 -1 -1 8 8 8 4 8 10 8 8 4 8 4 8 2 2 
2 -1 -1 -1 -1 8 8 8 8 8 4 4 4 4 4 1 1 1 2 2 
1 -1 -1 -1 -1 -1 -1 -1 8 -1 4 -1 2 4 4 1 1 8 8 2 
8 -1 -1 -1 -1 -1 -1 -1 2 4 -1 2 2 2 -1 1 -1 8 8 1 
-1 8 1 -1 -1 -1 -1 -1 -1 4 4 -1 2 2 -1 2 2 8 8 8 
-1 -1 2 -1 -1 -1 -1 -1 4 -1 2 4 2 2 2 -1 -1 2 8 8 
1 1 -1 -1 -1 -1 -1 4 -1 -1 -1 2 -1 2 2 -1 -1 -1 8 -1 
1 1 -1 -1 -1 4 4 -1 -1 -1 -1 -1 2 2 -1 -1 -1 -1 1 8 
1 -1 -1 -1 -1 4 4 -1 -1 2 4 -1 -1 -1 -1 -1 -1 -1 1 8 
-1 -1 -1 -1 -1 -1 -1 -1 -1 -1 4 -1 -1 -1 -1 2 -1 -1 -1 -1 
-1 -1 -1 -1 -1 -1 -1 4 4 4 4 -1 4 -1 4 2 2 2 -1 -1 
-1 -1 -1 -1 -1 1 4 -1 4 4 4 -1 4 4 -1 -1 -1 -1 -1 -1 
-1 -1 -1 1 -1 -1 4 4 4 8 4 4 4 4 8 8 -1 -1 -1 -1 
1 1 1 1 1 1 4 4 1 1 4 8 8 4 8 8 8 8 -1 1 
1 1 -1 1 1 1 1 1 1 -1 2 4 8 -1 8 8 1 8 8 1 
1 1 1 -1 1 1 1 1 1 8 8 10 -1 8 8 8 8 8 1 1 
1 2 -1 -1 1 1 1 -1 8 8 8 8 8 9 8 8 8 -1 -1 1 
2 -1 -1 -1 -1 1 1 8 8 8 8 8 4 8 8 9 8 -1 2 2 
-1 2 -1 -1 2 2 2 2 -1 2 1 2 2 2 2 -1 -1 -1 -1 -1 
-1 -1 4 2 2 2 1 1 2 1 2 2 8 8 2 2 -1 -1 -1 -1 
-1 8 -1 4 4 2 2 4 4 2 2 2 2 2 2 -1 -1 -1 -1 -1 
8 2 2 4 4 4 4 4 -1 2 6 4 4 2 4 2 -1 -1 -1 8 
-1 8 2 -1 4 4 4 4 -1 2 6 4 4 5 4 -1 -1 -1 -1 -1 
-1 -1 8 -1 4 4 4 4 2 2 2 4 5 4 4 -1 4 -1 -1 -1 
-1 -1 -1 -1 2 2 4 4 2 4 2 2 4 4 4 4 4 -1 -1 -1 
-1 -1 -1 -1 -1 1 4 4 4 4 2 4 4 6 6 4 4 -1 -1 -1 
-1 -1 -1 2 -1 -1 -1 4 4 4 8 6 6 6 4 4 4 -1 -1 -1 
-1 2 2 2 2 -1 4 4 4 4 8 8 4 6 4 4 -1 -1 -1 -1 
2 2 2 2 -1 2 -1 4 4 8 8 8 4 4 4 4 4 -1 -1 -1 
2 2 -1 2 2 -1 -1 4 8 4 8 8 8 4 4 4 4 -1 -1 -1 
-1 -1 2 -1 -1 2 -1 8 8 8 8 -1 8 4 8 4 -1 -1 -1 -1 
-1 -1 -1 -1 -1 8 8 8 8 8 8 8 8 8 -1 8 -1 -1 -1 -1 
-1 -1 -1 -1 8 -1 -1 -1 8 1 1 8 8 8 8 -1 -1 -1 -1 -1 
-1 -1 -1 1 1 8 -1 8 8 8 8 2 8 8 -1 -1 -1 -1 -1 -1 
-1 -1 -1 -1 8 8 8 8 8 8 1 2 2 8 8 2 2 2 -1 -1 
-1 -1 8 8 8 8 8 2 9 9 1 1 2 2 2 2 2 -1 -1 -1 
-1 2 8 2 2 -1 2 8 8 -1 1 9 2 2 2 -1 2 -1 -1 -1 
2 2 2 -1 2 2 2 -1 8 1 2 9 2 -1 -1 2 -1 -1 -1 -1 
-1 2 2 2 2 2 -1 2 2 2 2 -1 1 -1 -1 -1 2 2 -1 -1 
-1 -1 2 2 2 2 2 -1 -1 -1 -1 -1 1 -1 -1 -1 2 2 2 -1 
2 2 2 2 2 -1 -1 -1 -1 -1 -1 -1 -1 -1 -1 -1 -1 -1 2 2 
-1 2 2 2 2 2 2 2 2 -1 -1 -1 -1 -1 -1 -1 2 -1 2 2 
2 -1 2 2 1 2 2 2 2 2 -1 1 1 -1 -1 2 2 2 2 2 
2 2 4 2 1 1 2 2 1 -1 4 -1 4 -1 1 2 2 2 2 2 
2 2 4 2 -1 -1 2 1 1 1 2 4 1 -1 1 2 2 2 2 2 
2 2 2 -1 -1 2 1 1 -1 1 -1 1 -1 2 2 -1 -1 2 2 2 
2 2 -1 2 2 2 1 -1 2 -1 -1 -1 1 2 2 1 2 2 2 -1 
-1 2 2 -1 2 2 1 2 2 2 1 1 1 1 2 2 1 1 1 -1 
1 2 -1 2 2 1 1 1 1 1 1 1 1 2 2 2 2 1 1 1 
1 2 2 2 2 2 1 -1 1 -1 1 1 -1 2 2 2 1 2 1 1 
2 -1 2 2 2 2 2 2 1 1 1 1 1 2 2 2 2 2 1 2 
1 1 2 2 2 2 2 2 2 1 1 -1 1 1 2 2 2 2 2 2 
2 1 2 2 -1 2 2 1 1 1 1 -1 -1 -1 1 2 2 2 2 -1 
2 -1 2 2 2 -1 -1 1 1 -1 -1 -1 -1 -1 -1 2 2 2 2 -1 
2 2 2 2 2 -1 1 1 1 -1 -1 -1 -1 1 -1 -1 -1 2 2 -1 
-1 2 2 2 2 -1 -1 -1 -1 -1 -1 -1 1 -1 -1 -1 2 -1 2 2 
-1 2 2 2 2 -1 -1 -1 -1 -1 2 -1 -1 1 -1 2 -1 -1 -1 -1 
-1 2 2 2 2 2 -1 -1 -1 2 2 2 -1 1 -1 -1 -1 -1 -1 -1 
1 1 -1 -1 -1 1 1 1 1 -1 1 -1 1 -1 -1 1 1 1 1 1 
1 -1 1 -1 -1 1 1 1 1 -1 1 2 -1 -1 -1 1 1 1 1 1 
1 1 -1 1 1 -1 1 -1 2 -1 -1 2 -1 -1 1 1 1 -1 1 1 
-1 -1 1 1 2 -1 2 2 -1 2 2 2 -1 -1 -1 -1 1 -1 -1 -1 
-1 1 1 2 -1 1 -1 -1 2 -1 2 -1 2 2 -1 -1 -1 -1 -1 1 
1 1 1 2 2 2 -1 -1 -1 2 -1 2 2 -1 2 -1 -1 -1 -1 1 
-1 -1 1 2 -1 -1 -1 1 1 2 2 2 -1 2 2 2 -1 -1 -1 -1 
1 1 -1 -1 2 -1 -1 1 1 1 2 2 2 2 2 -1 -1 -1 1 -1 
1 -1 -1 -1 -1 -1 1 1 1 1 2 -1 1 2 2 2 2 1 -1 1 
1 -1 -1 -1 2 2 2 1 1 1 -1 1 2 2 2 2 2 2 1 1 
1 1 1 1 -1 2 2 -1 1 1 1 -1 2 2 2 2 2 -1 2 1 
1 1 1 1 -1 2 2 1 -1 1 1 1 1 1 2 2 2 1 1 -1 
2 1 1 -1 1 1 1 1 1 -1 -1 -1 -1 1 1 -1 1 2 1 -1 
-1 2 -1 1 -1 -1 1 1 1 1 1 -1 -1 2 2 -1 1 1 -1 2 
2 1 2 1 1 1 1 1 -1 1 -1 -1 -1 -1 1 2 2 1 -1 2 
1 2 1 6 6 -1 1 -1 -1 -1 -1 1 1 1 1 -1 2 1 -1 2 
-1 -1 1 2 1 1 -1 1 1 -1 -1 1 1 1 -1 -1 1 1 2 2 
1 2 1 1 1 -1 1 -1 1 -1 -1 1 1 1 1 -1 -1 1 2 2 
-1 2 2 1 1 1 1 1 1 1 1 -1 1 1 1 1 1 1 1 1 
1 -1 -1 -1 1 1 1 1 -1 1 1 1 -1 1 1 1 1 1 1 1 
-1 -1 -1 -1 -1 -1 1 1 -1 -1 -1 -1 -1 -1 -1 2 -1 -1 -1 -1 
-1 -1 -1 -1 -1 1 -1 1 -1 -1 -1 -1 -1 -1 -1 -1 -1 -1 2 2 
-1 -1 -1 -1 -1 -1 -1 -1 -1 -1 -1 -1 -1 1 -1 -1 -1 -1 2 2 
-1 -1 -1 -1 -1 -1 -1 -1 -1 -1 -1 -1 -1 -1 1 -1 -1 -1 2 2 
2 -1 -1 -1 -1 -1 -1 1 1 -1 1 -1 -1 1 -1 -1 -1 -1 -1 2 
1 2 -1 -1 -1 2 -1 1 1 1 1 1 1 1 1 1 -1 -1 -1 2 
2 1 -1 1 2 -1 2 1 -1 1 -1 -1 -1 1 1 -1 -1 -1 -1 -1 
-1 -1 1 -1 2 2 2 -1 -1 1 -1 -1 -1 1 -1 -1 -1 -1 -1 -1 
-1 -1 -1 2 2 2 -1 -1 -1 -1 -1 -1 1 -1 -1 -1 -1 -1 -1 -1 
-1 -1 2 -1 2 2 2 1 -1 -1 -1 -1 -1 1 1 1 -1 -1 -1 -1 
-1 -1 2 2 2 -1 1 1 -1 -1 -1 1 -1 1 1 1 -1 -1 -1 -1 
-1 -1 -1 -1 -1 1 1 1 1 -1 1 1 1 -1 1 1 -1 -1 -1 -1 
-1 1 -1 -1 -1 -1 -1 1 -1 -1 2 1 1 1 1 1 -1 -1 -1 -1 
2 -1 1 -1 2 -1 2 1 1 2 2 1 2 1 1 1 2 2 2 2 
2 -1 -1 -1 -1 2 -1 2 1 -1 -1 2 1 1 1 2 2 2 2 2 
-1 -1 -1 -1 -1 -1 -1 2 2 -1 -1 2 1 1 2 2 2 2 8 2 
2 -1 -1 -1 -1 -1 2 -1 -1 2 -1 -1 1 2 2 2 2 2 2 2 
-1 -1 -1 -1 -1 2 -1 -1 2 2 2 -1 -1 2 2 1 2 2 8 -1 
-1 -1 -1 -1 -1 1 2 1 2 -1 -1 -1 2 -1 1 2 -1 -1 -1 -1 
-1 -1 -1 -1 1 1 1 1 -1 -1 -1 -1 -1 -1 -1 2 -1 -1 -1 -1 
1 -1 1 2 1 2 1 1 1 1 2 2 2 8 8 1 8 9 1 1 
-1 1 2 1 -1 2 2 1 1 1 2 2 2 8 8 2 1 1 8 8 
1 1 2 1 1 2 2 1 -1 1 1 1 2 8 8 2 2 8 8 8 
1 2 2 2 2 1 1 -1 -1 -1 1 1 8 8 8 8 8 8 8 8 
1 2 2 -1 1 1 1 3 -1 3 1 8 8 8 8 8 8 -1 8 -1 
8 2 -1 -1 -1 -1 3 3 3 3 1 2 2 1 1 8 8 2 -1 8 
-1 -1 -1 -1 -1 3 -1 3 3 -1 1 1 1 1 -1 8 8 2 2 8 
2 2 -1 -1 -1 -1 2 3 -1 3 3 1 1 8 -1 8 1 -1 2 2 
2 1 -1 -1 -1 -1 2 -1 -1 -1 3 -1 8 8 8 -1 8 2 1 1 
2 -1 -1 -1 2 3 3 -1 -1 -1 -1 -1 -1 1 8 8 8 -1 2 2 
-1 2 2 1 2 -1 2 3 3 1 -1 1 -1 -1 1 1 -1 -1 -1 -1 
-1 1 2 1 1 2 3 3 1 1 1 1 -1 1 1 1 -1 -1 -1 -1 
1 -1 1 1 1 1 3 1 1 1 1 1 -1 -1 1 1 1 -1 -1 1 
1 -1 -1 -1 1 1 1 1 1 -1 1 -1 -1 -1 -1 -1 -1 -1 -1 1 
1 -1 -1 1 1 1 -1 1 1 1 1 -1 -1 -1 -1 -1 1 1 1 -1 
-1 -1 -1 -1 1 1 1 1 1 1 -1 1 -1 1 1 8 1 1 1 -1 
-1 -1 -1 2 -1 1 1 1 1 -1 1 1 -1 -1 8 8 1 1 1 1 
-1 8 -1 2 1 1 -1 1 1 -1 -1 1 -1 -1 2 2 1 1 1 8 
8 8 -1 1 2 -1 1 1 1 1 -1 -1 -1 2 2 2 8 1 1 8 
8 -1 -1 1 2 1 1 1 1 1 -1 2 -1 2 -1 8 -1 8 8 8 
4 1 -1 -1 1 1 1 -1 -1 -1 -1 2 2 2 2 2 -1 4 4 -1 
1 -1 1 1 1 1 1 -1 1 1 2 -1 2 2 4 -1 4 -1 4 4 
-1 -1 -1 1 1 1 1 1 1 -1 1 -1 2 2 4 4 4 4 4 -1 
-1 -1 -1 1 -1 1 1 1 1 1 1 -1 -1 2 2 4 4 4 4 4 
-1 2 2 1 1 1 -1 2 1 1 -1 -1 -1 2 4 -1 4 4 -1 -1 
-1 1 2 1 -1 1 2 2 -1 -1 -1 4 4 4 4 4 1 -1 1 -1 
2 1 1 1 1 -1 2 -1 -1 -1 -1 4 2 4 4 1 1 1 1 1 
1 -1 -1 -1 2 2 -1 -1 -1 -1 -1 -1 4 4 4 4 -1 1 -1 1 
-1 -1 -1 -1 -1 2 2 2 2 2 -1 -1 -1 2 2 4 -1 -1 1 -1 
-1 -1 -1 -1 -1 -1 -1 -1 -1 -1 -1 -1 2 2 2 2 -1 -1 -1 1 
-1 -1 2 2 2 -1 -1 -1 -1 -1 -1 1 -1 2 -1 -1 -1 1 1 1 
1 2 -1 2 2 2 -1 -1 -1 -1 -1 1 1 2 1 1 -1 1 2 -1 
2 2 2 2 2 -1 -1 -1 -1 -1 -1 -1 1 2 -1 -1 1 2 1 2 
2 2 2 2 -1 -1 -1 -1 -1 -1 -1 -1 1 1 -1 -1 -1 2 2 -1 
2 2 2 2 -1 -1 -1 -1 -1 8 8 -1 -1 1 1 -1 -1 -1 2 2 
2 2 2 2 -1 -1 -1 -1 -1 8 -1 1 1 1 -1 -1 -1 -1 -1 -1 
-1 -1 2 -1 -1 -1 -1 -1 -1 -1 8 8 1 8 -1 -1 -1 -1 -1 2 
-1 -1 -1 -1 -1 -1 -1 -1 -1 -1 8 8 8 -1 -1 2 -1 -1 -1 -1 
-1 -1 -1 -1 -1 -1 -1 -1 -1 8 8 8 8 2 2 2 2 -1 -1 -1 
-1 -1 -1 -1 -1 1 1 1 -1 -1 -1 -1 -1 2 2 2 2 -1 -1 -1 
3 3 2 2 2 2 2 2 2 2 -1 -1 -1 -1 -1 -1 -1 -1 -1 -1 
-1 2 2 1 1 2 2 2 2 2 -1 -1 -1 -1 -1 -1 -1 -1 -1 -1 
-1 -1 2 -1 1 1 1 1 2 -1 -1 -1 -1 1 1 -1 -1 -1 -1 -1 
-1 -1 -1 -1 1 1 1 -1 -1 -1 -1 -1 -1 -1 1 -1 -1 -1 6 -1 
-1 -1 -1 -1 -1 1 1 -1 -1 -1 -1 -1 -1 -1 -1 1 -1 -1 -1 -1 
-1 -1 -1 -1 1 1 1 -1 -1 -1 -1 -1 -1 -1 -1 1 1 -1 -1 -1 
-1 -1 -1 1 -1 -1 1 -1 -1 -1 -1 -1 -1 -1 1 -1 1 -1 -1 -1 
-1 -1 -1 -1 -1 -1 3 -1 -1 -1 -1 -1 -1 -1 1 1 -1 -1 -1 -1 
-1 -1 -1 2 2 3 3 -1 -1 -1 -1 -1 -1 -1 1 -1 -1 -1 -1 -1 
2 -1 -1 2 2 3 3 -1 -1 -1 -1 -1 -1 -1 -1 -1 -1 4 -1 4 
-1 2 2 2 2 2 3 3 -1 -1 -1 -1 -1 2 -1 -1 -1 -1 4 -1 
2 2 8 2 2 2 2 -1 3 -1 -1 -1 2 2 -1 -1 -1 -1 -1 -1 
2 2 2 8 8 2 3 3 3 -1 -1 -1 -1 2 -1 -1 -1 -1 2 2 
2 2 2 2 2 3 2 -1 -1 -1 -1 -1 2 2 2 -1 -1 -1 -1 2 
-1 -1 -1 2 3 3 -1 -1 -1 -1 -1 -1 2 -1 -1 2 4 -1 -1 2 
-1 -1 -1 2 2 3 2 -1 -1 -1 -1 -1 -1 -1 -1 -1 -1 5 5 -1 
-1 2 2 2 2 2 2 2 -1 -1 -1 1 -1 -1 -1 -1 -1 -1 5 5 
-1 2 -1 -1 2 -1 2 1 -1 -1 1 1 1 -1 -1 -1 -1 -1 -1 -1 
-1 -1 -1 1 -1 2 2 -1 -1 -1 -1 -1 1 -1 -1 -1 -1 -1 -1 -1 
-1 -1 -1 1 1 2 2 2 2 -1 -1 -1 -1 1 -1 -1 -1 -1 -1 -1 
3 3 -1 -1 -1 -1 -1 6 6 6 6 -1 -1 -1 -1 -1 -1 3 -1 3 
3 -1 -1 -1 -1 -1 -1 -1 -1 6 -1 -1 -1 -1 -1 -1 -1 -1 3 3 
-1 3 -1 -1 -1 -1 -1 -1 -1 -1 -1 -1 -1 -1 -1 -1 -1 -1 3 3 
1 -1 -1 -1 -1 -1 -1 -1 -1 -1 -1 -1 -1 1 -1 -1 -1 -1 3 -1 
1 -1 -1 -1 -1 -1 -1 -1 -1 3 2 2 2 -1 1 -1 -1 1 1 1 
-1 1 -1 -1 -1 -1 -1 -1 3 2 2 2 1 -1 -1 -1 1 -1 1 1 
-1 -1 1 1 -1 -1 -1 -1 -1 2 2 2 2 -1 -1 -1 -1 -1 -1 1 
-1 6 6 1 -1 1 -1 -1 1 2 2 2 -1 1 -1 -1 -1 -1 -1 -1 
6 6 6 -1 1 1 -1 -1 1 -1 2 2 -1 1 -1 -1 -1 -1 -1 -1 
-1 6 6 6 1 -1 -1 1 -1 -1 -1 2 1 -1 -1 -1 -1 -1 -1 4 
4 4 -1 -1 1 1 1 -1 1 1 1 2 -1 -1 -1 -1 -1 -1 -1 -1 
6 6 6 -1 -1 -1 -1 -1 -1 1 2 1 1 -1 -1 -1 -1 -1 -1 -1 
4 6 6 4 -1 2 2 -1 -1 1 2 1 -1 -1 -1 -1 -1 -1 -1 1 
1 -1 6 -1 4 4 2 -1 1 -1 1 -1 1 1 -1 -1 -1 -1 -1 1 
-1 -1 6 -1 -1 2 2 -1 -1 1 1 1 -1 2 -1 -1 -1 1 1 1 
-1 -1 -1 -1 2 -1 -1 -1 1 1 -1 2 2 2 -1 -1 -1 -1 1 -1 
-1 -1 -1 -1 2 -1 -1 1 -1 -1 2 -1 2 2 2 -1 -1 -1 -1 1 
-1 -1 -1 -1 -1 1 1 1 -1 -1 -1 -1 -1 2 -1 2 2 -1 -1 -1 
-1 -1 -1 -1 -1 1 1 -1 -1 6 6 -1 -1 -1 -1 -1 -1 -1 -1 -1 
-1 3 -1 -1 -1 -1 1 -1 -1 6 -1 -1 -1 -1 -1 -1 -1 -1 3 -1 
1 1 1 1 1 1 -1 -1 1 -1 -1 -1 -1 -1 1 -1 4 -1 -1 -1 
1 -1 1 1 6 1 -1 -1 -1 -1 -1 -1 -1 -1 1 -1 4 4 1 1 
1 1 6 6 -1 -1 -1 1 -1 -1 -1 -1 -1 -1 1 1 4 4 1 -1 
1 6 -1 -1 -1 -1 1 1 1 -1 -1 1 -1 1 1 1 4 -1 -1 -1 
6 -1 -1 1 1 1 1 1 -1 -1 -1 1 1 -1 2 1 1 1 -1 -1 
-1 -1 1 -1 1 1 1 1 1 -1 1 1 2 2 1 -1 -1 -1 1 -1 
1 1 -1 1 1 -1 1 -1 -1 1 1 1 -1 2 2 2 2 2 -1 1 
-1 1 -1 1 -1 -1 1 1 1 1 1 1 1 2 -1 -1 1 -1 -1 -1 
-1 -1 1 1 2 -1 1 1 -1 1 1 1 -1 1 1 -1 1 1 1 -1 
-1 -1 1 1 -1 1 1 1 2 1 1 1 1 -1 -1 1 -1 1 -1 1 
2 -1 -1 1 -1 -1 1 -1 1 1 -1 2 2 -1 -1 -1 -1 -1 -1 1 
2 2 -1 1 -1 -1 -1 -1 -1 2 -1 2 -1 -1 -1 2 -1 2 2 2 
-1 1 -1 -1 1 -1 -1 -1 2 -1 -1 1 -1 -1 -1 -1 2 1 2 2 
-1 -1 1 -1 1 1 -1 -1 2 1 -1 -1 1 -1 -1 -1 1 -1 1 -1 
-1 1 1 1 -1 -1 2 -1 2 2 1 -1 1 -1 -1 -1 1 1 1 1 
1 1 4 -1 1 -1 2 -1 -1 -1 -1 1 -1 1 -1 -1 1 -1 -1 -1 
-1 -1 4 -1 -1 -1 -1 -1 -1 1 1 1 1 -1 -1 1 1 -1 -1 -1 
-1 -1 -1 -1 -1 -1 -1 -1 -1 1 1 1 1 1 1 -1 -1 1 -1 -1 
-1 -1 -1 1 -1 -1 -1 -1 -1 -1 -1 -1 1 1 -1 -1 -1 -1 -1 -1 
-1 -1 1 -1 -1 -1 -1 -1 1 -1 -1 -1 -1 1 -1 -1 4 -1 -1 -1 
-1 -1 -1 -1 -1 -1 1 1 1 1 1 -1 -1 -1 -1 -1 -1 -1 -1 -1 
-1 -1 -1 -1 -1 -1 -1 2 1 1 1 1 -1 -1 -1 -1 -1 -1 -1 1 
1 -1 1 -1 1 2 2 1 1 1 1 2 2 -1 -1 -1 -1 -1 -1 -1 
-1 -1 -1 1 -1 2 2 1 -1 1 2 -1 2 -1 -1 -1 -1 -1 -1 -1 
1 1 1 -1 1 1 1 -1 1 -1 -1 -1 2 -1 -1 -1 -1 -1 1 1 
1 1 1 1 1 1 1 2 2 1 -1 -1 -1 -1 -1 -1 -1 1 1 1 
1 1 -1 1 1 1 -1 1 -1 2 1 -1 -1 -1 -1 -1 1 -1 1 -1 
-1 1 1 -1 -1 -1 1 1 1 1 -1 -1 -1 -1 1 1 1 1 -1 1 
-1 1 -1 -1 -1 1 1 1 -1 1 -1 -1 -1 -1 -1 1 1 1 1 -1 
2 -1 1 1 -1 -1 -1 -1 1 1 1 -1 -1 -1 1 1 -1 1 1 -1 
-1 -1 -1 -1 -1 -1 -1 -1 -1 1 -1 -1 -1 1 -1 -1 1 2 1 2 
2 2 -1 -1 -1 -1 -1 -1 1 1 1 1 -1 -1 1 1 1 1 2 2 
-1 -1 1 -1 -1 -1 -1 -1 1 1 -1 -1 1 1 1 1 1 1 -1 -1 
-1 1 1 -1 -1 -1 -1 2 -1 1 -1 -1 -1 1 1 1 -1 -1 -1 -1 
-1 1 1 1 1 1 -1 1 -1 -1 1 -1 -1 -1 1 1 -1 -1 -1 -1 
1 1 1 1 1 1 1 -1 -1 1 -1 -1 -1 -1 -1 -1 -1 -1 -1 -1 
1 1 1 1 1 -1 -1 -1 -1 1 -1 -1 -1 -1 -1 -1 -1 -1 -1 -1 
-1 -1 -1 -1 -1 -1 -1 -1 -1 -1 -1 1 -1 -1 -1 -1 -1 -1 -1 -1 
-1 -1 -1 -1 -1 -1 -1 -1 -1 -1 -1 1 1 -1 -1 -1 -1 -1 -1 -1 
-1 -1 -1 -1 -1 -1 -1 -1 -1 1 1 -1 -1 -1 -1 -1 -1 -1 -1 -1 
-1 -1 -1 -1 -1 1 -1 -1 -1 -1 -1 -1 -1 2 2 -1 2 -1 2 -1 
-1 -1 -1 1 -1 1 -1 -1 -1 -1 -1 -1 -1 -1 2 2 2 -1 2 -1 
-1 -1 -1 1 1 1 -1 -1 -1 -1 -1 -1 -1 -1 -1 2 2 2 2 -1 
-1 -1 -1 1 1 -1 -1 -1 -1 -1 -1 -1 -1 -1 -1 2 2 -1 -1 2 
2 -1 -1 -1 1 1 -1 -1 -1 -1 2 2 -1 -1 -1 -1 -1 -1 -1 -1 
-1 -1 -1 -1 -1 -1 1 -1 -1 -1 2 2 1 -1 -1 -1 -1 -1 -1 -1 
-1 -1 -1 -1 -1 -1 -1 -1 -1 -1 2 1 -1 -1 -1 -1 2 -1 2 2 
-1 -1 -1 -1 -1 -1 -1 -1 -1 -1 2 -1 -1 -1 -1 -1 -1 2 2 2 
2 -1 -1 -1 -1 1 -1 -1 -1 -1 -1 2 -1 -1 -1 -1 -1 2 -1 3 
-1 -1 -1 -1 1 -1 -1 -1 -1 -1 -1 -1 -1 -1 -1 1 -1 2 3 -1 
-1 -1 -1 1 -1 1 1 -1 -1 -1 -1 -1 -1 -1 -1 1 1 -1 2 -1 
-1 -1 -1 1 1 1 -1 -1 -1 -1 -1 -1 -1 -1 -1 -1 1 2 2 -1 
-1 -1 1 1 -1 1 -1 -1 -1 -1 -1 -1 -1 -1 -1 -1 -1 -1 2 -1 
1 -1 -1 -1 1 -1 -1 -1 -1 -1 -1 -1 -1 -1 -1 -1 -1 -1 -1 -1 
-1 1 -1 -1 -1 -1 -1 -1 -1 -1 -1 -1 -1 -1 -1 -1 -1 -1 -1 1 
-1 -1 -1 -1 -1 -1 -1 -1 -1 -1 -1 -1 -1 -1 -1 -1 -1 1 -1 -1 
-1 -1 -1 -1 -1 -1 -1 -1 -1 -1 -1 -1 -1 -1 -1 -1 -1 1 1 -1 
-1 -1 -1 -1 -1 1 1 -1 -1 -1 -1 -1 -1 -1 -1 -1 1 -1 -1 -1 
-1 -1 -1 -1 1 1 -1 1 -1 -1 -1 -1 -1 -1 2 -1 -1 -1 -1 -1 
-1 -1 -1 -1 1 1 1 -1 -1 -1 -1 -1 -1 -1 2 2 1 -1 -1 -1 
-1 -1 -1 -1 -1 -1 1 1 -1 -1 -1 -1 -1 -1 -1 -1 -1 -1 -1 -1 
-1 -1 -1 -1 -1 -1 -1 -1 -1 -1 -1 -1 -1 -1 -1 -1 -1 -1 -1 -1 
-1 -1 -1 -1 -1 -1 -1 -1 -1 -1 -1 -1 -1 -1 -1 -1 -1 -1 -1 -1 
-1 -1 -1 -1 -1 -1 -1 -1 -1 -1 -1 -1 -1 -1 -1 -1 -1 -1 -1 -1 
-1 -1 -1 -1 -1 -1 -1 -1 -1 -1 -1 -1 -1 -1 -1 1 1 -1 -1 -1 
-1 -1 -1 -1 -1 -1 -1 -1 -1 -1 -1 -1 -1 -1 -1 1 -1 -1 -1 -1 
-1 -1 -1 -1 -1 -1 -1 -1 -1 -1 -1 -1 -1 -1 1 -1 1 -1 -1 -1 
-1 -1 -1 2 2 -1 -1 -1 -1 -1 -1 -1 -1 -1 1 1 -1 -1 -1 -1 
-1 -1 -1 -1 -1 -1 -1 -1 -1 -1 -1 -1 -1 -1 1 -1 -1 -1 -1 -1 
-1 -1 -1 -1 -1 -1 -1 -1 -1 -1 -1 -1 -1 -1 -1 -1 -1 -1 -1 -1 
-1 -1 -1 -1 -1 -1 -1 -1 -1 -1 1 -1 -1 -1 -1 -1 -1 -1 -1 -1 
-1 -1 -1 -1 -1 -1 -1 -1 -1 1 1 -1 -1 -1 -1 -1 -1 -1 -1 -1 
-1 -1 -1 -1 -1 -1 -1 -1 -1 -1 -1 -1 -1 -1 -1 -1 -1 -1 -1 -1 
-1 -1 -1 -1 -1 -1 -1 -1 -1 -1 1 -1 -1 -1 -1 -1 -1 -1 -1 -1 
-1 -1 3 3 -1 -1 -1 -1 -1 -1 1 -1 -1 -1 -1 -1 -1 -1 -1 -1 
1 1 1 3 3 3 -1 -1 -1 -1 -1 -1 -1 -1 -1 -1 -1 -1 -1 1 
1 1 3 3 3 3 -1 -1 -1 -1 -1 -1 -1 -1 -1 -1 -1 -1 -1 -1 
-1 -1 -1 3 1 -1 -1 -1 -1 -1 -1 -1 -1 -1 -1 -1 -1 -1 -1 -1 
-1 -1 -1 1 1 1 -1 -1 -1 -1 -1 -1 -1 -1 -1 -1 -1 -1 -1 -1 
-1 -1 -1 3 -1 -1 1 -1 -1 -1 -1 -1 -1 -1 -1 -1 -1 -1 -1 -1 
1 1 -1 1 -1 -1 -1 -1 -1 -1 -1 -1 -1 -1 1 1 -1 -1 -1 1 
1 1 1 -1 -1 -1 -1 -1 -1 -1 -1 -1 -1 -1 -1 1 -1 -1 -1 1 
-1 -1 1 -1 -1 -1 -1 -1 -1 -1 -1 -1 -1 -1 -1 -1 -1 -1 -1 -1 
-1 -1 -1 -1 -1 -1 -1 -1 -1 -1 -1 -1 -1 -1 -1 -1 -1 -1 -1 -1 
1 1 -1 -1 -1 -1 -1 -1 -1 -1 -1 -1 -1 -1 -1 -1 -1 -1 -1 -1 
-1 -1 1 -1 -1 -1 -1 -1 -1 -1 -1 -1 -1 -1 -1 -1 -1 -1 -1 -1 
-1 1 1 -1 1 1 -1 -1 -1 -1 -1 -1 -1 -1 -1 -1 -1 -1 -1 -1 
1 1 1 1 1 1 1 -1 -1 -1 -1 -1 -1 -1 -1 -1 -1 -1 -1 -1 
-1 -1 1 -1 1 1 1 1 1 -1 -1 -1 -1 -1 -1 -1 -1 -1 -1 -1 
-1 -1 -1 1 -1 -1 1 1 1 -1 -1 -1 -1 -1 -1 -1 -1 -1 -1 -1 
-1 -1 -1 -1 -1 -1 -1 -1 1 1 -1 -1 -1 -1 -1 -1 -1 -1 -1 -1 
-1 -1 -1 -1 -1 -1 -1 -1 1 1 -1 -1 -1 2 -1 -1 -1 -1 -1 -1 
-1 -1 -1 -1 -1 -1 -1 1 1 -1 1 -1 -1 2 2 2 -1 -1 -1 -1 
-1 -1 -1 1 -1 1 1 1 1 -1 -1 -1 -1 2 2 -1 -1 -1 -1 -1 
-1 -1 -1 1 1 1 -1 -1 -1 1 -1 -1 -1 -1 -1 -1 -1 -1 -1 -1 
-1 -1 -1 1 1 -1 -1 -1 -1 -1 1 -1 1 1 -1 -1 1 -1 -1 1 
-1 1 1 -1 1 -1 -1 -1 -1 1 1 -1 1 -1 1 -1 1 -1 -1 1 
-1 -1 -1 1 -1 -1 -1 -1 -1 -1 1 1 -1 -1 1 1 -1 -1 -1 1 
-1 -1 -1 -1 1 -1 -1 -1 -1 -1 -1 -1 -1 -1 1 1 -1 -1 -1 1 
1 1 1 1 1 -1 -1 -1 -1 -1 -1 -1 -1 -1 1 1 1 -1 -1 -1 
-1 1 -1 -1 -1 -1 -1 -1 -1 -1 -1 -1 -1 -1 -1 1 1 -1 -1 -1 
-1 -1 -1 -1 -1 -1 1 -1 1 1 -1 -1 -1 -1 -1 1 1 1 1 1 
-1 -1 -1 -1 -1 -1 -1 1 1 -1 -1 -1 -1 -1 -1 1 1 1 1 1 
-1 1 -1 -1 -1 -1 -1 1 1 -1 -1 -1 -1 -1 -1 -1 1 1 1 -1 
-1 -1 1 -1 -1 -1 -1 1 -1 -1 -1 -1 -1 -1 -1 -1 -1 1 -1 -1 
-1 -1 -1 1 -1 -1 -1 -1 1 -1 -1 -1 -1 -1 -1 -1 -1 -1 -1 -1 
-1 -1 -1 -1 1 -1 -1 -1 -1 -1 -1 -1 -1 -1 -1 -1 -1 -1 -1 -1 
-1 -1 -1 -1 -1 -1 -1 -1 1 -1 -1 12 1 -1 -1 -1 -1 -1 -1 -1 
-1 -1 -1 -1 -1 -1 -1 1 1 1 12 12 12 -1 -1 -1 -1 -1 -1 -1 
-1 -1 -1 -1 -1 -1 -1 -1 1 1 1 12 12 -1 -1 -1 -1 -1 -1 -1 
-1 -1 -1 -1 -1 -1 -1 -1 -1 1 1 1 12 -1 -1 -1 -1 -1 -1 -1 
-1 -1 -1 -1 -1 -1 -1 -1 -1 1 -1 1 -1 -1 -1 -1 -1 -1 -1 -1 
-1 -1 -1 -1 -1 -1 -1 1 1 -1 1 -1 -1 -1 -1 -1 -1 -1 -1 -1 
-1 1 -1 1 -1 -1 -1 -1 1 1 1 1 -1 1 -1 -1 -1 -1 -1 1 
1 -1 1 1 1 -1 -1 -1 -1 1 -1 1 1 1 -1 -1 -1 -1 1 1 
-1 -1 -1 1 1 -1 -1 -1 -1 1 1 1 1 1 -1 -1 -1 -1 1 -1 
-1 -1 -1 1 1 -1 -1 -1 1 1 -1 1 -1 -1 -1 -1 -1 1 -1 -1 
-1 -1 -1 1 -1 -1 -1 -1 -1 -1 -1 -1 -1 -1 -1 -1 -1 -1 -1 -1 
1 1 1 1 -1 -1 -1 -1 -1 -1 -1 -1 -1 -1 -1 -1 -1 -1 -1 1 
1 -1 1 -1 -1 -1 -1 -1 -1 -1 -1 -1 -1 -1 -1 -1 -1 -1 1 -1 
1 1 -1 -1 12 12 12 12 8 1 -1 -1 1 1 -1 1 1 12 -1 1 
-1 -1 -1 1 1 1 12 -1 12 12 -1 -1 2 2 12 -1 2 -1 1 1 
-1 1 1 1 1 1 12 12 12 12 -1 12 -1 2 -1 2 1 -1 1 1 
1 1 -1 1 1 1 1 12 -1 -1 12 12 2 10 -1 -1 -1 1 -1 1 
1 1 1 1 1 1 -1 10 -1 12 1 1 12 10 -1 -1 -1 -1 1 1 
1 1 1 1 -1 1 1 2 -1 1 1 1 1 -1 -1 -1 1 1 -1 1 
1 1 1 -1 -1 -1 2 2 -1 -1 1 1 12 12 -1 2 -1 -1 -1 1 
1 1 -1 -1 -1 -1 2 -1 1 -1 1 1 -1 2 -1 -1 1 1 1 1 
1 1 1 -1 -1 -1 -1 -1 1 1 1 -1 -1 2 -1 2 -1 1 -1 1 
2 -1 -1 1 -1 -1 -1 1 1 1 1 -1 -1 -1 -1 -1 1 -1 -1 2 
-1 2 -1 -1 -1 -1 -1 1 1 1 1 -1 -1 -1 -1 -1 1 1 2 2 
2 -1 2 -1 -1 -1 -1 -1 -1 1 1 1 -1 -1 -1 -1 -1 -1 -1 2 
-1 -1 -1 -1 -1 -1 -1 -1 1 1 1 1 -1 -1 -1 -1 -1 -1 2 -1 
-1 -1 -1 -1 -1 -1 -1 -1 -1 -1 -1 -1 -1 -1 -1 -1 -1 2 2 -1 
-1 -1 -1 -1 -1 -1 12 -1 -1 -1 1 -1 -1 -1 -1 -1 -1 -1 2 -1 
-1 -1 -1 -1 -1 -1 12 12 12 1 -1 -1 -1 -1 -1 -1 -1 -1 -1 -1 
-1 -1 -1 -1 -1 -1 12 12 -1 -1 -1 -1 -1 -1 -1 12 12 12 12 -1 
-1 -1 12 -1 -1 1 1 -1 -1 -1 -1 -1 -1 -1 1 12 12 12 12 -1 
-1 12 1 12 12 1 -1 12 -1 -1 -1 -1 -1 -1 1 1 1 1 -1 -1 
1 1 -1 12 12 12 12 8 12 1 -1 1 1 -1 1 1 1 -1 -1 -1 
12 12 12 12 12 12 -1 10 10 10 10 -1 8 -1 -1 12 12 -1 9 12 
12 12 -1 12 12 -1 -1 2 10 2 12 12 12 12 12 -1 12 -1 12 12 
12 12 2 12 12 -1 -1 2 2 2 12 12 12 12 12 -1 2 12 12 12 
-1 -1 12 2 12 12 12 2 2 -1 12 12 8 12 12 2 2 -1 -1 12 
1 -1 8 12 2 2 2 2 2 2 12 12 8 12 12 -1 1 1 12 2 
2 8 2 2 12 2 2 2 12 2 10 8 12 -1 -1 6 1 1 2 2 
-1 2 2 2 2 2 2 2 2 12 12 12 12 -1 -1 6 6 1 -1 -1 
-1 1 2 1 2 2 12 2 12 12 12 12 12 12 -1 2 1 -1 -1 -1 
-1 -1 1 -1 2 2 12 12 2 12 12 12 -1 12 2 12 -1 1 12 -1 
1 1 1 12 12 -1 12 12 -1 12 12 12 8 8 12 2 1 12 12 -1 
1 1 12 12 12 12 8 2 2 -1 12 12 12 12 -1 -1 1 12 8 12 
1 12 12 12 12 12 2 2 2 -1 12 12 12 12 12 -1 -1 12 12 8 
12 12 12 12 12 1 12 12 -1 12 -1 12 12 12 -1 12 12 -1 12 12 
12 12 12 12 12 12 12 -1 -1 -1 1 1 12 2 12 12 4 4 12 12 
12 12 12 8 -1 12 12 2 2 1 1 -1 2 2 -1 2 -1 4 12 12 
12 12 12 8 12 12 12 2 2 -1 -1 2 -1 -1 2 2 2 12 12 2 
12 12 -1 12 12 12 12 12 9 9 -1 8 1 -1 -1 2 12 12 12 12 
12 12 12 8 12 12 12 -1 9 1 8 1 1 1 2 2 2 12 12 12 
12 8 8 -1 12 12 12 12 -1 1 1 1 -1 8 2 2 -1 -1 12 12 
12 12 12 12 12 12 12 10 3 -1 -1 1 8 -1 -1 2 -1 2 9 12 
1 -1 1 -1 12 12 -1 12 12 -1 12 -1 12 12 12 12 -1 9 12 -1 
9 12 1 1 1 12 12 12 -1 12 12 12 -1 12 12 12 9 9 9 -1 
5 -1 12 1 12 2 12 12 12 -1 12 12 12 12 12 12 12 12 12 9 
3 5 12 12 9 -1 12 12 12 12 12 12 12 12 12 11 9 12 12 12 
12 3 12 9 12 -1 12 12 12 12 12 12 12 5 12 12 12 9 12 12 
5 3 12 12 3 12 12 12 12 12 -1 12 1 1 5 5 9 1 1 12 
5 12 12 12 12 12 12 11 -1 12 12 12 1 1 1 1 5 1 5 5 
3 12 12 8 12 12 11 9 12 12 12 1 12 1 1 5 5 12 5 5 
5 12 -1 12 12 12 12 12 12 12 12 12 12 12 5 12 5 12 12 5 
12 12 12 12 -1 12 -1 12 5 12 1 -1 12 12 5 12 9 5 12 12 
12 12 12 12 12 -1 1 5 -1 5 2 1 5 5 5 9 12 12 12 12 
12 -1 12 12 12 1 1 -1 1 2 5 12 5 5 -1 12 -1 12 12 12 
12 12 12 12 12 12 -1 12 1 12 5 12 12 5 12 10 12 -1 12 12 
12 12 12 12 12 12 12 6 12 12 12 5 12 12 12 5 10 12 12 1 
12 12 12 2 12 12 12 8 2 -1 -1 5 5 12 12 -1 12 10 1 12 
12 12 12 2 12 12 12 8 2 -1 12 12 -1 12 12 12 12 1 10 12 
12 12 2 -1 12 12 12 12 2 2 -1 -1 8 12 10 12 1 12 12 12 
12 12 12 12 12 12 12 12 12 12 2 8 8 10 12 12 12 12 2 12 
12 12 12 12 12 12 12 12 12 12 -1 8 12 8 12 12 12 12 -1 9 
12 12 12 12 12 12 4 12 12 12 2 12 12 12 -1 12 12 12 9 12 
12 12 5 5 5 12 8 12 12 9 12 9 9 9 9 9 12 12 12 5 
12 12 5 5 5 5 12 12 12 12 12 5 12 9 9 9 12 12 12 12 
3 -1 3 5 5 5 5 5 12 12 12 -1 9 12 8 12 12 12 12 12 
5 3 9 9 5 5 5 5 12 12 12 12 12 12 -1 8 12 12 12 12 
5 4 4 5 11 11 9 12 12 12 10 12 -1 12 12 12 -1 12 12 5 
5 12 12 5 5 12 12 12 10 10 -1 10 12 -1 12 12 12 12 12 12 
12 12 12 5 5 11 -1 11 10 10 10 12 12 12 12 12 11 11 12 12 
12 12 12 11 12 11 11 11 10 10 10 -1 12 9 9 12 11 12 12 12 
10 12 12 12 12 -1 11 11 10 10 10 12 11 9 9 12 11 11 12 12 
5 12 5 12 12 11 11 11 12 10 6 -1 6 12 11 11 11 11 11 11 
11 5 11 11 12 12 12 5 10 12 6 12 12 11 12 6 6 11 10 -1 
5 11 11 12 12 12 12 5 10 12 6 12 11 6 6 6 3 11 10 10 
12 12 12 12 12 5 5 10 12 6 12 -1 6 6 11 11 11 -1 10 11 
12 12 12 12 12 -1 -1 12 6 6 6 12 12 6 6 11 11 11 12 11 
-1 12 12 2 2 -1 -1 12 -1 -1 12 12 9 -1 10 11 -1 10 12 12 
12 12 12 12 12 12 12 9 12 12 12 9 8 3 3 11 11 11 12 -1 
12 12 12 12 12 12 9 9 9 9 9 9 -1 8 8 12 12 12 12 12 
12 12 -1 12 5 5 5 9 9 9 9 12 9 11 12 12 12 10 8 12 
12 12 12 5 5 5 1 12 -1 9 12 12 9 9 12 12 12 12 8 12 
12 5 12 12 12 8 -1 12 9 9 9 9 9 9 9 9 12 12 12 5 
-1 -1 10 10 10 3 10 11 3 3 12 2 3 3 9 9 3 9 9 9 
10 10 10 2 10 10 11 3 3 3 12 3 3 2 9 9 9 9 10 12 
9 10 12 2 8 8 2 11 -1 3 3 8 8 8 9 9 9 10 10 9 
12 12 -1 10 12 3 11 2 3 3 3 3 3 3 9 10 9 10 10 10 
12 9 12 12 12 3 3 3 3 3 3 9 11 11 11 9 9 10 10 10 
11 11 12 12 12 11 3 3 3 9 11 11 11 10 9 5 10 10 12 -1 
12 11 12 12 -1 11 3 3 9 9 9 9 10 11 12 12 12 12 12 12 
12 11 -1 -1 12 12 3 3 9 -1 9 9 11 11 5 5 12 12 10 10 
12 11 12 12 12 12 12 10 10 9 9 11 11 5 5 5 11 12 12 5 
12 12 12 10 12 12 12 10 10 10 12 12 12 5 5 5 12 12 12 12 
12 12 10 10 12 12 12 10 12 10 12 5 5 5 5 5 12 12 12 12 
12 12 12 12 4 12 12 12 5 5 12 5 12 5 13 9 12 12 12 9 
9 9 -1 -1 12 4 12 5 2 2 12 33 9 12 9 9 12 -1 11 8 
40 40 9 9 4 12 8 12 2 2 9 33 12 12 12 9 12 12 40 12 
40 9 1 12 12 4 8 5 5 12 12 9 12 12 12 1 40 40 12 40 
9 9 9 12 9 3 5 5 5 9 9 11 -1 12 1 12 12 12 12 -1 
1 9 9 9 -1 3 3 3 11 9 9 12 12 3 12 12 12 12 12 1 
-1 11 9 9 -1 10 3 11 3 9 12 12 3 3 11 10 12 12 9 40 
9 11 3 9 3 11 11 11 3 11 11 11 11 11 11 10 12 12 9 9 
9 -1 11 10 3 10 3 2 3 3 11 11 2 3 9 12 3 9 9 -1 
12 12 10 10 10 10 4 11 12 11 12 40 9 9 9 12 12 12 12 11 
11 11 11 12 12 4 10 11 1 12 12 -1 -1 9 9 9 8 9 11 12 
12 11 11 9 12 12 11 12 1 11 12 9 9 9 5 5 1 8 12 11 
11 9 9 9 11 10 25 11 11 4 1 9 9 9 5 5 12 11 11 12 
11 11 10 11 25 25 25 12 5 5 9 9 9 5 9 12 5 11 11 12 
12 11 11 11 11 10 25 12 5 11 11 5 5 9 12 12 11 11 11 11 
9 10 9 11 11 11 11 12 5 5 5 5 5 5 5 11 11 11 11 11 
10 9 11 -1 11 11 9 12 12 5 5 -1 5 5 5 11 9 11 11 11 
11 11 11 11 9 -1 1 8 11 12 5 5 5 5 5 5 1 11 -1 11 
11 11 11 11 11 11 3 11 11 12 -1 3 5 5 5 1 3 -1 1 -1 
11 11 12 11 11 3 -1 5 8 -1 -1 3 5 5 5 5 11 1 10 10 
11 11 11 11 11 -1 3 9 5 5 12 5 5 5 5 5 11 1 1 11 
11 11 1 11 11 3 9 9 12 5 5 5 5 5 5 5 11 11 1 1 
11 11 11 11 2 3 12 9 12 4 5 1 5 5 12 5 11 1 11 12 
11 11 11 11 3 2 12 12 12 12 4 40 1 5 5 11 11 12 12 11 
11 12 11 11 12 3 12 12 12 12 12 40 40 5 5 12 11 12 12 11 
11 11 11 -1 12 12 12 10 12 12 40 40 40 12 12 12 12 12 12 12 
12 11 11 11 12 12 10 10 10 11 11 40 12 40 12 3 12 12 12 11 
11 9 11 10 12 12 10 11 11 40 11 11 40 12 12 3 12 12 12 12 
12 10 10 10 10 10 12 12 11 11 40 40 40 12 12 12 12 12 12 12 
11 11 11 12 12 -1 2 2 3 32 1 1 12 12 12 -1 11 8 11 11 
11 8 12 12 12 2 3 3 3 1 12 12 12 12 10 12 -1 12 8 12 
12 12 8 12 8 8 5 3 3 3 12 -1 12 12 11 12 12 -1 12 12 
-1 12 12 8 -1 2 3 -1 3 3 3 12 12 12 11 11 4 -1 12 12 
5 5 -1 -1 10 2 2 3 3 3 -1 -1 5 11 11 11 9 4 4 10 
10 10 10 10 -1 12 10 12 12 12 10 5 5 12 11 11 11 4 5 5 
5 10 5 10 10 10 10 12 12 10 10 10 10 10 9 11 11 9 9 5 
12 -1 10 10 10 10 2 12 12 8 10 10 10 10 9 11 9 9 12 12 
12 12 12 10 12 -1 10 12 1 8 -1 10 -1 32 -1 9 9 9 5 12 
12 10 10 10 10 10 1 1 1 1 10 1 1 32 32 -1 9 9 9 5 
-1 -1 10 9 9 1 10 1 1 1 1 1 32 32 32 -1 9 -1 -1 2 
2 2 9 9 9 9 -1 -1 1 1 1 1 1 32 32 -1 -1 -1 9 -1 
2 9 9 9 -1 1 1 1 1 1 12 12 32 12 12 1 -1 9 9 2 
3 -1 -1 1 1 1 1 1 1 12 1 12 12 12 12 12 5 5 -1 2 
1 5 5 9 1 8 1 1 1 12 12 12 12 1 12 -1 5 5 2 3 
-1 5 5 5 -1 8 -1 1 1 -1 12 12 12 12 -1 12 -1 12 12 3 
12 12 12 12 8 1 8 1 -1 -1 -1 12 12 12 11 11 11 5 5 12 
12 12 -1 12 12 8 1 -1 -1 12 12 11 11 11 11 11 11 11 -1 12 
8 12 12 3 8 -1 8 1 -1 12 12 11 -1 11 11 32 1 1 11 11 
11 11 12 3 12 12 -1 3 1 32 1 1 12 12 12 1 32 1 1 11 
10 10 10 10 11 10 10 1 1 -1 10 -1 -1 -1 -1 3 -1 3 9 8 
-1 9 10 10 1 1 1 1 1 -1 -1 -1 1 -1 3 -1 12 3 9 9 
9 9 1 10 1 1 -1 1 -1 -1 -1 -1 -1 -1 3 -1 12 9 9 -1 
9 1 1 1 1 1 1 1 1 1 1 -1 -1 -1 -1 -1 -1 -1 -1 9 
-1 -1 10 1 1 1 1 1 1 1 -1 1 -1 -1 -1 9 9 -1 -1 -1 
10 10 1 1 1 1 1 1 -1 1 4 -1 -1 -1 -1 1 1 1 1 -1 
10 10 1 1 1 1 1 1 1 4 -1 4 -1 -1 -1 1 1 -1 -1 -1 
-1 1 1 4 1 1 4 -1 1 -1 1 1 1 1 1 1 -1 4 4 4 
4 -1 1 -1 1 -1 4 4 -1 -1 1 1 4 4 -1 32 1 1 -1 32 
1 -1 1 1 1 4 11 4 4 4 4 4 4 4 1 -1 1 32 32 32 
1 1 -1 1 1 1 4 4 4 4 4 9 4 -1 1 1 32 32 32 32 
1 1 -1 1 -1 8 -1 4 10 10 9 4 4 4 1 1 32 32 32 1 
1 1 -1 1 -1 4 -1 4 10 10 9 9 -1 4 4 32 11 -1 -1 1 
32 1 -1 -1 4 8 -1 32 -1 10 9 4 -1 -1 8 9 11 32 -1 8 
9 9 -1 1 4 8 -1 -1 32 4 9 9 4 4 4 8 32 11 -1 9 
9 4 4 10 4 4 -1 32 4 32 9 -1 4 4 10 -1 32 32 -1 9 
9 9 4 9 10 4 4 4 32 -1 1 -1 -1 4 -1 -1 -1 -1 1 9 
10 9 9 10 10 4 4 1 1 1 1 9 9 -1 -1 -1 -1 -1 32 10 
10 10 9 9 10 10 10 1 1 1 1 -1 1 1 32 -1 -1 32 -1 10 
8 10 9 11 9 10 10 1 1 1 -1 -1 -1 1 1 32 3 8 8 8 
11 11 -1 1 1 1 1 1 -1 -1 -1 4 10 10 -1 -1 -1 -1 -1 -1 
-1 11 -1 1 -1 1 4 1 -1 4 4 4 -1 10 -1 -1 -1 -1 -1 -1 
9 -1 1 1 1 4 1 1 1 1 1 -1 -1 -1 -1 -1 -1 -1 -1 -1 
-1 9 1 1 1 1 4 1 1 -1 1 4 4 4 -1 -1 1 -1 -1 -1 
-1 1 1 1 1 1 9 1 -1 -1 -1 1 -1 4 4 -1 -1 9 -1 -1 
-1 1 1 1 9 -1 9 8 8 -1 -1 1 1 1 4 -1 1 1 -1 -1 
1 1 -1 -1 -1 9 4 4 4 1 1 10 10 4 1 1 1 1 1 32 
32 4 -1 4 4 -1 4 1 4 1 1 1 1 1 10 4 1 1 -1 1 
-1 4 10 -1 -1 4 4 32 32 9 9 1 1 1 10 1 1 -1 1 32 
1 -1 10 10 4 -1 4 32 4 4 -1 4 1 1 1 -1 1 -1 1 1 
-1 10 -1 10 10 10 -1 4 -1 -1 4 9 1 1 1 1 -1 4 1 -1 
10 10 11 11 10 32 32 -1 4 4 4 1 1 1 1 1 4 -1 1 11 
-1 10 11 10 9 -1 -1 -1 4 4 4 1 1 4 -1 1 4 9 9 -1 
11 11 11 -1 9 1 1 1 4 1 1 4 2 -1 -1 -1 -1 4 4 -1 
-1 11 11 11 11 11 1 11 11 1 -1 4 4 2 -1 -1 -1 9 9 4 
11 11 11 11 11 11 -1 11 11 -1 4 4 -1 4 -1 -1 -1 9 4 4 
4 11 11 11 11 11 11 -1 -1 1 1 1 4 4 -1 -1 -1 -1 -1 4 
4 11 11 11 11 11 4 4 1 1 1 4 -1 4 4 -1 8 8 8 4 
4 11 -1 11 11 11 -1 -1 1 -1 1 -1 -1 -1 4 -1 -1 1 8 4 
11 -1 4 4 1 1 1 1 1 1 -1 4 10 -1 -1 -1 1 1 8 11 
4 -1 -1 1 1 1 4 1 4 -1 -1 4 4 -1 4 4 -1 -1 4 4 
-1 -1 -1 -1 1 4 -1 4 -1 4 4 -1 4 4 4 -1 -1 -1 4 4 
-1 -1 -1 -1 -1 -1 4 4 -1 4 2 2 -1 4 4 4 -1 -1 4 -1 
-1 -1 -1 -1 -1 -1 -1 4 4 4 4 2 -1 -1 4 -1 -1 -1 -1 4 
-1 -1 -1 -1 -1 -1 -1 -1 -1 -1 4 4 4 4 4 -1 -1 -1 -1 -1 
-1 -1 -1 -1 -1 -1 -1 -1 -1 -1 -1 4 -1 4 -1 -1 4 -1 -1 4 
-1 -1 -1 -1 -1 -1 -1 -1 -1 -1 -1 4 -1 -1 -1 -1 -1 -1 4 -1 
4 -1 -1 -1 -1 4 -1 -1 -1 -1 -1 -1 1 -1 1 -1 1 -1 -1 -1 
-1 -1 -1 -1 -1 -1 -1 -1 -1 -1 -1 -1 1 1 1 1 1 -1 4 4 
-1 -1 -1 -1 -1 -1 -1 -1 -1 -1 -1 -1 1 1 1 1 -1 4 4 -1 
-1 -1 -1 1 -1 -1 -1 -1 -1 -1 -1 -1 -1 -1 1 4 4 4 -1 -1 
-1 -1 -1 1 1 -1 -1 -1 -1 -1 -1 -1 -1 -1 4 4 4 4 4 -1 
4 -1 -1 1 1 1 -1 -1 -1 -1 -1 -1 4 4 4 1 -1 4 4 4 
-1 -1 1 -1 -1 1 -1 -1 -1 -1 4 4 -1 4 4 -1 4 -1 -1 -1 
-1 32 -1 -1 -1 -1 -1 -1 -1 -1 -1 4 4 4 4 4 4 4 -1 -1 
32 -1 -1 -1 -1 -1 -1 -1 -1 4 4 4 -1 4 -1 4 -1 4 -1 -1 
32 -1 -1 -1 -1 -1 -1 -1 4 4 -1 -1 -1 -1 4 -1 1 1 4 -1 
32 -1 -1 -1 -1 -1 -1 4 4 4 4 4 -1 -1 1 -1 1 -1 4 -1 
-1 -1 -1 -1 -1 1 -1 -1 -1 4 4 4 -1 -1 -1 -1 1 4 1 -1 
-1 -1 -1 -1 1 1 32 -1 -1 -1 -1 4 4 -1 -1 -1 4 4 -1 4 
-1 -1 4 4 -1 1 1 1 -1 1 1 -1 1 -1 -1 1 -1 1 4 32 
32 -1 -1 32 -1 1 1 -1 1 1 1 -1 -1 -1 -1 -1 1 -1 -1 4 
-1 4 32 -1 -1 -1 -1 1 -1 -1 -1 -1 -1 -1 1 1 -1 -1 4 1 
4 32 32 32 32 32 1 1 1 1 1 -1 -1 -1 1 1 1 4 1 -1 
32 -1 32 32 32 32 -1 1 1 -1 1 1 1 1 1 1 1 -1 32 32 
32 -1 32 4 4 -1 -1 1 -1 -1 -1 -1 -1 -1 1 1 -1 -1 -1 32 
32 32 32 4 -1 -1 -1 2 -1 -1 -1 -1 -1 -1 1 1 -1 -1 -1 -1 
-1 4 -1 32 4 -1 -1 -1 -1 -1 4 -1 -1 -1 4 -1 1 32 32 -1 
-1 32 32 4 4 1 1 -1 4 4 4 4 -1 -1 4 -1 32 32 32 -1 
-1 1 4 4 1 -1 1 -1 -1 4 4 -1 -1 -1 -1 32 32 1 4 -1 
-1 1 4 1 1 1 1 1 4 -1 2 -1 -1 4 -1 32 -1 -1 4 -1 
1 -1 1 1 1 1 1 1 2 2 1 1 4 4 -1 -1 5 -1 -1 -1 
-1 1 1 1 1 1 1 -1 1 2 1 1 4 4 4 -1 -1 -1 -1 1 
-1 -1 4 1 1 -1 -1 1 -1 1 1 1 -1 1 -1 5 -1 -1 -1 -1 
1 4 4 -1 -1 -1 -1 -1 -1 -1 -1 1 1 -1 -1 -1 5 1 1 1 
4 4 -1 -1 -1 -1 -1 -1 -1 -1 -1 -1 -1 -1 -1 -1 -1 1 1 1 
1 4 1 -1 -1 1 1 -1 -1 4 -1 -1 -1 -1 -1 -1 -1 32 1 1 
1 1 -1 1 -1 -1 1 1 1 1 -1 -1 1 -1 -1 1 -1 -1 32 32 
1 1 1 -1 -1 -1 -1 -1 1 1 1 1 -1 -1 1 -1 1 -1 -1 32 
-1 1 4 1 -1 -1 1 -1 -1 1 -1 1 1 1 1 1 -1 -1 1 1 
-1 -1 4 -1 4 4 -1 -1 -1 -1 -1 -1 -1 -1 1 -1 -1 -1 -1 -1 
-1 -1 -1 4 4 4 1 1 -1 -1 -1 -1 -1 -1 -1 -1 -1 -1 -1 -1 
-1 -1 4 2 4 1 -1 4 -1 -1 -1 -1 -1 -1 -1 -1 -1 -1 -1 -1 
-1 -1 1 4 -1 4 4 -1 -1 -1 -1 -1 -1 -1 -1 -1 -1 -1 -1 -1 
3 -1 -1 -1 4 -1 4 -1 -1 -1 1 -1 -1 32 -1 -1 -1 -1 -1 4 
-1 2 -1 -1 -1 -1 -1 -1 -1 -1 1 4 4 4 -1 -1 -1 1 4 4 
2 2 2 2 -1 -1 -1 -1 -1 1 1 4 4 -1 32 -1 1 1 4 -1 
-1 -1 2 -1 2 1 1 1 -1 1 1 4 1 4 -1 -1 -1 1 1 -1 
-1 32 -1 -1 -1 1 -1 1 1 -1 1 -1 1 -1 -1 -1 1 -1 -1 -1 
32 32 32 -1 -1 1 -1 -1 1 -1 -1 4 -1 -1 -1 1 1 -1 32 -1 
32 -1 32 32 1 1 1 -1 -1 -1 -1 1 -1 -1 -1 1 -1 -1 -1 32 
-1 -1 -1 32 1 1 -1 -1 -1 -1 1 1 -1 -1 1 1 -1 -1 -1 -1 
-1 -1 -1 32 1 -1 -1 2 1 1 -1 1 1 1 1 -1 -1 -1 -1 -1 
4 -1 -1 1 -1 1 -1 -1 2 1 1 1 1 1 1 1 1 -1 -1 -1 
-1 4 -1 -1 -1 -1 2 2 2 2 1 1 -1 -1 1 1 -1 1 -1 -1 
-1 -1 -1 2 -1 -1 -1 -1 2 1 1 1 1 1 1 -1 -1 -1 -1 -1 
-1 -1 -1 2 2 -1 -1 1 1 1 1 1 1 1 -1 -1 -1 -1 -1 -1 
-1 -1 -1 2 -1 -1 -1 -1 1 1 1 -1 -1 1 -1 -1 -1 -1 -1 -1 
-1 -1 -1 -1 -1 -1 1 -1 -1 -1 -1 -1 -1 -1 -1 -1 -1 -1 -1 -1 
-1 -1 -1 -1 -1 -1 4 -1 -1 -1 -1 -1 -1 -1 -1 -1 -1 -1 -1 -1 
-1 -1 1 1 1 1 -1 -1 -1 -1 -1 -1 -1 -1 -1 -1 1 1 1 -1 
-1 -1 -1 -1 -1 -1 -1 -1 -1 -1 -1 -1 -1 -1 -1 -1 -1 -1 1 1 
1 1 -1 1 -1 -1 -1 -1 -1 -1 -1 -1 -1 2 -1 -1 -1 -1 2 1 
-1 1 1 1 -1 -1 -1 -1 -1 -1 -1 -1 -1 -1 2 2 -1 2 2 2 
1 1 -1 -1 -1 -1 -1 -1 -1 -1 -1 -1 -1 -1 -1 2 2 2 2 1 
1 -1 1 1 1 -1 -1 2 -1 -1 -1 -1 -1 -1 -1 -1 2 -1 1 -1 
1 1 -1 2 -1 -1 2 -1 -1 -1 -1 -1 -1 -1 -1 1 1 -1 -1 1 
-1 -1 -1 -1 2 -1 -1 2 -1 -1 1 1 -1 -1 -1 -1 1 1 1 -1 
-1 3 2 3 -1 1 2 2 -1 -1 1 1 -1 -1 -1 -1 1 -1 1 -1 
-1 3 2 2 -1 -1 1 -1 1 1 -1 -1 -1 -1 -1 -1 -1 -1 -1 -1 
3 -1 3 -1 -1 -1 -1 1 1 -1 -1 -1 -1 -1 -1 -1 -1 -1 -1 -1 
-1 1 1 -1 -1 -1 -1 -1 -1 -1 -1 -1 -1 -1 -1 -1 -1 -1 -1 -1 
-1 -1 -1 -1 -1 -1 -1 -1 -1 -1 -1 -1 -1 -1 1 1 -1 -1 -1 -1 
-1 -1 -1 -1 -1 1 -1 -1 -1 -1 -1 -1 -1 -1 -1 -1 -1 -1 -1 -1 
-1 -1 -1 2 -1 -1 1 -1 -1 -1 -1 -1 -1 -1 -1 -1 1 1 -1 -1 
-1 -1 2 2 -1 -1 -1 -1 -1 -1 -1 -1 -1 -1 -1 1 1 -1 -1 -1 
-1 2 2 2 -1 2 2 -1 -1 -1 -1 -1 -1 -1 -1 -1 1 -1 -1 -1 
-1 2 2 2 -1 2 2 -1 -1 -1 -1 -1 -1 -1 -1 -1 -1 -1 -1 -1 
2 -1 2 1 2 1 -1 -1 -1 -1 -1 -1 -1 -1 -1 -1 -1 -1 -1 -1 
-1 2 1 1 1 -1 -1 -1 -1 -1 -1 -1 -1 -1 -1 -1 -1 -1 1 1 
2 2 2 -1 -1 -1 -1 -1 -1 -1 -1 -1 -1 -1 -1 -1 -1 2 -1 -1 
-1 -1 -1 -1 -1 -1 -1 2 -1 -1 -1 -1 -1 -1 -1 -1 -1 2 2 2 
-1 -1 -1 -1 2 -1 2 -1 -1 -1 -1 -1 -1 -1 -1 -1 -1 -1 -1 2 
-1 -1 -1 -1 2 2 2 -1 -1 -1 -1 -1 2 -1 -1 -1 -1 1 -1 -1 
-1 -1 -1 -1 1 2 -1 -1 -1 -1 -1 -1 2 -1 -1 -1 2 1 1 -1 
-1 -1 -1 -1 2 2 2 -1 -1 2 1 1 -1 -1 -1 2 2 -1 2 -1 
-1 -1 -1 -1 3 2 2 2 2 -1 1 1 -1 -1 -1 -1 -1 2 2 2 
-1 -1 -1 -1 2 3 2 2 1 1 -1 -1 -1 -1 -1 -1 -1 2 2 -1 
-1 -1 2 -1 2 1 1 -1 1 -1 -1 -1 -1 -1 -1 -1 2 2 2 2 
2 2 2 -1 -1 1 1 1 1 -1 -1 -1 -1 1 -1 2 2 2 2 -1 
2 2 -1 2 2 1 1 -1 1 -1 -1 -1 -1 1 1 1 1 1 2 2 
2 2 -1 2 -1 2 -1 -1 -1 -1 -1 -1 1 -1 1 1 1 2 2 2 
-1 -1 2 2 2 -1 -1 -1 -1 -1 -1 -1 -1 1 1 1 1 2 -1 2 
-1 -1 2 2 -1 -1 -1 -1 -1 -1 -1 -1 -1 1 1 -1 -1 2 2 2 
-1 2 -1 2 -1 2 -1 -1 -1 -1 1 -1 -1 -1 -1 -1 -1 2 2 2 
-1 -1 2 -1 2 2 2 -1 -1 -1 1 -1 -1 -1 2 -1 -1 -1 2 -1 
2 1 -1 -1 -1 -1 -1 -1 -1 -1 -1 -1 -1 -1 -1 2 -1 1 -1 2 
-1 -1 1 -1 -1 -1 -1 -1 -1 -1 1 -1 -1 -1 2 -1 2 -1 -1 -1 
-1 2 2 -1 -1 -1 -1 -1 -1 1 -1 -1 -1 -1 -1 -1 -1 -1 3 -1 
2 -1 2 2 -1 -1 -1 -1 -1 -1 -1 -1 -1 -1 -1 -1 -1 -1 -1 2 
-1 -1 -1 -1 2 -1 -1 -1 -1 -1 -1 -1 -1 -1 -1 1 -1 8 2 2 
1 -1 -1 -1 -1 -1 -1 -1 -1 2 2 2 -1 -1 2 8 8 2 -1 2 
1 3 -1 -1 -1 -1 1 1 1 -1 2 -1 -1 8 8 2 8 2 2 1 
1 1 3 3 -1 -1 3 2 1 1 1 2 -1 8 -1 -1 2 2 -1 2 
2 3 3 -1 -1 -1 1 3 -1 1 3 2 8 -1 2 2 -1 -1 -1 2 
1 3 -1 3 3 2 -1 -1 1 1 2 3 3 2 -1 2 2 2 2 2 
2 -1 2 2 3 3 3 8 2 -1 3 3 -1 2 2 2 2 2 -1 2 
-1 2 2 -1 -1 1 2 8 -1 2 -1 3 -1 -1 -1 -1 2 -1 2 2 
-1 2 -1 3 -1 1 2 2 -1 2 2 1 1 1 -1 -1 -1 1 2 -1 
-1 2 -1 -1 2 2 -1 2 2 2 -1 2 1 1 2 -1 -1 1 2 -1 
-1 2 2 2 2 2 2 1 1 -1 -1 -1 -1 2 -1 -1 -1 -1 -1 1 
2 1 1 1 -1 -1 2 1 1 -1 -1 -1 2 2 -1 -1 -1 -1 2 1 
2 -1 1 1 -1 -1 -1 -1 -1 1 -1 -1 -1 -1 -1 -1 -1 -1 2 2 
-1 2 2 -1 -1 2 -1 -1 -1 -1 -1 -1 -1 1 2 2 -1 2 2 2 
2 2 -1 -1 -1 2 2 2 -1 -1 -1 -1 -1 -1 1 2 2 3 2 -1 
2 -1 2 -1 -1 2 2 2 2 -1 -1 -1 -1 -1 -1 -1 2 2 3 2 
-1 2 -1 2 2 2 2 1 2 2 1 -1 -1 3 3 3 3 2 2 2 
2 -1 -1 -1 2 2 1 2 1 1 1 -1 -1 -1 2 3 3 3 2 2 
-1 -1 -1 2 -1 2 2 1 -1 1 1 -1 2 2 -1 2 2 3 3 -1 
-1 -1 -1 -1 2 2 -1 -1 1 -1 -1 -1 -1 -1 -1 -1 3 2 -1 -1 
2 3 2 2 2 2 2 -1 2 1 1 1 1 2 2 1 9 8 8 2 
9 8 2 2 1 2 2 2 1 1 -1 -1 2 2 -1 2 8 9 9 2 
9 9 2 2 2 2 2 -1 -1 -1 -1 3 3 -1 2 -1 2 8 2 -1 
1 -1 2 2 2 2 2 2 -1 -1 3 -1 3 -1 2 2 2 2 2 3 
2 2 -1 2 -1 2 2 2 2 -1 -1 -1 -1 2 -1 2 2 2 2 -1 
2 2 2 2 2 -1 2 2 1 -1 -1 2 2 -1 2 2 -1 2 -1 2 
2 -1 2 1 2 2 -1 2 -1 1 3 3 3 -1 2 2 2 -1 2 -1 
2 -1 1 2 2 2 -1 2 2 2 3 3 -1 -1 2 2 -1 2 2 2 
2 2 -1 2 2 2 2 2 2 2 3 -1 -1 2 -1 -1 -1 1 -1 -1 
1 -1 2 2 -1 2 -1 2 3 3 3 2 2 2 2 2 1 1 1 2 
-1 -1 9 8 8 2 2 -1 -1 3 3 -1 2 2 2 2 -1 1 -1 -1 
1 9 -1 8 8 2 9 8 -1 -1 2 2 -1 2 2 2 2 1 -1 -1 
2 -1 -1 -1 9 8 8 -1 2 -1 -1 -1 -1 -1 2 1 1 8 1 1 
-1 2 2 9 9 9 -1 -1 2 2 2 -1 -1 -1 -1 1 8 -1 1 1 
2 -1 -1 8 -1 9 8 8 -1 -1 2 -1 -1 2 2 2 8 2 1 8 
2 -1 8 8 -1 -1 -1 -1 8 -1 -1 2 -1 2 2 2 8 8 8 2 
-1 1 2 -1 3 -1 3 -1 -1 -1 -1 -1 2 2 2 2 8 2 8 2 
2 -1 2 3 2 -1 3 -1 -1 -1 -1 2 2 2 2 2 8 8 8 2 
-1 2 1 -1 -1 -1 -1 -1 -1 -1 -1 2 2 2 -1 8 8 8 2 2 
2 1 2 2 -1 2 2 -1 -1 2 1 1 -1 -1 2 -1 8 8 8 8 
-1 2 -1 2 8 1 1 1 -1 -1 1 1 -1 -1 1 -1 1 -1 2 -1 
2 2 2 2 -1 8 -1 -1 1 -1 -1 -1 -1 -1 -1 1 -1 1 -1 2 
2 2 -1 -1 8 -1 -1 -1 1 1 -1 -1 -1 -1 1 -1 -1 -1 -1 2 
-1 -1 2 -1 -1 8 -1 1 1 1 1 3 -1 -1 -1 -1 -1 1 -1 -1 
-1 2 8 8 8 -1 1 1 1 1 1 -1 -1 -1 1 1 -1 -1 -1 -1 
2 -1 1 8 2 1 1 1 1 -1 2 -1 -1 -1 1 1 -1 -1 2 2 
2 -1 -1 2 -1 9 9 1 1 2 1 -1 -1 -1 1 1 1 1 2 2 
2 -1 -1 8 2 9 9 1 1 1 1 -1 -1 -1 -1 -1 1 1 2 1 
1 2 8 2 2 8 1 -1 1 1 2 2 8 2 -1 -1 1 1 1 2 
2 1 1 1 2 1 2 2 2 2 2 8 8 8 8 8 1 1 1 -1 
-1 1 2 2 1 2 -1 2 3 8 1 8 8 -1 -1 1 8 -1 1 1 
1 1 -1 2 -1 2 -1 -1 -1 1 8 1 -1 8 8 8 1 1 1 1 
1 1 1 -1 2 2 2 -1 1 1 8 8 8 -1 8 8 -1 1 1 2 
-1 1 -1 2 2 2 2 -1 -1 8 1 1 -1 -1 -1 8 8 -1 -1 1 
-1 1 -1 1 -1 -1 -1 -1 -1 1 1 -1 1 1 -1 -1 -1 -1 -1 -1 
1 2 1 -1 -1 1 2 2 1 1 1 1 -1 -1 1 -1 -1 -1 2 -1 
2 2 2 1 2 1 -1 -1 1 1 1 1 1 1 -1 8 -1 8 -1 1 
1 -1 -1 1 -1 -1 2 -1 -1 1 -1 1 1 1 2 2 8 8 1 1 
2 2 -1 -1 2 -1 1 -1 -1 1 1 1 1 1 1 -1 8 -1 1 1 
2 2 -1 -1 8 1 1 1 1 1 1 1 1 1 -1 1 -1 8 -1 -1 
8 8 8 -1 -1 2 -1 -1 -1 1 -1 1 -1 1 -1 1 1 1 8 8 
1 8 -1 -1 -1 -1 2 1 -1 -1 1 1 -1 -1 1 1 1 -1 1 1 
-1 -1 8 -1 2 -1 -1 -1 -1 -1 -1 -1 -1 -1 -1 -1 1 1 1 -1 
-1 -1 -1 -1 2 -1 -1 2 -1 -1 -1 2 -1 1 1 1 -1 1 1 -1 
-1 -1 -1 2 2 -1 2 -1 -1 -1 -1 -1 -1 -1 -1 -1 -1 -1 -1 1 
2 2 2 2 -1 2 2 -1 2 1 -1 1 1 1 1 -1 -1 -1 -1 2 
2 -1 -1 -1 2 2 2 2 1 -1 1 1 1 -1 1 -1 1 -1 1 -1 
1 -1 -1 2 2 2 2 -1 2 -1 -1 1 1 1 -1 -1 -1 1 -1 -1 
1 -1 2 2 2 1 1 2 -1 -1 -1 1 1 1 -1 1 1 1 -1 1 
-1 -1 1 1 1 1 1 -1 -1 1 1 1 1 -1 1 1 -1 1 1 2 
1 1 1 1 1 1 1 2 1 1 1 8 1 1 1 1 1 2 2 1 
2 1 1 1 1 1 1 -1 2 1 1 1 -1 1 1 1 -1 2 2 1 
1 2 1 -1 -1 1 1 2 3 2 -1 2 1 -1 -1 -1 2 2 1 1 
2 1 2 -1 1 1 2 3 -1 -1 2 1 2 2 2 -1 -1 2 2 -1 
2 -1 -1 -1 1 1 1 1 2 2 2 2 2 2 2 2 2 2 2 2 
2 -1 -1 -1 1 1 1 2 2 2 -1 2 2 2 2 2 2 2 2 2 
2 1 9 -1 1 1 1 -1 -1 -1 -1 -1 -1 -1 2 2 2 -1 1 2 
1 2 -1 8 8 1 2 2 2 1 -1 -1 2 2 -1 2 -1 1 2 2 
1 1 9 9 8 2 2 -1 2 -1 2 1 -1 1 -1 -1 -1 1 1 1 
1 8 8 9 -1 -1 2 -1 2 2 1 1 1 -1 -1 1 1 1 1 -1 
