2 -1 -1 1 1 1 1 -1 -1 2 2 -1 -1 -1 -1 -1 -1 -1 -1 -1 
2 2 -1 -1 -1 1 -1 -1 -1 -1 2 -1 -1 -1 -1 -1 -1 -1 2 2 
2 1 1 1 -1 -1 -1 -1 -1 -1 2 -1 -1 1 -1 -1 -1 -1 2 2 
-1 1 1 -1 1 2 -1 -1 -1 -1 2 2 2 1 -1 1 -1 2 2 2 
2 -1 1 1 2 2 -1 -1 -1 -1 -1 -1 -1 -1 1 1 -1 -1 2 2 
2 2 1 2 3 -1 -1 -1 -1 3 -1 -1 -1 -1 -1 -1 -1 -1 2 2 
-1 2 2 2 2 -1 2 2 3 3 -1 -1 -1 -1 -1 1 -1 -1 -1 -1 
1 1 1 2 1 1 3 2 -1 3 -1 -1 -1 -1 1 -1 1 1 -1 -1 
2 2 2 -1 3 3 3 -1 -1 -1 2 2 -1 -1 -1 1 -1 1 1 1 
-1 2 -1 -1 1 1 1 -1 -1 -1 -1 3 3 -1 -1 -1 -1 -1 1 1 
-1 -1 -1 -1 -1 -1 -1 -1 -1 -1 -1 -1 -1 -1 -1 -1 -1 1 -1 -1 
-1 -1 -1 -1 -1 -1 -1 -1 -1 -1 2 -1 -1 -1 -1 -1 -1 1 -1 -1 
-1 -1 -1 -1 -1 -1 -1 1 -1 -1 2 2 -1 1 1 -1 -1 -1 -1 -1 
-1 -1 -1 -1 -1 2 -1 2 2 2 2 2 1 1 -1 -1 -1 -1 -1 -1 
1 -1 -1 -1 -1 2 2 2 2 2 -1 1 1 -1 -1 1 1 1 -1 1 
1 -1 1 -1 2 2 2 3 2 2 2 2 2 2 -1 -1 1 2 1 1 
1 1 1 -1 2 2 2 3 3 8 2 2 2 2 2 -1 2 1 1 1 
-1 -1 -1 1 -1 -1 -1 1 8 8 2 2 2 2 -1 -1 -1 1 2 1 
-1 -1 -1 1 -1 2 2 2 2 2 2 2 2 -1 -1 -1 1 -1 -1 -1 
-1 -1 -1 1 1 1 1 2 2 2 2 2 -1 -1 -1 -1 -1 -1 -1 -1 
1 2 -1 2 1 1 -1 2 2 -1 -1 -1 -1 -1 -1 -1 -1 -1 1 1 
1 2 1 -1 2 2 2 2 -1 -1 -1 1 1 -1 1 -1 -1 -1 -1 -1 
2 -1 -1 2 -1 2 2 1 3 -1 1 -1 1 6 1 -1 -1 -1 -1 1 
-1 1 1 1 2 2 -1 2 3 2 1 -1 6 1 1 -1 -1 -1 -1 2 
1 1 1 2 2 2 2 -1 2 2 3 -1 -1 1 -1 -1 2 -1 -1 -1 
1 1 2 1 2 -1 -1 1 -1 3 -1 -1 3 3 1 -1 2 1 1 -1 
2 -1 -1 -1 1 -1 3 -1 3 -1 3 -1 3 1 -1 -1 2 1 2 2 
2 2 -1 1 -1 1 -1 2 2 3 3 3 -1 -1 -1 -1 2 2 1 -1 
-1 -1 -1 -1 1 2 -1 1 1 1 3 -1 -1 -1 1 1 2 2 2 2 
2 -1 -1 2 1 2 -1 1 1 -1 1 1 -1 -1 1 1 1 -1 2 1 
2 -1 1 1 1 -1 -1 1 1 1 1 1 -1 1 -1 -1 -1 -1 -1 -1 
-1 -1 -1 3 3 1 1 1 1 1 1 -1 -1 1 -1 1 1 1 -1 -1 
-1 -1 -1 -1 3 1 1 1 1 -1 1 -1 1 1 1 1 1 1 -1 -1 
-1 -1 -1 -1 -1 1 1 -1 1 1 1 -1 1 1 -1 -1 -1 1 -1 -1 
-1 -1 -1 -1 6 1 2 2 -1 1 1 1 -1 1 -1 -1 -1 2 2 -1 
-1 -1 -1 6 3 1 6 -1 1 -1 1 1 1 -1 -1 -1 -1 2 -1 -1 
-1 -1 -1 -1 6 6 -1 1 1 1 -1 1 1 1 -1 -1 -1 -1 2 2 
-1 -1 1 6 6 -1 1 1 -1 2 1 -1 -1 -1 1 -1 -1 -1 2 2 
-1 1 1 -1 1 2 -1 2 2 1 1 -1 -1 1 -1 -1 -1 -1 -1 1 
-1 -1 -1 1 1 -1 2 -1 -1 2 -1 -1 -1 -1 -1 -1 -1 -1 -1 1 
-1 -1 1 1 1 -1 -1 -1 1 1 1 1 1 1 6 3 6 2 2 6 
-1 -1 -1 1 2 1 -1 -1 -1 -1 1 -1 1 1 6 6 6 6 6 3 
3 -1 -1 -1 4 -1 1 -1 -1 2 1 1 -1 -1 6 6 6 6 6 6 
-1 -1 2 1 -1 -1 1 1 1 -1 2 1 1 1 6 6 6 -1 2 2 
1 2 3 1 1 1 -1 -1 1 -1 -1 -1 1 6 6 6 3 2 1 2 
1 1 1 1 -1 -1 1 -1 -1 -1 -1 2 -1 6 -1 6 3 3 -1 1 
1 1 1 1 1 1 1 -1 -1 -1 -1 2 -1 -1 -1 3 3 3 3 2 
1 1 1 1 -1 1 1 -1 -1 -1 -1 2 3 2 2 2 3 2 3 3 
-1 1 1 1 1 1 1 -1 -1 -1 2 2 2 2 -1 -1 2 3 3 3 
3 2 1 1 -1 1 1 -1 -1 -1 -1 -1 -1 -1 -1 -1 3 3 3 2 
2 -1 1 -1 1 1 1 1 1 -1 1 -1 2 -1 -1 -1 2 3 2 2 
3 -1 -1 1 -1 1 1 -1 1 -1 1 1 2 -1 -1 2 -1 2 -1 3 
3 -1 -1 -1 -1 3 -1 1 3 -1 1 1 2 2 2 -1 3 3 -1 -1 
3 -1 -1 -1 3 -1 3 1 -1 -1 3 1 1 2 -1 -1 1 -1 -1 3 
-1 -1 2 -1 3 3 -1 -1 -1 2 -1 2 1 1 1 1 1 -1 -1 -1 
-1 -1 -1 -1 1 1 -1 -1 -1 2 2 -1 -1 1 1 1 -1 -1 -1 -1 
-1 -1 -1 1 1 -1 1 -1 4 2 3 2 1 6 -1 6 6 -1 -1 -1 
-1 -1 -1 1 1 -1 4 4 -1 2 2 -1 1 6 6 -1 6 6 6 -1 
1 1 1 1 -1 -1 -1 -1 3 2 4 -1 6 6 1 -1 -1 -1 6 -1 
1 1 1 1 -1 -1 -1 -1 -1 4 4 1 1 1 1 1 6 6 6 6 
1 -1 1 1 1 -1 -1 -1 -1 -1 3 -1 2 2 1 -1 3 3 -1 3 
3 3 1 1 1 1 -1 -1 -1 2 2 3 3 2 1 -1 3 2 3 -1 
3 -1 -1 1 -1 -1 -1 -1 2 2 2 -1 3 3 2 3 3 3 3 3 
-1 -1 1 -1 2 2 2 -1 2 -1 -1 2 2 3 3 3 3 3 3 3 
-1 1 1 1 1 2 2 2 2 -1 -1 2 2 3 -1 3 3 3 2 -1 
-1 -1 -1 1 8 2 2 2 -1 3 3 3 3 3 3 3 3 3 2 -1 
-1 -1 1 1 8 2 2 -1 1 -1 3 -1 3 3 3 3 3 3 3 3 
-1 -1 -1 1 -1 1 2 -1 -1 -1 3 3 3 3 3 3 3 1 1 -1 
-1 -1 -1 -1 1 2 -1 -1 -1 -1 -1 1 1 2 -1 3 1 1 -1 -1 
-1 -1 -1 -1 3 -1 2 3 -1 -1 -1 1 -1 -1 2 -1 -1 1 1 1 
-1 -1 -1 -1 2 -1 3 2 3 1 -1 -1 1 -1 -1 -1 -1 -1 1 -1 
-1 -1 -1 2 3 3 3 2 2 2 1 1 1 -1 -1 4 4 -1 -1 1 
-1 -1 -1 3 3 -1 -1 2 2 -1 1 2 -1 -1 -1 4 5 4 4 4 
-1 -1 -1 -1 3 3 -1 2 2 1 1 2 2 -1 2 -1 4 -1 -1 -1 
-1 -1 -1 -1 -1 -1 -1 -1 -1 1 1 2 -1 2 -1 2 -1 1 -1 -1 
-1 -1 -1 -1 -1 -1 -1 -1 -1 1 1 1 2 -1 2 -1 1 -1 -1 -1 
-1 1 1 -1 -1 -1 -1 -1 -1 -1 1 1 -1 2 1 1 1 -1 -1 -1 
2 1 1 1 -1 -1 -1 -1 1 1 1 2 2 1 1 1 -1 -1 -1 -1 
1 3 1 1 1 -1 -1 -1 1 1 -1 2 2 2 1 1 1 1 1 2 
3 3 1 1 1 1 1 -1 -1 1 2 2 2 1 2 -1 1 1 1 -1 
2 2 -1 1 1 1 2 1 1 -1 2 1 1 3 2 -1 2 2 2 2 
2 2 3 3 1 1 1 1 -1 -1 -1 -1 1 1 1 1 -1 -1 2 2 
-1 -1 1 1 1 1 1 1 -1 -1 -1 -1 1 1 1 1 -1 2 -1 -1 
3 -1 1 1 -1 1 1 -1 -1 -1 -1 1 -1 -1 -1 -1 -1 2 -1 -1 
2 3 -1 2 1 -1 -1 -1 -1 -1 -1 8 8 1 -1 -1 -1 -1 -1 2 
-1 3 -1 -1 -1 -1 -1 -1 -1 -1 -1 -1 8 -1 -1 -1 -1 -1 -1 -1 
3 -1 3 -1 -1 -1 -1 -1 -1 -1 -1 -1 -1 -1 -1 -1 -1 -1 -1 3 
2 -1 3 -1 -1 -1 2 -1 -1 -1 -1 2 2 -1 -1 -1 -1 -1 -1 -1 
-1 3 2 -1 -1 -1 -1 -1 -1 -1 -1 2 6 2 -1 -1 2 -1 -1 -1 
3 3 3 2 1 1 -1 -1 2 2 2 6 2 -1 1 -1 -1 -1 -1 -1 
3 3 3 2 1 1 -1 -1 2 2 3 3 3 1 -1 2 -1 2 2 -1 
2 -1 2 2 1 1 1 1 3 -1 2 -1 1 1 -1 -1 2 2 2 2 
2 3 3 -1 -1 -1 1 1 -1 -1 -1 -1 -1 -1 2 -1 2 2 2 -1 
-1 2 2 -1 -1 1 2 2 -1 -1 -1 -1 -1 1 -1 2 -1 2 -1 2 
-1 2 3 3 1 1 -1 -1 -1 -1 -1 -1 -1 1 2 2 1 1 1 -1 
-1 -1 -1 -1 1 2 2 2 -1 -1 -1 -1 -1 -1 1 -1 1 1 1 -1 
-1 -1 -1 -1 1 1 2 2 -1 1 3 -1 3 -1 1 -1 -1 -1 -1 -1 
-1 -1 2 2 2 2 2 1 1 1 3 3 3 3 3 -1 -1 -1 -1 -1 
-1 -1 -1 2 2 2 2 1 1 -1 3 3 3 3 3 -1 -1 -1 -1 -1 
2 -1 -1 -1 -1 1 1 1 -1 -1 -1 2 1 2 2 -1 -1 -1 2 2 
-1 -1 -1 1 1 1 1 -1 1 1 1 1 1 -1 1 -1 1 1 -1 -1 
-1 -1 -1 2 1 1 1 1 1 1 1 -1 -1 -1 1 1 1 2 -1 -1 
2 2 2 2 1 1 1 1 1 -1 1 -1 1 1 -1 2 2 2 2 2 
2 2 1 1 1 2 1 1 -1 -1 -1 -1 -1 1 1 3 -1 2 2 1 
1 -1 -1 1 2 1 2 -1 -1 -1 -1 -1 1 -1 1 1 2 2 2 2 
1 1 1 1 1 2 1 -1 2 2 2 2 -1 2 -1 2 3 2 1 1 
1 -1 1 1 -1 -1 -1 -1 -1 2 2 -1 2 -1 -1 -1 -1 1 2 1 
1 1 -1 -1 -1 1 1 -1 -1 -1 -1 -1 -1 -1 -1 -1 -1 -1 1 -1 
1 -1 -1 -1 -1 -1 1 1 -1 -1 -1 2 2 2 -1 -1 2 2 2 1 
2 1 1 -1 -1 -1 1 2 2 -1 2 2 2 -1 -1 -1 2 2 2 1 
2 1 1 -1 -1 1 1 -1 2 2 2 -1 -1 -1 -1 2 2 -1 2 2 
1 1 -1 1 -1 -1 1 2 2 2 -1 2 -1 2 -1 2 -1 2 -1 -1 
1 1 1 -1 -1 -1 -1 -1 -1 -1 2 -1 -1 -1 2 2 -1 -1 -1 -1 
1 1 1 -1 -1 -1 1 -1 -1 -1 -1 2 -1 2 2 2 -1 2 -1 -1 
-1 1 -1 -1 -1 -1 1 -1 1 -1 -1 -1 2 -1 -1 -1 2 2 -1 -1 
-1 -1 -1 1 -1 1 -1 1 -1 2 1 1 2 -1 -1 2 -1 -1 2 -1 
-1 -1 -1 -1 1 1 1 -1 2 2 1 -1 2 1 1 -1 2 1 2 2 
2 2 2 1 1 1 -1 -1 2 2 1 1 -1 2 1 -1 1 -1 -1 2 
2 2 2 -1 -1 1 -1 -1 2 2 -1 1 1 1 1 1 2 -1 -1 2 
-1 2 2 1 1 1 1 -1 -1 2 1 1 1 1 -1 2 1 2 -1 -1 
2 3 2 2 2 1 2 2 2 -1 2 2 2 -1 1 -1 1 2 3 2 
2 2 2 2 2 2 -1 -1 -1 2 2 2 -1 1 1 -1 2 3 2 2 
2 2 2 2 2 2 -1 2 -1 -1 2 2 -1 -1 1 2 2 2 1 3 
2 -1 2 2 2 2 2 2 2 2 2 2 2 -1 2 2 -1 1 1 1 
1 -1 -1 2 2 2 -1 -1 2 -1 1 1 2 2 -1 2 1 1 1 1 
2 2 -1 2 2 -1 -1 -1 -1 -1 1 -1 2 2 2 2 1 1 1 1 
1 2 2 2 -1 2 2 -1 -1 -1 1 1 1 1 -1 1 2 2 1 1 
1 1 2 1 1 1 2 2 -1 -1 1 1 1 -1 1 1 1 1 1 1 
1 1 1 2 1 1 -1 2 1 1 -1 -1 1 -1 1 2 1 1 1 2 
2 1 1 1 1 1 1 1 1 1 -1 1 1 -1 1 2 2 2 2 1 
-1 1 1 1 1 1 1 1 1 1 1 1 1 1 1 2 2 2 -1 2 
2 2 1 1 1 1 1 -1 1 1 1 1 1 1 1 1 -1 2 2 2 
2 1 1 1 1 1 1 1 1 2 2 1 1 1 1 1 -1 2 -1 -1 
2 2 2 2 -1 2 1 -1 2 2 1 1 1 1 1 1 -1 -1 2 2 
-1 -1 2 2 1 2 1 1 2 1 -1 1 1 1 1 1 -1 -1 2 -1 
-1 -1 1 1 2 2 2 1 -1 2 2 1 1 1 1 -1 -1 -1 2 -1 
1 -1 1 1 2 1 2 2 2 2 1 1 -1 1 -1 1 -1 -1 1 2 
-1 1 1 1 1 -1 -1 -1 2 1 1 2 2 1 1 2 -1 1 -1 2 
2 3 -1 -1 -1 -1 -1 -1 2 1 1 2 2 2 1 2 -1 -1 3 2 
3 -1 -1 -1 2 -1 -1 2 2 2 2 2 2 1 -1 2 1 2 1 2 
1 -1 -1 -1 1 1 1 1 1 -1 -1 1 -1 -1 2 2 1 1 -1 1 
1 1 -1 -1 -1 2 1 1 1 1 1 1 1 -1 -1 2 2 2 1 1 
1 2 -1 -1 2 2 2 1 1 1 1 1 1 -1 2 2 2 2 1 1 
2 2 2 2 2 2 -1 1 1 -1 1 1 1 1 1 -1 2 2 -1 1 
-1 2 2 2 2 2 1 1 2 1 -1 -1 1 1 2 2 2 2 2 2 
2 2 -1 2 2 1 2 1 2 2 -1 1 1 1 -1 2 2 2 2 2 
-1 2 -1 2 2 2 2 2 1 1 1 1 1 -1 2 2 1 2 2 2 
2 1 1 1 1 2 2 1 1 1 1 1 1 2 -1 1 1 2 -1 2 
2 -1 1 1 1 -1 2 2 1 1 2 2 1 2 -1 -1 1 1 -1 -1 
2 2 1 1 -1 -1 2 -1 2 1 1 1 -1 2 2 -1 2 2 -1 -1 
1 2 1 -1 -1 -1 2 2 2 2 -1 2 2 2 2 2 2 2 2 2 
-1 1 1 -1 -1 2 2 2 2 2 -1 2 2 2 2 2 2 -1 2 2 
1 1 -1 -1 -1 2 2 2 2 2 -1 -1 2 2 2 2 2 -1 2 2 
2 -1 -1 1 2 2 2 1 2 1 -1 2 2 2 2 2 2 2 -1 1 
1 1 -1 -1 -1 2 1 2 2 1 1 1 1 1 1 -1 -1 1 -1 2 
1 -1 1 1 2 2 2 2 2 -1 1 1 2 1 1 -1 1 -1 1 1 
1 1 4 1 1 -1 -1 2 8 1 1 2 2 1 1 1 2 1 1 1 
1 1 8 4 1 2 -1 1 1 8 1 2 2 1 -1 1 2 1 1 -1 
1 -1 1 4 1 1 1 1 1 1 1 -1 1 1 -1 2 -1 -1 1 1 
1 1 -1 -1 1 1 1 -1 1 1 1 1 1 1 2 -1 2 2 -1 -1 
-1 -1 2 -1 -1 -1 -1 -1 -1 -1 -1 -1 1 -1 1 1 1 1 1 2 
1 -1 2 2 -1 -1 -1 -1 -1 -1 -1 1 1 1 1 1 1 1 1 1 
1 -1 -1 -1 -1 2 -1 -1 -1 -1 -1 1 1 1 1 1 1 1 1 1 
1 -1 -1 -1 2 2 -1 -1 2 -1 -1 1 1 1 1 1 1 1 1 -1 
-1 -1 -1 2 2 2 2 2 -1 2 -1 1 1 1 1 1 1 1 1 1 
1 2 -1 -1 2 2 2 -1 2 -1 -1 1 1 1 1 2 1 1 1 2 
1 1 2 -1 3 1 3 2 2 -1 1 1 1 1 1 -1 1 2 2 2 
3 3 2 1 1 1 -1 2 -1 -1 -1 -1 -1 1 -1 1 1 2 2 2 
1 2 1 1 1 -1 -1 2 2 -1 -1 1 1 -1 1 1 1 1 -1 3 
3 1 2 2 3 3 2 2 1 -1 2 2 2 -1 1 -1 1 -1 1 -1 
1 1 1 3 2 3 -1 2 1 -1 2 -1 1 -1 -1 1 1 -1 -1 -1 
8 1 3 2 2 2 2 2 2 -1 2 2 -1 -1 -1 -1 1 -1 2 8 
1 1 1 1 2 2 -1 2 2 2 2 2 -1 -1 -1 -1 -1 -1 2 2 
1 1 1 1 -1 -1 -1 -1 -1 2 2 2 -1 -1 -1 2 -1 -1 2 1 
1 2 2 2 -1 -1 -1 2 -1 2 -1 -1 -1 2 2 -1 2 -1 2 -1 
2 2 2 1 2 2 2 -1 2 -1 2 -1 2 2 2 2 -1 2 -1 2 
2 -1 2 2 2 2 2 -1 2 -1 -1 1 -1 2 -1 -1 2 2 2 2 
2 2 -1 2 -1 -1 -1 -1 -1 -1 -1 1 2 -1 -1 2 2 1 1 2 
2 -1 -1 -1 -1 -1 -1 -1 -1 -1 -1 -1 -1 1 1 1 1 1 1 2 
2 -1 2 -1 -1 -1 -1 -1 -1 -1 -1 -1 1 1 1 1 1 1 2 8 
-1 3 3 3 -1 -1 -1 -1 -1 -1 -1 -1 -1 1 -1 -1 -1 1 1 1 
1 3 3 3 -1 -1 -1 -1 -1 -1 -1 -1 -1 -1 1 -1 1 1 1 1 
1 -1 -1 -1 -1 -1 -1 -1 -1 -1 -1 -1 -1 -1 -1 -1 2 1 1 1 
1 -1 -1 -1 -1 -1 -1 -1 -1 1 -1 2 -1 -1 1 1 1 1 1 1 
1 1 -1 -1 -1 -1 -1 1 1 1 1 1 2 -1 1 1 1 1 1 1 
-1 -1 -1 -1 -1 -1 -1 -1 -1 1 1 -1 1 1 -1 1 1 1 1 -1 
-1 -1 -1 -1 -1 -1 -1 -1 -1 -1 -1 -1 2 2 1 2 1 1 1 2 
-1 3 -1 -1 -1 -1 -1 -1 -1 -1 -1 -1 1 1 2 1 1 1 1 1 
1 1 -1 -1 -1 -1 -1 -1 -1 -1 2 -1 -1 2 -1 2 2 2 2 2 
3 1 -1 2 -1 -1 -1 -1 2 2 -1 -1 2 2 2 2 2 1 3 3 
-1 -1 1 2 -1 -1 -1 -1 -1 -1 -1 -1 -1 -1 2 2 1 2 2 -1 
-1 2 3 2 -1 -1 -1 -1 -1 -1 -1 2 -1 -1 -1 -1 2 2 -1 -1 
2 2 2 2 2 2 -1 -1 -1 -1 -1 -1 1 2 2 2 2 2 -1 -1 
-1 -1 -1 -1 -1 -1 2 -1 -1 -1 -1 -1 -1 2 2 2 2 2 -1 -1 
-1 -1 -1 -1 -1 -1 1 1 -1 -1 -1 -1 -1 2 2 2 -1 2 1 2 
1 -1 1 1 -1 -1 1 1 1 -1 -1 1 1 1 2 2 1 1 1 -1 
1 1 1 1 -1 -1 -1 1 1 -1 2 1 2 2 2 2 1 2 1 1 
1 1 -1 -1 -1 -1 2 2 -1 -1 -1 1 2 2 2 1 1 -1 1 1 
1 1 -1 3 -1 1 1 2 2 2 2 2 2 2 2 -1 -1 -1 -1 1 
1 3 1 3 -1 1 1 -1 2 -1 -1 -1 1 1 1 1 -1 -1 -1 1 
-1 1 -1 1 1 -1 -1 1 1 -1 -1 -1 -1 -1 -1 -1 -1 -1 -1 -1 
1 1 1 1 1 1 1 1 1 1 -1 -1 -1 -1 -1 -1 -1 -1 -1 1 
1 -1 1 1 1 1 1 1 1 1 -1 -1 -1 -1 -1 -1 -1 -1 -1 -1 
1 1 1 1 1 1 1 2 1 -1 1 1 -1 -1 -1 -1 -1 -1 -1 1 
1 1 1 1 1 1 1 1 1 -1 -1 -1 -1 1 -1 -1 1 -1 -1 1 
1 1 1 1 1 1 1 1 1 -1 -1 -1 -1 -1 1 2 1 1 1 1 
1 -1 1 1 1 1 1 1 1 -1 -1 -1 -1 1 1 1 2 1 1 1 
-1 1 -1 1 1 1 -1 1 -1 -1 -1 -1 -1 -1 1 1 -1 -1 1 1 
-1 -1 -1 -1 -1 -1 -1 -1 -1 -1 -1 -1 -1 -1 -1 -1 -1 -1 -1 -1 
-1 -1 -1 -1 -1 -1 -1 -1 -1 -1 -1 -1 -1 -1 -1 -1 -1 -1 -1 -1 
-1 -1 -1 -1 -1 -1 -1 -1 2 -1 -1 -1 -1 -1 -1 -1 -1 -1 -1 -1 
-1 -1 -1 -1 -1 -1 -1 -1 -1 -1 -1 -1 -1 -1 -1 -1 -1 -1 -1 -1 
-1 -1 1 1 1 1 -1 -1 -1 -1 -1 -1 -1 -1 -1 -1 -1 -1 -1 -1 
-1 1 1 1 1 1 -1 -1 -1 -1 -1 -1 -1 -1 -1 -1 -1 -1 1 1 
1 1 1 1 1 1 -1 -1 -1 -1 -1 -1 -1 -1 -1 -1 -1 -1 -1 1 
1 1 1 1 1 1 1 1 -1 -1 -1 -1 -1 -1 -1 -1 -1 -1 -1 -1 
1 1 1 1 1 1 1 -1 -1 -1 -1 -1 -1 -1 -1 -1 -1 -1 -1 1 
1 1 1 1 1 1 1 1 2 -1 -1 -1 -1 -1 -1 -1 -1 -1 1 1 
-1 1 1 1 1 -1 -1 1 2 -1 -1 -1 -1 -1 -1 -1 -1 -1 -1 -1 
-1 1 1 1 1 1 1 1 1 2 -1 -1 -1 -1 -1 -1 -1 -1 -1 -1 
1 -1 -1 1 -1 1 1 1 1 -1 -1 -1 -1 -1 -1 -1 -1 -1 -1 1 
-1 -1 -1 -1 1 -1 -1 1 -1 -1 -1 -1 -1 -1 -1 -1 -1 -1 -1 1 
-1 -1 -1 -1 -1 1 -1 -1 -1 -1 -1 -1 -1 -1 -1 -1 -1 -1 -1 -1 
-1 -1 -1 -1 1 1 -1 -1 -1 -1 -1 -1 -1 -1 -1 -1 -1 -1 -1 -1 
-1 -1 1 -1 1 1 1 1 -1 -1 -1 -1 -1 1 -1 -1 -1 -1 -1 -1 
-1 -1 -1 1 1 1 1 1 -1 1 -1 -1 1 1 1 -1 -1 -1 -1 -1 
-1 -1 1 1 1 1 1 -1 1 1 -1 -1 -1 1 1 1 -1 1 -1 1 
-1 -1 1 1 1 1 1 -1 -1 -1 -1 -1 -1 1 1 -1 -1 -1 1 -1 
-1 -1 -1 1 1 1 1 -1 -1 -1 -1 1 1 -1 -1 1 -1 -1 1 -1 
-1 -1 -1 -1 -1 -1 -1 -1 -1 -1 -1 1 -1 -1 -1 -1 -1 -1 -1 -1 
-1 -1 -1 -1 -1 -1 -1 -1 -1 -1 -1 1 -1 -1 -1 -1 -1 -1 -1 -1 
-1 -1 -1 -1 -1 -1 -1 -1 -1 -1 -1 1 1 1 -1 -1 -1 -1 -1 -1 
-1 -1 -1 -1 -1 -1 -1 -1 -1 -1 -1 1 1 1 -1 -1 -1 -1 -1 -1 
-1 -1 -1 -1 -1 -1 -1 -1 -1 1 1 1 1 -1 -1 -1 -1 -1 -1 -1 
-1 -1 -1 -1 -1 -1 3 -1 -1 -1 -1 1 1 1 1 -1 -1 -1 -1 -1 
-1 -1 -1 -1 -1 -1 -1 -1 -1 -1 -1 1 1 1 1 1 -1 -1 -1 -1 
-1 -1 -1 -1 -1 -1 -1 -1 -1 -1 -1 -1 1 1 1 1 -1 -1 -1 -1 
-1 -1 -1 -1 -1 1 -1 -1 -1 -1 -1 1 -1 1 1 1 1 -1 -1 -1 
-1 -1 -1 -1 -1 1 1 1 -1 -1 -1 -1 1 -1 -1 -1 1 1 -1 1 
1 -1 -1 -1 -1 1 1 1 1 1 -1 -1 -1 -1 -1 -1 1 -1 -1 -1 
-1 -1 -1 -1 -1 1 -1 -1 1 1 1 -1 -1 -1 -1 -1 -1 -1 -1 -1 
-1 -1 -1 -1 -1 -1 -1 -1 1 1 -1 -1 -1 -1 -1 -1 -1 -1 -1 -1 
-1 -1 -1 -1 -1 -1 -1 -1 -1 1 -1 -1 -1 1 -1 -1 -1 -1 -1 -1 
-1 -1 -1 -1 -1 -1 -1 -1 -1 -1 -1 -1 1 -1 -1 -1 -1 -1 -1 -1 
3 -1 -1 -1 -1 -1 -1 -1 -1 -1 -1 1 1 -1 -1 -1 -1 -1 -1 -1 
3 1 -1 -1 -1 -1 -1 -1 -1 -1 -1 1 1 1 -1 -1 -1 -1 3 3 
-1 -1 -1 -1 -1 -1 -1 -1 -1 -1 -1 1 -1 -1 -1 -1 -1 -1 3 3 
-1 -1 -1 -1 -1 -1 -1 -1 -1 1 1 1 -1 -1 -1 -1 -1 -1 -1 -1 
-1 -1 -1 -1 -1 -1 -1 -1 -1 -1 1 1 -1 -1 -1 -1 -1 -1 -1 -1 
-1 -1 -1 -1 -1 -1 -1 -1 -1 -1 1 1 -1 -1 -1 -1 -1 -1 -1 -1 
-1 -1 -1 -1 -1 -1 -1 -1 -1 -1 1 1 -1 -1 -1 -1 -1 -1 -1 -1 
-1 -1 -1 -1 -1 -1 -1 -1 -1 -1 -1 -1 -1 -1 -1 -1 -1 -1 -1 -1 
-1 -1 -1 -1 -1 -1 -1 -1 -1 -1 -1 -1 -1 -1 -1 -1 1 -1 -1 -1 
-1 -1 -1 -1 -1 -1 -1 -1 -1 1 1 -1 -1 1 -1 1 -1 -1 -1 -1 
-1 -1 -1 -1 -1 -1 -1 -1 -1 1 1 -1 -1 1 1 -1 1 -1 -1 -1 
-1 -1 -1 -1 -1 -1 -1 -1 1 -1 -1 -1 1 -1 -1 -1 -1 -1 -1 -1 
-1 -1 -1 -1 -1 -1 -1 -1 -1 -1 -1 1 1 -1 -1 -1 -1 -1 -1 -1 
-1 -1 -1 1 -1 -1 -1 -1 1 -1 1 1 1 -1 -1 -1 -1 -1 -1 -1 
-1 -1 -1 -1 1 1 -1 -1 1 -1 1 -1 1 -1 -1 -1 -1 -1 -1 -1 
-1 -1 -1 -1 1 1 1 1 -1 -1 -1 1 -1 -1 -1 -1 -1 -1 -1 -1 
-1 -1 -1 -1 -1 -1 -1 -1 3 3 2 -1 -1 -1 -1 -1 1 -1 -1 -1 
-1 -1 -1 -1 -1 -1 -1 -1 -1 1 2 2 1 -1 -1 -1 -1 -1 -1 -1 
-1 -1 -1 -1 -1 -1 -1 -1 -1 1 2 -1 1 1 -1 -1 -1 -1 -1 -1 
-1 -1 -1 -1 -1 -1 -1 -1 -1 1 1 -1 1 1 1 -1 -1 -1 -1 -1 
-1 -1 -1 -1 -1 1 -1 -1 -1 2 1 -1 -1 1 1 -1 -1 -1 -1 -1 
-1 -1 -1 2 -1 -1 2 -1 -1 1 -1 -1 -1 1 -1 -1 -1 -1 -1 -1 
1 1 -1 2 2 2 -1 -1 2 1 -1 -1 1 1 -1 -1 -1 -1 -1 -1 
-1 -1 1 1 -1 2 2 2 2 -1 -1 -1 -1 1 1 1 1 -1 -1 1 
-1 -1 -1 -1 -1 2 2 2 -1 -1 -1 -1 -1 -1 -1 1 -1 -1 -1 -1 
-1 -1 -1 2 2 2 2 1 1 -1 -1 -1 -1 -1 -1 -1 -1 -1 -1 -1 
-1 -1 -1 2 2 -1 -1 -1 1 -1 -1 -1 -1 2 2 -1 -1 2 -1 -1 
-1 -1 -1 -1 -1 -1 -1 -1 1 -1 2 2 -1 -1 2 -1 1 2 1 -1 
-1 -1 -1 -1 -1 -1 -1 -1 2 -1 2 2 2 -1 2 1 1 1 -1 1 
-1 -1 -1 -1 -1 -1 -1 -1 -1 2 2 2 2 2 2 1 2 -1 1 1 
-1 -1 -1 -1 -1 -1 -1 -1 2 2 2 2 -1 8 2 2 1 1 -1 -1 
-1 -1 -1 -1 -1 -1 2 2 2 2 2 2 2 8 2 2 1 -1 -1 -1 
-1 -1 -1 -1 -1 -1 2 2 2 2 2 2 8 2 2 2 -1 1 -1 -1 
-1 -1 -1 -1 -1 2 2 2 3 2 3 -1 8 2 2 -1 1 -1 -1 -1 
-1 -1 -1 -1 -1 -1 2 -1 3 3 2 2 2 -1 2 1 1 1 -1 -1 
-1 -1 -1 -1 -1 -1 2 3 3 -1 2 -1 -1 -1 -1 -1 1 1 -1 -1 
2 2 -1 -1 1 2 2 2 2 2 2 -1 1 -1 -1 -1 -1 -1 -1 2 
2 2 2 1 -1 3 1 2 2 2 1 1 1 -1 -1 -1 -1 -1 -1 2 
2 -1 -1 2 1 3 2 2 2 1 2 1 -1 -1 -1 -1 -1 2 -1 -1 
-1 -1 -1 2 2 1 1 2 2 2 2 2 -1 -1 -1 -1 -1 2 2 8 
8 2 -1 2 -1 -1 2 2 2 2 2 -1 -1 -1 -1 -1 -1 2 -1 -1 
8 2 2 -1 2 2 2 2 2 2 -1 2 -1 -1 -1 -1 -1 2 2 -1 
2 2 2 -1 2 2 4 -1 2 2 2 -1 1 -1 1 1 2 2 2 2 
2 2 2 2 2 2 2 2 2 4 -1 2 1 1 1 -1 1 1 2 2 
2 -1 2 2 2 2 2 2 2 4 2 2 2 1 1 1 2 2 2 2 
2 2 2 2 2 2 2 1 4 4 -1 -1 -1 2 1 2 2 2 2 2 
2 2 -1 2 2 2 2 2 2 -1 2 -1 -1 -1 2 2 2 2 2 2 
2 -1 -1 -1 2 2 -1 2 2 2 2 -1 2 2 2 2 2 2 2 2 
2 2 2 2 -1 -1 -1 2 2 2 2 2 2 2 -1 2 2 1 2 2 
2 -1 2 -1 -1 1 2 2 2 2 -1 -1 2 -1 -1 1 1 -1 2 2 
2 2 2 2 2 2 2 -1 -1 2 2 2 2 -1 -1 -1 1 -1 -1 -1 
2 2 2 2 2 2 2 2 -1 2 1 2 1 1 -1 -1 1 -1 -1 -1 
2 2 2 -1 2 2 2 -1 -1 -1 1 1 2 2 -1 1 -1 -1 2 2 
2 2 2 1 2 2 -1 -1 -1 -1 1 1 -1 -1 -1 2 2 -1 2 1 
2 2 2 2 2 -1 -1 -1 -1 2 1 1 -1 -1 2 2 -1 -1 1 2 
2 -1 1 2 2 2 2 -1 -1 2 -1 -1 -1 -1 -1 -1 -1 -1 2 1 
2 2 2 2 2 1 1 2 2 -1 -1 -1 1 1 1 1 2 1 2 1 
1 1 2 2 2 -1 4 4 -1 -1 -1 2 1 1 -1 1 1 1 2 1 
1 1 1 2 2 2 4 4 1 1 -1 2 2 2 2 1 1 2 1 1 
2 -1 -1 1 2 2 4 4 4 -1 -1 2 2 2 2 2 2 1 1 2 
-1 -1 2 2 2 2 2 -1 -1 1 2 2 2 2 2 2 2 2 2 2 
2 -1 -1 2 2 2 2 2 2 2 2 2 2 2 2 2 2 2 2 2 
2 2 -1 2 2 2 2 2 2 2 2 2 2 2 2 2 1 2 2 2 
-1 2 2 2 2 2 2 2 2 2 2 -1 -1 2 2 2 2 1 -1 2 
2 2 2 2 2 2 -1 1 2 2 2 2 2 2 2 2 2 2 2 2 
-1 2 2 -1 2 2 2 2 2 -1 2 2 2 2 2 2 2 2 2 2 
2 2 -1 -1 -1 2 2 2 2 2 2 2 2 2 2 2 2 2 2 2 
2 2 2 -1 2 2 2 2 2 2 2 2 2 2 2 2 2 2 2 2 
1 2 2 -1 2 2 2 2 2 2 2 2 2 2 2 2 2 -1 2 2 
-1 1 2 -1 2 2 2 8 2 2 2 2 2 2 2 1 2 2 -1 1 
1 1 2 2 1 2 2 -1 8 2 2 2 2 2 2 1 1 2 1 1 
1 1 1 2 -1 1 -1 -1 1 1 1 2 1 1 1 -1 1 2 1 1 
2 2 1 -1 2 2 2 1 1 1 1 1 1 1 -1 1 1 2 2 1 
2 1 -1 1 2 2 2 2 1 1 1 2 1 -1 1 1 1 1 2 2 
2 2 1 2 2 2 2 -1 -1 -1 2 -1 1 1 1 1 1 -1 1 2 
1 2 2 2 2 1 2 -1 2 -1 -1 1 1 1 1 1 1 1 1 2 
4 2 4 -1 1 1 4 1 2 1 1 -1 2 2 2 2 4 4 4 4 
2 2 2 -1 -1 4 4 2 1 1 2 2 -1 2 2 2 4 4 4 -1 
2 2 -1 2 -1 4 2 1 4 1 -1 2 -1 2 1 2 2 4 4 4 
2 2 -1 2 2 2 2 4 4 2 2 2 2 2 1 1 1 2 2 2 
2 2 2 2 2 2 4 4 2 2 2 2 2 1 1 1 1 1 2 2 
1 1 1 2 2 4 2 4 2 2 2 1 1 1 1 1 2 2 2 2 
1 2 1 2 2 2 4 2 2 2 2 2 2 2 -1 1 1 1 1 2 
2 1 1 2 2 2 2 2 2 2 2 2 2 2 -1 1 -1 1 1 2 
2 2 2 2 2 2 2 2 2 2 2 2 2 2 4 -1 2 1 2 -1 
2 2 2 2 2 2 2 2 2 2 -1 2 2 2 -1 4 1 2 2 2 
-1 2 2 2 2 -1 2 -1 2 2 2 2 2 2 2 2 2 -1 2 2 
1 2 -1 2 2 2 2 8 -1 2 2 2 2 2 2 2 2 1 2 1 
2 -1 2 2 -1 2 -1 2 8 2 2 2 2 1 2 1 1 2 2 1 
-1 2 -1 2 2 2 2 2 2 2 2 2 2 2 2 1 2 2 2 2 
2 -1 4 4 4 4 2 2 4 -1 2 2 2 2 2 2 2 2 2 -1 
2 2 -1 4 4 2 4 4 6 2 2 2 2 1 2 2 2 2 2 -1 
2 4 4 1 4 4 4 4 6 -1 2 2 2 1 2 2 2 2 2 2 
2 2 4 4 4 4 4 4 4 4 6 6 2 1 2 2 2 2 2 2 
4 4 4 4 4 -1 4 4 4 2 4 2 2 2 2 2 2 2 4 4 
4 4 4 4 1 -1 4 2 2 1 2 2 2 1 2 2 -1 4 4 4 
2 2 6 2 2 4 4 4 4 4 4 1 2 2 2 2 2 2 2 2 
2 6 2 2 2 -1 4 4 4 4 4 -1 2 -1 2 2 -1 2 2 2 
2 2 2 3 3 4 4 4 4 4 4 4 4 2 2 2 2 2 2 2 
2 2 -1 2 2 -1 4 4 2 -1 6 2 4 2 -1 2 2 2 2 2 
2 2 2 2 1 2 -1 -1 2 2 2 2 -1 2 2 1 1 2 -1 2 
1 2 2 2 1 2 -1 2 2 1 2 2 2 2 2 2 -1 2 2 2 
-1 1 1 1 1 2 2 -1 2 -1 -1 2 2 2 -1 2 2 2 2 2 
2 2 2 1 1 2 1 -1 2 2 2 1 2 2 -1 2 1 2 2 -1 
-1 2 2 2 2 2 4 1 2 2 2 2 1 1 2 1 2 2 1 2 
2 -1 2 2 2 2 4 2 2 2 2 2 1 1 1 1 2 2 2 2 
2 2 2 -1 4 4 2 -1 -1 2 2 2 2 1 1 1 1 4 -1 2 
2 2 2 4 4 4 2 -1 -1 2 2 2 2 1 -1 1 1 2 -1 2 
2 2 2 2 4 4 2 2 4 2 2 2 2 -1 1 1 1 2 2 2 
2 2 2 -1 4 4 -1 4 2 4 2 2 2 2 2 1 1 2 2 2 
2 2 -1 4 2 4 4 4 4 4 2 2 2 2 2 2 2 2 2 2 
2 2 2 2 4 4 4 4 4 4 4 -1 4 2 2 2 -1 2 2 -1 
2 2 2 4 2 4 4 -1 4 4 4 4 4 -1 -1 2 2 2 2 2 
2 2 2 2 4 4 4 4 4 4 4 4 -1 -1 2 1 -1 2 2 2 
2 2 2 2 2 4 4 4 4 4 4 2 2 2 -1 2 1 2 2 2 
2 2 2 2 -1 4 4 4 4 4 4 2 2 2 2 2 2 2 2 2 
1 2 2 1 -1 -1 1 -1 -1 1 2 4 4 2 4 4 2 3 3 1 
-1 -1 1 1 1 1 -1 1 1 1 1 1 4 4 2 4 4 2 2 2 
3 1 -1 -1 -1 -1 2 1 1 1 1 1 4 -1 2 2 2 -1 -1 2 
1 8 1 -1 2 -1 2 2 -1 1 1 1 -1 2 2 2 2 2 2 2 
1 1 1 2 2 2 2 2 2 1 1 2 1 -1 -1 -1 2 1 -1 2 
1 2 -1 2 2 2 2 2 2 1 2 2 -1 -1 -1 -1 1 -1 1 1 
-1 2 -1 2 1 2 2 2 2 2 2 2 2 5 -1 -1 -1 -1 1 -1 
-1 -1 -1 1 -1 -1 2 2 2 -1 2 -1 -1 -1 -1 -1 -1 2 1 1 
1 2 1 1 2 1 1 2 2 1 2 -1 -1 -1 -1 -1 -1 2 2 -1 
2 1 1 -1 2 -1 1 2 2 2 -1 2 -1 -1 -1 1 2 2 -1 -1 
-1 -1 2 2 -1 -1 -1 2 2 -1 2 2 -1 -1 1 1 2 -1 -1 -1 
-1 2 -1 -1 -1 -1 -1 -1 2 2 -1 -1 2 4 4 -1 3 -1 -1 -1 
2 2 -1 -1 -1 -1 -1 -1 -1 2 2 2 2 -1 1 -1 -1 2 1 2 
2 -1 -1 -1 -1 -1 2 -1 -1 2 2 -1 1 2 -1 1 1 2 2 1 
2 2 2 -1 -1 2 -1 2 -1 2 1 1 -1 1 1 1 1 -1 1 -1 
2 2 2 2 -1 2 1 1 1 2 2 -1 1 1 -1 1 1 1 1 2 
1 2 2 -1 2 -1 2 1 1 2 2 -1 -1 2 2 1 1 1 2 -1 
1 2 1 2 -1 1 -1 1 2 -1 1 2 2 2 2 -1 -1 1 1 1 
1 1 2 2 1 1 1 1 1 2 1 2 2 2 2 -1 1 1 -1 2 
1 1 2 1 -1 -1 1 1 1 1 1 1 2 2 4 2 -1 1 3 2 
1 1 -1 -1 2 2 2 2 1 1 2 2 2 -1 -1 2 -1 -1 1 1 
1 1 2 -1 2 2 -1 1 2 1 2 2 2 2 2 2 -1 1 2 2 
1 2 1 1 2 2 1 1 1 2 2 2 -1 -1 2 -1 -1 2 2 2 
2 2 1 9 2 2 -1 1 1 2 2 -1 2 -1 2 -1 -1 2 2 2 
2 1 9 -1 2 1 1 2 2 2 1 -1 2 2 2 2 -1 2 2 2 
2 2 2 2 2 2 2 2 2 2 -1 1 1 -1 2 2 2 2 -1 1 
1 -1 2 2 -1 2 2 2 2 -1 -1 1 1 2 2 2 2 2 1 1 
1 1 -1 -1 -1 -1 2 2 2 2 1 1 1 2 -1 2 2 -1 1 -1 
-1 1 1 -1 -1 2 -1 -1 2 1 2 1 2 2 -1 2 1 2 1 1 
-1 1 -1 -1 -1 1 -1 2 1 2 2 2 2 2 2 1 2 2 2 -1 
1 1 1 1 1 1 1 1 2 2 -1 2 -1 2 2 -1 1 1 -1 -1 
-1 1 -1 -1 1 1 1 2 2 2 -1 1 1 -1 -1 1 1 1 -1 -1 
-1 1 1 1 1 -1 1 2 2 -1 2 -1 -1 1 -1 1 1 1 1 1 
1 2 1 -1 -1 1 1 -1 2 2 2 2 2 1 1 1 1 1 1 1 
1 1 1 -1 -1 -1 -1 -1 2 2 -1 -1 2 1 1 1 -1 1 1 1 
-1 1 -1 -1 -1 -1 -1 -1 2 2 2 -1 2 2 2 -1 1 1 1 1 
-1 -1 -1 -1 -1 1 1 -1 2 2 2 -1 1 -1 2 2 1 1 1 1 
-1 -1 -1 -1 -1 -1 1 2 2 2 2 -1 -1 -1 -1 -1 1 1 1 1 
-1 -1 -1 -1 -1 -1 -1 -1 2 2 3 -1 1 2 1 -1 -1 1 1 1 
1 -1 -1 -1 -1 -1 -1 2 -1 2 2 2 -1 1 -1 -1 -1 -1 1 1 
1 2 -1 1 -1 -1 1 1 -1 1 2 2 1 1 2 1 -1 -1 -1 -1 
2 -1 -1 1 1 -1 -1 -1 2 2 2 2 2 1 1 1 1 1 -1 -1 
2 -1 -1 2 2 2 -1 -1 -1 -1 2 1 1 1 1 1 1 1 1 -1 
2 2 2 -1 -1 2 -1 -1 -1 -1 -1 2 1 1 1 1 1 1 1 2 
2 1 2 1 1 -1 -1 -1 -1 -1 -1 2 1 1 1 1 1 -1 1 2 
-1 1 1 9 -1 -1 -1 -1 1 -1 -1 1 1 1 1 2 -1 -1 2 2 
1 1 9 -1 1 -1 -1 -1 -1 1 1 1 1 1 2 1 -1 2 -1 2 
1 9 1 -1 1 1 -1 2 -1 -1 -1 -1 1 1 1 1 1 3 2 2 
-1 1 3 2 2 2 2 2 2 -1 -1 -1 -1 2 2 2 1 2 3 1 
1 2 3 1 2 2 2 2 2 -1 -1 -1 -1 -1 1 1 2 -1 1 1 
3 1 2 3 2 3 2 2 2 2 -1 -1 -1 -1 -1 2 1 1 1 1 
1 2 3 3 2 2 2 2 -1 2 2 2 2 1 1 2 1 33 1 1 
1 1 2 2 2 2 2 -1 -1 2 2 2 1 1 1 1 33 -1 -1 -1 
1 1 2 1 2 2 2 -1 -1 2 2 1 2 1 1 1 1 2 -1 1 
-1 -1 -1 1 1 2 2 1 1 -1 2 2 1 1 1 1 2 1 -1 1 
1 -1 -1 -1 1 1 2 1 1 1 -1 1 1 2 2 2 2 2 2 -1 
-1 -1 1 -1 -1 -1 1 4 4 -1 2 -1 -1 -1 2 2 -1 2 3 -1 
-1 1 2 2 -1 -1 -1 -1 2 2 -1 2 -1 2 1 2 2 -1 3 1 
1 -1 1 2 2 -1 -1 1 -1 2 -1 -1 2 1 1 -1 1 -1 1 -1 
-1 1 2 1 -1 1 1 -1 1 2 2 1 -1 1 1 -1 1 2 1 -1 
2 2 2 2 2 2 2 2 1 1 1 -1 2 -1 -1 1 -1 -1 -1 2 
-1 2 2 2 -1 2 2 -1 -1 1 1 1 2 2 -1 -1 -1 -1 -1 -1 
-1 2 2 2 2 2 1 1 1 1 1 -1 -1 -1 2 -1 -1 -1 -1 -1 
-1 2 1 6 -1 1 2 1 1 1 -1 -1 2 -1 -1 -1 -1 -1 -1 -1 
1 1 2 6 2 2 6 2 1 2 2 2 2 2 -1 -1 -1 -1 -1 -1 
1 -1 2 6 -1 2 1 1 1 1 2 -1 2 -1 -1 1 -1 -1 -1 1 
1 1 2 2 -1 -1 -1 -1 1 2 2 -1 2 2 1 1 -1 1 -1 1 
-1 1 2 2 2 2 2 6 -1 -1 2 2 -1 -1 -1 2 1 1 1 1 
1 1 1 2 -1 2 2 6 -1 2 2 -1 -1 -1 2 -1 2 1 1 1 
1 1 2 2 2 -1 -1 -1 -1 2 -1 2 -1 -1 2 2 2 2 1 -1 
-1 2 -1 -1 -1 -1 -1 -1 -1 2 2 -1 -1 2 -1 1 -1 2 2 2 
-1 2 -1 2 -1 2 2 2 2 -1 -1 -1 -1 2 2 3 1 2 2 2 
2 2 -1 2 -1 2 2 -1 -1 2 3 -1 2 2 3 2 1 1 2 -1 
-1 -1 -1 -1 -1 2 -1 -1 2 2 -1 -1 2 2 3 1 1 1 1 -1 
-1 -1 -1 -1 -1 2 4 -1 -1 2 -1 -1 3 1 3 1 1 1 1 3 
1 2 2 -1 2 4 2 2 2 -1 -1 2 2 2 1 -1 1 -1 2 1 
2 1 1 -1 2 -1 2 2 2 2 -1 2 -1 -1 -1 1 -1 1 1 1 
2 2 1 2 2 2 2 2 2 2 1 2 1 -1 1 1 1 1 1 2 
2 1 1 2 -1 2 2 2 -1 1 1 1 -1 1 1 1 1 -1 -1 2 
2 2 2 1 -1 2 2 2 2 1 1 -1 -1 1 1 1 1 1 2 2 
-1 2 -1 3 2 2 2 2 6 2 1 1 -1 1 1 2 -1 -1 1 2 
2 3 -1 1 1 1 1 -1 6 2 2 -1 -1 1 1 -1 -1 -1 -1 -1 
-1 2 3 1 1 1 1 2 -1 2 -1 2 1 1 1 1 -1 -1 3 -1 
3 -1 -1 1 1 2 2 2 -1 -1 2 -1 1 1 1 1 1 -1 -1 2 
-1 3 -1 2 2 -1 2 -1 -1 -1 -1 -1 -1 -1 1 1 -1 1 2 2 
2 2 2 -1 3 2 2 -1 -1 -1 -1 -1 -1 -1 1 -1 1 1 1 1 
-1 2 2 2 -1 2 2 2 -1 -1 -1 -1 -1 -1 2 2 1 2 1 1 
1 2 2 2 2 2 -1 -1 -1 -1 -1 -1 -1 2 -1 1 2 1 1 2 
1 1 1 1 1 -1 -1 -1 -1 -1 2 2 -1 2 -1 2 2 1 1 1 
-1 -1 1 1 1 -1 -1 -1 2 -1 -1 2 2 2 2 -1 -1 -1 1 -1 
-1 2 -1 1 1 1 1 1 2 -1 2 2 2 2 -1 1 2 2 -1 2 
2 2 -1 2 2 1 1 1 2 2 2 1 2 -1 1 1 2 -1 2 2 
-1 2 10 2 2 1 1 1 1 2 2 2 2 -1 2 2 2 2 2 1 
-1 -1 3 3 2 1 1 1 1 2 2 2 2 2 -1 2 2 -1 2 -1 
1 3 3 10 10 1 1 -1 2 1 2 2 2 2 -1 -1 2 -1 1 1 
3 3 2 2 -1 10 -1 1 1 2 2 2 2 2 -1 2 -1 2 3 1 
1 2 2 -1 2 1 2 1 1 -1 1 2 -1 2 2 2 2 -1 3 3 
-1 2 2 -1 -1 2 2 1 1 1 1 -1 2 2 2 2 2 -1 3 3 
2 -1 3 -1 2 1 6 2 -1 6 1 1 -1 1 2 2 -1 3 3 2 
2 -1 3 -1 -1 2 -1 6 6 2 6 1 1 1 2 2 -1 -1 1 3 
2 2 2 -1 1 1 1 1 1 1 1 1 1 1 1 1 1 3 2 2 
2 2 1 -1 -1 3 1 1 1 1 1 1 2 6 1 -1 1 1 1 2 
6 1 1 1 3 -1 1 1 -1 1 1 1 2 1 1 1 1 1 1 1 
-1 6 1 1 1 1 -1 1 1 1 -1 1 -1 6 1 1 1 1 1 1 
2 2 1 1 1 1 2 2 1 -1 1 1 1 6 6 1 1 -1 -1 -1 
2 1 1 2 -1 -1 -1 -1 -1 1 1 1 1 1 1 1 1 1 -1 -1 
-1 -1 2 2 2 1 1 1 1 1 1 1 -1 -1 -1 -1 1 -1 -1 2 
2 -1 2 2 -1 1 1 1 1 1 1 1 1 -1 -1 -1 -1 -1 -1 2 
-1 -1 -1 1 1 1 1 1 1 2 1 1 -1 -1 -1 -1 -1 -1 -1 -1 
-1 2 1 1 1 -1 1 -1 2 1 -1 -1 -1 -1 -1 -1 1 -1 -1 -1 
-1 -1 -1 1 1 1 -1 -1 1 1 2 1 2 2 2 1 6 1 -1 2 
-1 -1 -1 1 -1 1 1 2 1 2 1 2 -1 2 2 2 2 2 2 1 
1 1 1 1 1 -1 3 2 2 2 2 2 2 2 -1 1 2 6 1 1 
1 1 1 2 1 1 3 1 1 2 2 2 1 1 1 1 1 -1 -1 2 
1 1 2 -1 2 1 -1 2 3 -1 2 2 2 1 -1 6 2 -1 2 2 
1 1 1 -1 3 2 2 2 1 3 2 2 1 1 6 6 6 1 1 2 
-1 -1 -1 3 -1 3 3 1 -1 1 2 2 2 2 6 2 6 6 1 2 
2 -1 2 2 -1 3 3 2 2 2 1 -1 2 1 1 2 2 6 6 2 
2 -1 2 2 -1 3 3 2 2 2 1 1 1 1 2 2 2 6 6 -1 
-1 -1 -1 -1 1 1 -1 2 -1 1 1 1 1 1 2 -1 2 2 2 6 
3 2 -1 -1 1 1 -1 2 2 2 1 1 1 2 2 2 2 1 2 1 
3 2 -1 -1 -1 -1 -1 -1 -1 2 1 2 1 2 2 2 1 1 1 1 
-1 2 -1 2 -1 2 -1 -1 2 2 1 1 -1 1 1 1 1 2 1 1 
-1 1 -1 -1 2 2 2 1 1 1 1 1 1 3 3 1 1 2 2 1 
2 1 -1 -1 -1 1 1 1 1 1 -1 1 -1 -1 3 2 2 -1 2 2 
1 2 2 -1 -1 1 1 1 -1 2 2 2 1 -1 2 2 2 2 2 1 
1 1 2 -1 -1 2 2 2 -1 2 2 2 1 -1 2 1 -1 2 2 2 
2 2 2 -1 2 -1 2 2 2 2 -1 2 1 1 -1 2 1 2 2 2 
1 1 -1 1 -1 2 2 2 -1 2 2 1 1 1 1 1 1 2 2 -1 
-1 -1 1 2 -1 2 2 -1 2 1 1 -1 1 1 1 1 1 -1 -1 -1 
1 2 2 2 -1 2 2 1 1 1 1 2 1 -1 -1 -1 1 -1 -1 -1 
1 1 -1 -1 2 -1 -1 1 2 2 1 1 2 -1 2 -1 1 1 -1 -1 
1 -1 -1 -1 -1 -1 -1 1 -1 -1 2 -1 -1 2 -1 1 1 1 1 1 
-1 -1 -1 -1 -1 -1 -1 -1 -1 -1 2 2 -1 -1 -1 -1 -1 1 1 -1 
-1 -1 -1 -1 -1 -1 -1 2 2 2 2 2 -1 -1 -1 -1 1 -1 1 -1 
-1 -1 -1 -1 2 -1 1 2 2 1 -1 2 2 -1 -1 2 2 1 -1 1 
-1 -1 -1 -1 2 -1 -1 1 1 -1 1 2 2 2 2 2 -1 2 -1 -1 
1 1 -1 -1 2 -1 -1 1 1 1 -1 1 1 2 2 2 -1 -1 2 2 
1 1 1 1 2 -1 2 1 2 2 -1 -1 1 2 2 -1 2 -1 2 2 
1 1 1 3 -1 2 1 2 2 2 2 2 2 2 2 2 2 2 1 2 
-1 1 -1 -1 -1 -1 -1 1 1 1 -1 -1 -1 -1 -1 -1 1 -1 -1 -1 
-1 -1 1 1 1 -1 -1 -1 1 1 1 1 -1 -1 -1 -1 1 1 -1 -1 
-1 -1 1 1 -1 -1 -1 1 1 -1 -1 1 -1 -1 -1 -1 1 -1 1 -1 
1 1 1 1 -1 -1 2 1 -1 1 1 -1 -1 1 1 1 1 1 1 -1 
1 1 1 1 -1 -1 -1 2 1 1 1 -1 1 1 1 1 1 1 -1 1 
1 1 1 -1 1 -1 2 1 2 1 -1 1 1 -1 1 1 1 1 1 1 
1 -1 -1 -1 -1 2 -1 2 2 2 2 1 1 1 -1 1 1 -1 -1 1 
1 -1 -1 -1 -1 -1 -1 -1 2 2 -1 2 -1 -1 -1 -1 -1 1 2 1 
1 -1 -1 -1 -1 -1 -1 -1 2 -1 2 -1 -1 -1 -1 -1 -1 1 -1 1 
-1 1 -1 -1 -1 -1 -1 2 2 -1 2 2 -1 1 -1 -1 -1 -1 1 -1 
1 -1 1 -1 -1 -1 -1 2 2 -1 2 2 1 -1 1 -1 1 2 -1 -1 
1 1 1 1 -1 -1 -1 -1 -1 2 -1 2 -1 -1 -1 1 -1 1 1 1 
-1 -1 1 1 -1 -1 -1 -1 -1 2 2 -1 -1 -1 -1 -1 1 1 -1 -1 
-1 1 1 -1 -1 -1 -1 -1 -1 1 -1 -1 -1 -1 -1 -1 -1 -1 -1 -1 
-1 1 -1 -1 -1 1 1 -1 1 1 -1 1 -1 -1 -1 -1 -1 -1 -1 -1 
-1 -1 -1 -1 1 -1 1 1 1 -1 -1 -1 1 -1 -1 -1 -1 -1 -1 -1 
1 2 -1 -1 -1 1 1 -1 1 -1 -1 1 1 1 -1 -1 -1 -1 -1 -1 
-1 -1 -1 -1 -1 -1 1 1 1 1 1 1 -1 -1 -1 -1 -1 -1 -1 -1 
-1 -1 -1 -1 -1 1 -1 1 1 1 1 1 1 -1 -1 1 -1 -1 -1 -1 
-1 -1 -1 -1 -1 -1 1 1 1 1 -1 1 1 -1 -1 -1 1 -1 -1 -1 
-1 -1 -1 -1 -1 1 1 1 1 -1 1 1 1 1 -1 -1 -1 -1 -1 -1 
-1 -1 -1 -1 -1 -1 1 -1 -1 -1 1 1 1 -1 -1 -1 -1 -1 -1 -1 
-1 -1 -1 -1 -1 1 1 -1 -1 1 1 1 1 1 -1 -1 -1 2 -1 -1 
-1 -1 -1 -1 -1 -1 1 1 1 1 1 1 -1 1 1 1 -1 -1 -1 -1 
-1 -1 -1 -1 1 -1 -1 1 1 -1 1 1 1 1 1 1 -1 -1 -1 -1 
-1 -1 -1 -1 -1 1 1 -1 1 1 1 1 1 1 1 -1 1 1 -1 -1 
-1 -1 -1 -1 -1 1 1 1 1 1 1 1 1 1 1 1 1 1 -1 -1 
-1 -1 -1 -1 -1 -1 1 -1 1 1 -1 1 1 1 1 1 1 1 1 -1 
-1 -1 -1 -1 -1 -1 -1 1 1 1 1 -1 1 1 1 1 1 1 1 1 
-1 -1 -1 -1 -1 -1 -1 1 1 1 1 1 1 1 1 1 1 1 1 -1 
1 1 1 -1 -1 -1 -1 1 1 -1 -1 1 1 1 1 1 1 1 1 1 
1 1 -1 -1 -1 -1 -1 -1 1 1 1 1 1 1 1 1 1 1 1 1 
1 1 1 -1 -1 -1 -1 -1 1 -1 -1 1 1 1 1 1 1 1 1 1 
-1 1 -1 -1 -1 -1 -1 -1 1 1 1 1 1 -1 1 1 1 1 1 -1 
-1 1 1 1 -1 -1 -1 -1 -1 1 1 1 1 1 1 1 1 1 1 1 
1 1 -1 1 -1 -1 -1 1 1 1 1 1 1 1 1 -1 1 1 1 -1 
1 -1 1 1 1 1 -1 1 1 1 1 1 1 1 -1 1 1 1 1 -1 
-1 -1 1 1 -1 1 1 1 1 -1 1 1 1 1 1 -1 1 -1 -1 1 
-1 -1 -1 -1 -1 1 1 1 1 1 1 1 1 1 -1 -1 -1 -1 -1 -1 
-1 -1 -1 1 1 1 1 1 1 1 -1 -1 -1 -1 -1 -1 -1 -1 -1 -1 
-1 -1 -1 -1 1 1 1 1 1 1 6 -1 -1 -1 -1 -1 -1 1 1 -1 
-1 -1 1 -1 1 1 1 -1 1 -1 -1 1 1 1 -1 -1 -1 -1 -1 -1 
-1 1 1 1 1 -1 -1 1 1 1 4 4 6 1 -1 -1 -1 -1 -1 -1 
-1 1 -1 -1 1 1 1 1 1 1 1 6 6 1 1 1 -1 -1 -1 -1 
8 8 -1 -1 -1 -1 -1 1 1 1 1 1 1 1 1 1 1 -1 -1 8 
-1 -1 1 -1 -1 -1 -1 -1 -1 1 1 1 1 -1 1 1 1 -1 -1 -1 
1 -1 1 -1 -1 -1 -1 -1 -1 -1 1 1 1 1 1 1 1 1 -1 -1 
1 1 -1 1 -1 1 -1 -1 -1 -1 1 1 1 1 1 -1 -1 -1 -1 -1 
1 1 1 1 -1 1 1 -1 -1 -1 1 1 1 1 1 1 -1 -1 -1 -1 
1 1 1 1 1 1 1 -1 -1 -1 -1 -1 -1 1 1 1 1 1 1 1 
1 1 1 1 1 1 1 -1 1 -1 1 -1 1 1 -1 1 1 1 1 1 
1 1 1 -1 1 1 -1 -1 1 1 -1 1 -1 -1 1 1 1 -1 -1 1 
1 1 -1 1 1 1 1 1 1 1 1 -1 -1 -1 1 1 1 1 -1 1 
1 1 1 1 1 1 1 1 -1 1 -1 -1 -1 -1 -1 -1 -1 1 1 1 
1 -1 1 1 1 1 1 1 1 -1 -1 -1 -1 -1 -1 1 1 1 1 1 
1 1 4 1 1 1 1 1 1 -1 -1 -1 -1 -1 1 -1 1 1 1 1 
-1 -1 1 1 1 1 1 -1 1 -1 -1 -1 -1 1 -1 1 1 1 -1 1 
1 1 1 1 1 1 1 1 1 1 -1 -1 -1 -1 -1 -1 -1 1 1 -1 
1 1 1 1 1 1 1 1 1 1 1 -1 -1 -1 -1 -1 -1 -1 1 1 
-1 -1 -1 1 1 1 1 1 -1 1 1 -1 -1 -1 -1 -1 -1 -1 1 1 
4 -1 4 -1 1 -1 4 4 4 4 1 1 1 1 1 1 -1 1 4 4 
4 4 -1 -1 -1 1 1 -1 4 4 1 1 1 1 1 -1 1 1 -1 4 
4 4 2 4 1 1 -1 -1 4 1 4 1 -1 1 1 1 -1 -1 4 4 
1 4 -1 3 1 1 1 1 1 1 4 1 1 1 1 -1 1 4 -1 -1 
1 1 3 3 3 1 1 -1 -1 -1 4 4 4 -1 -1 1 4 4 -1 -1 
3 3 3 1 3 3 3 -1 -1 4 4 4 4 4 4 4 6 6 6 -1 
-1 -1 1 1 -1 1 -1 -1 -1 -1 -1 4 -1 -1 4 6 6 6 6 -1 
-1 -1 1 1 1 -1 -1 -1 -1 -1 6 6 6 6 6 -1 6 6 6 6 
6 1 1 1 1 -1 1 -1 2 1 6 6 6 6 6 4 -1 6 6 6 
6 1 1 1 1 2 2 2 -1 6 6 -1 6 -1 4 4 6 6 6 6 
6 1 1 1 1 1 -1 -1 -1 6 6 6 -1 6 6 6 6 6 6 6 
6 -1 1 1 1 -1 6 6 -1 6 6 6 6 6 6 6 6 6 6 6 
-1 -1 1 1 4 2 -1 6 6 6 6 6 6 6 6 6 6 6 -1 6 
-1 -1 -1 1 2 2 6 -1 6 6 1 -1 -1 6 1 1 1 -1 -1 6 
4 4 4 -1 2 2 -1 -1 -1 -1 6 1 6 -1 1 1 -1 -1 4 4 
4 4 4 -1 4 -1 -1 -1 -1 -1 -1 -1 1 1 1 -1 1 1 4 4 
-1 4 -1 -1 4 4 -1 -1 -1 -1 5 1 -1 1 1 1 1 1 4 4 
4 -1 -1 -1 4 4 -1 -1 -1 -1 5 1 1 1 1 1 1 1 1 4 
4 4 1 1 -1 -1 4 -1 4 4 -1 1 1 1 1 1 1 1 1 -1 
4 4 1 -1 5 -1 -1 -1 4 4 1 1 1 1 1 1 1 1 1 4 
6 6 6 6 4 4 -1 6 6 6 6 1 1 -1 -1 6 4 6 4 -1 
7 6 6 6 4 4 6 6 -1 2 -1 6 -1 -1 6 6 6 4 4 -1 
4 4 4 4 -1 6 4 4 6 2 2 2 2 2 2 6 4 4 4 4 
6 4 6 4 4 4 4 4 6 1 -1 2 2 2 2 6 4 4 4 4 
6 4 4 4 4 4 4 4 4 4 1 1 1 6 6 -1 4 -1 -1 -1 
4 4 4 2 4 1 4 4 4 4 4 -1 4 4 4 6 -1 -1 -1 -1 
4 -1 -1 4 1 1 4 4 4 4 4 4 4 6 4 -1 1 -1 -1 6 
6 4 4 4 3 3 4 1 1 4 4 4 6 1 1 1 1 1 -1 -1 
4 -1 4 -1 3 3 3 4 1 4 4 -1 4 -1 1 1 1 -1 -1 4 
6 3 2 2 3 3 3 4 1 3 -1 -1 4 4 -1 1 1 1 6 -1 
-1 4 3 2 2 3 3 3 1 -1 3 3 4 -1 6 -1 6 6 -1 6 
-1 1 3 3 3 3 3 3 3 3 3 3 6 6 6 6 6 6 6 -1 
3 3 6 3 3 3 3 1 3 3 3 6 -1 -1 6 6 6 6 6 6 
6 6 3 -1 3 3 1 1 40 3 3 6 6 6 6 6 6 6 -1 6 
6 6 6 3 -1 1 1 -1 40 6 2 6 6 6 6 6 6 6 6 6 
6 1 -1 3 1 1 1 6 -1 2 6 6 40 -1 6 6 6 6 -1 4 
6 1 1 1 -1 32 1 1 1 6 5 5 6 6 6 6 4 6 4 6 
6 6 1 -1 6 -1 32 32 1 40 40 6 6 6 6 6 4 4 4 -1 
6 6 1 -1 -1 6 6 1 5 -1 -1 6 6 6 6 4 -1 4 6 6 
6 6 1 -1 -1 -1 6 6 1 6 -1 6 6 6 6 6 6 4 6 6 
-1 1 1 1 4 1 1 1 6 4 1 1 4 4 -1 1 -1 1 1 6 
6 -1 1 1 4 -1 -1 6 1 1 1 1 4 -1 3 -1 6 6 6 1 
4 4 4 1 4 -1 1 1 1 1 6 4 6 6 -1 6 6 6 1 4 
4 4 4 4 4 1 1 1 1 1 1 6 6 4 6 6 2 6 1 1 
1 1 6 4 4 4 -1 1 1 1 1 6 6 6 2 2 2 6 6 -1 
1 6 1 -1 -1 -1 1 1 1 1 1 1 1 6 1 2 5 6 1 1 
1 1 1 1 1 -1 -1 -1 1 -1 1 1 5 1 5 1 -1 1 -1 -1 
1 1 1 1 1 1 -1 -1 1 1 6 6 1 5 1 1 1 1 1 1 
1 -1 1 1 1 1 1 1 1 1 1 1 1 1 1 1 1 1 1 1 
1 1 1 1 1 1 1 1 1 1 6 1 1 1 1 -1 1 1 -1 1 
1 2 -1 1 1 1 1 1 5 1 1 1 1 1 -1 1 2 1 2 2 
2 -1 -1 1 1 1 1 5 1 1 4 1 1 1 1 4 2 2 2 2 
-1 -1 -1 1 1 1 7 3 4 4 1 1 1 1 1 4 4 2 2 1 
-1 -1 -1 -1 7 7 -1 3 5 3 4 1 1 4 4 4 4 -1 2 1 
-1 -1 -1 5 5 1 7 4 3 6 4 4 4 1 4 4 4 4 1 -1 
1 1 4 4 4 4 4 5 7 4 4 -1 4 4 4 4 4 1 -1 1 
1 1 1 1 4 4 4 4 5 4 6 1 1 1 1 4 1 1 -1 -1 
-1 1 1 4 4 2 4 4 4 5 4 4 4 4 -1 6 1 1 1 -1 
2 1 1 1 1 1 6 4 4 7 4 4 4 1 1 1 1 1 1 1 
1 1 1 1 6 6 1 -1 1 6 4 -1 4 1 1 1 1 1 -1 1 
1 4 3 6 4 4 4 4 6 4 4 4 4 5 4 2 4 4 4 1 
1 4 4 6 1 4 1 4 4 6 4 4 1 -1 4 4 5 4 4 4 
4 4 4 4 4 1 1 1 4 6 6 -1 1 1 5 5 5 4 5 5 
5 4 4 4 4 1 1 1 6 6 6 -1 1 5 5 5 6 5 5 5 
5 6 6 6 1 1 1 6 6 6 1 1 6 -1 -1 5 6 5 5 -1 
5 4 3 4 1 4 6 6 6 4 -1 1 1 6 -1 -1 5 -1 5 5 
4 4 3 4 4 1 -1 6 6 6 1 1 6 -1 -1 -1 -1 -1 -1 2 
-1 3 -1 6 6 1 1 6 6 6 6 6 6 6 -1 5 -1 -1 5 2 
3 3 3 6 4 -1 1 6 6 6 1 6 6 -1 -1 5 5 5 1 4 
3 3 3 6 1 1 -1 -1 6 4 6 1 6 6 6 6 5 1 2 3 
3 3 3 4 1 1 1 1 6 4 4 1 4 4 6 6 1 1 2 2 
6 2 4 3 4 4 1 -1 6 4 4 1 1 1 6 6 -1 -1 2 2 
2 -1 2 -1 1 4 1 1 4 6 6 6 6 4 6 6 6 -1 2 2 
2 2 2 1 6 4 4 4 1 1 1 -1 4 2 6 4 1 -1 -1 2 
1 -1 1 1 1 1 4 2 1 1 1 2 2 2 2 1 -1 -1 -1 -1 
2 1 1 1 1 -1 -1 2 2 6 6 -1 2 2 -1 -1 -1 -1 -1 -1 
1 1 4 2 1 4 2 2 2 2 2 -1 2 2 2 2 -1 -1 4 2 
-1 1 1 4 2 4 4 2 -1 2 -1 2 -1 2 2 4 -1 -1 -1 1 
-1 2 4 -1 2 4 4 4 4 6 2 -1 -1 1 1 2 4 5 -1 -1 
-1 2 2 3 2 4 4 4 4 4 4 4 1 1 2 2 2 4 -1 -1 
1 1 1 1 1 1 1 -1 1 1 1 1 1 -1 1 1 1 1 1 6 
1 6 6 1 1 1 1 1 -1 1 1 1 1 1 1 1 6 1 -1 6 
1 1 1 1 1 6 1 1 1 1 1 1 1 1 1 1 -1 6 4 1 
1 1 1 1 6 6 1 1 1 1 1 1 1 1 1 1 1 1 1 4 
6 1 6 -1 6 1 2 1 2 1 1 1 1 1 1 1 1 6 2 2 
6 -1 -1 -1 -1 2 2 1 2 1 1 1 1 -1 -1 -1 -1 1 1 6 
6 6 -1 1 1 -1 -1 1 2 2 1 1 -1 1 -1 -1 -1 1 1 1 
6 6 1 1 -1 -1 1 2 -1 2 1 -1 1 2 1 1 1 1 1 1 
-1 6 -1 -1 -1 -1 1 -1 1 1 1 2 2 2 2 1 6 4 1 6 
-1 -1 6 -1 -1 -1 1 1 1 1 2 -1 2 2 2 6 -1 1 1 1 
6 6 6 1 -1 -1 4 1 1 2 2 2 2 2 2 -1 1 2 6 -1 
-1 6 -1 1 1 -1 2 2 -1 2 1 2 2 2 1 1 6 1 6 6 
-1 -1 -1 1 1 1 2 2 1 -1 2 1 2 2 2 2 6 1 6 6 
-1 6 6 -1 -1 1 2 1 1 2 -1 -1 1 2 2 -1 -1 4 6 6 
-1 6 6 1 -1 -1 1 1 2 2 2 -1 2 2 -1 2 4 6 4 6 
6 -1 6 1 -1 1 1 2 2 2 2 2 2 2 1 1 2 2 6 6 
6 6 1 1 -1 1 1 2 -1 2 1 2 -1 1 1 1 6 -1 6 6 
6 -1 1 1 1 1 1 1 -1 1 1 2 2 2 1 1 1 1 6 6 
6 -1 1 1 1 1 1 1 -1 1 1 2 1 1 1 1 1 1 1 1 
6 6 1 1 1 1 1 1 -1 1 1 1 1 1 1 1 1 1 1 1 
2 1 -1 1 6 6 1 6 1 1 1 1 1 1 1 2 -1 2 2 -1 
-1 -1 -1 -1 -1 6 1 1 6 -1 1 1 -1 -1 2 1 -1 2 -1 2 
-1 -1 -1 1 -1 1 1 1 1 1 1 1 2 -1 2 2 1 2 2 1 
-1 -1 1 1 1 1 1 1 1 1 1 1 1 1 2 2 -1 2 2 -1 
-1 -1 1 -1 1 -1 1 1 1 1 1 1 1 -1 2 2 2 -1 -1 -1 
-1 -1 1 1 1 1 1 1 1 1 1 1 1 1 2 1 -1 -1 -1 -1 
-1 -1 -1 -1 1 1 1 1 1 1 1 1 1 2 1 1 1 -1 -1 -1 
-1 -1 -1 1 1 1 -1 -1 1 1 1 1 1 2 1 1 1 1 2 -1 
-1 -1 1 1 1 1 1 1 1 1 1 -1 -1 2 1 1 -1 2 8 8 
-1 -1 1 1 2 2 1 1 1 1 1 1 1 -1 -1 1 8 8 8 1 
-1 -1 1 1 -1 2 2 1 2 -1 -1 2 -1 -1 -1 1 1 8 1 1 
1 1 1 1 2 2 2 2 -1 -1 -1 2 2 -1 1 -1 8 1 -1 -1 
-1 -1 -1 -1 1 1 2 -1 2 -1 -1 -1 -1 1 -1 6 -1 -1 -1 -1 
-1 -1 1 1 1 1 1 2 -1 -1 2 -1 2 1 1 2 6 -1 -1 1 
1 -1 -1 1 1 1 1 -1 2 2 2 2 1 1 1 -1 2 2 2 1 
1 -1 -1 1 1 1 1 1 2 2 2 2 -1 1 1 1 2 1 2 2 
1 -1 -1 2 1 1 1 1 1 1 1 1 1 1 1 1 1 2 -1 -1 
1 -1 2 -1 2 1 1 1 1 1 1 1 1 1 1 1 2 2 2 2 
2 1 1 6 6 -1 1 1 1 1 1 1 1 1 1 1 -1 1 1 1 
2 2 -1 6 6 6 -1 1 1 1 1 1 1 3 1 -1 2 1 2 2 
2 2 -1 1 1 1 1 1 1 1 1 1 3 1 1 1 1 1 1 1 
1 -1 1 1 1 -1 1 1 1 1 1 1 1 1 1 1 1 1 1 1 
-1 1 1 1 -1 1 1 1 1 1 1 1 3 1 1 1 1 1 1 1 
-1 -1 1 -1 1 1 1 1 1 1 1 1 3 1 1 1 3 -1 2 -1 
1 1 1 -1 -1 1 1 1 1 -1 1 3 -1 1 3 1 1 1 2 2 
-1 1 -1 -1 1 -1 -1 1 1 1 3 -1 -1 -1 1 1 1 -1 2 1 
2 -1 1 -1 -1 2 -1 1 1 1 1 1 -1 -1 1 -1 1 2 2 2 
-1 -1 -1 -1 -1 -1 2 -1 1 -1 3 3 -1 1 1 1 1 1 1 -1 
1 -1 -1 1 -1 1 1 -1 -1 -1 -1 1 1 1 1 1 1 -1 -1 -1 
-1 1 1 1 1 -1 1 -1 1 1 1 1 1 1 1 1 1 -1 -1 1 
1 1 -1 1 1 1 1 1 1 1 1 1 1 1 1 -1 -1 -1 1 -1 
-1 -1 -1 1 1 1 -1 1 1 1 1 1 -1 1 1 1 1 1 2 1 
3 -1 -1 1 1 -1 1 1 1 1 1 1 1 1 1 1 1 1 1 3 
-1 1 -1 1 1 -1 1 -1 1 1 1 1 1 1 1 1 1 1 1 1 
1 1 -1 1 -1 1 -1 2 1 -1 -1 -1 -1 -1 -1 1 -1 -1 -1 -1 
1 1 1 -1 1 1 2 1 -1 -1 -1 -1 -1 1 1 1 -1 -1 1 1 
1 1 1 1 1 1 -1 1 -1 -1 -1 2 -1 1 1 1 1 1 1 1 
-1 1 1 1 1 1 -1 1 1 -1 2 2 2 1 1 1 2 1 1 1 
1 -1 1 1 1 1 1 1 1 1 2 2 2 1 1 1 2 1 -1 1 
1 -1 -1 -1 1 1 1 1 1 1 1 2 1 1 -1 1 1 1 1 1 
-1 2 2 2 1 1 1 1 -1 1 -1 1 -1 -1 -1 -1 40 2 8 8 
-1 2 2 2 -1 -1 1 1 1 1 -1 1 1 1 1 40 -1 1 40 -1 
2 2 2 2 2 1 1 1 1 1 1 1 1 1 1 1 40 40 1 2 
40 -1 2 2 2 2 1 1 1 1 1 1 1 1 1 1 1 2 2 2 
40 2 -1 2 2 1 1 1 1 1 -1 1 1 1 1 1 1 8 40 8 
-1 -1 2 -1 2 -1 -1 1 -1 1 1 1 1 1 1 1 1 1 -1 40 
2 1 2 2 -1 -1 -1 -1 -1 -1 -1 1 -1 1 1 1 1 -1 1 1 
2 -1 -1 -1 -1 2 -1 -1 -1 -1 1 1 1 -1 1 1 1 1 2 6 
1 2 -1 -1 2 -1 -1 -1 3 -1 -1 -1 -1 1 2 -1 1 1 2 6 
1 1 -1 -1 1 2 -1 -1 3 3 -1 -1 1 1 1 1 2 1 1 6 
6 -1 -1 -1 1 1 1 1 -1 1 -1 3 2 2 1 1 1 2 6 6 
1 1 1 1 1 1 1 1 1 -1 -1 -1 1 1 1 1 1 6 2 1 
1 1 1 -1 -1 1 -1 1 1 1 -1 1 1 1 2 -1 -1 6 2 1 
1 1 1 -1 1 1 1 1 1 -1 1 -1 1 1 2 -1 -1 2 -1 1 
1 1 -1 1 3 3 -1 1 1 -1 1 1 -1 1 2 -1 2 2 -1 1 
1 1 3 3 3 3 3 3 -1 1 -1 -1 1 -1 -1 2 2 2 2 1 
3 1 -1 3 3 3 3 3 1 -1 1 1 -1 -1 -1 -1 -1 2 2 2 
1 3 2 1 3 3 1 3 -1 1 -1 1 1 -1 2 -1 2 2 2 2 
2 2 2 1 3 1 1 -1 -1 3 1 -1 -1 -1 -1 2 2 2 2 2 
-1 2 2 3 3 1 1 1 3 1 -1 -1 -1 -1 -1 -1 2 40 2 -1 
-1 -1 -1 -1 -1 1 1 -1 1 2 1 3 2 2 2 2 2 6 -1 6 
-1 -1 -1 -1 1 1 1 1 -1 2 2 -1 2 -1 2 -1 2 6 6 -1 
-1 -1 -1 1 -1 1 1 -1 2 2 6 2 2 2 2 2 6 -1 -1 -1 
-1 -1 1 1 1 1 -1 2 2 -1 2 2 2 2 2 1 2 2 2 2 
1 -1 -1 1 1 -1 -1 -1 -1 -1 2 2 2 2 2 1 2 2 1 -1 
-1 1 1 1 -1 -1 -1 -1 -1 1 -1 2 2 2 2 2 2 1 1 1 
1 1 1 -1 -1 -1 -1 -1 -1 6 2 2 -1 1 2 2 2 -1 -1 1 
-1 1 1 -1 -1 -1 -1 2 6 1 -1 -1 1 -1 2 2 1 1 -1 1 
1 1 1 -1 1 -1 -1 1 1 1 1 1 2 1 1 6 1 2 1 1 
1 -1 -1 1 -1 -1 3 3 6 1 1 1 6 6 1 6 2 1 2 1 
-1 1 -1 -1 1 3 3 3 3 6 2 -1 2 -1 2 2 2 2 2 6 
-1 -1 3 1 -1 -1 -1 3 3 6 2 -1 2 2 2 2 2 2 6 -1 
-1 -1 -1 -1 -1 3 -1 2 2 3 -1 1 -1 2 -1 2 2 6 -1 -1 
-1 1 -1 -1 3 1 -1 2 3 2 2 1 -1 2 -1 -1 2 2 2 6 
1 -1 3 -1 3 3 -1 2 2 -1 -1 1 2 -1 2 -1 2 2 -1 6 
3 3 3 -1 -1 3 2 -1 1 2 1 -1 2 6 6 2 -1 2 6 6 
3 3 -1 -1 -1 -1 3 1 -1 -1 -1 -1 2 2 2 2 6 6 -1 6 
6 -1 -1 -1 -1 -1 -1 -1 -1 -1 -1 2 -1 2 2 -1 6 2 6 6 
1 1 -1 -1 -1 -1 -1 -1 2 2 2 -1 2 2 -1 -1 -1 6 6 1 
-1 -1 -1 -1 -1 -1 1 -1 2 1 2 2 -1 2 2 -1 6 6 6 1 
-1 -1 -1 -1 1 -1 1 1 1 1 6 1 6 6 2 -1 6 2 2 -1 
-1 -1 -1 -1 1 1 1 1 1 1 1 1 1 6 1 6 -1 6 -1 -1 
-1 6 -1 -1 1 1 -1 1 -1 1 6 1 1 1 1 1 1 -1 1 -1 
6 2 -1 -1 1 -1 1 1 -1 1 1 1 1 1 2 2 1 1 -1 -1 
6 2 -1 -1 -1 -1 -1 -1 -1 1 1 1 1 6 6 -1 2 1 1 2 
2 2 -1 2 2 1 2 -1 -1 1 1 1 1 1 1 1 1 1 2 2 
2 -1 2 2 -1 1 1 -1 -1 -1 1 1 1 1 1 34 1 1 2 2 
6 2 2 2 -1 -1 -1 1 -1 -1 1 1 1 2 2 2 1 1 2 2 
6 -1 2 -1 1 1 -1 6 6 -1 -1 1 -1 34 2 6 -1 1 2 3 
6 6 -1 -1 -1 -1 1 1 6 -1 2 -1 -1 6 -1 2 -1 2 1 3 
2 6 1 6 -1 -1 1 2 2 -1 2 -1 -1 -1 -1 40 2 40 6 2 
8 2 2 6 6 1 1 1 8 8 6 2 -1 -1 6 8 40 6 -1 2 
40 2 6 3 -1 -1 6 1 1 40 -1 -1 -1 -1 -1 1 8 -1 -1 8 
6 3 3 -1 -1 6 6 6 40 8 -1 -1 -1 -1 1 -1 1 -1 -1 -1 
2 -1 3 3 -1 -1 6 -1 -1 -1 8 1 -1 -1 2 1 -1 -1 -1 6 
2 2 1 1 1 -1 -1 6 1 -1 -1 1 1 -1 -1 -1 6 1 2 6 
1 -1 2 1 -1 -1 1 1 1 -1 -1 -1 1 1 1 -1 6 6 1 1 
1 -1 -1 -1 -1 -1 -1 1 1 1 -1 -1 1 1 6 -1 -1 -1 1 -1 
-1 -1 -1 -1 1 1 1 -1 1 1 1 1 6 6 1 1 -1 -1 -1 1 
-1 -1 -1 -1 1 1 1 1 1 1 2 6 6 6 1 2 -1 2 -1 -1 
1 2 2 1 1 1 1 1 1 1 1 -1 -1 2 6 2 1 1 1 1 
1 2 2 -1 1 1 1 1 -1 1 1 -1 1 -1 -1 2 2 -1 1 2 
-1 -1 -1 -1 1 1 1 1 -1 1 1 1 -1 2 2 -1 2 2 2 2 
4 -1 -1 4 1 1 1 -1 -1 -1 -1 -1 -1 -1 2 -1 -1 2 2 2 
4 -1 4 4 1 -1 -1 -1 2 -1 -1 -1 -1 2 -1 -1 -1 -1 -1 4 
4 4 -1 -1 -1 -1 -1 -1 -1 -1 2 2 -1 2 2 -1 5 5 -1 4 
5 -1 4 -1 -1 -1 -1 -1 -1 -1 2 2 2 2 -1 2 -1 -1 -1 4 
-1 -1 -1 4 -1 -1 -1 -1 -1 -1 -1 2 -1 2 -1 -1 -1 6 -1 5 
1 -1 -1 -1 -1 -1 -1 -1 -1 -1 2 -1 -1 -1 -1 -1 6 -1 -1 1 
1 1 6 -1 -1 -1 -1 -1 -1 2 -1 3 -1 -1 -1 6 6 6 -1 5 
1 -1 -1 6 6 -1 -1 -1 -1 -1 3 3 -1 -1 2 1 6 6 -1 -1 
1 -1 6 2 2 -1 -1 -1 -1 -1 -1 -1 6 2 -1 2 6 6 -1 -1 
-1 -1 2 -1 2 -1 -1 -1 -1 -1 -1 6 -1 2 -1 2 2 2 -1 1 
1 3 2 -1 2 -1 -1 -1 -1 -1 6 6 6 -1 -1 2 -1 -1 -1 -1 
-1 -1 2 2 2 1 3 2 -1 -1 6 2 6 2 -1 -1 -1 -1 -1 -1 
-1 3 2 2 2 3 3 2 1 -1 2 6 6 6 -1 1 1 -1 -1 -1 
3 1 2 -1 2 -1 -1 2 1 2 1 2 6 -1 6 6 1 -1 -1 -1 
1 1 2 2 -1 -1 1 1 1 1 1 1 -1 6 6 -1 2 -1 1 1 
1 1 3 2 1 1 1 1 1 1 1 1 -1 -1 -1 2 1 1 1 1 
1 2 2 2 1 1 1 1 1 1 -1 -1 -1 2 6 2 1 1 1 1 
-1 -1 4 6 2 1 1 2 1 2 3 -1 6 -1 -1 -1 -1 -1 5 4 
-1 4 6 6 2 2 2 2 1 3 2 -1 6 -1 -1 -1 -1 -1 5 -1 
5 -1 -1 -1 -1 2 -1 2 1 2 -1 2 -1 -1 -1 -1 -1 -1 5 5 
-1 5 2 -1 -1 -1 1 -1 2 3 3 3 2 2 2 -1 -1 -1 -1 4 
-1 2 2 2 2 -1 -1 -1 3 -1 -1 -1 2 2 -1 -1 2 -1 -1 -1 
-1 -1 2 2 -1 2 2 3 2 -1 -1 -1 2 2 2 1 -1 2 -1 -1 
-1 2 2 -1 -1 -1 -1 2 -1 -1 -1 2 3 3 2 1 -1 -1 -1 -1 
2 -1 2 2 -1 -1 -1 -1 -1 2 2 2 2 -1 1 1 -1 -1 -1 -1 
-1 -1 -1 6 2 6 -1 -1 -1 2 2 2 3 1 2 2 -1 -1 -1 -1 
-1 -1 -1 -1 2 6 2 -1 -1 -1 -1 -1 -1 1 2 2 2 -1 -1 -1 
2 2 6 2 6 2 2 2 2 2 -1 1 1 2 2 2 -1 -1 -1 -1 
2 2 6 2 2 2 2 2 2 2 2 2 1 1 1 1 -1 -1 -1 -1 
-1 2 -1 2 1 2 2 1 2 -1 2 1 -1 3 1 -1 -1 -1 -1 -1 
2 2 2 2 2 1 1 2 2 2 2 2 2 -1 1 -1 -1 -1 2 2 
6 2 2 2 1 1 1 1 2 2 2 2 2 -1 -1 -1 6 6 -1 -1 
6 2 2 6 1 1 1 3 2 2 -1 -1 2 -1 -1 -1 6 6 6 -1 
2 2 -1 1 1 1 2 2 2 1 -1 2 -1 -1 -1 3 2 6 6 6 
5 2 4 1 1 1 2 2 1 -1 -1 -1 -1 -1 -1 -1 3 -1 -1 6 
2 5 5 1 1 -1 2 1 -1 -1 -1 -1 -1 -1 -1 -1 -1 -1 2 6 
6 6 4 1 1 1 1 1 2 -1 -1 6 -1 -1 -1 -1 -1 -1 -1 -1 
2 -1 -1 -1 -1 -1 -1 -1 -1 -1 -1 -1 2 -1 -1 2 6 6 -1 6 
2 -1 -1 -1 -1 -1 -1 -1 -1 2 -1 -1 -1 -1 -1 -1 6 6 6 6 
-1 -1 -1 -1 -1 -1 -1 -1 -1 -1 -1 2 3 2 2 6 6 2 -1 6 
-1 -1 -1 -1 -1 -1 -1 -1 -1 2 2 2 2 -1 2 2 3 2 6 6 
-1 -1 -1 -1 -1 -1 -1 -1 -1 -1 2 1 1 -1 2 6 6 2 4 -1 
9 -1 -1 -1 -1 -1 1 1 1 -1 -1 -1 1 -1 3 3 3 3 1 1 
9 9 2 1 -1 -1 -1 1 1 -1 -1 -1 -1 -1 2 3 6 3 3 9 
9 9 9 1 1 1 1 -1 1 -1 -1 -1 -1 3 3 3 3 -1 9 9 
9 9 -1 -1 1 3 2 1 -1 -1 -1 -1 -1 -1 1 1 -1 -1 -1 9 
-1 9 -1 -1 2 3 -1 1 -1 -1 -1 -1 -1 -1 1 -1 1 -1 9 -1 
9 9 -1 -1 1 -1 1 1 -1 -1 -1 -1 -1 -1 -1 1 2 -1 2 -1 
2 1 2 -1 -1 1 3 -1 -1 -1 -1 -1 -1 -1 -1 2 1 2 2 -1 
-1 2 1 -1 -1 3 3 3 -1 -1 -1 -1 -1 -1 3 3 2 3 3 2 
2 1 1 -1 3 3 3 3 -1 -1 -1 -1 -1 -1 -1 -1 -1 -1 -1 1 
-1 1 3 3 3 3 -1 -1 -1 -1 -1 -1 -1 -1 -1 -1 1 -1 -1 -1 
1 1 -1 1 3 3 2 -1 -1 -1 -1 -1 -1 -1 -1 1 -1 -1 -1 1 
1 1 1 1 1 3 -1 -1 -1 -1 -1 -1 -1 -1 -1 -1 -1 -1 1 1 
1 -1 1 1 1 -1 2 -1 -1 -1 -1 -1 -1 -1 -1 2 9 -1 -1 -1 
1 -1 -1 -1 -1 -1 -1 -1 -1 -1 -1 -1 -1 -1 9 9 2 -1 -1 -1 
-1 1 -1 -1 -1 -1 -1 -1 -1 -1 -1 -1 2 -1 -1 -1 6 -1 -1 -1 
-1 2 -1 2 8 8 -1 -1 9 8 8 -1 8 -1 -1 -1 -1 -1 9 8 
2 2 2 -1 -1 -1 -1 9 1 8 -1 -1 -1 8 -1 -1 -1 9 -1 -1 
-1 2 -1 -1 -1 -1 -1 1 -1 -1 -1 -1 8 -1 -1 1 1 9 -1 -1 
-1 -1 -1 1 1 -1 -1 1 1 -1 -1 -1 -1 -1 -1 -1 1 1 -1 -1 
-1 1 1 1 3 1 1 1 1 -1 -1 -1 -1 -1 -1 1 -1 1 -1 -1 
1 1 1 -1 1 1 -1 2 -1 -1 -1 -1 -1 -1 -1 1 1 -1 -1 -1 
2 1 -1 1 1 1 -1 1 -1 -1 -1 -1 -1 -1 -1 1 1 -1 -1 2 
2 -1 -1 -1 -1 1 1 -1 2 2 -1 -1 -1 -1 -1 1 -1 -1 -1 2 
2 2 -1 1 1 1 1 1 -1 2 2 2 2 -1 -1 -1 -1 -1 2 2 
-1 -1 1 -1 1 1 1 -1 2 2 2 2 -1 -1 2 2 -1 -1 -1 -1 
-1 -1 -1 1 1 1 1 -1 2 2 -1 -1 2 2 2 -1 -1 -1 -1 -1 
-1 -1 -1 1 1 2 1 -1 2 -1 2 -1 2 -1 2 -1 -1 -1 2 -1 
2 1 1 1 -1 2 2 2 2 2 -1 -1 -1 -1 2 -1 -1 -1 -1 2 
2 1 -1 -1 -1 -1 2 2 2 2 2 2 -1 -1 -1 -1 1 -1 -1 -1 
2 2 2 -1 -1 1 1 1 2 2 2 2 -1 -1 -1 -1 1 -1 -1 -1 
2 2 -1 -1 -1 1 1 1 2 2 -1 -1 -1 -1 -1 1 -1 -1 -1 2 
-1 -1 2 -1 -1 -1 -1 -1 -1 2 2 2 -1 -1 -1 -1 -1 -1 -1 2 
-1 -1 -1 -1 -1 -1 -1 -1 -1 2 2 -1 -1 -1 -1 -1 -1 -1 -1 -1 
-1 -1 -1 -1 -1 -1 -1 -1 2 2 2 -1 -1 -1 3 -1 -1 -1 -1 -1 
-1 -1 -1 -1 -1 8 2 2 -1 8 -1 -1 -1 -1 3 -1 -1 -1 -1 -1 
2 -1 -1 -1 -1 8 8 -1 -1 1 1 8 8 8 1 8 8 -1 -1 2 
-1 -1 -1 -1 8 8 8 -1 -1 -1 1 1 1 1 1 1 -1 -1 -1 2 
-1 -1 -1 8 -1 -1 8 -1 -1 1 1 1 8 1 1 1 1 1 1 -1 
-1 -1 -1 -1 -1 -1 8 8 1 1 1 1 1 1 1 1 1 1 1 1 
1 -1 -1 -1 -1 -1 -1 1 1 1 1 1 1 1 1 1 1 1 1 -1 
-1 -1 1 1 1 -1 8 8 8 8 1 -1 -1 -1 1 1 1 1 1 1 
-1 -1 1 1 1 1 -1 8 8 -1 -1 -1 -1 -1 1 1 1 1 1 -1 
-1 -1 -1 -1 -1 -1 -1 -1 8 -1 -1 -1 8 -1 -1 1 1 1 -1 -1 
-1 -1 -1 -1 -1 1 -1 -1 -1 -1 -1 8 8 -1 -1 1 1 -1 1 -1 
-1 -1 -1 -1 -1 1 -1 1 1 -1 2 -1 -1 -1 -1 1 8 2 2 2 
2 2 -1 -1 -1 -1 1 2 2 -1 -1 -1 -1 -1 -1 -1 -1 8 -1 -1 
-1 -1 -1 -1 -1 -1 -1 -1 2 2 -1 -1 -1 -1 -1 8 -1 8 -1 -1 
-1 -1 -1 -1 -1 -1 2 3 -1 2 -1 -1 -1 -1 -1 -1 8 8 -1 -1 
-1 -1 -1 1 -1 -1 2 2 2 -1 -1 -1 -1 -1 2 -1 -1 -1 -1 -1 
-1 -1 1 -1 1 2 2 3 -1 -1 -1 -1 -1 -1 -1 2 2 -1 -1 -1 
-1 -1 -1 1 -1 3 3 3 -1 -1 -1 -1 2 2 2 8 -1 -1 -1 -1 
-1 -1 -1 -1 -1 -1 -1 -1 -1 -1 8 2 2 2 8 -1 -1 -1 -1 -1 
-1 2 -1 -1 -1 -1 -1 8 -1 -1 8 8 8 -1 8 8 8 8 -1 -1 
1 2 -1 -1 8 -1 -1 8 8 8 -1 8 8 8 -1 8 8 8 8 -1 
1 1 2 -1 -1 8 8 -1 8 8 8 8 8 8 8 -1 8 8 8 -1 
-1 2 2 2 8 2 -1 2 -1 2 2 2 2 8 8 2 -1 8 8 -1 
-1 2 2 2 2 -1 -1 2 2 6 2 2 2 2 8 2 8 -1 8 1 
2 2 2 2 2 2 -1 -1 2 2 2 8 8 2 8 -1 -1 -1 -1 1 
2 2 2 2 1 2 -1 1 -1 6 2 6 2 -1 2 -1 8 1 1 1 
1 -1 2 2 2 1 -1 1 -1 -1 6 -1 2 2 -1 2 2 2 -1 1 
1 -1 2 2 2 2 1 1 1 -1 -1 2 -1 2 2 1 1 1 2 1 
1 1 2 1 -1 2 1 1 1 -1 -1 -1 -1 -1 -1 -1 1 1 1 1 
1 8 1 1 2 2 -1 1 1 -1 -1 -1 -1 -1 -1 -1 -1 1 1 8 
1 1 1 1 1 -1 1 -1 -1 -1 -1 -1 8 -1 2 -1 -1 8 8 -1 
-1 -1 1 1 -1 1 8 8 8 -1 8 -1 8 -1 2 2 2 8 -1 8 
8 -1 1 -1 -1 -1 8 8 8 8 8 8 -1 2 2 2 8 8 8 8 
8 8 8 8 -1 -1 8 8 -1 1 -1 8 2 -1 2 2 8 8 8 8 
8 8 -1 -1 -1 -1 -1 8 8 -1 1 8 2 2 8 8 8 8 8 8 
-1 8 -1 -1 -1 -1 -1 -1 8 1 1 1 -1 -1 1 8 -1 8 8 -1 
-1 8 -1 8 2 -1 2 2 2 -1 1 1 1 1 1 8 8 8 -1 -1 
-1 8 2 8 2 2 2 2 2 2 1 1 1 8 1 8 8 8 2 8 
8 2 8 2 2 2 -1 2 -1 2 1 1 1 1 8 8 8 2 2 -1 
-1 8 1 2 2 2 2 -1 -1 -1 -1 8 8 -1 8 -1 8 8 -1 -1 
-1 1 1 2 2 2 2 -1 2 2 2 -1 8 -1 -1 8 8 8 -1 8 
2 2 2 8 2 2 2 2 2 2 2 2 8 8 8 8 8 8 -1 -1 
2 1 2 -1 1 1 2 2 1 1 2 2 2 2 2 2 1 1 -1 2 
2 1 -1 2 1 1 1 1 1 1 -1 -1 2 2 2 2 1 1 1 1 
2 1 2 2 2 1 1 -1 -1 -1 2 1 2 -1 2 1 2 1 2 2 
1 1 2 2 2 1 1 1 -1 2 2 1 2 2 2 1 1 2 1 -1 
1 1 1 1 1 -1 -1 -1 2 2 2 1 1 1 3 2 1 1 1 1 
2 1 2 1 1 1 8 2 2 2 -1 1 1 2 2 2 1 1 1 1 
1 1 1 1 1 1 2 -1 2 2 -1 2 2 2 2 2 3 1 1 1 
1 1 1 1 1 2 -1 2 -1 2 2 2 2 1 -1 1 3 1 1 1 
1 2 1 1 1 2 -1 2 2 2 2 -1 2 2 1 1 1 1 1 1 
1 1 1 -1 1 1 1 2 2 -1 2 -1 2 -1 1 1 1 1 1 1 
-1 1 1 1 1 1 1 1 2 -1 2 -1 -1 1 1 1 1 1 1 -1 
-1 -1 -1 -1 1 -1 1 2 1 -1 -1 2 -1 1 1 -1 1 1 -1 -1 
2 -1 -1 1 1 1 1 1 1 -1 -1 -1 1 -1 -1 -1 -1 -1 -1 -1 
1 1 1 -1 -1 -1 1 1 -1 1 -1 -1 -1 -1 -1 -1 -1 2 -1 2 
2 -1 1 1 2 8 8 -1 1 -1 -1 -1 -1 2 -1 2 2 2 8 -1 
-1 -1 1 1 2 -1 8 1 8 -1 -1 8 8 2 2 -1 2 -1 8 -1 
8 2 1 2 1 1 -1 -1 3 1 8 -1 1 1 2 2 -1 8 8 8 
-1 -1 2 1 1 -1 1 3 -1 1 -1 8 8 2 2 2 -1 -1 8 8 
8 2 -1 1 1 1 1 1 3 1 1 2 2 8 2 2 1 -1 1 8 
8 8 2 -1 1 1 1 1 3 3 2 2 2 2 8 2 1 1 -1 2 
-1 1 1 2 -1 1 1 1 -1 -1 -1 1 -1 -1 -1 1 1 -1 1 -1 
1 1 -1 -1 -1 1 1 1 -1 -1 1 -1 -1 4 -1 -1 1 1 -1 1 
-1 2 1 -1 1 1 1 1 1 1 1 -1 -1 4 -1 -1 1 1 1 -1 
2 -1 2 -1 1 1 1 1 1 1 1 1 -1 4 -1 -1 1 1 -1 2 
-1 -1 -1 -1 -1 1 1 1 1 -1 1 1 -1 2 4 4 2 1 -1 2 
-1 -1 2 2 -1 -1 1 1 1 1 2 -1 -1 2 2 2 -1 2 2 -1 
2 -1 2 2 -1 -1 2 -1 -1 -1 1 2 -1 -1 2 -1 -1 -1 -1 -1 
-1 2 2 -1 -1 -1 -1 -1 2 2 1 2 2 -1 2 2 2 -1 2 2 
-1 2 -1 2 -1 1 2 -1 -1 2 -1 2 -1 -1 1 2 -1 2 2 2 
2 -1 -1 -1 -1 -1 1 2 -1 2 2 -1 -1 -1 1 -1 2 -1 -1 2 
-1 2 1 2 2 2 -1 1 2 2 2 2 2 1 2 2 2 -1 2 2 
2 1 1 2 2 2 2 -1 2 2 2 -1 -1 1 2 2 -1 2 2 2 
-1 1 1 1 -1 2 2 2 2 2 1 1 1 1 1 1 1 -1 -1 -1 
1 1 1 1 2 2 2 2 1 1 1 1 1 1 1 1 1 -1 -1 2 
1 1 1 2 2 2 1 1 1 -1 1 -1 1 1 1 2 1 -1 -1 1 
1 1 1 1 2 -1 1 2 1 -1 1 1 1 2 2 2 -1 2 2 -1 
1 -1 1 -1 -1 2 1 1 -1 -1 1 1 -1 2 1 2 1 -1 -1 1 
2 -1 -1 1 1 1 1 2 -1 1 1 1 1 1 1 1 1 2 -1 -1 
2 2 1 1 1 -1 2 2 2 -1 4 1 1 1 1 1 2 2 2 2 
-1 -1 2 2 -1 -1 -1 -1 1 1 1 1 1 -1 1 1 2 2 -1 -1 
2 1 1 -1 1 1 1 1 1 2 1 1 1 1 2 -1 -1 -1 2 2 
2 2 1 1 1 1 1 1 1 1 1 1 1 1 -1 -1 -1 -1 2 2 
2 2 1 1 1 1 1 1 1 2 1 -1 1 4 4 -1 -1 -1 2 -1 
2 -1 -1 -1 -1 2 1 1 1 2 2 1 1 1 2 2 2 -1 -1 2 
2 2 -1 -1 2 2 1 1 1 -1 2 2 1 -1 3 4 2 2 -1 2 
2 -1 -1 1 2 1 1 2 -1 2 2 -1 -1 -1 -1 -1 2 -1 -1 -1 
2 -1 -1 -1 2 1 1 -1 -1 -1 1 2 -1 -1 4 -1 -1 -1 -1 -1 
2 -1 -1 2 2 2 2 -1 -1 1 1 2 2 4 -1 4 -1 1 1 1 
2 -1 -1 2 2 2 2 1 -1 1 2 2 -1 -1 -1 -1 1 1 1 1 
1 1 2 2 2 2 -1 2 2 2 2 2 2 -1 -1 1 -1 1 1 1 
1 1 2 2 1 1 1 -1 2 1 2 2 2 1 1 1 -1 -1 -1 1 
1 1 2 1 2 2 2 2 2 2 2 -1 -1 1 1 1 -1 -1 1 1 
1 1 1 1 -1 2 2 2 2 2 2 -1 -1 1 1 1 -1 1 1 1 
1 -1 1 -1 1 1 2 -1 2 -1 2 2 2 1 1 -1 1 1 1 1 
2 2 1 1 1 1 1 2 2 2 -1 -1 2 -1 1 -1 -1 1 1 1 
2 1 3 1 2 2 2 2 -1 -1 -1 -1 -1 -1 -1 -1 -1 1 1 1 
1 1 1 3 3 1 2 -1 2 -1 -1 -1 -1 -1 -1 2 -1 1 1 1 
1 1 3 3 1 1 -1 -1 1 2 -1 -1 -1 -1 -1 2 -1 -1 -1 1 
2 1 1 1 1 -1 -1 1 1 2 1 -1 -1 -1 2 -1 2 -1 1 1 
1 1 -1 1 1 1 1 1 1 1 1 1 1 1 2 2 2 2 -1 2 
-1 1 1 1 1 1 1 1 -1 -1 8 2 2 -1 -1 -1 2 3 2 -1 
2 1 1 1 -1 1 1 1 -1 1 1 1 2 2 2 2 -1 1 2 2 
-1 1 1 1 1 1 1 -1 1 1 1 -1 2 2 2 2 2 -1 -1 -1 
-1 -1 -1 -1 1 1 -1 1 1 -1 -1 2 2 1 2 1 2 -1 1 1 
-1 1 -1 2 2 2 -1 -1 -1 -1 -1 2 2 2 1 1 1 -1 -1 1 
-1 1 1 -1 2 -1 -1 -1 -1 -1 -1 2 2 1 1 1 1 -1 1 -1 
1 1 1 2 2 -1 2 -1 -1 -1 -1 -1 2 1 1 1 1 1 2 1 
1 1 1 1 2 1 -1 -1 -1 -1 -1 -1 -1 2 1 -1 -1 2 -1 -1 
1 1 1 1 1 -1 1 -1 -1 -1 -1 -1 -1 1 -1 -1 -1 2 -1 -1 
2 2 2 1 1 1 1 1 -1 -1 -1 -1 1 1 4 -1 4 2 1 2 
-1 2 2 -1 1 1 3 -1 -1 1 1 1 1 4 -1 4 -1 2 2 2 
2 2 2 1 1 1 3 1 -1 1 1 1 1 1 4 4 4 2 2 2 
-1 -1 2 2 3 1 1 -1 -1 1 2 -1 2 2 4 1 4 2 -1 2 
2 2 -1 2 -1 1 1 -1 -1 -1 2 2 2 2 2 4 -1 4 -1 2 
2 -1 -1 2 2 -1 2 1 2 -1 -1 2 2 1 1 -1 -1 -1 -1 -1 
2 -1 1 1 2 -1 1 -1 -1 2 2 -1 2 2 3 3 -1 -1 -1 -1 
-1 -1 1 1 2 1 -1 -1 -1 -1 -1 1 -1 2 1 -1 1 -1 -1 2 
-1 1 1 1 2 -1 -1 -1 2 -1 2 1 1 -1 1 1 3 1 1 -1 
-1 1 1 2 1 1 -1 2 2 3 1 2 2 1 1 1 1 3 3 3 
-1 -1 1 1 2 1 2 1 2 3 1 2 2 -1 1 3 -1 -1 3 3 
1 1 1 2 2 2 -1 -1 2 8 8 8 -1 -1 -1 6 -1 1 1 -1 
1 1 -1 1 -1 -1 2 2 2 1 -1 -1 6 1 1 -1 1 -1 -1 -1 
1 -1 1 1 -1 -1 2 -1 1 1 1 -1 -1 6 6 -1 1 1 -1 1 
-1 1 1 2 -1 2 2 2 -1 1 1 1 1 6 -1 -1 -1 1 1 -1 
2 2 2 2 2 2 2 2 1 1 1 1 -1 6 1 1 1 -1 -1 1 
2 2 2 -1 -1 2 2 8 1 1 1 1 6 6 6 1 1 -1 2 2 
2 2 2 2 1 -1 1 2 8 1 -1 1 1 1 6 1 1 2 2 2 
2 2 2 2 1 1 1 1 1 1 1 1 1 1 1 -1 1 1 2 2 
2 2 2 4 1 1 1 -1 1 1 1 1 1 1 1 1 1 1 2 2 
2 -1 2 4 3 1 1 2 2 1 -1 -1 1 1 -1 1 1 1 1 1 
-1 -1 4 3 1 1 1 1 2 2 1 -1 2 1 -1 1 1 1 2 -1 
-1 4 1 -1 1 1 1 1 2 2 -1 1 2 1 2 2 1 1 2 -1 
2 2 1 1 -1 1 1 1 1 -1 -1 2 1 2 -1 -1 -1 2 -1 1 
2 1 1 1 1 1 -1 -1 1 1 -1 2 2 2 -1 -1 2 2 1 1 
2 2 1 1 1 1 1 -1 1 1 -1 2 -1 -1 -1 -1 2 1 1 2 
-1 2 -1 1 1 2 -1 2 -1 -1 -1 -1 2 2 2 1 1 2 1 2 
-1 -1 2 2 2 1 1 1 1 -1 2 -1 2 2 1 -1 1 -1 1 -1 
-1 -1 -1 2 1 1 1 1 8 -1 -1 2 -1 1 2 -1 1 1 -1 -1 
-1 1 1 -1 2 2 2 2 1 8 -1 -1 -1 -1 -1 -1 -1 1 1 -1 
1 -1 -1 1 2 2 2 -1 8 8 8 8 8 -1 -1 1 6 1 1 -1 
2 1 1 8 8 2 2 1 -1 1 -1 1 1 -1 1 1 -1 1 1 2 
-1 8 8 -1 2 1 1 2 2 2 1 1 2 1 1 1 1 1 1 4 
-1 1 1 -1 1 -1 -1 1 2 2 1 1 2 1 1 1 1 4 4 1 
1 8 -1 -1 -1 -1 2 1 -1 2 -1 1 1 8 1 8 1 4 3 4 
-1 8 -1 -1 -1 -1 -1 2 1 -1 2 1 8 1 1 8 3 3 1 1 
8 1 1 -1 -1 -1 -1 2 2 1 -1 8 -1 -1 8 8 1 1 -1 1 
1 -1 1 8 1 8 -1 1 1 -1 2 -1 -1 -1 8 1 -1 1 8 -1 
8 1 8 8 1 1 8 -1 1 -1 2 2 2 8 -1 8 -1 -1 8 8 
2 -1 1 8 8 8 -1 -1 1 2 2 2 2 2 -1 -1 -1 8 8 -1 
2 1 8 8 8 8 1 -1 1 -1 2 2 2 -1 2 -1 1 1 8 -1 
2 -1 8 8 8 8 1 1 1 -1 1 1 1 2 -1 2 1 1 1 1 
-1 9 8 -1 8 8 1 1 -1 -1 2 2 1 2 1 1 1 1 8 8 
-1 9 8 8 8 -1 -1 -1 -1 8 2 2 2 2 2 1 -1 -1 -1 -1 
-1 2 8 2 8 2 2 1 1 2 2 2 2 2 2 -1 1 1 -1 1 
2 2 2 8 8 2 8 8 8 2 2 2 2 2 2 1 1 1 1 4 
1 1 -1 8 8 2 8 8 8 8 2 2 2 -1 1 2 1 1 1 4 
1 1 8 8 8 2 2 8 -1 -1 1 1 2 1 1 1 2 1 1 1 
1 2 2 8 2 2 2 -1 -1 1 1 1 2 2 1 1 1 1 1 1 
-1 2 2 2 8 2 2 -1 1 1 1 1 1 1 1 -1 -1 -1 1 1 
2 8 8 8 2 2 1 1 -1 1 1 1 1 1 1 1 1 1 1 2 
-1 1 1 -1 8 8 1 1 1 2 8 8 8 2 2 2 1 1 -1 -1 
-1 -1 -1 -1 8 -1 1 1 1 -1 -1 8 -1 2 1 1 1 1 1 -1 
-1 8 1 -1 4 4 1 6 1 1 8 -1 -1 2 1 1 2 1 1 -1 
-1 -1 1 1 -1 8 4 4 6 1 1 1 -1 -1 1 2 1 2 1 -1 
8 8 8 8 1 1 8 4 4 1 1 1 1 -1 -1 8 8 1 2 -1 
8 2 8 8 8 8 -1 2 2 2 2 4 1 2 2 -1 8 1 -1 2 
2 8 -1 8 8 8 2 8 2 4 2 4 1 1 -1 -1 1 -1 -1 2 
-1 -1 8 8 8 9 8 4 4 4 1 1 1 1 -1 1 1 8 8 -1 
-1 1 8 8 2 2 8 8 4 1 1 1 1 1 1 1 1 8 -1 1 
1 8 8 8 8 8 8 8 8 8 8 1 1 4 8 1 8 1 8 8 
1 8 8 8 8 8 8 8 8 8 8 -1 1 8 -1 1 1 1 1 1 
8 8 8 8 1 8 8 8 -1 8 8 8 -1 1 1 1 1 1 1 1 
1 8 8 8 8 8 8 8 8 8 8 -1 8 -1 1 1 -1 8 1 1 
8 8 8 8 8 8 8 -1 8 8 8 8 1 4 -1 -1 -1 -1 8 1 
8 8 8 8 8 8 8 8 -1 8 8 2 8 4 4 -1 1 8 8 8 
8 8 8 8 8 8 8 8 2 -1 8 -1 8 1 4 -1 1 1 1 8 
-1 8 8 8 8 1 8 8 8 2 2 -1 -1 -1 4 1 -1 1 1 8 
8 1 1 8 8 1 8 8 -1 -1 -1 -1 1 1 -1 1 1 -1 1 1 
1 1 8 1 8 8 8 8 -1 2 -1 -1 -1 1 -1 -1 -1 1 -1 1 
1 1 1 8 1 1 1 1 1 -1 2 8 -1 -1 -1 1 1 1 -1 -1 
8 8 8 8 8 1 1 1 -1 9 -1 8 8 8 -1 1 1 -1 1 1 
-1 8 8 1 1 8 1 8 1 9 1 8 -1 8 8 1 -1 -1 -1 -1 
-1 8 -1 1 -1 -1 1 1 1 1 -1 8 -1 8 -1 -1 1 -1 -1 -1 
-1 -1 1 -1 -1 1 8 -1 1 -1 -1 8 -1 -1 2 -1 2 1 1 -1 
1 1 -1 32 -1 -1 8 1 -1 -1 1 -1 -1 -1 1 2 1 2 -1 1 
1 2 32 32 -1 -1 -1 -1 1 1 -1 1 3 3 1 1 -1 1 -1 1 
8 8 4 32 -1 -1 1 1 -1 1 1 -1 -1 -1 1 1 -1 1 -1 -1 
8 32 8 8 -1 1 -1 1 1 1 1 -1 -1 8 -1 1 -1 -1 -1 8 
-1 8 1 1 -1 1 1 -1 -1 -1 -1 -1 8 8 -1 -1 -1 8 8 8 
8 8 1 1 1 1 1 -1 8 8 8 -1 8 8 -1 -1 8 8 8 8 
8 8 8 1 -1 -1 -1 8 8 8 -1 8 8 -1 -1 -1 -1 8 8 8 
8 8 -1 1 -1 -1 8 8 8 8 -1 -1 1 -1 -1 8 8 8 8 8 
8 8 8 -1 1 -1 8 8 8 8 -1 -1 -1 -1 8 8 8 8 8 8 
8 8 8 8 -1 1 1 -1 -1 8 -1 -1 -1 -1 8 8 8 8 8 8 
8 8 1 8 1 1 1 1 1 -1 -1 -1 8 -1 8 8 8 8 8 8 
8 8 8 1 1 1 1 -1 -1 -1 -1 -1 -1 8 8 8 8 8 8 8 
8 8 8 1 1 1 1 1 -1 1 -1 -1 8 8 8 32 32 -1 8 8 
8 8 2 2 1 1 1 1 1 -1 -1 -1 -1 -1 -1 8 -1 8 8 -1 
8 8 8 8 1 1 1 2 -1 1 -1 8 -1 -1 8 -1 -1 -1 -1 8 
-1 8 8 1 1 1 1 1 1 -1 -1 8 8 -1 -1 -1 1 -1 -1 1 
-1 1 1 1 -1 -1 -1 -1 -1 1 1 1 1 -1 -1 -1 -1 -1 -1 1 
-1 1 1 1 -1 -1 -1 -1 -1 1 1 -1 -1 -1 -1 -1 -1 -1 -1 -1 
1 1 1 1 1 -1 -1 -1 2 6 6 -1 -1 -1 -1 -1 -1 -1 -1 1 
1 -1 1 1 1 -1 -1 1 2 6 -1 -1 -1 -1 -1 -1 -1 -1 1 1 
1 -1 1 1 1 1 1 1 1 -1 -1 -1 -1 -1 -1 1 -1 -1 -1 -1 
-1 1 1 1 -1 1 1 1 1 1 -1 -1 -1 -1 -1 1 -1 -1 -1 -1 
-1 -1 -1 1 1 1 1 1 -1 -1 -1 -1 -1 -1 -1 -1 -1 -1 -1 -1 
-1 -1 -1 1 -1 1 1 1 -1 -1 -1 2 -1 -1 -1 -1 -1 -1 -1 -1 
-1 -1 -1 -1 -1 -1 -1 -1 -1 -1 2 2 -1 -1 -1 -1 1 1 -1 -1 
-1 -1 -1 -1 1 -1 -1 -1 -1 -1 -1 2 -1 -1 1 1 1 1 1 -1 
-1 -1 1 -1 1 -1 -1 -1 -1 -1 -1 -1 -1 1 -1 1 1 1 -1 -1 
-1 -1 -1 1 -1 -1 -1 -1 -1 -1 -1 -1 1 2 -1 1 1 1 1 -1 
1 1 1 -1 -1 -1 -1 -1 1 -1 -1 -1 2 -1 1 -1 1 1 1 -1 
-1 -1 -1 -1 -1 -1 -1 -1 -1 -1 -1 -1 1 1 -1 2 2 2 -1 -1 
1 1 -1 -1 -1 -1 -1 -1 -1 -1 -1 1 1 -1 1 -1 2 2 -1 -1 
-1 -1 -1 -1 -1 -1 -1 -1 1 1 1 1 1 -1 1 1 -1 -1 -1 1 
-1 -1 -1 -1 -1 -1 -1 -1 -1 1 1 1 1 1 1 -1 1 -1 -1 -1 
-1 1 1 1 1 -1 -1 -1 1 1 1 -1 -1 -1 1 1 1 -1 1 -1 
1 1 -1 1 1 1 -1 2 1 1 1 -1 -1 1 -1 -1 1 1 1 1 
1 1 -1 -1 -1 1 2 2 1 1 1 1 1 -1 -1 -1 -1 1 1 1 
2 6 1 -1 -1 -1 1 -1 1 -1 2 2 1 1 -1 -1 -1 2 1 2 
1 1 -1 1 -1 1 1 1 -1 -1 -1 2 2 1 1 1 1 -1 -1 -1 
2 2 1 2 3 -1 -1 -1 -1 -1 -1 -1 2 -1 1 1 1 1 2 1 
-1 2 1 2 2 -1 2 -1 -1 -1 -1 -1 -1 -1 -1 1 1 1 1 1 
2 2 2 2 3 2 -1 -1 -1 -1 -1 -1 -1 -1 6 1 1 1 -1 -1 
2 1 1 3 2 2 2 -1 -1 -1 -1 -1 -1 -1 2 2 2 1 1 -1 
-1 1 2 2 2 2 -1 -1 -1 -1 -1 -1 -1 -1 2 2 1 1 1 -1 
-1 -1 2 3 2 -1 -1 -1 -1 -1 -1 -1 -1 -1 1 1 -1 1 1 1 
-1 1 1 1 1 1 -1 -1 -1 -1 -1 -1 -1 -1 -1 -1 1 1 1 -1 
-1 1 1 1 1 1 -1 -1 -1 -1 -1 -1 -1 1 1 1 -1 1 1 -1 
1 -1 1 1 -1 1 -1 -1 -1 -1 -1 -1 -1 1 1 -1 -1 -1 -1 -1 
-1 -1 -1 -1 -1 -1 -1 -1 -1 -1 -1 -1 1 1 1 1 -1 -1 -1 -1 
-1 -1 -1 -1 -1 -1 -1 -1 -1 -1 -1 -1 -1 -1 -1 -1 -1 -1 -1 -1 
-1 -1 -1 -1 -1 -1 -1 -1 -1 -1 -1 -1 -1 -1 -1 -1 1 -1 -1 -1 
1 -1 -1 -1 -1 -1 -1 -1 -1 -1 -1 -1 -1 -1 -1 -1 -1 -1 1 1 
1 -1 -1 -1 -1 -1 -1 -1 -1 -1 -1 -1 -1 -1 -1 -1 -1 1 1 1 
2 10 2 10 -1 -1 -1 -1 -1 -1 -1 -1 -1 -1 -1 -1 -1 -1 -1 1 
2 2 10 10 10 -1 -1 1 -1 -1 -1 -1 -1 -1 -1 -1 1 -1 -1 2 
2 2 2 2 -1 -1 -1 1 1 1 -1 1 -1 1 -1 -1 -1 1 2 6 
6 2 6 -1 -1 -1 1 1 1 -1 2 -1 1 1 1 -1 -1 -1 1 1 
-1 -1 -1 -1 -1 -1 -1 -1 1 -1 -1 -1 -1 -1 1 1 -1 -1 -1 -1 
-1 -1 -1 -1 -1 -1 -1 -1 -1 -1 -1 -1 -1 -1 -1 6 1 -1 -1 -1 
1 -1 -1 -1 -1 -1 -1 -1 -1 -1 -1 -1 -1 -1 -1 -1 2 3 -1 -1 
-1 1 -1 -1 -1 -1 -1 -1 1 -1 -1 -1 -1 -1 -1 -1 3 2 -1 -1 
2 2 1 1 -1 -1 -1 -1 1 2 -1 2 -1 -1 -1 -1 -1 -1 1 2 
1 1 1 1 1 1 -1 -1 1 -1 2 2 2 1 1 -1 -1 -1 -1 2 
2 3 1 -1 -1 1 2 -1 -1 -1 2 -1 2 1 1 1 2 -1 2 -1 
1 1 -1 -1 -1 -1 -1 2 2 2 2 -1 1 1 1 1 1 2 2 1 
1 1 1 -1 -1 2 2 -1 2 2 1 1 2 1 1 2 1 2 2 1 
1 1 -1 -1 2 -1 -1 2 2 2 1 1 1 1 1 2 1 1 2 -1 
-1 1 -1 2 2 -1 -1 -1 2 2 2 1 1 1 1 1 -1 1 -1 -1 
1 -1 1 -1 2 2 -1 2 -1 2 2 1 1 1 2 2 1 1 -1 -1 
-1 -1 1 -1 2 1 2 -1 2 2 1 1 1 2 2 2 -1 2 1 1 
-1 -1 -1 -1 1 2 2 -1 -1 -1 -1 -1 1 -1 -1 -1 -1 2 1 -1 
-1 -1 -1 -1 -1 -1 -1 2 2 -1 -1 -1 1 -1 -1 -1 -1 -1 -1 -1 
-1 -1 -1 -1 -1 -1 -1 -1 -1 -1 -1 1 1 1 -1 -1 -1 -1 -1 -1 
-1 -1 -1 -1 -1 -1 -1 -1 -1 -1 -1 1 1 1 -1 -1 -1 -1 -1 -1 
-1 -1 -1 -1 -1 -1 -1 -1 -1 -1 -1 1 1 -1 -1 -1 -1 -1 -1 -1 
-1 -1 -1 -1 -1 -1 -1 -1 1 -1 -1 -1 -1 -1 -1 -1 -1 -1 -1 -1 
-1 -1 -1 -1 -1 -1 -1 -1 1 1 -1 -1 -1 -1 -1 -1 -1 -1 -1 -1 
-1 -1 -1 -1 2 2 -1 -1 -1 -1 2 -1 6 -1 2 -1 2 -1 -1 -1 
-1 -1 -1 2 -1 -1 -1 -1 -1 -1 -1 6 -1 -1 2 2 2 2 2 2 
-1 -1 -1 2 -1 -1 1 -1 -1 -1 1 -1 2 -1 2 2 2 2 2 -1 
-1 2 -1 2 2 1 1 1 -1 1 -1 2 2 2 2 2 -1 -1 -1 -1 
2 2 2 -1 2 -1 1 -1 -1 2 2 2 2 2 2 -1 2 -1 -1 -1 
2 2 2 2 2 -1 1 2 2 2 2 2 -1 -1 -1 -1 2 -1 -1 -1 
-1 2 2 -1 2 -1 1 1 2 2 2 2 -1 -1 -1 -1 -1 -1 -1 -1 
-1 2 2 2 -1 -1 -1 -1 8 2 -1 2 -1 2 -1 -1 -1 -1 -1 -1 
2 -1 2 2 -1 2 -1 -1 2 8 8 -1 2 2 -1 -1 -1 -1 -1 -1 
2 -1 -1 2 2 2 -1 -1 -1 2 2 -1 -1 -1 -1 -1 -1 -1 -1 -1 
-1 -1 -1 -1 2 2 2 -1 -1 -1 2 -1 -1 -1 -1 -1 -1 -1 -1 -1 
-1 -1 -1 8 2 8 -1 -1 -1 -1 -1 -1 -1 -1 -1 -1 -1 -1 -1 -1 
-1 -1 1 1 8 8 -1 -1 -1 -1 -1 -1 -1 2 -1 -1 -1 -1 -1 -1 
-1 1 1 1 1 8 -1 -1 -1 -1 -1 -1 2 -1 -1 -1 -1 -1 -1 -1 
-1 -1 -1 1 1 2 1 -1 -1 -1 -1 -1 -1 -1 -1 -1 -1 1 1 -1 
-1 -1 -1 -1 1 2 -1 1 -1 -1 -1 -1 -1 -1 1 -1 1 1 -1 -1 
-1 -1 -1 2 -1 -1 2 -1 -1 -1 -1 -1 -1 -1 2 -1 1 1 1 -1 
-1 -1 -1 -1 -1 -1 -1 -1 -1 -1 -1 -1 -1 2 1 2 -1 -1 1 -1 
-1 -1 -1 -1 -1 -1 -1 -1 -1 -1 -1 -1 -1 -1 2 -1 -1 -1 -1 -1 
-1 -1 -1 -1 -1 2 -1 -1 -1 2 -1 -1 -1 2 -1 2 -1 -1 -1 -1 
-1 1 -1 -1 -1 1 1 2 -1 1 1 -1 -1 -1 2 2 1 -1 -1 -1 
-1 -1 -1 -1 -1 -1 -1 -1 3 3 1 -1 -1 -1 -1 2 1 1 -1 -1 
-1 -1 2 1 1 -1 1 -1 3 3 3 3 -1 -1 -1 -1 -1 -1 -1 -1 
-1 1 1 1 1 -1 -1 -1 3 1 1 1 1 -1 1 -1 -1 1 -1 1 
-1 -1 -1 -1 -1 1 1 3 1 3 1 8 8 -1 -1 1 -1 -1 1 -1 
-1 -1 -1 -1 -1 -1 1 -1 3 9 8 1 1 -1 -1 -1 1 -1 1 -1 
-1 -1 -1 -1 -1 -1 -1 -1 2 -1 1 1 8 -1 -1 -1 1 1 -1 -1 
-1 -1 -1 -1 -1 -1 -1 1 1 1 1 1 8 -1 -1 -1 1 -1 -1 -1 
-1 8 8 -1 -1 -1 1 1 1 -1 -1 8 -1 -1 -1 -1 -1 -1 -1 -1 
-1 8 8 8 -1 1 1 1 1 2 -1 -1 -1 -1 -1 8 -1 -1 -1 -1 
-1 -1 8 8 -1 -1 1 1 1 1 -1 -1 -1 -1 1 1 -1 -1 -1 -1 
-1 -1 -1 -1 8 1 1 1 1 1 -1 -1 -1 -1 -1 8 -1 -1 -1 -1 
-1 -1 -1 1 1 -1 1 1 1 2 1 1 2 -1 8 -1 -1 -1 -1 -1 
-1 -1 -1 -1 -1 1 1 1 1 -1 1 1 1 2 -1 -1 -1 -1 -1 -1 
-1 -1 -1 -1 -1 -1 -1 1 1 1 1 1 1 -1 -1 -1 -1 -1 -1 -1 
1 -1 -1 -1 -1 -1 1 1 -1 1 1 -1 -1 -1 -1 -1 -1 -1 -1 1 
1 -1 1 -1 -1 1 1 1 -1 1 -1 -1 2 1 -1 -1 -1 -1 1 1 
1 -1 1 -1 -1 -1 -1 -1 1 -1 -1 -1 2 1 -1 -1 -1 -1 1 1 
1 -1 1 -1 -1 -1 -1 -1 -1 9 9 -1 9 9 -1 -1 -1 1 -1 -1 
1 -1 -1 -1 -1 -1 -1 -1 -1 -1 -1 -1 -1 -1 -1 2 1 -1 -1 -1 
-1 -1 8 1 1 -1 -1 2 2 -1 -1 -1 -1 -1 -1 2 2 2 2 -1 
-1 -1 -1 -1 -1 1 1 -1 -1 -1 -1 -1 -1 8 8 -1 2 2 2 -1 
-1 -1 -1 -1 1 1 -1 -1 -1 -1 -1 8 -1 8 8 -1 1 1 -1 -1 
1 1 -1 -1 1 -1 1 -1 -1 -1 -1 -1 8 -1 8 -1 1 1 1 -1 
-1 1 8 1 -1 1 -1 1 -1 8 8 8 1 1 1 1 1 8 8 1 
-1 1 9 8 -1 1 -1 1 1 8 -1 -1 1 1 8 8 1 1 1 -1 
-1 1 -1 -1 -1 -1 1 1 -1 -1 -1 9 1 -1 8 1 1 1 1 -1 
8 -1 1 1 -1 -1 -1 -1 1 1 -1 1 8 8 1 1 1 1 1 1 
-1 8 1 1 -1 -1 -1 -1 -1 1 1 1 1 1 1 1 -1 -1 8 8 
8 1 2 -1 -1 1 -1 -1 -1 1 1 1 1 -1 8 8 -1 -1 -1 -1 
2 -1 2 2 -1 -1 1 -1 -1 -1 1 1 1 1 8 8 -1 -1 -1 -1 
2 2 2 2 2 2 -1 -1 1 1 1 1 1 1 1 8 8 -1 -1 -1 
-1 2 2 2 2 -1 2 -1 1 1 2 1 1 1 8 1 8 -1 -1 -1 
-1 2 2 -1 2 -1 -1 -1 1 1 1 1 1 1 1 -1 -1 -1 -1 -1 
2 2 2 2 2 -1 1 1 1 1 8 1 -1 -1 -1 -1 -1 -1 -1 2 
2 2 2 -1 8 2 8 -1 8 8 1 -1 1 -1 -1 -1 -1 -1 -1 2 
2 2 -1 8 8 8 8 8 8 1 1 -1 -1 -1 2 2 2 2 2 -1 
2 2 -1 -1 -1 8 8 8 8 8 -1 8 -1 2 -1 2 2 -1 -1 -1 
-1 -1 2 -1 1 1 -1 8 8 8 -1 -1 -1 -1 -1 2 2 2 2 2 
-1 -1 -1 -1 1 -1 -1 -1 -1 -1 -1 -1 -1 -1 -1 -1 2 2 -1 -1 
-1 8 2 1 1 2 2 -1 2 9 2 2 -1 -1 1 -1 9 -1 -1 -1 
8 2 -1 1 1 2 1 2 2 9 2 9 -1 -1 -1 9 -1 -1 -1 -1 
2 -1 -1 -1 1 1 2 2 2 9 9 9 9 9 -1 -1 -1 -1 -1 -1 
2 2 1 -1 8 9 2 -1 2 9 9 9 -1 2 -1 -1 -1 -1 -1 1 
1 1 1 -1 8 8 9 8 -1 -1 9 9 9 -1 2 -1 -1 -1 2 2 
-1 1 -1 -1 8 8 8 8 8 9 -1 9 9 -1 -1 -1 -1 2 -1 -1 
-1 8 -1 -1 8 8 -1 -1 2 -1 9 2 9 2 -1 -1 -1 -1 -1 -1 
-1 8 -1 8 8 8 -1 8 -1 8 -1 2 2 9 9 -1 -1 1 1 1 
-1 1 1 2 8 2 8 8 8 8 8 -1 2 -1 -1 9 1 1 -1 -1 
-1 -1 -1 8 2 8 8 -1 8 8 -1 8 -1 -1 -1 1 9 -1 1 -1 
-1 -1 2 2 8 2 8 8 8 2 8 1 1 -1 -1 -1 -1 -1 -1 -1 
1 1 -1 -1 2 8 8 8 2 -1 1 1 1 1 -1 1 -1 -1 -1 -1 
-1 -1 -1 -1 2 2 2 8 8 2 8 1 1 2 1 -1 -1 -1 -1 -1 
-1 -1 -1 -1 2 2 2 -1 2 8 2 -1 -1 1 2 -1 -1 -1 -1 -1 
-1 -1 -1 2 2 2 -1 2 2 2 -1 2 -1 -1 -1 -1 -1 -1 -1 -1 
2 -1 2 2 2 2 2 2 1 1 -1 -1 -1 -1 -1 -1 -1 -1 -1 -1 
-1 2 -1 2 2 -1 2 2 1 -1 1 -1 -1 -1 -1 -1 -1 -1 -1 -1 
2 -1 -1 2 2 2 1 -1 1 2 2 -1 -1 -1 -1 -1 -1 -1 -1 2 
-1 -1 2 2 2 1 2 2 -1 2 2 -1 -1 -1 -1 -1 -1 -1 -1 -1 
-1 -1 1 -1 8 2 1 2 2 2 2 2 -1 1 -1 9 9 9 -1 -1 
-1 -1 2 2 -1 -1 -1 8 1 1 -1 1 -1 -1 -1 -1 -1 -1 8 1 
-1 -1 -1 -1 -1 -1 -1 8 1 8 1 -1 -1 -1 8 -1 -1 -1 -1 -1 
-1 -1 -1 -1 -1 -1 -1 -1 8 1 1 -1 -1 -1 8 8 -1 -1 -1 -1 
-1 -1 -1 -1 -1 -1 -1 -1 -1 1 -1 -1 8 8 -1 8 2 -1 -1 -1 
-1 -1 -1 -1 -1 -1 -1 -1 -1 -1 -1 -1 -1 8 8 8 -1 2 -1 -1 
9 -1 -1 -1 -1 -1 -1 -1 -1 8 8 8 -1 8 8 8 -1 2 -1 9 
2 -1 -1 -1 -1 -1 -1 -1 -1 8 8 -1 1 -1 8 -1 8 8 2 -1 
-1 2 -1 -1 -1 -1 -1 -1 -1 -1 8 8 1 1 8 8 8 -1 8 -1 
-1 2 -1 -1 -1 -1 9 -1 -1 8 1 1 1 -1 -1 8 -1 1 1 -1 
2 -1 -1 -1 -1 -1 -1 -1 -1 -1 8 1 1 1 -1 8 -1 -1 -1 -1 
1 -1 -1 -1 -1 -1 -1 -1 -1 -1 8 8 8 -1 8 8 -1 -1 -1 -1 
-1 -1 -1 -1 -1 -1 -1 1 -1 -1 8 -1 -1 -1 -1 -1 8 1 -1 1 
-1 -1 -1 -1 -1 -1 1 -1 -1 8 8 -1 -1 -1 -1 -1 1 -1 1 1 
-1 -1 -1 8 8 1 1 1 8 -1 8 -1 -1 -1 -1 -1 -1 1 -1 -1 
-1 -1 8 8 8 -1 1 8 -1 8 8 8 8 -1 -1 -1 -1 -1 -1 -1 
-1 -1 1 8 -1 1 1 8 8 8 8 8 -1 -1 -1 -1 -1 -1 -1 -1 
-1 1 1 1 8 1 8 8 8 -1 8 -1 -1 2 -1 2 1 -1 -1 -1 
1 1 1 2 2 8 8 -1 8 2 8 2 2 2 2 -1 -1 -1 -1 -1 
1 1 1 1 8 -1 -1 -1 8 2 8 2 2 2 2 -1 -1 -1 -1 1 
1 2 1 2 -1 -1 -1 8 -1 2 2 -1 -1 -1 -1 -1 -1 -1 1 1 
1 1 1 1 1 -1 -1 8 -1 8 8 -1 -1 -1 -1 1 1 -1 1 1 
1 1 -1 1 -1 -1 -1 -1 -1 -1 -1 -1 -1 -1 2 1 2 1 1 1 
-1 2 -1 -1 -1 -1 -1 8 -1 -1 -1 -1 -1 -1 8 2 2 2 -1 1 
-1 -1 2 -1 2 -1 -1 -1 1 1 -1 -1 -1 -1 -1 8 2 1 -1 -1 
-1 2 2 2 2 -1 -1 1 1 1 1 -1 -1 -1 8 -1 -1 1 -1 2 
-1 -1 -1 2 2 -1 -1 -1 -1 1 1 1 8 8 8 1 -1 8 2 2 
8 -1 -1 -1 -1 -1 -1 -1 4 1 -1 -1 4 -1 -1 1 8 8 2 8 
8 -1 -1 -1 -1 -1 4 4 1 -1 4 -1 -1 4 4 -1 -1 -1 -1 -1 
2 -1 -1 -1 2 2 -1 1 4 4 4 -1 -1 -1 4 8 8 -1 8 8 
2 2 2 2 2 2 -1 4 -1 4 2 4 8 8 8 1 8 8 8 8 
-1 2 2 2 -1 -1 -1 -1 -1 4 2 4 4 8 8 8 -1 -1 8 2 
8 1 1 -1 -1 8 -1 -1 -1 -1 2 2 4 2 8 8 8 8 8 8 
-1 -1 1 -1 -1 -1 8 -1 -1 2 2 2 2 1 -1 8 8 2 2 -1 
-1 -1 -1 1 -1 8 -1 -1 -1 -1 -1 2 8 2 -1 -1 8 8 -1 8 
-1 -1 -1 -1 -1 -1 -1 8 8 8 -1 -1 8 8 -1 -1 -1 -1 -1 -1 
-1 -1 -1 -1 -1 8 8 8 8 8 8 -1 2 -1 -1 -1 1 -1 1 1 
1 -1 -1 1 -1 -1 8 8 8 2 2 2 1 1 -1 -1 1 1 1 1 
1 1 1 1 1 -1 8 -1 8 8 -1 -1 1 1 -1 -1 1 1 1 1 
1 1 1 1 1 -1 -1 8 8 -1 8 -1 1 -1 -1 1 1 1 1 1 
1 1 1 1 1 -1 -1 8 -1 8 8 1 -1 -1 -1 -1 2 1 -1 -1 
-1 -1 -1 -1 -1 -1 -1 2 2 2 2 -1 2 -1 -1 -1 -1 -1 -1 -1 
1 -1 -1 -1 -1 8 -1 2 2 1 -1 -1 1 -1 -1 -1 -1 -1 -1 -1 
2 -1 -1 8 8 -1 -1 1 1 1 1 1 1 -1 -1 -1 2 -1 -1 2 
-1 -1 -1 -1 1 -1 1 1 1 -1 1 1 1 -1 1 -1 -1 2 -1 2 
2 -1 -1 1 -1 -1 1 -1 1 1 1 1 1 1 2 -1 -1 -1 2 2 
-1 -1 -1 -1 1 1 1 -1 1 1 -1 -1 1 -1 -1 2 -1 -1 2 -1 
-1 -1 2 2 -1 1 1 -1 -1 -1 1 -1 -1 -1 -1 2 -1 -1 -1 -1 
-1 -1 -1 -1 2 1 1 -1 -1 1 1 -1 -1 -1 4 4 -1 -1 -1 -1 
2 -1 -1 -1 2 2 2 -1 -1 1 2 -1 -1 -1 4 -1 -1 -1 -1 2 
2 2 -1 -1 -1 1 2 -1 -1 2 2 -1 -1 -1 -1 -1 -1 -1 2 2 
2 2 2 1 2 -1 -1 2 -1 2 2 -1 2 2 -1 -1 -1 2 -1 2 
2 2 -1 2 1 2 2 2 -1 2 -1 2 2 2 -1 -1 -1 -1 -1 -1 
-1 1 -1 1 1 -1 2 -1 -1 -1 -1 2 2 2 2 2 -1 -1 -1 2 
2 2 2 -1 2 1 -1 1 -1 -1 -1 2 2 2 2 2 2 2 -1 -1 
-1 2 2 2 2 2 1 -1 -1 -1 -1 -1 -1 2 2 -1 2 2 -1 -1 
-1 2 2 2 2 1 2 2 -1 -1 -1 -1 -1 -1 2 -1 -1 -1 -1 -1 
-1 -1 2 -1 -1 2 -1 2 -1 -1 -1 -1 -1 -1 -1 -1 -1 -1 -1 -1 
-1 -1 1 2 2 2 -1 2 -1 -1 -1 -1 -1 -1 -1 -1 -1 -1 -1 -1 
-1 -1 -1 -1 2 -1 2 2 -1 -1 2 -1 -1 -1 -1 -1 -1 -1 -1 -1 
-1 -1 -1 -1 -1 -1 -1 -1 2 2 2 2 -1 -1 -1 -1 -1 -1 -1 -1 
-1 -1 -1 -1 -1 -1 -1 -1 -1 -1 1 1 -1 1 -1 -1 -1 -1 -1 -1 
-1 -1 -1 -1 -1 -1 -1 -1 -1 -1 -1 1 1 1 -1 -1 -1 1 1 -1 
-1 -1 -1 -1 -1 -1 -1 -1 -1 -1 -1 1 1 1 -1 -1 -1 -1 1 1 
-1 -1 -1 -1 -1 -1 4 4 4 -1 1 -1 -1 -1 -1 -1 -1 -1 -1 -1 
-1 -1 -1 -1 -1 -1 -1 4 4 -1 -1 -1 -1 -1 -1 -1 -1 -1 -1 -1 
-1 -1 4 -1 -1 -1 -1 1 -1 -1 4 -1 4 -1 -1 -1 -1 -1 -1 -1 
-1 4 -1 -1 -1 -1 1 1 4 4 4 4 -1 -1 -1 -1 -1 -1 -1 -1 
4 4 -1 -1 -1 1 -1 -1 4 4 4 4 4 -1 -1 -1 -1 -1 4 4 
4 4 1 -1 1 -1 -1 -1 4 4 4 -1 -1 -1 -1 -1 -1 -1 -1 4 
4 1 1 -1 -1 -1 -1 -1 -1 4 -1 2 2 -1 2 2 4 -1 1 -1 
1 1 -1 -1 -1 -1 4 4 -1 4 2 2 -1 -1 4 4 4 1 1 1 
-1 -1 -1 -1 -1 -1 4 -1 4 4 -1 2 -1 2 2 4 1 1 1 1 
1 -1 -1 -1 -1 -1 -1 4 4 4 -1 -1 2 2 4 4 4 4 4 -1 
-1 -1 1 -1 -1 -1 -1 4 4 4 -1 -1 -1 2 4 1 4 4 -1 4 
-1 -1 1 -1 -1 -1 -1 1 4 4 4 1 2 4 1 4 4 4 4 -1 
-1 -1 -1 -1 -1 4 -1 -1 4 -1 1 2 1 2 4 4 2 4 4 -1 
2 2 -1 -1 -1 -1 -1 -1 -1 -1 1 1 1 -1 2 -1 4 4 4 -1 
2 -1 2 -1 -1 -1 -1 -1 -1 -1 1 1 1 2 32 4 4 4 4 -1 
-1 -1 -1 -1 -1 -1 -1 -1 -1 -1 2 2 -1 1 32 4 4 4 -1 -1 
-1 -1 -1 -1 -1 -1 1 -1 -1 -1 -1 -1 1 -1 1 -1 4 -1 -1 -1 
1 1 1 1 1 1 1 1 1 4 4 4 4 4 2 32 2 2 -1 2 
2 1 1 1 1 -1 1 1 -1 -1 -1 4 4 4 32 32 2 2 2 -1 
2 -1 1 2 4 4 1 1 1 1 4 4 4 4 4 2 4 2 -1 2 
-1 -1 -1 4 4 4 4 4 1 1 -1 -1 1 -1 -1 4 2 4 1 2 
1 1 1 4 1 4 4 4 6 1 1 1 1 1 4 4 4 2 4 1 
1 1 1 4 4 1 1 -1 4 6 -1 1 1 1 1 4 4 4 4 1 
-1 4 2 2 4 4 1 4 4 4 1 1 4 1 4 4 4 4 1 1 
-1 2 4 2 1 1 4 -1 4 -1 1 1 1 1 1 1 1 1 1 1 
2 2 2 -1 1 6 4 -1 -1 -1 -1 4 -1 -1 -1 1 1 1 2 2 
2 -1 -1 -1 -1 8 4 4 4 4 -1 -1 -1 1 4 -1 -1 6 2 2 
2 -1 -1 -1 8 -1 -1 4 4 4 4 -1 -1 4 1 4 -1 2 2 2 
-1 -1 -1 -1 -1 -1 1 -1 4 4 4 4 4 -1 4 4 2 2 2 2 
2 -1 -1 -1 1 1 4 -1 4 4 -1 4 4 4 1 1 1 2 2 2 
2 -1 -1 -1 1 1 1 4 4 -1 4 4 2 2 2 1 1 2 2 2 
2 2 -1 1 1 1 1 -1 4 4 4 4 4 -1 2 2 2 2 2 2 
2 -1 1 8 8 8 -1 4 2 4 4 -1 4 1 1 1 1 1 2 2 
2 1 -1 -1 -1 1 -1 -1 -1 4 4 4 -1 2 1 1 1 2 2 2 
2 1 1 -1 -1 -1 4 -1 4 1 4 4 4 1 1 4 1 -1 2 1 
2 2 1 -1 -1 -1 -1 4 1 4 4 4 6 4 32 32 -1 1 2 2 
2 1 1 -1 1 1 -1 4 4 4 -1 -1 4 2 32 2 2 2 1 2 
2 2 1 1 4 -1 -1 -1 2 -1 1 -1 -1 2 2 2 -1 -1 2 2 
2 2 2 4 1 4 -1 -1 1 1 -1 2 -1 2 -1 2 -1 2 2 1 
1 1 4 4 1 4 -1 -1 -1 1 1 -1 2 2 -1 -1 -1 2 2 1 
1 8 1 4 1 -1 -1 -1 1 1 -1 -1 2 2 2 -1 -1 8 1 1 
1 1 1 1 1 1 -1 -1 -1 4 2 -1 -1 8 2 2 8 8 -1 1 
8 8 -1 -1 1 1 -1 1 -1 4 4 -1 8 2 2 2 8 8 8 8 
8 -1 -1 1 2 2 2 -1 4 -1 4 4 -1 2 -1 2 8 -1 8 -1 
-1 -1 -1 1 1 2 -1 -1 6 6 -1 2 1 1 -1 2 8 8 -1 8 
-1 2 2 -1 1 1 -1 -1 -1 1 2 -1 1 -1 -1 -1 2 2 8 -1 
2 2 -1 1 2 2 -1 -1 -1 1 1 1 1 -1 -1 2 2 2 2 2 
-1 2 1 1 1 1 2 -1 -1 1 1 -1 -1 -1 -1 1 -1 2 -1 2 
1 1 1 1 1 -1 -1 -1 4 1 1 -1 -1 -1 1 -1 -1 2 1 -1 
1 1 1 1 1 -1 2 -1 4 1 -1 -1 -1 -1 -1 -1 2 2 1 1 
1 1 -1 -1 -1 -1 -1 2 4 4 4 1 1 1 -1 -1 2 2 -1 -1 
2 2 -1 -1 -1 2 2 -1 -1 4 1 -1 -1 -1 -1 -1 -1 -1 2 2 
2 -1 -1 -1 2 2 2 2 -1 1 -1 -1 -1 -1 2 -1 2 2 -1 2 
-1 -1 -1 -1 -1 2 -1 -1 1 -1 -1 -1 -1 -1 2 2 -1 -1 -1 -1 
-1 -1 -1 -1 -1 -1 -1 -1 -1 2 -1 1 1 1 1 2 2 2 2 -1 
2 -1 1 1 1 -1 -1 -1 -1 2 2 -1 -1 1 -1 -1 2 2 -1 -1 
2 2 1 1 -1 -1 -1 -1 -1 2 -1 -1 2 2 2 -1 -1 -1 -1 2 
2 3 2 -1 2 2 2 -1 2 -1 1 1 -1 1 1 1 1 -1 -1 -1 
3 3 -1 -1 -1 -1 2 -1 -1 1 2 1 -1 1 1 1 -1 -1 -1 2 
2 -1 -1 2 -1 -1 -1 -1 2 2 1 -1 2 2 -1 -1 2 -1 -1 2 
2 1 2 -1 2 2 -1 -1 2 8 -1 1 -1 2 2 2 2 3 -1 -1 
-1 1 1 -1 1 1 2 2 6 8 6 -1 8 -1 2 2 3 3 2 -1 
2 -1 -1 1 2 -1 2 2 2 8 8 8 8 -1 2 2 2 2 -1 1 
1 2 -1 -1 -1 2 2 -1 -1 -1 8 -1 2 2 -1 2 -1 -1 -1 1 
1 -1 -1 -1 -1 2 2 1 1 -1 -1 2 -1 1 1 -1 -1 -1 -1 -1 
-1 -1 -1 -1 -1 -1 2 2 1 -1 -1 3 2 1 3 1 1 1 1 1 
-1 -1 -1 -1 -1 -1 -1 -1 1 3 3 3 -1 3 -1 1 1 -1 1 1 
8 -1 -1 -1 -1 -1 -1 -1 3 1 3 3 3 3 -1 -1 1 1 -1 8 
-1 -1 -1 -1 -1 -1 -1 -1 1 -1 2 3 3 2 -1 -1 1 -1 8 8 
-1 -1 -1 -1 -1 2 2 2 2 2 -1 3 3 -1 1 1 1 -1 1 8 
-1 -1 -1 -1 -1 -1 -1 2 2 2 1 1 -1 1 1 1 1 2 1 -1 
1 -1 -1 -1 -1 2 -1 -1 -1 2 1 -1 1 -1 1 1 1 1 2 1 
1 -1 -1 -1 -1 2 1 1 -1 1 1 1 1 1 1 1 -1 -1 1 1 
-1 -1 2 -1 -1 1 1 2 -1 -1 1 1 1 1 1 1 -1 -1 2 1 
-1 -1 2 2 -1 2 1 1 2 1 1 1 1 1 1 1 1 -1 2 2 
-1 3 2 2 2 2 1 2 2 2 -1 1 1 -1 -1 1 1 1 -1 -1 
-1 3 2 2 1 1 -1 -1 2 2 1 1 1 1 -1 1 1 1 -1 -1 
-1 -1 2 -1 -1 -1 -1 -1 2 -1 -1 -1 -1 1 -1 8 1 1 1 -1 
-1 -1 2 -1 -1 -1 -1 2 2 -1 -1 -1 -1 1 -1 8 8 8 -1 -1 
-1 2 2 -1 -1 -1 -1 -1 -1 2 -1 -1 -1 -1 -1 -1 8 8 -1 -1 
2 2 2 2 -1 -1 -1 -1 2 -1 -1 -1 -1 -1 -1 2 2 -1 2 2 
-1 2 2 2 -1 1 1 -1 -1 2 -1 1 1 -1 -1 -1 2 2 -1 2 
2 2 2 2 2 1 -1 -1 2 -1 1 1 -1 -1 -1 -1 -1 2 2 -1 
-1 -1 -1 1 2 1 2 -1 2 -1 -1 -1 -1 2 1 1 2 2 -1 -1 
-1 -1 -1 -1 -1 -1 2 2 -1 2 -1 -1 1 1 1 1 2 2 -1 -1 
2 -1 2 2 -1 -1 2 2 2 2 2 2 -1 1 1 1 1 2 2 2 
2 2 -1 2 -1 1 2 2 -1 2 2 2 -1 1 1 -1 1 3 3 2 
-1 2 2 -1 2 -1 1 2 -1 2 2 -1 2 1 1 1 3 3 3 3 
2 -1 -1 2 2 -1 -1 -1 2 2 2 2 -1 -1 1 1 1 3 -1 -1 
2 1 2 2 -1 -1 2 2 2 2 2 2 2 2 2 1 1 1 -1 2 
2 2 2 2 -1 -1 1 1 1 2 -1 2 2 2 2 1 1 -1 1 1 
1 -1 2 2 2 -1 1 1 -1 1 1 1 1 -1 1 1 1 1 1 1 
-1 1 2 2 -1 1 1 2 2 2 2 -1 -1 2 -1 1 1 1 1 1 
1 1 1 2 1 1 1 2 2 1 1 2 -1 -1 2 1 1 1 1 1 
-1 1 1 2 1 1 2 2 -1 2 -1 2 -1 1 1 1 1 1 1 2 
-1 -1 -1 1 1 2 2 -1 2 -1 -1 -1 2 1 1 1 1 1 1 1 
1 -1 -1 1 -1 2 -1 -1 2 2 -1 -1 -1 1 1 1 -1 1 1 1 
-1 -1 -1 -1 -1 -1 1 2 2 2 2 2 2 2 8 2 2 2 1 8 
-1 -1 -1 -1 -1 -1 2 -1 -1 2 2 2 2 2 -1 2 2 2 8 -1 
-1 -1 -1 -1 -1 -1 -1 -1 8 8 2 2 2 2 2 2 -1 -1 2 -1 
2 2 2 -1 -1 -1 -1 -1 -1 -1 2 2 -1 2 2 -1 -1 -1 -1 2 
2 2 2 -1 2 -1 -1 -1 -1 -1 2 2 -1 2 2 2 2 -1 2 2 
1 2 2 2 2 2 2 -1 1 2 1 1 2 1 2 2 2 2 2 2 
1 1 1 2 1 -1 1 1 -1 1 1 1 2 2 1 2 2 2 2 2 
2 2 2 1 1 1 1 1 2 -1 2 2 2 2 2 1 2 2 -1 2 
2 2 2 1 2 1 1 2 -1 2 -1 2 -1 1 2 2 2 -1 2 2 
2 -1 2 -1 2 -1 1 2 2 -1 2 1 1 1 2 2 2 2 -1 2 
2 1 -1 -1 -1 2 2 2 -1 -1 -1 2 2 1 2 2 2 2 -1 2 
1 1 1 2 -1 -1 -1 -1 -1 1 1 1 -1 -1 -1 2 2 1 1 1 
1 1 1 1 -1 -1 -1 -1 2 -1 1 1 1 1 1 2 1 2 2 2 
1 1 1 1 -1 2 2 -1 2 -1 1 1 1 1 -1 -1 -1 2 1 2 
1 1 1 1 -1 -1 -1 -1 -1 -1 1 1 1 1 1 2 -1 1 1 1 
1 1 1 1 -1 1 1 1 1 1 1 1 1 8 8 8 8 2 1 1 
1 1 1 1 1 1 1 1 1 1 1 -1 -1 2 -1 8 2 1 1 1 
1 -1 1 1 1 1 1 1 2 2 1 1 2 2 2 2 8 1 -1 8 
1 -1 -1 1 1 1 2 2 2 2 2 -1 2 2 2 2 8 8 1 1 
8 -1 -1 -1 1 -1 1 2 2 2 8 2 -1 8 2 2 2 2 -1 -1 
2 -1 2 2 2 -1 -1 2 3 2 2 2 -1 2 -1 2 -1 2 2 2 
2 2 2 2 -1 2 -1 -1 2 2 2 -1 -1 3 -1 -1 -1 2 2 2 
2 2 2 2 2 -1 2 1 2 2 2 -1 2 3 2 2 -1 2 2 2 
2 2 2 2 -1 2 1 2 2 2 2 2 -1 -1 2 2 -1 -1 2 2 
2 2 2 -1 -1 -1 -1 2 2 2 2 -1 -1 2 -1 2 -1 -1 2 2 
2 -1 2 2 -1 -1 2 2 -1 2 2 -1 -1 -1 -1 2 2 -1 1 2 
2 -1 2 -1 -1 -1 2 -1 -1 -1 -1 4 4 -1 4 2 -1 1 2 2 
2 -1 2 -1 -1 -1 2 2 -1 -1 -1 -1 4 1 4 1 1 1 1 2 
2 2 2 -1 -1 -1 2 -1 2 -1 -1 2 4 1 1 1 1 2 2 1 
2 2 2 -1 -1 -1 -1 2 2 2 4 4 1 -1 -1 1 2 -1 2 2 
2 2 2 2 -1 2 2 2 -1 -1 4 -1 -1 1 2 1 1 2 2 2 
2 2 2 2 2 2 2 1 1 -1 -1 -1 -1 1 1 2 2 1 -1 2 
2 2 2 2 2 2 2 2 -1 -1 -1 -1 -1 -1 1 1 2 1 1 1 
2 2 2 2 2 2 2 2 -1 -1 -1 -1 2 2 1 2 -1 1 1 -1 
2 2 2 2 -1 2 2 -1 -1 -1 -1 -1 8 8 -1 2 2 -1 2 2 
2 2 -1 -1 -1 2 2 -1 -1 -1 -1 8 8 -1 -1 -1 2 2 2 2 
2 -1 -1 -1 2 1 -1 2 -1 -1 -1 -1 -1 -1 -1 -1 -1 2 -1 2 
-1 2 -1 -1 -1 -1 1 -1 -1 -1 -1 -1 -1 -1 2 2 -1 -1 2 2 
2 -1 -1 -1 -1 1 1 -1 -1 -1 -1 2 -1 -1 -1 -1 2 2 -1 2 
2 2 2 2 -1 2 1 -1 -1 3 2 3 2 -1 -1 -1 -1 2 2 2 
2 1 2 2 -1 2 -1 1 2 2 2 2 -1 -1 2 2 2 2 2 2 
2 1 2 2 -1 -1 1 -1 -1 2 2 2 2 -1 -1 2 2 2 2 1 
2 2 2 1 2 2 2 2 2 -1 -1 -1 -1 2 2 -1 2 1 1 1 
-1 2 2 2 1 1 1 -1 2 -1 -1 2 2 2 2 -1 1 1 1 1 
2 2 2 2 2 2 1 2 2 2 -1 -1 2 2 2 -1 1 2 1 1 
2 2 2 2 2 2 2 2 -1 2 1 2 -1 -1 2 2 2 2 1 2 
2 2 2 2 2 2 2 2 2 2 2 1 1 1 2 2 2 -1 2 -1 
2 2 -1 2 2 -1 2 2 2 2 -1 -1 1 -1 2 2 -1 -1 -1 -1 
2 2 2 1 2 2 2 2 2 -1 -1 1 -1 -1 -1 -1 -1 -1 -1 2 
-1 -1 1 2 1 2 2 -1 -1 -1 -1 -1 -1 -1 -1 -1 -1 -1 -1 -1 
-1 -1 1 2 -1 -1 -1 -1 -1 -1 -1 -1 -1 -1 -1 -1 -1 -1 -1 -1 
2 -1 -1 -1 -1 -1 -1 -1 -1 -1 -1 -1 -1 -1 -1 -1 -1 -1 -1 -1 
-1 -1 -1 -1 -1 -1 -1 -1 -1 -1 -1 -1 -1 -1 -1 -1 -1 -1 -1 2 
2 -1 -1 2 -1 -1 -1 -1 -1 -1 -1 2 2 -1 -1 -1 -1 -1 2 2 
-1 -1 2 2 2 2 2 -1 -1 -1 -1 -1 2 -1 -1 -1 -1 -1 -1 -1 
-1 -1 -1 2 2 2 2 -1 -1 1 -1 -1 1 2 -1 -1 -1 -1 -1 -1 
2 -1 -1 -1 2 2 2 -1 -1 1 -1 1 2 2 -1 -1 -1 -1 -1 2 
2 -1 2 2 2 2 2 2 1 2 1 1 1 1 2 -1 2 2 -1 2 
2 -1 2 2 2 2 1 2 2 2 -1 1 1 2 2 2 2 -1 2 2 
-1 2 2 2 2 2 2 1 2 2 2 -1 -1 1 2 1 2 2 2 2 
-1 2 2 2 2 2 -1 2 -1 2 2 -1 -1 2 2 2 2 2 2 2 
2 2 2 2 -1 2 -1 2 -1 -1 -1 -1 -1 -1 -1 2 2 2 2 -1 
2 2 2 -1 -1 -1 2 2 -1 -1 -1 -1 -1 2 2 -1 -1 2 2 -1 
2 2 2 -1 -1 -1 2 -1 2 -1 -1 2 -1 -1 -1 -1 -1 -1 -1 -1 
2 2 -1 -1 -1 -1 -1 -1 -1 2 1 -1 2 -1 2 -1 -1 -1 -1 -1 
-1 -1 2 -1 -1 -1 -1 -1 -1 -1 2 2 -1 -1 2 -1 -1 -1 -1 2 
2 -1 -1 2 -1 -1 -1 -1 2 -1 -1 2 -1 -1 -1 -1 -1 2 2 2 
2 2 2 -1 -1 -1 -1 -1 -1 2 -1 -1 2 -1 -1 -1 -1 -1 2 2 
2 2 -1 2 2 -1 -1 -1 2 2 -1 2 -1 -1 -1 2 2 2 -1 -1 
2 2 2 2 -1 -1 -1 -1 -1 -1 -1 2 2 2 2 -1 2 -1 -1 -1 
2 2 2 2 2 -1 -1 -1 -1 2 3 -1 2 2 -1 -1 -1 -1 2 2 
2 2 2 2 2 2 2 2 2 -1 -1 3 2 2 2 -1 2 2 2 2 
2 2 2 2 2 2 1 2 2 2 2 2 2 -1 -1 -1 2 2 2 2 
-1 2 1 2 2 1 1 1 2 2 2 2 2 2 2 2 2 2 2 2 
-1 2 2 1 1 1 1 1 2 2 2 2 2 2 2 2 2 3 2 -1 
2 -1 1 2 1 2 2 2 1 1 2 2 -1 2 2 2 2 -1 2 2 
2 -1 2 1 1 1 2 1 1 1 -1 2 2 -1 -1 2 2 1 -1 1 
2 2 2 2 2 1 1 2 -1 2 2 -1 -1 2 -1 2 2 2 1 2 
-1 2 2 2 2 2 2 1 2 2 -1 -1 2 2 -1 2 2 2 2 2 
2 2 2 2 2 2 2 2 2 -1 -1 -1 2 2 2 2 2 2 2 2 
-1 1 -1 1 -1 1 -1 1 1 2 2 -1 2 -1 2 2 2 -1 -1 -1 
-1 1 2 2 1 1 1 1 1 1 -1 -1 2 2 2 -1 -1 2 -1 -1 
1 1 1 1 1 1 1 1 1 1 -1 2 -1 2 -1 -1 -1 -1 2 -1 
1 2 2 2 1 2 2 -1 2 2 2 2 2 -1 -1 -1 -1 2 2 2 
1 2 2 -1 2 2 2 1 -1 2 -1 -1 -1 -1 -1 2 2 2 2 2 
-1 2 2 1 2 2 2 2 2 1 -1 -1 -1 -1 -1 2 1 1 1 1 
2 2 2 1 -1 -1 -1 2 -1 2 1 -1 -1 -1 -1 -1 2 2 1 2 
2 2 -1 2 -1 2 2 2 2 2 -1 2 2 -1 -1 2 2 2 2 2 
2 -1 2 2 -1 2 1 2 -1 2 -1 2 2 2 -1 2 2 2 -1 2 
2 2 -1 -1 -1 2 1 1 2 2 2 2 2 2 2 2 -1 -1 2 2 
2 2 2 2 -1 1 1 2 2 -1 2 1 -1 -1 -1 -1 -1 -1 2 -1 
2 2 -1 -1 -1 2 1 2 2 2 1 1 1 -1 -1 -1 2 -1 2 2 
3 2 -1 -1 -1 2 2 2 1 1 2 1 1 2 2 3 2 -1 -1 2 
-1 2 -1 -1 -1 3 2 2 1 2 1 2 2 1 2 -1 2 -1 -1 -1 
2 -1 2 2 -1 2 2 -1 -1 1 1 2 2 2 2 3 -1 -1 2 -1 
2 2 -1 2 -1 -1 -1 -1 1 -1 -1 2 2 2 -1 3 -1 2 -1 -1 
2 -1 -1 -1 -1 -1 -1 -1 -1 -1 2 2 2 2 -1 2 2 -1 -1 -1 
-1 -1 -1 -1 -1 2 -1 2 2 2 2 2 2 2 2 2 2 -1 -1 -1 
2 -1 -1 -1 -1 -1 1 1 -1 2 2 2 2 2 -1 2 2 -1 -1 2 
-1 -1 -1 2 1 -1 1 1 -1 2 2 2 2 2 2 2 -1 -1 -1 2 
-1 -1 2 -1 -1 2 1 1 1 1 1 2 -1 -1 -1 2 -1 4 -1 -1 
-1 2 -1 -1 -1 -1 1 1 2 2 2 2 8 8 8 8 -1 -1 -1 -1 
2 -1 2 -1 -1 2 -1 1 1 2 -1 2 -1 8 8 8 -1 8 -1 -1 
-1 2 -1 -1 2 1 1 2 1 2 2 2 2 1 8 8 8 -1 -1 -1 
-1 -1 2 2 -1 1 1 1 2 2 2 2 2 1 1 1 8 -1 2 -1 
2 2 2 -1 -1 -1 1 1 -1 -1 2 1 2 1 1 1 1 2 2 2 
2 2 2 -1 -1 -1 1 -1 1 2 2 2 1 1 1 1 -1 2 2 2 
2 2 2 -1 -1 -1 -1 -1 2 1 1 1 1 1 1 1 -1 2 -1 2 
2 2 -1 2 -1 -1 -1 -1 -1 2 1 1 1 2 1 -1 -1 -1 2 -1 
2 2 2 -1 -1 -1 -1 -1 3 2 1 1 2 2 1 1 1 -1 -1 2 
-1 -1 2 -1 -1 -1 -1 -1 -1 2 -1 2 2 2 -1 2 1 1 2 2 
2 2 2 2 -1 -1 2 2 2 2 2 2 2 2 2 2 -1 -1 2 2 
2 -1 -1 2 -1 -1 2 2 -1 2 2 2 2 2 2 2 2 2 2 2 
-1 -1 -1 2 -1 2 2 2 2 1 1 2 -1 2 2 2 2 2 2 -1 
-1 -1 -1 -1 2 -1 2 2 2 1 1 2 -1 2 2 2 2 2 -1 1 
1 2 -1 -1 2 2 2 2 1 1 2 2 2 2 2 2 -1 -1 2 1 
-1 -1 2 2 2 2 2 2 2 2 2 2 2 2 2 2 2 -1 -1 -1 
-1 -1 -1 2 2 2 2 2 2 1 2 2 2 -1 2 2 2 -1 -1 2 
2 2 2 2 2 2 2 2 2 2 2 2 2 -1 2 2 2 2 2 -1 
2 2 2 -1 2 1 2 1 1 2 2 2 2 -1 2 -1 2 -1 -1 2 
2 -1 2 2 -1 -1 2 2 -1 -1 2 2 -1 2 -1 -1 -1 2 1 1 
-1 2 -1 2 2 2 -1 -1 -1 -1 -1 2 2 2 2 2 -1 1 -1 1 
2 2 -1 2 -1 -1 -1 -1 -1 -1 -1 1 2 2 2 2 2 1 1 1 
1 -1 -1 2 -1 -1 2 -1 -1 -1 -1 1 1 2 2 2 2 2 2 -1 
-1 1 2 -1 2 2 1 2 -1 -1 1 -1 -1 1 1 2 2 2 2 -1 
1 1 2 2 2 1 2 1 2 -1 -1 1 -1 1 1 -1 2 2 2 -1 
-1 -1 2 -1 2 2 1 1 1 1 -1 1 1 -1 1 1 2 2 -1 2 
2 2 -1 -1 2 1 1 1 1 1 1 1 -1 -1 1 2 -1 2 2 2 
2 8 -1 2 1 1 1 1 2 2 1 -1 1 1 1 2 -1 2 2 2 
2 2 -1 -1 -1 -1 1 2 -1 2 2 1 -1 1 2 2 2 2 2 2 
2 2 -1 -1 -1 -1 2 2 -1 -1 2 2 -1 1 1 2 2 2 2 2 
2 -1 -1 -1 -1 -1 2 2 2 -1 2 2 2 -1 2 2 2 2 -1 -1 
2 2 -1 -1 2 2 2 2 2 2 -1 2 2 -1 -1 -1 -1 -1 2 2 
2 2 2 -1 -1 2 -1 2 -1 -1 -1 2 -1 -1 -1 -1 -1 -1 -1 2 
2 2 -1 -1 -1 -1 -1 -1 -1 -1 -1 2 -1 -1 2 2 -1 -1 2 2 
-1 -1 2 -1 -1 -1 -1 -1 -1 -1 -1 2 -1 2 2 2 1 1 2 -1 
-1 -1 -1 2 -1 -1 -1 -1 -1 -1 2 2 2 2 2 1 1 1 -1 -1 
-1 2 2 -1 -1 -1 -1 -1 -1 -1 -1 2 2 2 2 -1 2 1 -1 -1 
2 2 2 2 -1 2 -1 -1 2 2 2 2 2 2 -1 2 1 1 -1 -1 
1 2 2 2 2 -1 2 2 -1 2 2 2 2 -1 -1 -1 2 -1 -1 -1 
2 2 2 -1 2 2 -1 2 -1 -1 -1 -1 -1 2 3 -1 3 -1 1 -1 
2 3 -1 3 2 -1 2 2 -1 -1 -1 -1 -1 2 3 3 3 -1 -1 1 
3 3 3 3 -1 -1 2 2 2 -1 -1 -1 -1 -1 2 2 3 3 3 3 
2 3 3 2 2 2 -1 2 2 2 -1 -1 -1 -1 2 3 2 2 3 3 
2 3 2 2 2 -1 2 1 2 2 -1 -1 -1 -1 -1 2 2 2 2 2 
3 3 3 2 -1 -1 -1 1 1 -1 -1 -1 -1 3 -1 -1 2 2 2 2 
3 3 3 -1 2 1 1 -1 1 -1 -1 -1 -1 -1 -1 -1 2 2 2 -1 
2 2 -1 -1 2 2 -1 1 -1 -1 -1 -1 -1 -1 -1 -1 -1 2 2 3 
2 -1 -1 -1 2 -1 -1 -1 -1 -1 -1 -1 -1 -1 -1 -1 1 -1 2 2 
2 2 2 2 -1 -1 -1 -1 -1 -1 -1 -1 -1 -1 3 1 1 -1 -1 2 
-1 2 2 -1 -1 -1 -1 -1 -1 -1 -1 -1 -1 3 -1 -1 1 -1 -1 2 
-1 -1 -1 -1 -1 -1 -1 -1 -1 -1 -1 -1 -1 -1 3 3 3 1 -1 -1 
-1 -1 -1 -1 -1 -1 -1 -1 -1 -1 -1 -1 -1 -1 -1 3 1 -1 -1 -1 
-1 -1 -1 -1 -1 -1 -1 -1 -1 -1 -1 -1 -1 -1 -1 -1 -1 -1 -1 -1 
-1 -1 -1 -1 2 2 -1 -1 -1 -1 -1 -1 -1 -1 -1 -1 -1 -1 -1 -1 
-1 -1 -1 -1 -1 2 2 -1 -1 -1 -1 -1 2 -1 -1 -1 -1 -1 -1 2 
2 2 -1 -1 2 2 2 -1 -1 -1 -1 -1 -1 2 -1 -1 -1 -1 -1 -1 
-1 -1 -1 2 2 -1 -1 -1 -1 -1 -1 -1 -1 -1 -1 2 1 -1 -1 -1 
5 -1 -1 -1 2 -1 -1 -1 -1 -1 -1 -1 -1 -1 -1 -1 -1 -1 -1 -1 
-1 2 2 2 2 -1 -1 -1 -1 -1 -1 -1 -1 -1 3 3 -1 -1 1 1 
3 3 -1 -1 -1 -1 -1 3 3 3 1 1 1 -1 2 2 -1 -1 3 3 
3 -1 -1 -1 -1 -1 -1 3 2 1 1 1 1 2 2 -1 2 -1 -1 3 
-1 3 -1 -1 3 -1 -1 3 2 2 1 1 1 -1 -1 -1 2 -1 -1 -1 
-1 3 3 3 3 -1 -1 -1 2 -1 1 1 1 3 3 -1 -1 2 3 3 
-1 -1 -1 3 -1 -1 -1 -1 3 2 1 1 -1 -1 3 -1 2 2 6 6 
6 -1 3 1 1 -1 -1 -1 3 3 3 2 3 -1 -1 2 2 2 -1 -1 
6 6 -1 3 1 1 1 -1 -1 3 3 3 2 3 6 -1 -1 3 -1 -1 
3 4 6 1 -1 1 1 -1 -1 3 1 1 -1 -1 6 -1 -1 3 3 6 
4 3 1 6 6 -1 -1 -1 -1 -1 1 1 -1 -1 -1 6 -1 6 6 3 
6 6 6 6 6 6 6 -1 -1 4 1 1 -1 -1 -1 -1 6 6 3 6 
-1 4 6 4 6 6 6 -1 4 -1 -1 1 1 1 -1 6 6 -1 6 6 
-1 6 4 6 6 6 6 -1 2 2 4 -1 -1 -1 1 -1 6 -1 -1 1 
-1 6 4 2 6 6 6 -1 2 4 -1 -1 -1 1 1 -1 -1 -1 1 -1 
2 6 2 2 -1 6 6 -1 -1 2 -1 3 1 1 1 -1 -1 -1 -1 1 
2 2 2 6 6 -1 -1 -1 2 3 3 3 1 -1 -1 -1 -1 1 -1 3 
2 -1 2 -1 -1 -1 -1 2 1 1 3 1 -1 3 -1 -1 1 1 3 2 
2 -1 2 2 -1 -1 1 1 1 1 2 -1 1 1 -1 -1 -1 -1 3 3 
-1 2 2 -1 2 -1 -1 -1 1 -1 1 1 1 -1 -1 -1 -1 -1 -1 3 
3 -1 -1 -1 -1 -1 -1 3 3 1 2 1 1 1 -1 -1 -1 -1 -1 -1 
3 -1 -1 -1 -1 -1 -1 -1 3 3 1 1 1 -1 -1 -1 -1 -1 -1 -1 
4 4 2 4 2 1 2 -1 -1 -1 2 2 2 2 2 1 1 4 -1 4 
4 4 4 2 -1 2 1 1 -1 1 2 -1 -1 2 2 -1 2 1 1 4 
4 4 2 2 2 1 1 1 1 2 -1 -1 -1 -1 2 2 2 1 1 -1 
2 2 -1 -1 1 1 1 1 -1 -1 -1 -1 -1 -1 -1 -1 2 1 1 -1 
-1 -1 -1 -1 1 1 -1 -1 -1 -1 -1 -1 1 -1 1 1 1 1 -1 -1 
-1 2 -1 2 1 -1 -1 -1 -1 -1 -1 -1 -1 1 1 1 1 1 1 -1 
-1 2 2 1 2 -1 -1 -1 -1 -1 -1 -1 -1 -1 1 1 1 1 -1 1 
-1 -1 1 2 2 2 -1 -1 -1 -1 -1 -1 -1 -1 -1 1 1 1 1 -1 
-1 2 2 2 2 2 2 2 1 1 -1 -1 -1 -1 -1 -1 1 -1 -1 -1 
-1 1 1 2 1 -1 -1 1 2 2 -1 -1 -1 -1 -1 -1 -1 -1 -1 -1 
-1 -1 -1 2 1 1 -1 -1 -1 2 -1 1 1 -1 -1 -1 -1 -1 -1 1 
2 2 2 1 2 -1 -1 -1 -1 1 1 1 1 1 -1 -1 -1 -1 1 -1 
-1 -1 2 2 -1 -1 -1 -1 -1 1 2 1 1 1 -1 1 1 2 2 -1 
2 2 -1 2 1 -1 -1 -1 2 -1 1 1 -1 -1 1 1 1 -1 2 2 
2 2 2 2 1 1 -1 2 2 1 2 1 1 -1 1 1 1 2 -1 2 
2 2 1 1 1 -1 2 2 -1 2 1 -1 1 -1 1 1 1 -1 2 -1 
-1 2 1 1 1 1 1 -1 2 2 2 2 2 1 1 1 2 2 -1 -1 
-1 2 -1 1 1 1 -1 -1 2 2 2 2 2 2 2 2 1 2 -1 -1 
-1 -1 2 -1 -1 1 -1 -1 -1 -1 -1 2 2 2 2 1 2 2 2 2 
4 4 -1 -1 -1 -1 2 2 -1 -1 2 2 2 2 1 2 2 4 2 2 
1 -1 -1 2 2 1 -1 -1 -1 1 1 1 -1 -1 -1 -1 -1 1 1 1 
-1 -1 2 -1 2 2 1 2 -1 1 1 -1 -1 -1 -1 -1 -1 1 -1 1 
-1 -1 -1 2 2 2 1 -1 -1 -1 -1 -1 -1 -1 -1 -1 1 -1 -1 -1 
-1 -1 -1 -1 1 -1 2 1 -1 -1 -1 -1 -1 1 -1 -1 1 -1 -1 -1 
1 -1 -1 1 1 2 1 2 -1 -1 -1 -1 1 -1 -1 -1 1 -1 -1 -1 
1 1 -1 1 1 2 1 2 2 -1 -1 1 -1 1 1 1 1 -1 -1 1 
1 1 -1 1 -1 1 2 2 -1 -1 -1 1 -1 1 -1 1 -1 -1 -1 1 
1 1 1 1 -1 1 -1 1 1 1 -1 -1 1 -1 -1 -1 -1 -1 -1 -1 
-1 2 -1 1 2 1 1 1 1 1 -1 1 -1 1 -1 -1 -1 -1 -1 1 
-1 2 1 1 1 -1 1 1 1 1 1 1 -1 -1 -1 -1 -1 -1 -1 -1 
-1 -1 1 1 -1 -1 1 1 1 1 1 1 1 2 -1 -1 -1 -1 -1 -1 
-1 -1 -1 -1 -1 -1 -1 1 1 1 1 1 2 2 -1 -1 -1 1 1 1 
1 -1 -1 -1 -1 -1 -1 -1 1 1 1 2 -1 -1 -1 -1 1 1 1 -1 
-1 -1 -1 1 -1 -1 -1 1 1 1 2 2 -1 -1 -1 -1 -1 -1 1 -1 
-1 1 1 1 -1 -1 -1 1 -1 1 -1 -1 -1 -1 -1 -1 -1 1 -1 -1 
-1 1 1 1 -1 -1 1 1 -1 -1 -1 -1 -1 -1 -1 -1 -1 -1 -1 -1 
-1 1 1 1 -1 2 -1 -1 -1 2 -1 2 -1 -1 2 -1 -1 1 1 -1 
-1 1 -1 1 -1 1 1 1 -1 2 2 -1 -1 -1 -1 -1 1 1 1 -1 
-1 -1 1 1 1 1 1 1 1 2 2 2 -1 1 1 -1 -1 1 1 -1 
-1 -1 -1 -1 1 1 1 1 1 1 1 1 1 1 -1 -1 -1 -1 -1 -1 
-1 1 1 1 -1 -1 -1 1 -1 -1 1 -1 -1 -1 -1 -1 -1 2 1 1 
-1 1 1 1 -1 -1 1 1 -1 1 1 -1 -1 -1 -1 -1 2 2 1 1 
1 -1 1 -1 1 1 1 2 -1 -1 -1 -1 -1 -1 -1 -1 -1 1 1 1 
1 1 1 1 1 1 -1 2 1 -1 -1 -1 -1 2 -1 -1 -1 1 1 1 
1 -1 -1 -1 -1 -1 -1 2 -1 -1 -1 -1 -1 2 2 -1 1 1 1 1 
-1 -1 -1 1 1 -1 -1 -1 -1 -1 -1 -1 2 2 2 2 2 1 1 1 
-1 -1 -1 1 -1 1 1 -1 -1 -1 -1 -1 -1 -1 -1 2 -1 -1 -1 -1 
-1 -1 -1 1 -1 1 1 -1 -1 -1 -1 -1 -1 1 2 -1 -1 -1 -1 -1 
1 1 -1 -1 -1 -1 1 -1 -1 2 -1 1 1 -1 2 -1 -1 -1 -1 -1 
-1 1 -1 -1 -1 -1 -1 -1 -1 2 -1 1 1 1 -1 -1 -1 -1 -1 -1 
-1 1 1 -1 -1 -1 -1 -1 2 1 1 -1 -1 -1 -1 -1 1 3 -1 -1 
-1 -1 1 1 -1 -1 -1 -1 -1 -1 1 1 -1 1 -1 -1 -1 1 3 -1 
-1 -1 -1 -1 -1 -1 -1 -1 -1 -1 -1 1 1 -1 1 -1 2 2 2 -1 
-1 -1 1 1 -1 -1 -1 -1 -1 -1 1 1 1 -1 2 2 -1 -1 2 -1 
-1 -1 -1 1 -1 -1 -1 -1 -1 -1 -1 1 1 1 2 2 -1 -1 2 -1 
1 1 -1 -1 -1 -1 -1 -1 -1 -1 -1 1 -1 2 -1 2 2 1 -1 1 
-1 -1 -1 -1 -1 -1 -1 1 -1 -1 -1 1 -1 -1 -1 2 2 1 2 -1 
-1 -1 -1 -1 -1 -1 -1 -1 1 -1 -1 -1 1 -1 -1 -1 2 2 -1 -1 
-1 1 1 1 1 1 -1 -1 -1 -1 -1 -1 -1 -1 -1 -1 2 2 -1 -1 
-1 1 1 1 1 -1 -1 -1 -1 -1 1 1 -1 -1 -1 -1 2 -1 -1 -1 
1 1 1 -1 -1 -1 -1 -1 -1 1 -1 -1 -1 -1 -1 -1 -1 -1 -1 -1 
1 -1 1 -1 -1 -1 -1 1 1 -1 -1 -1 -1 -1 -1 -1 -1 1 -1 -1 
1 1 1 1 1 -1 2 2 1 -1 -1 -1 -1 -1 1 -1 -1 -1 -1 -1 
1 1 -1 -1 -1 -1 -1 -1 -1 -1 -1 -1 -1 1 -1 1 1 1 1 1 
1 -1 -1 1 -1 -1 -1 -1 1 -1 -1 -1 -1 -1 1 -1 -1 1 -1 -1 
-1 -1 1 1 -1 -1 -1 1 1 -1 1 1 1 -1 1 1 -1 -1 -1 -1 
-1 -1 -1 1 -1 -1 -1 -1 1 1 1 1 1 -1 -1 -1 -1 -1 -1 -1 
-1 -1 1 -1 -1 -1 -1 -1 1 1 -1 -1 -1 -1 -1 -1 -1 -1 -1 -1 
-1 -1 -1 -1 -1 -1 -1 -1 -1 -1 -1 -1 -1 -1 -1 -1 -1 -1 -1 -1 
-1 -1 1 -1 -1 -1 -1 -1 -1 -1 -1 -1 -1 -1 -1 -1 -1 -1 -1 2 
-1 1 1 1 -1 -1 -1 -1 -1 -1 -1 1 -1 -1 -1 -1 -1 -1 -1 -1 
-1 -1 1 1 -1 -1 -1 -1 1 -1 -1 1 -1 -1 -1 -1 -1 -1 -1 -1 
1 1 1 -1 -1 -1 -1 -1 -1 1 -1 -1 -1 -1 1 1 -1 -1 -1 -1 
1 1 1 1 1 -1 -1 -1 1 -1 -1 -1 -1 -1 -1 -1 -1 -1 -1 1 
1 -1 -1 1 -1 -1 -1 1 -1 1 -1 3 3 -1 -1 -1 -1 -1 -1 -1 
-1 -1 -1 -1 -1 -1 1 -1 1 -1 1 -1 1 -1 -1 -1 -1 -1 -1 -1 
-1 -1 -1 1 -1 -1 -1 1 1 -1 -1 1 -1 -1 -1 -1 -1 -1 -1 -1 
-1 -1 -1 -1 1 -1 -1 1 -1 1 -1 -1 -1 2 2 -1 2 -1 -1 -1 
-1 -1 1 1 1 -1 -1 1 -1 1 -1 -1 -1 2 2 2 -1 2 -1 -1 
-1 1 1 1 -1 -1 -1 -1 -1 1 -1 -1 -1 -1 -1 -1 -1 -1 -1 -1 
-1 -1 -1 -1 -1 1 -1 -1 -1 -1 -1 1 1 1 1 1 -1 -1 -1 -1 
-1 -1 -1 1 -1 -1 -1 -1 -1 -1 -1 -1 -1 -1 1 1 -1 -1 -1 -1 
-1 -1 1 -1 -1 -1 -1 -1 -1 -1 -1 -1 -1 -1 -1 -1 -1 -1 -1 -1 
-1 -1 1 -1 -1 1 1 1 1 -1 -1 -1 -1 -1 -1 -1 -1 -1 -1 -1 
-1 -1 -1 -1 -1 -1 1 -1 1 1 -1 -1 -1 -1 -1 1 -1 -1 -1 -1 
-1 -1 -1 -1 -1 -1 -1 -1 -1 -1 -1 -1 1 1 -1 -1 1 1 -1 -1 
-1 -1 -1 -1 1 -1 -1 -1 1 -1 -1 -1 -1 1 -1 1 -1 -1 -1 -1 
-1 -1 -1 1 1 1 -1 1 -1 -1 -1 -1 1 1 1 -1 -1 -1 -1 -1 
-1 -1 -1 1 1 1 -1 1 1 -1 -1 1 1 1 -1 -1 1 -1 -1 -1 
-1 -1 -1 1 1 1 -1 1 1 1 1 1 -1 1 1 -1 -1 -1 -1 -1 
-1 -1 1 -1 1 1 1 1 1 1 1 -1 3 1 1 -1 -1 -1 -1 -1 
-1 1 -1 1 1 1 1 -1 -1 -1 -1 1 3 3 -1 1 -1 -1 1 -1 
1 -1 1 -1 1 1 1 1 -1 -1 1 -1 3 1 -1 -1 1 -1 -1 1 
1 -1 -1 -1 1 1 1 1 -1 -1 -1 -1 3 3 -1 -1 1 1 1 1 
-1 1 -1 -1 -1 1 -1 1 -1 -1 -1 -1 -1 1 -1 -1 1 -1 -1 -1 
1 -1 1 1 1 -1 -1 -1 -1 -1 -1 -1 -1 -1 1 1 1 -1 1 -1 
-1 -1 -1 -1 1 -1 -1 -1 -1 -1 -1 -1 -1 -1 1 -1 -1 -1 1 1 
-1 -1 -1 -1 -1 -1 1 1 1 1 -1 -1 1 1 -1 -1 -1 -1 -1 -1 
-1 -1 -1 -1 -1 3 -1 -1 1 1 -1 -1 -1 -1 1 -1 -1 -1 -1 -1 
-1 -1 -1 -1 1 -1 -1 -1 1 -1 -1 1 -1 1 1 -1 -1 -1 -1 -1 
-1 -1 -1 -1 1 1 -1 -1 -1 -1 -1 -1 -1 -1 -1 -1 -1 -1 -1 -1 
1 -1 -1 -1 -1 -1 -1 -1 -1 -1 -1 -1 -1 -1 -1 -1 -1 -1 -1 -1 
-1 1 -1 -1 -1 -1 1 1 1 -1 -1 -1 1 -1 -1 -1 -1 -1 -1 1 
-1 1 -1 -1 -1 1 -1 -1 -1 -1 -1 -1 -1 1 -1 -1 -1 -1 -1 -1 
-1 1 -1 1 1 1 1 -1 -1 -1 -1 -1 -1 -1 -1 -1 -1 -1 -1 -1 
-1 -1 -1 -1 1 1 1 -1 -1 -1 -1 -1 -1 -1 -1 -1 -1 -1 1 -1 
-1 -1 -1 1 1 -1 -1 -1 -1 1 -1 -1 -1 -1 -1 -1 -1 1 -1 -1 
-1 -1 -1 1 1 1 -1 -1 -1 -1 -1 -1 -1 -1 -1 -1 -1 -1 1 -1 
-1 -1 -1 1 1 1 -1 -1 -1 -1 -1 -1 -1 -1 -1 -1 -1 -1 -1 -1 
-1 -1 1 -1 -1 -1 -1 -1 1 -1 -1 -1 -1 -1 -1 -1 -1 -1 1 1 
-1 -1 -1 -1 1 1 1 1 1 1 -1 -1 -1 -1 -1 -1 -1 -1 1 1 
1 -1 -1 1 1 1 1 1 1 -1 1 -1 1 -1 -1 -1 -1 -1 1 -1 
1 1 1 -1 -1 -1 1 1 -1 -1 -1 1 -1 1 -1 -1 -1 -1 -1 -1 
1 1 -1 1 -1 1 1 -1 -1 -1 -1 -1 -1 1 -1 -1 -1 1 -1 1 
1 -1 1 1 1 1 1 -1 -1 -1 -1 -1 -1 -1 -1 -1 -1 -1 1 1 
1 1 1 1 1 1 -1 -1 -1 -1 -1 -1 -1 -1 -1 -1 -1 -1 1 1 
1 1 1 1 1 1 1 -1 -1 -1 -1 -1 -1 -1 -1 -1 -1 -1 -1 -1 
1 1 1 1 1 1 1 -1 -1 -1 -1 -1 -1 -1 -1 -1 -1 -1 -1 1 
-1 -1 -1 -1 -1 1 1 -1 1 1 -1 -1 -1 -1 -1 -1 -1 -1 -1 -1 
-1 1 -1 -1 -1 1 -1 -1 -1 -1 -1 -1 -1 -1 -1 -1 -1 -1 -1 -1 
-1 -1 -1 -1 1 1 -1 -1 -1 1 1 1 -1 -1 -1 -1 -1 -1 -1 -1 
-1 -1 1 -1 1 -1 1 -1 1 1 1 -1 -1 -1 -1 -1 -1 -1 -1 -1 
-1 1 1 -1 1 1 -1 -1 -1 1 12 12 -1 -1 -1 -1 -1 -1 -1 -1 
-1 1 -1 1 1 -1 1 -1 -1 -1 1 1 -1 -1 -1 -1 -1 -1 -1 -1 
-1 -1 1 1 1 1 1 -1 -1 -1 -1 -1 -1 -1 -1 -1 -1 -1 2 -1 
-1 1 1 1 1 1 -1 -1 -1 -1 -1 -1 -1 2 2 -1 -1 -1 2 -1 
-1 -1 -1 1 1 -1 -1 -1 -1 -1 -1 1 2 2 2 -1 -1 -1 2 2 
2 -1 1 1 -1 -1 -1 -1 1 1 1 -1 -1 2 2 2 2 2 2 2 
-1 2 -1 1 1 -1 -1 1 -1 1 1 1 -1 -1 2 -1 2 2 2 2 
2 -1 -1 -1 1 1 1 1 -1 -1 1 1 1 2 -1 -1 -1 2 2 2 
2 -1 -1 -1 1 1 1 1 12 1 1 1 1 -1 -1 -1 -1 -1 -1 2 
2 -1 1 -1 1 1 1 1 1 1 1 1 -1 -1 -1 -1 -1 2 2 2 
2 1 1 1 1 1 1 1 1 1 1 1 1 -1 -1 -1 -1 -1 2 2 
-1 -1 1 -1 1 1 1 2 2 1 1 1 1 1 -1 -1 -1 2 -1 -1 
-1 -1 -1 -1 -1 -1 1 -1 2 -1 1 1 1 1 1 -1 -1 -1 -1 -1 
-1 -1 -1 1 1 2 2 2 2 -1 1 1 -1 1 1 -1 -1 -1 -1 -1 
-1 -1 -1 -1 -1 2 2 2 -1 -1 -1 -1 -1 -1 1 -1 -1 -1 -1 -1 
-1 -1 -1 -1 -1 -1 -1 -1 1 -1 -1 -1 -1 -1 -1 -1 -1 -1 -1 -1 
-1 -1 -1 -1 -1 -1 -1 1 -1 -1 -1 -1 -1 -1 -1 -1 -1 -1 -1 -1 
-1 -1 -1 1 1 -1 -1 -1 1 1 1 -1 1 -1 -1 -1 -1 -1 -1 -1 
-1 12 -1 -1 -1 -1 -1 -1 2 -1 -1 -1 1 2 -1 1 -1 -1 1 1 
1 1 1 1 -1 -1 1 2 2 -1 -1 1 1 2 2 1 2 1 1 1 
1 1 -1 1 -1 -1 1 1 1 -1 -1 -1 -1 1 -1 1 -1 1 1 1 
1 1 1 1 -1 -1 1 1 1 -1 1 1 1 2 2 -1 -1 -1 1 1 
-1 -1 -1 1 -1 -1 1 1 1 1 1 1 1 1 2 -1 -1 2 -1 -1 
-1 -1 1 1 1 -1 1 1 1 -1 1 1 1 1 1 2 2 -1 -1 -1 
-1 -1 -1 1 -1 -1 -1 -1 1 1 1 1 1 1 1 -1 2 2 -1 1 
1 -1 -1 -1 -1 -1 -1 -1 1 12 12 1 -1 2 1 -1 -1 -1 -1 -1 
-1 -1 -1 -1 -1 -1 12 -1 12 12 12 1 1 1 -1 -1 -1 -1 -1 -1 
-1 -1 -1 -1 -1 -1 1 12 -1 12 12 12 1 1 1 -1 2 -1 -1 -1 
-1 -1 -1 -1 -1 -1 1 -1 1 -1 12 12 1 1 -1 2 -1 -1 -1 -1 
-1 -1 12 -1 1 -1 -1 -1 12 12 12 -1 12 -1 -1 -1 -1 -1 -1 -1 
-1 12 12 1 -1 1 1 -1 2 2 2 12 1 1 -1 -1 -1 -1 -1 -1 
-1 12 -1 12 -1 -1 -1 2 2 2 2 -1 1 -1 -1 -1 -1 -1 1 12 
12 1 1 -1 -1 2 1 2 -1 2 2 -1 1 1 -1 -1 -1 1 1 1 
1 -1 1 -1 -1 1 2 1 -1 -1 -1 -1 1 2 -1 -1 -1 -1 1 1 
-1 -1 -1 -1 1 -1 -1 -1 -1 -1 2 2 2 2 2 -1 -1 -1 -1 -1 
-1 -1 -1 1 1 -1 -1 2 -1 2 2 2 2 2 2 -1 2 -1 -1 -1 
-1 1 -1 -1 -1 -1 2 -1 -1 -1 2 1 2 2 -1 -1 2 2 1 1 
1 -1 -1 -1 -1 2 2 2 2 -1 -1 -1 1 -1 2 -1 2 2 1 1 
12 12 8 12 1 2 -1 2 2 2 -1 1 1 12 12 9 9 12 12 9 
9 12 12 2 1 1 1 1 1 2 1 1 1 12 1 1 -1 12 12 9 
12 12 12 -1 2 1 -1 -1 1 1 1 -1 -1 1 -1 12 12 8 12 12 
12 12 12 2 -1 -1 -1 1 -1 1 -1 1 -1 1 1 2 12 8 12 12 
12 12 -1 -1 2 -1 -1 1 1 -1 -1 1 1 1 12 -1 -1 12 12 12 
12 12 -1 -1 2 -1 -1 1 1 12 1 1 -1 1 1 12 -1 -1 -1 -1 
11 12 12 2 -1 -1 1 1 1 1 -1 1 5 1 1 1 -1 -1 -1 11 
12 12 12 12 -1 1 1 -1 -1 -1 -1 5 5 1 1 1 -1 2 -1 12 
-1 -1 12 2 1 1 -1 -1 -1 -1 -1 1 1 -1 -1 -1 5 2 2 -1 
12 -1 1 2 1 -1 1 -1 -1 -1 -1 1 1 1 -1 -1 -1 -1 2 2 
12 12 -1 1 1 1 1 1 1 -1 1 1 1 -1 -1 -1 -1 -1 2 12 
12 12 12 -1 1 -1 -1 1 1 1 1 1 1 -1 -1 -1 -1 -1 2 2 
12 12 -1 1 -1 1 1 2 1 1 1 5 -1 1 -1 -1 -1 -1 2 12 
12 12 12 -1 -1 -1 -1 -1 2 1 1 1 5 1 -1 -1 -1 -1 -1 -1 
12 12 12 -1 -1 -1 2 -1 5 -1 5 5 -1 -1 1 2 12 10 -1 -1 
8 12 12 12 -1 5 2 -1 2 5 5 5 5 -1 2 -1 12 12 10 8 
40 12 12 12 -1 -1 -1 2 -1 1 5 5 5 -1 2 -1 -1 12 12 10 
12 40 12 12 -1 -1 -1 2 5 5 5 5 5 1 -1 2 9 12 12 12 
40 -1 9 12 -1 -1 2 2 -1 5 5 5 1 12 1 9 9 12 12 12 
12 12 8 -1 12 -1 2 2 2 2 1 1 1 1 1 -1 9 9 12 40 
5 5 1 9 9 9 9 1 9 9 -1 12 -1 8 8 12 12 12 12 12 
5 9 9 9 9 -1 -1 9 9 9 9 12 12 -1 12 -1 12 12 5 12 
5 5 9 9 5 9 12 9 -1 2 2 12 12 12 -1 12 12 12 5 5 
-1 -1 12 2 12 12 -1 12 12 12 2 12 5 -1 12 12 12 12 12 5 
-1 12 12 2 9 12 12 12 12 12 12 5 2 12 12 12 12 12 12 12 
12 -1 12 4 12 12 12 11 -1 12 12 12 5 12 2 12 12 12 12 12 
12 2 -1 12 4 12 12 11 11 2 12 12 2 2 12 12 12 9 12 9 
2 2 12 12 12 12 12 12 11 12 2 2 11 12 12 12 9 12 9 12 
9 2 -1 12 12 5 5 12 12 6 6 -1 11 11 12 12 -1 9 4 9 
9 9 9 9 12 12 12 1 6 10 10 11 11 11 2 12 12 2 4 9 
9 9 12 5 12 10 12 12 12 6 11 11 11 11 11 -1 11 11 -1 -1 
12 12 4 12 12 5 12 12 6 12 11 11 4 4 11 12 11 11 -1 12 
12 12 12 6 5 -1 12 12 12 12 11 6 6 9 9 -1 11 9 12 9 
12 12 12 6 8 8 5 6 12 5 6 9 6 9 9 9 12 9 9 12 
-1 12 12 12 6 8 8 6 5 12 12 9 9 9 9 -1 1 9 9 12 
12 12 12 12 8 6 12 6 12 5 12 9 9 8 8 5 5 -1 12 12 
9 12 12 12 1 12 12 12 12 1 9 12 12 8 8 12 5 12 12 9 
12 6 12 1 12 12 2 12 12 1 12 9 12 12 12 12 12 12 12 12 
5 6 6 2 2 2 9 9 12 12 -1 12 12 -1 12 12 12 12 12 12 
5 1 1 9 9 9 9 9 12 12 9 12 1 1 -1 12 12 12 12 12 
9 9 12 11 10 10 9 9 11 11 11 9 9 9 8 8 12 12 4 9 
8 9 12 -1 10 10 -1 11 11 11 11 11 9 9 12 12 12 12 12 9 
9 8 9 2 11 11 2 11 11 11 11 11 11 11 11 12 9 9 9 9 
9 -1 2 2 11 11 2 11 5 12 12 11 11 11 -1 12 9 12 12 -1 
12 2 2 2 2 2 5 12 5 5 5 12 12 11 12 12 2 12 12 12 
12 2 2 12 2 2 2 12 12 5 12 12 12 12 12 1 1 1 12 -1 
-1 2 12 12 12 12 12 12 12 12 12 12 12 10 10 12 1 1 1 -1 
1 -1 12 12 12 12 12 12 10 10 12 -1 12 10 12 1 12 1 -1 -1 
1 1 12 -1 12 10 12 2 2 10 10 12 12 12 1 -1 1 1 -1 4 
4 1 1 12 10 10 2 12 -1 2 10 12 12 -1 1 1 1 -1 12 12 
12 13 13 12 12 12 12 12 12 4 12 10 10 12 -1 1 12 12 1 12 
12 12 12 12 12 12 12 12 12 12 12 12 12 12 12 12 1 1 1 1 
12 12 12 12 12 12 12 12 -1 12 12 12 12 1 1 -1 1 1 12 8 
12 8 12 9 12 12 12 12 12 12 -1 8 12 1 1 12 11 40 12 8 
12 12 12 9 12 9 9 12 -1 12 12 8 9 1 1 12 40 12 12 12 
12 9 9 9 9 12 9 9 5 5 12 9 9 9 1 8 12 8 12 12 
9 9 9 9 9 9 9 -1 9 9 9 9 9 9 8 12 8 12 12 12 
12 9 9 9 9 9 9 -1 9 9 9 9 9 1 1 24 12 9 12 -1 
4 12 12 12 9 9 9 9 9 9 9 9 1 1 24 9 9 9 12 9 
4 9 10 12 12 12 9 9 9 11 9 11 1 -1 -1 12 9 9 9 9 
-1 12 -1 3 1 12 12 -1 12 9 3 9 12 12 9 12 12 12 2 -1 
-1 12 3 1 1 1 1 12 1 3 9 9 9 9 9 12 12 2 2 2 
12 8 9 1 1 1 1 12 12 12 9 9 9 9 4 12 12 2 9 -1 
9 9 9 9 1 12 9 12 12 1 9 9 4 4 4 -1 -1 9 12 12 
9 9 9 9 1 1 12 12 12 12 9 9 9 4 4 4 9 12 9 8 
9 9 9 9 12 12 12 5 12 12 12 -1 9 4 4 -1 9 9 9 12 
9 9 9 9 11 12 12 9 5 9 9 1 1 4 1 9 -1 5 2 4 
4 -1 9 9 11 12 12 12 5 5 5 12 5 1 12 12 5 2 2 4 
-1 -1 9 -1 11 11 11 12 12 5 5 12 5 5 5 -1 2 5 -1 4 
4 11 -1 11 12 11 9 10 12 5 5 12 5 5 -1 4 -1 4 4 -1 
-1 4 4 12 4 11 11 11 12 12 2 5 5 5 4 4 -1 4 4 4 
4 4 3 2 11 11 9 12 2 12 12 5 5 4 4 4 4 4 4 -1 
4 -1 2 3 11 11 12 9 9 2 2 2 2 5 4 4 4 12 12 4 
4 3 2 12 12 8 9 8 9 9 4 12 4 -1 4 4 2 -1 4 4 
3 12 12 12 12 12 8 -1 12 9 9 12 12 4 -1 4 1 1 -1 -1 
12 2 12 12 12 12 -1 2 12 1 12 12 4 -1 4 -1 1 4 -1 2 
11 12 12 12 12 12 12 12 1 1 12 12 12 12 -1 -1 12 1 4 2 
12 10 10 5 -1 1 12 12 1 1 1 12 12 12 12 12 12 8 -1 3 
11 10 10 10 1 1 12 1 1 1 1 12 12 12 12 8 8 12 8 24 
-1 -1 10 1 1 12 12 -1 1 1 12 12 12 12 12 8 12 8 -1 11 
12 12 -1 8 8 8 32 8 32 32 32 32 12 1 12 12 12 12 12 12 
32 -1 8 32 8 8 8 32 32 -1 32 -1 12 12 12 1 1 1 12 12 
32 32 32 32 32 32 -1 32 32 32 -1 -1 8 12 12 12 1 1 12 32 
32 32 32 32 32 32 12 8 32 32 -1 8 8 1 1 1 12 1 -1 12 
-1 32 -1 -1 -1 12 32 32 8 8 -1 -1 8 1 -1 4 12 12 12 -1 
-1 32 32 32 32 12 12 32 -1 8 -1 8 -1 -1 4 4 4 12 1 -1 
-1 32 32 -1 32 2 12 8 8 -1 8 8 8 8 4 4 4 1 -1 -1 
4 32 4 32 32 2 -1 -1 8 8 1 1 -1 -1 8 1 4 4 4 -1 
-1 9 4 2 -1 -1 2 32 -1 8 1 32 -1 -1 1 1 4 4 4 4 
-1 4 4 2 -1 -1 4 8 32 32 32 32 -1 1 1 1 1 4 4 12 
-1 4 -1 4 4 4 1 8 8 32 32 -1 -1 -1 1 1 5 5 4 -1 
-1 4 4 4 -1 1 1 1 1 8 32 32 8 -1 4 4 4 4 4 4 
4 4 4 4 4 2 1 1 4 -1 32 8 8 8 4 4 -1 -1 4 4 
-1 4 4 4 2 4 4 4 1 1 -1 -1 32 8 2 4 2 4 -1 4 
-1 -1 4 4 4 4 4 -1 4 1 1 32 -1 32 32 2 4 4 4 -1 
4 32 32 4 4 4 -1 4 4 4 1 2 12 32 1 1 -1 4 -1 4 
4 1 1 1 4 -1 -1 1 4 4 2 1 12 12 1 4 1 -1 -1 4 
1 1 32 1 -1 32 1 11 32 4 -1 4 4 11 12 1 12 -1 12 32 
-1 32 32 32 32 1 32 32 -1 -1 4 4 4 11 11 11 12 12 12 12 
12 -1 -1 32 32 8 32 32 -1 -1 -1 1 32 1 1 12 12 12 12 12 
12 -1 -1 -1 -1 -1 -1 -1 -1 -1 -1 -1 4 1 1 9 9 9 9 9 
-1 12 4 4 -1 -1 -1 -1 -1 -1 -1 -1 -1 9 9 1 9 9 9 9 
-1 -1 4 1 1 -1 -1 -1 -1 -1 -1 -1 -1 -1 1 9 -1 9 -1 9 
11 11 11 1 1 1 -1 -1 -1 -1 -1 -1 -1 -1 1 9 9 9 9 11 
11 4 -1 4 -1 4 -1 -1 -1 -1 -1 -1 -1 -1 -1 1 8 9 9 9 
-1 -1 4 4 -1 -1 -1 -1 -1 -1 -1 1 -1 -1 -1 -1 8 -1 9 9 
-1 -1 4 4 -1 -1 -1 -1 -1 -1 -1 -1 -1 -1 -1 -1 -1 -1 4 9 
4 -1 -1 4 -1 -1 -1 -1 -1 4 4 -1 -1 -1 -1 -1 -1 4 4 4 
-1 4 4 4 -1 -1 -1 -1 4 4 4 -1 -1 -1 -1 -1 -1 4 4 4 
4 1 4 4 -1 -1 4 4 4 4 4 4 -1 -1 -1 -1 -1 -1 -1 -1 
-1 1 1 4 1 -1 -1 -1 -1 4 4 4 -1 4 4 -1 -1 -1 -1 -1 
-1 1 -1 1 4 -1 -1 -1 -1 -1 -1 4 -1 4 4 -1 32 32 -1 8 
32 1 1 -1 -1 4 -1 -1 -1 4 4 -1 4 -1 4 32 32 32 32 32 
32 -1 -1 -1 -1 -1 -1 -1 -1 -1 4 32 -1 32 -1 4 32 -1 32 32 
-1 -1 -1 -1 -1 -1 4 -1 -1 -1 32 -1 32 32 32 4 -1 -1 -1 -1 
4 4 4 -1 -1 -1 -1 -1 -1 32 -1 32 32 32 32 -1 4 4 -1 4 
-1 4 4 -1 -1 -1 -1 -1 -1 -1 -1 -1 9 9 32 -1 -1 4 4 8 
8 4 4 4 -1 -1 -1 -1 -1 -1 1 1 1 1 4 32 4 9 4 8 
9 -1 -1 4 -1 -1 -1 -1 -1 -1 -1 1 1 1 4 4 4 4 9 8 
-1 9 -1 -1 -1 -1 -1 -1 -1 -1 -1 -1 1 4 9 1 9 9 9 9 
4 -1 -1 -1 -1 -1 -1 4 4 -1 -1 -1 1 1 1 1 1 1 1 4 
4 4 -1 -1 -1 1 -1 -1 4 -1 -1 1 -1 3 1 1 1 4 4 -1 
4 4 4 1 1 1 32 -1 -1 4 -1 1 1 1 1 1 4 4 1 -1 
4 -1 4 1 -1 -1 32 -1 -1 4 1 4 1 4 1 4 -1 4 1 4 
4 -1 -1 1 1 -1 32 32 4 4 4 1 4 1 -1 -1 4 4 4 -1 
4 4 -1 -1 -1 -1 -1 -1 -1 4 4 -1 4 1 1 4 4 -1 4 4 
4 -1 -1 -1 32 -1 32 -1 -1 32 -1 4 4 1 4 4 4 4 4 4 
4 -1 -1 32 32 32 32 32 32 4 32 -1 -1 4 -1 -1 -1 -1 -1 -1 
4 -1 -1 -1 32 -1 -1 32 4 4 4 4 -1 4 -1 4 4 4 -1 4 
4 -1 -1 -1 -1 -1 -1 -1 32 4 4 4 4 4 -1 4 4 -1 4 4 
32 32 -1 -1 1 2 -1 4 -1 -1 4 4 -1 -1 4 4 4 -1 32 -1 
32 1 32 1 4 32 4 -1 -1 -1 4 4 4 4 4 4 4 4 4 32 
32 1 -1 32 1 4 4 -1 -1 -1 4 4 4 4 4 -1 4 4 32 -1 
1 1 1 1 1 1 1 -1 -1 4 4 4 4 -1 4 -1 -1 4 4 -1 
-1 1 1 -1 1 1 1 -1 -1 -1 -1 1 1 4 4 4 4 4 4 -1 
4 4 4 4 1 1 1 4 -1 -1 1 1 1 1 1 1 1 4 4 -1 
4 4 4 1 -1 1 4 4 4 4 4 1 -1 1 1 1 4 -1 -1 -1 
-1 4 4 -1 -1 1 4 4 4 4 1 4 1 1 1 4 4 -1 4 4 
4 4 -1 -1 -1 -1 1 4 4 4 1 1 -1 1 4 4 -1 -1 4 -1 
4 4 -1 -1 -1 -1 -1 -1 -1 -1 1 1 1 1 1 4 1 2 4 4 
1 -1 1 1 1 1 1 -1 4 -1 -1 -1 4 4 4 4 -1 -1 4 -1 
1 4 4 1 1 1 1 4 4 4 -1 -1 -1 4 -1 4 4 -1 4 1 
1 4 -1 -1 1 1 -1 4 -1 4 -1 4 4 -1 4 4 4 4 -1 1 
4 1 4 1 1 1 1 4 -1 4 -1 -1 4 -1 4 4 4 -1 1 4 
-1 2 2 1 4 4 4 -1 4 4 4 4 4 4 4 4 -1 4 4 -1 
-1 -1 -1 -1 -1 -1 4 4 4 4 4 4 -1 4 4 2 -1 4 -1 4 
32 32 -1 -1 -1 4 4 4 -1 -1 4 -1 4 4 4 4 4 -1 4 -1 
-1 -1 4 -1 -1 -1 4 4 -1 4 4 4 -1 -1 4 4 4 4 1 1 
4 1 -1 4 -1 -1 4 4 4 -1 -1 4 -1 4 4 4 -1 1 1 1 
4 4 -1 -1 1 -1 4 4 4 -1 -1 -1 4 4 4 4 -1 1 4 1 
4 1 -1 1 -1 1 1 1 1 4 4 4 4 1 4 4 -1 4 4 4 
1 4 4 1 1 1 1 1 1 1 4 4 1 4 4 1 -1 -1 4 4 
1 4 4 1 1 1 4 1 1 1 -1 -1 1 4 1 4 4 4 4 4 
-1 1 1 1 -1 1 1 1 1 1 1 -1 1 1 4 4 4 4 4 4 
4 4 4 4 -1 4 -1 1 1 1 1 1 -1 -1 4 -1 4 -1 -1 4 
1 4 -1 4 -1 4 -1 -1 4 4 1 1 -1 -1 -1 -1 4 4 4 4 
1 -1 1 -1 -1 -1 -1 -1 4 4 1 1 -1 -1 1 -1 -1 4 4 4 
4 4 -1 -1 -1 -1 -1 -1 -1 -1 4 -1 4 4 1 1 1 4 4 4 
4 4 4 4 4 -1 4 4 -1 4 -1 4 -1 4 1 4 4 -1 4 4 
1 1 4 4 4 4 1 -1 4 4 4 -1 -1 -1 1 -1 4 4 4 4 
4 4 1 1 1 1 1 4 1 -1 -1 -1 1 -1 32 32 -1 4 -1 4 
4 1 1 1 1 1 -1 1 1 1 1 1 -1 -1 32 32 32 4 32 4 
1 1 1 1 1 1 1 -1 1 -1 1 1 1 32 32 32 32 32 4 32 
1 4 1 1 1 1 1 -1 1 1 1 -1 4 4 32 32 32 32 -1 1 
32 4 1 1 1 1 -1 1 -1 -1 -1 -1 4 4 -1 -1 32 -1 -1 1 
4 32 1 -1 4 1 4 -1 1 -1 -1 4 4 4 4 -1 -1 -1 -1 4 
-1 4 4 4 4 -1 4 1 -1 -1 4 4 -1 4 4 4 4 4 -1 4 
4 4 4 4 4 4 1 -1 -1 -1 -1 -1 4 4 1 -1 4 4 4 4 
4 32 -1 -1 4 1 1 -1 -1 -1 1 4 4 1 4 4 -1 4 4 4 
4 4 32 -1 4 1 1 4 4 -1 4 1 1 4 4 4 -1 -1 4 -1 
4 32 -1 4 -1 -1 -1 4 4 4 1 1 1 4 4 -1 4 -1 4 4 
1 32 1 1 -1 1 4 4 4 4 1 1 -1 4 4 -1 -1 32 32 32 
-1 1 1 1 1 -1 4 1 -1 1 -1 1 4 4 -1 4 4 -1 -1 -1 
4 1 1 1 1 1 1 1 1 1 1 1 1 4 4 4 -1 -1 32 32 
1 1 1 1 1 1 1 1 1 1 -1 -1 1 1 -1 4 4 32 32 1 
1 1 1 1 1 1 1 1 1 4 4 -1 -1 -1 4 -1 32 4 4 -1 
1 1 1 1 1 1 4 4 4 4 4 -1 -1 -1 32 -1 32 32 32 32 
1 1 1 1 1 1 1 4 4 1 -1 -1 -1 32 32 4 32 32 32 32 
-1 1 1 1 1 -1 1 1 4 -1 1 -1 32 32 1 1 1 -1 32 -1 
1 1 1 1 1 1 -1 1 4 1 -1 1 -1 1 -1 32 -1 32 -1 -1 
1 1 -1 -1 1 1 1 1 1 1 2 2 1 1 1 1 1 -1 1 1 
-1 -1 -1 -1 -1 -1 1 1 1 2 2 2 2 1 1 1 1 1 1 -1 
-1 -1 -1 -1 1 -1 1 1 1 1 2 1 2 1 1 1 1 -1 -1 -1 
-1 -1 -1 -1 -1 1 1 1 1 1 1 -1 1 1 1 1 1 1 1 -1 
4 -1 4 4 -1 -1 -1 1 4 1 1 -1 1 1 1 1 1 1 -1 -1 
4 -1 4 4 -1 4 -1 4 4 4 -1 1 1 -1 1 1 -1 1 -1 -1 
4 4 4 4 -1 1 -1 1 4 -1 1 1 1 1 1 -1 -1 -1 -1 4 
4 4 -1 -1 1 1 4 2 4 4 1 1 1 1 1 -1 -1 -1 -1 4 
-1 -1 -1 1 -1 1 2 1 4 1 1 4 1 1 1 -1 -1 -1 -1 -1 
2 -1 -1 -1 -1 2 2 -1 1 -1 4 4 1 1 1 1 -1 -1 -1 -1 
2 -1 -1 2 -1 2 2 2 -1 -1 -1 4 4 1 1 1 -1 -1 -1 -1 
2 -1 1 -1 2 2 2 2 -1 -1 -1 -1 1 -1 4 1 1 -1 -1 2 
2 -1 -1 1 2 2 2 -1 -1 -1 -1 -1 1 4 4 -1 -1 1 1 -1 
-1 -1 -1 2 -1 -1 2 2 -1 1 -1 1 1 4 4 -1 -1 1 1 -1 
-1 -1 -1 -1 -1 2 -1 2 2 -1 1 1 1 1 1 1 1 1 1 -1 
-1 -1 -1 -1 -1 -1 2 2 4 1 -1 1 1 1 1 1 1 1 -1 -1 
1 1 -1 -1 -1 -1 -1 -1 -1 4 1 1 1 -1 1 1 1 1 1 1 
1 1 -1 -1 2 2 -1 -1 2 1 2 1 -1 -1 1 1 1 1 1 1 
1 1 1 1 2 1 -1 1 2 1 -1 2 -1 1 1 1 1 1 1 1 
1 -1 1 1 1 1 1 1 1 2 2 2 2 1 1 1 1 1 -1 1 
-1 2 -1 2 2 2 1 1 1 1 1 1 1 1 1 1 -1 1 1 1 
1 -1 -1 1 2 2 -1 2 1 1 1 1 2 1 -1 -1 -1 1 1 1 
1 1 1 1 2 2 2 1 1 1 1 1 1 2 -1 -1 1 1 2 1 
2 -1 1 1 2 -1 1 2 2 1 1 -1 1 -1 -1 1 1 1 1 2 
2 1 -1 1 -1 -1 -1 2 1 1 2 -1 1 1 1 1 1 1 2 1 
1 1 1 -1 -1 -1 -1 -1 1 -1 -1 -1 -1 1 1 1 1 1 -1 1 
1 1 1 -1 -1 -1 -1 -1 -1 -1 -1 -1 -1 4 -1 1 1 -1 -1 1 
-1 1 -1 1 -1 -1 2 2 -1 -1 -1 -1 -1 -1 -1 1 1 -1 -1 -1 
-1 -1 -1 -1 -1 2 2 -1 -1 -1 1 1 1 2 -1 1 -1 2 -1 -1 
-1 -1 -1 -1 -1 -1 -1 -1 -1 1 1 1 2 -1 1 -1 2 1 -1 1 
-1 -1 -1 -1 -1 -1 -1 -1 1 1 -1 1 1 1 1 1 -1 1 1 1 
-1 -1 -1 2 -1 -1 2 -1 1 1 1 1 1 1 1 -1 1 1 1 1 
-1 -1 -1 2 2 2 2 1 1 1 1 1 1 1 1 1 1 1 1 1 
2 1 2 2 2 -1 2 1 1 1 1 1 1 1 1 1 1 -1 1 2 
1 2 2 2 2 2 2 1 1 1 1 -1 1 1 1 -1 1 1 -1 2 
2 2 2 2 2 2 -1 -1 1 1 1 1 -1 1 1 1 -1 -1 2 -1 
2 2 2 2 2 2 2 1 1 1 1 1 1 1 1 1 1 2 -1 2 
2 2 2 2 2 -1 2 1 1 1 1 1 1 1 1 -1 1 2 2 2 
-1 2 -1 -1 2 2 -1 1 1 1 1 1 1 1 1 1 1 2 2 2 
1 1 2 -1 -1 2 2 1 1 -1 1 1 -1 1 1 1 -1 1 1 -1 
2 2 2 2 2 2 2 2 -1 -1 2 2 -1 -1 1 2 2 2 2 2 
2 2 -1 2 2 -1 2 2 -1 -1 -1 2 2 1 -1 2 2 2 2 1 
2 2 -1 2 2 2 2 -1 -1 2 1 1 2 1 2 2 2 1 1 1 
1 1 -1 1 -1 -1 2 2 -1 2 1 1 -1 2 1 2 2 2 2 3 
1 -1 1 1 2 2 -1 2 2 -1 -1 -1 2 2 2 1 2 2 -1 1 
-1 1 1 1 2 -1 -1 2 -1 2 -1 -1 2 2 2 2 -1 -1 2 1 
1 -1 3 3 2 2 2 2 2 -1 2 2 -1 2 2 -1 2 2 2 1 
3 3 3 3 2 2 2 2 2 2 2 2 2 2 2 2 2 2 1 1 
1 3 2 -1 4 1 -1 2 -1 2 2 2 2 2 2 2 2 1 1 1 
-1 2 2 2 1 1 2 -1 2 2 2 2 1 2 2 2 2 2 1 1 
2 2 2 -1 1 1 2 2 2 2 2 2 2 1 1 -1 -1 2 2 2 
-1 -1 2 2 1 -1 2 -1 2 2 2 2 -1 1 1 1 2 2 2 2 
-1 -1 2 2 2 -1 -1 2 2 2 -1 -1 -1 1 1 1 2 2 2 2 
2 -1 -1 2 -1 2 2 2 2 2 -1 -1 2 -1 -1 2 2 -1 2 -1 
-1 -1 -1 -1 2 1 2 2 -1 2 2 -1 2 2 2 2 2 -1 2 -1 
2 -1 2 -1 2 1 1 1 2 2 1 2 -1 2 2 2 -1 2 -1 2 
2 2 2 2 -1 -1 1 2 2 1 2 2 -1 2 1 1 2 4 -1 2 
2 2 2 2 2 -1 1 1 2 2 2 2 2 2 2 1 1 -1 2 2 
-1 2 -1 2 2 -1 2 2 -1 -1 2 2 -1 2 -1 1 1 -1 2 -1 
2 2 2 -1 2 2 2 2 2 -1 2 -1 -1 2 -1 -1 -1 -1 2 2 
-1 -1 1 -1 2 2 2 2 -1 1 -1 2 -1 1 2 8 -1 1 -1 -1 
-1 -1 2 2 2 2 -1 2 2 2 2 -1 2 1 1 8 2 2 -1 -1 
-1 -1 -1 2 2 -1 2 -1 1 -1 -1 2 2 2 -1 2 2 2 2 2 
2 2 2 2 4 2 -1 1 1 1 2 -1 2 -1 -1 2 2 2 1 1 
1 2 2 4 4 -1 2 -1 -1 1 -1 -1 -1 2 2 2 2 2 2 2 
2 1 4 2 4 4 -1 -1 2 2 2 -1 2 -1 1 2 -1 2 2 1 
2 2 2 2 2 2 -1 1 1 2 -1 -1 -1 1 -1 -1 -1 2 2 2 
2 2 2 2 2 -1 1 2 2 2 2 -1 2 2 -1 2 2 -1 2 2 
-1 2 2 2 2 -1 -1 2 2 2 2 2 2 2 -1 -1 -1 -1 8 2 
2 2 2 2 2 2 -1 2 1 1 2 2 1 2 -1 -1 -1 8 -1 -1 
2 1 1 -1 2 1 2 2 1 1 1 2 1 2 2 2 -1 2 2 2 
1 1 1 1 1 2 1 1 1 1 1 1 2 2 2 2 2 2 2 2 
2 1 1 1 1 1 1 1 1 -1 1 1 1 1 2 2 2 2 2 2 
-1 2 1 1 1 1 1 2 2 1 1 1 -1 1 1 -1 3 3 2 1 
-1 1 -1 1 1 1 1 2 1 1 1 1 1 1 1 1 1 2 2 2 
1 1 1 1 1 1 1 1 1 1 1 1 1 1 1 1 2 -1 2 2 
-1 1 1 1 1 1 1 -1 -1 1 2 1 1 2 -1 2 2 2 2 1 
1 1 1 -1 1 1 -1 2 1 2 2 -1 1 1 2 2 -1 2 2 1 
1 1 1 1 1 1 -1 2 1 2 2 1 1 1 8 -1 8 2 2 -1 
1 -1 -1 1 2 1 -1 -1 1 -1 1 2 1 1 -1 8 8 -1 1 -1 
8 2 2 2 2 -1 2 2 2 1 2 3 2 1 2 -1 1 2 8 -1 
2 2 1 1 -1 2 2 2 -1 2 2 2 2 1 1 1 1 1 2 2 
2 1 1 1 1 2 2 2 2 2 2 2 1 1 1 3 2 1 -1 2 
2 1 1 1 -1 -1 1 1 1 -1 2 1 1 1 2 1 -1 -1 2 2 
-1 2 1 -1 1 1 2 1 1 1 2 2 2 2 2 -1 -1 2 2 -1 
2 1 -1 1 1 1 2 1 1 1 1 2 1 1 1 -1 -1 2 2 2 
2 -1 -1 -1 2 1 8 2 1 2 2 1 1 1 -1 1 2 -1 2 -1 
-1 -1 -1 -1 2 2 1 2 -1 2 -1 1 1 1 -1 -1 -1 -1 -1 2 
2 2 2 2 -1 2 -1 -1 2 3 3 -1 1 1 1 1 -1 1 1 1 
8 1 2 2 2 -1 1 -1 -1 -1 3 2 -1 1 1 1 1 1 2 -1 
8 8 2 2 -1 2 1 9 -1 2 2 -1 2 1 -1 1 1 1 1 1 
1 9 9 -1 2 2 2 1 1 2 2 2 1 2 1 -1 1 -1 1 1 
1 -1 9 9 -1 2 1 2 8 -1 2 1 2 1 1 1 1 1 1 1 
9 -1 9 -1 -1 8 -1 8 -1 3 -1 -1 2 1 2 8 1 1 9 9 
2 2 8 8 8 -1 8 3 2 2 2 2 -1 -1 1 1 2 2 2 2 
2 2 8 8 -1 -1 8 3 2 2 -1 2 -1 2 2 2 8 -1 2 2 
-1 8 8 -1 -1 3 2 2 3 3 -1 -1 2 2 2 2 2 8 8 2 
8 2 -1 -1 -1 -1 3 2 3 3 3 2 3 8 2 2 2 2 8 8 
8 2 2 -1 -1 -1 3 -1 2 3 3 3 2 2 8 2 2 -1 -1 8 
2 2 2 -1 -1 -1 -1 2 2 1 -1 3 2 3 2 2 -1 1 -1 8 
-1 -1 -1 -1 -1 -1 -1 -1 1 1 1 -1 1 -1 -1 8 8 2 2 -1 
-1 -1 -1 8 -1 -1 -1 1 1 1 1 1 -1 -1 8 8 -1 2 2 -1 
-1 -1 8 -1 1 8 1 1 1 1 1 1 -1 2 2 -1 8 -1 2 -1 
1 -1 1 1 -1 8 1 1 -1 1 1 1 2 2 1 -1 -1 2 1 2 
-1 -1 -1 1 -1 8 1 1 1 1 1 1 2 1 2 -1 -1 1 1 1 
2 2 2 -1 8 8 1 1 1 1 -1 1 2 2 2 2 -1 1 1 2 
2 -1 2 -1 -1 8 -1 1 1 9 9 8 2 2 -1 1 1 1 1 -1 
-1 2 2 2 2 -1 1 1 1 9 9 2 8 8 8 1 1 -1 1 1 
2 2 2 2 1 1 1 1 1 2 2 9 -1 8 8 1 -1 -1 2 2 
-1 2 2 2 -1 2 1 1 2 2 2 9 9 8 8 8 8 2 2 2 
-1 2 -1 -1 2 -1 1 2 8 2 -1 9 9 8 8 8 8 -1 2 2 
-1 2 -1 -1 -1 2 2 8 8 8 8 9 8 8 8 8 2 2 2 -1 
-1 2 2 -1 -1 2 -1 -1 8 9 8 -1 8 8 8 8 2 -1 2 -1 
1 -1 -1 -1 -1 -1 -1 -1 1 8 8 -1 9 8 -1 -1 -1 -1 2 -1 
2 1 1 -1 -1 -1 -1 -1 1 1 -1 -1 -1 9 9 8 8 8 2 -1 
2 1 1 -1 -1 -1 -1 -1 2 -1 -1 -1 -1 -1 9 8 8 8 -1 2 
2 1 1 1 1 -1 2 -1 2 2 1 -1 8 9 8 8 8 -1 2 2 
2 1 1 1 -1 -1 2 2 1 1 1 1 9 8 8 8 8 2 -1 -1 
-1 -1 1 1 1 -1 -1 1 1 1 1 1 1 8 8 8 8 2 2 2 
1 1 -1 -1 -1 -1 2 -1 -1 1 1 -1 1 8 8 8 -1 8 -1 -1 
9 -1 8 2 2 -1 2 -1 -1 -1 -1 -1 1 1 -1 -1 -1 -1 -1 9 
-1 1 -1 -1 1 -1 -1 -1 -1 -1 2 1 1 -1 -1 -1 -1 -1 1 1 
1 1 3 -1 1 1 -1 -1 -1 -1 -1 1 1 1 1 -1 1 1 -1 1 
1 9 3 1 1 -1 -1 -1 -1 1 -1 -1 1 1 1 1 1 1 1 1 
-1 1 1 1 1 1 1 1 1 -1 -1 -1 -1 1 1 -1 1 -1 2 1 
9 1 1 1 -1 1 2 -1 1 -1 -1 1 1 1 1 1 1 1 1 1 
9 9 -1 -1 1 -1 1 -1 1 -1 -1 1 -1 1 1 1 1 1 1 9 
9 9 -1 -1 -1 1 -1 1 -1 1 1 -1 -1 -1 -1 1 1 2 1 1 
1 1 -1 -1 -1 1 1 1 1 -1 1 1 1 -1 -1 -1 -1 -1 -1 1 
1 -1 1 -1 -1 1 -1 1 -1 -1 1 1 1 1 1 1 -1 -1 -1 -1 
1 -1 1 -1 -1 1 1 -1 -1 1 1 -1 1 1 1 -1 -1 -1 -1 -1 
1 -1 -1 -1 -1 -1 -1 -1 -1 -1 1 -1 1 1 1 2 -1 -1 -1 2 
-1 -1 -1 -1 -1 -1 -1 -1 1 -1 -1 -1 1 1 2 -1 2 2 2 -1 
-1 -1 -1 -1 -1 -1 -1 -1 -1 1 1 1 1 2 1 2 2 2 2 -1 
-1 -1 -1 -1 -1 -1 -1 -1 -1 1 -1 1 1 1 1 1 2 -1 -1 -1 
-1 -1 -1 -1 -1 -1 -1 -1 -1 -1 -1 -1 2 1 1 1 2 1 1 1 
-1 -1 -1 -1 -1 -1 -1 -1 -1 -1 -1 -1 2 1 1 2 2 1 1 1 
2 2 -1 -1 -1 -1 2 1 1 1 1 -1 -1 1 2 1 1 -1 1 -1 
2 2 -1 -1 -1 2 -1 2 1 1 1 1 -1 1 1 -1 1 1 -1 2 
9 8 8 2 2 2 2 1 -1 1 1 1 1 -1 -1 1 -1 -1 9 2 
