# Fri Sep 25 14:24:10 2020
#  1: Update
#  2: Unique Phenotypes (by task done)
#  3: Shannon Diversity of Phenotypes (by task done)
#  4: Unique Phenotypes (by task count)
#  5: Average Phenotype Shannon Diversity (by task count)
#  6: Average Task Diversity (number of different tasks)

0 1 0 1 0 0 
100 1 0 1 0 0 
200 1 0 1 0 0 
300 1 0 1 0 0 
400 1 0 1 0 0 
500 1 0 1 0 0 
600 1 0 1 0 0 
700 1 0 1 0 0 
800 1 0 1 0 0 
900 1 0 1 0 0 
1000 1 0 1 0 0 
1100 1 0 1 0 0 
1200 1 0 1 0 0 
1300 1 0 1 0 0 
1400 1 0 1 0 0 
1500 1 0 1 0 0 
1600 1 0 1 0 0 
1700 1 0 1 0 0 
1800 1 0 1 0 0 
1900 1 0 1 0 0 
2000 1 0 1 0 0 
2100 1 0 1 0 0 
2200 1 0 1 0 0 
2300 1 0 1 0 0 
2400 1 0 1 0 0 
2500 1 0 1 0 0 
2600 1 0 1 0 0 
2700 1 0 1 0 0 
2800 1 0 1 0 0 
2900 1 0 1 0 0 
3000 1 0 1 0 0 
3100 2 0.0699284 2 0 0.00839121 
3200 2 0.105427 2 0 0.0138621 
3300 3 0.125434 4 0 0.0171409 
3400 3 0.151747 4 0 0.0216358 
3500 3 0.184788 4 0 0.0279649 
3600 3 0.21687 7 0 0.0343661 
3700 4 0.248225 7 0 0.0409115 
3800 4 0.296882 7 0 0.0521253 
3900 5 0.345915 9 0 0.0642012 
4000 4 0.407861 6 0 0.0807903 
4100 3 0.433288 4 0 0.0884878 
4200 3 0.457917 6 0 0.0958363 
4300 3 0.48893 6 0 0.105746 
4400 3 0.514073 5 0 0.113719 
4500 3 0.537895 7 0 0.121894 
4600 4 0.583384 7 0 0.138254 
4700 4 0.624844 8 0 0.154615 
4800 4 0.658939 9 0 0.169143 
4900 4 0.693806 11 0 0.184237 
5000 5 0.741405 11 3.41146e-05 0.207939 
5100 4 0.798473 9 0 0.23893 
5200 3 0.844386 10 0 0.270251 
5300 4 0.892748 10 0 0.304254 
5400 5 0.942059 16 0 0.346614 
5500 6 0.967021 15 9.43218e-05 0.374741 
5600 6 0.986926 12 0.000337952 0.397432 
5700 6 0.985223 15 0.000345372 0.404283 
5800 6 0.985182 15 0.000249364 0.404917 
5900 5 0.988919 16 0.000149641 0.406524 
6000 6 0.992888 16 0.000149076 0.412343 
6100 7 0.995398 17 0.000197326 0.417592 
6200 7 1.00009 17 0.000441306 0.427528 
6300 8 1.00941 21 0.000586252 0.437393 
6400 8 1.00994 20 0.000631651 0.441378 
6500 8 1.00993 12 0.00102404 0.431365 
6600 6 1.0082 17 0.00126891 0.423524 
6700 8 1.01309 21 0.00175652 0.41493 
6800 8 1.01444 16 0.00190383 0.408738 
6900 7 0.997771 19 0.0013183 0.389336 
7000 8 0.990249 18 0.00111846 0.379595 
7100 7 0.984996 20 0.00135416 0.368719 
7200 8 0.977772 17 0.00192641 0.357783 
7300 8 0.976506 14 0.00253552 0.35038 
7400 8 0.974858 16 0.00385549 0.339902 
7500 8 0.981835 13 0.00489429 0.332335 
7600 8 0.960059 17 0.00528836 0.316765 
7700 8 0.950997 21 0.00577596 0.303073 
7800 8 0.944172 22 0.00684285 0.288013 
7900 6 0.937554 15 0.00924845 0.271615 
8000 5 0.930689 14 0.00986751 0.259844 
8100 7 0.911456 16 0.00910598 0.246663 
8200 6 0.88769 10 0.00965101 0.232082 
8300 6 0.862531 16 0.00918892 0.215667 
8400 7 0.842952 15 0.0101123 0.202814 
8500 7 0.831372 12 0.00967341 0.193024 
8600 7 0.84749 14 0.00957128 0.191426 
8700 6 0.864403 10 0.0108286 0.187681 
8800 8 0.87118 19 0.0126657 0.183224 
8900 8 0.877269 14 0.0159556 0.182536 
9000 8 0.88999 15 0.0173476 0.185386 
9100 8 0.894168 16 0.0181213 0.188082 
9200 8 0.901517 15 0.0198021 0.191159 
9300 7 0.924947 15 0.0232157 0.200008 
9400 7 0.925286 14 0.0245774 0.202168 
9500 7 0.93272 15 0.0237479 0.204552 
9600 8 0.926197 12 0.0231229 0.202858 
9700 8 0.928621 18 0.0226725 0.203907 
9800 8 0.920065 16 0.0228248 0.202127 
9900 8 0.931511 14 0.0246186 0.205631 
10000 9 0.930846 16 0.0275672 0.206724 
10100 9 0.928019 18 0.0305038 0.208018 
10200 8 0.907559 21 0.0315185 0.201467 
10300 8 0.907036 17 0.0334293 0.203048 
10400 8 0.944358 17 0.0397822 0.217743 
10500 8 0.97272 17 0.04572 0.230647 
10600 8 1.0017 13 0.0527642 0.247244 
10700 8 1.02128 13 0.0585545 0.256828 
10800 9 1.02199 15 0.0610567 0.259494 
10900 11 1.02646 17 0.0645474 0.264408 
11000 11 1.00658 20 0.0645029 0.259318 
11100 11 0.997896 22 0.0677336 0.258915 
11200 10 0.982098 23 0.0665096 0.252374 
11300 10 0.981 25 0.0673525 0.249977 
11400 10 0.98803 21 0.0682108 0.251472 
11500 11 0.998239 25 0.07172 0.254953 
11600 11 0.9836 21 0.0707664 0.250046 
11700 11 0.956242 23 0.0673816 0.239295 
11800 11 0.945387 26 0.0692477 0.235725 
11900 11 0.924041 23 0.0720328 0.23141 
12000 11 0.921564 21 0.0729958 0.228998 
12100 11 0.916889 23 0.0762587 0.229414 
12200 11 0.963819 20 0.0832524 0.246828 
12300 12 0.98695 20 0.0821343 0.246967 
12400 13 0.984508 26 0.078816 0.240732 
12500 13 0.983387 26 0.0710429 0.227895 
12600 13 0.996288 27 0.0692571 0.226503 
12700 13 1.03449 27 0.0706267 0.234378 
12800 11 1.05459 21 0.0678064 0.234138 
12900 11 1.06399 22 0.0694167 0.236019 
13000 13 1.10995 21 0.0721258 0.246385 
13100 13 1.16239 22 0.0770177 0.260759 
13200 13 1.23556 25 0.0866651 0.282743 
13300 13 1.28634 24 0.0955062 0.299775 
13400 14 1.27864 23 0.101111 0.302655 
13500 15 1.25752 27 0.098707 0.295404 
13600 15 1.26212 32 0.100143 0.296901 
13700 13 1.25358 28 0.0995131 0.295331 
13800 15 1.22832 29 0.0955415 0.284719 
13900 14 1.23121 26 0.0991849 0.288412 
14000 12 1.24293 25 0.101543 0.293912 
14100 13 1.23114 28 0.100001 0.289144 
14200 14 1.21923 29 0.098715 0.283376 
14300 13 1.19929 27 0.0970055 0.275885 
14400 12 1.20279 25 0.0975548 0.275372 
14500 12 1.20335 26 0.0957288 0.272415 
14600 12 1.22032 26 0.0997775 0.278384 
14700 13 1.25337 30 0.102686 0.287011 
14800 15 1.31787 37 0.113892 0.310559 
14900 14 1.3621 33 0.1213 0.328749 
15000 15 1.41692 28 0.123494 0.341881 
15100 15 1.45543 29 0.125976 0.351157 
15200 15 1.47 32 0.126922 0.354447 
15300 13 1.47589 26 0.1301 0.358212 
15400 14 1.50168 27 0.140627 0.372664 
15500 14 1.46697 27 0.141157 0.366707 
15600 14 1.43944 30 0.136587 0.35657 
15700 14 1.41181 33 0.13512 0.349109 
15800 13 1.41759 24 0.134508 0.347689 
15900 16 1.41642 31 0.135385 0.348073 
16000 18 1.39346 37 0.129539 0.336429 
16100 14 1.37419 30 0.127948 0.331373 
16200 13 1.28629 28 0.118648 0.306157 
16300 14 1.28345 29 0.120107 0.307073 
16400 15 1.23806 31 0.114015 0.292299 
16500 15 1.22914 31 0.116093 0.293809 
16600 14 1.22547 34 0.114313 0.291091 
16700 15 1.22151 33 0.116075 0.293177 
16800 17 1.23025 35 0.117293 0.295148 
16900 16 1.19549 33 0.114608 0.284635 
17000 17 1.15171 32 0.109463 0.270457 
17100 14 1.1115 24 0.101897 0.255042 
17200 15 1.03213 27 0.092377 0.231458 
17300 14 0.968065 25 0.0855079 0.213885 
17400 14 0.952348 25 0.0829223 0.207797 
17500 14 0.94215 25 0.0821713 0.205389 
17600 14 0.949919 23 0.0810462 0.204685 
17700 14 1.01472 26 0.0860692 0.219117 
17800 16 1.05798 32 0.0872828 0.226714 
17900 17 1.12574 30 0.0933858 0.244211 
18000 15 1.14817 29 0.0926493 0.246738 
18100 16 1.19622 28 0.0923935 0.253908 
18200 16 1.23775 27 0.0955788 0.264013 
18300 17 1.26421 34 0.102855 0.276007 
18400 17 1.28651 32 0.112076 0.289891 
18500 16 1.31842 30 0.124584 0.311207 
18600 17 1.3656 31 0.134984 0.333056 
18700 18 1.40327 32 0.145758 0.352768 
18800 18 1.44711 37 0.153066 0.368051 
18900 19 1.46467 36 0.152678 0.368014 
19000 20 1.48733 35 0.157476 0.375708 
19100 20 1.54022 33 0.165058 0.390633 
19200 19 1.56152 30 0.167812 0.396773 
19300 18 1.55163 31 0.168366 0.395566 
19400 18 1.5685 31 0.174733 0.406299 
19500 18 1.61045 30 0.181764 0.4204 
19600 17 1.67132 34 0.192101 0.442681 
19700 18 1.68162 33 0.192873 0.445852 
19800 18 1.70031 34 0.191345 0.44676 
19900 17 1.71224 35 0.187905 0.443513 
20000 17 1.71414 34 0.187843 0.442964 
20100 21 1.71093 38 0.182341 0.435515 
20200 20 1.70019 34 0.185768 0.437063 
20300 22 1.73141 40 0.192876 0.449577 
20400 21 1.73472 38 0.20013 0.459253 
20500 21 1.70369 35 0.193896 0.447553 
20600 19 1.7159 35 0.192893 0.449234 
20700 19 1.7167 42 0.194186 0.451913 
20800 20 1.72043 40 0.195396 0.454743 
20900 20 1.68958 48 0.194168 0.449069 
21000 19 1.59117 45 0.184111 0.420178 
21100 19 1.49388 43 0.173684 0.392025 
21200 20 1.41198 44 0.166771 0.37231 
21300 20 1.35587 41 0.159856 0.356453 
21400 21 1.35061 45 0.162079 0.36 
21500 22 1.37811 42 0.16637 0.369373 
21600 22 1.36326 43 0.16174 0.360822 
21700 22 1.34781 45 0.15563 0.349326 
21800 23 1.34462 39 0.156601 0.351018 
21900 24 1.37584 46 0.159429 0.360686 
22000 24 1.39199 43 0.159596 0.365151 
22100 26 1.38358 44 0.156315 0.360875 
22200 24 1.4041 45 0.157836 0.366427 
22300 24 1.433 51 0.161675 0.376905 
22400 24 1.43602 51 0.158592 0.375022 
22500 26 1.44994 51 0.155338 0.373337 
22600 24 1.47344 50 0.153447 0.374838 
22700 23 1.52107 49 0.159573 0.390561 
22800 23 1.55942 47 0.165767 0.405595 
22900 23 1.62785 51 0.174428 0.42619 
23000 22 1.71524 49 0.1857 0.453663 
23100 24 1.7717 51 0.196182 0.474367 
23200 24 1.83444 53 0.210387 0.503535 
23300 23 1.8826 51 0.223594 0.52896 
23400 21 1.8892 47 0.233043 0.543085 
23500 23 1.89309 53 0.246769 0.559186 
23600 24 1.88907 52 0.260673 0.576016 
23700 23 1.87395 49 0.270823 0.588373 
23800 23 1.90286 47 0.279728 0.606602 
23900 22 1.93258 49 0.293318 0.629679 
24000 22 1.92171 48 0.295927 0.629994 
24100 23 1.90648 48 0.296762 0.628443 
24200 25 1.87659 50 0.286413 0.608315 
24300 24 1.83568 49 0.279644 0.595133 
24400 24 1.78919 47 0.268621 0.572072 
24500 24 1.77733 51 0.260441 0.557801 
24600 24 1.78764 46 0.259951 0.557597 
24700 25 1.81617 44 0.262659 0.563318 
24800 23 1.8253 45 0.260612 0.56052 
24900 23 1.83754 42 0.256675 0.555845 
25000 22 1.80189 43 0.242953 0.530383 
25100 23 1.78343 48 0.231651 0.511739 
25200 23 1.78133 44 0.228659 0.506519 
25300 23 1.76966 42 0.225688 0.500553 
25400 22 1.73048 43 0.221646 0.489803 
25500 21 1.69729 40 0.218787 0.480066 
25600 23 1.68673 50 0.216715 0.475449 
25700 23 1.64639 46 0.210052 0.459233 
25800 22 1.60396 44 0.202761 0.443048 
25900 22 1.56867 44 0.194633 0.426724 
26000 23 1.5716 45 0.197247 0.430019 
26100 23 1.61931 44 0.204376 0.44516 
26200 23 1.62731 45 0.207392 0.448971 
26300 23 1.61089 40 0.204051 0.442009 
26400 23 1.6029 40 0.200605 0.436951 
26500 25 1.57316 41 0.195205 0.425102 
26600 24 1.53607 42 0.188349 0.411723 
26700 25 1.49473 44 0.183525 0.399432 
26800 23 1.45707 40 0.175575 0.383615 
26900 24 1.37189 43 0.160624 0.353519 
27000 24 1.33606 48 0.152022 0.339219 
27100 24 1.32545 45 0.150611 0.335284 
27200 26 1.34818 41 0.153504 0.340894 
27300 25 1.34111 39 0.151716 0.337743 
27400 26 1.33827 44 0.150674 0.336921 
27500 26 1.32251 43 0.148987 0.333019 
27600 25 1.29905 39 0.147438 0.329368 
27700 26 1.24913 43 0.140328 0.314218 
27800 26 1.18284 49 0.13182 0.295187 
27900 25 1.13365 43 0.126869 0.281789 
28000 27 1.10034 50 0.123058 0.272437 
28100 27 1.08215 45 0.122706 0.269316 
28200 27 1.08749 46 0.124889 0.27195 
28300 27 1.14544 52 0.134166 0.29184 
28400 25 1.15046 50 0.138893 0.300194 
28500 27 1.16325 47 0.143061 0.307511 
28600 27 1.16369 49 0.143587 0.308241 
28700 27 1.16278 45 0.142894 0.306836 
28800 26 1.1471 44 0.140318 0.30078 
28900 26 1.14604 42 0.139005 0.297367 
29000 27 1.16897 46 0.145804 0.309293 
29100 27 1.16565 50 0.144417 0.306409 
29200 26 1.14047 47 0.139439 0.297377 
29300 27 1.14957 46 0.140518 0.30034 
29400 27 1.137 50 0.134906 0.292971 
29500 28 1.12403 52 0.136845 0.293785 
29600 27 1.14341 51 0.143029 0.304173 
29700 27 1.14754 46 0.14292 0.303861 
29800 27 1.16836 50 0.147447 0.310986 
29900 28 1.14641 50 0.14365 0.302619 
30000 28 1.09114 47 0.134357 0.283395 
30100 29 1.01824 49 0.121315 0.257891 
30200 28 1.01741 49 0.121968 0.25983 
30300 28 1.02696 42 0.121238 0.259761 
30400 28 1.00359 47 0.119806 0.254882 
30500 29 0.966549 43 0.115888 0.246101 
30600 28 0.946311 43 0.117004 0.245682 
30700 29 0.960729 42 0.121078 0.254663 
30800 28 0.998704 44 0.124948 0.265158 
30900 28 1.02499 46 0.130198 0.274903 
31000 28 1.01387 42 0.129695 0.272922 
31100 27 0.972521 46 0.123468 0.260568 
31200 31 0.895439 51 0.110131 0.232682 
31300 32 0.863148 51 0.102785 0.218146 
31400 31 0.847788 51 0.0987258 0.20984 
31500 31 0.860433 49 0.0992485 0.212792 
31600 30 0.859357 49 0.0981515 0.210184 
31700 30 0.811998 46 0.0936242 0.198938 
31800 28 0.752754 46 0.0874735 0.183701 
31900 28 0.701523 46 0.0830939 0.172913 
32000 28 0.674112 40 0.0816518 0.168292 
32100 27 0.660912 44 0.0801329 0.165269 
32200 26 0.662613 43 0.081243 0.167313 
32300 29 0.695887 46 0.0837476 0.173727 
32400 30 0.713214 46 0.0856775 0.178215 
32500 32 0.77198 45 0.0935327 0.193946 
32600 30 0.852082 46 0.103491 0.215251 
32700 32 0.957377 51 0.116273 0.245567 
32800 34 1.06979 56 0.133174 0.282885 
32900 33 1.16964 52 0.151642 0.322948 
33000 33 1.26096 50 0.172083 0.367011 
33100 34 1.3305 55 0.188103 0.400067 
33200 33 1.37573 64 0.197556 0.418426 
33300 35 1.42721 64 0.205336 0.43198 
33400 35 1.47969 62 0.212243 0.444765 
33500 37 1.48913 63 0.211044 0.440425 
33600 35 1.44354 58 0.201408 0.419018 
33700 37 1.38883 64 0.193931 0.401212 
33800 38 1.37105 69 0.190049 0.39336 
33900 39 1.39251 73 0.192491 0.399782 
34000 34 1.38617 65 0.194947 0.404009 
34100 34 1.3968 62 0.200762 0.415629 
34200 35 1.43441 63 0.209525 0.432925 
34300 35 1.48501 67 0.220881 0.455748 
34400 36 1.52422 65 0.230637 0.477002 
34500 37 1.50577 72 0.229442 0.474716 
34600 37 1.46658 72 0.223217 0.461487 
34700 37 1.42087 73 0.215505 0.444588 
34800 35 1.39942 72 0.208184 0.431379 
34900 37 1.38614 71 0.202893 0.421847 
35000 36 1.35052 71 0.198226 0.410973 
35100 37 1.31627 73 0.190691 0.395905 
35200 37 1.25755 78 0.180114 0.37469 
35300 37 1.20415 76 0.17352 0.360761 
35400 36 1.20983 72 0.177571 0.36584 
35500 36 1.21215 71 0.180453 0.369746 
35600 39 1.25343 77 0.190544 0.386885 
35700 38 1.31095 71 0.206402 0.416965 
35800 38 1.38533 68 0.221543 0.447694 
35900 39 1.48408 71 0.244545 0.495263 
36000 41 1.58701 72 0.273085 0.550402 
36100 41 1.69519 79 0.305867 0.615215 
36200 43 1.76538 74 0.322505 0.647978 
36300 41 1.81995 73 0.329607 0.662965 
36400 40 1.79919 78 0.30875 0.624879 
36500 43 1.8119 83 0.292932 0.597855 
36600 40 1.85324 85 0.284331 0.587151 
36700 41 1.90408 84 0.289179 0.600851 
36800 40 1.95247 79 0.299697 0.623372 
36900 38 1.95008 77 0.304382 0.633281 
37000 40 1.96064 81 0.315237 0.65149 
37100 43 1.99749 83 0.326419 0.674041 
37200 47 2.02724 94 0.335627 0.69422 
37300 42 1.95329 81 0.325933 0.673173 
37400 40 1.88462 78 0.312828 0.645888 
37500 39 1.83628 80 0.309331 0.63774 
37600 39 1.83145 76 0.300378 0.623056 
37700 39 1.88549 75 0.298431 0.621667 
37800 40 1.87967 72 0.297821 0.617921 
37900 40 1.88185 71 0.302262 0.624798 
38000 42 1.8332 76 0.292506 0.605504 
38100 41 1.75444 74 0.278024 0.572794 
38200 44 1.72592 79 0.268633 0.553496 
38300 43 1.71272 81 0.270023 0.555747 
38400 41 1.70366 73 0.269809 0.55473 
38500 40 1.724 74 0.281618 0.576548 
38600 39 1.73563 76 0.28843 0.588683 
38700 41 1.75856 76 0.293767 0.599141 
38800 43 1.80282 80 0.302991 0.618007 
38900 42 1.87391 87 0.313076 0.643273 
39000 43 1.95595 82 0.327129 0.67609 
39100 43 2.05601 81 0.350973 0.72233 
39200 43 2.09612 78 0.360148 0.740687 
39300 43 2.12562 82 0.366768 0.753294 
39400 42 2.09864 79 0.363869 0.745885 
39500 41 2.13093 84 0.371621 0.761734 
39600 41 2.15821 83 0.378791 0.77633 
39700 44 2.15585 86 0.376841 0.774392 
39800 46 2.12856 88 0.373026 0.766747 
39900 48 2.10284 98 0.36983 0.759829 
40000 48 2.05595 93 0.354467 0.730077 
40100 45 2.01575 87 0.339708 0.700683 
40200 45 1.97298 78 0.331811 0.682578 
40300 45 1.9372 86 0.322714 0.663082 
40400 46 1.94555 83 0.321054 0.660627 
40500 46 1.95266 87 0.327155 0.671673 
40600 46 2.00609 90 0.333553 0.687584 
40700 44 2.01158 85 0.339086 0.694641 
40800 42 2.01253 75 0.341263 0.696623 
40900 43 2.08866 81 0.356736 0.729876 
41000 45 2.06687 84 0.358526 0.73084 
41100 45 2.08923 81 0.367955 0.747302 
41200 46 2.07249 81 0.369511 0.746967 
41300 46 2.09865 84 0.374057 0.755332 
41400 47 2.09186 92 0.369347 0.747008 
41500 48 2.0803 91 0.364641 0.737985 
41600 48 2.08674 86 0.362647 0.734414 
41700 46 2.11578 90 0.368993 0.747439 
41800 45 2.09045 95 0.372531 0.750946 
41900 48 2.09598 97 0.3747 0.755223 
42000 48 2.10419 101 0.372058 0.752272 
42100 47 2.11222 94 0.376744 0.762101 
42200 46 2.1926 94 0.396952 0.800998 
42300 46 2.25034 99 0.408688 0.824341 
42400 44 2.25826 92 0.406922 0.819339 
42500 45 2.25458 86 0.400529 0.807318 
42600 46 2.21371 86 0.388942 0.785295 
42700 45 2.18624 90 0.377451 0.762686 
42800 44 2.14961 93 0.366416 0.741319 
42900 46 2.12716 101 0.362408 0.731462 
43000 48 2.16111 96 0.371681 0.748126 
43100 45 2.09946 94 0.357999 0.719198 
43200 47 2.07884 95 0.352186 0.707763 
43300 45 2.08414 100 0.350273 0.70571 
43400 47 2.08063 91 0.343927 0.69532 
43500 47 2.03727 96 0.333214 0.677128 
43600 48 2.04704 87 0.336824 0.683864 
43700 48 1.99688 98 0.329961 0.668076 
43800 48 2.01608 99 0.333789 0.675103 
43900 45 2.02891 97 0.338115 0.680487 
44000 46 2.07215 96 0.349346 0.700972 
44100 47 2.04054 91 0.341205 0.684819 
44200 48 2.07936 86 0.344008 0.692832 
44300 49 2.07556 97 0.340637 0.687254 
44400 49 2.08671 99 0.34193 0.690162 
44500 49 2.05662 101 0.336904 0.681198 
44600 48 2.04397 97 0.33962 0.683768 
44700 47 2.02372 90 0.338461 0.679183 
44800 46 2.07909 95 0.345101 0.69464 
44900 49 2.10482 93 0.350211 0.704495 
45000 49 2.09356 92 0.344605 0.692421 
45100 49 2.1252 100 0.34475 0.694867 
45200 46 2.09019 93 0.337137 0.680321 
45300 44 2.10179 101 0.334323 0.676916 
45400 44 2.1411 95 0.332885 0.67826 
45500 48 2.20436 112 0.341348 0.696705 
45600 46 2.18395 98 0.337191 0.688635 
45700 47 2.18009 100 0.339658 0.691749 
45800 47 2.16657 102 0.334763 0.682434 
45900 49 2.17333 102 0.334283 0.681639 
46000 48 2.16962 101 0.331204 0.675142 
46100 46 2.08142 103 0.311138 0.635228 
46200 49 1.99333 101 0.293743 0.599645 
46300 49 1.93811 101 0.284388 0.581231 
46400 48 1.92123 96 0.284697 0.580879 
46500 47 1.90096 100 0.282328 0.57647 
46600 46 1.95394 96 0.294087 0.599041 
46700 47 1.98435 94 0.296422 0.606036 
46800 47 2.03883 94 0.307446 0.627947 
46900 48 2.06586 96 0.311 0.635952 
47000 47 2.08987 98 0.317138 0.648986 
47100 46 2.04018 90 0.314689 0.641372 
47200 48 2.02835 96 0.314748 0.641306 
47300 47 1.98142 98 0.311571 0.634093 
47400 47 2.01375 97 0.314749 0.641999 
47500 47 2.05016 100 0.327814 0.668281 
47600 48 2.0922 95 0.336474 0.687484 
47700 46 2.12829 95 0.346002 0.708569 
47800 47 2.15353 96 0.354724 0.724504 
47900 48 2.18978 97 0.363857 0.740878 
48000 47 2.16587 95 0.360912 0.732209 
48100 45 2.11387 92 0.351285 0.710563 
48200 45 2.12105 85 0.345996 0.701476 
48300 44 2.14637 85 0.348264 0.708343 
48400 45 2.12714 91 0.345057 0.701291 
48500 44 2.12244 91 0.349739 0.70829 
48600 48 2.15828 91 0.36111 0.727934 
48700 46 2.1649 106 0.363857 0.732559 
48800 47 2.21337 105 0.372666 0.75199 
48900 49 2.28815 99 0.389296 0.785873 
49000 46 2.31991 96 0.39755 0.802951 
49100 46 2.30304 99 0.396238 0.798238 
49200 49 2.25698 102 0.38461 0.775252 
49300 45 2.20241 94 0.375137 0.755196 
49400 47 2.16377 88 0.371351 0.747287 
49500 46 2.13944 90 0.365533 0.735884 
49600 45 2.17587 88 0.371523 0.746771 
49700 50 2.19898 92 0.382725 0.767555 
49800 48 2.1884 92 0.37843 0.76074 
49900 48 2.12178 94 0.365313 0.733515 
50000 48 2.14599 90 0.363732 0.732388 
50100 47 2.11547 91 0.350854 0.710353 
50200 46 2.07653 97 0.341675 0.694712 
50300 48 2.09975 96 0.354322 0.718919 
50400 47 2.1551 99 0.368993 0.749527 
50500 46 2.15308 100 0.366331 0.746649 
50600 47 2.12576 91 0.364214 0.739109 
50700 47 2.07976 84 0.359645 0.728197 
50800 46 2.02777 89 0.347843 0.703319 
50900 47 1.97532 87 0.339096 0.685149 
51000 45 1.9881 83 0.352664 0.711645 
51100 48 2.05547 82 0.371789 0.749176 
51200 49 2.07462 85 0.373359 0.754599 
51300 45 2.1026 91 0.384302 0.777535 
51400 45 2.13738 90 0.401716 0.809422 
51500 43 2.19681 92 0.416937 0.837886 
51600 44 2.18279 80 0.406715 0.816778 
51700 45 2.15905 83 0.390137 0.785852 
51800 48 2.14214 86 0.385602 0.77578 
51900 46 2.15521 84 0.390299 0.783979 
52000 46 2.13914 85 0.387713 0.777608 
52100 45 2.1456 81 0.384613 0.770699 
52200 45 2.11565 80 0.384661 0.768049 
52300 48 2.10025 88 0.389561 0.775696 
52400 47 2.11231 89 0.392145 0.781486 
52500 46 2.13115 91 0.389828 0.77786 
52600 46 2.14072 91 0.386245 0.773451 
52700 47 2.14646 94 0.385878 0.772786 
52800 49 2.18092 95 0.38855 0.779239 
52900 51 2.22676 89 0.38978 0.784919 
53000 48 2.23474 84 0.383201 0.776972 
53100 48 2.23117 89 0.375924 0.766219 
53200 48 2.25342 92 0.375856 0.768331 
53300 49 2.23719 93 0.374331 0.764972 
53400 47 2.23476 92 0.381418 0.776118 
53500 46 2.1887 89 0.37077 0.753218 
53600 47 2.15493 84 0.367045 0.74338 
53700 47 2.13689 84 0.36862 0.744423 
53800 47 2.1111 93 0.366668 0.739847 
53900 48 2.11258 96 0.365123 0.736784 
54000 46 2.14968 96 0.370765 0.749663 
54100 46 2.18364 93 0.378937 0.764809 
54200 46 2.2084 90 0.396985 0.795147 
54300 47 2.21681 90 0.400763 0.804322 
54400 47 2.20354 92 0.402868 0.80736 
54500 49 2.19369 74 0.408294 0.817015 
54600 50 2.24283 91 0.415013 0.834351 
54700 47 2.23255 91 0.410687 0.827432 
54800 49 2.20549 91 0.396387 0.800704 
54900 50 2.21844 108 0.399048 0.806427 
55000 50 2.21399 103 0.398267 0.806282 
55100 49 2.2359 97 0.406617 0.82233 
55200 47 2.30392 93 0.427964 0.863487 
55300 48 2.35186 103 0.436114 0.881348 
55400 49 2.35882 96 0.447102 0.900023 
55500 48 2.39187 94 0.443826 0.895617 
55600 47 2.36925 87 0.432647 0.873316 
55700 46 2.35954 83 0.420477 0.850681 
55800 47 2.37896 99 0.41757 0.845762 
55900 47 2.32957 99 0.401637 0.812908 
56000 45 2.31748 93 0.398096 0.805637 
56100 50 2.3234 100 0.403154 0.813646 
56200 50 2.2929 91 0.390926 0.7899 
56300 47 2.20024 96 0.368344 0.745302 
56400 49 2.17592 94 0.357924 0.726485 
56500 49 2.12313 91 0.346996 0.704226 
56600 49 2.13967 79 0.347205 0.705847 
56700 50 2.14889 92 0.349611 0.709226 
56800 50 2.1318 85 0.344717 0.69892 
56900 49 2.14728 81 0.352797 0.713945 
57000 51 2.15454 90 0.357981 0.722268 
57100 48 2.15603 88 0.36543 0.734966 
57200 50 2.17096 89 0.368626 0.739553 
57300 50 2.19456 86 0.37667 0.754692 
57400 51 2.21122 88 0.375552 0.756189 
57500 52 2.17914 95 0.369543 0.743415 
57600 55 2.16996 105 0.359769 0.729649 
57700 55 2.16702 101 0.353789 0.721186 
57800 54 2.17043 105 0.354453 0.723755 
57900 50 2.14313 89 0.349695 0.713479 
58000 51 2.15983 97 0.345336 0.705828 
58100 49 2.17192 95 0.341905 0.699954 
58200 48 2.15531 89 0.335958 0.690714 
58300 46 2.14639 89 0.334367 0.688296 
58400 49 2.18008 92 0.345635 0.711292 
58500 48 2.26719 93 0.366739 0.754951 
58600 49 2.22739 90 0.365053 0.748368 
58700 50 2.16605 98 0.35667 0.72916 
58800 51 2.08377 95 0.344765 0.699468 
58900 50 2.09217 101 0.351537 0.709189 
59000 52 2.13877 97 0.372465 0.746727 
59100 53 2.18591 94 0.384098 0.77113 
59200 52 2.27434 93 0.404343 0.810994 
59300 53 2.31078 88 0.414937 0.830577 
59400 54 2.36068 97 0.42436 0.849072 
59500 53 2.4183 97 0.433468 0.86859 
59600 55 2.50721 109 0.446484 0.897158 
59700 54 2.54688 98 0.450515 0.904196 
59800 54 2.56329 102 0.452085 0.907767 
59900 55 2.62294 108 0.47174 0.943865 
60000 56 2.6267 110 0.473808 0.94964 
60100 56 2.64717 107 0.482842 0.968746 
60200 56 2.67011 105 0.49576 0.994409 
60300 60 2.65633 104 0.496849 0.996251 
60400 58 2.65838 100 0.484299 0.972858 
60500 58 2.60081 102 0.460785 0.927848 
60600 60 2.53783 100 0.4444 0.894765 
60700 59 2.50764 102 0.439204 0.880559 
60800 54 2.51631 101 0.436316 0.872977 
60900 55 2.58929 104 0.449237 0.900258 
61000 53 2.62423 101 0.458671 0.917546 
61100 56 2.65463 104 0.457597 0.918226 
61200 55 2.64391 105 0.456176 0.915855 
61300 57 2.68922 102 0.463317 0.931297 
61400 56 2.71886 109 0.470592 0.946336 
61500 56 2.72703 106 0.464751 0.938356 
61600 54 2.74818 105 0.464795 0.940447 
61700 53 2.74009 91 0.464588 0.939862 
61800 55 2.77751 102 0.469968 0.950582 
61900 54 2.74204 100 0.46542 0.940688 
62000 53 2.70705 104 0.464693 0.934204 
62100 51 2.69519 96 0.459503 0.926012 
62200 50 2.66815 105 0.448075 0.906376 
62300 50 2.66276 108 0.442313 0.898878 
62400 52 2.64474 99 0.437921 0.890174 
62500 51 2.68197 102 0.446069 0.906998 
62600 51 2.68057 99 0.44833 0.911559 
62700 54 2.64799 101 0.447232 0.907397 
62800 52 2.67367 114 0.452591 0.918247 
62900 51 2.62871 97 0.445556 0.903223 
63000 53 2.54324 108 0.424344 0.861129 
63100 53 2.449 112 0.404834 0.822545 
63200 51 2.40951 99 0.393926 0.801348 
63300 55 2.47918 107 0.410151 0.832567 
63400 54 2.50927 106 0.411744 0.8358 
63500 54 2.53817 113 0.415667 0.843529 
63600 54 2.54693 111 0.420514 0.849872 
63700 54 2.56743 108 0.427731 0.86495 
63800 51 2.5381 103 0.419586 0.85026 
63900 52 2.49734 106 0.411815 0.837758 
64000 51 2.46322 101 0.408479 0.831031 
64100 52 2.43721 104 0.399441 0.814046 
64200 51 2.3736 97 0.387935 0.788722 
64300 50 2.36416 101 0.381948 0.77862 
64400 53 2.41174 103 0.389546 0.79571 
64500 53 2.44572 110 0.39836 0.813164 
64600 53 2.42505 107 0.397099 0.808856 
64700 53 2.42669 98 0.400973 0.815188 
64800 53 2.38799 100 0.396254 0.804907 
64900 54 2.40933 97 0.39991 0.81131 
65000 51 2.48825 97 0.41566 0.840913 
65100 51 2.53071 101 0.429588 0.866512 
65200 52 2.48708 96 0.425164 0.854988 
65300 53 2.39116 95 0.399744 0.804144 
65400 54 2.35572 109 0.383064 0.772988 
65500 53 2.39345 106 0.385465 0.778878 
65600 51 2.46124 99 0.405161 0.815325 
65700 52 2.5319 90 0.421848 0.847718 
65800 54 2.59807 91 0.438629 0.881611 
65900 55 2.6565 99 0.457494 0.919251 
66000 55 2.69422 99 0.467336 0.93896 
66100 54 2.72792 97 0.477158 0.956546 
66200 56 2.71112 103 0.474044 0.949663 
66300 55 2.65643 93 0.467327 0.935957 
66400 57 2.62661 99 0.458489 0.923773 
66500 55 2.59564 106 0.448009 0.905747 
66600 55 2.54198 101 0.441295 0.889597 
66700 56 2.46622 101 0.427115 0.860072 
66800 55 2.43776 93 0.418024 0.843234 
66900 54 2.49954 89 0.434684 0.875508 
67000 54 2.51513 103 0.436831 0.879622 
67100 54 2.54563 90 0.444022 0.893275 
67200 52 2.57732 93 0.450012 0.907565 
67300 52 2.59001 95 0.457067 0.920709 
67400 53 2.56639 106 0.458824 0.923944 
67500 51 2.5093 96 0.446222 0.899328 
67600 52 2.43135 96 0.434434 0.878316 
67700 52 2.38869 100 0.428483 0.866598 
67800 53 2.43264 100 0.437639 0.885865 
67900 51 2.47539 100 0.453764 0.915816 
68000 56 2.49846 96 0.460698 0.928315 
68100 55 2.51545 94 0.475718 0.954663 
68200 55 2.56282 98 0.496059 0.991434 
68300 53 2.5681 93 0.498066 0.995056 
68400 53 2.52211 95 0.484708 0.968183 
68500 56 2.4687 92 0.468568 0.937782 
68600 57 2.46559 94 0.463151 0.930285 
68700 59 2.47837 109 0.470605 0.945947 
68800 56 2.47178 109 0.472488 0.946433 
68900 57 2.46526 104 0.472557 0.945783 
69000 57 2.50713 106 0.477892 0.958485 
69100 56 2.60203 104 0.495934 0.997666 
69200 57 2.7041 102 0.524472 1.05388 
69300 56 2.77469 114 0.550285 1.10436 
69400 56 2.77039 120 0.554214 1.11065 
69500 55 2.73134 120 0.53897 1.07817 
69600 55 2.72293 103 0.536465 1.07356 
69700 55 2.70573 123 0.527963 1.05939 
69800 52 2.6795 118 0.522707 1.048 
69900 56 2.72264 122 0.535768 1.07447 
70000 54 2.74657 132 0.548294 1.0968 
70100 55 2.75085 129 0.549438 1.09966 
70200 54 2.69532 116 0.545385 1.08987 
70300 55 2.67343 110 0.547783 1.09275 
70400 56 2.66603 113 0.550513 1.09747 
70500 56 2.70278 118 0.55214 1.10388 
70600 53 2.734 112 0.556713 1.11334 
70700 54 2.72613 105 0.547571 1.09609 
70800 54 2.70186 111 0.547003 1.09411 
70900 56 2.68518 112 0.546333 1.09107 
71000 58 2.69392 109 0.546996 1.09542 
71100 54 2.6779 110 0.547176 1.09485 
71200 53 2.69062 109 0.555682 1.11051 
71300 56 2.6882 116 0.550491 1.10196 
71400 57 2.68259 120 0.536134 1.07623 
71500 56 2.72437 120 0.540425 1.08584 
71600 55 2.8028 109 0.553907 1.11316 
71700 55 2.89124 119 0.576996 1.1594 
71800 56 2.88186 116 0.575752 1.15378 
71900 56 2.87275 124 0.579295 1.1596 
72000 55 2.81689 123 0.560836 1.12372 
72100 54 2.78709 128 0.541963 1.08834 
72200 54 2.77703 120 0.534841 1.07602 
72300 54 2.7766 119 0.540287 1.08513 
72400 55 2.816 112 0.550619 1.10433 
72500 55 2.89352 109 0.57119 1.14612 
72600 54 2.90374 112 0.576176 1.15569 
72700 55 2.89039 112 0.57289 1.14858 
72800 55 2.85957 118 0.563749 1.1321 
72900 55 2.92154 129 0.578719 1.16255 
73000 54 2.93662 122 0.589418 1.18204 
73100 53 2.8896 124 0.583302 1.16847 
73200 52 2.8869 120 0.594443 1.18845 
73300 53 2.85506 117 0.589011 1.17726 
73400 57 2.82431 118 0.579153 1.15653 
73500 55 2.80032 112 0.567509 1.13577 
73600 54 2.805 121 0.563603 1.12979 
73700 57 2.79786 115 0.55704 1.11853 
73800 56 2.78548 114 0.556916 1.12049 
73900 55 2.82566 114 0.561606 1.13182 
74000 56 2.82596 108 0.561923 1.13268 
74100 57 2.84396 111 0.570333 1.14877 
74200 55 2.86311 106 0.576804 1.16326 
74300 55 2.83423 109 0.563147 1.13921 
74400 56 2.8613 123 0.56184 1.14212 
74500 56 2.88254 126 0.563192 1.14555 
74600 55 2.89348 131 0.570755 1.16001 
74700 54 2.92496 123 0.587946 1.18781 
74800 57 2.92592 117 0.592744 1.19482 
74900 55 2.89 120 0.582635 1.17329 
75000 55 2.88633 114 0.580577 1.1678 
