# Avida Host Tasks data
# Sat Sep 12 18:25:42 2020
# First column gives the current update, next columns give the number
# of Hosts that have the particular task
#  1: Update
#  2: Not
#  3: Nand
#  4: And
#  5: OrNot
#  6: Or
#  7: AndNot
#  8: Nor
#  9: Xor
# 10: Equals

0 0 0 0 0 0 0 0 0 0 
100 188 0 0 0 0 0 0 0 0 
200 486 0 0 0 0 0 0 0 0 
300 759 0 0 0 0 0 0 0 0 
400 1440 0 0 0 0 0 0 0 0 
500 2026 0 0 0 0 0 0 0 0 
600 3212 0 0 0 0 0 0 0 0 
700 4712 3 0 0 0 0 0 0 0 
800 5616 2 0 1 0 0 0 0 0 
900 7417 2 2 2 0 0 0 0 0 
1000 8710 2 1 4 0 0 0 0 0 
1100 10283 7 4 2 0 0 0 0 0 
1200 11944 12 8 2 0 0 0 0 0 
1300 13276 25 5 2 0 0 0 0 0 
1400 15111 34 5 0 0 0 0 0 0 
1500 16635 46 8 0 0 0 0 0 0 
1600 17994 62 9 0 0 0 0 0 0 
1700 19454 77 13 0 0 0 0 0 0 
1800 20756 70 12 0 0 0 0 0 0 
1900 21917 87 15 2 0 0 0 0 0 
2000 23084 92 25 1 0 0 0 0 0 
2100 23912 104 19 2 0 0 0 0 0 
2200 24810 123 18 4 0 0 0 0 0 
2300 25510 116 18 3 0 0 0 0 0 
2400 26070 114 19 2 0 0 0 0 0 
2500 26783 118 24 1 0 0 0 0 0 
2600 27129 129 39 1 0 0 0 0 0 
2700 27415 134 38 0 0 0 0 0 0 
2800 27647 157 37 0 0 0 0 0 0 
2900 27886 163 43 0 0 0 0 0 0 
3000 28133 179 52 0 0 0 0 0 0 
3100 28185 191 48 0 0 0 0 0 0 
3200 28280 216 49 0 0 0 0 0 0 
3300 28290 216 46 2 0 0 0 0 0 
3400 28261 216 48 4 0 0 0 0 0 
3500 28021 218 51 7 0 0 0 0 0 
3600 27938 227 40 5 0 0 0 0 0 
3700 27630 233 56 6 0 0 0 0 0 
3800 27331 240 55 6 0 0 0 0 0 
3900 27018 277 51 9 0 0 0 0 0 
4000 26611 315 50 8 0 0 0 0 0 
4100 26210 329 44 15 0 0 0 0 0 
4200 25731 364 58 19 0 0 0 0 0 
4300 25438 379 61 19 0 0 0 0 0 
4400 24998 404 67 19 0 0 0 0 0 
4500 24471 421 77 22 0 0 0 0 0 
4600 23965 461 82 20 0 0 0 0 0 
4700 23568 488 92 29 0 0 0 0 0 
4800 23155 521 91 29 0 0 0 0 0 
4900 22742 537 96 28 0 0 0 0 0 
5000 22188 611 100 33 0 0 0 0 0 
5100 21633 660 99 34 0 0 0 0 0 
5200 21110 726 108 36 0 0 0 0 0 
5300 20812 785 140 44 0 0 0 0 0 
5400 20513 888 154 51 0 2 0 0 0 
5500 20164 981 176 70 0 1 0 0 0 
5600 19842 1024 183 77 0 3 0 0 0 
5700 19487 1121 194 83 0 0 0 0 0 
5800 19192 1248 204 100 0 0 0 0 0 
5900 18994 1395 224 106 0 3 0 0 0 
6000 18808 1557 225 116 0 3 0 0 0 
6100 18520 1743 261 122 0 4 0 0 0 
6200 18277 1922 284 148 0 3 0 0 0 
6300 18021 2150 309 158 0 3 0 0 0 
6400 17565 2413 340 166 0 3 0 0 0 
6500 17023 2738 355 162 0 2 0 0 0 
6600 16485 3060 382 179 0 4 0 0 0 
6700 15954 3420 402 178 0 4 0 0 0 
6800 15550 3813 471 203 0 4 0 0 0 
6900 14921 4248 517 238 0 5 0 0 0 
7000 14307 4655 544 276 0 7 0 0 0 
7100 13943 5131 626 312 0 9 0 0 0 
7200 13689 5650 709 336 0 9 0 0 0 
7300 13300 6170 766 358 0 9 0 0 0 
7400 12768 6785 874 397 0 9 0 0 0 
7500 12290 7391 945 415 0 10 0 0 0 
7600 11741 7994 1023 429 0 14 0 0 0 
7700 11296 8592 1126 466 0 15 0 0 0 
7800 10855 9086 1181 501 0 19 0 0 0 
7900 10557 9560 1250 539 0 22 0 0 0 
8000 10342 9905 1326 578 0 23 0 0 0 
8100 10147 10032 1457 622 0 26 0 0 0 
8200 10022 10199 1541 688 0 27 0 0 0 
8300 10053 10211 1624 712 0 28 0 0 0 
8400 9995 10258 1750 765 0 32 0 0 0 
8500 10073 10241 1835 819 0 36 0 0 0 
8600 10036 10287 1919 868 0 39 0 0 0 
8700 10042 10384 2012 884 0 37 0 0 0 
8800 10088 10435 2091 967 0 36 0 0 0 
8900 10059 10500 2159 1044 0 40 0 0 0 
9000 10014 10584 2254 1124 0 39 0 0 0 
9100 9882 10631 2322 1226 0 45 0 0 0 
9200 9762 10695 2433 1314 0 46 0 0 0 
9300 9847 10619 2510 1399 0 36 0 0 0 
9400 9951 10553 2613 1448 0 32 0 0 0 
9500 9965 10594 2653 1506 0 36 0 0 0 
9600 9930 10574 2704 1626 0 37 0 0 0 
9700 9729 10672 2736 1711 0 37 0 0 0 
9800 9559 10584 2815 1789 0 42 0 0 0 
9900 9382 10516 2913 1889 0 47 0 0 0 
10000 9420 10357 2993 1914 2 52 0 0 0 
10100 9196 10215 3071 2048 2 59 0 0 0 
10200 9187 10009 3258 2124 3 59 0 0 0 
10300 9241 9713 3398 2193 1 56 0 0 0 
10400 9349 9195 3486 2307 2 68 0 0 0 
10500 9520 8743 3697 2314 2 61 0 0 0 
10600 9595 8375 3848 2372 4 78 0 0 0 
10700 9668 8057 3979 2367 5 74 0 0 0 
10800 9875 7711 4164 2356 6 82 0 0 0 
10900 9889 7520 4261 2382 8 94 0 0 0 
11000 9786 7379 4447 2380 9 103 0 0 0 
11100 9651 7397 4511 2396 6 102 0 0 0 
11200 9412 7440 4534 2480 8 109 0 0 0 
11300 9352 7473 4540 2562 9 120 0 0 0 
11400 9368 7606 4542 2742 10 119 0 0 0 
11500 9183 7643 4479 2892 15 141 0 0 0 
11600 9177 7726 4373 3043 14 143 0 0 0 
11700 9030 7625 4358 3225 11 170 0 0 0 
11800 8819 7620 4361 3337 11 172 0 0 0 
11900 8702 7625 4384 3589 10 192 0 0 0 
12000 8486 7695 4422 3727 8 211 0 0 0 
12100 8415 7593 4491 3805 8 240 0 0 0 
12200 8205 7624 4576 3941 6 264 0 0 0 
12300 8069 7520 4664 4011 7 302 0 0 0 
12400 8066 7415 4842 4084 6 326 0 0 0 
12500 8081 7340 4967 4120 4 371 0 0 0 
12600 8236 7181 5205 4104 4 395 0 0 0 
12700 8310 7030 5270 4170 2 455 0 0 0 
12800 8238 6877 5442 4140 4 504 0 0 0 
12900 8173 6671 5577 4175 3 542 0 0 0 
13000 8107 6535 5711 4299 0 606 0 0 0 
13100 7999 6229 5865 4379 0 661 0 0 0 
13200 7904 5984 6029 4591 0 693 0 0 0 
13300 7926 5760 6117 4712 0 777 0 0 0 
13400 7884 5581 6166 4883 0 814 0 0 0 
13500 7945 5352 6096 5017 0 895 0 0 0 
13600 7941 5201 6048 5187 0 949 0 0 0 
13700 7912 5034 5940 5350 0 1034 0 0 0 
13800 7883 4890 5786 5444 0 1156 0 0 0 
13900 7734 4853 5744 5415 0 1234 2 0 0 
14000 7648 4794 5647 5402 0 1305 0 0 0 
14100 7511 4651 5654 5298 0 1402 0 0 0 
14200 7439 4687 5697 5149 0 1487 0 0 0 
14300 7293 4671 5654 5108 0 1610 0 0 0 
14400 7162 4689 5680 5042 0 1731 0 0 0 
14500 7075 4725 5784 4889 2 1853 0 0 0 
14600 7138 4667 5837 4815 1 2004 0 0 0 
14700 7097 4734 5917 4729 2 2108 0 0 0 
14800 6841 4714 5997 4705 4 2275 0 0 0 
14900 6661 4621 6080 4711 3 2395 0 0 0 
15000 6631 4658 6213 4584 2 2549 0 0 0 
15100 6560 4652 6217 4551 1 2782 0 0 0 
15200 6527 4733 6341 4474 2 2895 0 0 0 
15300 6472 4743 6489 4330 2 3062 0 0 0 
15400 6526 4769 6605 4294 3 3102 0 0 0 
15500 6495 4779 6760 4209 2 3158 0 0 0 
15600 6412 4842 6872 4183 1 3217 0 0 0 
15700 6283 4879 6980 4186 0 3241 0 0 0 
15800 6273 4905 7124 4303 0 3241 0 0 0 
15900 6309 4867 7133 4293 0 3246 0 0 0 
16000 6340 4834 7247 4232 2 3238 0 0 0 
16100 6407 4782 7246 4202 2 3293 0 0 0 
16200 6477 4757 7204 4256 3 3302 0 0 0 
16300 6561 4719 7235 4310 4 3331 1 0 0 
16400 6667 4679 7195 4394 4 3370 2 0 0 
16500 6628 4707 7136 4516 3 3414 4 0 0 
16600 6623 4656 7067 4608 3 3416 3 0 0 
16700 6623 4716 6935 4724 4 3444 3 0 0 
16800 6643 4699 6866 4801 3 3395 4 0 0 
16900 6689 4671 6691 4889 2 3410 5 0 0 
17000 6640 4610 6600 4986 3 3381 7 0 0 
17100 6563 4644 6552 4996 4 3341 8 0 0 
17200 6619 4605 6479 5055 5 3324 5 0 0 
17300 6674 4577 6560 4950 3 3311 10 0 0 
17400 6619 4609 6641 5013 3 3394 8 0 0 
17500 6597 4495 6780 5031 4 3485 4 0 0 
17600 6535 4409 6874 4933 6 3572 4 0 0 
17700 6629 4344 6934 4898 6 3663 2 0 0 
17800 6650 4245 7154 4778 4 3650 5 0 0 
17900 6749 4258 7283 4649 4 3685 4 0 0 
18000 6718 4253 7443 4445 3 3555 2 0 0 
18100 6724 4261 7618 4242 5 3471 2 0 0 
18200 6692 4238 7744 4074 5 3413 3 0 0 
18300 6609 4313 7981 3875 5 3347 4 0 0 
18400 6600 4323 8052 3650 4 3453 5 0 0 
18500 6541 4338 8188 3554 7 3525 3 0 0 
18600 6296 4412 8240 3461 6 3712 4 0 0 
18700 6185 4451 8285 3543 8 3873 3 0 0 
18800 5965 4489 8288 3590 11 3940 3 0 0 
18900 5886 4508 8360 3645 11 4078 3 0 0 
19000 5758 4496 8263 3729 10 4201 1 0 0 
19100 5734 4437 8343 3791 10 4344 0 0 0 
19200 5768 4406 8344 3743 11 4480 0 0 0 
19300 5759 4273 8218 3780 8 4629 0 0 0 
19400 5737 4101 8155 3799 8 4774 0 0 0 
19500 5688 3980 8049 3802 6 4938 0 0 0 
19600 5591 3885 7998 3814 5 4937 0 0 0 
19700 5500 3963 7981 3843 9 4940 0 0 0 
19800 5437 4002 7826 3917 11 4932 0 0 0 
19900 5403 4109 7896 3982 11 4854 0 0 0 
20000 5274 4235 7946 4020 13 4846 0 0 0 
20100 5161 4243 8131 4062 13 4810 0 0 0 
20200 4953 4313 8308 4092 14 4780 0 0 0 
20300 4840 4262 8401 4149 14 4632 0 0 0 
20400 4760 4180 8572 4267 16 4455 0 0 0 
20500 4618 4170 8739 4335 14 4282 0 0 0 
20600 4651 4158 8868 4377 15 4257 2 0 0 
20700 4652 4200 8929 4421 17 4255 1 0 0 
20800 4614 4140 9003 4445 21 4365 1 0 0 
20900 4600 4042 9149 4360 31 4395 2 0 0 
21000 4509 3949 9172 4318 37 4493 3 0 0 
21100 4422 3987 9306 4261 54 4587 2 0 0 
21200 4481 3866 9314 4318 69 4604 3 0 0 
21300 4384 3802 9268 4377 77 4721 4 0 0 
21400 4331 3762 9352 4386 91 4810 5 0 0 
21500 4384 3785 9420 4400 98 4867 6 0 0 
21600 4291 3751 9367 4451 101 4858 6 0 0 
21700 4229 3763 9364 4427 122 4836 7 0 0 
21800 4239 3813 9081 4503 120 4848 9 0 0 
21900 4131 3837 8839 4639 144 4898 9 0 0 
22000 4091 3868 8720 4758 154 4816 7 0 0 
22100 4100 3914 8601 4839 166 4795 6 0 0 
22200 3990 4012 8621 4897 197 4792 5 0 0 
22300 3863 4060 8662 5007 223 4854 6 0 0 
22400 3709 4167 8575 5063 250 4818 3 0 0 
22500 3647 4316 8547 5027 270 4729 2 0 0 
22600 3649 4391 8430 5064 284 4633 2 0 0 
22700 3701 4446 8353 5100 325 4516 5 0 0 
22800 3694 4465 8333 5144 354 4451 7 0 0 
22900 3754 4374 8327 5240 398 4429 7 0 0 
23000 3697 4399 8368 5221 425 4347 10 0 0 
23100 3702 4406 8249 5172 447 4351 9 0 0 
23200 3728 4496 8157 5117 513 4363 12 0 0 
23300 3698 4531 8101 4919 550 4404 14 0 0 
23400 3756 4642 7922 4679 594 4523 14 0 0 
23500 3803 4631 7781 4339 634 4649 13 0 0 
23600 3825 4505 7603 4046 670 4820 12 0 0 
23700 3860 4368 7512 3868 717 4951 10 0 0 
23800 3962 4269 7490 3841 741 5144 13 0 0 
23900 4067 4195 7350 3892 791 5356 14 0 0 
24000 4148 4157 7226 4042 847 5475 19 0 0 
24100 4215 4044 7065 4162 877 5602 18 0 0 
24200 4166 3891 6980 4277 924 5838 19 0 0 
24300 4091 3760 6797 4449 972 6032 21 0 0 
24400 3950 3621 6780 4459 953 6320 23 0 0 
24500 3723 3597 6790 4573 991 6488 30 0 0 
24600 3462 3501 6838 4594 1009 6646 32 0 0 
24700 3280 3407 6925 4674 1046 6724 22 0 0 
24800 3079 3356 7016 4719 1062 6697 27 0 0 
24900 3030 3278 6994 4685 1050 6794 29 0 0 
25000 3034 3145 6932 4741 1112 6889 30 0 0 
25100 2994 3037 6921 4758 1137 6980 29 0 0 
25200 3008 3040 6949 4722 1168 6929 31 0 0 
25300 3033 2994 6981 4716 1217 6943 27 0 0 
25400 3048 3019 7008 4610 1265 6818 30 0 0 
25500 3092 2981 6960 4663 1344 6861 23 0 0 
25600 3087 2898 6920 4669 1398 6754 31 0 0 
25700 3052 2801 6891 4690 1493 6820 35 0 0 
25800 2962 2688 6836 4732 1601 6833 41 0 0 
25900 2945 2555 6642 4775 1709 6885 43 0 0 
26000 2872 2454 6524 4816 1806 6994 53 0 0 
26100 2911 2337 6358 4839 1860 7053 58 0 0 
26200 2886 2263 6146 4801 1976 7102 60 0 0 
26300 2953 2173 5937 4777 2026 7247 69 0 0 
26400 3123 2056 5809 4685 2083 7279 64 0 0 
26500 3134 1977 5624 4686 2161 7325 70 0 0 
26600 3216 1946 5506 4721 2185 7327 80 0 0 
26700 3329 1909 5531 4682 2266 7317 78 0 0 
26800 3385 1931 5601 4703 2319 7383 87 0 0 
26900 3374 1964 5651 4681 2326 7460 94 0 0 
27000 3396 2001 5691 4628 2375 7613 103 0 0 
27100 3344 2066 5742 4658 2416 7595 113 0 0 
27200 3243 2108 5831 4608 2438 7664 116 0 0 
27300 3213 2122 5952 4510 2449 7566 144 0 0 
27400 3157 2101 5982 4568 2459 7543 127 0 0 
27500 3125 2109 6047 4670 2528 7474 136 0 0 
27600 3101 2126 6138 4733 2584 7261 143 0 0 
27700 3110 2190 6100 4864 2606 6989 160 0 0 
27800 3098 2268 6010 4914 2618 6752 166 0 0 
27900 3093 2302 6059 4951 2649 6501 181 0 0 
28000 3042 2394 5963 4944 2695 6343 194 0 0 
28100 3043 2449 5953 4944 2762 6273 223 0 0 
28200 3012 2494 5995 4892 2809 6068 249 0 0 
28300 3099 2576 6123 4870 2812 5916 261 0 0 
28400 3162 2634 6102 4846 2854 5743 268 0 0 
28500 3140 2651 6107 4942 2877 5791 317 0 0 
28600 3144 2666 5945 4919 2919 5783 335 0 0 
28700 3108 2677 5743 4920 3006 5817 360 0 0 
28800 3129 2684 5579 4862 3027 5854 404 0 0 
28900 3101 2649 5386 4818 3099 5995 438 0 0 
29000 3079 2610 5267 4827 3112 6089 493 0 0 
29100 3143 2680 5190 4783 3119 6108 526 0 0 
29200 3115 2701 5108 4660 3162 6261 559 0 0 
29300 3133 2709 5085 4552 3234 6369 591 0 0 
29400 3169 2767 5065 4452 3281 6451 636 0 0 
29500 3168 2733 5068 4456 3340 6560 668 0 0 
29600 3121 2702 5037 4345 3411 6741 727 0 0 
29700 3106 2720 5018 4260 3507 6750 748 0 0 
29800 3057 2733 5075 4180 3515 6733 804 0 0 
29900 3015 2687 5153 4052 3623 6711 874 0 0 
30000 3007 2625 5244 3993 3738 6585 913 0 0 
30100 3009 2607 5297 3905 3818 6494 968 0 0 
30200 2980 2495 5356 3827 3935 6425 979 0 0 
30300 2910 2421 5361 3786 4057 6362 1042 0 0 
30400 2763 2423 5334 3772 4155 6278 1078 0 0 
30500 2732 2434 5253 3725 4315 6255 1142 0 0 
30600 2644 2406 5256 3565 4401 6150 1271 0 0 
30700 2557 2462 5337 3484 4511 6014 1377 0 0 
30800 2520 2505 5410 3317 4652 5857 1468 0 0 
30900 2468 2552 5515 3262 4770 5726 1606 0 0 
31000 2407 2651 5543 3142 4826 5621 1625 0 0 
31100 2380 2728 5633 3027 4792 5495 1754 0 0 
31200 2376 2855 5654 2944 4769 5265 1855 0 0 
31300 2358 2918 5524 2888 4711 5132 1897 0 0 
31400 2364 2868 5298 2786 4810 5121 2026 0 0 
31500 2370 2882 5033 2800 4864 5136 2102 0 0 
31600 2375 2947 4944 2876 4930 5199 2174 0 0 
31700 2371 2925 4893 2821 5043 5206 2276 0 0 
31800 2394 2906 4975 2882 5080 5258 2335 0 0 
31900 2461 2819 5098 2858 5225 5324 2418 0 0 
32000 2490 2702 5159 2882 5296 5257 2495 0 0 
32100 2478 2686 5141 2868 5405 5170 2560 0 0 
32200 2547 2532 4978 2870 5496 5086 2725 0 0 
32300 2547 2378 4820 2949 5591 5026 2789 0 0 
32400 2561 2284 4748 3002 5711 5025 2852 0 0 
32500 2638 2140 4663 3029 5795 5007 2919 0 0 
32600 2688 2066 4601 3094 5874 4968 2965 0 0 
32700 2752 1967 4597 3178 5970 4894 3098 0 0 
32800 2810 1905 4593 3251 6035 4898 3174 0 0 
32900 2857 1833 4530 3417 6076 4953 3267 0 0 
33000 2909 1769 4504 3454 6168 4967 3407 0 0 
33100 2822 1727 4366 3564 6212 5034 3471 0 0 
33200 2864 1711 4356 3628 6331 4972 3589 0 0 
33300 2907 1714 4335 3645 6330 4977 3605 0 0 
33400 2895 1742 4293 3737 6360 5060 3632 0 0 
33500 2898 1736 4341 3796 6407 5041 3664 0 0 
33600 2904 1768 4267 3866 6491 5073 3745 0 0 
33700 2881 1729 4350 3810 6566 4961 3812 0 0 
33800 2859 1749 4462 3735 6656 4871 3832 0 0 
33900 2792 1778 4575 3627 6667 4830 3819 0 0 
34000 2748 1770 4629 3522 6682 4753 3846 0 0 
34100 2798 1838 4675 3463 6740 4701 3916 0 0 
34200 2790 1897 4738 3450 6813 4708 3900 0 0 
34300 2741 1963 4847 3413 6921 4701 3991 0 0 
34400 2715 2024 4969 3392 6888 4715 4020 0 0 
34500 2764 2046 5046 3434 6956 4755 4036 0 0 
34600 2776 1981 5062 3516 7078 4812 4078 0 0 
34700 2809 1996 5077 3588 7120 4885 4020 0 0 
34800 2826 2021 5134 3650 7098 4849 4009 0 0 
34900 2803 2067 5177 3718 7212 4867 3994 0 0 
35000 2824 2065 5176 3719 7217 4844 4029 0 0 
35100 2863 2119 5179 3760 7179 4793 4009 0 0 
35200 2938 2137 5209 3848 7123 4776 3995 0 0 
35300 2928 2138 5271 3910 7013 4720 3943 0 0 
35400 2935 2071 5170 3935 7064 4676 4023 0 0 
35500 2917 2113 5177 4043 7059 4666 4030 0 0 
35600 2941 2191 5153 4073 7003 4596 4017 0 0 
35700 3003 2197 5173 4165 6902 4633 4028 0 0 
35800 3003 2247 5272 4192 6820 4593 4094 0 0 
35900 3079 2348 5277 4253 6740 4583 4118 0 0 
36000 3115 2438 5303 4307 6647 4682 4160 0 0 
36100 3117 2525 5353 4192 6596 4728 4197 0 0 
36200 3281 2526 5253 4230 6563 4727 4293 0 0 
36300 3330 2575 5220 4222 6533 4825 4370 0 0 
36400 3466 2603 5140 4246 6551 4874 4404 0 0 
36500 3582 2588 5031 4325 6541 4902 4408 0 0 
36600 3600 2582 4934 4373 6513 4914 4487 0 0 
36700 3603 2594 4858 4402 6396 4969 4582 0 0 
36800 3625 2565 4762 4395 6396 4996 4670 0 0 
36900 3617 2639 4720 4400 6318 5091 4736 0 0 
37000 3637 2570 4678 4336 6243 5212 4734 0 0 
37100 3662 2530 4661 4339 6119 5435 4763 0 0 
37200 3614 2564 4607 4266 5977 5561 4739 0 0 
37300 3545 2579 4525 4229 5788 5613 4777 0 0 
37400 3532 2604 4461 4248 5535 5737 4662 0 0 
37500 3527 2575 4459 4277 5349 5796 4563 0 0 
37600 3482 2491 4504 4263 5162 5850 4512 0 0 
37700 3419 2481 4511 4283 4975 5957 4461 0 0 
37800 3357 2465 4582 4271 4808 5990 4440 0 0 
37900 3270 2393 4621 4232 4678 6040 4500 0 0 
38000 3101 2369 4658 4132 4630 6101 4491 0 0 
38100 3002 2273 4747 4173 4645 6158 4509 0 0 
38200 2953 2222 4681 4193 4645 6110 4618 0 0 
38300 2876 2220 4806 4147 4666 6100 4628 0 0 
38400 2868 2213 4727 4109 4645 6071 4685 0 0 
38500 2850 2251 4737 4185 4739 5982 4730 0 0 
38600 2749 2304 4772 4113 4838 5946 4850 0 0 
38700 2811 2273 4832 4086 4914 5925 4854 0 0 
38800 2772 2289 4936 4009 5035 5864 4862 0 0 
38900 2844 2357 5098 3938 5103 5794 4756 0 0 
39000 2853 2355 5228 3899 5155 5734 4719 0 0 
39100 2823 2363 5348 3783 5179 5643 4574 0 0 
39200 2770 2403 5443 3715 5202 5553 4459 0 0 
39300 2730 2411 5502 3661 5039 5531 4348 0 0 
39400 2700 2340 5604 3648 5103 5508 4220 0 0 
39500 2642 2326 5610 3722 5018 5585 4073 0 0 
39600 2584 2324 5601 3756 5010 5675 4002 0 0 
39700 2543 2343 5646 3781 4915 5703 3922 0 0 
39800 2525 2363 5730 3820 4791 5778 3825 0 0 
39900 2527 2363 5740 3874 4690 5734 3806 0 0 
40000 2432 2340 5752 3872 4675 5737 3742 0 0 
40100 2415 2337 5788 3849 4591 5740 3702 0 0 
40200 2384 2324 5780 3695 4597 5660 3724 0 0 
40300 2430 2307 5752 3630 4653 5532 3771 0 0 
40400 2509 2336 5733 3695 4647 5548 3784 0 0 
40500 2522 2351 5621 3693 4744 5467 3892 0 0 
40600 2521 2324 5431 3699 4858 5452 4014 0 0 
40700 2496 2344 5273 3687 4891 5441 4180 0 0 
40800 2533 2284 5051 3586 5004 5427 4313 0 0 
40900 2435 2327 4984 3484 5064 5468 4449 0 0 
41000 2427 2307 4854 3397 5131 5451 4556 0 0 
41100 2461 2289 4824 3311 5266 5410 4572 0 0 
41200 2411 2301 4804 3251 5277 5405 4638 0 0 
41300 2401 2268 4695 3116 5346 5485 4699 0 0 
41400 2338 2265 4636 3077 5523 5464 4716 0 0 
41500 2339 2229 4601 3051 5539 5430 4836 0 0 
41600 2371 2268 4616 2971 5758 5530 4818 0 0 
41700 2349 2272 4696 2872 5756 5538 4808 0 0 
41800 2370 2250 4737 2849 5754 5597 4879 0 0 
41900 2448 2200 4670 2817 5872 5710 4892 0 0 
42000 2445 2110 4704 2802 5941 5786 4940 0 0 
42100 2437 2115 4665 2793 6017 5814 5050 0 0 
42200 2451 2104 4700 2890 5987 5855 5010 0 0 
42300 2413 2106 4716 2886 6036 5717 5011 0 0 
42400 2398 2047 4746 2898 6007 5644 4972 0 0 
42500 2317 2087 4807 3006 6002 5678 4783 0 0 
42600 2272 2126 4909 3037 5873 5620 4647 0 0 
42700 2179 2186 5047 3024 5878 5576 4511 0 0 
42800 2183 2297 5190 3045 5842 5545 4297 0 0 
42900 2063 2328 5312 3127 5906 5396 4242 0 0 
43000 2014 2413 5536 3070 5983 5123 4221 0 0 
43100 1944 2525 5661 3091 5955 5050 4228 0 0 
43200 1905 2579 5751 3066 5948 5018 4256 0 0 
43300 1921 2689 5851 3039 5987 4907 4167 0 0 
43400 1872 2783 5837 3120 5871 4909 4146 0 0 
43500 1812 2799 5855 3184 5828 4986 4025 0 0 
43600 1732 2930 5987 3219 5673 5070 3911 0 0 
43700 1656 2955 5986 3239 5546 5144 3803 0 0 
43800 1632 2979 5957 3217 5456 5158 3706 0 0 
43900 1623 3036 5964 3187 5354 5182 3614 0 0 
44000 1662 3081 5832 3204 5337 5284 3563 0 0 
44100 1638 3109 5882 3149 5290 5376 3576 0 0 
44200 1710 3186 5751 3074 5308 5508 3589 0 0 
44300 1698 3178 5566 3056 5295 5635 3637 0 0 
44400 1721 3178 5426 3085 5219 5641 3642 0 0 
44500 1759 3176 5273 3146 5115 5802 3644 0 0 
44600 1802 3133 5106 3202 5156 5823 3666 0 0 
44700 1801 3143 4912 3193 5144 5960 3692 0 0 
44800 1849 3177 4819 3274 5119 6016 3721 0 0 
44900 1843 3130 4687 3279 5227 5933 3782 0 0 
45000 1883 3132 4584 3372 5261 5986 3760 0 0 
45100 1942 3160 4585 3362 5334 5875 3825 0 0 
45200 2039 3182 4470 3352 5408 5784 3882 0 0 
45300 2063 3146 4407 3332 5550 5623 3951 0 0 
45400 2116 3141 4435 3404 5517 5545 3970 0 0 
45500 2105 3157 4438 3342 5609 5484 4048 0 0 
45600 2090 3097 4345 3373 5704 5409 4176 0 0 
45700 2114 3123 4366 3400 5683 5365 4231 0 0 
45800 2151 3094 4326 3399 5772 5323 4281 0 0 
45900 2230 3083 4346 3296 5871 5164 4403 0 0 
46000 2253 3092 4315 3251 5998 5125 4461 0 0 
46100 2236 3096 4377 3246 6076 5035 4577 0 0 
46200 2224 3076 4353 3136 6094 5077 4718 0 0 
46300 2190 3069 4268 3041 6141 5078 4896 0 0 
46400 2211 3043 4182 2986 6201 5050 5002 0 0 
46500 2231 3061 4099 2891 6212 5106 5085 0 0 
46600 2275 2964 3992 2793 6240 5045 5232 0 0 
46700 2274 2913 3940 2748 6231 5078 5307 0 0 
46800 2304 2871 3964 2720 6177 5132 5391 0 0 
46900 2304 2713 3882 2704 6131 5252 5553 0 0 
47000 2295 2567 3841 2722 6028 5381 5619 0 0 
47100 2312 2429 3707 2791 6006 5450 5800 0 0 
47200 2280 2360 3720 2775 5812 5521 5932 0 0 
47300 2239 2280 3666 2764 5752 5574 6038 0 0 
47400 2281 2253 3587 2772 5748 5665 6040 0 0 
47500 2279 2263 3536 2716 5823 5734 6087 0 0 
47600 2267 2231 3513 2663 5848 5726 6183 0 0 
47700 2288 2248 3407 2663 5836 5837 6214 0 0 
47800 2315 2278 3404 2694 5830 5888 6281 0 0 
47900 2321 2308 3481 2684 5792 6018 6311 0 0 
48000 2384 2375 3589 2661 5909 6002 6305 0 0 
48100 2380 2435 3727 2550 5932 5996 6405 0 0 
48200 2384 2493 3806 2518 5929 5914 6448 0 0 
48300 2384 2587 3802 2521 5913 5994 6413 0 0 
48400 2412 2641 3909 2449 5973 5912 6491 0 0 
48500 2448 2720 3998 2418 5946 5883 6480 0 0 
48600 2480 2770 4036 2413 5910 5906 6463 0 0 
48700 2473 2908 4074 2426 5850 5888 6475 0 0 
48800 2363 2949 4234 2381 5797 5859 6387 0 0 
48900 2302 3026 4381 2292 5824 5867 6223 0 0 
49000 2316 3024 4396 2260 5883 5955 5990 0 0 
49100 2391 3141 4485 2248 5907 5935 5620 0 0 
49200 2388 3256 4538 2212 5924 5956 5338 0 0 
49300 2400 3360 4523 2242 5883 6030 5188 0 0 
49400 2422 3449 4470 2240 5758 6103 5134 0 0 
49500 2417 3575 4499 2231 5659 6170 4986 0 0 
49600 2379 3697 4505 2225 5438 6178 4918 0 0 
49700 2340 3743 4506 2280 5244 6217 4810 0 0 
49800 2244 3804 4472 2248 5071 6301 4774 0 0 
49900 2175 3840 4425 2305 4888 6328 4801 0 0 
50000 2149 3867 4450 2324 4743 6301 4807 0 0 
50100 2095 3922 4463 2401 4528 6328 4890 0 0 
50200 2004 3899 4575 2380 4372 6318 4940 0 0 
50300 1900 3864 4607 2389 4278 6344 4978 0 0 
50400 1811 3838 4691 2363 4239 6363 5135 0 0 
50500 1743 3747 4799 2215 4093 6330 5144 0 0 
50600 1676 3664 4794 2213 4086 6314 5212 0 0 
50700 1625 3609 4762 2196 4090 6319 5206 0 0 
50800 1577 3488 4833 2171 4023 6345 5226 0 0 
50900 1547 3442 4741 2176 4036 6389 5186 0 0 
51000 1541 3392 4707 2177 4067 6325 5195 0 0 
51100 1565 3370 4669 2192 4077 6349 5251 0 0 
51200 1528 3304 4555 2236 4102 6376 5347 0 0 
51300 1563 3254 4532 2306 4065 6394 5430 0 0 
51400 1566 3268 4490 2241 4023 6378 5495 0 0 
51500 1575 3317 4363 2208 4046 6280 5610 0 0 
51600 1554 3395 4459 2234 4066 6128 5560 0 0 
51700 1534 3481 4532 2172 4098 6084 5567 0 0 
51800 1537 3586 4615 2112 4079 5957 5584 0 1 
51900 1552 3770 4681 2128 4098 5835 5541 0 1 
52000 1503 3871 4671 2136 4103 5751 5502 0 1 
52100 1461 4022 4713 2187 4113 5628 5460 0 3 
52200 1480 4150 4769 2220 4084 5485 5365 0 3 
52300 1472 4250 4886 2191 4048 5342 5316 0 4 
52400 1460 4408 4918 2161 4008 5189 5242 0 3 
52500 1462 4605 5000 2177 3951 5138 5144 0 2 
52600 1486 4737 5095 2217 3823 5083 5157 0 0 
52700 1491 4768 5227 2263 3681 5071 5027 0 0 
52800 1514 4644 5313 2269 3607 5100 5004 0 0 
52900 1474 4472 5322 2213 3561 5141 5044 0 0 
53000 1514 4256 5392 2140 3546 5174 5151 0 0 
53100 1535 3976 5475 2152 3527 5160 5313 0 0 
53200 1541 3690 5515 2067 3492 5150 5472 0 0 
53300 1577 3576 5423 2172 3537 5137 5576 0 0 
53400 1607 3509 5420 2214 3568 5042 5700 0 0 
53500 1604 3509 5331 2201 3561 5064 5820 0 0 
53600 1627 3478 5103 2175 3584 5118 5908 0 0 
53700 1632 3397 5008 2130 3618 5087 5928 0 0 
53800 1622 3364 4882 2113 3594 5191 5820 0 0 
53900 1598 3372 4675 2107 3597 5273 5811 0 0 
54000 1517 3353 4529 2073 3610 5243 5852 0 0 
54100 1453 3367 4420 2094 3568 5265 5776 0 0 
54200 1427 3428 4306 2181 3565 5244 5589 0 0 
54300 1396 3432 4394 2179 3590 5114 5435 0 0 
54400 1340 3596 4506 2248 3567 5009 5235 0 0 
54500 1295 3734 4548 2310 3679 4953 5006 0 0 
54600 1256 3922 4776 2207 3746 4878 4778 0 0 
54700 1194 4091 4941 2144 3778 4820 4586 0 0 
54800 1181 4218 5145 2185 3800 4763 4498 0 0 
54900 1131 4380 5448 2130 3756 4737 4327 0 0 
55000 1118 4498 5593 2141 3766 4701 4338 0 0 
55100 1088 4439 5818 2095 3763 4660 4388 0 0 
55200 1104 4425 5930 2079 3749 4580 4417 0 0 
55300 1047 4384 5905 2109 3819 4511 4464 0 0 
55400 1049 4264 5914 2071 3874 4467 4619 0 0 
55500 1104 4058 5718 2056 3929 4396 4754 0 0 
55600 1142 3839 5628 2042 3935 4418 4864 0 0 
55700 1170 3707 5443 1993 3907 4396 5005 0 0 
55800 1203 3620 5215 1915 3822 4403 5131 0 0 
55900 1181 3590 4996 1891 3749 4483 5324 0 0 
56000 1139 3654 4700 1826 3665 4601 5494 0 0 
56100 1147 3641 4468 1750 3639 4808 5626 0 0 
56200 1098 3710 4257 1729 3583 4986 5754 0 0 
56300 1130 3788 4162 1662 3488 5116 5864 0 0 
56400 1139 3789 4180 1648 3359 5233 5979 0 0 
56500 1181 3814 4127 1712 3232 5409 6062 0 0 
56600 1171 3734 4079 1741 3136 5490 6194 0 0 
56700 1154 3635 3968 1808 3050 5536 6170 0 0 
56800 1195 3610 3861 1898 2957 5617 6180 0 0 
56900 1210 3535 3770 1881 2991 5631 6320 0 0 
57000 1257 3439 3712 1925 2970 5597 6442 0 0 
57100 1232 3409 3739 1998 3045 5587 6577 0 0 
57200 1302 3435 3727 1987 3054 5526 6835 0 0 
57300 1284 3367 3758 1991 3087 5499 7102 0 0 
57400 1303 3319 3775 2005 3170 5388 7356 0 0 
57500 1335 3272 3775 1976 3191 5277 7529 0 0 
57600 1295 3137 3818 1942 3186 5242 7615 0 0 
57700 1250 3074 3808 1902 3231 5173 7839 0 0 
57800 1286 3057 3771 1934 3201 5155 7923 0 0 
57900 1284 3031 3769 1936 3160 5195 7965 0 0 
58000 1257 2981 3807 1964 3160 5205 7919 0 0 
58100 1259 2965 3742 2080 3124 5269 7891 0 0 
58200 1229 2971 3770 2184 3066 5319 7915 0 0 
58300 1228 2988 3744 2296 3060 5388 7896 0 0 
58400 1198 3022 3713 2396 3036 5446 7810 0 0 
58500 1179 3037 3790 2395 3040 5522 7679 0 0 
58600 1164 3067 3814 2477 3038 5532 7684 0 0 
58700 1140 3086 3909 2463 3053 5467 7652 0 0 
58800 1141 3175 3922 2477 3066 5384 7656 0 0 
58900 1120 3252 3974 2488 3107 5330 7714 0 0 
59000 1092 3287 4080 2397 3198 5085 7832 0 0 
59100 1078 3427 4146 2313 3283 4903 7804 0 0 
59200 1034 3437 4118 2340 3364 4695 7931 0 0 
59300 1085 3449 4024 2347 3498 4602 7980 0 0 
59400 1056 3448 3939 2412 3596 4575 8026 0 0 
59500 1093 3344 3836 2510 3760 4616 8098 0 0 
59600 1091 3384 3783 2588 3863 4589 8080 0 0 
59700 1129 3329 3668 2623 3965 4589 8127 0 0 
59800 1140 3313 3631 2677 4074 4613 8117 0 0 
59900 1131 3284 3564 2717 4098 4634 8119 0 0 
60000 1140 3211 3408 2736 4203 4727 8208 0 0 
60100 1150 3145 3335 2700 4174 4826 8183 0 0 
60200 1187 3130 3315 2556 4181 4913 8217 0 0 
60300 1210 2998 3247 2381 4202 4999 8276 0 0 
60400 1214 2938 3320 2217 4203 5144 8238 0 0 
60500 1286 2878 3356 2054 4263 5235 8131 0 0 
60600 1227 2809 3404 1911 4295 5333 8188 0 0 
60700 1253 2812 3483 1865 4247 5344 8175 0 0 
60800 1261 2899 3589 1870 4190 5312 8126 0 0 
60900 1298 2947 3799 1804 4163 5221 8021 0 0 
61000 1320 3049 4022 1767 4036 5124 7791 0 0 
61100 1332 3118 4144 1722 3980 4927 7588 0 0 
61200 1345 3166 4388 1674 3916 4691 7359 0 0 
61300 1320 3121 4600 1739 3842 4501 7222 0 0 
61400 1337 3102 4756 1794 3798 4289 7151 0 0 
61500 1360 3043 4934 1792 3828 4070 7161 0 0 
61600 1387 2939 5014 1854 3774 3967 7203 0 0 
61700 1428 2788 4943 1877 3827 3920 7380 0 0 
61800 1427 2574 4880 1945 3860 3846 7591 0 0 
61900 1424 2423 4766 1995 3906 3814 7754 0 0 
62000 1352 2272 4526 2057 3944 3789 7935 0 0 
62100 1324 2178 4351 2140 4029 3873 8135 0 0 
62200 1307 2151 4190 2158 4044 3957 8330 0 0 
62300 1351 2151 4032 2215 4137 3983 8559 0 0 
62400 1351 2161 3918 2229 4168 4034 8792 0 0 
62500 1394 2227 3850 2256 4177 4015 8906 0 0 
62600 1372 2302 3717 2300 4163 3904 8915 0 0 
62700 1285 2392 3659 2259 4083 3971 8958 0 0 
62800 1241 2482 3779 2212 3964 4012 8883 0 0 
62900 1223 2544 3806 2138 3899 4015 8870 0 0 
63000 1199 2599 3895 2016 3827 4000 8808 0 0 
63100 1186 2575 3988 1887 3790 4000 8825 0 0 
63200 1154 2636 4147 1695 3724 3877 8701 0 0 
63300 1178 2639 4307 1632 3679 3799 8708 0 0 
63400 1228 2638 4512 1553 3630 3720 8595 0 0 
63500 1227 2679 4645 1488 3530 3722 8472 0 0 
63600 1245 2649 4780 1460 3473 3680 8372 0 0 
63700 1263 2641 4941 1366 3529 3630 8356 0 0 
63800 1200 2619 5122 1346 3531 3609 8334 0 0 
63900 1199 2603 5226 1323 3571 3431 8335 0 0 
64000 1159 2588 5314 1326 3719 3363 8280 0 0 
64100 1232 2624 5344 1293 3776 3288 8183 0 0 
64200 1310 2669 5371 1320 3857 3190 8073 0 0 
64300 1367 2712 5331 1285 4029 3271 8028 0 0 
64400 1413 2652 5377 1255 4178 3225 8110 0 0 
64500 1452 2604 5350 1261 4317 3181 8114 0 0 
64600 1468 2590 5371 1260 4544 3110 8203 0 0 
64700 1506 2561 5288 1257 4632 3003 8336 0 0 
64800 1582 2475 5155 1261 4664 2942 8560 0 0 
64900 1690 2431 4945 1338 4732 2900 8678 0 0 
65000 1735 2381 4795 1314 4707 2903 8816 0 0 
65100 1795 2420 4591 1394 4703 2946 9033 0 0 
65200 1884 2401 4378 1476 4827 2967 9177 0 0 
65300 1922 2338 4199 1538 4911 2972 9326 0 0 
65400 1968 2295 4055 1529 5013 2946 9485 0 0 
65500 2013 2265 4005 1543 5063 3011 9573 0 0 
65600 1947 2228 4052 1557 5059 3064 9677 0 0 
65700 1884 2257 4162 1556 4873 3096 9603 0 0 
65800 1833 2233 4280 1613 4649 3161 9444 0 0 
65900 1798 2194 4497 1681 4418 3267 9332 0 0 
66000 1771 2154 4608 1689 4202 3279 9191 0 0 
66100 1663 2117 4782 1685 3954 3302 9030 0 0 
66200 1610 2077 4923 1650 3742 3390 8929 0 0 
66300 1620 2152 5094 1561 3503 3414 8961 0 0 
66400 1672 2184 5202 1483 3388 3465 8859 0 0 
66500 1692 2144 5309 1437 3299 3549 8891 0 0 
66600 1686 2127 5354 1427 3213 3573 8874 0 0 
66700 1733 2120 5418 1457 3234 3641 8785 0 0 
66800 1732 2112 5416 1477 3241 3644 8889 0 0 
66900 1778 2099 5343 1560 3243 3583 9032 0 0 
67000 1837 2126 5310 1571 3333 3479 9088 0 0 
67100 1861 2143 5317 1546 3358 3454 8970 0 0 
67200 1953 2228 5336 1588 3434 3480 8864 0 0 
67300 1991 2222 5375 1617 3479 3548 8722 0 0 
67400 1999 2272 5341 1670 3481 3632 8601 0 0 
67500 2016 2275 5347 1659 3514 3655 8420 0 0 
67600 2087 2236 5215 1685 3661 3709 8367 0 0 
67700 2136 2134 5151 1756 3636 3766 8218 0 0 
67800 2192 2103 5132 1769 3629 3819 8029 0 0 
67900 2156 2107 5126 1793 3594 3893 7856 0 0 
68000 2153 2113 5274 1757 3502 3952 7557 0 0 
68100 2084 2213 5439 1790 3420 4054 7247 0 0 
68200 2004 2280 5575 1905 3442 4129 6923 0 0 
68300 1946 2348 5659 1941 3457 4201 6651 0 0 
68400 1891 2407 5767 1995 3494 4212 6367 0 0 
68500 1892 2498 5795 2098 3608 4188 6141 0 0 
68600 1874 2564 5848 2149 3688 4206 5783 0 0 
68700 1879 2656 5832 2124 3828 4074 5608 0 0 
68800 1896 2761 5820 2111 3962 3988 5448 0 0 
68900 1913 2811 5750 2069 4103 3939 5291 0 0 
69000 1970 2876 5699 2103 4231 3884 5356 0 0 
69100 2045 2925 5501 2080 4316 3883 5422 0 0 
69200 2082 2892 5273 2097 4438 3874 5463 0 0 
69300 2209 2973 5011 2085 4527 3832 5491 0 0 
69400 2215 3059 4875 1980 4592 3744 5646 0 0 
69500 2183 3159 4781 1959 4705 3718 5739 0 0 
69600 2135 3260 4710 1922 4672 3620 5871 0 0 
69700 2094 3401 4732 1907 4621 3520 6017 0 0 
69800 2036 3501 4730 1879 4520 3472 6101 0 0 
69900 1974 3660 4793 1855 4319 3346 6185 0 0 
70000 1923 3796 4871 1851 4220 3239 6228 0 0 
70100 1888 3989 4985 1823 4184 3203 6189 0 0 
70200 1817 4130 5128 1760 4178 3076 6112 0 0 
70300 1763 4335 5277 1701 4083 3008 6008 0 0 
70400 1713 4498 5370 1727 4010 2985 5857 0 0 
70500 1642 4694 5486 1708 3953 2920 5772 0 0 
70600 1572 4808 5602 1728 3809 2917 5582 0 0 
70700 1573 4824 5775 1731 3790 2858 5481 0 0 
70800 1553 4853 5842 1667 3779 2814 5449 0 0 
70900 1536 4846 5990 1707 3729 2797 5352 0 0 
71000 1487 4709 6097 1725 3749 2703 5250 0 0 
71100 1482 4749 6039 1688 3803 2624 5156 0 0 
71200 1434 4677 6141 1698 3801 2545 5001 0 0 
71300 1505 4651 6079 1739 3819 2435 4919 0 0 
71400 1604 4590 6145 1677 3857 2426 4911 0 0 
71500 1599 4563 6261 1679 3912 2376 4828 0 0 
71600 1582 4455 6310 1680 3997 2366 4841 0 0 
71700 1601 4529 6270 1597 4101 2373 4897 0 0 
71800 1509 4652 6072 1624 4217 2415 4882 0 0 
71900 1493 4671 5865 1607 4267 2443 4941 0 0 
72000 1472 4775 5491 1584 4241 2459 4947 0 0 
72100 1438 4886 5370 1594 4201 2554 4930 0 0 
72200 1381 4976 5164 1611 4177 2630 4794 0 0 
72300 1421 5118 4966 1609 4139 2620 4736 0 0 
72400 1451 5156 4832 1497 4096 2649 4786 0 0 
72500 1475 5184 4758 1487 4118 2659 4798 0 0 
72600 1454 5170 4752 1488 4032 2643 4914 0 0 
72700 1449 4999 4742 1433 4066 2610 4986 0 0 
72800 1497 4854 4732 1448 4092 2668 5023 0 0 
72900 1531 4611 4661 1450 4162 2660 5139 0 0 
73000 1539 4294 4691 1416 4216 2685 5253 0 0 
73100 1449 4003 4749 1400 4321 2770 5356 0 0 
73200 1464 3724 4885 1382 4409 2786 5473 0 0 
73300 1475 3540 4942 1423 4457 2822 5593 0 0 
73400 1489 3412 4942 1433 4444 2807 5784 0 0 
73500 1549 3339 4973 1459 4424 2775 5840 0 0 
73600 1600 3320 4920 1469 4415 2736 5874 0 0 
73700 1572 3312 5046 1502 4274 2715 5873 0 0 
73800 1491 3209 5233 1534 4196 2711 5853 0 0 
73900 1400 3143 5330 1555 4089 2751 5859 0 0 
74000 1329 3049 5363 1679 4052 2780 5839 0 0 
74100 1315 2903 5400 1772 4004 2878 5825 0 0 
74200 1307 2757 5319 1903 3932 2986 5828 0 0 
74300 1288 2730 5207 1935 3829 3100 5633 0 0 
74400 1262 2784 5191 1950 3828 3101 5391 0 0 
74500 1284 2799 5186 2002 3730 3248 5107 0 0 
74600 1295 2882 5152 2085 3652 3386 4896 0 0 
74700 1323 2934 5119 2154 3672 3455 4822 0 0 
74800 1344 2970 4985 2224 3623 3585 4796 0 0 
74900 1373 2969 4931 2296 3642 3754 4773 0 0 
75000 1411 2961 4914 2270 3683 3858 4794 0 0 
