1 -1 -1 -1 -1 -1 1 1 -1 -1 -1 -1 -1 1 -1 -1 -1 1 1 1 
1 -1 -1 -1 -1 -1 1 -1 1 2 -1 -1 -1 -1 -1 -1 -1 -1 1 -1 
1 -1 -1 -1 -1 -1 2 2 2 -1 -1 -1 -1 -1 -1 -1 -1 -1 -1 1 
1 1 -1 -1 -1 -1 1 2 -1 -1 -1 -1 -1 -1 -1 -1 -1 -1 1 1 
1 -1 -1 -1 -1 1 -1 -1 -1 -1 -1 -1 -1 -1 -1 -1 -1 -1 1 -1 
-1 -1 -1 -1 -1 -1 -1 -1 -1 -1 -1 -1 -1 -1 -1 -1 -1 -1 -1 -1 
-1 -1 -1 1 -1 -1 -1 -1 -1 -1 -1 -1 -1 -1 -1 -1 -1 -1 -1 -1 
-1 -1 1 1 -1 1 -1 -1 -1 -1 -1 -1 -1 -1 -1 -1 -1 -1 -1 -1 
-1 -1 -1 -1 -1 1 -1 -1 -1 -1 -1 -1 -1 -1 -1 -1 -1 -1 -1 -1 
-1 -1 -1 -1 -1 -1 1 1 1 1 -1 -1 -1 -1 -1 -1 -1 1 1 -1 
-1 1 1 -1 -1 -1 -1 1 1 1 -1 1 1 -1 -1 -1 -1 -1 2 1 
-1 1 -1 -1 -1 -1 -1 -1 1 1 -1 -1 1 -1 -1 -1 -1 2 1 -1 
-1 1 -1 -1 -1 -1 -1 -1 1 -1 1 -1 -1 -1 1 -1 1 1 1 1 
-1 -1 1 1 1 -1 -1 1 1 1 -1 -1 1 -1 -1 1 -1 1 1 1 
1 -1 -1 1 1 -1 -1 1 1 1 1 -1 1 -1 -1 1 1 1 1 1 
1 -1 -1 -1 -1 -1 -1 -1 -1 1 -1 -1 -1 1 -1 -1 -1 1 -1 1 
-1 -1 -1 -1 -1 -1 -1 -1 1 -1 1 1 -1 -1 -1 -1 -1 1 1 1 
1 -1 -1 1 1 -1 -1 1 -1 1 -1 1 -1 -1 -1 -1 1 1 1 1 
1 1 1 1 1 -1 -1 -1 -1 -1 -1 -1 -1 1 1 1 -1 1 1 1 
1 1 1 1 1 1 -1 -1 -1 -1 -1 -1 -1 1 -1 1 -1 1 1 1 
1 1 1 1 1 1 1 1 -1 -1 -1 -1 -1 -1 -1 1 -1 -1 -1 1 
1 -1 -1 -1 -1 1 -1 1 -1 -1 -1 -1 -1 -1 -1 1 -1 -1 -1 1 
-1 -1 -1 -1 -1 -1 -1 -1 -1 -1 -1 -1 -1 1 -1 -1 -1 -1 -1 -1 
-1 -1 1 1 -1 -1 -1 -1 -1 -1 -1 -1 -1 1 -1 1 -1 -1 -1 -1 
-1 -1 1 1 -1 -1 -1 -1 -1 -1 -1 -1 -1 1 1 -1 -1 -1 -1 -1 
-1 -1 -1 -1 1 8 -1 -1 -1 -1 -1 -1 1 1 1 1 -1 1 -1 -1 
-1 -1 -1 -1 1 -1 -1 -1 -1 -1 -1 -1 1 1 -1 -1 1 -1 1 -1 
1 -1 1 1 -1 8 -1 -1 -1 -1 -1 -1 -1 -1 -1 -1 -1 -1 -1 -1 
1 -1 1 1 -1 -1 -1 -1 -1 -1 -1 -1 -1 -1 -1 -1 -1 -1 -1 -1 
1 -1 -1 1 -1 -1 -1 -1 -1 -1 -1 -1 -1 -1 -1 -1 1 -1 -1 1 
1 -1 -1 -1 -1 -1 -1 -1 -1 -1 -1 -1 -1 -1 -1 1 -1 -1 1 -1 
1 -1 -1 -1 -1 -1 -1 1 1 -1 -1 -1 -1 -1 -1 -1 1 1 1 1 
-1 -1 -1 -1 -1 -1 -1 -1 -1 -1 -1 -1 -1 -1 -1 -1 1 1 1 -1 
-1 -1 -1 -1 -1 -1 -1 -1 -1 -1 -1 -1 -1 -1 -1 -1 -1 1 -1 -1 
-1 -1 -1 -1 -1 -1 -1 -1 -1 1 -1 -1 -1 -1 -1 -1 1 1 -1 1 
-1 -1 -1 -1 -1 -1 -1 -1 -1 -1 -1 1 -1 1 -1 -1 -1 1 -1 1 
1 -1 -1 -1 -1 -1 -1 -1 -1 -1 -1 -1 1 -1 -1 -1 1 1 1 1 
-1 1 1 -1 -1 -1 -1 -1 -1 -1 -1 -1 -1 -1 -1 -1 -1 -1 1 1 
1 1 1 8 8 -1 1 -1 -1 -1 -1 -1 -1 -1 -1 -1 -1 1 -1 1 
1 -1 1 -1 8 -1 1 1 1 -1 -1 -1 -1 -1 -1 1 -1 -1 1 -1 
1 1 1 1 -1 -1 -1 -1 -1 -1 -1 -1 1 1 1 1 1 -1 1 1 
1 1 1 1 -1 -1 -1 -1 -1 -1 -1 -1 -1 1 1 1 1 1 -1 1 
1 1 -1 1 -1 -1 -1 -1 -1 -1 -1 -1 1 1 1 1 -1 -1 1 1 
1 1 1 -1 -1 -1 -1 -1 1 1 1 -1 -1 1 -1 -1 -1 1 1 1 
1 1 -1 -1 1 1 -1 -1 -1 -1 1 -1 1 1 1 -1 1 -1 1 1 
-1 -1 -1 1 -1 -1 1 -1 -1 1 1 -1 -1 1 1 -1 -1 1 -1 -1 
-1 -1 -1 -1 1 1 -1 1 1 1 1 1 1 1 1 1 1 1 -1 1 
-1 -1 -1 -1 1 1 -1 -1 1 1 -1 1 1 1 1 1 1 1 -1 1 
2 2 -1 -1 1 1 -1 1 -1 -1 -1 -1 -1 1 -1 -1 -1 -1 1 2 
2 -1 -1 -1 -1 1 -1 -1 1 1 1 -1 1 -1 -1 -1 -1 -1 -1 1 
-1 -1 -1 -1 -1 1 -1 -1 -1 1 1 -1 -1 -1 -1 -1 -1 -1 -1 -1 
-1 -1 1 1 1 -1 -1 1 1 1 1 1 -1 -1 -1 -1 -1 -1 -1 -1 
-1 -1 1 -1 1 1 1 -1 -1 1 -1 1 1 -1 -1 -1 -1 -1 -1 -1 
-1 1 1 1 -1 -1 -1 -1 -1 -1 -1 -1 -1 -1 1 1 -1 -1 -1 -1 
-1 1 1 -1 -1 -1 -1 -1 -1 -1 -1 -1 -1 1 -1 -1 -1 1 1 1 
-1 -1 -1 -1 -1 -1 1 -1 -1 -1 -1 -1 1 -1 -1 -1 -1 -1 -1 -1 
-1 -1 -1 1 -1 1 -1 -1 -1 1 -1 -1 -1 -1 1 1 -1 -1 -1 1 
1 1 1 -1 1 1 -1 1 1 1 1 -1 1 1 1 -1 1 -1 1 1 
1 1 1 1 -1 -1 1 -1 -1 -1 1 1 -1 1 1 1 1 1 1 1 
1 1 1 1 -1 -1 1 -1 -1 -1 -1 -1 -1 1 1 1 1 -1 1 1 
2 -1 -1 -1 -1 2 -1 1 1 -1 2 2 2 2 -1 -1 1 1 1 2 
1 -1 -1 -1 -1 -1 2 1 1 1 -1 2 2 1 2 1 1 -1 1 1 
1 1 -1 -1 -1 1 1 -1 1 1 2 2 2 2 -1 2 2 -1 -1 -1 
-1 1 1 -1 -1 -1 1 -1 1 1 -1 -1 -1 2 2 -1 2 1 1 -1 
-1 -1 -1 -1 -1 -1 -1 -1 -1 1 -1 -1 2 2 2 2 2 1 -1 -1 
-1 -1 -1 -1 2 -1 2 -1 2 -1 -1 -1 2 1 -1 2 -1 2 2 2 
1 -1 -1 2 2 2 -1 2 2 2 -1 -1 -1 -1 1 1 2 2 -1 2 
1 1 -1 1 2 2 2 2 -1 -1 -1 -1 2 2 1 -1 2 2 -1 1 
-1 -1 2 -1 2 -1 -1 2 -1 1 -1 -1 -1 2 2 2 -1 2 1 1 
-1 2 2 2 2 -1 2 1 1 1 -1 -1 -1 1 2 2 2 -1 2 2 
-1 2 2 -1 1 1 -1 1 1 -1 -1 -1 -1 2 2 2 2 2 2 2 
2 2 -1 2 1 1 1 1 -1 1 -1 -1 -1 -1 2 2 2 2 -1 -1 
2 2 2 2 1 1 2 1 -1 -1 -1 -1 -1 2 2 2 -1 -1 -1 2 
2 2 2 1 1 1 -1 1 -1 -1 -1 -1 -1 2 2 2 -1 -1 -1 -1 
-1 2 2 2 -1 -1 1 1 1 1 -1 -1 -1 2 2 2 -1 -1 2 -1 
2 2 2 -1 -1 -1 -1 1 1 1 -1 -1 -1 2 1 2 -1 -1 -1 2 
-1 -1 -1 -1 -1 -1 -1 -1 -1 -1 1 2 2 1 -1 1 1 1 1 -1 
-1 -1 -1 -1 -1 -1 2 -1 -1 -1 -1 2 1 1 1 1 1 1 -1 -1 
-1 -1 -1 -1 -1 -1 2 -1 -1 -1 1 1 -1 -1 1 1 1 1 1 1 
1 -1 -1 -1 -1 -1 1 1 1 2 1 1 -1 -1 1 1 1 1 1 2 
2 -1 -1 2 2 -1 2 -1 2 -1 2 2 2 -1 2 8 8 8 2 8 
2 8 8 -1 2 2 -1 2 2 2 2 2 2 2 8 -1 8 8 8 8 
-1 8 -1 2 2 2 2 2 -1 2 2 2 2 -1 8 8 8 -1 8 8 
1 2 8 2 2 2 2 -1 2 2 2 2 -1 2 -1 8 8 8 8 8 
2 2 2 2 2 2 2 -1 -1 -1 2 2 2 2 -1 8 8 -1 8 8 
2 2 -1 2 -1 -1 -1 2 -1 8 2 2 2 -1 2 -1 8 8 2 -1 
2 8 2 1 2 -1 -1 -1 8 2 2 2 8 2 2 -1 8 8 2 2 
1 2 8 1 2 1 2 -1 2 2 2 2 2 8 -1 8 2 2 -1 2 
2 -1 8 1 1 2 2 2 2 2 2 2 2 8 8 8 2 -1 2 1 
2 2 -1 1 2 2 2 -1 2 -1 2 2 2 2 2 2 2 2 2 -1 
2 2 -1 1 1 2 -1 -1 2 2 2 2 2 2 -1 -1 2 2 -1 -1 
2 2 -1 -1 1 1 -1 -1 -1 2 -1 -1 -1 -1 2 2 2 2 -1 -1 
2 2 2 -1 2 -1 2 -1 2 -1 2 2 2 -1 2 -1 2 2 2 2 
2 2 2 2 2 1 2 2 2 2 2 2 2 2 -1 2 2 1 1 2 
-1 2 2 2 2 1 2 -1 2 -1 -1 2 2 2 -1 2 2 2 -1 -1 
2 -1 -1 2 1 2 8 2 2 2 2 2 2 2 2 -1 2 2 2 2 
-1 2 2 2 2 1 8 2 2 2 2 2 2 2 2 2 2 2 2 2 
2 2 2 2 2 1 -1 -1 -1 -1 2 2 2 2 2 2 2 2 2 2 
2 2 2 2 -1 1 1 -1 -1 -1 -1 -1 2 2 2 2 2 2 2 2 
2 2 -1 2 -1 1 -1 -1 2 -1 2 2 2 2 2 2 2 -1 2 -1 
2 2 -1 2 2 2 2 -1 -1 -1 -1 -1 -1 -1 -1 -1 2 -1 -1 -1 
2 2 2 2 2 -1 -1 -1 -1 -1 -1 -1 2 -1 -1 -1 -1 -1 2 2 
2 2 2 2 2 2 -1 -1 -1 1 -1 -1 -1 -1 -1 -1 -1 2 -1 2 
2 2 2 2 2 2 -1 -1 2 2 2 1 -1 -1 -1 -1 2 -1 1 2 
2 2 2 2 2 1 1 2 2 2 1 -1 -1 1 1 2 1 1 2 2 
2 1 2 2 2 1 2 -1 -1 1 -1 1 1 1 -1 1 2 1 1 2 
1 2 2 8 2 2 2 -1 1 1 1 1 1 1 -1 2 2 -1 -1 2 
2 2 2 2 8 2 1 2 2 2 -1 2 1 1 2 2 -1 -1 -1 2 
2 2 -1 -1 -1 1 2 1 2 2 2 1 2 2 2 1 1 -1 2 -1 
2 -1 2 2 2 2 2 2 -1 -1 -1 -1 1 2 1 1 2 1 -1 -1 
-1 -1 -1 1 2 2 -1 2 -1 -1 1 1 1 -1 1 2 1 1 1 -1 
-1 -1 -1 -1 1 -1 2 -1 -1 2 1 -1 -1 1 2 1 -1 1 1 -1 
-1 -1 -1 -1 -1 2 2 2 2 2 8 8 1 1 1 2 2 2 2 -1 
2 -1 -1 -1 1 -1 -1 -1 -1 8 1 1 1 -1 2 -1 2 1 2 2 
2 2 -1 -1 1 -1 -1 -1 -1 -1 8 8 -1 -1 -1 -1 -1 2 1 2 
2 -1 -1 -1 1 -1 -1 -1 -1 -1 8 8 8 -1 -1 -1 -1 -1 2 1 
1 2 1 1 -1 1 -1 -1 -1 -1 8 8 8 -1 -1 -1 -1 -1 -1 -1 
-1 1 1 1 1 1 1 -1 -1 -1 1 8 8 -1 2 -1 -1 -1 2 -1 
2 2 2 2 1 1 -1 1 -1 -1 8 8 -1 -1 -1 2 2 2 2 -1 
2 2 2 2 1 2 2 2 -1 -1 -1 -1 -1 -1 -1 -1 2 2 2 2 
-1 2 6 -1 -1 -1 -1 1 -1 -1 1 -1 -1 -1 1 -1 2 2 2 -1 
1 2 -1 -1 -1 1 1 2 2 -1 2 -1 -1 -1 2 1 -1 1 1 1 
1 1 -1 -1 1 1 1 1 -1 2 -1 -1 -1 -1 1 1 1 1 2 1 
1 -1 -1 -1 1 2 1 1 -1 1 1 -1 -1 -1 -1 1 -1 -1 1 1 
1 -1 -1 1 -1 1 2 -1 -1 1 1 1 -1 2 -1 -1 -1 -1 -1 1 
-1 1 -1 -1 -1 1 1 1 2 -1 1 -1 2 2 -1 -1 -1 1 -1 -1 
-1 -1 2 -1 1 1 1 2 1 1 -1 -1 2 2 2 -1 -1 -1 2 -1 
-1 -1 2 -1 2 1 1 1 1 -1 -1 -1 2 2 -1 2 1 1 -1 2 
-1 2 2 2 2 -1 -1 -1 1 -1 -1 -1 2 2 1 -1 2 -1 -1 2 
-1 -1 2 2 2 2 -1 -1 1 1 -1 2 2 1 -1 -1 -1 -1 -1 -1 
-1 -1 2 2 -1 1 1 -1 1 -1 -1 -1 2 -1 1 -1 -1 -1 -1 -1 
-1 -1 -1 -1 1 1 1 -1 -1 1 -1 -1 -1 -1 -1 1 -1 -1 -1 -1 
-1 -1 -1 -1 -1 1 1 1 1 -1 1 -1 -1 1 1 -1 -1 1 1 -1 
-1 -1 -1 -1 -1 -1 1 -1 1 1 -1 1 -1 -1 1 -1 -1 1 -1 -1 
-1 -1 -1 1 1 1 1 1 1 1 1 -1 -1 -1 -1 -1 1 1 1 -1 
2 2 2 2 1 -1 1 1 -1 -1 -1 1 -1 -1 -1 -1 6 -1 -1 1 
2 2 2 6 -1 -1 -1 1 -1 -1 -1 -1 -1 -1 -1 -1 -1 6 6 1 
6 41 6 2 -1 -1 -1 6 1 -1 8 -1 1 8 -1 -1 6 6 6 1 
6 6 6 -1 -1 2 1 1 1 8 8 1 8 1 -1 -1 -1 6 6 2 
6 6 2 -1 -1 -1 -1 -1 1 8 8 8 1 1 -1 -1 -1 -1 2 6 
-1 -1 1 -1 2 2 -1 -1 1 1 1 1 1 -1 -1 -1 -1 -1 -1 2 
2 2 1 1 2 2 2 2 -1 2 1 1 2 -1 -1 -1 -1 -1 1 1 
2 -1 2 2 2 2 -1 2 -1 -1 2 2 2 1 -1 -1 -1 -1 1 -1 
2 2 -1 2 2 2 2 2 2 1 1 2 2 1 -1 -1 -1 2 2 2 
2 2 -1 -1 2 2 2 1 2 2 -1 -1 1 1 1 -1 -1 2 2 2 
2 2 -1 2 1 2 -1 1 1 -1 -1 -1 -1 1 1 -1 -1 2 -1 2 
2 2 2 -1 -1 1 1 2 1 1 -1 -1 -1 -1 -1 1 1 1 -1 2 
2 2 -1 -1 -1 -1 2 -1 1 2 1 -1 -1 -1 1 1 1 6 2 2 
2 2 2 -1 -1 -1 2 2 -1 1 -1 -1 -1 -1 1 -1 6 2 6 6 
-1 -1 2 -1 -1 -1 -1 -1 1 -1 1 1 -1 -1 -1 1 -1 6 1 6 
1 -1 -1 1 1 -1 -1 -1 1 1 1 1 -1 1 1 1 1 1 6 -1 
-1 1 1 1 -1 -1 -1 1 -1 1 1 1 -1 -1 1 1 -1 6 1 1 
-1 1 1 1 -1 -1 -1 -1 -1 1 -1 1 -1 1 7 6 -1 1 6 6 
-1 1 -1 -1 -1 2 -1 2 1 1 1 -1 -1 1 1 1 6 6 1 6 
1 2 1 -1 2 2 2 2 -1 1 1 -1 -1 -1 1 1 6 6 -1 -1 
-1 2 1 -1 2 -1 2 2 1 2 -1 1 1 -1 6 1 1 1 -1 2 
2 2 -1 1 1 -1 -1 2 2 -1 2 1 -1 1 -1 1 1 -1 -1 -1 
2 2 -1 2 1 1 2 2 2 2 -1 1 1 -1 1 1 -1 1 1 -1 
-1 1 -1 1 1 2 1 2 2 1 1 1 1 1 -1 -1 -1 -1 1 1 
1 -1 1 1 1 1 2 2 -1 2 1 1 -1 1 -1 -1 -1 -1 -1 1 
2 -1 -1 1 -1 -1 -1 1 -1 -1 -1 40 40 2 -1 -1 -1 2 2 2 
2 2 -1 -1 -1 -1 -1 -1 -1 -1 -1 -1 2 2 2 -1 -1 -1 2 -1 
-1 2 2 -1 -1 -1 -1 -1 -1 -1 -1 2 2 2 2 -1 2 2 2 2 
2 2 -1 -1 -1 -1 -1 -1 -1 -1 -1 2 2 2 2 -1 2 -1 2 2 
2 -1 -1 1 -1 -1 -1 -1 2 -1 2 2 2 2 2 -1 2 2 2 2 
2 2 1 1 1 -1 -1 -1 2 2 2 2 2 2 2 2 2 2 2 2 
2 2 -1 -1 -1 1 1 1 6 6 2 2 -1 2 2 2 2 2 2 2 
1 1 1 -1 -1 -1 1 -1 6 6 2 1 6 6 2 2 2 2 2 -1 
-1 1 -1 -1 -1 -1 1 -1 -1 1 1 1 6 6 2 2 2 1 1 1 
-1 -1 -1 -1 -1 -1 -1 -1 -1 -1 6 -1 6 6 6 1 -1 1 -1 -1 
-1 2 -1 -1 -1 -1 -1 6 1 1 6 -1 6 6 -1 6 1 -1 -1 -1 
6 -1 -1 -1 -1 2 -1 6 -1 1 6 6 6 -1 6 6 6 -1 -1 6 
2 2 2 1 2 2 2 1 -1 6 6 -1 -1 6 -1 6 6 2 6 6 
2 2 2 1 1 2 1 2 1 -1 6 6 6 6 6 -1 6 6 -1 2 
1 2 1 1 -1 1 1 -1 2 -1 6 6 2 6 6 6 6 6 2 2 
-1 1 1 1 1 1 -1 2 -1 6 2 2 6 2 6 6 2 2 -1 -1 
-1 1 1 1 1 -1 1 1 2 -1 2 -1 6 6 6 1 6 2 2 -1 
-1 1 1 1 1 1 1 1 -1 1 -1 6 6 6 8 8 8 -1 2 -1 
-1 1 1 1 -1 -1 -1 -1 1 -1 1 -1 6 -1 8 8 8 -1 1 2 
-1 2 2 1 -1 -1 -1 1 -1 1 -1 40 40 40 2 8 -1 -1 2 1 
1 2 2 2 -1 2 2 2 -1 -1 1 32 -1 -1 1 2 -1 1 1 -1 
-1 2 -1 2 2 -1 2 2 1 -1 -1 -1 -1 -1 -1 1 1 1 2 1 
1 1 1 1 2 2 -1 1 -1 -1 -1 1 -1 -1 -1 -1 1 1 2 1 
1 1 -1 1 1 2 2 2 1 1 1 1 1 -1 -1 -1 1 1 1 -1 
1 1 2 1 2 2 2 -1 1 1 1 -1 -1 -1 -1 -1 2 1 -1 1 
-1 1 1 2 -1 2 -1 -1 -1 1 1 3 3 -1 -1 -1 1 1 1 -1 
-1 -1 1 1 -1 -1 2 -1 2 1 1 2 1 -1 -1 1 1 1 1 -1 
1 -1 -1 1 -1 2 -1 2 2 1 2 2 6 -1 6 -1 -1 1 1 1 
1 1 1 -1 -1 -1 3 3 2 1 1 1 6 -1 -1 -1 -1 -1 1 1 
-1 1 1 1 -1 1 2 2 3 -1 3 -1 -1 -1 -1 1 -1 1 1 1 
1 1 1 -1 1 -1 2 2 2 3 3 -1 1 1 -1 -1 1 1 1 -1 
-1 1 1 1 -1 2 2 2 2 2 2 2 2 -1 2 2 1 3 1 1 
2 2 1 -1 2 -1 2 2 2 2 2 2 2 2 2 2 2 3 -1 -1 
2 -1 -1 2 -1 2 2 2 2 2 -1 2 2 2 3 2 2 3 2 2 
2 -1 -1 2 2 2 2 2 2 2 2 2 -1 2 3 3 1 3 2 2 
3 -1 -1 2 -1 2 2 1 2 -1 2 -1 2 2 2 3 1 1 3 3 
1 3 -1 -1 2 2 2 2 2 2 -1 -1 2 2 2 2 2 3 3 8 
-1 -1 -1 2 2 2 2 2 2 2 2 2 2 2 2 2 -1 1 3 -1 
1 1 2 2 -1 2 2 2 -1 2 1 1 2 -1 -1 -1 1 1 2 1 
1 1 2 2 2 2 2 -1 1 1 1 -1 -1 -1 2 2 2 2 -1 -1 
1 -1 -1 -1 -1 2 2 2 1 1 1 1 1 1 -1 2 1 1 1 1 
1 1 -1 -1 2 2 2 -1 -1 -1 -1 1 1 -1 2 1 -1 1 1 1 
1 -1 -1 -1 -1 -1 -1 -1 -1 -1 2 1 2 2 2 -1 -1 1 1 1 
1 1 1 -1 -1 -1 -1 -1 2 2 2 2 2 2 2 2 1 2 1 1 
1 -1 1 -1 -1 -1 -1 -1 -1 -1 2 2 2 2 2 2 1 -1 -1 1 
-1 2 2 -1 -1 -1 -1 -1 -1 -1 2 2 2 -1 1 1 1 -1 -1 1 
2 2 2 -1 -1 -1 2 2 -1 -1 -1 1 1 -1 -1 1 -1 -1 -1 -1 
-1 1 -1 2 2 -1 2 2 -1 -1 -1 1 -1 -1 -1 -1 -1 -1 1 1 
1 -1 -1 -1 2 2 2 -1 -1 2 2 1 1 -1 -1 -1 1 1 1 1 
1 -1 -1 -1 2 2 2 2 2 -1 -1 1 -1 1 1 1 1 1 1 1 
1 -1 2 -1 -1 -1 -1 -1 -1 2 2 -1 1 -1 -1 1 1 -1 1 1 
-1 2 -1 2 -1 -1 -1 -1 -1 -1 2 2 1 -1 1 1 1 1 -1 1 
2 -1 -1 -1 -1 -1 -1 -1 2 2 2 1 -1 1 -1 1 1 1 -1 1 
-1 -1 1 1 2 2 -1 -1 2 2 2 2 2 2 1 1 1 1 1 -1 
-1 -1 1 1 -1 2 -1 2 2 2 2 2 2 -1 -1 1 1 1 1 1 
1 1 -1 -1 -1 2 2 -1 1 2 2 1 1 1 -1 1 -1 1 1 -1 
1 1 -1 1 1 1 2 2 2 1 1 1 1 1 -1 -1 -1 1 1 -1 
-1 1 -1 -1 1 2 2 2 -1 1 1 1 1 1 1 -1 -1 1 -1 -1 
-1 -1 1 -1 -1 -1 2 2 2 -1 1 1 1 1 1 -1 -1 -1 -1 -1 
-1 -1 -1 -1 -1 -1 2 -1 -1 -1 1 1 1 -1 -1 -1 1 1 1 -1 
8 8 8 8 8 8 8 1 8 8 8 8 8 8 8 8 1 1 8 8 
8 8 8 8 8 8 1 -1 8 8 8 8 8 9 8 8 1 8 -1 8 
8 8 8 8 8 8 1 8 8 8 -1 8 8 1 8 -1 8 8 8 -1 
8 8 2 2 2 -1 8 8 8 8 8 8 8 1 8 1 8 8 8 8 
1 1 8 2 1 1 -1 -1 8 8 8 8 1 8 8 8 8 1 1 -1 
1 8 2 -1 -1 1 1 8 8 8 1 1 8 8 8 1 8 -1 2 -1 
1 -1 8 2 8 1 1 1 8 8 1 1 8 8 8 8 -1 2 8 -1 
-1 -1 8 8 8 8 8 1 8 8 -1 2 2 8 8 8 8 2 2 8 
-1 -1 8 8 8 8 1 8 1 1 8 8 8 8 8 8 8 2 8 8 
8 -1 8 8 8 8 8 8 -1 1 1 2 8 1 1 8 1 8 8 8 
8 8 8 8 1 8 8 -1 -1 1 1 2 8 8 8 1 2 1 8 8 
-1 8 2 1 8 8 8 8 -1 -1 1 8 8 8 1 1 8 1 1 2 
2 -1 2 8 -1 8 8 -1 1 -1 -1 2 8 8 -1 -1 1 1 1 2 
2 2 2 -1 -1 8 1 1 1 1 -1 -1 -1 -1 -1 1 1 1 -1 2 
2 2 2 -1 1 -1 1 8 -1 1 1 8 8 8 1 -1 1 1 -1 -1 
2 2 2 -1 -1 -1 1 8 8 8 1 8 8 8 1 -1 1 -1 1 8 
-1 -1 -1 2 2 -1 -1 8 8 1 8 8 -1 8 8 1 8 1 1 8 
8 8 -1 -1 2 2 -1 8 8 1 8 8 8 8 8 -1 8 1 1 8 
8 8 8 8 2 -1 -1 -1 8 8 8 8 8 8 8 8 1 1 8 8 
8 8 8 8 -1 8 -1 8 8 8 8 8 8 8 8 8 1 1 1 1 
8 2 -1 2 8 8 8 2 8 8 8 8 8 2 -1 -1 1 1 -1 1 
8 8 2 2 8 8 8 2 2 -1 -1 8 2 -1 -1 -1 -1 1 1 1 
8 8 -1 1 1 8 2 1 2 8 -1 -1 8 2 -1 -1 -1 1 1 1 
1 -1 1 1 8 2 1 -1 8 8 2 2 1 1 -1 -1 -1 1 8 1 
-1 -1 1 8 8 2 -1 8 8 8 8 2 8 -1 -1 -1 -1 8 8 8 
8 8 8 1 8 8 2 8 8 -1 8 8 8 8 -1 -1 -1 1 8 8 
8 8 8 8 8 -1 8 8 8 2 2 8 8 8 8 8 1 1 1 8 
8 8 8 8 8 8 8 8 8 8 3 1 1 8 8 8 1 1 1 8 
8 8 3 3 8 8 8 8 1 8 1 1 8 8 8 8 1 1 1 8 
1 8 8 8 8 -1 -1 8 8 1 8 1 1 1 8 8 1 1 1 8 
8 8 8 8 8 8 -1 -1 2 8 1 1 1 1 1 1 1 8 -1 1 
8 8 8 8 8 8 8 -1 8 2 8 1 1 1 8 -1 -1 -1 8 8 
8 8 8 -1 8 8 8 2 8 8 8 8 8 8 8 1 8 2 8 8 
8 8 8 8 8 8 2 2 2 8 8 8 -1 8 1 8 8 8 8 8 
8 8 8 8 8 2 2 2 8 2 8 8 3 8 8 8 8 8 8 8 
8 -1 8 2 2 8 8 -1 8 2 8 8 3 8 8 1 8 8 8 8 
8 8 2 2 2 8 8 8 2 8 8 8 8 8 2 1 1 1 1 8 
8 1 2 2 8 2 2 2 8 1 2 8 8 8 -1 1 1 1 8 -1 
1 8 2 2 2 8 2 -1 2 2 8 8 8 8 8 1 -1 1 8 1 
1 1 2 2 2 2 2 2 2 8 8 8 8 -1 1 1 1 8 1 8 
1 8 8 2 8 2 8 9 8 9 1 1 8 2 2 8 8 -1 2 2 
2 2 -1 8 2 8 8 -1 8 1 2 8 8 8 8 1 1 1 2 2 
2 2 -1 -1 8 8 -1 8 8 8 9 2 8 8 8 8 1 1 1 2 
1 2 2 2 8 8 8 8 -1 8 8 8 2 8 8 8 8 1 1 -1 
1 2 8 2 8 8 8 8 2 8 8 -1 8 2 2 1 -1 1 2 -1 
1 -1 8 8 8 8 -1 9 2 8 8 2 2 -1 2 -1 2 1 1 1 
2 8 8 8 8 8 9 8 8 8 2 8 2 2 2 2 1 2 1 1 
8 8 8 8 -1 8 8 8 8 8 8 2 2 2 2 2 8 2 2 -1 
-1 8 8 -1 1 8 8 8 8 8 8 8 2 2 2 2 2 8 8 2 
-1 8 8 1 -1 8 8 8 8 8 8 8 8 2 8 2 2 8 8 2 
8 8 -1 8 8 8 1 8 8 8 8 8 8 8 2 2 2 2 -1 1 
1 8 -1 -1 8 8 8 -1 8 8 8 8 8 8 2 2 2 2 1 8 
8 8 8 8 -1 8 8 1 8 8 8 8 8 2 2 2 2 2 2 1 
2 8 8 8 8 -1 8 9 1 1 2 8 2 2 2 2 2 2 2 2 
8 8 8 9 9 9 8 8 8 8 2 8 8 2 -1 1 2 1 -1 1 
8 8 8 8 8 9 8 8 8 8 8 2 8 2 2 1 1 -1 1 8 
8 8 8 8 8 8 8 8 8 8 9 -1 -1 -1 2 2 -1 1 1 8 
8 1 8 8 8 8 -1 8 8 8 8 9 2 2 -1 -1 -1 -1 -1 -1 
2 1 8 8 1 -1 8 8 40 40 8 -1 2 -1 2 8 -1 2 2 -1 
1 1 8 1 8 8 8 8 8 1 8 8 1 2 2 2 2 2 2 2 
-1 -1 -1 -1 -1 -1 -1 -1 -1 -1 1 1 -1 -1 1 1 1 1 1 1 
1 -1 -1 -1 -1 -1 -1 -1 1 1 1 -1 -1 1 1 1 1 -1 -1 -1 
1 -1 -1 -1 -1 -1 -1 1 1 1 1 -1 1 -1 1 1 -1 1 -1 -1 
1 1 -1 -1 -1 1 1 1 1 -1 -1 8 -1 -1 -1 -1 -1 -1 1 1 
1 -1 1 -1 -1 -1 1 1 8 8 -1 -1 -1 -1 -1 -1 -1 -1 -1 1 
1 1 -1 8 8 8 8 -1 -1 -1 -1 2 -1 -1 -1 -1 -1 -1 1 1 
-1 8 8 1 -1 8 1 1 -1 -1 -1 2 -1 2 2 -1 -1 -1 -1 1 
8 8 1 8 8 8 8 8 1 1 2 2 2 2 2 -1 -1 -1 1 8 
8 1 1 1 8 8 1 1 8 1 2 2 2 2 2 2 -1 -1 1 -1 
8 8 1 1 -1 -1 8 8 8 8 -1 2 2 -1 -1 2 2 2 1 1 
-1 1 1 -1 -1 1 1 8 9 8 2 2 2 2 2 2 2 2 -1 1 
1 1 1 1 8 1 8 8 1 -1 -1 2 2 2 2 2 2 -1 1 1 
1 1 1 1 1 1 1 1 -1 1 2 2 2 2 2 2 2 1 1 1 
1 1 1 1 1 1 8 8 -1 2 2 2 2 1 -1 1 1 1 1 1 
1 1 1 1 1 1 8 8 1 -1 -1 2 -1 2 1 1 1 1 1 1 
1 1 1 1 1 -1 -1 -1 -1 1 -1 -1 2 1 1 1 1 1 -1 1 
1 -1 1 1 1 -1 -1 1 -1 -1 1 1 1 -1 -1 1 1 -1 1 1 
1 -1 -1 1 -1 -1 -1 -1 1 -1 -1 1 1 1 -1 -1 -1 -1 1 -1 
1 -1 -1 1 -1 -1 -1 -1 -1 -1 -1 1 -1 1 -1 1 1 1 1 1 
-1 -1 -1 1 1 -1 -1 -1 -1 -1 1 1 1 -1 1 1 8 -1 -1 1 
-1 8 -1 -1 -1 -1 -1 -1 -1 -1 -1 1 -1 -1 -1 -1 -1 -1 -1 -1 
-1 -1 8 -1 -1 -1 -1 -1 -1 -1 1 -1 -1 -1 -1 -1 -1 -1 -1 -1 
-1 -1 -1 -1 -1 -1 -1 -1 -1 -1 1 -1 -1 -1 1 -1 -1 -1 -1 -1 
-1 -1 -1 -1 -1 1 -1 -1 -1 -1 -1 -1 -1 -1 1 -1 -1 -1 -1 -1 
-1 -1 -1 -1 -1 -1 1 -1 -1 -1 -1 -1 -1 1 1 -1 1 1 1 -1 
-1 -1 -1 -1 -1 -1 -1 -1 -1 -1 -1 -1 -1 -1 -1 1 -1 1 -1 -1 
-1 -1 -1 -1 -1 8 -1 -1 -1 -1 -1 -1 -1 -1 1 -1 1 1 -1 -1 
-1 -1 -1 -1 -1 -1 8 -1 -1 -1 -1 -1 -1 -1 -1 1 -1 -1 -1 -1 
-1 -1 -1 -1 1 1 1 -1 -1 -1 -1 -1 -1 -1 -1 1 -1 -1 -1 -1 
-1 -1 -1 -1 1 -1 -1 -1 -1 -1 -1 -1 -1 1 -1 -1 -1 -1 -1 -1 
-1 -1 -1 -1 -1 -1 -1 -1 -1 -1 -1 -1 1 -1 -1 1 -1 -1 -1 -1 
-1 -1 -1 -1 -1 -1 -1 -1 -1 -1 -1 1 1 1 1 -1 -1 -1 -1 -1 
1 -1 1 -1 -1 -1 -1 -1 -1 -1 -1 -1 1 1 1 -1 1 -1 -1 -1 
-1 1 -1 -1 1 -1 -1 -1 -1 -1 -1 -1 1 1 1 -1 1 -1 -1 -1 
1 -1 1 -1 -1 1 1 -1 -1 8 -1 1 1 -1 1 1 1 -1 1 -1 
1 1 1 1 1 1 -1 -1 -1 -1 -1 -1 -1 -1 1 1 1 1 -1 1 
1 1 -1 1 1 -1 -1 -1 -1 -1 -1 -1 -1 -1 -1 1 1 1 -1 -1 
-1 -1 -1 -1 -1 -1 -1 -1 -1 -1 -1 -1 -1 -1 1 1 -1 -1 -1 1 
1 -1 -1 -1 -1 -1 -1 -1 -1 -1 -1 -1 -1 -1 -1 1 1 -1 -1 -1 
-1 -1 -1 -1 -1 -1 -1 -1 -1 -1 -1 -1 -1 -1 -1 -1 -1 -1 -1 -1 
8 8 1 8 8 1 1 -1 1 -1 3 -1 8 8 8 2 -1 -1 1 -1 
-1 8 8 8 8 1 1 1 -1 -1 -1 -1 -1 1 8 2 -1 1 -1 -1 
-1 -1 8 8 -1 1 1 -1 -1 -1 -1 -1 -1 1 2 2 -1 -1 -1 -1 
-1 -1 8 8 -1 1 1 1 1 1 8 -1 8 1 2 8 8 -1 -1 -1 
-1 -1 8 -1 -1 -1 -1 -1 1 -1 -1 8 8 8 8 8 -1 -1 -1 -1 
-1 -1 -1 -1 -1 -1 -1 -1 -1 -1 8 -1 8 8 8 8 -1 -1 1 -1 
-1 -1 -1 -1 -1 -1 -1 -1 -1 -1 8 -1 8 -1 8 8 -1 -1 1 -1 
-1 -1 -1 -1 -1 -1 -1 -1 -1 -1 -1 8 -1 -1 -1 -1 -1 -1 1 -1 
-1 -1 -1 -1 -1 -1 -1 -1 -1 -1 8 -1 8 8 1 -1 -1 1 1 -1 
1 -1 -1 -1 -1 -1 8 8 -1 40 8 40 40 1 -1 -1 -1 -1 -1 1 
-1 1 -1 -1 -1 1 1 1 40 8 40 -1 -1 -1 1 1 1 1 -1 1 
-1 8 8 -1 -1 8 8 2 2 8 8 8 -1 1 1 1 1 -1 1 1 
-1 -1 8 8 -1 2 1 1 8 2 -1 -1 1 -1 1 1 -1 1 -1 -1 
-1 -1 8 8 8 -1 2 8 8 8 2 1 1 1 -1 1 -1 -1 -1 -1 
-1 -1 -1 -1 -1 2 8 8 8 8 -1 -1 1 -1 -1 -1 1 -1 -1 -1 
-1 -1 -1 1 1 1 8 8 8 -1 -1 -1 -1 -1 -1 -1 -1 -1 -1 -1 
-1 -1 -1 -1 1 1 1 8 8 -1 -1 -1 8 -1 -1 -1 -1 -1 -1 -1 
-1 -1 1 1 1 1 1 8 8 8 -1 8 3 8 -1 -1 -1 -1 -1 -1 
-1 1 -1 -1 -1 1 1 -1 8 -1 -1 3 8 8 8 -1 -1 -1 -1 -1 
-1 -1 8 1 -1 1 -1 1 -1 -1 3 8 8 -1 -1 -1 -1 1 -1 -1 
-1 -1 -1 1 1 1 1 1 1 1 1 1 -1 -1 -1 -1 1 1 1 1 
-1 -1 -1 -1 -1 1 1 1 1 1 1 -1 -1 -1 -1 1 1 1 1 -1 
1 -1 -1 -1 1 1 1 1 1 -1 1 -1 -1 -1 -1 1 1 1 1 1 
-1 -1 -1 -1 -1 -1 1 1 -1 -1 -1 -1 -1 -1 1 1 1 1 -1 -1 
-1 -1 -1 -1 -1 -1 1 1 -1 -1 -1 -1 -1 -1 1 1 1 1 1 -1 
2 -1 -1 -1 1 -1 -1 -1 -1 -1 -1 -1 -1 -1 -1 1 1 1 -1 -1 
-1 2 -1 1 1 -1 -1 -1 -1 -1 -1 -1 -1 -1 -1 1 -1 -1 1 1 
-1 -1 -1 1 -1 -1 -1 -1 -1 -1 -1 -1 -1 -1 -1 -1 -1 -1 -1 -1 
-1 1 -1 -1 1 -1 -1 -1 -1 -1 -1 -1 -1 -1 -1 -1 -1 -1 -1 -1 
-1 -1 1 1 -1 -1 1 -1 -1 -1 -1 -1 -1 -1 -1 -1 -1 -1 1 1 
1 -1 -1 -1 1 1 -1 1 1 1 -1 -1 -1 -1 -1 -1 -1 -1 1 1 
-1 1 1 -1 1 1 1 1 1 -1 -1 -1 -1 -1 -1 -1 -1 -1 -1 1 
1 -1 1 -1 1 1 1 -1 1 1 1 -1 -1 -1 -1 -1 -1 -1 1 1 
8 1 1 -1 1 1 1 1 -1 8 1 -1 -1 -1 -1 -1 -1 1 1 1 
8 -1 -1 1 1 1 1 1 1 8 -1 -1 -1 -1 -1 -1 1 -1 1 1 
-1 -1 -1 -1 1 1 1 1 1 40 1 -1 -1 -1 -1 -1 8 8 8 -1 
-1 1 -1 1 1 1 1 1 1 40 8 -1 -1 -1 -1 -1 8 -1 8 -1 
-1 -1 1 -1 1 1 1 1 -1 40 40 8 8 -1 -1 -1 8 8 -1 -1 
-1 -1 1 1 1 1 -1 1 40 1 1 1 -1 -1 -1 -1 1 -1 1 -1 
-1 -1 1 1 1 1 1 1 1 1 1 -1 -1 -1 -1 1 1 1 -1 1 
1 1 -1 -1 1 -1 -1 -1 8 -1 -1 8 8 8 8 8 -1 -1 -1 1 
-1 -1 -1 -1 -1 -1 1 1 1 8 -1 -1 8 8 8 -1 8 -1 -1 -1 
-1 -1 -1 -1 -1 1 -1 1 -1 2 8 8 8 8 8 8 8 -1 -1 -1 
-1 -1 -1 1 -1 -1 1 -1 -1 2 2 8 8 8 8 8 8 -1 -1 -1 
-1 -1 -1 1 -1 -1 -1 2 2 2 2 8 8 8 8 8 8 -1 8 -1 
-1 -1 -1 -1 1 2 2 -1 -1 2 8 8 8 8 8 8 8 8 -1 -1 
-1 -1 -1 -1 -1 1 2 2 -1 1 1 -1 8 8 8 8 -1 -1 -1 -1 
-1 -1 -1 -1 -1 1 1 2 1 1 1 8 8 8 8 -1 8 -1 -1 -1 
1 1 -1 -1 -1 -1 1 1 2 1 1 2 8 8 8 -1 -1 8 -1 -1 
1 8 1 -1 -1 2 2 1 2 2 1 1 1 -1 8 8 8 8 -1 -1 
-1 1 2 1 2 2 2 2 2 2 -1 -1 1 2 -1 -1 -1 -1 1 1 
1 2 1 -1 -1 -1 2 2 -1 2 -1 -1 2 2 2 -1 -1 -1 -1 -1 
-1 -1 -1 -1 -1 -1 -1 2 -1 -1 2 2 2 2 2 2 -1 -1 -1 -1 
1 -1 -1 -1 -1 -1 -1 -1 -1 -1 -1 -1 -1 2 2 -1 1 1 -1 -1 
8 1 -1 2 -1 -1 -1 -1 -1 -1 -1 2 -1 2 -1 8 1 1 -1 -1 
-1 -1 -1 -1 -1 -1 -1 -1 -1 -1 2 -1 2 8 2 8 8 1 -1 -1 
-1 -1 -1 -1 -1 -1 8 -1 1 -1 -1 -1 2 8 8 8 8 -1 -1 -1 
2 -1 -1 -1 -1 8 8 -1 -1 -1 -1 -1 -1 -1 8 -1 1 -1 -1 -1 
1 1 1 1 -1 -1 8 -1 -1 -1 8 8 2 8 8 -1 1 1 -1 1 
1 1 -1 1 -1 1 -1 -1 -1 -1 -1 8 2 2 8 1 -1 -1 -1 -1 
1 -1 -1 -1 -1 -1 -1 -1 -1 -1 -1 -1 -1 -1 -1 1 1 1 1 1 
-1 -1 -1 -1 -1 -1 -1 -1 -1 -1 -1 -1 -1 1 1 -1 -1 -1 -1 -1 
-1 -1 -1 -1 8 -1 -1 -1 -1 -1 -1 -1 -1 1 -1 -1 -1 -1 -1 -1 
-1 -1 -1 8 8 8 -1 -1 -1 -1 -1 -1 1 1 -1 1 1 -1 -1 -1 
-1 -1 -1 -1 -1 -1 -1 -1 -1 -1 -1 1 -1 -1 1 -1 1 1 -1 -1 
-1 -1 -1 -1 -1 -1 -1 -1 -1 -1 -1 -1 -1 1 1 1 -1 1 -1 -1 
-1 -1 -1 -1 -1 -1 1 1 1 -1 -1 -1 -1 -1 -1 1 -1 -1 -1 -1 
-1 -1 -1 -1 -1 1 1 1 1 1 -1 2 -1 -1 -1 -1 1 -1 -1 -1 
-1 -1 -1 -1 -1 -1 1 1 1 1 2 -1 -1 -1 -1 1 -1 -1 -1 -1 
-1 -1 -1 -1 1 1 -1 -1 -1 2 2 2 -1 -1 1 -1 -1 -1 -1 -1 
-1 -1 -1 1 1 1 1 -1 2 2 2 2 1 1 -1 -1 -1 -1 -1 -1 
-1 -1 -1 1 1 1 -1 1 1 2 2 -1 1 -1 -1 -1 -1 -1 -1 -1 
-1 -1 -1 -1 1 1 1 -1 1 1 -1 -1 -1 -1 -1 -1 -1 -1 -1 1 
1 -1 -1 -1 1 -1 1 -1 -1 -1 -1 -1 -1 -1 -1 -1 -1 -1 -1 1 
1 -1 -1 -1 -1 -1 -1 -1 -1 -1 -1 -1 -1 -1 -1 -1 -1 -1 -1 -1 
-1 -1 -1 -1 -1 -1 -1 -1 -1 -1 -1 -1 -1 -1 -1 -1 -1 -1 -1 -1 
-1 -1 -1 -1 -1 -1 -1 -1 -1 -1 -1 -1 -1 1 -1 -1 -1 1 -1 1 
-1 1 -1 -1 -1 -1 -1 -1 -1 -1 -1 -1 -1 -1 1 1 -1 -1 1 1 
1 -1 -1 -1 -1 -1 -1 -1 -1 -1 -1 -1 -1 -1 -1 1 -1 -1 1 1 
1 -1 -1 -1 -1 -1 -1 -1 1 -1 -1 -1 -1 -1 -1 -1 -1 -1 1 1 
1 -1 -1 -1 -1 -1 -1 -1 -1 -1 -1 -1 -1 1 -1 -1 -1 -1 -1 -1 
1 -1 -1 -1 -1 -1 -1 -1 1 1 -1 -1 -1 1 1 -1 -1 -1 -1 -1 
2 -1 -1 1 1 -1 -1 -1 1 -1 1 -1 -1 -1 1 1 1 -1 -1 -1 
-1 2 2 -1 -1 -1 -1 -1 -1 -1 -1 -1 -1 -1 1 1 1 1 -1 1 
-1 -1 -1 -1 -1 -1 -1 -1 -1 -1 -1 -1 1 1 1 1 1 -1 1 -1 
-1 -1 -1 -1 -1 -1 -1 -1 -1 -1 -1 -1 1 -1 -1 -1 -1 -1 -1 -1 
-1 -1 -1 -1 -1 -1 -1 -1 -1 -1 -1 -1 1 1 -1 -1 -1 -1 -1 -1 
-1 1 1 -1 -1 -1 -1 -1 -1 -1 1 1 -1 -1 -1 -1 -1 -1 -1 -1 
1 1 1 -1 -1 -1 -1 -1 -1 -1 -1 -1 1 -1 -1 -1 -1 -1 -1 -1 
-1 1 1 -1 -1 -1 -1 -1 -1 -1 -1 -1 -1 -1 -1 -1 -1 -1 -1 -1 
-1 1 1 -1 -1 -1 -1 -1 -1 -1 -1 -1 -1 -1 -1 -1 -1 -1 -1 -1 
-1 -1 -1 1 -1 -1 -1 -1 -1 -1 -1 -1 -1 -1 -1 -1 -1 -1 -1 -1 
-1 -1 1 -1 -1 -1 -1 -1 -1 -1 -1 -1 -1 -1 -1 -1 -1 -1 -1 -1 
-1 -1 1 -1 -1 -1 -1 -1 -1 -1 -1 -1 -1 -1 -1 -1 -1 -1 -1 -1 
-1 1 1 -1 -1 -1 -1 -1 -1 -1 -1 -1 -1 -1 -1 -1 -1 -1 -1 -1 
1 -1 1 1 -1 -1 1 -1 -1 -1 -1 -1 -1 -1 -1 -1 -1 -1 1 1 
1 1 -1 -1 -1 -1 1 1 -1 -1 -1 1 -1 -1 -1 -1 -1 -1 1 1 
1 1 1 -1 -1 -1 -1 -1 1 -1 -1 -1 1 -1 -1 -1 -1 -1 -1 1 
1 1 -1 -1 -1 -1 -1 -1 -1 -1 -1 -1 -1 1 -1 -1 -1 -1 -1 1 
1 -1 -1 -1 -1 -1 -1 -1 -1 -1 -1 -1 -1 1 -1 -1 -1 -1 -1 -1 
-1 -1 -1 2 -1 -1 -1 2 2 2 2 2 2 2 1 2 2 2 -1 -1 
-1 -1 -1 -1 -1 -1 -1 2 2 2 2 -1 -1 2 -1 2 2 2 -1 -1 
-1 -1 -1 -1 1 1 1 2 -1 -1 2 -1 -1 -1 1 1 1 -1 -1 -1 
-1 -1 -1 -1 -1 1 2 2 2 -1 2 -1 2 -1 -1 1 1 1 1 1 
1 -1 -1 1 -1 -1 2 2 2 2 -1 2 2 -1 -1 1 1 1 1 1 
1 -1 1 1 -1 -1 2 2 -1 -1 -1 -1 -1 -1 1 1 1 -1 1 1 
-1 -1 1 1 2 2 2 2 2 2 2 -1 -1 -1 1 1 1 -1 1 -1 
-1 1 -1 1 1 1 2 2 2 2 2 -1 -1 -1 1 1 -1 -1 1 -1 
-1 -1 1 -1 1 1 2 2 -1 2 2 -1 2 -1 -1 -1 -1 -1 1 -1 
-1 -1 -1 -1 2 2 -1 2 2 2 2 -1 2 -1 -1 -1 -1 -1 -1 -1 
-1 1 -1 -1 -1 2 2 2 2 2 2 -1 -1 -1 -1 -1 -1 -1 -1 -1 
-1 -1 1 -1 -1 -1 1 1 2 1 1 1 -1 -1 1 -1 -1 -1 -1 -1 
-1 9 -1 1 1 1 1 1 1 1 1 1 -1 1 1 1 -1 -1 -1 -1 
-1 9 -1 1 1 1 -1 1 1 1 1 1 1 1 -1 -1 -1 -1 -1 -1 
-1 -1 2 -1 1 -1 1 1 1 1 1 1 1 1 -1 -1 -1 -1 -1 -1 
-1 -1 -1 2 -1 1 -1 -1 1 -1 -1 1 -1 -1 -1 -1 -1 -1 -1 -1 
9 -1 -1 1 2 2 -1 2 2 4 1 1 -1 2 2 2 -1 -1 -1 9 
-1 1 1 2 -1 2 2 2 2 2 2 2 2 2 2 2 -1 -1 -1 -1 
1 -1 1 2 2 2 2 1 -1 -1 -1 -1 2 2 2 2 2 1 -1 1 
-1 -1 2 2 2 2 1 2 2 2 2 2 2 -1 1 2 2 1 1 1 
2 2 2 -1 -1 -1 -1 -1 -1 -1 -1 1 -1 1 1 -1 2 2 2 -1 
2 3 -1 -1 -1 -1 -1 -1 -1 -1 -1 -1 -1 1 1 -1 2 2 2 2 
2 2 2 -1 -1 -1 -1 -1 -1 -1 -1 -1 1 -1 1 -1 2 2 2 2 
2 2 2 -1 -1 -1 -1 -1 -1 -1 -1 -1 -1 1 1 -1 -1 2 2 2 
2 1 1 -1 -1 -1 -1 -1 -1 -1 -1 -1 1 1 1 1 -1 2 2 2 
2 1 -1 -1 -1 -1 -1 -1 -1 -1 -1 -1 -1 1 1 1 -1 -1 2 2 
-1 2 -1 -1 -1 -1 -1 -1 -1 -1 -1 -1 -1 1 1 1 2 2 -1 2 
2 1 -1 -1 1 -1 8 8 8 -1 -1 -1 1 1 1 1 -1 -1 2 1 
1 1 -1 1 -1 -1 -1 8 -1 -1 -1 -1 -1 1 1 1 -1 2 -1 1 
-1 -1 1 -1 1 -1 -1 -1 -1 -1 -1 -1 -1 -1 -1 1 -1 -1 -1 -1 
-1 1 -1 -1 -1 -1 -1 -1 -1 -1 -1 -1 -1 -1 1 1 1 -1 -1 1 
-1 1 1 -1 -1 1 -1 -1 -1 -1 -1 -1 9 1 1 1 -1 -1 -1 1 
1 1 1 1 1 -1 -1 -1 -1 1 -1 -1 1 -1 1 1 1 -1 -1 -1 
-1 1 1 1 1 1 1 -1 -1 -1 1 1 -1 1 1 -1 2 -1 2 2 
2 -1 1 1 1 1 -1 -1 -1 -1 -1 1 2 2 2 2 2 -1 2 -1 
2 -1 1 1 1 1 -1 -1 -1 -1 -1 -1 1 2 2 2 2 2 2 2 
2 2 -1 1 1 1 -1 1 1 1 1 -1 -1 1 2 2 2 2 2 2 
2 2 2 -1 -1 1 1 -1 -1 1 1 1 -1 1 -1 -1 -1 2 2 2 
2 2 1 2 -1 -1 1 1 -1 -1 -1 -1 1 -1 -1 -1 2 2 2 2 
3 2 2 2 -1 -1 -1 -1 -1 -1 -1 -1 1 1 -1 2 2 2 2 2 
1 1 -1 -1 -1 -1 -1 -1 -1 1 -1 -1 -1 2 -1 2 8 8 8 1 
1 1 -1 -1 -1 -1 -1 -1 -1 1 -1 -1 -1 -1 2 2 8 8 8 1 
1 -1 -1 -1 -1 -1 -1 1 -1 -1 -1 -1 -1 -1 -1 2 2 -1 -1 1 
-1 -1 -1 -1 -1 -1 -1 2 -1 1 -1 1 2 -1 1 -1 2 -1 1 -1 
-1 -1 -1 -1 -1 1 -1 -1 1 -1 1 -1 -1 -1 1 -1 -1 2 -1 -1 
-1 -1 -1 -1 -1 1 1 -1 1 1 -1 -1 -1 -1 -1 -1 -1 -1 -1 -1 
-1 -1 -1 -1 -1 -1 -1 -1 -1 -1 -1 8 -1 -1 -1 -1 -1 -1 -1 -1 
-1 -1 -1 -1 -1 -1 -1 -1 -1 1 1 -1 8 -1 -1 -1 -1 -1 -1 -1 
-1 -1 -1 -1 -1 -1 -1 -1 1 -1 -1 -1 8 -1 -1 -1 -1 -1 -1 -1 
-1 -1 -1 -1 -1 -1 -1 -1 -1 -1 -1 8 8 -1 -1 -1 -1 -1 -1 -1 
-1 -1 -1 -1 -1 -1 -1 -1 -1 -1 -1 -1 -1 -1 -1 1 -1 1 -1 -1 
-1 -1 -1 -1 -1 -1 -1 -1 -1 -1 -1 -1 -1 -1 -1 -1 1 1 -1 1 
-1 -1 -1 -1 -1 2 -1 -1 -1 -1 -1 -1 -1 1 -1 -1 1 1 1 1 
-1 -1 -1 -1 -1 -1 -1 -1 -1 -1 -1 -1 -1 -1 -1 -1 -1 -1 -1 1 
-1 -1 -1 -1 -1 -1 -1 -1 -1 -1 -1 -1 -1 -1 -1 -1 -1 -1 1 1 
-1 1 -1 -1 -1 -1 -1 -1 -1 -1 -1 -1 -1 -1 -1 -1 -1 1 1 -1 
2 1 -1 -1 1 1 1 -1 -1 -1 -1 -1 -1 -1 -1 -1 2 1 1 2 
1 -1 -1 -1 1 1 1 -1 -1 -1 -1 -1 1 -1 -1 -1 -1 2 1 2 
1 2 -1 -1 -1 -1 -1 1 -1 -1 -1 -1 1 -1 -1 8 2 8 2 2 
1 1 2 -1 -1 -1 -1 -1 1 -1 -1 -1 -1 1 1 2 8 2 -1 1 
-1 1 1 1 -1 1 -1 1 -1 -1 2 1 8 8 8 -1 -1 -1 -1 -1 
-1 -1 1 1 -1 -1 1 8 1 8 8 8 8 8 8 -1 -1 -1 8 -1 
-1 1 1 1 -1 -1 8 -1 8 8 8 8 8 8 8 8 8 8 8 8 
-1 2 1 -1 -1 -1 -1 -1 8 8 8 8 8 1 1 8 1 8 8 8 
8 2 -1 -1 -1 1 -1 -1 8 8 8 8 8 -1 1 -1 16 -1 1 1 
1 1 -1 -1 -1 -1 1 -1 8 8 8 1 1 -1 -1 -1 16 1 1 1 
1 1 -1 -1 -1 1 -1 1 -1 8 8 1 1 -1 -1 1 1 1 1 1 
1 -1 -1 1 -1 -1 1 1 -1 1 8 -1 -1 -1 -1 1 1 1 1 1 
-1 -1 1 -1 1 1 1 1 -1 -1 -1 -1 -1 8 8 1 -1 1 1 -1 
-1 -1 1 1 1 1 1 -1 -1 -1 -1 -1 -1 -1 -1 -1 -1 -1 1 -1 
-1 -1 -1 1 1 1 -1 -1 -1 -1 -1 -1 -1 -1 1 8 -1 -1 -1 -1 
-1 -1 -1 -1 -1 -1 -1 -1 -1 -1 1 -1 1 1 1 8 1 -1 -1 1 
1 1 -1 -1 -1 -1 2 -1 -1 -1 1 1 1 1 40 40 8 -1 -1 -1 
1 1 -1 -1 -1 1 2 -1 -1 -1 -1 1 1 1 40 -1 1 -1 -1 -1 
1 -1 -1 -1 -1 -1 1 1 -1 -1 -1 1 -1 -1 -1 1 -1 8 1 1 
-1 1 -1 -1 -1 -1 1 1 -1 -1 -1 -1 -1 -1 1 -1 -1 -1 -1 -1 
-1 -1 -1 -1 -1 -1 2 2 1 -1 1 -1 -1 -1 1 1 -1 -1 -1 -1 
-1 -1 -1 1 -1 -1 -1 1 1 1 1 -1 -1 1 -1 -1 -1 -1 1 -1 
-1 -1 -1 -1 1 -1 1 1 1 -1 -1 -1 -1 -1 1 -1 -1 -1 -1 1 
-1 -1 -1 -1 1 1 -1 1 1 2 1 -1 -1 8 1 -1 -1 -1 1 -1 
-1 -1 1 1 -1 1 1 -1 8 8 -1 8 8 8 -1 8 8 8 -1 -1 
-1 1 -1 -1 -1 -1 -1 -1 -1 1 8 -1 8 8 8 8 8 -1 -1 -1 
-1 -1 -1 -1 -1 -1 -1 -1 -1 1 -1 1 2 2 2 8 8 8 1 -1 
-1 -1 -1 -1 1 1 -1 8 1 -1 -1 -1 -1 -1 2 2 -1 -1 1 8 
-1 -1 8 8 -1 8 8 8 1 32 8 8 -1 2 2 2 2 -1 8 8 
1 8 8 -1 8 8 8 8 32 8 2 -1 2 2 -1 2 2 2 -1 -1 
1 -1 -1 8 8 8 8 8 8 8 8 2 2 -1 2 1 2 2 1 1 
1 -1 1 -1 -1 -1 8 8 -1 8 8 -1 -1 -1 2 2 -1 1 1 1 
-1 1 8 8 -1 -1 -1 -1 8 8 8 8 -1 1 2 -1 2 1 1 1 
-1 -1 8 8 8 -1 -1 -1 8 8 8 8 1 1 1 1 -1 2 1 2 
8 8 8 2 -1 -1 -1 8 2 2 2 -1 8 8 1 2 2 2 2 2 
8 2 8 8 -1 -1 -1 -1 8 8 2 2 2 8 8 8 2 2 -1 2 
2 2 8 -1 8 2 -1 -1 8 8 8 8 8 -1 8 8 8 2 2 2 
2 -1 2 -1 2 2 2 -1 8 8 8 8 8 40 8 8 8 2 2 2 
2 -1 -1 -1 1 2 2 -1 8 8 8 8 8 40 1 8 8 8 -1 2 
-1 -1 1 1 -1 2 2 2 -1 8 8 40 40 1 40 40 8 2 -1 -1 
2 2 1 1 2 2 2 8 8 8 8 8 1 1 40 1 2 8 -1 2 
1 2 -1 1 1 8 8 8 8 8 8 8 8 40 -1 -1 2 8 -1 2 
-1 1 1 1 1 1 8 8 8 8 8 8 40 8 8 8 8 8 1 1 
-1 1 1 1 1 1 1 8 8 8 8 -1 8 40 8 8 8 8 -1 8 
-1 2 8 8 2 2 8 40 8 8 8 2 8 2 8 8 2 8 1 1 
-1 1 8 -1 40 8 40 -1 8 1 8 2 1 2 2 8 1 1 1 1 
2 2 -1 8 8 40 8 8 8 8 2 8 1 1 1 1 1 1 1 -1 
-1 8 8 8 40 8 2 8 8 8 8 -1 8 8 2 1 2 1 1 2 
2 8 8 8 8 8 40 2 2 2 1 8 8 2 2 2 1 -1 1 1 
1 8 8 8 8 1 1 9 8 -1 8 8 2 8 2 1 -1 2 1 1 
1 8 8 40 3 3 1 8 8 8 8 8 8 8 -1 -1 -1 2 1 1 
1 1 40 8 8 1 1 8 8 8 8 8 8 8 -1 -1 -1 -1 1 1 
1 1 1 8 1 1 1 1 8 8 8 8 3 3 -1 3 3 -1 -1 8 
1 1 1 1 1 1 1 8 1 8 8 8 8 3 3 -1 3 3 8 8 
8 1 8 8 1 1 8 1 8 8 8 1 8 3 3 8 8 8 3 8 
8 8 8 1 1 1 8 8 8 8 8 8 8 -1 3 8 8 8 8 8 
40 8 8 8 1 8 8 8 8 8 1 8 8 8 2 2 8 8 8 8 
8 8 8 8 8 8 1 8 8 8 8 8 8 8 2 2 8 8 8 40 
8 -1 8 8 8 8 8 8 8 8 8 8 2 8 2 2 2 8 2 8 
1 8 8 8 8 8 8 8 8 8 8 8 8 8 8 2 8 8 8 -1 
8 2 1 1 8 8 8 8 8 8 8 8 8 8 8 8 8 8 8 8 
2 1 1 8 8 8 8 8 8 8 8 8 8 8 8 8 8 8 1 2 
2 2 8 8 8 8 3 8 8 8 8 8 8 8 -1 2 8 1 2 1 
1 1 8 8 2 8 8 8 8 1 2 8 8 8 2 8 8 8 1 1 
1 8 8 8 8 8 3 3 8 8 8 8 9 8 8 8 8 8 1 1 
1 8 8 8 8 8 8 3 8 3 8 8 8 9 8 8 8 1 8 8 
8 8 8 8 8 8 3 8 8 8 8 8 8 8 8 8 8 8 8 8 
1 8 8 -1 8 3 3 8 8 8 8 8 8 8 8 8 8 8 8 8 
8 8 8 8 8 8 3 8 8 8 8 8 8 8 8 8 -1 1 8 8 
8 8 8 3 8 8 8 8 8 8 8 8 8 8 8 8 1 1 1 8 
8 8 8 8 8 8 8 8 8 8 8 8 8 8 8 8 8 8 8 8 
8 8 8 3 8 3 8 8 8 8 8 8 8 -1 8 9 -1 8 8 8 
1 8 3 8 3 8 8 8 8 8 2 8 8 8 9 9 9 8 8 -1 
8 8 8 3 8 8 8 8 8 8 8 8 8 -1 9 9 9 2 8 2 
2 8 3 8 3 8 8 1 9 8 8 8 8 2 2 9 1 8 2 8 
8 8 8 8 8 8 8 9 1 9 8 8 8 1 9 2 -1 9 2 2 
8 -1 9 8 8 9 8 8 8 8 9 1 1 9 1 9 2 2 2 2 
8 3 8 9 8 8 8 9 8 9 9 8 8 8 8 8 9 2 8 8 
8 8 8 8 8 8 8 8 8 2 9 8 8 2 8 8 2 2 2 8 
8 8 8 8 8 8 8 8 8 8 8 8 8 8 1 1 8 8 8 8 
8 8 8 8 8 8 8 8 8 1 1 8 8 8 1 8 8 8 8 8 
8 8 8 8 8 3 8 8 8 1 1 1 9 8 8 8 8 8 8 8 
8 8 8 8 3 8 3 8 8 1 1 9 -1 8 9 1 8 1 1 8 
8 8 8 8 8 8 3 8 8 8 8 9 9 9 8 8 1 1 1 1 
8 8 8 2 8 1 1 8 8 8 8 8 -1 2 8 8 8 8 8 8 
8 8 8 2 2 1 1 8 8 8 8 8 2 8 8 8 1 8 8 8 
8 8 8 8 1 1 8 8 -1 8 8 8 8 8 8 8 1 8 8 8 
8 8 8 8 8 8 8 8 8 8 8 1 2 1 8 8 2 8 3 8 
8 8 8 8 8 8 8 8 8 8 1 8 1 2 1 2 1 8 3 3 
1 1 8 8 8 8 8 8 8 8 8 8 8 8 8 8 1 8 8 3 
3 1 8 1 1 8 8 1 8 9 9 8 8 8 8 8 8 8 8 3 
1 3 1 1 8 8 9 1 8 1 8 8 8 1 8 8 1 1 1 8 
8 -1 3 1 8 8 9 8 1 40 1 8 8 8 8 8 1 1 1 8 
8 8 8 8 8 8 8 8 40 1 1 8 8 1 8 8 8 1 1 1 
8 8 8 8 1 8 8 8 8 1 1 1 8 1 8 3 1 1 8 8 
8 1 8 8 1 1 8 1 1 8 40 8 1 1 3 3 1 3 1 1 
1 8 8 8 8 1 1 1 8 8 40 1 8 8 8 8 8 3 1 1 
1 8 8 8 8 8 8 8 8 8 40 8 8 8 8 8 8 8 8 1 
8 8 8 8 8 8 8 8 8 8 40 8 8 8 8 1 8 8 8 1 
8 8 8 8 8 8 8 8 8 8 8 8 8 1 8 8 8 1 8 8 
8 8 8 8 8 8 8 8 8 8 8 8 8 8 9 8 8 8 8 8 
8 8 8 8 8 8 8 8 8 8 1 8 8 1 8 8 8 8 8 8 
8 8 8 8 8 8 8 8 1 8 -1 8 8 -1 8 8 8 8 8 8 
8 8 8 8 8 8 8 8 1 8 8 8 1 9 8 8 9 8 8 8 
8 8 8 8 8 1 8 8 8 8 8 40 40 40 40 8 8 6 8 8 
8 8 8 8 8 1 9 8 8 8 8 40 40 40 40 8 8 41 41 8 
8 8 8 8 9 9 9 9 9 8 8 40 40 40 40 8 8 8 8 8 
8 8 8 8 8 9 9 1 40 8 8 40 40 40 40 8 -1 8 8 40 
40 8 8 8 8 -1 40 1 -1 40 40 40 40 40 40 8 8 8 8 8 
40 8 8 8 8 8 1 1 40 40 40 40 40 40 40 8 8 8 8 8 
8 40 8 8 8 8 8 1 40 6 40 40 40 40 40 8 8 8 8 8 
40 8 40 8 8 8 40 40 40 -1 6 6 40 40 8 8 -1 8 8 8 
8 8 8 8 8 8 8 40 40 40 6 6 6 6 8 8 8 8 8 1 
8 1 8 8 8 8 8 8 40 6 6 6 6 6 6 8 8 8 8 8 
8 8 1 1 8 -1 8 8 6 6 6 8 6 6 6 8 8 8 8 -1 
8 8 8 8 8 8 8 8 6 8 8 1 8 8 8 8 8 8 8 8 
8 8 8 8 8 8 8 8 9 8 8 1 1 8 8 8 8 8 8 8 
8 8 8 -1 -1 -1 -1 8 8 8 8 8 8 8 8 8 8 8 8 8 
8 8 8 8 -1 40 -1 2 8 8 8 8 8 8 8 8 8 8 8 8 
-1 -1 -1 8 8 3 40 3 2 8 8 8 8 1 1 1 8 8 8 8 
8 8 8 -1 8 8 3 3 8 8 8 8 8 1 8 40 40 8 8 8 
8 1 8 8 8 3 3 3 8 40 40 40 1 8 8 40 40 6 6 8 
1 1 -1 8 3 3 8 8 40 40 40 -1 -1 8 8 8 6 6 8 8 
8 1 8 8 8 8 8 9 40 8 8 6 40 8 6 6 8 8 6 8 
1 8 8 -1 1 3 3 40 40 40 40 8 40 8 8 8 8 8 -1 8 
-1 -1 8 8 40 40 40 40 40 40 40 40 40 40 8 8 8 8 8 8 
8 8 8 8 -1 32 40 40 40 40 40 40 40 40 8 8 8 8 8 8 
8 8 8 -1 -1 40 40 40 40 40 40 40 8 8 40 8 8 8 8 8 
10 8 8 8 -1 40 40 40 40 40 40 40 40 8 8 8 8 8 8 8 
8 10 40 8 -1 -1 40 40 1 40 40 40 8 2 8 10 10 8 8 8 
8 10 8 40 40 40 40 40 40 -1 -1 -1 -1 8 2 8 8 8 8 8 
10 8 8 40 40 40 40 40 40 -1 -1 8 8 8 2 8 8 8 10 8 
8 8 8 8 40 40 40 -1 40 -1 -1 8 8 2 8 8 8 8 -1 8 
-1 -1 -1 8 40 40 40 40 2 -1 -1 8 8 8 8 8 8 8 -1 8 
8 -1 8 3 40 40 2 -1 -1 2 -1 -1 8 8 8 8 8 8 8 1 
8 8 -1 8 1 40 -1 2 2 8 8 8 8 8 8 8 8 8 8 8 
8 8 8 8 40 1 -1 2 2 8 8 8 8 8 8 8 8 8 8 8 
8 8 8 8 8 8 2 2 2 8 1 -1 8 8 1 8 8 -1 8 8 
8 8 8 8 2 2 2 2 2 2 2 8 8 8 1 8 8 8 8 8 
8 8 8 8 8 -1 2 2 2 1 2 8 8 8 8 8 8 8 8 8 
8 8 8 8 8 2 2 3 2 2 1 1 8 8 8 8 8 8 8 8 
8 8 8 8 3 3 8 8 3 1 8 8 40 8 8 8 8 -1 8 8 
8 8 8 3 3 8 3 3 1 1 1 8 40 8 1 -1 8 8 8 8 
-1 8 8 1 1 3 8 40 40 -1 8 8 8 40 1 8 8 8 8 8 
-1 -1 -1 -1 8 -1 8 8 8 1 -1 8 -1 8 -1 8 8 1 1 8 
-1 -1 -1 -1 1 -1 8 8 8 -1 8 1 8 8 8 8 -1 1 1 1 
-1 -1 -1 1 1 1 8 1 -1 8 -1 1 -1 -1 -1 8 -1 1 1 -1 
8 8 -1 -1 1 1 -1 -1 -1 -1 -1 -1 -1 -1 -1 -1 8 -1 -1 -1 
-1 8 1 1 1 -1 -1 1 40 40 1 1 -1 -1 -1 40 -1 -1 8 8 
40 8 8 1 1 8 8 8 1 40 1 -1 -1 1 40 40 41 40 -1 40 
-1 8 8 8 8 1 8 8 8 8 8 40 40 40 40 40 41 40 40 -1 
-1 8 8 -1 1 1 8 8 2 8 2 8 40 40 40 40 40 -1 8 8 
8 8 -1 1 1 8 2 8 8 2 -1 -1 -1 -1 40 40 40 40 8 8 
8 3 3 1 1 1 2 -1 8 8 8 8 -1 40 40 40 40 40 8 8 
3 2 2 3 1 1 3 3 8 3 -1 8 8 8 40 40 40 40 40 8 
2 -1 3 -1 8 3 8 3 3 3 8 8 8 -1 8 -1 8 8 8 3 
8 8 -1 1 1 8 8 3 3 -1 3 8 -1 8 8 8 8 8 8 40 
8 8 8 10 1 40 -1 8 8 3 -1 -1 -1 -1 1 8 8 -1 8 8 
40 40 40 40 40 40 40 -1 8 -1 -1 -1 -1 1 1 1 1 8 8 8 
8 40 8 40 40 40 40 8 -1 -1 -1 -1 -1 8 1 1 -1 8 8 8 
8 40 40 -1 -1 8 8 8 8 8 -1 -1 -1 -1 8 8 8 8 -1 8 
40 40 8 40 8 8 8 8 8 8 -1 -1 -1 -1 8 8 8 8 8 8 
8 -1 40 -1 40 8 8 -1 8 8 8 -1 -1 -1 8 -1 8 8 8 -1 
-1 -1 -1 40 -1 8 -1 1 1 1 8 8 8 -1 8 1 1 -1 8 8 
8 -1 -1 8 -1 1 -1 8 -1 2 6 -1 -1 -1 8 8 8 8 8 8 
8 -1 -1 -1 -1 -1 -1 -1 -1 6 -1 8 -1 8 8 1 8 8 8 8 
8 -1 -1 -1 8 -1 -1 -1 6 6 2 -1 8 8 1 1 1 8 8 8 
8 -1 8 8 -1 1 1 -1 -1 -1 -1 -1 8 8 -1 1 8 8 8 8 
-1 -1 8 8 8 1 1 -1 -1 -1 -1 8 8 8 1 8 -1 8 8 8 
1 1 1 8 1 1 1 -1 -1 -1 -1 -1 8 8 8 8 8 1 1 -1 
1 -1 1 1 1 1 -1 -1 -1 -1 -1 -1 -1 8 8 8 8 1 -1 1 
1 1 8 8 -1 8 1 -1 -1 1 -1 -1 -1 -1 -1 8 -1 1 1 1 
8 -1 1 1 8 1 -1 -1 1 1 1 1 1 -1 -1 1 1 1 1 1 
8 -1 1 -1 1 1 -1 -1 -1 1 1 1 -1 -1 -1 -1 1 1 1 1 
-1 1 1 1 1 -1 -1 -1 -1 -1 1 -1 -1 -1 1 -1 1 1 1 1 
1 -1 -1 1 -1 40 40 -1 -1 -1 1 1 8 -1 -1 -1 1 1 1 1 
-1 -1 -1 -1 -1 -1 -1 -1 8 40 -1 -1 8 8 -1 -1 -1 -1 -1 1 
-1 -1 -1 -1 -1 -1 -1 8 8 -1 -1 -1 -1 -1 -1 -1 -1 -1 -1 -1 
-1 -1 -1 -1 -1 -1 -1 -1 8 8 8 8 8 -1 -1 -1 -1 -1 -1 -1 
-1 -1 -1 -1 -1 -1 8 -1 8 8 8 8 8 -1 -1 -1 -1 -1 -1 -1 
-1 1 -1 -1 -1 8 -1 40 8 8 8 8 8 8 -1 -1 -1 8 -1 8 
1 -1 -1 -1 -1 1 8 40 8 8 -1 -1 8 -1 -1 -1 -1 -1 8 8 
-1 -1 -1 -1 -1 -1 40 8 8 -1 -1 -1 8 8 8 -1 -1 -1 8 8 
8 -1 -1 -1 -1 -1 1 8 8 2 -1 -1 -1 -1 8 8 8 8 8 8 
1 1 -1 -1 1 1 -1 1 -1 -1 -1 -1 -1 -1 -1 -1 -1 -1 -1 -1 
-1 -1 1 1 -1 8 8 -1 1 1 -1 -1 -1 -1 -1 -1 -1 -1 -1 -1 
-1 -1 1 2 8 8 -1 1 1 1 -1 -1 -1 -1 -1 -1 -1 -1 -1 -1 
-1 2 2 8 8 8 -1 -1 -1 -1 1 -1 -1 -1 1 -1 -1 -1 1 -1 
-1 2 2 -1 -1 -1 -1 -1 -1 1 1 1 -1 1 1 1 -1 1 1 -1 
1 1 2 -1 -1 1 -1 -1 1 -1 1 1 1 1 -1 -1 -1 1 1 -1 
-1 1 1 1 -1 1 -1 -1 1 1 1 1 1 1 1 1 1 1 -1 1 
1 1 1 -1 1 1 -1 -1 -1 1 -1 1 1 1 1 1 -1 -1 -1 1 
1 1 1 1 -1 -1 -1 -1 -1 -1 1 1 -1 -1 1 -1 -1 1 1 -1 
1 -1 -1 -1 -1 -1 -1 -1 -1 1 -1 1 -1 1 1 -1 -1 1 1 1 
1 1 1 -1 -1 -1 -1 -1 -1 -1 1 1 -1 -1 1 1 1 1 1 1 
8 1 -1 -1 -1 -1 -1 1 -1 -1 -1 -1 1 -1 8 1 1 1 1 1 
1 -1 -1 -1 -1 -1 1 1 -1 -1 -1 1 1 -1 1 1 1 8 8 8 
-1 -1 -1 -1 -1 -1 -1 1 -1 -1 -1 1 1 1 8 8 1 8 8 -1 
-1 1 1 -1 -1 -1 -1 -1 1 -1 -1 1 8 1 8 8 8 8 2 -1 
-1 1 -1 1 -1 -1 -1 -1 -1 -1 -1 1 1 8 8 8 8 8 -1 1 
1 1 1 1 1 -1 -1 -1 -1 -1 -1 -1 1 8 -1 -1 8 8 1 -1 
1 1 1 1 -1 1 1 -1 -1 -1 -1 1 1 -1 -1 -1 1 1 1 1 
1 1 -1 1 -1 1 1 1 -1 -1 -1 -1 -1 -1 -1 -1 1 1 1 1 
1 -1 1 -1 1 -1 -1 -1 -1 -1 -1 -1 -1 -1 -1 -1 -1 1 1 -1 
-1 -1 -1 8 8 8 8 8 -1 1 1 -1 -1 1 1 1 1 1 1 -1 
-1 -1 1 1 8 8 8 8 8 -1 -1 -1 -1 1 1 1 1 1 -1 1 
-1 -1 1 -1 8 8 8 8 -1 -1 -1 -1 -1 -1 -1 1 1 1 -1 -1 
-1 1 1 8 8 8 8 -1 8 8 2 2 -1 -1 1 1 1 1 1 -1 
1 -1 1 8 -1 8 8 8 -1 -1 -1 -1 -1 -1 -1 8 8 1 1 1 
1 -1 8 -1 -1 -1 -1 8 -1 -1 -1 8 8 8 8 8 8 8 -1 1 
1 8 8 -1 -1 -1 -1 -1 -1 -1 -1 -1 8 8 8 8 8 -1 8 -1 
-1 8 8 8 -1 -1 -1 -1 -1 -1 -1 -1 8 -1 8 -1 -1 -1 -1 -1 
-1 8 8 1 8 -1 -1 -1 -1 -1 -1 -1 -1 8 -1 -1 -1 1 -1 -1 
-1 -1 8 1 1 -1 8 -1 -1 -1 -1 -1 -1 8 -1 -1 -1 -1 1 -1 
-1 -1 8 -1 -1 -1 8 -1 -1 -1 -1 -1 -1 -1 -1 -1 -1 -1 -1 -1 
-1 -1 -1 -1 -1 -1 -1 -1 -1 -1 -1 -1 -1 -1 -1 1 -1 -1 -1 -1 
-1 -1 -1 -1 -1 -1 -1 8 8 8 -1 -1 -1 -1 1 -1 -1 -1 -1 -1 
1 -1 -1 -1 -1 -1 -1 8 8 8 8 -1 -1 -1 1 1 -1 -1 -1 1 
1 -1 -1 -1 -1 -1 -1 -1 8 8 -1 1 -1 1 1 -1 -1 -1 -1 1 
-1 -1 -1 8 -1 -1 -1 -1 8 8 -1 -1 1 -1 -1 -1 -1 -1 1 1 
1 -1 8 8 1 -1 -1 -1 -1 -1 -1 -1 -1 -1 -1 -1 -1 -1 -1 1 
-1 9 9 8 -1 -1 -1 8 8 -1 -1 -1 -1 -1 -1 1 1 -1 1 -1 
-1 9 8 8 -1 8 8 8 8 -1 -1 -1 -1 1 1 -1 1 -1 -1 -1 
-1 8 8 8 8 8 8 8 8 -1 -1 -1 -1 1 1 1 1 -1 -1 -1 
8 8 8 8 8 1 8 8 1 8 8 8 8 8 8 8 8 8 8 8 
8 8 8 1 1 8 8 8 9 9 8 8 8 8 9 2 8 8 8 8 
2 2 2 8 1 8 8 8 8 8 8 8 8 9 8 8 8 8 8 8 
2 8 2 8 8 8 8 8 9 9 9 1 8 8 8 8 2 8 8 2 
2 2 2 8 8 8 9 8 8 -1 -1 8 8 8 8 2 8 8 8 2 
2 2 8 8 8 8 9 8 -1 8 8 1 9 1 8 8 8 9 8 2 
8 8 8 1 1 8 9 8 -1 -1 9 -1 1 8 8 8 8 9 2 8 
8 8 8 8 1 8 8 8 8 1 2 1 1 8 8 8 -1 8 -1 8 
2 2 2 8 8 8 8 8 8 2 1 40 8 8 8 8 8 8 8 8 
2 -1 8 8 8 8 8 8 8 8 8 -1 8 8 8 8 8 -1 8 8 
-1 8 8 8 8 8 8 8 8 8 8 8 8 8 8 8 8 8 8 8 
8 8 8 8 8 8 8 8 8 -1 8 8 8 8 8 8 8 8 8 8 
8 8 -1 8 8 8 8 8 8 8 8 8 8 8 8 8 1 8 8 -1 
8 8 8 8 8 8 8 8 8 8 8 8 8 8 8 8 1 -1 8 8 
8 8 8 8 8 8 8 8 -1 8 8 8 8 8 8 1 8 -1 8 8 
8 8 8 8 8 8 8 8 8 8 8 8 40 8 9 8 8 8 8 8 
-1 -1 8 -1 -1 8 8 8 1 8 1 1 8 8 8 9 8 -1 8 8 
-1 8 1 1 8 -1 8 8 8 8 -1 8 8 8 8 8 -1 8 8 8 
8 8 8 8 8 9 8 8 8 1 1 8 8 8 8 8 8 8 8 8 
8 8 8 8 8 8 8 1 1 8 8 8 8 8 8 8 8 8 8 8 
-1 -1 8 8 8 8 8 -1 -1 1 8 8 8 8 -1 1 1 -1 1 1 
1 1 -1 8 -1 8 8 8 1 1 8 8 8 8 -1 -1 -1 1 1 1 
-1 -1 -1 8 -1 -1 -1 1 1 -1 8 8 8 8 8 -1 -1 -1 -1 1 
-1 -1 -1 -1 -1 -1 -1 1 1 -1 -1 -1 8 8 8 -1 -1 -1 1 -1 
-1 -1 -1 -1 -1 -1 -1 1 1 2 1 1 1 -1 -1 -1 -1 -1 1 -1 
-1 -1 -1 -1 -1 -1 -1 -1 1 -1 1 1 1 -1 -1 -1 2 1 1 -1 
-1 -1 -1 1 -1 -1 -1 -1 8 1 -1 -1 1 2 -1 -1 -1 2 1 -1 
-1 -1 -1 1 -1 8 -1 8 8 8 -1 -1 -1 2 2 2 2 2 -1 -1 
-1 -1 8 8 8 8 8 8 8 8 -1 -1 2 2 2 2 2 -1 8 -1 
-1 -1 -1 8 8 8 8 8 8 1 1 1 2 2 2 -1 -1 1 8 8 
-1 -1 -1 8 8 8 8 8 -1 1 1 1 2 2 2 -1 -1 1 8 8 
-1 -1 -1 -1 8 8 8 8 8 8 5 2 -1 1 -1 -1 -1 -1 8 -1 
-1 -1 -1 -1 8 8 8 8 8 8 8 -1 -1 -1 -1 -1 -1 -1 -1 -1 
-1 -1 -1 8 8 8 8 8 9 8 8 8 -1 -1 8 -1 -1 -1 -1 -1 
8 -1 -1 8 8 8 8 8 9 1 8 9 1 1 8 8 8 8 -1 8 
8 -1 1 -1 8 8 8 8 1 8 9 8 8 1 1 8 1 1 8 -1 
-1 8 1 1 8 8 9 8 8 8 8 8 1 8 1 1 9 1 8 8 
-1 1 -1 -1 8 8 9 9 8 8 -1 1 8 8 8 1 9 8 8 1 
1 1 -1 8 8 8 8 8 8 8 8 1 8 1 1 8 -1 -1 -1 -1 
-1 8 8 8 8 8 8 8 8 8 8 8 1 1 8 -1 -1 -1 1 1 
-1 -1 -1 -1 -1 1 1 1 -1 1 -1 -1 -1 -1 -1 -1 -1 -1 -1 -1 
-1 -1 -1 -1 1 1 1 1 -1 1 1 -1 -1 -1 -1 -1 -1 -1 -1 -1 
1 -1 -1 -1 1 1 8 -1 8 1 -1 -1 -1 -1 -1 -1 -1 -1 -1 -1 
1 -1 -1 -1 8 8 1 1 -1 -1 -1 1 -1 -1 -1 -1 -1 -1 -1 -1 
-1 -1 -1 -1 1 8 8 1 1 1 1 1 1 -1 -1 1 1 1 1 -1 
-1 -1 1 1 1 8 1 8 1 1 -1 1 1 1 -1 -1 1 -1 1 -1 
-1 1 1 1 1 1 8 1 8 1 1 -1 1 1 -1 -1 -1 -1 -1 -1 
1 1 1 1 1 1 1 1 1 1 1 1 1 1 -1 -1 1 -1 -1 -1 
1 -1 -1 -1 1 1 1 1 8 -1 1 1 1 -1 -1 1 1 -1 -1 -1 
-1 -1 -1 -1 -1 -1 1 -1 1 8 8 8 -1 -1 -1 1 1 1 1 1 
-1 -1 -1 -1 -1 -1 -1 1 -1 1 8 8 8 -1 1 1 1 1 1 -1 
-1 -1 -1 1 1 -1 -1 1 1 1 1 8 8 -1 -1 -1 -1 1 -1 -1 
1 -1 -1 1 1 1 -1 1 1 1 8 8 8 -1 1 1 -1 -1 -1 8 
8 -1 1 1 1 -1 1 1 1 -1 -1 -1 1 -1 -1 1 -1 -1 8 8 
-1 8 -1 1 1 1 -1 1 1 1 1 -1 -1 1 1 -1 -1 -1 -1 8 
8 -1 -1 -1 -1 -1 -1 -1 1 1 1 1 -1 1 1 -1 -1 -1 -1 -1 
1 -1 1 1 -1 1 -1 1 -1 -1 1 -1 1 1 -1 1 -1 -1 1 -1 
-1 1 1 -1 1 1 1 1 -1 -1 1 1 1 1 -1 -1 -1 -1 -1 1 
-1 1 -1 1 1 1 1 1 -1 -1 1 1 1 -1 -1 -1 -1 -1 -1 -1 
-1 -1 -1 -1 1 -1 1 1 1 -1 -1 -1 -1 -1 -1 -1 -1 -1 -1 -1 
1 -1 1 1 1 1 1 1 1 1 1 1 1 -1 -1 -1 1 1 1 1 
1 1 1 1 1 -1 -1 8 8 8 8 -1 2 2 -1 1 1 -1 1 -1 
-1 1 1 1 1 -1 -1 -1 -1 8 2 -1 2 2 2 -1 1 -1 8 1 
1 1 -1 -1 1 1 2 2 2 2 2 2 2 -1 -1 -1 -1 40 40 6 
1 -1 2 -1 1 2 -1 2 2 2 -1 2 2 -1 6 -1 6 40 6 1 
1 -1 1 2 2 -1 2 2 2 -1 2 -1 2 2 -1 6 6 6 1 1 
1 1 -1 2 -1 1 1 2 1 1 2 2 2 -1 -1 1 -1 6 1 1 
1 1 -1 -1 2 -1 2 2 2 2 2 1 2 8 8 1 6 1 -1 1 
1 -1 -1 -1 -1 -1 2 2 2 1 1 2 2 8 8 8 1 1 1 1 
1 1 1 1 1 1 -1 -1 1 -1 1 2 8 8 8 1 8 8 -1 -1 
-1 2 1 1 1 -1 -1 1 1 1 -1 -1 8 8 8 8 8 2 2 -1 
2 1 1 1 1 -1 -1 1 1 1 -1 -1 8 8 8 2 2 2 -1 2 
1 1 1 -1 -1 -1 -1 1 -1 -1 -1 -1 -1 2 2 2 2 -1 2 2 
1 1 1 -1 1 -1 -1 -1 -1 -1 8 -1 2 2 2 2 2 2 2 2 
-1 -1 1 -1 1 1 -1 1 -1 1 -1 8 -1 2 2 2 2 -1 2 2 
-1 -1 1 -1 -1 1 -1 1 1 -1 -1 -1 -1 -1 1 2 1 -1 2 2 
1 -1 -1 -1 1 1 1 1 1 1 1 1 -1 1 1 -1 1 1 -1 -1 
1 1 -1 -1 -1 -1 1 1 1 1 1 1 -1 1 1 1 -1 1 1 1 
1 1 1 -1 1 1 1 1 1 3 1 1 -1 1 -1 1 -1 1 1 1 
1 1 1 1 1 1 1 1 1 1 1 1 -1 -1 -1 1 1 1 1 1 
6 6 6 8 8 8 8 8 1 8 1 8 8 2 2 2 6 6 -1 6 
6 8 6 8 6 8 8 -1 8 8 1 -1 8 8 -1 -1 6 -1 6 6 
8 6 8 8 8 8 -1 -1 8 1 1 1 8 -1 1 -1 2 -1 1 8 
-1 6 8 8 8 8 -1 8 1 8 8 1 1 1 1 2 -1 2 -1 2 
-1 -1 2 8 -1 -1 1 -1 8 -1 8 8 8 1 1 -1 2 2 2 -1 
-1 -1 2 -1 -1 -1 8 8 8 1 40 8 -1 8 -1 4 -1 -1 1 2 
1 -1 2 2 -1 8 8 8 8 40 -1 -1 -1 -1 1 -1 1 1 1 1 
1 1 8 -1 2 8 8 8 8 40 8 8 8 9 -1 -1 -1 1 1 1 
1 1 2 2 8 8 8 8 8 -1 8 -1 8 8 8 -1 -1 1 1 1 
1 8 8 8 8 8 8 8 8 9 -1 8 8 8 8 -1 -1 -1 1 1 
-1 1 1 8 1 8 8 8 8 8 8 -1 8 8 8 -1 -1 1 -1 1 
1 8 8 8 8 8 8 8 9 8 8 8 8 6 8 -1 1 1 1 1 
8 8 8 8 8 8 8 8 8 8 8 8 6 8 8 8 -1 1 8 8 
8 8 40 8 8 8 8 8 8 8 8 8 8 8 8 -1 8 8 4 -1 
8 8 8 8 8 8 2 8 8 8 8 8 8 8 8 8 8 8 8 8 
8 8 8 8 8 1 2 8 8 1 8 8 8 8 8 8 8 8 8 -1 
6 6 8 8 8 1 1 2 1 8 8 8 8 8 8 8 8 6 8 8 
6 8 8 8 1 1 1 1 8 8 1 8 8 8 8 8 2 6 41 8 
8 8 1 1 1 1 1 1 8 1 1 8 8 8 8 2 2 -1 6 41 
8 6 6 1 1 8 8 8 8 1 1 8 8 8 2 2 6 6 6 8 
4 4 4 4 4 4 -1 -1 -1 6 -1 6 6 -1 -1 -1 1 2 4 4 
4 4 -1 4 4 4 40 4 -1 -1 6 6 1 -1 -1 -1 2 4 4 4 
4 4 4 4 4 4 40 4 -1 -1 -1 1 6 -1 -1 -1 -1 -1 4 4 
4 4 4 -1 4 4 4 4 -1 8 8 -1 1 1 -1 -1 -1 1 4 4 
4 4 -1 4 4 4 -1 4 4 -1 -1 -1 -1 1 1 1 1 -1 4 4 
-1 4 -1 4 4 2 -1 4 -1 -1 -1 -1 -1 2 -1 1 1 1 4 4 
2 2 4 4 2 2 4 4 2 -1 -1 -1 2 -1 2 2 2 2 2 2 
2 2 2 4 4 4 4 -1 -1 -1 -1 2 2 2 2 2 2 2 2 2 
2 2 2 -1 8 4 4 -1 -1 -1 -1 -1 2 -1 -1 -1 2 2 2 2 
2 2 8 8 8 8 -1 1 1 -1 -1 2 -1 -1 -1 2 2 2 2 2 
2 2 2 8 8 8 8 -1 1 1 1 -1 1 1 3 1 2 2 2 2 
2 2 2 -1 8 9 -1 -1 -1 1 1 1 -1 1 3 3 1 2 2 -1 
2 2 2 -1 9 -1 -1 -1 1 2 1 1 1 1 1 -1 3 2 1 2 
2 2 2 2 2 2 -1 -1 2 1 1 -1 1 1 1 -1 2 -1 2 2 
2 2 2 2 2 2 -1 -1 -1 -1 -1 1 -1 -1 1 2 1 1 2 2 
2 2 2 2 2 -1 -1 -1 -1 -1 -1 -1 -1 1 1 2 -1 1 -1 2 
2 2 -1 2 2 -1 -1 -1 -1 -1 -1 -1 -1 1 1 1 1 2 2 2 
2 2 2 2 2 4 4 4 6 6 6 6 -1 6 -1 1 1 2 1 2 
4 2 -1 2 2 4 4 -1 -1 6 6 6 40 1 1 -1 1 1 2 -1 
-1 4 4 4 -1 4 -1 6 6 6 6 6 6 6 6 1 -1 -1 1 4 
-1 -1 -1 -1 -1 -1 -1 -1 -1 1 1 1 1 -1 1 1 1 -1 -1 -1 
-1 4 4 -1 -1 -1 -1 -1 -1 -1 -1 -1 1 1 1 1 1 -1 -1 -1 
-1 -1 4 -1 -1 -1 -1 -1 -1 -1 -1 -1 2 1 1 1 1 -1 -1 -1 
-1 4 4 -1 -1 -1 -1 -1 -1 -1 -1 2 2 1 1 1 1 -1 -1 -1 
4 -1 4 -1 -1 -1 -1 -1 -1 -1 1 2 6 1 1 1 1 1 -1 4 
-1 -1 -1 1 -1 -1 -1 -1 -1 1 -1 1 1 1 1 1 1 -1 -1 -1 
-1 -1 -1 1 1 1 -1 -1 2 2 1 1 -1 -1 1 -1 -1 -1 -1 -1 
-1 -1 -1 1 -1 1 1 -1 -1 2 -1 1 -1 1 -1 -1 -1 -1 -1 -1 
-1 -1 -1 -1 -1 1 1 -1 2 2 -1 -1 2 -1 -1 -1 -1 -1 -1 -1 
-1 -1 -1 -1 -1 -1 -1 2 2 2 2 2 2 2 -1 -1 -1 -1 -1 -1 
-1 -1 -1 -1 -1 -1 2 -1 2 -1 -1 2 2 -1 2 -1 -1 -1 -1 -1 
-1 -1 -1 4 -1 4 4 2 2 2 2 -1 -1 2 -1 -1 -1 -1 -1 -1 
-1 -1 -1 -1 4 4 2 2 2 2 2 2 -1 2 2 2 -1 -1 -1 -1 
-1 -1 -1 -1 -1 -1 -1 -1 -1 2 2 2 -1 -1 -1 6 -1 -1 -1 -1 
-1 -1 -1 -1 -1 -1 -1 -1 -1 2 2 -1 -1 -1 6 -1 -1 -1 -1 -1 
-1 -1 -1 -1 -1 -1 -1 -1 1 -1 -1 -1 -1 6 -1 -1 -1 -1 -1 -1 
-1 -1 -1 -1 -1 -1 -1 -1 -1 1 -1 -1 -1 -1 -1 -1 -1 -1 -1 -1 
-1 -1 -1 -1 -1 -1 -1 -1 -1 1 1 -1 -1 -1 -1 -1 -1 -1 -1 -1 
-1 -1 -1 -1 -1 -1 -1 1 1 -1 -1 -1 -1 -1 1 -1 -1 -1 -1 -1 
-1 -1 -1 -1 -1 -1 -1 1 -1 -1 1 1 -1 1 -1 1 -1 -1 -1 -1 
-1 -1 1 1 1 1 -1 -1 1 -1 -1 1 -1 -1 1 1 1 1 1 -1 
-1 -1 -1 1 1 -1 -1 -1 -1 -1 -1 -1 -1 1 1 1 1 -1 1 -1 
1 -1 -1 -1 -1 1 -1 -1 -1 -1 -1 1 -1 1 1 1 1 1 -1 -1 
-1 -1 -1 -1 -1 -1 -1 -1 -1 1 1 -1 1 -1 1 1 1 -1 -1 1 
-1 -1 -1 -1 -1 -1 -1 -1 -1 1 1 1 -1 1 -1 1 -1 -1 -1 -1 
-1 -1 -1 -1 -1 -1 -1 -1 -1 1 1 1 1 -1 -1 -1 -1 -1 -1 -1 
-1 -1 -1 -1 -1 -1 -1 1 -1 1 1 1 1 -1 -1 -1 1 1 -1 -1 
-1 -1 -1 -1 -1 -1 -1 -1 1 1 1 1 -1 -1 -1 -1 -1 1 -1 -1 
-1 -1 -1 -1 -1 -1 -1 1 1 1 1 -1 -1 -1 -1 -1 -1 -1 -1 -1 
-1 -1 -1 -1 -1 -1 -1 1 1 -1 -1 -1 -1 -1 -1 -1 8 -1 -1 -1 
-1 -1 -1 -1 -1 -1 -1 8 1 -1 -1 -1 -1 -1 8 8 8 -1 -1 -1 
-1 -1 -1 -1 -1 -1 -1 -1 -1 -1 1 -1 -1 -1 8 8 -1 -1 -1 -1 
-1 -1 -1 -1 -1 -1 -1 -1 1 1 -1 1 -1 -1 -1 -1 -1 -1 -1 -1 
-1 -1 -1 -1 -1 -1 -1 1 -1 1 1 1 1 1 1 1 -1 -1 -1 -1 
-1 -1 -1 -1 -1 -1 -1 1 1 1 1 1 1 1 1 -1 1 -1 -1 -1 
-1 -1 -1 -1 -1 -1 -1 -1 1 1 1 1 1 1 1 1 1 -1 -1 -1 
1 -1 -1 -1 -1 -1 -1 1 -1 -1 1 1 1 1 1 1 -1 -1 -1 -1 
-1 -1 -1 -1 -1 -1 -1 -1 -1 1 1 1 -1 1 1 -1 1 -1 -1 1 
-1 1 1 1 1 -1 -1 -1 -1 1 -1 1 -1 1 1 1 -1 -1 -1 -1 
-1 -1 -1 -1 1 -1 -1 -1 1 -1 -1 1 1 -1 1 1 1 1 -1 1 
3 1 1 -1 -1 -1 -1 -1 -1 -1 -1 -1 -1 -1 -1 -1 -1 -1 -1 -1 
-1 3 -1 -1 -1 -1 -1 -1 -1 -1 -1 1 1 -1 -1 -1 -1 -1 -1 -1 
-1 -1 1 -1 -1 -1 -1 -1 -1 -1 -1 1 1 1 -1 -1 -1 -1 -1 -1 
-1 1 -1 -1 -1 -1 -1 -1 -1 -1 1 1 1 1 -1 -1 -1 -1 -1 -1 
1 1 1 -1 -1 -1 -1 -1 -1 -1 1 1 1 1 1 -1 -1 -1 -1 -1 
1 1 -1 1 -1 -1 -1 1 1 1 1 1 -1 1 1 1 1 -1 -1 1 
1 1 1 -1 -1 -1 -1 -1 -1 -1 1 -1 -1 -1 1 1 1 -1 -1 1 
1 1 -1 -1 -1 -1 -1 -1 -1 -1 -1 -1 -1 1 1 1 1 -1 -1 -1 
-1 1 1 -1 -1 -1 -1 -1 -1 -1 -1 -1 -1 -1 1 -1 -1 -1 -1 -1 
1 -1 1 1 1 -1 -1 -1 -1 1 -1 -1 -1 -1 -1 1 -1 -1 -1 -1 
-1 -1 -1 1 1 -1 -1 -1 1 1 -1 -1 -1 -1 -1 -1 -1 -1 -1 -1 
-1 -1 -1 1 -1 -1 -1 -1 -1 1 -1 -1 -1 -1 -1 -1 -1 -1 -1 -1 
-1 -1 1 -1 -1 -1 -1 -1 -1 -1 -1 -1 -1 -1 -1 -1 -1 -1 -1 -1 
-1 1 -1 1 -1 -1 -1 -1 -1 -1 -1 -1 -1 -1 -1 -1 -1 -1 -1 -1 
-1 -1 1 1 -1 -1 -1 -1 -1 -1 1 1 -1 -1 -1 -1 -1 -1 -1 -1 
-1 -1 -1 -1 1 -1 2 -1 -1 -1 -1 1 -1 -1 -1 -1 -1 -1 -1 -1 
-1 -1 2 -1 -1 -1 -1 -1 -1 -1 -1 -1 -1 -1 -1 -1 -1 -1 -1 -1 
1 2 -1 -1 -1 -1 -1 -1 -1 -1 -1 -1 -1 -1 -1 -1 -1 -1 -1 -1 
1 1 -1 -1 -1 -1 -1 1 -1 -1 -1 -1 -1 -1 -1 -1 -1 -1 -1 -1 
-1 1 1 -1 -1 -1 -1 -1 -1 -1 -1 -1 -1 -1 -1 -1 -1 -1 -1 -1 
-1 -1 -1 -1 2 2 1 1 -1 1 -1 1 -1 1 3 -1 2 -1 -1 -1 
-1 -1 -1 2 -1 -1 1 -1 -1 2 1 1 -1 -1 -1 -1 -1 -1 -1 -1 
-1 -1 -1 1 -1 9 2 1 -1 2 -1 -1 -1 -1 -1 -1 -1 -1 -1 -1 
-1 -1 -1 -1 9 -1 2 -1 2 2 -1 2 -1 -1 -1 -1 8 2 -1 -1 
-1 8 -1 -1 -1 -1 2 -1 -1 2 -1 2 2 -1 -1 -1 2 -1 -1 -1 
8 8 -1 -1 -1 -1 -1 -1 -1 2 1 1 2 2 1 2 -1 -1 -1 -1 
-1 8 8 -1 -1 -1 -1 -1 2 1 1 -1 2 2 2 -1 -1 -1 -1 -1 
-1 -1 8 8 -1 -1 2 -1 -1 1 1 -1 2 -1 2 -1 -1 -1 -1 -1 
-1 -1 8 -1 -1 1 -1 2 2 3 2 2 -1 1 3 4 5 5 -1 -1 
-1 -1 -1 -1 1 -1 2 -1 -1 2 2 3 1 3 5 5 4 2 2 -1 
-1 -1 -1 -1 -1 2 2 2 2 2 2 3 3 -1 5 3 2 2 -1 -1 
-1 -1 -1 -1 1 2 2 2 2 2 2 3 2 -1 3 3 3 2 -1 -1 
-1 -1 -1 -1 1 -1 -1 2 2 1 -1 3 -1 3 -1 3 2 2 -1 -1 
-1 -1 -1 -1 -1 -1 -1 -1 1 -1 3 -1 3 3 3 2 -1 -1 2 -1 
-1 -1 -1 -1 2 -1 -1 -1 -1 -1 -1 3 -1 -1 2 2 2 -1 -1 -1 
-1 -1 -1 2 -1 1 1 -1 -1 -1 -1 -1 3 -1 -1 2 2 1 1 1 
-1 2 2 2 2 1 1 -1 -1 -1 -1 -1 -1 -1 2 2 2 -1 -1 -1 
-1 -1 -1 2 2 2 2 2 -1 -1 1 -1 -1 1 1 -1 -1 -1 1 -1 
2 -1 2 2 -1 2 2 -1 2 -1 -1 1 1 -1 1 -1 3 -1 -1 1 
2 -1 -1 -1 2 2 1 2 -1 1 -1 -1 1 -1 -1 3 -1 2 -1 1 
-1 2 2 -1 2 2 2 2 1 -1 2 3 3 2 2 2 1 2 1 1 
1 -1 -1 2 3 2 3 3 2 2 2 2 3 3 2 -1 2 2 2 2 
-1 -1 2 -1 1 3 3 2 2 2 2 -1 2 1 1 2 2 2 1 1 
2 -1 2 2 1 1 2 -1 2 -1 2 3 -1 3 2 3 2 -1 -1 -1 
-1 2 -1 2 2 -1 2 2 2 2 -1 2 -1 2 3 2 -1 -1 2 2 
2 2 2 2 2 2 2 2 2 2 2 2 2 2 2 -1 -1 -1 -1 -1 
-1 -1 2 -1 2 2 2 2 2 2 -1 -1 2 2 -1 -1 -1 -1 -1 -1 
-1 1 1 2 2 -1 2 2 2 2 2 2 2 -1 -1 -1 -1 -1 -1 1 
1 2 2 -1 2 2 2 2 2 2 2 2 -1 2 -1 -1 -1 -1 -1 -1 
-1 2 2 2 2 2 2 2 2 2 1 1 2 2 1 2 -1 -1 -1 -1 
-1 -1 2 2 2 2 2 2 2 -1 1 1 8 -1 2 2 -1 -1 -1 -1 
1 1 -1 -1 2 2 2 -1 -1 2 1 8 1 -1 2 2 1 -1 -1 1 
1 1 -1 -1 -1 2 -1 1 1 2 2 2 2 2 2 2 1 -1 -1 1 
1 -1 -1 -1 -1 -1 3 1 1 1 1 2 2 2 2 1 1 1 1 1 
-1 -1 -1 -1 2 3 2 1 1 1 -1 2 2 2 2 2 -1 1 1 1 
1 -1 -1 2 3 2 2 1 -1 -1 3 2 2 2 2 -1 2 1 -1 -1 
-1 -1 -1 2 2 -1 2 3 3 3 3 2 -1 2 -1 -1 -1 1 1 -1 
1 1 2 2 -1 2 3 2 2 -1 -1 3 2 2 -1 2 -1 2 -1 -1 
1 1 2 2 2 2 3 2 2 2 1 1 3 2 2 -1 2 2 -1 1 
2 2 2 2 2 2 2 2 2 2 2 3 3 3 2 -1 2 -1 -1 1 
-1 -1 -1 -1 -1 -1 2 -1 -1 -1 -1 1 1 1 -1 2 1 1 -1 -1 
1 -1 -1 -1 -1 2 2 -1 -1 1 1 -1 -1 1 2 2 1 1 2 -1 
-1 -1 -1 2 2 2 2 1 1 2 1 1 -1 -1 2 2 1 2 2 1 
-1 -1 -1 2 2 2 1 2 2 2 1 2 2 -1 2 -1 2 2 -1 2 
2 -1 -1 -1 2 2 -1 2 2 -1 2 2 -1 2 2 2 2 -1 2 2 
2 3 -1 2 -1 -1 -1 2 -1 2 2 -1 -1 2 2 2 -1 -1 -1 2 
2 3 -1 2 -1 -1 -1 -1 2 2 -1 -1 2 2 2 -1 -1 -1 3 -1 
3 -1 2 2 -1 -1 -1 2 3 3 3 -1 2 2 2 3 2 2 3 2 
-1 -1 -1 2 -1 -1 -1 -1 2 1 3 -1 3 2 2 2 2 2 -1 3 
-1 -1 -1 -1 -1 -1 -1 -1 2 1 3 -1 3 3 2 2 2 2 3 1 
1 -1 -1 -1 -1 1 -1 -1 -1 3 3 2 -1 -1 1 2 2 1 3 3 
3 -1 -1 -1 1 1 2 2 -1 3 1 -1 -1 -1 -1 1 1 3 1 3 
-1 -1 -1 1 1 -1 1 2 1 1 -1 1 -1 -1 -1 1 1 3 3 -1 
8 -1 -1 -1 1 1 1 -1 1 1 -1 -1 -1 -1 1 1 1 1 -1 8 
8 -1 -1 1 -1 1 2 1 1 1 1 1 1 1 1 1 1 1 1 2 
-1 8 -1 -1 1 1 -1 2 1 -1 1 -1 1 -1 1 1 -1 1 8 8 
-1 -1 -1 -1 1 1 2 1 -1 1 -1 2 -1 -1 1 2 1 8 8 8 
-1 -1 -1 -1 -1 2 -1 2 -1 -1 -1 1 2 -1 1 -1 -1 -1 8 2 
-1 -1 -1 -1 -1 2 2 -1 2 -1 -1 -1 -1 -1 -1 -1 -1 -1 -1 -1 
-1 -1 -1 -1 -1 -1 2 -1 -1 -1 -1 2 2 1 -1 -1 -1 -1 -1 -1 
2 2 2 2 -1 -1 2 1 1 1 2 2 1 1 -1 -1 -1 -1 -1 2 
2 8 2 2 -1 -1 -1 2 2 2 2 -1 1 -1 -1 -1 -1 -1 2 2 
8 2 2 2 2 -1 -1 2 2 1 1 1 -1 1 -1 -1 -1 1 -1 8 
8 8 8 2 2 2 -1 2 -1 2 1 2 -1 1 -1 -1 1 1 -1 8 
8 8 8 8 -1 2 2 -1 2 2 2 2 2 -1 -1 -1 -1 2 8 8 
8 8 8 3 8 8 2 -1 2 2 2 2 2 2 8 2 2 -1 2 8 
2 2 8 3 8 8 2 2 2 2 2 2 -1 -1 8 -1 2 2 2 2 
2 2 2 2 -1 2 -1 -1 2 -1 2 -1 -1 2 2 2 2 -1 2 8 
4 2 2 2 2 -1 2 2 2 2 2 2 2 2 2 2 2 2 2 -1 
8 2 2 2 2 2 2 2 8 -1 2 2 2 -1 -1 8 2 2 2 8 
1 2 2 2 2 2 2 2 8 2 2 2 -1 2 8 1 1 1 -1 8 
2 8 2 2 2 2 8 2 2 -1 2 2 2 -1 8 8 1 1 1 1 
2 2 2 2 2 8 2 2 2 2 -1 -1 2 -1 -1 1 1 1 1 2 
2 -1 2 2 2 2 2 1 1 -1 -1 -1 -1 -1 2 -1 1 1 1 -1 
-1 -1 2 2 2 2 -1 1 2 1 -1 -1 -1 2 -1 -1 -1 2 8 8 
-1 1 1 -1 -1 -1 -1 2 -1 1 1 1 2 2 2 -1 -1 -1 8 -1 
-1 -1 -1 1 -1 -1 -1 -1 1 1 1 1 1 1 2 -1 -1 8 -1 -1 
1 1 -1 1 -1 -1 -1 -1 -1 1 1 -1 1 -1 1 1 -1 -1 -1 -1 
2 -1 1 1 1 -1 -1 -1 -1 2 -1 2 -1 -1 1 -1 -1 -1 -1 -1 
2 1 2 2 -1 -1 -1 -1 2 1 2 1 -1 1 -1 -1 -1 -1 -1 -1 
2 8 8 8 8 8 8 8 8 8 8 8 8 8 8 8 8 8 8 8 
2 2 8 1 8 8 8 8 8 8 8 3 8 8 8 8 8 8 8 -1 
3 3 3 8 8 8 8 8 2 1 8 8 8 8 8 8 8 8 8 2 
3 8 8 8 8 8 -1 1 1 1 8 8 8 8 8 1 8 8 8 8 
8 8 8 8 8 8 8 2 8 8 8 8 8 2 1 1 8 2 8 8 
8 2 8 -1 8 8 8 8 8 8 8 8 -1 2 1 1 2 2 2 8 
8 -1 8 1 8 8 8 8 8 2 8 8 8 2 2 2 2 2 -1 8 
8 -1 8 -1 1 8 8 1 8 8 8 -1 8 2 1 2 2 2 -1 8 
8 8 8 2 8 8 1 1 8 -1 2 -1 -1 8 2 2 2 2 2 8 
2 8 8 8 8 1 8 8 8 8 2 2 2 2 2 2 2 2 2 2 
-1 8 8 2 8 8 1 8 8 2 8 2 2 2 2 2 2 2 2 2 
8 8 8 8 2 1 8 1 1 2 -1 2 2 2 -1 2 -1 8 -1 2 
8 8 1 8 1 8 -1 2 2 1 -1 1 2 2 -1 -1 2 2 8 -1 
8 2 8 1 8 1 1 1 1 1 1 -1 1 -1 -1 2 8 8 8 8 
8 8 1 1 1 8 8 1 1 1 1 1 1 2 -1 8 2 8 8 8 
8 8 8 8 1 8 -1 1 1 1 1 1 -1 2 8 2 8 8 8 8 
8 8 8 8 8 8 2 8 8 1 1 1 2 2 2 2 8 8 8 8 
8 8 8 8 8 8 8 8 8 8 1 8 2 2 8 -1 1 8 8 8 
8 8 2 8 8 8 8 8 8 8 8 8 8 -1 -1 8 9 8 8 2 
8 8 8 8 8 8 8 8 8 8 8 8 8 8 8 9 8 -1 8 8 
2 2 2 2 2 1 1 1 1 1 -1 -1 -1 2 2 3 8 2 2 2 
2 2 -1 2 2 -1 1 1 1 -1 -1 2 2 2 2 2 3 -1 1 1 
2 2 2 -1 -1 -1 -1 -1 -1 1 1 2 2 3 2 2 3 -1 1 8 
2 2 2 -1 -1 -1 -1 -1 -1 1 -1 2 -1 3 8 8 -1 8 8 1 
1 2 2 1 1 -1 -1 1 -1 -1 2 3 -1 -1 8 8 1 1 1 2 
1 -1 -1 1 1 -1 1 -1 1 -1 2 1 1 8 1 1 8 1 -1 1 
-1 1 1 1 1 1 -1 1 -1 1 1 1 1 8 8 8 8 -1 -1 -1 
-1 1 8 8 1 -1 -1 1 -1 -1 1 -1 1 1 8 1 8 1 1 -1 
-1 1 1 1 -1 -1 1 -1 1 1 1 1 2 1 1 8 -1 1 -1 -1 
-1 1 1 1 1 1 -1 1 1 -1 1 1 2 1 1 -1 -1 -1 1 1 
-1 1 1 1 1 -1 -1 -1 -1 -1 -1 -1 1 8 -1 1 -1 8 -1 1 
1 1 1 1 1 -1 1 1 -1 -1 -1 -1 -1 1 8 2 1 -1 8 -1 
-1 1 1 1 1 1 1 1 1 -1 -1 -1 -1 1 8 2 8 8 -1 2 
-1 1 -1 1 1 -1 1 1 1 -1 -1 1 1 1 -1 1 8 1 1 2 
-1 1 -1 -1 -1 -1 -1 1 -1 -1 -1 -1 1 -1 1 1 2 2 2 1 
1 -1 -1 -1 -1 -1 1 1 1 -1 -1 -1 -1 -1 2 2 1 2 2 2 
-1 -1 2 2 2 -1 -1 1 1 -1 -1 -1 -1 -1 -1 2 -1 2 2 2 
2 2 2 -1 2 -1 1 -1 1 1 -1 -1 -1 -1 2 -1 1 2 2 2 
2 2 2 -1 -1 -1 1 -1 1 -1 1 -1 -1 -1 1 2 2 -1 2 2 
2 2 2 2 -1 1 -1 1 1 1 1 -1 1 1 3 8 3 2 2 2 
-1 1 2 -1 3 3 3 -1 -1 -1 1 2 2 1 3 -1 -1 -1 -1 -1 
-1 -1 -1 2 2 -1 -1 2 -1 1 1 1 1 1 -1 -1 -1 -1 -1 -1 
-1 -1 3 3 2 2 2 2 1 1 1 2 1 -1 -1 -1 -1 -1 -1 -1 
-1 2 2 3 -1 2 -1 1 1 1 2 1 -1 -1 -1 -1 -1 -1 -1 -1 
-1 -1 2 2 1 2 1 1 1 1 2 2 -1 -1 -1 -1 -1 -1 -1 -1 
-1 -1 2 -1 1 2 2 1 1 1 1 -1 -1 2 -1 -1 -1 -1 -1 -1 
-1 2 3 3 3 2 2 1 2 1 -1 1 2 2 2 1 2 -1 -1 -1 
1 2 3 2 2 2 2 1 2 2 2 1 2 2 1 2 2 -1 -1 2 
2 1 2 1 2 1 1 1 2 2 -1 -1 -1 -1 1 -1 -1 -1 2 2 
2 2 9 2 1 1 1 1 1 2 -1 -1 -1 -1 -1 -1 -1 -1 -1 -1 
2 2 2 3 2 2 2 1 1 1 -1 -1 -1 -1 -1 -1 -1 -1 2 2 
2 -1 -1 1 -1 -1 2 -1 1 1 -1 -1 -1 -1 -1 -1 -1 -1 -1 2 
2 -1 -1 1 1 2 -1 -1 -1 1 -1 -1 1 -1 -1 -1 -1 -1 -1 -1 
-1 -1 -1 1 1 1 -1 -1 1 -1 1 1 1 1 1 1 -1 -1 1 2 
-1 -1 -1 1 1 -1 -1 -1 1 1 -1 1 1 -1 1 1 -1 1 -1 2 
-1 -1 1 -1 -1 1 -1 1 -1 -1 1 -1 -1 -1 -1 -1 -1 -1 2 -1 
-1 -1 -1 -1 -1 -1 -1 -1 -1 1 -1 1 1 2 -1 -1 -1 -1 -1 -1 
-1 -1 -1 -1 1 1 -1 -1 -1 -1 1 3 2 2 2 -1 -1 -1 -1 -1 
-1 1 1 1 1 3 -1 -1 -1 -1 2 3 2 2 -1 -1 -1 -1 -1 -1 
1 -1 -1 1 3 3 -1 -1 -1 -1 2 1 2 2 3 -1 -1 -1 -1 -1 
-1 -1 -1 -1 2 2 -1 -1 -1 -1 -1 2 2 -1 -1 1 1 -1 1 -1 
-1 -1 2 -1 -1 2 -1 -1 -1 -1 -1 2 -1 -1 1 1 -1 -1 1 1 
-1 -1 2 2 2 -1 -1 -1 -1 -1 -1 2 -1 -1 1 1 2 -1 1 1 
-1 -1 -1 -1 2 -1 -1 -1 -1 -1 -1 -1 -1 -1 -1 -1 -1 -1 1 -1 
-1 -1 -1 -1 -1 2 1 -1 -1 -1 -1 -1 -1 -1 -1 -1 -1 1 -1 1 
-1 1 1 -1 -1 1 -1 -1 -1 -1 -1 -1 -1 -1 -1 -1 1 -1 1 1 
1 1 -1 -1 -1 -1 -1 -1 -1 -1 -1 -1 -1 -1 -1 1 -1 1 1 1 
1 -1 -1 -1 -1 -1 -1 -1 -1 -1 -1 -1 -1 -1 -1 -1 -1 -1 1 1 
-1 -1 -1 -1 -1 -1 -1 -1 -1 -1 -1 -1 -1 -1 -1 -1 -1 -1 1 1 
1 1 -1 -1 -1 -1 -1 -1 -1 -1 -1 -1 -1 1 -1 -1 -1 1 1 -1 
1 -1 1 -1 -1 -1 -1 -1 -1 -1 -1 -1 -1 -1 1 -1 1 -1 -1 -1 
-1 -1 -1 -1 -1 -1 -1 -1 -1 -1 -1 -1 -1 1 1 1 -1 -1 -1 -1 
-1 -1 -1 -1 -1 -1 -1 -1 -1 -1 -1 -1 -1 -1 1 1 1 -1 -1 1 
1 -1 -1 -1 -1 -1 -1 -1 -1 -1 -1 -1 -1 -1 1 -1 -1 1 -1 1 
-1 -1 -1 -1 -1 -1 -1 -1 -1 -1 1 -1 -1 -1 -1 -1 1 1 1 -1 
-1 -1 -1 -1 -1 -1 -1 -1 -1 1 3 -1 -1 -1 -1 -1 1 -1 -1 -1 
-1 -1 -1 -1 -1 -1 -1 -1 1 -1 1 -1 -1 -1 -1 1 1 -1 -1 -1 
-1 -1 -1 -1 -1 -1 1 1 1 -1 -1 -1 -1 -1 -1 -1 1 -1 -1 -1 
-1 -1 -1 -1 -1 -1 1 -1 -1 -1 -1 -1 -1 -1 -1 -1 -1 1 -1 -1 
-1 2 -1 -1 -1 -1 -1 -1 -1 -1 -1 2 -1 -1 -1 1 -1 1 1 -1 
1 1 -1 -1 1 -1 1 1 -1 -1 -1 -1 -1 1 -1 -1 -1 -1 -1 1 
1 1 -1 1 -1 -1 1 1 1 1 1 -1 1 -1 1 -1 -1 -1 -1 1 
1 -1 -1 -1 -1 -1 1 -1 1 1 1 1 1 -1 -1 1 1 -1 -1 -1 
1 -1 -1 -1 -1 -1 -1 1 -1 1 -1 1 -1 -1 -1 -1 -1 -1 1 1 
1 -1 -1 -1 -1 -1 1 1 1 -1 1 1 -1 -1 -1 -1 -1 -1 1 1 
-1 -1 1 1 -1 1 -1 1 1 -1 -1 1 -1 -1 -1 -1 -1 -1 -1 1 
-1 1 -1 1 -1 1 -1 1 1 -1 -1 -1 1 -1 -1 -1 -1 -1 1 1 
1 1 1 1 1 -1 1 1 -1 -1 -1 -1 -1 -1 -1 -1 -1 -1 1 1 
1 1 -1 1 -1 1 1 1 -1 -1 -1 -1 -1 -1 -1 -1 -1 -1 -1 -1 
-1 -1 -1 1 1 -1 -1 1 -1 -1 -1 -1 1 -1 -1 -1 -1 -1 -1 -1 
-1 -1 -1 -1 -1 -1 -1 1 1 -1 -1 -1 1 1 -1 -1 -1 -1 -1 -1 
-1 -1 -1 -1 1 -1 1 -1 -1 -1 -1 -1 -1 1 -1 -1 -1 -1 -1 -1 
1 1 -1 1 1 1 -1 -1 1 -1 -1 -1 1 1 -1 -1 -1 -1 -1 1 
1 1 -1 1 1 -1 1 1 -1 -1 1 1 -1 -1 -1 -1 -1 -1 -1 -1 
-1 1 1 1 -1 -1 -1 1 1 -1 1 1 -1 -1 1 -1 -1 -1 -1 -1 
-1 -1 1 1 -1 -1 -1 1 -1 -1 -1 -1 -1 -1 -1 1 1 -1 -1 -1 
-1 -1 -1 -1 1 -1 -1 -1 -1 -1 1 -1 -1 -1 -1 -1 1 -1 -1 -1 
-1 -1 -1 -1 -1 -1 -1 -1 -1 -1 -1 1 1 -1 -1 -1 -1 -1 -1 -1 
-1 -1 -1 1 -1 -1 -1 -1 -1 -1 -1 1 1 -1 -1 -1 -1 -1 -1 -1 
-1 -1 -1 -1 -1 1 1 -1 -1 -1 -1 1 -1 -1 1 1 -1 -1 -1 -1 
-1 -1 1 1 1 2 -1 -1 3 3 2 -1 -1 -1 -1 2 1 1 -1 -1 
-1 1 1 -1 -1 2 3 3 3 2 3 3 -1 2 -1 2 1 -1 -1 -1 
2 -1 -1 -1 -1 -1 -1 3 3 2 3 2 2 2 3 2 -1 -1 -1 2 
1 -1 -1 -1 -1 -1 -1 -1 -1 -1 2 -1 2 -1 -1 -1 -1 -1 -1 2 
-1 -1 -1 -1 -1 -1 -1 -1 -1 -1 -1 -1 2 2 2 -1 -1 -1 1 1 
-1 -1 -1 -1 -1 -1 -1 -1 -1 -1 -1 -1 -1 2 3 2 1 -1 -1 -1 
-1 -1 -1 -1 2 -1 -1 -1 -1 -1 -1 -1 -1 2 3 1 1 -1 -1 -1 
-1 -1 -1 2 -1 2 2 2 -1 -1 -1 2 -1 -1 3 -1 -1 2 -1 -1 
-1 -1 -1 1 -1 -1 2 2 2 -1 -1 -1 -1 -1 3 -1 -1 -1 2 2 
-1 -1 -1 -1 1 -1 -1 3 -1 -1 -1 -1 1 1 -1 -1 -1 -1 -1 -1 
-1 -1 -1 -1 -1 -1 -1 -1 -1 -1 -1 -1 -1 -1 1 1 -1 1 -1 -1 
-1 -1 -1 -1 -1 -1 -1 -1 -1 -1 -1 -1 -1 1 -1 1 1 -1 1 -1 
-1 -1 -1 -1 -1 -1 -1 -1 -1 -1 1 1 1 -1 -1 1 1 1 1 1 
-1 -1 -1 -1 -1 -1 -1 -1 -1 -1 1 -1 1 -1 -1 1 -1 1 1 1 
1 -1 -1 -1 -1 -1 -1 -1 -1 -1 -1 -1 -1 -1 1 1 -1 1 1 1 
1 -1 -1 -1 -1 -1 -1 1 -1 -1 -1 -1 -1 1 -1 1 -1 -1 1 1 
1 1 -1 -1 -1 -1 1 1 -1 -1 -1 -1 -1 -1 1 1 1 1 -1 1 
1 -1 -1 1 -1 -1 -1 -1 1 -1 -1 -1 -1 -1 -1 1 1 1 1 1 
-1 1 1 -1 -1 -1 -1 -1 -1 1 -1 -1 -1 -1 1 1 1 1 1 1 
1 1 1 1 1 -1 -1 -1 -1 -1 3 -1 -1 -1 -1 1 1 -1 1 1 
-1 -1 -1 1 1 -1 -1 -1 1 1 1 1 1 1 -1 -1 -1 -1 -1 -1 
-1 -1 -1 1 -1 -1 -1 1 -1 -1 1 -1 1 1 1 1 1 -1 -1 -1 
1 -1 -1 -1 -1 -1 -1 -1 -1 1 1 1 1 1 1 -1 1 -1 -1 -1 
-1 -1 -1 -1 -1 -1 -1 -1 -1 -1 -1 -1 1 1 1 1 1 -1 -1 -1 
-1 -1 -1 -1 -1 -1 -1 -1 1 -1 -1 -1 -1 1 1 1 -1 -1 -1 -1 
-1 -1 -1 -1 -1 -1 -1 -1 1 -1 -1 -1 -1 -1 -1 1 -1 1 -1 -1 
-1 -1 -1 -1 -1 1 -1 -1 -1 -1 -1 -1 -1 -1 -1 -1 1 1 -1 -1 
-1 -1 -1 -1 1 1 1 -1 -1 -1 1 1 1 -1 -1 1 -1 -1 -1 -1 
-1 -1 -1 -1 -1 1 1 -1 -1 -1 -1 1 -1 -1 -1 -1 -1 -1 -1 -1 
-1 -1 -1 1 1 1 -1 1 -1 -1 1 1 -1 -1 -1 -1 -1 -1 -1 -1 
-1 -1 -1 -1 -1 1 1 -1 -1 1 1 1 -1 -1 -1 -1 -1 -1 -1 -1 
-1 -1 -1 -1 1 1 1 1 1 -1 1 1 -1 -1 1 -1 -1 -1 -1 -1 
-1 -1 -1 -1 -1 1 1 1 1 -1 -1 -1 1 1 -1 -1 -1 -1 -1 -1 
-1 -1 -1 1 1 1 1 -1 -1 1 -1 1 1 -1 -1 1 1 -1 -1 -1 
-1 -1 -1 -1 -1 1 1 -1 1 1 -1 -1 -1 -1 -1 -1 1 1 -1 -1 
-1 -1 -1 -1 -1 -1 -1 -1 -1 1 1 -1 -1 -1 -1 -1 3 1 -1 -1 
-1 -1 -1 -1 -1 -1 -1 1 -1 1 1 1 -1 -1 2 3 3 -1 -1 -1 
-1 -1 -1 -1 -1 -1 -1 -1 1 1 1 1 1 3 3 3 -1 -1 -1 -1 
1 1 1 -1 -1 -1 -1 -1 1 1 1 1 1 1 3 -1 -1 -1 -1 -1 
1 -1 1 1 -1 -1 -1 -1 -1 1 1 -1 1 1 -1 -1 -1 -1 -1 1 
1 1 -1 -1 -1 -1 -1 -1 1 1 1 1 -1 -1 -1 -1 -1 -1 -1 1 
8 -1 -1 -1 -1 -1 -1 -1 -1 -1 1 -1 -1 -1 -1 -1 -1 -1 1 -1 
8 -1 -1 -1 -1 -1 1 -1 -1 1 1 1 -1 -1 -1 1 1 1 1 8 
8 8 1 1 8 1 -1 -1 -1 -1 -1 -1 -1 -1 -1 1 1 -1 1 8 
8 8 8 1 8 -1 1 8 8 -1 -1 -1 -1 1 1 -1 -1 1 -1 1 
1 1 8 8 -1 8 1 -1 8 -1 -1 1 -1 -1 -1 -1 -1 1 1 1 
1 1 1 8 8 1 1 1 1 -1 1 -1 -1 -1 -1 -1 -1 1 1 -1 
1 1 -1 8 8 1 1 1 -1 1 1 -1 -1 -1 -1 -1 -1 1 -1 1 
-1 -1 1 8 8 8 1 1 1 -1 -1 -1 -1 -1 -1 -1 -1 1 -1 1 
1 1 1 1 1 1 8 -1 1 -1 -1 1 -1 -1 -1 -1 1 -1 -1 -1 
1 1 1 1 -1 1 1 1 -1 -1 -1 1 1 -1 -1 -1 -1 -1 -1 -1 
-1 -1 -1 1 -1 -1 -1 -1 1 -1 -1 -1 -1 -1 1 -1 -1 -1 -1 -1 
-1 -1 1 -1 -1 -1 -1 1 -1 1 1 -1 1 -1 1 -1 -1 -1 1 -1 
-1 -1 -1 -1 -1 -1 -1 -1 -1 -1 -1 1 1 1 1 1 -1 -1 -1 1 
1 -1 -1 -1 -1 -1 -1 -1 -1 -1 -1 1 1 -1 8 -1 -1 -1 -1 -1 
1 -1 -1 -1 -1 -1 -1 -1 -1 1 1 1 1 8 -1 -1 -1 -1 -1 1 
1 -1 -1 -1 -1 -1 -1 -1 -1 1 1 1 1 1 1 -1 -1 -1 -1 -1 
1 -1 -1 -1 -1 1 -1 -1 -1 -1 1 1 1 1 -1 1 1 -1 -1 1 
-1 -1 -1 -1 -1 -1 1 -1 -1 1 1 -1 -1 1 1 1 1 -1 -1 -1 
-1 1 -1 -1 1 1 -1 1 -1 1 1 -1 -1 -1 1 1 -1 -1 -1 -1 
-1 -1 -1 -1 -1 -1 -1 1 8 -1 -1 -1 -1 -1 -1 -1 -1 -1 -1 -1 
-1 -1 -1 -1 -1 -1 -1 -1 8 -1 -1 -1 -1 -1 -1 -1 -1 -1 -1 -1 
-1 -1 -1 -1 -1 -1 -1 -1 -1 8 -1 -1 -1 -1 -1 -1 -1 -1 -1 -1 
-1 -1 -1 -1 -1 -1 -1 -1 -1 -1 -1 -1 -1 -1 -1 -1 -1 -1 -1 -1 
-1 -1 -1 -1 -1 -1 -1 8 -1 -1 -1 -1 -1 -1 -1 -1 -1 -1 -1 -1 
-1 -1 -1 -1 -1 -1 -1 8 -1 -1 -1 -1 1 -1 -1 -1 -1 -1 -1 -1 
-1 -1 -1 -1 -1 -1 -1 -1 -1 -1 -1 -1 -1 1 -1 -1 -1 -1 -1 -1 
-1 -1 -1 1 -1 1 -1 -1 -1 -1 -1 -1 -1 -1 1 -1 -1 -1 -1 -1 
-1 -1 -1 -1 1 -1 1 -1 -1 -1 -1 -1 -1 -1 1 1 -1 -1 -1 -1 
-1 1 -1 -1 1 1 -1 -1 -1 -1 -1 -1 -1 -1 -1 1 1 -1 -1 -1 
-1 1 -1 -1 -1 -1 -1 -1 -1 -1 -1 -1 -1 -1 -1 -1 1 1 -1 -1 
1 -1 -1 -1 -1 -1 -1 -1 -1 -1 -1 -1 -1 1 1 1 -1 1 -1 -1 
-1 -1 -1 -1 -1 -1 -1 -1 -1 -1 -1 -1 -1 -1 1 1 -1 -1 -1 -1 
-1 -1 -1 -1 -1 -1 -1 -1 -1 -1 -1 -1 -1 -1 -1 1 -1 -1 -1 -1 
-1 -1 -1 -1 -1 -1 -1 -1 -1 -1 -1 -1 -1 -1 -1 -1 -1 -1 -1 -1 
-1 -1 -1 -1 -1 -1 -1 -1 1 1 1 2 -1 -1 -1 -1 -1 -1 -1 -1 
-1 -1 -1 -1 -1 -1 -1 1 1 1 1 -1 2 -1 -1 -1 -1 -1 -1 -1 
-1 -1 -1 -1 -1 -1 1 1 1 1 -1 -1 2 -1 -1 -1 -1 -1 -1 -1 
-1 -1 -1 -1 -1 1 -1 1 1 -1 -1 -1 -1 -1 -1 -1 -1 -1 -1 -1 
-1 -1 -1 -1 -1 -1 -1 -1 1 1 -1 -1 -1 -1 -1 -1 -1 -1 -1 -1 
2 2 1 2 1 1 8 8 8 -1 -1 1 -1 -1 -1 8 9 -1 -1 8 
2 2 1 1 2 -1 -1 8 -1 -1 -1 1 -1 -1 -1 -1 -1 -1 -1 8 
-1 2 2 -1 -1 -1 8 -1 -1 -1 -1 -1 -1 -1 -1 -1 -1 -1 -1 -1 
-1 2 -1 -1 -1 8 8 -1 -1 -1 -1 -1 -1 -1 -1 8 8 8 -1 -1 
-1 -1 2 8 8 8 8 2 -1 -1 -1 -1 -1 -1 8 8 8 8 8 8 
8 1 8 8 8 1 -1 -1 -1 -1 -1 -1 -1 8 -1 -1 8 8 8 8 
8 8 1 8 1 -1 -1 -1 -1 -1 -1 -1 8 -1 -1 -1 8 8 8 1 
1 1 -1 1 8 8 -1 -1 1 -1 -1 -1 8 -1 -1 8 8 8 8 8 
8 8 -1 8 8 8 8 8 8 1 8 8 8 -1 -1 8 8 8 8 -1 
1 1 1 -1 8 8 8 8 8 8 8 8 -1 -1 -1 8 8 8 8 8 
1 1 -1 1 8 8 8 8 8 8 8 8 8 8 8 8 8 8 8 8 
-1 -1 8 8 8 8 -1 8 8 8 8 8 8 8 8 8 8 8 8 8 
8 8 1 8 8 8 8 8 8 8 8 8 8 8 -1 8 8 8 1 -1 
-1 8 8 8 8 8 8 8 8 8 8 8 8 8 1 -1 -1 1 1 1 
8 8 8 8 8 8 8 8 8 8 8 8 8 1 -1 -1 -1 1 -1 1 
-1 8 8 8 8 8 8 1 1 8 -1 8 8 1 1 1 -1 1 -1 -1 
1 -1 9 9 8 8 8 1 1 8 8 8 1 1 -1 8 1 1 -1 1 
2 1 -1 8 8 2 -1 8 8 8 -1 8 8 -1 1 1 1 1 1 1 
2 2 8 1 1 -1 -1 8 8 -1 -1 -1 8 -1 1 -1 1 1 -1 -1 
2 -1 2 1 1 1 8 -1 -1 -1 -1 -1 1 -1 -1 -1 1 1 -1 -1 
8 8 -1 8 8 -1 -1 -1 8 -1 8 -1 -1 1 -1 1 1 1 -1 8 
-1 8 8 8 8 8 8 8 8 8 8 -1 -1 8 8 8 8 8 8 8 
-1 8 8 8 -1 8 8 8 8 8 8 8 8 8 8 8 8 8 8 8 
8 8 8 8 -1 8 8 8 8 8 8 8 8 8 8 8 8 8 8 8 
8 8 -1 -1 9 9 8 8 8 8 8 8 8 8 8 1 1 8 8 8 
8 8 -1 9 9 8 8 8 8 8 8 8 8 8 1 -1 1 8 8 8 
8 8 8 -1 8 8 8 8 8 8 9 8 9 8 9 8 8 -1 8 8 
8 8 -1 8 -1 8 8 8 -1 -1 9 9 9 8 8 8 8 8 8 8 
-1 -1 -1 -1 -1 -1 8 8 1 -1 9 8 8 8 8 8 8 -1 8 8 
9 9 8 8 8 -1 1 -1 1 -1 -1 -1 8 -1 8 8 8 8 8 8 
8 8 8 8 8 -1 8 -1 -1 8 -1 -1 1 1 -1 8 8 8 8 8 
8 8 8 8 8 8 8 8 8 8 8 -1 8 8 8 8 8 8 9 8 
8 8 8 8 8 8 -1 8 8 8 8 8 1 1 8 8 8 8 8 8 
8 8 8 8 -1 -1 8 8 8 8 8 8 8 1 9 8 8 8 8 8 
8 8 8 8 -1 -1 -1 -1 8 8 8 -1 1 -1 -1 9 8 8 8 8 
8 8 8 -1 -1 -1 -1 -1 8 8 8 8 8 -1 9 1 8 8 8 8 
8 8 -1 -1 2 2 1 8 8 8 8 8 8 8 1 9 1 8 8 8 
8 -1 -1 1 1 8 8 1 8 1 8 8 8 8 1 -1 1 1 8 8 
-1 8 -1 -1 -1 8 -1 1 1 -1 1 1 -1 8 1 1 8 8 2 8 
-1 -1 8 -1 -1 -1 -1 -1 -1 1 -1 -1 1 1 8 1 1 8 -1 2 
-1 -1 -1 -1 -1 -1 2 -1 9 -1 8 8 -1 -1 1 -1 1 -1 -1 -1 
-1 -1 -1 -1 -1 -1 2 2 -1 1 -1 -1 -1 -1 1 1 -1 -1 -1 -1 
-1 -1 -1 -1 -1 -1 1 -1 1 1 1 -1 -1 1 1 1 -1 -1 1 -1 
-1 -1 -1 -1 -1 -1 -1 1 1 -1 -1 -1 -1 -1 -1 1 1 -1 1 1 
-1 -1 -1 -1 -1 -1 1 1 -1 1 1 -1 1 1 -1 1 1 1 1 1 
-1 -1 -1 -1 -1 -1 1 1 -1 -1 -1 -1 -1 -1 -1 1 1 -1 -1 -1 
-1 -1 -1 -1 -1 1 -1 -1 -1 -1 -1 -1 -1 -1 -1 -1 1 -1 -1 -1 
-1 -1 -1 2 2 -1 -1 -1 -1 -1 -1 -1 1 1 -1 -1 -1 -1 -1 -1 
-1 1 2 2 2 -1 2 2 1 -1 -1 -1 -1 1 1 1 -1 -1 -1 -1 
1 1 -1 -1 -1 2 2 2 2 1 -1 -1 -1 -1 -1 -1 -1 -1 1 -1 
-1 -1 -1 2 2 2 -1 2 2 -1 1 -1 -1 8 1 1 1 1 1 1 
-1 -1 2 2 2 -1 -1 2 2 -1 -1 1 -1 -1 8 8 -1 -1 1 1 
-1 -1 2 -1 -1 2 -1 2 -1 2 1 1 1 -1 8 8 8 -1 1 1 
1 -1 -1 -1 -1 1 2 1 2 -1 1 1 1 1 8 -1 -1 1 1 1 
1 8 -1 1 1 1 1 -1 -1 -1 1 -1 1 1 -1 -1 -1 -1 -1 1 
1 8 -1 -1 1 -1 -1 -1 -1 1 8 2 1 -1 -1 -1 -1 -1 -1 -1 
-1 -1 -1 -1 -1 -1 -1 -1 8 8 8 8 -1 -1 -1 -1 1 -1 -1 -1 
-1 -1 -1 -1 -1 -1 -1 -1 8 8 8 -1 -1 -1 1 1 -1 -1 -1 -1 
-1 2 -1 -1 -1 -1 -1 8 8 -1 -1 -1 -1 -1 -1 1 1 -1 -1 -1 
-1 -1 -1 -1 1 -1 -1 8 8 8 8 8 -1 -1 1 1 1 1 -1 -1 
1 2 2 2 1 1 -1 2 2 2 -1 -1 1 1 -1 8 3 3 1 1 
2 3 3 2 2 2 -1 2 2 1 -1 1 1 -1 -1 2 3 1 -1 1 
1 3 2 3 2 2 2 2 2 2 1 -1 -1 -1 -1 3 1 -1 -1 1 
1 1 2 2 2 2 2 2 2 -1 2 -1 1 2 1 1 1 -1 1 1 
-1 2 2 2 1 2 -1 4 -1 -1 2 1 2 -1 1 -1 1 1 -1 -1 
-1 2 2 2 2 2 4 4 -1 2 1 1 -1 2 2 2 1 2 -1 -1 
-1 2 -1 2 2 2 -1 -1 -1 -1 1 1 -1 -1 -1 -1 2 1 2 -1 
-1 2 -1 -1 2 -1 1 2 1 1 1 1 1 2 2 -1 2 1 2 -1 
-1 -1 -1 -1 2 2 2 1 2 1 2 -1 1 2 2 -1 2 2 2 -1 
1 -1 -1 2 -1 -1 -1 1 2 2 -1 -1 2 1 2 2 2 2 2 2 
-1 2 2 -1 -1 2 3 2 2 2 -1 -1 -1 -1 2 2 -1 2 2 2 
8 2 2 2 2 2 2 2 2 2 2 -1 -1 -1 -1 2 2 -1 2 -1 
8 2 2 2 2 2 -1 2 2 2 -1 -1 -1 -1 -1 -1 -1 2 -1 8 
8 -1 -1 8 8 2 2 -1 2 2 2 -1 -1 -1 -1 1 2 2 2 8 
2 8 2 2 2 8 2 2 2 -1 2 2 -1 -1 1 1 -1 -1 2 2 
-1 2 2 2 2 2 2 2 2 2 2 -1 -1 -1 3 3 -1 2 2 2 
-1 2 2 8 2 2 2 2 2 2 -1 2 2 2 -1 2 2 2 1 2 
-1 -1 -1 2 2 2 2 2 1 2 2 2 -1 1 -1 2 2 2 1 2 
2 -1 2 2 2 1 2 2 1 -1 2 2 1 -1 -1 3 2 1 1 2 
-1 2 -1 -1 1 -1 1 2 2 -1 -1 -1 -1 1 1 3 2 1 -1 1 
-1 2 -1 8 2 2 4 -1 -1 3 2 -1 3 3 2 -1 -1 -1 -1 -1 
-1 -1 2 -1 8 4 -1 -1 -1 3 3 2 3 3 -1 2 -1 -1 -1 -1 
-1 2 3 2 8 4 4 -1 3 -1 3 3 3 2 1 -1 -1 -1 -1 -1 
3 2 2 2 2 4 4 8 -1 8 3 3 2 2 -1 -1 -1 -1 3 3 
-1 8 3 2 2 2 8 8 8 -1 2 -1 2 -1 3 8 3 3 3 3 
1 3 8 2 3 -1 2 8 8 8 2 8 8 1 2 8 8 3 1 1 
-1 8 -1 2 2 2 2 1 2 8 -1 2 1 2 2 8 3 -1 1 2 
-1 8 -1 2 2 -1 1 2 -1 -1 -1 2 2 2 1 -1 1 1 2 -1 
-1 2 -1 -1 1 -1 2 2 2 -1 -1 -1 1 1 -1 8 1 1 2 -1 
-1 -1 2 2 2 2 2 2 2 2 1 2 2 1 2 1 8 1 1 2 
2 -1 2 2 2 2 2 2 2 2 -1 -1 2 1 1 8 1 1 1 2 
2 2 2 2 -1 2 2 -1 2 2 3 1 2 8 -1 1 1 8 -1 1 
2 1 -1 2 2 1 1 1 -1 2 2 2 2 3 8 1 8 8 -1 -1 
2 1 -1 2 2 1 1 2 1 2 2 2 -1 6 6 1 8 8 -1 2 
2 2 -1 2 -1 2 1 -1 2 2 2 -1 -1 2 6 2 1 2 2 -1 
2 2 2 2 2 1 2 2 2 -1 -1 2 -1 2 6 6 2 2 -1 2 
2 -1 2 2 2 2 2 2 -1 3 -1 6 -1 2 2 -1 2 -1 8 -1 
8 2 -1 2 -1 2 2 -1 -1 2 3 2 3 2 3 2 -1 2 8 2 
8 8 -1 -1 2 2 3 2 -1 3 3 3 2 3 3 2 2 2 -1 2 
-1 -1 -1 2 2 2 2 4 -1 2 2 2 -1 2 3 2 2 2 -1 -1 
8 2 2 3 2 2 2 2 8 -1 1 8 -1 8 8 8 -1 2 2 2 
8 8 8 8 -1 2 2 2 2 8 -1 8 8 8 8 8 2 8 8 8 
1 1 8 1 -1 -1 2 2 8 8 8 8 8 8 8 2 8 2 8 8 
2 1 1 8 2 -1 8 2 8 8 8 -1 -1 2 2 2 2 2 2 2 
-1 -1 1 2 2 2 2 -1 -1 8 -1 1 2 2 8 -1 2 2 2 -1 
2 2 1 1 2 2 1 2 2 8 8 2 2 2 -1 2 8 8 2 2 
2 2 2 2 2 1 -1 8 8 8 2 2 2 -1 2 8 2 8 8 2 
-1 -1 2 2 2 1 -1 -1 -1 8 -1 8 -1 8 8 -1 2 8 -1 -1 
8 8 8 2 2 2 2 -1 8 8 8 2 8 8 8 2 8 8 -1 8 
8 8 8 2 2 2 1 -1 -1 2 2 2 2 -1 8 2 1 1 1 8 
8 8 2 8 8 -1 1 1 1 -1 2 2 2 2 -1 3 3 2 2 2 
2 -1 -1 -1 2 -1 -1 -1 2 -1 2 2 3 2 3 3 2 2 2 -1 
-1 -1 -1 -1 2 -1 2 2 -1 2 2 1 3 -1 -1 -1 3 2 3 2 
2 3 3 -1 2 2 2 2 2 -1 2 2 1 2 2 3 2 -1 -1 2 
3 3 3 3 2 2 2 2 2 2 3 3 2 2 3 3 2 2 -1 2 
3 2 3 3 -1 2 3 2 2 3 3 2 2 2 2 2 3 3 2 3 
3 2 3 3 -1 3 -1 2 3 -1 2 2 3 3 3 3 2 3 3 3 
-1 2 2 -1 -1 3 3 -1 2 2 2 3 2 3 2 8 8 3 2 3 
3 2 3 2 -1 2 2 -1 2 2 2 2 2 8 2 8 8 2 -1 3 
8 3 2 3 -1 2 2 2 -1 -1 2 3 3 2 8 8 8 8 3 -1 
1 8 8 8 8 -1 -1 8 8 8 2 8 8 2 2 -1 8 2 2 1 
8 1 8 -1 2 -1 -1 8 8 8 8 8 8 8 2 2 3 8 2 1 
2 2 2 8 2 2 -1 8 2 8 8 8 -1 -1 -1 3 -1 1 -1 2 
8 2 2 8 2 2 2 2 -1 2 -1 -1 -1 -1 2 2 -1 -1 1 1 
8 8 2 -1 -1 -1 2 8 2 2 2 2 2 8 2 -1 3 3 8 2 
-1 2 2 2 2 -1 2 2 8 2 2 2 2 2 2 2 3 -1 2 8 
-1 2 -1 2 -1 2 2 2 2 2 2 2 2 2 2 3 8 8 8 -1 
-1 -1 2 2 2 2 2 2 2 2 2 2 -1 2 2 3 -1 2 8 8 
2 -1 2 -1 2 8 8 2 2 2 2 2 -1 2 2 -1 -1 2 2 8 
1 2 2 2 2 2 2 2 2 2 2 2 2 2 -1 3 3 2 2 2 
1 2 8 2 2 2 2 2 2 -1 2 2 2 2 -1 3 2 -1 2 1 
1 2 -1 1 2 2 2 2 2 2 -1 2 2 2 2 2 2 2 -1 2 
2 1 2 1 1 -1 2 2 2 -1 -1 2 3 3 -1 1 2 1 1 1 
8 2 -1 1 1 -1 -1 2 2 2 -1 2 2 2 1 1 1 1 -1 2 
2 2 -1 1 2 1 2 2 2 2 2 2 2 -1 1 1 8 8 8 8 
-1 2 2 2 2 1 2 1 2 2 2 2 2 1 1 2 2 8 8 8 
-1 -1 8 -1 2 2 2 1 1 -1 2 2 2 -1 2 2 2 8 8 8 
2 2 8 8 2 2 1 1 2 2 -1 2 2 2 2 8 2 8 8 8 
2 2 8 8 8 8 3 2 2 2 2 2 2 2 2 2 8 8 8 2 
8 2 -1 8 -1 8 3 8 2 2 2 2 2 2 2 2 8 2 8 8 
8 8 8 8 8 8 8 8 8 8 8 8 8 2 2 8 -1 -1 -1 8 
-1 8 8 8 8 8 8 -1 8 1 8 8 8 8 2 2 -1 -1 8 8 
-1 8 8 8 8 8 8 8 8 1 8 8 8 8 2 2 -1 -1 -1 -1 
-1 8 8 8 8 8 8 8 8 8 9 8 8 8 2 2 -1 -1 -1 -1 
-1 8 8 -1 -1 8 8 8 8 8 1 -1 8 -1 2 2 2 2 -1 -1 
-1 8 -1 8 8 8 8 8 8 -1 -1 1 2 2 2 -1 -1 2 -1 -1 
-1 8 8 8 8 8 8 8 -1 2 1 2 2 2 2 -1 -1 2 -1 -1 
-1 8 -1 -1 8 8 -1 8 2 2 -1 2 2 -1 2 2 1 1 -1 -1 
-1 -1 -1 -1 8 -1 8 8 -1 -1 -1 -1 -1 -1 -1 -1 1 1 -1 -1 
-1 -1 -1 -1 -1 -1 8 8 8 8 8 -1 -1 -1 1 1 1 -1 -1 -1 
-1 -1 -1 -1 8 -1 8 -1 8 8 8 8 8 8 -1 -1 -1 -1 -1 -1 
-1 2 2 -1 -1 -1 8 8 8 8 8 8 8 8 -1 -1 -1 -1 -1 -1 
-1 -1 2 2 -1 -1 -1 2 8 8 2 8 -1 -1 -1 8 8 -1 -1 -1 
-1 -1 -1 -1 -1 2 2 2 2 2 8 8 8 8 -1 8 8 -1 8 -1 
8 -1 -1 -1 -1 2 2 2 2 2 2 2 2 2 8 8 8 8 8 8 
-1 8 8 -1 8 8 2 2 2 2 2 2 8 2 8 -1 -1 8 8 8 
8 8 -1 8 2 2 2 2 8 8 2 8 8 1 8 8 9 -1 8 8 
-1 -1 8 -1 -1 2 -1 2 8 8 8 8 1 1 1 9 8 8 -1 8 
-1 8 -1 -1 -1 -1 2 2 8 8 8 8 8 8 8 1 -1 8 8 -1 
8 -1 8 -1 -1 2 2 2 8 8 8 8 2 8 8 -1 8 8 -1 -1 
8 1 40 40 40 8 40 -1 -1 2 1 1 1 -1 -1 8 8 1 8 40 
8 1 1 -1 8 8 40 -1 1 -1 1 1 1 -1 8 8 -1 -1 -1 1 
1 1 -1 8 1 8 -1 -1 -1 1 -1 1 -1 1 -1 8 -1 8 8 8 
-1 -1 8 8 1 8 8 -1 1 -1 -1 -1 -1 -1 8 8 -1 -1 1 1 
1 1 -1 8 8 1 8 8 -1 -1 -1 -1 -1 -1 -1 -1 -1 -1 -1 1 
1 -1 -1 1 1 8 -1 -1 -1 -1 -1 -1 -1 -1 -1 8 -1 8 8 8 
8 2 2 1 1 2 2 -1 -1 -1 -1 -1 -1 -1 8 8 8 -1 2 8 
-1 8 -1 2 2 2 2 -1 8 8 8 -1 -1 8 8 8 8 8 8 8 
8 8 8 2 2 2 8 8 8 8 -1 -1 -1 -1 -1 9 8 8 8 8 
8 8 2 8 2 8 2 8 8 -1 -1 8 -1 -1 -1 9 8 8 8 8 
8 2 8 8 1 8 8 8 8 8 -1 8 8 -1 9 8 9 8 8 8 
2 2 2 8 -1 -1 8 8 -1 -1 1 8 40 9 9 8 8 8 8 8 
8 2 2 2 2 8 8 8 8 1 40 40 -1 1 8 8 2 8 8 8 
8 2 8 8 8 8 8 8 8 8 40 2 2 -1 1 8 8 8 8 8 
-1 8 8 8 8 8 8 1 8 1 2 -1 -1 -1 8 8 8 8 8 8 
8 8 8 8 8 8 8 1 8 -1 -1 -1 -1 1 8 8 8 8 8 8 
8 8 -1 8 -1 8 1 -1 8 1 -1 -1 -1 1 1 8 8 8 8 8 
8 8 2 40 8 -1 8 8 8 8 -1 -1 -1 -1 1 1 1 8 8 8 
40 40 8 8 -1 8 40 8 8 8 2 2 2 1 1 1 1 1 1 1 
1 40 40 8 8 40 8 8 -1 2 2 2 2 1 8 -1 8 8 8 1 
8 8 8 -1 8 1 1 1 1 1 -1 8 8 8 8 8 8 -1 1 8 
8 8 8 8 -1 2 8 -1 1 -1 1 -1 -1 8 8 8 8 1 8 1 
8 8 8 8 -1 2 2 -1 -1 -1 -1 1 -1 -1 8 8 1 8 1 8 
8 8 8 -1 -1 -1 2 2 -1 1 1 1 1 2 -1 -1 1 1 8 8 
-1 8 -1 -1 -1 -1 -1 -1 2 1 2 -1 -1 2 2 1 1 1 2 -1 
8 -1 -1 1 -1 -1 -1 2 -1 2 1 2 2 2 -1 -1 1 1 1 2 
8 -1 -1 -1 1 -1 2 -1 -1 2 2 2 2 -1 1 1 1 -1 8 2 
8 8 8 -1 1 1 1 -1 2 -1 2 2 2 8 8 2 2 1 1 8 
8 8 -1 1 1 -1 -1 2 2 2 -1 2 2 -1 -1 2 1 2 8 -1 
-1 8 -1 -1 1 2 2 -1 -1 -1 2 2 2 2 2 1 1 1 8 -1 
8 8 8 -1 8 8 -1 2 2 8 2 2 2 2 -1 1 1 -1 8 8 
8 8 8 8 8 -1 -1 -1 -1 8 8 -1 1 -1 -1 1 8 8 -1 2 
8 -1 8 -1 8 8 8 -1 -1 -1 -1 -1 -1 1 8 8 8 -1 2 2 
-1 -1 8 8 8 8 -1 -1 1 -1 2 2 1 8 1 8 1 8 8 2 
8 8 8 -1 -1 -1 8 -1 -1 1 8 2 8 -1 8 1 8 8 8 8 
8 -1 -1 -1 8 -1 -1 -1 1 1 8 8 8 8 1 8 8 8 8 8 
8 8 -1 8 8 8 -1 -1 8 8 1 1 1 1 1 8 8 8 8 8 
8 -1 8 8 -1 8 8 8 8 8 -1 1 1 1 8 8 8 8 8 -1 
8 -1 8 -1 -1 -1 8 1 1 1 8 -1 1 8 8 8 8 8 8 8 
8 8 -1 8 8 8 1 8 1 1 -1 -1 8 8 8 8 8 8 8 8 
-1 -1 -1 1 1 -1 -1 -1 -1 8 -1 1 1 1 -1 -1 -1 -1 -1 -1 
-1 1 -1 -1 -1 -1 8 8 8 8 8 -1 -1 1 1 2 -1 -1 -1 -1 
-1 1 1 -1 -1 -1 8 8 8 8 8 -1 -1 1 1 -1 -1 -1 -1 1 
-1 2 1 -1 -1 1 -1 8 8 8 8 -1 -1 -1 -1 1 -1 -1 2 2 
2 -1 -1 -1 -1 1 -1 1 8 8 8 8 2 1 -1 -1 -1 2 2 2 
1 -1 2 -1 -1 -1 2 -1 8 8 -1 -1 8 2 -1 -1 2 2 -1 1 
2 1 2 2 1 2 -1 -1 8 -1 -1 -1 -1 -1 2 2 2 -1 2 2 
1 2 2 -1 2 -1 -1 -1 -1 -1 -1 -1 -1 -1 -1 2 2 2 2 2 
1 1 1 2 -1 2 -1 -1 1 -1 -1 -1 -1 -1 -1 2 2 2 2 2 
2 2 2 -1 2 2 -1 -1 -1 1 1 1 -1 -1 -1 -1 -1 2 2 2 
2 2 -1 -1 -1 1 -1 -1 -1 1 2 2 1 1 1 1 1 2 -1 2 
2 2 1 -1 -1 -1 -1 -1 2 1 2 1 2 1 1 -1 1 -1 2 2 
2 2 1 1 -1 -1 -1 -1 1 2 2 2 -1 1 1 1 1 -1 -1 -1 
2 1 1 1 -1 -1 1 2 2 2 2 2 2 2 2 1 1 -1 -1 -1 
2 1 1 -1 -1 1 -1 -1 8 2 2 2 2 2 2 -1 -1 -1 -1 2 
-1 1 -1 -1 -1 1 -1 -1 -1 8 -1 1 -1 1 1 -1 -1 -1 -1 2 
-1 1 1 -1 -1 1 -1 -1 -1 -1 1 1 1 2 2 -1 -1 -1 -1 -1 
1 1 1 1 1 -1 1 -1 1 -1 -1 1 1 -1 -1 -1 -1 -1 -1 -1 
1 1 -1 1 1 1 -1 -1 -1 -1 -1 1 1 1 1 -1 -1 -1 -1 -1 
1 1 -1 1 -1 1 -1 -1 -1 -1 -1 -1 -1 1 1 -1 -1 -1 -1 -1 
2 2 2 2 2 2 -1 -1 -1 -1 -1 -1 -1 1 1 1 1 -1 -1 -1 
-1 2 2 2 2 2 -1 -1 -1 -1 -1 -1 -1 -1 1 1 -1 -1 -1 -1 
-1 -1 2 2 2 -1 -1 -1 -1 -1 -1 -1 -1 1 1 1 -1 -1 -1 -1 
1 -1 -1 1 -1 2 -1 -1 -1 -1 -1 -1 -1 1 1 -1 1 -1 -1 -1 
1 2 -1 1 1 1 1 1 -1 -1 -1 -1 1 -1 -1 1 -1 -1 1 1 
1 1 2 1 1 1 -1 -1 -1 -1 -1 -1 -1 -1 1 -1 1 1 1 1 
1 1 -1 1 1 -1 -1 -1 -1 -1 -1 -1 1 -1 1 1 1 -1 -1 1 
-1 1 -1 -1 1 1 -1 -1 -1 -1 -1 1 1 1 1 -1 1 1 1 1 
1 1 2 1 1 1 -1 -1 -1 -1 -1 1 1 1 -1 1 1 -1 1 1 
2 2 -1 1 1 1 1 1 1 -1 -1 -1 1 1 1 -1 1 -1 -1 1 
2 -1 2 1 1 -1 -1 1 1 1 -1 -1 -1 1 1 1 -1 1 2 -1 
1 2 2 2 2 -1 2 -1 1 1 -1 -1 -1 1 1 -1 -1 2 2 -1 
2 1 -1 2 2 2 2 1 1 -1 1 -1 -1 -1 -1 -1 -1 1 -1 1 
1 -1 2 2 2 -1 2 1 2 1 -1 -1 -1 -1 -1 -1 -1 -1 -1 2 
2 2 2 -1 2 2 2 -1 -1 -1 -1 -1 -1 -1 -1 -1 -1 -1 2 2 
2 2 2 2 -1 2 2 2 -1 -1 -1 -1 -1 -1 -1 -1 2 2 2 -1 
2 2 2 2 2 2 2 2 2 -1 -1 -1 -1 -1 -1 -1 -1 2 -1 2 
2 2 -1 -1 2 2 2 -1 -1 2 -1 -1 -1 -1 -1 -1 -1 2 2 2 
2 -1 -1 2 2 2 2 2 2 2 -1 -1 -1 2 -1 -1 -1 -1 2 2 
2 2 2 -1 2 -1 2 -1 2 -1 -1 -1 -1 -1 1 1 -1 -1 -1 -1 
2 2 -1 2 8 2 2 1 1 -1 1 1 1 -1 -1 2 -1 2 2 2 
2 2 2 -1 2 2 2 2 1 2 1 1 -1 -1 2 2 2 2 2 2 
-1 2 2 2 2 2 2 2 8 2 -1 8 -1 2 2 2 2 2 2 2 
2 -1 2 1 1 2 2 2 2 2 -1 8 8 -1 2 2 -1 2 1 1 
2 2 2 1 1 1 1 2 -1 2 8 1 8 -1 2 2 2 2 -1 2 
2 2 2 2 1 2 2 -1 2 2 2 -1 2 8 8 -1 2 2 2 -1 
2 2 2 2 2 1 1 -1 40 2 2 2 8 -1 1 1 1 2 2 -1 
2 2 2 2 -1 -1 -1 2 2 40 2 -1 8 1 1 -1 1 1 1 2 
2 2 2 2 2 2 2 -1 -1 -1 8 8 1 1 1 1 1 1 -1 -1 
2 2 2 2 2 2 -1 2 2 2 2 -1 8 1 1 1 1 2 2 2 
2 -1 2 2 2 -1 2 -1 2 2 -1 8 1 1 1 1 2 1 1 -1 
-1 -1 2 2 2 -1 -1 -1 -1 2 -1 -1 8 -1 1 1 1 2 1 -1 
1 2 1 2 -1 -1 -1 -1 -1 -1 -1 -1 -1 1 -1 1 1 1 1 1 
1 1 -1 1 -1 -1 -1 -1 1 1 1 1 1 -1 2 -1 1 -1 1 -1 
1 -1 1 -1 -1 -1 -1 -1 -1 1 1 -1 1 2 2 2 1 1 -1 -1 
1 -1 -1 -1 -1 1 -1 -1 1 1 -1 1 2 -1 -1 1 1 1 2 1 
-1 -1 -1 -1 1 1 -1 -1 -1 1 1 -1 1 1 -1 1 1 1 2 1 
-1 -1 -1 -1 1 -1 1 2 2 -1 -1 -1 1 1 1 1 -1 2 2 -1 
2 2 -1 -1 -1 -1 1 2 2 1 1 1 1 2 -1 2 2 2 2 2 
2 -1 2 -1 -1 -1 1 1 1 1 -1 -1 1 2 2 2 -1 2 2 2 
1 1 1 8 8 8 -1 1 1 2 2 2 8 1 1 2 2 2 1 1 
-1 -1 8 8 8 -1 8 1 2 2 2 -1 8 8 -1 -1 1 2 2 2 
-1 8 8 8 8 8 8 2 2 2 2 -1 -1 8 -1 1 1 -1 -1 -1 
8 8 -1 -1 8 8 1 1 2 2 2 -1 -1 -1 1 -1 1 2 1 2 
8 -1 -1 8 1 -1 8 -1 2 2 2 2 -1 -1 -1 -1 1 -1 2 1 
-1 1 -1 -1 -1 -1 -1 -1 2 2 2 2 -1 -1 -1 -1 -1 2 1 1 
-1 -1 -1 1 -1 -1 -1 -1 -1 2 2 2 8 8 8 -1 -1 -1 -1 -1 
8 8 1 1 1 -1 -1 -1 -1 1 8 2 8 8 8 -1 -1 8 8 1 
-1 1 -1 8 8 -1 -1 1 1 8 8 8 8 -1 8 8 8 8 8 1 
8 8 8 8 8 8 8 1 1 -1 8 8 8 8 8 8 8 8 8 1 
8 8 2 8 2 8 8 8 -1 1 -1 1 1 8 8 8 8 8 1 -1 
-1 2 2 2 2 8 8 1 1 1 1 1 8 8 8 8 8 8 8 8 
-1 2 2 2 8 8 1 1 -1 1 1 8 1 8 8 8 -1 8 8 -1 
-1 2 2 2 8 8 8 2 1 1 8 1 8 1 8 8 8 2 1 8 
8 -1 -1 1 -1 8 -1 1 1 8 1 2 1 8 8 8 8 2 1 8 
8 8 1 1 -1 -1 -1 1 1 1 8 2 8 2 8 8 2 2 8 8 
-1 8 -1 -1 1 1 1 -1 1 2 8 8 8 2 2 2 2 8 2 8 
1 -1 8 -1 -1 -1 -1 -1 8 8 2 8 -1 -1 2 2 -1 8 1 -1 
1 8 8 8 -1 -1 -1 8 8 8 8 2 2 2 -1 2 2 1 1 1 
1 8 8 8 -1 -1 1 -1 8 8 2 2 8 -1 2 2 2 1 1 1 
2 1 2 2 8 2 8 8 8 8 8 2 8 -1 8 9 8 8 8 8 
1 8 8 2 8 8 8 8 8 8 -1 2 8 8 8 8 8 8 8 9 
1 8 8 8 8 8 8 8 8 -1 8 -1 8 8 8 8 8 8 8 1 
8 1 1 1 8 8 8 -1 -1 8 1 1 8 8 8 8 8 8 8 8 
8 1 1 1 -1 -1 -1 -1 -1 -1 1 8 8 8 8 8 8 1 8 1 
8 1 -1 1 8 -1 -1 -1 -1 -1 8 8 8 8 8 8 8 8 8 8 
8 8 8 8 8 -1 -1 -1 -1 2 8 2 2 8 8 8 8 8 8 8 
8 -1 8 1 1 8 8 2 2 2 2 2 8 2 8 8 8 8 8 8 
8 8 1 1 1 2 2 2 2 2 2 2 8 -1 2 -1 8 8 8 8 
8 8 1 1 1 2 2 2 2 2 2 2 -1 2 8 -1 8 8 8 1 
8 8 8 8 -1 2 2 8 2 8 8 8 2 8 -1 8 8 8 8 8 
8 8 8 8 1 8 2 8 2 8 8 8 8 2 8 8 8 8 8 8 
8 1 8 8 8 8 8 8 2 2 8 8 2 8 8 8 8 8 8 8 
1 1 1 -1 1 8 8 8 1 8 8 8 8 2 2 8 8 8 8 8 
1 1 1 8 1 8 8 8 1 1 2 8 8 2 2 8 8 8 8 8 
8 8 8 -1 1 8 8 8 8 1 8 8 8 8 8 8 8 8 8 8 
8 8 8 8 8 8 8 8 8 2 2 8 8 8 8 -1 8 8 8 1 
8 8 8 8 8 8 8 8 8 2 8 8 8 8 8 8 8 1 -1 -1 
8 8 2 8 8 8 8 8 8 8 1 1 8 8 8 8 1 -1 -1 1 
-1 2 3 8 2 8 8 8 8 8 8 8 2 8 9 8 8 1 -1 1 
1 1 1 -1 -1 1 1 1 1 1 1 8 8 8 8 1 8 1 1 1 
1 1 1 -1 -1 3 1 3 1 1 1 1 2 8 8 1 1 1 1 1 
1 2 1 2 2 3 3 1 -1 1 2 8 2 8 2 8 8 1 8 1 
1 -1 -1 -1 -1 3 3 3 -1 2 8 2 2 2 8 -1 2 2 -1 1 
1 -1 -1 -1 -1 3 3 3 3 3 3 2 2 2 2 8 8 8 1 1 
-1 -1 -1 1 3 3 3 3 3 2 3 -1 -1 2 2 -1 8 8 8 -1 
-1 -1 2 2 3 1 3 3 -1 -1 2 2 1 -1 -1 -1 8 1 1 8 
8 2 -1 2 2 2 3 3 -1 -1 1 1 -1 1 -1 8 -1 8 1 -1 
-1 2 -1 -1 2 2 -1 -1 -1 1 2 1 1 1 8 2 -1 -1 2 2 
2 -1 -1 -1 8 2 -1 -1 2 -1 1 1 1 1 8 8 -1 -1 -1 2 
2 -1 -1 8 -1 8 2 -1 2 -1 1 1 1 1 8 8 -1 -1 2 8 
-1 -1 8 -1 2 8 8 2 2 2 1 1 1 -1 8 1 8 2 8 -1 
8 8 8 2 2 8 2 8 2 1 1 1 -1 -1 8 8 8 8 8 8 
8 8 2 8 8 8 8 8 1 2 -1 -1 -1 -1 8 8 8 8 8 8 
8 2 1 8 8 8 8 2 -1 1 8 -1 2 -1 8 8 8 8 8 8 
8 -1 1 -1 8 8 2 1 -1 -1 8 2 2 2 1 8 8 8 8 8 
2 2 1 -1 -1 8 1 1 -1 -1 -1 2 4 4 -1 8 8 8 8 8 
1 1 1 -1 1 1 1 1 -1 -1 1 2 4 -1 8 1 8 2 8 8 
1 1 1 1 1 -1 1 -1 1 2 1 1 2 4 -1 8 1 8 1 8 
1 1 1 -1 -1 1 1 1 1 1 1 8 2 8 -1 8 -1 1 1 1 
8 8 -1 1 -1 2 -1 1 2 1 -1 1 -1 -1 -1 2 -1 -1 8 8 
8 8 -1 2 2 1 2 2 1 1 2 4 -1 2 -1 2 -1 8 8 8 
-1 -1 2 -1 2 2 1 1 1 2 8 8 8 2 2 -1 -1 8 8 8 
1 1 2 1 1 2 2 2 -1 1 8 8 2 8 -1 -1 -1 2 8 8 
1 1 1 1 2 8 2 2 2 2 2 2 2 2 2 2 2 2 -1 -1 
1 1 1 1 2 8 8 2 2 2 2 -1 2 2 2 2 2 2 1 1 
2 2 -1 2 2 2 -1 2 2 2 2 2 -1 2 2 2 -1 1 2 2 
2 -1 1 -1 2 2 1 -1 -1 -1 2 2 2 2 2 2 2 2 2 2 
1 -1 2 2 -1 2 1 1 2 2 2 2 2 2 2 2 2 2 2 2 
1 2 2 -1 2 1 1 -1 2 2 2 2 2 2 2 2 2 2 1 1 
1 2 2 2 3 1 2 2 2 2 2 2 2 2 2 2 2 2 1 1 
-1 2 2 -1 2 3 1 -1 -1 2 -1 2 2 2 2 2 2 2 2 -1 
2 2 -1 2 4 2 2 2 2 -1 2 1 8 -1 8 2 2 8 -1 -1 
8 2 2 2 4 2 2 2 2 1 1 1 -1 8 8 8 2 8 -1 -1 
8 8 8 2 2 2 2 -1 2 -1 1 1 1 2 8 -1 8 2 8 8 
8 8 8 8 -1 2 2 2 2 2 2 1 2 2 2 2 8 8 2 8 
8 2 2 -1 2 2 -1 2 2 2 2 2 2 2 2 8 8 8 -1 2 
4 2 -1 2 4 -1 2 2 -1 2 1 -1 1 1 2 8 8 2 8 -1 
4 4 4 -1 2 2 1 1 2 1 -1 1 -1 1 2 2 2 8 2 8 
8 4 4 -1 1 2 1 2 1 -1 1 1 1 2 2 2 2 2 2 2 
1 8 -1 8 2 -1 2 2 2 2 2 2 8 2 9 2 8 8 8 8 
9 8 8 8 8 8 2 2 2 8 8 8 2 8 9 9 9 8 8 8 
8 1 1 1 1 2 2 2 2 8 8 2 8 8 8 9 8 8 8 8 
8 8 8 1 2 2 -1 -1 8 8 2 2 8 8 8 8 8 8 8 8 
8 8 8 2 2 2 2 8 2 8 2 -1 -1 8 8 8 8 8 8 8 
8 8 8 2 -1 2 2 8 8 2 8 8 8 8 8 8 -1 8 8 8 
8 8 1 1 1 2 2 2 2 2 2 1 8 2 8 8 8 8 1 8 
8 8 1 1 2 -1 1 2 2 2 2 2 2 2 -1 3 3 3 -1 8 
8 8 -1 8 -1 -1 2 2 1 1 8 2 8 8 8 8 3 3 8 8 
8 8 8 8 8 8 1 1 2 1 2 1 -1 8 8 8 8 -1 8 8 
8 -1 1 8 1 8 1 -1 2 2 1 1 8 8 2 8 8 8 8 8 
8 8 1 8 1 -1 -1 1 2 1 2 1 -1 8 2 8 8 8 1 1 
8 8 -1 1 -1 -1 -1 2 2 2 2 2 2 2 2 2 8 8 1 8 
8 8 8 1 1 1 -1 1 -1 1 1 2 2 1 2 2 1 8 1 1 
9 8 8 8 2 -1 2 2 8 8 1 1 1 1 1 1 8 8 1 8 
1 9 8 -1 2 -1 2 8 2 8 2 2 1 1 1 1 8 1 8 -1 
1 9 9 8 2 2 -1 2 -1 1 2 2 8 -1 1 1 -1 -1 -1 -1 
8 2 8 9 2 2 -1 -1 1 -1 2 2 2 8 2 -1 1 2 2 -1 
8 8 9 2 2 2 2 1 -1 2 2 2 -1 2 1 2 2 2 2 8 
1 8 8 2 -1 2 2 2 1 2 2 2 2 8 2 2 2 8 8 1 
8 8 1 1 1 -1 1 1 1 1 -1 1 1 1 -1 8 -1 1 -1 1 
1 8 8 1 1 1 2 2 1 1 1 1 1 1 1 8 -1 2 1 1 
-1 1 1 1 -1 -1 2 1 1 1 1 2 1 1 8 8 8 8 2 -1 
-1 1 -1 -1 1 -1 -1 -1 2 1 1 1 2 8 9 8 1 8 -1 2 
-1 1 1 -1 2 1 -1 -1 8 1 1 1 2 2 8 1 1 1 -1 -1 
1 -1 1 2 -1 -1 1 -1 1 8 2 1 2 2 1 1 1 -1 -1 -1 
-1 -1 1 -1 2 -1 -1 -1 -1 1 -1 2 2 1 1 1 1 -1 -1 -1 
-1 -1 -1 1 -1 -1 -1 -1 1 -1 2 -1 1 1 1 1 1 -1 -1 -1 
-1 -1 -1 -1 -1 -1 -1 -1 -1 -1 -1 -1 -1 -1 1 -1 -1 -1 -1 -1 
1 -1 1 -1 -1 -1 -1 -1 -1 -1 -1 -1 -1 -1 -1 -1 -1 -1 -1 -1 
1 1 -1 -1 -1 1 1 -1 -1 1 1 -1 -1 -1 -1 -1 -1 1 -1 1 
1 1 -1 -1 1 -1 1 -1 -1 -1 1 1 1 1 1 1 1 1 1 -1 
1 2 1 1 -1 1 1 1 1 -1 -1 -1 1 -1 -1 1 1 1 1 -1 
-1 2 1 1 -1 1 1 1 1 1 1 -1 1 -1 -1 -1 1 1 -1 1 
-1 -1 2 1 -1 1 1 1 1 -1 1 -1 1 1 -1 1 1 -1 -1 2 
2 -1 -1 -1 1 1 1 1 -1 1 -1 -1 -1 1 1 1 -1 1 2 2 
-1 -1 -1 1 1 1 1 1 -1 -1 1 -1 2 -1 -1 -1 8 -1 1 2 
-1 -1 1 -1 1 1 -1 1 1 1 1 -1 2 -1 -1 -1 8 8 8 -1 
1 1 -1 1 1 1 2 1 1 2 1 1 1 -1 -1 -1 -1 1 1 -1 
8 8 1 1 2 1 2 2 2 1 1 1 1 1 1 8 1 -1 -1 1 
1 1 -1 -1 -1 -1 -1 2 -1 -1 -1 -1 -1 -1 -1 1 -1 1 1 1 
1 -1 1 -1 -1 -1 -1 -1 2 -1 -1 -1 -1 -1 -1 -1 1 1 1 1 
1 -1 -1 -1 -1 -1 -1 2 2 2 -1 -1 1 1 -1 -1 -1 1 1 1 
-1 -1 -1 -1 -1 -1 -1 -1 2 2 2 1 1 1 1 -1 -1 1 -1 2 
-1 -1 -1 -1 -1 -1 -1 -1 2 -1 -1 1 1 1 -1 -1 -1 2 2 -1 
2 -1 -1 -1 -1 1 1 -1 -1 -1 -1 1 1 1 1 -1 2 -1 2 2 
2 2 -1 -1 -1 1 1 -1 -1 -1 -1 -1 1 1 -1 1 1 2 2 2 
2 -1 -1 -1 -1 -1 -1 1 -1 -1 -1 -1 1 1 1 1 -1 1 2 2 
2 -1 -1 -1 -1 -1 -1 -1 -1 -1 -1 -1 1 1 1 1 1 1 -1 -1 
-1 -1 -1 -1 -1 -1 -1 -1 -1 1 1 1 1 1 1 1 1 2 2 2 
-1 1 -1 -1 -1 -1 -1 -1 -1 1 1 1 1 1 1 2 2 2 2 -1 
1 1 1 -1 -1 -1 -1 -1 -1 -1 1 1 1 1 1 2 2 -1 -1 -1 
1 1 1 -1 -1 -1 -1 -1 -1 -1 1 1 -1 1 1 2 1 1 -1 -1 
1 1 -1 -1 -1 -1 -1 -1 1 1 -1 1 1 1 1 1 1 1 1 1 
-1 -1 -1 -1 -1 -1 -1 -1 -1 1 1 1 1 1 1 -1 -1 -1 -1 -1 
-1 -1 -1 -1 -1 -1 -1 1 -1 -1 -1 -1 -1 1 1 1 -1 1 -1 -1 
-1 -1 -1 -1 -1 -1 1 1 -1 -1 -1 -1 -1 1 -1 -1 1 -1 1 1 
1 -1 -1 -1 -1 -1 1 -1 -1 -1 -1 -1 -1 1 1 1 -1 1 1 1 
1 -1 -1 -1 -1 -1 -1 -1 -1 -1 -1 -1 -1 1 -1 1 -1 -1 1 1 
1 -1 -1 -1 -1 -1 -1 -1 -1 -1 -1 -1 1 2 1 1 1 1 1 1 
2 -1 -1 -1 1 1 -1 -1 1 -1 -1 -1 -1 -1 -1 -1 1 -1 -1 -1 
2 -1 -1 -1 -1 -1 1 -1 -1 1 1 1 -1 -1 -1 1 -1 -1 -1 2 
1 1 -1 -1 -1 -1 1 1 -1 1 1 -1 1 -1 -1 1 1 -1 -1 -1 
1 -1 -1 -1 -1 -1 1 -1 1 -1 -1 -1 1 1 1 1 -1 -1 -1 -1 
-1 1 -1 -1 -1 -1 1 -1 -1 -1 -1 -1 1 1 1 -1 1 -1 -1 -1 
1 -1 -1 -1 -1 1 1 -1 -1 -1 -1 -1 1 -1 1 1 1 -1 -1 -1 
-1 -1 -1 -1 -1 -1 1 -1 -1 -1 -1 -1 -1 -1 -1 -1 -1 -1 -1 1 
-1 -1 -1 -1 -1 -1 -1 -1 -1 -1 -1 -1 -1 -1 1 -1 -1 -1 -1 -1 
-1 -1 -1 -1 -1 -1 -1 -1 -1 -1 -1 -1 -1 -1 -1 -1 -1 -1 -1 -1 
-1 -1 -1 -1 -1 -1 -1 1 -1 -1 1 1 -1 -1 -1 -1 -1 -1 -1 -1 
-1 -1 -1 -1 -1 -1 -1 -1 -1 1 1 1 -1 -1 -1 -1 -1 -1 -1 -1 
-1 1 -1 1 -1 -1 -1 1 -1 -1 -1 1 -1 -1 -1 -1 -1 -1 -1 -1 
-1 1 1 -1 1 -1 -1 -1 1 -1 -1 -1 -1 -1 -1 -1 -1 -1 -1 -1 
-1 -1 -1 1 1 1 -1 1 -1 -1 -1 -1 -1 -1 -1 -1 -1 -1 -1 -1 
-1 -1 1 -1 1 -1 -1 1 1 -1 -1 -1 -1 -1 -1 -1 -1 -1 -1 -1 
-1 -1 -1 1 -1 -1 -1 -1 1 1 -1 -1 -1 -1 -1 -1 -1 -1 -1 -1 
-1 -1 -1 1 1 -1 -1 -1 1 -1 -1 -1 -1 -1 -1 1 -1 -1 -1 -1 
-1 -1 -1 -1 -1 -1 -1 -1 1 -1 -1 -1 -1 1 -1 1 -1 -1 -1 -1 
-1 -1 -1 -1 -1 -1 -1 -1 -1 -1 -1 -1 -1 1 1 -1 -1 -1 -1 -1 
-1 -1 -1 -1 -1 -1 1 -1 -1 1 -1 -1 -1 -1 -1 -1 -1 -1 -1 -1 
-1 -1 2 2 -1 1 1 1 -1 -1 2 -1 1 -1 2 2 2 -1 -1 -1 
-1 -1 -1 2 1 -1 -1 1 -1 -1 -1 -1 1 2 -1 -1 -1 2 -1 -1 
-1 -1 -1 -1 -1 -1 1 1 -1 -1 -1 -1 1 -1 2 1 -1 -1 -1 -1 
1 -1 -1 2 -1 -1 -1 -1 -1 -1 1 1 -1 -1 -1 1 -1 -1 -1 1 
1 -1 2 2 1 1 -1 -1 -1 -1 -1 -1 -1 -1 1 -1 2 2 1 -1 
-1 -1 1 2 1 1 -1 -1 -1 -1 -1 -1 -1 -1 1 1 2 2 1 2 
1 1 1 2 1 1 -1 -1 -1 -1 1 1 -1 -1 -1 -1 1 1 2 2 
1 1 -1 1 1 1 -1 -1 -1 -1 1 1 1 -1 -1 -1 -1 -1 1 2 
2 2 -1 -1 1 1 1 -1 -1 -1 -1 -1 -1 -1 -1 -1 -1 -1 2 2 
2 -1 1 1 -1 -1 -1 -1 -1 -1 -1 -1 1 -1 1 -1 -1 -1 2 2 
2 -1 1 -1 -1 -1 -1 -1 -1 1 -1 -1 1 1 1 -1 -1 2 2 2 
2 -1 -1 -1 -1 -1 -1 -1 -1 1 1 1 1 1 -1 -1 -1 2 2 -1 
-1 -1 -1 -1 -1 -1 -1 -1 -1 1 1 1 -1 1 -1 -1 -1 2 -1 -1 
-1 -1 -1 -1 -1 -1 -1 -1 1 1 1 -1 -1 -1 -1 1 2 1 -1 1 
1 -1 -1 -1 -1 -1 -1 -1 -1 1 1 1 -1 -1 2 -1 2 1 1 1 
-1 -1 1 -1 -1 -1 -1 -1 -1 -1 -1 1 -1 -1 -1 1 -1 1 1 1 
-1 -1 1 -1 -1 -1 -1 -1 1 -1 -1 -1 1 -1 -1 1 -1 1 -1 -1 
-1 -1 -1 -1 -1 -1 -1 -1 -1 -1 2 2 2 -1 2 2 -1 -1 -1 -1 
-1 -1 -1 -1 -1 -1 1 -1 -1 -1 1 -1 2 2 -1 -1 2 2 -1 -1 
-1 -1 -1 -1 -1 -1 1 -1 -1 1 -1 2 2 -1 2 -1 2 -1 -1 -1 
1 -1 -1 -1 1 -1 -1 -1 -1 -1 -1 -1 -1 -1 1 1 1 1 1 -1 
2 -1 -1 -1 1 1 -1 -1 1 1 -1 -1 -1 -1 -1 1 -1 -1 -1 2 
2 2 -1 1 -1 -1 -1 -1 1 -1 1 -1 -1 -1 -1 -1 -1 -1 2 2 
2 2 -1 1 1 -1 -1 -1 1 -1 -1 -1 -1 2 -1 -1 -1 -1 2 2 
1 2 2 2 2 1 1 -1 -1 -1 -1 -1 2 2 2 -1 2 -1 1 1 
2 2 1 1 1 1 1 -1 -1 -1 -1 -1 -1 2 -1 2 -1 2 -1 1 
2 1 2 1 1 1 -1 1 1 2 -1 2 2 1 2 -1 2 2 1 2 
-1 2 2 2 -1 1 1 -1 -1 2 2 2 -1 2 2 -1 -1 2 2 2 
2 2 1 2 2 -1 2 -1 2 1 2 2 -1 2 2 2 -1 2 2 2 
2 2 -1 2 2 -1 -1 -1 1 1 1 -1 -1 1 1 2 2 2 2 2 
2 2 -1 -1 2 -1 -1 1 2 1 1 1 1 2 2 2 2 2 2 2 
2 2 -1 -1 -1 -1 -1 1 1 -1 2 2 -1 2 2 2 2 2 2 2 
2 2 2 2 -1 -1 1 1 1 -1 2 1 2 2 2 2 2 -1 -1 2 
-1 2 2 2 2 1 1 1 1 -1 -1 2 1 2 2 2 -1 2 -1 2 
2 2 2 -1 2 1 1 1 -1 -1 -1 -1 -1 -1 2 -1 2 2 2 -1 
2 2 2 -1 -1 2 -1 1 -1 -1 -1 -1 -1 1 2 2 -1 2 2 2 
-1 -1 2 -1 1 1 -1 -1 -1 -1 -1 -1 1 -1 -1 2 2 2 -1 2 
-1 -1 2 1 -1 -1 1 -1 -1 -1 -1 -1 -1 -1 2 2 -1 2 2 2 
2 -1 -1 1 1 1 1 -1 -1 -1 -1 -1 -1 -1 -1 -1 -1 2 2 -1 
1 1 -1 -1 1 1 -1 -1 -1 -1 -1 -1 -1 1 1 -1 1 1 2 2 
2 2 -1 -1 2 -1 2 2 2 2 -1 2 2 -1 1 1 -1 -1 -1 -1 
2 -1 -1 1 -1 2 2 2 2 2 2 2 -1 -1 2 -1 -1 -1 -1 2 
2 2 2 -1 1 -1 -1 1 2 2 -1 -1 -1 -1 2 -1 -1 -1 1 2 
2 2 -1 -1 -1 1 1 -1 2 -1 -1 1 2 1 1 2 1 1 2 2 
2 2 1 -1 -1 1 1 -1 -1 1 1 -1 1 1 1 2 1 1 2 -1 
-1 -1 -1 1 1 1 1 -1 -1 2 2 2 1 -1 1 1 1 2 2 2 
2 -1 -1 -1 1 1 1 -1 1 -1 3 2 -1 2 -1 -1 1 -1 2 2 
-1 -1 -1 -1 1 -1 1 -1 -1 -1 -1 2 -1 2 2 -1 -1 -1 -1 -1 
-1 -1 -1 1 1 1 -1 -1 -1 -1 2 2 2 -1 -1 -1 -1 -1 -1 2 
2 -1 -1 -1 -1 -1 -1 -1 -1 -1 2 -1 2 -1 -1 -1 -1 -1 2 -1 
1 1 1 -1 -1 -1 -1 -1 -1 -1 -1 2 2 2 2 -1 -1 -1 2 2 
-1 -1 1 1 -1 -1 -1 -1 -1 -1 2 2 2 2 2 -1 2 2 2 2 
-1 -1 -1 1 -1 -1 -1 -1 -1 -1 -1 -1 -1 2 2 2 2 -1 2 -1 
-1 -1 -1 -1 -1 1 -1 -1 -1 -1 -1 -1 -1 8 8 8 -1 2 1 1 
1 1 -1 -1 -1 -1 -1 -1 -1 -1 -1 -1 2 -1 8 8 2 8 2 1 
1 -1 -1 -1 -1 -1 -1 -1 2 -1 -1 -1 -1 -1 -1 2 8 2 1 2 
-1 -1 -1 -1 -1 -1 -1 2 2 2 -1 2 -1 -1 -1 4 -1 1 2 1 
-1 -1 -1 -1 -1 2 2 2 2 2 2 -1 -1 -1 4 1 4 1 -1 -1 
-1 -1 -1 -1 -1 2 2 2 1 -1 -1 -1 -1 -1 -1 -1 1 -1 -1 -1 
-1 -1 -1 -1 2 -1 -1 2 1 2 -1 -1 2 -1 1 1 -1 -1 -1 -1 
2 2 -1 2 2 2 1 -1 -1 2 2 1 1 1 2 2 1 -1 -1 3 
2 2 2 -1 2 -1 2 2 2 2 2 2 2 2 8 8 -1 2 2 -1 
1 1 -1 2 -1 2 2 2 2 2 2 2 -1 -1 1 8 1 2 1 2 
-1 2 2 2 2 -1 -1 -1 2 2 -1 -1 2 2 2 2 1 2 2 -1 
-1 -1 2 2 -1 -1 -1 -1 2 -1 2 -1 2 2 2 2 2 -1 1 -1 
-1 2 -1 -1 -1 -1 -1 -1 -1 -1 -1 -1 2 -1 -1 2 2 2 -1 -1 
2 -1 1 1 -1 -1 -1 2 -1 2 -1 -1 -1 -1 -1 1 2 4 -1 2 
2 2 1 2 -1 2 2 2 2 2 2 -1 -1 -1 2 1 2 2 -1 2 
2 1 -1 -1 2 2 2 2 2 2 -1 -1 -1 2 1 1 1 2 2 -1 
2 1 1 -1 -1 2 2 2 2 2 2 2 2 2 1 1 1 2 -1 -1 
1 1 1 -1 -1 1 2 2 2 2 2 2 2 2 2 2 1 2 2 -1 
1 1 1 -1 1 -1 1 2 2 2 -1 2 2 2 1 1 2 1 1 2 
2 -1 -1 -1 1 -1 2 2 2 -1 2 2 2 1 2 1 1 -1 2 2 
2 2 -1 2 -1 2 2 2 2 2 2 2 2 2 2 -1 2 2 2 2 
2 -1 2 2 -1 -1 2 2 2 1 2 2 2 2 2 2 2 2 2 1 
1 -1 2 2 -1 -1 -1 2 1 2 2 2 -1 2 -1 2 2 2 2 2 
2 2 2 -1 2 2 -1 2 2 -1 2 -1 2 2 -1 2 2 2 2 2 
2 2 -1 2 2 2 -1 -1 2 -1 2 2 -1 -1 -1 -1 -1 -1 -1 -1 
2 -1 2 -1 2 2 -1 -1 -1 -1 -1 -1 1 -1 1 1 1 1 1 2 
2 2 3 2 2 -1 -1 -1 -1 -1 2 -1 1 1 1 1 1 1 -1 -1 
2 2 1 1 -1 2 1 2 2 1 1 -1 1 -1 2 -1 2 1 1 1 
1 1 1 1 -1 -1 1 1 1 1 1 1 -1 -1 -1 2 -1 -1 1 -1 
1 1 1 -1 1 2 1 -1 1 -1 -1 1 -1 -1 -1 -1 1 1 1 1 
-1 1 2 1 1 1 1 1 -1 -1 1 1 1 -1 -1 -1 -1 1 1 1 
1 -1 -1 1 1 1 1 -1 2 -1 1 -1 -1 -1 -1 -1 -1 -1 1 1 
2 2 2 2 1 -1 1 1 -1 1 1 1 2 -1 -1 2 -1 -1 -1 -1 
-1 2 2 1 1 -1 1 -1 -1 1 1 1 1 2 -1 2 2 -1 -1 -1 
2 2 -1 1 -1 -1 -1 -1 -1 1 1 1 1 2 2 2 -1 -1 -1 2 
2 2 2 2 -1 -1 2 -1 -1 -1 2 2 -1 2 2 2 2 -1 2 -1 
2 2 2 2 1 -1 -1 2 2 2 2 2 -1 2 2 2 2 -1 2 2 
2 2 -1 2 2 -1 -1 2 -1 1 1 2 2 -1 2 2 2 1 -1 -1 
-1 2 2 2 2 2 2 1 -1 1 1 1 1 -1 -1 -1 -1 1 -1 -1 
2 2 2 -1 2 2 1 2 1 1 1 1 1 -1 1 2 2 2 -1 -1 
1 -1 2 2 2 2 2 1 2 2 1 1 1 2 -1 2 2 2 1 -1 
1 2 -1 2 -1 2 -1 2 2 1 -1 1 2 2 -1 -1 -1 -1 -1 1 
1 2 2 2 2 -1 2 2 2 -1 1 1 2 -1 -1 -1 -1 2 2 1 
2 2 2 2 2 2 2 2 2 1 1 1 2 2 -1 -1 2 1 1 -1 
2 2 1 2 1 2 2 1 2 1 -1 -1 -1 2 2 2 2 1 2 2 
-1 2 2 1 2 2 2 2 1 1 1 1 -1 -1 -1 2 2 1 1 -1 
-1 2 2 2 -1 2 2 2 2 -1 1 -1 -1 2 -1 2 1 2 -1 -1 
-1 -1 -1 1 1 2 2 -1 -1 -1 -1 -1 -1 -1 -1 -1 2 -1 -1 -1 
-1 -1 -1 -1 2 2 2 -1 -1 -1 -1 -1 -1 -1 -1 2 -1 1 -1 -1 
-1 -1 2 2 2 2 2 2 -1 -1 -1 -1 -1 -1 -1 -1 -1 1 1 -1 
-1 -1 -1 -1 -1 2 2 2 -1 -1 -1 -1 -1 -1 -1 2 1 1 1 -1 
-1 -1 -1 2 2 2 2 2 2 -1 -1 -1 -1 -1 -1 2 1 -1 -1 -1 
-1 -1 2 2 2 2 2 -1 2 -1 -1 -1 1 -1 -1 1 -1 -1 -1 -1 
2 2 -1 1 1 1 1 -1 -1 2 -1 -1 -1 1 -1 -1 -1 -1 -1 -1 
-1 2 2 2 1 1 1 2 2 2 1 1 -1 -1 1 1 1 -1 -1 -1 
-1 2 2 1 1 -1 1 2 -1 2 2 1 -1 2 1 1 1 1 -1 -1 
-1 -1 2 1 1 1 2 -1 2 2 2 2 -1 2 2 1 -1 1 -1 -1 
-1 1 -1 1 1 2 2 -1 -1 2 2 2 2 2 -1 2 1 -1 1 1 
1 -1 1 -1 -1 -1 -1 2 1 2 -1 2 2 2 2 2 1 1 1 1 
-1 -1 -1 -1 -1 2 2 2 2 1 2 2 2 2 1 2 2 -1 -1 -1 
-1 -1 -1 -1 -1 2 2 2 2 2 2 2 2 2 1 2 -1 -1 -1 -1 
-1 -1 -1 1 -1 1 2 2 2 2 2 2 2 2 -1 -1 1 -1 -1 -1 
-1 -1 1 -1 1 2 2 2 2 2 2 2 2 4 1 1 1 1 -1 -1 
-1 -1 1 1 -1 2 -1 2 3 2 2 2 1 -1 1 1 -1 1 -1 -1 
-1 1 1 2 2 -1 2 -1 2 2 2 2 1 1 1 -1 -1 -1 -1 -1 
-1 1 1 1 -1 -1 2 -1 2 -1 -1 2 -1 1 1 -1 -1 -1 -1 -1 
2 1 1 1 -1 -1 -1 2 2 -1 2 2 -1 1 1 -1 -1 -1 -1 -1 
3 3 2 1 1 -1 -1 1 2 2 2 -1 -1 -1 -1 2 1 -1 -1 2 
2 2 -1 1 1 1 2 2 2 2 -1 1 -1 1 -1 1 -1 1 2 2 
2 -1 -1 -1 1 -1 2 2 2 1 -1 1 1 -1 -1 1 -1 1 2 2 
-1 -1 -1 -1 -1 -1 2 2 2 -1 -1 1 1 -1 -1 -1 -1 -1 1 1 
8 8 -1 -1 -1 -1 -1 -1 -1 -1 -1 -1 -1 -1 -1 1 1 -1 -1 -1 
1 1 2 8 -1 -1 -1 -1 -1 -1 -1 -1 -1 -1 1 -1 1 -1 -1 8 
1 2 1 1 -1 -1 -1 -1 -1 -1 -1 1 -1 -1 1 1 -1 2 1 -1 
1 2 8 -1 -1 -1 -1 -1 1 1 1 1 -1 -1 -1 -1 -1 8 2 1 
2 -1 2 -1 1 1 -1 -1 -1 1 1 1 1 -1 -1 -1 -1 -1 -1 1 
2 1 1 1 1 1 -1 -1 -1 -1 1 1 1 1 -1 -1 1 8 8 2 
2 1 -1 -1 -1 1 1 -1 -1 -1 -1 1 -1 -1 1 1 -1 -1 8 -1 
1 1 1 -1 -1 -1 1 -1 -1 -1 -1 -1 2 -1 -1 1 1 -1 -1 -1 
-1 1 -1 -1 -1 -1 -1 -1 -1 -1 -1 -1 -1 -1 -1 -1 -1 -1 -1 -1 
-1 -1 -1 -1 -1 -1 -1 -1 -1 -1 -1 -1 -1 -1 -1 -1 -1 -1 -1 -1 
-1 1 -1 -1 -1 -1 -1 -1 -1 -1 -1 -1 -1 -1 1 -1 -1 -1 -1 -1 
-1 -1 1 -1 -1 -1 -1 -1 -1 -1 -1 -1 -1 -1 -1 -1 -1 -1 -1 -1 
-1 -1 -1 -1 -1 -1 -1 -1 -1 -1 1 -1 -1 -1 -1 -1 -1 -1 -1 -1 
-1 -1 -1 2 -1 -1 -1 1 -1 -1 1 1 1 -1 -1 -1 -1 -1 -1 -1 
1 1 3 2 1 -1 -1 -1 -1 -1 -1 -1 -1 1 -1 1 1 1 -1 -1 
1 3 1 2 1 -1 -1 1 1 -1 -1 -1 -1 -1 -1 1 1 1 -1 -1 
-1 -1 -1 1 -1 -1 -1 -1 -1 -1 -1 -1 -1 -1 -1 1 1 1 1 -1 
-1 -1 -1 -1 -1 -1 -1 -1 -1 -1 3 -1 -1 -1 -1 -1 1 1 1 1 
1 -1 -1 -1 -1 -1 -1 -1 8 3 3 3 2 -1 -1 -1 -1 -1 -1 1 
1 -1 -1 -1 -1 -1 -1 1 -1 8 8 2 -1 8 8 -1 -1 1 -1 -1 
-1 -1 -1 -1 -1 -1 1 1 2 8 8 -1 -1 8 8 -1 -1 -1 1 1 
-1 -1 -1 -1 1 1 1 1 2 -1 8 8 1 8 8 8 -1 -1 -1 -1 
-1 -1 1 -1 -1 1 1 1 2 8 8 8 8 -1 8 8 -1 8 -1 1 
1 -1 1 -1 -1 1 -1 2 2 8 8 8 -1 8 8 -1 -1 8 -1 -1 
-1 1 -1 -1 -1 -1 -1 1 1 8 8 8 8 8 8 8 8 8 -1 -1 
1 1 -1 -1 -1 1 -1 -1 8 2 1 8 8 8 8 8 8 -1 8 -1 
1 -1 -1 1 1 -1 1 -1 -1 2 1 8 -1 -1 8 1 8 8 1 1 
1 1 2 1 -1 1 1 -1 -1 -1 -1 -1 -1 8 -1 8 1 8 1 1 
1 1 8 2 8 1 -1 -1 -1 -1 -1 -1 -1 8 8 8 8 1 8 1 
1 -1 8 8 2 -1 -1 1 -1 -1 -1 2 -1 -1 8 8 8 8 8 8 
8 -1 8 -1 8 8 8 1 1 -1 -1 -1 2 2 2 8 8 8 8 8 
-1 8 8 8 8 8 -1 -1 -1 -1 -1 1 2 2 2 8 8 8 8 8 
8 8 8 8 -1 -1 -1 -1 -1 -1 -1 1 1 1 8 8 8 8 -1 -1 
8 -1 8 -1 -1 -1 1 1 -1 -1 -1 -1 -1 1 1 8 8 8 8 -1 
-1 8 -1 1 -1 -1 -1 -1 2 -1 -1 -1 -1 8 -1 -1 -1 8 -1 -1 
-1 -1 1 -1 -1 -1 -1 -1 -1 -1 -1 -1 -1 -1 -1 -1 1 -1 -1 -1 
-1 -1 -1 -1 -1 -1 -1 -1 -1 -1 1 1 1 -1 -1 -1 1 -1 -1 1 
-1 -1 -1 -1 -1 -1 -1 -1 -1 -1 -1 1 -1 -1 -1 -1 -1 -1 -1 -1 
-1 -1 1 -1 -1 -1 -1 -1 -1 1 1 -1 -1 -1 -1 -1 -1 -1 -1 -1 
-1 1 -1 -1 -1 -1 -1 -1 -1 -1 1 -1 -1 -1 -1 -1 -1 -1 -1 -1 
-1 1 -1 -1 -1 -1 -1 -1 -1 -1 -1 -1 -1 -1 -1 -1 -1 -1 -1 -1 
-1 -1 -1 -1 -1 -1 1 -1 -1 -1 -1 -1 -1 -1 -1 -1 -1 -1 -1 -1 
-1 1 -1 -1 -1 -1 1 -1 -1 -1 -1 -1 -1 1 1 -1 -1 -1 -1 -1 
1 1 -1 -1 -1 -1 1 1 1 1 -1 -1 -1 -1 1 -1 -1 -1 -1 1 
-1 -1 -1 -1 -1 -1 -1 1 1 -1 -1 -1 -1 -1 -1 -1 -1 1 -1 1 
-1 -1 -1 -1 -1 1 -1 -1 -1 -1 -1 -1 -1 -1 -1 -1 -1 1 1 -1 
-1 -1 1 1 1 1 1 -1 -1 -1 -1 -1 -1 -1 -1 -1 -1 1 1 -1 
-1 -1 -1 -1 1 1 -1 -1 -1 -1 -1 -1 -1 -1 4 -1 -1 1 1 -1 
1 1 -1 -1 -1 -1 -1 -1 -1 -1 -1 -1 -1 -1 -1 4 4 -1 -1 -1 
-1 8 1 -1 -1 -1 -1 -1 -1 -1 -1 -1 -1 -1 1 4 4 4 4 -1 
-1 -1 -1 -1 -1 -1 1 -1 -1 1 -1 1 8 8 1 4 4 4 -1 -1 
-1 -1 -1 -1 -1 1 1 1 1 -1 -1 1 -1 8 8 8 8 8 -1 -1 
1 -1 -1 -1 1 1 -1 1 -1 -1 -1 -1 -1 -1 8 8 8 -1 8 1 
1 1 -1 -1 -1 1 -1 1 -1 -1 -1 -1 -1 8 8 8 8 8 8 8 
-1 -1 -1 -1 -1 -1 -1 -1 1 -1 -1 -1 -1 -1 8 8 8 8 1 8 
-1 -1 -1 -1 -1 -1 -1 -1 -1 -1 -1 1 1 -1 -1 -1 1 1 1 1 
-1 -1 -1 -1 2 2 2 2 -1 -1 -1 1 1 -1 1 1 1 -1 8 -1 
-1 -1 -1 2 2 2 2 2 1 -1 -1 1 -1 1 1 1 1 1 8 -1 
-1 -1 -1 2 -1 2 2 -1 1 -1 -1 -1 -1 -1 1 -1 -1 -1 -1 -1 
-1 -1 2 2 -1 2 2 3 -1 1 -1 -1 -1 -1 -1 -1 -1 -1 -1 -1 
-1 -1 2 2 2 -1 3 -1 3 3 -1 -1 -1 -1 -1 -1 -1 -1 -1 -1 
-1 2 2 2 2 2 2 -1 3 2 2 -1 -1 -1 -1 -1 -1 -1 -1 -1 
-1 2 2 2 -1 -1 2 -1 3 3 2 -1 -1 -1 -1 -1 1 -1 -1 -1 
-1 2 -1 2 -1 -1 3 3 -1 3 3 -1 1 1 -1 -1 -1 -1 -1 -1 
-1 -1 2 2 2 -1 -1 2 2 -1 -1 -1 -1 -1 -1 -1 -1 -1 -1 -1 
-1 -1 -1 2 2 -1 -1 -1 3 -1 -1 -1 -1 -1 -1 -1 -1 -1 -1 -1 
-1 -1 -1 -1 -1 -1 -1 3 -1 1 1 -1 -1 -1 -1 -1 -1 -1 -1 -1 
-1 -1 -1 -1 -1 -1 1 -1 -1 -1 -1 -1 -1 -1 -1 -1 -1 -1 -1 -1 
-1 -1 -1 -1 -1 -1 -1 1 -1 8 8 -1 -1 -1 -1 -1 -1 -1 -1 -1 
-1 -1 -1 -1 -1 -1 -1 -1 -1 -1 -1 -1 -1 -1 -1 -1 -1 -1 -1 -1 
-1 -1 -1 -1 -1 -1 8 -1 -1 -1 -1 -1 -1 -1 -1 -1 -1 -1 -1 -1 
-1 -1 -1 -1 -1 -1 8 -1 -1 -1 -1 -1 1 -1 1 -1 -1 -1 -1 -1 
-1 -1 -1 -1 -1 -1 -1 -1 -1 -1 -1 -1 1 1 1 -1 -1 -1 -1 -1 
8 8 8 -1 -1 -1 -1 -1 -1 -1 -1 -1 1 -1 1 1 1 -1 -1 -1 
8 8 8 -1 -1 -1 -1 -1 -1 -1 -1 -1 1 1 1 1 1 -1 -1 -1 
-1 8 -1 -1 2 -1 -1 -1 -1 -1 -1 -1 1 1 1 1 -1 1 8 8 
2 2 2 2 2 -1 2 -1 -1 -1 -1 -1 -1 -1 1 1 1 1 -1 8 
2 -1 2 3 2 2 -1 -1 -1 -1 -1 1 1 1 1 -1 -1 -1 8 8 
8 2 -1 2 -1 2 2 2 -1 -1 -1 1 1 1 -1 -1 2 -1 -1 8 
8 2 2 -1 -1 2 2 2 2 -1 1 -1 1 2 2 2 2 -1 2 -1 
2 -1 2 2 2 2 2 2 -1 1 1 3 1 1 3 1 2 2 -1 2 
2 2 -1 -1 -1 2 2 2 -1 -1 3 -1 3 3 1 2 2 2 -1 -1 
2 2 2 -1 6 6 2 -1 -1 -1 -1 -1 3 1 3 2 -1 -1 2 2 
8 8 2 6 6 8 -1 8 -1 2 2 -1 -1 -1 1 3 2 2 2 2 
8 2 8 8 2 -1 8 -1 2 -1 -1 -1 -1 3 8 8 8 2 2 2 
-1 8 2 6 6 2 2 2 2 -1 2 -1 -1 3 -1 8 -1 2 -1 8 
4 6 4 2 2 2 2 -1 2 -1 -1 -1 -1 2 2 -1 -1 -1 8 2 
4 4 6 8 8 -1 -1 -1 -1 -1 -1 2 3 2 2 2 2 8 32 2 
9 9 8 8 8 -1 -1 -1 1 -1 -1 2 2 2 -1 3 2 3 3 9 
9 8 8 8 -1 8 -1 1 1 1 -1 -1 -1 2 8 -1 3 2 3 9 
3 9 -1 -1 -1 -1 -1 1 1 -1 -1 -1 2 -1 -1 8 3 8 8 9 
9 2 2 -1 -1 -1 -1 -1 -1 -1 -1 2 2 -1 -1 1 1 8 32 3 
3 3 2 3 3 -1 -1 -1 -1 -1 -1 2 2 -1 -1 8 1 1 1 32 
3 3 3 3 3 -1 -1 -1 -1 -1 2 -1 1 1 1 8 1 -1 1 1 
3 3 3 -1 2 3 -1 -1 -1 -1 -1 -1 -1 -1 -1 1 -1 1 -1 -1 
3 2 3 -1 2 2 2 -1 -1 -1 -1 -1 -1 -1 1 1 1 1 3 2 
1 -1 2 -1 -1 2 2 2 2 2 -1 2 2 -1 2 2 2 -1 2 2 
2 2 2 2 2 2 2 2 2 -1 2 2 -1 1 2 2 2 2 2 2 
2 3 2 2 2 2 2 2 2 2 -1 -1 -1 -1 1 2 2 2 2 2 
-1 -1 -1 2 -1 -1 -1 2 2 2 -1 2 1 1 2 2 2 2 -1 2 
-1 -1 -1 2 2 -1 -1 -1 -1 -1 2 2 -1 -1 -1 2 2 2 2 -1 
-1 -1 2 2 2 -1 1 -1 -1 2 -1 1 1 -1 -1 -1 2 2 -1 -1 
2 2 2 2 -1 -1 -1 1 1 -1 1 1 1 -1 -1 -1 -1 -1 2 -1 
2 2 2 2 2 2 1 -1 1 1 2 1 -1 -1 -1 -1 -1 2 2 2 
2 2 2 -1 2 2 2 2 1 1 1 1 -1 -1 -1 -1 1 2 2 2 
2 -1 1 2 1 1 1 1 1 1 1 -1 -1 -1 1 1 1 1 1 2 
1 1 2 2 1 1 1 1 1 1 -1 -1 -1 -1 1 1 1 -1 2 1 
2 2 1 2 2 1 1 1 1 1 1 1 1 -1 -1 1 2 1 2 2 
2 2 2 2 1 2 -1 1 1 1 1 1 1 -1 -1 -1 -1 2 2 2 
2 2 2 2 1 1 1 1 1 1 1 -1 1 -1 1 -1 -1 2 2 2 
1 -1 -1 1 1 2 1 1 1 2 -1 3 1 1 -1 -1 -1 1 2 1 
1 -1 -1 -1 2 2 1 1 1 2 1 3 -1 1 -1 -1 1 -1 -1 1 
2 2 -1 -1 2 2 1 1 2 2 3 1 2 1 -1 -1 2 1 1 -1 
1 2 2 2 2 2 2 2 2 -1 -1 1 1 2 2 -1 2 2 2 1 
1 2 2 2 2 2 -1 2 -1 -1 1 -1 -1 2 -1 -1 2 2 2 1 
1 2 2 2 1 1 2 2 2 -1 2 2 -1 2 2 -1 2 2 -1 1 
2 2 2 2 2 2 2 2 2 1 2 2 2 8 8 2 8 2 2 2 
2 2 2 2 2 2 2 2 2 -1 1 2 -1 8 2 8 -1 8 2 2 
2 2 2 -1 2 2 -1 2 2 2 2 -1 2 8 8 2 8 8 8 -1 
2 1 2 2 2 2 2 1 -1 -1 8 8 8 8 8 2 8 8 1 1 
1 -1 2 2 2 1 2 1 2 8 2 8 8 8 8 2 1 1 1 1 
-1 -1 2 2 2 2 1 2 2 2 2 2 8 8 2 2 1 1 1 1 
-1 -1 -1 -1 2 2 2 1 1 2 2 2 2 8 2 8 8 1 1 8 
8 -1 2 2 2 1 2 1 -1 2 2 2 2 2 2 8 1 1 8 8 
8 8 2 2 1 2 2 2 -1 2 8 2 2 2 2 2 8 -1 -1 8 
8 8 1 -1 1 8 2 2 2 8 2 2 2 2 2 2 -1 -1 -1 8 
8 2 2 2 -1 2 -1 -1 -1 2 2 2 2 2 2 2 2 -1 -1 2 
2 2 2 2 2 -1 2 2 -1 2 2 2 2 -1 2 2 2 2 -1 2 
2 2 2 2 2 2 2 2 2 2 2 2 -1 2 2 1 2 2 2 2 
2 2 2 2 2 2 2 2 2 4 4 -1 -1 2 2 2 -1 2 1 2 
2 2 -1 2 2 2 2 2 2 -1 4 2 -1 2 2 2 2 -1 1 2 
2 -1 -1 -1 -1 2 2 2 2 2 2 2 2 2 2 2 2 2 -1 2 
2 -1 -1 -1 2 1 2 -1 2 2 -1 -1 2 2 2 2 2 2 2 2 
-1 -1 -1 2 -1 2 2 -1 2 2 2 -1 2 2 2 2 -1 8 2 2 
2 2 2 2 2 2 -1 -1 2 -1 2 2 2 2 2 2 -1 2 8 -1 
2 -1 2 2 -1 2 2 2 -1 2 2 2 2 2 2 2 2 2 2 2 
-1 -1 -1 -1 1 1 1 -1 -1 8 8 8 8 8 8 8 -1 8 9 -1 
2 1 1 1 -1 1 -1 -1 -1 -1 8 8 8 1 8 8 8 9 9 8 
1 2 2 -1 2 1 -1 -1 8 8 1 1 1 8 8 8 8 8 8 2 
2 2 1 1 -1 2 1 8 8 -1 1 1 1 1 -1 1 8 8 9 1 
-1 2 -1 -1 1 1 2 1 -1 -1 -1 1 -1 1 1 -1 1 9 9 2 
1 2 1 -1 1 1 1 1 -1 -1 1 1 1 1 1 1 1 8 8 9 
1 2 -1 -1 -1 1 -1 1 1 1 1 1 1 -1 1 1 8 8 -1 -1 
1 1 1 1 1 1 -1 -1 1 1 1 1 -1 1 1 1 1 -1 1 -1 
-1 -1 -1 1 -1 -1 -1 1 1 1 -1 1 1 -1 -1 1 1 1 -1 -1 
-1 -1 -1 -1 -1 -1 -1 -1 1 -1 1 1 1 -1 8 2 -1 1 -1 -1 
-1 -1 1 -1 -1 -1 -1 -1 -1 -1 -1 -1 -1 1 1 1 2 -1 1 -1 
-1 1 -1 -1 -1 -1 -1 -1 -1 1 -1 1 -1 1 1 -1 -1 2 -1 1 
1 -1 -1 -1 2 -1 1 1 1 1 1 -1 -1 -1 1 1 -1 2 2 -1 
-1 -1 -1 -1 -1 1 -1 1 2 -1 -1 -1 -1 1 1 1 1 1 -1 2 
-1 8 -1 8 -1 -1 1 1 2 2 2 -1 -1 2 -1 1 1 1 8 8 
-1 8 8 -1 -1 -1 -1 2 2 -1 8 -1 -1 8 8 8 1 8 8 -1 
8 8 -1 1 -1 -1 -1 8 8 8 8 8 8 8 8 8 8 1 2 8 
2 8 -1 -1 -1 -1 -1 2 8 8 -1 8 8 8 8 8 8 8 2 2 
-1 8 -1 -1 -1 -1 -1 -1 2 -1 8 8 8 -1 -1 -1 8 8 -1 2 
-1 -1 -1 -1 -1 1 -1 -1 -1 -1 8 8 8 8 2 -1 8 -1 8 -1 
-1 -1 -1 -1 -1 -1 -1 -1 -1 -1 1 1 1 1 1 -1 -1 -1 -1 -1 
-1 -1 -1 -1 -1 -1 -1 -1 -1 1 1 1 1 -1 8 1 -1 -1 -1 -1 
1 -1 -1 -1 -1 -1 -1 -1 -1 1 1 1 8 -1 8 8 1 -1 -1 -1 
1 1 -1 -1 1 -1 1 -1 -1 -1 1 1 8 8 2 2 1 1 -1 1 
1 1 -1 -1 -1 1 1 -1 -1 1 -1 -1 -1 8 2 2 1 1 -1 1 
-1 -1 -1 -1 9 1 1 -1 -1 1 1 1 8 2 2 2 -1 1 1 1 
1 -1 -1 9 -1 -1 -1 -1 -1 1 1 -1 -1 -1 1 1 -1 -1 1 1 
1 -1 -1 8 -1 -1 -1 -1 -1 8 8 8 -1 1 1 -1 -1 -1 -1 -1 
8 -1 -1 8 -1 -1 -1 -1 -1 -1 -1 6 -1 -1 1 -1 1 1 -1 8 
-1 -1 -1 -1 -1 -1 -1 -1 -1 1 -1 -1 6 6 1 6 1 8 8 8 
8 -1 -1 -1 -1 -1 -1 -1 -1 1 1 -1 -1 6 1 1 -1 8 8 1 
-1 8 -1 -1 -1 -1 -1 -1 -1 -1 1 1 -1 -1 -1 -1 8 8 1 1 
-1 -1 1 -1 -1 -1 -1 -1 -1 -1 1 1 1 1 -1 -1 -1 8 1 -1 
-1 -1 1 -1 -1 -1 -1 -1 -1 -1 8 1 1 1 1 -1 -1 1 -1 -1 
-1 -1 -1 -1 -1 -1 -1 -1 -1 -1 1 1 1 1 1 1 1 -1 1 1 
-1 -1 -1 -1 -1 -1 1 -1 -1 -1 -1 1 1 -1 -1 1 -1 -1 -1 -1 
-1 -1 -1 -1 -1 -1 -1 -1 -1 -1 -1 -1 6 1 -1 -1 -1 1 2 1 
1 -1 -1 -1 -1 -1 -1 -1 -1 -1 -1 -1 6 6 -1 -1 1 1 1 -1 
-1 -1 -1 -1 -1 -1 -1 -1 -1 -1 -1 1 1 1 1 -1 -1 -1 -1 1 
-1 -1 -1 -1 -1 -1 -1 -1 -1 -1 -1 1 1 1 -1 -1 -1 -1 -1 -1 
-1 -1 -1 2 -1 -1 1 -1 1 1 1 -1 -1 -1 1 -1 1 -1 -1 -1 
-1 2 2 1 -1 -1 -1 1 1 1 1 1 1 1 -1 1 -1 -1 -1 -1 
2 -1 2 2 1 -1 2 1 2 1 1 1 1 -1 -1 1 1 -1 -1 -1 
-1 -1 2 2 2 2 1 2 2 1 1 -1 1 1 1 -1 -1 -1 -1 -1 
-1 -1 2 2 2 -1 -1 -1 -1 1 1 1 1 1 -1 -1 -1 -1 -1 -1 
-1 -1 -1 2 -1 1 -1 -1 2 -1 -1 1 1 -1 -1 1 1 -1 1 1 
-1 -1 -1 -1 -1 2 -1 1 -1 -1 -1 -1 -1 1 1 1 1 1 1 1 
1 1 -1 -1 2 1 2 1 -1 -1 -1 -1 -1 -1 -1 -1 -1 -1 1 1 
-1 1 1 2 -1 2 1 -1 -1 -1 -1 -1 1 -1 -1 -1 1 -1 1 1 
1 -1 -1 -1 1 -1 -1 -1 1 -1 1 -1 -1 1 -1 -1 1 1 -1 -1 
-1 -1 -1 -1 -1 -1 -1 -1 1 1 -1 1 -1 -1 -1 -1 -1 -1 -1 -1 
-1 -1 -1 -1 1 -1 -1 -1 -1 -1 1 1 1 -1 -1 -1 -1 -1 -1 -1 
1 -1 -1 -1 1 1 -1 1 -1 1 1 1 1 -1 -1 -1 -1 -1 -1 -1 
-1 1 -1 1 1 1 1 1 1 1 1 1 -1 -1 -1 -1 -1 -1 -1 -1 
-1 -1 -1 -1 -1 2 1 1 1 1 1 -1 -1 -1 -1 -1 -1 -1 -1 -1 
-1 -1 -1 -1 2 2 2 1 1 1 1 -1 -1 1 -1 -1 -1 -1 -1 -1 
-1 -1 -1 1 2 2 -1 1 1 1 1 -1 1 1 -1 -1 -1 1 -1 -1 
-1 -1 -1 2 2 1 1 1 1 -1 1 1 1 1 1 1 1 1 -1 -1 
-1 -1 2 2 2 1 1 1 1 1 1 1 1 1 1 -1 -1 1 1 -1 
-1 -1 2 -1 -1 1 -1 -1 1 1 1 1 1 -1 -1 1 -1 -1 -1 -1 
2 2 2 2 2 2 2 2 -1 -1 -1 -1 1 -1 -1 -1 1 1 1 1 
2 2 2 2 2 2 2 -1 -1 -1 -1 1 -1 1 -1 -1 1 -1 1 1 
1 2 2 2 2 2 2 -1 2 -1 -1 -1 1 1 1 -1 -1 -1 1 1 
2 2 2 2 2 2 -1 -1 -1 2 2 -1 1 1 -1 -1 -1 -1 1 1 
1 2 2 2 2 2 -1 -1 -1 2 2 2 -1 2 -1 -1 -1 1 1 1 
1 -1 2 -1 1 2 -1 -1 -1 -1 2 2 2 2 2 2 -1 -1 1 1 
1 -1 1 -1 -1 -1 -1 -1 -1 -1 -1 2 2 2 2 2 -1 1 1 1 
1 1 1 -1 -1 -1 2 -1 -1 -1 -1 2 2 2 -1 -1 2 -1 1 1 
1 1 1 -1 -1 2 -1 -1 -1 -1 -1 -1 2 2 2 2 2 2 2 -1 
1 -1 1 -1 -1 -1 -1 -1 -1 -1 -1 1 2 2 2 2 2 -1 -1 -1 
-1 1 -1 -1 -1 -1 -1 -1 -1 -1 -1 2 1 2 -1 2 2 -1 -1 -1 
-1 -1 -1 -1 -1 -1 -1 -1 -1 2 2 2 1 -1 -1 -1 -1 -1 -1 -1 
-1 -1 -1 -1 -1 -1 -1 -1 2 2 -1 -1 -1 -1 -1 -1 -1 -1 -1 -1 
-1 -1 -1 -1 -1 -1 -1 -1 -1 -1 -1 -1 2 -1 -1 -1 -1 -1 4 -1 
-1 -1 -1 -1 -1 -1 -1 -1 -1 -1 -1 1 -1 2 -1 -1 -1 -1 4 4 
-1 -1 -1 -1 -1 -1 -1 -1 -1 -1 -1 -1 -1 -1 -1 -1 -1 4 4 -1 
4 2 -1 -1 2 -1 -1 -1 -1 -1 -1 -1 -1 -1 -1 -1 -1 -1 4 2 
2 -1 -1 -1 -1 -1 -1 -1 -1 -1 -1 -1 -1 -1 -1 -1 -1 -1 4 4 
2 2 2 2 -1 -1 2 2 -1 -1 -1 -1 -1 -1 -1 -1 1 1 1 1 
1 2 2 2 2 2 2 2 -1 -1 -1 -1 -1 -1 -1 -1 2 2 1 1 
-1 2 2 8 2 2 2 -1 2 2 2 2 8 8 -1 2 2 2 2 1 
1 1 2 2 8 2 2 2 2 2 -1 2 8 -1 2 2 2 2 2 2 
1 -1 2 -1 2 -1 2 2 2 2 1 1 2 8 -1 -1 2 -1 -1 1 
2 2 2 2 2 1 1 2 -1 2 2 1 -1 2 2 2 2 2 -1 1 
-1 2 2 2 2 2 -1 1 -1 1 2 2 2 2 2 2 2 -1 -1 2 
2 2 2 2 1 -1 1 1 2 2 1 2 2 2 2 2 2 -1 2 2 
2 2 2 2 2 1 2 2 2 2 2 2 2 2 2 2 2 -1 2 2 
2 2 2 2 2 2 2 2 2 2 -1 2 2 2 2 -1 2 2 2 2 
2 2 -1 2 2 2 2 -1 -1 2 2 2 2 2 2 2 2 2 2 2 
2 2 2 2 2 -1 2 2 2 2 2 2 2 2 2 2 -1 2 2 2 
-1 2 2 -1 -1 2 2 2 2 2 2 2 2 2 2 2 2 -1 -1 -1 
2 2 2 2 -1 2 2 2 2 2 2 2 2 2 2 2 -1 -1 -1 2 
2 2 2 2 2 -1 2 2 2 2 2 2 -1 2 2 -1 -1 -1 -1 2 
2 2 2 2 -1 -1 -1 2 2 2 2 -1 -1 2 -1 -1 -1 -1 -1 -1 
2 2 2 2 -1 1 1 2 2 2 2 2 -1 2 2 -1 -1 -1 -1 2 
2 2 2 8 2 1 2 2 2 -1 -1 -1 2 -1 -1 -1 -1 -1 -1 2 
8 2 8 8 2 2 2 2 -1 2 1 1 1 -1 -1 -1 -1 2 -1 -1 
8 8 8 8 2 2 2 8 2 2 -1 1 2 2 2 -1 -1 2 2 -1 
-1 8 2 2 8 2 2 2 8 2 2 -1 2 2 2 2 -1 -1 -1 8 
8 2 2 -1 -1 2 2 2 8 2 2 2 2 2 2 1 2 2 2 2 
1 1 1 1 2 2 -1 1 -1 1 -1 -1 -1 -1 -1 -1 -1 -1 1 1 
1 -1 2 1 2 1 1 1 1 1 2 1 -1 -1 -1 -1 1 -1 1 1 
1 1 1 1 1 1 -1 -1 1 -1 1 2 2 -1 -1 -1 -1 1 1 1 
1 1 1 2 2 2 2 2 2 1 1 2 2 2 -1 -1 1 1 1 1 
1 1 2 2 1 2 2 2 2 1 2 1 2 2 -1 1 -1 1 1 1 
1 -1 2 2 2 1 2 2 -1 1 2 2 -1 -1 -1 -1 1 1 1 1 
2 2 2 2 1 2 1 2 2 2 -1 1 1 -1 -1 -1 -1 1 1 1 
2 2 2 2 -1 2 -1 2 -1 2 1 2 -1 1 -1 -1 -1 1 1 1 
1 2 2 2 2 2 2 2 2 2 2 1 1 1 1 -1 2 2 1 -1 
-1 -1 2 2 2 2 2 2 1 1 -1 2 1 2 2 2 -1 1 1 1 
-1 -1 2 -1 -1 2 2 2 2 -1 2 2 -1 1 2 2 2 -1 2 2 
2 2 -1 2 2 2 2 2 -1 2 2 2 2 2 2 2 2 2 2 2 
2 2 1 2 -1 1 2 2 2 -1 2 2 2 2 2 2 2 2 2 2 
2 2 1 -1 -1 1 1 -1 -1 1 -1 1 1 1 1 2 2 2 2 2 
-1 -1 1 -1 2 -1 1 -1 -1 -1 -1 1 1 1 1 2 2 -1 2 2 
-1 -1 -1 2 -1 2 -1 1 1 1 -1 1 1 1 2 -1 -1 -1 2 2 
2 2 2 2 2 2 2 1 -1 -1 1 1 1 1 -1 -1 -1 -1 -1 -1 
-1 2 2 2 2 2 1 1 1 -1 -1 1 -1 -1 -1 -1 -1 -1 -1 -1 
1 1 2 2 -1 2 1 1 -1 -1 -1 -1 -1 -1 -1 -1 -1 -1 -1 -1 
-1 1 1 1 2 2 1 -1 1 -1 -1 -1 -1 -1 -1 -1 -1 -1 1 1 
1 1 -1 -1 1 1 1 -1 -1 -1 -1 -1 -1 -1 1 -1 1 1 1 1 
1 -1 -1 1 1 1 1 1 -1 -1 -1 -1 -1 -1 -1 1 1 1 1 1 
1 -1 -1 -1 -1 -1 -1 -1 -1 -1 -1 2 -1 -1 -1 -1 -1 -1 1 1 
1 1 1 1 -1 -1 -1 -1 1 1 -1 -1 1 -1 1 -1 -1 -1 1 1 
1 1 1 1 1 -1 -1 -1 1 1 -1 -1 1 -1 1 -1 -1 -1 -1 1 
-1 -1 1 1 -1 -1 1 1 -1 1 1 1 1 1 -1 -1 -1 -1 8 -1 
-1 -1 1 1 -1 -1 1 1 1 -1 1 1 1 -1 -1 -1 -1 -1 -1 1 
1 1 -1 -1 1 1 1 1 -1 -1 -1 1 -1 -1 -1 -1 -1 -1 1 1 
1 -1 -1 -1 -1 1 -1 -1 -1 -1 -1 -1 1 -1 -1 -1 1 -1 1 -1 
-1 -1 -1 -1 -1 1 -1 -1 -1 -1 1 1 1 1 1 1 -1 -1 -1 -1 
-1 -1 -1 -1 -1 -1 -1 -1 -1 -1 -1 1 -1 -1 1 -1 -1 1 -1 1 
-1 -1 -1 -1 -1 -1 -1 -1 -1 -1 -1 -1 -1 -1 -1 -1 1 1 1 1 
1 -1 -1 -1 -1 -1 -1 -1 -1 -1 -1 -1 -1 -1 -1 -1 1 1 1 1 
1 -1 -1 -1 -1 -1 -1 -1 -1 -1 -1 -1 -1 -1 -1 -1 1 1 -1 1 
-1 -1 -1 1 1 -1 -1 -1 -1 -1 -1 -1 -1 -1 -1 -1 -1 -1 -1 1 
-1 -1 -1 -1 1 1 -1 -1 -1 -1 -1 -1 -1 -1 -1 -1 -1 -1 -1 -1 
-1 -1 -1 1 1 -1 -1 -1 -1 -1 -1 -1 -1 -1 1 1 -1 -1 -1 -1 
-1 -1 1 1 1 -1 -1 -1 -1 -1 -1 -1 -1 1 1 1 -1 -1 -1 -1 
-1 1 1 1 1 1 -1 -1 -1 -1 -1 -1 -1 1 1 1 -1 -1 -1 1 
1 -1 -1 1 1 1 -1 -1 -1 -1 -1 -1 -1 1 1 1 -1 -1 -1 -1 
-1 -1 8 8 1 8 -1 8 8 8 1 -1 1 1 1 -1 -1 -1 -1 -1 
8 8 8 8 8 8 -1 8 8 8 1 1 1 1 1 -1 1 1 -1 -1 
8 8 -1 8 8 8 8 8 8 8 1 1 1 -1 1 1 1 8 1 -1 
-1 -1 8 8 8 8 8 8 8 8 8 -1 -1 -1 -1 1 1 1 -1 -1 
-1 -1 -1 8 8 8 8 8 8 8 8 -1 -1 -1 1 1 1 1 -1 -1 
1 -1 -1 -1 1 8 1 9 8 8 8 8 -1 -1 1 1 -1 1 -1 -1 
1 1 -1 -1 1 1 8 9 8 8 8 -1 -1 -1 -1 1 1 1 1 -1 
8 8 8 8 1 1 8 8 9 9 8 8 -1 -1 -1 1 1 1 1 -1 
1 8 8 1 1 8 -1 1 8 -1 -1 -1 -1 -1 -1 1 1 -1 -1 1 
1 8 -1 8 8 8 -1 -1 1 -1 -1 -1 -1 -1 -1 -1 -1 1 -1 1 
8 1 8 -1 -1 -1 -1 -1 1 -1 -1 -1 -1 -1 -1 -1 -1 -1 -1 -1 
1 8 8 1 1 -1 -1 -1 -1 1 -1 -1 -1 -1 -1 -1 -1 -1 -1 1 
1 8 1 1 1 1 -1 -1 -1 -1 -1 -1 -1 -1 -1 -1 -1 -1 1 1 
1 1 1 1 1 1 -1 -1 -1 -1 -1 -1 -1 -1 -1 -1 -1 -1 -1 -1 
1 -1 1 -1 -1 -1 1 1 1 -1 -1 -1 -1 -1 -1 -1 -1 -1 -1 -1 
1 -1 -1 -1 -1 -1 -1 1 1 1 -1 -1 -1 -1 -1 -1 -1 -1 -1 3 
-1 -1 -1 -1 -1 -1 1 1 1 -1 -1 -1 -1 -1 -1 -1 -1 -1 -1 3 
1 1 -1 -1 -1 -1 -1 1 8 1 -1 -1 -1 -1 -1 -1 -1 -1 -1 -1 
-1 -1 -1 -1 -1 -1 -1 -1 8 8 -1 -1 -1 -1 -1 -1 -1 1 1 -1 
-1 -1 8 8 -1 -1 -1 8 8 8 8 8 8 -1 1 -1 -1 -1 -1 -1 
1 1 1 1 -1 -1 -1 -1 -1 -1 -1 -1 -1 -1 -1 -1 -1 -1 1 1 
1 1 1 -1 -1 1 1 -1 1 1 -1 -1 -1 -1 -1 -1 -1 -1 1 1 
1 -1 -1 -1 -1 -1 1 1 1 1 -1 -1 -1 -1 -1 -1 -1 1 1 1 
1 1 1 -1 1 -1 1 1 1 1 1 -1 -1 -1 -1 -1 -1 -1 -1 -1 
1 1 -1 1 -1 -1 1 1 1 1 1 1 1 -1 -1 -1 -1 -1 1 -1 
-1 -1 -1 -1 1 1 1 1 1 -1 1 1 1 1 -1 1 1 -1 -1 1 
-1 -1 -1 -1 -1 1 1 -1 -1 1 1 1 40 8 1 1 1 1 -1 -1 
-1 -1 -1 -1 -1 1 1 -1 -1 1 1 -1 8 40 -1 1 1 1 1 -1 
-1 -1 -1 -1 -1 1 1 1 1 -1 -1 -1 -1 -1 -1 -1 1 1 -1 -1 
-1 -1 -1 -1 -1 1 1 1 1 -1 -1 -1 -1 -1 -1 1 -1 -1 -1 -1 
-1 -1 -1 -1 -1 1 1 1 1 -1 1 1 -1 -1 -1 1 1 -1 -1 -1 
-1 -1 -1 -1 -1 -1 1 1 1 -1 1 -1 -1 -1 -1 1 -1 -1 1 1 
-1 1 -1 -1 -1 -1 -1 -1 -1 1 1 -1 -1 -1 -1 -1 -1 -1 -1 -1 
-1 -1 9 -1 -1 -1 -1 -1 1 1 1 -1 -1 -1 -1 -1 -1 -1 -1 -1 
-1 -1 -1 1 -1 -1 -1 -1 1 -1 -1 -1 -1 -1 -1 -1 -1 -1 -1 -1 
-1 -1 -1 -1 -1 -1 -1 -1 -1 -1 -1 -1 -1 -1 -1 -1 1 -1 -1 -1 
-1 -1 -1 -1 -1 -1 -1 -1 -1 -1 -1 -1 -1 -1 -1 1 1 -1 -1 -1 
-1 -1 -1 -1 -1 -1 -1 -1 -1 -1 -1 -1 -1 -1 -1 1 -1 -1 -1 -1 
1 1 -1 -1 1 -1 -1 -1 -1 -1 -1 -1 -1 -1 -1 -1 -1 -1 -1 -1 
1 1 -1 1 1 -1 -1 -1 -1 -1 -1 -1 -1 -1 -1 -1 -1 -1 -1 1 
