8 8 -1 8 8 8 8 8 8 8 2 8 8 8 1 8 8 8 1 -1 
8 -1 -1 8 8 8 -1 8 2 8 2 1 8 1 9 9 8 8 8 8 
8 8 8 8 8 -1 8 2 2 2 2 2 8 1 -1 8 -1 8 8 -1 
2 8 8 -1 -1 1 8 -1 -1 2 -1 2 2 -1 1 -1 8 8 8 2 
8 -1 8 8 -1 8 1 -1 -1 8 8 -1 2 2 8 8 -1 8 8 8 
8 -1 -1 -1 8 -1 8 9 8 8 8 8 2 8 8 8 -1 8 8 -1 
8 -1 8 8 8 2 9 9 -1 8 -1 8 -1 8 8 8 8 -1 8 8 
8 8 8 8 -1 8 2 2 9 8 8 1 8 8 8 1 1 8 -1 -1 
2 8 2 8 -1 8 2 2 9 8 8 1 1 3 1 1 1 8 -1 -1 
8 2 2 8 8 -1 -1 2 1 1 1 1 -1 -1 3 3 1 1 1 -1 
8 2 8 -1 8 8 1 1 1 8 -1 1 -1 3 3 3 1 1 1 8 
8 8 8 8 8 1 1 1 1 1 1 8 3 3 3 3 3 1 1 1 
1 8 8 8 8 9 9 -1 -1 -1 8 8 8 1 6 3 -1 -1 1 1 
8 8 8 8 8 9 9 8 8 8 8 9 8 6 6 6 6 -1 -1 -1 
8 8 8 -1 8 -1 9 8 8 8 6 6 9 6 6 40 3 40 -1 -1 
-1 8 8 8 -1 8 9 8 1 1 6 6 9 6 40 -1 3 40 -1 8 
8 8 8 8 8 8 -1 1 1 1 1 1 -1 40 1 40 40 40 40 -1 
6 8 8 8 8 40 40 40 1 8 1 6 1 40 40 40 40 1 40 40 
6 8 8 8 8 8 8 8 1 -1 6 8 6 1 -1 40 40 -1 -1 40 
8 1 8 -1 8 1 8 -1 1 -1 8 8 -1 6 1 40 8 40 -1 1 
8 8 8 -1 7 8 8 2 2 -1 8 -1 1 8 8 8 8 8 8 8 
8 8 8 8 -1 8 8 1 2 -1 8 8 -1 3 8 8 1 8 8 8 
8 9 8 8 8 8 8 8 1 8 8 3 3 8 8 8 8 8 8 8 
8 8 8 8 8 8 8 8 3 8 1 2 3 3 8 8 8 8 8 8 
8 8 8 8 -1 8 8 8 8 8 3 1 8 3 8 8 8 8 8 8 
8 -1 8 8 8 8 8 8 8 3 8 8 8 8 8 8 8 9 8 8 
9 9 6 8 8 8 8 8 2 3 8 8 8 8 -1 8 8 -1 9 1 
-1 8 6 8 8 8 8 8 8 3 3 8 -1 -1 -1 1 -1 8 -1 9 
8 8 8 8 8 8 8 8 8 8 3 8 8 -1 -1 -1 1 9 9 -1 
2 8 8 8 8 8 8 8 8 3 8 3 8 -1 -1 8 -1 -1 8 -1 
-1 8 8 8 8 -1 8 8 8 8 -1 8 8 8 9 9 8 -1 8 2 
-1 8 8 8 8 8 -1 8 9 8 8 -1 8 8 8 9 8 8 8 8 
8 8 3 -1 8 -1 8 1 9 8 9 8 8 8 8 8 8 -1 8 -1 
8 8 8 3 3 2 1 8 8 9 8 8 8 9 8 -1 8 8 8 8 
1 1 2 -1 8 1 8 8 -1 8 8 8 8 9 9 8 8 8 -1 8 
8 -1 1 2 2 2 -1 8 8 -1 8 9 9 9 2 8 3 -1 8 -1 
-1 -1 -1 -1 2 3 3 1 8 -1 8 9 9 2 8 8 3 3 -1 8 
8 2 2 -1 -1 3 2 8 1 8 2 9 8 8 8 1 -1 8 8 8 
8 8 -1 8 7 3 2 2 2 -1 8 8 -1 8 8 8 -1 8 8 8 
-1 8 8 7 7 7 7 2 2 -1 -1 -1 -1 1 8 8 8 8 8 8 
1 8 -1 2 2 2 8 2 8 8 8 8 40 40 -1 8 8 8 8 8 
1 8 2 -1 2 2 8 8 8 8 -1 8 40 40 40 40 8 -1 1 8 
8 3 8 8 8 8 2 8 8 8 8 8 8 8 40 8 8 -1 -1 1 
-1 -1 3 8 8 -1 8 8 -1 8 -1 8 8 8 8 8 8 -1 8 8 
-1 -1 8 8 -1 -1 8 -1 -1 -1 -1 8 8 -1 8 8 40 8 40 8 
8 8 8 8 8 8 -1 -1 -1 40 -1 8 8 8 8 40 8 40 8 8 
8 8 -1 8 40 8 8 8 40 40 -1 -1 8 8 8 8 40 40 -1 8 
8 8 8 8 40 8 8 8 8 8 8 8 1 8 8 40 40 8 -1 8 
8 8 8 8 40 40 8 8 -1 -1 8 8 1 9 9 8 8 8 8 8 
8 8 8 -1 8 8 8 8 8 8 -1 8 8 8 8 8 8 8 8 8 
8 8 -1 8 -1 8 8 8 8 8 1 8 8 -1 8 8 8 8 8 8 
-1 1 1 8 8 8 8 -1 9 1 -1 8 8 8 8 8 8 8 1 -1 
8 9 1 1 8 8 8 8 6 9 8 8 8 8 8 8 8 -1 8 8 
8 1 1 1 6 6 1 6 9 8 8 8 8 8 -1 8 -1 -1 8 8 
8 8 1 1 6 6 6 9 -1 1 8 8 8 8 8 8 8 8 8 8 
8 8 1 8 6 1 -1 9 1 1 1 8 8 8 8 8 8 8 8 8 
8 8 8 6 1 6 8 -1 9 1 1 -1 -1 8 8 8 2 8 8 8 
8 8 8 8 8 8 6 9 9 1 1 1 -1 8 8 8 8 8 8 8 
8 8 8 8 8 2 2 8 8 2 -1 -1 -1 8 -1 8 8 2 8 8 
8 -1 -1 2 2 2 2 8 2 8 8 -1 -1 40 40 -1 8 8 8 8 
-1 3 3 3 -1 -1 3 3 8 8 8 8 8 8 -1 8 -1 -1 -1 -1 
-1 3 1 1 -1 -1 -1 8 8 8 8 8 1 1 8 8 -1 -1 -1 -1 
-1 -1 3 -1 -1 -1 8 8 8 8 8 8 8 -1 8 8 8 -1 -1 -1 
-1 -1 -1 -1 -1 -1 8 8 8 8 8 8 8 8 8 8 -1 -1 -1 -1 
-1 -1 -1 -1 -1 -1 8 8 8 8 8 8 8 8 8 8 8 8 8 8 
-1 -1 -1 -1 -1 8 8 -1 8 -1 8 8 8 8 8 8 8 8 8 8 
8 -1 -1 -1 -1 8 8 2 -1 8 8 8 8 8 -1 -1 8 8 8 -1 
-1 -1 -1 -1 8 8 8 8 2 2 -1 8 8 8 8 8 8 8 8 8 
8 -1 -1 8 8 8 8 8 8 2 -1 8 8 8 8 9 -1 -1 -1 8 
1 -1 8 8 -1 8 8 8 -1 -1 -1 8 8 8 8 -1 9 -1 -1 -1 
-1 2 2 8 8 8 8 8 8 -1 8 8 -1 8 2 2 -1 9 -1 1 
1 -1 8 8 -1 -1 8 8 8 8 8 8 2 8 2 -1 -1 -1 2 -1 
-1 8 -1 -1 8 -1 -1 1 8 8 2 2 -1 2 2 2 -1 8 -1 1 
1 -1 -1 -1 -1 -1 1 1 8 -1 8 2 -1 2 2 2 8 2 8 1 
1 9 -1 3 -1 1 1 -1 -1 8 8 -1 2 -1 -1 2 1 -1 8 -1 
-1 -1 -1 -1 3 3 9 -1 -1 -1 -1 -1 2 2 -1 -1 1 8 1 8 
1 -1 -1 9 9 9 -1 -1 -1 -1 1 -1 -1 2 -1 -1 -1 -1 1 1 
1 -1 3 9 9 9 3 8 -1 8 1 -1 1 -1 -1 -1 -1 1 -1 -1 
-1 3 3 9 9 -1 3 3 3 -1 8 8 -1 8 1 1 -1 1 -1 -1 
-1 3 3 9 -1 3 3 3 -1 -1 -1 8 8 8 -1 1 8 8 -1 -1 
2 2 2 6 2 2 2 2 8 8 1 8 8 -1 -1 2 8 -1 1 40 
2 2 2 -1 -1 2 2 2 -1 1 2 -1 8 -1 -1 40 2 8 1 2 
-1 -1 -1 -1 2 1 1 1 2 1 -1 2 10 40 -1 40 8 8 -1 2 
9 9 -1 -1 1 1 1 1 -1 1 2 2 10 -1 40 -1 8 8 2 -1 
9 2 8 -1 1 1 1 1 1 1 2 2 2 -1 2 2 2 8 -1 -1 
2 -1 -1 1 1 1 1 1 1 6 2 2 2 2 2 2 -1 -1 2 2 
-1 2 -1 1 1 -1 1 1 -1 1 -1 2 8 2 2 2 2 2 2 -1 
2 2 2 -1 2 2 -1 -1 1 1 8 -1 -1 2 2 2 2 2 2 2 
2 2 -1 2 -1 -1 -1 8 -1 8 -1 8 2 2 2 2 2 2 2 -1 
2 2 -1 -1 -1 -1 8 8 8 -1 8 2 2 2 2 2 2 2 2 2 
2 -1 2 2 2 2 -1 8 8 2 8 2 2 2 -1 1 2 2 2 2 
-1 -1 2 4 2 2 2 2 8 8 2 2 2 1 1 -1 2 -1 2 2 
-1 3 3 2 2 2 8 2 2 -1 2 2 2 2 2 2 2 2 2 -1 
2 -1 -1 2 2 2 2 2 2 -1 -1 10 2 2 2 2 2 2 -1 2 
2 -1 -1 -1 2 -1 -1 2 2 2 10 2 2 -1 2 2 -1 2 -1 2 
-1 2 -1 6 6 6 10 -1 2 10 2 2 2 -1 2 2 2 -1 -1 -1 
2 8 -1 6 2 6 10 10 2 -1 2 2 -1 2 2 2 2 2 8 8 
8 2 8 8 2 -1 -1 2 10 10 2 -1 2 -1 2 40 8 8 8 8 
-1 2 8 6 2 -1 -1 -1 2 10 2 -1 2 -1 40 8 8 8 40 8 
40 2 6 2 6 2 2 2 8 -1 2 -1 -1 -1 -1 8 8 8 40 40 
8 1 40 -1 -1 -1 -1 40 8 -1 -1 6 6 -1 6 -1 6 1 2 8 
-1 8 -1 -1 1 -1 -1 8 1 1 -1 -1 6 6 6 6 -1 6 6 8 
8 -1 -1 1 6 1 -1 1 1 1 1 6 6 6 6 6 6 6 -1 8 
8 -1 -1 6 6 -1 -1 -1 2 -1 -1 6 6 6 6 -1 -1 -1 1 -1 
8 -1 6 6 41 1 41 2 -1 -1 1 6 6 6 6 6 6 6 8 -1 
8 8 4 8 4 41 -1 -1 6 -1 6 6 6 -1 -1 6 6 -1 8 8 
8 -1 1 8 4 4 41 1 6 6 6 6 6 6 -1 6 6 8 8 8 
1 2 2 8 -1 6 1 1 6 6 6 6 6 6 6 6 6 8 8 2 
1 -1 2 2 6 -1 6 6 6 6 6 6 6 -1 6 6 2 -1 8 1 
6 2 2 -1 6 6 -1 -1 6 1 1 6 -1 6 6 2 2 2 2 2 
2 6 -1 6 6 6 6 -1 6 6 1 8 -1 6 6 2 2 2 2 1 
1 -1 -1 1 8 -1 -1 -1 41 41 1 9 8 6 -1 6 6 2 -1 -1 
-1 1 1 1 -1 8 6 -1 6 6 -1 8 8 2 2 2 -1 -1 8 -1 
-1 1 1 -1 6 6 6 -1 6 6 -1 8 8 2 1 2 2 -1 -1 -1 
1 6 6 1 6 6 1 6 6 3 8 8 8 2 -1 2 -1 1 1 1 
6 6 1 6 6 1 1 1 6 -1 -1 -1 8 8 8 -1 -1 1 1 1 
6 6 -1 1 6 6 1 1 -1 -1 -1 -1 -1 8 8 1 1 1 6 6 
6 -1 6 -1 6 6 6 1 -1 -1 8 8 8 8 8 1 -1 -1 6 6 
1 6 6 6 6 6 6 6 -1 6 -1 -1 8 8 -1 -1 1 1 -1 6 
1 40 6 6 -1 -1 6 6 8 6 8 -1 8 8 -1 -1 -1 1 6 6 
-1 -1 -1 6 6 6 6 6 6 6 6 1 8 8 8 -1 1 6 -1 6 
-1 6 6 6 6 6 6 6 6 8 8 1 8 8 8 6 8 8 6 -1 
-1 -1 6 -1 8 -1 -1 8 6 8 8 8 8 8 8 6 8 8 6 6 
6 6 6 6 -1 8 8 8 8 -1 8 8 1 8 6 6 6 8 6 6 
6 6 6 8 8 8 8 8 8 8 8 -1 1 6 6 -1 6 1 -1 6 
6 6 8 8 8 8 -1 -1 8 8 8 6 8 8 -1 6 6 6 -1 6 
6 -1 8 -1 -1 -1 -1 -1 8 8 -1 8 8 6 6 6 -1 1 6 6 
6 8 8 6 6 -1 8 8 8 8 8 8 8 8 6 -1 6 -1 -1 6 
8 8 6 -1 6 6 8 -1 8 8 8 8 -1 1 8 -1 6 -1 6 6 
8 2 1 -1 6 8 -1 8 8 8 8 8 8 1 -1 8 -1 -1 -1 8 
-1 9 9 6 8 6 6 -1 8 8 8 -1 8 1 6 8 -1 6 6 6 
40 -1 40 8 6 -1 1 -1 -1 1 -1 6 1 -1 6 6 6 6 -1 6 
6 40 8 6 6 -1 1 6 1 -1 -1 -1 8 -1 6 6 6 6 6 40 
40 40 6 -1 1 -1 6 1 6 6 -1 -1 -1 6 6 -1 6 6 6 6 
-1 6 -1 1 1 -1 -1 6 6 1 6 -1 -1 -1 -1 -1 -1 6 6 6 
6 6 -1 -1 -1 1 -1 1 6 6 6 -1 -1 -1 6 6 6 6 6 6 
40 40 6 -1 8 6 6 6 6 6 6 -1 -1 -1 6 6 6 6 6 -1 
-1 -1 -1 -1 -1 6 6 6 6 6 6 8 1 -1 8 6 -1 -1 -1 2 
-1 -1 -1 -1 6 6 -1 8 -1 1 1 1 8 -1 -1 -1 -1 -1 -1 8 
8 8 1 -1 6 6 -1 40 8 1 6 6 8 8 -1 1 -1 6 6 8 
8 -1 -1 40 6 40 -1 1 -1 -1 -1 6 -1 6 6 6 -1 6 6 8 
8 -1 -1 6 1 -1 40 40 -1 40 6 6 6 6 -1 6 6 8 -1 8 
2 -1 6 6 1 40 40 40 40 40 40 6 6 6 6 -1 8 -1 8 -1 
2 6 8 6 1 -1 40 40 40 40 -1 6 6 6 6 6 6 6 -1 -1 
-1 6 6 8 -1 1 -1 40 40 40 40 6 6 -1 -1 -1 8 8 8 -1 
8 8 8 8 8 2 2 1 1 1 -1 2 2 -1 -1 6 8 8 8 8 
2 8 8 8 8 -1 1 1 1 -1 1 6 6 -1 6 6 8 8 8 8 
2 8 8 -1 8 1 1 -1 -1 1 -1 6 -1 2 8 2 2 8 2 2 
2 -1 -1 -1 1 1 1 1 1 1 1 8 2 2 2 2 2 2 2 2 
2 2 2 -1 1 1 1 1 -1 -1 -1 8 2 2 2 2 2 2 -1 2 
2 2 -1 -1 -1 6 6 -1 -1 -1 -1 -1 1 -1 2 2 -1 2 -1 2 
-1 -1 6 -1 -1 6 -1 1 -1 -1 6 6 8 2 -1 2 2 -1 -1 2 
2 -1 -1 6 -1 6 -1 -1 6 6 -1 6 -1 -1 8 2 2 -1 2 2 
-1 2 6 2 6 6 6 1 6 6 6 6 6 6 6 -1 -1 -1 -1 -1 
-1 6 6 6 2 6 2 1 6 6 6 6 6 -1 -1 -1 -1 -1 6 -1 
6 6 6 6 6 6 6 -1 6 6 6 6 6 -1 -1 -1 -1 6 -1 -1 
6 6 6 40 6 40 40 6 -1 6 6 6 6 -1 -1 -1 -1 6 6 6 
6 6 6 6 2 6 40 40 6 -1 6 -1 6 -1 -1 -1 -1 -1 6 -1 
6 -1 6 6 40 -1 40 -1 40 -1 -1 6 -1 6 -1 6 -1 -1 -1 6 
8 6 40 -1 40 -1 -1 1 1 -1 -1 -1 -1 -1 6 -1 6 2 6 6 
1 8 8 8 8 8 8 -1 -1 6 -1 -1 -1 -1 7 -1 -1 2 -1 -1 
8 8 8 -1 8 -1 -1 8 -1 -1 -1 -1 -1 7 -1 2 -1 2 -1 -1 
-1 -1 -1 -1 8 -1 -1 -1 -1 -1 -1 -1 6 6 6 -1 2 -1 -1 -1 
-1 -1 -1 2 -1 6 -1 6 -1 -1 -1 -1 -1 6 2 2 2 2 -1 -1 
-1 -1 -1 4 6 6 -1 6 -1 -1 -1 -1 -1 -1 -1 -1 2 3 -1 -1 
8 8 -1 -1 4 6 6 6 -1 8 8 -1 -1 -1 -1 -1 -1 -1 -1 -1 
8 8 -1 4 4 4 6 6 6 -1 8 8 8 -1 -1 -1 -1 -1 8 8 
8 8 6 6 6 6 -1 6 -1 8 8 8 6 -1 -1 8 8 8 8 8 
8 6 6 6 2 2 -1 -1 -1 -1 -1 -1 -1 2 -1 -1 2 8 -1 8 
8 -1 6 -1 6 -1 -1 8 8 -1 -1 6 -1 2 2 -1 2 8 8 8 
-1 -1 -1 -1 6 -1 -1 -1 -1 8 -1 -1 6 2 2 -1 2 2 -1 -1 
-1 -1 -1 -1 -1 -1 -1 -1 8 8 -1 6 1 2 -1 2 2 2 -1 -1 
-1 -1 6 -1 -1 -1 -1 9 -1 8 2 2 2 2 -1 -1 2 -1 6 1 
2 -1 -1 6 -1 -1 -1 -1 -1 -1 2 2 2 2 -1 -1 2 6 1 1 
2 -1 1 8 1 1 -1 -1 -1 -1 -1 2 2 2 -1 -1 2 -1 8 8 
8 1 8 8 1 1 1 -1 -1 -1 -1 -1 2 -1 2 -1 8 8 8 2 
8 8 8 1 8 1 1 -1 6 6 -1 -1 -1 -1 -1 -1 8 8 8 8 
-1 8 -1 8 1 8 -1 8 -1 6 -1 6 6 -1 7 -1 8 8 8 -1 
8 8 -1 8 -1 2 8 -1 -1 -1 -1 -1 6 6 -1 7 -1 6 -1 8 
8 -1 8 8 8 8 8 -1 -1 2 6 -1 -1 -1 7 1 -1 -1 6 -1 
-1 -1 -1 -1 -1 1 -1 6 -1 -1 -1 -1 -1 -1 -1 -1 -1 2 2 -1 
-1 -1 -1 -1 -1 1 1 1 6 2 -1 -1 -1 -1 -1 -1 1 2 2 2 
2 -1 -1 -1 -1 -1 1 2 2 2 -1 -1 1 -1 -1 -1 1 1 2 2 
-1 -1 -1 -1 -1 -1 9 -1 -1 -1 -1 1 1 -1 -1 -1 1 -1 3 -1 
-1 -1 -1 -1 1 9 -1 -1 -1 1 1 -1 1 1 1 1 -1 -1 -1 3 
-1 -1 8 -1 1 1 1 8 8 8 8 -1 1 1 -1 -1 -1 -1 -1 -1 
-1 8 -1 -1 1 8 1 8 8 8 8 8 -1 8 -1 -1 -1 6 6 -1 
-1 8 8 1 8 8 8 8 1 8 8 -1 8 -1 -1 6 -1 6 6 -1 
1 1 1 1 8 8 8 -1 2 2 -1 -1 8 -1 -1 -1 -1 6 6 -1 
1 1 1 -1 -1 -1 -1 8 -1 2 2 -1 -1 -1 -1 -1 -1 6 6 6 
-1 -1 -1 -1 -1 -1 -1 -1 -1 -1 2 2 -1 -1 -1 -1 1 6 6 -1 
-1 -1 -1 -1 -1 -1 -1 -1 -1 -1 -1 -1 1 1 1 1 1 -1 -1 -1 
-1 -1 1 -1 -1 -1 -1 -1 -1 -1 -1 -1 1 -1 -1 -1 -1 -1 -1 -1 
-1 -1 -1 1 1 -1 -1 -1 -1 -1 -1 2 -1 -1 -1 -1 -1 -1 -1 -1 
-1 -1 -1 -1 1 -1 -1 -1 -1 -1 -1 2 2 -1 -1 -1 -1 -1 -1 -1 
-1 -1 -1 -1 -1 -1 -1 -1 1 1 1 -1 -1 -1 -1 -1 -1 -1 -1 -1 
-1 -1 1 1 -1 -1 -1 -1 1 1 -1 -1 -1 -1 -1 -1 -1 -1 -1 3 
1 1 1 -1 -1 -1 8 -1 -1 -1 -1 -1 -1 -1 -1 -1 -1 -1 3 3 
1 -1 -1 1 -1 -1 -1 -1 -1 -1 -1 -1 -1 -1 -1 -1 -1 3 -1 -1 
-1 -1 -1 -1 -1 -1 -1 -1 6 -1 -1 -1 -1 -1 -1 -1 -1 -1 -1 -1 
1 1 -1 -1 -1 1 1 8 -1 8 8 8 8 8 8 8 8 8 -1 -1 
-1 -1 -1 1 8 8 1 1 8 8 8 8 8 8 8 8 -1 -1 -1 1 
-1 -1 -1 1 -1 8 8 -1 8 8 8 8 8 8 8 8 -1 -1 -1 -1 
-1 3 1 1 -1 8 1 1 1 8 8 8 8 8 8 8 -1 -1 -1 -1 
-1 -1 1 1 1 -1 1 1 8 -1 -1 8 8 8 8 8 8 -1 8 8 
-1 -1 -1 1 1 1 8 8 8 8 8 8 -1 8 8 8 -1 -1 8 8 
-1 -1 -1 -1 1 -1 8 8 8 8 8 8 8 8 8 8 -1 -1 8 8 
-1 -1 -1 3 8 8 8 1 8 8 -1 8 -1 8 8 -1 -1 -1 -1 -1 
-1 1 -1 3 -1 1 1 8 -1 8 8 8 8 -1 -1 8 -1 8 8 -1 
-1 -1 -1 -1 -1 -1 1 8 -1 -1 -1 8 8 9 9 8 8 -1 8 -1 
-1 -1 -1 -1 -1 -1 8 -1 -1 8 8 8 8 8 8 -1 -1 -1 8 -1 
1 -1 -1 -1 -1 -1 -1 1 8 -1 -1 8 8 1 -1 8 -1 8 -1 1 
1 1 -1 1 -1 -1 -1 1 1 8 -1 1 8 8 -1 -1 8 -1 -1 1 
-1 1 1 1 8 -1 -1 1 8 8 -1 1 -1 -1 8 8 -1 -1 -1 -1 
1 1 1 1 -1 -1 1 1 -1 1 -1 -1 -1 -1 -1 -1 -1 -1 -1 -1 
1 1 1 1 -1 1 -1 1 1 1 1 -1 -1 -1 -1 -1 -1 1 1 -1 
-1 1 1 1 -1 1 1 1 1 1 -1 -1 -1 -1 -1 -1 -1 -1 1 8 
-1 -1 -1 1 1 1 1 1 1 1 8 8 8 8 8 -1 8 8 -1 -1 
-1 -1 -1 1 1 -1 1 1 1 9 9 8 8 8 8 8 8 -1 -1 -1 
-1 -1 1 1 1 1 1 1 -1 1 9 8 -1 8 8 8 8 -1 -1 -1 
8 8 1 1 -1 2 2 1 8 1 -1 1 8 -1 1 8 8 -1 8 8 
-1 -1 2 1 -1 -1 2 -1 1 8 -1 -1 40 8 8 8 8 8 8 8 
8 2 2 2 -1 -1 2 -1 8 8 -1 -1 -1 8 -1 8 8 8 8 8 
-1 2 2 2 2 2 2 8 -1 8 8 8 8 8 8 8 8 1 1 8 
8 8 8 2 2 -1 2 -1 40 -1 40 8 8 8 8 8 8 1 1 8 
-1 8 8 8 -1 -1 9 9 40 40 40 -1 -1 -1 1 8 8 8 1 -1 
9 8 8 8 8 -1 8 9 2 40 40 40 1 -1 1 1 -1 8 1 1 
8 -1 8 8 8 2 2 40 2 2 40 40 1 1 1 1 1 1 1 9 
8 8 -1 2 2 2 40 40 40 3 40 40 8 -1 1 1 8 8 1 40 
8 40 40 2 2 2 9 -1 -1 3 -1 8 8 8 -1 -1 1 8 40 40 
40 40 40 40 40 9 9 -1 -1 -1 3 -1 -1 8 -1 1 9 8 40 8 
40 -1 40 40 -1 40 -1 9 -1 2 1 -1 8 8 8 9 8 8 -1 8 
40 40 -1 2 40 8 -1 -1 2 -1 2 8 1 8 8 9 -1 8 8 -1 
40 -1 1 8 1 1 -1 -1 -1 2 -1 8 8 8 1 8 1 8 40 40 
-1 8 -1 8 8 -1 9 9 -1 8 -1 8 8 1 1 1 8 8 1 40 
8 1 8 8 8 8 8 -1 8 1 8 1 8 1 8 8 8 -1 8 -1 
8 8 8 8 -1 2 -1 -1 1 1 1 1 1 8 1 8 8 8 8 1 
8 8 8 -1 8 -1 2 1 1 -1 -1 -1 -1 8 8 -1 8 8 8 8 
8 8 1 8 -1 2 1 1 -1 1 -1 -1 -1 -1 8 8 8 -1 8 8 
8 -1 1 8 -1 1 -1 1 1 -1 1 -1 1 8 -1 8 8 8 -1 8 
2 -1 3 -1 3 -1 2 2 2 8 8 8 8 8 8 9 9 -1 3 2 
-1 -1 -1 2 2 2 2 -1 8 8 8 8 8 8 1 8 2 3 3 2 
2 -1 2 2 2 2 2 2 -1 -1 8 1 8 -1 1 8 1 1 2 2 
-1 2 -1 -1 2 2 2 8 -1 1 1 -1 1 1 8 2 2 2 2 2 
2 2 -1 -1 8 8 8 -1 2 9 1 1 1 8 2 -1 -1 2 -1 2 
2 2 2 2 2 8 3 -1 2 2 9 1 2 8 2 2 -1 -1 2 2 
2 -1 2 -1 8 3 8 3 2 1 1 1 1 1 2 -1 2 -1 -1 2 
2 3 -1 3 3 2 2 8 2 2 8 8 1 1 -1 -1 -1 -1 -1 2 
2 -1 3 3 2 2 1 2 2 2 1 -1 -1 2 -1 -1 -1 -1 6 -1 
1 -1 1 2 2 1 1 1 1 1 3 3 3 -1 2 -1 -1 -1 -1 -1 
1 -1 -1 -1 1 1 1 1 1 9 3 3 3 3 -1 -1 -1 -1 -1 1 
-1 1 1 1 -1 1 -1 -1 1 9 9 1 -1 8 3 8 -1 1 1 -1 
1 2 1 1 -1 1 1 1 -1 1 1 -1 8 2 8 3 2 2 1 -1 
1 2 2 1 1 1 -1 8 -1 1 8 1 8 8 1 8 1 1 1 -1 
8 -1 2 10 -1 8 8 8 8 8 1 1 8 8 8 -1 8 1 -1 8 
8 -1 10 2 2 8 8 -1 8 8 8 8 8 8 -1 -1 8 8 8 8 
-1 8 2 2 -1 8 2 -1 8 8 -1 8 8 8 8 8 8 8 8 8 
8 10 3 -1 -1 2 2 8 8 2 2 -1 -1 8 8 8 8 -1 8 8 
2 3 3 3 -1 2 2 -1 8 2 2 -1 8 8 8 8 1 8 8 8 
2 3 3 3 -1 2 -1 2 2 8 2 8 8 8 8 8 1 8 8 -1 
2 2 2 10 10 2 2 -1 -1 2 1 1 9 2 1 -1 -1 2 1 1 
2 2 2 -1 2 2 2 4 2 9 9 9 9 2 2 -1 2 2 2 1 
-1 1 2 2 2 -1 4 2 2 2 9 2 9 2 2 -1 -1 -1 -1 -1 
1 1 1 1 2 2 -1 2 2 40 2 2 8 2 8 2 -1 2 -1 -1 
8 1 1 1 2 -1 -1 2 2 2 2 2 -1 -1 2 -1 2 2 -1 2 
2 2 2 2 2 2 2 -1 2 2 2 2 8 8 -1 -1 2 2 -1 8 
2 2 8 2 2 2 -1 2 -1 2 -1 8 8 2 2 -1 2 2 2 2 
8 8 2 2 2 -1 2 9 2 8 8 8 8 8 -1 8 2 8 -1 2 
8 8 8 8 8 2 2 8 8 8 8 8 8 -1 -1 8 8 8 8 8 
-1 8 8 -1 -1 6 6 8 8 8 8 8 -1 -1 2 2 8 8 8 8 
8 8 8 8 8 8 8 8 1 -1 2 2 2 2 2 8 -1 8 8 -1 
2 8 -1 2 9 6 -1 -1 -1 -1 -1 2 2 2 2 2 2 8 8 2 
2 2 2 8 6 -1 -1 -1 8 8 -1 -1 2 2 2 2 2 2 8 2 
2 -1 2 8 -1 8 -1 -1 -1 8 -1 -1 -1 2 -1 2 2 2 2 8 
2 2 2 2 -1 -1 10 -1 8 8 -1 -1 2 2 2 2 9 2 2 2 
2 2 2 2 -1 -1 -1 10 -1 -1 -1 2 2 2 9 9 9 2 2 9 
9 9 -1 -1 -1 -1 10 -1 10 1 -1 1 2 2 2 9 2 9 2 2 
-1 2 2 2 -1 -1 10 10 1 1 1 -1 1 2 8 8 8 2 2 9 
2 2 2 -1 10 10 -1 -1 -1 1 -1 2 -1 2 8 8 9 -1 9 -1 
2 2 2 -1 1 1 -1 -1 -1 -1 1 2 -1 2 2 8 8 -1 2 2 
-1 2 -1 2 2 -1 -1 -1 -1 -1 9 -1 -1 8 -1 -1 -1 -1 -1 1 
1 1 2 2 -1 -1 -1 2 2 -1 9 9 9 9 8 8 -1 -1 -1 -1 
1 -1 1 1 -1 2 2 2 -1 8 8 8 9 8 8 8 8 -1 8 -1 
-1 -1 -1 -1 2 2 2 2 -1 1 -1 8 8 8 8 8 -1 -1 -1 8 
8 1 -1 2 -1 2 2 2 8 1 8 8 -1 1 -1 8 8 -1 -1 -1 
9 1 -1 -1 -1 1 2 -1 2 8 1 -1 1 -1 2 8 8 8 8 -1 
1 1 1 -1 -1 -1 1 2 -1 1 1 1 -1 -1 -1 -1 -1 -1 -1 -1 
-1 1 -1 -1 -1 2 -1 1 8 1 1 -1 1 -1 2 2 -1 -1 1 1 
1 -1 -1 -1 -1 -1 8 8 8 8 1 1 -1 1 2 -1 2 2 1 -1 
-1 1 -1 -1 -1 -1 8 8 8 -1 1 1 -1 -1 -1 8 -1 -1 2 -1 
2 8 1 -1 -1 -1 8 8 1 8 -1 1 1 -1 -1 8 -1 2 2 2 
2 -1 2 -1 -1 2 -1 -1 2 1 -1 2 2 -1 -1 -1 1 2 2 2 
-1 -1 -1 2 2 -1 2 2 -1 -1 2 2 2 -1 -1 1 -1 -1 -1 -1 
-1 -1 -1 2 2 2 2 2 -1 2 2 -1 2 2 1 8 8 -1 -1 -1 
-1 -1 2 2 2 -1 2 2 -1 2 2 2 2 2 2 8 8 -1 2 2 
2 -1 -1 2 10 -1 -1 8 8 8 -1 8 -1 8 8 -1 1 1 2 2 
2 2 2 -1 10 10 8 -1 8 8 8 -1 -1 -1 8 -1 -1 2 2 2 
2 -1 -1 2 2 2 8 8 8 8 -1 -1 8 8 1 -1 -1 2 2 2 
2 -1 -1 9 2 -1 2 -1 8 8 1 -1 8 1 1 -1 -1 -1 2 2 
2 -1 2 -1 -1 -1 -1 -1 -1 1 8 -1 -1 -1 1 -1 -1 2 2 -1 
8 8 8 40 40 40 40 -1 -1 -1 8 -1 8 -1 -1 -1 8 -1 -1 8 
8 8 1 8 8 2 8 8 -1 -1 8 8 -1 8 8 8 8 8 -1 -1 
8 8 8 8 2 9 9 8 8 8 8 8 8 8 8 8 -1 -1 8 8 
8 8 -1 40 2 40 8 -1 8 -1 8 8 8 8 8 -1 -1 -1 3 8 
1 8 -1 40 40 2 8 8 8 -1 -1 -1 8 8 8 -1 -1 -1 3 1 
9 9 1 -1 -1 8 8 8 8 -1 -1 -1 8 8 8 -1 -1 9 -1 1 
9 -1 -1 -1 -1 -1 -1 -1 -1 2 9 -1 -1 8 -1 -1 -1 9 9 9 
-1 9 -1 -1 -1 -1 -1 8 8 2 9 8 -1 8 8 9 -1 -1 -1 9 
-1 -1 -1 8 1 8 8 8 2 8 2 8 8 8 8 9 -1 -1 -1 -1 
-1 -1 -1 8 8 8 8 2 2 8 8 -1 8 8 8 8 9 -1 -1 -1 
-1 -1 8 -1 8 8 8 8 2 2 8 8 -1 8 8 9 9 -1 -1 -1 
-1 -1 9 -1 -1 8 8 8 2 8 8 8 8 8 8 8 -1 -1 -1 8 
-1 9 8 8 -1 -1 8 8 -1 -1 -1 -1 -1 8 8 8 -1 8 8 1 
8 8 8 8 -1 8 8 -1 8 -1 -1 -1 -1 8 8 8 -1 8 8 1 
8 8 8 -1 -1 8 8 8 9 8 8 -1 8 8 8 8 8 8 8 8 
8 40 -1 -1 9 9 9 9 8 8 8 8 -1 8 8 8 8 8 8 8 
2 40 9 9 9 3 8 3 3 -1 -1 8 8 -1 -1 8 8 8 8 8 
8 -1 40 40 40 9 3 3 8 -1 8 1 8 8 8 8 8 8 2 2 
2 -1 -1 40 8 9 2 -1 8 8 8 -1 8 8 8 8 -1 8 2 2 
8 -1 40 -1 40 -1 9 40 -1 8 -1 8 -1 -1 8 8 8 8 -1 2 
40 40 8 8 8 8 8 40 40 8 40 8 40 -1 40 1 1 40 40 40 
40 40 -1 -1 -1 8 2 40 2 -1 2 40 40 40 40 40 40 40 40 40 
40 -1 -1 8 1 1 8 2 2 1 1 1 40 40 40 40 40 8 8 8 
8 -1 8 1 1 1 2 8 8 1 8 -1 8 40 -1 40 8 -1 8 40 
8 -1 8 8 1 1 2 2 8 -1 8 8 8 40 40 -1 2 2 8 8 
8 8 8 8 8 8 2 2 8 8 8 8 8 40 40 -1 -1 -1 8 8 
8 8 8 -1 8 1 2 8 8 8 8 8 8 -1 -1 2 2 -1 2 8 
8 8 -1 8 8 8 8 1 1 8 8 -1 -1 1 1 2 2 2 -1 -1 
-1 8 8 -1 -1 8 1 1 1 8 -1 1 1 1 -1 1 -1 8 2 -1 
8 2 8 8 -1 8 8 1 8 8 -1 1 1 1 1 8 8 8 2 -1 
2 8 8 8 8 8 8 2 -1 8 8 2 1 2 2 -1 2 2 2 -1 
8 -1 8 8 8 8 -1 2 2 2 8 2 2 2 8 8 2 2 -1 8 
8 8 8 2 8 8 8 -1 2 -1 -1 -1 2 2 -1 9 9 2 -1 8 
8 8 2 8 8 8 8 8 -1 -1 -1 2 2 2 2 8 9 8 8 8 
2 -1 8 8 8 8 1 1 1 -1 -1 2 2 2 2 8 8 8 8 -1 
2 -1 8 1 8 1 8 1 2 -1 2 -1 -1 -1 -1 8 8 8 -1 -1 
-1 8 8 -1 1 -1 8 40 40 -1 -1 -1 -1 -1 -1 40 -1 8 -1 -1 
8 8 8 8 1 8 8 40 40 -1 -1 -1 -1 -1 -1 6 -1 40 8 -1 
-1 -1 8 8 -1 8 -1 40 8 8 8 -1 -1 -1 6 -1 -1 40 40 8 
8 8 8 -1 8 8 8 40 8 8 8 40 40 -1 -1 6 1 -1 -1 40 
2 8 2 2 8 1 -1 1 -1 40 -1 -1 8 8 8 9 9 1 2 8 
8 2 2 2 1 1 1 -1 1 -1 -1 1 -1 8 8 9 1 1 -1 8 
2 8 2 8 8 1 -1 1 -1 9 1 -1 -1 9 9 1 1 8 8 2 
8 8 8 8 8 -1 -1 -1 -1 9 -1 1 1 -1 9 1 8 8 -1 8 
8 8 8 8 8 8 -1 1 1 1 1 1 1 9 1 -1 8 8 8 8 
8 8 8 -1 8 -1 8 -1 1 8 1 1 -1 1 9 1 8 -1 -1 8 
8 8 -1 -1 1 8 1 1 1 8 8 8 8 8 8 8 8 8 1 8 
8 -1 1 1 1 8 8 1 1 8 8 8 1 1 8 1 -1 8 8 1 
8 8 9 9 8 8 8 8 -1 -1 8 2 1 8 1 2 -1 -1 8 8 
-1 8 8 8 8 8 8 9 -1 9 8 8 2 8 2 3 3 3 8 8 
40 8 8 8 -1 -1 8 9 -1 9 9 8 2 8 8 3 3 3 8 8 
8 8 8 8 -1 9 9 8 8 1 8 1 -1 8 9 8 3 8 3 40 
8 8 8 8 8 9 9 8 8 8 1 -1 1 1 9 9 8 8 8 8 
8 8 8 8 -1 8 8 8 8 1 1 1 1 1 9 9 1 3 3 -1 
8 8 8 6 -1 8 8 8 8 8 1 -1 1 -1 9 9 9 9 1 8 
8 8 6 6 6 -1 -1 8 8 -1 8 1 -1 1 9 9 9 -1 8 8 
8 8 -1 6 -1 6 -1 40 8 8 8 2 2 -1 1 -1 1 1 8 8 
8 8 2 6 8 -1 -1 40 -1 8 8 -1 -1 2 1 1 1 -1 8 8 
8 8 2 8 6 8 -1 1 8 8 8 40 1 9 1 1 1 8 8 8 
8 2 1 6 6 8 8 -1 40 -1 40 8 1 9 9 9 8 1 1 2 
-1 8 40 -1 -1 3 3 8 8 8 8 8 8 1 9 9 8 8 8 -1 
8 1 -1 1 8 8 8 8 8 8 -1 8 8 1 9 -1 8 8 8 8 
8 3 1 1 8 8 40 2 8 8 8 8 9 9 8 -1 9 -1 8 8 
8 3 1 3 2 2 2 2 8 8 8 -1 9 8 1 8 9 -1 -1 -1 
8 3 3 3 -1 3 2 8 -1 8 8 9 2 -1 8 9 9 9 1 1 
8 3 3 3 3 8 8 8 8 8 8 8 2 2 -1 8 8 8 9 1 
8 8 3 3 3 8 8 8 8 8 8 8 2 2 8 -1 8 8 -1 9 
8 8 3 3 3 2 8 1 8 -1 8 8 2 2 2 2 8 8 8 8 
-1 3 -1 3 8 8 1 8 1 -1 8 8 8 2 8 2 8 8 8 8 
8 8 -1 8 8 -1 8 1 8 -1 8 8 8 2 -1 8 8 8 1 8 
-1 8 8 1 -1 8 8 -1 8 -1 8 8 9 8 8 8 8 1 8 1 
-1 8 1 3 -1 8 8 -1 -1 8 1 9 -1 8 1 8 1 1 1 8 
2 8 1 3 3 7 3 8 -1 1 1 8 -1 1 1 8 1 1 2 8 
2 3 3 3 2 7 3 9 9 9 8 -1 9 1 8 8 8 2 8 2 
1 -1 3 3 3 2 2 9 8 9 9 9 8 8 8 8 8 8 -1 1 
1 -1 3 3 3 9 9 2 8 9 9 8 8 8 8 8 8 8 8 1 
8 3 3 3 -1 -1 8 8 8 9 9 8 8 8 8 8 8 -1 -1 8 
8 8 8 3 -1 -1 -1 8 8 9 -1 8 -1 8 8 8 8 8 8 -1 
8 8 3 3 3 3 1 1 8 -1 -1 8 9 8 8 -1 8 -1 8 -1 
8 40 8 40 3 3 3 8 -1 8 -1 -1 8 8 -1 8 8 8 8 -1 
1 1 1 9 -1 9 -1 1 -1 -1 8 8 1 1 2 1 8 -1 -1 -1 
-1 1 9 1 1 8 8 8 1 -1 -1 8 1 1 1 1 1 1 1 -1 
9 8 9 1 1 9 8 -1 8 8 8 1 1 8 -1 1 -1 9 9 9 
8 1 -1 1 1 9 -1 8 8 -1 -1 1 8 8 -1 8 1 9 9 9 
9 8 -1 9 8 1 8 1 -1 8 -1 8 8 8 8 1 8 8 8 8 
8 -1 8 8 -1 1 1 1 8 -1 8 8 8 9 1 -1 8 8 8 8 
8 8 8 3 3 -1 -1 8 8 8 -1 8 2 2 9 9 8 8 8 8 
8 8 -1 8 3 3 -1 -1 8 8 8 -1 -1 8 2 8 9 8 9 8 
8 8 -1 -1 3 3 -1 8 3 3 8 8 8 8 9 9 2 1 2 8 
-1 8 8 8 8 3 8 3 -1 8 8 8 8 8 -1 8 8 2 1 -1 
8 8 8 -1 -1 -1 3 8 8 8 8 8 -1 8 8 8 8 8 8 -1 
8 -1 1 8 8 8 8 8 8 8 -1 8 8 8 8 8 8 8 8 8 
-1 -1 -1 1 8 8 8 8 8 8 8 8 8 8 8 -1 -1 8 8 8 
-1 9 1 -1 8 8 8 -1 -1 8 8 8 8 8 8 8 8 8 -1 8 
-1 -1 9 9 9 8 8 8 8 8 8 8 8 8 8 8 8 8 8 8 
-1 -1 8 9 -1 8 8 8 -1 8 8 -1 8 8 8 8 8 8 -1 8 
-1 -1 -1 9 9 9 8 8 8 8 8 8 8 -1 8 8 8 8 8 8 
-1 -1 1 9 9 -1 8 -1 -1 8 2 -1 8 8 8 -1 8 8 -1 -1 
-1 1 -1 9 9 8 9 -1 -1 -1 -1 2 8 8 8 2 8 8 1 -1 
-1 9 -1 -1 9 9 9 -1 -1 -1 -1 2 2 8 -1 2 2 -1 -1 -1 
8 8 8 8 8 8 8 8 -1 8 1 8 8 8 8 40 8 -1 8 -1 
-1 8 8 8 8 8 8 1 8 -1 1 2 8 8 8 8 8 9 -1 -1 
8 -1 8 8 8 8 8 8 8 1 1 2 8 8 8 8 9 8 8 8 
8 8 8 8 8 8 8 8 8 1 -1 -1 -1 8 8 8 8 -1 8 8 
8 8 9 8 8 8 8 8 8 8 8 8 -1 8 8 -1 8 -1 -1 8 
8 9 9 -1 9 8 8 8 8 -1 8 8 -1 -1 8 8 8 8 8 8 
8 9 -1 9 -1 8 8 8 2 2 -1 8 -1 -1 8 -1 -1 8 8 8 
8 8 -1 9 8 8 -1 8 -1 -1 8 -1 -1 -1 -1 8 8 -1 8 8 
8 8 8 -1 8 8 8 8 -1 -1 8 8 -1 -1 8 -1 -1 -1 8 8 
-1 -1 8 8 8 8 8 8 8 8 -1 8 8 8 8 8 -1 8 8 8 
-1 -1 8 -1 8 -1 8 8 8 8 8 8 8 8 -1 -1 8 8 8 8 
8 8 8 8 8 1 8 8 8 8 8 8 8 -1 -1 -1 8 8 -1 8 
8 -1 -1 8 8 8 8 8 8 8 8 8 8 -1 -1 -1 -1 -1 8 8 
8 8 8 9 8 8 8 -1 8 8 8 8 8 8 8 -1 -1 8 -1 -1 
8 8 8 8 9 8 -1 -1 -1 -1 8 8 8 8 8 8 8 -1 -1 -1 
8 8 8 8 -1 8 8 8 8 -1 -1 2 8 8 40 8 8 8 8 8 
8 8 -1 8 8 8 8 8 8 8 2 -1 -1 8 40 40 8 8 -1 8 
8 8 8 8 8 9 8 -1 -1 -1 2 2 2 2 -1 -1 40 8 8 8 
8 8 8 8 9 8 -1 8 -1 -1 8 2 40 8 -1 40 -1 8 -1 8 
8 8 8 8 8 8 8 -1 8 8 -1 8 8 8 -1 40 -1 8 8 8 
8 8 -1 -1 2 -1 8 8 8 40 1 1 -1 8 8 8 8 8 8 8 
3 3 -1 -1 8 8 8 8 40 40 8 6 -1 -1 8 1 8 8 8 8 
8 3 3 8 -1 8 8 -1 -1 -1 40 -1 1 -1 1 8 8 8 8 8 
-1 8 3 -1 8 -1 8 -1 -1 8 -1 8 8 8 8 8 8 -1 8 8 
8 8 -1 8 -1 8 -1 8 8 8 8 8 8 8 8 8 -1 8 8 8 
8 -1 -1 8 8 8 8 8 8 -1 8 8 1 -1 8 -1 8 8 8 8 
8 8 8 8 8 8 8 1 8 8 1 8 -1 8 8 8 8 8 8 8 
8 8 8 8 8 8 8 8 -1 8 8 1 -1 -1 -1 8 8 8 -1 8 
8 8 8 8 8 8 8 8 8 8 -1 -1 -1 -1 9 -1 8 8 8 -1 
-1 8 8 -1 -1 -1 8 8 -1 8 -1 -1 -1 -1 -1 -1 -1 8 8 -1 
-1 8 -1 -1 8 8 8 8 8 8 8 -1 8 -1 -1 8 8 -1 -1 8 
8 -1 40 8 -1 -1 8 8 8 8 8 -1 8 8 -1 8 8 8 -1 8 
2 2 -1 40 8 1 -1 8 8 8 8 8 8 -1 -1 -1 8 8 8 -1 
2 2 40 2 8 -1 -1 -1 8 8 8 8 8 8 -1 -1 8 8 8 2 
-1 -1 -1 40 2 8 8 8 8 8 -1 8 -1 40 -1 -1 8 8 8 2 
8 -1 40 40 2 2 -1 8 8 8 -1 8 9 40 40 -1 -1 8 8 8 
8 8 8 40 -1 -1 -1 3 8 8 -1 8 -1 9 -1 -1 8 8 8 8 
8 8 1 8 8 -1 8 8 -1 1 8 -1 40 -1 -1 -1 -1 8 8 -1 
8 8 8 8 -1 -1 8 8 8 1 8 8 -1 -1 8 -1 -1 -1 -1 8 
8 8 8 -1 -1 1 -1 8 8 8 1 1 8 8 8 9 8 8 8 -1 
8 8 8 8 8 8 8 -1 8 8 8 8 8 8 8 8 8 8 8 8 
8 8 8 -1 8 2 8 8 -1 8 8 8 8 8 -1 8 8 8 8 8 
8 8 8 -1 8 -1 -1 8 -1 2 2 8 8 8 8 9 8 -1 8 8 
8 8 8 8 -1 8 3 -1 3 2 3 8 9 -1 9 8 -1 -1 8 8 
-1 -1 8 -1 8 -1 3 3 3 3 3 3 2 9 8 8 8 2 2 -1 
-1 8 8 40 40 -1 -1 3 3 3 3 2 9 -1 8 8 8 -1 8 -1 
8 8 8 8 1 -1 3 3 3 3 2 2 -1 8 8 8 8 -1 8 8 
8 -1 8 1 1 40 3 3 3 3 8 2 8 -1 8 8 -1 8 8 8 
8 8 1 1 -1 3 8 3 3 8 2 2 2 8 8 -1 8 -1 8 8 
1 1 1 8 8 3 3 1 1 8 2 2 8 8 -1 1 8 8 8 8 
8 1 1 8 3 3 3 1 1 8 8 8 8 8 8 1 8 8 8 -1 
1 1 1 1 3 3 8 8 8 -1 -1 -1 8 8 1 1 1 -1 -1 -1 
-1 -1 -1 3 3 3 3 8 8 -1 -1 40 8 8 8 1 3 8 -1 -1 
1 -1 -1 -1 3 3 8 8 8 1 40 40 40 1 8 8 8 -1 8 1 
1 1 1 9 1 3 -1 8 8 1 40 40 -1 1 8 8 8 8 -1 -1 
1 -1 -1 9 3 1 8 -1 8 1 -1 40 8 8 8 8 8 -1 -1 1 
9 9 -1 -1 -1 1 8 9 8 8 8 8 -1 8 8 8 8 8 8 1 
-1 -1 -1 -1 -1 8 1 8 8 8 -1 8 8 -1 8 8 8 -1 8 8 
8 -1 -1 -1 -1 -1 8 8 8 8 8 8 8 8 -1 -1 8 8 8 8 
8 -1 8 -1 8 -1 8 8 -1 8 8 8 8 8 8 8 8 8 8 8 
8 8 -1 8 2 8 2 2 3 3 2 8 8 8 2 8 8 8 8 8 
8 8 8 8 8 1 -1 2 8 8 -1 -1 8 -1 -1 8 8 8 8 8 
-1 8 8 8 -1 8 -1 8 -1 40 40 3 2 2 8 2 8 -1 8 -1 
8 -1 8 -1 8 8 8 -1 40 40 3 8 2 2 2 2 8 8 40 8 
8 8 8 8 -1 8 -1 40 40 40 40 -1 8 8 3 2 8 -1 -1 8 
8 2 -1 8 8 8 8 40 40 9 40 -1 8 8 3 8 -1 8 8 8 
8 2 2 2 1 8 8 40 -1 9 1 8 8 8 -1 8 8 8 8 8 
8 8 2 2 8 1 40 1 40 -1 -1 -1 8 8 1 1 8 -1 8 8 
8 2 -1 8 8 8 8 8 40 -1 40 -1 8 1 1 8 8 8 8 8 
8 8 8 8 8 8 8 40 -1 40 40 -1 1 1 1 8 8 8 8 8 
-1 8 -1 8 1 8 8 40 8 40 40 -1 1 -1 -1 -1 8 8 8 8 
8 8 8 -1 1 1 8 8 8 40 8 1 1 1 1 8 8 1 8 8 
2 2 -1 8 -1 8 8 8 8 2 8 -1 8 8 1 1 1 1 1 8 
8 8 8 8 8 8 8 -1 8 8 8 8 8 1 1 8 1 1 -1 -1 
-1 2 -1 -1 8 2 -1 8 8 8 8 8 -1 -1 1 8 1 8 -1 40 
40 40 2 8 2 2 8 -1 8 8 -1 -1 8 8 8 8 8 8 8 40 
1 -1 40 40 8 2 2 2 8 8 8 1 8 8 8 -1 8 8 8 8 
-1 8 1 1 2 2 8 2 2 8 2 -1 2 8 8 8 8 8 40 8 
8 -1 1 2 2 8 8 8 2 -1 2 8 -1 8 8 8 8 8 8 -1 
8 8 -1 2 2 8 8 -1 3 2 2 8 8 8 2 8 8 8 8 8 
8 8 8 8 8 8 8 8 8 6 8 40 40 -1 2 8 8 8 8 8 
40 40 -1 -1 8 8 8 -1 6 7 8 -1 -1 -1 9 8 40 40 8 40 
40 40 8 8 8 8 -1 8 7 7 -1 6 -1 9 9 9 2 40 40 40 
40 40 40 -1 8 -1 8 8 7 -1 7 -1 40 -1 9 2 2 -1 40 40 
40 40 8 8 8 8 8 8 40 40 40 -1 8 8 8 -1 -1 40 40 40 
2 40 8 8 8 8 8 8 -1 8 40 40 40 8 8 -1 9 40 40 40 
1 -1 9 8 8 8 8 -1 8 -1 -1 40 40 8 8 8 9 9 9 -1 
-1 1 9 9 1 9 8 8 -1 8 -1 1 8 8 8 8 8 9 9 8 
1 9 9 1 9 9 1 1 -1 1 1 8 1 8 8 8 8 -1 9 8 
8 1 9 9 1 -1 2 2 1 1 1 8 8 8 8 8 8 9 9 8 
9 9 9 6 -1 2 2 1 -1 -1 8 8 8 8 8 40 8 -1 8 8 
-1 6 9 9 9 8 8 1 -1 -1 8 8 8 8 8 8 8 40 -1 -1 
-1 6 9 9 6 -1 -1 8 8 -1 -1 8 8 8 8 9 8 8 -1 8 
1 8 8 9 6 6 6 8 8 8 2 8 8 8 8 8 8 8 8 8 
1 6 6 2 6 8 8 8 8 2 2 8 8 8 8 8 -1 8 8 8 
8 8 8 8 8 8 8 8 8 8 8 8 8 8 8 -1 8 8 8 8 
8 8 8 2 8 8 8 8 8 8 -1 8 8 -1 8 8 8 8 8 -1 
-1 8 8 8 8 8 8 8 6 6 8 8 1 8 -1 9 8 8 9 -1 
8 -1 8 8 8 -1 8 8 6 1 1 8 8 1 -1 8 8 8 9 -1 
8 8 8 8 8 8 8 8 6 6 8 40 -1 9 9 8 8 8 -1 8 
8 1 2 2 8 8 8 8 1 40 8 -1 40 -1 8 8 40 8 8 8 
8 1 8 8 9 -1 8 -1 8 8 8 40 8 8 -1 -1 8 8 8 8 
8 9 40 8 8 8 8 8 8 9 8 8 8 -1 8 -1 8 -1 8 8 
9 8 8 8 8 8 -1 8 8 8 8 -1 8 8 8 8 -1 40 8 8 
8 8 8 8 8 -1 -1 -1 8 9 8 9 9 -1 -1 -1 8 8 8 8 
8 40 8 8 -1 8 -1 -1 -1 -1 9 8 8 41 41 41 -1 8 8 40 
40 -1 8 8 8 8 8 8 -1 8 8 9 9 -1 1 -1 40 40 8 -1 
40 -1 8 8 8 8 -1 8 8 8 8 1 -1 1 -1 40 40 40 40 40 
2 8 1 9 8 3 3 8 8 8 1 1 2 1 1 1 40 40 40 -1 
8 3 -1 -1 -1 8 8 3 8 1 8 8 2 1 1 -1 2 2 2 40 
3 8 -1 8 8 8 8 3 3 8 1 2 8 8 -1 2 3 3 8 2 
3 2 6 8 8 8 -1 8 -1 -1 8 8 8 8 -1 2 2 3 8 3 
2 2 9 1 8 8 8 8 8 8 -1 2 8 2 2 2 2 3 3 8 
-1 2 8 9 8 1 8 8 1 8 2 3 3 8 2 8 3 3 3 3 
9 2 9 8 1 -1 -1 1 8 -1 3 3 8 8 8 3 3 2 2 8 
9 1 8 8 8 -1 1 3 1 -1 -1 8 -1 8 -1 2 2 2 8 -1 
8 1 8 8 8 -1 -1 -1 3 1 40 40 8 2 2 3 2 -1 8 -1 
8 1 -1 2 8 8 8 -1 40 40 1 1 1 8 2 2 8 -1 -1 8 
8 8 2 2 8 8 8 8 1 40 40 40 8 1 40 8 8 8 8 8 
8 8 8 2 8 8 8 8 -1 40 8 -1 40 1 40 40 8 8 -1 8 
1 -1 8 8 8 8 8 9 8 8 8 3 40 -1 8 -1 -1 8 8 8 
-1 -1 8 8 8 -1 3 8 3 3 3 3 3 40 8 8 8 1 8 1 
8 8 8 8 9 3 9 3 3 3 3 -1 40 -1 8 -1 8 1 1 1 
2 8 -1 2 3 3 3 9 -1 3 8 -1 -1 -1 2 2 2 2 1 -1 
2 2 2 -1 -1 3 3 3 3 40 40 40 40 2 2 2 -1 3 2 2 
8 8 2 -1 -1 8 8 8 8 8 -1 40 40 2 8 -1 -1 3 2 2 
2 2 8 3 3 2 -1 8 8 8 -1 2 2 8 2 2 3 3 3 2 
3 2 2 3 3 2 3 2 -1 -1 -1 8 -1 -1 -1 2 3 3 2 3 
3 8 3 2 2 -1 2 2 2 1 1 -1 -1 -1 -1 3 3 2 3 -1 
2 -1 8 3 2 8 -1 8 1 2 1 9 -1 2 -1 -1 -1 -1 6 -1 
-1 2 -1 3 2 2 8 8 1 40 40 9 9 9 2 1 -1 -1 -1 -1 
-1 2 2 3 3 3 3 8 8 2 41 9 9 2 2 2 2 2 -1 -1 
-1 2 2 2 2 -1 8 8 6 9 8 41 -1 2 2 -1 -1 2 -1 -1 
1 2 2 1 -1 2 -1 8 6 6 9 2 -1 2 2 -1 -1 -1 -1 -1 
-1 2 2 1 1 8 8 8 6 6 8 2 2 8 8 -1 -1 -1 -1 -1 
-1 2 1 1 -1 1 40 8 8 8 8 -1 -1 2 -1 -1 -1 8 -1 -1 
1 1 1 8 1 8 40 40 8 8 8 -1 8 8 -1 8 8 -1 1 1 
1 1 1 1 8 8 8 -1 8 8 -1 -1 -1 8 8 8 8 1 1 1 
-1 1 8 1 8 8 -1 8 -1 -1 8 8 40 1 -1 8 8 -1 1 1 
1 -1 -1 8 8 8 8 8 8 8 8 8 -1 40 8 8 8 -1 1 -1 
8 8 8 8 8 8 -1 -1 8 2 2 2 8 -1 9 -1 8 8 8 8 
-1 8 8 -1 1 8 8 -1 8 -1 3 2 8 9 9 8 -1 8 8 8 
-1 8 8 1 8 8 8 8 -1 8 2 3 8 9 8 8 9 -1 8 8 
8 1 40 8 6 8 8 8 8 2 3 8 2 2 -1 -1 8 9 8 8 
8 6 1 -1 -1 -1 2 9 8 -1 8 9 2 2 -1 -1 8 8 -1 8 
6 6 1 1 -1 2 2 2 2 2 2 3 -1 2 2 9 8 8 6 8 
-1 8 8 -1 1 8 2 2 2 2 2 3 3 2 9 2 2 8 8 2 
6 8 40 40 -1 -1 8 2 8 8 2 8 9 2 9 9 2 8 2 2 
2 2 8 40 -1 8 8 8 8 2 2 8 1 8 9 9 9 2 2 3 
3 8 3 -1 8 8 8 8 9 9 8 8 1 8 8 9 2 2 2 2 
8 2 8 3 -1 -1 8 8 9 -1 8 -1 -1 8 8 8 8 8 8 8 
8 8 8 -1 -1 -1 8 8 8 8 8 8 -1 -1 2 8 8 8 8 8 
8 8 8 -1 8 -1 8 8 8 8 -1 -1 -1 -1 8 8 8 8 -1 8 
8 8 8 8 8 8 -1 8 -1 8 -1 1 -1 -1 1 1 8 8 8 8 
-1 8 8 8 8 8 8 8 8 -1 40 -1 1 8 9 -1 -1 8 8 8 
8 8 8 2 8 -1 8 8 -1 40 40 1 40 1 9 1 -1 8 8 8 
8 8 8 2 8 8 8 2 -1 40 40 40 1 1 -1 9 8 8 -1 8 
1 8 8 8 2 2 8 8 2 8 40 -1 40 -1 1 1 8 8 8 8 
1 1 -1 8 6 -1 8 8 -1 -1 8 -1 -1 -1 1 1 8 8 -1 1 
8 8 8 -1 8 -1 8 8 2 -1 40 2 2 2 9 1 8 8 8 8 
8 8 -1 8 8 8 1 -1 1 1 -1 2 -1 -1 -1 1 2 8 9 8 
2 8 8 8 8 8 -1 1 1 1 2 1 1 1 -1 2 2 9 3 3 
6 8 8 8 9 3 3 -1 -1 1 1 8 -1 1 8 2 -1 9 3 6 
-1 3 2 2 9 2 3 2 2 1 1 1 8 8 8 2 1 1 3 8 
2 2 3 2 -1 2 2 -1 8 1 2 -1 1 6 6 6 1 1 -1 2 
2 2 3 9 6 2 -1 -1 8 8 -1 2 8 8 8 1 8 1 3 2 
3 2 3 8 6 2 2 -1 -1 2 8 2 2 2 -1 2 -1 2 1 -1 
2 2 8 -1 -1 -1 -1 -1 2 8 8 -1 40 2 2 2 -1 -1 1 3 
3 2 2 8 -1 8 8 40 1 -1 -1 8 40 9 8 8 2 2 3 3 
-1 -1 8 8 3 8 8 8 1 8 -1 8 40 8 2 8 1 2 2 40 
2 2 8 8 8 8 8 1 1 8 8 8 -1 2 8 8 -1 -1 2 2 
2 8 8 8 8 8 8 8 1 8 8 1 8 -1 2 8 8 -1 -1 40 
-1 8 8 8 -1 8 8 1 3 8 -1 1 1 8 1 40 40 40 2 2 
-1 8 8 8 8 8 -1 1 1 8 8 1 1 1 1 8 8 8 8 8 
8 8 8 8 -1 -1 -1 8 8 8 1 8 1 -1 -1 8 8 8 8 8 
8 8 8 -1 -1 9 -1 8 8 8 8 8 8 -1 3 -1 8 8 9 -1 
8 8 8 8 9 8 8 -1 -1 8 2 -1 8 3 -1 3 8 2 8 8 
-1 9 8 8 8 8 -1 8 8 8 2 2 2 3 3 8 8 2 8 -1 
9 8 8 8 -1 -1 -1 8 8 8 8 8 2 2 3 3 8 8 8 8 
8 8 8 8 8 -1 -1 -1 8 8 -1 3 2 2 -1 3 2 8 8 8 
-1 3 3 3 -1 -1 2 1 1 8 6 40 40 -1 9 -1 3 3 3 2 
-1 3 3 8 -1 2 3 1 3 3 3 7 6 8 8 3 3 3 3 2 
3 3 3 3 3 -1 3 3 40 3 3 8 40 8 8 8 8 8 8 3 
-1 8 8 8 3 3 -1 3 40 3 3 3 2 2 2 3 -1 8 3 8 
-1 -1 3 9 3 8 9 3 3 3 40 8 2 32 8 3 8 -1 8 3 
-1 3 3 9 9 9 8 3 3 40 3 40 40 32 32 8 8 8 3 -1 
3 3 3 8 -1 8 1 40 -1 3 40 40 40 40 32 8 -1 8 8 3 
3 3 8 8 8 1 40 1 40 -1 40 40 8 40 40 8 8 3 3 3 
-1 3 2 2 3 -1 1 8 9 40 40 -1 8 8 8 40 40 8 3 3 
3 3 8 2 3 3 3 2 2 2 -1 8 10 8 -1 8 8 -1 40 3 
8 8 -1 2 8 3 3 -1 2 2 2 -1 2 8 10 10 10 -1 -1 8 
8 -1 3 3 3 3 3 -1 -1 2 2 2 8 8 10 10 -1 6 8 8 
3 8 3 3 3 3 3 3 -1 2 2 2 2 10 8 10 3 6 3 2 
8 3 3 3 3 3 3 -1 3 40 8 8 -1 8 -1 8 8 3 3 3 
3 3 -1 3 3 3 3 3 40 -1 8 8 8 -1 10 10 10 8 3 3 
3 3 3 3 3 40 40 40 -1 40 40 8 8 3 10 10 8 3 3 3 
3 3 3 3 40 40 8 40 40 40 8 40 40 -1 3 10 3 10 3 3 
3 40 40 3 40 3 3 40 40 40 8 -1 8 9 10 10 10 3 3 3 
3 40 -1 -1 40 40 -1 2 8 8 8 8 6 8 3 3 8 3 3 -1 
2 3 3 40 3 40 1 2 40 8 6 8 6 8 9 8 3 3 3 3 
8 8 3 3 3 6 3 3 3 -1 -1 2 8 40 3 40 8 1 2 1 
-1 8 3 8 6 6 -1 3 3 3 6 1 40 40 -1 40 2 1 1 2 
-1 -1 8 3 3 3 6 3 3 3 6 40 40 40 40 3 40 3 3 -1 
3 3 8 8 3 -1 3 3 3 6 6 40 3 40 3 40 2 3 3 3 
3 3 3 -1 3 3 3 3 -1 7 -1 -1 -1 3 40 3 8 8 3 3 
3 3 3 -1 3 3 3 8 3 7 -1 -1 8 7 8 8 8 -1 -1 8 
3 3 3 3 3 3 3 3 3 7 7 7 7 8 8 8 8 8 -1 -1 
3 3 10 3 3 3 3 3 3 8 7 8 7 8 8 8 8 8 8 3 
9 -1 10 3 3 3 3 3 3 3 8 40 40 40 8 8 -1 -1 9 3 
7 10 3 3 3 3 3 8 3 -1 3 40 40 40 40 40 9 -1 9 9 
3 7 9 3 8 8 8 3 8 9 9 40 40 40 40 40 40 -1 3 9 
3 3 3 3 10 8 3 3 3 8 3 7 6 40 -1 40 9 9 1 3 
3 3 3 3 3 3 3 3 -1 3 -1 7 7 40 40 1 9 1 1 3 
3 3 3 3 3 3 3 3 -1 2 7 3 3 7 1 3 1 1 -1 3 
3 3 3 3 3 2 3 3 3 3 2 3 3 3 3 3 1 1 1 3 
2 3 3 3 3 -1 3 3 3 3 3 3 3 3 3 9 9 1 1 1 
6 3 3 3 3 3 3 3 3 -1 3 3 3 8 3 40 -1 1 9 1 
3 6 8 8 -1 3 3 3 3 3 -1 3 3 40 40 1 1 41 -1 3 
6 3 3 8 3 3 3 3 -1 -1 8 9 8 3 40 -1 41 -1 2 3 
3 3 3 8 6 3 2 2 -1 -1 1 8 3 40 8 8 -1 2 -1 8 
1 1 8 9 9 8 8 9 3 3 3 3 40 8 3 9 9 3 8 3 
1 -1 8 8 8 8 8 8 9 40 40 8 8 40 40 8 3 3 8 8 
-1 1 40 40 8 8 8 40 40 40 -1 40 40 40 8 40 40 -1 8 -1 
-1 40 40 40 40 8 40 40 40 40 40 40 40 8 40 8 40 40 8 8 
8 40 40 3 -1 3 1 40 -1 40 -1 40 40 40 1 8 -1 -1 8 8 
40 40 3 40 3 40 -1 8 8 40 1 1 40 6 40 8 8 8 8 40 
40 8 8 -1 40 9 1 8 8 40 -1 1 8 40 8 8 8 8 8 40 
8 -1 8 40 40 9 6 6 -1 -1 40 11 40 40 8 3 8 8 8 40 
8 3 8 3 40 40 6 6 6 6 11 40 40 -1 -1 3 9 9 3 8 
9 40 3 40 3 40 40 40 40 40 40 40 40 3 3 -1 9 3 7 7 
3 3 3 40 40 40 -1 40 40 -1 40 3 3 3 3 9 3 7 7 7 
3 3 3 1 40 40 40 40 40 40 40 -1 3 3 3 1 11 11 7 7 
7 -1 3 3 1 40 40 -1 40 -1 3 3 3 40 3 3 7 7 7 7 
3 2 6 3 -1 40 40 40 -1 -1 3 40 40 3 3 3 3 7 7 9 
2 8 6 6 8 40 40 40 40 3 40 40 11 3 11 11 3 7 9 -1 
8 1 8 6 40 40 40 3 40 40 3 -1 3 11 3 11 40 40 7 1 
40 1 8 -1 40 3 3 3 3 1 3 -1 11 3 3 -1 40 40 1 8 
8 8 8 8 8 40 3 3 3 3 2 3 11 1 9 3 3 3 3 40 
1 8 9 1 1 8 8 -1 3 3 3 3 3 11 9 3 3 9 3 1 
3 8 8 8 8 8 -1 3 -1 3 3 3 3 3 3 3 9 9 -1 1 
8 8 8 40 8 7 40 -1 40 40 8 -1 3 3 3 8 8 -1 8 40 
40 -1 -1 40 7 7 40 -1 1 1 1 8 -1 8 3 8 8 -1 -1 40 
-1 40 40 -1 40 7 -1 1 1 1 1 -1 -1 3 8 8 8 -1 -1 40 
40 8 8 8 1 1 1 -1 1 1 1 8 -1 -1 40 8 40 8 8 40 
40 8 11 8 3 1 1 1 1 -1 8 -1 8 8 40 40 40 8 40 40 
11 11 11 -1 3 8 8 1 1 1 1 8 8 -1 40 40 -1 8 40 11 
11 11 -1 -1 1 -1 1 1 8 8 8 -1 8 8 -1 8 8 40 -1 11 
1 1 1 1 1 1 1 -1 -1 8 8 8 8 -1 8 -1 8 8 11 -1 
2 1 1 -1 1 1 8 2 -1 2 8 -1 40 8 8 -1 8 8 8 11 
-1 9 11 1 1 1 1 1 2 -1 8 -1 40 8 8 3 3 2 8 2 
1 9 9 1 -1 -1 8 8 1 8 1 -1 40 3 3 3 3 8 2 2 
-1 9 -1 -1 -1 11 -1 1 1 1 8 3 7 3 8 8 8 3 3 -1 
1 41 41 8 11 -1 1 -1 3 1 3 7 -1 3 3 8 3 8 8 8 
8 9 8 11 8 1 1 -1 40 3 3 3 -1 7 3 3 3 8 8 40 
9 8 8 8 -1 -1 11 3 3 3 7 3 7 7 1 1 1 -1 40 9 
9 8 8 8 8 -1 40 40 3 3 7 7 7 7 1 1 1 1 9 9 
8 8 8 8 -1 40 3 40 3 3 3 3 1 7 1 1 9 9 9 -1 
-1 8 -1 -1 40 40 3 3 3 3 3 3 3 3 7 1 8 -1 -1 40 
8 8 -1 -1 1 40 -1 3 3 3 3 -1 3 3 3 -1 1 8 -1 40 
8 -1 8 1 8 7 3 3 3 40 1 8 8 3 3 8 8 1 8 -1 
8 8 -1 8 -1 1 -1 -1 -1 1 1 1 1 1 -1 8 8 8 -1 -1 
8 -1 1 8 8 -1 1 -1 1 1 1 1 1 1 8 8 8 8 1 1 
1 1 1 -1 -1 -1 1 -1 1 1 1 1 1 1 8 1 8 1 1 1 
1 1 1 1 8 -1 -1 1 -1 1 -1 1 -1 1 1 8 -1 1 1 1 
1 1 1 1 8 -1 1 1 1 -1 1 1 1 1 1 1 1 1 1 1 
1 -1 1 -1 8 -1 1 1 1 1 -1 1 1 -1 1 1 1 -1 -1 -1 
8 8 8 -1 -1 -1 -1 -1 1 -1 -1 1 8 1 1 1 -1 -1 -1 -1 
8 8 8 -1 1 -1 -1 -1 8 8 -1 -1 8 9 1 1 1 -1 -1 8 
8 8 -1 8 1 1 1 8 8 1 8 -1 9 8 9 8 8 -1 -1 -1 
8 2 -1 8 8 1 1 -1 8 1 1 9 9 9 8 8 8 -1 1 8 
8 2 8 2 -1 1 -1 8 1 1 -1 -1 9 9 -1 8 8 8 -1 8 
-1 8 2 -1 8 1 8 8 8 1 -1 -1 -1 9 -1 -1 8 8 8 -1 
-1 8 8 8 -1 1 1 8 8 -1 -1 -1 -1 8 -1 8 -1 -1 -1 8 
3 8 3 8 8 8 8 8 8 9 9 9 8 9 9 8 -1 8 8 -1 
-1 3 40 40 -1 8 8 -1 8 1 9 8 -1 -1 9 8 8 8 8 8 
3 40 40 40 40 8 -1 8 -1 1 1 1 8 -1 9 8 8 8 8 -1 
8 8 8 40 40 40 1 1 1 2 1 8 1 8 8 8 8 8 8 -1 
40 8 -1 40 40 9 1 1 1 2 8 8 8 8 8 8 8 8 1 1 
40 40 40 8 8 1 1 1 1 1 -1 -1 -1 1 1 -1 1 8 1 1 
8 8 8 -1 -1 1 -1 1 8 -1 8 1 1 1 1 8 8 1 -1 1 
1 1 9 8 9 2 -1 8 8 1 8 8 8 8 1 1 1 2 8 1 
1 1 8 9 8 -1 8 8 1 1 8 8 8 1 8 1 2 8 8 1 
1 1 8 -1 9 8 8 8 1 1 8 8 1 8 8 8 8 1 8 8 
8 8 8 8 8 -1 8 -1 -1 -1 -1 1 8 8 1 1 1 8 1 8 
8 8 8 2 -1 2 2 -1 -1 -1 8 1 9 1 1 8 1 1 -1 8 
8 8 8 2 8 8 8 -1 8 8 9 9 1 8 8 8 -1 -1 1 8 
8 8 8 -1 8 8 8 -1 8 8 9 -1 1 1 1 -1 -1 2 8 -1 
40 8 8 8 8 8 -1 8 8 1 9 -1 -1 1 1 -1 -1 2 8 -1 
8 40 8 8 8 8 8 -1 9 -1 1 1 1 1 1 -1 8 8 8 8 
8 1 8 8 1 8 8 1 9 -1 1 1 1 1 1 1 8 -1 8 8 
1 8 8 -1 8 1 9 1 -1 -1 8 8 -1 8 1 2 1 8 8 1 
8 1 -1 8 8 9 1 8 8 -1 8 -1 -1 8 2 -1 -1 8 8 8 
1 -1 8 8 8 8 8 8 8 8 8 8 1 1 -1 1 1 1 -1 -1 
8 -1 8 8 8 8 8 8 8 8 8 8 8 8 1 -1 1 1 1 -1 
2 2 8 8 8 8 8 8 8 8 8 8 8 8 8 -1 -1 8 -1 8 
8 -1 8 8 8 -1 8 -1 8 8 8 8 8 8 8 -1 -1 2 2 2 
8 8 8 8 8 8 8 -1 8 8 -1 1 8 -1 8 8 8 8 2 2 
-1 8 -1 8 8 8 -1 8 8 8 8 1 8 8 8 -1 -1 2 2 2 
8 -1 -1 8 8 8 8 -1 8 8 8 1 8 8 8 8 2 1 8 -1 
-1 1 -1 8 8 2 8 8 8 8 8 8 8 8 8 8 1 8 8 2 
8 8 8 1 1 8 1 8 8 8 8 8 -1 8 8 8 8 8 8 8 
8 8 8 8 1 8 8 1 8 8 8 8 -1 8 8 8 -1 8 2 8 
8 8 -1 8 8 8 2 2 8 8 8 8 8 -1 1 8 8 8 8 8 
8 8 8 8 8 8 8 8 8 8 8 8 8 8 8 8 8 8 8 8 
8 8 8 8 8 8 8 8 8 8 8 -1 8 8 8 9 8 8 8 8 
8 8 8 8 -1 8 8 8 8 1 8 8 8 8 8 -1 9 9 8 8 
2 8 8 8 8 8 8 8 8 8 8 8 8 8 8 8 -1 9 -1 -1 
2 2 8 8 8 8 8 -1 9 9 -1 8 8 8 8 9 9 -1 2 2 
-1 2 1 8 8 8 8 -1 -1 -1 8 8 -1 -1 1 -1 -1 -1 -1 2 
2 1 1 1 8 -1 8 8 8 8 8 8 8 -1 8 8 8 8 2 8 
8 8 8 8 -1 8 8 8 8 -1 8 -1 8 8 2 8 8 -1 8 1 
1 8 8 8 8 8 8 8 8 -1 -1 8 -1 8 8 8 8 8 -1 8 
8 1 8 8 8 8 8 8 8 8 -1 8 8 8 8 1 8 8 8 8 
8 8 8 8 8 8 8 8 8 8 8 8 8 8 1 1 1 8 -1 8 
-1 8 -1 8 8 8 8 8 8 -1 8 8 8 8 8 1 1 8 -1 8 
-1 8 -1 -1 8 8 -1 8 -1 8 8 1 1 1 1 1 8 1 8 8 
8 8 8 -1 -1 8 8 8 8 8 8 8 1 8 1 -1 8 -1 8 8 
8 8 1 1 1 1 1 8 8 8 8 -1 -1 -1 8 8 8 8 8 8 
8 8 8 -1 1 1 1 1 8 1 8 8 8 8 8 8 8 8 8 8 
8 8 8 1 1 1 8 1 1 8 8 8 8 -1 8 8 8 8 40 8 
8 8 8 8 8 40 40 8 8 8 1 1 1 1 8 1 1 8 1 8 
8 8 8 -1 -1 -1 40 16 8 1 8 8 1 1 8 8 8 1 8 8 
-1 8 8 -1 -1 40 40 8 1 8 8 8 8 8 8 8 1 8 2 8 
8 8 -1 8 -1 1 -1 8 8 8 1 1 8 8 8 8 -1 8 8 2 
8 8 -1 8 8 8 -1 8 1 8 8 8 8 8 8 8 8 8 -1 -1 
8 8 8 -1 8 8 8 8 1 8 8 8 8 1 8 8 9 8 8 8 
8 8 -1 8 8 8 8 -1 8 8 8 1 8 8 8 1 1 8 1 1 
1 -1 8 8 8 8 8 8 8 8 1 8 8 1 1 1 8 8 1 1 
1 -1 -1 8 8 8 8 8 8 8 8 8 8 8 1 1 8 8 -1 -1 
8 8 -1 8 8 8 8 8 -1 8 8 8 40 8 1 8 8 8 1 -1 
8 1 8 8 3 3 8 8 -1 8 3 8 8 8 1 8 8 1 -1 1 
1 1 8 8 3 3 8 8 -1 3 3 -1 8 8 8 8 8 8 1 8 
8 8 8 8 3 3 3 8 8 8 8 -1 8 2 3 8 8 8 1 1 
8 2 8 8 8 3 3 3 -1 8 9 8 8 2 8 3 -1 -1 8 8 
8 3 2 8 8 8 3 9 -1 1 9 8 3 3 8 3 3 8 8 8 
-1 3 -1 9 3 -1 9 9 1 1 1 9 3 3 3 -1 3 8 1 8 
8 -1 1 9 9 9 3 9 1 1 1 1 1 8 8 8 8 3 8 8 
-1 1 -1 8 9 8 9 3 -1 -1 1 8 8 8 8 1 8 8 8 -1 
-1 -1 8 8 -1 8 8 8 2 2 40 8 1 8 1 1 8 8 8 -1 
-1 -1 8 8 8 8 40 8 40 2 -1 8 1 1 8 1 8 -1 8 1 
-1 3 -1 -1 1 -1 -1 -1 40 7 3 3 3 -1 3 3 3 3 3 3 
3 3 -1 -1 -1 -1 8 8 -1 9 -1 7 -1 7 3 3 3 3 3 3 
3 3 1 1 2 8 8 -1 3 3 3 7 7 7 3 3 2 -1 3 3 
1 1 1 2 2 2 8 8 6 -1 -1 3 3 3 3 3 2 3 -1 3 
8 8 8 2 2 -1 2 8 6 6 8 8 3 3 3 3 2 3 3 -1 
8 2 2 2 2 2 8 8 2 6 6 8 8 3 8 3 2 8 -1 3 
-1 8 2 2 2 2 8 2 8 6 6 3 3 -1 8 8 3 -1 8 8 
8 -1 2 2 8 2 2 2 -1 -1 8 8 3 8 3 3 8 8 8 8 
-1 8 2 2 8 2 2 -1 -1 8 8 8 8 8 8 8 8 -1 8 8 
8 8 8 -1 8 8 8 8 -1 8 8 2 2 8 8 8 8 -1 8 8 
-1 8 2 8 8 8 8 8 8 8 8 2 2 -1 8 8 8 1 9 8 
8 -1 1 1 8 8 8 8 -1 8 2 9 9 9 8 8 8 9 9 1 
1 1 1 1 -1 -1 8 -1 8 8 -1 2 9 9 9 8 8 1 9 9 
-1 -1 1 1 8 9 8 8 8 1 2 8 8 8 8 1 1 9 1 8 
8 8 8 8 8 1 8 -1 -1 2 8 -1 2 -1 8 8 1 1 9 -1 
1 1 1 8 8 8 9 9 8 8 8 8 8 8 -1 -1 9 -1 8 1 
1 3 1 1 1 -1 9 9 9 8 8 -1 8 8 9 9 9 8 -1 8 
3 3 3 -1 -1 -1 -1 1 8 9 -1 8 8 9 9 9 -1 -1 -1 3 
-1 3 -1 -1 -1 -1 1 -1 -1 -1 8 9 9 9 3 2 3 3 3 3 
3 -1 -1 -1 -1 1 1 -1 -1 7 9 9 9 9 2 3 3 3 3 -1 
8 2 8 2 8 8 -1 8 -1 9 -1 -1 41 9 -1 6 6 6 8 8 
2 2 2 2 2 -1 -1 -1 8 9 8 41 -1 6 6 2 6 6 8 -1 
40 2 2 8 2 -1 -1 40 9 9 8 41 8 -1 2 6 6 -1 6 8 
40 -1 2 2 -1 2 40 2 2 2 8 8 -1 8 40 6 40 40 6 6 
-1 -1 -1 -1 -1 2 -1 -1 2 2 2 8 8 -1 8 40 6 6 6 6 
40 -1 40 40 2 1 2 -1 8 8 8 8 8 8 1 6 6 -1 2 40 
40 40 40 40 8 2 1 2 8 8 8 6 6 1 8 8 -1 -1 40 40 
40 40 8 8 2 1 -1 8 8 6 8 6 -1 -1 8 8 40 40 8 40 
-1 -1 6 8 -1 6 1 8 8 8 8 8 6 8 6 6 -1 8 -1 6 
6 6 -1 3 6 -1 1 1 8 -1 8 8 8 8 6 8 6 2 -1 -1 
6 -1 3 3 6 6 6 8 8 8 8 8 8 2 2 8 2 2 6 6 
3 3 -1 1 1 6 8 -1 8 8 -1 8 8 8 8 6 6 6 6 6 
1 3 -1 8 1 -1 -1 8 8 8 8 -1 8 8 -1 6 6 -1 6 -1 
-1 1 8 8 8 8 -1 8 8 8 -1 8 8 8 8 8 8 -1 6 -1 
1 1 -1 8 8 8 8 8 -1 8 8 -1 8 8 8 8 8 8 8 -1 
1 1 1 -1 8 -1 8 8 2 8 8 8 8 8 7 7 7 7 7 -1 
1 1 8 8 8 8 8 8 8 -1 8 1 -1 8 7 7 7 7 40 40 
1 1 -1 8 8 8 8 8 -1 -1 8 1 6 7 -1 7 -1 6 6 1 
8 8 8 8 8 8 8 8 8 8 8 8 8 7 8 -1 -1 6 -1 8 
2 -1 8 8 -1 8 -1 8 8 8 8 9 7 8 -1 8 -1 8 8 8 
8 2 2 1 -1 -1 8 2 2 2 2 8 8 8 2 -1 6 6 8 8 
-1 8 -1 -1 -1 -1 8 8 8 -1 8 8 8 2 2 2 6 6 8 8 
8 8 8 8 -1 8 8 8 8 8 -1 2 2 2 2 6 6 6 8 8 
-1 8 8 6 8 8 -1 8 8 8 8 2 2 2 6 6 6 -1 1 8 
8 8 -1 8 6 -1 8 6 -1 8 8 8 9 8 2 2 8 8 1 8 
8 8 8 6 -1 6 -1 8 -1 8 8 8 9 2 2 2 8 2 -1 8 
8 8 8 8 8 6 8 8 -1 -1 8 8 8 8 6 6 2 8 -1 8 
-1 8 8 8 8 8 8 8 8 8 8 -1 8 8 6 8 8 8 8 8 
-1 8 -1 -1 8 -1 6 1 6 8 8 8 8 6 8 -1 8 8 -1 8 
-1 8 8 8 8 3 1 6 2 8 8 -1 8 6 8 8 -1 2 2 8 
8 -1 -1 8 8 1 8 1 2 8 8 8 8 8 8 8 8 -1 40 2 
2 2 -1 8 1 8 1 1 3 -1 8 8 8 8 8 8 8 -1 -1 -1 
2 -1 2 8 8 1 1 3 2 1 1 1 -1 8 8 8 8 -1 -1 2 
2 2 2 8 -1 1 40 2 2 8 1 1 -1 8 8 2 8 8 -1 6 
6 8 1 2 2 2 2 1 8 2 6 6 8 8 8 2 2 8 2 2 
-1 2 2 1 1 -1 8 -1 1 1 6 -1 8 8 -1 -1 8 8 2 2 
2 -1 -1 1 1 8 8 8 1 1 2 2 8 1 8 8 -1 2 8 2 
40 -1 -1 1 1 8 1 1 -1 8 2 2 8 1 8 8 8 -1 8 2 
8 8 1 1 1 1 1 1 1 2 8 2 1 1 2 8 6 -1 1 1 
8 2 1 -1 1 1 -1 1 1 1 2 8 8 2 2 6 6 6 8 8 
-1 -1 40 8 1 1 40 40 40 -1 -1 3 8 -1 -1 -1 -1 8 8 -1 
40 40 8 8 40 40 40 8 40 8 -1 -1 8 -1 -1 8 -1 -1 8 6 
40 8 -1 8 40 40 8 -1 8 8 8 8 8 -1 8 8 -1 8 8 40 
6 -1 8 8 6 8 8 40 8 8 -1 6 -1 8 -1 40 -1 8 40 40 
6 6 9 6 -1 8 8 40 40 -1 8 8 8 6 8 40 40 40 8 8 
8 8 8 8 8 8 8 8 40 40 -1 8 8 8 8 -1 -1 8 -1 -1 
-1 8 1 8 8 8 8 8 -1 8 8 8 -1 8 -1 -1 -1 8 6 -1 
-1 -1 -1 1 1 8 8 8 8 8 8 -1 8 -1 -1 -1 8 6 1 -1 
8 8 1 1 9 8 8 8 8 8 8 -1 -1 -1 8 8 8 8 -1 -1 
8 8 8 -1 8 8 8 9 8 -1 -1 10 -1 -1 -1 8 2 8 8 8 
1 8 -1 8 8 -1 9 -1 -1 8 8 -1 10 -1 2 2 2 -1 1 8 
8 1 8 8 -1 -1 1 8 8 8 8 8 8 8 8 2 -1 -1 8 8 
8 8 8 1 -1 1 1 8 8 8 8 8 8 8 2 2 -1 -1 6 8 
8 8 -1 -1 8 1 1 1 8 8 8 8 8 2 8 8 -1 8 8 8 
6 -1 8 8 8 1 8 1 1 8 8 8 8 8 8 8 -1 -1 8 8 
1 -1 8 1 1 40 1 1 1 1 1 1 8 -1 8 8 8 -1 8 -1 
-1 1 1 1 40 6 1 1 1 -1 8 1 8 8 8 8 8 6 -1 -1 
-1 8 1 1 40 1 40 40 9 9 8 3 8 3 -1 8 -1 -1 -1 -1 
8 -1 8 1 40 40 -1 -1 -1 -1 9 40 3 -1 1 -1 -1 -1 -1 8 
-1 -1 8 8 40 1 40 40 40 40 40 3 8 3 -1 -1 -1 -1 8 8 
-1 6 -1 -1 9 9 8 8 8 -1 6 6 6 6 6 6 9 6 6 6 
6 -1 -1 6 6 6 6 6 6 -1 6 6 6 6 6 -1 6 9 -1 -1 
-1 -1 -1 8 8 6 6 -1 6 6 6 6 6 6 40 -1 -1 -1 -1 -1 
8 -1 -1 8 8 -1 -1 6 6 6 6 6 -1 6 6 6 -1 -1 6 -1 
8 8 -1 6 6 -1 -1 -1 6 8 6 6 8 8 8 -1 -1 6 6 -1 
8 10 8 -1 6 10 2 2 6 8 8 -1 -1 8 6 -1 6 6 6 8 
6 2 8 6 8 8 10 8 6 8 -1 -1 -1 8 6 -1 6 6 8 -1 
6 6 8 8 8 -1 2 6 8 8 8 -1 8 -1 8 8 8 6 6 6 
6 8 -1 8 8 8 6 10 9 8 8 8 -1 8 8 8 8 6 6 6 
6 1 40 40 -1 8 8 8 9 8 8 8 8 8 8 8 -1 80 6 6 
40 6 40 -1 8 1 8 9 8 8 -1 8 -1 -1 6 6 8 -1 81 40 
6 -1 7 1 1 8 1 9 40 8 8 -1 -1 6 -1 -1 -1 40 40 40 
6 7 7 8 8 1 1 1 8 -1 8 8 8 -1 40 -1 7 -1 8 8 
6 40 8 8 -1 8 8 40 40 1 8 8 9 -1 -1 2 -1 8 8 -1 
40 -1 40 -1 8 8 -1 8 40 8 8 9 -1 8 2 2 8 8 -1 40 
40 40 6 -1 -1 8 8 8 -1 -1 9 -1 8 8 9 8 8 8 6 40 
6 6 6 6 -1 -1 8 -1 8 -1 -1 8 8 1 8 9 8 8 6 -1 
-1 -1 -1 9 6 2 -1 8 8 -1 -1 -1 1 3 -1 9 9 9 6 6 
-1 9 6 8 8 8 9 40 40 -1 -1 -1 6 3 9 9 9 9 -1 -1 
-1 6 9 9 8 8 8 -1 40 -1 -1 6 6 6 6 9 9 9 -1 -1 
-1 8 -1 8 8 -1 8 -1 8 6 6 1 6 40 -1 40 40 40 40 40 
40 -1 -1 -1 8 8 -1 8 8 -1 6 6 -1 6 40 40 40 40 40 8 
-1 40 -1 8 -1 8 8 -1 8 -1 6 40 6 6 -1 40 40 40 8 8 
8 8 8 8 8 1 1 1 -1 8 40 40 40 -1 6 40 -1 -1 -1 8 
8 -1 8 8 1 1 1 1 1 6 40 6 6 -1 -1 9 -1 -1 -1 8 
8 8 1 8 1 -1 1 1 6 6 8 9 -1 40 6 40 40 8 9 8 
-1 1 8 1 1 8 1 1 1 1 8 -1 6 6 40 40 9 9 8 8 
8 -1 8 8 8 8 1 1 1 -1 1 6 1 1 40 -1 9 8 -1 -1 
40 8 8 8 8 6 1 1 -1 -1 1 -1 1 40 6 40 -1 9 40 40 
40 40 40 2 2 2 8 -1 8 -1 40 1 40 40 40 -1 -1 9 40 40 
40 8 -1 40 2 2 2 8 8 -1 1 1 1 1 1 6 6 40 40 40 
10 40 -1 40 8 8 8 8 8 6 -1 1 1 1 1 6 40 -1 40 40 
-1 10 -1 40 -1 40 40 8 -1 6 6 6 6 6 -1 -1 -1 40 40 40 
-1 10 9 9 -1 8 40 8 40 6 6 6 6 6 6 -1 -1 40 40 40 
40 9 9 -1 6 6 40 40 6 6 6 6 6 6 6 40 -1 -1 40 9 
-1 9 -1 -1 6 40 40 -1 6 6 6 40 6 8 -1 8 8 40 9 9 
9 -1 -1 -1 6 40 -1 -1 40 6 6 1 1 -1 8 -1 8 40 40 40 
1 8 8 6 -1 6 6 -1 40 -1 -1 1 -1 8 40 40 40 40 40 40 
40 8 -1 8 -1 9 6 9 8 8 -1 1 6 6 8 40 40 40 40 8 
8 8 8 8 8 8 9 9 9 40 6 6 1 6 40 40 40 40 40 8 
1 1 3 3 3 40 40 40 -1 8 8 40 -1 40 -1 -1 -1 -1 -1 -1 
-1 1 3 3 3 -1 40 40 40 -1 8 8 40 40 -1 -1 -1 40 -1 -1 
3 -1 3 3 -1 3 -1 3 40 40 -1 8 8 40 40 40 -1 8 8 40 
-1 -1 3 -1 -1 3 3 -1 40 -1 -1 8 8 8 40 -1 40 8 8 8 
-1 3 8 -1 -1 -1 -1 -1 -1 -1 -1 8 8 8 8 -1 -1 8 8 40 
1 3 3 8 8 8 8 8 8 -1 -1 8 8 8 1 -1 1 -1 8 8 
1 -1 3 8 8 -1 -1 8 8 -1 8 8 8 8 3 3 -1 1 8 -1 
8 1 1 -1 8 -1 -1 8 8 -1 8 -1 8 -1 -1 8 8 8 1 8 
8 -1 1 -1 8 -1 -1 -1 -1 8 -1 -1 -1 -1 -1 8 1 8 -1 -1 
1 8 1 1 -1 -1 8 -1 -1 -1 -1 8 8 8 -1 8 -1 8 8 8 
8 1 1 -1 8 8 -1 -1 1 8 -1 8 8 8 8 8 8 -1 8 8 
1 8 1 8 40 8 40 -1 -1 40 8 8 8 -1 8 8 8 8 8 1 
8 1 8 8 8 40 8 40 -1 40 8 8 8 9 -1 8 8 -1 8 8 
-1 8 8 8 8 1 1 -1 40 9 8 8 8 9 9 9 9 8 8 8 
8 8 8 8 8 1 -1 -1 8 8 -1 8 9 -1 -1 9 8 -1 -1 -1 
-1 1 8 1 8 8 8 -1 -1 8 40 8 9 9 1 8 -1 8 -1 8 
1 1 1 1 1 8 -1 -1 8 8 40 40 9 1 8 8 8 1 1 -1 
1 -1 1 1 40 40 40 40 40 40 40 -1 -1 8 8 8 -1 1 1 1 
1 -1 1 1 40 -1 -1 -1 40 40 40 -1 -1 8 8 8 8 -1 1 2 
2 2 -1 -1 -1 -1 -1 40 40 8 -1 40 8 -1 8 8 -1 -1 -1 1 
9 9 9 -1 8 8 8 8 8 2 8 8 2 8 3 3 3 1 2 -1 
9 8 -1 -1 8 8 8 -1 2 8 8 -1 2 3 8 8 2 2 -1 -1 
-1 -1 8 -1 1 8 8 8 8 1 8 1 8 3 8 2 2 3 8 -1 
8 1 8 1 8 8 -1 8 1 1 -1 8 8 8 -1 40 3 8 3 8 
8 8 8 -1 -1 8 8 8 1 1 1 8 8 -1 -1 40 40 8 8 8 
8 8 8 8 8 8 8 -1 8 1 -1 8 1 8 8 8 8 8 8 -1 
8 8 8 8 8 -1 8 8 8 8 -1 1 8 8 8 8 8 -1 -1 8 
8 -1 8 8 8 8 2 8 8 -1 8 -1 8 8 -1 -1 -1 -1 -1 -1 
-1 -1 8 8 -1 -1 8 8 -1 1 -1 -1 8 -1 8 -1 -1 -1 8 8 
8 8 2 8 8 8 8 -1 8 -1 8 8 8 8 8 -1 1 1 -1 2 
2 2 2 2 8 8 -1 8 8 -1 8 8 8 8 8 1 1 2 -1 2 
2 2 2 2 8 8 8 8 8 8 -1 8 -1 -1 8 8 -1 2 2 2 
-1 2 -1 2 8 8 8 8 -1 -1 -1 8 8 8 8 8 8 2 2 2 
2 8 8 8 8 9 9 8 -1 -1 8 8 8 8 8 8 2 2 2 2 
2 2 8 8 8 8 8 2 8 8 8 8 8 -1 8 8 2 2 2 2 
2 8 8 8 8 -1 8 8 8 8 8 8 2 1 1 8 2 8 2 2 
8 2 1 8 8 8 8 8 8 8 8 8 8 1 8 8 8 8 8 8 
2 9 9 8 8 8 8 8 8 8 8 8 2 2 8 1 8 8 8 8 
2 -1 9 8 8 8 8 8 8 8 8 2 1 -1 1 1 1 8 1 8 
2 9 9 -1 8 8 8 8 8 8 8 8 2 1 1 3 1 1 8 2 
8 -1 -1 8 8 8 -1 8 -1 2 -1 8 8 8 8 8 1 8 8 2 
8 2 -1 6 6 6 8 -1 8 -1 2 -1 -1 8 -1 8 -1 8 8 8 
2 2 8 6 6 8 8 8 -1 -1 -1 8 8 -1 -1 8 8 8 -1 8 
8 8 8 1 6 6 8 8 8 -1 -1 -1 -1 2 -1 8 8 8 8 8 
8 -1 -1 1 -1 8 8 2 2 2 2 -1 2 2 8 8 8 8 8 -1 
2 8 8 8 1 8 8 2 -1 2 -1 -1 2 -1 8 8 -1 2 8 2 
2 8 8 1 8 8 -1 2 2 2 -1 -1 -1 2 2 8 8 8 8 2 
8 2 1 -1 -1 -1 2 -1 -1 2 2 -1 8 8 2 8 8 2 8 -1 
1 1 8 8 -1 -1 2 2 2 2 2 2 2 8 8 -1 8 2 2 -1 
-1 8 -1 8 1 -1 2 2 2 2 2 2 2 -1 8 8 -1 8 1 1 
8 1 1 8 9 2 -1 9 2 -1 -1 -1 -1 -1 9 1 2 2 1 -1 
2 8 1 1 8 8 9 1 2 1 -1 2 -1 2 8 9 9 8 8 2 
-1 -1 8 2 8 8 1 -1 1 9 2 2 -1 2 2 8 8 2 2 2 
-1 -1 8 8 2 2 1 -1 1 1 2 2 2 8 2 2 2 -1 2 2 
-1 -1 8 8 2 9 9 9 9 2 -1 8 8 2 2 8 2 2 2 2 
2 2 2 2 8 9 -1 9 -1 8 8 -1 2 8 -1 2 2 8 2 2 
-1 2 2 8 8 -1 -1 8 8 2 2 8 8 8 8 2 2 2 2 2 
2 2 2 2 -1 -1 8 8 8 2 2 8 8 8 8 2 -1 2 2 -1 
2 2 2 2 2 -1 -1 8 8 2 2 -1 -1 2 2 8 2 2 2 2 
2 2 2 8 -1 8 8 8 -1 2 2 -1 -1 8 8 2 2 8 2 8 
8 8 8 8 8 8 9 -1 8 6 -1 2 6 2 -1 2 2 8 8 8 
9 8 8 8 8 9 9 6 6 6 2 2 2 2 2 -1 2 2 8 8 
8 -1 8 -1 8 -1 6 6 2 1 8 -1 -1 2 2 2 8 8 8 9 
8 8 8 -1 8 -1 8 8 2 6 8 8 8 -1 -1 -1 2 8 8 -1 
8 8 8 8 8 8 8 8 8 8 8 8 8 8 -1 1 2 8 9 8 
9 -1 -1 8 -1 2 8 8 8 8 -1 8 1 1 8 2 1 8 8 8 
-1 -1 -1 -1 8 8 1 8 8 8 8 1 1 2 2 2 8 8 8 9 
2 2 8 -1 8 8 8 8 9 8 8 1 1 8 2 2 2 8 8 8 
-1 8 8 2 8 8 8 -1 9 8 8 8 8 1 2 2 8 -1 8 8 
8 8 8 8 8 8 8 8 -1 8 9 9 1 -1 1 8 2 8 8 8 
8 8 8 8 8 8 -1 8 -1 -1 8 8 8 -1 -1 2 2 2 8 8 
8 8 8 -1 8 8 -1 1 1 9 8 8 8 9 1 2 2 1 8 8 
8 8 8 1 8 8 8 -1 8 9 -1 2 8 8 -1 9 1 8 8 8 
8 8 1 1 8 8 8 8 8 8 2 8 2 8 -1 9 9 8 8 8 
8 8 1 2 2 2 8 8 8 -1 2 2 2 8 8 -1 8 8 8 -1 
8 8 2 2 2 8 2 2 8 8 2 8 2 8 8 8 8 8 8 8 
8 40 8 2 2 -1 8 2 6 6 2 2 2 8 -1 1 8 8 8 8 
40 8 -1 8 8 8 8 8 6 6 6 -1 9 9 8 -1 1 8 -1 8 
8 40 40 -1 8 8 8 8 6 6 6 6 -1 9 8 8 -1 8 8 8 
8 8 8 40 8 8 2 8 6 6 6 6 6 9 -1 2 2 -1 8 8 
8 1 1 3 2 2 2 1 1 -1 8 8 1 8 8 8 8 8 8 8 
-1 8 8 2 8 2 8 1 8 -1 8 8 8 8 8 8 8 -1 8 8 
8 -1 8 8 8 8 8 8 8 8 8 8 8 1 -1 8 8 8 1 8 
8 8 2 8 -1 8 8 2 8 8 8 8 8 8 8 -1 -1 8 8 8 
-1 -1 2 -1 8 8 8 8 -1 8 -1 8 8 -1 -1 -1 2 8 -1 -1 
-1 -1 2 2 2 8 8 -1 -1 8 8 8 -1 8 -1 8 8 2 9 8 
8 -1 8 2 2 2 8 2 2 2 8 8 -1 8 8 -1 -1 9 9 9 
-1 -1 8 2 8 8 8 -1 2 2 2 8 -1 8 8 -1 -1 -1 9 8 
1 1 8 1 8 8 8 8 2 8 8 -1 -1 8 -1 -1 -1 9 1 9 
-1 1 1 8 8 8 8 8 2 2 8 -1 2 8 -1 -1 9 1 -1 1 
-1 -1 -1 8 8 8 8 8 9 9 2 1 2 -1 8 9 9 1 1 -1 
1 1 1 -1 8 8 8 8 8 9 8 2 8 8 9 9 -1 9 8 -1 
1 3 8 -1 3 8 -1 8 8 8 8 8 2 2 8 8 8 8 8 -1 
8 2 2 3 3 8 8 8 8 8 8 8 8 -1 8 8 8 -1 8 8 
8 2 -1 3 3 8 8 3 -1 -1 -1 -1 8 8 8 2 8 2 2 2 
2 8 8 8 8 3 3 -1 -1 -1 -1 8 8 8 8 8 8 8 2 2 
2 3 8 8 3 3 1 1 8 1 1 8 8 8 8 8 8 8 8 3 
3 3 3 3 8 8 3 8 1 1 1 8 8 -1 8 -1 8 8 1 3 
3 3 3 3 8 3 -1 1 8 -1 1 8 1 8 1 1 8 8 8 3 
1 1 3 3 2 2 1 1 1 -1 8 1 1 1 8 1 8 8 2 2 
2 2 8 -1 8 -1 -1 -1 2 2 2 2 8 -1 8 8 8 -1 8 8 
8 8 8 8 8 8 2 2 8 2 2 8 2 8 8 8 8 8 8 8 
8 8 8 6 8 8 8 8 8 -1 8 8 -1 8 8 8 6 8 8 8 
8 8 -1 6 8 8 8 8 8 2 8 2 2 8 8 8 6 -1 8 8 
-1 8 -1 -1 8 8 8 8 8 -1 8 2 8 8 8 9 -1 8 -1 8 
8 8 8 8 8 8 8 -1 -1 8 8 -1 8 8 -1 9 1 8 8 8 
8 8 8 8 8 8 8 8 8 8 8 8 -1 8 9 -1 1 8 8 8 
8 1 8 8 8 -1 8 8 8 8 8 8 8 8 8 8 8 1 8 8 
8 8 1 3 3 8 8 8 8 8 8 8 8 8 8 8 8 8 3 3 
3 -1 8 3 3 8 -1 8 8 9 -1 8 -1 8 -1 8 8 -1 3 3 
3 1 8 3 3 8 8 -1 2 9 8 8 8 8 8 8 8 -1 3 3 
3 1 3 3 8 8 -1 9 -1 9 8 8 2 8 -1 -1 -1 1 1 -1 
1 1 3 9 9 6 8 9 9 9 8 -1 6 8 8 8 -1 -1 1 1 
1 1 16 1 1 1 9 9 9 2 8 8 6 6 2 8 1 -1 -1 1 
1 16 -1 1 1 8 8 8 9 6 6 6 2 2 -1 8 1 -1 8 8 
8 6 1 6 8 8 8 8 9 2 8 6 8 2 8 8 1 1 -1 1 
3 16 6 6 6 8 8 8 8 8 2 2 8 8 8 8 -1 8 8 3 
8 6 -1 6 6 8 8 6 -1 8 8 2 2 -1 8 -1 8 8 8 40 
8 8 8 8 8 6 8 8 -1 -1 -1 2 8 8 8 40 40 8 40 8 
2 8 2 8 8 8 8 8 2 2 2 2 8 8 8 8 8 8 -1 8 
8 1 8 8 -1 8 8 8 8 8 8 8 8 8 8 8 8 8 -1 1 
1 3 8 8 8 8 8 8 8 8 8 8 -1 8 -1 8 8 8 3 -1 
3 1 1 8 8 8 8 8 8 8 8 8 8 -1 -1 8 8 3 -1 1 
1 3 1 8 8 8 8 -1 8 8 8 8 8 8 -1 -1 1 3 3 3 
3 3 3 8 8 8 8 8 8 8 8 8 8 8 8 1 1 3 8 8 
3 8 -1 2 8 8 8 8 8 8 8 8 8 9 8 8 1 8 8 8 
-1 2 2 2 8 8 8 8 3 -1 8 9 8 9 8 8 8 8 8 8 
8 8 8 8 8 40 8 3 -1 -1 8 9 9 9 -1 8 -1 8 8 1 
-1 -1 8 8 8 8 40 -1 -1 -1 9 9 9 1 1 8 1 1 1 8 
8 8 8 -1 8 8 40 -1 8 8 8 9 9 1 1 8 8 8 1 1 
1 8 -1 -1 8 -1 -1 8 8 8 8 -1 -1 -1 8 1 8 8 1 -1 
1 6 8 8 8 8 8 -1 8 8 8 8 8 -1 8 8 8 8 8 1 
-1 8 8 -1 -1 8 8 -1 -1 -1 9 8 -1 8 8 8 8 8 8 1 
8 8 -1 -1 8 -1 8 8 8 8 -1 9 8 -1 8 8 8 -1 -1 8 
8 8 8 8 8 8 -1 8 -1 8 8 8 8 8 8 1 8 8 2 8 
8 8 8 -1 8 8 -1 8 8 8 9 -1 8 8 9 -1 8 -1 -1 -1 
-1 8 8 -1 -1 -1 -1 -1 8 8 8 8 8 8 8 9 8 -1 -1 -1 
2 8 8 8 8 8 -1 8 8 8 -1 8 8 8 8 2 8 8 1 2 
8 -1 8 8 8 8 8 8 8 8 8 8 8 8 -1 -1 8 1 2 2 
1 8 -1 8 8 -1 8 8 -1 8 8 8 8 -1 -1 8 8 8 8 -1 
8 8 8 8 8 8 -1 8 -1 8 -1 8 8 8 -1 -1 8 8 -1 8 
8 8 8 8 8 8 -1 8 8 8 -1 8 1 8 8 8 8 -1 8 8 
8 -1 8 -1 -1 -1 -1 -1 -1 -1 1 -1 8 8 8 8 8 8 8 8 
8 8 8 -1 -1 -1 -1 -1 -1 -1 1 8 8 8 8 8 -1 8 8 8 
8 8 8 -1 -1 -1 -1 -1 -1 1 1 8 8 -1 8 8 8 -1 8 8 
8 8 -1 8 -1 -1 -1 -1 -1 8 -1 8 8 8 8 8 8 8 8 -1 
8 8 8 8 8 -1 -1 -1 8 1 -1 8 8 8 8 8 8 8 -1 8 
8 8 8 8 8 -1 -1 -1 1 -1 -1 -1 8 -1 -1 8 8 8 -1 8 
-1 8 8 8 8 -1 -1 -1 1 8 8 -1 8 -1 -1 8 8 -1 8 -1 
8 8 8 8 8 -1 -1 -1 1 8 8 8 8 -1 8 8 -1 8 -1 -1 
8 8 8 8 8 -1 -1 -1 1 8 8 8 8 -1 -1 -1 8 8 8 -1 
8 8 8 1 8 8 2 -1 -1 -1 -1 -1 -1 -1 -1 -1 8 8 8 -1 
-1 -1 8 1 1 -1 -1 3 -1 1 -1 -1 -1 8 1 -1 -1 8 -1 -1 
-1 -1 -1 -1 1 -1 3 3 3 1 -1 -1 8 8 -1 -1 -1 8 -1 8 
8 8 -1 -1 -1 1 -1 3 1 3 8 8 8 -1 -1 -1 -1 -1 8 -1 
-1 -1 -1 -1 -1 -1 -1 -1 8 8 8 8 8 8 1 1 -1 -1 -1 -1 
-1 -1 -1 -1 -1 8 8 -1 8 8 8 8 -1 8 1 1 -1 -1 -1 -1 
1 -1 -1 -1 -1 -1 8 8 8 8 8 8 8 8 -1 8 -1 -1 -1 -1 
-1 1 -1 -1 8 8 -1 -1 8 8 8 -1 8 -1 8 8 -1 -1 -1 -1 
8 8 8 -1 8 8 -1 8 8 -1 -1 -1 8 8 8 8 8 -1 -1 8 
1 1 1 -1 -1 -1 -1 -1 -1 -1 1 1 -1 -1 1 8 -1 8 8 8 
-1 1 1 -1 -1 -1 -1 -1 -1 -1 -1 -1 -1 1 8 8 8 8 8 8 
-1 -1 -1 1 -1 -1 -1 -1 -1 -1 -1 -1 -1 -1 1 8 8 8 -1 8 
8 8 8 1 1 -1 -1 -1 -1 -1 -1 -1 -1 1 -1 8 8 8 8 -1 
8 8 1 1 1 1 -1 -1 -1 -1 -1 -1 8 8 8 8 8 8 -1 8 
8 -1 -1 1 -1 1 8 -1 -1 -1 1 -1 8 8 8 -1 8 -1 -1 -1 
-1 -1 1 -1 -1 8 8 -1 -1 -1 1 -1 -1 -1 8 8 8 -1 -1 -1 
-1 -1 -1 -1 8 8 8 8 8 -1 -1 1 -1 -1 -1 8 -1 -1 -1 -1 
-1 -1 -1 -1 8 -1 -1 8 8 8 -1 1 -1 -1 8 -1 -1 -1 -1 -1 
-1 -1 -1 8 8 -1 -1 -1 8 8 8 -1 -1 -1 -1 -1 -1 -1 -1 -1 
-1 -1 -1 -1 -1 -1 1 8 -1 -1 -1 8 8 -1 -1 1 -1 -1 -1 -1 
-1 -1 -1 1 1 1 -1 -1 1 -1 -1 8 -1 -1 -1 1 -1 -1 -1 -1 
-1 -1 -1 -1 1 1 2 2 1 1 8 -1 -1 -1 -1 1 -1 -1 -1 -1 
-1 -1 1 -1 1 2 -1 -1 2 -1 -1 -1 -1 -1 8 -1 -1 -1 -1 -1 
1 -1 -1 -1 -1 1 -1 2 -1 -1 -1 -1 -1 8 8 -1 -1 1 1 -1 
1 -1 -1 -1 -1 -1 -1 -1 -1 3 3 -1 -1 -1 8 1 1 1 1 1 
-1 -1 -1 -1 -1 -1 -1 -1 -1 -1 2 3 -1 -1 8 8 1 1 1 -1 
-1 -1 -1 -1 -1 -1 -1 -1 -1 3 2 3 -1 1 8 8 1 8 1 -1 
-1 -1 -1 -1 -1 -1 -1 -1 -1 -1 3 3 1 1 8 1 8 -1 -1 1 
8 -1 -1 -1 -1 -1 -1 -1 -1 -1 -1 3 -1 -1 1 8 -1 8 1 -1 
1 -1 1 9 1 -1 -1 -1 -1 -1 -1 -1 -1 -1 -1 -1 -1 1 1 -1 
-1 1 9 -1 -1 -1 2 -1 -1 -1 -1 -1 -1 -1 -1 -1 -1 -1 -1 -1 
-1 1 1 1 3 -1 -1 2 -1 1 -1 -1 -1 -1 -1 -1 -1 -1 1 -1 
-1 1 1 1 1 3 2 9 1 1 9 -1 -1 -1 -1 -1 -1 -1 -1 1 
1 9 -1 1 9 -1 1 1 9 9 -1 -1 -1 -1 -1 -1 -1 -1 -1 -1 
1 1 1 1 1 41 1 9 -1 9 -1 -1 -1 -1 -1 -1 -1 -1 -1 -1 
-1 -1 1 1 -1 -1 -1 -1 -1 -1 -1 -1 -1 -1 -1 -1 -1 -1 -1 -1 
-1 -1 1 1 -1 -1 8 -1 9 -1 -1 -1 -1 -1 8 -1 -1 -1 9 40 
-1 1 1 -1 1 8 8 -1 1 1 -1 -1 -1 8 -1 -1 -1 -1 -1 9 
9 -1 -1 -1 1 1 8 8 -1 -1 -1 -1 -1 -1 40 40 1 1 -1 9 
8 -1 -1 -1 -1 1 8 9 8 8 -1 -1 -1 -1 -1 40 40 8 -1 9 
8 8 -1 -1 -1 1 1 9 8 -1 -1 -1 -1 -1 -1 40 9 -1 -1 8 
8 -1 -1 -1 -1 -1 9 -1 -1 -1 -1 -1 -1 -1 -1 -1 -1 9 -1 -1 
-1 -1 -1 -1 -1 9 -1 -1 -1 -1 -1 -1 -1 8 -1 -1 -1 -1 -1 -1 
-1 -1 -1 -1 -1 -1 -1 -1 -1 -1 8 8 8 -1 8 -1 -1 -1 -1 -1 
-1 -1 -1 -1 -1 -1 -1 -1 -1 -1 8 8 8 8 -1 -1 -1 -1 -1 -1 
-1 -1 -1 2 -1 -1 -1 -1 -1 -1 -1 8 8 8 -1 -1 -1 -1 -1 -1 
1 1 2 -1 -1 -1 -1 -1 -1 -1 -1 8 8 8 -1 -1 -1 -1 -1 -1 
1 9 -1 -1 -1 -1 -1 -1 -1 -1 -1 -1 -1 8 -1 -1 -1 -1 -1 1 
-1 -1 9 1 -1 -1 -1 -1 -1 -1 -1 -1 -1 -1 -1 -1 1 -1 1 1 
-1 -1 2 -1 6 6 -1 -1 -1 -1 -1 -1 -1 -1 -1 -1 -1 -1 -1 -1 
-1 2 2 -1 6 -1 -1 -1 -1 -1 -1 -1 -1 -1 -1 -1 -1 -1 -1 -1 
-1 -1 -1 -1 -1 -1 -1 -1 -1 -1 -1 -1 -1 -1 -1 -1 -1 -1 -1 -1 
-1 -1 -1 -1 -1 2 2 -1 -1 -1 -1 -1 -1 -1 -1 -1 -1 -1 -1 -1 
-1 -1 -1 -1 -1 -1 -1 -1 -1 -1 -1 -1 -1 -1 -1 -1 -1 -1 -1 -1 
-1 -1 -1 -1 -1 -1 -1 -1 -1 -1 -1 -1 9 1 -1 -1 -1 -1 -1 -1 
-1 -1 -1 -1 -1 -1 -1 -1 -1 -1 -1 -1 9 1 -1 -1 -1 -1 -1 -1 
-1 -1 -1 -1 -1 -1 -1 -1 -1 -1 -1 8 -1 -1 -1 -1 -1 -1 -1 -1 
-1 -1 -1 -1 -1 -1 1 -1 -1 -1 1 1 -1 -1 -1 -1 -1 -1 -1 -1 
-1 -1 -1 -1 -1 -1 -1 1 -1 -1 1 -1 -1 -1 -1 -1 -1 -1 -1 -1 
-1 -1 -1 -1 -1 -1 -1 -1 -1 1 1 1 -1 -1 -1 -1 -1 -1 -1 -1 
3 -1 -1 -1 -1 -1 -1 -1 -1 1 -1 1 -1 -1 -1 -1 -1 -1 -1 -1 
3 2 1 1 1 -1 -1 -1 -1 -1 -1 -1 -1 -1 -1 -1 -1 -1 -1 3 
2 2 -1 1 1 -1 -1 -1 8 -1 -1 -1 -1 -1 -1 -1 -1 8 -1 -1 
-1 1 1 1 -1 -1 -1 -1 -1 -1 -1 -1 -1 -1 -1 -1 -1 -1 8 -1 
-1 1 -1 -1 -1 -1 -1 -1 -1 -1 -1 -1 -1 -1 -1 -1 -1 2 -1 -1 
-1 -1 1 -1 -1 -1 -1 -1 -1 8 8 -1 -1 -1 -1 6 6 -1 6 2 
1 -1 -1 -1 -1 -1 -1 -1 -1 -1 -1 -1 -1 -1 -1 -1 -1 6 2 -1 
1 -1 -1 -1 -1 -1 -1 -1 -1 -1 -1 -1 -1 -1 -1 -1 -1 -1 -1 -1 
-1 -1 -1 6 -1 -1 -1 -1 -1 -1 -1 -1 -1 -1 -1 -1 -1 -1 -1 -1 
-1 -1 -1 -1 -1 -1 -1 -1 -1 -1 8 8 -1 1 8 -1 -1 -1 -1 1 
-1 -1 -1 -1 -1 -1 -1 -1 -1 8 8 -1 8 8 -1 9 9 -1 -1 -1 
-1 -1 -1 -1 -1 -1 -1 -1 -1 -1 -1 8 8 -1 9 -1 -1 -1 -1 -1 
-1 -1 -1 -1 -1 -1 -1 -1 -1 -1 -1 -1 -1 -1 -1 -1 -1 -1 -1 -1 
-1 -1 -1 -1 -1 -1 -1 -1 -1 -1 -1 -1 -1 -1 -1 -1 -1 -1 3 -1 
-1 -1 -1 -1 -1 -1 -1 -1 -1 -1 -1 -1 -1 -1 -1 -1 -1 -1 -1 3 
-1 -1 -1 -1 -1 -1 -1 -1 -1 -1 8 -1 -1 -1 -1 -1 -1 -1 -1 -1 
-1 -1 -1 -1 -1 -1 8 -1 -1 8 -1 -1 -1 -1 -1 -1 -1 -1 -1 -1 
8 -1 -1 9 -1 -1 -1 8 -1 8 8 1 1 1 -1 -1 -1 -1 -1 -1 
8 -1 -1 -1 9 -1 9 -1 8 8 1 -1 1 1 -1 -1 -1 -1 -1 -1 
8 -1 -1 -1 9 9 8 8 8 -1 8 8 1 -1 -1 -1 -1 -1 -1 -1 
8 -1 -1 9 8 -1 8 8 -1 8 8 8 -1 -1 -1 -1 -1 -1 -1 8 
-1 -1 -1 8 8 -1 -1 8 8 -1 -1 8 -1 -1 -1 -1 -1 -1 -1 -1 
8 -1 -1 -1 -1 -1 -1 -1 -1 8 8 8 -1 -1 -1 -1 -1 -1 -1 -1 
-1 -1 -1 -1 8 8 -1 -1 -1 8 8 -1 8 -1 -1 -1 -1 -1 -1 -1 
1 1 -1 -1 8 8 -1 8 -1 8 8 8 9 -1 -1 -1 1 1 -1 -1 
-1 -1 -1 -1 8 8 8 8 8 -1 -1 1 -1 -1 -1 1 1 1 -1 -1 
-1 -1 -1 -1 -1 -1 8 -1 -1 -1 -1 -1 -1 -1 1 1 1 1 1 -1 
-1 -1 -1 -1 -1 -1 8 8 -1 -1 -1 -1 -1 1 1 1 -1 -1 1 -1 
1 -1 -1 -1 -1 -1 -1 -1 -1 -1 -1 -1 -1 -1 1 -1 -1 -1 1 -1 
8 8 8 8 8 -1 -1 -1 -1 -1 8 -1 8 -1 -1 -1 -1 -1 -1 -1 
8 8 -1 8 -1 -1 -1 -1 -1 -1 -1 -1 -1 -1 -1 -1 -1 -1 -1 8 
8 -1 -1 -1 -1 -1 -1 -1 -1 -1 -1 -1 -1 -1 -1 -1 -1 -1 -1 8 
8 -1 -1 -1 -1 -1 -1 -1 -1 -1 -1 -1 -1 -1 -1 -1 -1 -1 8 -1 
-1 8 8 -1 8 -1 1 9 9 -1 -1 -1 9 9 -1 -1 -1 -1 -1 8 
8 8 8 8 1 1 1 -1 9 8 -1 -1 9 9 -1 -1 -1 -1 -1 -1 
-1 -1 8 1 -1 1 -1 -1 8 9 -1 -1 -1 -1 -1 -1 -1 -1 -1 -1 
-1 -1 8 8 8 8 8 8 8 8 9 8 -1 -1 -1 8 -1 -1 8 8 
-1 1 8 8 -1 -1 8 -1 8 -1 9 1 -1 -1 -1 8 8 8 -1 -1 
1 -1 8 8 1 -1 -1 8 -1 -1 1 8 1 1 1 8 -1 -1 1 -1 
-1 -1 8 8 8 -1 -1 -1 -1 -1 -1 1 -1 1 8 1 -1 -1 -1 1 
-1 8 8 -1 8 8 -1 -1 -1 -1 1 -1 -1 1 1 8 8 -1 -1 -1 
-1 -1 8 9 9 9 -1 -1 1 1 -1 -1 8 -1 8 8 8 -1 -1 -1 
8 8 8 9 9 -1 -1 1 1 1 1 1 -1 8 8 8 -1 -1 -1 -1 
8 8 8 8 -1 -1 1 1 1 -1 1 1 1 -1 8 8 8 -1 -1 8 
8 9 9 -1 -1 -1 -1 -1 1 -1 1 1 3 -1 -1 1 -1 -1 -1 -1 
9 -1 -1 -1 8 -1 -1 -1 8 1 1 -1 3 1 -1 1 -1 -1 -1 8 
8 8 -1 -1 8 8 8 8 8 -1 1 8 1 1 8 -1 -1 -1 -1 -1 
8 -1 -1 -1 8 8 8 -1 8 8 -1 8 -1 -1 8 -1 -1 -1 8 8 
-1 8 -1 8 -1 8 -1 -1 -1 8 8 8 8 -1 -1 -1 -1 -1 -1 -1 
-1 8 -1 8 8 -1 8 8 8 -1 -1 -1 -1 -1 -1 1 -1 1 1 -1 
-1 -1 8 -1 8 8 8 8 8 8 -1 -1 -1 -1 1 -1 1 1 -1 1 
-1 8 8 8 8 8 8 8 -1 8 8 8 8 -1 8 8 8 8 -1 -1 
-1 -1 -1 8 -1 -1 -1 8 8 8 8 -1 -1 8 -1 8 8 8 8 8 
8 -1 8 -1 8 -1 8 8 8 -1 8 8 8 8 8 8 8 8 8 8 
8 8 8 8 8 8 8 8 8 8 8 -1 -1 8 8 8 8 -1 8 8 
8 8 8 8 8 8 8 8 8 8 8 8 8 8 8 -1 -1 -1 8 -1 
8 8 8 8 8 1 8 8 8 8 -1 8 8 8 8 8 8 8 8 8 
-1 8 8 8 8 1 8 8 8 8 8 8 -1 -1 8 8 8 8 8 8 
8 8 8 8 8 1 1 8 8 -1 8 8 -1 -1 -1 8 -1 8 8 -1 
8 8 8 1 1 -1 -1 8 8 8 8 -1 8 -1 8 -1 8 8 -1 8 
-1 8 1 1 1 9 8 -1 8 8 8 9 -1 -1 8 8 8 8 8 8 
1 8 8 8 1 -1 9 8 8 8 9 -1 8 9 9 8 8 8 8 8 
-1 8 -1 8 8 1 8 8 8 8 -1 8 -1 -1 8 8 8 -1 8 -1 
8 8 8 8 -1 1 8 -1 8 8 -1 -1 8 8 -1 8 8 -1 -1 8 
8 8 8 -1 -1 -1 8 -1 8 -1 8 -1 -1 -1 8 8 8 8 -1 8 
-1 -1 -1 8 -1 8 8 8 8 -1 -1 -1 -1 2 2 2 8 -1 -1 -1 
8 8 -1 -1 8 8 -1 -1 -1 -1 2 2 -1 2 2 2 2 -1 -1 8 
8 8 -1 8 -1 -1 8 -1 1 8 -1 2 2 2 -1 -1 -1 -1 8 8 
8 8 8 -1 8 8 8 8 8 -1 2 -1 -1 -1 -1 -1 -1 -1 -1 8 
8 8 8 8 8 9 2 2 2 2 2 9 9 9 9 9 9 9 8 8 
8 8 -1 8 8 2 2 2 8 2 8 2 8 9 9 9 9 9 9 8 
8 -1 8 8 2 8 1 2 8 8 2 9 9 40 40 9 9 9 9 8 
8 8 8 8 8 1 8 8 2 2 8 8 40 41 9 9 9 9 9 9 
8 -1 8 8 1 -1 8 2 8 2 8 40 -1 8 9 8 8 8 9 -1 
8 8 8 8 8 8 8 8 8 2 2 8 8 -1 -1 8 -1 8 -1 8 
8 8 8 8 8 8 8 8 -1 -1 -1 -1 8 8 8 8 9 8 8 -1 
8 -1 8 8 8 8 8 8 -1 -1 -1 -1 -1 8 -1 9 9 9 9 8 
8 8 8 8 2 8 -1 8 8 -1 1 8 -1 -1 -1 -1 8 8 9 9 
8 8 8 -1 8 2 -1 8 2 8 -1 1 9 9 -1 8 8 8 -1 8 
8 -1 2 8 8 8 2 8 8 8 8 8 1 -1 9 8 8 -1 8 8 
8 2 8 8 8 8 8 2 1 1 1 8 8 2 -1 8 8 8 -1 8 
9 2 2 -1 1 3 -1 1 1 1 1 8 8 2 8 8 8 -1 -1 8 
9 8 2 8 3 3 8 1 1 1 8 1 2 -1 8 8 8 9 8 -1 
8 8 8 2 8 8 -1 1 1 9 9 9 9 9 9 9 9 -1 -1 9 
8 8 8 8 8 8 9 9 8 9 2 -1 9 8 8 8 -1 -1 9 -1 
2 8 8 -1 -1 8 9 9 -1 9 -1 2 1 -1 8 8 8 8 8 8 
8 8 8 8 9 8 9 9 9 8 8 8 9 9 9 8 8 8 8 2 
8 8 8 8 -1 9 -1 8 2 8 8 1 9 9 9 -1 -1 8 8 2 
8 8 9 8 8 8 8 2 -1 2 2 9 -1 9 9 -1 8 9 9 8 
2 2 -1 8 8 8 40 8 8 -1 8 8 2 8 2 -1 -1 -1 2 2 
2 2 2 8 8 8 2 8 -1 -1 -1 6 8 8 8 8 -1 2 2 2 
8 2 2 8 8 -1 8 2 -1 2 8 -1 8 8 8 8 8 8 2 -1 
2 2 2 2 8 9 2 8 2 8 3 8 6 -1 -1 8 8 8 8 2 
8 8 2 -1 -1 2 8 8 8 8 -1 3 3 6 8 8 -1 8 2 8 
8 8 6 6 6 1 8 1 8 8 -1 8 8 8 -1 8 8 8 8 -1 
8 8 2 -1 2 -1 1 1 1 -1 9 8 8 -1 -1 8 -1 8 8 8 
8 2 2 8 8 8 1 8 8 9 -1 8 8 -1 8 8 8 8 -1 8 
-1 8 -1 8 8 8 8 8 8 8 8 -1 8 8 8 8 8 8 8 -1 
8 8 8 8 8 8 8 8 8 8 8 -1 8 8 8 8 8 8 8 8 
8 2 8 2 2 8 9 1 8 8 8 8 8 8 8 9 9 8 8 8 
8 8 2 -1 8 8 9 9 8 8 8 8 8 8 8 9 8 8 8 8 
8 2 2 -1 -1 8 8 8 8 8 8 -1 8 8 9 8 8 8 8 8 
2 2 -1 8 8 1 8 8 8 8 8 8 -1 8 -1 8 8 8 8 8 
8 9 9 9 8 8 8 8 8 8 8 8 -1 1 -1 -1 -1 3 8 2 
8 9 8 8 8 8 8 -1 8 8 8 8 9 -1 -1 -1 9 9 9 8 
9 8 8 8 8 8 8 8 8 8 8 9 9 9 -1 -1 9 8 -1 8 
8 9 8 -1 -1 8 8 8 40 40 8 8 9 9 40 9 9 8 8 8 
8 9 8 8 8 8 8 8 8 8 9 8 2 9 9 9 8 -1 9 8 
9 9 -1 -1 8 8 40 8 8 9 8 8 2 2 8 9 9 -1 -1 2 
9 9 8 8 8 8 8 8 8 8 -1 2 2 2 1 -1 8 8 8 8 
9 9 8 8 8 8 8 8 8 8 2 8 2 -1 8 8 8 8 8 8 
8 9 8 9 8 -1 8 8 8 -1 8 8 8 8 8 8 8 8 8 8 
8 8 9 8 8 -1 -1 8 8 8 8 -1 8 8 8 2 8 8 8 8 
-1 8 8 8 3 8 8 8 8 8 8 2 2 -1 2 -1 8 8 9 9 
8 8 8 8 3 -1 8 8 -1 -1 8 2 8 2 2 8 8 8 9 9 
8 8 1 8 8 8 -1 2 -1 8 2 8 8 8 2 8 -1 9 9 8 
8 1 8 8 8 -1 3 2 2 2 8 8 2 8 9 -1 8 8 8 9 
9 9 9 8 8 8 8 8 8 8 -1 8 40 40 9 -1 40 8 8 1 
1 1 1 1 -1 -1 8 8 8 8 8 40 -1 40 8 40 40 40 8 9 
-1 1 1 1 1 8 8 8 8 8 8 8 40 40 8 8 -1 8 8 8 
8 8 1 9 1 8 -1 9 8 8 8 8 8 40 40 -1 -1 8 8 8 
40 40 -1 -1 9 8 8 9 9 8 8 8 8 -1 -1 8 8 8 -1 8 
8 8 8 8 8 8 8 9 8 8 8 8 8 8 -1 -1 8 8 8 8 
40 8 8 8 8 8 9 8 -1 8 8 8 8 -1 8 -1 8 8 8 8 
-1 8 8 8 9 8 8 8 8 8 8 8 8 8 8 8 8 8 -1 8 
8 8 -1 9 9 -1 9 8 8 8 8 8 8 8 8 8 8 8 8 8 
8 8 8 9 9 9 9 8 8 8 8 8 8 8 8 8 8 8 8 8 
8 -1 8 -1 -1 8 9 8 8 8 -1 -1 1 8 -1 8 8 8 8 8 
-1 8 8 8 8 8 8 8 8 8 2 2 -1 1 8 8 8 8 8 8 
8 8 8 8 8 40 40 8 8 8 8 8 8 8 8 8 1 -1 8 1 
8 8 8 8 1 40 1 8 8 -1 8 8 -1 8 8 8 8 8 1 1 
8 8 8 1 -1 1 9 8 8 8 8 -1 8 8 -1 -1 8 8 8 8 
8 8 8 1 1 9 1 9 9 9 8 8 8 8 8 8 1 1 9 9 
8 -1 8 -1 8 9 9 8 8 9 8 8 8 8 8 8 8 9 1 8 
8 8 8 8 8 8 1 8 8 1 -1 8 8 8 8 8 8 1 8 -1 
8 8 8 8 -1 1 9 1 9 9 -1 8 1 8 8 8 8 8 8 8 
8 -1 8 8 8 9 1 8 -1 9 -1 -1 8 8 8 8 8 8 8 8 
8 8 8 -1 8 8 8 9 9 9 -1 8 8 8 8 8 8 8 8 -1 
8 8 8 8 8 -1 9 9 9 -1 -1 8 8 8 8 8 8 8 8 8 
8 8 8 8 8 -1 9 -1 8 8 2 8 8 8 8 9 9 9 8 8 
8 8 -1 -1 8 8 -1 8 -1 8 8 8 8 8 9 -1 1 9 8 8 
2 -1 8 8 8 8 8 8 8 8 8 8 8 8 9 9 -1 -1 -1 8 
1 8 -1 8 8 8 8 8 8 -1 8 8 8 -1 9 9 -1 8 8 -1 
1 8 -1 8 8 8 8 8 8 -1 -1 8 -1 -1 8 8 9 8 8 -1 
8 8 8 8 8 8 8 9 1 1 -1 -1 1 8 8 8 8 8 8 8 
8 8 8 8 8 8 1 1 -1 -1 1 -1 -1 -1 8 8 8 8 8 -1 
8 9 8 1 8 8 8 8 -1 1 8 8 -1 8 1 8 8 8 -1 9 
9 8 9 8 -1 1 8 -1 8 8 8 8 8 8 8 8 8 8 9 9 
8 8 -1 8 8 8 40 8 8 8 8 8 8 8 8 -1 8 8 8 8 
1 8 8 8 8 8 8 -1 -1 -1 -1 -1 -1 -1 -1 -1 8 8 8 -1 
3 3 3 8 8 8 8 8 8 -1 -1 -1 -1 -1 8 -1 8 8 8 8 
-1 2 2 8 8 8 8 -1 -1 -1 -1 1 -1 -1 8 8 8 8 8 -1 
-1 -1 8 3 8 8 8 8 -1 -1 1 -1 8 8 8 8 8 8 2 -1 
-1 -1 -1 8 8 -1 -1 -1 -1 8 8 8 -1 8 8 9 8 8 8 2 
-1 -1 8 8 8 -1 -1 8 9 8 8 8 8 8 8 8 8 8 -1 -1 
-1 -1 8 8 8 -1 8 8 9 8 8 8 -1 8 8 8 8 -1 2 -1 
-1 -1 -1 8 -1 8 -1 8 9 8 8 8 8 8 8 8 8 8 2 2 
2 -1 8 -1 8 8 -1 8 8 8 8 8 8 8 8 8 -1 -1 -1 -1 
-1 8 -1 8 -1 8 8 8 8 8 8 8 8 8 8 8 -1 -1 8 2 
8 8 8 8 8 8 8 8 8 -1 8 -1 8 8 8 -1 2 -1 2 8 
8 8 2 8 8 8 8 -1 8 8 8 8 8 8 8 -1 -1 2 -1 3 
8 2 8 8 8 -1 9 8 8 8 8 8 8 8 -1 1 -1 9 -1 3 
1 2 8 8 8 9 8 8 8 8 8 8 8 8 8 8 9 -1 3 -1 
8 2 2 8 8 8 8 8 9 8 8 -1 8 8 8 -1 -1 -1 8 8 
8 1 1 8 8 8 8 8 -1 -1 -1 8 8 8 8 -1 8 8 8 8 
-1 8 1 8 8 -1 8 8 8 8 8 8 -1 8 -1 8 8 8 8 8 
-1 2 1 8 8 8 8 8 8 1 1 1 -1 -1 -1 -1 -1 8 8 8 
8 1 1 1 8 8 8 8 -1 8 8 -1 -1 -1 -1 -1 8 8 8 -1 
8 1 8 8 8 8 -1 8 -1 8 -1 -1 -1 -1 -1 -1 -1 2 8 2 
-1 -1 3 3 -1 -1 3 3 -1 -1 -1 -1 8 8 2 3 -1 -1 -1 -1 
-1 -1 -1 -1 8 8 -1 1 -1 -1 -1 3 -1 -1 3 2 -1 -1 -1 -1 
-1 -1 -1 -1 -1 40 8 -1 1 -1 -1 -1 3 3 -1 -1 -1 -1 -1 -1 
-1 -1 -1 -1 -1 40 -1 -1 8 -1 -1 -1 8 8 -1 -1 3 3 -1 -1 
-1 -1 9 -1 -1 -1 -1 8 -1 8 -1 9 9 8 -1 9 9 9 9 -1 
-1 -1 -1 -1 -1 -1 -1 -1 8 -1 -1 9 8 9 -1 -1 9 -1 9 -1 
-1 -1 -1 -1 -1 -1 -1 8 -1 -1 -1 9 -1 -1 9 9 9 9 -1 9 
-1 -1 -1 -1 -1 8 8 -1 -1 -1 -1 9 9 9 -1 -1 9 9 -1 -1 
-1 -1 -1 -1 -1 -1 -1 -1 -1 -1 9 9 9 -1 9 -1 -1 -1 -1 -1 
-1 -1 -1 -1 -1 -1 -1 -1 -1 -1 9 9 -1 9 -1 -1 -1 -1 -1 -1 
2 -1 -1 -1 -1 -1 -1 -1 -1 -1 -1 -1 9 -1 -1 -1 -1 3 -1 3 
-1 2 -1 -1 -1 -1 -1 -1 -1 -1 -1 9 -1 -1 -1 -1 -1 -1 3 -1 
-1 -1 -1 -1 -1 -1 -1 -1 -1 -1 -1 -1 -1 -1 -1 -1 -1 3 3 -1 
-1 9 9 -1 -1 -1 -1 -1 -1 -1 -1 -1 -1 -1 -1 -1 -1 -1 -1 9 
9 9 9 9 -1 -1 -1 -1 -1 -1 -1 -1 -1 -1 -1 8 -1 8 -1 9 
9 -1 -1 -1 -1 -1 -1 -1 -1 -1 -1 -1 -1 -1 -1 8 8 8 8 9 
-1 1 9 -1 -1 -1 -1 -1 -1 -1 -1 -1 -1 -1 -1 8 8 -1 9 9 
1 1 -1 3 3 -1 -1 -1 -1 -1 -1 -1 8 -1 8 8 3 3 -1 -1 
3 -1 -1 3 3 2 -1 -1 -1 -1 -1 -1 8 8 8 8 -1 -1 -1 3 
3 -1 3 3 3 8 8 -1 -1 -1 -1 -1 8 8 -1 -1 -1 -1 -1 3 
-1 1 -1 -1 2 -1 -1 -1 -1 -1 1 9 9 -1 -1 9 -1 -1 -1 1 
-1 -1 -1 2 2 2 -1 -1 9 9 9 9 -1 8 -1 9 9 -1 -1 -1 
-1 -1 2 -1 2 2 9 -1 -1 -1 -1 -1 -1 -1 -1 8 8 -1 8 -1 
-1 -1 3 -1 -1 8 9 9 9 -1 -1 -1 -1 9 -1 8 8 8 -1 -1 
3 3 -1 8 8 -1 -1 -1 9 9 -1 -1 9 -1 2 -1 -1 -1 -1 -1 
-1 3 2 8 8 -1 -1 -1 -1 9 -1 -1 -1 2 2 8 1 -1 1 -1 
-1 2 -1 -1 -1 8 -1 -1 -1 -1 9 -1 2 -1 2 -1 1 -1 -1 1 
2 -1 -1 -1 -1 -1 -1 -1 -1 8 8 8 -1 -1 -1 2 -1 2 1 -1 
-1 8 8 -1 -1 -1 -1 -1 -1 8 -1 -1 -1 -1 -1 2 -1 3 2 -1 
-1 -1 -1 -1 -1 9 -1 -1 -1 8 -1 -1 8 -1 -1 2 3 2 -1 -1 
-1 -1 1 -1 1 -1 -1 8 8 8 -1 -1 8 3 2 2 2 2 -1 1 
9 9 9 1 8 -1 8 8 8 8 8 -1 2 2 2 -1 -1 2 -1 -1 
-1 9 -1 1 -1 8 -1 8 8 -1 8 8 2 2 2 -1 -1 -1 2 -1 
-1 9 -1 -1 1 -1 -1 8 8 8 -1 -1 -1 2 -1 -1 2 -1 -1 2 
-1 -1 -1 1 -1 -1 -1 8 8 -1 -1 -1 8 8 -1 -1 2 -1 -1 -1 
-1 3 -1 -1 1 1 8 8 -1 -1 8 8 8 8 -1 -1 2 2 2 2 
-1 3 -1 1 -1 1 1 1 -1 -1 8 -1 8 8 8 -1 -1 2 2 2 
-1 -1 -1 1 -1 1 -1 8 -1 -1 -1 1 8 2 8 8 -1 2 -1 -1 
1 -1 1 -1 1 -1 -1 8 8 1 8 9 2 2 2 8 8 -1 -1 -1 
1 -1 -1 -1 1 -1 -1 -1 -1 8 1 9 2 2 -1 2 8 -1 -1 1 
-1 40 2 8 2 2 2 -1 -1 2 1 1 1 -1 -1 1 40 40 -1 -1 
40 40 8 8 9 1 -1 -1 1 -1 8 -1 -1 1 -1 -1 1 8 -1 2 
-1 1 1 9 1 -1 1 1 2 1 8 -1 -1 -1 1 -1 8 1 2 40 
-1 1 1 1 9 -1 -1 8 2 -1 8 8 -1 -1 -1 2 2 -1 -1 2 
-1 1 1 1 1 1 8 8 8 -1 8 1 1 -1 1 2 2 2 -1 -1 
-1 -1 1 1 -1 8 1 8 -1 -1 -1 -1 -1 1 1 1 -1 -1 -1 -1 
-1 8 8 -1 1 8 8 8 -1 -1 -1 -1 -1 8 8 -1 -1 -1 -1 -1 
-1 -1 -1 -1 8 8 8 -1 8 8 8 -1 8 8 8 9 -1 2 -1 -1 
-1 -1 -1 -1 -1 8 8 -1 8 8 8 8 -1 -1 -1 -1 8 2 -1 -1 
2 -1 -1 -1 -1 8 -1 8 -1 -1 8 8 1 2 -1 -1 -1 8 -1 -1 
2 2 -1 -1 8 8 8 -1 -1 1 1 1 2 8 8 -1 -1 8 8 -1 
2 2 8 8 2 -1 -1 8 1 1 1 -1 -1 8 -1 8 -1 8 8 -1 
2 -1 8 8 8 -1 -1 -1 -1 -1 8 -1 -1 -1 -1 8 8 -1 8 8 
-1 8 -1 -1 -1 2 2 -1 -1 -1 8 8 8 8 -1 -1 8 8 -1 2 
-1 -1 8 8 8 -1 -1 -1 2 -1 2 8 8 -1 -1 -1 -1 8 -1 -1 
1 -1 3 8 3 3 2 2 -1 2 -1 -1 -1 -1 -1 -1 2 1 1 -1 
1 3 2 2 3 3 2 2 2 -1 -1 2 2 2 -1 2 1 1 1 1 
3 1 -1 -1 -1 2 3 2 -1 -1 -1 1 2 2 -1 1 -1 1 1 1 
-1 -1 2 -1 -1 -1 -1 2 -1 -1 1 1 1 2 2 -1 1 40 1 -1 
-1 40 2 2 2 -1 -1 2 2 2 2 1 -1 1 1 1 40 8 8 -1 
-1 1 8 1 -1 2 9 9 8 9 8 -1 -1 9 8 1 1 9 8 8 
-1 1 1 -1 -1 -1 2 9 9 8 8 8 -1 8 8 9 8 -1 -1 -1 
-1 2 -1 -1 1 9 9 9 9 -1 8 -1 8 -1 -1 9 -1 8 -1 -1 
-1 8 2 2 2 9 9 9 -1 -1 9 9 -1 8 -1 -1 -1 -1 8 -1 
8 -1 1 2 1 1 -1 9 -1 8 9 8 -1 8 9 -1 -1 -1 8 8 
2 -1 -1 1 -1 1 9 9 9 9 8 8 8 8 9 -1 8 8 -1 8 
-1 -1 -1 -1 1 9 -1 9 9 9 9 9 -1 8 -1 -1 8 8 8 8 
-1 -1 8 9 9 9 -1 1 9 9 9 9 8 -1 9 9 8 -1 -1 9 
-1 9 9 9 8 -1 9 1 9 40 40 8 -1 -1 -1 9 8 8 -1 9 
9 9 40 9 9 -1 9 9 40 40 8 2 2 2 2 8 8 8 -1 9 
9 9 1 40 40 9 -1 8 40 -1 8 2 2 -1 2 2 8 8 -1 -1 
8 8 8 40 40 40 40 -1 8 -1 8 8 2 2 -1 2 2 8 -1 8 
9 8 40 9 -1 40 40 8 8 8 2 2 8 2 -1 -1 2 8 8 8 
8 8 8 9 9 40 -1 -1 -1 1 2 2 1 1 1 -1 -1 -1 8 9 
8 8 -1 9 40 -1 -1 1 1 -1 8 2 2 2 2 2 2 8 8 8 
8 8 8 40 -1 8 1 8 1 8 8 2 2 2 -1 8 2 8 8 8 
8 8 8 -1 -1 -1 8 -1 8 1 -1 2 2 -1 2 2 8 2 8 8 
8 8 8 1 -1 -1 -1 8 1 1 1 2 -1 -1 -1 2 2 2 8 8 
-1 8 8 1 1 -1 -1 3 8 1 1 1 -1 -1 2 2 2 8 2 8 
8 -1 1 1 2 1 2 8 3 1 1 -1 -1 2 2 9 9 2 -1 8 
1 1 1 -1 -1 -1 8 8 8 2 8 -1 -1 -1 2 8 1 -1 2 1 
1 1 1 -1 1 1 -1 -1 8 8 8 -1 8 2 -1 -1 1 1 1 2 
1 1 -1 -1 1 1 1 8 8 8 2 8 8 8 1 -1 1 1 1 1 
1 1 1 -1 9 1 1 8 8 8 8 2 8 8 8 1 -1 1 1 1 
1 1 1 9 -1 1 -1 -1 8 6 2 -1 1 1 1 1 1 1 1 1 
1 1 1 1 8 1 -1 8 6 8 -1 -1 -1 1 1 1 1 1 1 1 
-1 -1 1 8 1 -1 -1 -1 -1 6 6 6 -1 1 1 -1 1 1 1 8 
-1 -1 9 1 1 -1 8 -1 -1 -1 6 -1 1 1 -1 -1 1 1 1 -1 
-1 2 2 2 -1 2 2 -1 8 8 1 8 1 -1 -1 -1 1 1 -1 -1 
-1 2 2 8 8 -1 2 -1 -1 8 8 1 1 -1 -1 -1 1 -1 1 -1 
-1 2 2 -1 8 2 -1 8 8 8 -1 -1 -1 -1 9 -1 -1 1 1 7 
-1 -1 8 8 40 8 -1 8 8 -1 -1 9 9 9 1 1 1 1 8 8 
8 8 -1 8 8 40 -1 40 8 8 8 9 9 1 1 1 1 8 -1 8 
-1 1 2 2 -1 -1 40 40 40 8 40 -1 9 9 -1 -1 1 1 -1 8 
-1 8 1 1 2 -1 40 -1 8 40 8 8 8 -1 1 -1 -1 -1 -1 8 
8 1 1 1 1 -1 -1 8 8 8 8 -1 -1 -1 -1 -1 2 -1 -1 -1 
1 1 1 8 1 -1 8 8 8 8 8 -1 -1 8 8 8 2 -1 -1 -1 
-1 1 -1 8 -1 1 8 -1 -1 8 8 -1 8 8 8 8 8 8 1 1 
1 -1 1 -1 -1 40 40 8 -1 1 1 8 8 8 8 8 -1 1 1 1 
1 1 2 1 -1 -1 -1 8 8 1 1 8 8 -1 8 8 8 1 -1 1 
1 2 -1 -1 -1 8 1 8 1 1 1 1 8 6 6 -1 1 -1 -1 -1 
-1 -1 -1 1 8 8 -1 1 1 1 6 8 6 6 6 6 -1 2 2 -1 
-1 -1 1 -1 -1 2 8 3 1 1 6 6 6 6 -1 2 2 2 2 -1 
-1 -1 -1 -1 8 8 1 8 1 -1 8 8 -1 -1 2 2 2 -1 2 2 
-1 -1 -1 8 2 2 2 8 2 -1 8 6 8 -1 -1 -1 2 -1 2 -1 
2 2 2 -1 -1 2 9 2 2 -1 2 2 2 2 2 -1 -1 -1 -1 2 
2 2 2 -1 -1 -1 2 2 2 2 2 -1 2 -1 2 -1 2 -1 -1 -1 
2 2 -1 -1 2 2 2 2 2 -1 -1 2 2 2 2 2 1 -1 2 -1 
-1 -1 -1 -1 -1 2 2 2 -1 8 2 2 2 2 2 2 1 1 1 2 
2 -1 2 -1 2 6 2 2 -1 8 2 2 2 2 2 1 2 -1 1 1 
2 -1 -1 2 6 6 -1 2 -1 6 -1 2 -1 2 2 1 -1 2 2 8 
8 2 2 2 6 -1 -1 -1 -1 6 -1 -1 -1 -1 2 2 2 2 6 -1 
2 2 2 2 2 -1 -1 -1 6 1 1 -1 -1 -1 -1 2 1 1 6 6 
2 2 2 -1 -1 40 -1 6 -1 -1 -1 -1 -1 -1 9 2 -1 1 6 -1 
1 1 2 -1 8 40 -1 6 1 1 1 -1 -1 2 2 9 1 1 -1 -1 
1 -1 8 2 8 40 -1 -1 -1 1 1 1 1 8 8 1 1 1 -1 -1 
-1 8 8 -1 40 -1 -1 8 -1 8 1 1 1 1 -1 1 1 1 1 1 
8 8 1 8 1 -1 8 -1 8 8 -1 -1 1 1 -1 -1 1 1 1 -1 
1 -1 -1 2 1 1 8 8 8 -1 -1 1 1 1 -1 -1 -1 1 1 1 
2 8 2 -1 1 1 8 -1 -1 1 1 -1 1 6 -1 -1 -1 1 -1 -1 
8 8 8 -1 8 -1 8 8 2 8 -1 8 -1 8 -1 -1 -1 -1 1 8 
-1 -1 1 -1 -1 8 8 8 2 8 8 8 8 8 -1 -1 -1 9 -1 8 
9 1 -1 1 -1 8 8 8 2 8 8 -1 8 2 -1 1 1 9 9 -1 
1 1 -1 -1 -1 -1 8 8 8 8 8 8 8 8 1 -1 9 9 -1 -1 
1 1 -1 -1 -1 1 -1 -1 8 8 8 8 8 8 -1 -1 -1 -1 -1 1 
-1 1 1 -1 -1 -1 1 8 8 8 8 8 8 -1 -1 -1 -1 8 8 1 
8 1 -1 -1 -1 8 -1 8 -1 8 8 8 8 -1 -1 8 -1 1 8 8 
-1 -1 -1 -1 -1 -1 8 8 8 8 8 -1 -1 8 8 8 8 1 1 8 
6 -1 -1 -1 8 -1 8 9 -1 -1 8 -1 8 8 8 8 8 8 8 8 
6 1 1 1 8 -1 8 9 8 8 -1 -1 8 8 8 8 8 8 8 8 
6 -1 -1 6 8 -1 8 8 8 8 1 -1 8 8 -1 8 8 8 -1 8 
6 6 6 8 6 8 -1 8 8 8 1 1 -1 -1 8 8 -1 8 8 -1 
6 6 8 6 6 6 -1 8 -1 -1 1 -1 -1 1 -1 8 8 8 -1 -1 
-1 6 6 -1 6 8 8 -1 -1 -1 1 1 1 1 1 8 8 1 -1 -1 
8 6 6 6 -1 -1 8 -1 -1 1 1 1 -1 1 -1 -1 1 1 1 -1 
1 -1 -1 -1 -1 -1 -1 -1 1 1 -1 1 1 -1 1 1 1 1 -1 1 
-1 1 1 -1 -1 -1 -1 -1 -1 -1 1 -1 -1 -1 -1 1 1 -1 1 1 
1 1 -1 1 -1 -1 -1 -1 -1 -1 -1 8 -1 -1 -1 -1 1 1 1 1 
1 -1 -1 -1 1 -1 -1 -1 2 2 8 -1 8 8 -1 2 -1 1 1 1 
1 -1 -1 8 -1 8 -1 -1 8 8 8 8 8 8 2 2 -1 -1 -1 1 
1 1 1 40 8 8 8 8 8 2 8 1 -1 -1 -1 -1 1 8 -1 -1 
1 8 1 8 40 -1 -1 8 -1 8 8 8 9 -1 9 -1 1 8 8 -1 
1 8 8 8 8 8 8 8 8 8 9 8 1 1 1 8 1 2 2 8 
8 8 8 8 8 8 8 8 8 -1 8 1 9 1 -1 8 2 8 8 2 
8 8 8 8 8 8 8 8 8 8 8 8 8 8 -1 8 -1 8 8 8 
8 8 8 8 8 8 8 8 2 8 8 8 2 8 8 8 8 8 8 8 
1 8 8 8 8 8 8 2 2 2 8 -1 -1 8 8 8 8 8 -1 8 
8 8 -1 8 8 8 1 8 8 8 -1 8 8 8 8 8 8 8 8 8 
-1 8 -1 8 8 8 8 1 8 8 8 8 8 -1 1 8 8 8 8 8 
8 -1 8 8 8 -1 1 8 8 8 8 8 8 -1 8 1 1 -1 -1 -1 
8 8 8 8 8 8 8 8 8 8 8 -1 8 8 8 8 8 1 1 8 
-1 -1 -1 8 8 -1 8 8 8 8 8 8 -1 8 9 8 -1 -1 8 -1 
-1 -1 -1 1 -1 1 8 8 8 1 -1 8 8 9 8 -1 8 8 8 8 
1 1 8 -1 1 1 1 2 2 2 1 9 8 9 8 8 -1 8 8 8 
1 1 -1 1 1 1 1 2 2 8 1 -1 1 8 8 8 8 1 8 -1 
1 1 1 -1 8 1 1 -1 2 2 2 1 8 8 8 8 8 8 1 1 
1 1 -1 -1 8 8 2 2 1 8 2 8 8 8 8 8 8 8 9 1 
1 1 8 8 -1 8 8 2 8 8 8 8 8 8 1 9 -1 -1 1 -1 
1 1 8 8 8 8 8 8 2 8 8 9 9 8 8 -1 9 -1 1 1 
1 40 40 8 8 8 8 8 2 2 9 9 1 -1 -1 1 9 1 9 1 
1 8 8 -1 -1 8 1 8 8 8 1 1 1 1 1 1 40 40 -1 40 
8 8 8 -1 -1 8 1 8 1 8 1 1 -1 8 1 1 40 1 40 40 
8 -1 -1 -1 -1 1 8 1 8 1 -1 8 8 8 8 -1 1 1 40 8 
8 8 -1 -1 -1 8 1 8 1 -1 -1 8 8 8 -1 8 1 8 8 -1 
8 8 8 -1 8 8 1 1 8 8 8 8 8 8 8 2 -1 1 8 8 
8 8 8 8 -1 -1 1 1 8 8 8 8 8 8 8 8 1 1 8 -1 
8 8 8 8 8 8 -1 -1 8 8 8 -1 8 8 8 8 8 1 8 8 
8 8 8 8 8 8 8 8 8 8 8 8 1 8 8 8 -1 8 8 8 
3 3 3 3 9 9 8 8 8 -1 8 8 8 8 8 8 8 8 -1 3 
3 3 3 3 8 9 8 8 9 8 8 8 8 8 8 8 8 8 8 3 
3 3 3 8 8 8 8 9 9 9 8 8 -1 8 8 8 8 8 8 8 
3 3 8 8 8 8 8 8 9 8 8 8 8 8 8 8 8 8 8 3 
3 3 3 8 8 9 9 8 8 8 8 8 8 8 -1 8 8 8 8 -1 
8 3 3 1 9 8 -1 8 8 8 8 -1 9 -1 9 9 1 8 8 8 
8 -1 -1 8 8 8 8 8 8 8 -1 8 8 -1 -1 9 9 1 1 1 
1 -1 8 8 8 -1 1 8 2 8 8 -1 8 1 9 9 1 1 1 1 
1 1 8 8 -1 1 2 2 2 8 8 -1 -1 1 1 1 -1 1 1 1 
1 8 1 1 8 -1 2 2 2 -1 -1 -1 1 1 -1 1 2 -1 1 -1 
1 1 3 3 8 1 -1 2 -1 8 8 8 -1 -1 -1 2 2 1 -1 40 
8 40 -1 1 1 8 8 8 8 8 1 1 -1 1 1 1 2 2 2 40 
8 8 8 40 1 -1 8 8 8 -1 -1 1 8 8 8 8 8 8 2 -1 
8 8 8 8 1 -1 8 8 8 9 8 8 8 8 8 8 8 -1 8 8 
8 1 -1 1 8 -1 8 8 9 8 8 8 8 -1 1 8 8 2 8 2 
2 1 -1 8 8 8 8 -1 8 8 8 8 8 8 8 1 8 2 2 -1 
-1 1 1 -1 8 8 -1 -1 8 8 8 8 -1 8 1 8 8 -1 2 2 
40 40 1 8 8 -1 -1 8 -1 8 -1 8 8 -1 -1 8 8 8 2 8 
8 8 1 8 8 -1 8 8 8 8 8 8 -1 -1 -1 8 -1 8 8 -1 
-1 40 8 8 8 8 1 8 8 8 8 -1 8 -1 8 8 8 8 8 8 
-1 8 -1 8 8 8 1 8 8 1 8 8 8 8 8 8 8 8 8 8 
8 -1 8 8 8 8 -1 1 8 1 8 8 -1 8 8 -1 -1 8 -1 1 
8 8 8 8 8 8 1 40 8 8 8 8 8 -1 8 8 -1 8 8 1 
1 1 1 8 1 8 8 -1 8 8 8 8 8 -1 -1 8 -1 -1 8 8 
8 1 8 8 8 1 8 8 8 8 8 8 2 -1 40 8 -1 8 8 -1 
8 8 1 8 8 8 3 8 8 9 8 2 2 2 -1 40 2 2 -1 8 
8 8 -1 8 8 8 8 8 -1 9 8 2 -1 8 8 8 2 2 -1 8 
8 8 8 8 8 8 -1 -1 8 -1 8 8 -1 -1 8 8 8 -1 -1 8 
-1 -1 3 8 3 40 8 8 40 -1 1 8 2 -1 8 8 8 8 -1 8 
8 8 -1 8 3 40 40 40 40 1 8 8 1 1 8 8 8 8 8 -1 
8 8 8 8 40 8 40 40 40 -1 1 8 8 1 8 8 8 8 8 8 
8 8 40 8 -1 8 8 40 -1 -1 1 8 1 1 8 8 -1 8 8 -1 
8 8 8 8 -1 8 8 -1 8 2 -1 8 -1 1 -1 8 -1 8 8 8 
8 6 1 8 -1 8 1 8 8 -1 -1 8 -1 8 8 8 8 8 8 6 
8 6 3 8 8 3 8 1 1 1 1 8 8 -1 8 8 8 8 8 8 
8 8 3 3 8 8 3 1 1 3 8 8 8 8 8 40 8 -1 8 8 
8 8 -1 3 3 3 3 1 1 3 3 8 8 8 40 8 1 8 8 8 
1 8 8 3 3 3 8 3 1 -1 -1 8 -1 8 8 8 1 8 8 -1 
1 -1 8 8 8 8 8 3 -1 3 40 40 40 -1 8 1 8 -1 8 8 
8 1 8 -1 8 8 1 8 3 3 3 40 40 8 8 1 8 1 8 8 
1 1 8 8 8 1 8 8 8 8 3 40 8 8 8 8 8 8 8 8 
-1 8 9 -1 8 8 8 8 8 3 8 8 8 8 8 8 8 8 8 8 
8 8 9 -1 -1 8 8 8 -1 8 6 8 8 8 8 8 8 8 8 9 
8 9 9 9 -1 8 8 8 8 8 8 -1 -1 8 8 8 8 1 9 9 
9 9 9 9 2 3 8 8 -1 8 8 -1 -1 8 8 8 8 8 1 -1 
9 1 1 -1 9 -1 8 8 8 8 8 8 8 8 -1 8 8 8 8 -1 
9 8 8 8 8 9 8 8 8 8 8 8 8 -1 8 8 8 8 8 8 
9 9 8 8 8 8 -1 8 8 8 -1 8 -1 -1 1 8 8 8 8 8 
-1 1 1 8 8 8 8 8 8 8 1 8 8 -1 1 2 8 8 8 8 
1 1 8 -1 8 8 -1 -1 -1 8 8 1 1 2 2 2 2 8 8 1 
8 8 8 8 -1 8 8 -1 -1 8 8 -1 1 -1 2 -1 -1 -1 8 8 
8 8 8 8 8 8 8 8 8 2 -1 8 8 8 8 2 8 8 8 8 
8 6 3 3 -1 -1 -1 6 6 -1 8 -1 -1 -1 -1 -1 -1 8 8 8 
6 3 -1 -1 6 1 1 8 -1 -1 -1 -1 6 6 -1 -1 -1 8 8 -1 
8 -1 -1 8 -1 6 8 -1 8 -1 6 8 8 -1 -1 -1 -1 3 8 -1 
8 -1 8 8 8 6 6 -1 8 8 8 1 1 8 8 8 8 8 3 8 
8 8 -1 8 8 -1 8 8 8 8 8 6 8 1 8 1 -1 8 3 3 
8 8 8 8 -1 8 -1 8 8 8 6 -1 -1 1 1 8 8 8 8 8 
8 8 8 6 8 8 8 8 8 6 8 -1 8 8 1 8 8 8 -1 8 
1 8 8 8 -1 8 8 -1 8 -1 1 8 1 8 8 -1 8 -1 -1 8 
-1 1 8 8 8 8 8 8 8 8 -1 1 1 1 1 8 8 -1 -1 -1 
1 1 1 -1 8 8 8 -1 -1 8 -1 -1 1 1 1 -1 -1 -1 1 -1 
-1 1 6 -1 -1 -1 -1 -1 8 8 8 8 3 3 8 -1 -1 2 1 1 
1 8 6 6 6 -1 8 8 8 8 8 8 8 3 7 8 -1 8 2 1 
8 8 6 6 6 6 -1 8 8 8 8 8 8 8 7 8 8 8 9 -1 
8 8 8 -1 6 2 2 8 8 8 8 8 8 8 8 8 -1 -1 9 9 
9 8 -1 6 6 6 2 8 8 3 3 8 8 8 8 8 8 8 8 -1 
8 -1 -1 -1 6 6 -1 8 8 -1 6 3 -1 8 1 8 1 8 8 9 
8 -1 1 6 6 6 6 -1 8 6 3 -1 3 1 1 8 8 -1 8 -1 
-1 1 1 6 6 6 6 6 8 8 8 6 1 1 -1 -1 -1 8 8 -1 
8 -1 6 8 -1 6 -1 6 6 8 8 8 6 -1 -1 -1 1 8 -1 8 
8 6 -1 9 -1 -1 8 6 -1 6 -1 8 -1 -1 -1 1 -1 8 8 8 
-1 -1 -1 -1 -1 1 1 8 -1 2 3 3 8 8 -1 2 8 8 8 -1 
-1 8 -1 -1 8 -1 1 1 3 3 3 3 8 8 -1 2 8 8 8 -1 
8 8 -1 8 -1 -1 8 -1 8 8 -1 3 1 9 1 8 8 8 8 8 
8 8 8 8 -1 8 8 8 1 8 1 -1 -1 9 1 8 8 8 8 8 
8 8 8 8 8 8 1 -1 1 1 8 8 -1 1 1 8 8 8 8 8 
-1 8 -1 8 8 8 40 -1 -1 3 1 -1 1 -1 8 -1 8 8 8 -1 
8 -1 8 8 8 -1 40 2 -1 -1 -1 8 8 -1 8 -1 -1 8 8 -1 
-1 -1 -1 8 -1 8 2 8 -1 -1 -1 -1 8 1 8 -1 -1 -1 8 8 
-1 -1 -1 8 8 -1 8 -1 -1 8 8 8 8 1 -1 8 -1 8 -1 -1 
-1 8 -1 8 8 -1 -1 8 8 1 8 8 1 -1 -1 -1 -1 -1 -1 -1 
8 8 -1 -1 8 -1 6 8 1 1 1 1 1 1 8 8 -1 8 -1 -1 
8 -1 -1 8 8 -1 6 -1 -1 1 -1 1 1 1 1 -1 8 -1 -1 -1 
-1 8 -1 -1 8 6 6 2 2 1 1 1 1 1 1 1 -1 -1 -1 8 
8 -1 -1 8 6 -1 6 2 2 8 1 8 1 8 -1 1 1 -1 -1 8 
-1 -1 -1 -1 8 8 2 2 -1 8 8 8 1 8 1 -1 -1 -1 -1 8 
6 8 -1 8 8 -1 2 2 -1 8 8 8 -1 8 8 1 8 -1 2 2 
8 -1 8 8 8 2 8 -1 -1 -1 2 2 2 2 8 -1 8 8 8 6 
-1 8 -1 8 8 8 2 2 8 8 2 2 2 8 8 -1 8 8 8 -1 
-1 2 -1 -1 -1 2 2 8 2 -1 2 -1 2 -1 8 8 8 -1 8 8 
-1 -1 2 -1 -1 1 1 -1 -1 2 3 2 8 8 2 8 -1 8 -1 8 
6 6 3 3 -1 40 40 1 -1 -1 8 -1 9 -1 9 8 8 -1 6 6 
-1 -1 -1 -1 -1 40 40 1 9 9 9 9 -1 9 9 -1 8 8 -1 6 
-1 -1 -1 -1 -1 40 40 1 -1 11 -1 -1 9 9 8 8 9 8 8 -1 
-1 -1 -1 1 -1 -1 1 1 -1 11 9 -1 9 9 9 8 8 8 -1 8 
-1 -1 40 8 1 -1 1 -1 11 1 11 9 -1 -1 -1 -1 8 -1 -1 -1 
8 1 40 40 -1 1 1 1 -1 2 -1 1 1 1 -1 -1 -1 -1 -1 8 
-1 40 1 -1 -1 1 1 -1 2 1 8 -1 8 1 1 -1 -1 -1 8 8 
40 -1 -1 -1 -1 -1 -1 1 1 1 -1 8 8 8 -1 1 8 -1 8 8 
8 8 -1 -1 1 1 1 -1 1 1 -1 -1 8 8 1 -1 8 8 8 8 
8 8 -1 -1 40 1 1 1 -1 1 1 8 8 -1 8 8 -1 8 8 -1 
8 8 -1 -1 -1 -1 -1 -1 1 1 -1 8 -1 -1 -1 8 -1 8 -1 8 
8 -1 8 -1 -1 -1 -1 8 8 -1 1 8 -1 8 8 8 8 -1 -1 8 
-1 8 8 8 8 -1 -1 -1 8 8 8 -1 -1 8 8 1 1 -1 -1 -1 
-1 -1 8 8 8 8 8 -1 -1 8 -1 -1 8 -1 8 -1 1 -1 -1 -1 
-1 -1 -1 -1 8 8 8 8 -1 -1 -1 8 8 -1 8 8 1 -1 -1 -1 
-1 -1 -1 -1 -1 -1 8 -1 -1 -1 8 8 8 -1 8 8 -1 -1 -1 -1 
-1 -1 1 -1 3 -1 3 8 8 8 -1 8 8 8 8 8 8 -1 -1 -1 
-1 3 1 1 -1 3 3 8 8 -1 -1 8 -1 8 8 -1 8 8 -1 -1 
-1 3 1 1 3 8 3 1 1 -1 -1 1 -1 8 8 -1 8 2 8 -1 
3 3 -1 3 -1 -1 1 -1 -1 -1 -1 8 9 8 8 8 8 6 6 6 
-1 -1 8 1 1 -1 -1 -1 -1 1 1 1 -1 -1 -1 -1 -1 1 -1 -1 
-1 8 8 -1 -1 1 -1 -1 -1 8 -1 1 -1 -1 -1 3 3 3 -1 -1 
8 -1 1 -1 -1 -1 -1 -1 -1 8 -1 -1 -1 -1 -1 -1 -1 -1 -1 -1 
1 1 1 1 -1 -1 -1 -1 -1 -1 -1 -1 -1 3 -1 -1 -1 -1 -1 -1 
1 1 1 1 1 -1 -1 -1 8 8 -1 -1 -1 -1 3 -1 -1 -1 -1 1 
1 1 8 -1 1 8 1 -1 -1 8 -1 -1 -1 8 -1 8 8 -1 -1 -1 
-1 1 8 -1 -1 8 -1 -1 8 8 8 8 2 8 -1 8 8 8 -1 -1 
-1 1 -1 -1 8 8 -1 -1 8 8 8 -1 -1 -1 -1 -1 -1 8 -1 -1 
-1 -1 8 8 -1 8 -1 8 8 8 1 8 8 -1 -1 -1 -1 -1 -1 -1 
-1 -1 8 8 8 8 8 -1 -1 -1 8 1 8 -1 -1 -1 -1 -1 -1 -1 
8 8 8 8 8 8 8 -1 -1 8 -1 -1 -1 -1 -1 -1 -1 -1 -1 8 
8 8 8 8 -1 8 8 -1 8 8 -1 -1 -1 -1 -1 -1 -1 -1 -1 -1 
8 8 -1 8 8 8 8 8 8 8 8 -1 8 1 -1 -1 -1 -1 -1 8 
8 8 -1 -1 8 8 8 8 8 8 -1 1 1 -1 1 1 -1 -1 -1 -1 
8 -1 -1 8 8 8 8 8 8 -1 1 1 1 -1 1 8 -1 -1 8 8 
8 8 8 8 8 8 8 8 8 1 1 1 1 1 8 8 -1 -1 -1 9 
8 -1 8 8 8 8 8 8 8 8 1 1 1 1 -1 -1 -1 -1 8 8 
-1 -1 -1 8 8 -1 8 8 1 1 1 1 1 1 1 -1 -1 -1 8 8 
-1 -1 8 -1 -1 -1 8 -1 8 8 1 -1 1 1 1 -1 -1 -1 8 -1 
-1 8 8 -1 -1 -1 -1 8 8 1 1 -1 -1 -1 1 1 -1 8 8 -1 
8 8 8 -1 1 8 8 8 8 8 -1 8 8 -1 8 8 -1 -1 -1 2 
2 8 8 -1 8 8 -1 8 8 8 8 8 -1 8 8 8 8 8 -1 -1 
8 -1 8 8 8 8 -1 -1 8 8 8 -1 -1 8 8 8 8 8 8 8 
8 8 8 -1 -1 8 8 8 8 1 8 8 -1 -1 -1 8 8 8 -1 8 
8 8 -1 -1 8 -1 -1 8 1 -1 -1 8 8 -1 8 -1 8 -1 -1 8 
-1 -1 -1 -1 -1 -1 -1 -1 -1 1 1 -1 8 8 8 8 8 -1 8 8 
9 9 -1 -1 -1 -1 -1 -1 -1 1 1 -1 -1 8 -1 8 8 -1 8 9 
8 -1 -1 -1 -1 -1 -1 8 -1 1 1 -1 -1 8 8 8 8 8 8 8 
-1 -1 -1 -1 -1 -1 -1 8 8 8 -1 8 -1 8 8 8 -1 8 8 8 
-1 8 -1 -1 -1 -1 -1 8 8 8 8 8 8 8 8 8 8 8 8 8 
8 -1 -1 8 -1 -1 -1 -1 8 -1 -1 8 8 -1 8 8 8 8 8 8 
-1 -1 8 8 -1 8 -1 -1 -1 -1 8 8 -1 8 8 8 8 8 -1 -1 
-1 -1 40 8 8 -1 8 -1 -1 8 8 8 8 8 8 -1 -1 -1 8 8 
-1 -1 -1 8 -1 -1 8 -1 9 -1 8 8 -1 8 8 -1 -1 1 1 -1 
1 8 8 8 8 8 -1 -1 -1 9 8 -1 8 8 -1 8 8 -1 8 1 
8 8 -1 -1 8 8 -1 -1 9 -1 -1 -1 -1 8 -1 -1 8 8 -1 -1 
-1 -1 -1 8 8 8 -1 -1 8 -1 8 -1 8 -1 8 8 8 8 -1 -1 
8 8 8 8 8 8 -1 8 -1 -1 8 8 -1 8 -1 8 8 -1 -1 8 
8 8 8 8 8 -1 8 -1 8 -1 -1 8 -1 8 8 -1 8 8 -1 8 
8 8 8 8 -1 -1 8 8 8 -1 8 8 8 -1 -1 8 8 -1 8 -1 
1 -1 -1 -1 -1 -1 -1 -1 1 1 1 1 1 1 1 -1 1 -1 1 -1 
-1 -1 -1 -1 -1 -1 -1 -1 1 -1 1 1 -1 1 1 1 -1 1 1 -1 
-1 -1 -1 -1 -1 -1 -1 -1 -1 -1 1 1 1 -1 1 -1 1 1 -1 -1 
-1 -1 -1 -1 -1 -1 -1 -1 -1 -1 -1 1 -1 -1 1 1 1 1 -1 -1 
-1 -1 -1 -1 -1 -1 -1 -1 -1 -1 -1 -1 -1 1 1 1 -1 1 -1 -1 
-1 -1 -1 -1 -1 -1 -1 -1 -1 -1 -1 -1 -1 -1 1 -1 -1 -1 -1 -1 
-1 -1 -1 -1 -1 -1 -1 -1 -1 -1 -1 -1 -1 -1 -1 -1 -1 -1 -1 -1 
-1 -1 -1 -1 -1 -1 -1 -1 -1 -1 -1 -1 -1 1 1 -1 -1 -1 -1 -1 
-1 -1 -1 -1 -1 -1 -1 -1 -1 -1 -1 -1 -1 1 1 1 1 1 -1 -1 
-1 -1 -1 -1 -1 -1 -1 -1 -1 -1 -1 -1 1 1 -1 1 1 1 -1 -1 
-1 -1 -1 -1 -1 -1 -1 -1 -1 -1 -1 -1 1 1 1 1 -1 -1 -1 -1 
-1 -1 -1 -1 -1 -1 -1 -1 -1 -1 -1 1 1 1 1 1 -1 -1 -1 -1 
-1 -1 -1 -1 -1 -1 -1 -1 -1 -1 1 1 -1 -1 -1 -1 -1 -1 1 1 
-1 1 -1 -1 -1 -1 -1 -1 -1 -1 1 1 -1 -1 -1 -1 1 1 -1 -1 
1 -1 1 -1 -1 -1 -1 -1 -1 -1 -1 -1 -1 -1 -1 -1 1 1 1 1 
-1 1 -1 -1 -1 -1 -1 -1 -1 -1 1 1 -1 -1 1 1 -1 1 1 1 
-1 -1 -1 -1 -1 -1 -1 -1 -1 1 1 -1 -1 -1 1 1 1 1 1 -1 
-1 8 8 -1 -1 -1 1 -1 -1 -1 1 -1 -1 -1 1 1 1 1 -1 -1 
-1 8 8 -1 -1 -1 -1 1 -1 1 -1 -1 -1 -1 -1 1 1 1 -1 -1 
-1 -1 -1 -1 -1 -1 -1 -1 1 1 -1 1 1 -1 -1 1 1 1 -1 1 
-1 -1 -1 40 40 -1 40 40 40 40 40 40 -1 -1 -1 -1 -1 -1 -1 -1 
-1 -1 -1 40 40 40 1 40 40 40 40 40 -1 -1 -1 -1 -1 -1 -1 -1 
-1 -1 40 -1 -1 8 -1 40 40 40 40 -1 -1 -1 -1 -1 -1 -1 -1 -1 
-1 -1 -1 -1 -1 -1 1 -1 40 -1 -1 40 -1 -1 -1 -1 -1 -1 -1 -1 
-1 -1 -1 -1 -1 -1 -1 40 2 -1 2 -1 -1 -1 -1 -1 -1 -1 -1 -1 
-1 -1 -1 -1 -1 -1 -1 1 -1 2 2 -1 -1 -1 -1 -1 -1 -1 -1 -1 
-1 -1 -1 -1 -1 -1 -1 1 1 1 1 1 -1 -1 -1 -1 -1 -1 -1 -1 
-1 -1 -1 -1 -1 -1 1 1 1 1 1 8 8 -1 -1 -1 -1 -1 -1 -1 
-1 -1 8 8 -1 -1 1 1 -1 1 1 1 8 8 -1 -1 -1 8 8 8 
-1 -1 -1 -1 8 -1 -1 -1 1 1 1 1 -1 -1 -1 -1 -1 8 8 8 
8 -1 -1 -1 -1 8 -1 -1 -1 -1 -1 -1 -1 -1 -1 -1 2 -1 -1 8 
8 8 -1 -1 -1 -1 -1 -1 -1 -1 -1 -1 -1 -1 1 1 -1 2 -1 -1 
-1 -1 -1 -1 -1 -1 -1 -1 -1 -1 -1 -1 -1 -1 -1 -1 1 -1 -1 -1 
-1 -1 -1 -1 -1 -1 -1 -1 -1 -1 -1 -1 -1 -1 -1 -1 -1 -1 -1 -1 
-1 -1 -1 -1 -1 -1 -1 -1 1 -1 -1 -1 -1 -1 -1 -1 -1 -1 -1 -1 
-1 -1 -1 -1 -1 -1 -1 -1 1 -1 -1 -1 -1 -1 -1 -1 -1 -1 -1 -1 
-1 -1 -1 -1 -1 -1 -1 1 1 -1 -1 -1 -1 -1 -1 -1 -1 -1 -1 -1 
-1 -1 -1 -1 -1 -1 -1 1 -1 -1 -1 -1 -1 -1 -1 -1 -1 -1 -1 -1 
-1 -1 -1 -1 -1 40 -1 40 40 -1 40 40 -1 -1 -1 -1 -1 -1 -1 -1 
-1 -1 -1 40 40 -1 40 40 40 40 40 -1 -1 -1 -1 -1 -1 -1 -1 -1 
-1 -1 -1 -1 40 8 8 8 8 8 8 8 8 -1 8 8 8 -1 -1 8 
-1 -1 2 3 8 8 -1 8 3 2 8 -1 8 -1 -1 8 8 -1 8 -1 
-1 2 9 -1 -1 -1 8 8 8 8 8 -1 -1 3 3 -1 8 -1 2 -1 
2 -1 -1 9 -1 8 3 3 8 8 8 3 3 3 3 3 3 3 -1 2 
2 -1 -1 -1 3 -1 3 3 8 8 8 3 3 -1 3 3 3 3 3 -1 
3 -1 3 3 40 40 2 40 40 8 8 8 8 -1 -1 3 3 3 3 3 
-1 3 3 3 3 8 40 -1 -1 8 8 3 -1 3 3 3 3 3 3 -1 
-1 9 9 3 3 40 40 40 8 8 3 3 3 3 3 40 3 2 1 1 
1 3 9 40 40 40 40 40 -1 40 3 3 3 3 40 3 3 2 1 1 
3 3 3 9 40 40 -1 40 40 40 40 3 3 -1 3 3 3 3 -1 -1 
3 9 3 -1 40 40 40 40 40 40 40 -1 -1 3 3 3 8 -1 -1 -1 
-1 9 8 40 40 40 -1 40 40 40 40 40 8 40 3 8 8 8 -1 -1 
3 8 40 40 8 -1 40 8 40 40 -1 8 40 40 40 40 8 8 -1 40 
8 8 8 40 -1 40 8 8 40 8 -1 8 8 40 40 8 8 8 -1 8 
8 8 40 40 -1 -1 40 40 40 8 8 8 -1 8 8 8 8 8 8 40 
-1 8 8 40 40 -1 40 -1 40 9 1 -1 8 8 8 8 8 -1 8 40 
8 8 -1 8 40 40 40 40 40 8 8 1 8 8 8 8 8 8 40 8 
8 8 40 -1 40 40 40 8 1 40 -1 8 8 -1 8 -1 8 40 40 8 
-1 40 40 40 -1 40 -1 8 8 8 -1 8 8 8 8 8 8 8 -1 -1 
-1 -1 40 40 8 8 40 8 8 8 8 8 8 8 1 8 8 8 8 -1 
3 3 8 8 8 -1 8 8 8 3 8 8 -1 8 3 -1 3 8 3 8 
3 3 8 8 -1 8 8 -1 8 3 3 8 8 2 -1 3 3 2 -1 -1 
3 -1 -1 -1 9 -1 -1 8 8 8 -1 8 8 2 2 2 -1 2 2 -1 
2 -1 -1 -1 8 8 -1 -1 8 8 -1 -1 2 2 -1 -1 -1 -1 -1 2 
2 2 -1 8 8 8 8 8 8 8 -1 -1 -1 -1 2 -1 -1 8 -1 -1 
-1 8 -1 8 8 8 8 8 -1 -1 8 8 8 2 8 -1 8 -1 8 2 
2 8 8 8 8 8 8 8 8 8 8 8 -1 8 8 8 -1 8 2 2 
8 2 -1 8 8 8 8 8 8 -1 -1 8 2 8 8 8 8 -1 -1 8 
-1 2 -1 8 8 8 8 8 8 -1 -1 2 8 8 8 8 1 -1 -1 2 
40 2 -1 8 8 8 8 8 8 -1 -1 -1 2 8 -1 -1 8 1 1 1 
8 2 8 8 8 8 8 8 8 8 8 8 8 8 8 -1 8 -1 1 -1 
8 8 8 -1 8 2 8 -1 -1 2 8 8 8 8 8 8 8 1 8 1 
8 8 8 8 8 8 -1 2 2 8 3 8 8 8 -1 3 8 -1 1 8 
-1 8 -1 8 -1 -1 2 -1 8 2 9 3 3 8 8 3 3 8 8 8 
2 8 8 8 8 -1 -1 -1 -1 -1 9 9 8 3 3 2 8 3 8 2 
2 8 8 8 -1 8 3 2 8 9 9 9 9 3 -1 2 3 -1 8 8 
8 8 8 -1 -1 -1 2 2 3 8 -1 -1 -1 3 3 3 3 3 8 -1 
8 8 8 8 1 3 8 3 8 -1 -1 -1 8 8 3 3 3 3 2 8 
-1 8 -1 3 8 3 3 8 8 8 3 -1 -1 8 3 -1 3 8 2 9 
-1 3 8 -1 3 -1 -1 8 8 8 8 -1 -1 3 3 3 3 3 8 8 
2 -1 -1 -1 3 8 -1 1 -1 -1 -1 -1 -1 2 2 2 2 2 2 2 
-1 -1 -1 -1 2 2 -1 -1 -1 -1 -1 -1 -1 -1 -1 -1 2 2 -1 2 
2 -1 -1 2 2 2 -1 -1 -1 -1 -1 -1 -1 -1 -1 2 2 -1 -1 2 
-1 2 2 2 2 2 -1 -1 8 -1 -1 -1 -1 -1 2 -1 8 -1 2 2 
2 -1 2 -1 -1 2 -1 -1 8 -1 -1 -1 -1 -1 -1 8 8 -1 -1 2 
2 3 2 -1 2 -1 -1 -1 -1 -1 -1 1 1 1 8 -1 -1 -1 2 2 
2 3 3 2 7 -1 3 -1 2 2 2 1 1 8 8 8 -1 -1 -1 2 
-1 -1 3 7 7 3 2 -1 2 8 8 1 8 8 8 -1 -1 8 -1 -1 
-1 -1 -1 3 3 -1 2 2 2 8 8 8 8 8 8 8 8 -1 8 -1 
8 8 3 8 -1 -1 2 2 8 8 -1 -1 8 8 -1 -1 8 8 8 8 
8 8 8 8 8 8 2 2 2 8 8 8 8 8 8 -1 8 3 -1 8 
8 -1 8 8 8 2 -1 -1 2 8 8 8 8 -1 8 -1 8 8 8 -1 
8 8 -1 8 8 -1 10 2 2 -1 8 8 8 8 8 8 8 2 -1 8 
8 8 -1 8 -1 10 2 2 2 -1 -1 8 8 8 8 8 8 -1 2 2 
2 8 8 8 8 8 8 2 2 2 -1 -1 8 8 8 8 -1 2 -1 2 
-1 8 8 3 8 8 8 8 8 8 -1 -1 -1 -1 2 -1 -1 -1 -1 -1 
-1 8 -1 8 -1 -1 -1 8 8 8 8 -1 2 -1 -1 -1 -1 -1 -1 2 
2 -1 8 8 8 8 8 3 8 -1 2 2 -1 8 8 -1 -1 2 2 2 
-1 -1 -1 3 8 -1 3 8 1 -1 -1 -1 8 3 2 2 2 2 2 -1 
2 -1 -1 3 -1 -1 8 -1 1 -1 -1 -1 8 2 2 2 2 2 2 2 
2 2 -1 8 8 8 -1 -1 8 8 2 2 2 -1 2 2 -1 2 2 -1 
1 1 -1 -1 -1 -1 -1 9 8 1 2 2 2 2 2 2 2 2 2 2 
2 2 -1 -1 -1 -1 9 8 2 2 1 8 -1 2 -1 2 2 2 -1 2 
2 -1 -1 -1 -1 -1 -1 8 2 2 2 2 2 2 2 2 -1 -1 8 1 
1 -1 -1 -1 2 -1 -1 8 8 2 2 2 2 2 2 2 2 2 2 8 
1 -1 -1 2 -1 2 8 8 -1 2 2 2 -1 2 2 2 2 2 8 8 
8 -1 2 2 -1 -1 8 8 -1 2 2 2 2 -1 2 -1 2 2 2 1 
-1 8 8 -1 -1 -1 -1 8 8 2 -1 2 -1 2 2 2 -1 -1 2 -1 
8 8 8 8 -1 -1 8 8 8 2 2 -1 -1 -1 -1 -1 -1 -1 -1 -1 
-1 8 8 8 -1 8 8 -1 40 2 2 -1 -1 -1 -1 -1 -1 -1 -1 -1 
-1 -1 1 1 -1 -1 8 8 8 8 -1 -1 -1 -1 -1 -1 -1 -1 3 3 
3 1 1 -1 1 1 8 8 8 -1 8 -1 -1 -1 -1 8 -1 3 3 -1 
3 3 1 1 1 8 8 8 -1 8 -1 -1 -1 -1 -1 -1 -1 40 3 3 
3 -1 3 1 -1 -1 8 3 -1 -1 -1 -1 -1 3 3 3 40 -1 -1 3 
3 -1 -1 -1 -1 -1 -1 3 3 -1 -1 -1 -1 -1 3 3 3 3 3 3 
-1 -1 -1 -1 -1 -1 -1 3 3 3 -1 -1 -1 3 -1 3 3 3 7 3 
7 8 -1 -1 -1 -1 -1 -1 3 -1 -1 -1 -1 -1 -1 8 3 3 7 7 
8 8 -1 -1 -1 -1 -1 -1 3 3 -1 -1 -1 -1 8 8 3 3 3 8 
-1 -1 -1 -1 -1 -1 -1 8 -1 -1 -1 -1 -1 -1 -1 -1 -1 3 -1 8 
-1 2 -1 8 -1 -1 -1 8 8 8 -1 2 -1 -1 2 -1 -1 -1 -1 8 
-1 -1 -1 40 -1 -1 -1 -1 -1 1 -1 -1 -1 -1 40 -1 -1 40 1 -1 
2 -1 40 40 -1 -1 -1 2 2 -1 -1 -1 -1 40 -1 -1 -1 -1 -1 1 
-1 -1 -1 -1 -1 -1 2 -1 2 3 3 -1 -1 -1 -1 -1 -1 -1 -1 1 
-1 -1 -1 -1 -1 -1 -1 -1 3 3 3 -1 8 -1 -1 -1 -1 -1 8 8 
8 -1 -1 -1 -1 -1 -1 -1 3 3 3 3 -1 -1 -1 -1 -1 -1 8 -1 
-1 -1 -1 -1 2 -1 -1 -1 -1 -1 -1 -1 -1 -1 -1 -1 -1 -1 8 8 
-1 -1 -1 -1 2 -1 -1 -1 -1 -1 -1 -1 -1 -1 -1 -1 -1 -1 8 8 
-1 -1 -1 2 2 -1 -1 -1 -1 -1 -1 -1 -1 -1 -1 -1 -1 8 -1 8 
8 -1 -1 -1 -1 -1 -1 -1 -1 -1 -1 -1 -1 -1 -1 -1 -1 -1 -1 8 
-1 -1 -1 -1 2 -1 -1 -1 -1 -1 -1 -1 -1 -1 -1 -1 -1 -1 -1 -1 
8 3 -1 -1 -1 -1 -1 -1 -1 -1 -1 -1 -1 -1 -1 -1 -1 -1 -1 -1 
8 -1 -1 -1 -1 -1 -1 -1 -1 -1 -1 -1 -1 -1 -1 -1 -1 -1 -1 -1 
-1 -1 8 -1 -1 -1 -1 -1 -1 -1 -1 -1 -1 3 1 3 3 -1 -1 -1 
-1 -1 -1 8 -1 -1 -1 -1 -1 -1 -1 -1 -1 1 -1 -1 -1 -1 -1 -1 
-1 -1 -1 -1 -1 -1 -1 -1 -1 -1 -1 1 1 -1 40 40 -1 -1 -1 -1 
8 -1 -1 -1 -1 -1 -1 -1 -1 -1 -1 -1 -1 1 40 2 -1 -1 -1 -1 
-1 -1 -1 -1 -1 -1 -1 -1 -1 -1 -1 8 -1 40 40 -1 2 -1 -1 -1 
-1 8 8 -1 -1 -1 -1 -1 -1 -1 -1 -1 8 40 40 -1 40 2 -1 -1 
-1 -1 -1 40 -1 -1 -1 -1 -1 -1 -1 -1 8 8 40 40 -1 -1 -1 -1 
-1 -1 40 40 -1 -1 -1 -1 -1 -1 -1 -1 -1 -1 -1 40 40 -1 -1 -1 
2 2 8 8 8 1 8 8 8 2 2 9 9 2 2 2 2 2 2 40 
2 8 2 8 8 8 1 8 8 8 2 9 9 -1 2 2 2 2 2 2 
8 8 8 8 8 8 8 8 8 8 2 8 -1 2 2 8 2 2 2 2 
8 2 2 8 8 8 8 8 8 8 8 2 8 8 8 8 2 2 2 2 
2 2 8 8 -1 8 8 8 8 3 8 2 2 2 -1 8 2 2 2 2 
2 2 8 2 3 8 8 8 8 8 8 2 2 8 8 2 2 2 -1 2 
2 2 2 2 -1 -1 -1 8 8 8 8 8 8 8 8 2 2 -1 -1 -1 
8 8 8 2 2 8 8 -1 8 8 8 8 8 2 -1 2 -1 2 -1 2 
8 8 2 8 2 8 8 8 8 8 8 8 -1 2 2 2 2 -1 2 1 
1 2 -1 8 8 8 -1 8 -1 8 8 -1 2 2 -1 -1 2 2 1 2 
1 -1 -1 8 8 8 8 8 8 -1 1 -1 8 -1 2 9 -1 -1 2 2 
1 3 -1 8 8 -1 8 8 -1 1 1 -1 8 -1 -1 9 -1 8 -1 2 
2 -1 3 9 8 -1 8 8 1 1 8 8 -1 -1 9 9 40 8 8 -1 
-1 8 8 3 8 8 8 1 8 8 8 8 -1 2 2 40 40 -1 1 -1 
2 8 8 3 8 8 8 -1 8 8 1 8 -1 2 2 40 40 2 -1 -1 
-1 2 8 -1 -1 -1 -1 1 1 1 1 1 8 -1 40 2 40 -1 40 40 
2 8 -1 -1 8 -1 1 1 1 1 1 8 1 40 40 -1 2 40 40 -1 
-1 2 8 8 8 8 8 8 -1 1 1 1 -1 40 40 40 40 40 40 -1 
2 2 2 8 8 8 -1 8 8 8 1 8 40 40 2 -1 40 40 2 2 
2 8 8 8 8 1 1 8 8 -1 8 8 40 2 2 2 2 2 40 2 
-1 -1 -1 -1 -1 1 1 -1 -1 2 2 -1 2 -1 -1 2 2 2 2 -1 
-1 -1 -1 -1 -1 -1 -1 -1 -1 -1 2 -1 2 -1 6 -1 2 2 2 -1 
2 -1 -1 1 -1 2 -1 -1 -1 -1 2 2 2 6 -1 6 6 1 -1 2 
2 -1 1 1 -1 2 -1 2 -1 -1 -1 2 2 2 6 6 6 2 1 2 
-1 2 -1 2 2 1 2 -1 2 2 -1 2 2 2 2 2 6 1 6 2 
-1 -1 2 2 2 2 2 2 2 2 2 2 2 2 -1 2 2 6 2 2 
-1 2 2 2 2 -1 -1 -1 2 -1 -1 8 2 2 2 2 2 2 2 2 
2 -1 2 -1 2 2 2 2 -1 -1 8 8 2 2 2 2 2 2 -1 -1 
2 -1 2 2 2 2 -1 2 -1 8 8 8 8 -1 2 2 8 -1 -1 2 
-1 -1 8 -1 -1 -1 -1 2 -1 8 3 -1 -1 -1 2 2 -1 -1 -1 -1 
-1 8 8 -1 -1 -1 -1 -1 -1 8 8 -1 -1 -1 2 2 -1 2 2 -1 
-1 8 8 8 -1 -1 -1 -1 -1 8 2 -1 -1 -1 2 2 -1 2 2 -1 
8 8 8 8 4 4 -1 -1 1 -1 -1 -1 8 8 8 -1 -1 -1 -1 8 
8 8 -1 4 4 4 -1 -1 -1 -1 -1 8 -1 8 8 -1 -1 -1 -1 -1 
-1 -1 8 -1 -1 -1 -1 -1 -1 -1 -1 -1 -1 -1 -1 8 4 -1 -1 -1 
-1 -1 -1 -1 -1 -1 -1 -1 -1 -1 -1 -1 -1 -1 -1 -1 4 4 -1 4 
4 -1 -1 -1 -1 -1 -1 -1 -1 -1 -1 -1 -1 4 4 4 -1 4 4 4 
-1 4 -1 -1 -1 1 1 8 -1 -1 -1 -1 -1 4 4 -1 -1 2 4 -1 
-1 -1 -1 -1 1 8 8 -1 -1 -1 -1 -1 -1 -1 4 -1 -1 4 -1 -1 
-1 -1 -1 1 -1 1 1 1 -1 -1 -1 -1 -1 -1 -1 2 -1 -1 -1 -1 
-1 -1 -1 3 3 3 -1 3 -1 -1 2 -1 -1 -1 -1 -1 -1 -1 -1 -1 
-1 -1 -1 -1 3 -1 3 -1 3 2 2 -1 -1 -1 -1 -1 -1 -1 -1 -1 
-1 -1 -1 3 2 2 -1 -1 -1 2 1 1 -1 -1 -1 -1 -1 -1 -1 -1 
-1 3 3 -1 -1 -1 -1 -1 -1 -1 8 -1 -1 -1 -1 -1 -1 -1 -1 -1 
3 -1 -1 -1 -1 -1 3 -1 -1 -1 8 8 -1 -1 -1 -1 -1 6 6 -1 
-1 -1 -1 -1 -1 -1 -1 3 -1 -1 8 8 -1 -1 -1 -1 -1 -1 -1 -1 
-1 -1 -1 -1 -1 -1 -1 -1 -1 -1 8 -1 8 -1 -1 -1 -1 -1 -1 -1 
-1 -1 -1 -1 -1 -1 -1 -1 8 8 8 8 8 -1 -1 -1 -1 -1 -1 -1 
-1 -1 -1 -1 -1 -1 -1 8 8 8 8 8 8 -1 -1 -1 -1 -1 -1 -1 
-1 -1 -1 -1 -1 -1 -1 8 8 8 8 8 8 8 -1 -1 -1 -1 -1 -1 
-1 -1 -1 -1 -1 -1 -1 8 8 8 -1 -1 -1 -1 -1 -1 -1 -1 -1 -1 
-1 -1 -1 -1 -1 -1 -1 -1 8 -1 -1 -1 -1 -1 -1 -1 -1 -1 -1 -1 
-1 -1 -1 -1 -1 -1 -1 -1 3 -1 -1 -1 -1 -1 -1 -1 -1 -1 -1 -1 
-1 -1 -1 -1 -1 -1 -1 -1 -1 -1 3 -1 -1 -1 -1 1 -1 -1 -1 -1 
-1 -1 -1 -1 -1 -1 -1 -1 2 -1 3 3 -1 -1 1 1 1 1 -1 -1 
-1 -1 -1 -1 -1 -1 -1 -1 -1 2 3 -1 3 -1 -1 1 -1 1 -1 -1 
-1 -1 -1 -1 -1 -1 -1 -1 -1 -1 -1 3 -1 -1 -1 -1 -1 -1 -1 -1 
-1 -1 -1 -1 -1 -1 -1 -1 -1 -1 -1 -1 -1 -1 -1 -1 -1 -1 -1 -1 
-1 -1 -1 -1 3 -1 2 -1 -1 -1 -1 -1 -1 -1 -1 -1 -1 -1 -1 -1 
-1 -1 -1 3 -1 -1 -1 2 -1 -1 -1 -1 -1 -1 -1 -1 -1 -1 -1 -1 
-1 -1 -1 2 -1 -1 -1 -1 8 8 1 1 -1 -1 -1 -1 2 2 3 -1 
-1 -1 1 -1 2 2 1 -1 8 8 8 -1 1 -1 -1 -1 -1 2 3 3 
1 -1 1 2 1 1 1 8 -1 -1 -1 1 -1 -1 -1 -1 -1 -1 3 -1 
-1 1 -1 1 2 1 -1 -1 -1 -1 -1 -1 -1 -1 -1 -1 -1 -1 -1 1 
1 -1 6 6 -1 -1 8 8 -1 8 8 8 8 -1 -1 -1 -1 -1 1 -1 
-1 -1 -1 6 -1 -1 8 -1 1 1 8 8 8 8 -1 -1 -1 -1 -1 -1 
-1 -1 -1 -1 -1 -1 -1 -1 -1 8 8 8 8 8 -1 -1 -1 -1 -1 -1 
2 2 -1 1 -1 2 1 -1 -1 -1 8 8 8 8 -1 -1 -1 -1 -1 -1 
-1 -1 -1 -1 1 1 2 1 -1 8 8 8 -1 -1 -1 -1 -1 -1 -1 -1 
-1 -1 -1 1 -1 -1 -1 1 8 8 8 -1 -1 -1 -1 -1 -1 6 6 -1 
8 -1 -1 -1 -1 -1 3 3 3 -1 -1 -1 -1 -1 -1 6 6 -1 -1 -1 
8 -1 -1 -1 -1 -1 8 1 -1 -1 -1 -1 -1 -1 -1 -1 6 6 -1 8 
-1 -1 -1 -1 -1 8 -1 8 1 -1 -1 -1 -1 1 1 -1 -1 -1 -1 -1 
2 -1 -1 -1 -1 -1 -1 -1 1 -1 1 1 -1 -1 -1 8 -1 -1 -1 2 
-1 -1 -1 8 -1 -1 8 -1 -1 1 8 -1 1 -1 1 -1 -1 2 2 2 
-1 -1 -1 -1 8 8 8 8 8 8 -1 1 1 1 -1 -1 -1 -1 2 -1 
-1 -1 -1 8 8 8 8 8 8 8 8 -1 1 1 -1 -1 -1 -1 -1 2 
-1 -1 -1 -1 8 -1 8 -1 -1 8 8 8 -1 -1 1 -1 -1 -1 -1 2 
2 -1 -1 -1 -1 -1 -1 -1 8 8 -1 -1 -1 -1 -1 -1 -1 2 2 -1 
-1 -1 -1 -1 -1 -1 -1 -1 -1 8 1 1 -1 -1 -1 -1 -1 2 -1 -1 
-1 -1 -1 -1 -1 -1 40 -1 8 -1 -1 -1 -1 2 1 -1 -1 -1 6 -1 
-1 -1 -1 -1 -1 -1 1 8 -1 -1 -1 -1 2 2 2 -1 -1 -1 8 6 
-1 1 -1 -1 -1 -1 1 -1 8 -1 -1 -1 -1 2 -1 -1 -1 8 -1 8 
-1 1 1 1 1 1 -1 -1 -1 -1 -1 -1 2 -1 -1 8 -1 8 8 8 
-1 -1 1 1 1 1 -1 -1 8 -1 -1 -1 -1 -1 -1 8 8 1 8 8 
-1 -1 -1 8 8 -1 1 1 8 -1 -1 -1 -1 -1 -1 -1 -1 -1 8 -1 
-1 -1 8 8 8 8 1 8 8 8 -1 -1 -1 -1 -1 -1 -1 -1 -1 -1 
-1 -1 8 8 8 8 8 8 8 8 8 -1 -1 -1 8 -1 -1 -1 -1 -1 
-1 -1 1 1 8 8 8 8 8 8 -1 -1 -1 -1 -1 -1 -1 -1 -1 -1 
-1 1 1 -1 -1 8 1 8 8 -1 -1 -1 -1 -1 -1 -1 -1 -1 -1 -1 
-1 1 1 8 8 8 8 8 -1 -1 -1 -1 -1 -1 -1 -1 1 -1 -1 -1 
-1 -1 -1 -1 8 8 9 -1 -1 -1 -1 1 -1 -1 -1 -1 1 1 -1 -1 
-1 1 1 -1 -1 1 -1 -1 -1 -1 -1 -1 1 -1 -1 -1 2 1 1 -1 
-1 -1 -1 1 1 -1 -1 -1 -1 -1 1 1 1 1 1 2 2 2 -1 -1 
-1 -1 -1 1 1 1 -1 -1 1 -1 1 8 1 1 1 -1 2 -1 1 1 
-1 -1 -1 -1 -1 1 -1 -1 1 -1 8 8 1 1 1 1 -1 1 1 1 
-1 -1 -1 -1 1 1 -1 1 -1 1 8 8 1 1 1 1 1 -1 1 1 
-1 -1 -1 -1 1 -1 1 -1 -1 -1 1 1 1 -1 1 -1 -1 -1 -1 -1 
-1 -1 -1 -1 -1 -1 40 8 8 -1 -1 1 -1 1 1 -1 -1 9 -1 -1 
-1 -1 -1 -1 -1 40 8 8 8 -1 1 -1 2 -1 1 -1 -1 -1 -1 -1 
-1 9 -1 -1 -1 -1 2 -1 8 8 8 -1 8 -1 8 1 8 -1 -1 -1 
-1 -1 -1 -1 2 2 -1 -1 -1 -1 8 8 -1 -1 -1 1 1 8 8 8 
8 -1 -1 -1 2 -1 -1 -1 -1 -1 8 -1 9 9 9 8 8 8 -1 -1 
-1 -1 -1 -1 -1 -1 -1 -1 -1 -1 8 8 8 8 2 8 2 -1 -1 -1 
1 1 -1 2 2 -1 -1 -1 -1 -1 -1 -1 -1 2 2 2 -1 -1 -1 -1 
1 1 -1 1 -1 2 -1 -1 -1 -1 -1 -1 -1 8 2 -1 2 -1 -1 1 
1 -1 1 -1 -1 2 2 1 -1 -1 -1 -1 -1 8 2 2 -1 -1 1 1 
9 1 -1 -1 -1 -1 -1 1 1 1 -1 -1 8 -1 2 2 -1 -1 1 9 
-1 8 1 1 1 1 -1 1 1 -1 -1 8 -1 8 8 8 -1 8 8 3 
-1 -1 -1 1 1 1 1 -1 1 1 1 -1 -1 8 -1 -1 8 -1 -1 -1 
-1 -1 -1 -1 1 1 1 1 -1 1 -1 1 8 8 -1 -1 8 8 -1 -1 
8 8 -1 8 8 8 1 1 -1 -1 -1 8 8 -1 -1 8 8 -1 -1 8 
-1 -1 -1 8 -1 1 -1 -1 5 8 8 8 8 8 8 8 8 -1 8 8 
1 1 -1 8 1 -1 1 1 1 5 5 8 8 -1 8 8 8 -1 1 1 
1 -1 -1 8 -1 1 1 1 1 -1 5 8 8 -1 -1 8 8 -1 1 -1 
1 -1 -1 -1 -1 -1 1 1 1 1 -1 1 1 -1 -1 -1 -1 -1 -1 -1 
-1 -1 -1 -1 -1 -1 -1 1 1 1 1 1 -1 -1 1 -1 -1 1 -1 9 
1 -1 -1 8 -1 -1 -1 1 1 1 -1 -1 -1 -1 1 1 1 -1 9 -1 
8 9 8 -1 -1 -1 -1 -1 1 -1 -1 1 -1 8 1 1 -1 -1 -1 -1 
8 8 8 8 -1 2 -1 -1 -1 8 -1 1 8 8 -1 1 -1 -1 -1 -1 
-1 8 8 8 1 1 1 1 1 1 1 1 -1 1 1 -1 -1 -1 8 8 
-1 -1 -1 -1 1 -1 1 1 1 1 1 -1 1 -1 -1 8 8 8 8 8 
-1 1 -1 -1 -1 3 -1 -1 -1 1 1 1 1 -1 -1 3 8 8 8 8 
8 -1 -1 -1 -1 3 3 3 8 -1 8 -1 1 3 3 -1 8 -1 -1 8 
9 9 -1 -1 -1 3 3 -1 -1 8 1 -1 -1 3 -1 3 -1 8 -1 8 
9 9 8 8 8 2 2 -1 8 1 1 1 -1 -1 -1 3 3 3 -1 8 
-1 -1 8 8 8 8 -1 8 8 1 1 1 -1 8 -1 3 3 3 3 -1 
-1 8 8 8 8 8 8 -1 8 8 1 -1 -1 8 3 -1 -1 3 3 3 
8 8 8 8 8 8 -1 -1 8 8 -1 8 8 8 8 -1 8 -1 -1 8 
8 8 -1 -1 8 -1 -1 8 -1 8 8 8 8 8 -1 8 8 8 8 8 
9 -1 -1 8 -1 -1 -1 -1 8 -1 -1 -1 -1 -1 3 -1 8 8 8 9 
8 9 8 8 9 -1 -1 -1 -1 8 8 -1 8 -1 -1 -1 -1 -1 8 8 
8 -1 8 8 -1 -1 -1 -1 8 8 8 8 1 8 -1 -1 -1 -1 8 8 
-1 -1 8 8 8 -1 -1 8 -1 -1 8 -1 -1 1 -1 -1 -1 -1 8 8 
-1 -1 8 8 -1 -1 2 8 8 -1 8 8 1 -1 1 1 1 -1 -1 -1 
8 -1 -1 -1 -1 -1 2 8 -1 8 8 1 -1 -1 1 1 1 1 1 -1 
8 8 -1 -1 -1 -1 1 -1 -1 -1 1 -1 1 -1 1 -1 1 1 8 -1 
8 8 -1 -1 -1 -1 -1 1 8 -1 1 -1 -1 1 -1 -1 1 1 -1 8 
-1 8 8 -1 -1 -1 1 -1 1 1 1 1 -1 -1 -1 -1 -1 -1 8 -1 
8 -1 -1 1 -1 -1 1 1 -1 -1 1 1 -1 1 8 -1 -1 8 -1 8 
8 8 -1 8 8 8 -1 -1 -1 8 1 -1 -1 -1 6 -1 8 8 8 8 
-1 8 8 -1 8 8 -1 -1 -1 2 1 -1 -1 1 1 8 8 8 8 8 
8 8 -1 -1 -1 -1 -1 -1 2 -1 2 1 9 9 8 8 8 8 -1 -1 
8 2 2 3 3 -1 2 2 2 -1 -1 -1 -1 -1 -1 8 8 -1 -1 -1 
-1 -1 -1 -1 -1 2 2 2 -1 2 -1 -1 -1 -1 -1 -1 -1 -1 -1 -1 
-1 40 40 -1 8 -1 2 -1 2 2 -1 -1 -1 -1 -1 -1 9 9 -1 -1 
1 40 40 -1 -1 -1 -1 2 -1 -1 2 2 -1 8 -1 -1 -1 -1 -1 -1 
1 40 6 -1 -1 -1 10 -1 -1 -1 6 -1 8 -1 8 -1 -1 6 1 1 
-1 6 6 6 -1 8 10 8 40 8 8 40 40 8 -1 6 6 1 6 -1 
6 6 6 6 6 8 -1 -1 40 -1 8 8 -1 -1 40 8 40 -1 6 6 
6 6 6 6 8 8 -1 40 40 8 8 -1 -1 -1 -1 40 40 8 6 8 
-1 6 6 8 8 8 1 1 40 1 8 -1 8 40 8 1 1 6 -1 -1 
3 -1 6 -1 8 1 1 1 1 40 40 8 40 1 40 8 8 6 6 3 
-1 3 6 8 8 1 1 1 1 40 6 8 -1 -1 -1 1 8 8 -1 3 
-1 6 1 1 1 1 -1 -1 -1 1 1 6 -1 -1 -1 8 8 8 -1 1 
1 6 1 9 9 1 -1 -1 -1 1 1 -1 6 -1 -1 8 -1 8 1 -1 
-1 8 9 -1 9 -1 1 1 1 -1 -1 -1 -1 -1 8 -1 -1 -1 8 -1 
8 8 8 8 -1 -1 9 9 1 8 8 -1 40 6 -1 8 8 8 8 8 
-1 8 8 8 -1 -1 1 -1 1 -1 8 8 6 40 -1 8 -1 8 8 8 
-1 8 8 8 8 -1 1 1 8 -1 8 40 6 6 -1 6 8 8 8 8 
-1 1 1 -1 -1 -1 -1 -1 -1 1 -1 -1 -1 -1 -1 -1 -1 1 -1 -1 
-1 -1 -1 2 -1 1 -1 -1 -1 -1 -1 -1 -1 -1 -1 -1 -1 -1 -1 -1 
-1 -1 -1 -1 1 -1 -1 1 1 1 1 1 -1 -1 -1 -1 -1 -1 -1 -1 
-1 -1 -1 -1 1 1 1 1 1 1 1 -1 -1 -1 -1 -1 1 1 -1 -1 
-1 -1 -1 1 1 1 1 1 -1 -1 1 1 -1 -1 -1 -1 1 8 -1 -1 
-1 -1 -1 1 1 1 -1 -1 -1 -1 -1 -1 -1 -1 -1 -1 -1 8 -1 8 
-1 -1 -1 -1 -1 -1 -1 -1 -1 -1 -1 -1 -1 -1 -1 -1 8 -1 8 -1 
-1 -1 -1 -1 -1 -1 -1 -1 -1 -1 -1 -1 -1 -1 -1 -1 -1 8 -1 -1 
-1 -1 -1 -1 -1 -1 -1 -1 -1 -1 -1 -1 -1 -1 -1 -1 -1 -1 -1 -1 
-1 -1 -1 -1 -1 -1 -1 -1 -1 -1 1 -1 -1 -1 1 -1 -1 -1 -1 -1 
-1 1 -1 -1 -1 -1 -1 -1 -1 -1 -1 -1 -1 1 -1 -1 -1 1 1 1 
1 1 1 -1 -1 -1 -1 -1 -1 -1 -1 -1 -1 -1 -1 -1 -1 1 1 1 
1 1 -1 -1 -1 -1 -1 -1 -1 -1 -1 -1 -1 -1 -1 -1 -1 1 1 1 
1 -1 -1 -1 -1 -1 -1 -1 -1 -1 -1 -1 -1 40 1 -1 1 1 1 1 
-1 8 -1 8 -1 -1 -1 -1 -1 -1 -1 -1 -1 -1 -1 1 1 1 1 -1 
1 -1 8 -1 8 -1 -1 -1 -1 -1 -1 -1 1 -1 1 1 1 1 1 -1 
1 1 8 8 -1 -1 -1 -1 -1 -1 -1 -1 1 1 1 1 -1 1 1 -1 
1 8 8 8 -1 -1 -1 -1 -1 1 -1 -1 -1 -1 -1 -1 -1 -1 1 1 
1 1 8 8 1 -1 -1 -1 1 1 1 -1 -1 -1 -1 -1 -1 -1 1 -1 
1 1 1 1 -1 -1 -1 -1 -1 -1 1 -1 -1 -1 -1 -1 1 -1 -1 -1 
-1 -1 -1 40 -1 1 -1 1 1 -1 -1 -1 -1 8 8 8 8 8 8 8 
-1 8 -1 -1 40 1 1 1 1 1 -1 -1 -1 -1 8 8 8 8 8 8 
-1 -1 8 -1 1 1 1 -1 1 1 1 1 -1 -1 -1 8 8 -1 -1 -1 
-1 -1 -1 -1 -1 -1 1 1 1 1 1 1 -1 1 -1 1 8 8 -1 -1 
-1 -1 -1 -1 -1 -1 -1 1 1 1 -1 1 1 1 1 1 8 -1 -1 -1 
-1 -1 -1 -1 -1 -1 1 1 1 1 1 1 1 -1 1 -1 -1 -1 -1 -1 
-1 -1 -1 -1 -1 1 -1 1 3 1 1 1 1 -1 -1 -1 -1 -1 -1 -1 
-1 -1 -1 -1 -1 -1 -1 -1 -1 -1 1 1 1 -1 -1 -1 -1 -1 -1 -1 
-1 -1 -1 -1 -1 -1 -1 -1 -1 -1 1 1 -1 -1 -1 -1 -1 -1 -1 -1 
-1 -1 -1 -1 -1 -1 -1 -1 -1 -1 -1 -1 -1 -1 -1 -1 -1 -1 -1 -1 
-1 -1 -1 -1 -1 -1 -1 -1 -1 -1 -1 -1 -1 -1 -1 -1 -1 -1 -1 -1 
-1 -1 -1 -1 -1 -1 -1 -1 -1 -1 -1 -1 -1 -1 -1 -1 -1 -1 -1 -1 
-1 -1 -1 -1 -1 -1 -1 -1 -1 -1 -1 -1 -1 -1 -1 -1 -1 -1 -1 -1 
-1 -1 -1 -1 -1 -1 -1 40 -1 -1 -1 -1 -1 -1 -1 -1 -1 -1 -1 -1 
-1 -1 1 -1 -1 -1 40 -1 -1 -1 -1 -1 -1 -1 -1 -1 -1 -1 -1 -1 
-1 -1 -1 40 40 40 -1 -1 -1 -1 -1 -1 -1 -1 -1 -1 -1 -1 -1 -1 
-1 -1 40 -1 -1 40 -1 -1 -1 -1 -1 -1 -1 -1 -1 -1 -1 -1 -1 -1 
-1 -1 -1 40 40 40 40 40 40 40 -1 -1 -1 -1 -1 -1 -1 8 8 -1 
-1 -1 -1 40 40 40 40 -1 40 -1 -1 -1 -1 8 -1 -1 -1 -1 8 8 
-1 -1 -1 40 40 40 3 1 -1 -1 -1 8 8 -1 8 8 8 -1 -1 -1 
1 -1 -1 -1 -1 8 8 8 -1 3 3 3 3 -1 3 3 8 -1 -1 8 
-1 8 8 -1 -1 -1 3 3 8 3 3 -1 -1 -1 -1 -1 8 1 8 8 
-1 8 -1 -1 -1 -1 3 3 3 8 3 -1 -1 3 -1 -1 -1 8 -1 8 
8 8 8 -1 -1 8 8 8 3 2 3 -1 8 3 -1 -1 -1 -1 -1 -1 
8 8 8 -1 -1 8 -1 8 8 -1 3 8 8 8 -1 -1 -1 -1 8 8 
8 8 8 8 8 -1 -1 -1 8 -1 -1 -1 -1 -1 -1 -1 -1 -1 -1 -1 
8 8 -1 -1 8 8 -1 -1 8 -1 8 -1 -1 -1 -1 -1 -1 -1 -1 8 
8 -1 -1 -1 -1 8 8 8 8 8 -1 8 -1 -1 8 8 8 -1 8 8 
-1 -1 -1 -1 -1 -1 8 -1 -1 -1 -1 -1 -1 -1 8 8 8 8 -1 -1 
-1 -1 -1 -1 -1 1 -1 -1 -1 -1 -1 -1 -1 -1 -1 -1 -1 -1 -1 1 
1 -1 -1 -1 -1 -1 -1 -1 8 8 -1 -1 -1 8 -1 -1 1 -1 8 -1 
1 -1 -1 -1 -1 1 -1 -1 -1 8 8 -1 -1 8 1 1 1 -1 -1 1 
1 -1 16 16 -1 -1 1 -1 -1 -1 -1 -1 3 -1 -1 -1 -1 -1 -1 1 
-1 1 -1 -1 -1 -1 -1 -1 -1 -1 -1 3 -1 -1 -1 -1 1 1 1 1 
1 -1 1 16 -1 -1 -1 1 1 -1 -1 -1 3 3 1 -1 1 1 -1 8 
8 -1 -1 16 -1 -1 -1 1 1 -1 -1 -1 -1 -1 1 -1 1 -1 1 1 
-1 8 16 -1 -1 -1 -1 1 1 1 -1 -1 3 3 1 -1 -1 -1 -1 8 
8 8 8 8 8 -1 -1 -1 8 8 3 -1 3 -1 3 3 -1 -1 -1 -1 
-1 8 -1 8 8 8 8 -1 -1 8 3 3 3 -1 3 3 -1 -1 -1 -1 
-1 -1 -1 -1 -1 -1 8 -1 -1 -1 3 3 3 -1 3 -1 3 -1 -1 -1 
-1 2 -1 8 8 -1 -1 -1 -1 -1 8 -1 8 8 8 8 -1 -1 1 8 
2 -1 -1 -1 -1 -1 -1 8 -1 -1 -1 8 -1 -1 -1 -1 -1 1 8 8 
-1 -1 1 -1 -1 -1 8 8 -1 -1 -1 -1 -1 -1 -1 -1 1 1 -1 1 
-1 -1 1 -1 -1 -1 -1 -1 -1 -1 8 -1 -1 -1 1 -1 1 1 -1 1 
1 1 -1 -1 -1 -1 1 -1 -1 -1 8 8 1 1 1 1 -1 1 1 -1 
-1 1 1 1 -1 1 -1 -1 -1 -1 -1 -1 -1 -1 -1 -1 1 1 -1 1 
1 1 -1 -1 -1 -1 -1 -1 -1 -1 -1 -1 -1 -1 1 1 -1 1 1 -1 
-1 -1 -1 -1 1 40 -1 -1 -1 -1 -1 -1 -1 1 1 1 1 1 -1 -1 
-1 -1 -1 40 40 1 -1 -1 -1 -1 -1 -1 1 1 -1 -1 -1 -1 -1 -1 
1 -1 -1 40 -1 -1 -1 -1 -1 -1 -1 -1 1 -1 -1 -1 -1 -1 -1 1 
-1 -1 40 40 -1 -1 -1 -1 -1 -1 -1 -1 -1 -1 2 3 -1 -1 1 -1 
-1 -1 -1 -1 40 -1 -1 -1 -1 -1 -1 -1 -1 -1 2 2 -1 -1 -1 -1 
-1 1 1 8 40 40 -1 -1 -1 -1 -1 -1 -1 -1 -1 -1 -1 9 8 -1 
1 1 8 8 8 40 -1 -1 -1 -1 1 1 -1 8 1 -1 -1 -1 8 -1 
8 -1 -1 8 8 8 -1 -1 1 -1 -1 -1 8 8 -1 1 8 8 8 8 
-1 8 8 8 8 8 -1 -1 -1 1 -1 -1 8 8 1 8 1 1 8 -1 
-1 8 8 8 8 8 8 -1 -1 1 -1 8 8 8 8 -1 1 8 -1 8 
-1 -1 -1 8 8 8 -1 8 -1 -1 8 8 8 8 8 -1 8 8 -1 8 
8 2 8 3 8 8 8 -1 -1 -1 8 -1 8 8 8 8 -1 8 8 8 
1 8 8 8 8 8 -1 -1 -1 -1 -1 8 -1 8 8 8 8 8 8 8 
8 8 8 8 8 -1 -1 8 8 2 3 3 -1 8 8 8 8 8 -1 8 
8 8 8 8 -1 8 8 8 8 3 8 8 -1 8 -1 2 8 8 8 8 
8 8 8 8 8 -1 -1 -1 -1 8 8 8 -1 2 2 8 8 8 -1 -1 
8 8 8 8 8 8 -1 8 8 8 8 8 8 -1 -1 8 8 -1 8 -1 
8 8 8 8 8 40 8 8 8 6 8 8 8 8 8 8 8 8 8 8 
8 -1 1 1 8 8 40 40 -1 8 1 -1 8 8 8 8 8 8 8 8 
-1 -1 1 1 8 9 8 8 8 8 8 8 -1 8 8 8 8 8 8 1 
-1 8 8 8 8 8 8 8 8 -1 8 8 8 8 8 8 8 8 8 -1 
8 8 -1 -1 1 8 8 8 8 8 8 8 8 8 8 2 2 1 8 8 
8 8 2 1 1 3 -1 -1 8 -1 8 8 2 2 -1 2 1 2 1 -1 
8 8 6 2 1 3 -1 2 8 8 -1 2 2 2 2 1 2 2 2 -1 
8 8 8 6 6 1 2 2 -1 -1 -1 2 2 2 3 2 2 2 -1 8 
8 8 8 -1 2 3 3 2 2 3 2 -1 2 3 2 2 -1 -1 -1 8 
8 2 8 2 2 3 3 -1 3 -1 2 -1 -1 2 2 2 -1 -1 -1 8 
8 8 -1 -1 3 2 3 2 8 8 -1 2 3 2 2 -1 1 1 8 8 
8 -1 8 3 8 8 3 -1 8 -1 9 -1 -1 1 2 2 1 8 8 8 
-1 8 8 8 8 -1 -1 -1 3 3 -1 1 1 3 2 2 2 2 2 8 
-1 -1 8 8 8 8 -1 -1 2 3 3 9 3 3 3 2 2 2 8 -1 
8 8 8 8 8 8 8 -1 2 -1 3 3 3 6 2 1 8 8 -1 8 
8 8 8 8 8 -1 -1 8 -1 2 2 3 -1 -1 6 8 8 8 -1 8 
9 40 8 8 -1 8 8 -1 8 8 8 8 1 1 1 3 -1 8 8 8 
8 8 8 -1 -1 -1 8 -1 1 1 8 8 8 8 8 8 8 8 8 9 
8 8 8 -1 1 1 1 8 8 8 1 1 8 8 -1 8 -1 8 8 8 
8 8 8 1 1 1 8 8 1 8 -1 8 8 8 8 8 8 8 8 8 
-1 8 8 8 8 2 8 2 8 -1 8 8 8 8 8 8 3 8 8 8 
-1 8 8 8 -1 2 2 2 -1 8 8 -1 9 9 8 8 -1 -1 8 8 
-1 -1 8 -1 2 2 8 40 8 8 8 8 8 8 8 8 -1 -1 8 8 
8 3 3 -1 9 2 40 40 8 8 8 8 8 1 8 8 8 -1 3 8 
8 3 3 -1 2 8 2 40 40 8 8 8 1 -1 1 -1 1 8 -1 8 
7 3 -1 3 2 2 2 40 40 8 8 8 8 1 1 1 -1 2 8 8 
8 -1 3 3 2 8 2 2 8 8 8 2 8 1 8 -1 2 2 7 2 
3 8 -1 -1 2 -1 8 8 8 8 8 -1 8 8 8 8 -1 8 2 2 
2 8 8 8 -1 8 8 -1 8 8 8 8 8 8 8 8 -1 -1 -1 2 
-1 8 8 8 9 9 -1 8 8 -1 8 8 8 -1 -1 8 8 8 2 2 
2 3 8 8 9 -1 9 8 8 8 2 8 8 8 -1 -1 8 8 8 2 
2 2 2 9 9 9 9 8 8 8 2 2 -1 1 8 -1 8 2 -1 2 
2 2 2 -1 9 8 8 -1 8 8 8 -1 1 1 8 8 8 2 2 2 
8 8 8 8 8 8 8 8 -1 8 8 8 1 1 8 8 9 8 2 2 
-1 8 8 8 8 8 8 8 8 8 1 8 -1 1 8 8 8 8 -1 8 
8 -1 40 8 8 8 8 8 8 8 8 -1 1 1 8 3 8 8 8 8 
-1 8 8 8 8 8 8 8 8 8 40 -1 -1 8 8 8 1 8 8 -1 
8 8 8 8 9 9 8 1 1 40 40 40 8 8 8 8 1 1 1 8 
-1 8 8 8 8 9 8 9 40 9 9 -1 40 8 40 8 8 1 8 8 
8 8 8 8 8 -1 9 9 9 40 -1 40 40 40 8 40 8 8 40 8 
8 8 8 1 1 -1 8 9 9 -1 8 -1 8 40 40 40 8 40 40 -1 
-1 -1 -1 -1 1 1 8 9 9 8 40 40 9 40 40 -1 40 -1 8 8 
-1 8 -1 1 1 1 8 8 9 40 40 9 40 -1 40 -1 -1 -1 -1 -1 
-1 -1 1 1 1 -1 1 8 8 8 40 40 8 8 8 40 -1 -1 -1 -1 
-1 -1 1 -1 -1 1 8 8 1 -1 1 40 8 8 40 1 -1 40 8 8 
-1 8 -1 1 1 3 3 3 1 1 1 -1 -1 8 40 40 8 8 8 8 
-1 -1 -1 -1 1 3 8 -1 1 1 1 40 40 1 1 8 8 8 8 8 
8 2 9 8 3 3 3 -1 1 1 1 40 1 1 1 1 8 8 8 9 
8 9 8 8 1 1 3 3 8 -1 1 1 1 1 1 1 1 8 8 9 
8 -1 8 2 -1 1 1 1 3 1 1 -1 6 1 1 -1 1 1 -1 8 
8 8 2 8 1 1 1 9 1 1 1 1 1 1 1 1 1 1 -1 8 
8 2 8 8 1 8 9 9 8 1 6 1 1 1 1 1 1 2 2 8 
8 40 8 8 8 8 8 8 8 8 6 6 1 -1 1 1 -1 -1 8 8 
8 40 -1 -1 8 8 8 8 -1 8 8 -1 8 1 8 8 -1 -1 8 8 
8 8 8 8 8 8 8 8 8 8 9 8 8 8 8 8 8 8 8 8 
8 8 8 8 -1 8 -1 8 8 8 40 8 8 8 8 8 8 8 8 -1 
