4 2 4 4 3 4 4 4 4 4 4 4 4 4 4 4 4 4 4 4 
-1 2 4 4 4 6 4 -1 4 -1 4 4 4 4 4 4 4 4 4 4 
4 2 -1 4 4 6 6 6 4 4 4 4 4 4 4 -1 4 4 4 4 
4 4 4 4 4 6 6 6 6 4 4 4 4 -1 4 4 4 4 4 4 
4 4 4 4 6 6 6 6 6 4 2 4 -1 1 1 4 4 1 4 8 
4 -1 4 4 8 6 6 6 2 4 2 2 1 1 1 4 4 4 4 8 
-1 8 6 6 8 8 8 6 6 6 2 2 5 5 1 4 -1 4 4 4 
4 4 6 6 6 6 4 4 6 6 2 2 2 2 1 1 4 4 4 6 
2 4 6 -1 6 -1 4 4 4 32 2 2 2 2 2 1 33 4 4 2 
2 4 1 -1 6 32 -1 -1 4 32 2 2 2 4 5 33 5 4 4 -1 
-1 4 4 1 32 32 32 1 32 2 2 32 4 4 5 5 5 32 4 4 
4 4 6 2 1 2 32 2 1 32 32 4 32 5 32 5 32 4 5 4 
4 4 4 6 4 4 32 5 5 1 32 32 5 32 5 5 32 5 5 5 
4 4 6 6 4 32 6 5 5 5 6 32 5 32 32 4 4 5 -1 4 
2 6 -1 4 4 4 6 5 5 5 6 32 8 32 1 -1 5 4 4 2 
4 6 4 2 2 6 6 -1 5 6 5 6 32 8 32 32 5 4 4 6 
6 4 6 6 2 4 4 4 4 6 3 6 -1 32 32 32 -1 4 1 6 
6 -1 6 4 4 4 4 4 32 3 3 3 -1 32 32 4 1 1 4 4 
4 2 2 4 4 4 4 4 4 32 4 -1 3 32 3 -1 32 32 4 -1 
2 2 2 4 4 3 4 4 4 4 4 4 4 4 4 4 -1 32 4 4 
6 6 4 1 4 4 5 5 4 5 5 4 4 6 4 2 2 6 6 6 
1 4 4 4 4 4 5 1 4 5 5 5 5 4 4 2 2 6 32 6 
1 4 4 4 4 4 5 5 5 5 -1 5 4 4 9 4 -1 2 4 1 
4 -1 4 4 4 4 5 5 5 5 -1 4 6 4 4 9 -1 8 -1 4 
4 4 4 32 4 5 6 5 5 5 5 4 4 5 9 9 9 40 40 4 
4 4 4 4 32 4 6 6 8 4 5 5 -1 5 4 9 1 2 4 32 
32 4 4 4 4 4 4 4 8 -1 6 -1 -1 4 -1 1 5 2 2 32 
32 4 4 4 4 32 8 4 4 8 6 4 4 4 4 5 4 2 32 32 
1 4 -1 4 32 32 2 8 -1 4 4 4 4 4 4 4 5 32 40 32 
4 1 1 32 32 2 32 2 2 -1 4 4 4 4 4 4 4 32 4 6 
1 4 32 1 32 32 2 2 4 4 -1 4 4 4 4 4 4 4 4 4 
1 1 1 32 32 2 2 2 2 2 4 4 4 4 4 4 4 12 4 4 
4 1 4 -1 5 2 2 2 2 2 2 4 8 4 4 4 8 8 1 4 
1 12 2 4 5 -1 2 4 2 -1 4 2 4 8 8 8 8 8 1 1 
1 12 1 4 2 -1 4 2 2 4 2 2 4 -1 4 8 8 8 8 12 
4 -1 1 2 2 2 2 4 2 2 2 2 2 4 4 6 8 8 12 4 
8 8 -1 4 4 2 4 2 2 5 2 2 4 4 4 6 4 -1 8 8 
4 6 -1 -1 4 4 4 4 4 4 5 5 5 5 32 4 4 4 4 4 
4 6 1 1 4 4 5 4 2 2 4 5 2 4 4 32 4 4 4 4 
6 6 1 1 4 4 4 5 5 4 2 5 5 4 2 6 6 32 32 -1 
4 4 4 32 4 -1 32 4 4 2 2 2 2 -1 4 2 4 4 4 4 
4 4 4 32 4 4 32 1 32 32 2 6 -1 -1 2 4 4 4 4 4 
5 4 32 32 5 5 4 32 4 4 6 6 6 4 4 4 4 4 4 4 
4 4 4 4 4 4 32 4 32 4 8 2 4 6 1 4 4 4 4 4 
4 4 4 4 4 4 4 4 4 4 -1 4 4 6 1 6 4 1 1 4 
4 4 4 4 4 4 4 4 4 2 2 4 6 6 6 6 4 4 1 4 
4 4 4 4 4 4 4 5 5 4 4 4 6 4 2 4 4 4 1 4 
1 4 4 4 4 4 4 5 5 4 4 4 -1 6 2 4 4 4 4 4 
4 4 4 4 4 1 4 1 2 2 4 4 4 2 2 4 1 1 1 4 
6 4 4 4 1 32 1 1 2 -1 2 4 2 4 2 2 4 4 6 6 
6 4 4 1 32 32 32 32 -1 2 4 2 2 4 4 4 4 6 6 6 
4 4 5 4 32 32 32 32 32 4 4 4 4 4 2 4 4 4 4 4 
4 4 5 4 -1 32 32 32 -1 2 2 4 2 2 2 4 4 4 4 4 
4 1 1 32 1 1 -1 -1 2 2 2 4 6 6 4 4 4 4 4 4 
4 -1 -1 32 32 32 4 32 2 1 2 6 6 2 4 6 4 4 4 4 
4 32 32 4 -1 4 8 4 2 2 1 6 6 1 6 6 4 4 4 -1 
-1 4 -1 4 4 8 4 4 -1 2 4 1 1 6 1 6 4 4 4 4 
4 -1 4 8 8 4 8 8 -1 -1 6 4 1 6 4 4 4 4 4 4 
-1 32 32 32 4 32 32 -1 -1 6 2 2 9 -1 2 4 4 4 4 4 
4 32 32 4 4 32 8 4 -1 2 2 2 2 2 4 4 4 4 4 40 
4 4 4 4 4 4 4 1 1 -1 -1 -1 -1 -1 -1 4 4 4 -1 -1 
4 4 4 -1 4 4 4 1 1 1 -1 -1 -1 -1 -1 -1 4 6 8 4 
4 4 4 4 4 4 4 -1 -1 2 -1 -1 -1 -1 -1 -1 4 -1 4 4 
-1 4 4 4 1 4 4 1 2 -1 -1 -1 -1 4 4 4 4 4 4 -1 
4 4 4 4 -1 4 4 2 2 -1 -1 -1 1 1 4 4 4 4 4 -1 
4 4 4 4 -1 -1 4 2 -1 -1 -1 1 4 4 4 4 4 4 4 4 
4 4 4 -1 -1 4 -1 4 4 -1 -1 1 1 4 4 4 4 2 4 4 
4 2 2 2 2 4 4 4 2 4 -1 4 -1 4 4 2 -1 -1 2 -1 
4 4 2 2 2 4 4 4 2 2 4 4 -1 4 4 -1 -1 -1 -1 -1 
4 2 2 2 4 2 1 -1 2 1 8 4 2 4 -1 1 2 -1 2 2 
2 2 4 -1 4 4 1 -1 -1 8 -1 2 2 2 1 1 -1 2 2 2 
2 4 4 4 4 4 4 1 -1 1 1 -1 2 -1 -1 1 2 2 2 2 
2 -1 -1 4 4 4 4 -1 1 1 1 2 -1 -1 -1 1 -1 2 2 2 
-1 -1 -1 8 4 4 -1 -1 -1 1 1 -1 8 -1 -1 -1 1 -1 2 -1 
-1 -1 -1 -1 -1 4 4 -1 1 -1 -1 -1 -1 8 8 8 -1 -1 -1 -1 
-1 2 -1 2 -1 4 4 1 -1 1 -1 -1 -1 1 8 8 8 8 -1 2 
2 2 2 2 4 4 4 1 6 -1 1 1 -1 -1 -1 9 -1 8 4 2 
2 6 -1 2 4 -1 4 2 40 -1 1 -1 1 1 9 9 -1 -1 6 -1 
4 1 4 -1 -1 -1 4 4 32 6 -1 1 1 -1 -1 4 4 6 4 2 
4 1 4 4 4 4 -1 4 6 -1 1 1 -1 -1 -1 -1 4 4 4 4 
2 -1 -1 2 2 2 2 1 1 -1 1 -1 -1 -1 -1 4 -1 4 4 4 
4 -1 -1 -1 1 1 1 1 -1 -1 1 -1 -1 -1 -1 -1 2 -1 -1 4 
-1 -1 -1 1 8 8 1 2 2 -1 -1 -1 -1 -1 -1 -1 2 2 2 -1 
-1 -1 -1 2 1 -1 8 8 1 -1 -1 -1 -1 -1 8 8 2 2 -1 -1 
-1 1 2 -1 2 2 -1 1 1 1 -1 -1 -1 8 8 -1 8 -1 -1 -1 
-1 1 -1 -1 4 -1 -1 -1 1 2 -1 -1 -1 8 8 8 -1 -1 -1 -1 
-1 -1 -1 -1 4 -1 -1 -1 -1 -1 2 -1 -1 -1 8 8 8 2 -1 -1 
-1 -1 -1 -1 4 -1 -1 2 -1 2 -1 -1 -1 8 8 8 8 -1 2 -1 
1 -1 -1 -1 -1 4 -1 2 -1 -1 2 -1 8 8 -1 -1 -1 -1 -1 -1 
1 1 -1 -1 -1 -1 -1 -1 -1 -1 -1 -1 -1 -1 -1 -1 -1 2 -1 -1 
1 1 -1 -1 -1 -1 -1 -1 -1 -1 8 8 1 -1 -1 -1 -1 -1 -1 -1 
1 -1 -1 -1 -1 -1 -1 -1 8 -1 -1 -1 -1 -1 -1 -1 -1 2 -1 -1 
-1 -1 8 8 8 8 8 -1 -1 8 8 8 -1 -1 -1 -1 4 -1 -1 -1 
-1 -1 8 8 8 8 -1 8 8 8 8 4 -1 4 4 4 4 4 -1 -1 
-1 -1 1 -1 -1 8 8 8 8 8 8 8 4 4 4 1 -1 -1 1 1 
2 -1 1 1 -1 8 8 8 -1 -1 -1 -1 4 4 1 4 -1 -1 -1 -1 
-1 1 2 1 -1 8 8 8 -1 -1 -1 -1 1 4 1 1 4 4 -1 2 
2 2 1 2 2 2 2 -1 -1 -1 -1 -1 -1 1 -1 4 -1 2 2 2 
2 2 2 2 2 1 -1 -1 -1 -1 -1 -1 1 4 4 -1 4 2 2 2 
2 2 -1 2 -1 2 2 -1 -1 -1 -1 1 -1 1 -1 4 4 4 4 2 
1 1 4 4 4 4 4 8 8 8 -1 2 -1 -1 8 -1 1 1 1 1 
1 1 1 4 4 4 4 2 8 8 2 2 8 -1 1 1 1 -1 2 1 
-1 1 -1 -1 4 4 4 -1 2 -1 -1 2 -1 2 1 -1 -1 -1 1 1 
1 -1 1 -1 -1 4 4 4 2 2 -1 -1 2 1 1 -1 1 1 1 -1 
-1 1 -1 -1 -1 4 -1 -1 2 2 -1 -1 8 -1 1 -1 1 1 1 -1 
4 1 -1 -1 4 2 1 2 2 -1 -1 -1 -1 8 -1 1 -1 6 6 -1 
4 4 2 -1 2 2 -1 2 2 2 -1 -1 -1 -1 8 8 4 6 8 -1 
6 4 1 2 2 -1 2 2 2 -1 -1 -1 -1 -1 8 8 4 6 -1 6 
-1 -1 -1 1 1 2 -1 2 -1 -1 -1 -1 -1 -1 8 8 6 6 2 -1 
-1 -1 -1 -1 1 -1 -1 2 -1 -1 1 -1 -1 -1 2 2 2 2 2 2 
-1 -1 -1 -1 -1 -1 -1 -1 -1 2 2 -1 -1 -1 2 2 2 2 2 -1 
-1 -1 -1 -1 1 1 -1 -1 2 2 2 2 8 8 8 8 -1 2 2 2 
1 -1 -1 1 -1 -1 -1 -1 2 2 2 2 2 -1 8 8 2 2 2 2 
8 8 1 -1 -1 -1 -1 -1 -1 1 2 2 8 8 -1 8 8 2 2 8 
-1 8 8 -1 -1 -1 -1 -1 -1 -1 -1 8 8 8 8 -1 2 2 8 -1 
8 -1 -1 -1 -1 8 8 8 9 -1 8 8 8 8 2 8 -1 -1 -1 2 
8 8 -1 -1 8 8 8 8 8 8 8 8 8 8 8 -1 -1 -1 8 8 
8 -1 -1 -1 -1 4 8 8 8 8 8 8 8 8 8 8 -1 1 -1 8 
1 -1 -1 -1 -1 -1 4 8 8 8 2 8 8 8 8 8 1 8 8 8 
1 1 -1 -1 4 4 4 8 8 -1 2 8 -1 8 8 1 1 -1 1 1 
-1 -1 4 1 1 1 1 -1 2 -1 2 2 2 2 2 2 2 2 -1 -1 
-1 1 1 1 4 4 4 4 -1 -1 -1 -1 6 -1 -1 -1 2 -1 2 -1 
-1 1 1 1 1 4 4 -1 -1 -1 -1 -1 4 5 1 -1 2 2 2 -1 
1 2 4 4 -1 1 4 -1 -1 -1 -1 4 -1 1 -1 -1 1 1 -1 2 
2 -1 4 4 40 32 -1 -1 -1 -1 2 4 4 4 -1 -1 1 1 2 1 
-1 2 -1 40 1 -1 -1 -1 -1 -1 2 4 4 4 4 2 2 2 2 1 
2 4 -1 40 40 4 -1 -1 -1 -1 4 4 4 4 -1 -1 2 1 4 2 
4 -1 4 4 4 -1 -1 -1 4 4 4 4 4 -1 4 -1 2 1 4 4 
4 -1 4 4 -1 -1 6 4 4 4 4 4 6 6 4 6 2 2 1 -1 
2 2 2 -1 6 6 6 6 -1 4 4 -1 2 6 6 6 5 -1 2 2 
-1 -1 2 2 6 6 6 6 -1 4 4 -1 6 6 6 1 1 -1 2 2 
-1 4 2 2 -1 6 6 -1 6 -1 1 1 1 -1 6 6 -1 5 2 -1 
-1 -1 4 4 -1 6 6 4 6 4 4 4 6 6 6 6 6 2 2 2 
-1 -1 -1 4 4 4 -1 -1 6 4 4 6 -1 1 1 6 2 -1 1 -1 
4 -1 4 4 -1 -1 4 6 2 -1 4 2 1 1 -1 -1 2 1 1 1 
4 -1 -1 4 -1 -1 -1 6 6 1 1 1 -1 -1 2 2 5 4 4 4 
-1 1 1 1 -1 -1 -1 -1 -1 1 1 -1 -1 -1 2 2 2 -1 4 2 
-1 1 1 1 -1 1 -1 -1 -1 -1 9 2 -1 2 -1 2 -1 2 2 2 
1 1 1 1 1 1 1 -1 2 -1 -1 9 2 -1 -1 2 2 2 -1 -1 
-1 1 -1 1 1 1 -1 2 -1 2 -1 2 2 2 2 2 2 2 -1 -1 
4 4 -1 40 4 4 4 40 -1 4 -1 -1 4 4 5 6 5 1 -1 6 
6 4 40 40 40 1 -1 -1 4 -1 -1 4 -1 2 2 1 6 1 6 -1 
40 6 40 40 40 1 1 -1 -1 -1 -1 -1 4 2 -1 5 5 1 6 40 
40 4 40 4 1 1 -1 -1 -1 -1 -1 4 -1 -1 -1 -1 1 1 -1 -1 
40 40 4 4 1 1 4 -1 -1 -1 -1 4 1 -1 -1 -1 1 1 4 4 
4 4 4 -1 40 4 4 -1 -1 40 2 1 1 1 1 1 1 4 4 4 
-1 4 4 -1 4 4 4 -1 -1 40 2 4 4 1 1 -1 40 4 4 4 
4 4 4 4 4 32 4 -1 1 5 5 4 1 4 40 40 40 4 -1 -1 
1 4 4 4 4 32 32 32 32 6 32 -1 -1 1 1 4 4 4 32 1 
4 4 4 4 6 4 4 6 6 32 -1 32 -1 -1 -1 -1 -1 -1 4 32 
4 -1 40 6 4 6 1 -1 6 6 -1 -1 4 -1 -1 -1 -1 -1 2 1 
4 4 -1 4 -1 6 6 6 6 6 6 4 -1 -1 -1 -1 -1 2 2 -1 
-1 4 4 4 -1 4 4 6 6 6 -1 -1 -1 -1 -1 2 2 -1 -1 6 
6 4 4 4 4 4 4 6 -1 6 6 -1 -1 -1 -1 2 2 -1 -1 40 
4 4 4 2 4 1 -1 1 -1 -1 -1 -1 -1 -1 -1 -1 -1 1 6 6 
4 4 4 4 4 1 1 1 -1 -1 -1 -1 -1 32 32 -1 4 1 6 4 
4 4 4 -1 4 4 4 4 4 4 -1 -1 -1 32 32 -1 1 4 4 6 
6 6 4 4 4 -1 6 4 -1 -1 -1 -1 -1 1 1 4 4 4 4 4 
4 4 4 -1 -1 6 6 -1 -1 -1 4 4 1 -1 -1 -1 -1 4 4 4 
4 4 4 40 6 4 4 4 4 4 2 -1 -1 -1 4 4 4 -1 8 8 
40 40 -1 -1 6 6 6 4 4 4 40 40 -1 32 32 32 32 32 40 40 
40 40 -1 1 -1 6 4 4 -1 4 4 40 40 40 40 -1 32 32 40 -1 
40 40 1 -1 4 6 4 4 4 4 4 4 40 40 40 40 40 32 4 -1 
40 40 1 1 -1 4 4 4 4 -1 -1 -1 -1 40 2 2 -1 4 4 4 
4 40 40 4 4 4 4 4 4 -1 -1 -1 -1 -1 40 -1 -1 -1 4 32 
4 1 1 1 1 1 -1 -1 -1 -1 2 -1 2 2 2 -1 -1 1 1 4 
4 4 1 1 1 1 -1 -1 -1 -1 -1 2 2 2 2 1 1 1 1 -1 
32 1 1 1 1 -1 1 1 1 -1 -1 2 2 2 -1 2 1 1 1 4 
1 32 4 1 -1 -1 4 -1 -1 -1 40 2 -1 -1 1 1 1 1 1 4 
4 4 1 1 -1 -1 4 -1 -1 40 -1 -1 -1 -1 1 1 4 40 1 4 
4 4 1 1 1 1 1 1 -1 40 -1 -1 -1 1 32 1 40 4 -1 4 
4 4 4 4 1 4 4 1 1 1 40 -1 -1 -1 1 40 -1 4 4 4 
4 4 6 -1 6 4 -1 1 1 -1 -1 -1 40 6 6 40 40 4 4 4 
4 4 4 6 6 6 -1 1 1 40 40 40 40 -1 6 40 4 6 4 2 
-1 4 32 6 -1 6 6 -1 6 -1 40 40 40 40 40 40 6 6 6 6 
4 32 32 32 6 6 -1 6 6 1 -1 40 40 40 40 1 1 40 6 6 
4 4 6 6 6 6 6 6 6 6 40 40 40 40 40 1 40 40 6 6 
4 4 4 2 -1 6 6 6 6 -1 40 40 40 40 40 -1 40 40 6 6 
4 -1 -1 -1 2 6 6 6 6 6 -1 40 -1 4 40 32 40 40 40 40 
40 40 40 -1 6 6 6 6 6 4 40 40 -1 40 40 32 4 -1 -1 40 
-1 9 2 9 3 6 6 2 2 -1 40 40 40 40 1 -1 -1 -1 -1 -1 
2 9 9 2 6 -1 6 4 4 -1 40 40 -1 40 -1 -1 -1 1 -1 -1 
2 -1 -1 2 1 1 6 4 40 40 40 40 40 -1 -1 -1 1 1 1 2 
2 2 -1 1 1 1 6 6 40 40 40 40 40 -1 -1 -1 1 1 1 2 
-1 1 1 -1 1 -1 1 -1 40 40 -1 -1 -1 -1 -1 1 1 -1 1 1 
1 1 -1 -1 1 -1 -1 -1 40 -1 -1 -1 -1 -1 -1 1 -1 1 -1 1 
1 1 -1 -1 -1 -1 -1 40 32 -1 -1 -1 -1 -1 -1 -1 -1 -1 1 1 
1 1 1 -1 1 -1 -1 32 40 40 -1 2 -1 -1 -1 -1 -1 -1 -1 1 
-1 1 -1 1 -1 -1 -1 -1 2 -1 2 -1 2 -1 2 -1 1 -1 -1 1 
1 -1 -1 1 1 -1 -1 2 2 2 2 2 -1 2 2 2 2 2 1 1 
2 -1 -1 -1 1 1 -1 -1 -1 2 -1 2 2 -1 2 2 2 2 2 2 
2 2 -1 -1 -1 40 40 -1 -1 -1 2 2 32 32 2 2 2 2 1 -1 
2 -1 1 3 -1 2 -1 -1 -1 2 -1 2 32 -1 2 2 2 -1 -1 2 
3 2 3 3 2 -1 -1 6 -1 2 2 2 2 2 2 2 2 3 -1 2 
3 2 3 2 3 2 -1 -1 -1 2 2 2 -1 2 2 2 2 -1 3 3 
2 3 40 -1 3 2 3 3 2 2 2 2 2 2 -1 2 2 2 2 -1 
3 2 40 2 3 2 3 3 -1 2 -1 6 2 -1 -1 2 2 2 2 -1 
2 3 2 3 2 2 2 3 3 -1 6 2 40 6 -1 -1 2 2 -1 -1 
-1 3 2 2 3 2 2 2 3 40 40 40 2 40 6 2 2 -1 -1 2 
3 3 2 2 3 6 3 6 6 6 6 40 2 1 1 -1 -1 -1 -1 6 
-1 -1 -1 -1 -1 -1 -1 -1 2 -1 1 -1 1 -1 -1 -1 -1 -1 -1 -1 
2 -1 2 2 2 2 2 2 -1 -1 -1 -1 -1 -1 2 -1 -1 -1 -1 -1 
2 -1 2 2 2 -1 1 1 -1 -1 -1 -1 -1 2 2 2 2 -1 -1 -1 
-1 2 2 2 2 2 1 1 1 -1 -1 -1 -1 -1 -1 -1 2 -1 -1 -1 
2 2 -1 2 2 2 -1 -1 1 -1 -1 -1 -1 -1 -1 2 2 2 -1 -1 
2 2 2 6 6 2 2 1 -1 1 1 -1 -1 -1 -1 2 2 -1 -1 -1 
2 2 -1 2 2 -1 -1 1 1 -1 1 -1 -1 -1 1 -1 -1 -1 -1 -1 
2 -1 2 2 2 -1 -1 -1 1 -1 1 -1 1 1 1 -1 -1 -1 -1 2 
-1 -1 -1 -1 -1 2 1 1 1 1 1 1 1 1 1 1 -1 -1 2 2 
-1 -1 -1 -1 -1 -1 1 1 1 1 -1 -1 -1 1 1 -1 -1 -1 2 2 
-1 -1 -1 -1 -1 -1 -1 1 -1 -1 2 2 1 -1 1 1 -1 1 -1 -1 
1 -1 -1 -1 -1 -1 1 1 -1 -1 2 2 1 1 -1 -1 -1 -1 1 1 
1 1 -1 -1 -1 -1 -1 -1 1 2 2 2 1 1 1 1 -1 -1 -1 -1 
1 1 1 1 8 -1 2 2 2 -1 2 2 1 1 1 -1 -1 -1 -1 -1 
1 1 1 -1 1 2 2 2 2 -1 2 1 -1 -1 1 1 -1 -1 -1 3 
2 1 1 -1 -1 2 2 2 2 2 2 2 -1 -1 1 -1 1 -1 -1 -1 
1 1 -1 1 1 1 2 -1 2 2 2 2 -1 -1 -1 -1 -1 -1 -1 -1 
-1 -1 1 1 1 -1 -1 2 -1 2 2 2 -1 -1 -1 -1 -1 -1 2 -1 
-1 1 -1 -1 4 -1 2 2 2 -1 2 -1 -1 -1 -1 -1 -1 -1 -1 -1 
-1 -1 -1 -1 -1 -1 2 2 2 2 2 1 -1 1 -1 -1 -1 -1 -1 -1 
1 1 1 -1 1 1 2 1 1 -1 -1 -1 -1 -1 -1 1 1 1 1 1 
1 1 1 1 1 -1 1 -1 1 8 1 1 1 1 -1 1 1 1 1 1 
-1 -1 -1 1 1 2 2 1 8 -1 1 1 1 1 1 1 1 1 1 1 
-1 -1 -1 -1 2 2 2 2 8 2 1 1 1 1 1 1 1 1 1 -1 
-1 -1 -1 -1 2 -1 2 2 8 1 1 1 1 1 1 1 1 1 -1 -1 
-1 1 -1 -1 -1 1 2 -1 -1 1 1 1 1 1 1 1 1 1 -1 -1 
-1 -1 1 -1 1 1 1 -1 -1 -1 1 1 -1 1 1 1 1 1 -1 -1 
4 -1 -1 4 -1 1 -1 -1 -1 -1 -1 -1 2 1 1 1 1 -1 -1 4 
4 4 4 -1 -1 -1 1 -1 -1 8 -1 -1 -1 1 1 1 1 1 -1 -1 
-1 -1 -1 -1 -1 -1 -1 -1 -1 8 -1 -1 -1 1 -1 1 1 -1 -1 -1 
1 -1 -1 -1 -1 1 -1 -1 8 -1 8 8 -1 -1 1 1 1 1 1 -1 
-1 -1 -1 -1 -1 1 1 8 8 8 -1 -1 -1 -1 -1 1 1 1 1 -1 
-1 -1 -1 -1 -1 -1 1 8 8 8 1 -1 -1 -1 -1 -1 -1 1 2 2 
4 4 4 -1 -1 -1 -1 8 8 -1 -1 -1 -1 -1 -1 -1 -1 -1 -1 2 
4 1 1 1 1 1 -1 -1 -1 -1 -1 -1 -1 -1 -1 -1 -1 -1 2 -1 
1 4 1 1 1 1 1 -1 1 -1 -1 -1 -1 -1 -1 -1 -1 -1 2 2 
-1 1 -1 -1 1 1 1 1 1 -1 -1 -1 -1 -1 1 -1 -1 -1 -1 2 
1 1 -1 1 1 -1 -1 1 -1 -1 -1 -1 -1 -1 -1 1 1 1 1 1 
1 1 -1 1 1 1 1 -1 1 -1 -1 -1 1 1 1 1 1 4 4 -1 
1 -1 -1 1 1 -1 2 1 -1 -1 -1 1 1 1 -1 1 -1 -1 1 -1 
2 -1 -1 1 1 1 1 -1 1 -1 -1 1 1 1 1 1 -1 2 -1 2 
-1 8 8 8 1 1 1 1 -1 -1 2 -1 1 1 -1 -1 -1 -1 2 -1 
1 1 8 8 1 1 1 1 -1 -1 -1 2 -1 1 1 -1 -1 -1 -1 -1 
1 1 8 1 1 8 1 -1 -1 -1 -1 1 1 1 1 -1 -1 -1 -1 1 
1 1 2 -1 8 8 8 -1 -1 -1 -1 -1 -1 -1 -1 -1 2 -1 -1 -1 
4 1 2 1 2 8 8 -1 -1 -1 1 -1 -1 -1 -1 -1 -1 2 2 1 
4 4 -1 4 1 8 2 -1 1 1 -1 1 1 -1 -1 -1 4 4 2 2 
4 4 4 -1 1 1 -1 1 1 2 2 -1 -1 -1 -1 4 4 -1 4 -1 
4 -1 4 1 1 1 1 2 2 2 2 -1 -1 -1 4 4 4 -1 4 4 
4 4 -1 -1 1 -1 -1 1 -1 -1 -1 -1 -1 -1 4 4 4 4 4 4 
4 -1 1 -1 -1 -1 1 -1 1 1 1 -1 -1 -1 -1 -1 4 4 -1 -1 
1 -1 -1 -1 2 -1 -1 -1 1 2 1 1 -1 -1 2 2 -1 4 4 4 
1 -1 -1 -1 2 -1 -1 2 2 2 1 1 1 1 -1 2 2 4 1 -1 
-1 -1 -1 2 2 -1 2 2 -1 2 1 1 2 2 2 2 -1 4 2 1 
1 -1 -1 -1 -1 -1 2 2 -1 1 -1 -1 -1 2 2 2 2 2 2 1 
2 1 -1 -1 1 2 2 2 2 -1 2 -1 -1 -1 -1 2 1 2 2 2 
2 2 -1 1 -1 2 1 1 2 2 2 -1 -1 1 1 1 2 2 2 2 
2 -1 1 -1 -1 -1 1 1 2 -1 -1 -1 1 1 1 -1 2 -1 2 2 
2 -1 1 -1 -1 -1 -1 1 1 1 1 -1 1 1 1 1 1 1 2 2 
-1 2 -1 1 -1 1 1 1 -1 1 -1 1 1 1 1 -1 1 2 2 2 
-1 -1 -1 -1 -1 -1 -1 -1 -1 -1 -1 4 -1 -1 -1 -1 -1 -1 -1 -1 
-1 -1 -1 -1 -1 -1 -1 -1 -1 -1 -1 4 4 1 1 -1 2 -1 -1 -1 
-1 -1 -1 -1 -1 2 -1 -1 -1 -1 4 4 4 1 1 2 -1 -1 -1 -1 
-1 -1 -1 2 2 2 2 -1 2 2 -1 4 -1 1 2 2 2 -1 -1 -1 
-1 -1 -1 -1 -1 2 -1 2 2 2 8 -1 -1 1 2 1 2 -1 -1 1 
-1 -1 -1 -1 -1 1 -1 2 -1 8 -1 2 -1 -1 1 -1 1 -1 1 -1 
-1 -1 -1 -1 1 -1 1 -1 2 2 2 2 -1 -1 -1 1 1 1 1 -1 
-1 -1 2 -1 -1 2 2 2 2 2 2 2 -1 -1 -1 -1 -1 1 -1 -1 
-1 -1 2 2 2 -1 2 2 2 -1 2 -1 -1 -1 -1 -1 1 1 1 -1 
-1 2 2 2 2 -1 2 2 2 2 2 -1 -1 -1 -1 1 -1 1 1 -1 
-1 -1 2 2 2 2 2 2 2 -1 2 -1 -1 -1 1 4 -1 -1 1 1 
1 -1 -1 2 2 2 2 2 2 2 2 -1 -1 -1 -1 -1 -1 -1 -1 -1 
-1 -1 -1 -1 -1 -1 2 -1 -1 -1 2 2 -1 -1 -1 -1 -1 -1 -1 -1 
-1 -1 -1 -1 -1 -1 -1 -1 -1 -1 -1 2 2 2 -1 -1 -1 -1 -1 -1 
-1 1 -1 1 -1 1 -1 -1 -1 -1 2 2 2 2 -1 -1 -1 8 -1 1 
1 -1 1 1 1 -1 1 -1 -1 -1 2 -1 2 -1 -1 -1 8 -1 8 -1 
-1 1 1 1 1 -1 -1 -1 -1 -1 -1 -1 1 2 2 8 8 8 -1 -1 
-1 1 1 1 1 1 1 -1 -1 -1 -1 -1 2 -1 8 8 8 -1 -1 -1 
-1 -1 -1 -1 1 1 1 -1 -1 -1 -1 -1 2 -1 -1 -1 8 -1 -1 -1 
-1 -1 -1 -1 -1 -1 1 -1 -1 -1 -1 -1 -1 -1 -1 -1 -1 -1 -1 -1 
-1 -1 -1 2 2 -1 2 -1 2 2 2 2 2 2 -1 -1 -1 -1 -1 -1 
-1 -1 -1 2 -1 2 1 -1 2 -1 2 2 2 2 -1 -1 2 -1 -1 -1 
-1 -1 -1 2 2 5 -1 -1 -1 2 2 2 2 -1 -1 2 -1 2 2 2 
-1 2 2 2 2 2 2 -1 -1 -1 -1 -1 -1 -1 2 -1 2 -1 2 -1 
-1 -1 4 4 -1 2 4 5 1 -1 -1 -1 -1 -1 2 2 -1 2 -1 -1 
4 4 -1 -1 -1 4 1 1 -1 -1 -1 4 -1 -1 1 2 2 -1 -1 -1 
-1 -1 -1 4 5 5 5 1 -1 -1 4 -1 4 -1 1 8 1 1 1 4 
-1 1 5 5 4 5 5 5 5 4 -1 -1 8 -1 1 1 1 8 4 4 
1 4 5 4 5 -1 5 4 4 4 -1 -1 8 -1 1 1 8 8 4 -1 
1 -1 -1 4 4 -1 -1 -1 -1 5 5 -1 -1 -1 8 8 8 8 8 -1 
4 4 -1 -1 -1 -1 5 -1 5 -1 5 -1 -1 8 8 8 -1 8 2 4 
4 -1 4 4 -1 5 4 -1 -1 4 4 -1 -1 -1 -1 8 2 -1 2 4 
4 4 4 4 4 4 5 -1 1 -1 -1 -1 8 8 8 -1 -1 2 2 2 
4 -1 -1 5 5 -1 4 4 4 4 -1 -1 -1 1 8 8 -1 -1 -1 4 
-1 -1 4 4 -1 -1 4 4 4 4 -1 -1 1 1 -1 -1 -1 -1 -1 -1 
-1 4 4 4 2 -1 -1 -1 -1 -1 -1 1 -1 -1 -1 -1 -1 -1 -1 -1 
1 -1 2 2 2 -1 -1 -1 -1 1 1 -1 -1 -1 -1 -1 -1 -1 -1 1 
-1 -1 -1 -1 -1 2 -1 -1 -1 1 -1 2 -1 -1 -1 -1 -1 -1 -1 -1 
-1 -1 -1 -1 -1 -1 -1 -1 2 -1 2 2 -1 -1 -1 -1 -1 -1 -1 -1 
-1 -1 -1 -1 -1 2 2 2 2 2 -1 2 2 2 -1 -1 -1 -1 -1 -1 
-1 -1 -1 8 8 -1 5 -1 1 1 1 -1 -1 -1 -1 -1 -1 -1 -1 -1 
-1 -1 -1 1 1 -1 -1 1 1 -1 -1 -1 -1 -1 -1 -1 -1 -1 -1 -1 
-1 -1 -1 1 1 -1 2 -1 -1 -1 -1 -1 -1 -1 -1 -1 -1 -1 -1 4 
4 4 -1 1 -1 -1 -1 -1 -1 -1 -1 -1 2 -1 -1 -1 -1 -1 -1 -1 
-1 -1 4 4 -1 4 -1 -1 -1 -1 -1 -1 2 2 -1 -1 -1 -1 -1 4 
-1 4 4 4 4 -1 -1 -1 -1 -1 -1 -1 -1 -1 -1 2 -1 -1 -1 -1 
-1 4 2 -1 -1 -1 -1 -1 -1 -1 4 -1 -1 -1 2 1 -1 -1 -1 -1 
4 1 1 -1 -1 -1 4 -1 -1 -1 4 4 4 4 2 -1 1 1 -1 -1 
-1 1 1 4 4 4 -1 -1 -1 -1 4 -1 4 4 2 1 -1 -1 -1 -1 
1 1 1 4 4 4 -1 -1 -1 -1 -1 4 4 2 1 1 -1 -1 4 -1 
-1 1 1 4 4 4 4 -1 -1 -1 -1 -1 2 2 -1 3 -1 -1 -1 -1 
4 4 4 4 1 4 4 -1 -1 -1 -1 -1 2 2 3 -1 1 -1 1 -1 
4 4 4 4 1 -1 4 4 -1 -1 2 2 3 3 3 -1 -1 1 1 4 
-1 4 -1 1 1 1 1 4 -1 -1 2 2 1 -1 1 3 -1 1 1 -1 
1 -1 1 -1 1 -1 -1 -1 -1 1 1 1 -1 -1 -1 1 -1 -1 -1 -1 
1 -1 -1 -1 -1 -1 -1 -1 -1 1 1 1 -1 -1 -1 -1 1 -1 -1 1 
-1 5 -1 -1 -1 -1 -1 -1 1 2 1 1 1 -1 -1 -1 -1 -1 -1 -1 
-1 -1 -1 -1 -1 -1 -1 -1 1 1 1 1 1 -1 -1 -1 -1 -1 -1 -1 
-1 -1 -1 8 -1 5 5 -1 -1 2 2 1 1 -1 -1 -1 -1 -1 -1 -1 
-1 -1 -1 8 1 5 -1 1 1 -1 -1 1 -1 -1 -1 -1 -1 -1 -1 -1 
-1 -1 4 -1 -1 -1 8 2 2 2 -1 -1 -1 -1 -1 1 1 1 -1 -1 
-1 -1 4 4 -1 2 2 8 2 2 -1 -1 1 1 1 1 1 1 1 -1 
-1 -1 4 -1 -1 -1 8 8 -1 -1 -1 1 -1 -1 1 1 1 -1 -1 -1 
-1 -1 4 -1 -1 8 -1 8 -1 -1 -1 -1 2 -1 -1 -1 4 4 -1 -1 
-1 -1 -1 4 8 8 -1 4 -1 -1 -1 -1 -1 -1 -1 -1 -1 4 -1 -1 
4 4 -1 4 4 4 4 4 4 -1 2 -1 -1 -1 -1 -1 4 4 4 -1 
4 4 4 4 4 -1 4 -1 -1 -1 2 2 -1 -1 -1 -1 -1 4 4 -1 
-1 -1 -1 1 -1 4 4 -1 -1 4 -1 2 -1 -1 -1 -1 -1 -1 -1 -1 
-1 -1 -1 -1 4 -1 4 4 4 -1 1 -1 1 -1 -1 -1 -1 -1 1 1 
1 -1 -1 -1 -1 4 -1 4 4 2 2 1 -1 -1 -1 -1 -1 1 1 1 
1 1 -1 4 4 -1 4 -1 2 4 2 -1 1 -1 -1 -1 -1 -1 -1 4 
4 -1 -1 4 -1 4 4 -1 4 4 2 1 -1 -1 -1 -1 4 -1 4 4 
-1 4 4 -1 4 1 -1 4 4 -1 -1 -1 -1 -1 -1 -1 -1 4 4 4 
-1 -1 -1 4 4 4 4 1 -1 -1 -1 -1 -1 -1 -1 -1 -1 4 4 -1 
-1 -1 -1 -1 4 4 1 1 -1 -1 -1 -1 -1 -1 -1 -1 -1 -1 4 4 
4 4 4 -1 -1 1 1 1 -1 -1 -1 -1 -1 -1 -1 -1 -1 -1 -1 4 
4 -1 4 -1 -1 1 4 -1 -1 -1 -1 -1 -1 -1 -1 -1 -1 -1 -1 4 
-1 -1 -1 -1 4 4 -1 -1 -1 -1 -1 -1 -1 -1 -1 -1 -1 -1 -1 -1 
-1 -1 -1 -1 4 -1 4 1 -1 -1 -1 -1 -1 -1 -1 -1 -1 -1 -1 -1 
-1 -1 -1 -1 -1 -1 8 -1 2 -1 -1 -1 -1 -1 -1 1 1 1 -1 -1 
-1 -1 2 2 -1 4 4 -1 4 4 1 1 -1 4 -1 4 -1 -1 4 -1 
4 -1 -1 2 -1 4 4 4 -1 -1 -1 1 4 -1 -1 -1 8 4 4 4 
-1 -1 4 4 4 4 4 4 4 2 4 -1 4 -1 -1 -1 8 4 4 4 
-1 -1 4 4 -1 4 2 2 4 2 4 4 4 -1 -1 4 4 -1 4 -1 
-1 4 4 4 1 1 1 -1 4 4 4 -1 -1 4 4 1 -1 -1 -1 -1 
-1 -1 4 -1 1 1 4 4 2 -1 4 4 4 4 4 1 4 4 -1 -1 
-1 -1 -1 1 -1 -1 -1 4 2 2 4 4 1 4 4 4 4 4 4 -1 
-1 -1 4 -1 -1 -1 4 2 2 4 4 4 1 4 4 -1 4 4 4 -1 
-1 -1 4 4 -1 3 -1 -1 -1 4 4 4 4 4 4 4 4 -1 -1 -1 
-1 -1 2 -1 3 -1 3 3 3 3 1 3 3 4 1 4 4 -1 -1 3 
1 2 -1 3 3 -1 3 3 -1 3 3 3 3 4 -1 4 1 -1 -1 -1 
-1 1 -1 -1 -1 -1 3 3 4 4 3 4 3 -1 3 3 3 -1 -1 3 
-1 -1 -1 -1 -1 -1 3 3 4 4 4 4 4 4 -1 1 3 -1 -1 3 
-1 -1 -1 -1 -1 -1 -1 4 4 4 4 -1 4 -1 -1 4 1 4 1 4 
-1 2 -1 -1 2 4 2 2 2 -1 -1 -1 -1 4 -1 4 4 1 4 4 
-1 -1 2 2 -1 4 4 4 4 -1 4 4 -1 4 4 4 4 -1 3 -1 
-1 2 2 2 -1 4 4 -1 4 4 4 4 4 4 -1 -1 4 4 3 3 
4 -1 -1 2 2 4 4 4 4 4 4 4 4 4 4 1 1 3 4 3 
2 -1 2 1 -1 -1 -1 4 4 -1 -1 1 -1 4 -1 -1 1 4 3 3 
-1 2 2 2 -1 -1 -1 -1 4 -1 -1 1 4 4 4 -1 4 6 6 2 
4 -1 4 3 4 3 3 1 1 -1 4 8 1 4 2 2 1 2 2 -1 
-1 4 4 3 4 4 1 1 1 1 4 4 4 4 4 -1 -1 1 2 -1 
-1 4 4 4 3 4 4 1 1 1 1 4 -1 -1 4 -1 -1 -1 -1 -1 
4 4 -1 -1 -1 4 6 4 1 1 4 -1 -1 4 4 8 8 -1 -1 -1 
4 4 6 4 4 4 -1 6 1 -1 -1 4 4 4 4 8 3 4 -1 4 
3 4 -1 4 -1 6 4 6 6 8 -1 4 4 4 4 4 3 3 3 4 
3 -1 -1 -1 6 -1 6 2 2 2 2 3 4 3 3 3 -1 3 -1 3 
-1 3 4 4 4 6 6 4 4 4 4 3 3 3 3 1 3 3 -1 1 
3 -1 4 4 4 4 6 4 4 4 4 3 1 3 1 3 3 3 -1 1 
4 4 4 6 4 4 4 -1 4 -1 4 4 1 1 3 3 3 3 5 -1 
4 4 1 -1 4 4 4 4 -1 4 4 -1 4 1 3 3 3 1 3 3 
3 4 1 -1 4 4 4 -1 4 -1 4 4 3 3 -1 3 3 3 -1 3 
4 4 1 1 -1 4 4 4 4 -1 6 4 3 -1 3 4 -1 3 -1 3 
3 3 -1 -1 1 4 4 -1 4 4 -1 6 4 4 4 -1 -1 3 -1 3 
3 3 3 1 1 -1 1 1 3 1 4 4 -1 4 4 1 -1 8 3 4 
4 4 4 4 4 4 -1 3 1 1 1 4 -1 4 4 1 8 -1 8 4 
4 -1 -1 4 4 4 4 3 -1 4 1 4 8 -1 4 -1 3 2 3 4 
4 4 4 4 4 4 4 -1 4 1 4 4 8 4 2 4 8 3 4 4 
4 4 4 4 4 4 1 4 -1 4 -1 4 4 -1 -1 2 4 4 -1 4 
4 4 -1 3 4 3 1 1 1 -1 4 4 4 2 4 4 2 4 -1 4 
-1 -1 2 1 4 4 4 1 1 2 -1 8 -1 -1 2 2 1 -1 1 1 
-1 2 1 1 8 8 8 -1 2 2 2 8 -1 -1 -1 2 2 1 1 1 
1 1 1 -1 1 8 1 -1 2 -1 -1 8 8 -1 -1 2 1 2 1 -1 
1 1 1 -1 -1 1 1 1 2 2 8 8 -1 8 -1 -1 2 2 -1 1 
1 1 1 1 -1 1 1 1 1 -1 -1 8 8 -1 1 2 2 1 1 -1 
1 1 1 1 -1 1 4 1 -1 1 1 -1 -1 2 1 2 -1 -1 1 1 
1 32 1 1 -1 1 1 4 1 -1 -1 1 4 -1 2 8 2 2 2 -1 
32 32 -1 1 1 1 -1 4 -1 1 1 1 4 8 2 8 2 2 4 -1 
-1 1 -1 1 1 1 1 1 1 1 32 -1 4 4 8 2 2 2 -1 4 
4 1 1 1 1 1 1 -1 1 8 1 -1 8 -1 4 8 4 1 4 1 
4 4 1 1 8 1 -1 1 1 8 8 1 -1 -1 8 4 8 1 1 4 
1 8 1 -1 1 8 8 8 1 8 8 -1 -1 -1 -1 1 1 1 1 4 
8 8 1 1 1 1 1 1 1 1 2 -1 -1 -1 4 1 1 -1 -1 1 
8 8 1 1 1 1 1 1 8 1 1 -1 -1 8 4 4 8 8 1 1 
8 8 1 1 -1 1 1 8 1 1 1 1 1 8 3 4 1 1 1 8 
1 8 8 8 1 -1 1 1 1 1 1 1 -1 1 -1 8 1 1 1 1 
8 8 8 -1 -1 1 1 1 8 1 8 1 -1 8 8 4 4 2 2 8 
4 4 8 8 -1 1 1 -1 1 1 1 1 1 2 2 4 4 4 4 4 
8 4 1 2 1 1 1 -1 1 1 1 8 1 1 2 4 1 4 4 4 
-1 8 1 1 -1 1 -1 -1 2 1 -1 8 1 1 8 8 2 1 4 1 
8 8 -1 8 8 8 1 8 1 -1 -1 -1 2 -1 8 8 8 8 8 3 
-1 8 8 8 8 8 8 8 1 1 8 -1 -1 -1 -1 8 -1 8 8 8 
-1 8 8 8 8 8 8 8 -1 8 8 8 -1 8 8 8 8 8 8 1 
-1 8 8 8 -1 8 8 8 -1 -1 8 8 -1 -1 8 8 8 8 1 -1 
1 1 -1 8 8 8 8 -1 8 -1 8 -1 -1 -1 8 8 8 8 8 -1 
1 1 8 8 8 8 8 -1 -1 8 -1 8 -1 8 8 8 8 8 -1 -1 
8 8 8 8 8 8 8 -1 1 1 8 -1 8 2 2 8 -1 -1 -1 8 
8 8 8 8 8 8 8 8 -1 -1 -1 2 8 8 -1 -1 -1 8 8 8 
8 32 -1 -1 8 8 8 -1 -1 -1 1 2 8 8 -1 8 8 8 8 8 
8 8 32 32 8 8 8 8 -1 8 8 -1 -1 -1 2 -1 8 -1 8 8 
8 1 8 8 -1 8 8 8 -1 -1 2 2 2 2 -1 8 8 8 -1 8 
8 1 -1 8 -1 8 8 1 8 2 2 -1 -1 2 2 2 8 8 8 8 
8 8 -1 -1 4 8 -1 1 8 -1 -1 -1 4 8 -1 3 8 8 8 -1 
1 8 1 1 -1 4 -1 8 -1 -1 8 8 -1 4 8 3 8 1 1 1 
8 -1 8 -1 4 1 -1 2 -1 -1 4 4 -1 2 3 3 3 3 3 -1 
8 8 8 8 1 1 2 1 2 2 8 1 4 3 3 3 3 3 3 -1 
8 8 -1 -1 1 1 2 1 1 1 2 8 8 8 8 3 -1 3 3 3 
8 8 8 -1 2 2 1 1 1 -1 8 2 2 8 3 3 3 3 3 1 
-1 8 -1 1 -1 2 2 1 1 4 8 2 2 8 3 3 3 3 3 8 
-1 8 1 1 1 -1 1 1 -1 -1 1 2 8 2 3 8 3 3 3 8 
8 8 8 8 -1 2 -1 8 1 2 2 2 2 2 2 1 1 8 8 8 
8 8 8 8 -1 2 1 -1 2 2 2 2 2 2 2 -1 2 8 8 8 
8 -1 -1 2 2 2 2 1 1 -1 2 2 2 8 2 2 2 1 8 8 
-1 -1 -1 -1 2 2 2 2 -1 2 -1 2 8 2 2 -1 2 1 1 8 
1 1 -1 2 2 -1 2 -1 -1 2 2 2 2 2 2 2 -1 1 1 -1 
1 -1 2 -1 -1 2 -1 2 2 2 2 2 2 2 2 -1 -1 8 8 1 
1 -1 -1 -1 -1 -1 2 2 2 1 -1 2 2 2 2 8 8 8 8 1 
8 1 -1 -1 -1 -1 2 -1 -1 1 1 2 2 2 8 8 8 8 8 -1 
-1 1 1 8 2 2 2 -1 8 1 1 -1 -1 8 8 8 8 -1 8 -1 
8 8 2 -1 2 1 2 1 1 1 -1 -1 -1 8 8 1 -1 8 8 8 
8 8 2 -1 -1 -1 1 1 2 2 -1 8 8 8 8 8 1 1 8 8 
8 2 -1 -1 9 -1 8 8 2 2 -1 -1 8 -1 -1 -1 1 1 -1 8 
8 8 2 -1 -1 -1 8 8 -1 -1 8 8 8 8 8 -1 1 1 1 8 
8 8 2 2 4 4 8 8 8 -1 8 1 8 8 8 1 1 1 1 8 
8 -1 2 1 -1 4 -1 8 -1 -1 -1 8 -1 8 -1 1 -1 1 8 8 
8 8 -1 8 1 1 1 2 -1 -1 -1 8 8 -1 2 1 1 8 8 8 
8 8 8 1 2 1 2 2 -1 -1 8 1 -1 2 -1 2 1 8 8 8 
8 8 8 2 1 2 2 -1 2 -1 -1 -1 -1 2 2 -1 -1 -1 8 -1 
8 8 8 8 8 2 -1 2 2 -1 -1 2 2 2 -1 1 1 8 1 -1 
8 8 -1 8 2 -1 -1 1 2 -1 2 2 -1 -1 2 1 1 1 8 8 
8 8 8 -1 -1 -1 -1 8 8 8 2 8 2 8 8 2 8 2 2 -1 
8 -1 8 2 2 8 8 1 -1 8 1 2 8 8 -1 8 8 8 8 -1 
2 2 2 -1 2 2 -1 1 2 2 2 8 8 -1 8 -1 8 8 8 -1 
-1 2 2 2 2 2 -1 2 2 2 8 8 8 8 1 -1 1 8 -1 8 
8 2 2 2 2 -1 2 2 2 2 8 8 8 1 1 8 -1 1 8 8 
-1 2 2 -1 2 1 2 2 2 2 -1 -1 -1 1 1 -1 8 8 8 -1 
-1 -1 2 1 -1 -1 1 2 -1 -1 2 2 2 8 8 1 -1 8 -1 -1 
1 1 1 2 -1 -1 1 2 1 -1 1 -1 2 2 1 1 8 8 -1 -1 
1 1 1 1 2 2 -1 1 1 1 1 1 8 8 -1 -1 1 9 1 1 
8 8 1 1 1 1 1 1 2 -1 1 1 1 -1 -1 1 2 8 1 1 
1 1 1 1 1 1 -1 -1 -1 1 1 1 1 -1 1 9 2 1 1 1 
1 1 1 1 1 -1 -1 -1 1 1 1 1 1 1 9 -1 -1 2 2 1 
1 1 1 -1 -1 -1 -1 1 1 1 1 -1 1 1 1 -1 2 1 1 1 
1 1 1 1 8 8 8 2 -1 -1 -1 2 2 2 1 2 1 1 1 -1 
1 1 1 2 -1 8 2 2 2 -1 2 2 2 2 2 1 1 1 1 1 
1 -1 1 2 2 2 2 -1 2 1 8 2 -1 2 2 2 1 1 1 1 
1 2 2 2 2 2 -1 2 8 8 2 8 8 8 2 2 2 1 1 1 
1 1 2 8 2 2 2 2 8 8 8 8 8 8 -1 -1 2 2 1 1 
8 8 8 8 2 2 2 8 8 -1 -1 8 2 8 -1 2 2 1 1 1 
8 8 8 2 -1 2 -1 -1 8 -1 8 8 8 8 -1 2 2 2 2 2 
2 2 4 4 4 -1 4 2 2 2 2 2 -1 1 1 1 8 2 2 2 
2 -1 -1 2 2 4 4 4 2 2 1 2 1 1 2 1 -1 2 1 2 
2 2 -1 -1 4 4 2 2 2 2 2 2 -1 1 1 8 2 -1 2 1 
-1 -1 -1 -1 -1 -1 -1 2 2 2 2 2 2 -1 1 2 2 2 1 1 
-1 -1 -1 -1 -1 -1 1 -1 2 2 2 2 2 1 -1 -1 1 1 1 1 
-1 -1 -1 -1 -1 1 1 -1 1 1 2 2 2 2 2 2 2 1 1 -1 
1 -1 32 -1 -1 1 1 1 1 2 -1 2 2 2 2 1 1 1 1 1 
-1 40 -1 -1 -1 -1 1 1 1 -1 2 2 2 2 -1 1 1 1 1 1 
1 40 40 -1 -1 2 2 2 1 -1 2 2 -1 2 1 1 2 1 1 1 
1 40 2 -1 -1 2 2 2 2 1 2 1 1 1 1 1 -1 2 1 40 
1 1 2 2 -1 -1 2 2 -1 -1 2 2 1 1 1 1 1 1 1 40 
1 3 2 2 2 -1 2 2 2 2 1 1 4 1 1 1 1 1 1 1 
-1 2 3 2 2 2 2 -1 2 1 1 1 2 2 1 1 4 4 1 1 
2 2 2 2 2 2 2 2 -1 2 1 1 -1 2 2 4 4 2 1 2 
3 2 2 2 2 2 2 1 2 2 1 2 2 2 2 2 2 2 2 3 
2 2 -1 2 -1 2 2 1 2 2 -1 2 2 2 2 2 2 2 -1 2 
2 2 2 2 -1 2 2 2 -1 2 -1 2 2 2 -1 2 2 2 -1 2 
-1 2 2 -1 2 -1 -1 2 2 2 2 2 2 2 1 2 2 2 2 -1 
2 2 2 -1 -1 2 2 2 -1 2 2 -1 -1 2 2 2 -1 2 2 -1 
2 4 2 4 4 -1 2 2 2 2 2 2 1 2 2 2 -1 -1 2 2 
4 32 32 32 1 32 4 4 4 4 4 4 4 4 1 1 -1 4 4 32 
4 32 32 32 5 32 32 4 4 4 4 4 6 4 1 4 1 1 4 4 
4 32 32 5 5 32 32 32 -1 4 4 4 6 1 4 4 4 4 4 4 
1 32 5 1 4 32 32 4 4 4 4 4 -1 4 4 4 1 4 4 -1 
1 1 5 4 5 4 4 4 4 4 4 1 -1 4 4 4 4 4 4 -1 
2 1 4 5 1 1 4 4 4 4 4 -1 1 4 4 4 4 3 4 4 
4 1 1 1 -1 -1 2 2 1 4 1 1 4 1 3 3 2 2 2 2 
4 4 4 4 4 6 2 4 1 1 1 -1 -1 2 2 2 2 3 3 2 
4 4 4 4 4 6 4 1 4 4 1 1 1 4 1 2 2 4 3 4 
4 4 4 4 4 4 4 4 1 -1 1 3 1 1 1 1 2 2 4 4 
4 4 4 4 4 1 4 4 1 2 3 2 1 1 1 1 2 2 2 4 
4 2 4 -1 1 1 1 4 4 4 2 2 3 1 1 2 1 2 2 -1 
2 2 4 4 2 4 4 4 4 4 3 1 1 1 2 1 1 4 4 4 
2 2 2 2 4 -1 4 4 4 4 3 3 1 -1 2 6 1 1 2 2 
2 2 2 32 4 4 -1 4 4 3 2 2 2 1 -1 2 2 2 2 32 
32 2 32 32 4 4 4 32 4 4 -1 2 -1 1 2 2 2 2 2 2 
8 32 32 32 4 32 32 4 32 4 -1 -1 3 2 1 2 2 2 2 2 
8 32 32 32 32 32 32 32 -1 -1 -1 4 1 4 -1 2 2 2 2 32 
32 8 -1 32 32 32 32 32 32 -1 -1 4 4 1 1 -1 4 4 4 32 
4 8 32 1 32 32 32 32 32 -1 4 4 4 1 -1 1 4 4 4 4 
4 4 4 4 4 4 4 4 4 4 4 6 4 6 4 4 4 2 4 4 
4 4 4 4 4 4 4 4 6 4 4 4 4 6 2 4 4 4 -1 4 
4 4 4 4 4 4 4 -1 4 6 4 1 4 1 1 2 4 4 4 -1 
2 4 4 4 4 4 4 4 -1 6 4 4 1 4 4 4 4 4 4 4 
4 4 4 4 2 4 4 1 1 1 6 1 4 4 4 4 4 4 4 -1 
4 1 4 4 2 4 4 2 1 -1 1 4 4 1 4 4 4 4 4 4 
4 4 2 4 4 4 1 4 1 1 -1 4 -1 1 1 4 4 4 4 1 
4 4 4 4 4 -1 4 1 4 32 4 -1 4 1 1 1 4 4 1 1 
4 4 4 4 4 4 4 4 4 4 4 4 -1 -1 4 4 4 4 6 1 
1 4 4 4 4 4 4 4 6 6 4 4 4 4 5 2 4 4 6 -1 
6 6 6 4 4 4 4 5 4 -1 5 4 4 5 5 4 4 2 6 6 
6 6 -1 5 5 5 5 5 5 4 5 4 4 4 4 5 2 2 4 2 
4 4 2 4 5 4 5 5 5 5 5 5 2 2 -1 2 2 4 2 2 
4 2 2 2 2 2 4 5 5 4 5 1 1 2 2 2 2 4 4 4 
2 4 4 2 2 2 -1 5 5 -1 5 5 2 2 2 2 2 2 4 2 
2 2 4 2 32 2 4 5 -1 5 5 5 2 2 2 2 4 2 2 2 
2 2 4 4 4 4 32 4 -1 -1 -1 4 1 2 4 4 4 4 2 2 
4 2 4 4 4 1 1 4 4 2 2 4 2 2 2 4 4 4 4 4 
4 4 2 4 4 1 4 4 2 6 4 4 6 -1 4 6 4 4 4 4 
4 4 4 4 4 1 4 4 2 4 4 6 6 4 6 4 2 4 4 4 
4 4 4 4 4 4 4 4 4 4 7 4 7 4 4 4 4 4 4 4 
4 4 4 4 4 4 4 4 4 4 4 4 -1 -1 4 4 4 4 2 4 
4 4 4 4 4 4 4 2 2 4 4 4 4 -1 4 4 4 4 1 4 
4 4 4 4 4 4 4 4 -1 4 4 4 4 2 4 4 4 4 4 4 
4 4 4 4 4 4 4 4 4 4 4 4 2 4 4 4 4 32 32 4 
4 4 4 4 1 4 4 4 -1 4 4 4 2 2 4 4 4 4 4 -1 
4 -1 -1 4 4 4 4 4 4 4 4 2 -1 4 4 4 4 4 4 4 
4 4 4 2 4 4 4 4 4 4 4 2 2 2 4 4 4 4 4 4 
4 4 4 4 4 4 4 4 4 4 4 2 2 2 4 4 4 4 4 4 
4 4 4 1 6 4 4 4 4 4 4 2 2 2 4 4 4 4 4 4 
4 1 1 1 4 1 4 8 -1 6 4 4 4 2 -1 4 4 4 4 4 
4 1 1 1 1 4 6 4 6 4 6 2 4 2 4 4 4 -1 4 4 
1 4 4 4 4 6 4 4 4 4 6 4 2 2 2 4 4 4 4 4 
6 4 4 4 4 4 4 4 -1 4 6 2 -1 2 2 2 2 4 4 4 
4 6 6 4 6 4 4 4 4 4 4 6 6 2 4 2 2 4 4 4 
6 4 2 2 6 4 4 4 4 4 4 4 4 2 2 4 4 4 4 4 
6 1 -1 -1 4 4 4 4 4 4 6 6 6 4 2 4 4 6 6 4 
6 6 6 4 4 4 4 4 4 4 4 4 4 4 4 4 4 4 6 4 
6 4 4 4 4 4 4 -1 4 4 6 7 4 7 7 4 4 4 4 6 
4 4 4 4 4 4 4 4 2 4 4 7 7 7 4 4 4 4 4 4 
4 4 4 4 4 4 4 4 4 4 4 6 -1 4 1 -1 2 4 4 4 
4 4 4 4 4 4 4 4 4 4 4 4 4 4 1 4 2 4 4 -1 
4 4 4 4 4 4 4 2 4 4 4 4 4 4 4 4 4 4 4 4 
4 4 4 4 4 4 6 4 4 4 4 4 4 4 4 4 4 4 4 4 
4 4 4 4 4 6 6 4 4 4 4 4 4 4 4 -1 4 4 4 4 
4 4 6 4 4 6 6 4 4 4 -1 4 4 4 4 4 4 4 4 4 
2 4 4 4 4 4 6 4 4 4 4 4 4 4 4 4 4 4 4 4 
2 2 6 4 4 4 4 4 4 4 4 1 4 6 4 6 4 4 4 4 
4 2 6 6 -1 -1 4 2 4 1 1 4 4 4 -1 4 4 4 4 4 
4 4 4 8 4 4 4 4 4 1 6 1 4 4 4 4 4 4 4 4 
6 4 4 4 4 4 4 4 4 2 4 6 4 4 4 4 6 4 4 6 
4 -1 4 -1 4 4 4 -1 4 4 6 4 4 6 1 1 4 6 4 4 
4 4 4 4 2 4 4 4 4 4 4 4 1 1 1 1 6 4 -1 4 
4 4 4 4 2 4 4 -1 4 -1 4 4 4 4 4 6 6 4 4 4 
4 4 6 6 2 4 4 4 4 4 4 4 4 4 4 4 4 4 4 4 
4 4 6 6 6 4 4 4 4 4 4 2 4 4 4 4 4 4 4 4 
4 6 4 6 4 2 4 6 6 4 4 32 4 4 -1 4 -1 -1 4 4 
2 6 6 6 4 6 4 4 4 4 4 4 4 4 1 4 4 4 4 2 
2 6 6 4 6 4 4 4 4 4 4 4 4 4 1 1 4 4 4 2 
2 4 4 4 4 4 4 4 4 4 4 -1 4 4 4 4 4 1 4 2 
4 4 4 4 2 2 2 4 4 4 -1 -1 2 -1 2 4 4 4 4 4 
4 6 4 2 4 4 2 2 4 4 -1 4 -1 -1 2 -1 4 4 4 -1 
2 6 2 -1 2 4 2 4 2 -1 4 4 4 4 -1 -1 2 4 4 4 
-1 2 2 2 32 8 32 2 2 4 4 4 4 -1 4 2 2 1 -1 2 
2 2 4 -1 8 32 32 4 4 1 4 4 4 4 2 2 2 -1 2 2 
2 -1 4 32 32 32 4 1 1 4 4 4 -1 4 2 -1 2 2 2 2 
2 2 2 2 2 4 4 4 4 1 -1 4 4 2 -1 2 2 2 -1 2 
2 2 2 2 4 4 1 4 4 1 1 1 4 -1 2 2 2 2 2 -1 
2 4 2 4 4 1 1 4 4 4 6 1 -1 4 2 2 2 2 2 2 
2 2 4 4 -1 1 1 -1 4 4 4 4 6 6 2 2 2 -1 2 4 
4 4 4 4 4 2 4 1 1 4 4 4 6 6 4 2 -1 2 4 6 
4 4 4 4 4 1 1 1 4 -1 6 4 4 6 6 4 2 2 6 4 
4 4 4 4 4 1 4 4 4 4 6 4 6 4 2 2 4 4 4 -1 
4 4 4 4 1 4 1 1 4 4 4 4 4 4 6 4 4 4 4 4 
-1 4 4 4 4 4 4 4 4 4 4 4 6 6 6 4 4 4 4 4 
4 4 4 4 4 4 4 1 4 4 1 6 4 4 6 4 4 4 4 4 
4 4 6 2 4 2 2 4 4 4 1 4 4 1 1 4 4 4 4 4 
4 4 6 2 2 2 2 2 1 2 1 1 4 4 2 2 4 4 4 4 
4 4 6 4 2 4 2 2 1 1 2 1 4 3 4 4 4 4 4 4 
4 4 4 4 4 2 2 4 1 -1 2 4 1 2 2 2 4 4 4 -1 
-1 4 4 -1 8 8 8 8 -1 -1 2 -1 -1 -1 -1 -1 -1 2 1 1 
8 -1 4 8 -1 8 8 8 8 8 -1 2 2 -1 -1 -1 4 2 -1 1 
1 8 2 4 -1 8 -1 8 2 2 -1 -1 -1 2 -1 4 4 -1 2 -1 
-1 8 8 2 -1 1 8 -1 2 2 2 -1 2 -1 4 4 4 2 -1 -1 
-1 1 -1 1 1 8 8 -1 -1 2 8 2 6 6 -1 -1 4 2 2 -1 
-1 8 1 1 1 -1 1 1 -1 2 8 8 6 8 8 4 8 8 8 -1 
-1 -1 8 1 1 8 8 1 -1 8 -1 8 8 4 4 4 4 4 8 -1 
4 2 -1 -1 1 1 1 -1 4 1 1 1 8 1 4 4 4 4 4 4 
4 4 2 1 2 -1 -1 -1 1 1 1 1 1 8 4 4 4 -1 8 2 
-1 4 2 2 -1 8 8 1 1 1 1 1 8 8 8 4 -1 8 4 4 
-1 -1 4 -1 2 -1 2 1 8 8 8 8 8 4 4 2 -1 -1 4 4 
4 -1 -1 -1 -1 2 -1 1 4 8 8 -1 4 4 -1 2 -1 -1 4 4 
-1 -1 -1 -1 2 2 4 4 -1 1 8 4 1 4 2 2 2 2 4 4 
6 -1 -1 2 -1 4 4 -1 -1 8 8 1 4 1 4 4 2 4 4 4 
4 2 -1 -1 4 4 -1 -1 -1 -1 -1 4 2 2 -1 2 2 4 4 2 
2 6 6 -1 4 4 4 4 -1 -1 2 -1 2 2 -1 2 4 1 1 2 
4 -1 4 4 4 4 4 4 2 -1 2 2 4 4 4 -1 4 4 2 2 
6 4 4 4 4 4 4 8 2 2 2 2 2 2 4 4 4 -1 4 4 
6 4 4 4 4 4 8 -1 2 -1 2 2 2 2 -1 4 4 4 1 1 
-1 4 4 4 4 8 8 8 -1 -1 -1 2 2 -1 -1 -1 -1 4 4 1 
1 -1 8 8 1 -1 8 -1 8 8 8 2 -1 -1 -1 1 -1 -1 -1 1 
2 1 8 8 8 -1 -1 8 -1 8 8 8 2 -1 2 -1 2 2 -1 -1 
1 1 2 2 1 8 8 -1 1 8 8 2 8 8 2 -1 2 2 2 2 
1 1 -1 1 2 1 -1 8 1 -1 1 -1 2 -1 2 2 2 2 2 2 
2 1 1 -1 -1 8 1 1 -1 9 1 1 -1 -1 2 2 2 -1 1 2 
-1 1 1 1 -1 8 8 -1 1 9 9 1 1 -1 -1 2 -1 2 1 2 
2 -1 -1 -1 -1 -1 -1 -1 1 -1 1 1 -1 1 1 1 -1 2 2 2 
2 2 2 -1 -1 2 -1 -1 -1 9 8 -1 1 2 1 2 2 2 2 2 
2 2 -1 -1 -1 -1 4 -1 -1 1 8 8 -1 2 2 1 2 2 -1 -1 
-1 2 2 -1 2 1 1 4 -1 1 1 8 2 2 -1 -1 2 -1 -1 -1 
-1 -1 -1 2 1 1 4 1 1 1 8 -1 -1 -1 2 2 2 -1 -1 -1 
-1 -1 -1 2 -1 1 1 1 8 1 -1 -1 -1 -1 -1 2 2 2 2 -1 
2 2 2 2 2 2 1 8 8 2 2 -1 2 -1 2 -1 -1 2 2 -1 
2 2 2 -1 -1 1 -1 2 1 1 -1 -1 -1 -1 -1 -1 2 -1 2 2 
8 8 8 -1 -1 -1 2 1 2 2 2 2 2 -1 -1 2 -1 2 2 2 
-1 -1 2 -1 2 -1 -1 -1 -1 2 2 2 2 -1 2 -1 -1 -1 1 8 
1 -1 8 2 8 2 -1 -1 2 -1 2 -1 2 2 2 -1 -1 -1 1 1 
-1 -1 -1 8 8 -1 -1 -1 8 2 2 -1 -1 -1 2 -1 1 1 1 1 
-1 1 8 8 1 8 -1 -1 -1 8 1 8 1 1 1 -1 -1 -1 -1 -1 
-1 -1 1 8 1 -1 8 -1 -1 8 -1 1 8 1 1 -1 -1 -1 -1 -1 
1 1 1 1 1 1 1 1 -1 -1 1 1 1 1 -1 -1 2 2 -1 2 
2 1 1 1 1 1 1 2 -1 2 -1 1 1 -1 -1 -1 2 -1 -1 2 
1 -1 1 1 1 2 2 1 1 -1 2 1 1 -1 -1 2 2 -1 2 2 
1 -1 1 -1 1 1 -1 2 1 -1 2 2 2 1 -1 -1 -1 2 2 2 
-1 -1 -1 1 1 1 2 -1 -1 2 -1 -1 -1 -1 -1 -1 -1 2 -1 1 
-1 -1 -1 1 -1 -1 -1 -1 -1 -1 -1 -1 -1 1 1 1 -1 1 -1 -1 
-1 -1 -1 1 -1 -1 -1 -1 -1 -1 -1 1 1 1 1 1 1 1 -1 -1 
-1 -1 -1 -1 1 1 -1 -1 -1 -1 -1 -1 1 1 1 1 1 -1 1 -1 
1 1 -1 -1 1 -1 -1 -1 -1 -1 -1 -1 -1 1 1 1 -1 1 -1 -1 
-1 1 1 -1 -1 1 -1 2 -1 -1 -1 2 2 1 1 -1 -1 -1 -1 -1 
-1 1 1 1 -1 -1 1 -1 -1 -1 -1 -1 2 2 2 1 -1 1 -1 -1 
1 1 1 1 -1 1 -1 -1 -1 -1 -1 1 1 -1 -1 -1 -1 -1 1 -1 
1 1 1 -1 1 1 -1 -1 -1 -1 1 1 1 -1 -1 -1 -1 -1 1 1 
1 1 1 1 1 1 1 -1 -1 -1 1 1 -1 1 -1 -1 -1 -1 1 -1 
1 1 1 1 1 2 2 -1 -1 -1 -1 -1 -1 -1 1 -1 -1 -1 1 1 
1 1 1 1 1 2 2 -1 -1 -1 -1 -1 1 1 1 -1 1 1 1 -1 
1 1 -1 -1 1 1 2 2 -1 -1 -1 -1 -1 1 1 -1 -1 1 2 1 
-1 -1 2 -1 -1 1 1 -1 -1 -1 -1 -1 1 1 2 2 -1 1 1 -1 
2 2 2 -1 -1 1 -1 2 -1 1 1 -1 1 2 -1 2 1 1 -1 -1 
1 1 1 1 1 1 1 1 1 1 -1 1 1 1 1 -1 2 2 -1 2 
-1 1 1 1 2 -1 -1 -1 2 1 -1 -1 -1 -1 -1 -1 -1 1 1 2 
1 1 1 2 -1 -1 4 4 1 1 1 1 -1 -1 -1 -1 -1 2 -1 -1 
1 1 -1 2 2 -1 1 1 1 1 1 1 -1 1 -1 -1 2 2 -1 -1 
1 1 1 1 2 -1 2 1 1 1 1 1 1 1 1 1 -1 2 1 1 
1 1 1 2 2 2 2 2 1 1 -1 1 -1 1 1 2 2 2 1 1 
-1 1 1 1 2 2 -1 1 2 2 1 1 -1 1 2 1 2 2 2 1 
-1 1 1 -1 1 -1 -1 2 1 1 1 1 1 1 1 2 2 2 2 -1 
2 -1 2 -1 -1 2 1 1 2 -1 -1 2 1 2 1 2 2 2 -1 2 
2 2 2 2 2 -1 1 1 2 -1 1 -1 2 2 -1 2 2 -1 -1 -1 
2 2 2 -1 2 -1 1 2 1 1 -1 1 2 -1 -1 -1 2 2 -1 -1 
2 2 2 -1 -1 1 2 1 1 2 2 2 2 -1 -1 -1 2 2 -1 2 
2 2 2 -1 1 1 -1 2 1 2 2 1 2 -1 -1 -1 -1 -1 -1 -1 
-1 -1 1 1 1 1 2 2 1 2 -1 -1 1 -1 -1 -1 -1 1 -1 2 
2 1 1 1 1 2 2 2 2 2 -1 -1 -1 -1 2 -1 -1 1 1 2 
2 1 -1 -1 1 -1 1 2 2 2 2 2 2 2 -1 -1 -1 -1 -1 -1 
-1 1 1 -1 -1 1 -1 1 -1 2 2 2 -1 2 -1 1 1 1 -1 -1 
-1 1 1 1 2 2 -1 -1 2 2 2 2 -1 -1 -1 -1 -1 -1 -1 -1 
1 1 2 1 2 -1 1 -1 2 2 2 -1 -1 -1 -1 1 1 1 -1 1 
1 -1 1 2 -1 -1 1 1 2 -1 -1 2 -1 -1 -1 -1 1 1 1 1 
1 1 -1 1 -1 1 1 -1 -1 2 2 2 1 1 -1 -1 -1 -1 2 -1 
-1 -1 -1 1 -1 -1 1 -1 2 2 2 2 2 2 2 2 -1 -1 -1 2 
2 -1 -1 -1 -1 -1 1 2 2 2 2 2 2 2 2 2 -1 -1 -1 -1 
-1 -1 -1 -1 -1 -1 -1 -1 2 -1 2 2 2 8 2 2 2 -1 -1 1 
-1 -1 -1 -1 -1 -1 -1 2 2 2 2 2 2 2 8 2 2 2 -1 -1 
1 -1 -1 -1 -1 1 -1 2 2 1 2 2 2 2 8 2 2 2 -1 -1 
-1 1 1 -1 1 1 2 2 2 1 1 2 2 2 8 -1 2 -1 -1 -1 
-1 -1 1 1 1 2 2 1 1 2 1 -1 -1 -1 -1 -1 -1 -1 -1 -1 
1 -1 -1 -1 1 1 1 1 -1 1 1 1 -1 -1 -1 -1 -1 -1 -1 -1 
-1 -1 -1 1 1 1 1 -1 -1 1 1 1 -1 -1 -1 -1 1 1 -1 1 
-1 -1 -1 -1 -1 -1 1 -1 -1 1 1 1 1 -1 -1 -1 1 -1 1 -1 
2 -1 1 -1 -1 -1 2 2 -1 1 1 1 1 -1 -1 -1 -1 1 1 2 
2 2 1 1 1 -1 2 -1 -1 -1 1 -1 -1 -1 -1 -1 1 -1 -1 1 
2 2 -1 2 -1 -1 2 -1 -1 1 -1 -1 -1 -1 -1 1 1 -1 1 2 
2 2 2 -1 -1 -1 1 -1 -1 1 1 -1 -1 -1 -1 -1 -1 2 -1 2 
2 2 2 -1 1 1 1 1 1 -1 -1 -1 -1 -1 -1 -1 -1 -1 -1 2 
-1 2 2 -1 -1 1 -1 -1 -1 1 -1 -1 1 1 -1 -1 -1 -1 -1 -1 
-1 -1 2 1 1 1 -1 1 1 -1 1 1 -1 2 -1 -1 -1 -1 -1 2 
2 -1 2 2 1 1 1 -1 1 1 -1 -1 -1 2 2 2 -1 -1 -1 2 
2 2 2 2 2 1 -1 1 -1 1 -1 -1 2 2 2 -1 -1 -1 -1 2 
2 -1 -1 -1 1 1 1 1 1 2 2 2 2 2 -1 -1 -1 -1 2 2 
-1 -1 -1 2 2 -1 2 -1 -1 -1 -1 -1 -1 1 1 -1 -1 1 -1 1 
1 1 -1 2 -1 2 -1 -1 2 -1 -1 -1 1 1 1 1 -1 -1 1 1 
1 1 -1 -1 -1 -1 -1 2 2 -1 -1 -1 -1 1 1 1 1 1 1 -1 
-1 1 1 1 -1 -1 -1 -1 2 2 -1 -1 -1 -1 1 1 1 1 1 -1 
1 -1 -1 1 -1 -1 2 2 2 2 2 -1 -1 -1 -1 -1 1 -1 -1 1 
-1 -1 -1 -1 -1 2 2 2 2 2 2 -1 2 2 2 -1 2 -1 -1 -1 
-1 -1 -1 -1 -1 2 2 2 -1 2 2 2 2 -1 -1 -1 -1 2 -1 -1 
1 2 -1 2 2 -1 -1 2 2 2 2 2 2 2 -1 -1 -1 -1 -1 2 
1 2 2 2 -1 2 -1 -1 -1 -1 2 2 -1 2 2 -1 -1 -1 2 2 
1 1 1 2 2 -1 2 2 -1 -1 -1 -1 -1 -1 -1 -1 -1 2 -1 1 
1 2 2 2 2 2 -1 -1 -1 -1 -1 -1 -1 -1 -1 -1 1 1 -1 1 
1 -1 2 2 2 2 2 -1 -1 -1 -1 -1 -1 -1 -1 1 1 1 1 2 
-1 -1 -1 -1 2 2 -1 -1 -1 -1 -1 -1 -1 -1 -1 -1 1 1 1 1 
1 -1 -1 -1 8 -1 -1 1 -1 -1 -1 2 -1 -1 -1 -1 -1 -1 -1 -1 
-1 1 -1 1 -1 -1 -1 1 -1 1 -1 -1 -1 -1 -1 -1 -1 -1 -1 -1 
-1 -1 1 1 1 -1 1 -1 1 1 1 -1 -1 -1 -1 -1 -1 -1 -1 -1 
-1 -1 1 1 -1 -1 1 -1 -1 1 1 -1 -1 -1 -1 -1 -1 -1 -1 -1 
-1 -1 2 1 -1 2 -1 -1 -1 -1 -1 -1 -1 -1 -1 -1 -1 -1 1 1 
-1 -1 2 -1 2 2 -1 -1 -1 -1 -1 -1 -1 -1 1 -1 -1 -1 1 -1 
-1 -1 -1 2 2 2 -1 2 -1 -1 -1 -1 -1 1 -1 -1 -1 1 1 1 
1 -1 1 -1 -1 -1 -1 -1 -1 -1 -1 -1 -1 -1 -1 -1 -1 -1 -1 1 
-1 1 -1 -1 -1 -1 -1 -1 -1 -1 -1 -1 -1 -1 -1 -1 1 -1 1 -1 
-1 -1 -1 -1 -1 -1 -1 -1 -1 -1 -1 -1 -1 -1 -1 2 -1 1 1 -1 
-1 -1 -1 -1 -1 -1 -1 -1 2 -1 -1 2 -1 -1 -1 -1 -1 1 -1 -1 
-1 -1 1 1 -1 -1 -1 -1 2 -1 2 2 -1 1 -1 -1 -1 -1 -1 -1 
-1 -1 1 1 -1 -1 -1 1 1 2 -1 -1 -1 -1 1 1 1 1 1 1 
-1 1 1 1 1 1 1 1 -1 -1 -1 -1 -1 -1 1 1 -1 1 1 1 
-1 1 1 1 1 1 1 1 1 -1 -1 -1 -1 -1 1 1 1 -1 1 -1 
-1 -1 -1 -1 1 1 1 1 1 -1 -1 -1 -1 -1 -1 -1 1 -1 -1 -1 
-1 -1 -1 -1 1 1 1 1 -1 -1 -1 -1 -1 -1 -1 -1 -1 1 1 -1 
-1 -1 -1 -1 -1 1 -1 -1 -1 -1 -1 -1 -1 -1 -1 -1 -1 -1 -1 -1 
-1 -1 -1 -1 -1 -1 -1 -1 -1 -1 -1 2 -1 -1 -1 -1 -1 -1 -1 -1 
-1 -1 -1 -1 -1 -1 -1 -1 -1 2 -1 -1 2 -1 -1 -1 -1 -1 -1 -1 
-1 -1 2 -1 -1 -1 -1 -1 -1 2 2 2 -1 2 2 -1 -1 -1 -1 -1 
-1 -1 -1 -1 -1 -1 -1 -1 2 2 2 2 2 -1 -1 -1 -1 -1 -1 -1 
-1 -1 -1 -1 -1 -1 -1 2 -1 -1 2 2 -1 -1 -1 1 -1 -1 -1 -1 
-1 -1 -1 -1 -1 -1 -1 2 -1 -1 2 2 -1 -1 -1 -1 -1 -1 -1 -1 
-1 -1 -1 -1 -1 -1 -1 -1 2 2 2 2 -1 -1 -1 -1 -1 -1 -1 -1 
-1 -1 1 1 -1 -1 -1 -1 -1 2 -1 -1 -1 -1 -1 -1 -1 -1 -1 -1 
-1 -1 -1 1 -1 -1 -1 -1 -1 -1 -1 -1 -1 -1 -1 -1 -1 -1 -1 -1 
1 -1 -1 -1 2 -1 -1 1 -1 -1 -1 -1 -1 -1 -1 -1 -1 2 2 1 
2 2 -1 1 1 -1 1 1 1 -1 1 -1 -1 -1 1 1 -1 -1 2 2 
-1 1 1 -1 -1 -1 -1 -1 -1 -1 1 -1 -1 -1 4 -1 -1 2 1 -1 
-1 1 -1 -1 -1 -1 -1 -1 -1 -1 1 1 1 1 1 1 1 -1 -1 1 
1 1 1 -1 -1 -1 -1 -1 -1 -1 4 1 1 1 1 1 -1 -1 -1 -1 
1 1 1 1 -1 -1 -1 -1 -1 4 -1 -1 -1 4 -1 -1 -1 -1 -1 -1 
1 1 -1 1 -1 -1 2 -1 -1 2 2 -1 -1 -1 -1 -1 -1 -1 -1 -1 
-1 -1 -1 -1 2 2 2 2 2 -1 2 -1 -1 -1 -1 -1 -1 -1 -1 -1 
-1 -1 -1 -1 2 -1 -1 2 -1 -1 2 -1 -1 -1 -1 -1 -1 -1 -1 -1 
-1 -1 -1 -1 -1 -1 -1 -1 2 2 2 -1 -1 -1 -1 -1 -1 -1 -1 -1 
-1 -1 -1 -1 -1 -1 -1 -1 2 2 -1 -1 -1 -1 -1 -1 -1 2 -1 -1 
-1 -1 -1 -1 -1 -1 -1 -1 -1 2 -1 -1 -1 -1 -1 -1 2 -1 -1 -1 
-1 -1 -1 -1 -1 -1 -1 1 -1 2 2 -1 -1 -1 -1 2 -1 -1 -1 -1 
-1 -1 1 -1 1 -1 1 1 1 -1 -1 2 -1 -1 2 -1 -1 -1 -1 -1 
-1 -1 1 1 1 -1 1 1 1 -1 -1 -1 -1 -1 -1 -1 -1 -1 -1 -1 
-1 -1 1 1 1 -1 1 1 1 1 -1 -1 -1 -1 -1 -1 -1 -1 -1 -1 
-1 -1 -1 1 1 1 1 1 1 -1 -1 -1 -1 -1 -1 -1 -1 -1 2 -1 
-1 -1 -1 1 -1 2 -1 -1 1 -1 -1 -1 -1 -1 -1 -1 2 2 -1 -1 
-1 -1 1 1 1 -1 2 1 1 -1 -1 -1 -1 -1 -1 -1 -1 2 2 2 
2 1 1 1 -1 2 1 -1 -1 -1 -1 -1 -1 -1 -1 2 2 2 2 -1 
-1 -1 -1 -1 -1 -1 -1 -1 -1 -1 1 -1 -1 -1 -1 -1 -1 -1 -1 -1 
-1 -1 -1 -1 -1 -1 -1 -1 -1 -1 -1 1 -1 -1 1 -1 -1 -1 -1 -1 
-1 -1 -1 -1 -1 -1 -1 -1 -1 -1 1 1 1 -1 1 -1 -1 -1 -1 -1 
1 1 -1 -1 4 -1 -1 4 -1 -1 1 1 -1 -1 -1 1 -1 -1 1 1 
1 1 1 4 1 4 4 -1 -1 -1 -1 -1 -1 -1 -1 -1 -1 -1 1 -1 
1 1 4 1 1 1 1 4 4 -1 -1 -1 1 -1 -1 2 2 -1 -1 1 
1 -1 -1 4 1 4 4 4 4 2 1 1 1 -1 2 -1 -1 1 1 1 
1 -1 -1 -1 4 -1 -1 -1 2 2 2 1 1 -1 -1 -1 -1 1 1 -1 
-1 -1 -1 -1 -1 -1 -1 -1 -1 2 1 1 -1 -1 -1 -1 -1 -1 -1 1 
-1 -1 -1 -1 -1 -1 -1 -1 -1 1 1 1 -1 2 2 -1 -1 2 -1 -1 
-1 -1 -1 -1 -1 -1 -1 -1 -1 1 1 -1 -1 -1 2 -1 -1 2 -1 -1 
-1 -1 -1 -1 -1 -1 -1 -1 -1 -1 1 2 -1 2 -1 2 2 -1 2 -1 
-1 -1 -1 -1 1 -1 -1 -1 -1 2 2 -1 -1 2 2 -1 -1 -1 -1 2 
-1 -1 1 -1 1 1 -1 -1 -1 -1 2 -1 -1 -1 -1 -1 -1 -1 -1 -1 
-1 1 1 1 1 1 1 -1 -1 -1 -1 -1 -1 -1 -1 -1 -1 -1 -1 -1 
1 1 -1 -1 -1 1 1 1 1 -1 -1 -1 -1 -1 -1 -1 -1 -1 -1 -1 
1 -1 -1 -1 -1 1 1 1 -1 -1 -1 -1 -1 -1 -1 -1 -1 -1 -1 1 
-1 1 -1 -1 -1 2 -1 1 1 -1 -1 -1 -1 -1 -1 -1 -1 -1 -1 -1 
-1 -1 -1 -1 -1 -1 -1 1 1 -1 -1 -1 -1 -1 -1 -1 -1 -1 -1 -1 
-1 -1 -1 -1 -1 -1 -1 -1 -1 -1 -1 -1 -1 -1 -1 -1 -1 -1 -1 -1 
-1 -1 -1 -1 -1 -1 -1 -1 -1 -1 1 -1 -1 -1 2 -1 -1 -1 -1 -1 
-1 4 4 -1 -1 -1 -1 -1 -1 1 1 -1 -1 -1 -1 2 -1 -1 -1 -1 
1 4 4 -1 -1 -1 -1 -1 -1 -1 -1 -1 -1 -1 -1 2 -1 -1 -1 4 
4 -1 -1 -1 -1 -1 -1 -1 -1 -1 -1 -1 -1 -1 -1 2 2 -1 4 1 
1 1 -1 1 -1 -1 -1 -1 -1 -1 -1 4 4 -1 -1 4 2 2 4 1 
4 1 1 -1 -1 -1 -1 -1 -1 -1 -1 4 4 4 2 4 4 -1 1 1 
1 1 1 -1 4 -1 -1 -1 -1 4 4 4 4 4 4 -1 4 4 -1 4 
-1 1 -1 -1 4 4 -1 -1 -1 1 1 4 4 4 1 2 4 4 4 4 
-1 -1 -1 4 -1 -1 -1 1 1 1 1 1 2 -1 1 4 4 -1 -1 -1 
-1 -1 -1 -1 -1 -1 -1 1 1 -1 1 1 1 1 1 4 4 -1 2 -1 
-1 -1 -1 -1 1 -1 1 -1 1 1 1 1 1 4 1 2 1 -1 -1 2 
-1 -1 -1 1 4 4 -1 2 2 2 1 1 1 1 -1 2 2 1 -1 -1 
2 -1 -1 4 1 -1 2 2 2 -1 2 -1 -1 2 -1 2 1 -1 -1 2 
-1 4 4 4 1 1 2 -1 2 2 -1 -1 -1 2 2 1 1 4 -1 2 
2 4 4 4 -1 -1 1 -1 -1 -1 -1 -1 2 2 -1 2 -1 -1 4 2 
2 4 4 4 -1 1 -1 -1 -1 -1 -1 -1 -1 -1 2 2 -1 4 -1 2 
2 2 4 4 4 1 -1 1 -1 -1 -1 -1 -1 -1 -1 2 1 -1 2 2 
-1 2 -1 2 -1 -1 1 -1 -1 -1 1 -1 -1 -1 -1 1 -1 2 2 2 
-1 -1 -1 2 2 2 2 1 1 1 1 1 -1 -1 -1 -1 1 -1 -1 -1 
-1 -1 -1 -1 2 2 2 1 1 1 1 -1 -1 -1 2 -1 -1 -1 -1 -1 
2 2 -1 4 -1 -1 1 -1 -1 -1 -1 -1 -1 -1 -1 -1 2 2 2 2 
2 -1 -1 -1 4 -1 -1 -1 2 -1 -1 -1 -1 -1 -1 -1 -1 -1 2 2 
2 -1 -1 -1 -1 4 -1 -1 2 -1 -1 -1 -1 -1 -1 -1 1 -1 2 2 
-1 -1 -1 -1 -1 4 -1 -1 -1 -1 -1 -1 2 2 -1 1 1 -1 -1 -1 
4 -1 -1 -1 -1 -1 1 1 -1 -1 -1 -1 -1 2 -1 2 1 1 -1 -1 
-1 -1 -1 -1 -1 -1 -1 1 1 -1 -1 -1 -1 -1 -1 2 4 -1 4 4 
4 -1 -1 -1 -1 -1 -1 -1 1 -1 -1 2 -1 -1 2 -1 -1 4 4 4 
4 -1 -1 -1 -1 -1 -1 -1 -1 4 1 1 2 2 -1 2 -1 -1 -1 4 
-1 -1 -1 -1 -1 4 -1 -1 -1 4 -1 -1 2 1 -1 1 2 -1 -1 -1 
-1 -1 -1 -1 4 -1 -1 -1 -1 4 -1 -1 -1 4 1 -1 -1 -1 -1 -1 
-1 -1 -1 -1 -1 -1 -1 -1 4 -1 -1 4 2 2 2 4 4 -1 -1 -1 
-1 -1 -1 -1 -1 -1 -1 1 -1 -1 4 4 -1 2 2 -1 -1 -1 -1 -1 
-1 -1 -1 -1 -1 -1 -1 1 1 1 4 -1 4 -1 2 2 -1 -1 -1 -1 
-1 -1 -1 -1 -1 -1 1 1 1 -1 -1 -1 4 4 2 -1 -1 -1 1 -1 
-1 -1 -1 -1 -1 -1 -1 -1 1 -1 -1 -1 -1 -1 -1 -1 -1 1 2 2 
-1 -1 -1 -1 -1 -1 -1 -1 -1 -1 -1 -1 -1 -1 -1 -1 -1 1 -1 2 
-1 -1 -1 -1 1 1 -1 1 -1 -1 -1 -1 -1 -1 -1 -1 -1 -1 2 -1 
-1 -1 -1 -1 1 1 1 -1 -1 -1 2 2 -1 -1 -1 -1 -1 -1 -1 -1 
-1 -1 -1 4 1 1 1 -1 -1 -1 -1 -1 -1 -1 -1 -1 2 2 -1 -1 
-1 2 -1 4 4 4 -1 1 -1 -1 -1 -1 -1 -1 -1 4 2 2 2 2 
-1 1 1 1 -1 -1 2 2 -1 4 2 -1 2 1 2 -1 -1 -1 -1 -1 
1 1 1 1 -1 -1 -1 2 -1 -1 4 -1 2 2 2 -1 -1 1 -1 -1 
-1 1 1 -1 1 -1 -1 -1 -1 4 4 4 -1 -1 2 -1 -1 -1 1 1 
1 -1 -1 -1 -1 -1 -1 -1 4 4 4 -1 4 4 -1 -1 -1 -1 1 1 
-1 -1 -1 -1 -1 -1 -1 -1 4 4 -1 4 2 2 -1 -1 -1 1 1 1 
1 -1 -1 -1 -1 5 4 -1 4 4 4 4 2 2 2 2 1 1 -1 1 
-1 -1 1 -1 5 5 4 4 4 4 4 2 -1 -1 2 2 -1 1 1 1 
-1 -1 -1 -1 5 1 1 -1 4 4 4 -1 -1 -1 -1 -1 2 -1 1 1 
1 -1 -1 4 4 4 4 2 4 4 4 -1 4 -1 -1 -1 -1 1 -1 1 
-1 -1 -1 -1 4 4 4 2 2 4 1 4 1 1 -1 1 1 -1 1 -1 
-1 -1 1 -1 -1 1 -1 2 2 4 4 4 1 1 -1 -1 -1 -1 -1 -1 
1 -1 1 -1 -1 -1 -1 -1 2 2 -1 -1 1 2 2 -1 -1 -1 -1 -1 
1 1 -1 -1 -1 -1 -1 -1 -1 2 -1 1 -1 2 -1 -1 -1 -1 1 -1 
1 -1 -1 -1 -1 -1 -1 1 1 2 2 -1 -1 -1 -1 -1 -1 -1 1 1 
1 -1 -1 -1 4 -1 1 1 1 1 -1 -1 -1 -1 -1 -1 -1 -1 -1 1 
4 -1 -1 -1 4 4 4 4 -1 -1 1 -1 -1 -1 -1 -1 -1 -1 -1 -1 
-1 4 -1 4 4 -1 -1 4 -1 -1 -1 1 2 -1 -1 -1 -1 -1 -1 -1 
4 -1 4 4 4 4 4 2 -1 -1 -1 -1 2 -1 -1 -1 -1 -1 -1 4 
1 4 -1 4 4 4 4 5 -1 -1 -1 -1 1 1 1 -1 -1 -1 4 4 
-1 -1 4 4 -1 5 5 4 -1 2 -1 -1 1 1 -1 -1 -1 -1 -1 -1 
-1 4 -1 4 2 1 1 4 1 -1 -1 4 -1 3 3 3 3 -1 -1 -1 
-1 -1 4 2 1 1 1 4 1 -1 -1 -1 3 2 3 3 3 -1 -1 -1 
-1 -1 4 2 -1 4 1 4 4 -1 -1 -1 1 2 -1 3 -1 -1 -1 -1 
-1 -1 -1 -1 -1 -1 4 4 -1 -1 -1 1 1 1 1 3 3 -1 -1 -1 
-1 -1 -1 -1 -1 -1 4 -1 -1 1 1 -1 1 -1 3 3 -1 -1 -1 -1 
-1 -1 -1 -1 -1 -1 4 4 1 1 -1 -1 -1 -1 -1 -1 -1 -1 -1 -1 
-1 -1 -1 -1 -1 -1 4 4 -1 1 1 2 -1 -1 -1 -1 -1 -1 -1 -1 
-1 -1 -1 -1 -1 2 2 -1 2 2 1 1 -1 1 1 -1 -1 2 -1 -1 
-1 -1 1 -1 -1 2 2 2 -1 2 1 1 1 4 4 1 1 -1 4 4 
4 1 1 1 -1 -1 2 -1 2 2 1 8 1 -1 4 4 4 4 4 2 
2 -1 2 2 1 -1 8 8 2 2 -1 1 -1 1 -1 4 4 -1 4 1 
2 2 2 -1 -1 -1 8 8 8 4 4 1 -1 1 4 4 1 -1 1 1 
1 2 1 2 -1 1 2 4 4 4 1 1 1 -1 -1 1 -1 1 1 1 
-1 -1 1 -1 1 4 4 4 4 -1 1 -1 -1 -1 -1 -1 -1 1 1 1 
-1 1 -1 1 1 -1 4 4 2 -1 4 -1 -1 -1 -1 -1 2 -1 1 1 
4 4 4 4 1 -1 -1 -1 -1 -1 -1 4 -1 -1 3 -1 4 2 -1 -1 
4 1 -1 2 4 -1 -1 -1 -1 -1 -1 -1 4 3 4 4 1 -1 -1 -1 
1 1 1 -1 5 -1 -1 -1 -1 1 -1 -1 -1 2 3 4 1 -1 -1 4 
1 4 4 2 -1 4 -1 1 1 -1 1 4 4 2 -1 1 1 -1 -1 1 
4 4 -1 2 4 1 1 1 1 1 4 4 4 4 2 1 -1 -1 -1 1 
4 4 4 4 -1 4 4 4 4 -1 2 -1 -1 -1 -1 -1 -1 -1 -1 4 
1 -1 2 4 4 4 4 1 1 -1 -1 1 -1 -1 -1 1 -1 4 4 4 
1 2 4 4 -1 4 -1 4 1 4 1 -1 -1 1 -1 -1 -1 -1 4 4 
4 -1 4 1 1 -1 4 4 4 4 2 2 2 1 -1 -1 -1 -1 4 4 
1 4 1 1 4 2 -1 1 4 4 -1 2 1 -1 2 2 2 -1 -1 -1 
1 1 1 1 2 4 1 1 4 -1 4 1 2 4 2 2 1 -1 4 1 
1 1 1 3 3 4 4 4 -1 -1 4 1 1 1 4 2 2 1 2 4 
1 1 1 3 1 4 -1 4 -1 -1 -1 2 1 4 4 4 4 2 1 4 
-1 -1 -1 3 1 -1 4 4 4 2 1 1 1 -1 2 4 -1 4 4 4 
-1 4 4 -1 1 4 -1 -1 4 -1 2 1 2 2 -1 2 4 4 4 4 
4 4 4 -1 -1 -1 -1 -1 -1 -1 -1 4 1 1 4 4 4 4 4 4 
4 4 4 4 -1 -1 -1 -1 -1 -1 -1 1 2 2 -1 8 4 4 4 4 
4 4 4 5 5 4 -1 -1 4 4 -1 1 2 4 2 -1 -1 32 4 -1 
-1 4 4 5 4 4 4 -1 2 2 4 -1 2 2 4 1 2 32 -1 2 
-1 -1 4 5 5 4 5 -1 -1 2 5 -1 2 2 4 2 1 1 1 -1 
4 4 4 4 5 5 5 5 5 4 -1 2 2 4 4 1 4 1 4 4 
-1 4 -1 4 4 5 -1 5 4 5 -1 2 2 1 1 1 1 -1 4 4 
4 -1 4 4 4 -1 4 4 4 -1 2 -1 2 1 1 -1 1 4 -1 4 
4 -1 4 4 4 4 4 4 4 -1 2 2 -1 -1 -1 1 1 4 4 -1 
4 4 4 4 4 -1 4 4 4 4 -1 2 -1 -1 -1 -1 -1 -1 4 4 
4 -1 4 1 1 -1 1 4 -1 1 4 -1 -1 8 -1 4 -1 4 -1 -1 
-1 4 1 4 -1 -1 4 4 4 1 4 -1 -1 8 8 4 -1 4 4 4 
4 4 4 1 -1 -1 4 4 2 2 -1 4 4 4 5 8 8 -1 4 -1 
4 1 4 4 32 4 -1 -1 2 2 4 4 4 4 4 4 8 1 -1 4 
1 1 4 -1 4 -1 4 4 4 4 4 4 4 4 1 1 1 1 1 4 
4 -1 4 4 4 4 4 4 4 -1 8 4 4 4 4 1 -1 -1 4 4 
-1 4 4 4 4 -1 -1 4 8 8 -1 4 -1 4 4 4 -1 4 4 -1 
4 4 4 4 4 -1 -1 8 8 8 4 4 4 4 4 1 -1 1 1 -1 
4 4 4 2 4 4 -1 1 1 8 4 4 4 4 4 1 1 1 1 -1 
-1 -1 -1 4 4 4 1 8 8 -1 8 4 4 4 4 4 -1 4 4 -1 
-1 -1 -1 2 2 4 -1 1 -1 -1 4 4 4 4 4 4 4 4 4 4 
4 -1 2 -1 2 1 4 4 -1 -1 4 4 -1 -1 4 4 4 4 4 4 
9 -1 2 2 -1 4 4 4 -1 -1 -1 4 -1 -1 4 4 4 4 8 8 
8 8 8 -1 2 4 -1 -1 4 4 -1 4 4 4 4 4 4 4 9 8 
8 9 4 2 4 2 -1 -1 4 4 4 -1 4 -1 4 4 -1 4 9 4 
9 4 9 4 4 4 4 4 1 4 -1 4 4 4 -1 4 4 4 4 9 
8 4 4 4 4 4 1 4 1 4 4 4 -1 4 -1 -1 4 4 4 4 
4 4 4 -1 -1 4 -1 4 1 1 1 4 -1 -1 -1 4 4 4 4 -1 
-1 -1 4 -1 4 -1 -1 1 1 1 4 -1 -1 -1 4 4 4 4 4 -1 
-1 -1 1 1 -1 1 1 -1 4 -1 -1 -1 -1 4 8 4 4 4 4 -1 
4 4 4 4 4 8 1 1 1 1 1 -1 -1 1 1 1 2 -1 -1 4 
4 4 4 4 8 8 -1 1 1 -1 -1 -1 -1 -1 -1 1 1 1 9 9 
1 -1 4 4 4 4 -1 -1 -1 -1 -1 -1 -1 -1 -1 1 1 1 9 9 
1 1 1 -1 4 4 4 4 4 4 -1 -1 -1 -1 -1 -1 -1 1 1 -1 
1 4 4 4 -1 -1 4 4 5 5 4 -1 -1 -1 -1 -1 -1 -1 1 -1 
-1 1 -1 4 -1 4 4 4 -1 -1 -1 -1 2 -1 -1 1 -1 1 1 1 
-1 4 4 4 4 4 4 -1 -1 4 -1 -1 2 2 1 1 1 1 4 4 
-1 1 2 4 -1 4 4 4 4 4 1 2 2 1 1 -1 1 -1 4 -1 
4 1 2 4 4 4 4 4 -1 4 4 1 8 8 1 1 4 1 -1 1 
1 2 4 4 -1 -1 4 -1 -1 8 -1 4 1 -1 1 1 2 9 1 1 
1 2 -1 4 -1 -1 8 8 8 8 8 -1 2 2 2 2 2 1 1 1 
-1 3 3 4 -1 -1 8 8 8 4 -1 -1 -1 2 2 2 2 2 1 1 
-1 8 -1 1 -1 -1 -1 8 -1 8 4 4 -1 4 2 2 2 -1 2 2 
-1 8 2 1 -1 1 -1 4 4 8 4 4 4 -1 -1 2 -1 2 -1 -1 
-1 8 8 2 1 8 8 4 4 4 -1 4 4 -1 -1 -1 -1 2 4 -1 
-1 -1 -1 8 8 8 4 -1 1 1 -1 -1 4 4 -1 2 2 -1 -1 -1 
9 -1 9 9 1 8 4 1 1 1 8 -1 8 4 2 -1 8 -1 -1 -1 
9 9 9 1 1 8 8 -1 1 8 8 8 8 -1 -1 2 -1 8 -1 -1 
-1 9 -1 1 1 1 1 1 1 1 8 8 -1 -1 1 8 4 2 -1 -1 
4 4 4 -1 8 1 1 1 1 1 1 -1 -1 1 2 8 2 4 8 -1 
8 -1 8 8 8 8 -1 1 1 1 -1 1 -1 1 1 1 1 1 8 8 
8 8 8 -1 8 8 8 1 1 -1 1 1 1 1 1 1 1 1 8 8 
8 8 8 1 3 1 8 8 1 1 1 8 1 1 1 1 1 9 8 8 
-1 -1 8 9 3 -1 1 8 1 1 1 8 1 1 1 1 9 9 1 1 
-1 8 9 9 3 8 1 -1 8 1 1 -1 1 4 -1 8 1 8 1 1 
9 9 1 8 9 1 1 8 8 -1 -1 -1 4 4 -1 8 8 8 8 8 
8 1 8 9 1 8 3 3 8 -1 8 8 -1 4 8 8 8 8 8 8 
8 8 -1 8 9 -1 3 8 8 8 -1 -1 -1 -1 8 8 -1 8 -1 8 
8 8 8 8 9 9 8 8 8 8 8 -1 -1 -1 -1 -1 8 8 8 -1 
8 -1 8 8 -1 8 2 8 8 8 -1 8 8 8 -1 8 2 8 2 -1 
8 8 8 8 8 8 2 2 8 -1 -1 4 -1 -1 8 8 -1 8 -1 -1 
8 8 8 8 8 8 8 8 8 -1 -1 -1 8 -1 8 8 8 8 8 8 
8 8 8 8 -1 8 8 -1 8 -1 4 4 8 4 -1 8 8 8 8 8 
8 8 8 8 8 -1 8 4 -1 4 -1 8 8 8 8 8 8 8 8 8 
8 8 8 8 8 8 8 -1 4 -1 1 1 8 8 8 8 8 8 8 8 
8 8 8 8 8 8 -1 4 4 4 -1 1 1 8 8 8 8 8 8 8 
8 8 8 8 8 8 8 8 4 4 -1 1 1 1 1 1 1 8 8 8 
8 8 8 8 8 8 8 8 8 4 4 1 1 1 1 1 1 1 8 8 
-1 8 8 8 8 8 8 8 8 4 8 -1 1 1 1 1 1 1 8 8 
8 8 8 -1 -1 8 8 8 -1 1 8 -1 1 -1 1 1 1 1 8 8 
8 -1 8 8 8 2 2 1 1 1 8 1 1 -1 1 -1 -1 -1 8 -1 
8 8 8 8 2 2 2 -1 -1 1 1 8 1 1 1 1 -1 8 -1 8 
8 8 8 8 -1 -1 -1 8 8 8 -1 1 1 1 1 -1 -1 -1 -1 8 
8 8 8 8 8 -1 -1 -1 8 -1 1 -1 -1 -1 -1 1 -1 -1 8 2 
8 8 8 8 8 -1 -1 -1 1 1 1 -1 -1 -1 -1 -1 -1 8 8 8 
3 -1 -1 8 8 -1 -1 -1 8 8 1 1 8 -1 -1 -1 2 -1 -1 8 
3 3 -1 8 9 8 -1 -1 -1 -1 1 -1 1 8 1 1 -1 8 8 8 
3 3 3 -1 8 9 -1 -1 -1 8 -1 1 8 1 1 1 1 -1 8 8 
2 3 3 3 8 -1 -1 -1 -1 -1 -1 8 -1 1 1 1 1 8 8 8 
2 2 3 -1 17 8 8 -1 -1 1 -1 -1 -1 1 1 1 1 1 8 8 
2 2 17 17 17 8 8 8 -1 -1 1 2 2 2 2 1 1 8 2 8 
2 2 17 17 -1 17 8 9 1 -1 2 2 8 -1 -1 -1 1 8 8 2 
2 2 2 2 8 8 9 9 9 1 2 2 2 2 -1 -1 1 8 8 2 
2 2 -1 8 -1 8 8 8 1 1 2 2 8 2 2 -1 8 8 8 -1 
-1 2 -1 -1 -1 -1 9 8 8 8 2 -1 2 2 2 8 8 8 8 2 
2 2 -1 -1 -1 -1 -1 8 -1 2 1 -1 -1 8 8 -1 8 8 -1 2 
2 2 8 -1 -1 1 1 -1 -1 1 1 1 1 8 8 -1 8 1 1 1 
2 -1 8 1 1 2 1 1 1 1 1 1 -1 8 8 8 1 8 1 -1 
-1 8 -1 1 1 -1 1 1 1 1 1 1 1 8 -1 1 8 8 8 1 
8 -1 8 8 8 1 2 1 1 1 1 1 1 -1 1 -1 8 8 -1 -1 
-1 1 1 -1 -1 8 8 8 -1 8 -1 2 2 2 -1 2 -1 -1 -1 -1 
1 1 1 -1 8 -1 8 -1 1 1 -1 -1 -1 1 1 -1 2 -1 -1 1 
1 1 -1 -1 2 2 2 2 -1 -1 1 -1 1 -1 -1 -1 -1 2 1 1 
1 1 2 2 2 -1 2 8 8 -1 -1 8 -1 1 1 1 -1 -1 -1 1 
1 2 -1 1 -1 2 8 2 -1 8 8 -1 8 -1 1 1 8 -1 -1 -1 
-1 2 2 1 1 2 2 2 2 -1 8 8 8 1 -1 8 1 1 1 1 
2 2 1 2 2 2 1 2 2 2 8 8 8 8 8 8 1 2 1 2 
2 2 2 2 2 2 1 2 2 2 8 -1 2 2 2 8 2 2 2 2 
2 2 2 2 2 1 1 1 2 2 -1 2 8 -1 2 2 2 2 2 2 
2 2 2 2 2 1 1 1 2 2 2 2 -1 -1 -1 2 2 2 -1 2 
2 2 2 2 2 2 2 2 2 1 2 -1 2 2 -1 -1 2 -1 -1 2 
2 2 2 2 2 2 2 2 2 2 2 2 2 2 2 2 2 -1 2 2 
2 -1 2 -1 2 2 2 2 2 2 1 -1 -1 2 2 -1 -1 2 2 2 
2 2 2 2 2 2 2 8 2 2 2 1 2 -1 2 -1 -1 2 2 2 
2 2 3 2 3 2 8 2 -1 2 2 3 2 -1 -1 -1 -1 2 2 2 
2 2 2 3 2 2 3 2 2 -1 8 -1 2 -1 2 -1 -1 2 2 2 
2 2 2 2 2 3 2 2 8 8 8 -1 -1 -1 2 -1 -1 -1 2 2 
2 2 2 2 -1 -1 2 2 8 8 8 -1 -1 -1 2 2 -1 -1 2 -1 
-1 1 -1 2 -1 8 -1 8 8 8 8 2 -1 2 2 2 -1 -1 -1 -1 
1 1 1 1 -1 8 8 -1 8 8 8 -1 2 2 2 -1 -1 -1 -1 -1 
2 2 2 -1 -1 -1 -1 -1 8 2 4 4 2 2 -1 2 2 -1 -1 -1 
2 2 2 2 2 2 -1 8 2 2 4 -1 2 2 1 1 2 2 2 -1 
-1 -1 2 2 2 2 2 -1 1 1 1 1 -1 2 2 1 1 1 2 2 
2 -1 -1 2 2 2 -1 -1 -1 -1 1 1 2 -1 2 2 1 2 2 2 
2 -1 -1 2 2 2 -1 -1 2 -1 -1 -1 -1 -1 -1 -1 2 -1 -1 -1 
-1 2 2 -1 2 2 2 2 -1 2 -1 -1 -1 -1 -1 -1 2 -1 -1 -1 
-1 -1 -1 2 -1 -1 8 -1 2 -1 -1 -1 4 -1 -1 -1 2 1 -1 -1 
-1 -1 2 -1 -1 -1 1 8 8 2 -1 -1 -1 -1 -1 -1 1 1 -1 -1 
-1 -1 2 2 -1 -1 -1 1 -1 -1 -1 -1 -1 -1 -1 8 8 8 1 -1 
-1 -1 2 -1 2 1 1 1 -1 -1 -1 -1 -1 -1 -1 -1 8 -1 2 2 
2 1 -1 2 -1 -1 1 1 -1 2 2 2 -1 -1 -1 -1 -1 8 -1 2 
1 1 2 -1 -1 -1 -1 2 1 2 2 2 -1 4 -1 -1 -1 -1 1 1 
1 2 -1 -1 -1 -1 -1 2 2 2 -1 -1 2 -1 -1 -1 -1 2 1 1 
1 1 -1 -1 -1 -1 2 8 -1 1 1 2 -1 -1 -1 -1 -1 -1 2 -1 
-1 -1 2 -1 -1 8 8 2 1 1 1 8 2 -1 -1 -1 -1 -1 -1 -1 
-1 -1 -1 2 8 8 8 2 1 1 8 -1 -1 -1 -1 -1 -1 -1 -1 -1 
-1 -1 -1 2 8 8 8 8 8 -1 2 8 2 2 -1 -1 -1 -1 -1 -1 
2 8 -1 8 -1 8 8 8 8 -1 2 2 2 2 2 2 -1 -1 -1 2 
8 -1 8 8 8 8 8 -1 -1 8 -1 2 2 2 2 -1 -1 -1 2 -1 
-1 2 -1 8 8 8 -1 8 -1 -1 8 -1 4 2 2 2 2 2 2 -1 
-1 1 -1 -1 -1 -1 2 2 2 4 4 4 -1 -1 1 1 1 1 1 4 
4 -1 -1 2 2 8 2 2 2 4 4 4 -1 -1 -1 1 1 1 1 4 
4 4 -1 -1 -1 8 8 2 2 -1 1 -1 2 -1 -1 1 2 -1 1 -1 
4 2 2 -1 2 -1 -1 2 -1 4 4 2 -1 -1 -1 2 2 -1 -1 1 
2 2 2 2 2 -1 4 -1 4 2 2 2 2 -1 2 -1 2 2 -1 -1 
2 -1 2 2 -1 -1 -1 4 -1 -1 1 -1 2 -1 2 2 2 -1 -1 2 
2 2 2 2 1 1 1 -1 4 -1 1 -1 2 1 1 2 2 2 -1 2 
2 2 -1 2 -1 1 1 4 2 4 -1 -1 -1 1 4 2 2 2 2 2 
-1 -1 2 -1 -1 1 1 4 4 4 1 1 1 2 2 1 2 2 2 8 
8 2 2 2 4 -1 4 4 4 1 1 1 2 1 1 -1 2 2 2 -1 
2 2 2 2 4 4 4 1 1 -1 2 -1 1 2 1 2 2 2 2 8 
2 2 2 2 -1 -1 -1 1 -1 -1 2 2 -1 -1 2 2 2 4 2 2 
8 2 2 -1 2 2 -1 -1 -1 2 2 2 2 -1 4 -1 4 2 2 2 
8 8 2 2 -1 2 2 2 -1 -1 2 4 2 4 2 4 4 2 2 8 
8 8 8 2 2 2 2 2 2 2 2 -1 4 2 4 2 2 2 1 1 
8 1 -1 2 2 4 4 -1 2 -1 2 2 2 2 2 2 2 1 1 1 
1 8 1 1 8 8 4 4 4 4 2 2 2 2 2 1 1 1 -1 1 
-1 -1 8 8 8 8 8 4 4 4 2 2 2 2 2 1 -1 1 1 1 
-1 -1 -1 1 1 8 -1 4 4 4 4 2 2 2 1 1 -1 -1 1 -1 
4 1 1 1 -1 -1 2 -1 4 4 4 -1 -1 1 1 1 1 1 1 4 
4 4 4 4 4 1 2 2 2 4 2 -1 4 -1 4 2 -1 4 -1 4 
4 4 -1 -1 4 1 1 2 -1 4 2 2 4 4 -1 2 4 -1 4 4 
4 4 -1 4 -1 4 -1 1 -1 -1 2 2 4 4 4 -1 -1 4 4 4 
-1 4 4 2 -1 -1 2 2 -1 4 4 2 2 4 4 -1 4 -1 -1 4 
4 2 2 2 -1 2 2 -1 -1 4 -1 4 -1 -1 4 -1 4 -1 4 4 
4 2 -1 -1 -1 2 4 4 -1 -1 2 2 2 4 1 4 4 4 4 -1 
4 4 2 2 -1 4 4 1 1 -1 -1 2 2 2 4 4 4 4 1 -1 
4 4 4 4 2 2 2 4 1 -1 -1 2 -1 -1 4 4 1 1 4 4 
4 -1 4 4 -1 2 2 -1 -1 -1 -1 -1 4 2 4 4 33 4 1 2 
33 4 4 4 4 2 2 4 -1 -1 -1 -1 4 -1 4 4 33 33 4 4 
-1 33 4 4 4 4 4 -1 -1 -1 -1 4 -1 4 -1 4 -1 33 4 4 
33 33 4 4 4 4 4 4 -1 -1 -1 -1 4 -1 -1 -1 -1 4 4 -1 
4 4 4 4 4 4 4 -1 -1 -1 -1 -1 2 2 2 2 -1 -1 4 4 
4 -1 -1 4 -1 -1 4 -1 -1 -1 -1 4 2 2 2 2 -1 -1 -1 4 
4 4 4 4 4 -1 -1 2 -1 -1 -1 4 2 -1 2 2 -1 -1 -1 -1 
4 4 4 4 4 4 -1 2 -1 -1 -1 4 -1 2 2 4 -1 -1 -1 -1 
4 4 -1 4 4 -1 4 -1 2 4 4 4 4 2 -1 4 4 4 4 4 
4 -1 4 -1 4 4 4 -1 -1 2 2 2 4 -1 4 2 4 4 4 -1 
4 -1 -1 4 4 -1 2 4 -1 4 2 4 4 4 4 4 2 4 4 4 
-1 4 4 4 4 -1 2 2 2 4 2 2 4 4 4 4 1 1 4 -1 
-1 -1 1 1 -1 3 3 1 3 3 1 3 3 3 -1 3 -1 -1 -1 4 
-1 -1 -1 1 -1 3 3 3 3 4 3 2 3 2 3 4 4 3 -1 4 
4 3 1 1 1 1 3 3 3 4 4 3 2 2 3 -1 33 4 -1 4 
-1 3 1 1 1 1 3 -1 3 -1 4 3 2 4 3 -1 33 33 4 -1 
4 4 -1 -1 4 4 4 -1 4 3 4 3 32 4 -1 3 33 4 4 4 
-1 4 4 -1 -1 4 -1 4 4 4 -1 -1 -1 32 4 1 -1 4 4 4 
4 4 4 -1 4 -1 4 4 4 -1 4 32 -1 -1 32 -1 33 33 4 4 
4 4 4 -1 4 4 4 -1 4 4 32 32 32 32 -1 32 -1 33 33 8 
-1 -1 4 4 -1 4 -1 4 4 -1 -1 32 -1 -1 -1 -1 -1 33 33 33 
-1 -1 4 4 4 -1 4 4 4 4 4 -1 -1 -1 -1 -1 -1 -1 1 33 
-1 4 -1 4 4 4 4 -1 4 -1 4 4 -1 -1 -1 -1 -1 4 4 4 
-1 -1 4 4 4 4 4 4 4 4 -1 4 4 -1 -1 -1 -1 -1 4 4 
2 2 4 4 4 4 4 -1 -1 -1 4 4 1 -1 -1 -1 -1 -1 -1 -1 
2 -1 2 4 4 4 4 -1 4 -1 -1 1 1 -1 4 -1 -1 -1 -1 -1 
-1 -1 4 2 -1 -1 -1 4 -1 -1 -1 1 1 4 4 1 -1 -1 -1 -1 
4 4 -1 2 2 -1 -1 -1 4 4 1 1 1 1 1 4 -1 -1 -1 4 
4 4 -1 -1 -1 -1 4 4 4 -1 4 -1 -1 4 4 4 4 -1 -1 -1 
4 -1 4 -1 -1 -1 4 4 4 -1 -1 -1 -1 -1 -1 -1 -1 -1 -1 -1 
-1 -1 -1 -1 -1 -1 -1 -1 -1 -1 3 -1 3 -1 4 -1 4 -1 4 4 
-1 -1 1 4 -1 -1 3 1 2 3 -1 -1 3 3 4 3 -1 4 4 4 
4 -1 1 32 8 -1 8 -1 1 -1 -1 -1 -1 -1 1 4 -1 4 4 4 
8 8 -1 8 8 8 -1 -1 -1 1 -1 -1 -1 -1 1 -1 4 1 1 4 
-1 8 8 8 -1 -1 -1 1 1 -1 9 -1 -1 -1 1 1 1 1 1 8 
8 8 -1 -1 8 -1 -1 -1 1 1 9 9 8 -1 1 1 1 8 1 8 
8 8 8 -1 -1 -1 -1 1 1 -1 1 -1 -1 -1 1 1 8 1 8 1 
-1 -1 -1 -1 -1 -1 -1 1 1 -1 1 -1 -1 1 -1 1 1 2 1 8 
2 -1 -1 -1 -1 -1 -1 1 2 2 2 2 -1 -1 1 -1 9 2 2 1 
2 2 -1 -1 -1 -1 -1 1 1 2 2 -1 -1 -1 1 -1 2 2 2 2 
2 2 -1 -1 -1 1 -1 -1 -1 -1 -1 -1 -1 -1 2 2 2 2 2 2 
2 2 -1 -1 1 -1 -1 -1 -1 -1 -1 -1 -1 -1 -1 2 2 2 -1 -1 
2 -1 2 -1 -1 -1 1 1 1 1 1 1 -1 -1 1 2 -1 2 -1 2 
-1 2 -1 8 8 1 1 1 1 -1 -1 1 1 1 -1 1 1 -1 -1 2 
2 -1 -1 -1 2 2 2 2 1 -1 -1 -1 -1 1 1 1 1 -1 -1 -1 
-1 -1 -1 2 2 2 2 1 1 1 -1 -1 -1 1 1 1 1 1 -1 -1 
1 1 -1 -1 2 -1 -1 1 1 1 1 -1 -1 1 1 1 1 1 1 1 
-1 -1 -1 -1 -1 -1 -1 1 1 1 1 1 -1 -1 -1 -1 1 1 1 1 
-1 -1 -1 -1 -1 -1 1 2 2 -1 -1 1 1 -1 -1 -1 -1 -1 -1 -1 
-1 -1 -1 -1 -1 1 1 2 8 -1 -1 -1 -1 -1 -1 -1 -1 -1 -1 -1 
33 33 -1 -1 -1 -1 -1 1 1 -1 -1 1 -1 -1 -1 -1 -1 -1 -1 1 
-1 1 32 -1 -1 -1 -1 8 -1 -1 -1 -1 -1 -1 -1 1 -1 -1 -1 -1 
1 1 -1 1 1 -1 1 -1 1 1 -1 9 8 9 8 8 8 8 -1 -1 
1 -1 1 1 1 1 1 -1 9 1 1 8 9 9 9 8 8 -1 8 8 
-1 1 1 -1 -1 1 1 9 1 -1 8 8 8 9 9 8 8 8 8 -1 
-1 -1 -1 -1 -1 -1 9 1 1 8 8 9 9 9 -1 8 8 9 -1 -1 
2 2 2 -1 -1 1 1 1 -1 -1 8 9 1 9 9 8 9 9 9 9 
2 2 1 2 1 1 -1 -1 -1 8 -1 9 9 9 -1 -1 9 9 9 9 
-1 -1 1 -1 1 -1 -1 -1 8 8 8 8 9 -1 -1 -1 8 2 -1 -1 
1 1 1 -1 -1 -1 -1 -1 8 8 -1 -1 9 -1 -1 -1 -1 -1 2 -1 
1 1 1 1 1 1 -1 -1 -1 -1 -1 9 -1 -1 -1 -1 2 2 2 -1 
-1 -1 -1 -1 -1 -1 -1 -1 -1 -1 1 1 1 -1 -1 -1 2 -1 2 2 
-1 -1 2 2 -1 -1 -1 -1 -1 -1 -1 1 -1 1 -1 -1 -1 1 -1 -1 
-1 -1 2 -1 1 -1 1 1 -1 -1 -1 -1 1 1 1 -1 1 1 1 -1 
-1 -1 2 2 1 1 1 1 1 1 1 1 1 1 1 1 1 1 -1 -1 
-1 -1 3 2 2 1 -1 1 1 1 1 1 1 1 1 1 1 1 -1 1 
-1 -1 -1 3 3 2 1 1 -1 1 1 1 1 1 1 -1 1 -1 1 -1 
-1 -1 -1 3 2 -1 -1 -1 1 -1 -1 -1 1 1 1 -1 1 1 1 -1 
-1 -1 3 2 2 -1 -1 2 1 8 9 9 1 1 2 9 9 1 1 -1 
-1 -1 3 -1 -1 -1 2 1 1 1 1 9 9 1 -1 9 9 1 -1 -1 
1 -1 -1 -1 -1 -1 -1 -1 1 1 1 9 9 2 1 8 3 9 -1 -1 
-1 1 -1 -1 -1 -1 -1 1 1 1 -1 -1 2 8 9 9 9 8 -1 1 
-1 -1 -1 -1 -1 8 9 -1 -1 -1 9 9 -1 -1 -1 2 2 -1 -1 -1 
-1 -1 -1 -1 -1 -1 1 -1 -1 -1 -1 -1 -1 -1 -1 -1 -1 -1 -1 -1 
-1 -1 -1 -1 -1 -1 -1 -1 -1 -1 -1 -1 -1 -1 -1 -1 -1 -1 -1 -1 
-1 -1 -1 -1 -1 -1 -1 -1 -1 -1 -1 -1 -1 -1 -1 -1 -1 1 -1 -1 
-1 -1 -1 -1 -1 -1 -1 -1 -1 -1 -1 -1 -1 -1 -1 -1 1 -1 1 -1 
-1 8 -1 -1 8 8 8 -1 -1 3 -1 -1 -1 -1 -1 -1 -1 1 -1 1 
8 -1 8 8 8 8 8 -1 3 3 3 -1 -1 -1 -1 -1 -1 1 1 1 
-1 8 8 8 -1 -1 -1 -1 -1 2 3 3 -1 -1 -1 -1 -1 -1 1 -1 
-1 8 -1 8 9 -1 -1 -1 -1 3 3 2 2 -1 -1 -1 -1 -1 -1 -1 
-1 6 6 9 9 -1 8 -1 2 3 -1 2 2 -1 -1 -1 3 -1 -1 6 
6 6 6 1 9 -1 -1 -1 -1 8 -1 1 -1 -1 3 2 3 -1 -1 -1 
6 6 1 -1 -1 -1 -1 9 8 -1 -1 -1 -1 -1 -1 2 -1 -1 -1 6 
-1 -1 -1 1 2 2 -1 9 9 -1 -1 -1 9 9 -1 -1 -1 -1 -1 6 
6 -1 1 2 2 -1 -1 9 -1 9 9 9 -1 9 1 8 -1 -1 -1 6 
-1 1 2 1 -1 -1 -1 -1 9 9 9 -1 8 1 8 -1 -1 -1 -1 -1 
-1 -1 1 -1 -1 -1 -1 -1 9 8 8 9 1 8 8 -1 -1 -1 -1 -1 
-1 -1 -1 -1 -1 -1 -1 -1 -1 8 9 9 8 8 8 -1 -1 -1 -1 -1 
-1 -1 -1 -1 -1 -1 -1 -1 9 9 8 -1 8 8 8 -1 -1 -1 -1 -1 
-1 -1 -1 -1 2 9 -1 -1 -1 -1 -1 8 -1 2 2 -1 -1 -1 -1 -1 
-1 -1 -1 2 2 -1 9 9 -1 -1 9 9 9 -1 2 2 -1 -1 -1 -1 
2 -1 2 3 -1 -1 -1 3 8 -1 8 8 -1 8 -1 -1 -1 -1 3 2 
-1 -1 -1 -1 -1 -1 3 9 -1 8 -1 8 -1 8 8 8 6 -1 -1 3 
-1 -1 -1 -1 -1 -1 3 3 2 8 8 8 8 8 8 -1 2 6 6 -1 
-1 -1 -1 -1 3 -1 -1 2 9 -1 8 8 8 8 8 -1 -1 -1 -1 -1 
-1 -1 3 -1 -1 2 2 -1 -1 9 8 8 8 8 -1 -1 -1 -1 -1 -1 
-1 -1 -1 3 2 -1 -1 2 8 8 8 8 8 8 8 -1 -1 -1 -1 -1 
-1 -1 3 2 -1 3 3 2 -1 -1 -1 -1 8 8 8 8 -1 -1 -1 -1 
-1 -1 2 -1 3 3 -1 3 3 -1 -1 -1 -1 6 -1 8 -1 8 -1 -1 
-1 -1 -1 -1 -1 -1 3 3 1 -1 -1 -1 -1 -1 6 -1 6 -1 8 8 
8 9 -1 -1 -1 3 2 1 2 3 3 -1 -1 -1 -1 9 -1 -1 9 -1 
9 9 9 -1 -1 -1 3 -1 3 -1 6 3 -1 9 -1 9 -1 -1 9 9 
2 9 8 -1 3 2 1 -1 -1 2 6 6 6 8 8 8 8 9 8 1 
1 9 3 3 8 1 1 -1 2 1 1 1 -1 8 8 8 8 -1 8 2 
8 9 9 8 -1 3 -1 1 1 9 1 3 1 8 8 -1 -1 8 2 1 
-1 8 -1 -1 3 -1 -1 1 1 1 3 -1 8 8 8 9 -1 1 2 8 
-1 8 8 -1 -1 -1 -1 1 1 -1 1 -1 8 9 8 8 9 2 2 2 
-1 8 -1 -1 2 -1 -1 -1 -1 8 -1 8 8 -1 9 -1 2 2 2 2 
2 3 -1 2 -1 -1 -1 -1 -1 8 8 2 -1 2 2 2 -1 -1 2 8 
2 2 2 -1 -1 -1 -1 -1 -1 3 3 -1 -1 -1 8 8 8 -1 -1 -1 
-1 2 3 2 -1 -1 -1 -1 3 3 3 -1 8 -1 -1 8 8 -1 -1 -1 
-1 2 2 8 3 9 1 1 1 -1 -1 -1 -1 -1 -1 -1 -1 -1 -1 -1 
8 2 8 -1 8 -1 -1 1 1 -1 -1 -1 -1 3 -1 3 -1 -1 3 3 
3 3 -1 -1 -1 8 8 1 -1 -1 -1 -1 -1 3 3 3 3 -1 3 8 
3 -1 -1 1 1 -1 -1 -1 -1 -1 -1 -1 -1 -1 -1 3 2 3 8 -1 
8 8 -1 1 -1 -1 -1 -1 9 -1 8 8 -1 -1 -1 -1 -1 2 8 3 
8 -1 8 1 -1 -1 8 -1 -1 9 -1 8 8 -1 -1 -1 -1 -1 -1 -1 
-1 8 -1 -1 1 -1 -1 9 8 9 8 8 8 8 -1 -1 -1 -1 -1 -1 
-1 -1 -1 2 2 -1 -1 8 9 -1 9 8 8 8 -1 -1 -1 -1 -1 -1 
-1 -1 -1 2 6 -1 -1 -1 -1 2 9 2 8 8 8 -1 -1 -1 -1 -1 
-1 -1 6 6 6 -1 -1 9 -1 9 9 9 -1 9 8 -1 -1 -1 -1 -1 
-1 -1 -1 -1 -1 6 -1 2 2 9 9 9 9 -1 -1 8 8 -1 -1 -1 
-1 -1 -1 -1 -1 -1 -1 -1 9 9 -1 9 9 -1 -1 -1 8 8 -1 -1 
-1 -1 -1 5 5 -1 -1 -1 -1 9 -1 -1 -1 -1 -1 8 -1 -1 -1 -1 
-1 -1 -1 5 5 9 9 -1 -1 -1 -1 -1 -1 -1 -1 -1 8 -1 -1 -1 
-1 -1 2 -1 -1 5 4 -1 -1 -1 -1 -1 -1 -1 -1 -1 -1 -1 -1 -1 
-1 3 3 5 5 5 4 -1 -1 -1 -1 -1 -1 -1 -1 -1 -1 -1 -1 -1 
2 -1 -1 3 -1 -1 5 9 -1 -1 -1 -1 -1 -1 -1 1 -1 -1 -1 -1 
-1 -1 -1 -1 -1 -1 9 1 9 -1 -1 1 -1 1 -1 1 -1 -1 -1 -1 
-1 3 -1 8 -1 9 9 8 1 -1 -1 -1 1 1 1 1 -1 1 -1 -1 
-1 -1 -1 -1 9 9 9 1 1 1 -1 -1 -1 -1 -1 -1 -1 1 -1 -1 
-1 -1 -1 -1 -1 -1 -1 -1 4 4 -1 2 -1 -1 -1 2 2 2 2 -1 
-1 -1 -1 -1 -1 -1 -1 -1 -1 5 5 2 -1 -1 -1 5 2 -1 2 -1 
-1 -1 -1 -1 -1 -1 -1 -1 -1 -1 -1 1 -1 5 -1 -1 5 -1 -1 -1 
2 1 -1 -1 -1 -1 -1 -1 -1 -1 -1 -1 -1 5 5 5 -1 -1 -1 -1 
2 -1 3 -1 -1 -1 -1 -1 -1 -1 -1 -1 -1 5 5 5 -1 -1 -1 -1 
-1 3 -1 -1 -1 -1 -1 -1 -1 -1 -1 -1 -1 -1 -1 5 -1 8 -1 -1 
-1 -1 -1 -1 -1 -1 -1 -1 -1 -1 -1 -1 -1 -1 8 8 8 -1 -1 -1 
-1 -1 -1 -1 -1 -1 -1 -1 -1 -1 -1 8 -1 8 2 -1 -1 8 -1 -1 
-1 -1 -1 -1 -1 -1 -1 -1 -1 -1 8 -1 8 -1 2 1 -1 -1 -1 -1 
-1 -1 -1 -1 -1 -1 2 2 2 -1 -1 -1 -1 -1 -1 -1 -1 -1 -1 -1 
-1 -1 -1 6 6 2 2 2 2 -1 -1 -1 -1 -1 -1 -1 -1 -1 -1 -1 
-1 -1 -1 -1 -1 2 2 2 2 -1 -1 -1 -1 -1 -1 -1 1 -1 -1 -1 
-1 -1 -1 -1 -1 -1 -1 -1 2 -1 -1 -1 -1 -1 2 -1 2 1 -1 -1 
-1 -1 -1 -1 -1 -1 -1 2 -1 -1 -1 -1 -1 1 -1 2 -1 -1 -1 -1 
-1 -1 -1 -1 1 -1 2 2 -1 -1 -1 -1 -1 -1 1 -1 -1 -1 -1 -1 
-1 -1 -1 -1 1 1 -1 1 -1 -1 3 -1 1 -1 1 -1 1 1 -1 -1 
-1 -1 -1 -1 8 1 1 -1 1 -1 -1 3 1 1 1 1 1 -1 -1 -1 
-1 -1 -1 -1 -1 -1 -1 -1 1 -1 6 6 1 1 1 1 1 -1 -1 -1 
-1 -1 -1 -1 -1 -1 -1 -1 -1 6 6 -1 1 -1 2 1 1 1 2 2 
-1 -1 -1 -1 -1 2 2 -1 -1 -1 -1 1 1 1 -1 2 1 2 2 -1 
-1 -1 -1 -1 -1 -1 1 1 1 1 -1 -1 -1 -1 -1 -1 -1 -1 -1 -1 
-1 -1 -1 2 -1 2 1 -1 1 -1 -1 -1 -1 -1 -1 -1 -1 -1 -1 -1 
2 2 2 -1 -1 -1 2 2 1 1 1 -1 -1 -1 -1 -1 -1 -1 -1 2 
2 -1 2 -1 -1 -1 -1 2 2 1 -1 -1 -1 -1 -1 1 1 -1 2 -1 
-1 -1 -1 1 -1 -1 -1 2 2 1 -1 -1 -1 -1 -1 1 1 2 2 -1 
-1 -1 -1 -1 1 2 2 2 -1 -1 -1 -1 -1 -1 -1 -1 2 2 2 -1 
-1 -1 -1 -1 2 2 -1 2 -1 2 -1 2 2 2 -1 -1 1 2 2 2 
-1 -1 -1 -1 -1 2 2 2 2 -1 -1 -1 -1 -1 -1 1 1 1 2 -1 
-1 -1 -1 -1 -1 -1 -1 -1 -1 -1 -1 -1 -1 -1 1 1 1 1 -1 -1 
-1 -1 -1 -1 -1 3 3 2 2 -1 -1 -1 -1 2 1 1 1 1 -1 -1 
-1 -1 -1 -1 -1 3 3 -1 2 2 -1 -1 -1 2 -1 1 1 -1 -1 -1 
-1 -1 -1 -1 -1 -1 -1 -1 -1 3 -1 -1 -1 -1 3 2 1 1 3 2 
3 2 -1 -1 -1 -1 -1 -1 -1 2 -1 2 -1 -1 -1 3 3 3 3 3 
2 4 -1 -1 4 4 -1 -1 2 3 2 2 2 2 -1 -1 3 5 -1 2 
3 4 4 4 4 4 -1 -1 1 1 2 2 2 -1 -1 3 -1 3 5 3 
-1 -1 -1 5 -1 5 -1 -1 1 1 -1 2 2 2 -1 -1 -1 -1 -1 -1 
-1 -1 -1 -1 -1 -1 -1 -1 1 2 2 -1 -1 -1 -1 -1 -1 -1 -1 -1 
-1 -1 -1 -1 -1 -1 -1 1 -1 -1 -1 -1 -1 -1 -1 -1 -1 -1 -1 -1 
-1 -1 -1 -1 -1 3 -1 -1 -1 -1 -1 -1 -1 -1 -1 -1 -1 -1 4 4 
4 -1 -1 -1 2 3 3 -1 -1 1 -1 -1 -1 -1 -1 -1 -1 -1 -1 5 
-1 -1 -1 -1 -1 -1 -1 -1 1 -1 -1 -1 -1 -1 -1 -1 -1 1 1 -1 
-1 -1 -1 -1 -1 -1 -1 -1 -1 -1 -1 -1 -1 -1 -1 -1 -1 -1 -1 -1 
-1 -1 -1 -1 -1 -1 -1 -1 -1 -1 -1 -1 -1 -1 -1 -1 -1 -1 -1 -1 
-1 -1 -1 -1 -1 -1 -1 -1 -1 -1 -1 -1 -1 -1 -1 -1 -1 -1 -1 -1 
-1 2 -1 -1 -1 -1 -1 -1 -1 -1 -1 1 -1 -1 -1 -1 -1 -1 -1 -1 
-1 -1 2 2 -1 2 2 1 1 1 1 -1 -1 -1 -1 -1 -1 -1 -1 -1 
-1 -1 -1 2 2 2 1 1 1 1 -1 1 -1 -1 -1 -1 -1 -1 -1 -1 
-1 -1 -1 2 2 1 1 1 2 1 1 1 -1 -1 -1 -1 -1 -1 -1 -1 
-1 -1 -1 2 1 1 1 2 -1 -1 -1 -1 -1 -1 -1 -1 -1 -1 2 -1 
-1 -1 -1 -1 -1 1 1 -1 -1 -1 -1 -1 -1 -1 2 -1 -1 -1 2 -1 
-1 -1 -1 -1 -1 1 1 -1 -1 -1 2 -1 2 2 -1 -1 -1 -1 2 2 
-1 -1 -1 -1 -1 -1 -1 -1 -1 2 2 2 2 2 2 -1 -1 -1 -1 2 
-1 -1 -1 1 1 -1 -1 -1 2 2 -1 2 2 1 -1 2 -1 -1 -1 -1 
8 -1 -1 -1 2 -1 -1 2 2 2 -1 -1 1 2 2 -1 -1 -1 -1 -1 
8 -1 -1 -1 -1 2 2 2 2 -1 -1 -1 1 -1 2 -1 -1 -1 -1 -1 
-1 8 -1 -1 -1 2 2 -1 -1 2 -1 -1 1 1 -1 -1 -1 -1 -1 -1 
-1 -1 -1 2 2 2 2 1 2 -1 -1 -1 -1 -1 -1 -1 -1 -1 -1 -1 
2 -1 -1 2 2 2 2 2 1 -1 -1 -1 -1 -1 -1 -1 -1 2 2 -1 
-1 -1 2 2 -1 -1 2 1 1 1 -1 -1 -1 -1 -1 -1 -1 -1 2 2 
-1 -1 -1 -1 -1 -1 1 2 1 -1 -1 -1 -1 -1 -1 -1 -1 -1 1 -1 
2 -1 2 -1 1 2 -1 1 -1 -1 4 4 -1 -1 -1 -1 1 -1 -1 -1 
2 -1 2 2 2 1 1 -1 -1 4 4 -1 -1 -1 -1 -1 1 1 -1 2 
2 2 2 -1 -1 1 -1 2 -1 4 -1 -1 -1 -1 -1 1 -1 1 1 2 
2 2 2 2 -1 2 2 -1 -1 1 1 -1 -1 -1 -1 1 1 1 1 1 
1 -1 -1 2 2 2 -1 -1 -1 1 1 1 1 1 -1 -1 1 -1 -1 1 
2 2 -1 -1 2 -1 -1 -1 -1 -1 1 1 -1 -1 -1 -1 1 2 -1 -1 
-1 -1 -1 -1 2 -1 -1 -1 2 -1 1 1 -1 1 1 -1 2 2 2 -1 
-1 -1 -1 -1 -1 -1 -1 -1 -1 2 -1 1 1 -1 -1 -1 -1 2 2 -1 
-1 -1 -1 -1 -1 -1 -1 -1 -1 -1 1 2 1 -1 -1 -1 -1 2 2 -1 
-1 -1 -1 -1 -1 -1 -1 -1 -1 -1 2 2 1 -1 -1 -1 -1 -1 2 -1 
-1 -1 -1 -1 -1 -1 -1 -1 -1 -1 2 -1 1 1 -1 -1 -1 3 -1 1 
1 -1 -1 -1 -1 -1 -1 -1 -1 2 2 1 1 -1 -1 -1 -1 3 2 2 
-1 -1 1 -1 -1 -1 -1 -1 2 2 2 2 -1 -1 -1 -1 -1 -1 2 -1 
2 2 -1 -1 -1 -1 -1 -1 -1 2 2 -1 -1 -1 -1 8 8 -1 1 2 
-1 -1 -1 1 1 1 1 -1 -1 -1 -1 -1 -1 -1 -1 8 8 8 2 1 
-1 -1 -1 -1 -1 -1 -1 -1 -1 -1 -1 -1 -1 -1 -1 -1 8 -1 8 2 
-1 -1 -1 -1 -1 -1 1 -1 -1 -1 -1 -1 -1 -1 -1 8 8 8 -1 2 
-1 -1 -1 -1 -1 1 1 -1 -1 -1 -1 -1 -1 -1 -1 -1 8 8 2 -1 
-1 -1 2 -1 -1 1 -1 -1 -1 -1 -1 -1 -1 -1 -1 1 -1 2 8 -1 
-1 2 -1 -1 2 1 2 -1 -1 -1 -1 -1 -1 -1 -1 -1 1 1 8 -1 
-1 -1 -1 -1 2 -1 2 2 2 2 2 -1 -1 -1 -1 2 2 2 2 2 
2 2 8 -1 2 -1 -1 2 2 1 -1 1 -1 -1 2 -1 2 2 -1 -1 
2 2 1 2 -1 2 2 4 4 1 1 -1 -1 2 -1 2 2 2 -1 -1 
1 1 -1 -1 2 -1 -1 -1 1 -1 2 -1 -1 2 -1 2 2 2 2 -1 
-1 -1 -1 -1 -1 2 -1 -1 2 2 2 -1 -1 2 2 -1 2 8 8 -1 
-1 -1 -1 -1 -1 2 -1 -1 -1 -1 -1 -1 -1 2 2 2 -1 2 2 2 
-1 -1 -1 -1 -1 -1 2 1 -1 -1 -1 -1 -1 2 2 2 -1 2 2 -1 
-1 -1 -1 -1 -1 1 1 -1 -1 -1 -1 -1 2 2 -1 2 -1 2 2 -1 
-1 -1 -1 -1 -1 1 1 1 -1 -1 -1 -1 2 2 2 -1 -1 -1 -1 -1 
-1 -1 -1 -1 -1 1 1 1 -1 -1 -1 -1 -1 2 -1 -1 1 -1 -1 -1 
-1 -1 -1 -1 -1 1 1 1 1 -1 -1 8 8 -1 -1 -1 -1 1 -1 -1 
-1 -1 -1 1 1 1 1 1 -1 -1 -1 -1 -1 -1 -1 -1 -1 -1 1 4 
-1 -1 8 1 1 1 1 1 1 -1 -1 -1 -1 -1 2 -1 -1 1 4 -1 
-1 -1 -1 1 1 1 1 1 1 2 -1 -1 -1 -1 2 -1 1 1 -1 -1 
-1 -1 -1 -1 1 1 1 1 2 -1 2 -1 2 2 -1 -1 1 1 -1 -1 
4 -1 -1 -1 1 1 1 2 -1 2 2 2 -1 -1 -1 -1 -1 -1 -1 -1 
-1 -1 -1 -1 -1 -1 2 -1 8 -1 -1 -1 2 2 2 -1 -1 -1 -1 -1 
-1 -1 8 8 8 8 -1 8 8 2 2 2 2 2 2 -1 -1 -1 -1 -1 
-1 -1 -1 -1 1 8 2 2 8 8 8 -1 -1 2 2 2 -1 -1 2 -1 
2 -1 -1 -1 1 -1 2 -1 8 2 2 -1 -1 -1 -1 2 -1 2 2 2 
-1 -1 1 1 -1 1 -1 -1 -1 -1 -1 1 1 1 -1 -1 -1 -1 -1 -1 
-1 -1 -1 1 1 -1 -1 -1 -1 4 -1 1 1 1 -1 4 4 -1 -1 -1 
-1 -1 1 1 1 -1 -1 -1 -1 -1 4 4 1 1 -1 -1 4 4 1 -1 
-1 1 -1 -1 -1 -1 -1 -1 -1 -1 4 1 4 -1 -1 1 1 1 1 -1 
1 1 -1 -1 -1 2 -1 -1 4 4 4 -1 -1 -1 -1 4 -1 1 4 4 
2 1 -1 -1 -1 -1 2 2 2 4 4 4 -1 -1 -1 -1 2 1 -1 1 
1 -1 -1 -1 -1 -1 2 2 2 -1 -1 4 1 -1 1 2 1 2 -1 2 
-1 -1 -1 -1 -1 2 -1 -1 2 2 4 1 4 1 4 1 1 -1 -1 2 
-1 -1 -1 -1 4 -1 2 2 2 2 4 1 1 1 4 -1 1 1 1 -1 
-1 4 -1 -1 4 4 -1 -1 -1 2 2 -1 -1 -1 -1 1 1 1 1 -1 
-1 4 4 -1 -1 -1 -1 -1 -1 -1 -1 -1 -1 4 1 4 1 1 1 -1 
4 4 4 -1 4 2 2 2 -1 -1 -1 -1 -1 2 4 1 1 1 -1 -1 
4 4 -1 -1 -1 -1 2 -1 2 -1 -1 -1 2 4 4 1 1 1 1 -1 
4 4 4 -1 1 1 4 -1 -1 -1 -1 -1 -1 2 -1 -1 1 4 -1 2 
2 2 4 4 4 -1 4 -1 -1 -1 -1 2 2 -1 -1 1 1 1 -1 2 
-1 2 -1 4 4 4 -1 -1 -1 -1 -1 -1 -1 2 1 1 1 1 -1 -1 
-1 -1 -1 -1 4 -1 -1 -1 -1 -1 -1 -1 -1 -1 2 2 1 1 -1 2 
2 -1 -1 -1 -1 4 -1 -1 4 2 -1 4 4 -1 -1 4 1 2 -1 -1 
-1 4 -1 -1 -1 4 4 4 -1 2 -1 -1 -1 4 1 -1 -1 -1 2 -1 
-1 4 4 -1 -1 -1 -1 -1 -1 -1 1 -1 1 1 1 1 -1 -1 -1 2 
-1 -1 1 -1 1 1 -1 -1 -1 -1 1 1 1 -1 -1 1 1 -1 1 -1 
1 -1 1 1 1 -1 -1 -1 -1 -1 1 1 -1 1 -1 -1 1 1 -1 2 
2 1 1 -1 1 -1 -1 -1 -1 1 1 1 2 -1 -1 -1 2 1 1 1 
-1 1 1 1 -1 -1 -1 -1 -1 -1 -1 1 1 2 -1 2 2 1 1 1 
-1 -1 1 1 -1 1 1 -1 -1 -1 -1 1 1 1 2 2 1 1 1 -1 
-1 -1 -1 -1 -1 -1 -1 -1 -1 -1 2 1 1 -1 -1 2 1 1 2 1 
-1 -1 -1 -1 1 -1 -1 -1 -1 -1 -1 2 2 -1 2 2 2 2 -1 2 
-1 -1 -1 -1 -1 -1 -1 -1 -1 -1 -1 -1 -1 -1 -1 2 2 -1 2 -1 
-1 -1 -1 -1 -1 -1 -1 -1 -1 -1 -1 -1 8 -1 -1 -1 -1 -1 -1 -1 
-1 1 -1 -1 4 4 4 4 -1 -1 -1 -1 8 -1 1 -1 -1 -1 -1 -1 
1 2 2 -1 -1 2 4 4 -1 -1 -1 -1 -1 1 -1 -1 -1 -1 -1 -1 
-1 2 2 1 2 -1 -1 -1 -1 1 -1 -1 1 -1 1 -1 1 -1 -1 -1 
-1 2 2 2 1 2 -1 -1 1 -1 1 -1 -1 1 1 1 -1 1 -1 -1 
-1 -1 2 2 1 1 -1 -1 -1 -1 -1 -1 -1 -1 1 1 -1 -1 -1 -1 
-1 2 2 1 1 1 -1 -1 1 -1 -1 -1 -1 -1 2 2 -1 -1 1 1 
1 1 -1 1 1 -1 1 1 -1 -1 -1 -1 2 2 -1 -1 -1 -1 1 1 
2 -1 1 -1 -1 1 1 -1 -1 -1 -1 -1 2 2 2 2 -1 1 1 1 
1 1 1 1 1 -1 -1 1 -1 -1 -1 -1 2 -1 -1 -1 1 1 1 1 
1 1 1 1 1 -1 -1 -1 1 -1 -1 -1 1 -1 -1 1 -1 1 1 1 
1 -1 1 1 1 -1 -1 -1 -1 -1 1 -1 1 1 -1 1 1 1 -1 1 
-1 8 8 -1 2 2 2 -1 2 2 -1 2 -1 -1 -1 -1 -1 -1 -1 1 
-1 -1 -1 -1 2 2 -1 2 -1 -1 2 2 -1 -1 -1 -1 -1 1 1 1 
2 -1 -1 -1 -1 -1 -1 -1 2 -1 -1 -1 2 1 1 -1 1 -1 -1 -1 
2 -1 -1 -1 -1 -1 -1 -1 -1 -1 -1 -1 2 -1 1 1 1 -1 -1 -1 
2 2 -1 -1 -1 -1 -1 -1 -1 -1 -1 -1 1 -1 1 1 1 1 -1 -1 
-1 -1 -1 -1 -1 -1 -1 -1 -1 1 -1 -1 1 1 1 1 -1 -1 8 8 
-1 -1 -1 -1 -1 -1 -1 -1 -1 1 1 1 1 2 1 -1 -1 2 -1 8 
-1 -1 -1 1 -1 1 -1 -1 -1 -1 2 1 8 -1 -1 -1 2 -1 2 -1 
-1 1 1 1 1 1 -1 -1 -1 -1 2 2 8 8 -1 -1 -1 -1 -1 -1 
-1 1 1 -1 1 -1 -1 -1 -1 -1 2 8 8 -1 8 -1 8 -1 -1 -1 
1 1 1 1 -1 1 -1 -1 -1 -1 2 2 -1 8 -1 -1 8 8 -1 -1 
1 1 1 8 -1 8 -1 -1 -1 2 2 2 -1 -1 8 8 -1 -1 8 8 
-1 8 1 8 8 8 8 -1 -1 -1 2 -1 -1 -1 8 8 8 2 -1 8 
8 8 8 8 1 8 8 -1 -1 -1 -1 -1 8 8 8 -1 2 2 8 -1 
-1 8 8 -1 -1 -1 -1 -1 -1 -1 8 8 8 8 8 8 8 2 1 -1 
-1 8 -1 -1 -1 2 -1 -1 -1 -1 -1 8 2 8 8 2 8 -1 1 1 
8 8 8 -1 -1 -1 2 2 2 -1 -1 2 2 2 2 -1 8 1 1 1 
1 8 8 8 -1 -1 -1 2 -1 -1 2 -1 2 2 2 8 -1 8 1 8 
1 1 1 1 -1 2 2 2 2 2 2 -1 2 2 2 -1 -1 -1 1 1 
8 8 1 1 -1 -1 2 2 2 2 2 -1 -1 -1 -1 -1 -1 -1 1 -1 
-1 2 2 -1 1 8 -1 -1 -1 2 -1 -1 -1 -1 -1 -1 -1 8 8 -1 
1 -1 2 2 -1 -1 1 -1 2 2 -1 -1 -1 1 1 -1 -1 -1 -1 -1 
-1 1 2 2 8 -1 -1 1 -1 2 -1 -1 -1 -1 -1 -1 1 -1 1 1 
1 -1 1 8 2 -1 1 1 -1 1 -1 -1 -1 -1 -1 1 1 1 1 -1 
2 1 1 8 -1 2 -1 -1 1 -1 1 1 -1 -1 -1 -1 1 1 1 1 
1 -1 -1 -1 -1 -1 -1 -1 -1 1 -1 1 1 -1 -1 -1 1 1 1 1 
2 1 1 1 -1 -1 -1 -1 -1 1 1 1 -1 -1 -1 -1 1 -1 -1 1 
2 1 -1 1 1 -1 -1 -1 -1 1 1 1 2 -1 -1 -1 -1 -1 2 1 
2 -1 1 1 -1 1 -1 -1 -1 1 1 2 2 -1 -1 -1 -1 -1 1 2 
-1 -1 8 1 1 -1 -1 -1 1 -1 2 2 -1 -1 -1 -1 -1 -1 2 -1 
-1 8 8 -1 -1 -1 -1 -1 -1 1 1 -1 -1 -1 -1 -1 -1 -1 -1 -1 
8 8 8 8 -1 -1 -1 -1 -1 1 1 2 2 -1 -1 -1 -1 -1 -1 -1 
8 8 8 8 -1 -1 -1 -1 -1 1 2 2 2 2 -1 -1 -1 -1 -1 -1 
8 8 8 8 2 2 -1 2 2 -1 2 2 2 2 2 -1 -1 -1 -1 -1 
-1 -1 -1 2 2 -1 -1 2 -1 -1 -1 -1 -1 2 2 2 -1 2 -1 -1 
-1 8 8 8 2 1 1 -1 -1 2 -1 2 2 2 -1 2 -1 -1 2 -1 
-1 -1 8 8 2 1 2 -1 -1 2 -1 2 -1 -1 -1 -1 -1 -1 2 -1 
2 2 8 8 8 -1 2 2 -1 -1 -1 2 -1 -1 -1 8 -1 2 -1 2 
8 -1 -1 8 1 1 -1 -1 -1 -1 -1 -1 -1 -1 -1 -1 8 -1 8 1 
8 8 -1 8 8 -1 8 8 -1 2 -1 -1 -1 -1 -1 -1 -1 8 8 -1 
-1 2 1 2 2 2 -1 -1 1 2 2 -1 -1 -1 8 1 1 1 -1 1 
-1 -1 -1 1 2 -1 -1 1 2 -1 2 8 2 8 8 -1 1 1 8 -1 
-1 -1 2 -1 1 -1 1 1 -1 -1 8 8 8 2 8 -1 -1 -1 -1 -1 
-1 2 -1 -1 -1 -1 1 1 1 -1 -1 8 -1 8 8 8 -1 -1 -1 -1 
-1 2 -1 -1 -1 -1 -1 -1 1 -1 -1 8 8 8 8 -1 -1 -1 -1 -1 
2 -1 2 -1 -1 -1 -1 -1 -1 8 8 8 8 8 -1 -1 -1 -1 -1 -1 
-1 2 -1 -1 -1 -1 -1 -1 -1 8 8 -1 8 8 8 8 -1 1 1 -1 
1 8 2 -1 -1 -1 -1 -1 -1 -1 -1 -1 8 8 -1 1 -1 2 -1 -1 
-1 -1 8 8 1 1 -1 -1 -1 8 -1 -1 -1 -1 -1 1 1 1 2 2 
-1 2 2 2 2 1 8 -1 8 8 2 -1 -1 -1 2 2 1 2 2 2 
2 2 2 1 1 1 -1 2 2 4 2 2 2 -1 -1 -1 -1 -1 -1 2 
-1 -1 1 1 1 1 -1 -1 -1 4 2 2 2 2 -1 -1 -1 2 2 1 
-1 1 2 1 1 -1 -1 1 -1 2 4 4 2 2 -1 2 -1 2 -1 -1 
1 1 1 2 1 1 1 1 2 2 -1 4 2 -1 2 2 2 2 2 2 
-1 1 1 1 1 1 1 2 -1 4 4 4 4 -1 -1 -1 -1 2 2 2 
-1 -1 1 1 1 1 2 -1 -1 -1 4 4 4 1 -1 -1 1 2 2 2 
-1 1 4 1 -1 -1 2 -1 -1 -1 1 4 1 1 1 8 8 2 2 2 
1 2 1 4 -1 -1 -1 -1 -1 1 1 1 1 -1 -1 8 -1 -1 2 -1 
-1 2 4 2 -1 -1 -1 -1 -1 1 2 2 1 -1 -1 8 -1 -1 -1 -1 
2 1 2 2 -1 -1 -1 -1 -1 -1 2 2 2 -1 8 2 8 1 1 1 
4 1 1 1 2 6 -1 1 1 -1 2 2 8 8 8 8 8 8 -1 4 
8 -1 8 4 1 -1 6 1 -1 2 1 1 3 8 8 8 8 -1 2 4 
-1 8 8 1 1 -1 -1 1 1 8 1 3 3 8 8 8 -1 2 2 -1 
-1 8 -1 -1 8 1 8 8 8 8 8 3 3 -1 8 -1 8 2 -1 2 
-1 -1 8 8 8 1 1 8 8 2 2 3 8 8 8 -1 4 -1 -1 2 
2 -1 2 8 8 1 1 8 -1 8 3 3 8 8 8 -1 -1 1 -1 -1 
2 -1 -1 2 8 1 8 8 -1 8 8 3 -1 8 6 -1 -1 1 1 2 
-1 2 -1 -1 8 8 8 8 8 8 8 8 6 6 6 6 6 1 -1 2 
2 2 8 8 8 8 8 8 8 8 -1 8 8 6 4 4 4 -1 4 -1 
-1 -1 8 -1 -1 -1 8 2 -1 -1 8 -1 4 6 4 4 4 4 4 -1 
2 2 -1 8 8 8 -1 8 2 -1 5 -1 4 4 6 4 4 4 -1 6 
2 -1 8 8 8 8 8 8 8 -1 -1 5 4 4 5 4 4 4 4 2 
4 2 -1 8 8 8 8 8 8 -1 -1 -1 4 6 4 4 4 4 4 4 
1 -1 8 2 2 1 -1 8 8 8 8 -1 4 4 4 4 -1 4 4 1 
1 1 1 -1 1 1 -1 8 8 4 4 3 4 -1 -1 8 8 4 1 4 
1 1 -1 6 6 6 -1 -1 4 4 -1 3 3 -1 -1 8 6 6 -1 -1 
1 -1 -1 6 2 -1 2 6 -1 4 8 3 3 -1 -1 -1 4 4 4 4 
4 -1 -1 2 6 6 6 2 -1 -1 3 3 2 2 8 8 -1 4 4 -1 
-1 1 -1 6 -1 6 2 2 1 1 -1 2 2 2 2 8 8 4 -1 -1 
4 4 1 1 -1 6 2 -1 1 2 -1 2 2 2 8 8 8 4 4 4 
6 -1 4 4 -1 -1 -1 4 4 6 6 6 -1 -1 4 2 1 1 -1 -1 
-1 4 -1 -1 6 -1 -1 4 -1 -1 4 4 4 8 -1 8 1 1 1 -1 
-1 4 4 4 -1 6 4 4 4 -1 4 4 4 8 1 -1 -1 -1 -1 1 
-1 -1 6 4 -1 4 4 4 4 4 4 4 4 1 2 2 8 -1 -1 -1 
6 6 6 6 6 6 4 4 4 1 4 4 1 2 1 8 8 8 2 -1 
-1 6 6 5 6 4 4 1 1 1 1 2 8 2 -1 1 8 2 -1 -1 
5 -1 6 6 6 5 1 -1 -1 1 1 2 8 2 1 2 2 -1 4 6 
1 5 5 5 5 1 5 5 2 -1 -1 2 10 2 2 2 2 2 -1 4 
5 5 5 5 5 5 5 -1 -1 2 2 2 2 1 8 1 2 1 2 5 
40 8 -1 -1 5 2 2 1 1 1 2 2 2 2 1 1 1 -1 8 8 
40 40 8 1 2 2 2 1 1 2 1 2 2 2 2 1 1 8 -1 3 
3 8 4 1 2 2 2 3 1 1 2 2 4 2 8 8 8 8 40 40 
40 -1 4 4 1 4 2 1 1 1 6 4 2 4 8 -1 1 1 1 -1 
2 -1 -1 2 4 4 4 1 1 4 -1 2 8 3 -1 1 8 8 8 8 
8 2 4 -1 4 4 3 1 -1 4 4 1 1 3 1 1 1 1 -1 8 
2 4 3 4 3 3 4 3 4 4 4 4 1 1 1 1 1 8 1 1 
3 4 3 4 4 4 3 4 3 4 4 1 1 1 1 -1 8 1 -1 8 
3 3 3 -1 4 4 6 -1 6 4 4 1 1 2 2 2 -1 1 1 -1 
6 4 4 6 4 6 4 6 6 4 -1 1 2 2 6 6 1 1 -1 6 
6 6 6 -1 6 4 4 6 -1 6 6 4 4 -1 6 4 1 -1 2 -1 
8 8 8 8 6 6 3 4 4 4 4 4 6 6 6 1 4 1 1 4 
1 8 4 4 4 6 4 4 1 4 4 4 -1 6 6 4 4 4 1 6 
6 -1 4 6 4 4 4 1 1 1 1 6 1 6 4 4 4 4 4 1 
6 2 -1 6 4 -1 4 4 6 1 1 1 6 -1 4 4 4 4 4 4 
2 2 1 1 -1 1 6 -1 6 1 1 1 1 1 4 4 4 4 -1 6 
8 -1 4 1 1 -1 6 6 6 1 4 1 4 4 4 1 -1 4 4 8 
8 4 4 4 1 6 4 6 4 4 4 -1 4 -1 1 1 1 4 4 -1 
4 4 4 4 4 4 6 5 4 4 6 4 4 4 1 1 1 -1 4 -1 
4 1 -1 1 4 1 4 5 5 6 -1 1 4 2 4 4 4 1 -1 4 
4 4 4 -1 4 4 6 4 4 -1 1 4 4 4 4 4 4 4 1 4 
4 4 -1 3 1 1 6 5 6 1 1 4 4 4 4 4 4 4 -1 2 
4 4 4 3 1 -1 5 2 4 1 1 1 4 -1 4 4 4 4 2 4 
-1 -1 4 3 3 3 2 4 4 1 4 4 1 4 -1 4 2 6 4 1 
4 -1 2 2 3 4 3 3 4 1 1 4 1 -1 4 4 2 2 -1 -1 
2 2 2 2 4 3 4 3 4 4 2 4 2 1 3 4 -1 -1 4 4 
2 2 2 4 3 4 3 3 4 4 2 2 4 3 4 4 4 2 -1 4 
2 3 2 3 3 3 -1 3 3 4 4 2 4 -1 -1 4 2 4 4 4 
2 3 3 1 3 3 3 4 6 4 4 4 3 4 4 4 4 -1 4 2 
2 3 3 2 1 3 2 6 4 4 2 4 3 4 4 1 4 1 1 4 
-1 8 8 3 3 2 6 4 6 4 4 2 2 4 -1 1 1 1 1 4 
5 4 -1 4 4 4 4 4 4 4 4 4 4 6 6 4 6 4 4 4 
4 -1 4 4 4 4 4 4 4 4 6 6 4 -1 4 4 4 4 6 4 
2 2 4 4 4 -1 4 4 4 4 4 -1 -1 -1 4 4 4 6 4 4 
2 4 4 4 4 4 4 4 1 1 1 1 1 6 4 4 2 4 4 6 
2 4 4 4 4 4 4 4 4 1 1 1 6 3 4 -1 4 -1 2 2 
-1 2 1 1 4 4 1 4 1 1 1 4 4 4 3 4 -1 8 2 2 
2 2 1 1 1 1 1 4 4 1 4 4 4 3 4 4 4 8 8 2 
2 2 4 1 4 4 4 4 4 4 4 4 -1 4 4 3 3 4 8 2 
2 2 4 4 1 1 32 4 4 4 4 4 4 4 4 3 -1 4 6 2 
2 2 4 4 4 32 4 4 4 4 4 4 1 4 4 4 4 4 2 4 
4 4 4 4 32 32 1 4 4 4 4 1 1 -1 4 4 4 1 3 4 
4 -1 4 4 4 32 32 1 -1 4 4 4 4 4 4 4 1 4 3 4 
4 4 4 4 4 4 4 32 4 6 4 4 4 4 -1 4 4 1 5 5 
4 4 4 4 4 -1 4 4 4 6 3 -1 4 4 -1 -1 -1 4 4 4 
4 4 4 4 4 3 4 4 6 6 6 4 -1 6 4 -1 -1 4 4 4 
4 4 4 4 3 3 3 4 4 4 4 4 6 -1 6 -1 4 4 4 5 
4 4 3 3 3 3 2 4 4 4 4 4 4 -1 4 4 4 4 5 5 
4 4 -1 4 2 2 3 -1 4 4 4 4 4 4 4 4 4 4 4 4 
4 -1 5 5 4 4 3 -1 4 4 4 4 4 4 4 4 4 4 4 4 
4 4 -1 4 4 -1 4 4 -1 -1 4 4 6 6 4 4 4 4 4 4 
1 -1 6 -1 1 1 32 4 4 -1 4 4 -1 -1 -1 -1 -1 -1 3 1 
4 -1 4 4 1 4 1 -1 -1 -1 -1 4 -1 3 3 -1 5 -1 -1 -1 
-1 6 4 4 4 4 -1 -1 -1 -1 4 4 4 -1 -1 -1 3 -1 4 4 
4 -1 4 3 4 1 32 -1 4 4 -1 -1 -1 4 4 3 3 3 -1 -1 
4 3 3 3 3 4 4 4 4 4 -1 3 4 4 3 3 3 3 4 4 
3 3 3 3 4 4 4 4 -1 4 3 -1 1 4 4 1 4 3 4 3 
3 3 3 3 4 -1 4 4 4 -1 4 3 -1 4 4 4 3 4 4 4 
3 -1 -1 4 4 4 4 4 4 4 -1 3 1 1 4 2 4 4 4 4 
4 -1 -1 -1 3 4 3 4 -1 -1 4 -1 -1 1 4 2 2 3 4 4 
4 4 -1 3 4 4 4 -1 4 6 -1 -1 -1 -1 3 3 3 4 3 4 
3 4 3 3 4 4 4 4 4 6 6 -1 1 1 4 3 4 2 4 3 
3 -1 4 3 4 4 4 4 4 6 -1 6 1 6 6 6 3 3 4 3 
4 4 4 4 4 1 -1 4 3 -1 3 3 3 6 -1 4 3 4 4 4 
4 4 4 4 1 4 4 3 4 3 3 3 3 3 4 3 3 3 4 4 
4 4 4 4 4 4 4 3 1 4 3 3 3 3 3 4 3 3 4 4 
-1 4 4 4 4 4 4 9 -1 9 4 -1 4 3 3 3 4 4 4 4 
-1 4 -1 4 4 4 4 4 3 4 -1 -1 -1 3 3 1 -1 4 -1 1 
4 4 -1 -1 -1 3 3 4 4 3 -1 -1 -1 -1 3 3 -1 6 4 1 
-1 -1 -1 -1 6 3 4 4 -1 -1 3 3 -1 -1 4 3 -1 -1 6 4 
-1 6 4 6 -1 -1 3 4 4 -1 3 6 3 -1 -1 -1 -1 4 4 -1 
-1 -1 4 4 1 1 1 6 5 6 6 1 1 1 4 4 1 1 1 -1 
-1 -1 -1 -1 4 4 4 4 -1 -1 6 1 1 1 4 4 -1 -1 4 -1 
-1 1 -1 -1 1 4 4 4 6 4 -1 1 1 1 4 4 -1 -1 4 -1 
1 1 -1 1 -1 4 4 4 -1 4 4 -1 4 4 4 4 6 6 -1 6 
-1 -1 1 1 1 1 1 4 4 4 4 1 4 4 4 4 4 4 6 -1 
4 -1 -1 1 1 4 1 4 1 4 4 1 1 32 4 4 -1 4 4 -1 
-1 -1 -1 1 1 1 4 4 2 4 -1 1 1 32 4 4 -1 4 -1 4 
-1 1 1 1 1 1 1 1 1 1 1 1 1 1 -1 4 4 4 -1 4 
1 4 1 -1 -1 -1 1 1 4 1 1 1 1 1 4 4 4 4 4 4 
-1 1 1 1 1 -1 1 1 1 4 4 4 -1 32 32 4 4 4 4 -1 
4 4 1 1 4 4 1 4 1 -1 4 -1 3 32 32 4 32 4 32 4 
4 1 1 -1 3 4 4 1 -1 4 4 4 4 4 4 4 32 32 4 4 
-1 1 -1 -1 -1 4 4 -1 -1 4 4 -1 -1 4 4 32 32 4 4 -1 
-1 4 -1 -1 -1 4 4 -1 4 4 4 4 4 -1 4 4 -1 -1 -1 -1 
-1 -1 -1 -1 -1 4 4 -1 -1 4 4 4 4 -1 -1 4 4 -1 -1 -1 
-1 -1 -1 -1 5 -1 1 1 1 4 4 -1 -1 -1 -1 4 4 -1 -1 -1 
-1 -1 -1 2 5 1 -1 1 4 -1 4 -1 -1 -1 -1 -1 -1 -1 -1 -1 
-1 -1 -1 5 5 5 3 1 6 4 4 -1 -1 -1 -1 4 -1 -1 -1 -1 
-1 -1 -1 1 1 5 3 3 1 6 -1 -1 -1 -1 -1 4 4 -1 -1 -1 
-1 4 4 -1 -1 1 6 5 5 6 6 -1 -1 -1 4 -1 -1 -1 -1 4 
-1 4 4 -1 4 1 1 -1 4 -1 -1 -1 4 4 4 -1 -1 4 5 -1 
4 4 4 1 1 1 1 4 -1 -1 -1 -1 -1 4 4 4 5 5 5 5 
5 2 4 -1 1 1 -1 -1 -1 -1 2 4 -1 4 1 5 4 -1 6 -1 
2 5 4 4 4 1 -1 4 -1 -1 2 2 1 1 5 -1 -1 6 4 -1 
-1 4 4 4 4 4 -1 1 4 -1 2 2 4 4 4 5 -1 -1 6 4 
-1 4 4 4 4 1 1 -1 -1 2 -1 4 4 4 4 4 4 -1 -1 6 
1 -1 -1 -1 4 -1 4 4 -1 -1 -1 2 4 6 2 4 4 4 -1 -1 
-1 -1 -1 -1 -1 -1 4 4 4 -1 2 -1 2 2 4 4 -1 4 1 1 
5 -1 -1 -1 -1 -1 -1 -1 4 4 -1 -1 2 -1 4 -1 -1 -1 1 -1 
-1 -1 -1 6 -1 -1 -1 -1 -1 2 -1 2 -1 4 -1 -1 4 -1 -1 5 
-1 -1 -1 6 -1 -1 -1 1 2 1 1 -1 2 2 4 4 -1 1 1 -1 
-1 -1 -1 4 1 1 -1 2 1 2 -1 2 2 4 1 -1 4 4 1 -1 
4 4 8 4 1 1 2 1 1 2 -1 4 4 4 -1 6 -1 4 4 -1 
4 4 4 4 4 4 4 1 2 2 5 4 4 4 -1 4 4 4 4 4 
-1 4 1 -1 4 1 1 2 2 2 5 -1 4 4 4 4 4 -1 4 4 
4 2 2 5 5 2 2 2 1 -1 -1 -1 1 2 2 4 2 4 6 4 
4 2 -1 5 5 5 2 2 2 -1 -1 -1 5 -1 -1 2 -1 2 2 4 
4 -1 2 5 -1 4 4 2 -1 4 -1 5 5 2 2 2 2 -1 2 4 
-1 1 -1 5 -1 4 4 4 -1 -1 -1 5 2 2 2 4 -1 2 4 2 
-1 -1 5 4 4 4 4 4 -1 4 4 -1 -1 -1 4 4 4 5 -1 4 
4 4 4 4 4 4 1 1 4 -1 -1 5 5 5 5 2 -1 2 4 4 
-1 4 -1 4 4 4 4 4 -1 4 5 4 5 5 5 2 -1 2 4 4 
4 2 2 4 1 -1 4 4 4 4 4 4 4 5 2 5 -1 5 4 4 
-1 -1 4 4 -1 -1 4 4 4 4 4 2 4 2 2 -1 5 -1 4 4 
-1 2 1 -1 -1 -1 -1 4 4 -1 2 5 5 -1 -1 4 5 5 4 4 
2 2 1 -1 -1 -1 -1 4 4 4 5 5 -1 -1 4 4 5 5 4 -1 
-1 -1 -1 1 -1 -1 -1 -1 -1 5 5 -1 -1 -1 -1 4 5 -1 -1 -1 
-1 -1 -1 -1 1 -1 -1 -1 -1 5 5 5 -1 -1 -1 -1 -1 4 -1 -1 
2 2 2 1 1 1 -1 -1 -1 5 -1 -1 -1 -1 -1 2 4 4 -1 -1 
2 2 1 1 1 1 1 -1 -1 2 5 5 2 2 2 -1 2 2 -1 -1 
-1 -1 -1 1 1 -1 4 -1 2 2 2 2 2 2 2 2 2 2 1 -1 
-1 -1 -1 1 -1 4 4 -1 -1 -1 2 2 2 2 2 2 2 1 2 2 
2 -1 -1 -1 -1 4 -1 -1 -1 -1 2 2 2 -1 4 2 1 2 2 2 
2 -1 -1 -1 4 4 -1 -1 -1 -1 -1 2 -1 2 2 -1 -1 -1 1 -1 
1 -1 -1 4 4 4 4 -1 -1 -1 -1 -1 1 1 -1 -1 -1 1 1 -1 
-1 -1 -1 -1 -1 -1 -1 4 -1 -1 5 1 1 -1 -1 -1 -1 -1 1 1 
-1 -1 -1 -1 -1 -1 -1 -1 4 -1 1 1 1 3 1 1 1 -1 -1 1 
-1 -1 -1 -1 -1 -1 -1 -1 -1 -1 -1 -1 3 1 1 -1 -1 -1 -1 -1 
4 4 -1 -1 -1 -1 -1 -1 -1 -1 -1 3 -1 1 1 1 -1 -1 -1 -1 
4 4 4 -1 -1 1 -1 -1 -1 2 2 -1 -1 4 5 -1 2 -1 -1 4 
2 -1 -1 1 4 1 1 -1 -1 -1 1 1 -1 -1 -1 -1 -1 -1 -1 2 
-1 -1 -1 -1 4 4 4 -1 -1 -1 -1 -1 -1 -1 -1 -1 -1 -1 -1 2 
2 -1 -1 -1 -1 4 -1 -1 -1 -1 -1 -1 -1 -1 -1 -1 -1 2 -1 -1 
-1 -1 -1 -1 -1 -1 -1 -1 -1 -1 -1 -1 4 -1 -1 34 2 2 -1 -1 
-1 -1 -1 34 -1 -1 -1 -1 -1 -1 4 4 4 1 34 34 34 -1 -1 2 
-1 2 -1 34 -1 -1 -1 -1 -1 -1 4 4 1 34 34 34 34 -1 2 4 
1 2 1 -1 -1 -1 -1 -1 -1 4 4 4 -1 1 34 34 34 34 2 -1 
-1 -1 -1 4 -1 -1 4 4 -1 4 -1 4 4 -1 -1 4 34 -1 2 -1 
-1 -1 4 4 -1 -1 -1 4 -1 -1 -1 1 1 -1 4 4 34 2 -1 -1 
-1 4 4 4 -1 -1 -1 -1 4 -1 4 4 4 1 4 10 10 4 -1 4 
4 -1 -1 -1 4 -1 -1 4 -1 4 4 4 1 1 -1 -1 4 1 4 4 
4 -1 32 32 -1 5 4 -1 -1 4 -1 -1 4 -1 1 1 1 4 4 4 
4 5 -1 32 32 32 5 -1 -1 -1 -1 -1 -1 1 -1 4 4 4 -1 4 
34 -1 5 5 32 -1 5 5 5 -1 -1 2 -1 -1 4 4 4 -1 34 34 
32 32 5 5 32 32 5 5 -1 5 2 -1 -1 5 -1 4 4 -1 34 4 
-1 -1 -1 32 5 5 5 5 5 5 5 -1 -1 5 5 4 4 4 4 -1 
-1 1 -1 1 5 -1 -1 1 4 -1 -1 -1 -1 5 5 4 4 4 32 4 
4 -1 5 1 5 4 4 1 34 -1 -1 -1 -1 -1 4 4 -1 4 4 4 
-1 1 1 -1 1 4 4 1 34 -1 -1 -1 -1 5 -1 4 4 4 -1 4 
2 -1 1 4 1 4 1 -1 -1 34 1 1 -1 5 -1 -1 -1 -1 -1 -1 
34 34 34 34 34 -1 -1 -1 -1 -1 4 -1 -1 -1 5 -1 -1 -1 5 34 
-1 34 34 34 34 -1 -1 -1 -1 -1 4 4 -1 5 -1 -1 -1 5 5 34 
5 34 34 34 -1 -1 -1 -1 -1 -1 -1 4 4 -1 -1 -1 -1 -1 5 5 
1 34 34 4 4 -1 -1 -1 -1 -1 -1 -1 -1 -1 -1 -1 -1 -1 5 1 
1 34 34 4 4 -1 -1 -1 -1 -1 -1 -1 4 4 -1 -1 -1 -1 34 34 
1 1 -1 4 -1 -1 1 -1 1 -1 2 -1 -1 -1 -1 -1 -1 -1 1 1 
1 -1 1 4 -1 1 -1 1 2 1 2 -1 -1 -1 -1 1 1 1 1 1 
1 -1 1 1 1 1 1 1 2 2 1 -1 -1 -1 1 1 1 1 1 1 
1 1 4 -1 4 1 34 34 1 1 1 1 -1 1 -1 1 -1 1 1 1 
1 4 -1 4 4 -1 1 34 1 1 1 1 1 -1 -1 -1 -1 1 1 1 
1 1 4 1 1 1 -1 34 1 1 1 1 1 -1 -1 -1 -1 1 1 1 
1 1 4 -1 1 1 1 34 34 1 1 1 1 1 -1 1 -1 1 1 -1 
1 1 4 1 1 1 2 34 34 2 1 1 1 1 4 1 4 -1 1 -1 
1 34 32 1 4 2 1 2 1 34 34 1 -1 1 1 4 1 2 1 1 
34 1 32 32 4 4 1 2 2 4 4 -1 1 -1 1 1 -1 1 1 34 
34 -1 34 32 32 32 -1 -1 4 4 4 4 -1 -1 -1 1 -1 -1 34 34 
34 34 34 32 32 32 -1 -1 -1 -1 -1 -1 4 -1 -1 -1 -1 -1 1 34 
34 34 32 34 -1 -1 -1 -1 -1 -1 -1 4 4 -1 -1 -1 -1 -1 -1 4 
34 34 34 -1 -1 -1 -1 34 34 4 -1 -1 -1 -1 5 -1 -1 -1 -1 34 
5 -1 34 -1 -1 2 -1 34 34 -1 34 -1 -1 5 5 -1 -1 -1 34 5 
-1 1 -1 1 34 34 1 10 34 34 34 34 -1 -1 1 2 4 2 2 4 
-1 5 4 -1 34 34 10 34 34 34 34 -1 -1 10 1 2 4 4 4 5 
5 -1 -1 4 34 34 10 34 -1 34 2 2 -1 1 1 1 -1 4 1 5 
5 -1 34 34 5 34 -1 34 34 -1 34 -1 2 2 1 2 -1 -1 -1 5 
1 -1 -1 5 5 5 34 -1 34 34 34 2 -1 -1 -1 2 2 2 1 1 
1 5 5 5 -1 -1 -1 34 34 34 34 2 -1 -1 -1 5 2 2 2 2 
2 5 -1 -1 -1 -1 -1 -1 34 -1 34 34 33 -1 -1 2 2 2 2 2 
-1 -1 -1 -1 -1 -1 34 34 -1 5 5 34 33 -1 -1 -1 2 2 2 2 
5 5 5 -1 -1 -1 -1 -1 5 5 1 4 -1 5 -1 9 2 1 1 2 
5 -1 5 5 -1 -1 -1 -1 4 1 4 34 5 -1 -1 -1 9 9 9 -1 
5 5 5 5 5 -1 -1 4 4 4 5 5 8 8 -1 -1 9 9 5 5 
5 5 -1 5 -1 -1 -1 4 4 4 -1 -1 8 8 8 8 9 9 -1 5 
5 -1 -1 5 -1 -1 -1 34 4 34 -1 -1 8 8 8 8 2 4 4 4 
1 -1 -1 -1 5 -1 -1 -1 34 4 34 -1 -1 8 9 2 2 -1 4 5 
-1 -1 -1 -1 5 -1 -1 -1 4 4 4 -1 -1 9 -1 2 4 4 4 1 
-1 -1 -1 -1 -1 34 -1 4 4 -1 4 4 -1 -1 -1 -1 -1 4 4 -1 
-1 -1 -1 -1 34 34 -1 -1 34 -1 -1 -1 -1 -1 -1 -1 -1 4 4 4 
4 4 -1 -1 34 34 34 40 34 -1 -1 -1 -1 4 -1 -1 -1 -1 -1 4 
4 -1 -1 34 34 34 40 34 34 -1 -1 -1 -1 -1 4 -1 2 4 -1 -1 
-1 4 4 1 34 34 34 34 34 34 34 -1 -1 -1 2 2 2 4 4 -1 
2 8 8 8 8 8 8 8 -1 -1 1 4 -1 1 1 1 4 4 4 -1 
2 2 8 4 8 8 8 4 -1 -1 1 1 1 1 2 1 1 -1 1 2 
34 8 4 8 4 -1 5 4 1 1 1 -1 1 4 2 1 1 1 -1 1 
-1 34 -1 4 4 -1 4 1 1 1 1 1 2 1 4 2 2 1 1 34 
34 4 4 4 5 -1 1 5 1 1 1 1 1 2 2 2 2 1 1 2 
34 34 34 4 5 5 5 5 -1 -1 1 1 1 2 2 2 2 2 34 34 
34 34 34 4 -1 5 -1 5 5 -1 1 1 1 1 -1 -1 4 34 34 34 
2 34 34 34 34 -1 5 4 5 -1 1 1 1 1 1 -1 -1 34 34 34 
2 34 34 34 5 -1 4 5 -1 -1 -1 1 4 1 -1 1 5 -1 34 2 
-1 34 34 -1 5 -1 5 -1 -1 -1 -1 1 1 -1 -1 5 -1 -1 -1 34 
10 34 34 -1 -1 5 5 -1 -1 -1 -1 1 4 -1 -1 5 -1 2 2 -1 
10 34 34 -1 -1 5 5 -1 -1 -1 2 -1 -1 -1 1 1 5 2 2 -1 
10 10 10 1 -1 1 5 5 -1 2 2 2 5 1 1 -1 34 1 1 2 
10 10 10 1 1 5 -1 8 8 5 5 2 2 5 4 4 34 1 1 2 
10 -1 10 34 34 4 5 2 8 8 5 -1 5 -1 34 34 1 10 10 10 
-1 -1 -1 -1 34 -1 4 2 2 -1 34 4 34 8 8 34 -1 10 10 -1 
-1 -1 -1 -1 -1 -1 5 5 2 8 5 34 34 8 2 34 -1 -1 -1 -1 
-1 -1 4 -1 -1 -1 2 8 8 2 5 1 -1 34 2 2 -1 -1 -1 -1 
-1 4 8 -1 -1 -1 8 8 2 4 4 8 -1 -1 -1 2 -1 -1 -1 2 
2 -1 8 8 8 8 8 -1 2 -1 1 4 4 1 1 -1 -1 -1 4 2 
1 1 1 1 1 2 2 2 2 2 4 4 -1 4 -1 -1 2 -1 -1 1 
1 8 1 8 8 1 2 8 -1 2 2 4 4 -1 4 2 -1 -1 1 1 
8 8 8 8 -1 8 8 -1 2 2 4 4 4 2 -1 -1 2 4 4 1 
4 8 8 8 8 8 8 -1 2 4 4 4 2 8 2 -1 2 4 -1 4 
4 -1 8 8 8 8 8 4 4 4 8 5 8 8 8 2 2 2 4 4 
4 4 -1 8 8 8 8 8 34 8 8 8 5 8 2 2 2 4 4 4 
4 4 8 -1 -1 4 8 8 34 34 34 8 8 2 2 2 2 4 4 4 
2 34 2 2 8 2 4 4 34 4 8 8 8 8 2 2 2 2 2 4 
2 2 34 2 2 2 -1 4 8 4 8 8 8 8 8 2 2 2 2 2 
34 34 4 2 2 2 8 4 8 8 8 2 2 2 2 2 2 2 2 8 
4 2 2 2 2 4 2 4 4 -1 2 2 2 2 2 2 2 2 2 2 
4 4 2 2 -1 -1 4 1 1 1 8 4 2 -1 -1 -1 8 2 2 4 
2 4 -1 -1 -1 -1 1 1 -1 2 2 4 4 -1 8 8 5 2 2 2 
-1 8 4 4 -1 -1 -1 -1 1 5 2 2 4 8 8 -1 1 2 -1 2 
8 4 4 2 1 1 -1 6 2 2 -1 -1 -1 8 -1 5 1 1 2 2 
2 2 2 2 2 1 1 6 5 2 6 -1 8 5 5 5 5 2 2 8 
1 1 2 2 2 2 2 5 5 2 2 1 4 5 5 5 5 5 5 2 
1 1 1 2 1 -1 5 2 5 2 4 1 5 5 8 -1 5 5 2 2 
1 1 1 1 1 -1 8 2 8 -1 4 -1 5 5 5 5 5 -1 -1 2 
1 8 1 1 1 2 -1 8 8 -1 4 4 -1 -1 -1 -1 -1 -1 2 -1 
1 1 8 8 5 8 8 3 6 8 8 -1 8 8 8 1 1 1 1 1 
2 5 8 -1 4 5 4 6 8 8 8 -1 -1 4 8 1 1 1 2 2 
2 8 8 8 -1 6 4 4 8 2 2 4 4 4 8 5 1 1 1 2 
4 5 8 1 8 6 4 4 4 -1 2 4 4 -1 4 5 5 1 1 4 
5 1 1 8 8 1 -1 6 6 6 6 4 4 4 4 4 5 4 4 4 
4 1 1 8 8 1 4 4 2 2 4 4 4 4 4 4 4 2 4 4 
-1 -1 1 1 1 8 8 8 -1 -1 1 -1 4 4 4 -1 1 2 4 8 
8 8 8 8 8 2 2 2 4 -1 1 1 1 4 -1 1 32 4 2 8 
8 8 8 3 8 8 2 2 2 1 1 1 1 1 8 1 1 32 32 8 
8 8 8 3 2 2 2 2 1 4 1 4 1 1 1 1 1 32 8 8 
8 8 3 3 3 2 2 2 -1 1 1 -1 8 8 1 8 8 32 8 8 
8 8 3 3 3 2 2 2 -1 4 1 4 8 8 1 8 8 8 8 8 
8 3 8 8 2 2 2 -1 1 4 8 4 8 8 8 3 3 5 8 8 
8 3 3 3 8 8 2 2 2 4 4 8 8 8 8 8 3 4 8 3 
8 3 3 8 8 8 8 1 1 1 4 32 8 -1 8 -1 2 8 8 1 
8 1 8 8 8 8 8 8 1 1 1 32 8 2 8 2 8 8 1 8 
1 1 1 8 8 8 8 1 1 1 8 4 2 8 8 2 2 -1 1 8 
-1 1 8 1 8 8 8 8 1 1 1 8 8 8 8 8 2 8 8 8 
8 1 8 -1 8 8 8 8 1 8 8 8 8 8 8 8 -1 8 8 8 
8 8 1 8 8 8 8 3 1 8 8 -1 -1 8 8 1 1 8 8 1 
1 8 8 8 -1 -1 -1 1 -1 -1 -1 -1 -1 4 4 4 -1 -1 8 5 
8 8 8 8 -1 -1 4 2 2 -1 -1 -1 4 4 -1 4 4 -1 -1 5 
-1 8 8 -1 8 -1 -1 -1 -1 -1 -1 -1 -1 4 -1 -1 8 -1 8 8 
1 1 -1 -1 1 -1 -1 -1 -1 -1 -1 -1 8 -1 -1 -1 -1 8 1 1 
1 1 -1 1 -1 -1 8 8 -1 8 8 8 -1 -1 -1 -1 -1 1 -1 1 
1 1 1 -1 -1 1 -1 -1 8 1 1 1 -1 -1 -1 -1 1 -1 1 1 
1 1 1 -1 1 -1 1 8 3 3 1 1 -1 -1 -1 1 1 9 -1 8 
8 1 1 1 8 1 -1 1 8 3 1 1 -1 1 1 1 1 9 8 1 
1 1 1 8 8 8 1 1 3 3 1 1 1 2 1 -1 2 -1 9 8 
1 -1 4 -1 8 8 8 8 1 3 4 3 1 1 -1 1 1 1 1 1 
-1 4 4 -1 8 8 8 3 3 1 3 1 2 1 2 5 5 1 1 1 
1 1 8 4 8 -1 8 9 1 1 1 2 -1 2 2 2 5 1 1 -1 
8 1 8 8 8 2 2 9 1 2 2 -1 -1 2 2 -1 1 1 8 1 
1 1 8 1 8 3 2 -1 9 9 4 2 -1 2 2 2 1 1 1 8 
1 1 8 8 8 3 3 8 9 -1 4 4 2 -1 2 -1 1 1 1 1 
8 8 8 8 3 8 8 8 8 9 4 -1 2 2 -1 -1 1 1 8 1 
8 1 1 8 8 8 8 8 8 8 4 -1 -1 2 2 2 -1 1 1 8 
8 8 1 1 1 8 8 8 -1 -1 4 -1 2 -1 -1 2 1 1 1 8 
8 8 8 8 8 8 8 8 4 4 -1 -1 -1 -1 -1 -1 1 1 8 8 
8 8 8 8 -1 1 -1 8 1 4 -1 -1 -1 -1 -1 4 4 1 8 8 
-1 -1 -1 1 4 4 2 2 1 1 1 1 -1 1 1 -1 1 -1 -1 -1 
-1 -1 -1 -1 -1 4 -1 2 1 1 1 1 1 1 -1 1 1 -1 -1 -1 
-1 -1 -1 -1 -1 -1 1 2 -1 1 1 2 1 1 -1 1 1 -1 -1 -1 
-1 -1 -1 -1 -1 -1 1 1 1 -1 -1 -1 1 8 -1 1 -1 1 3 -1 
-1 8 -1 8 1 1 1 1 1 -1 -1 1 8 1 1 -1 1 3 -1 -1 
8 -1 8 -1 2 -1 1 1 -1 -1 -1 2 2 1 1 -1 -1 -1 -1 -1 
-1 8 -1 -1 -1 1 1 1 1 -1 -1 -1 -1 1 1 -1 -1 -1 -1 -1 
-1 -1 -1 -1 -1 -1 -1 -1 -1 -1 -1 -1 -1 -1 -1 1 -1 -1 -1 -1 
-1 -1 -1 -1 -1 -1 -1 -1 -1 1 -1 -1 5 5 -1 -1 -1 -1 -1 -1 
-1 -1 -1 4 -1 -1 -1 1 1 -1 1 4 5 -1 -1 -1 -1 -1 -1 -1 
-1 -1 4 -1 -1 -1 4 4 1 4 4 4 -1 -1 -1 -1 -1 -1 -1 -1 
-1 -1 2 -1 -1 -1 -1 2 4 4 1 -1 -1 -1 -1 -1 -1 -1 -1 -1 
-1 2 2 4 -1 2 2 2 -1 -1 1 -1 -1 -1 -1 -1 8 -1 -1 -1 
2 4 4 4 4 1 2 2 2 -1 -1 -1 -1 -1 -1 -1 1 -1 2 2 
2 2 2 2 4 1 1 -1 -1 -1 -1 -1 -1 -1 -1 1 1 -1 2 -1 
2 2 2 4 2 -1 1 1 1 1 -1 -1 -1 -1 -1 -1 2 2 1 2 
2 2 -1 -1 -1 -1 -1 -1 1 1 -1 -1 -1 -1 -1 -1 2 2 -1 1 
2 -1 1 1 1 1 -1 -1 1 1 -1 -1 -1 -1 -1 -1 1 1 1 -1 
-1 1 1 -1 1 1 -1 1 1 -1 -1 -1 -1 -1 -1 -1 -1 1 1 1 
-1 1 1 1 -1 1 1 1 1 1 -1 -1 -1 1 -1 -1 -1 1 -1 -1 
-1 -1 4 4 4 4 4 3 3 -1 -1 -1 2 2 2 2 2 2 2 2 
-1 4 4 -1 2 4 3 -1 3 3 2 2 2 -1 2 -1 3 2 2 2 
1 1 -1 2 2 2 2 4 3 2 3 2 -1 2 -1 2 2 -1 -1 1 
-1 -1 4 -1 2 2 2 4 -1 3 2 2 -1 -1 2 2 -1 -1 -1 -1 
-1 4 4 4 4 2 2 2 2 2 2 -1 2 -1 -1 -1 -1 -1 -1 -1 
1 1 4 -1 2 -1 2 2 2 2 2 2 2 -1 -1 -1 -1 -1 -1 -1 
1 1 2 4 2 -1 2 2 2 2 2 2 2 -1 -1 -1 2 2 -1 -1 
1 1 -1 1 1 2 -1 2 -1 2 2 2 2 -1 2 2 2 2 2 -1 
2 -1 2 2 1 2 4 2 2 2 2 2 2 -1 2 2 2 2 2 -1 
2 2 -1 2 2 2 2 4 2 2 -1 2 2 2 4 2 2 2 2 2 
-1 2 2 2 2 2 2 2 2 2 2 -1 -1 -1 2 4 2 2 2 2 
-1 -1 2 2 2 2 2 2 -1 -1 2 -1 4 4 4 4 4 2 -1 2 
-1 2 -1 2 2 2 1 1 -1 -1 -1 2 4 2 4 -1 2 -1 -1 -1 
2 2 2 2 2 2 1 1 -1 -1 -1 -1 -1 4 -1 2 -1 -1 -1 -1 
-1 -1 -1 -1 1 2 1 1 1 -1 -1 -1 -1 -1 -1 -1 2 2 -1 -1 
-1 1 -1 -1 -1 -1 1 -1 -1 -1 -1 -1 -1 2 -1 2 2 -1 -1 -1 
3 -1 -1 -1 -1 -1 -1 -1 -1 -1 -1 -1 -1 2 2 2 2 -1 -1 3 
-1 -1 -1 -1 -1 4 -1 -1 1 -1 -1 2 2 2 2 2 2 2 2 2 
2 2 4 4 4 3 4 -1 -1 3 -1 -1 2 2 2 2 2 2 2 2 
2 4 4 4 4 4 3 3 3 -1 -1 2 2 2 2 2 2 2 2 2 
4 4 4 -1 1 -1 -1 2 2 3 2 3 -1 -1 -1 3 -1 -1 4 4 
-1 4 4 1 -1 1 -1 4 2 2 3 2 -1 -1 -1 3 4 -1 1 4 
-1 -1 1 -1 1 -1 4 4 1 1 1 3 2 -1 -1 4 -1 4 -1 -1 
4 4 4 -1 4 4 -1 -1 1 3 3 2 4 3 4 3 -1 -1 -1 4 
4 4 4 4 4 4 -1 -1 -1 3 3 2 4 4 1 1 -1 -1 -1 4 
4 4 4 -1 4 4 -1 -1 3 3 2 3 -1 -1 3 3 -1 -1 -1 -1 
4 4 4 4 4 -1 -1 -1 4 2 3 9 9 4 -1 3 3 -1 -1 -1 
3 4 3 -1 -1 3 3 4 4 -1 3 3 2 4 1 1 -1 3 3 3 
3 3 3 3 -1 3 3 -1 -1 3 -1 3 4 1 1 3 3 2 3 -1 
3 3 3 -1 -1 -1 -1 -1 1 4 4 4 1 -1 1 1 3 3 2 3 
2 2 3 -1 -1 3 4 3 4 4 4 4 1 1 1 3 3 3 -1 -1 
2 1 -1 -1 -1 -1 -1 -1 4 2 -1 4 4 1 2 3 3 3 -1 2 
1 1 2 -1 -1 -1 -1 -1 -1 -1 -1 -1 4 4 -1 8 4 3 3 3 
-1 2 2 2 -1 -1 -1 -1 -1 -1 4 -1 4 4 -1 1 3 4 1 1 
2 2 2 -1 -1 -1 -1 -1 -1 -1 -1 4 4 4 4 4 4 -1 2 2 
2 2 -1 -1 -1 -1 -1 -1 -1 -1 4 4 4 -1 4 1 4 1 1 -1 
-1 -1 -1 -1 2 -1 -1 -1 -1 -1 -1 4 4 -1 -1 1 -1 1 1 -1 
-1 4 -1 2 2 -1 -1 -1 2 2 2 2 -1 4 -1 1 -1 -1 1 -1 
4 4 1 -1 -1 1 -1 -1 2 2 2 2 2 -1 -1 -1 -1 -1 -1 -1 
4 4 1 -1 1 -1 -1 -1 2 2 2 -1 2 -1 -1 -1 -1 4 -1 -1 
-1 8 -1 -1 3 2 3 3 3 3 -1 4 4 -1 -1 4 4 8 -1 8 
1 -1 8 -1 3 3 3 3 -1 3 3 -1 -1 4 -1 4 4 4 1 4 
1 3 3 3 8 8 2 2 2 3 -1 3 32 -1 4 4 4 -1 4 1 
8 3 3 -1 8 2 2 2 2 3 3 3 3 4 4 4 4 4 4 -1 
8 4 4 -1 2 8 -1 3 2 3 3 4 3 32 4 4 4 1 4 8 
8 4 4 -1 8 8 3 8 3 1 4 4 -1 4 4 4 4 1 -1 8 
8 8 8 2 8 -1 8 8 3 3 2 4 -1 4 4 4 4 4 2 -1 
2 2 8 2 2 8 8 3 3 4 4 4 4 -1 -1 3 -1 2 -1 -1 
-1 2 2 2 2 -1 -1 8 -1 4 4 4 4 4 3 -1 2 2 -1 8 
-1 2 2 2 -1 -1 -1 -1 8 4 2 2 4 3 -1 3 2 2 2 2 
4 4 2 2 2 -1 -1 -1 2 4 4 4 4 3 3 3 4 -1 2 2 
2 -1 2 2 -1 2 2 2 2 4 4 4 4 3 3 3 3 -1 -1 2 
4 -1 2 2 2 -1 2 2 2 -1 4 4 4 3 -1 -1 -1 -1 4 -1 
4 -1 2 2 2 2 2 2 4 4 4 4 -1 -1 4 4 4 4 -1 4 
4 1 1 2 1 2 2 2 4 4 4 4 4 4 8 -1 -1 -1 8 4 
-1 1 -1 1 2 2 2 2 4 4 4 4 4 4 8 8 -1 -1 -1 8 
2 -1 2 2 2 9 2 -1 2 3 4 4 4 4 4 -1 8 8 8 -1 
2 2 2 2 2 8 2 -1 3 -1 3 4 4 4 8 8 4 8 8 4 
2 -1 2 2 2 2 2 -1 3 3 3 -1 4 3 3 3 -1 4 4 -1 
8 8 2 -1 2 2 2 3 3 3 -1 -1 -1 3 3 1 8 4 8 8 
4 -1 4 -1 4 -1 4 4 -1 4 4 2 4 4 1 4 4 4 -1 -1 
4 4 -1 4 4 -1 4 4 4 -1 4 4 -1 1 4 4 -1 -1 -1 -1 
4 4 32 -1 -1 -1 4 -1 4 4 -1 4 4 4 4 4 4 -1 -1 4 
4 -1 32 32 4 4 4 4 -1 3 4 4 4 4 4 4 4 4 2 3 
-1 32 32 32 4 4 4 4 3 -1 3 4 -1 4 4 4 -1 4 3 3 
4 4 32 32 4 4 3 4 4 4 -1 -1 4 4 4 -1 -1 3 3 -1 
-1 4 32 2 4 3 4 3 4 4 4 -1 3 -1 3 3 3 3 4 4 
4 4 -1 4 2 2 2 2 4 4 3 3 3 3 -1 3 3 3 -1 4 
-1 4 4 4 4 2 2 4 4 4 3 1 3 3 3 -1 3 3 4 -1 
4 4 4 4 4 4 -1 2 4 -1 -1 -1 3 -1 -1 -1 4 9 4 4 
4 4 4 4 4 4 -1 4 1 1 3 3 -1 3 4 -1 4 4 4 4 
4 -1 -1 -1 -1 4 4 4 4 -1 4 -1 3 -1 4 4 4 -1 4 4 
1 1 1 1 1 -1 4 4 1 4 2 2 3 4 4 4 4 4 3 4 
3 1 1 1 1 -1 1 1 -1 1 1 2 2 3 4 4 3 3 3 3 
4 4 1 1 1 1 1 1 4 -1 1 1 3 3 3 4 3 3 3 3 
4 4 4 1 -1 1 1 4 4 4 2 2 3 3 4 1 4 3 3 3 
4 4 -1 4 1 1 -1 4 4 -1 3 2 2 3 1 4 3 3 3 4 
4 4 -1 1 -1 -1 4 4 -1 -1 4 3 1 -1 4 3 3 3 1 -1 
4 4 4 4 4 -1 4 4 4 -1 4 1 3 4 4 4 4 4 3 3 
3 4 4 4 -1 4 4 4 4 4 -1 4 4 4 4 4 4 4 4 -1 
-1 1 1 -1 4 4 4 1 1 2 1 1 4 4 4 4 -1 4 4 32 
32 32 -1 1 1 1 -1 1 2 -1 2 32 32 4 4 4 4 4 1 32 
32 32 -1 -1 4 -1 4 4 4 32 32 4 4 3 4 2 4 2 1 1 
1 32 -1 -1 4 1 2 -1 -1 4 1 4 4 -1 -1 4 2 2 1 2 
-1 1 -1 -1 -1 -1 2 2 -1 2 4 1 4 4 1 4 -1 1 2 2 
2 -1 -1 -1 -1 -1 2 2 2 2 2 4 1 1 4 4 2 1 2 -1 
-1 -1 -1 -1 -1 -1 2 2 -1 4 4 4 -1 4 4 -1 4 4 1 2 
-1 -1 1 1 -1 -1 2 2 -1 -1 2 4 2 4 -1 4 4 4 -1 2 
2 -1 1 1 -1 -1 4 4 2 2 2 -1 4 4 2 4 4 -1 2 2 
2 2 -1 -1 -1 1 -1 4 2 2 2 4 4 2 2 -1 4 2 2 32 
32 -1 -1 -1 1 1 1 4 2 4 2 4 -1 4 2 -1 -1 1 2 4 
4 -1 -1 -1 1 -1 -1 4 4 4 4 4 4 -1 4 4 -1 -1 4 1 
4 4 -1 -1 -1 -1 1 1 1 4 4 -1 4 4 4 4 4 -1 1 1 
4 4 1 1 -1 8 1 1 4 4 -1 4 4 4 4 -1 4 1 4 2 
2 4 4 -1 4 -1 8 4 4 -1 4 4 8 4 4 4 4 4 4 4 
2 2 4 4 -1 4 -1 -1 -1 4 4 8 4 -1 -1 4 2 4 -1 2 
4 4 -1 2 10 1 1 -1 -1 -1 8 -1 -1 4 4 -1 4 2 2 2 
2 2 4 -1 2 -1 -1 1 -1 8 8 8 4 -1 8 4 -1 2 2 4 
1 -1 1 -1 -1 2 1 -1 1 1 -1 -1 -1 4 4 8 2 4 4 4 
1 -1 1 4 -1 4 -1 1 1 1 1 -1 -1 4 4 4 4 4 -1 4 
4 2 8 8 10 10 2 -1 8 32 4 -1 4 4 -1 1 -1 -1 4 -1 
4 4 2 8 10 10 2 8 8 -1 4 4 4 -1 1 1 -1 -1 8 8 
8 4 2 -1 -1 8 2 8 8 8 1 4 -1 -1 -1 4 -1 8 8 8 
-1 -1 1 2 -1 1 8 -1 8 1 8 8 4 -1 4 4 -1 -1 -1 -1 
2 -1 2 1 1 -1 8 8 -1 -1 1 4 4 4 4 4 -1 1 1 -1 
2 2 2 1 -1 -1 8 8 -1 8 1 1 -1 -1 -1 1 1 -1 1 2 
1 2 -1 -1 4 8 8 -1 1 2 8 -1 1 1 1 1 1 1 1 1 
-1 2 1 -1 8 4 8 -1 2 -1 -1 -1 4 4 1 1 1 -1 -1 1 
1 1 1 1 -1 -1 -1 -1 -1 -1 -1 -1 -1 4 -1 1 -1 -1 -1 1 
2 -1 -1 1 -1 1 1 -1 -1 -1 -1 1 1 -1 -1 -1 -1 -1 -1 1 
-1 1 1 -1 2 1 1 1 1 -1 1 1 -1 1 -1 -1 1 1 1 1 
1 4 -1 2 -1 2 -1 1 1 1 1 1 1 1 1 4 1 -1 -1 4 
4 4 4 4 2 -1 -1 -1 4 2 4 1 1 -1 -1 1 4 4 4 4 
4 -1 4 2 4 4 4 4 -1 4 4 1 4 4 -1 -1 4 4 4 4 
4 4 -1 1 4 4 4 4 4 4 4 1 4 4 -1 4 4 4 4 -1 
-1 4 -1 1 1 4 4 -1 4 4 4 4 4 4 4 4 4 -1 -1 4 
-1 -1 1 1 1 1 4 4 4 4 4 4 2 4 4 4 4 -1 4 -1 
8 -1 1 -1 10 4 4 2 4 -1 8 2 4 2 32 4 4 -1 8 -1 
4 -1 10 10 10 -1 -1 4 2 8 8 4 4 4 4 32 4 4 4 8 
-1 8 -1 10 10 10 -1 8 32 32 4 4 4 4 -1 -1 -1 -1 4 4 
-1 -1 -1 2 2 -1 -1 -1 1 -1 1 2 1 2 1 9 9 2 8 8 
1 1 8 2 8 8 -1 2 2 2 2 2 2 2 2 9 2 9 9 9 
8 -1 -1 -1 8 8 8 -1 8 2 2 2 2 2 2 9 9 -1 9 1 
9 16 -1 8 8 8 8 8 -1 8 8 -1 -1 -1 9 -1 -1 9 1 1 
9 9 -1 16 8 8 8 8 8 8 8 -1 -1 -1 8 -1 -1 -1 1 1 
1 1 1 -1 8 1 -1 8 -1 8 8 8 8 8 8 8 -1 -1 1 1 
1 1 1 8 -1 -1 1 8 8 1 1 -1 2 2 8 8 1 -1 8 1 
1 1 -1 8 8 8 8 1 2 -1 8 1 -1 2 8 8 8 1 1 1 
8 8 -1 -1 8 -1 -1 8 -1 1 1 1 -1 2 8 8 -1 1 1 1 
8 -1 -1 -1 -1 -1 8 16 8 1 8 2 2 2 8 -1 8 -1 1 -1 
8 8 4 4 -1 8 4 16 16 8 2 1 1 2 2 8 -1 1 1 -1 
8 -1 8 4 4 4 8 4 4 4 4 4 1 1 1 8 -1 -1 -1 1 
-1 -1 -1 4 4 -1 -1 -1 4 4 4 4 -1 2 1 1 8 1 1 -1 
-1 -1 -1 -1 -1 -1 2 2 -1 -1 2 2 2 -1 1 -1 -1 1 1 4 
-1 -1 1 -1 -1 -1 2 -1 -1 8 2 2 -1 -1 -1 4 -1 -1 -1 4 
4 -1 -1 1 2 -1 2 2 -1 -1 8 2 2 1 1 4 -1 4 -1 -1 
-1 -1 -1 1 2 4 -1 8 8 8 2 8 2 -1 2 4 -1 4 -1 8 
-1 -1 1 1 1 1 -1 8 8 2 8 2 4 2 4 4 -1 4 8 8 
-1 -1 1 2 2 -1 -1 -1 2 1 2 2 2 4 4 1 1 8 -1 -1 
-1 -1 2 2 -1 -1 -1 -1 1 8 8 1 1 -1 1 1 9 -1 8 8 
-1 -1 2 -1 -1 -1 2 -1 1 1 -1 2 8 2 2 -1 1 2 -1 -1 
-1 -1 -1 3 -1 -1 -1 -1 1 1 -1 2 2 8 8 8 4 -1 2 -1 
-1 -1 2 2 -1 -1 -1 -1 2 1 2 2 8 8 2 4 -1 2 -1 -1 
1 1 1 2 3 -1 -1 2 1 2 2 2 -1 1 8 2 -1 2 1 -1 
1 1 1 -1 -1 2 2 1 -1 -1 8 -1 -1 1 2 1 2 -1 -1 -1 
1 2 1 -1 1 1 1 -1 -1 -1 16 -1 -1 1 1 1 -1 2 2 -1 
2 2 1 2 1 2 -1 -1 -1 16 16 -1 1 2 2 2 2 2 2 1 
1 2 2 -1 1 1 1 2 16 -1 -1 16 2 -1 2 -1 2 -1 -1 -1 
2 2 1 1 1 2 2 -1 2 1 1 16 16 -1 -1 -1 -1 -1 8 -1 
2 2 1 1 1 1 2 -1 -1 1 -1 2 -1 -1 -1 -1 -1 8 -1 8 
1 1 -1 1 -1 1 -1 -1 2 -1 -1 8 8 9 2 -1 -1 -1 -1 -1 
1 1 1 1 1 1 -1 -1 2 2 -1 -1 -1 -1 -1 2 -1 -1 -1 1 
1 1 1 1 1 1 1 -1 -1 2 2 -1 -1 -1 2 -1 -1 -1 -1 -1 
-1 1 1 1 1 1 -1 -1 -1 2 -1 2 -1 -1 -1 -1 -1 -1 -1 -1 
-1 -1 1 1 1 2 2 -1 -1 2 2 2 -1 -1 -1 2 -1 -1 -1 -1 
-1 -1 -1 1 2 2 -1 -1 8 2 2 2 2 9 2 2 -1 -1 -1 -1 
-1 -1 -1 2 2 -1 2 -1 8 -1 -1 2 -1 2 9 -1 -1 2 -1 -1 
-1 -1 -1 -1 -1 -1 -1 -1 -1 8 -1 -1 2 -1 -1 -1 -1 2 2 -1 
-1 -1 -1 -1 -1 -1 2 -1 8 -1 -1 -1 2 2 -1 -1 2 2 2 2 
2 2 -1 -1 -1 2 -1 2 -1 -1 -1 -1 2 8 -1 -1 -1 2 2 2 
1 2 -1 -1 -1 -1 -1 -1 -1 -1 -1 1 1 -1 -1 -1 -1 -1 -1 1 
1 -1 2 -1 -1 -1 -1 -1 -1 8 -1 -1 -1 -1 -1 -1 -1 -1 -1 1 
-1 1 1 1 -1 -1 -1 -1 -1 -1 -1 -1 -1 -1 -1 -1 2 2 1 1 
1 -1 1 -1 -1 -1 -1 -1 -1 -1 -1 -1 -1 -1 -1 2 2 2 2 2 
-1 1 1 -1 -1 -1 -1 -1 -1 -1 -1 -1 -1 -1 -1 -1 -1 2 2 2 
-1 -1 -1 -1 -1 1 -1 1 -1 -1 -1 -1 -1 -1 -1 1 -1 2 2 2 
-1 -1 8 8 8 -1 1 1 1 1 -1 -1 -1 -1 -1 -1 -1 -1 -1 2 
-1 8 1 8 -1 1 1 1 1 -1 -1 -1 -1 -1 -1 -1 -1 -1 -1 -1 
-1 1 2 2 1 1 8 1 -1 -1 -1 -1 -1 -1 -1 -1 -1 -1 -1 -1 
-1 1 2 2 1 -1 -1 -1 -1 -1 -1 -1 -1 -1 -1 -1 -1 -1 -1 2 
2 1 2 1 1 -1 -1 -1 -1 -1 -1 -1 -1 -1 -1 -1 -1 -1 -1 2 
1 2 1 2 1 -1 -1 -1 -1 -1 1 -1 -1 -1 -1 -1 -1 -1 -1 1 
-1 2 2 1 -1 -1 -1 -1 -1 2 -1 1 -1 -1 -1 -1 -1 2 2 2 
2 2 2 -1 -1 -1 -1 -1 2 2 2 -1 -1 -1 -1 -1 -1 2 2 -1 
-1 2 -1 -1 -1 -1 2 2 2 2 1 2 -1 -1 -1 -1 -1 -1 2 -1 
-1 -1 -1 -1 -1 -1 -1 -1 2 -1 -1 -1 -1 -1 -1 -1 -1 2 2 -1 
-1 -1 -1 -1 -1 -1 1 1 1 -1 -1 -1 -1 -1 -1 -1 -1 -1 2 -1 
-1 -1 -1 -1 -1 -1 -1 1 -1 -1 -1 -1 1 -1 1 -1 1 -1 -1 -1 
1 -1 1 -1 -1 -1 -1 1 -1 -1 -1 -1 1 -1 1 -1 1 -1 -1 -1 
1 1 -1 -1 -1 -1 -1 2 -1 8 -1 1 -1 1 -1 1 1 -1 -1 -1 
1 1 2 -1 1 1 -1 -1 -1 1 2 1 1 1 1 1 -1 -1 2 1 
1 2 -1 8 8 -1 -1 -1 -1 2 2 -1 2 1 -1 -1 -1 -1 1 -1 
2 -1 -1 2 -1 -1 -1 -1 -1 -1 -1 -1 -1 -1 -1 -1 -1 1 2 1 
1 2 2 2 2 -1 -1 -1 -1 -1 8 -1 -1 -1 -1 -1 -1 1 2 2 
2 2 2 2 2 -1 -1 -1 -1 8 -1 8 -1 8 -1 -1 -1 -1 -1 2 
2 2 2 2 2 2 2 -1 -1 8 -1 2 8 -1 8 -1 -1 -1 -1 -1 
1 2 2 -1 2 -1 -1 -1 -1 2 2 2 -1 8 -1 -1 -1 2 -1 1 
1 2 -1 1 1 -1 -1 -1 1 1 1 -1 2 -1 -1 -1 -1 2 1 -1 
-1 2 1 1 1 1 -1 -1 -1 1 -1 -1 -1 -1 -1 -1 -1 2 1 1 
1 2 2 -1 -1 -1 -1 -1 -1 -1 1 -1 1 1 -1 -1 -1 -1 2 1 
1 1 -1 1 1 -1 2 2 -1 1 1 1 1 -1 -1 -1 -1 -1 -1 -1 
2 1 -1 -1 1 1 1 2 2 -1 1 1 1 -1 -1 -1 -1 -1 -1 1 
-1 2 2 -1 1 1 -1 1 2 1 -1 1 -1 -1 -1 -1 -1 -1 -1 -1 
-1 1 1 1 1 1 2 2 2 2 -1 1 1 -1 -1 -1 -1 2 -1 2 
1 1 -1 1 1 1 2 2 -1 -1 -1 -1 1 -1 -1 -1 -1 2 -1 1 
1 -1 1 1 1 1 1 2 2 -1 -1 -1 1 -1 -1 -1 1 1 1 1 
-1 1 1 1 2 1 2 -1 2 -1 1 -1 -1 1 -1 -1 1 1 1 1 
1 1 1 1 1 1 1 -1 -1 -1 -1 1 -1 1 -1 -1 2 1 -1 -1 
1 1 1 -1 1 1 -1 1 -1 -1 1 2 1 1 -1 2 2 1 1 1 
1 2 2 1 1 -1 -1 -1 -1 1 1 2 2 2 2 -1 -1 1 1 1 
-1 -1 1 -1 -1 -1 -1 -1 -1 -1 2 2 2 2 -1 -1 -1 -1 -1 -1 
-1 -1 -1 -1 -1 -1 -1 -1 -1 -1 2 2 -1 2 2 -1 -1 2 -1 -1 
-1 -1 -1 2 -1 -1 -1 -1 -1 -1 2 2 2 2 2 -1 -1 2 -1 -1 
-1 -1 -1 2 2 -1 -1 -1 -1 -1 -1 2 -1 2 -1 -1 -1 -1 -1 -1 
-1 -1 -1 2 1 2 1 -1 1 2 -1 2 2 2 -1 2 -1 -1 -1 -1 
-1 2 -1 1 1 1 1 1 1 -1 -1 -1 1 1 2 2 -1 4 -1 -1 
2 2 -1 2 1 1 1 -1 1 2 2 1 1 1 2 2 -1 4 4 -1 
2 -1 2 1 1 1 1 1 -1 2 2 1 1 1 2 -1 -1 4 4 2 
1 -1 -1 -1 1 1 1 -1 1 -1 2 1 1 1 2 -1 4 4 -1 1 
1 -1 -1 1 -1 1 2 2 -1 -1 2 8 -1 -1 -1 2 1 -1 1 4 
4 2 -1 -1 1 1 2 2 -1 2 -1 -1 8 -1 2 -1 -1 1 1 1 
2 2 -1 -1 1 2 2 -1 2 2 2 2 2 2 -1 -1 -1 1 -1 1 
2 2 -1 -1 -1 -1 -1 -1 -1 -1 -1 -1 -1 2 2 -1 -1 1 1 1 
1 2 2 -1 -1 1 -1 -1 -1 -1 -1 -1 -1 -1 2 -1 2 -1 -1 1 
1 2 -1 -1 -1 -1 -1 1 -1 -1 -1 2 2 2 -1 2 -1 -1 1 1 
1 1 -1 -1 -1 -1 -1 -1 -1 -1 -1 2 2 2 -1 4 -1 -1 1 1 
-1 -1 1 -1 -1 -1 -1 -1 -1 -1 -1 -1 -1 -1 -1 -1 4 2 2 -1 
-1 1 1 1 -1 -1 -1 -1 -1 -1 -1 -1 -1 -1 -1 -1 2 2 2 2 
-1 -1 1 -1 -1 -1 -1 4 -1 -1 -1 -1 -1 2 -1 -1 2 2 -1 2 
-1 1 -1 1 -1 -1 -1 -1 -1 -1 -1 -1 2 -1 2 -1 -1 2 2 -1 
4 4 4 -1 -1 2 2 2 -1 1 2 1 -1 2 -1 2 2 4 -1 4 
4 2 -1 2 -1 -1 2 -1 -1 -1 -1 -1 -1 -1 -1 6 6 2 2 -1 
-1 2 2 2 -1 -1 -1 -1 -1 -1 -1 -1 -1 6 4 4 2 2 2 2 
2 2 1 2 -1 -1 -1 2 4 4 1 -1 -1 2 4 -1 4 -1 -1 -1 
2 1 1 1 -1 -1 2 -1 -1 4 4 -1 -1 2 2 4 -1 -1 1 1 
2 1 -1 1 -1 2 -1 2 -1 4 -1 2 2 2 4 4 2 1 1 -1 
-1 2 2 2 2 2 2 1 -1 -1 4 -1 2 2 4 4 1 -1 -1 2 
-1 -1 2 2 -1 2 2 2 4 4 1 4 -1 1 1 1 1 -1 -1 -1 
2 9 -1 -1 2 2 2 4 4 4 1 1 1 4 4 1 4 4 -1 -1 
2 -1 -1 -1 2 4 4 -1 4 4 1 1 1 1 2 1 4 4 4 1 
1 2 1 -1 4 2 4 4 -1 4 4 4 2 2 -1 -1 4 4 4 -1 
-1 2 2 -1 -1 2 -1 -1 -1 4 4 4 2 4 -1 -1 4 2 -1 1 
2 2 2 2 2 -1 4 4 -1 2 4 4 4 4 4 4 2 2 1 2 
2 2 2 2 -1 -1 4 -1 4 2 -1 4 4 4 4 4 4 4 2 2 
2 2 2 -1 2 4 4 -1 2 4 4 4 4 4 4 4 4 2 6 -1 
-1 -1 -1 2 -1 -1 4 2 4 -1 4 -1 4 4 6 6 2 2 6 6 
6 2 1 1 2 4 2 2 -1 -1 1 4 4 4 4 6 4 6 4 -1 
-1 4 -1 2 2 -1 2 -1 -1 -1 -1 1 8 8 8 8 8 4 6 -1 
4 -1 -1 2 -1 -1 -1 -1 -1 -1 -1 -1 -1 -1 8 8 8 6 -1 -1 
4 -1 2 -1 -1 -1 -1 -1 -1 -1 1 1 -1 2 2 -1 6 6 -1 -1 
-1 -1 -1 -1 -1 -1 -1 -1 -1 1 8 8 2 2 2 -1 1 -1 1 1 
-1 -1 -1 -1 -1 -1 -1 8 8 8 1 -1 2 2 2 -1 -1 1 1 -1 
-1 -1 -1 -1 -1 -1 -1 8 8 8 -1 -1 -1 -1 2 2 1 1 1 -1 
-1 -1 -1 -1 -1 -1 -1 -1 -1 8 8 4 -1 2 2 1 1 1 -1 -1 
-1 -1 -1 -1 -1 -1 -1 -1 -1 -1 4 4 -1 2 -1 -1 1 1 1 -1 
-1 -1 -1 -1 -1 -1 6 6 -1 4 4 4 -1 -1 -1 -1 -1 -1 9 9 
-1 -1 -1 1 1 -1 6 6 4 4 4 4 -1 -1 -1 -1 1 1 -1 9 
9 -1 1 1 1 1 1 -1 2 4 4 1 1 -1 -1 -1 1 1 1 -1 
-1 -1 1 1 1 1 1 -1 4 4 4 4 1 1 1 -1 -1 1 1 1 
-1 1 1 1 1 1 1 1 4 1 1 4 -1 -1 4 1 1 2 1 1 
1 1 1 2 -1 1 -1 -1 4 1 4 4 -1 4 2 1 4 1 1 1 
1 -1 1 2 1 1 1 1 1 1 4 6 2 4 1 2 4 1 1 -1 
-1 1 2 2 1 1 1 1 1 -1 6 1 2 2 4 2 2 1 1 -1 
-1 1 2 -1 -1 -1 -1 2 -1 -1 1 4 -1 -1 2 1 -1 2 2 -1 
-1 -1 -1 -1 -1 -1 -1 2 -1 1 -1 -1 -1 -1 -1 1 1 2 -1 -1 
-1 -1 2 -1 -1 2 2 2 2 2 -1 -1 -1 4 1 4 -1 -1 -1 -1 
2 2 2 -1 -1 2 -1 2 -1 -1 -1 32 32 32 1 1 2 -1 -1 2 
1 -1 -1 -1 -1 -1 2 -1 -1 -1 8 4 -1 32 2 2 -1 -1 -1 -1 
-1 1 -1 -1 -1 -1 -1 -1 -1 8 8 4 2 1 1 -1 -1 -1 -1 -1 
-1 -1 -1 -1 -1 -1 -1 -1 8 8 8 8 4 2 2 2 -1 1 1 -1 
1 -1 2 1 -1 -1 -1 -1 -1 -1 -1 -1 1 8 1 1 8 -1 -1 -1 
9 2 2 1 9 2 -1 -1 -1 2 -1 -1 -1 8 8 8 -1 8 8 8 
9 -1 9 9 8 -1 2 -1 -1 2 2 -1 8 8 -1 8 8 8 8 9 
9 9 8 8 -1 -1 -1 2 2 2 -1 -1 -1 8 9 8 8 8 9 9 
2 -1 9 -1 8 8 -1 -1 2 -1 -1 -1 -1 -1 8 8 1 9 9 9 
8 9 -1 -1 8 -1 8 2 -1 2 -1 -1 1 9 9 1 1 9 9 9 
9 2 9 9 -1 8 -1 -1 2 2 2 -1 9 2 9 2 -1 9 9 8 
9 9 8 8 8 8 8 2 2 -1 -1 -1 9 -1 2 1 2 2 2 -1 
1 9 9 9 8 8 8 9 -1 -1 -1 4 4 9 -1 -1 2 2 2 1 
1 8 8 8 8 -1 8 9 -1 -1 -1 -1 -1 9 2 2 2 2 8 1 
9 8 8 -1 8 8 2 -1 -1 -1 -1 -1 -1 2 -1 1 2 8 9 9 
9 9 -1 8 8 -1 9 9 9 -1 9 -1 -1 -1 8 8 1 1 2 2 
3 -1 -1 8 8 8 -1 9 9 9 9 -1 -1 1 8 -1 1 2 -1 -1 
-1 -1 -1 3 -1 -1 9 1 9 9 -1 -1 -1 1 1 1 1 1 -1 3 
3 3 3 -1 9 8 8 9 9 -1 -1 -1 1 1 1 1 1 -1 -1 1 
-1 8 3 8 8 9 8 -1 -1 -1 -1 -1 -1 1 -1 1 1 1 1 -1 
-1 3 8 8 8 -1 -1 -1 -1 -1 -1 1 1 -1 1 -1 1 8 8 -1 
-1 8 8 -1 -1 8 -1 -1 -1 -1 -1 4 1 1 1 1 -1 -1 8 8 
-1 2 2 -1 -1 8 -1 -1 -1 4 4 4 1 -1 9 8 1 9 8 1 
8 8 -1 -1 1 -1 -1 -1 -1 -1 4 1 1 1 8 1 1 8 8 1 
-1 4 4 4 -1 8 4 -1 -1 -1 -1 4 4 1 -1 -1 -1 -1 1 -1 
1 4 -1 -1 -1 -1 8 4 -1 -1 -1 -1 -1 4 -1 -1 -1 1 -1 -1 
-1 -1 -1 2 -1 -1 4 -1 -1 -1 4 -1 4 4 -1 -1 -1 -1 1 -1 
1 1 2 2 -1 4 8 4 -1 -1 -1 4 4 4 4 -1 -1 -1 3 3 
1 3 1 8 -1 -1 8 -1 8 8 8 4 4 4 4 -1 -1 -1 -1 -1 
3 3 1 8 8 -1 8 8 8 8 -1 -1 4 -1 4 -1 3 -1 -1 -1 
2 8 -1 8 8 -1 8 -1 -1 8 -1 4 -1 -1 -1 -1 3 -1 9 2 
4 8 8 8 8 8 1 8 8 8 -1 -1 -1 -1 -1 2 -1 8 2 9 
1 8 8 -1 1 1 8 8 -1 8 -1 -1 -1 -1 -1 2 3 3 9 4 
1 8 8 8 8 1 1 1 -1 8 8 -1 -1 -1 -1 -1 2 2 2 4 
2 2 2 8 1 1 8 -1 1 8 8 -1 -1 -1 -1 -1 2 2 4 4 
-1 4 1 2 1 8 8 8 8 8 8 -1 -1 -1 8 8 2 2 4 -1 
2 1 2 2 -1 1 -1 8 8 -1 -1 8 -1 -1 -1 -1 2 -1 -1 2 
2 -1 2 -1 1 1 1 -1 8 8 8 -1 1 -1 -1 -1 -1 -1 8 2 
8 -1 2 1 1 -1 4 4 -1 2 8 1 1 2 -1 -1 -1 -1 8 8 
-1 2 2 2 1 -1 1 1 4 2 4 4 2 -1 -1 -1 -1 -1 8 9 
9 2 4 4 1 1 1 4 1 4 8 -1 -1 1 -1 -1 -1 -1 9 1 
8 9 -1 4 -1 1 1 4 4 -1 -1 -1 -1 1 -1 -1 -1 -1 8 9 
-1 4 4 -1 -1 1 -1 4 4 4 -1 -1 4 1 1 -1 4 9 -1 8 
4 4 4 4 -1 -1 -1 -1 -1 -1 -1 -1 4 -1 1 1 1 -1 -1 -1 
4 4 4 -1 -1 1 1 1 1 1 1 1 1 1 4 -1 4 4 -1 4 
-1 -1 -1 -1 1 1 4 4 1 1 1 1 1 1 1 4 -1 4 4 4 
4 4 -1 -1 1 1 1 1 1 1 -1 1 1 -1 -1 4 4 4 4 4 
-1 -1 4 -1 1 1 1 -1 1 -1 -1 -1 -1 -1 -1 4 4 4 4 4 
4 -1 -1 1 1 -1 1 4 4 1 1 -1 1 1 -1 4 4 4 4 4 
4 -1 1 -1 1 1 4 4 4 -1 -1 -1 1 4 -1 4 4 4 4 4 
4 -1 -1 1 1 1 -1 4 4 4 4 -1 1 4 4 4 4 4 4 4 
8 8 -1 1 4 4 -1 4 4 4 -1 4 -1 4 4 4 4 4 4 4 
8 8 3 3 -1 4 4 4 4 4 4 -1 4 4 4 4 4 -1 4 9 
-1 3 3 3 -1 4 4 4 4 4 4 -1 -1 -1 4 4 4 4 4 4 
4 3 2 -1 2 4 4 4 4 4 4 4 4 4 4 -1 -1 -1 -1 4 
4 3 -1 2 2 2 4 2 2 4 -1 -1 -1 4 4 -1 4 -1 4 4 
4 4 -1 2 2 3 4 2 4 4 -1 2 4 4 -1 4 4 4 4 4 
4 4 2 4 4 2 4 4 4 4 2 4 -1 4 4 4 4 -1 4 4 
4 4 4 2 4 4 4 4 4 4 -1 2 4 -1 4 4 4 4 4 4 
4 -1 -1 4 4 -1 4 4 4 -1 1 4 2 2 2 4 4 4 4 4 
4 -1 4 4 4 4 -1 4 4 -1 -1 1 2 -1 4 -1 4 -1 -1 -1 
-1 4 4 1 4 -1 8 1 8 8 1 4 4 4 2 2 2 -1 4 -1 
-1 -1 1 1 1 8 1 8 8 -1 1 -1 1 4 4 2 2 4 4 4 
-1 4 1 1 1 1 1 1 -1 1 1 1 -1 4 4 4 4 4 4 4 
-1 2 1 1 6 -1 1 1 -1 1 6 -1 -1 2 4 4 4 4 4 4 
4 2 2 6 6 6 1 1 -1 1 1 4 2 -1 4 4 4 4 4 2 
4 2 4 4 1 1 6 6 6 6 4 -1 4 4 5 4 4 4 -1 2 
4 4 4 4 4 4 6 6 4 4 4 4 4 -1 -1 4 9 8 9 4 
4 4 4 4 4 4 4 4 6 4 4 4 4 4 4 4 8 8 8 8 
4 4 -1 1 4 6 4 4 4 4 4 4 4 4 4 -1 8 8 8 8 
4 4 1 4 4 4 4 4 4 4 4 4 -1 4 4 4 9 1 4 1 
1 -1 4 4 4 4 4 4 4 4 4 2 2 2 4 4 9 4 1 1 
1 1 4 1 4 4 4 4 4 -1 4 2 2 4 4 4 9 9 9 -1 
5 4 4 1 1 4 4 4 4 -1 -1 4 4 4 4 4 9 9 -1 5 
4 4 1 1 4 1 4 4 4 4 -1 -1 -1 4 -1 4 4 -1 4 -1 
4 4 -1 4 1 4 4 4 4 4 -1 -1 32 1 4 4 32 8 8 4 
4 8 -1 -1 8 8 4 4 4 4 4 4 32 32 4 1 8 8 8 4 
4 -1 8 8 4 4 4 4 6 4 4 4 4 -1 1 2 8 8 -1 8 
8 8 -1 9 4 4 4 4 4 4 4 6 32 2 2 1 2 -1 8 8 
1 9 8 -1 9 4 4 4 4 4 4 2 2 32 2 2 2 -1 8 8 
8 8 9 9 1 4 4 4 -1 4 4 2 2 2 32 2 2 -1 -1 1 
1 -1 8 8 1 1 4 4 4 4 6 2 2 2 2 2 2 -1 -1 4 
8 9 9 1 -1 1 -1 -1 1 -1 2 2 9 2 2 4 2 -1 4 1 
8 8 -1 -1 1 1 1 1 4 4 6 6 -1 2 2 4 4 4 4 4 
