5 10 10 10 10 10 4 4 4 6 10 4 -1 4 4 5 5 4 -1 5 
1 10 10 10 -1 10 4 4 6 4 6 4 4 4 5 5 5 5 5 5 
-1 1 1 10 10 4 4 6 6 5 5 4 4 8 4 8 8 5 5 5 
5 -1 1 4 4 1 4 4 4 4 6 6 3 3 8 8 -1 8 5 -1 
1 1 1 4 1 4 1 4 4 5 6 -1 -1 3 8 6 8 8 1 1 
1 1 1 4 8 4 4 4 4 6 5 5 5 1 4 8 -1 8 1 1 
1 1 12 4 4 4 4 -1 4 11 5 5 5 1 5 5 8 8 1 1 
1 1 2 6 6 4 4 4 -1 11 4 5 1 4 5 -1 4 8 1 8 
1 1 2 6 6 4 4 4 11 -1 4 6 6 4 4 40 4 -1 8 1 
32 2 2 4 4 4 4 11 11 6 14 6 1 41 41 4 4 -1 8 8 
2 -1 2 2 4 4 8 8 8 14 14 -1 4 4 4 4 41 4 -1 32 
2 2 32 4 4 6 8 8 8 11 4 -1 -1 4 41 41 32 6 4 6 
32 32 32 -1 -1 8 6 8 11 4 4 4 4 -1 4 4 -1 32 6 33 
6 33 33 33 8 10 6 6 4 4 4 4 6 8 -1 4 4 32 33 -1 
-1 5 33 8 10 6 6 6 6 6 6 6 6 4 40 40 10 10 -1 33 
5 33 8 5 32 10 -1 6 6 10 -1 6 6 6 40 40 10 32 5 5 
5 6 5 6 6 10 10 -1 10 10 6 -1 -1 4 6 40 3 -1 32 5 
10 6 6 10 10 10 10 10 10 10 10 -1 6 6 6 3 3 5 5 5 
6 10 6 10 10 6 10 10 6 6 4 4 6 3 4 5 5 3 3 6 
10 10 10 10 10 10 10 6 6 10 -1 4 4 4 5 3 5 -1 -1 5 
10 10 10 10 10 10 10 2 10 10 2 10 10 2 10 10 10 10 6 6 
10 10 -1 -1 10 10 10 -1 2 2 10 10 2 2 10 10 10 -1 10 10 
4 10 -1 4 5 2 2 2 -1 2 10 2 10 10 10 10 10 4 4 -1 
2 10 -1 4 4 4 2 4 -1 3 10 10 10 10 -1 10 4 -1 4 4 
5 40 40 40 -1 40 -1 4 3 -1 10 10 10 10 10 4 4 -1 -1 2 
3 40 3 5 40 8 8 3 3 3 10 10 10 10 -1 10 4 4 3 -1 
8 3 6 5 8 8 8 8 -1 3 10 10 10 2 2 4 10 10 2 3 
2 8 8 8 8 6 6 8 6 10 10 10 10 40 2 2 10 10 10 2 
10 10 10 8 6 6 6 6 10 2 10 10 10 2 2 4 10 10 10 10 
10 10 10 6 8 6 10 10 40 10 10 12 2 2 4 4 10 -1 10 10 
10 6 6 6 -1 6 6 6 10 40 10 2 10 2 4 10 2 -1 10 10 
10 33 10 6 6 6 2 10 1 -1 2 2 2 2 2 2 2 2 10 10 
10 10 10 10 6 6 10 10 10 2 -1 10 2 2 2 2 2 2 10 2 
10 2 10 10 10 10 10 10 -1 2 2 10 2 12 2 2 2 2 2 10 
10 10 10 10 10 10 10 10 10 10 12 12 4 4 2 12 10 12 12 6 
10 10 10 5 10 8 8 8 12 12 12 10 4 5 12 10 10 12 12 6 
41 10 1 5 10 10 8 10 8 8 10 12 12 12 -1 10 6 12 6 12 
10 1 10 10 10 10 10 10 8 10 12 10 12 10 10 6 10 6 10 41 
1 10 10 10 10 10 10 10 10 10 10 4 6 -1 10 10 6 10 6 6 
6 -1 10 10 10 10 2 10 10 8 8 10 10 10 10 10 10 -1 6 6 
4 4 4 10 4 4 4 4 10 10 10 4 32 32 10 10 10 10 10 -1 
4 4 10 2 2 4 2 32 4 -1 32 4 4 4 -1 4 4 10 10 10 
4 10 10 2 12 2 2 2 10 10 4 10 10 10 6 6 6 4 4 4 
10 4 4 4 12 12 2 2 4 4 10 10 32 10 10 7 -1 10 10 4 
10 4 4 4 32 2 32 32 -1 2 10 1 32 32 10 10 10 4 4 10 
10 10 10 2 10 32 2 -1 4 4 1 10 4 4 7 10 10 10 4 -1 
10 10 10 10 10 10 -1 32 32 4 4 4 4 4 10 10 10 10 -1 10 
10 10 10 10 10 10 32 4 4 4 4 4 4 10 10 10 6 6 10 4 
10 10 10 10 10 10 10 4 1 4 4 1 2 10 10 10 10 10 4 10 
10 10 10 10 10 10 10 1 10 4 10 2 1 1 10 10 10 10 4 10 
10 10 10 10 11 10 10 1 10 4 10 -1 -1 10 2 10 -1 10 2 6 
6 10 10 10 32 11 10 10 10 10 10 4 4 4 10 -1 10 10 2 2 
10 10 10 10 11 11 11 10 10 10 10 4 -1 4 4 2 -1 2 -1 10 
10 10 10 10 11 11 10 -1 10 10 10 10 4 4 4 2 2 2 10 10 
10 10 10 10 11 10 10 10 10 10 10 10 10 4 -1 2 10 2 10 10 
2 4 10 10 10 10 10 10 10 10 10 10 10 2 2 -1 10 10 10 4 
4 4 4 4 10 10 10 -1 10 10 10 10 4 4 2 4 6 10 4 4 
4 10 4 4 10 10 10 32 32 10 10 10 2 4 10 4 -1 -1 -1 4 
10 4 4 4 -1 4 10 10 4 4 -1 4 10 10 4 -1 -1 -1 7 7 
4 4 4 10 4 4 10 10 4 4 10 32 4 4 10 10 -1 -1 6 10 
-1 10 4 4 4 4 6 4 6 -1 10 4 -1 -1 10 4 10 10 -1 4 
4 4 4 4 4 4 4 6 6 10 10 4 4 10 4 3 10 10 10 10 
10 10 10 4 4 -1 32 -1 -1 10 4 4 4 4 4 1 10 10 10 10 
10 10 10 -1 4 1 6 32 4 10 -1 10 4 4 1 10 10 10 10 10 
10 10 -1 1 6 6 4 4 10 10 10 10 4 10 1 10 10 10 1 1 
1 10 10 -1 6 4 4 1 4 4 10 10 10 -1 10 10 1 10 10 10 
10 1 1 1 1 1 1 4 10 10 1 10 10 -1 -1 10 10 10 10 10 
-1 -1 1 1 1 4 -1 10 4 10 10 1 1 10 10 10 10 10 10 -1 
-1 -1 -1 -1 1 4 -1 4 10 10 10 10 10 10 -1 10 -1 10 1 1 
5 4 10 4 4 4 4 10 10 10 -1 10 10 10 10 10 4 10 10 5 
5 4 -1 -1 4 4 10 10 10 4 10 10 10 10 10 10 10 10 10 5 
5 4 4 -1 -1 -1 10 10 4 10 4 10 10 10 4 10 10 10 10 10 
6 4 -1 4 -1 1 1 -1 4 4 1 10 10 10 4 4 11 10 -1 6 
4 4 4 6 4 -1 1 4 10 10 1 10 10 10 1 1 11 11 5 4 
-1 -1 1 1 1 1 1 4 4 10 10 1 -1 10 10 10 11 10 10 10 
9 4 4 6 -1 1 1 1 10 4 1 10 10 -1 10 10 10 10 4 -1 
4 4 4 4 1 1 1 -1 -1 -1 10 10 10 10 10 10 10 10 -1 4 
4 4 -1 4 4 4 4 -1 4 10 10 10 10 11 11 10 10 10 10 6 
-1 4 4 10 10 4 4 4 2 10 10 10 10 10 10 10 10 10 -1 4 
-1 -1 4 10 4 4 10 6 4 10 10 10 10 10 10 10 10 -1 10 4 
8 8 -1 -1 -1 4 -1 -1 2 -1 2 4 10 10 32 -1 32 32 1 1 
1 8 8 -1 -1 -1 4 4 2 -1 4 4 10 -1 32 32 -1 32 -1 10 
4 4 8 10 -1 4 32 2 2 2 4 2 4 2 -1 32 32 10 10 -1 
-1 -1 -1 10 10 10 1 -1 -1 -1 1 4 2 -1 2 10 10 10 4 -1 
9 4 8 8 10 1 1 1 1 1 1 1 1 2 10 10 10 10 4 9 
4 4 1 8 1 10 1 1 1 1 1 1 1 2 10 10 10 10 4 4 
4 8 8 8 1 1 4 1 -1 1 1 1 1 1 10 10 10 4 4 4 
-1 3 3 10 1 1 -1 1 8 8 1 -1 1 1 1 10 1 4 4 4 
3 3 10 3 1 1 1 -1 8 4 8 1 1 1 1 1 10 -1 -1 1 
3 10 10 10 2 3 8 10 8 10 4 -1 1 1 1 1 10 10 -1 -1 
3 3 -1 4 3 3 -1 8 -1 4 4 -1 1 1 4 4 4 10 10 10 
3 1 1 1 3 4 4 -1 8 4 8 4 -1 4 -1 4 2 2 -1 3 
9 9 9 8 3 1 4 -1 -1 8 8 -1 8 -1 -1 -1 2 2 3 9 
3 9 3 8 8 1 1 4 8 -1 1 1 -1 8 8 8 2 -1 -1 4 
4 8 9 6 1 4 1 1 8 8 -1 1 1 -1 1 10 10 2 1 -1 
4 4 6 8 8 -1 -1 1 10 4 10 1 1 1 -1 10 10 10 1 6 
6 6 8 8 8 4 1 4 10 10 -1 10 -1 1 -1 1 1 1 1 1 
1 6 6 4 4 -1 4 10 -1 10 10 32 32 1 -1 1 1 1 8 8 
1 6 -1 -1 -1 4 4 4 2 10 32 -1 32 2 1 -1 1 9 8 8 
8 6 -1 -1 4 -1 4 -1 2 2 8 32 2 1 32 -1 1 1 8 1 
8 2 -1 4 4 4 -1 8 4 4 4 4 4 4 -1 8 8 4 8 1 
2 2 1 6 -1 4 -1 4 4 8 -1 6 8 6 6 -1 8 8 4 8 
2 -1 6 6 -1 -1 -1 -1 4 -1 -1 6 2 -1 1 -1 9 8 8 8 
2 2 -1 2 -1 8 -1 9 8 -1 2 2 8 8 -1 9 -1 -1 -1 -1 
-1 2 2 2 2 8 -1 -1 -1 2 2 8 8 9 -1 -1 4 -1 -1 -1 
-1 2 6 6 8 6 -1 8 2 2 -1 -1 8 8 9 4 -1 -1 -1 8 
6 8 8 6 6 6 8 -1 2 2 8 -1 8 -1 -1 4 -1 4 8 8 
8 6 8 8 6 -1 8 8 -1 -1 8 8 8 -1 4 8 -1 8 8 8 
-1 -1 -1 -1 -1 8 8 1 1 8 8 8 8 4 8 -1 4 -1 8 2 
2 2 -1 8 -1 -1 -1 1 1 1 -1 8 -1 4 4 4 1 -1 -1 -1 
-1 8 8 8 8 -1 8 1 1 -1 32 -1 32 8 -1 1 1 1 1 -1 
-1 8 8 8 1 1 -1 1 32 32 32 32 -1 -1 8 1 1 1 1 1 
2 8 8 8 -1 -1 1 8 8 32 32 32 8 -1 1 1 1 1 1 8 
2 8 8 -1 -1 8 -1 -1 -1 8 32 32 2 -1 4 -1 8 1 1 8 
8 -1 1 1 8 8 8 8 -1 -1 32 4 -1 -1 4 -1 4 1 1 1 
-1 1 10 10 8 8 -1 -1 1 32 32 4 4 8 8 -1 9 1 1 1 
1 1 10 10 8 8 10 10 8 4 4 -1 -1 -1 -1 2 2 2 1 1 
1 -1 10 10 8 10 10 9 9 4 1 -1 4 1 -1 -1 1 -1 1 1 
10 10 10 10 -1 10 8 8 4 4 1 4 1 4 1 -1 -1 1 1 1 
2 1 -1 10 4 -1 -1 -1 4 4 4 4 4 1 1 -1 1 8 -1 -1 
8 8 8 -1 -1 2 -1 2 -1 8 -1 -1 -1 8 8 8 8 -1 8 -1 
-1 1 1 -1 2 40 2 8 8 8 9 9 1 -1 8 8 8 8 8 8 
8 1 -1 2 2 2 8 -1 8 8 -1 -1 1 8 8 8 8 8 8 -1 
4 8 8 -1 2 2 8 8 8 4 4 1 8 1 8 -1 8 8 8 8 
8 8 8 9 -1 -1 8 -1 9 4 -1 4 -1 1 8 4 8 8 -1 8 
-1 -1 9 9 -1 -1 -1 8 -1 9 -1 -1 4 -1 -1 8 1 8 -1 8 
8 8 8 9 8 8 -1 -1 -1 -1 -1 -1 -1 1 -1 1 -1 8 8 8 
6 8 4 8 4 8 9 9 8 8 1 -1 1 1 -1 1 9 9 6 6 
-1 8 8 8 6 8 9 9 9 8 8 1 1 1 1 1 1 8 8 6 
4 8 4 6 6 -1 8 9 9 -1 1 8 1 1 1 1 8 8 6 6 
8 4 9 -1 -1 -1 -1 8 -1 -1 1 8 1 8 -1 1 8 8 6 6 
-1 9 -1 -1 -1 4 32 2 2 8 -1 1 1 8 8 4 8 -1 -1 1 
1 1 -1 -1 -1 32 -1 2 -1 -1 -1 -1 9 8 8 -1 4 8 9 1 
1 1 8 8 -1 -1 4 -1 -1 -1 2 -1 8 9 -1 -1 9 9 1 1 
1 1 4 4 -1 -1 -1 -1 -1 -1 2 -1 9 -1 -1 8 8 9 1 -1 
-1 8 -1 -1 4 -1 -1 -1 -1 -1 -1 -1 8 8 8 1 8 8 1 1 
1 -1 8 1 -1 4 -1 -1 -1 8 -1 -1 8 8 1 1 8 8 2 2 
1 -1 1 1 -1 -1 -1 4 -1 -1 8 8 8 8 -1 -1 1 2 8 -1 
-1 8 8 1 -1 -1 -1 -1 8 -1 8 8 8 8 -1 -1 -1 8 8 1 
8 8 8 8 -1 -1 -1 2 8 8 -1 -1 8 8 -1 -1 8 8 -1 8 
8 8 -1 -1 -1 6 -1 80 -1 32 -1 -1 -1 -1 8 8 8 -1 -1 1 
-1 -1 8 -1 -1 80 80 80 -1 80 32 -1 -1 8 -1 -1 -1 -1 -1 -1 
-1 -1 -1 -1 1 -1 80 -1 80 -1 32 -1 -1 -1 -1 -1 -1 -1 -1 -1 
2 2 -1 1 -1 -1 2 -1 -1 80 6 -1 6 6 -1 -1 -1 -1 -1 2 
-1 2 -1 2 2 4 -1 -1 -1 80 80 6 6 6 -1 -1 -1 -1 -1 -1 
-1 2 -1 -1 4 -1 -1 -1 -1 -1 -1 -1 -1 6 -1 4 -1 -1 -1 4 
4 -1 -1 -1 4 -1 -1 -1 -1 -1 -1 -1 4 4 -1 6 4 -1 -1 -1 
1 -1 -1 -1 4 40 -1 -1 1 -1 -1 1 1 -1 6 6 6 -1 40 40 
-1 1 -1 -1 40 -1 4 -1 6 32 -1 1 1 1 1 1 1 4 40 40 
-1 1 1 1 -1 4 -1 4 1 32 32 32 32 1 1 1 40 40 4 4 
1 -1 1 -1 -1 -1 4 4 1 1 1 1 1 -1 -1 1 1 40 1 -1 
-1 8 8 -1 -1 4 4 4 1 -1 1 1 -1 -1 -1 -1 1 1 1 1 
4 -1 -1 -1 1 1 1 4 -1 1 1 1 1 -1 -1 -1 1 1 4 4 
4 -1 -1 -1 -1 1 1 1 1 1 1 1 40 40 -1 40 -1 1 4 4 
-1 4 -1 -1 1 1 1 -1 1 -1 1 4 40 40 8 -1 1 1 -1 4 
-1 -1 -1 -1 6 1 -1 8 1 1 4 -1 4 40 8 -1 1 -1 2 -1 
8 8 -1 -1 -1 4 -1 8 4 -1 4 4 2 40 1 1 1 1 2 -1 
8 8 -1 -1 -1 4 4 -1 4 4 -1 -1 -1 4 -1 1 -1 1 -1 -1 
8 8 8 8 -1 -1 4 4 6 6 4 -1 -1 4 4 -1 1 -1 -1 8 
8 -1 8 -1 -1 -1 4 -1 4 6 4 40 -1 8 4 -1 -1 -1 1 8 
32 -1 -1 -1 1 1 1 -1 -1 40 -1 -1 -1 32 1 1 1 1 1 1 
-1 40 -1 -1 1 1 1 -1 -1 -1 40 -1 -1 32 32 1 1 -1 -1 -1 
-1 40 40 40 -1 1 -1 -1 40 40 32 -1 32 -1 -1 1 1 -1 -1 6 
6 -1 -1 40 1 -1 -1 -1 -1 32 40 -1 6 -1 -1 1 1 -1 -1 40 
40 -1 -1 -1 40 -1 -1 40 -1 -1 -1 40 -1 -1 1 1 -1 1 -1 1 
1 -1 -1 -1 -1 -1 -1 -1 40 40 -1 -1 -1 -1 1 1 4 4 1 -1 
1 -1 -1 -1 -1 -1 -1 -1 40 40 40 4 -1 -1 -1 -1 -1 4 4 -1 
4 4 4 -1 -1 -1 -1 -1 -1 -1 -1 4 -1 -1 -1 -1 -1 -1 -1 -1 
-1 4 4 4 -1 -1 -1 -1 4 4 -1 40 -1 32 32 40 40 4 4 -1 
-1 4 4 4 4 1 1 -1 4 -1 40 40 40 40 4 -1 4 4 4 4 
-1 4 4 4 40 1 1 4 4 4 -1 -1 4 4 -1 -1 5 -1 4 -1 
-1 40 6 40 40 1 1 4 4 4 4 -1 -1 -1 4 -1 -1 4 4 -1 
-1 6 -1 1 1 1 40 4 40 -1 4 -1 -1 4 -1 -1 -1 -1 40 40 
-1 -1 6 -1 1 1 1 40 -1 -1 -1 4 -1 4 32 -1 -1 -1 -1 -1 
-1 40 -1 6 -1 -1 4 40 -1 -1 -1 -1 -1 32 -1 32 32 32 32 -1 
-1 -1 40 40 -1 -1 -1 -1 -1 1 1 -1 -1 -1 32 -1 32 32 32 -1 
-1 40 -1 -1 -1 -1 -1 -1 -1 -1 -1 -1 -1 1 1 -1 -1 32 32 -1 
-1 -1 -1 -1 -1 -1 40 40 -1 -1 -1 -1 1 1 1 1 1 1 -1 -1 
32 -1 -1 1 -1 1 1 -1 40 40 -1 -1 1 1 1 1 1 1 32 32 
32 -1 -1 1 1 1 1 -1 40 -1 40 -1 -1 1 1 1 1 -1 -1 32 
5 4 4 5 5 40 40 -1 -1 -1 -1 -1 -1 2 -1 -1 -1 -1 4 4 
4 -1 -1 -1 -1 -1 40 -1 -1 -1 -1 -1 4 -1 6 4 -1 4 4 40 
-1 -1 -1 -1 -1 -1 40 -1 -1 -1 -1 -1 40 -1 6 6 4 -1 -1 -1 
40 -1 -1 40 -1 -1 40 40 -1 -1 -1 -1 -1 40 -1 4 4 4 40 40 
40 -1 -1 -1 -1 -1 -1 40 1 1 -1 1 -1 -1 -1 -1 -1 40 40 40 
40 -1 -1 40 40 -1 -1 6 6 -1 -1 1 -1 40 -1 -1 40 40 -1 -1 
-1 -1 -1 -1 40 40 -1 -1 6 6 -1 40 40 40 -1 40 40 40 -1 -1 
40 40 -1 -1 -1 -1 -1 -1 6 32 40 40 1 1 -1 40 40 40 -1 6 
40 40 -1 -1 -1 -1 -1 -1 -1 -1 32 -1 1 1 -1 40 40 -1 6 -1 
-1 40 3 -1 -1 -1 -1 -1 -1 -1 -1 32 -1 1 -1 40 40 40 -1 -1 
40 -1 3 -1 -1 -1 -1 -1 -1 -1 -1 32 -1 32 -1 -1 40 40 40 40 
-1 -1 -1 -1 -1 -1 -1 -1 -1 -1 -1 -1 -1 -1 -1 -1 -1 -1 40 40 
40 40 -1 -1 -1 -1 -1 40 -1 -1 -1 -1 -1 -1 -1 -1 -1 -1 -1 -1 
-1 40 -1 -1 -1 -1 -1 -1 -1 -1 -1 -1 -1 -1 -1 -1 -1 1 -1 -1 
40 -1 -1 -1 -1 -1 1 5 -1 -1 -1 -1 80 80 -1 -1 1 40 -1 -1 
-1 -1 -1 -1 -1 -1 -1 -1 5 -1 -1 -1 -1 80 -1 1 -1 40 40 40 
40 40 32 -1 -1 1 -1 6 -1 -1 -1 80 80 80 1 -1 -1 -1 40 -1 
-1 40 32 -1 1 -1 -1 -1 6 -1 -1 -1 80 80 -1 -1 -1 40 40 40 
-1 -1 -1 5 1 -1 -1 6 -1 4 -1 -1 -1 -1 -1 -1 -1 40 40 40 
40 5 5 5 5 -1 40 6 4 -1 -1 -1 1 1 2 -1 -1 -1 40 40 
-1 4 4 40 4 -1 -1 40 4 -1 40 40 -1 40 -1 3 -1 -1 -1 -1 
-1 -1 4 4 -1 4 4 40 -1 -1 -1 40 40 -1 -1 -1 -1 -1 -1 -1 
-1 -1 4 4 -1 4 4 4 -1 -1 40 -1 -1 -1 -1 -1 -1 -1 -1 -1 
-1 -1 -1 4 -1 40 40 -1 -1 40 -1 3 -1 -1 -1 -1 -1 -1 -1 -1 
-1 -1 -1 40 40 40 40 40 -1 3 3 -1 3 3 3 -1 -1 -1 -1 -1 
-1 4 5 -1 4 -1 -1 -1 40 2 4 -1 3 3 -1 3 -1 -1 -1 -1 
5 -1 5 -1 -1 -1 -1 40 40 4 -1 -1 3 -1 -1 -1 -1 -1 2 2 
-1 5 -1 -1 -1 -1 40 40 -1 40 4 -1 -1 -1 -1 -1 -1 -1 1 1 
-1 -1 -1 -1 -1 -1 1 1 1 1 -1 -1 -1 -1 -1 -1 -1 -1 -1 1 
-1 -1 40 -1 -1 -1 1 1 1 1 -1 -1 -1 -1 -1 -1 -1 -1 1 1 
-1 40 40 40 -1 -1 -1 1 1 40 -1 32 -1 -1 -1 -1 -1 -1 -1 -1 
-1 40 40 -1 1 -1 -1 4 40 -1 -1 -1 -1 -1 -1 -1 -1 -1 -1 -1 
40 -1 -1 1 -1 32 32 -1 -1 -1 -1 -1 -1 -1 -1 -1 -1 -1 40 -1 
40 -1 -1 -1 40 32 32 32 32 -1 -1 -1 -1 -1 -1 -1 -1 -1 -1 40 
-1 -1 4 4 40 40 4 32 32 -1 -1 40 40 40 -1 40 4 -1 -1 -1 
-1 -1 4 4 40 40 4 32 -1 -1 -1 -1 40 40 40 -1 4 -1 -1 4 
4 4 4 4 -1 40 40 40 -1 -1 -1 40 -1 32 40 -1 -1 -1 -1 4 
-1 4 4 4 4 -1 4 4 -1 -1 -1 40 40 -1 1 33 -1 2 -1 -1 
4 4 4 -1 -1 -1 -1 4 4 4 4 -1 -1 -1 3 1 -1 3 2 2 
-1 4 4 4 40 -1 -1 40 4 4 -1 -1 -1 -1 3 -1 3 3 3 3 
-1 -1 -1 -1 1 1 1 1 1 1 -1 1 1 1 -1 -1 -1 -1 -1 -1 
-1 -1 -1 1 1 1 1 -1 -1 1 -1 1 1 -1 -1 -1 -1 -1 -1 -1 
-1 -1 -1 -1 -1 1 -1 1 1 1 1 1 1 1 -1 -1 -1 -1 -1 -1 
-1 -1 -1 -1 -1 -1 1 1 1 -1 1 1 -1 -1 1 1 -1 -1 -1 -1 
-1 -1 -1 -1 -1 1 1 1 1 1 2 -1 -1 1 1 1 1 1 -1 -1 
-1 -1 -1 -1 -1 -1 1 1 -1 -1 -1 1 -1 -1 1 -1 -1 1 -1 -1 
-1 -1 -1 -1 -1 -1 1 -1 -1 -1 -1 -1 -1 1 1 1 1 1 -1 -1 
-1 -1 -1 -1 -1 -1 -1 -1 -1 -1 -1 -1 -1 1 1 1 -1 1 -1 -1 
-1 -1 -1 -1 -1 -1 -1 -1 -1 -1 -1 -1 -1 1 -1 -1 1 -1 -1 -1 
-1 -1 -1 -1 -1 -1 -1 -1 -1 -1 -1 -1 -1 -1 -1 -1 -1 -1 -1 -1 
-1 -1 -1 -1 -1 -1 -1 -1 -1 -1 -1 -1 -1 -1 -1 -1 -1 -1 -1 -1 
-1 -1 -1 -1 -1 -1 -1 -1 -1 -1 -1 -1 -1 -1 -1 -1 -1 -1 -1 -1 
-1 -1 -1 -1 -1 -1 -1 -1 -1 -1 -1 -1 -1 -1 -1 -1 -1 -1 -1 -1 
-1 -1 -1 -1 -1 -1 -1 2 2 1 -1 -1 -1 -1 -1 -1 -1 -1 -1 -1 
-1 -1 -1 -1 1 -1 -1 1 2 2 2 -1 -1 -1 -1 -1 -1 -1 1 1 
1 -1 1 1 -1 -1 -1 -1 1 2 -1 2 -1 -1 -1 -1 -1 -1 -1 1 
1 1 -1 -1 -1 -1 -1 -1 2 2 -1 2 2 -1 -1 -1 -1 -1 -1 -1 
-1 -1 -1 -1 -1 1 -1 2 2 -1 -1 2 2 -1 -1 -1 -1 -1 -1 1 
-1 -1 -1 -1 1 -1 1 2 -1 1 2 2 -1 -1 -1 -1 -1 -1 1 -1 
-1 -1 -1 -1 1 1 -1 -1 -1 1 1 1 2 -1 1 -1 -1 -1 -1 -1 
-1 -1 -1 -1 -1 -1 -1 -1 -1 -1 -1 -1 2 2 -1 -1 -1 -1 -1 -1 
1 -1 1 1 -1 -1 -1 2 2 2 2 3 3 -1 -1 3 -1 1 -1 -1 
-1 1 -1 -1 1 1 -1 2 -1 -1 2 2 -1 -1 -1 4 3 1 1 -1 
1 1 1 1 1 -1 2 2 -1 2 -1 -1 1 1 4 1 1 1 1 1 
2 2 1 1 -1 -1 2 2 -1 -1 1 -1 5 5 1 2 2 3 -1 2 
2 -1 1 1 1 1 -1 2 2 1 -1 -1 -1 5 -1 5 5 5 -1 2 
2 2 1 -1 1 -1 2 2 2 1 1 1 -1 1 -1 -1 3 3 2 2 
-1 -1 2 2 -1 1 1 -1 -1 1 1 -1 1 1 3 3 -1 3 2 2 
2 2 2 2 -1 1 1 -1 -1 1 1 1 1 5 5 -1 -1 -1 2 2 
2 2 1 2 2 -1 -1 -1 -1 -1 1 1 1 5 3 3 -1 -1 -1 2 
2 -1 2 1 1 -1 -1 1 -1 1 1 1 -1 1 -1 -1 -1 2 -1 -1 
-1 2 2 2 2 1 -1 -1 1 -1 -1 1 1 -1 -1 2 2 -1 -1 -1 
-1 -1 -1 2 2 1 -1 -1 1 -1 1 -1 1 1 -1 -1 -1 1 -1 -1 
-1 -1 2 2 1 -1 -1 -1 -1 1 -1 1 1 -1 -1 -1 -1 -1 -1 -1 
-1 -1 2 -1 1 -1 -1 -1 -1 -1 -1 -1 1 -1 -1 -1 -1 -1 -1 -1 
-1 -1 -1 1 -1 -1 -1 -1 -1 -1 -1 -1 -1 -1 -1 -1 -1 -1 -1 -1 
-1 -1 -1 -1 -1 -1 -1 -1 -1 -1 -1 -1 -1 -1 -1 -1 -1 -1 -1 -1 
-1 -1 -1 -1 -1 -1 -1 -1 -1 -1 -1 -1 -1 -1 -1 -1 -1 -1 -1 -1 
-1 -1 -1 -1 -1 -1 -1 -1 -1 -1 -1 -1 -1 -1 2 -1 -1 -1 -1 -1 
-1 -1 -1 -1 -1 -1 4 -1 -1 -1 -1 -1 -1 2 2 -1 -1 -1 -1 -1 
1 1 1 1 1 1 -1 1 2 -1 -1 -1 -1 2 2 2 -1 -1 -1 2 
1 1 1 1 1 -1 -1 1 1 2 -1 -1 2 2 2 2 2 2 1 1 
1 1 1 1 -1 1 1 -1 2 2 2 1 2 1 1 -1 2 2 2 -1 
1 1 1 1 1 -1 3 -1 2 -1 2 2 -1 -1 -1 2 -1 -1 -1 2 
2 1 1 1 1 1 3 -1 2 2 2 2 2 2 2 -1 2 -1 2 2 
2 1 1 1 3 3 -1 -1 -1 2 -1 2 2 2 -1 -1 2 2 -1 2 
2 1 1 3 1 3 -1 3 2 -1 -1 2 2 1 1 1 2 2 1 1 
1 1 1 -1 -1 3 3 -1 -1 -1 -1 -1 1 1 1 2 2 1 2 -1 
2 -1 -1 1 3 -1 3 -1 -1 1 -1 -1 -1 1 -1 1 1 1 -1 1 
2 -1 -1 3 3 -1 -1 -1 -1 1 1 -1 -1 1 1 2 1 2 1 2 
-1 -1 -1 5 -1 5 5 -1 -1 -1 1 -1 -1 1 -1 2 2 1 2 2 
-1 -1 4 4 5 5 5 -1 -1 -1 -1 -1 -1 1 2 1 1 2 2 -1 
-1 5 4 4 4 -1 -1 -1 -1 -1 1 -1 -1 -1 1 1 2 2 -1 -1 
-1 5 -1 4 -1 -1 -1 -1 -1 -1 -1 1 -1 -1 -1 -1 -1 -1 -1 -1 
-1 -1 5 5 4 -1 5 -1 -1 -1 -1 -1 -1 -1 -1 -1 -1 -1 -1 -1 
-1 2 -1 5 5 5 -1 -1 -1 -1 -1 -1 -1 -1 -1 -1 -1 -1 2 1 
1 4 4 1 5 -1 -1 -1 -1 -1 -1 2 2 -1 -1 -1 -1 2 -1 2 
-1 4 4 -1 -1 -1 -1 -1 -1 2 2 2 -1 -1 -1 -1 -1 2 2 2 
1 1 -1 1 -1 1 -1 2 -1 2 2 2 -1 2 -1 -1 2 2 2 2 
1 -1 1 -1 1 1 1 1 2 2 -1 -1 -1 2 -1 2 2 2 2 1 
-1 -1 -1 -1 3 3 -1 -1 -1 -1 -1 -1 -1 -1 -1 -1 -1 2 2 -1 
8 -1 -1 4 -1 -1 -1 -1 -1 -1 -1 -1 -1 -1 -1 -1 1 -1 -1 -1 
-1 8 4 -1 -1 -1 1 -1 -1 -1 -1 2 -1 -1 2 -1 4 4 -1 2 
-1 4 4 -1 6 -1 -1 1 -1 1 1 -1 -1 -1 2 -1 4 4 2 -1 
4 -1 4 4 6 -1 1 1 1 -1 -1 -1 -1 -1 -1 4 -1 4 4 -1 
-1 -1 -1 4 -1 -1 1 1 1 1 -1 1 -1 -1 -1 -1 4 4 4 4 
4 -1 -1 -1 -1 4 -1 1 1 -1 1 -1 1 -1 -1 -1 4 -1 -1 4 
4 4 4 -1 4 -1 -1 1 1 3 1 1 -1 -1 -1 -1 -1 -1 -1 -1 
-1 -1 -1 -1 -1 4 -1 3 3 3 1 1 -1 3 -1 -1 2 -1 -1 -1 
-1 -1 4 -1 4 -1 2 3 3 -1 2 2 -1 -1 2 4 2 2 -1 -1 
2 -1 4 4 4 4 4 2 3 -1 -1 -1 4 2 2 -1 4 2 -1 2 
-1 -1 4 4 4 4 -1 -1 -1 4 -1 4 2 2 2 -1 -1 -1 2 2 
-1 4 4 4 4 1 4 -1 4 4 4 4 4 1 1 2 -1 -1 2 4 
4 4 4 -1 1 4 4 4 4 4 -1 4 -1 4 1 1 -1 2 2 2 
-1 4 4 1 -1 -1 4 4 4 4 -1 -1 1 1 4 2 -1 1 -1 1 
-1 1 1 4 -1 -1 -1 -1 4 4 4 4 2 -1 4 2 2 2 -1 1 
1 -1 -1 -1 -1 -1 -1 -1 -1 4 -1 -1 2 -1 2 1 2 2 1 1 
1 -1 -1 3 -1 -1 -1 -1 -1 -1 -1 -1 -1 -1 1 1 2 -1 -1 1 
1 -1 3 3 -1 -1 -1 -1 -1 -1 -1 -1 -1 -1 2 1 -1 2 1 -1 
-1 -1 -1 -1 3 3 -1 -1 -1 -1 -1 -1 -1 -1 -1 1 1 -1 1 -1 
3 3 3 4 -1 -1 4 4 4 -1 -1 4 -1 2 2 6 4 -1 6 3 
6 3 3 -1 -1 -1 4 4 4 4 -1 -1 -1 -1 -1 -1 6 4 -1 6 
-1 3 -1 3 -1 -1 -1 4 4 4 4 -1 -1 -1 -1 3 -1 -1 4 -1 
-1 -1 4 -1 6 -1 40 4 -1 4 -1 4 -1 3 3 6 6 -1 4 -1 
-1 6 4 4 -1 6 4 4 4 2 -1 -1 4 3 3 4 6 6 -1 -1 
4 -1 -1 4 40 6 4 4 4 -1 -1 -1 -1 6 3 6 4 4 6 4 
4 6 4 4 40 6 4 4 4 -1 -1 -1 -1 4 -1 6 4 6 6 4 
6 -1 40 40 4 4 4 4 4 4 -1 -1 -1 -1 4 3 -1 3 3 6 
3 -1 -1 4 6 4 4 4 4 1 -1 -1 -1 -1 4 -1 4 3 3 3 
-1 -1 -1 6 -1 4 -1 -1 3 -1 -1 -1 4 4 3 4 3 4 4 3 
3 4 4 -1 -1 -1 4 4 -1 4 -1 4 4 4 -1 3 3 3 4 3 
4 4 -1 -1 -1 -1 4 -1 4 4 4 4 -1 5 -1 -1 3 -1 3 -1 
-1 3 3 -1 -1 4 4 -1 4 4 2 -1 4 3 5 -1 3 3 -1 3 
4 4 4 -1 -1 4 -1 -1 2 2 2 2 5 3 3 3 3 -1 3 -1 
4 4 -1 -1 4 3 3 3 2 2 -1 -1 3 -1 3 -1 -1 3 -1 -1 
4 3 -1 3 3 -1 3 3 -1 2 2 -1 3 3 -1 3 3 3 3 3 
4 -1 3 3 3 3 3 3 2 2 -1 2 3 3 3 3 3 6 -1 -1 
4 4 3 3 3 3 3 -1 -1 3 2 3 -1 -1 -1 -1 -1 -1 6 -1 
4 3 3 -1 3 4 4 4 4 3 6 -1 3 -1 -1 -1 -1 4 4 4 
4 3 3 -1 4 4 4 4 4 4 4 -1 -1 -1 6 -1 6 4 4 -1 
3 -1 4 3 -1 3 3 3 3 -1 9 3 3 4 4 4 4 4 4 4 
4 -1 4 4 -1 3 3 3 6 9 -1 3 4 4 4 4 4 -1 1 3 
4 4 -1 4 3 3 -1 -1 6 6 -1 -1 4 4 4 4 4 4 3 -1 
6 6 4 4 4 -1 6 -1 6 6 6 -1 2 4 4 4 4 -1 -1 -1 
6 6 4 -1 3 3 -1 6 6 6 4 -1 2 -1 4 4 3 4 6 6 
-1 4 4 -1 3 3 -1 3 6 6 2 2 -1 -1 -1 4 3 6 -1 6 
4 -1 6 -1 3 -1 3 3 3 3 3 4 4 4 4 -1 4 4 6 6 
-1 4 6 3 3 3 3 -1 3 -1 3 -1 -1 4 -1 -1 4 -1 4 6 
-1 -1 -1 3 6 3 3 3 -1 -1 3 3 -1 4 4 -1 -1 -1 -1 -1 
-1 6 6 3 3 3 3 3 3 3 -1 -1 -1 -1 3 -1 -1 4 4 -1 
6 6 6 6 3 3 3 3 3 6 -1 3 3 -1 3 3 4 4 4 -1 
4 6 6 -1 -1 3 4 3 6 4 6 3 3 -1 3 -1 4 -1 -1 4 
3 3 6 4 4 4 -1 4 4 4 -1 3 3 3 -1 4 4 4 4 4 
4 4 3 -1 -1 -1 4 -1 4 4 -1 -1 3 -1 -1 -1 4 -1 -1 -1 
-1 4 4 -1 3 -1 -1 3 3 4 4 4 3 -1 -1 -1 -1 4 -1 -1 
-1 -1 4 3 -1 3 3 4 3 4 4 4 4 32 -1 -1 4 -1 -1 -1 
-1 4 4 -1 3 -1 3 -1 3 4 -1 -1 4 4 32 32 4 -1 -1 -1 
4 4 -1 -1 3 3 3 3 3 3 -1 -1 -1 4 32 4 -1 4 -1 3 
6 6 -1 -1 3 3 3 -1 3 3 -1 -1 -1 -1 4 4 -1 4 4 6 
-1 -1 3 3 3 3 3 -1 -1 3 -1 3 4 4 -1 4 -1 4 4 6 
4 3 -1 -1 4 3 1 1 -1 -1 6 4 -1 -1 4 4 4 4 4 -1 
3 6 3 -1 3 -1 -1 -1 -1 -1 6 6 4 4 4 4 -1 -1 6 -1 
6 3 3 4 3 -1 -1 -1 -1 -1 -1 -1 4 -1 -1 -1 4 -1 6 6 
4 3 6 4 3 3 -1 -1 -1 -1 -1 -1 -1 -1 -1 -1 4 4 -1 6 
3 -1 4 6 3 3 3 -1 3 3 -1 -1 -1 3 3 -1 4 4 4 6 
3 -1 -1 3 -1 3 3 3 3 -1 4 4 -1 3 3 3 4 6 4 4 
-1 -1 -1 1 -1 3 3 -1 3 4 6 6 4 4 -1 4 4 -1 4 4 
-1 4 -1 -1 -1 3 3 6 3 6 4 4 4 4 4 -1 -1 4 4 4 
4 4 4 4 -1 3 3 -1 6 4 -1 -1 6 3 3 -1 -1 4 4 4 
-1 4 4 3 3 3 3 3 6 4 -1 -1 3 2 -1 -1 4 3 3 4 
3 3 3 -1 3 3 4 3 3 4 3 -1 3 -1 -1 -1 -1 4 3 3 
-1 2 3 3 3 3 3 6 -1 3 -1 -1 -1 3 3 3 3 -1 4 3 
2 -1 -1 3 3 3 3 -1 4 -1 -1 -1 3 -1 3 -1 3 1 6 -1 
3 4 4 6 6 -1 6 6 4 -1 -1 -1 -1 3 -1 -1 -1 3 1 3 
3 -1 4 4 -1 -1 -1 -1 6 4 -1 -1 -1 3 3 3 1 -1 3 3 
3 -1 -1 6 -1 -1 -1 -1 -1 -1 -1 -1 3 3 3 3 3 3 3 1 
3 3 -1 6 -1 -1 4 -1 -1 3 1 3 4 3 -1 3 3 3 3 -1 
6 -1 6 4 4 6 4 -1 3 3 -1 -1 4 -1 3 3 -1 -1 3 3 
6 6 3 2 4 6 4 -1 3 -1 -1 1 -1 4 3 -1 3 4 -1 -1 
4 3 3 4 2 -1 -1 4 -1 4 1 -1 -1 4 4 -1 -1 4 4 4 
3 4 -1 -1 6 3 3 3 3 3 -1 -1 2 4 -1 -1 -1 3 -1 3 
4 -1 4 6 3 3 3 -1 -1 3 -1 4 2 -1 4 2 3 3 -1 -1 
4 4 4 3 3 3 3 -1 -1 -1 -1 -1 4 4 4 -1 3 4 3 4 
1 4 -1 3 -1 3 3 -1 4 -1 -1 4 4 4 -1 4 4 4 -1 4 
4 -1 4 -1 3 -1 3 6 -1 -1 -1 -1 -1 -1 -1 4 4 4 4 1 
3 -1 -1 3 3 -1 3 4 -1 -1 -1 -1 3 3 -1 -1 3 3 1 3 
3 3 -1 3 3 3 3 3 4 -1 2 3 3 3 32 -1 -1 3 3 -1 
3 -1 4 3 3 3 3 3 3 3 2 -1 3 32 32 32 3 3 -1 -1 
3 4 3 3 4 4 4 3 3 3 -1 3 32 -1 32 32 3 -1 -1 3 
3 -1 -1 3 -1 4 4 3 3 4 3 -1 -1 32 4 3 5 6 3 3 
4 6 3 -1 4 4 3 3 4 3 3 3 3 -1 4 4 6 5 -1 4 
-1 4 6 -1 4 3 3 4 -1 -1 3 -1 3 4 4 -1 -1 -1 5 4 
-1 -1 6 6 4 4 4 -1 -1 4 4 -1 4 3 -1 3 6 3 3 -1 
3 6 6 -1 -1 -1 4 4 4 4 4 4 4 -1 6 6 6 6 -1 3 
3 4 4 -1 -1 -1 4 4 4 4 4 -1 -1 1 6 4 4 4 3 3 
3 3 4 6 -1 -1 -1 -1 -1 4 -1 -1 -1 6 1 -1 -1 -1 -1 -1 
-1 4 4 -1 -1 4 6 6 6 4 -1 -1 1 6 -1 1 -1 -1 -1 -1 
6 -1 6 6 6 4 6 6 3 -1 4 3 4 -1 3 -1 -1 -1 -1 6 
3 -1 -1 4 4 4 -1 6 6 3 3 3 3 3 6 4 -1 4 4 3 
3 3 -1 -1 4 -1 6 6 3 6 -1 -1 3 4 3 6 -1 4 3 3 
-1 -1 -1 4 6 -1 6 4 6 6 6 3 -1 -1 4 3 -1 -1 -1 -1 
-1 3 3 6 4 -1 6 -1 6 6 4 4 3 3 -1 -1 4 4 -1 3 
-1 3 3 3 6 4 6 -1 6 4 4 4 -1 3 -1 -1 -1 -1 3 -1 
4 3 3 3 6 -1 4 3 -1 -1 -1 4 4 3 -1 -1 -1 -1 3 6 
-1 -1 -1 3 -1 3 -1 -1 -1 -1 4 -1 -1 -1 -1 -1 -1 4 -1 -1 
-1 -1 -1 3 3 -1 -1 6 -1 -1 1 4 -1 -1 -1 -1 -1 -1 4 -1 
-1 -1 -1 -1 3 -1 -1 6 -1 -1 -1 4 4 -1 -1 -1 -1 -1 -1 -1 
-1 -1 6 -1 3 -1 6 4 -1 4 -1 -1 -1 4 4 -1 -1 3 -1 -1 
6 6 -1 6 -1 6 6 6 4 4 4 -1 2 -1 4 4 3 -1 6 -1 
4 3 4 -1 6 6 4 4 4 4 4 4 4 2 -1 -1 -1 3 -1 6 
4 4 -1 6 6 -1 4 -1 4 4 4 4 4 -1 -1 -1 -1 3 3 4 
4 -1 6 6 -1 -1 4 4 -1 -1 4 -1 4 6 4 -1 -1 3 3 4 
-1 -1 -1 6 6 -1 4 4 4 4 4 4 -1 4 -1 4 -1 3 -1 3 
-1 3 -1 6 4 -1 4 4 4 4 4 -1 -1 6 6 6 3 -1 3 -1 
3 -1 -1 4 -1 6 -1 6 4 4 -1 -1 4 -1 6 6 -1 3 -1 3 
3 6 4 -1 6 4 4 6 -1 4 4 4 4 4 -1 -1 -1 -1 -1 3 
6 6 4 -1 -1 -1 4 -1 4 -1 4 -1 -1 -1 -1 -1 -1 -1 -1 3 
3 6 4 -1 6 -1 -1 -1 -1 -1 4 4 -1 -1 -1 -1 4 3 3 4 
-1 -1 -1 4 6 -1 6 6 -1 -1 4 -1 4 4 4 4 -1 -1 3 -1 
-1 -1 -1 6 4 -1 -1 4 6 -1 -1 -1 -1 4 -1 -1 3 -1 -1 3 
-1 2 2 -1 -1 -1 1 1 -1 -1 4 -1 -1 -1 -1 -1 8 3 -1 3 
2 -1 -1 -1 -1 1 1 1 -1 -1 4 -1 -1 -1 -1 -1 -1 -1 3 4 
-1 -1 -1 -1 -1 8 1 1 1 4 -1 -1 -1 -1 -1 -1 -1 -1 -1 4 
4 -1 2 2 -1 -1 8 8 -1 1 4 -1 -1 -1 -1 -1 4 4 4 4 
2 2 2 2 2 8 -1 8 1 1 4 4 4 -1 -1 -1 4 -1 -1 -1 
-1 2 2 2 -1 -1 -1 1 1 -1 -1 -1 4 4 -1 -1 4 4 4 -1 
-1 -1 -1 8 8 -1 -1 1 -1 -1 -1 -1 -1 4 4 -1 -1 4 4 2 
-1 -1 -1 -1 -1 -1 -1 1 4 -1 -1 -1 6 3 3 3 4 -1 6 4 
-1 -1 -1 -1 -1 -1 -1 4 1 -1 -1 4 6 6 3 6 4 6 -1 -1 
-1 -1 -1 6 6 4 4 -1 -1 -1 -1 4 6 6 -1 4 -1 4 4 4 
-1 -1 -1 4 4 1 -1 1 -1 -1 -1 4 3 4 -1 4 4 4 -1 4 
-1 -1 6 6 -1 1 -1 -1 4 4 -1 4 4 4 4 1 1 4 4 4 
-1 6 4 -1 -1 -1 4 -1 -1 -1 4 -1 4 4 -1 -1 1 4 4 -1 
-1 -1 4 -1 -1 4 4 -1 -1 -1 -1 4 -1 4 -1 3 6 6 4 -1 
1 1 -1 4 -1 1 1 1 -1 -1 -1 4 4 -1 4 -1 3 1 1 1 
1 -1 -1 4 -1 1 1 -1 -1 -1 -1 3 -1 4 3 3 3 1 -1 1 
-1 2 -1 -1 -1 -1 -1 4 4 4 3 3 3 3 -1 3 3 -1 1 -1 
2 -1 -1 -1 -1 -1 -1 -1 4 4 4 3 -1 3 -1 2 -1 -1 1 2 
2 -1 -1 -1 -1 -1 -1 -1 -1 -1 -1 -1 3 3 -1 -1 -1 -1 8 3 
3 2 -1 -1 -1 -1 -1 -1 2 2 -1 -1 4 4 -1 -1 -1 8 3 3 
4 -1 -1 -1 2 -1 2 2 -1 2 2 2 -1 3 2 3 -1 3 3 4 
4 -1 2 2 2 2 -1 2 2 2 3 3 3 -1 2 2 2 3 3 4 
-1 -1 1 2 2 -1 2 2 2 2 2 2 -1 -1 -1 2 3 2 -1 3 
-1 -1 1 1 1 -1 2 2 2 2 -1 -1 2 2 2 2 2 2 -1 -1 
-1 -1 3 1 2 2 2 2 -1 3 3 -1 -1 -1 2 2 6 6 -1 -1 
-1 2 -1 3 1 2 2 2 3 2 3 3 2 4 -1 -1 -1 -1 -1 -1 
-1 -1 2 2 1 2 2 2 3 3 2 -1 -1 4 -1 2 2 -1 4 4 
-1 -1 -1 -1 2 2 2 3 2 2 -1 1 2 2 2 1 -1 4 4 -1 
-1 -1 -1 -1 -1 2 2 3 2 -1 2 2 1 -1 -1 1 1 -1 4 4 
-1 -1 -1 -1 -1 -1 3 -1 8 8 -1 1 2 2 -1 -1 1 1 -1 4 
-1 -1 -1 -1 -1 -1 -1 2 2 8 8 8 1 2 1 1 -1 -1 -1 -1 
-1 -1 -1 -1 1 -1 -1 2 2 8 8 1 -1 1 1 1 1 -1 -1 -1 
-1 -1 -1 -1 -1 4 -1 -1 2 2 8 2 1 1 1 -1 -1 -1 -1 -1 
-1 -1 -1 -1 -1 -1 -1 -1 -1 1 1 1 2 -1 -1 1 1 -1 -1 4 
4 -1 -1 -1 -1 -1 2 1 2 -1 1 1 -1 -1 -1 1 -1 1 -1 -1 
-1 2 2 -1 -1 2 2 2 2 2 -1 2 2 -1 1 1 3 -1 -1 -1 
2 2 -1 2 2 2 -1 2 2 2 2 2 2 2 1 -1 3 2 2 -1 
2 2 -1 2 2 2 -1 2 2 -1 2 -1 -1 2 2 3 2 2 2 -1 
2 2 2 2 -1 -1 -1 -1 -1 -1 2 2 2 2 2 -1 3 2 -1 -1 
4 2 -1 2 -1 -1 -1 2 2 2 2 2 2 2 -1 3 3 3 2 -1 
2 -1 -1 1 4 1 2 1 2 2 2 2 4 4 1 1 2 2 -1 -1 
1 -1 1 -1 1 1 1 -1 2 2 2 4 2 6 1 1 2 -1 -1 1 
-1 1 -1 -1 2 2 -1 2 -1 -1 6 2 6 6 1 1 -1 -1 4 1 
1 1 2 2 2 1 2 6 2 6 6 6 6 -1 6 6 1 -1 4 4 
4 -1 1 2 1 -1 6 6 6 6 -1 -1 6 1 4 4 6 -1 4 4 
-1 4 -1 4 -1 -1 -1 6 6 4 6 6 -1 4 4 6 6 6 4 4 
-1 4 4 4 4 4 4 -1 -1 4 4 4 4 4 4 6 6 4 4 4 
4 1 4 -1 4 4 4 -1 -1 4 4 4 4 4 4 4 4 -1 2 4 
1 4 1 4 -1 4 4 1 4 4 4 2 4 4 4 -1 6 -1 -1 6 
1 4 1 4 4 -1 -1 1 1 -1 2 4 -1 4 4 -1 -1 6 4 6 
4 1 1 4 4 4 4 1 1 1 2 4 4 4 4 4 6 -1 -1 4 
-1 4 4 -1 4 4 4 4 -1 1 1 2 4 4 4 2 -1 -1 -1 -1 
4 1 1 1 1 4 4 4 -1 1 1 4 4 4 4 2 -1 -1 -1 -1 
4 1 2 1 1 1 1 4 -1 1 1 -1 -1 4 4 2 2 -1 1 1 
2 2 -1 1 1 1 1 4 4 4 4 4 4 4 1 1 -1 2 2 2 
-1 2 1 -1 1 1 6 1 4 4 4 4 4 1 2 -1 -1 2 2 2 
2 2 1 1 1 6 -1 -1 -1 4 4 4 4 2 4 -1 2 2 2 2 
2 1 4 1 1 1 -1 -1 -1 4 4 4 4 2 4 -1 4 2 2 2 
2 -1 1 1 1 -1 1 4 4 4 4 4 -1 4 4 4 -1 -1 2 2 
-1 2 1 -1 1 1 2 -1 2 2 4 4 4 4 1 -1 6 2 2 2 
4 4 1 6 1 6 6 4 -1 4 4 4 4 4 4 4 4 4 4 6 
4 4 4 -1 -1 -1 6 4 4 -1 4 4 4 4 4 4 4 4 4 4 
4 4 4 6 4 4 4 -1 -1 4 6 -1 4 4 4 -1 -1 6 6 4 
4 4 4 6 6 4 4 6 6 -1 2 4 4 4 -1 4 6 6 6 6 
4 4 4 4 4 4 6 6 6 6 6 4 4 4 -1 4 4 4 6 -1 
6 4 5 4 1 6 6 -1 6 4 4 2 2 4 4 2 2 -1 6 6 
6 -1 4 1 1 4 4 4 4 6 4 2 -1 2 4 -1 -1 -1 -1 2 
-1 -1 -1 4 4 4 4 -1 -1 6 6 -1 4 4 2 6 -1 -1 2 6 
-1 -1 4 -1 4 4 4 -1 6 4 6 -1 6 1 6 2 -1 8 2 -1 
4 4 4 4 -1 -1 -1 4 1 6 6 5 4 1 -1 -1 2 2 8 2 
4 4 -1 4 1 1 4 1 -1 1 6 5 4 -1 4 2 2 -1 2 2 
4 4 4 4 1 1 4 1 1 4 -1 6 40 -1 -1 2 4 -1 2 2 
-1 4 4 4 6 1 1 1 1 2 1 6 6 40 40 -1 4 4 2 -1 
-1 -1 4 4 4 4 1 1 1 1 2 4 4 1 -1 1 1 4 2 1 
-1 -1 4 4 1 1 1 1 1 1 1 1 4 1 1 1 1 1 6 -1 
2 4 1 4 1 1 1 1 1 1 1 -1 1 -1 4 1 1 6 4 2 
2 1 1 4 4 4 1 4 -1 1 1 4 1 1 4 4 1 4 4 6 
6 -1 -1 1 4 4 1 1 1 1 4 4 4 4 -1 6 4 4 4 4 
1 1 1 -1 6 4 -1 1 1 1 4 4 4 4 4 6 4 -1 2 -1 
1 1 1 6 6 4 4 4 1 4 4 4 4 -1 4 6 6 4 6 1 
4 6 32 32 6 6 6 6 4 4 6 4 4 4 -1 4 4 4 -1 -1 
-1 -1 4 6 32 6 -1 2 -1 4 2 4 4 4 4 4 4 4 4 4 
4 4 4 32 6 32 -1 2 4 2 2 4 4 4 4 -1 -1 4 4 6 
6 4 4 4 6 4 32 2 2 4 4 -1 4 -1 4 -1 -1 -1 6 6 
-1 4 4 4 32 32 4 32 4 -1 4 4 4 4 4 4 4 6 6 4 
4 6 4 4 32 4 -1 32 2 -1 -1 4 4 4 4 4 4 4 -1 4 
6 4 6 -1 4 40 4 4 2 -1 -1 4 4 4 4 4 4 4 4 6 
4 4 5 -1 5 5 5 6 2 -1 -1 5 4 4 4 4 4 4 4 1 
1 2 5 5 5 5 5 4 4 6 -1 4 4 4 5 4 4 6 6 1 
6 5 5 5 5 4 4 4 -1 4 4 1 -1 4 4 4 4 6 -1 6 
1 4 5 5 5 5 4 4 4 4 1 1 -1 1 -1 4 6 6 6 1 
1 4 5 5 5 4 4 4 1 1 1 -1 1 1 -1 6 4 6 1 1 
2 2 5 5 5 5 4 1 1 1 1 2 2 1 -1 6 6 6 6 2 
2 5 -1 5 4 -1 5 5 4 4 4 1 2 -1 1 4 6 4 2 6 
2 2 4 5 4 4 -1 5 5 6 1 1 -1 1 4 4 4 2 2 2 
-1 2 4 4 4 -1 5 4 5 1 6 6 6 1 4 4 4 4 4 4 
6 4 4 6 5 5 5 5 1 1 6 1 6 4 4 4 4 -1 -1 1 
6 4 4 6 6 5 5 1 1 1 4 6 4 4 4 4 4 1 -1 6 
4 6 6 6 5 6 6 1 4 4 4 6 4 4 4 4 4 4 1 -1 
4 4 6 32 6 6 6 6 4 4 4 6 4 4 4 4 4 4 -1 -1 
6 32 6 2 4 2 -1 2 4 6 4 4 4 4 32 4 4 4 4 6 
6 6 6 6 4 4 -1 -1 -1 4 4 4 4 4 32 4 4 4 4 4 
2 2 6 4 6 4 4 -1 2 4 2 2 4 4 4 4 4 4 4 6 
2 2 6 6 4 4 -1 2 2 4 -1 2 6 4 4 4 4 6 4 6 
2 2 6 4 4 4 4 4 2 2 2 6 6 4 4 4 -1 4 32 4 
2 2 2 4 4 4 4 4 4 2 2 -1 4 4 -1 4 6 32 6 2 
2 32 -1 -1 4 5 -1 4 7 7 4 7 4 -1 4 4 7 32 2 2 
2 32 -1 4 1 5 5 6 6 4 4 4 4 4 4 4 4 2 32 2 
4 -1 32 1 2 5 5 6 -1 4 4 4 4 -1 4 4 6 4 4 4 
32 32 32 1 1 -1 -1 6 6 6 4 6 -1 7 7 6 -1 6 -1 4 
4 -1 1 1 1 1 -1 6 6 -1 1 6 6 4 4 6 4 32 -1 4 
5 32 5 32 1 32 -1 1 1 1 -1 -1 6 4 6 4 6 4 4 4 
4 5 -1 32 32 2 1 1 1 1 1 1 7 6 6 -1 4 -1 -1 4 
4 32 32 1 32 2 -1 4 1 -1 1 4 7 7 6 4 -1 4 4 -1 
32 4 32 5 32 5 4 6 4 -1 4 4 4 -1 6 6 6 32 32 32 
32 32 32 32 2 -1 2 4 4 4 4 4 1 1 4 4 32 32 32 32 
6 32 2 32 32 2 2 4 4 4 4 1 4 4 4 4 4 4 4 32 
6 4 -1 2 2 -1 2 2 4 4 -1 2 2 -1 32 32 4 4 4 4 
4 4 4 2 2 2 2 2 -1 6 4 2 4 4 32 32 4 4 4 4 
4 4 32 2 2 2 2 2 4 6 6 4 4 32 4 32 4 4 4 4 
4 4 6 6 6 6 4 4 4 4 4 6 6 4 1 -1 4 7 -1 4 
4 -1 -1 4 4 4 6 6 6 4 4 4 2 -1 2 4 4 4 4 4 
4 4 4 4 1 4 1 6 -1 -1 4 2 -1 2 4 4 -1 -1 4 4 
4 -1 4 1 4 1 4 1 1 2 2 -1 2 -1 4 2 4 4 -1 4 
-1 4 -1 4 1 -1 8 -1 2 2 -1 2 4 4 4 4 2 4 4 4 
4 4 4 4 4 -1 8 4 2 2 2 2 2 2 -1 4 4 4 4 4 
-1 4 4 -1 4 2 40 6 2 -1 2 -1 2 2 -1 4 4 6 6 4 
4 2 2 32 40 -1 6 6 4 2 2 2 2 2 2 4 -1 6 6 4 
4 2 2 2 2 -1 4 4 4 2 2 2 2 2 2 2 6 2 -1 6 
4 2 32 2 -1 2 4 4 2 2 2 2 2 2 2 2 2 6 6 4 
6 4 4 4 4 4 4 6 4 2 -1 6 6 2 2 2 4 2 4 2 
4 4 4 2 2 4 6 6 6 -1 6 -1 6 -1 2 2 -1 6 2 6 
4 4 4 -1 -1 6 4 6 6 -1 2 2 -1 -1 2 2 6 6 4 -1 
4 -1 2 -1 -1 -1 4 4 6 2 2 -1 6 -1 -1 4 2 4 4 4 
2 -1 -1 -1 -1 4 4 4 4 4 4 4 -1 6 6 6 6 6 4 4 
-1 2 2 -1 -1 4 4 2 2 4 4 4 -1 6 6 -1 4 4 4 4 
2 2 2 -1 -1 2 4 4 4 4 4 4 4 -1 -1 6 4 4 4 5 
4 -1 -1 6 2 2 4 4 4 4 -1 4 -1 6 -1 6 6 4 4 5 
4 4 6 6 2 2 2 2 4 4 4 4 -1 -1 4 6 4 4 4 4 
4 4 6 6 6 6 6 4 4 4 4 4 -1 4 6 4 -1 4 4 4 
6 2 4 6 2 4 4 6 6 2 2 -1 2 4 4 -1 4 4 4 4 
6 6 6 4 4 -1 -1 6 6 4 4 4 2 4 4 4 -1 4 -1 4 
-1 2 2 6 6 4 4 6 6 6 4 4 -1 4 4 -1 4 4 -1 -1 
2 2 1 2 -1 -1 4 6 -1 6 4 4 -1 -1 4 4 4 4 -1 -1 
-1 1 1 2 -1 -1 -1 4 4 4 4 -1 4 -1 6 4 1 4 4 -1 
4 1 1 -1 6 2 6 6 4 4 4 4 4 6 6 -1 4 4 4 4 
4 1 -1 6 6 6 6 6 6 4 4 4 4 4 -1 -1 4 4 4 -1 
4 -1 6 2 4 6 6 6 6 6 6 -1 -1 6 6 2 4 4 4 4 
4 6 6 2 4 2 2 6 4 4 6 4 6 -1 4 4 4 4 4 4 
4 4 2 -1 2 2 2 6 6 6 6 6 6 -1 4 4 4 4 6 -1 
4 6 -1 -1 2 -1 4 6 6 4 6 6 2 -1 6 4 4 4 -1 6 
4 4 6 4 4 4 4 -1 -1 -1 4 4 2 2 6 4 -1 -1 4 4 
4 4 2 4 4 4 4 -1 -1 4 6 4 4 6 4 4 -1 4 4 -1 
4 2 2 2 4 4 2 4 4 4 4 6 6 4 4 4 4 4 4 -1 
4 6 2 4 2 -1 4 -1 4 6 4 6 6 4 6 6 4 4 1 4 
6 1 4 4 4 4 -1 4 6 6 6 6 6 4 4 40 4 4 4 7 
1 4 6 4 -1 4 4 6 6 -1 6 6 4 10 4 40 6 6 -1 -1 
4 -1 6 1 1 1 4 6 6 6 6 4 4 4 4 6 -1 6 4 4 
4 2 -1 -1 1 -1 -1 4 -1 4 2 6 4 4 6 4 -1 4 4 4 
6 6 2 6 4 -1 -1 6 6 6 6 2 4 2 6 6 4 4 4 4 
2 4 -1 -1 4 4 -1 6 1 1 1 -1 6 4 4 4 4 4 4 4 
4 4 4 6 6 -1 4 4 4 1 1 -1 -1 -1 4 4 4 4 4 4 
4 6 6 4 6 6 4 1 4 4 4 4 -1 4 -1 4 4 -1 4 4 
6 6 4 6 4 4 6 4 1 4 4 4 4 -1 4 4 4 4 4 4 
4 4 -1 6 4 4 4 4 4 -1 4 1 4 4 4 4 4 4 4 4 
4 4 4 6 4 4 4 4 4 1 4 1 4 4 4 2 4 4 4 4 
4 4 4 4 -1 2 2 4 1 6 1 -1 4 4 2 4 4 4 4 4 
4 4 4 -1 -1 2 4 4 4 1 1 -1 4 4 4 2 2 4 4 -1 
-1 -1 4 4 -1 4 2 2 4 -1 -1 -1 4 4 4 2 2 6 6 4 
4 4 4 6 4 4 6 4 4 6 4 4 4 4 -1 4 4 4 6 4 
4 4 6 6 6 2 -1 -1 6 4 4 4 4 4 4 4 4 4 4 4 
4 -1 -1 6 2 2 -1 -1 6 4 4 -1 4 4 4 4 -1 4 -1 -1 
4 4 6 6 2 -1 -1 -1 4 -1 4 4 4 4 4 -1 4 4 4 4 
4 4 4 -1 2 2 -1 4 4 4 4 -1 4 4 -1 4 -1 4 4 -1 
-1 4 -1 6 6 6 4 4 -1 -1 4 4 4 4 -1 -1 4 4 -1 -1 
-1 4 4 6 4 1 1 1 -1 -1 -1 4 -1 1 1 4 -1 4 4 4 
4 6 6 4 4 1 -1 -1 4 4 4 4 4 1 1 4 4 -1 4 -1 
-1 9 -1 4 4 4 4 4 -1 4 4 4 1 1 4 -1 4 4 4 4 
-1 9 9 9 4 4 4 1 1 -1 -1 4 1 1 4 4 -1 -1 4 4 
4 2 -1 4 4 -1 4 1 1 1 1 -1 1 6 4 6 4 6 -1 4 
4 -1 4 4 32 4 4 32 4 4 4 3 4 3 3 4 4 1 -1 4 
4 1 4 1 4 2 1 1 1 32 4 4 4 4 4 -1 4 -1 1 4 
4 4 4 32 1 2 1 1 4 4 4 4 4 4 4 4 4 4 -1 4 
4 4 4 4 32 6 4 4 4 4 4 4 4 4 4 4 -1 -1 4 4 
4 4 4 -1 32 6 6 4 4 4 4 4 4 6 4 6 4 -1 -1 2 
4 4 -1 4 6 2 2 4 2 4 -1 4 6 6 6 4 4 4 2 2 
4 2 -1 -1 4 2 -1 4 4 4 4 4 6 6 6 6 -1 -1 4 4 
4 2 2 4 -1 1 4 4 -1 4 4 4 6 6 6 6 6 -1 4 4 
-1 2 2 2 4 4 2 4 -1 4 4 4 4 4 6 6 6 -1 2 4 
2 2 4 4 2 2 4 4 4 4 -1 4 9 -1 9 4 4 6 2 2 
-1 4 4 4 4 4 4 4 -1 4 4 4 9 9 4 4 -1 -1 2 -1 
4 4 -1 -1 4 -1 -1 4 1 1 1 4 4 4 4 4 -1 2 -1 -1 
2 4 4 4 4 4 4 4 1 -1 4 -1 4 4 -1 4 -1 2 2 2 
4 -1 2 4 4 4 4 4 4 4 4 -1 4 4 4 4 2 -1 2 2 
2 2 2 2 4 4 32 4 32 4 4 -1 4 4 4 4 4 4 4 2 
4 -1 2 -1 4 32 4 4 4 4 4 -1 4 4 4 4 4 4 4 4 
-1 -1 32 2 -1 4 32 -1 4 32 4 4 4 4 -1 -1 4 4 2 4 
4 -1 2 32 4 -1 -1 40 4 4 5 5 4 4 5 4 2 2 2 4 
4 2 32 -1 -1 4 32 40 4 4 4 4 5 4 5 5 4 4 4 1 
4 -1 -1 32 4 4 4 32 4 4 4 5 3 5 5 5 4 4 4 -1 
-1 -1 6 4 4 -1 32 32 4 -1 32 -1 32 32 32 32 4 4 4 -1 
-1 -1 6 -1 4 32 4 32 -1 32 32 32 32 32 32 -1 4 -1 -1 -1 
-1 -1 -1 -1 -1 32 -1 -1 4 -1 -1 4 4 2 40 40 40 -1 -1 2 
32 -1 -1 -1 32 -1 -1 -1 32 4 4 4 4 6 40 -1 40 40 32 -1 
32 -1 32 32 32 -1 -1 -1 4 -1 -1 -1 6 2 2 -1 40 40 32 32 
32 32 8 32 32 32 32 -1 -1 -1 -1 2 2 -1 2 40 -1 40 40 1 
32 32 -1 32 32 32 32 32 32 -1 -1 -1 -1 2 -1 2 4 4 4 4 
2 32 32 32 32 2 -1 32 -1 4 4 -1 -1 -1 32 2 -1 -1 32 32 
-1 2 2 32 32 2 32 32 4 4 4 -1 -1 2 2 -1 32 -1 4 4 
4 8 -1 2 -1 32 32 1 1 2 -1 -1 4 -1 2 32 -1 -1 -1 -1 
4 4 4 4 -1 4 4 1 2 4 4 4 4 -1 2 -1 32 4 -1 -1 
-1 -1 1 4 -1 4 -1 1 2 -1 1 4 4 -1 4 32 4 -1 -1 -1 
-1 -1 4 1 4 -1 1 1 4 1 1 -1 -1 4 4 4 4 4 -1 -1 
2 2 1 1 1 -1 1 1 1 1 4 4 4 4 4 4 4 -1 -1 4 
4 2 2 2 2 1 1 -1 -1 1 4 4 -1 -1 4 4 4 -1 1 1 
4 2 2 2 1 1 -1 -1 1 4 -1 -1 -1 -1 4 -1 4 1 -1 1 
4 2 2 4 1 1 1 1 1 1 4 1 1 1 4 4 -1 4 4 4 
4 2 4 1 4 1 6 6 1 1 4 1 4 -1 4 4 4 4 4 4 
4 6 6 4 1 4 6 6 6 4 4 -1 4 32 4 -1 1 4 4 -1 
-1 4 4 4 4 4 4 4 -1 6 -1 -1 -1 4 32 4 -1 4 4 4 
-1 4 4 4 -1 6 -1 4 -1 -1 -1 4 -1 -1 -1 -1 -1 -1 1 -1 
1 4 4 -1 4 6 -1 4 -1 -1 -1 -1 4 -1 -1 1 1 1 -1 1 
6 1 6 6 -1 32 6 6 -1 -1 -1 4 -1 -1 -1 -1 -1 -1 -1 6 
6 6 6 6 6 2 32 32 -1 -1 4 -1 -1 -1 -1 1 -1 6 6 6 
6 6 6 -1 -1 2 2 32 -1 -1 4 4 -1 -1 1 -1 -1 -1 6 6 
4 4 4 -1 -1 2 -1 -1 32 -1 -1 4 4 1 1 -1 4 4 4 4 
4 4 4 32 4 4 -1 -1 -1 4 -1 4 4 4 -1 8 4 4 -1 8 
4 4 -1 -1 4 4 -1 -1 8 8 4 -1 4 4 8 8 8 4 -1 4 
4 4 4 -1 4 4 -1 2 -1 4 -1 -1 -1 -1 8 8 -1 4 4 4 
4 4 4 4 4 4 -1 2 -1 -1 -1 4 -1 2 2 2 -1 4 4 4 
4 4 -1 4 4 2 2 2 -1 -1 4 4 4 -1 -1 2 2 -1 -1 4 
4 1 -1 4 4 2 4 32 32 1 1 4 -1 -1 2 2 2 4 4 -1 
6 4 1 4 4 6 32 32 32 32 32 9 2 -1 -1 2 -1 -1 -1 -1 
4 4 -1 4 8 8 8 -1 32 -1 9 2 2 4 -1 -1 4 8 -1 6 
4 4 2 4 -1 4 4 4 4 32 1 1 4 4 4 4 -1 8 8 4 
4 4 4 2 4 4 4 4 -1 32 32 1 1 -1 -1 -1 8 -1 8 4 
-1 4 4 -1 4 2 2 -1 -1 -1 -1 -1 -1 -1 -1 -1 -1 -1 -1 -1 
-1 4 -1 4 4 2 2 2 -1 -1 -1 -1 -1 -1 -1 -1 -1 -1 -1 -1 
-1 8 4 8 -1 6 2 2 -1 -1 -1 -1 -1 -1 -1 -1 -1 -1 8 8 
4 8 8 4 6 -1 -1 -1 -1 -1 4 4 -1 -1 -1 -1 -1 -1 8 8 
8 8 8 1 1 8 1 -1 2 1 1 -1 -1 -1 8 8 8 -1 -1 8 
9 -1 1 -1 1 8 -1 1 1 2 -1 2 -1 -1 2 8 8 -1 -1 8 
-1 1 -1 9 9 -1 -1 1 -1 -1 -1 2 -1 4 -1 -1 -1 -1 -1 -1 
8 -1 -1 9 8 8 -1 8 8 8 -1 -1 4 -1 -1 -1 -1 -1 -1 8 
8 -1 8 -1 8 4 -1 8 8 -1 -1 4 4 -1 -1 -1 -1 -1 8 -1 
-1 8 -1 9 4 9 8 8 -1 -1 -1 -1 4 1 -1 -1 8 8 8 8 
8 8 8 8 9 9 8 8 8 -1 -1 -1 1 1 1 -1 8 8 -1 8 
8 8 8 9 8 8 8 -1 8 -1 8 -1 -1 -1 6 -1 -1 8 8 -1 
8 8 9 4 4 -1 8 8 -1 8 8 1 4 -1 -1 -1 8 8 8 -1 
8 8 4 9 4 -1 8 9 -1 8 4 1 4 4 -1 1 -1 8 8 8 
8 -1 -1 8 8 8 8 8 8 4 4 4 4 -1 1 -1 8 8 8 8 
8 8 8 8 8 8 8 8 8 4 4 4 4 4 1 -1 -1 8 8 8 
-1 8 8 -1 8 8 8 -1 -1 -1 -1 -1 4 4 -1 -1 -1 -1 -1 2 
4 8 -1 -1 8 8 8 -1 -1 -1 -1 4 4 -1 4 -1 8 -1 2 2 
8 4 -1 -1 -1 -1 -1 8 -1 -1 -1 4 4 4 -1 4 -1 8 -1 8 
-1 4 4 4 4 8 8 -1 -1 1 -1 -1 -1 4 2 2 2 -1 8 8 
4 8 4 8 -1 8 8 8 -1 1 -1 -1 -1 2 4 4 -1 -1 8 8 
-1 4 8 8 8 8 -1 8 1 1 -1 -1 2 -1 2 2 8 8 -1 8 
-1 8 4 -1 8 8 -1 -1 1 1 1 2 1 2 2 2 -1 -1 -1 8 
-1 8 8 -1 8 8 -1 1 1 1 -1 1 -1 -1 2 -1 -1 -1 -1 8 
2 1 1 -1 -1 2 2 2 2 8 -1 4 2 8 8 -1 8 8 -1 8 
-1 1 1 1 1 2 2 2 2 8 -1 4 2 8 8 8 8 -1 2 2 
1 1 1 2 1 1 1 1 8 8 2 2 2 -1 8 -1 8 -1 2 2 
1 -1 2 1 1 8 1 8 1 8 2 2 -1 -1 8 8 -1 2 2 2 
1 2 2 2 8 8 8 8 8 8 2 8 8 2 8 8 -1 8 2 2 
2 -1 8 8 8 -1 -1 8 8 8 8 8 2 2 8 8 8 9 9 1 
1 9 8 -1 -1 8 8 -1 8 8 8 2 2 2 -1 8 8 8 8 1 
2 -1 8 8 -1 8 8 8 8 8 -1 -1 8 8 8 8 8 8 8 8 
8 -1 8 -1 8 8 8 8 8 8 8 8 -1 8 8 -1 -1 8 8 2 
2 -1 -1 8 -1 8 2 8 8 8 8 8 8 -1 1 8 8 8 2 2 
2 1 8 2 2 -1 8 8 8 8 8 8 8 1 -1 -1 8 8 2 2 
1 1 1 2 2 8 8 8 8 8 2 8 1 -1 -1 -1 8 8 1 2 
1 1 2 2 -1 9 8 8 8 2 2 2 2 2 -1 8 8 -1 2 1 
1 2 -1 2 8 8 9 -1 2 2 2 2 2 1 1 -1 8 8 -1 2 
2 -1 2 -1 2 1 -1 -1 2 2 -1 2 8 2 2 2 -1 8 -1 2 
2 -1 -1 -1 1 -1 2 2 2 -1 2 8 2 -1 2 2 8 8 8 2 
2 -1 -1 -1 1 1 -1 2 2 2 -1 8 -1 2 -1 -1 -1 8 -1 2 
2 2 -1 1 1 1 1 2 2 8 -1 -1 -1 2 8 8 8 8 2 2 
2 2 -1 -1 -1 -1 2 -1 -1 2 -1 -1 2 8 8 -1 8 8 8 4 
8 -1 -1 8 2 -1 2 2 2 -1 4 4 2 8 -1 8 -1 8 8 8 
1 2 2 2 2 2 2 -1 -1 -1 1 -1 -1 2 8 2 8 -1 1 1 
-1 2 -1 -1 2 2 2 -1 -1 2 2 2 2 8 2 8 2 -1 1 8 
-1 1 2 2 -1 -1 -1 2 2 1 2 2 -1 2 2 2 2 8 8 1 
1 -1 1 2 8 -1 -1 2 2 -1 2 -1 -1 -1 2 2 2 8 1 2 
2 1 -1 2 8 -1 8 8 -1 2 -1 1 -1 -1 8 2 2 2 1 1 
3 -1 2 2 8 -1 8 2 -1 1 1 -1 1 8 2 1 2 2 2 8 
8 8 8 8 8 2 1 2 1 1 1 8 8 1 2 1 2 2 8 2 
8 8 8 8 8 8 8 1 2 8 1 8 8 8 8 1 -1 8 8 8 
-1 8 8 8 8 8 9 -1 1 8 8 1 1 1 -1 -1 -1 -1 -1 8 
8 8 -1 8 8 8 8 -1 8 8 1 1 1 -1 1 -1 -1 2 8 8 
8 8 8 8 8 -1 -1 -1 8 8 1 -1 -1 8 8 8 2 8 8 8 
2 8 8 8 -1 8 -1 -1 8 8 -1 -1 8 8 8 2 -1 -1 -1 8 
2 8 8 9 8 -1 -1 8 8 8 9 8 9 -1 2 -1 -1 -1 -1 2 
8 8 8 8 8 8 9 8 -1 8 2 2 8 -1 1 -1 2 2 2 2 
2 8 8 8 8 8 8 8 -1 2 8 8 -1 8 2 2 -1 2 2 1 
1 -1 8 8 2 8 -1 8 2 -1 8 8 8 8 -1 2 2 2 2 2 
-1 2 2 8 8 2 8 -1 8 2 8 8 1 2 -1 -1 2 2 2 2 
-1 8 2 8 -1 2 2 8 8 8 8 8 -1 -1 8 8 -1 -1 2 2 
1 1 1 -1 2 2 -1 8 -1 1 -1 -1 2 -1 8 2 -1 -1 2 1 
-1 -1 2 2 2 2 1 2 1 1 1 -1 2 2 2 8 2 1 -1 1 
-1 8 2 8 2 2 2 1 2 -1 2 2 -1 -1 1 -1 -1 -1 -1 -1 
8 8 8 2 2 1 -1 1 -1 2 2 2 -1 1 -1 -1 -1 -1 1 -1 
-1 8 -1 8 -1 1 2 -1 -1 2 2 1 2 -1 -1 -1 -1 -1 -1 8 
9 -1 2 2 2 -1 2 8 2 1 2 1 2 -1 -1 -1 -1 -1 -1 -1 
-1 2 2 2 -1 -1 -1 -1 1 2 2 2 2 2 -1 -1 2 -1 2 -1 
2 2 2 2 -1 -1 -1 -1 2 -1 2 2 2 1 -1 2 -1 -1 2 2 
2 2 2 2 -1 -1 -1 2 2 -1 2 2 1 1 -1 -1 2 2 -1 2 
2 2 2 2 2 -1 2 2 2 2 2 2 2 -1 2 2 2 2 2 2 
2 -1 2 2 2 2 2 -1 2 2 2 2 2 2 2 2 2 2 2 2 
2 2 2 2 2 -1 -1 2 2 2 2 2 2 2 2 2 2 2 -1 2 
2 2 2 2 2 -1 -1 -1 2 2 -1 -1 2 2 2 2 2 -1 -1 -1 
2 -1 2 -1 2 -1 1 9 -1 -1 -1 -1 -1 -1 8 2 2 2 -1 -1 
-1 2 -1 -1 2 -1 1 1 -1 -1 8 8 8 8 -1 -1 2 2 2 -1 
-1 2 2 -1 2 -1 -1 1 -1 -1 8 8 8 -1 9 -1 -1 -1 -1 -1 
2 2 8 2 -1 -1 -1 -1 1 8 8 8 8 -1 9 -1 -1 -1 -1 -1 
2 -1 8 8 8 8 8 -1 -1 8 1 8 1 -1 -1 8 1 -1 -1 -1 
-1 1 8 8 8 2 2 8 -1 -1 1 1 8 1 -1 -1 -1 -1 -1 -1 
-1 8 -1 2 8 2 2 -1 8 8 -1 2 -1 2 -1 -1 -1 -1 -1 -1 
-1 -1 -1 8 2 2 2 8 8 8 8 2 -1 2 2 2 -1 -1 -1 8 
8 8 2 2 2 2 1 -1 8 8 -1 -1 2 2 2 -1 -1 -1 1 -1 
-1 2 2 -1 2 -1 -1 2 2 1 2 2 1 -1 2 2 -1 2 2 -1 
-1 -1 2 2 -1 -1 -1 2 -1 2 2 2 1 1 1 2 2 2 -1 -1 
-1 -1 -1 -1 -1 -1 -1 -1 -1 -1 -1 2 2 1 2 1 -1 -1 2 2 
2 1 2 1 -1 -1 2 -1 2 1 1 1 2 1 1 -1 1 -1 1 1 
1 2 1 2 2 -1 2 2 2 -1 1 1 1 1 1 -1 -1 -1 1 1 
1 -1 2 2 -1 2 2 -1 -1 -1 -1 1 1 1 1 -1 1 1 -1 -1 
-1 -1 -1 1 -1 2 -1 -1 -1 -1 2 1 1 -1 -1 1 1 -1 -1 -1 
1 -1 -1 1 1 1 -1 -1 -1 2 2 1 -1 -1 -1 -1 -1 -1 -1 -1 
2 1 -1 1 1 2 2 -1 -1 -1 -1 2 1 -1 -1 -1 2 2 2 2 
-1 -1 1 1 1 2 -1 -1 -1 -1 -1 2 -1 1 -1 2 -1 -1 2 -1 
-1 -1 -1 1 -1 -1 8 -1 -1 -1 -1 -1 -1 -1 -1 -1 -1 -1 2 -1 
-1 -1 -1 8 8 8 8 8 -1 -1 -1 -1 -1 -1 -1 -1 -1 -1 -1 -1 
-1 -1 -1 -1 8 8 8 8 -1 -1 -1 -1 -1 -1 -1 -1 -1 -1 -1 -1 
-1 -1 -1 8 8 2 8 -1 2 -1 -1 -1 -1 -1 -1 -1 -1 -1 -1 -1 
-1 -1 -1 2 2 -1 8 8 8 8 -1 -1 -1 -1 -1 -1 -1 -1 -1 -1 
-1 -1 -1 -1 2 -1 -1 8 8 -1 -1 -1 -1 2 -1 1 1 2 -1 -1 
-1 -1 -1 2 -1 -1 -1 -1 -1 -1 2 2 2 -1 2 -1 2 2 2 -1 
2 -1 2 -1 2 -1 -1 -1 -1 2 2 -1 -1 2 2 2 2 2 2 2 
-1 2 2 -1 -1 -1 -1 -1 -1 -1 -1 -1 2 2 2 -1 2 2 2 2 
2 2 2 2 2 -1 -1 2 1 1 2 2 2 -1 -1 2 2 2 2 2 
2 2 2 2 1 2 2 2 -1 -1 1 2 -1 -1 -1 -1 -1 8 2 2 
2 2 2 1 1 8 8 -1 -1 1 -1 1 -1 -1 -1 -1 -1 -1 -1 2 
-1 2 1 -1 8 8 8 -1 -1 1 -1 -1 1 -1 -1 -1 -1 -1 2 2 
2 1 1 -1 -1 8 8 2 -1 -1 -1 -1 1 -1 1 -1 -1 -1 -1 -1 
-1 1 -1 -1 -1 2 2 -1 2 -1 -1 -1 -1 1 1 -1 -1 -1 -1 2 
-1 -1 -1 -1 2 2 -1 2 -1 -1 -1 -1 -1 1 -1 -1 -1 -1 -1 -1 
-1 -1 -1 -1 2 -1 -1 2 -1 -1 -1 -1 -1 -1 -1 -1 -1 -1 -1 -1 
-1 -1 -1 -1 -1 -1 -1 -1 -1 -1 2 2 2 -1 -1 -1 -1 -1 -1 -1 
-1 -1 1 -1 -1 -1 -1 -1 -1 -1 2 2 2 -1 -1 1 1 -1 -1 -1 
1 -1 1 1 1 -1 -1 -1 -1 -1 -1 2 2 2 -1 2 1 2 2 1 
-1 1 1 1 1 1 -1 1 -1 -1 -1 -1 -1 2 -1 2 2 -1 1 1 
1 1 -1 1 -1 1 1 -1 1 -1 2 -1 2 2 -1 -1 2 2 -1 -1 
1 1 1 1 1 -1 1 1 -1 -1 -1 2 2 -1 -1 -1 1 -1 -1 -1 
-1 1 1 1 1 1 -1 1 -1 -1 -1 -1 -1 -1 1 1 1 -1 -1 -1 
1 -1 1 1 1 1 1 1 1 1 1 -1 -1 -1 -1 1 1 -1 -1 2 
1 1 -1 -1 1 1 1 1 -1 -1 -1 -1 -1 -1 1 -1 -1 1 -1 2 
-1 1 1 -1 1 1 1 1 1 -1 -1 -1 -1 -1 -1 -1 -1 2 2 2 
2 2 1 1 1 1 1 2 1 2 -1 -1 -1 -1 -1 -1 -1 2 2 2 
2 -1 2 8 1 2 2 -1 2 1 2 -1 -1 -1 -1 -1 1 -1 2 2 
2 2 2 2 8 -1 1 2 1 1 2 2 -1 -1 -1 1 -1 -1 -1 -1 
-1 -1 8 8 -1 -1 -1 -1 -1 -1 2 -1 1 -1 2 2 -1 2 -1 2 
2 2 -1 -1 -1 -1 -1 -1 -1 2 -1 2 -1 -1 1 2 1 1 1 -1 
2 2 2 1 1 -1 -1 -1 -1 2 -1 -1 -1 -1 -1 -1 1 1 1 -1 
-1 2 2 2 -1 1 -1 -1 1 1 2 2 2 1 1 1 1 1 -1 2 
2 2 2 2 -1 -1 -1 1 -1 -1 2 -1 1 1 1 1 1 1 1 -1 
-1 1 2 1 1 -1 -1 1 -1 2 2 2 2 2 1 1 1 -1 1 1 
1 -1 2 -1 1 1 1 1 1 -1 2 2 2 1 2 1 -1 1 -1 -1 
-1 -1 -1 1 -1 -1 1 1 -1 1 2 2 2 -1 1 1 -1 -1 -1 -1 
-1 -1 1 1 1 -1 1 1 1 -1 2 2 2 -1 -1 1 -1 -1 -1 -1 
-1 -1 1 1 1 1 -1 -1 -1 2 2 2 2 2 -1 -1 -1 -1 -1 -1 
-1 1 -1 -1 1 1 -1 -1 -1 -1 2 -1 1 2 -1 -1 -1 -1 -1 -1 
-1 -1 -1 -1 -1 -1 -1 -1 -1 -1 -1 1 2 1 -1 -1 -1 -1 -1 -1 
-1 -1 -1 -1 -1 -1 -1 1 -1 -1 -1 -1 -1 -1 -1 -1 -1 8 8 -1 
-1 8 -1 -1 1 1 -1 -1 1 -1 -1 -1 -1 -1 -1 8 8 8 8 8 
8 -1 -1 -1 -1 1 1 1 1 1 2 2 -1 -1 -1 8 -1 8 8 8 
8 8 -1 -1 3 -1 1 1 -1 -1 -1 -1 -1 -1 8 -1 -1 1 1 -1 
-1 8 8 -1 3 1 -1 1 1 -1 -1 1 1 -1 2 -1 -1 1 -1 -1 
8 8 8 -1 -1 3 1 1 -1 -1 -1 1 1 2 -1 -1 1 2 2 2 
8 8 2 -1 -1 1 1 1 -1 2 2 2 1 1 2 -1 -1 2 2 2 
2 -1 8 -1 8 -1 1 -1 2 2 -1 -1 1 1 -1 2 -1 2 -1 2 
1 1 2 -1 -1 -1 1 2 2 -1 -1 2 2 2 2 -1 2 -1 6 -1 
-1 1 10 -1 10 1 1 -1 -1 -1 4 2 2 2 2 2 -1 6 -1 -1 
1 -1 -1 -1 -1 1 10 1 1 4 2 2 2 2 2 2 -1 6 6 -1 
1 -1 1 -1 1 1 1 -1 1 -1 1 2 2 2 -1 2 2 6 6 -1 
1 2 1 1 1 1 1 1 1 -1 1 2 -1 2 2 6 6 2 -1 -1 
2 -1 2 1 1 -1 1 1 -1 1 2 -1 2 2 -1 -1 -1 -1 -1 1 
-1 2 -1 -1 1 -1 -1 1 1 -1 2 -1 -1 2 2 2 2 -1 -1 2 
1 2 1 -1 -1 1 1 1 1 -1 1 -1 -1 -1 -1 2 -1 2 2 2 
-1 -1 2 -1 1 1 1 1 1 1 -1 2 -1 -1 2 2 2 -1 2 1 
1 -1 -1 1 1 1 1 1 -1 1 2 -1 1 -1 2 2 -1 -1 -1 2 
-1 -1 1 1 -1 1 -1 -1 -1 -1 -1 2 -1 -1 2 2 2 -1 -1 2 
-1 1 8 8 1 -1 -1 -1 -1 -1 2 1 -1 1 -1 1 2 -1 -1 2 
-1 3 -1 8 8 -1 -1 -1 -1 -1 -1 1 1 -1 8 8 -1 -1 2 2 
-1 3 3 -1 8 -1 -1 -1 -1 -1 -1 1 1 1 -1 -1 -1 2 -1 -1 
-1 -1 -1 -1 -1 -1 -1 -1 -1 -1 -1 1 1 1 1 1 -1 -1 -1 -1 
1 -1 -1 1 1 -1 -1 -1 -1 -1 1 -1 1 1 -1 -1 -1 -1 -1 -1 
1 -1 -1 1 1 1 -1 -1 -1 -1 -1 -1 1 -1 -1 -1 -1 -1 -1 1 
1 1 1 1 1 1 -1 -1 -1 -1 -1 1 1 2 -1 -1 -1 -1 -1 1 
1 -1 1 -1 -1 -1 -1 -1 -1 -1 -1 1 2 -1 2 -1 -1 -1 -1 -1 
1 1 1 2 -1 1 -1 -1 -1 2 -1 2 2 2 2 -1 -1 -1 -1 1 
1 1 1 1 -1 1 1 1 1 1 -1 1 1 8 8 8 1 1 1 1 
-1 -1 1 -1 1 1 1 1 1 1 1 1 1 -1 8 1 1 1 -1 -1 
1 -1 1 1 1 1 1 1 1 1 -1 1 1 1 1 -1 -1 -1 -1 -1 
1 -1 1 1 1 1 1 1 1 1 1 1 -1 1 -1 -1 -1 -1 -1 -1 
-1 -1 1 -1 1 1 1 1 1 1 1 1 1 1 -1 -1 -1 -1 -1 1 
1 -1 1 1 -1 -1 -1 1 1 1 -1 1 1 1 1 1 -1 1 1 1 
1 -1 -1 8 -1 8 8 1 1 1 1 1 2 -1 1 -1 -1 1 -1 1 
-1 1 1 1 8 8 -1 -1 -1 -1 1 -1 1 2 1 -1 1 1 1 -1 
-1 1 -1 2 2 8 -1 -1 -1 -1 1 2 2 2 2 -1 -1 1 1 -1 
-1 2 1 8 2 2 2 8 -1 -1 -1 2 2 2 -1 -1 1 1 1 -1 
-1 1 1 1 -1 1 8 8 8 1 1 1 2 1 1 -1 -1 1 -1 1 
1 1 2 1 1 8 8 -1 1 1 1 1 1 1 1 1 -1 -1 1 8 
1 1 -1 1 1 1 -1 1 1 1 1 1 1 1 1 -1 8 8 1 8 
1 1 1 1 -1 -1 1 -1 -1 -1 -1 -1 -1 1 1 1 1 1 8 1 
1 1 1 1 -1 -1 -1 -1 1 1 1 1 1 1 -1 1 1 1 1 1 
1 1 1 1 -1 -1 -1 -1 1 1 1 8 1 1 1 1 1 1 1 1 
1 1 1 1 1 1 -1 1 1 1 8 1 8 1 1 1 1 1 1 1 
1 1 1 1 1 1 1 -1 1 -1 1 8 8 8 -1 -1 1 1 1 -1 
1 -1 1 1 1 1 1 1 1 1 -1 -1 8 8 8 -1 1 1 1 1 
1 1 -1 -1 -1 1 -1 1 -1 1 1 1 -1 8 -1 8 -1 -1 1 1 
1 1 1 -1 8 8 8 8 8 8 -1 -1 8 8 -1 1 1 1 8 8 
-1 1 -1 -1 2 8 8 8 8 -1 8 8 8 8 8 8 1 1 1 -1 
-1 -1 -1 -1 2 1 1 8 8 8 8 8 8 8 1 8 1 1 8 -1 
-1 -1 -1 -1 -1 1 8 8 8 -1 8 -1 -1 1 8 8 8 8 -1 -1 
-1 -1 -1 -1 1 -1 1 8 8 -1 8 -1 8 8 3 8 8 8 8 -1 
-1 -1 8 -1 8 1 1 1 2 8 -1 1 1 3 3 3 8 8 8 8 
8 -1 8 8 8 8 1 8 8 2 -1 8 1 8 3 8 8 8 8 8 
8 2 2 8 8 2 8 8 8 8 8 8 8 8 8 8 8 8 8 8 
-1 8 2 8 -1 2 2 9 8 8 8 8 8 8 1 8 8 8 8 8 
8 -1 8 8 8 8 9 9 8 8 8 8 8 1 8 1 8 8 -1 8 
8 8 1 8 8 2 2 9 8 2 8 8 8 8 8 -1 8 8 -1 8 
-1 8 8 8 -1 8 8 8 8 8 8 8 8 8 8 8 8 8 8 -1 
-1 8 8 8 -1 8 8 8 8 8 8 8 8 8 8 8 8 8 -1 -1 
1 8 8 8 8 8 -1 8 8 8 8 8 8 8 1 8 8 1 1 1 
8 1 8 8 8 8 8 8 9 8 8 8 8 8 8 1 8 8 8 1 
1 1 8 8 8 8 8 1 8 9 8 2 2 2 8 2 1 8 1 1 
8 1 1 8 1 8 1 8 8 8 8 8 -1 8 2 8 -1 -1 8 8 
-1 8 8 1 -1 1 8 8 8 -1 -1 1 8 8 2 2 -1 -1 1 1 
1 -1 8 1 1 1 1 8 8 8 1 1 8 8 2 1 1 1 8 8 
1 -1 1 1 1 1 1 8 8 8 -1 8 8 1 1 1 1 1 8 8 
-1 -1 8 8 8 8 -1 8 8 8 8 8 8 8 8 8 8 8 8 1 
9 8 8 8 8 8 8 8 8 8 8 2 8 8 8 2 8 8 8 2 
9 8 8 -1 2 -1 8 8 8 2 2 8 8 8 8 2 8 8 8 2 
9 8 8 2 2 -1 8 8 8 8 8 -1 8 8 8 2 2 8 8 2 
8 8 -1 2 8 8 8 8 8 8 8 8 8 8 -1 -1 2 2 2 8 
8 8 2 2 2 -1 1 8 8 8 8 8 8 8 8 -1 -1 2 8 8 
8 -1 -1 2 2 1 1 -1 8 8 8 8 8 -1 8 2 2 8 8 8 
-1 8 -1 2 2 1 8 8 -1 8 8 8 8 8 2 8 8 8 8 8 
8 8 8 -1 1 1 8 8 8 8 8 8 8 8 8 8 8 -1 8 8 
-1 8 8 1 1 8 -1 8 8 8 8 1 8 8 8 -1 -1 8 -1 8 
8 8 2 2 2 -1 8 -1 1 1 1 -1 8 8 8 3 9 9 8 -1 
8 8 8 2 8 8 8 1 8 1 1 8 1 8 3 8 8 8 -1 -1 
8 8 8 8 8 -1 8 8 -1 8 8 1 8 8 8 8 -1 8 8 8 
8 8 8 8 2 8 8 -1 8 8 -1 8 8 8 8 8 8 8 -1 8 
8 8 8 8 8 8 8 8 8 -1 -1 8 1 8 8 8 8 8 8 8 
8 8 8 8 -1 8 8 8 1 8 8 8 8 -1 8 8 8 8 8 8 
8 1 8 8 8 8 8 8 -1 8 8 8 8 8 8 8 -1 8 8 8 
8 8 8 8 8 8 2 2 8 8 8 8 8 8 8 8 8 8 8 8 
1 8 8 8 8 8 8 8 8 8 8 2 8 8 8 -1 8 8 -1 8 
1 1 8 8 8 8 8 -1 8 8 8 8 2 8 8 8 8 8 8 8 
9 2 8 8 1 8 8 8 -1 2 2 8 9 8 9 9 9 2 -1 8 
8 8 2 1 8 1 8 8 8 8 8 8 8 8 9 9 8 2 8 8 
8 8 8 8 8 2 2 8 8 8 8 8 9 8 8 8 2 2 8 8 
-1 8 -1 2 8 8 8 8 8 8 -1 8 9 9 9 8 8 8 8 8 
8 8 8 8 8 9 8 8 8 8 8 8 9 8 8 9 8 8 8 2 
2 8 8 9 8 8 8 8 8 8 8 8 8 8 9 8 9 8 8 2 
8 9 8 8 8 8 8 8 8 8 8 8 -1 8 8 9 8 2 2 2 
8 8 8 8 8 8 8 8 8 8 8 8 -1 8 8 -1 9 8 2 8 
8 8 8 8 8 8 8 8 -1 -1 8 8 9 8 8 8 8 -1 -1 8 
8 8 8 8 8 -1 -1 8 -1 8 1 8 8 8 8 8 -1 8 8 8 
8 8 8 8 8 8 -1 -1 1 8 8 -1 9 9 8 8 -1 8 8 8 
8 8 8 8 8 8 -1 8 8 8 8 8 1 1 8 8 8 8 8 8 
8 8 8 8 8 8 -1 8 8 8 8 1 -1 8 8 8 2 2 8 8 
8 8 8 8 8 8 8 8 8 8 8 8 1 8 2 8 2 -1 8 3 
8 8 8 8 8 8 8 8 8 8 8 2 2 8 8 2 3 3 -1 3 
3 8 8 8 8 8 8 8 8 8 8 8 2 9 8 3 3 3 3 -1 
8 9 9 9 8 8 8 1 8 8 8 2 9 8 9 8 9 3 8 -1 
8 9 9 9 9 8 1 1 8 1 8 8 9 8 8 9 9 3 3 8 
9 9 9 8 8 8 1 1 8 8 -1 8 -1 8 8 9 9 9 8 8 
8 8 8 8 8 8 1 8 1 1 2 9 8 8 9 9 9 9 9 8 
8 8 8 8 8 8 8 8 8 8 -1 8 8 8 -1 8 1 -1 8 8 
1 1 8 8 8 8 8 8 8 8 8 8 8 8 8 8 8 1 8 8 
1 1 1 8 8 8 8 8 8 8 8 -1 8 8 8 8 8 8 8 8 
8 1 1 8 8 8 8 8 8 8 8 8 8 8 8 8 8 8 8 8 
1 8 8 8 8 8 1 8 8 8 8 8 8 8 8 8 8 8 8 8 
8 8 8 -1 8 8 8 1 -1 8 8 1 8 8 8 8 8 8 8 8 
-1 8 8 8 8 8 8 1 8 8 8 8 8 8 8 8 8 1 1 8 
8 8 -1 1 1 8 1 1 1 1 8 2 2 -1 8 8 1 1 2 8 
8 8 1 8 1 8 8 8 1 2 2 8 8 8 8 8 8 1 8 8 
1 8 8 8 8 8 8 8 8 2 2 8 8 8 8 8 8 -1 8 8 
8 8 8 -1 8 8 8 8 -1 8 8 8 8 8 8 2 8 8 8 8 
8 8 -1 8 8 8 8 8 8 -1 8 8 8 8 8 8 8 8 8 8 
2 -1 8 8 8 -1 8 8 8 8 8 8 8 8 8 8 8 8 8 8 
8 8 8 8 8 -1 8 8 8 8 8 -1 8 8 -1 8 8 8 8 8 
8 9 8 8 8 8 8 8 -1 -1 8 8 8 8 8 8 8 8 8 8 
8 8 9 8 8 8 8 8 8 8 -1 8 8 8 8 8 8 8 1 8 
8 8 8 8 8 8 8 8 8 8 8 -1 8 8 8 8 1 1 8 8 
8 8 8 9 8 8 8 8 8 -1 -1 8 8 8 8 8 1 1 1 1 
1 8 8 9 9 8 8 8 -1 8 8 9 8 8 8 8 8 1 8 8 
1 8 8 8 8 8 1 1 8 8 8 -1 8 8 8 -1 8 1 8 8 
8 8 8 9 -1 8 8 8 8 8 8 8 8 8 8 8 8 8 8 8 
8 8 9 9 8 8 -1 8 8 8 8 8 8 -1 8 1 1 8 -1 8 
8 8 2 2 8 8 8 9 1 1 1 8 8 8 8 8 8 8 8 -1 
8 8 2 8 8 1 9 8 8 8 8 3 -1 8 8 8 8 8 8 8 
1 2 8 2 -1 1 1 9 1 1 1 -1 3 8 1 1 8 9 8 8 
1 2 2 1 -1 1 1 9 9 1 8 8 3 8 8 1 1 8 8 -1 
1 1 1 1 1 1 1 1 1 1 8 8 8 8 8 8 8 1 8 1 
1 1 1 8 8 1 1 1 1 8 8 8 8 8 8 8 8 8 8 1 
8 8 8 8 8 -1 1 1 8 1 8 8 8 2 -1 8 1 8 1 8 
8 8 8 8 1 1 1 1 1 8 8 8 8 8 2 1 1 1 1 8 
1 8 8 8 8 1 1 8 8 1 8 8 8 2 8 2 1 1 1 2 
-1 8 8 8 1 1 8 8 1 8 8 8 8 8 8 -1 -1 8 8 8 
-1 8 8 -1 -1 8 1 8 -1 8 8 8 2 8 9 8 9 9 8 8 
8 8 -1 8 1 1 1 1 8 8 8 2 8 8 8 9 9 8 8 8 
8 8 3 1 1 1 1 8 -1 2 2 2 -1 -1 8 8 1 8 8 8 
8 -1 1 8 8 8 1 8 8 8 1 -1 1 8 8 1 1 8 8 -1 
8 8 1 1 8 8 8 8 8 8 8 1 1 8 -1 -1 8 8 -1 8 
8 8 8 -1 8 8 8 8 8 8 8 8 -1 -1 8 8 8 8 8 8 
8 8 8 -1 8 8 8 8 8 8 8 1 8 8 8 8 8 8 -1 8 
8 8 8 8 9 8 8 9 8 8 8 8 -1 8 8 8 8 8 8 8 
1 1 1 8 8 8 8 8 2 -1 8 8 8 8 2 2 8 1 -1 1 
1 -1 1 8 8 8 8 8 -1 8 8 2 8 2 8 8 -1 1 -1 1 
1 1 1 1 1 8 3 3 8 8 2 2 2 8 2 8 1 -1 1 1 
1 3 8 1 8 -1 8 8 3 -1 8 2 2 8 8 1 -1 8 1 8 
8 8 3 3 8 8 3 3 8 8 2 8 2 2 8 8 8 8 8 8 
8 8 3 3 3 3 3 8 8 8 8 8 8 8 1 8 8 8 8 8 
8 8 3 3 3 8 3 8 8 -1 8 8 8 -1 1 -1 2 -1 8 8 
8 8 3 3 3 8 8 8 8 8 8 8 1 2 1 2 2 8 8 8 
8 8 3 3 8 8 8 8 1 8 2 -1 2 1 1 2 2 -1 8 8 
8 8 1 1 8 8 8 1 8 8 8 -1 1 1 1 -1 1 8 -1 8 
-1 1 1 1 8 1 1 8 8 8 8 8 8 8 8 8 9 8 8 1 
8 1 1 8 1 8 1 -1 1 2 8 8 8 -1 8 8 1 8 1 8 
8 8 1 1 1 1 1 8 2 1 2 8 8 2 8 1 9 8 8 8 
8 1 1 1 1 1 1 1 2 1 2 8 8 2 -1 8 8 1 1 1 
8 1 1 2 2 2 1 1 2 2 2 2 2 2 8 8 8 8 8 8 
8 8 2 1 1 8 8 2 2 2 2 2 2 2 3 3 3 1 8 8 
8 8 8 1 1 8 8 8 2 2 2 1 1 2 2 8 3 1 8 8 
1 -1 2 8 8 1 8 8 8 2 2 1 1 1 3 3 8 -1 8 8 
-1 -1 9 2 1 8 -1 2 2 2 -1 1 1 8 1 8 8 8 8 -1 
2 9 1 1 1 -1 8 8 8 2 -1 -1 1 8 8 8 -1 8 8 8 
8 8 8 8 8 8 8 2 9 9 8 8 9 -1 -1 9 1 8 1 1 
-1 8 8 8 8 2 8 1 9 -1 8 9 9 9 -1 1 -1 1 1 8 
8 8 -1 -1 8 2 1 8 8 -1 9 9 8 -1 -1 1 1 8 8 8 
1 8 8 8 8 8 8 8 8 8 9 8 1 8 1 -1 1 1 8 8 
8 8 -1 3 -1 8 8 8 8 8 8 8 8 1 1 1 1 2 1 1 
8 8 3 8 8 -1 8 8 8 8 -1 8 8 1 1 2 1 2 2 8 
1 1 1 3 -1 8 1 8 8 -1 8 8 8 8 8 8 2 2 2 2 
8 1 8 8 3 8 3 8 8 -1 8 8 8 1 8 2 2 2 2 -1 
1 8 8 8 8 3 3 8 8 -1 -1 8 -1 1 8 1 8 2 8 8 
8 8 8 8 3 3 3 8 8 8 8 8 8 2 2 8 8 8 8 1 
1 8 8 8 8 8 3 8 8 8 -1 8 8 8 8 8 8 8 8 8 
8 8 8 8 8 8 8 8 -1 8 8 8 -1 8 1 1 1 8 8 8 
8 8 8 8 8 8 8 8 8 8 8 8 8 8 8 1 8 1 8 -1 
-1 8 1 9 8 8 8 8 8 8 8 -1 8 1 1 3 1 8 8 9 
8 8 9 -1 8 8 8 8 8 8 8 8 -1 1 3 1 3 8 -1 -1 
8 8 8 1 9 8 8 8 8 8 1 8 8 1 8 1 8 3 8 -1 
1 8 1 8 8 -1 8 8 8 8 8 8 8 8 1 8 8 1 8 1 
1 1 8 8 8 8 8 8 1 1 1 8 8 1 1 1 1 1 1 1 
8 -1 8 8 8 8 8 1 -1 1 1 8 8 -1 1 1 9 1 1 1 
1 8 -1 8 8 -1 8 8 -1 -1 8 8 8 9 9 9 1 8 1 -1 
8 8 -1 8 2 1 1 1 8 1 9 8 8 -1 -1 -1 -1 -1 8 2 
8 1 8 8 2 -1 1 8 1 8 9 9 -1 1 -1 -1 -1 -1 1 8 
1 1 8 1 8 8 8 8 8 8 1 -1 1 1 1 -1 -1 -1 1 1 
1 2 -1 8 8 8 8 8 2 1 1 -1 1 1 1 1 1 1 1 1 
1 2 2 8 8 8 8 -1 2 1 1 8 8 1 1 8 1 1 1 1 
1 -1 1 1 8 8 -1 8 1 1 1 1 1 8 1 8 8 1 1 1 
-1 1 1 -1 8 2 4 8 1 1 1 1 1 1 8 8 1 8 1 1 
-1 -1 -1 8 8 4 1 8 8 8 1 1 1 1 1 8 1 1 1 -1 
-1 -1 1 1 1 2 8 1 8 8 1 1 8 1 8 8 8 1 -1 8 
8 1 8 1 8 8 8 2 -1 8 8 1 1 -1 -1 -1 8 -1 -1 -1 
1 1 8 8 8 8 8 2 -1 8 -1 -1 1 -1 2 2 2 -1 -1 -1 
-1 8 8 8 8 8 8 8 8 8 2 1 1 1 1 -1 2 -1 -1 -1 
-1 8 -1 8 8 -1 9 1 8 -1 1 2 1 2 1 -1 -1 -1 -1 8 
8 8 8 8 8 9 9 8 8 1 1 1 2 -1 -1 -1 -1 -1 8 8 
8 8 8 8 8 8 8 8 1 9 9 2 2 -1 -1 -1 -1 8 8 8 
8 8 8 8 8 8 8 8 8 8 -1 -1 2 -1 -1 -1 8 8 8 8 
8 8 8 8 8 9 -1 9 9 8 -1 2 -1 -1 -1 -1 1 8 8 2 
2 8 -1 8 8 9 8 9 8 8 8 8 -1 -1 -1 1 1 8 8 2 
2 -1 8 -1 8 8 8 8 8 8 8 8 -1 -1 -1 -1 1 -1 8 2 
2 8 8 -1 8 8 1 8 8 9 8 8 8 8 -1 -1 -1 8 2 2 
4 4 -1 -1 -1 -1 1 8 1 2 -1 8 -1 -1 -1 -1 -1 32 32 4 
4 4 4 -1 -1 -1 -1 8 8 8 8 -1 -1 -1 -1 -1 32 -1 2 4 
-1 4 4 -1 4 4 -1 -1 8 8 8 -1 -1 -1 -1 -1 -1 -1 2 4 
4 -1 -1 4 4 4 -1 -1 1 8 -1 8 -1 -1 -1 -1 -1 -1 -1 -1 
-1 -1 -1 4 -1 4 -1 -1 -1 1 1 1 -1 -1 -1 -1 -1 -1 -1 4 
-1 -1 -1 -1 -1 -1 -1 1 -1 -1 -1 8 -1 -1 -1 -1 -1 -1 -1 -1 
-1 -1 -1 -1 -1 1 1 -1 -1 -1 -1 -1 -1 -1 -1 -1 -1 -1 -1 -1 
-1 -1 -1 -1 -1 -1 1 -1 2 -1 -1 -1 -1 -1 -1 -1 -1 -1 -1 -1 
1 -1 -1 -1 -1 -1 -1 -1 -1 -1 -1 -1 -1 -1 -1 -1 -1 1 -1 -1 
1 -1 -1 -1 -1 -1 -1 -1 -1 -1 -1 -1 -1 -1 -1 -1 -1 -1 1 -1 
1 -1 -1 -1 -1 -1 -1 -1 -1 -1 -1 -1 -1 -1 -1 2 2 2 2 1 
-1 1 1 -1 1 -1 -1 -1 -1 -1 2 -1 -1 -1 -1 2 -1 2 -1 1 
-1 -1 1 1 1 1 -1 -1 -1 -1 -1 2 -1 -1 -1 -1 -1 -1 1 4 
4 -1 -1 1 1 -1 -1 -1 -1 -1 -1 -1 -1 -1 -1 -1 -1 4 -1 4 
4 -1 1 1 1 8 -1 -1 -1 -1 -1 -1 -1 -1 -1 -1 -1 -1 4 -1 
4 4 -1 1 1 -1 8 -1 -1 -1 -1 -1 -1 -1 -1 -1 8 8 8 4 
-1 4 4 4 -1 8 -1 -1 -1 -1 -1 -1 -1 -1 -1 -1 -1 8 8 8 
4 4 4 -1 4 1 1 -1 -1 -1 2 -1 -1 -1 -1 -1 -1 8 8 8 
4 4 -1 -1 8 8 1 -1 1 2 2 -1 -1 -1 -1 -1 -1 8 -1 -1 
4 4 -1 -1 1 1 1 1 -1 2 2 2 -1 -1 -1 -1 -1 -1 32 -1 
-1 8 8 8 1 1 -1 1 1 -1 1 1 -1 1 1 4 4 2 -1 -1 
-1 -1 8 2 -1 -1 -1 4 1 1 1 -1 1 1 4 4 -1 -1 -1 -1 
-1 1 8 8 8 -1 4 -1 1 1 1 1 1 1 1 2 -1 -1 -1 -1 
-1 1 -1 8 -1 -1 -1 -1 1 1 1 -1 2 1 1 -1 1 1 -1 -1 
-1 -1 -1 -1 -1 -1 -1 -1 -1 2 1 -1 1 2 -1 1 1 1 -1 -1 
-1 -1 -1 -1 -1 -1 -1 -1 -1 1 1 1 1 -1 1 -1 1 1 -1 -1 
-1 -1 -1 -1 -1 -1 -1 2 2 -1 1 1 -1 1 -1 1 1 -1 -1 -1 
-1 -1 -1 4 -1 -1 2 -1 -1 -1 -1 1 1 1 1 1 -1 1 -1 -1 
-1 -1 4 -1 -1 -1 -1 -1 -1 4 4 4 1 1 1 -1 -1 -1 -1 -1 
4 4 -1 -1 -1 -1 -1 -1 -1 -1 4 4 1 1 1 40 -1 40 2 4 
-1 4 -1 -1 -1 -1 -1 -1 -1 -1 9 -1 4 1 1 1 40 2 -1 -1 
4 -1 4 -1 4 4 -1 -1 9 9 9 -1 -1 40 -1 -1 -1 40 2 -1 
4 4 4 4 4 4 -1 -1 9 9 9 9 -1 40 4 2 40 40 2 4 
-1 1 33 4 -1 -1 -1 -1 -1 9 -1 -1 -1 -1 -1 -1 40 40 2 -1 
33 1 1 -1 -1 1 -1 -1 -1 -1 -1 -1 -1 1 -1 -1 -1 -1 2 -1 
33 1 1 -1 -1 1 1 -1 -1 -1 -1 -1 -1 1 1 -1 -1 -1 -1 -1 
2 33 2 -1 1 1 1 -1 -1 -1 -1 -1 -1 1 -1 1 -1 -1 -1 -1 
2 2 2 -1 2 1 -1 -1 -1 -1 -1 -1 -1 -1 -1 1 -1 -1 -1 -1 
2 -1 2 8 2 1 1 1 -1 -1 -1 -1 -1 -1 -1 1 2 2 2 2 
-1 -1 8 -1 2 1 1 1 -1 -1 -1 -1 -1 2 -1 -1 4 4 2 2 
-1 -1 -1 1 1 -1 -1 -1 -1 -1 -1 -1 2 2 32 2 2 2 2 2 
-1 -1 -1 -1 -1 -1 -1 -1 -1 -1 -1 -1 2 2 -1 32 2 2 2 -1 
3 -1 -1 -1 -1 -1 40 40 -1 -1 -1 -1 2 -1 2 -1 2 -1 3 -1 
3 -1 -1 1 40 -1 40 40 40 9 9 9 9 9 2 2 2 2 3 3 
4 -1 1 -1 40 40 40 40 40 -1 9 9 -1 9 -1 2 2 2 -1 4 
-1 1 -1 1 -1 -1 40 -1 9 9 -1 9 9 9 2 2 2 -1 2 2 
1 1 1 1 4 -1 -1 -1 9 9 -1 2 -1 9 2 2 2 4 2 2 
1 1 1 1 4 4 4 -1 -1 -1 2 2 9 2 2 -1 -1 -1 4 4 
1 1 1 4 1 -1 4 -1 -1 -1 2 2 -1 2 2 2 2 4 4 -1 
4 1 1 1 -1 4 -1 -1 -1 -1 9 2 -1 9 2 2 2 4 4 1 
4 4 4 4 -1 -1 4 -1 4 -1 9 -1 9 9 2 2 -1 4 4 4 
4 -1 -1 4 -1 4 4 -1 -1 -1 -1 9 9 1 1 1 1 -1 4 4 
4 -1 -1 -1 -1 4 4 -1 -1 -1 -1 9 1 4 1 -1 2 4 -1 4 
-1 -1 4 4 4 -1 4 -1 -1 -1 -1 1 4 4 -1 2 -1 6 -1 4 
1 -1 4 4 4 4 4 -1 -1 -1 9 4 -1 -1 -1 -1 2 6 -1 4 
1 4 -1 -1 -1 4 -1 -1 -1 -1 4 4 4 4 4 2 4 -1 -1 1 
1 -1 4 4 6 6 -1 -1 -1 -1 -1 -1 -1 4 4 4 -1 -1 1 -1 
1 -1 4 6 6 -1 -1 -1 -1 -1 -1 4 4 -1 4 2 -1 -1 -1 1 
-1 1 -1 6 -1 -1 -1 -1 -1 -1 4 4 -1 -1 -1 -1 -1 -1 -1 -1 
-1 -1 1 -1 1 -1 -1 -1 -1 -1 -1 -1 -1 -1 -1 -1 -1 2 -1 -1 
2 2 -1 2 -1 -1 32 -1 1 1 1 -1 -1 -1 -1 -1 2 2 -1 -1 
2 2 2 2 2 -1 32 -1 -1 -1 4 1 -1 -1 2 -1 2 -1 2 2 
2 2 2 2 2 4 4 -1 4 4 4 4 -1 2 2 2 2 2 2 -1 
2 2 2 2 -1 4 2 4 -1 -1 4 4 -1 -1 2 2 2 -1 -1 -1 
2 2 2 -1 -1 -1 -1 4 4 -1 -1 2 2 -1 2 2 -1 -1 -1 -1 
-1 -1 -1 -1 -1 -1 4 4 4 4 4 2 2 2 2 -1 -1 -1 -1 -1 
-1 -1 -1 -1 -1 -1 4 4 4 4 4 2 2 2 2 2 -1 -1 -1 -1 
-1 -1 -1 -1 -1 -1 4 4 4 4 4 -1 2 2 2 -1 -1 -1 -1 -1 
-1 -1 -1 4 -1 4 4 -1 4 4 -1 4 2 2 -1 -1 -1 -1 -1 -1 
-1 -1 -1 -1 4 4 4 4 -1 -1 4 4 -1 2 2 2 2 2 -1 -1 
-1 6 -1 -1 4 4 4 4 -1 4 4 4 -1 2 2 2 2 2 -1 -1 
4 4 -1 -1 1 -1 -1 4 -1 4 4 4 4 4 2 2 2 2 2 -1 
-1 4 40 4 4 40 -1 40 -1 3 4 -1 3 4 4 2 4 -1 -1 -1 
-1 40 4 4 40 40 40 -1 3 4 4 3 3 2 -1 4 4 -1 4 -1 
-1 -1 40 -1 40 40 -1 -1 3 3 3 3 3 4 2 2 -1 -1 4 -1 
40 -1 40 2 40 -1 -1 -1 -1 3 3 3 3 2 4 2 -1 -1 -1 -1 
-1 40 40 40 2 2 40 -1 -1 3 3 3 2 4 4 -1 4 -1 -1 40 
40 40 40 40 2 2 -1 -1 -1 -1 -1 -1 -1 -1 -1 -1 4 -1 -1 -1 
40 40 40 40 -1 -1 -1 -1 -1 -1 -1 -1 -1 -1 -1 -1 -1 -1 -1 -1 
-1 40 40 40 -1 -1 -1 -1 -1 1 1 -1 -1 4 4 -1 -1 -1 -1 -1 
3 -1 2 2 3 3 3 1 2 -1 -1 2 2 -1 -1 -1 9 9 -1 -1 
3 3 1 -1 3 -1 3 2 2 2 4 2 2 -1 -1 -1 -1 -1 -1 -1 
-1 -1 -1 -1 -1 -1 3 5 2 4 -1 2 -1 -1 -1 -1 9 -1 -1 -1 
-1 -1 -1 -1 -1 3 3 2 2 5 -1 2 2 -1 -1 -1 -1 -1 -1 -1 
-1 -1 -1 -1 -1 1 1 2 -1 5 -1 -1 -1 -1 -1 -1 -1 -1 -1 -1 
-1 -1 -1 -1 -1 -1 4 4 2 -1 -1 -1 -1 -1 -1 1 -1 -1 -1 -1 
-1 -1 -1 -1 -1 -1 -1 2 -1 -1 -1 -1 -1 1 -1 1 1 1 1 -1 
-1 -1 -1 -1 -1 -1 4 -1 -1 -1 -1 -1 -1 1 -1 1 1 1 1 -1 
-1 -1 -1 -1 -1 -1 -1 -1 -1 -1 -1 -1 -1 -1 -1 1 1 1 1 1 
-1 -1 -1 1 1 9 9 -1 -1 -1 -1 -1 -1 -1 -1 1 -1 -1 -1 1 
1 1 1 1 9 9 9 9 -1 9 9 -1 -1 -1 1 1 -1 -1 -1 -1 
1 9 -1 -1 1 9 9 9 9 -1 9 -1 -1 -1 -1 -1 1 1 -1 -1 
-1 -1 -1 9 9 1 9 -1 -1 -1 -1 9 -1 1 1 -1 -1 1 -1 1 
1 -1 -1 1 -1 -1 -1 -1 -1 -1 -1 -1 -1 1 -1 -1 -1 -1 -1 -1 
-1 -1 1 9 1 -1 8 2 2 -1 -1 -1 -1 -1 -1 -1 -1 3 3 8 
9 -1 1 1 9 -1 8 -1 2 2 -1 -1 -1 -1 1 -1 -1 3 9 -1 
8 -1 -1 -1 9 9 8 2 -1 -1 -1 -1 -1 -1 -1 1 1 9 5 9 
9 -1 -1 -1 9 -1 2 2 2 -1 -1 -1 -1 -1 -1 1 -1 -1 -1 -1 
-1 2 3 9 9 -1 -1 2 2 -1 -1 -1 -1 -1 -1 -1 1 1 1 -1 
3 3 2 2 -1 3 3 2 2 -1 -1 -1 -1 -1 -1 -1 9 9 9 1 
1 -1 -1 -1 -1 -1 -1 -1 -1 1 -1 1 1 -1 -1 -1 1 -1 1 -1 
1 -1 -1 -1 -1 -1 -1 -1 -1 -1 -1 1 1 -1 -1 3 3 -1 -1 1 
-1 1 -1 -1 -1 -1 -1 -1 -1 1 1 1 -1 -1 -1 3 -1 -1 -1 -1 
-1 -1 1 -1 -1 2 -1 -1 -1 -1 1 -1 1 1 9 9 3 -1 -1 -1 
9 9 1 -1 -1 -1 2 -1 -1 -1 -1 1 1 1 -1 9 -1 9 -1 -1 
-1 -1 1 1 -1 -1 -1 -1 -1 -1 1 1 1 1 1 8 8 9 -1 9 
-1 -1 1 1 -1 -1 -1 -1 -1 1 1 5 -1 -1 8 8 9 8 8 9 
-1 -1 -1 -1 -1 -1 -1 -1 1 5 5 -1 5 5 -1 -1 -1 -1 -1 -1 
-1 -1 -1 -1 -1 -1 -1 -1 1 1 -1 4 -1 -1 -1 -1 2 2 -1 -1 
-1 -1 -1 -1 1 -1 -1 -1 1 -1 -1 -1 5 5 -1 -1 2 -1 2 2 
2 -1 -1 -1 1 -1 -1 -1 -1 4 5 4 5 4 -1 -1 -1 -1 4 4 
-1 -1 -1 -1 -1 -1 -1 -1 5 5 5 5 -1 -1 -1 5 5 5 -1 2 
-1 -1 -1 -1 -1 -1 -1 -1 -1 -1 5 -1 5 -1 -1 -1 5 5 5 -1 
-1 -1 -1 -1 -1 -1 -1 -1 -1 -1 4 5 5 5 -1 -1 -1 -1 -1 -1 
-1 -1 -1 -1 -1 -1 -1 -1 -1 -1 4 5 4 5 5 -1 -1 -1 -1 -1 
-1 -1 -1 -1 -1 -1 -1 -1 -1 -1 -1 5 2 -1 -1 -1 -1 -1 -1 -1 
-1 -1 -1 -1 -1 -1 -1 -1 -1 -1 -1 -1 -1 -1 -1 -1 -1 -1 -1 -1 
-1 -1 -1 -1 -1 -1 -1 -1 -1 -1 -1 -1 -1 -1 -1 -1 -1 -1 -1 -1 
-1 -1 -1 -1 -1 -1 -1 -1 -1 -1 -1 -1 -1 -1 -1 -1 -1 -1 -1 -1 
-1 -1 -1 1 -1 -1 -1 -1 -1 -1 1 -1 -1 -1 -1 -1 -1 1 -1 1 
-1 -1 -1 -1 -1 1 1 1 1 1 -1 -1 -1 -1 -1 -1 -1 5 -1 -1 
-1 -1 -1 -1 -1 -1 1 -1 4 -1 1 -1 -1 -1 -1 6 -1 -1 -1 -1 
-1 -1 -1 -1 -1 -1 -1 -1 4 4 5 5 -1 -1 8 8 -1 -1 -1 -1 
-1 -1 -1 -1 -1 -1 -1 -1 -1 4 5 5 -1 8 -1 8 -1 -1 -1 -1 
1 -1 -1 -1 -1 -1 -1 -1 4 8 4 -1 -1 5 8 -1 -1 -1 -1 -1 
-1 -1 -1 -1 -1 -1 -1 -1 -1 4 -1 -1 -1 -1 9 9 -1 8 8 8 
-1 -1 -1 -1 2 6 -1 -1 -1 -1 -1 -1 -1 -1 -1 -1 8 -1 8 8 
-1 8 -1 2 3 -1 -1 -1 -1 -1 -1 -1 -1 -1 -1 -1 8 8 -1 -1 
-1 -1 -1 3 -1 -1 -1 -1 -1 -1 -1 -1 -1 -1 -1 -1 -1 8 -1 -1 
-1 -1 -1 -1 -1 -1 -1 -1 -1 -1 -1 -1 -1 -1 -1 -1 -1 -1 -1 -1 
-1 -1 -1 -1 -1 -1 -1 -1 -1 -1 -1 -1 -1 -1 9 -1 9 2 -1 -1 
-1 -1 -1 -1 -1 -1 -1 -1 -1 -1 8 -1 5 4 9 -1 9 9 2 -1 
-1 6 6 -1 9 -1 -1 -1 -1 8 -1 -1 -1 9 9 9 9 -1 9 -1 
-1 -1 -1 -1 -1 9 -1 -1 -1 -1 -1 -1 -1 -1 -1 -1 9 9 -1 -1 
-1 -1 -1 1 9 8 -1 -1 -1 -1 -1 -1 -1 -1 -1 9 9 -1 -1 -1 
-1 -1 6 2 8 9 8 -1 -1 -1 -1 -1 -1 -1 -1 -1 -1 -1 -1 -1 
-1 6 6 2 -1 1 1 -1 -1 -1 -1 -1 -1 -1 -1 -1 -1 -1 -1 -1 
-1 -1 -1 -1 1 1 1 1 1 -1 -1 -1 -1 -1 -1 1 -1 -1 -1 -1 
-1 -1 -1 -1 1 1 -1 1 4 -1 -1 -1 -1 -1 -1 -1 -1 -1 -1 -1 
-1 -1 -1 -1 -1 1 8 1 1 4 -1 -1 -1 -1 -1 -1 -1 -1 -1 -1 
-1 2 3 -1 -1 -1 -1 -1 -1 -1 -1 -1 -1 -1 1 1 -1 -1 -1 -1 
2 2 -1 3 3 -1 -1 -1 2 -1 -1 -1 -1 -1 1 1 -1 -1 2 -1 
-1 -1 -1 3 2 2 -1 2 2 -1 -1 -1 -1 -1 1 -1 5 4 -1 2 
-1 -1 -1 3 2 -1 -1 -1 -1 -1 -1 -1 -1 -1 -1 -1 4 -1 -1 -1 
-1 -1 -1 -1 6 -1 -1 -1 -1 -1 -1 -1 -1 -1 -1 -1 -1 8 8 -1 
-1 -1 6 6 6 -1 -1 -1 -1 -1 -1 -1 -1 -1 -1 -1 8 8 -1 2 
2 6 6 6 -1 6 -1 2 -1 -1 -1 -1 -1 -1 -1 -1 8 8 -1 -1 
2 -1 6 6 -1 -1 6 -1 2 2 -1 -1 -1 -1 -1 8 8 8 -1 -1 
6 6 6 6 2 2 6 2 -1 -1 -1 -1 -1 -1 -1 -1 8 -1 8 6 
-1 2 6 6 -1 2 2 2 2 -1 -1 -1 -1 -1 -1 -1 8 8 -1 -1 
-1 6 6 -1 2 2 -1 2 2 -1 -1 -1 -1 -1 -1 8 -1 8 8 -1 
6 6 -1 -1 -1 -1 -1 2 2 -1 -1 -1 -1 2 2 2 8 8 -1 -1 
6 6 9 9 9 -1 -1 -1 2 -1 -1 -1 -1 -1 8 8 -1 -1 -1 -1 
2 -1 1 9 9 -1 -1 -1 6 -1 -1 -1 -1 -1 -1 8 -1 -1 -1 -1 
2 1 -1 -1 -1 -1 -1 1 1 -1 -1 -1 -1 -1 -1 -1 -1 -1 -1 -1 
-1 1 -1 -1 -1 -1 1 -1 1 -1 -1 -1 -1 -1 -1 -1 -1 -1 -1 -1 
-1 1 -1 -1 -1 1 -1 5 -1 -1 -1 -1 -1 -1 -1 -1 -1 -1 -1 -1 
-1 2 -1 -1 -1 -1 -1 -1 5 -1 -1 -1 -1 -1 -1 -1 -1 -1 -1 1 
-1 2 2 -1 -1 -1 -1 4 -1 -1 -1 -1 -1 -1 -1 -1 -1 -1 -1 -1 
-1 2 -1 -1 -1 -1 -1 -1 -1 -1 -1 -1 -1 -1 -1 1 -1 -1 -1 -1 
-1 6 -1 -1 -1 -1 -1 -1 -1 -1 -1 -1 -1 -1 -1 -1 -1 -1 6 6 
2 -1 -1 -1 -1 -1 4 4 -1 -1 -1 -1 -1 -1 -1 -1 -1 -1 -1 6 
-1 -1 -1 4 -1 5 5 -1 -1 -1 -1 -1 -1 -1 -1 -1 -1 -1 -1 6 
2 -1 -1 -1 4 5 5 -1 -1 -1 -1 -1 -1 -1 -1 -1 -1 -1 -1 -1 
6 6 6 -1 6 5 -1 -1 -1 -1 -1 -1 -1 -1 -1 -1 -1 -1 -1 -1 
-1 6 6 2 6 5 -1 8 -1 -1 -1 -1 2 -1 -1 -1 6 -1 -1 -1 
-1 6 2 6 6 3 3 -1 -1 2 2 2 -1 -1 -1 6 6 6 -1 -1 
2 2 2 6 6 6 6 2 -1 2 2 -1 -1 -1 -1 -1 -1 6 2 -1 
2 -1 6 6 -1 -1 6 6 2 8 -1 -1 -1 -1 -1 -1 -1 2 6 -1 
6 6 2 6 2 -1 6 6 -1 -1 -1 -1 -1 -1 -1 -1 2 -1 -1 2 
6 -1 -1 2 -1 -1 6 6 -1 -1 -1 -1 -1 -1 -1 2 -1 -1 -1 -1 
-1 2 6 -1 5 -1 -1 6 6 -1 -1 -1 -1 -1 -1 -1 -1 -1 -1 -1 
-1 -1 6 5 -1 5 -1 -1 -1 -1 -1 5 -1 -1 -1 -1 -1 -1 -1 -1 
4 4 6 4 -1 5 5 -1 -1 -1 -1 -1 4 5 5 -1 -1 -1 -1 -1 
-1 -1 -1 6 4 -1 -1 -1 -1 -1 -1 5 4 5 -1 -1 -1 -1 -1 6 
6 6 6 6 -1 -1 -1 -1 -1 -1 -1 -1 5 2 -1 -1 -1 -1 6 6 
6 6 6 6 -1 -1 -1 -1 -1 -1 -1 -1 -1 -1 2 -1 -1 6 6 6 
6 -1 6 -1 -1 -1 -1 -1 -1 -1 -1 -1 -1 2 2 -1 6 6 6 6 
6 -1 -1 -1 -1 -1 -1 -1 -1 -1 -1 -1 -1 -1 -1 -1 -1 6 6 -1 
6 6 -1 -1 -1 -1 -1 -1 -1 -1 -1 -1 -1 -1 -1 -1 -1 -1 -1 6 
-1 -1 -1 -1 -1 -1 4 2 2 33 3 5 2 6 6 -1 6 -1 -1 -1 
5 -1 -1 -1 -1 -1 4 -1 -1 -1 33 -1 5 -1 6 6 6 6 6 5 
5 -1 -1 -1 -1 -1 -1 -1 -1 33 -1 -1 -1 -1 -1 6 -1 -1 -1 5 
-1 -1 -1 -1 -1 -1 -1 -1 -1 -1 -1 -1 -1 -1 -1 -1 -1 5 5 -1 
-1 -1 -1 -1 -1 -1 -1 -1 -1 -1 -1 -1 -1 -1 -1 6 5 5 4 -1 
-1 -1 -1 -1 -1 2 2 2 -1 -1 -1 -1 -1 -1 6 6 6 5 -1 -1 
-1 -1 -1 -1 -1 -1 -1 2 -1 -1 -1 -1 -1 -1 6 6 6 -1 -1 -1 
-1 -1 -1 -1 -1 -1 -1 -1 -1 -1 -1 1 1 1 6 -1 -1 -1 -1 -1 
2 -1 -1 -1 -1 -1 -1 -1 -1 -1 -1 -1 1 -1 -1 -1 -1 -1 -1 -1 
2 -1 -1 -1 -1 -1 -1 -1 -1 -1 -1 1 2 -1 -1 -1 -1 -1 -1 -1 
1 -1 1 -1 -1 -1 -1 -1 -1 -1 -1 2 -1 -1 -1 -1 -1 -1 -1 -1 
1 1 1 6 -1 -1 -1 -1 -1 -1 2 2 -1 -1 -1 -1 -1 -1 -1 4 
1 1 -1 -1 -1 -1 -1 -1 -1 2 2 2 2 -1 -1 -1 -1 -1 -1 3 
-1 -1 -1 -1 -1 -1 -1 -1 -1 2 2 -1 2 2 -1 -1 -1 -1 4 3 
-1 -1 -1 -1 -1 -1 -1 2 -1 2 -1 2 -1 -1 -1 -1 -1 -1 4 4 
4 4 -1 -1 -1 -1 -1 2 2 -1 -1 2 2 2 -1 -1 -1 -1 2 -1 
-1 -1 -1 -1 -1 -1 2 -1 2 2 -1 2 2 -1 -1 -1 -1 -1 -1 -1 
-1 -1 -1 -1 -1 2 -1 2 -1 2 2 2 2 -1 -1 -1 6 -1 -1 -1 
6 -1 -1 -1 4 -1 2 -1 2 3 3 -1 2 -1 -1 2 -1 6 -1 -1 
-1 6 -1 -1 4 -1 2 2 -1 33 3 -1 -1 2 -1 -1 6 -1 -1 -1 
-1 -1 -1 -1 -1 -1 2 4 -1 4 -1 -1 -1 -1 -1 -1 -1 -1 -1 -1 
-1 -1 -1 -1 -1 2 -1 -1 4 -1 -1 -1 -1 -1 2 -1 -1 2 -1 2 
6 -1 2 2 -1 2 -1 -1 -1 -1 -1 -1 -1 2 2 -1 -1 2 2 -1 
-1 -1 2 2 2 -1 -1 -1 -1 -1 -1 -1 -1 2 2 2 -1 -1 2 2 
-1 -1 -1 -1 2 -1 -1 -1 -1 -1 -1 -1 -1 -1 -1 -1 -1 -1 2 -1 
-1 -1 -1 -1 -1 -1 -1 -1 -1 -1 -1 1 1 1 -1 -1 -1 -1 -1 -1 
-1 -1 -1 2 -1 -1 -1 -1 -1 -1 -1 -1 1 -1 -1 -1 -1 -1 -1 -1 
-1 -1 -1 -1 -1 -1 -1 -1 -1 -1 -1 1 -1 1 -1 -1 -1 -1 -1 1 
-1 -1 -1 -1 -1 -1 -1 1 1 -1 -1 1 1 -1 -1 1 -1 -1 -1 1 
-1 -1 1 1 1 -1 -1 1 1 1 -1 -1 1 1 -1 1 1 -1 -1 -1 
-1 -1 1 1 1 1 1 1 1 -1 -1 -1 1 1 1 1 -1 -1 -1 -1 
1 1 1 1 1 1 1 1 1 1 -1 -1 -1 2 1 4 -1 -1 -1 -1 
1 4 1 1 1 -1 1 1 1 1 -1 2 -1 -1 2 2 4 4 -1 -1 
-1 4 -1 1 1 1 1 -1 -1 -1 2 2 2 2 2 2 6 -1 -1 -1 
-1 4 -1 -1 4 1 1 1 -1 -1 2 2 2 2 6 6 6 6 4 4 
4 4 -1 4 -1 -1 -1 -1 -1 -1 2 2 2 2 6 6 4 4 4 -1 
4 4 4 -1 -1 -1 -1 -1 -1 2 2 2 2 2 -1 -1 4 -1 1 1 
-1 4 4 -1 -1 -1 -1 -1 2 -1 1 2 2 2 -1 4 4 4 4 4 
-1 -1 -1 -1 -1 -1 -1 2 2 -1 1 1 -1 -1 4 -1 -1 -1 -1 -1 
-1 -1 -1 -1 -1 -1 -1 2 2 2 2 -1 -1 -1 -1 -1 -1 -1 -1 -1 
-1 -1 -1 4 4 4 -1 4 -1 -1 -1 4 4 -1 4 4 -1 -1 1 -1 
1 1 1 -1 1 4 4 -1 4 4 4 -1 -1 4 4 -1 -1 -1 -1 -1 
-1 -1 -1 -1 -1 1 4 -1 4 4 4 2 4 -1 -1 -1 -1 -1 -1 1 
-1 -1 -1 -1 -1 4 -1 -1 -1 4 4 4 2 -1 -1 -1 -1 -1 -1 -1 
1 -1 -1 -1 -1 -1 -1 -1 4 4 4 4 -1 2 -1 -1 -1 -1 -1 -1 
-1 1 -1 -1 -1 -1 -1 -1 -1 4 -1 2 2 2 2 2 1 -1 -1 -1 
1 -1 -1 -1 -1 -1 -1 2 2 -1 -1 -1 2 2 -1 1 -1 -1 -1 1 
-1 1 -1 -1 -1 -1 -1 6 6 -1 -1 -1 2 -1 -1 -1 -1 -1 -1 -1 
1 -1 -1 -1 1 -1 6 -1 -1 -1 -1 -1 -1 -1 -1 -1 -1 -1 -1 -1 
-1 1 1 -1 1 1 4 -1 -1 -1 -1 -1 -1 -1 -1 -1 -1 -1 -1 -1 
1 -1 1 1 1 1 -1 4 4 -1 -1 -1 -1 -1 -1 -1 -1 -1 -1 -1 
1 1 1 -1 4 4 1 4 1 4 -1 -1 -1 -1 -1 -1 -1 8 -1 8 
-1 1 4 4 4 1 -1 -1 1 1 -1 4 4 4 -1 -1 -1 4 8 8 
-1 -1 4 4 1 1 -1 6 1 -1 4 4 4 4 -1 -1 4 2 -1 -1 
1 -1 4 1 1 4 4 4 4 8 4 -1 -1 4 4 -1 4 2 2 -1 
4 4 4 1 1 4 4 4 4 4 4 4 -1 -1 -1 4 4 -1 2 1 
1 -1 4 4 4 2 -1 -1 4 -1 -1 -1 4 -1 -1 -1 4 -1 -1 1 
-1 4 -1 4 4 2 -1 -1 4 6 6 -1 4 4 -1 -1 -1 -1 1 -1 
1 4 -1 -1 2 -1 2 4 -1 -1 -1 4 -1 4 4 4 -1 -1 -1 1 
-1 1 1 -1 4 4 -1 4 4 -1 -1 4 -1 -1 4 4 -1 -1 -1 1 
2 2 2 2 2 -1 -1 -1 -1 -1 -1 -1 -1 -1 -1 2 -1 2 2 4 
4 2 2 2 -1 -1 -1 -1 -1 -1 -1 2 -1 -1 2 2 2 2 4 2 
2 2 2 2 8 8 4 -1 -1 -1 -1 -1 2 2 -1 2 2 2 2 2 
-1 2 -1 8 8 -1 4 -1 -1 -1 -1 -1 -1 2 2 -1 1 2 2 2 
-1 8 8 -1 8 4 -1 -1 -1 -1 -1 -1 -1 -1 2 1 2 2 2 2 
2 8 8 8 -1 -1 4 -1 1 -1 -1 -1 -1 -1 1 1 -1 2 2 2 
2 2 2 2 -1 8 -1 -1 1 1 -1 -1 -1 -1 -1 -1 1 4 2 2 
2 2 -1 -1 8 -1 -1 -1 -1 -1 -1 -1 -1 -1 2 2 2 2 1 -1 
2 2 2 8 8 8 -1 -1 -1 -1 -1 -1 -1 -1 2 -1 2 2 2 2 
-1 2 -1 8 8 8 -1 -1 -1 -1 -1 -1 -1 -1 -1 2 2 2 2 2 
2 -1 -1 1 1 1 2 -1 -1 -1 -1 -1 -1 -1 -1 2 2 2 2 -1 
2 1 -1 8 1 -1 -1 -1 -1 -1 -1 -1 -1 -1 2 2 2 -1 2 1 
1 1 1 1 -1 -1 -1 -1 -1 -1 -1 -1 8 8 -1 -1 -1 2 1 2 
1 1 -1 -1 -1 -1 -1 -1 -1 -1 -1 -1 -1 8 2 2 -1 -1 -1 -1 
1 1 1 -1 -1 -1 -1 -1 -1 -1 -1 -1 8 8 8 1 2 2 -1 1 
1 1 -1 1 -1 -1 -1 -1 -1 -1 -1 1 10 10 1 1 -1 2 1 2 
8 1 1 1 -1 -1 -1 -1 -1 -1 -1 -1 1 1 8 8 -1 -1 2 1 
8 8 1 1 1 -1 -1 -1 -1 -1 -1 -1 1 8 8 8 4 4 2 1 
8 8 -1 -1 1 2 -1 -1 -1 -1 -1 -1 1 -1 1 2 -1 4 4 2 
-1 2 2 2 2 2 -1 -1 -1 -1 8 -1 -1 1 1 1 1 1 1 4 
-1 2 -1 -1 -1 -1 4 -1 -1 -1 2 1 2 2 2 1 1 2 -1 -1 
1 2 -1 -1 -1 -1 -1 2 2 2 2 2 1 2 -1 2 2 1 -1 -1 
-1 -1 -1 -1 -1 -1 4 2 2 2 2 2 2 2 2 2 2 -1 -1 -1 
-1 -1 -1 -1 -1 -1 2 4 2 -1 -1 1 6 2 -1 2 2 -1 -1 -1 
-1 -1 -1 1 -1 -1 2 2 -1 -1 1 1 1 2 -1 2 2 -1 -1 -1 
-1 4 -1 1 1 2 -1 8 -1 1 -1 1 2 2 2 2 2 -1 -1 -1 
4 4 2 2 2 2 2 -1 -1 -1 -1 1 1 2 2 2 -1 -1 -1 4 
-1 -1 2 2 2 2 2 2 -1 8 -1 2 1 2 2 1 -1 -1 -1 -1 
-1 -1 2 2 -1 2 -1 2 -1 -1 2 -1 -1 2 1 1 1 -1 -1 2 
2 2 2 -1 -1 -1 -1 -1 -1 -1 -1 1 2 2 2 2 4 1 1 2 
2 -1 2 2 2 2 -1 -1 -1 -1 -1 1 1 4 2 -1 2 1 1 -1 
2 1 1 1 1 1 -1 -1 -1 4 4 4 1 2 -1 -1 -1 1 1 -1 
1 2 2 -1 1 -1 -1 -1 -1 -1 4 4 4 -1 -1 4 2 2 1 1 
2 2 2 2 1 1 -1 1 1 2 -1 4 -1 -1 -1 2 2 2 2 -1 
1 2 -1 2 1 1 -1 2 2 2 4 2 2 2 2 -1 2 2 2 -1 
4 2 2 2 2 -1 -1 2 2 2 -1 2 1 2 2 2 2 2 -1 4 
4 2 2 -1 -1 4 2 2 2 6 1 -1 2 2 1 2 2 2 2 -1 
2 2 2 2 2 -1 -1 2 2 4 6 6 6 2 2 2 2 2 -1 2 
2 2 2 -1 1 4 -1 2 4 4 1 6 2 2 -1 2 2 2 2 2 
2 -1 2 -1 1 4 -1 -1 6 2 1 6 1 2 2 2 2 2 -1 -1 
2 2 -1 8 -1 -1 -1 -1 2 8 2 2 2 2 2 2 2 2 -1 2 
2 -1 2 -1 8 -1 2 2 2 2 2 2 2 2 2 2 2 2 2 2 
2 2 -1 2 -1 2 2 -1 2 2 2 -1 2 2 2 -1 2 2 2 -1 
2 2 2 -1 2 -1 2 4 2 2 -1 2 2 2 2 2 -1 2 2 2 
2 2 2 -1 -1 2 2 4 2 4 2 2 6 2 2 2 2 2 2 -1 
4 2 8 4 4 2 2 4 4 2 2 2 2 2 2 2 -1 2 2 2 
4 4 4 4 8 2 -1 4 4 2 2 2 -1 2 2 2 2 2 2 -1 
-1 4 4 8 2 4 2 2 4 4 2 2 2 2 2 2 2 2 4 -1 
4 4 4 4 -1 8 -1 2 -1 -1 2 2 2 2 2 2 2 -1 -1 -1 
4 4 4 4 6 8 8 4 2 2 2 2 2 2 2 2 2 2 -1 -1 
4 -1 6 6 -1 8 2 4 4 2 2 -1 8 2 4 2 2 -1 -1 -1 
-1 4 -1 6 6 2 2 2 4 2 4 8 8 2 4 4 2 2 -1 4 
4 -1 5 6 1 1 6 4 2 2 8 8 8 8 2 2 2 1 5 1 
1 5 5 -1 -1 6 1 1 4 -1 4 8 8 2 2 2 2 2 5 5 
2 5 5 5 5 6 6 6 4 4 1 4 8 1 1 -1 2 2 2 -1 
2 2 5 5 -1 6 -1 -1 -1 4 -1 1 1 1 -1 -1 -1 2 2 2 
2 2 1 1 -1 -1 -1 -1 -1 4 1 1 8 1 1 2 2 2 -1 2 
2 2 2 1 -1 -1 -1 -1 8 8 2 1 1 1 1 1 1 -1 2 2 
2 2 -1 -1 -1 -1 2 2 8 2 2 -1 -1 1 2 2 2 2 2 2 
-1 -1 2 -1 -1 -1 2 -1 8 8 2 -1 2 2 2 2 1 2 2 2 
2 5 5 5 1 2 2 -1 -1 8 8 1 1 -1 4 4 -1 2 -1 -1 
2 2 5 5 1 2 2 2 -1 4 1 1 1 1 1 2 2 2 1 2 
2 2 1 1 1 2 2 2 8 2 4 1 1 1 2 2 2 2 2 2 
2 2 2 1 1 1 2 2 2 2 1 -1 1 1 2 2 2 2 2 2 
2 2 -1 -1 2 4 2 -1 1 1 1 1 1 -1 2 2 6 2 2 2 
2 -1 4 4 4 4 4 1 1 1 -1 1 1 1 1 2 -1 2 2 2 
2 2 4 4 4 4 2 1 1 1 -1 1 1 1 -1 2 1 2 2 2 
2 4 4 -1 -1 6 1 1 1 1 1 1 1 -1 1 1 1 2 2 2 
4 4 -1 6 6 -1 1 1 1 1 8 1 1 8 -1 -1 1 36 36 4 
-1 -1 2 4 6 4 40 40 1 8 -1 8 8 8 -1 -1 -1 1 36 36 
-1 2 2 2 4 -1 4 40 1 1 8 8 -1 -1 8 -1 36 36 36 -1 
6 6 6 4 6 4 6 4 1 1 8 8 8 36 4 -1 -1 36 1 36 
36 -1 4 6 6 6 6 8 8 8 -1 8 -1 4 -1 1 -1 1 1 -1 
-1 6 6 6 6 6 8 8 -1 8 8 8 8 4 4 1 1 1 1 36 
-1 6 6 -1 6 6 6 8 8 8 8 8 8 2 8 1 -1 -1 36 36 
6 6 6 6 6 1 8 -1 8 8 8 8 8 8 2 2 2 8 8 -1 
-1 6 1 1 1 1 8 8 8 8 8 8 8 2 2 8 2 8 8 2 
6 6 -1 1 1 8 8 5 -1 8 8 8 8 2 2 8 8 8 8 8 
6 5 2 1 1 5 5 5 -1 2 8 4 4 2 6 8 2 2 2 6 
5 5 5 -1 -1 1 5 -1 2 8 4 4 4 8 8 6 2 2 -1 -1 
1 1 2 6 6 2 2 -1 2 2 -1 -1 -1 -1 10 10 -1 1 1 -1 
1 6 6 6 6 6 -1 -1 2 -1 -1 -1 -1 -1 10 10 1 1 -1 4 
2 2 2 6 6 2 2 -1 -1 -1 -1 2 -1 10 1 2 1 1 1 4 
4 2 2 1 1 -1 2 2 2 -1 2 2 1 2 1 1 6 -1 1 2 
2 2 1 -1 6 1 -1 2 2 -1 2 2 1 2 1 6 6 -1 -1 4 
4 1 1 1 6 6 8 -1 2 2 3 3 2 2 2 1 1 1 4 4 
4 1 1 1 -1 6 6 2 -1 3 3 3 8 8 8 6 4 1 -1 4 
5 1 1 1 2 -1 2 8 8 -1 2 2 8 8 4 4 4 4 4 5 
5 -1 2 2 -1 2 2 -1 -1 8 2 8 -1 2 2 2 2 2 6 -1 
5 2 2 2 2 2 6 -1 -1 -1 2 3 -1 -1 2 2 2 -1 -1 5 
2 2 2 2 -1 4 6 -1 -1 2 2 2 2 2 2 -1 2 -1 2 2 
4 2 1 1 1 1 4 1 -1 -1 2 2 2 2 2 -1 2 2 2 -1 
4 4 -1 1 1 -1 1 1 1 1 2 2 -1 -1 2 -1 2 2 2 2 
2 2 -1 2 1 1 1 1 1 -1 8 -1 -1 -1 4 4 2 2 2 2 
1 2 2 2 1 2 1 1 -1 -1 -1 -1 -1 -1 4 2 1 -1 2 2 
-1 1 2 2 1 1 2 -1 -1 -1 -1 -1 -1 4 2 2 2 1 2 36 
36 -1 2 2 2 -1 2 -1 -1 -1 -1 -1 -1 2 2 2 -1 2 -1 2 
-1 2 -1 2 2 2 -1 2 2 2 2 -1 2 2 2 4 2 2 2 2 
2 -1 2 2 2 2 2 2 2 2 2 -1 2 2 4 2 4 -1 2 2 
2 -1 2 6 -1 -1 2 8 2 2 -1 2 2 2 2 4 -1 1 -1 -1 
8 2 2 8 -1 1 1 1 2 2 2 2 -1 1 8 8 -1 8 8 -1 
2 8 8 8 -1 -1 -1 1 2 2 2 2 -1 1 1 8 1 6 -1 8 
2 -1 1 1 8 1 -1 -1 1 1 -1 1 8 8 8 8 6 1 6 10 
10 2 2 1 -1 1 10 1 1 -1 1 1 1 1 8 6 10 10 10 10 
10 2 -1 1 1 -1 1 1 1 1 1 1 8 8 6 6 10 10 10 10 
2 2 2 1 1 2 1 1 1 1 1 1 -1 40 1 -1 10 10 10 -1 
10 2 1 1 2 1 1 1 -1 1 1 1 40 1 1 10 10 10 10 10 
10 10 2 2 2 2 -1 -1 1 -1 1 40 40 40 -1 1 10 1 8 1 
10 10 10 2 2 2 2 1 1 1 1 1 40 -1 2 2 1 10 -1 8 
-1 10 1 1 2 2 -1 1 1 1 8 -1 1 40 -1 1 1 8 -1 8 
8 10 10 8 2 8 8 2 1 8 8 8 -1 -1 -1 1 8 8 8 8 
8 8 8 8 8 2 1 -1 -1 8 8 8 8 -1 4 1 8 8 8 8 
8 2 2 8 2 8 -1 8 8 2 8 2 2 2 4 4 1 -1 8 8 
8 8 2 2 2 4 2 4 2 2 8 2 2 4 4 4 -1 8 8 8 
8 8 8 2 2 2 2 2 4 2 -1 2 2 -1 -1 4 4 2 8 8 
-1 2 8 2 2 2 2 2 2 8 2 2 2 2 2 4 4 2 2 2 
-1 2 2 2 2 2 2 2 2 2 2 2 2 -1 -1 2 2 8 8 2 
-1 -1 2 2 2 2 2 2 2 -1 8 -1 2 2 8 2 -1 8 8 -1 
-1 8 2 2 2 -1 2 2 -1 8 -1 -1 6 8 32 -1 8 -1 -1 8 
8 2 2 -1 2 2 1 1 -1 8 -1 -1 6 32 32 8 -1 8 -1 8 
1 1 1 -1 10 1 1 8 8 8 -1 1 1 1 40 10 8 8 10 8 
-1 1 -1 10 10 8 -1 1 1 1 1 2 -1 1 1 40 1 10 8 1 
-1 -1 8 3 8 10 10 2 2 -1 2 -1 8 8 1 1 -1 8 1 1 
4 3 3 8 3 2 10 2 8 2 2 1 8 1 1 8 -1 10 10 4 
4 4 2 8 3 2 2 8 1 1 -1 2 8 8 8 -1 10 10 -1 4 
8 8 4 4 8 -1 8 8 -1 10 8 8 8 1 8 -1 8 8 8 8 
8 -1 8 8 10 8 8 8 8 8 8 8 8 -1 -1 8 8 8 10 8 
2 2 2 2 10 10 10 8 -1 8 -1 8 2 2 2 2 8 8 8 8 
8 2 2 10 10 10 10 -1 2 8 8 8 8 2 2 2 8 8 8 8 
-1 8 8 8 10 8 -1 8 8 8 8 -1 -1 8 2 1 8 8 8 8 
8 1 8 8 8 8 8 -1 8 8 -1 1 8 1 1 8 8 8 8 8 
-1 8 1 8 8 -1 1 -1 8 8 8 8 1 2 8 8 8 8 8 8 
8 1 1 1 -1 1 2 -1 -1 -1 -1 8 2 8 -1 8 8 8 8 8 
1 1 1 8 8 1 2 2 -1 8 8 8 2 8 2 -1 -1 3 8 8 
1 1 1 1 8 -1 -1 2 8 8 8 8 2 8 3 3 1 8 3 8 
1 -1 1 1 1 1 1 8 8 8 1 8 8 -1 3 3 3 3 8 -1 
-1 1 1 -1 1 1 1 8 8 10 -1 -1 8 8 3 -1 3 8 8 8 
1 1 1 1 1 1 8 8 8 8 40 3 40 8 8 -1 8 8 -1 1 
1 1 -1 1 1 1 8 8 8 8 40 40 3 8 8 8 10 -1 1 1 
1 1 1 1 -1 -1 1 1 1 8 -1 3 -1 -1 -1 8 10 10 2 8 
10 8 -1 9 -1 9 9 9 9 -1 -1 -1 8 -1 8 8 2 -1 8 1 
-1 -1 8 9 9 9 9 9 9 -1 9 -1 8 8 8 8 8 8 1 8 
8 10 8 9 9 9 9 9 9 9 8 8 8 8 8 8 8 8 8 8 
10 8 8 -1 -1 9 9 2 9 -1 -1 8 8 8 -1 8 8 -1 8 10 
-1 -1 -1 8 8 3 2 8 8 10 -1 10 8 8 8 8 8 8 -1 10 
10 -1 -1 -1 8 3 9 3 8 8 10 8 8 8 -1 8 10 10 10 10 
10 10 2 2 8 8 3 -1 8 8 8 8 8 10 -1 10 10 10 10 10 
8 -1 -1 -1 -1 8 8 10 8 8 -1 8 8 10 -1 10 2 10 10 8 
-1 8 8 8 8 2 8 8 10 10 10 10 -1 10 10 10 40 10 10 8 
8 -1 8 8 6 -1 -1 10 10 10 -1 10 10 10 10 10 -1 -1 8 9 
8 9 -1 4 9 6 -1 10 10 8 10 8 10 -1 2 10 -1 8 -1 9 
9 9 8 10 4 -1 6 -1 1 2 2 8 2 2 2 10 2 8 3 8 
8 -1 3 3 1 -1 1 1 1 -1 1 33 2 2 8 8 8 2 2 9 
1 1 -1 1 1 1 1 1 8 1 8 33 8 8 4 8 4 32 -1 4 
4 3 3 2 2 -1 1 8 1 8 -1 8 33 8 8 4 4 4 4 -1 
4 3 2 2 2 2 2 8 1 8 8 8 8 8 8 4 4 4 4 4 
3 -1 -1 2 2 6 1 2 8 8 2 4 8 8 8 4 8 4 4 4 
-1 2 2 2 2 8 -1 8 8 8 2 8 4 8 4 8 8 8 -1 -1 
2 2 2 -1 1 -1 9 8 9 9 8 1 8 8 3 8 3 3 2 2 
-1 10 1 -1 9 9 -1 9 9 9 -1 1 8 8 8 8 -1 2 2 -1 
9 -1 40 40 -1 40 40 9 9 -1 -1 -1 2 32 32 32 1 32 -1 32 
9 9 8 40 40 9 40 4 -1 -1 2 -1 2 -1 -1 1 32 -1 -1 32 
9 8 8 -1 -1 3 9 4 8 2 2 2 2 32 32 2 2 2 9 9 
9 1 1 1 4 3 3 8 -1 2 2 2 2 2 -1 2 2 9 -1 9 
-1 9 9 1 -1 3 3 32 6 6 -1 2 2 -1 -1 -1 2 2 8 9 
8 8 32 32 32 32 3 32 4 6 3 -1 -1 -1 6 6 -1 2 8 2 
4 2 32 32 9 32 3 32 -1 4 3 2 2 2 2 6 -1 -1 1 1 
1 1 -1 9 32 32 32 3 -1 4 4 2 -1 32 32 2 -1 2 2 2 
8 32 1 8 9 32 32 32 3 32 32 2 32 32 32 32 2 4 4 1 
4 32 32 32 32 32 -1 32 32 32 32 32 4 32 32 32 32 3 4 4 
-1 -1 32 32 -1 -1 32 32 32 4 32 4 4 32 32 32 32 3 3 4 
8 -1 32 32 32 4 4 -1 1 6 4 4 4 32 32 8 8 3 3 -1 
-1 -1 2 2 40 32 4 4 32 1 1 1 1 -1 32 8 32 32 8 -1 
8 -1 2 2 32 32 4 -1 1 32 1 1 -1 32 32 8 8 3 3 8 
8 2 2 32 1 32 40 -1 40 1 1 -1 -1 8 -1 -1 -1 32 -1 3 
2 2 -1 1 40 40 8 40 -1 1 10 -1 -1 -1 -1 -1 32 32 32 40 
2 4 4 -1 40 -1 40 8 -1 32 10 2 -1 -1 -1 32 32 32 32 40 
32 2 4 8 8 40 -1 8 8 32 -1 32 -1 3 32 32 32 32 32 33 
41 33 2 -1 -1 8 8 8 8 32 32 2 32 32 32 32 1 33 33 32 
32 2 -1 -1 40 8 9 -1 8 -1 2 2 2 32 32 32 -1 1 33 41 
-1 32 6 6 32 32 32 32 32 33 32 32 40 32 32 32 32 5 2 -1 
-1 -1 32 -1 32 32 32 -1 32 32 -1 40 -1 32 1 32 -1 -1 -1 4 
-1 3 32 32 32 32 32 32 32 32 32 32 6 1 32 -1 32 -1 4 4 
4 32 32 32 32 -1 32 32 32 32 32 -1 6 4 -1 4 -1 -1 4 4 
4 4 32 32 -1 32 32 8 40 32 -1 -1 -1 4 4 4 -1 -1 4 -1 
4 4 -1 -1 -1 4 32 32 40 -1 40 -1 -1 40 4 4 -1 -1 4 4 
-1 -1 4 3 3 4 8 8 3 40 -1 3 40 -1 4 3 -1 -1 4 -1 
40 32 3 3 3 -1 32 32 32 8 3 2 2 -1 3 5 5 5 -1 -1 
40 3 3 -1 -1 -1 32 32 32 40 3 2 32 -1 4 5 5 6 -1 -1 
40 3 3 -1 -1 -1 32 40 3 32 40 3 32 32 4 -1 -1 -1 1 -1 
-1 4 4 -1 32 32 32 40 33 -1 3 -1 -1 32 -1 -1 -1 40 32 1 
-1 4 32 4 8 8 32 33 3 -1 -1 -1 -1 -1 -1 -1 -1 32 2 -1 
32 32 4 32 32 32 32 3 3 32 32 -1 -1 -1 -1 -1 -1 -1 32 -1 
32 7 32 7 5 7 5 32 3 32 3 -1 -1 -1 -1 -1 -1 -1 -1 32 
6 32 7 32 7 5 -1 32 40 3 -1 32 -1 -1 -1 -1 -1 -1 32 -1 
6 7 7 -1 5 7 -1 32 -1 40 32 32 -1 -1 -1 -1 -1 -1 -1 32 
-1 -1 -1 5 32 7 7 -1 32 32 -1 32 32 -1 -1 -1 -1 -1 -1 -1 
-1 -1 -1 32 6 32 -1 32 33 -1 32 32 40 32 32 32 -1 -1 -1 -1 
-1 -1 32 6 32 -1 32 32 32 33 32 32 33 32 32 2 2 -1 2 -1 
-1 32 6 32 32 32 32 32 32 33 32 6 33 1 32 32 2 2 5 -1 
3 32 -1 3 8 40 -1 -1 -1 -1 -1 -1 40 -1 40 40 40 -1 3 2 
-1 -1 4 4 3 -1 -1 -1 -1 -1 4 40 40 -1 -1 40 40 -1 3 8 
8 -1 -1 -1 -1 32 -1 -1 -1 -1 4 -1 -1 5 40 40 32 -1 -1 8 
-1 -1 3 -1 -1 -1 8 -1 40 4 40 -1 -1 -1 -1 32 6 -1 1 3 
3 5 5 5 32 8 4 4 -1 4 32 1 1 -1 -1 -1 40 4 40 4 
3 3 32 5 32 32 8 4 4 4 40 40 40 -1 1 4 32 40 4 3 
3 2 32 32 32 4 -1 -1 4 -1 32 40 40 1 1 1 4 4 4 4 
3 2 2 32 4 32 40 4 -1 32 32 40 -1 -1 1 4 1 1 4 4 
2 7 3 -1 4 32 40 -1 32 -1 32 32 -1 -1 32 -1 -1 4 4 2 
3 3 3 3 32 4 4 4 4 4 32 32 6 32 -1 -1 -1 4 4 5 
-1 3 3 32 32 4 -1 1 4 32 6 6 4 -1 32 -1 32 -1 3 3 
-1 3 3 40 4 -1 1 -1 1 4 -1 -1 4 -1 -1 32 -1 32 4 40 
3 3 40 40 40 -1 32 -1 -1 -1 -1 4 -1 -1 32 -1 4 4 3 4 
-1 3 32 40 32 32 -1 32 32 32 -1 -1 -1 -1 -1 32 32 4 4 4 
2 32 32 32 32 -1 -1 40 40 -1 33 32 -1 -1 -1 -1 32 4 3 3 
2 -1 32 32 32 5 5 5 -1 -1 -1 33 32 4 -1 -1 -1 4 4 2 
40 40 -1 -1 32 4 5 5 5 -1 -1 -1 32 3 3 -1 -1 -1 4 -1 
32 32 32 -1 40 8 32 4 4 -1 -1 32 -1 3 3 -1 -1 32 4 -1 
32 -1 -1 -1 -1 8 8 4 4 4 -1 40 32 32 -1 3 -1 -1 -1 -1 
32 -1 -1 -1 8 8 40 32 -1 -1 -1 -1 32 40 40 -1 40 40 -1 3 
5 -1 -1 2 -1 2 2 2 2 4 -1 2 2 32 32 32 4 32 32 -1 
4 -1 -1 -1 2 4 2 -1 -1 2 2 2 2 -1 2 32 32 -1 -1 4 
-1 -1 -1 -1 4 4 2 -1 -1 2 2 2 -1 2 2 2 -1 32 -1 4 
3 -1 -1 4 4 2 2 2 -1 -1 2 2 2 2 2 -1 -1 -1 -1 3 
3 4 -1 -1 -1 -1 -1 -1 2 2 -1 2 2 2 2 -1 -1 -1 3 -1 
3 -1 -1 -1 -1 -1 -1 3 2 2 32 2 2 -1 2 -1 -1 4 3 -1 
3 3 3 1 -1 -1 3 4 -1 -1 32 32 2 -1 -1 -1 4 4 -1 -1 
3 3 1 1 -1 -1 -1 3 -1 3 -1 -1 -1 -1 -1 -1 -1 -1 -1 -1 
3 -1 -1 1 -1 1 1 1 -1 3 -1 -1 -1 -1 -1 3 -1 3 -1 4 
4 3 1 1 1 -1 1 1 1 -1 -1 -1 32 32 40 -1 3 -1 -1 4 
4 -1 3 3 1 1 -1 1 1 -1 -1 33 -1 -1 40 40 -1 -1 -1 -1 
32 -1 4 -1 4 -1 -1 3 3 3 3 3 33 -1 -1 40 32 -1 -1 32 
4 4 1 -1 1 4 -1 -1 3 4 3 2 -1 2 -1 40 1 1 1 -1 
32 -1 1 -1 1 4 4 -1 -1 4 4 4 2 32 -1 32 32 1 -1 32 
-1 -1 -1 4 4 4 4 2 4 -1 32 4 40 32 4 -1 -1 -1 32 -1 
4 4 -1 4 4 4 4 4 2 32 4 32 32 -1 32 40 40 -1 -1 -1 
-1 5 4 -1 -1 2 2 4 5 2 32 32 -1 32 40 2 4 4 32 5 
5 4 -1 -1 -1 -1 2 -1 4 4 40 40 32 40 40 2 2 4 4 1 
5 -1 -1 2 -1 -1 -1 2 32 32 2 1 2 40 2 40 40 4 1 5 
-1 -1 -1 -1 2 -1 -1 2 4 32 -1 1 1 32 32 2 2 32 32 5 
-1 4 -1 2 2 2 2 2 2 2 -1 -1 34 -1 -1 -1 -1 -1 1 3 
4 -1 -1 -1 -1 2 2 2 2 34 34 34 -1 -1 -1 -1 -1 -1 1 1 
1 2 -1 2 2 2 -1 -1 34 34 34 -1 -1 -1 -1 -1 -1 1 -1 34 
1 -1 2 2 2 2 -1 -1 34 34 34 -1 -1 -1 -1 -1 -1 1 1 1 
1 -1 -1 2 2 -1 2 -1 34 34 -1 -1 -1 -1 -1 -1 -1 -1 1 1 
1 -1 2 -1 2 -1 -1 -1 4 -1 -1 -1 -1 -1 -1 -1 -1 -1 1 1 
1 2 -1 -1 -1 -1 -1 -1 -1 4 4 -1 -1 -1 -1 -1 1 5 5 40 
1 -1 -1 -1 -1 -1 2 -1 4 -1 -1 -1 -1 -1 -1 -1 1 -1 5 5 
5 -1 -1 -1 -1 -1 -1 -1 4 4 -1 5 5 -1 -1 -1 -1 -1 5 2 
-1 -1 -1 -1 5 -1 2 2 4 4 5 5 -1 -1 -1 -1 -1 4 5 5 
-1 -1 -1 1 -1 5 5 -1 -1 -1 -1 5 -1 -1 -1 -1 -1 5 5 -1 
5 -1 1 2 34 5 5 -1 -1 -1 -1 -1 -1 -1 -1 -1 5 5 -1 5 
5 5 -1 4 34 34 5 -1 -1 5 -1 -1 -1 -1 -1 -1 5 -1 -1 -1 
5 -1 34 34 34 -1 4 -1 -1 5 -1 -1 2 -1 -1 -1 -1 -1 -1 5 
-1 -1 -1 -1 -1 5 5 5 5 5 32 2 -1 -1 -1 -1 -1 -1 -1 -1 
5 5 5 5 5 5 5 5 5 5 5 5 -1 -1 4 -1 -1 4 -1 -1 
5 5 -1 5 5 -1 5 5 5 5 5 -1 -1 -1 4 -1 4 4 4 -1 
3 -1 5 -1 -1 -1 2 5 5 5 2 -1 -1 -1 -1 4 4 34 -1 3 
-1 -1 -1 -1 2 2 2 2 2 -1 -1 2 -1 -1 -1 -1 -1 34 -1 3 
3 -1 2 2 2 2 2 2 2 2 2 -1 -1 -1 -1 -1 -1 -1 1 -1 
5 -1 -1 -1 34 34 -1 5 5 -1 -1 -1 -1 -1 34 34 34 -1 5 5 
5 33 34 34 34 34 5 -1 -1 -1 -1 -1 -1 -1 -1 -1 -1 -1 34 33 
33 -1 -1 1 34 34 34 -1 -1 -1 -1 -1 -1 -1 5 5 5 1 1 -1 
-1 -1 -1 -1 -1 -1 -1 -1 -1 -1 -1 -1 -1 -1 5 5 5 5 5 5 
5 5 5 -1 34 -1 -1 -1 -1 33 -1 -1 -1 5 5 5 5 5 5 -1 
5 -1 -1 -1 -1 34 34 -1 -1 -1 -1 -1 -1 -1 -1 5 5 -1 5 -1 
5 -1 5 -1 34 34 34 -1 -1 -1 -1 -1 -1 -1 5 5 4 5 5 -1 
-1 5 -1 34 -1 34 34 34 -1 -1 -1 -1 -1 -1 -1 -1 -1 4 4 -1 
5 34 34 34 34 34 34 -1 -1 -1 -1 -1 34 -1 -1 -1 34 4 4 4 
-1 -1 -1 -1 5 5 -1 -1 -1 -1 -1 34 34 4 4 4 34 -1 4 5 
-1 -1 -1 -1 5 5 -1 -1 -1 -1 -1 -1 -1 -1 4 4 34 34 -1 -1 
-1 -1 -1 -1 -1 -1 34 34 -1 -1 -1 34 -1 -1 -1 4 34 4 -1 2 
2 -1 -1 -1 -1 5 -1 -1 34 34 34 34 -1 -1 2 2 -1 2 2 2 
2 -1 -1 -1 -1 5 -1 -1 34 -1 34 -1 -1 -1 -1 -1 -1 1 -1 2 
1 -1 -1 -1 -1 -1 -1 -1 34 34 34 -1 -1 -1 34 1 4 -1 1 1 
1 -1 -1 -1 -1 -1 -1 34 34 34 34 34 -1 34 34 34 -1 -1 1 1 
-1 -1 -1 -1 -1 -1 -1 -1 34 34 34 34 34 34 34 34 -1 -1 1 -1 
1 34 -1 2 -1 -1 -1 34 -1 -1 34 -1 34 34 34 34 -1 -1 -1 -1 
-1 -1 34 2 -1 -1 -1 -1 5 1 5 -1 -1 -1 34 34 5 34 5 1 
-1 5 -1 34 34 -1 34 -1 5 5 -1 2 -1 -1 -1 -1 34 34 5 -1 
-1 -1 -1 -1 -1 -1 -1 -1 -1 4 4 4 4 4 4 4 -1 -1 -1 -1 
1 -1 4 -1 -1 -1 -1 -1 -1 4 -1 -1 4 4 4 4 4 -1 -1 1 
1 10 10 4 4 -1 -1 -1 -1 -1 4 4 4 -1 -1 4 4 -1 1 1 
1 10 10 4 -1 -1 -1 -1 5 -1 4 4 4 4 -1 4 -1 -1 -1 -1 
-1 -1 4 4 -1 -1 -1 5 5 34 34 4 4 34 4 -1 34 -1 1 -1 
-1 -1 -1 -1 -1 -1 -1 5 5 5 34 34 34 -1 -1 34 34 34 34 1 
10 -1 -1 -1 -1 -1 -1 -1 34 34 34 34 34 34 34 34 34 34 -1 34 
34 10 -1 -1 -1 -1 -1 -1 -1 -1 -1 34 34 34 34 34 4 -1 34 34 
34 -1 -1 -1 -1 -1 -1 -1 -1 34 34 -1 34 34 34 34 -1 34 34 34 
-1 34 -1 -1 34 -1 -1 -1 -1 -1 4 4 34 34 34 -1 -1 -1 34 2 
34 34 4 34 34 -1 -1 -1 -1 4 34 4 -1 -1 -1 -1 -1 34 -1 2 
6 -1 4 4 4 34 -1 -1 34 4 -1 34 -1 -1 -1 -1 34 -1 -1 -1 
4 4 4 34 4 4 34 34 34 4 4 4 4 40 -1 -1 40 -1 -1 6 
6 6 6 34 6 32 4 34 34 4 4 4 -1 4 -1 40 -1 -1 6 6 
-1 6 4 6 34 -1 32 34 34 34 -1 4 4 4 4 -1 -1 1 -1 -1 
6 6 -1 4 -1 34 -1 34 4 4 4 4 4 32 40 4 -1 1 -1 -1 
6 -1 -1 -1 34 34 34 4 -1 -1 4 -1 4 32 32 4 1 1 1 6 
-1 32 -1 -1 34 34 -1 -1 4 4 4 4 4 4 4 4 1 -1 1 -1 
32 -1 -1 -1 -1 34 34 -1 -1 4 4 -1 32 4 4 4 4 1 -1 34 
-1 -1 -1 -1 -1 -1 -1 -1 -1 4 4 -1 4 4 4 4 4 -1 -1 -1 
-1 34 -1 4 -1 -1 -1 -1 -1 4 4 4 32 -1 4 4 32 4 -1 4 
32 4 4 4 -1 -1 4 -1 4 4 -1 4 -1 32 -1 4 4 4 4 4 
1 1 -1 34 -1 4 4 4 4 4 4 -1 4 32 32 4 4 4 4 4 
34 32 34 34 34 4 -1 4 4 4 4 4 5 5 -1 -1 4 4 32 4 
-1 32 32 32 34 34 34 4 4 -1 4 5 4 5 4 5 4 4 4 32 
4 -1 32 4 4 34 34 4 4 34 4 4 5 4 4 5 4 4 4 4 
4 32 32 4 -1 34 34 34 4 34 4 5 5 4 4 4 4 4 4 4 
32 32 32 32 -1 34 -1 4 34 4 4 -1 4 5 -1 -1 4 -1 4 4 
32 32 -1 -1 1 -1 -1 -1 4 4 4 4 -1 -1 -1 4 -1 4 -1 -1 
32 -1 -1 1 -1 -1 -1 4 -1 4 4 4 4 5 -1 4 4 -1 -1 5 
-1 -1 -1 -1 -1 -1 -1 -1 4 -1 4 -1 4 -1 -1 -1 -1 4 -1 5 
-1 -1 -1 -1 -1 -1 -1 -1 -1 4 -1 -1 4 4 -1 -1 -1 -1 -1 -1 
-1 -1 -1 -1 -1 -1 -1 -1 4 -1 -1 -1 -1 -1 -1 -1 -1 5 -1 -1 
-1 -1 -1 -1 -1 -1 -1 2 4 2 -1 -1 -1 -1 -1 32 32 -1 5 -1 
5 -1 -1 -1 -1 -1 -1 -1 2 -1 2 -1 -1 -1 34 34 -1 32 32 5 
4 -1 4 -1 -1 -1 -1 -1 1 -1 -1 -1 -1 34 -1 -1 32 -1 5 4 
4 4 4 4 4 -1 -1 1 -1 4 -1 4 -1 34 34 32 -1 -1 -1 -1 
4 34 34 4 -1 -1 -1 10 -1 -1 4 -1 4 4 4 -1 -1 -1 4 4 
-1 4 -1 -1 -1 -1 -1 -1 -1 -1 4 4 4 34 4 4 -1 -1 32 4 
-1 34 -1 -1 -1 -1 -1 -1 -1 4 4 4 4 4 4 4 4 32 4 -1 
-1 4 -1 32 -1 -1 -1 -1 -1 1 1 -1 -1 -1 -1 -1 7 1 32 1 
32 4 32 -1 32 -1 -1 -1 -1 -1 1 -1 -1 -1 -1 -1 1 32 1 1 
-1 32 -1 32 5 -1 -1 -1 -1 1 1 -1 -1 -1 -1 32 -1 1 1 32 
-1 -1 4 -1 5 5 -1 -1 -1 -1 -1 -1 -1 -1 32 -1 32 1 32 1 
4 4 4 5 5 5 -1 -1 -1 -1 -1 -1 -1 -1 -1 -1 1 5 5 4 
4 4 4 4 4 -1 -1 -1 -1 -1 -1 -1 -1 -1 -1 -1 5 5 5 32 
4 5 4 -1 -1 -1 10 10 -1 -1 -1 -1 -1 -1 -1 32 -1 -1 5 -1 
5 4 4 -1 -1 10 10 10 -1 -1 -1 -1 -1 -1 32 -1 32 4 5 5 
5 4 4 -1 -1 4 4 11 11 -1 -1 -1 8 8 32 32 5 5 4 4 
4 5 -1 -1 -1 4 4 -1 10 -1 -1 -1 -1 -1 -1 -1 -1 -1 -1 4 
4 4 -1 -1 -1 4 4 34 -1 -1 -1 -1 -1 -1 -1 5 -1 -1 -1 -1 
-1 4 -1 -1 -1 4 -1 4 34 -1 -1 -1 -1 -1 -1 -1 5 -1 -1 -1 
-1 -1 -1 -1 5 5 5 34 34 -1 -1 -1 -1 -1 -1 -1 -1 4 4 4 
-1 -1 -1 32 -1 5 5 -1 -1 34 -1 -1 7 -1 -1 4 4 -1 4 -1 
-1 -1 -1 32 32 32 -1 -1 -1 -1 -1 7 -1 -1 -1 -1 -1 1 -1 -1 
-1 -1 32 32 -1 32 32 32 -1 32 32 7 -1 2 2 -1 1 -1 -1 -1 
-1 -1 32 32 -1 -1 -1 -1 32 32 -1 32 -1 -1 -1 -1 1 -1 -1 -1 
-1 -1 -1 32 -1 -1 -1 32 32 32 32 32 -1 -1 -1 -1 1 5 -1 -1 
-1 -1 -1 32 32 -1 32 32 32 -1 32 -1 -1 -1 5 -1 32 5 5 1 
-1 -1 32 40 32 40 40 -1 -1 32 1 1 -1 5 -1 -1 5 32 32 32 
-1 4 4 4 4 4 -1 4 -1 -1 -1 -1 -1 7 -1 -1 32 -1 32 32 
1 4 4 4 4 4 4 4 4 4 -1 -1 -1 -1 -1 -1 -1 32 -1 -1 
-1 1 1 4 4 4 4 4 4 -1 -1 -1 -1 -1 -1 -1 5 5 -1 -1 
1 1 -1 -1 4 -1 4 -1 4 4 -1 -1 -1 4 -1 5 5 5 5 -1 
-1 1 -1 -1 4 4 4 4 4 4 -1 -1 -1 4 5 -1 5 5 -1 -1 
-1 -1 -1 -1 1 -1 4 4 -1 4 4 -1 4 -1 4 4 32 -1 -1 -1 
-1 -1 5 4 1 1 4 4 -1 4 4 4 4 -1 -1 4 32 32 -1 -1 
-1 -1 4 -1 4 4 4 4 4 4 -1 4 4 -1 4 4 -1 -1 -1 -1 
-1 -1 4 -1 -1 1 1 4 4 1 -1 -1 4 4 4 5 4 -1 -1 -1 
-1 -1 -1 -1 -1 1 -1 4 1 1 1 -1 4 4 4 5 -1 -1 5 -1 
-1 5 -1 -1 -1 -1 -1 1 -1 1 -1 4 4 -1 4 4 5 5 -1 -1 
5 5 -1 -1 -1 -1 -1 1 1 -1 4 -1 -1 -1 -1 4 4 5 5 5 
5 -1 -1 -1 -1 -1 -1 -1 -1 1 1 -1 -1 -1 -1 -1 -1 -1 -1 -1 
5 5 7 7 7 -1 -1 -1 -1 -1 -1 -1 -1 -1 -1 -1 -1 -1 -1 5 
5 -1 5 5 -1 -1 -1 -1 -1 -1 -1 -1 -1 -1 32 -1 -1 32 -1 -1 
-1 -1 5 5 -1 -1 -1 -1 -1 -1 -1 -1 -1 -1 32 32 -1 32 32 -1 
-1 -1 -1 -1 5 5 -1 -1 5 -1 -1 -1 -1 32 32 32 32 -1 32 -1 
-1 -1 5 -1 -1 -1 -1 -1 -1 5 -1 32 32 32 32 32 -1 -1 -1 -1 
-1 -1 5 -1 4 4 -1 -1 -1 -1 -1 32 -1 32 -1 32 32 32 -1 -1 
4 -1 5 4 -1 4 4 -1 -1 -1 -1 32 -1 32 32 -1 32 32 32 -1 
-1 -1 4 4 4 4 2 2 2 5 5 5 -1 -1 5 4 5 4 1 4 
1 1 4 4 4 4 2 4 2 -1 5 5 5 5 4 4 4 4 4 4 
-1 4 4 -1 -1 -1 -1 4 -1 2 5 5 5 -1 5 -1 5 4 4 1 
4 -1 4 4 -1 -1 -1 -1 -1 5 5 5 5 5 5 5 5 4 4 9 
4 -1 5 4 4 -1 -1 -1 2 5 5 5 -1 5 5 5 -1 4 4 4 
4 4 -1 4 -1 4 -1 -1 -1 -1 5 -1 -1 -1 5 5 5 -1 5 4 
1 5 3 3 4 -1 -1 -1 -1 -1 -1 -1 3 5 -1 5 5 1 5 5 
5 1 5 3 3 -1 4 -1 4 -1 -1 4 3 4 2 5 2 1 5 5 
5 5 5 3 3 3 -1 4 -1 -1 -1 -1 4 4 4 2 2 -1 5 5 
5 5 5 5 3 5 3 -1 -1 -1 -1 -1 4 4 4 4 2 5 5 5 
5 5 5 2 5 5 5 -1 -1 -1 -1 -1 4 4 4 4 4 5 4 7 
-1 5 4 5 2 5 4 -1 -1 -1 -1 -1 -1 4 4 -1 -1 5 4 7 
4 5 -1 4 5 5 4 4 -1 5 -1 -1 4 4 4 -1 4 7 4 4 
4 4 -1 4 4 4 4 5 5 -1 -1 -1 -1 -1 4 -1 -1 4 -1 4 
-1 -1 -1 -1 4 -1 4 4 5 5 -1 -1 -1 -1 -1 -1 4 -1 4 4 
4 -1 -1 4 -1 4 4 5 4 4 -1 -1 -1 -1 -1 -1 4 4 4 4 
4 4 4 4 4 4 4 3 5 -1 -1 4 -1 -1 -1 -1 4 4 -1 4 
4 4 4 4 4 4 4 4 3 3 4 -1 -1 -1 -1 4 -1 -1 -1 4 
4 -1 -1 -1 4 -1 4 3 -1 2 5 4 -1 -1 -1 -1 -1 4 -1 4 
4 -1 4 4 4 4 2 -1 2 5 4 -1 -1 -1 -1 4 4 4 4 4 
-1 -1 4 4 -1 -1 -1 -1 -1 -1 4 4 4 -1 -1 -1 -1 -1 2 -1 
-1 -1 4 4 4 -1 -1 -1 -1 -1 4 4 -1 -1 -1 -1 -1 2 -1 -1 
-1 -1 4 4 -1 4 4 4 -1 -1 -1 -1 1 1 -1 -1 -1 -1 -1 -1 
-1 -1 4 4 4 4 4 -1 -1 -1 -1 -1 1 1 1 -1 2 2 4 -1 
4 4 4 -1 -1 4 4 -1 -1 -1 -1 -1 -1 -1 -1 2 2 6 4 4 
-1 4 -1 -1 2 -1 -1 -1 -1 -1 -1 -1 -1 -1 -1 2 2 -1 6 4 
-1 -1 -1 8 2 2 -1 -1 -1 -1 -1 -1 -1 -1 2 -1 6 6 8 -1 
8 -1 8 -1 4 -1 6 5 -1 -1 -1 -1 -1 -1 -1 5 5 8 6 8 
8 6 -1 9 9 -1 5 -1 -1 -1 -1 4 -1 -1 5 6 6 8 6 6 
8 8 8 9 -1 -1 -1 -1 8 -1 8 -1 -1 -1 -1 -1 6 8 6 6 
9 8 8 8 -1 -1 -1 -1 -1 8 -1 -1 -1 -1 -1 -1 6 8 6 6 
-1 8 5 5 3 5 -1 1 -1 8 8 -1 -1 -1 -1 -1 -1 2 -1 6 
8 5 5 -1 5 -1 -1 1 2 8 -1 8 -1 -1 2 2 -1 -1 -1 8 
-1 5 -1 5 -1 -1 -1 2 -1 -1 8 8 8 2 -1 2 2 2 -1 -1 
-1 -1 5 3 -1 -1 -1 -1 -1 -1 2 2 -1 -1 2 2 2 2 2 2 
4 4 -1 -1 -1 -1 -1 -1 -1 2 -1 -1 -1 -1 2 -1 2 -1 2 2 
-1 2 4 4 -1 4 -1 2 -1 -1 4 4 -1 -1 1 2 -1 -1 -1 2 
-1 -1 4 4 2 -1 4 2 2 -1 2 4 -1 1 -1 -1 -1 -1 -1 2 
-1 -1 4 2 2 -1 -1 -1 -1 2 4 -1 -1 2 2 -1 -1 -1 -1 2 
-1 -1 4 -1 -1 -1 -1 -1 -1 4 -1 4 2 -1 2 2 2 -1 -1 2 
2 1 1 1 1 1 -1 -1 2 -1 1 1 1 1 -1 1 6 1 -1 2 
2 6 -1 -1 -1 1 -1 2 -1 -1 1 1 1 1 -1 6 1 1 2 2 
6 6 -1 -1 -1 3 3 2 2 -1 1 1 1 1 -1 -1 6 1 1 -1 
-1 6 -1 2 3 3 3 -1 -1 1 1 1 1 3 1 -1 4 1 -1 -1 
-1 -1 6 3 2 2 3 3 3 1 1 1 -1 1 -1 4 1 1 2 -1 
-1 1 -1 6 2 2 2 3 1 1 1 1 -1 -1 4 4 4 4 2 2 
2 1 2 2 2 2 -1 -1 -1 -1 1 1 6 -1 -1 1 -1 -1 -1 2 
2 1 -1 2 2 -1 -1 -1 -1 -1 -1 6 1 -1 -1 -1 4 -1 6 2 
1 2 2 -1 2 -1 -1 -1 -1 -1 -1 6 1 -1 -1 -1 6 6 -1 2 
2 1 2 2 -1 -1 -1 -1 -1 3 -1 6 -1 -1 -1 6 -1 6 1 8 
3 1 1 -1 -1 -1 -1 -1 -1 -1 4 -1 3 -1 -1 -1 6 -1 1 1 
1 -1 1 1 -1 -1 -1 -1 -1 -1 -1 3 3 3 -1 -1 6 6 1 1 
1 1 1 1 -1 -1 -1 -1 -1 -1 -1 5 5 3 -1 6 6 6 1 1 
1 -1 1 -1 1 -1 -1 3 2 -1 -1 -1 5 -1 6 -1 1 -1 1 1 
1 3 1 3 -1 4 -1 -1 3 3 -1 -1 -1 -1 -1 -1 3 1 -1 1 
3 1 3 3 -1 4 -1 3 3 3 3 -1 -1 -1 -1 -1 3 1 -1 1 
1 -1 1 -1 -1 -1 -1 3 3 3 -1 -1 -1 -1 -1 3 -1 3 -1 -1 
1 1 1 1 1 1 1 1 -1 -1 -1 -1 -1 -1 -1 -1 -1 -1 -1 -1 
-1 1 1 -1 1 1 -1 1 -1 -1 -1 1 1 1 1 -1 -1 -1 -1 -1 
-1 1 1 2 1 1 -1 -1 -1 -1 1 1 1 1 1 -1 1 -1 -1 -1 
-1 -1 -1 -1 -1 -1 -1 -1 -1 -1 -1 6 6 4 4 2 4 -1 -1 -1 
-1 -1 -1 1 -1 -1 -1 -1 -1 -1 -1 6 6 -1 4 4 2 -1 -1 -1 
-1 -1 -1 -1 1 -1 -1 -1 -1 -1 -1 -1 -1 -1 -1 -1 -1 2 -1 -1 
2 -1 -1 1 1 -1 -1 1 1 -1 -1 -1 3 -1 -1 -1 -1 -1 2 -1 
2 2 2 1 -1 -1 -1 1 -1 -1 -1 3 3 -1 -1 6 4 4 2 2 
-1 2 2 1 -1 -1 -1 1 -1 -1 -1 3 3 -1 -1 -1 -1 4 -1 2 
2 -1 6 6 6 6 -1 -1 -1 3 3 -1 -1 -1 -1 -1 -1 -1 -1 3 
3 6 6 6 6 6 -1 3 -1 -1 3 3 -1 -1 -1 -1 -1 -1 -1 3 
3 6 6 2 2 -1 6 3 3 -1 -1 3 3 -1 6 -1 -1 -1 3 -1 
3 6 6 2 6 -1 1 3 -1 -1 -1 -1 -1 -1 -1 -1 3 3 3 -1 
3 3 2 2 4 1 3 3 6 -1 -1 3 -1 -1 -1 3 -1 6 6 3 
3 3 6 2 6 -1 3 -1 3 3 -1 3 3 3 3 6 -1 -1 3 3 
6 3 6 3 6 6 6 6 -1 3 3 3 3 3 3 6 6 3 3 3 
3 3 3 6 6 6 6 6 -1 -1 3 3 -1 6 6 3 6 3 3 3 
6 6 -1 6 6 6 2 6 -1 -1 6 3 6 -1 6 3 3 3 3 6 
6 6 -1 -1 6 6 6 -1 6 6 6 6 6 3 3 3 -1 3 3 6 
6 -1 6 4 4 -1 -1 6 6 6 -1 6 6 6 6 4 3 4 3 -1 
-1 4 4 4 4 -1 -1 6 3 -1 3 -1 4 -1 4 3 4 4 4 -1 
-1 -1 -1 4 -1 4 -1 -1 -1 3 3 -1 4 4 4 4 4 4 6 6 
-1 -1 -1 -1 -1 -1 -1 -1 -1 3 3 -1 6 6 4 2 4 4 6 -1 
2 2 -1 -1 6 -1 3 4 -1 -1 -1 3 3 3 -1 -1 -1 -1 -1 -1 
-1 -1 -1 6 6 6 3 3 3 4 3 3 -1 3 -1 -1 -1 -1 -1 -1 
-1 -1 6 -1 6 3 3 3 3 6 4 -1 -1 3 2 -1 -1 -1 -1 -1 
-1 -1 -1 3 3 3 3 3 -1 6 -1 -1 -1 3 -1 2 2 2 -1 -1 
-1 -1 4 -1 4 3 4 6 6 6 4 -1 -1 3 4 -1 8 8 8 -1 
8 4 4 4 4 4 6 3 -1 4 6 4 -1 4 4 -1 8 8 -1 8 
-1 -1 -1 -1 5 5 -1 3 -1 4 -1 4 4 -1 -1 -1 -1 -1 8 8 
8 -1 -1 5 -1 -1 -1 3 -1 4 -1 4 -1 -1 -1 -1 -1 8 8 8 
8 -1 -1 5 5 5 -1 -1 -1 -1 5 -1 -1 -1 -1 -1 -1 8 8 8 
-1 -1 -1 -1 -1 6 5 -1 -1 5 -1 -1 -1 4 4 -1 -1 8 8 8 
-1 -1 -1 5 6 -1 -1 5 -1 -1 -1 -1 -1 4 4 -1 -1 8 -1 -1 
1 1 -1 5 6 6 -1 -1 -1 6 -1 -1 -1 -1 -1 -1 2 -1 -1 -1 
1 -1 1 6 6 6 6 6 -1 6 6 -1 -1 -1 -1 1 -1 1 -1 -1 
-1 1 -1 6 6 4 -1 6 6 6 -1 -1 1 1 1 1 1 1 1 -1 
-1 1 6 6 6 6 6 6 6 -1 -1 -1 -1 1 1 1 1 1 1 1 
1 -1 -1 6 6 6 4 -1 3 -1 -1 -1 -1 -1 1 1 -1 1 1 1 
-1 -1 -1 6 -1 3 3 3 3 -1 -1 -1 -1 -1 -1 -1 1 -1 -1 -1 
4 -1 -1 6 3 4 4 3 3 3 -1 -1 -1 -1 -1 -1 4 -1 -1 4 
4 2 4 -1 6 3 4 4 4 -1 -1 -1 -1 -1 -1 -1 4 4 -1 4 
-1 2 2 -1 -1 3 3 4 4 -1 -1 -1 -1 -1 3 -1 4 -1 -1 -1 
4 4 4 4 4 4 4 4 4 4 4 8 8 8 -1 8 8 4 4 -1 
4 4 4 4 -1 4 4 -1 -1 4 4 -1 -1 4 8 4 4 4 4 4 
-1 1 4 4 4 4 4 -1 4 -1 -1 4 4 4 4 4 4 4 8 4 
-1 8 8 4 4 4 4 -1 -1 8 4 -1 4 4 4 4 4 4 4 4 
4 8 8 4 4 -1 -1 8 -1 8 8 2 4 4 4 4 4 4 4 4 
-1 8 8 4 -1 4 4 4 8 2 -1 2 2 4 4 4 4 4 4 -1 
4 8 8 -1 4 4 4 -1 2 -1 2 2 2 -1 4 -1 4 4 4 -1 
4 4 -1 4 4 -1 -1 -1 -1 2 -1 -1 2 2 -1 -1 -1 4 4 4 
4 4 4 4 -1 -1 -1 -1 2 -1 -1 -1 -1 4 4 4 -1 4 4 4 
4 -1 4 3 4 -1 -1 -1 -1 -1 -1 -1 -1 4 4 4 -1 4 -1 4 
4 4 4 3 3 3 -1 -1 4 -1 -1 -1 -1 3 4 -1 4 -1 4 -1 
4 4 4 3 3 4 4 -1 4 4 3 3 3 4 3 4 -1 4 -1 -1 
4 4 4 3 3 3 -1 4 4 4 3 4 4 3 -1 -1 4 4 4 4 
4 4 4 3 2 3 4 4 -1 4 4 -1 -1 3 4 -1 -1 4 4 4 
4 2 4 2 3 4 4 4 4 4 4 4 4 -1 4 4 4 4 4 4 
-1 4 2 2 -1 4 -1 4 4 4 4 4 4 8 -1 4 4 4 4 4 
-1 4 4 2 4 4 4 4 4 4 -1 4 8 -1 -1 4 4 4 4 -1 
-1 4 -1 4 4 4 4 4 4 4 3 3 6 8 4 4 4 4 4 4 
-1 4 4 4 4 4 4 4 4 -1 8 -1 6 -1 4 4 4 4 4 4 
4 4 4 4 -1 4 4 -1 4 4 -1 8 -1 8 -1 -1 4 4 4 -1 
4 4 4 -1 4 4 -1 3 4 4 4 4 -1 4 4 -1 -1 4 4 4 
-1 4 4 4 4 4 3 4 4 4 -1 4 4 -1 4 4 4 4 4 4 
4 -1 -1 4 4 4 -1 4 4 -1 4 -1 -1 4 -1 -1 -1 4 1 4 
-1 1 1 2 -1 -1 8 -1 4 4 4 4 -1 4 4 4 -1 1 -1 4 
-1 -1 2 2 -1 8 -1 -1 4 2 4 -1 -1 4 4 -1 4 4 4 -1 
-1 -1 2 2 -1 -1 -1 4 -1 2 2 4 4 4 4 -1 -1 4 -1 -1 
4 2 2 2 2 -1 -1 -1 -1 2 4 4 -1 4 -1 4 1 4 -1 -1 
-1 4 4 -1 2 4 -1 -1 4 2 4 1 4 -1 -1 4 4 4 4 4 
4 6 6 4 6 6 -1 4 2 4 2 1 1 1 1 4 4 4 -1 4 
6 4 4 6 -1 6 4 -1 -1 2 1 1 1 -1 1 -1 4 4 4 4 
6 4 6 6 4 4 -1 -1 -1 1 2 1 1 -1 -1 4 -1 4 4 4 
4 6 6 4 4 -1 4 4 1 -1 2 2 1 4 4 -1 4 4 4 -1 
-1 6 6 6 6 4 4 4 4 4 -1 -1 -1 -1 4 4 4 4 4 4 
-1 -1 4 4 4 4 4 4 3 -1 4 4 -1 4 4 -1 -1 4 4 4 
-1 4 -1 4 4 4 -1 -1 4 -1 4 4 4 -1 -1 -1 4 4 4 -1 
1 -1 -1 4 4 -1 4 4 -1 4 -1 4 4 -1 4 4 4 4 -1 1 
4 4 -1 4 4 6 -1 4 4 4 4 -1 4 4 4 4 4 4 4 1 
-1 4 4 4 4 4 4 4 -1 -1 4 -1 -1 -1 4 4 4 4 -1 4 
4 4 4 4 6 4 4 4 4 4 4 4 4 4 -1 4 4 -1 4 4 
4 4 4 4 4 4 -1 -1 3 4 4 4 4 4 -1 4 -1 4 -1 4 
1 2 1 1 4 -1 -1 -1 -1 -1 2 2 -1 -1 -1 -1 2 3 2 2 
2 1 1 1 -1 4 -1 -1 -1 -1 4 2 -1 -1 2 2 -1 -1 2 1 
1 3 1 -1 4 4 4 -1 -1 4 2 2 -1 -1 1 2 -1 2 2 1 
1 1 3 -1 4 4 4 -1 4 2 2 -1 -1 10 1 1 2 2 1 1 
1 -1 -1 3 9 9 9 -1 4 4 4 -1 1 1 2 2 -1 1 -1 -1 
1 1 3 3 4 9 9 4 4 2 2 -1 2 2 2 1 2 -1 -1 -1 
-1 -1 1 4 4 4 4 4 2 2 2 -1 2 1 1 2 1 1 -1 -1 
1 -1 -1 4 4 -1 4 4 -1 2 2 2 2 1 2 2 1 1 -1 -1 
1 -1 -1 -1 4 -1 2 4 2 2 2 2 2 2 2 1 1 -1 1 -1 
-1 -1 -1 -1 -1 -1 -1 3 2 2 1 2 -1 4 -1 -1 2 -1 -1 -1 
-1 -1 -1 -1 -1 -1 -1 3 2 2 1 2 2 2 -1 2 -1 -1 -1 -1 
-1 -1 -1 -1 -1 -1 3 3 -1 1 2 2 2 2 -1 2 -1 -1 -1 -1 
3 -1 -1 -1 -1 -1 3 3 3 2 1 2 2 -1 2 2 -1 -1 -1 -1 
3 3 -1 4 -1 -1 3 3 3 1 1 2 1 1 -1 4 -1 -1 -1 -1 
-1 3 -1 4 4 4 3 3 2 2 2 1 -1 -1 -1 4 4 -1 -1 -1 
-1 3 -1 4 4 3 3 1 -1 1 1 2 1 4 4 4 4 4 -1 -1 
-1 3 3 -1 3 4 1 1 -1 -1 -1 1 -1 -1 -1 4 -1 -1 -1 -1 
3 3 3 4 4 1 -1 1 -1 -1 4 -1 -1 -1 4 3 -1 2 -1 -1 
3 3 -1 -1 1 -1 -1 -1 4 4 4 4 -1 -1 -1 -1 -1 -1 2 3 
3 3 1 1 -1 -1 -1 -1 -1 -1 -1 4 -1 -1 -1 -1 2 2 3 2 
-1 -1 -1 -1 -1 -1 -1 -1 -1 -1 -1 1 -1 5 5 24 -1 -1 4 -1 
-1 -1 -1 3 3 -1 -1 -1 -1 -1 -1 -1 2 -1 -1 -1 -1 6 6 -1 
3 1 1 -1 3 -1 -1 8 -1 -1 -1 2 2 2 2 5 5 6 6 -1 
-1 -1 1 1 -1 -1 -1 8 -1 8 8 2 2 2 -1 5 3 10 10 3 
3 -1 1 1 -1 -1 2 10 8 8 2 2 2 2 2 3 -1 10 3 3 
3 -1 -1 -1 -1 -1 -1 2 8 -1 -1 2 2 2 -1 10 10 10 3 3 
-1 -1 -1 -1 -1 -1 -1 -1 2 8 2 2 10 10 -1 10 10 10 10 3 
-1 -1 2 -1 -1 -1 -1 4 4 2 -1 -1 2 10 10 10 -1 -1 2 2 
2 2 -1 2 -1 -1 24 -1 -1 -1 6 -1 2 -1 -1 10 10 10 -1 2 
10 -1 -1 -1 -1 -1 24 24 -1 -1 -1 -1 -1 1 -1 10 10 10 10 -1 
-1 1 -1 -1 -1 -1 -1 -1 -1 -1 -1 -1 -1 -1 1 -1 -1 10 10 10 
10 10 10 10 -1 -1 -1 -1 -1 2 2 -1 -1 -1 1 1 -1 -1 10 10 
-1 -1 10 2 -1 -1 -1 -1 10 10 -1 -1 -1 -1 -1 -1 -1 10 10 -1 
-1 10 10 10 -1 10 10 10 10 10 10 24 10 -1 -1 -1 10 10 10 10 
-1 10 10 10 10 10 10 10 10 24 24 24 10 1 -1 1 -1 -1 10 -1 
10 10 10 10 -1 -1 10 -1 -1 -1 24 24 1 1 1 -1 -1 -1 10 10 
-1 10 -1 -1 -1 -1 10 -1 -1 24 -1 24 1 1 -1 -1 -1 -1 -1 -1 
-1 10 -1 -1 10 -1 10 10 -1 -1 -1 -1 24 1 -1 -1 -1 -1 -1 -1 
-1 -1 -1 -1 10 -1 -1 -1 -1 -1 -1 -1 -1 24 -1 -1 -1 -1 -1 -1 
-1 -1 -1 -1 -1 -1 -1 -1 -1 -1 -1 1 -1 -1 5 24 -1 -1 -1 4 
10 10 8 2 10 10 -1 10 10 24 -1 1 1 -1 -1 -1 10 10 10 -1 
10 -1 10 8 10 10 10 10 10 24 25 3 -1 1 1 1 1 1 -1 10 
10 10 10 10 10 10 10 16 10 25 -1 -1 -1 1 1 5 4 -1 10 -1 
10 10 10 10 10 10 10 10 10 25 -1 10 10 5 10 5 4 1 -1 10 
24 10 24 10 10 10 24 9 9 24 -1 6 10 5 10 10 10 1 24 24 
24 10 24 10 10 10 24 24 24 24 6 10 10 5 10 10 -1 11 24 2 
-1 24 24 24 8 10 -1 10 -1 4 4 10 -1 5 -1 8 8 24 2 24 
9 24 24 24 10 -1 -1 10 -1 6 10 10 10 10 -1 4 -1 9 24 -1 
-1 24 24 10 -1 17 24 -1 10 10 10 6 -1 -1 10 4 -1 9 -1 9 
24 24 10 24 17 10 17 10 -1 10 10 6 6 4 10 10 9 9 9 -1 
25 24 10 10 10 10 10 10 10 10 10 4 4 10 10 10 2 -1 9 9 
24 10 10 10 10 10 10 10 10 10 10 4 10 10 10 2 2 2 2 9 
10 10 10 10 10 34 10 10 10 34 -1 10 10 10 10 10 10 24 10 10 
10 24 72 10 10 10 10 34 10 10 10 -1 10 10 10 10 10 10 10 10 
-1 1 10 10 10 10 10 10 10 -1 -1 -1 10 10 10 10 10 10 10 10 
-1 1 10 10 10 34 10 -1 -1 -1 -1 -1 -1 10 10 10 10 10 -1 -1 
10 1 10 10 10 34 10 -1 -1 -1 2 2 1 1 -1 10 10 10 10 10 
10 10 -1 10 10 10 10 10 -1 -1 10 -1 1 1 1 1 10 10 10 10 
10 10 10 10 10 10 10 3 10 10 -1 -1 1 1 1 10 10 -1 10 -1 
-1 10 10 10 -1 10 10 -1 10 10 -1 1 1 1 1 1 10 10 10 10 
-1 4 5 -1 -1 5 1 1 -1 -1 2 9 2 8 9 2 2 -1 -1 -1 
-1 4 5 4 4 2 8 8 24 2 -1 2 -1 9 8 9 -1 2 2 -1 
-1 -1 4 2 2 1 -1 -1 24 -1 -1 9 8 9 9 2 -1 2 2 -1 
-1 -1 4 4 -1 -1 6 -1 -1 -1 9 9 9 9 -1 2 2 2 -1 -1 
-1 -1 8 8 -1 6 1 1 -1 9 -1 -1 -1 9 -1 2 2 2 2 10 
10 10 3 -1 6 6 -1 6 -1 6 6 -1 8 -1 -1 -1 2 -1 -1 2 
10 -1 10 10 -1 9 6 6 -1 6 6 6 -1 8 -1 -1 -1 -1 -1 10 
10 10 10 2 -1 6 6 2 6 6 6 6 -1 -1 -1 -1 -1 -1 2 2 
-1 -1 10 2 -1 6 6 2 6 -1 -1 -1 2 10 -1 -1 -1 10 -1 10 
-1 10 10 10 2 6 2 2 2 2 -1 -1 2 -1 10 -1 -1 10 10 10 
10 1 10 10 10 -1 2 -1 2 2 -1 2 2 10 -1 10 2 -1 -1 10 
10 1 10 -1 -1 2 2 2 -1 -1 2 2 -1 2 2 2 2 2 -1 1 
11 10 10 10 10 10 -1 -1 -1 1 2 2 -1 -1 -1 2 2 10 10 10 
-1 4 10 10 10 10 -1 -1 -1 1 2 2 -1 -1 4 4 10 6 10 11 
2 10 4 2 2 -1 10 -1 -1 -1 1 2 -1 -1 4 10 10 -1 6 10 
10 10 10 10 10 10 -1 -1 -1 -1 1 -1 1 24 10 10 10 11 10 10 
10 10 10 10 10 10 10 -1 -1 2 1 1 2 24 10 11 10 10 10 10 
10 10 8 10 -1 2 -1 -1 2 2 -1 1 1 10 8 8 11 10 10 10 
10 10 8 -1 2 2 2 -1 -1 2 -1 1 -1 -1 -1 8 9 11 24 10 
10 -1 -1 -1 5 5 1 1 1 -1 -1 -1 1 -1 2 -1 8 11 24 10 
2 -1 -1 -1 2 2 2 6 9 9 9 -1 2 -1 -1 2 40 40 2 2 
2 -1 -1 -1 -1 3 6 2 9 2 2 2 4 2 -1 -1 40 40 40 2 
-1 -1 -1 -1 -1 -1 3 2 6 2 2 4 2 2 -1 -1 -1 2 2 2 
1 1 -1 -1 -1 3 3 -1 1 6 4 4 4 2 2 2 2 2 2 -1 
-1 -1 2 -1 -1 -1 3 1 -1 6 4 4 4 4 2 2 2 2 -1 -1 
-1 -1 -1 -1 2 -1 -1 6 6 -1 6 -1 2 -1 2 2 -1 -1 2 -1 
-1 1 -1 2 -1 -1 -1 -1 2 2 -1 -1 2 2 -1 2 -1 1 -1 1 
1 1 -1 -1 -1 -1 -1 -1 2 -1 2 2 2 2 -1 -1 2 -1 1 1 
1 1 -1 -1 -1 -1 -1 -1 6 2 -1 2 2 2 2 -1 -1 -1 -1 1 
1 1 -1 -1 -1 -1 -1 3 3 6 -1 2 2 2 2 2 2 2 -1 -1 
-1 -1 -1 -1 1 -1 1 3 3 -1 -1 -1 2 2 2 -1 -1 2 -1 -1 
2 2 2 2 8 8 1 -1 3 3 2 2 2 -1 2 -1 -1 -1 -1 2 
2 2 2 8 8 -1 -1 3 3 3 3 -1 2 -1 2 -1 -1 -1 -1 2 
2 -1 8 8 8 8 8 3 2 3 2 2 2 -1 -1 2 -1 -1 -1 -1 
2 2 -1 -1 8 8 -1 3 3 2 2 2 2 2 9 -1 2 -1 -1 -1 
-1 9 2 2 2 3 3 3 3 2 2 -1 2 2 2 9 -1 -1 -1 -1 
-1 -1 2 2 3 3 3 3 3 2 2 2 2 2 9 -1 2 -1 2 -1 
-1 -1 -1 -1 2 -1 3 3 3 3 2 -1 -1 2 2 2 2 2 2 2 
-1 -1 -1 -1 8 2 3 -1 3 3 -1 10 2 2 2 2 -1 2 2 -1 
-1 -1 -1 -1 -1 3 2 -1 3 3 8 2 10 -1 -1 2 2 2 -1 2 
-1 -1 1 -1 -1 -1 2 2 4 2 6 2 6 6 1 6 -1 1 -1 1 
-1 2 1 1 -1 -1 2 2 2 -1 9 -1 6 6 6 2 1 -1 4 -1 
1 1 1 1 -1 -1 1 -1 -1 -1 -1 4 -1 6 6 1 -1 4 4 1 
1 1 -1 -1 1 1 2 -1 -1 -1 -1 6 6 -1 2 1 4 1 4 1 
1 1 -1 1 1 1 2 2 -1 -1 -1 6 4 4 2 2 1 1 1 1 
1 1 1 2 1 -1 2 2 -1 -1 -1 6 -1 2 -1 6 -1 -1 2 1 
1 -1 2 2 1 -1 -1 -1 -1 -1 6 -1 -1 -1 -1 6 1 1 1 2 
-1 2 2 -1 2 -1 -1 -1 -1 4 6 6 4 4 -1 -1 1 1 -1 1 
-1 2 -1 6 -1 2 2 2 -1 4 4 4 4 2 4 6 1 -1 -1 -1 
2 2 2 2 6 2 2 2 2 2 4 4 -1 -1 2 6 1 -1 -1 -1 
-1 -1 2 6 2 2 2 2 2 2 -1 4 -1 -1 -1 -1 2 -1 -1 -1 
6 10 -1 2 2 2 -1 2 -1 2 4 2 -1 2 -1 2 -1 -1 -1 -1 
10 6 6 -1 -1 2 2 -1 1 -1 2 9 -1 2 2 2 -1 1 -1 -1 
6 6 6 -1 -1 -1 -1 -1 1 1 9 10 -1 2 2 -1 -1 -1 -1 -1 
6 -1 -1 6 2 2 4 -1 1 1 1 2 -1 -1 -1 4 -1 -1 2 6 
2 6 -1 2 -1 4 4 4 4 4 1 1 2 2 2 4 -1 -1 2 2 
2 2 2 -1 2 4 4 4 4 4 -1 1 2 2 2 -1 2 2 2 2 
2 6 2 2 4 4 4 -1 4 -1 -1 2 2 2 4 4 2 4 4 -1 
-1 -1 6 6 2 4 4 4 -1 4 -1 -1 6 6 6 6 6 -1 4 2 
1 1 1 -1 -1 -1 -1 -1 -1 4 6 2 6 6 6 6 -1 4 -1 -1 
10 6 6 6 4 4 4 6 4 6 6 6 6 6 6 6 6 10 10 10 
10 6 6 6 -1 4 4 -1 6 4 6 6 -1 6 6 6 6 6 10 6 
6 6 6 4 4 4 4 -1 -1 4 6 4 6 6 -1 4 6 10 6 10 
4 4 4 -1 4 4 4 4 4 4 4 -1 -1 -1 -1 -1 4 6 -1 4 
6 6 6 6 4 4 4 4 4 4 4 4 -1 4 -1 -1 6 6 -1 4 
6 4 4 4 2 4 4 4 4 4 -1 4 4 4 4 -1 6 4 4 -1 
4 -1 4 4 2 4 4 4 4 -1 4 4 4 4 4 4 6 -1 6 -1 
4 4 -1 2 2 4 -1 4 4 -1 4 4 -1 4 4 6 4 6 -1 4 
-1 3 2 -1 2 2 2 2 4 4 -1 4 -1 4 -1 4 6 -1 -1 4 
3 3 3 2 2 2 -1 2 6 4 4 -1 4 4 4 4 -1 4 4 -1 
-1 3 3 2 2 2 -1 4 -1 6 4 4 -1 4 4 4 4 -1 4 -1 
-1 -1 -1 3 2 2 4 4 6 6 4 6 4 4 -1 32 4 4 -1 4 
-1 -1 2 3 2 2 4 4 4 6 -1 -1 6 4 32 32 32 4 4 -1 
3 -1 2 2 2 2 6 -1 4 6 -1 -1 4 -1 4 32 -1 6 6 4 
3 4 4 4 -1 2 6 4 -1 -1 4 4 10 4 10 6 6 6 6 6 
4 6 4 6 4 4 4 4 4 4 4 4 4 10 -1 10 4 4 -1 6 
6 6 6 -1 6 4 4 4 6 6 -1 -1 -1 -1 10 10 10 4 4 6 
6 6 -1 6 4 4 -1 6 4 6 6 -1 1 4 10 10 -1 -1 10 6 
-1 -1 6 6 4 4 4 4 4 -1 6 1 6 4 10 10 10 10 10 6 
6 6 6 6 6 4 -1 -1 -1 6 6 6 1 10 10 -1 10 10 10 6 
4 4 4 4 4 2 1 1 -1 6 4 4 2 4 4 4 -1 4 -1 4 
5 5 5 4 -1 4 1 1 -1 1 4 10 4 6 4 4 4 4 5 4 
-1 5 4 5 4 4 1 1 1 1 4 10 -1 4 4 4 4 4 4 5 
5 5 4 4 5 4 1 1 5 1 1 4 -1 -1 4 -1 -1 4 4 4 
5 4 4 5 5 -1 1 4 5 5 1 1 4 -1 -1 -1 4 4 5 4 
5 -1 5 4 5 5 5 4 5 1 5 1 4 4 4 4 4 4 5 5 
5 5 -1 4 5 4 10 10 5 5 10 1 1 4 4 4 4 4 4 5 
4 5 5 4 5 4 10 10 10 5 10 4 4 4 4 4 4 4 4 5 
5 4 4 5 4 5 10 10 10 10 10 10 4 10 4 4 -1 4 6 -1 
5 4 4 4 5 -1 10 10 4 10 10 10 10 2 -1 4 4 6 6 5 
5 -1 -1 4 4 4 -1 10 10 10 10 4 10 10 32 4 32 4 4 5 
1 -1 4 4 4 4 10 -1 10 10 10 -1 4 -1 2 32 32 4 4 1 
4 4 4 4 4 10 10 10 10 4 1 4 4 4 2 4 32 -1 -1 -1 
4 4 2 4 4 10 4 4 4 4 1 4 6 6 4 4 -1 32 4 4 
4 4 4 2 4 4 4 4 10 10 10 10 4 2 10 -1 4 32 -1 4 
4 4 10 10 10 10 10 4 -1 -1 10 10 10 10 10 10 4 4 4 4 
4 4 4 4 4 10 10 4 10 10 10 10 10 10 10 10 10 4 -1 -1 
-1 2 2 4 4 1 2 -1 10 10 10 10 10 10 4 4 4 10 4 4 
4 -1 -1 4 2 2 1 10 10 10 10 10 10 4 4 4 4 4 4 4 
4 4 4 4 6 2 1 1 1 10 4 4 4 10 4 4 4 -1 4 4 
-1 6 4 6 6 10 10 10 -1 1 11 4 10 8 1 2 4 8 -1 4 
-1 4 6 6 6 6 1 -1 1 -1 -1 4 10 1 1 2 2 8 -1 4 
4 6 -1 -1 6 6 6 1 10 10 2 2 2 1 1 8 8 8 4 -1 
-1 6 4 6 10 -1 -1 10 10 10 10 2 10 10 2 2 4 4 4 -1 
4 6 6 -1 6 4 4 10 1 10 4 -1 2 -1 10 10 2 4 4 4 
-1 -1 -1 4 6 4 4 10 4 -1 -1 2 2 -1 10 6 6 2 4 6 
-1 4 4 4 6 40 4 4 4 10 10 2 -1 10 10 2 6 6 6 4 
4 -1 4 -1 4 6 40 4 4 10 4 4 4 -1 10 10 10 6 6 6 
6 4 4 4 -1 1 5 10 10 4 4 4 4 4 4 4 4 6 6 4 
-1 4 4 4 6 -1 5 10 4 4 4 10 4 4 4 4 4 4 4 6 
6 4 4 4 4 6 -1 4 4 4 10 -1 4 -1 4 4 -1 4 -1 6 
6 4 4 4 4 4 6 4 4 -1 10 -1 -1 4 -1 -1 4 4 4 6 
6 6 6 4 4 4 10 6 -1 -1 10 10 10 4 4 4 10 4 6 6 
4 4 4 1 4 10 10 10 10 4 4 4 4 4 4 4 6 10 -1 6 
4 4 1 1 1 10 10 10 6 -1 4 10 10 4 -1 6 -1 4 10 10 
10 4 4 -1 4 11 -1 10 10 10 10 10 10 4 4 -1 4 4 6 10 
10 4 6 4 6 10 1 10 10 10 10 10 10 10 10 4 4 10 6 4 
10 4 4 6 10 1 10 10 10 2 2 10 4 10 10 4 1 2 4 4 
4 6 4 4 10 10 10 10 10 2 10 10 10 1 10 1 1 4 4 -1 
4 6 6 4 6 6 10 10 2 2 2 10 1 8 1 10 4 4 4 -1 
4 4 4 6 8 6 6 6 6 6 6 4 4 4 6 6 4 4 -1 4 
4 -1 6 6 6 -1 6 6 6 6 -1 4 4 4 6 6 6 6 4 4 
-1 6 6 6 6 6 6 4 6 6 6 6 4 4 4 6 6 6 6 4 
4 1 6 4 6 4 6 4 4 4 6 6 4 4 4 4 6 6 4 4 
4 4 4 4 4 4 4 6 6 4 1 6 4 -1 6 6 4 4 -1 6 
4 4 4 4 -1 4 4 4 -1 6 4 4 -1 -1 4 6 6 6 6 6 
4 4 -1 4 4 6 -1 6 6 -1 -1 6 4 6 -1 -1 6 4 4 4 
4 4 4 -1 6 -1 6 6 6 4 -1 6 6 6 4 -1 6 4 4 4 
-1 4 4 6 -1 4 -1 6 6 -1 4 4 6 4 4 2 -1 4 4 4 
1 2 6 6 4 4 -1 -1 6 6 6 4 4 4 6 4 6 2 4 4 
2 2 -1 -1 6 4 4 6 6 6 -1 4 4 4 6 6 2 6 6 4 
2 2 1 2 2 4 4 4 4 4 4 4 -1 -1 -1 -1 -1 2 1 4 
-1 2 1 4 4 4 4 4 4 4 4 4 4 -1 -1 -1 4 2 2 4 
4 1 1 1 -1 -1 4 4 -1 4 -1 4 4 4 4 4 4 4 4 4 
1 4 1 1 1 1 1 -1 -1 4 4 6 4 -1 -1 4 4 4 4 4 
2 1 4 1 1 -1 1 1 4 4 4 6 4 4 4 4 4 4 4 2 
1 1 4 1 2 2 1 4 4 -1 6 6 -1 4 4 4 4 4 4 4 
4 1 1 2 2 -1 4 4 -1 6 -1 6 6 6 4 4 4 4 4 4 
4 4 -1 -1 -1 8 6 4 6 4 4 4 6 6 4 4 4 4 4 4 
4 4 -1 -1 8 8 6 6 -1 4 4 4 4 6 -1 4 4 4 -1 4 
6 6 4 4 6 6 6 8 -1 -1 2 2 -1 -1 -1 -1 -1 4 4 4 
-1 4 6 -1 6 6 4 4 8 8 -1 40 2 6 -1 -1 4 4 4 -1 
4 4 -1 6 -1 4 4 4 4 4 1 1 -1 6 6 -1 -1 4 5 5 
4 5 5 5 4 4 4 4 4 -1 4 6 1 4 -1 -1 4 -1 5 4 
4 4 5 4 -1 -1 4 32 32 -1 4 4 4 4 1 1 -1 -1 4 4 
2 5 5 4 40 40 40 -1 6 6 4 4 -1 -1 -1 1 -1 -1 4 4 
2 5 4 4 4 4 40 6 6 4 4 6 6 6 -1 -1 -1 -1 4 4 
2 4 -1 5 4 4 -1 -1 40 -1 6 -1 -1 4 4 -1 -1 4 4 2 
9 4 9 6 5 -1 -1 4 -1 4 -1 4 -1 4 2 -1 8 4 4 9 
-1 9 6 6 6 -1 4 -1 -1 -1 4 4 4 4 -1 2 -1 8 8 4 
-1 -1 9 6 -1 6 4 6 4 4 2 4 2 4 -1 -1 2 8 1 4 
-1 -1 4 -1 6 9 4 4 -1 2 2 2 2 -1 4 2 2 8 -1 4 
32 -1 -1 4 -1 4 4 4 4 2 4 4 4 1 8 8 8 -1 8 8 
4 -1 4 -1 4 -1 4 4 4 4 2 2 1 8 8 8 2 8 8 8 
4 4 4 -1 4 4 4 4 -1 4 4 2 8 8 8 8 8 8 1 8 
4 4 4 32 4 4 -1 4 -1 4 -1 2 2 8 8 8 1 1 8 1 
4 -1 4 -1 32 -1 -1 1 4 1 1 1 2 8 8 8 8 2 2 1 
4 4 4 4 4 -1 -1 4 1 1 1 1 2 4 4 9 9 8 8 2 
-1 4 -1 -1 -1 1 4 -1 1 1 1 1 -1 4 -1 4 4 4 4 8 
4 6 4 -1 6 4 1 4 1 1 1 4 2 4 -1 4 4 -1 8 -1 
4 -1 -1 -1 6 6 6 6 10 4 4 4 4 4 -1 -1 4 4 4 -1 
6 -1 -1 2 -1 2 6 4 10 4 -1 -1 4 3 4 4 2 4 -1 6 
4 -1 -1 32 -1 -1 6 4 4 4 4 3 4 2 4 1 4 2 -1 4 
-1 8 32 32 -1 40 6 4 4 4 2 2 3 2 4 1 1 -1 2 2 
3 32 32 32 -1 40 40 40 4 40 2 4 4 4 4 3 3 3 2 3 
1 3 3 3 32 32 40 8 8 40 8 40 40 8 3 3 3 3 3 3 
-1 1 3 3 3 40 40 8 40 8 8 8 8 3 3 3 3 3 3 1 
1 3 3 40 3 40 40 40 40 4 8 8 8 8 8 3 3 3 3 1 
32 1 1 1 40 4 40 4 4 8 8 8 8 8 8 8 3 3 3 40 
32 1 32 40 4 4 4 4 8 8 -1 8 8 8 -1 -1 -1 8 3 3 
4 1 40 32 4 40 4 4 4 1 4 1 8 -1 8 6 6 8 8 32 
1 4 4 40 40 4 4 -1 1 4 8 8 8 8 8 8 8 8 8 32 
1 1 4 32 32 4 4 4 4 4 8 8 8 8 6 8 8 1 1 1 
8 1 4 -1 32 32 4 32 4 -1 4 -1 8 8 8 8 8 8 1 8 
8 1 1 4 8 4 4 4 4 4 4 8 8 8 8 8 -1 8 8 8 
8 1 8 8 -1 8 6 4 32 -1 8 1 8 6 8 8 8 8 8 8 
-1 3 8 8 4 8 6 6 6 32 1 32 6 6 8 8 8 8 9 9 
6 8 8 8 8 6 6 6 3 32 1 1 4 4 2 2 9 9 4 6 
-1 4 8 6 6 6 6 6 6 4 4 4 1 2 4 2 -1 9 4 6 
-1 4 4 6 6 6 6 6 4 6 4 4 4 4 4 4 6 6 6 4 
-1 5 4 -1 4 4 -1 -1 40 8 40 40 6 -1 8 8 6 3 4 6 
6 4 -1 4 -1 4 32 4 32 40 40 40 8 8 4 4 4 4 6 8 
8 5 -1 4 -1 4 5 5 -1 5 8 6 8 8 8 8 8 6 8 8 
8 8 4 -1 32 5 5 32 5 4 4 8 4 8 8 4 8 8 8 8 
8 2 2 2 32 32 32 32 5 5 32 4 8 8 8 8 -1 8 8 1 
1 -1 32 32 32 4 -1 4 32 32 32 32 4 4 8 5 5 4 1 1 
1 1 2 32 2 2 2 32 32 -1 32 32 40 4 4 5 5 5 1 1 
1 3 3 4 32 2 2 2 32 32 -1 40 4 8 4 4 5 4 5 -1 
2 2 2 2 4 32 2 32 6 6 6 4 40 4 -1 2 8 4 5 3 
2 2 2 2 4 4 32 6 6 6 -1 4 4 -1 40 8 2 2 3 2 
2 2 2 -1 4 6 2 6 4 6 4 4 -1 40 40 2 2 1 8 2 
2 2 2 2 2 2 6 6 4 4 -1 4 8 8 8 40 -1 8 4 4 
2 -1 2 2 -1 8 8 4 4 4 4 4 4 -1 8 -1 8 8 40 4 
40 -1 2 2 -1 8 2 2 6 6 6 4 4 8 8 40 40 40 40 4 
32 40 -1 2 2 2 8 2 8 4 4 8 4 40 40 40 40 40 4 40 
6 1 1 8 2 2 2 2 2 8 4 -1 8 8 40 4 40 40 40 -1 
1 8 1 8 8 8 1 8 -1 8 8 8 3 40 8 40 40 8 40 40 
8 8 8 -1 8 8 4 -1 40 8 8 8 40 40 -1 40 40 8 1 1 
5 1 5 9 8 8 8 1 40 40 40 40 3 40 8 -1 40 1 1 40 
4 5 4 -1 1 1 1 40 8 32 40 40 40 40 8 8 6 1 6 6 
4 4 4 4 4 8 4 4 2 4 2 -1 8 8 8 8 3 6 6 8 
-1 6 6 8 4 8 8 4 4 4 8 8 3 8 8 3 8 8 8 8 
4 4 8 3 8 8 6 6 6 6 8 8 8 4 3 -1 -1 8 8 10 
4 4 3 8 -1 8 8 8 -1 8 6 8 8 1 4 -1 4 8 6 10 
4 6 4 4 8 40 8 8 8 8 6 1 1 4 4 4 4 1 10 6 
4 3 8 -1 40 40 8 -1 8 6 6 8 4 4 1 1 1 6 10 6 
10 8 40 8 40 40 2 8 8 -1 8 -1 1 8 1 1 4 4 10 10 
10 -1 3 40 40 8 2 8 6 8 8 8 8 -1 8 4 -1 6 10 10 
10 3 3 40 -1 8 8 8 8 6 8 8 8 8 8 8 6 6 -1 10 
10 -1 2 -1 -1 -1 8 8 6 6 8 -1 8 8 8 8 6 6 2 2 
2 6 2 6 6 -1 4 -1 8 8 8 8 2 8 8 8 8 -1 2 2 
2 2 6 6 6 6 3 6 8 8 8 2 8 8 8 8 8 8 2 2 
6 6 8 -1 6 32 3 3 8 6 6 6 2 8 8 6 2 -1 2 6 
6 6 6 3 -1 -1 3 8 8 6 6 6 4 8 6 6 6 6 6 4 
6 6 6 3 3 3 3 6 6 6 -1 -1 8 4 8 6 -1 6 6 6 
6 6 3 3 3 -1 3 1 1 6 6 5 -1 3 6 6 6 6 6 6 
6 4 4 4 4 -1 1 1 1 6 6 5 3 6 6 6 6 -1 -1 6 
4 4 4 4 5 -1 6 1 1 1 -1 -1 6 3 3 4 4 6 6 6 
4 -1 6 5 -1 5 4 6 -1 1 -1 -1 6 3 3 3 4 6 6 4 
4 4 5 6 4 5 4 1 6 2 6 8 -1 6 3 -1 3 3 3 6 
