# Sat Sep 12 18:25:53 2020
#  1: Update
#  2: Unique Phenotypes (by task done)
#  3: Shannon Diversity of Phenotypes (by task done)
#  4: Unique Phenotypes (by task count)
#  5: Average Phenotype Shannon Diversity (by task count)
#  6: Average Task Diversity (number of different tasks)

0 1 0 1 0 0 
100 1 0 1 0 0 
200 1 0 1 0 0 
300 1 0 1 0 0 
400 1 0 1 0 0 
500 1 0 1 0 0 
600 1 0 1 0 0 
700 1 0 1 0 0 
800 1 0 1 0 0 
900 1 0 1 0 0 
1000 1 0 1 0 0 
1100 1 0 1 0 0 
1200 1 0 1 0 0 
1300 1 0 1 0 0 
1400 1 0 1 0 0 
1500 1 0 1 0 0 
1600 1 0 1 0 0 
1700 1 0 1 0 0 
1800 1 0 1 0 0 
1900 1 0 1 0 0 
2000 1 0 1 0 0 
2100 1 0 1 0 0 
2200 1 0 1 0 0 
2300 1 0 1 0 0 
2400 1 0 1 0 0 
2500 1 0 1 0 0 
2600 1 0 1 0 0 
2700 1 0 1 0 0 
2800 1 0 1 0 0 
2900 1 0 1 0 0 
3000 1 0 1 0 0 
3100 3 0.086815 4 0 0.0108646 
3200 4 0.142317 5 0 0.0199689 
3300 4 0.188615 4 0 0.0286998 
3400 3 0.239155 4 0 0.0392289 
3500 3 0.309681 4 0 0.0554844 
3600 5 0.37894 8 0 0.0727072 
3700 4 0.425025 10 0 0.0860169 
3800 4 0.473392 10 0 0.100405 
3900 4 0.50827 5 0 0.111829 
4000 4 0.553287 6 0 0.127027 
4100 5 0.614366 8 0 0.149359 
4200 5 0.678755 9 0 0.176301 
4300 3 0.728845 10 0 0.200176 
4400 4 0.763588 11 4.11845e-05 0.218072 
4500 6 0.804619 13 4.24791e-05 0.240602 
4600 6 0.843855 10 4.38462e-05 0.264831 
4700 4 0.890633 12 0 0.301665 
4800 5 0.926475 9 4.67246e-05 0.334688 
4900 6 0.955587 14 0.000140926 0.363821 
5000 6 0.9763 14 0.000296589 0.387148 
5100 6 0.991187 17 0.000351529 0.408125 
5200 5 1.00213 14 0.000252423 0.422809 
5300 6 1.00353 14 0.000306216 0.421864 
5400 6 1.00275 14 0.000102569 0.422945 
5500 5 1.00328 17 0 0.42564 
5600 6 1.01084 17 5.14668e-05 0.431909 
5700 6 1.01148 18 5.19373e-05 0.434559 
5800 7 1.00957 17 0.000206922 0.429155 
5900 6 0.999227 14 0.000102764 0.413935 
6000 6 0.984579 14 5.1023e-05 0.390224 
6100 5 0.96847 10 0 0.365791 
6200 6 0.957963 14 4.59033e-05 0.345314 
6300 6 0.939532 13 9.90982e-05 0.320781 
6400 6 0.922244 15 4.90894e-05 0.296402 
6500 6 0.899697 16 4.88687e-05 0.268485 
6600 6 0.892496 15 4.82928e-05 0.24837 
6700 6 0.885312 11 4.78835e-05 0.231325 
6800 3 0.8883 7 0 0.22042 
6900 4 0.902905 10 0 0.216758 
7000 5 0.904577 10 0 0.212546 
7100 5 0.893207 9 0 0.204177 
7200 4 0.867678 5 0 0.193462 
7300 5 0.835063 10 9.00252e-05 0.181941 
7400 4 0.773221 9 0.000178444 0.163053 
7500 5 0.722891 9 0.000177015 0.146214 
7600 5 0.691867 11 0.000305357 0.137498 
7700 6 0.718194 10 0.000387497 0.143546 
7800 6 0.736057 9 0.000382149 0.147552 
7900 6 0.75792 9 0.000550777 0.151803 
8000 6 0.782368 10 0.000677679 0.156883 
8100 7 0.7808 13 0.000772706 0.156091 
8200 7 0.772781 12 0.000349074 0.154801 
8300 7 0.781524 12 0.000548015 0.157533 
8400 6 0.780242 9 0.000715518 0.156151 
8500 7 0.793195 13 0.000841822 0.158768 
8600 7 0.790728 10 0.000715966 0.157977 
8700 9 0.809975 11 0.000875083 0.163034 
8800 8 0.825388 13 0.000709273 0.167484 
8900 8 0.822789 14 0.00109834 0.165512 
9000 8 0.804917 16 0.00118891 0.160248 
9100 8 0.772864 18 0.00106514 0.152145 
9200 7 0.76926 15 0.000806657 0.151949 
9300 7 0.768142 13 0.00050798 0.152775 
9400 7 0.761319 10 0.000253614 0.15145 
9500 9 0.752676 15 0.000296773 0.149108 
9600 8 0.752693 15 0.000169284 0.148673 
9700 5 0.74591 13 8.46418e-05 0.145626 
9800 6 0.727196 13 5.80932e-05 0.139934 
9900 7 0.721835 11 6.05136e-05 0.138263 
10000 7 0.703644 13 4.17816e-05 0.135247 
10100 6 0.698414 9 0 0.135794 
10200 7 0.68686 10 8.31808e-05 0.133796 
10300 6 0.675735 13 8.27335e-05 0.130098 
10400 5 0.650179 11 0 0.12261 
10500 5 0.611459 7 0 0.112807 
10600 5 0.617153 7 0 0.11233 
10700 5 0.621385 8 0 0.112378 
10800 5 0.615103 8 0 0.110485 
10900 5 0.618081 12 0 0.111436 
11000 5 0.634218 12 0 0.116156 
11100 5 0.647701 10 0 0.119304 
11200 6 0.646277 9 0 0.118572 
11300 5 0.642796 7 0 0.117324 
11400 5 0.606728 8 0 0.109926 
11500 5 0.579064 9 0 0.104076 
11600 5 0.565297 10 0 0.0997728 
11700 7 0.563836 10 0.000161557 0.0964902 
11800 8 0.562322 10 0.000121085 0.0948902 
11900 8 0.564683 9 0.000241206 0.0943518 
12000 7 0.557673 11 0.000240684 0.0924225 
12100 7 0.552234 11 0.000231858 0.0915257 
12200 7 0.531195 12 0.000278253 0.0879278 
12300 8 0.492991 14 0.000111373 0.0812138 
12400 8 0.48477 15 0.000229777 0.0815705 
12500 6 0.462124 13 0.000513611 0.0770811 
12600 7 0.46583 13 0.000551942 0.0786123 
12700 7 0.488479 13 0.000901314 0.0830406 
12800 6 0.478903 12 0.0011438 0.0814073 
12900 6 0.507671 10 0.00153992 0.0868673 
13000 7 0.520369 9 0.00154541 0.0896339 
13100 7 0.527964 10 0.00119119 0.091483 
13200 6 0.537656 9 0.000874056 0.0926103 
13300 6 0.552923 10 0.000875692 0.0952514 
13400 6 0.579833 10 0.00120086 0.101033 
13500 6 0.576872 10 0.00120982 0.100052 
13600 6 0.567614 11 0.00157601 0.0972682 
13700 6 0.569153 11 0.00247988 0.0980161 
13800 6 0.569442 13 0.0030927 0.0977456 
13900 6 0.543228 12 0.00272347 0.0910532 
14000 6 0.539892 13 0.00215517 0.0896226 
14100 6 0.545888 11 0.00268151 0.0905213 
14200 7 0.574948 11 0.00373165 0.0962116 
14300 7 0.589255 11 0.00483937 0.0993493 
14400 6 0.606636 10 0.00520241 0.102829 
14500 6 0.60435 9 0.00474895 0.101473 
14600 6 0.587513 10 0.00386603 0.0979123 
14700 7 0.573751 13 0.00390895 0.094955 
14800 8 0.586844 13 0.00385271 0.0975748 
14900 7 0.590242 11 0.0038563 0.0993708 
15000 9 0.604334 16 0.00456802 0.102318 
15100 8 0.634537 11 0.00659599 0.10938 
15200 8 0.683173 10 0.0106538 0.121121 
15300 8 0.694821 12 0.0118005 0.124331 
15400 9 0.689681 14 0.01185 0.123625 
15500 8 0.658576 11 0.0135494 0.117822 
15600 8 0.652364 12 0.0153966 0.117251 
15700 8 0.63273 10 0.0153746 0.111211 
15800 10 0.625375 15 0.0144075 0.107932 
15900 9 0.586852 15 0.0128467 0.0986411 
16000 8 0.539142 12 0.0120722 0.0882973 
16100 7 0.490888 9 0.0101165 0.0783425 
16200 8 0.439851 10 0.00816789 0.0676075 
16300 7 0.412071 9 0.00682101 0.0618706 
16400 7 0.403199 9 0.00649868 0.0600431 
16500 7 0.38333 12 0.00595711 0.0564337 
16600 8 0.364751 13 0.00523 0.0526962 
16700 8 0.337242 13 0.00481642 0.0482827 
16800 7 0.33446 13 0.00461375 0.0474782 
16900 7 0.313001 11 0.00417652 0.0438534 
17000 7 0.289524 12 0.00434442 0.0403523 
17100 8 0.268988 12 0.00495474 0.0376092 
17200 7 0.282354 8 0.00677122 0.0413278 
17300 7 0.287766 8 0.00774803 0.0433115 
17400 7 0.286248 8 0.00698785 0.04282 
17500 7 0.28897 9 0.00685595 0.0436534 
17600 8 0.308673 11 0.00645685 0.0465899 
17700 8 0.357954 12 0.00657809 0.0546303 
17800 8 0.387993 11 0.00695591 0.0602564 
17900 8 0.423156 13 0.010451 0.0688542 
18000 8 0.46008 12 0.0168673 0.0800125 
18100 8 0.532547 12 0.0295375 0.104146 
18200 8 0.632386 12 0.0419396 0.135051 
18300 10 0.664099 15 0.0467305 0.145551 
18400 9 0.626834 13 0.0424386 0.133063 
18500 9 0.588539 12 0.0418541 0.125157 
18600 9 0.555564 14 0.040037 0.117647 
18700 9 0.492261 14 0.0336605 0.100542 
18800 9 0.440773 13 0.027242 0.0850838 
18900 7 0.42192 12 0.0221236 0.0759908 
19000 8 0.401554 12 0.0201747 0.070516 
19100 8 0.394504 12 0.0173662 0.0662604 
19200 9 0.382058 13 0.016467 0.0633331 
19300 9 0.392141 12 0.0176368 0.0656152 
19400 9 0.419776 10 0.0194529 0.0712057 
19500 9 0.466246 10 0.021239 0.0798673 
19600 9 0.538941 12 0.0256983 0.0959747 
19700 10 0.608845 14 0.0285561 0.110094 
19800 10 0.678153 17 0.0308852 0.123082 
19900 9 0.734106 16 0.0342255 0.135434 
20000 9 0.756844 13 0.0341216 0.139479 
20100 8 0.774937 11 0.035651 0.145132 
20200 9 0.768031 15 0.0329892 0.143616 
20300 9 0.797641 17 0.0315754 0.149124 
20400 10 0.753534 20 0.0283459 0.137431 
20500 8 0.690452 16 0.0251041 0.122844 
20600 8 0.63191 16 0.0226417 0.108934 
20700 8 0.607625 13 0.0227359 0.104038 
20800 8 0.601452 13 0.0236161 0.103886 
20900 9 0.607223 15 0.0268649 0.107957 
21000 9 0.627681 16 0.0299542 0.114966 
21100 9 0.62913 14 0.0320322 0.117709 
21200 10 0.641981 15 0.0334821 0.121184 
21300 9 0.620277 13 0.0287543 0.112668 
21400 9 0.608558 13 0.0250516 0.106965 
21500 10 0.573075 13 0.0218167 0.0978913 
21600 9 0.526995 13 0.0183035 0.0868408 
21700 8 0.515694 11 0.0175439 0.0842588 
21800 8 0.4611 11 0.014563 0.0724463 
21900 8 0.44054 13 0.0132706 0.0681391 
22000 8 0.440234 15 0.0137063 0.0679825 
22100 8 0.489868 14 0.0167275 0.0779729 
22200 10 0.54198 15 0.0179463 0.0873357 
22300 10 0.600864 16 0.0218853 0.100565 
22400 9 0.626536 12 0.0235234 0.106583 
22500 9 0.626346 13 0.0241667 0.107024 
22600 10 0.579486 16 0.0225867 0.0975298 
22700 10 0.512829 16 0.0216801 0.0857315 
22800 9 0.482045 16 0.0215511 0.0808101 
22900 8 0.491494 12 0.0224335 0.0838581 
23000 8 0.538746 13 0.0230648 0.0921084 
23100 9 0.555493 14 0.0213176 0.0944283 
23200 10 0.552905 14 0.0237175 0.0961893 
23300 10 0.533584 14 0.0263605 0.0958546 
23400 10 0.53159 14 0.0298442 0.0992458 
23500 9 0.525473 14 0.0298909 0.0996554 
23600 9 0.529 13 0.0296481 0.100244 
23700 9 0.547862 14 0.0311014 0.104515 
23800 11 0.534565 18 0.0283033 0.0991078 
23900 9 0.538271 16 0.0254654 0.0970104 
24000 10 0.524191 21 0.0206291 0.0900383 
24100 12 0.546751 22 0.0194517 0.0929371 
24200 11 0.55157 23 0.0190815 0.0937162 
24300 10 0.575695 19 0.0223846 0.100412 
24400 10 0.654879 22 0.0315448 0.12181 
24500 10 0.76182 22 0.043779 0.153948 
24600 10 0.797314 23 0.0488088 0.16745 
24700 10 0.771985 19 0.04697 0.160329 
24800 10 0.719109 13 0.0400829 0.141815 
24900 11 0.660748 20 0.0340204 0.123746 
25000 12 0.656109 26 0.0325408 0.120029 
25100 11 0.63459 26 0.0297166 0.112473 
25200 10 0.609373 26 0.0293763 0.10674 
25300 10 0.571691 21 0.0302222 0.101449 
25400 11 0.528223 20 0.028855 0.093577 
25500 13 0.53463 23 0.0311402 0.096552 
25600 12 0.540631 21 0.0333632 0.0996237 
25700 10 0.544962 19 0.0351732 0.102671 
25800 10 0.548406 17 0.0318718 0.100455 
25900 10 0.578233 17 0.0296838 0.104127 
26000 11 0.603135 18 0.0300884 0.109756 
26100 10 0.64134 16 0.0316862 0.119382 
26200 10 0.637122 13 0.0320869 0.119626 
26300 12 0.611554 18 0.0322876 0.114075 
26400 11 0.594772 19 0.0331531 0.110844 
26500 11 0.581158 16 0.0353317 0.109081 
26600 10 0.597887 15 0.0385283 0.114186 
26700 10 0.610808 15 0.0407538 0.118429 
26800 10 0.617504 17 0.0423815 0.121148 
26900 11 0.631897 19 0.0420825 0.123194 
27000 11 0.627013 20 0.0404054 0.121126 
27100 10 0.634502 19 0.0397446 0.121639 
27200 9 0.650844 17 0.0417263 0.126556 
27300 10 0.710987 16 0.0475784 0.142251 
27400 11 0.788121 18 0.0584728 0.166921 
27500 11 0.849423 16 0.0668173 0.186748 
27600 11 0.82287 15 0.0625504 0.177315 
27700 10 0.756385 19 0.0526163 0.155578 
27800 10 0.777379 15 0.0518056 0.158707 
27900 12 0.782386 19 0.0495664 0.157046 
28000 13 0.797472 22 0.0508888 0.161284 
28100 12 0.781303 20 0.0497364 0.158143 
28200 12 0.793658 22 0.0505959 0.160996 
28300 14 0.788309 23 0.0484608 0.157942 
28400 13 0.844127 22 0.0540695 0.172804 
28500 12 0.841002 22 0.0538546 0.171943 
28600 11 0.805403 21 0.0505283 0.161553 
28700 11 0.75123 16 0.0471156 0.148968 
28800 10 0.735927 19 0.0473411 0.145833 
28900 13 0.710352 19 0.0467891 0.139979 
29000 12 0.71147 20 0.0504639 0.143682 
29100 13 0.724053 22 0.0560681 0.15225 
29200 12 0.756557 22 0.0629362 0.165099 
29300 11 0.799936 25 0.0679048 0.177628 
29400 11 0.831068 22 0.0717489 0.187785 
29500 11 0.858863 18 0.0728826 0.194498 
29600 11 0.88817 15 0.0743327 0.202049 
29700 11 0.845636 15 0.0679442 0.189546 
29800 12 0.789894 19 0.0590117 0.17137 
29900 11 0.736325 20 0.055637 0.158786 
30000 11 0.729853 21 0.0573271 0.15901 
30100 12 0.690149 21 0.055874 0.151225 
30200 14 0.639441 20 0.050701 0.136738 
30300 11 0.583696 18 0.0445694 0.121163 
30400 11 0.563298 20 0.0415845 0.113899 
30500 11 0.54634 18 0.0406459 0.109718 
30600 11 0.549194 20 0.0424634 0.112052 
30700 13 0.576122 20 0.045014 0.118731 
30800 13 0.570734 19 0.0448693 0.117662 
30900 14 0.571622 21 0.0456701 0.117783 
31000 15 0.544555 19 0.03912 0.106348 
31100 14 0.520886 18 0.036661 0.100228 
31200 15 0.526331 18 0.0380169 0.101887 
31300 14 0.556926 20 0.0398375 0.107446 
31400 14 0.601298 20 0.0429337 0.117046 
31500 14 0.689158 23 0.0562182 0.145614 
31600 16 0.784788 27 0.0735022 0.180748 
31700 16 0.878276 28 0.0888797 0.212782 
31800 16 0.925287 28 0.0943046 0.225113 
31900 16 0.95523 28 0.0971241 0.23141 
32000 15 0.981622 28 0.0988944 0.237627 
32100 16 1.0295 35 0.107271 0.254931 
32200 17 1.10913 39 0.125827 0.291288 
32300 18 1.20006 30 0.155306 0.346199 
32400 20 1.34369 38 0.188815 0.412969 
32500 21 1.45127 39 0.214697 0.46439 
32600 20 1.57418 44 0.240522 0.521529 
32700 21 1.72734 45 0.267753 0.583868 
32800 19 1.82822 42 0.273053 0.606015 
32900 21 1.87794 47 0.268748 0.604587 
33000 24 1.86828 48 0.257629 0.586077 
33100 23 1.82205 45 0.244947 0.559416 
33200 23 1.80852 50 0.234533 0.544501 
33300 21 1.88916 44 0.229544 0.555063 
33400 23 1.99968 44 0.232215 0.580153 
33500 21 2.03877 51 0.226793 0.578432 
33600 20 1.99973 49 0.221734 0.562922 
33700 19 1.88052 51 0.218973 0.534363 
33800 18 1.7814 49 0.218856 0.514477 
33900 18 1.67555 54 0.217096 0.495042 
34000 20 1.60597 53 0.218494 0.486876 
34100 19 1.57917 45 0.218131 0.483232 
34200 19 1.63122 53 0.224845 0.499387 
34300 20 1.66764 52 0.227924 0.506942 
34400 20 1.66704 54 0.222545 0.498098 
34500 21 1.73013 61 0.226327 0.510101 
34600 21 1.79074 65 0.224413 0.515612 
34700 22 1.82318 63 0.224045 0.519398 
34800 22 1.84481 61 0.224751 0.523146 
34900 22 1.84322 53 0.227141 0.524367 
35000 22 1.86824 49 0.234486 0.535011 
35100 21 1.8676 53 0.233429 0.532306 
35200 23 1.8763 58 0.231579 0.532144 
35300 21 1.88086 65 0.229596 0.530529 
35400 23 1.92016 64 0.235623 0.543957 
35500 21 1.99359 58 0.253157 0.578352 
35600 24 2.03587 60 0.258803 0.590862 
35700 24 2.07539 63 0.262614 0.601456 
35800 24 2.10388 60 0.275316 0.621912 
35900 21 2.09579 60 0.281849 0.628924 
36000 21 2.05517 54 0.278273 0.618834 
36100 21 1.98943 52 0.264664 0.592891 
36200 21 1.9338 54 0.253447 0.570484 
36300 21 1.95086 49 0.253984 0.575852 
36400 21 2.0017 51 0.254691 0.58342 
36500 21 2.03742 50 0.256566 0.592188 
36600 22 2.11207 50 0.261776 0.610794 
36700 23 2.06295 60 0.257284 0.59785 
36800 22 1.97045 58 0.23623 0.556601 
36900 23 1.93754 61 0.237401 0.55299 
37000 23 1.89466 56 0.236313 0.547647 
37100 23 1.90678 56 0.240036 0.556385 
37200 24 1.90698 64 0.231594 0.547873 
37300 22 1.95591 62 0.233565 0.560463 
37400 22 2.00285 52 0.241419 0.577495 
37500 23 2.02805 58 0.251101 0.59561 
37600 22 2.09663 62 0.265324 0.623824 
37700 22 2.12884 62 0.266847 0.633381 
37800 22 2.12937 62 0.26565 0.633086 
37900 24 2.16451 59 0.270904 0.647371 
38000 25 2.14473 54 0.268226 0.64071 
38100 25 2.11625 59 0.266546 0.633034 
38200 24 2.06354 62 0.264548 0.620839 
38300 24 2.06631 62 0.269016 0.627326 
38400 24 2.09155 66 0.276024 0.639172 
38500 24 2.1074 71 0.282902 0.646265 
38600 25 2.13698 70 0.289543 0.655138 
38700 26 2.14718 70 0.295422 0.661583 
38800 25 2.14278 64 0.295411 0.660383 
38900 26 2.11871 66 0.288584 0.647048 
39000 25 2.10611 70 0.294035 0.650879 
39100 26 2.11565 72 0.297989 0.659116 
39200 29 2.1542 73 0.306753 0.677069 
39300 27 2.14021 74 0.301605 0.670101 
39400 28 2.12606 58 0.29831 0.660567 
39500 27 2.1176 59 0.295709 0.654888 
39600 26 2.09105 59 0.290589 0.643539 
39700 26 2.12317 57 0.293611 0.651735 
39800 26 2.12448 67 0.293805 0.64986 
39900 26 2.15099 71 0.298063 0.659336 
40000 25 2.22521 75 0.314703 0.694942 
40100 26 2.27337 75 0.323221 0.714147 
40200 27 2.29798 72 0.326795 0.722483 
40300 28 2.25266 69 0.32087 0.707918 
40400 26 2.17165 64 0.305543 0.676698 
40500 26 2.14215 69 0.302801 0.668443 
40600 26 2.09844 63 0.301586 0.660672 
40700 29 2.05677 63 0.303576 0.656332 
40800 29 2.02956 64 0.291524 0.634439 
40900 29 1.94513 77 0.270199 0.592466 
41000 30 1.87057 71 0.249861 0.555703 
41100 27 1.84737 68 0.238138 0.537919 
41200 26 1.79426 70 0.226202 0.513753 
41300 27 1.78863 71 0.225461 0.510325 
41400 25 1.75437 72 0.222384 0.498838 
41500 26 1.7386 67 0.220586 0.494126 
41600 26 1.74052 62 0.218991 0.492442 
41700 27 1.73933 68 0.223779 0.498413 
41800 28 1.76885 68 0.228738 0.507279 
41900 28 1.75448 70 0.230598 0.508271 
42000 27 1.74592 67 0.233526 0.511202 
42100 30 1.69746 72 0.225825 0.493823 
42200 28 1.61899 62 0.209163 0.46127 
42300 24 1.58503 60 0.199235 0.444486 
42400 23 1.57648 56 0.195661 0.440255 
42500 24 1.60899 59 0.193454 0.4469 
42600 25 1.70615 58 0.202087 0.474719 
42700 25 1.74562 61 0.199993 0.47792 
42800 25 1.74949 71 0.202413 0.480599 
42900 26 1.7224 61 0.205 0.479384 
43000 24 1.65779 58 0.201554 0.465356 
43100 24 1.61787 63 0.202511 0.460108 
43200 24 1.59057 67 0.202526 0.45492 
43300 23 1.52795 59 0.195123 0.435749 
43400 23 1.49354 52 0.196053 0.431572 
43500 23 1.44418 58 0.191982 0.41759 
43600 25 1.40069 61 0.188189 0.404873 
43700 24 1.36554 60 0.180255 0.387833 
43800 23 1.34762 54 0.176889 0.381106 
43900 23 1.3282 57 0.17338 0.375221 
44000 24 1.31144 57 0.173125 0.373707 
44100 26 1.28467 57 0.171889 0.369381 
44200 27 1.26172 56 0.163902 0.355154 
44300 25 1.2735 59 0.161804 0.35339 
44400 25 1.25622 62 0.156152 0.344265 
44500 24 1.23948 52 0.153438 0.33721 
44600 24 1.25165 61 0.151915 0.335197 
44700 24 1.24989 61 0.148459 0.329665 
44800 23 1.20872 65 0.14566 0.321173 
44900 24 1.16452 62 0.139561 0.307512 
45000 25 1.12455 59 0.131996 0.292898 
45100 24 1.07428 54 0.120421 0.272145 
45200 23 1.08873 62 0.118679 0.275006 
45300 25 1.1167 63 0.123738 0.288216 
45400 25 1.13447 63 0.125174 0.293237 
45500 25 1.1512 56 0.129617 0.301015 
45600 27 1.20569 58 0.141666 0.323954 
45700 26 1.28157 61 0.156949 0.358094 
45800 24 1.27109 60 0.159294 0.362266 
45900 24 1.24038 56 0.156808 0.35487 
46000 26 1.18849 58 0.153083 0.340952 
46100 25 1.12685 51 0.147241 0.323021 
46200 23 1.06156 36 0.136827 0.298993 
46300 23 1.01654 45 0.132195 0.285796 
46400 21 0.98252 42 0.123757 0.269066 
46500 19 0.96693 40 0.121766 0.26295 
46600 19 0.959007 39 0.119226 0.259075 
46700 20 0.947808 45 0.1184 0.257472 
46800 22 0.944729 41 0.118109 0.256959 
46900 22 0.913661 38 0.114369 0.248347 
47000 23 0.918535 39 0.115354 0.249581 
47100 22 0.941555 35 0.123597 0.263029 
47200 22 0.953965 41 0.123899 0.263971 
47300 20 0.943756 43 0.119023 0.255043 
47400 21 0.959483 43 0.123672 0.262579 
47500 22 0.986674 47 0.127601 0.270263 
47600 20 1.01094 45 0.133169 0.280614 
47700 22 1.0172 48 0.12978 0.276125 
47800 20 0.990457 51 0.123765 0.265304 
47900 17 0.969074 45 0.117935 0.257211 
48000 22 0.995785 54 0.1195 0.264452 
48100 19 0.976784 46 0.116131 0.258794 
48200 21 0.960179 40 0.114073 0.254158 
48300 20 0.937781 39 0.113957 0.251399 
48400 20 0.927344 39 0.117552 0.255856 
48500 20 0.908779 38 0.11845 0.254759 
48600 21 0.881145 40 0.119526 0.252038 
48700 20 0.840797 38 0.114675 0.240406 
48800 19 0.82929 36 0.119043 0.245901 
48900 19 0.824439 38 0.121387 0.25001 
49000 17 0.825821 40 0.120318 0.249612 
49100 18 0.833017 40 0.119595 0.249096 
49200 18 0.841332 38 0.120038 0.251756 
49300 19 0.833769 46 0.117075 0.246223 
49400 20 0.817753 41 0.112264 0.237782 
49500 20 0.817384 40 0.112361 0.236838 
49600 20 0.822991 40 0.113198 0.23903 
49700 22 0.805763 47 0.109277 0.231406 
49800 22 0.786018 42 0.10355 0.221122 
49900 20 0.739112 46 0.0987578 0.209933 
50000 20 0.683785 40 0.0937494 0.197227 
50100 21 0.64404 44 0.0885249 0.185886 
50200 20 0.642604 34 0.086739 0.182932 
50300 15 0.676066 31 0.0929986 0.196429 
50400 18 0.716339 28 0.102065 0.214049 
50500 20 0.77567 36 0.112404 0.23612 
50600 19 0.819295 41 0.119528 0.251044 
50700 19 0.809009 38 0.115365 0.242721 
50800 19 0.758583 36 0.103472 0.219227 
50900 16 0.706667 34 0.0920555 0.196012 
51000 18 0.654272 36 0.0827492 0.177235 
51100 18 0.629625 40 0.0724818 0.160414 
51200 17 0.593354 39 0.066913 0.149792 
51300 16 0.551728 36 0.0625049 0.139482 
51400 17 0.533768 37 0.061484 0.135953 
51500 15 0.545634 32 0.0609462 0.13699 
51600 16 0.548111 35 0.0604762 0.137677 
51700 18 0.548172 34 0.0595303 0.136382 
51800 16 0.573954 32 0.0629071 0.143831 
51900 18 0.572126 33 0.0610775 0.141016 
52000 16 0.554289 33 0.0606862 0.138177 
52100 16 0.553531 36 0.0668216 0.147197 
52200 16 0.578645 37 0.0732292 0.160411 
52300 16 0.592568 34 0.0767138 0.166814 
52400 19 0.612453 35 0.0798708 0.172499 
52500 18 0.622659 36 0.0818918 0.175682 
52600 19 0.612256 35 0.0750544 0.162895 
52700 18 0.606501 36 0.0751507 0.161643 
52800 18 0.570926 36 0.0721026 0.15333 
52900 18 0.560272 36 0.0733531 0.154384 
53000 17 0.539519 32 0.0724489 0.150892 
53100 16 0.533063 29 0.0699972 0.146825 
53200 16 0.515705 30 0.0627997 0.134075 
53300 16 0.505076 26 0.0598178 0.128473 
53400 18 0.470208 25 0.0558019 0.119221 
53500 19 0.45018 27 0.0527465 0.112641 
53600 17 0.432466 29 0.0503939 0.107438 
53700 18 0.413906 32 0.0464395 0.0998356 
53800 17 0.380802 26 0.0442412 0.0935677 
53900 18 0.3795 26 0.0445821 0.0934262 
54000 18 0.412418 22 0.0488135 0.102649 
54100 17 0.406295 27 0.0469527 0.0997048 
54200 16 0.418512 25 0.0474341 0.101775 
54300 16 0.45289 28 0.0500783 0.1088 
54400 18 0.444687 29 0.0484359 0.105074 
54500 16 0.426815 26 0.0427553 0.095623 
54600 16 0.397724 24 0.0401858 0.0889353 
54700 16 0.374103 26 0.038941 0.0848146 
54800 16 0.354389 22 0.0389169 0.0824353 
54900 17 0.365024 22 0.0426601 0.0888933 
55000 19 0.39297 28 0.0493585 0.10063 
55100 19 0.428033 27 0.0565082 0.114394 
55200 19 0.458396 27 0.0625259 0.125547 
55300 19 0.481751 29 0.064734 0.131072 
55400 20 0.526257 34 0.0711587 0.144665 
55500 19 0.542814 31 0.0759912 0.153703 
55600 19 0.548881 31 0.0772163 0.156219 
55700 19 0.540873 38 0.0745595 0.151929 
55800 18 0.513456 30 0.0670928 0.138893 
55900 19 0.473487 30 0.058335 0.122526 
56000 19 0.461957 31 0.0565798 0.118541 
56100 19 0.471521 31 0.0583214 0.12179 
56200 20 0.488296 38 0.0561699 0.12052 
56300 19 0.489582 35 0.0552064 0.119264 
56400 20 0.469932 31 0.0485723 0.107861 
56500 18 0.467902 32 0.0462152 0.104145 
56600 19 0.452833 34 0.0441673 0.0996146 
56700 19 0.432633 34 0.0420274 0.0946835 
56800 19 0.408541 32 0.0384312 0.087119 
56900 18 0.402361 28 0.0382565 0.0862785 
57000 17 0.37766 26 0.0359671 0.0801868 
57100 16 0.338005 27 0.0297886 0.0681998 
57200 15 0.331701 21 0.0287637 0.06606 
57300 15 0.347433 20 0.0296006 0.0688896 
57400 15 0.354303 23 0.0313066 0.0715404 
57500 13 0.383002 22 0.0348907 0.0795441 
57600 14 0.399863 27 0.0383276 0.0857356 
57700 13 0.394261 22 0.0405695 0.0883507 
57800 13 0.404489 25 0.0444506 0.0952043 
57900 13 0.397754 22 0.0449699 0.0959608 
58000 14 0.392609 26 0.0454471 0.0964961 
58100 15 0.375827 31 0.0424865 0.09083 
58200 15 0.368783 27 0.0384073 0.0840403 
58300 14 0.328235 28 0.0313516 0.0699367 
58400 14 0.292609 27 0.0262732 0.0595646 
58500 13 0.269408 23 0.0241938 0.0545761 
58600 13 0.272352 18 0.024629 0.0554232 
58700 13 0.265724 20 0.0233191 0.0529185 
58800 13 0.260971 22 0.0215745 0.0504616 
58900 13 0.251422 19 0.0194417 0.0468067 
59000 13 0.27018 20 0.0189928 0.0483634 
59100 14 0.295094 21 0.0204022 0.0530727 
59200 13 0.280944 20 0.0193468 0.0502137 
59300 13 0.272559 20 0.0186269 0.0485956 
59400 13 0.267193 19 0.0170954 0.0471383 
59500 12 0.293253 18 0.0178472 0.0526941 
59600 13 0.298754 20 0.0183394 0.0538245 
59700 13 0.286532 25 0.0185879 0.0520607 
59800 12 0.261671 23 0.017697 0.0475643 
59900 13 0.254564 26 0.0182048 0.0468822 
60000 13 0.267629 23 0.021627 0.0519951 
60100 13 0.263047 20 0.0208409 0.050116 
60200 13 0.252051 19 0.0172426 0.0448903 
60300 13 0.270372 18 0.0157484 0.0458062 
60400 14 0.271401 21 0.0131016 0.0433937 
60500 14 0.278742 22 0.012789 0.044079 
60600 12 0.256927 19 0.0109893 0.0394887 
60700 11 0.245936 19 0.0108052 0.0374513 
60800 11 0.238828 20 0.0102529 0.0357453 
60900 12 0.255868 18 0.0113421 0.0387828 
61000 11 0.291575 20 0.0120257 0.0442679 
61100 11 0.298005 18 0.0122763 0.045506 
61200 10 0.296732 16 0.0125875 0.0457445 
61300 11 0.262286 16 0.0110422 0.0394836 
61400 11 0.233707 17 0.0101264 0.0348009 
61500 11 0.19545 19 0.00833669 0.0283773 
61600 11 0.175513 17 0.0075425 0.025252 
61700 11 0.15118 17 0.00624652 0.0213077 
61800 10 0.142827 17 0.00591603 0.0203042 
61900 11 0.130554 17 0.00565164 0.0189658 
62000 12 0.137355 18 0.0067292 0.0209055 
62100 12 0.130444 17 0.00645597 0.0198629 
62200 10 0.121102 14 0.00663337 0.019089 
62300 11 0.102503 15 0.00492227 0.0154778 
62400 10 0.0938021 14 0.00424962 0.0138114 
62500 9 0.0833939 10 0.00371076 0.012062 
62600 9 0.0815952 10 0.0032516 0.0112206 
62700 11 0.0840861 12 0.00382999 0.0119946 
62800 11 0.0880032 13 0.00451638 0.0131666 
62900 11 0.0862325 14 0.00518991 0.0138639 
63000 11 0.100107 13 0.00736044 0.0180553 
63100 11 0.132073 13 0.0120256 0.027281 
63200 11 0.165783 12 0.0171688 0.0376821 
63300 13 0.207262 16 0.0234508 0.0509447 
63400 13 0.247869 15 0.0280282 0.0614709 
63500 14 0.279238 16 0.0312596 0.0690439 
63600 13 0.266731 14 0.029401 0.0651766 
63700 12 0.22606 15 0.0222584 0.050902 
63800 12 0.182371 16 0.015593 0.0369026 
63900 11 0.158357 15 0.0136694 0.0318889 
64000 11 0.126808 15 0.0110849 0.0253127 
64100 12 0.108316 14 0.00957472 0.021587 
64200 11 0.100701 14 0.00900262 0.0198155 
64300 10 0.0995218 12 0.0081273 0.0186352 
64400 10 0.0941708 11 0.00624002 0.0157836 
64500 10 0.0919942 10 0.00643357 0.0159212 
64600 10 0.0807193 10 0.00588276 0.0144013 
64700 10 0.082237 10 0.00726607 0.0163226 
64800 10 0.0934015 10 0.00876092 0.019456 
64900 10 0.113774 10 0.0114651 0.0250806 
65000 12 0.122517 15 0.0121087 0.0269022 
65100 11 0.136659 15 0.0135368 0.030014 
65200 11 0.163117 16 0.0174313 0.0378757 
65300 12 0.190555 15 0.0210639 0.0455638 
65400 14 0.249815 18 0.0296734 0.063807 
65500 15 0.323191 21 0.0391727 0.0859288 
65600 15 0.389593 21 0.0476533 0.106428 
65700 15 0.448872 20 0.0539502 0.122756 
65800 15 0.492565 23 0.0583762 0.136097 
65900 16 0.507133 26 0.0581891 0.138524 
66000 16 0.507311 25 0.0570438 0.137956 
66100 15 0.513855 25 0.0593172 0.1421 
66200 17 0.517879 24 0.0631641 0.14879 
66300 17 0.534733 25 0.0669443 0.155381 
66400 16 0.508896 29 0.0637206 0.146189 
66500 17 0.484741 27 0.0611716 0.137975 
66600 19 0.445158 28 0.0524666 0.119661 
66700 17 0.385742 27 0.0430819 0.0990326 
66800 18 0.328653 28 0.0348146 0.0796855 
66900 16 0.281947 23 0.0294771 0.0661308 
67000 16 0.27098 24 0.0279477 0.0622161 
67100 15 0.254625 21 0.0255568 0.0569218 
67200 12 0.247319 16 0.0262015 0.0575842 
67300 13 0.26345 17 0.0304687 0.0657431 
67400 12 0.304553 18 0.041862 0.089028 
67500 15 0.408858 25 0.0681419 0.143129 
67600 15 0.478873 27 0.0872626 0.181592 
67700 17 0.488369 28 0.0876172 0.181359 
67800 17 0.435844 27 0.0715007 0.147839 
67900 18 0.40033 32 0.0593758 0.12354 
68000 18 0.426417 30 0.0642464 0.131814 
68100 18 0.480603 31 0.0763965 0.155476 
68200 18 0.481684 31 0.0760205 0.155108 
68300 15 0.401719 26 0.0601963 0.123188 
68400 16 0.299882 23 0.0388858 0.0808682 
68500 16 0.239564 23 0.0282849 0.0594911 
68600 16 0.204364 23 0.0230247 0.0484754 
68700 14 0.174974 22 0.0184111 0.0390713 
68800 14 0.177788 21 0.01745 0.0379996 
68900 14 0.185627 22 0.0174701 0.0388174 
69000 14 0.202789 21 0.0197553 0.0432615 
69100 13 0.238148 21 0.0256573 0.0549442 
69200 12 0.267885 23 0.0316089 0.0668857 
69300 12 0.284641 20 0.0345941 0.0728796 
69400 13 0.310123 22 0.0379069 0.0791667 
69500 13 0.332118 27 0.0399376 0.0840183 
69600 13 0.378565 28 0.0463092 0.097472 
69700 14 0.445792 29 0.056193 0.117909 
69800 13 0.488179 25 0.0634545 0.132002 
69900 13 0.489564 26 0.064287 0.133096 
70000 14 0.515436 28 0.0699526 0.143786 
70100 14 0.57019 27 0.0778741 0.160625 
70200 15 0.640045 26 0.089153 0.184874 
70300 16 0.73143 32 0.106819 0.221844 
70400 14 0.831268 31 0.125367 0.262737 
70500 13 0.90842 25 0.133868 0.287677 
70600 15 0.989892 29 0.141988 0.313868 
70700 14 0.961187 26 0.137551 0.303681 
70800 14 0.84369 22 0.118647 0.25862 
70900 13 0.641676 21 0.0878254 0.186659 
71000 13 0.483478 24 0.0633993 0.132731 
71100 13 0.395611 25 0.0472845 0.0999877 
71200 14 0.332702 26 0.03908 0.0820392 
71300 14 0.302314 24 0.0329872 0.0704915 
71400 14 0.307991 24 0.0300643 0.0673443 
71500 15 0.309347 25 0.0300305 0.066986 
71600 15 0.313418 23 0.0304095 0.0678032 
71700 14 0.304112 23 0.0285692 0.0640465 
71800 14 0.284125 20 0.0271568 0.0604777 
71900 14 0.261862 19 0.0253376 0.0557604 
72000 14 0.242893 20 0.0230908 0.0508507 
72100 14 0.21977 22 0.0195413 0.0436206 
72200 14 0.205453 21 0.018857 0.041275 
72300 13 0.187758 17 0.0164543 0.0362912 
72400 14 0.180171 17 0.015261 0.0342411 
72500 15 0.187657 19 0.0160446 0.0360838 
72600 14 0.194225 16 0.0172132 0.0382223 
72700 13 0.198067 16 0.0177719 0.0390432 
72800 14 0.204266 20 0.018108 0.0403661 
72900 14 0.218945 23 0.0202721 0.0446816 
73000 14 0.25025 20 0.0247093 0.0536543 
73100 16 0.27535 22 0.0294857 0.0624088 
73200 15 0.300277 23 0.0339096 0.0710904 
73300 18 0.304926 24 0.0350795 0.0730053 
73400 17 0.321224 23 0.0367943 0.0771979 
73500 14 0.309361 19 0.0352408 0.0742427 
73600 14 0.294347 20 0.0331152 0.0703429 
73700 15 0.297525 24 0.0343014 0.0729241 
73800 14 0.321353 24 0.0381068 0.0802763 
73900 14 0.328237 27 0.0394396 0.0836584 
74000 14 0.331095 27 0.0395724 0.0838301 
74100 13 0.323098 23 0.0401577 0.0837491 
74200 14 0.33788 28 0.0435266 0.0898455 
74300 14 0.315106 25 0.0402677 0.0826092 
74400 15 0.291317 28 0.0369941 0.0754186 
74500 14 0.260964 28 0.032452 0.0664055 
74600 14 0.237376 28 0.0293465 0.0597762 
74700 12 0.214281 23 0.0254132 0.05238 
74800 11 0.194369 25 0.0227384 0.0469317 
74900 10 0.161083 22 0.0185714 0.0384427 
75000 11 0.140701 21 0.0167622 0.0344841 
