6 4 4 4 4 -1 -1 6 33 -1 5 5 -1 41 6 -1 -1 -1 6 4 
-1 4 4 -1 -1 -1 33 -1 33 33 -1 -1 41 41 41 6 -1 -1 6 6 
-1 -1 -1 -1 -1 6 33 33 33 33 6 5 41 41 41 7 -1 7 6 6 
4 -1 -1 6 6 -1 33 33 33 33 4 6 41 41 41 -1 41 -1 7 4 
-1 33 -1 6 6 -1 4 33 33 33 -1 6 41 41 41 7 41 7 7 7 
33 33 -1 33 6 -1 4 4 33 6 6 6 -1 41 41 7 41 6 1 41 
33 33 33 -1 6 6 6 6 6 6 6 6 -1 41 41 41 41 41 41 4 
33 33 32 33 -1 6 6 9 9 -1 9 -1 -1 -1 -1 41 41 41 4 41 
33 41 -1 32 5 32 5 9 9 9 4 4 4 4 41 41 41 -1 41 4 
-1 41 41 32 32 32 33 5 9 9 4 4 4 4 41 -1 -1 41 4 -1 
-1 33 4 32 32 5 33 5 33 -1 -1 4 33 4 4 -1 -1 41 41 -1 
-1 4 33 -1 -1 -1 5 33 33 33 33 4 33 4 4 -1 -1 5 -1 4 
4 2 -1 -1 -1 -1 5 -1 33 33 33 -1 -1 -1 4 -1 -1 -1 5 -1 
4 4 4 -1 -1 -1 -1 -1 33 33 32 -1 -1 4 6 -1 -1 4 4 4 
-1 -1 4 2 2 4 -1 -1 33 33 33 32 -1 -1 33 41 33 33 -1 33 
4 4 -1 2 4 2 4 33 33 2 33 -1 -1 33 33 -1 33 33 33 4 
33 33 2 2 4 4 33 33 -1 -1 33 33 33 33 -1 4 33 33 33 4 
33 4 6 -1 4 4 -1 -1 -1 33 -1 33 33 33 33 4 32 40 33 33 
33 -1 6 6 4 6 6 33 33 33 33 -1 33 33 9 40 9 40 -1 33 
33 -1 6 -1 6 6 6 6 6 33 33 5 3 3 33 9 -1 33 4 33 
8 1 8 1 -1 2 -1 -1 32 32 4 -1 4 32 9 -1 32 8 8 8 
8 8 -1 8 1 -1 3 1 32 -1 4 4 4 -1 32 -1 32 32 8 8 
9 4 8 -1 8 33 4 3 1 -1 -1 -1 4 32 32 4 8 -1 8 -1 
9 9 4 -1 -1 4 7 3 7 7 6 -1 32 2 32 4 5 8 -1 -1 
9 9 4 4 4 7 4 7 7 7 7 7 -1 -1 4 5 -1 -1 -1 -1 
-1 -1 4 4 4 33 3 7 7 7 7 5 5 4 -1 7 -1 8 4 4 
4 -1 4 4 4 7 7 7 7 7 5 -1 7 -1 -1 -1 7 4 8 4 
4 -1 4 4 33 4 7 7 -1 -1 -1 5 5 2 2 4 4 -1 -1 4 
4 4 -1 33 4 5 5 -1 4 -1 5 -1 -1 -1 2 4 -1 2 4 4 
-1 33 33 -1 33 -1 2 2 -1 -1 2 2 2 2 -1 4 -1 2 4 2 
-1 32 33 4 4 4 2 2 2 2 2 2 2 2 2 4 -1 2 2 -1 
-1 32 32 -1 4 -1 -1 -1 33 2 2 2 2 2 2 2 4 4 2 -1 
4 -1 4 4 -1 4 2 4 4 4 2 2 2 -1 2 2 2 2 -1 -1 
4 4 4 2 2 4 4 4 4 4 4 4 4 2 4 2 -1 8 4 4 
-1 4 2 -1 2 -1 -1 4 -1 4 4 -1 4 4 -1 4 -1 -1 8 8 
8 -1 -1 -1 3 9 4 4 4 4 4 -1 4 4 4 4 -1 8 8 8 
-1 -1 8 -1 2 9 4 9 4 -1 4 4 4 4 33 4 4 8 -1 -1 
8 8 -1 8 9 9 9 -1 33 4 4 33 4 33 -1 1 -1 8 8 8 
8 -1 -1 4 4 -1 -1 2 -1 33 33 33 -1 -1 1 1 8 8 -1 8 
8 8 -1 4 4 8 2 -1 3 -1 4 -1 -1 32 9 8 -1 -1 -1 -1 
-1 -1 -1 4 4 5 -1 2 -1 4 4 -1 4 -1 4 -1 -1 -1 -1 -1 
4 2 -1 2 5 -1 5 4 4 2 4 4 2 4 -1 4 4 4 4 4 
-1 2 2 -1 4 -1 4 4 4 4 2 2 4 -1 8 4 -1 4 4 4 
-1 2 2 2 4 -1 -1 2 -1 4 2 -1 -1 -1 8 8 8 4 -1 -1 
6 2 4 4 -1 2 -1 4 -1 2 -1 -1 8 8 8 8 4 4 6 6 
-1 6 4 4 4 2 -1 4 -1 -1 4 4 8 8 8 8 5 4 5 -1 
4 4 2 2 2 4 2 4 4 -1 -1 8 8 8 8 8 -1 4 4 1 
4 4 2 4 4 2 2 4 4 4 4 8 8 8 5 8 8 8 4 4 
4 -1 4 4 2 -1 -1 2 -1 4 4 -1 4 8 4 8 4 4 4 4 
4 4 -1 -1 -1 -1 -1 2 4 4 -1 -1 9 8 4 -1 4 4 4 4 
-1 -1 4 -1 4 -1 2 -1 2 4 4 4 9 8 33 5 5 4 4 4 
4 -1 4 4 -1 4 4 4 4 -1 4 9 -1 8 5 4 4 4 4 4 
4 4 4 -1 4 4 -1 4 4 4 2 33 33 8 -1 4 4 4 4 4 
4 4 4 4 4 4 4 4 4 7 9 33 33 -1 33 -1 4 4 33 4 
-1 4 4 4 4 4 -1 -1 4 5 7 9 33 33 33 -1 -1 -1 33 33 
33 -1 4 4 5 -1 4 -1 5 5 -1 33 1 33 33 33 3 -1 -1 -1 
4 5 5 -1 4 5 5 5 5 5 5 -1 -1 33 33 33 33 33 4 4 
-1 5 -1 4 5 5 5 -1 2 -1 2 -1 -1 -1 33 -1 -1 33 4 4 
-1 -1 5 -1 -1 5 4 4 4 2 4 4 -1 -1 -1 33 -1 33 -1 -1 
-1 -1 -1 -1 -1 -1 -1 -1 2 4 4 4 -1 4 -1 -1 4 33 -1 -1 
-1 4 -1 4 -1 2 2 -1 -1 -1 4 4 4 4 -1 4 5 4 5 5 
-1 4 4 -1 -1 -1 -1 -1 -1 -1 -1 4 -1 4 -1 4 -1 4 -1 5 
33 4 2 33 2 -1 2 2 -1 -1 4 4 4 -1 33 -1 -1 -1 4 5 
33 33 33 2 33 2 -1 -1 2 5 -1 4 -1 -1 -1 2 -1 -1 4 5 
33 5 -1 2 33 33 -1 2 2 5 7 -1 33 33 -1 -1 2 -1 -1 33 
33 33 -1 33 33 -1 2 2 2 2 2 -1 33 -1 -1 2 -1 -1 33 -1 
33 4 4 33 4 33 3 2 2 2 2 2 -1 -1 -1 33 33 -1 33 33 
33 4 4 -1 4 4 4 2 -1 2 2 4 2 -1 -1 -1 33 33 33 33 
33 33 33 4 -1 -1 4 -1 -1 2 8 2 4 -1 33 33 -1 33 4 33 
2 2 4 8 4 -1 4 4 8 8 2 -1 2 2 2 -1 2 -1 33 33 
33 2 2 4 -1 -1 -1 -1 8 8 -1 2 2 2 -1 2 -1 -1 33 33 
-1 -1 2 2 4 8 8 -1 8 4 -1 2 2 4 2 2 -1 -1 4 33 
-1 -1 2 2 -1 8 2 4 -1 4 4 8 4 -1 4 -1 -1 2 4 2 
2 4 33 -1 2 2 -1 -1 4 4 4 -1 -1 4 8 2 2 -1 3 2 
2 2 4 33 33 2 -1 2 4 2 8 -1 8 8 -1 2 2 -1 -1 2 
4 4 4 33 33 -1 2 2 2 -1 8 8 8 -1 -1 -1 -1 -1 -1 2 
5 5 -1 33 2 2 -1 -1 2 2 -1 4 -1 32 -1 -1 -1 2 -1 5 
5 -1 -1 -1 -1 -1 -1 2 4 4 -1 -1 4 -1 32 2 2 -1 -1 4 
4 -1 2 2 2 1 1 -1 -1 2 4 4 -1 4 -1 2 2 2 2 4 
-1 -1 2 2 2 2 1 1 2 2 4 4 4 4 5 2 5 -1 4 5 
-1 4 4 4 4 4 2 33 2 -1 2 -1 2 6 2 2 2 -1 2 -1 
4 4 4 4 4 -1 33 2 2 2 2 2 6 2 2 -1 2 2 2 4 
4 4 4 4 33 33 33 33 33 -1 2 2 6 2 2 2 -1 2 2 2 
4 4 4 4 33 33 33 33 2 2 2 2 2 -1 2 2 2 -1 2 4 
4 4 4 33 33 -1 -1 2 2 -1 6 6 6 2 2 2 6 6 6 4 
-1 -1 4 33 -1 -1 2 6 -1 6 6 6 -1 2 2 2 -1 4 6 6 
-1 -1 -1 33 33 2 2 2 2 6 6 6 2 2 -1 -1 -1 -1 4 2 
2 -1 41 41 -1 2 2 -1 2 2 -1 2 6 -1 4 4 4 -1 -1 2 
2 33 41 -1 2 2 -1 2 -1 -1 -1 2 2 -1 4 -1 4 33 33 -1 
33 2 33 -1 2 2 2 -1 2 -1 2 2 2 -1 4 2 33 33 -1 2 
-1 33 33 -1 4 4 4 4 4 4 33 2 33 4 2 -1 4 4 -1 -1 
-1 -1 4 4 4 -1 -1 4 4 33 -1 4 4 4 33 33 4 33 33 -1 
-1 -1 4 -1 -1 -1 -1 -1 1 -1 4 4 -1 4 2 33 3 -1 33 2 
8 8 8 -1 -1 -1 -1 2 -1 -1 4 2 -1 4 4 -1 -1 4 3 -1 
2 8 8 2 -1 2 4 2 2 2 2 2 -1 -1 -1 -1 4 -1 -1 2 
2 8 8 2 2 4 4 4 -1 2 2 2 -1 2 4 4 -1 4 4 -1 
2 8 8 -1 -1 -1 4 4 -1 2 2 2 -1 4 2 2 4 -1 2 2 
2 -1 -1 -1 -1 4 4 4 -1 2 2 2 2 2 2 2 4 4 2 2 
4 4 -1 -1 4 4 2 2 -1 -1 2 2 2 2 4 2 4 2 2 -1 
-1 4 4 4 4 2 -1 -1 2 2 2 2 2 2 4 4 2 -1 -1 -1 
2 2 4 2 -1 2 2 -1 -1 6 44 33 33 -1 4 -1 -1 -1 -1 4 
2 2 2 4 -1 2 2 2 -1 -1 -1 44 -1 -1 -1 2 -1 -1 4 -1 
4 2 -1 2 4 -1 2 -1 -1 -1 -1 4 5 2 2 2 2 4 4 4 
2 2 2 -1 2 2 2 2 -1 -1 33 -1 5 4 2 2 2 2 4 4 
2 2 2 2 2 2 2 2 6 4 4 33 -1 -1 6 6 -1 2 4 2 
-1 2 2 -1 2 2 2 4 4 4 4 4 -1 2 2 -1 4 6 2 2 
-1 2 2 2 2 2 2 -1 -1 4 -1 4 -1 2 4 2 6 -1 6 2 
2 2 2 2 2 -1 2 -1 6 2 6 6 -1 4 4 -1 -1 4 2 -1 
-1 2 -1 2 -1 2 -1 2 2 2 6 6 -1 4 4 6 2 4 2 2 
-1 2 2 2 -1 2 -1 2 2 2 6 6 4 -1 4 4 6 2 2 -1 
-1 4 2 -1 2 41 2 2 2 6 6 6 2 4 4 -1 4 -1 2 2 
2 4 -1 4 4 2 2 2 2 2 6 2 4 -1 4 4 -1 -1 2 2 
4 2 -1 -1 4 2 2 2 2 2 -1 -1 -1 4 4 -1 -1 4 4 2 
2 2 2 2 -1 2 44 2 4 2 41 -1 2 2 2 44 4 4 -1 4 
2 2 2 -1 -1 -1 -1 44 44 2 -1 5 5 2 2 -1 4 4 -1 2 
2 4 4 4 -1 -1 -1 44 44 -1 44 44 5 2 4 4 4 4 4 4 
2 4 4 4 -1 -1 44 44 44 44 44 44 44 44 44 4 4 -1 34 4 
2 4 4 4 -1 -1 4 2 44 -1 -1 44 4 33 4 4 4 34 34 34 
4 4 4 -1 -1 4 2 6 2 44 33 36 44 33 33 -1 -1 34 34 2 
-1 4 -1 4 4 -1 -1 2 6 6 -1 33 33 33 33 4 -1 -1 4 4 
4 4 4 -1 4 4 4 2 4 4 4 4 1 -1 4 4 4 4 -1 4 
-1 4 -1 4 4 -1 4 -1 -1 4 4 4 -1 -1 4 8 4 4 4 -1 
-1 -1 4 4 4 -1 -1 4 4 4 -1 4 4 4 -1 4 8 -1 4 -1 
4 -1 4 -1 -1 4 -1 4 4 4 -1 -1 -1 -1 4 4 4 4 4 4 
4 4 4 5 4 -1 2 6 4 4 4 -1 -1 -1 4 4 4 -1 4 4 
-1 4 4 5 2 2 -1 -1 4 -1 4 4 4 4 4 4 4 4 4 -1 
4 4 4 4 2 2 2 -1 2 2 4 4 4 4 4 4 4 4 4 4 
-1 -1 -1 5 2 2 2 2 2 2 2 4 4 4 4 4 4 -1 4 4 
-1 4 -1 -1 -1 2 2 2 2 2 2 2 4 2 2 4 4 4 4 4 
-1 4 4 4 -1 4 2 -1 2 2 2 2 2 -1 2 2 4 4 4 4 
4 4 -1 4 2 -1 4 4 -1 2 -1 2 2 2 4 2 4 -1 -1 -1 
4 4 4 4 4 4 4 4 34 34 2 2 2 -1 2 4 4 -1 4 4 
-1 -1 4 4 4 -1 4 4 34 34 -1 -1 -1 -1 4 4 -1 -1 -1 -1 
-1 4 -1 4 4 4 4 4 4 -1 35 35 38 -1 4 -1 36 -1 -1 -1 
-1 -1 4 4 -1 -1 4 4 36 -1 -1 38 38 -1 2 34 -1 -1 4 -1 
-1 4 4 4 4 4 4 36 36 -1 -1 -1 -1 34 2 2 36 36 -1 4 
-1 -1 4 4 4 4 -1 4 36 -1 -1 -1 -1 -1 -1 2 2 4 4 -1 
-1 -1 -1 4 -1 -1 4 4 -1 -1 4 4 1 -1 2 2 2 2 -1 -1 
4 9 -1 -1 4 4 4 -1 4 -1 4 4 1 -1 -1 -1 4 4 -1 -1 
-1 4 4 4 4 4 4 4 4 4 2 1 -1 -1 -1 4 4 4 4 -1 
4 -1 4 4 4 4 4 4 4 5 4 -1 4 4 -1 4 5 4 4 4 
-1 2 4 4 4 4 4 -1 5 -1 5 5 -1 4 4 4 5 2 4 -1 
2 73 -1 73 -1 -1 4 5 -1 5 5 -1 -1 4 4 -1 4 4 5 4 
-1 73 73 73 73 -1 -1 4 4 -1 -1 4 4 4 -1 4 5 4 4 4 
8 -1 32 73 4 4 32 4 4 4 -1 2 5 -1 5 5 5 4 8 8 
9 -1 -1 32 73 32 -1 32 32 -1 4 5 5 5 -1 5 4 8 -1 8 
8 8 32 32 32 32 32 32 32 32 -1 5 5 5 5 5 4 -1 -1 -1 
-1 9 -1 32 -1 -1 32 32 32 32 -1 -1 4 4 5 5 -1 -1 -1 2 
9 9 9 32 32 4 32 4 32 32 -1 5 5 4 5 -1 4 4 4 4 
-1 -1 32 4 32 32 4 4 6 6 5 -1 -1 -1 4 4 4 4 4 4 
32 32 4 32 4 32 32 -1 32 -1 6 4 8 8 5 4 5 4 -1 32 
4 4 4 4 4 -1 -1 4 4 4 -1 32 8 4 5 4 4 -1 4 4 
4 -1 4 -1 -1 -1 4 -1 4 4 4 32 4 -1 -1 -1 -1 4 4 -1 
4 4 4 4 -1 4 -1 -1 4 4 4 4 32 4 4 -1 -1 -1 -1 4 
4 4 4 4 -1 4 4 -1 4 -1 4 4 4 4 -1 -1 4 -1 4 4 
4 4 4 4 4 4 2 4 4 -1 4 4 4 4 4 4 4 4 4 4 
4 4 4 4 -1 -1 -1 -1 -1 4 4 4 4 4 4 4 4 4 -1 4 
4 4 4 4 -1 -1 -1 4 -1 4 4 4 4 4 -1 1 1 4 -1 4 
4 -1 4 4 4 2 4 4 4 4 4 4 4 4 4 4 4 4 4 4 
4 4 -1 4 4 -1 4 4 4 4 4 4 4 4 4 4 4 4 4 4 
-1 -1 -1 -1 4 4 4 4 4 4 4 -1 4 4 4 4 4 -1 -1 -1 
-1 4 -1 -1 4 4 4 4 4 4 41 41 -1 4 6 -1 4 -1 -1 4 
4 4 4 4 4 4 4 4 -1 4 4 4 -1 6 4 4 -1 -1 4 4 
4 4 4 4 -1 -1 4 4 4 41 -1 4 4 6 6 4 4 4 4 32 
32 4 4 6 6 6 4 4 4 4 4 4 6 4 -1 4 4 4 -1 4 
-1 -1 32 6 32 4 4 4 -1 4 4 4 4 4 4 4 4 -1 32 -1 
32 4 32 32 32 32 4 4 4 4 4 4 4 4 -1 -1 32 40 32 -1 
32 32 32 4 32 4 4 32 4 32 4 2 -1 6 4 32 32 40 32 32 
4 -1 32 -1 4 4 4 4 32 32 32 4 4 4 4 32 -1 32 32 4 
4 -1 -1 4 4 -1 4 4 -1 4 32 4 4 4 4 -1 4 32 -1 4 
4 -1 -1 4 4 4 -1 -1 4 -1 4 4 4 4 33 4 4 4 4 4 
4 -1 -1 4 4 4 5 -1 -1 4 4 4 -1 4 33 4 4 4 4 4 
-1 -1 4 4 4 4 -1 -1 -1 4 -1 -1 6 6 4 4 4 4 4 4 
-1 -1 -1 -1 4 4 32 -1 32 32 4 4 4 6 4 4 4 4 4 -1 
4 4 4 4 32 4 32 32 32 4 4 6 6 4 4 -1 4 4 4 4 
4 -1 4 4 4 4 4 32 32 32 32 4 4 6 6 -1 -1 4 4 4 
4 4 4 -1 4 4 -1 6 6 -1 4 4 4 4 -1 -1 -1 -1 8 -1 
4 4 4 4 4 4 4 4 6 6 6 6 -1 4 4 -1 -1 4 4 8 
8 4 4 4 4 4 4 4 4 4 6 -1 4 4 4 -1 4 4 4 -1 
8 8 4 4 -1 4 4 4 4 4 6 -1 -1 4 -1 4 4 4 4 4 
33 33 4 33 41 41 41 -1 33 -1 33 4 4 -1 -1 -1 33 4 -1 33 
33 -1 1 -1 -1 41 -1 33 33 33 1 4 -1 -1 -1 33 4 4 4 33 
33 1 1 -1 41 -1 -1 -1 1 1 1 4 4 1 -1 4 3 4 1 1 
1 1 1 41 4 4 4 4 1 1 1 4 -1 1 1 4 3 -1 1 1 
33 1 -1 4 4 -1 4 -1 -1 1 -1 -1 -1 1 3 3 3 3 3 1 
33 1 1 4 -1 -1 33 -1 33 -1 -1 -1 -1 3 3 41 3 3 1 33 
4 33 1 4 33 33 33 33 33 32 -1 -1 -1 4 3 3 1 3 3 33 
33 -1 1 33 33 33 33 33 33 33 33 -1 4 4 -1 -1 1 3 33 -1 
2 2 -1 33 33 6 33 33 33 4 33 33 33 4 4 1 -1 3 8 -1 
2 2 -1 33 33 -1 33 33 33 33 4 4 4 4 4 4 4 -1 3 2 
8 4 -1 -1 4 33 -1 33 33 -1 2 4 4 4 4 4 -1 4 4 8 
4 4 -1 4 33 4 4 4 4 4 -1 -1 4 4 -1 4 4 4 -1 -1 
4 4 4 -1 -1 33 4 4 4 4 4 4 4 4 4 4 -1 4 -1 -1 
4 4 4 33 -1 -1 33 4 4 4 4 4 -1 4 -1 4 4 -1 4 4 
4 4 33 41 33 33 33 4 -1 4 4 4 -1 -1 4 4 8 8 8 4 
33 33 33 -1 41 33 33 4 4 4 4 4 4 4 6 8 -1 -1 8 8 
8 33 33 33 33 33 4 4 4 4 4 4 4 4 6 8 8 8 8 -1 
33 8 33 33 33 41 4 4 -1 -1 4 -1 4 4 6 -1 4 -1 33 -1 
33 4 -1 33 33 33 -1 41 -1 4 4 4 4 -1 -1 -1 4 -1 33 33 
33 33 41 33 41 41 41 -1 4 4 -1 4 1 4 4 4 -1 4 4 33 
4 4 -1 4 33 -1 -1 33 33 -1 5 6 6 -1 4 4 33 33 33 4 
4 -1 32 33 4 4 9 4 33 4 -1 6 34 34 -1 9 -1 33 33 1 
4 4 -1 32 33 -1 -1 -1 3 -1 4 -1 33 34 4 4 9 -1 8 8 
4 9 4 2 33 33 33 33 33 3 -1 4 -1 9 9 9 9 -1 4 4 
4 4 2 -1 -1 33 33 33 3 3 4 -1 9 4 9 9 9 4 4 -1 
-1 2 9 4 4 4 4 -1 -1 4 4 4 4 9 4 4 4 4 4 1 
-1 32 9 4 4 4 4 -1 4 4 4 4 -1 1 -1 9 4 4 -1 1 
-1 9 4 4 4 4 4 4 4 4 4 4 1 -1 4 4 4 4 1 4 
1 32 -1 4 4 4 4 1 -1 4 -1 1 3 1 1 4 -1 1 4 4 
1 1 1 4 4 32 1 1 1 -1 4 3 -1 1 4 4 4 1 1 -1 
-1 1 1 4 32 32 4 4 1 4 -1 3 -1 4 4 4 4 -1 -1 1 
1 1 4 32 32 4 4 1 4 1 4 3 4 4 33 4 4 4 -1 1 
1 4 -1 32 -1 -1 4 4 33 4 4 5 -1 -1 33 33 33 -1 1 -1 
4 4 4 -1 -1 4 4 33 33 5 4 -1 5 33 33 41 -1 33 -1 33 
4 4 4 -1 4 -1 4 4 33 33 -1 -1 33 -1 41 33 33 -1 33 -1 
4 4 33 -1 2 -1 33 33 -1 33 33 33 33 33 33 -1 33 33 33 33 
-1 4 4 2 4 4 33 33 33 33 33 -1 4 -1 33 33 34 33 33 4 
-1 4 4 2 33 4 33 -1 -1 33 9 9 33 33 33 -1 -1 34 4 33 
33 4 -1 -1 -1 33 33 33 33 33 4 9 33 33 33 -1 34 -1 4 4 
4 33 4 4 33 33 33 2 -1 33 4 6 33 33 4 4 -1 33 33 33 
3 -1 3 3 3 32 32 4 6 4 4 -1 6 7 -1 -1 3 1 1 -1 
3 -1 3 3 3 4 32 4 4 6 6 4 -1 -1 33 3 3 1 3 3 
32 32 3 3 3 3 4 4 4 4 6 6 4 4 33 3 3 3 -1 3 
-1 -1 -1 3 3 3 -1 -1 -1 -1 6 -1 2 4 3 -1 3 3 3 -1 
-1 -1 -1 -1 3 3 -1 -1 -1 4 4 4 1 -1 3 -1 3 3 -1 -1 
5 -1 -1 4 4 4 3 -1 4 4 33 33 33 2 3 3 3 3 3 -1 
-1 -1 3 3 -1 -1 6 6 -1 4 33 -1 3 3 3 -1 -1 9 -1 -1 
3 3 -1 4 4 -1 6 -1 33 33 33 33 3 3 3 -1 -1 -1 4 -1 
3 -1 -1 4 4 33 -1 3 33 -1 33 33 -1 3 3 5 -1 -1 -1 -1 
-1 3 -1 4 2 -1 33 33 -1 33 33 -1 33 3 5 33 2 2 34 2 
2 4 4 -1 -1 1 1 1 33 33 -1 2 -1 -1 4 33 -1 2 2 2 
4 4 4 6 -1 33 4 33 33 33 2 4 5 -1 -1 4 4 2 2 2 
-1 4 6 6 -1 33 33 -1 33 33 33 4 4 4 6 -1 2 4 2 -1 
32 -1 4 -1 -1 4 3 4 33 4 -1 -1 4 4 4 6 4 -1 -1 -1 
4 32 4 9 3 10 10 3 4 4 -1 4 4 4 4 4 4 -1 -1 32 
32 4 4 3 -1 -1 3 3 3 -1 4 4 4 3 4 2 -1 -1 3 32 
-1 4 32 32 4 3 3 32 -1 40 6 6 4 3 4 2 -1 2 5 3 
6 3 -1 4 3 -1 32 -1 40 6 2 6 -1 -1 7 2 2 5 5 5 
5 -1 2 32 4 -1 32 32 -1 -1 -1 7 -1 6 6 -1 33 4 4 5 
3 -1 -1 1 32 -1 32 -1 6 4 -1 -1 7 -1 -1 -1 -1 -1 6 3 
4 4 4 4 4 -1 4 4 5 33 4 4 4 -1 6 6 6 -1 -1 4 
4 4 -1 4 5 4 5 5 5 33 -1 4 -1 5 -1 5 6 -1 4 4 
-1 -1 5 5 -1 5 4 -1 4 -1 -1 -1 5 5 5 4 4 6 -1 -1 
-1 -1 -1 5 -1 -1 4 4 4 4 -1 4 4 -1 4 -1 4 -1 -1 -1 
-1 -1 3 3 4 -1 4 4 4 -1 -1 -1 4 4 32 4 -1 -1 33 -1 
33 5 -1 -1 4 -1 5 5 4 -1 4 -1 4 32 4 4 4 -1 33 33 
5 5 -1 5 5 5 5 -1 -1 4 4 4 4 4 4 4 33 33 5 5 
-1 33 -1 5 5 5 5 5 -1 -1 -1 4 -1 -1 -1 4 4 33 33 33 
33 4 33 5 5 5 5 5 5 5 4 4 4 4 4 4 4 -1 33 33 
-1 -1 5 5 5 5 -1 5 5 5 -1 4 4 4 4 4 4 33 33 1 
1 4 2 5 5 5 -1 5 5 -1 -1 4 4 -1 4 4 4 -1 1 1 
2 -1 2 2 5 5 -1 5 -1 5 5 -1 36 8 4 4 4 -1 1 1 
2 2 4 -1 41 5 -1 -1 -1 4 -1 36 10 8 8 4 -1 4 2 -1 
4 4 2 41 -1 -1 4 4 4 4 36 10 10 10 2 4 4 4 -1 2 
6 6 6 4 4 4 4 4 4 4 10 36 36 36 2 2 2 2 -1 4 
6 6 4 4 6 4 4 4 -1 -1 4 36 36 2 4 -1 -1 2 6 6 
6 6 -1 6 4 4 -1 4 4 2 2 -1 36 36 -1 -1 -1 -1 4 -1 
4 4 6 6 4 4 4 33 -1 -1 -1 4 36 36 36 -1 4 4 4 -1 
-1 4 6 4 4 4 4 4 4 5 -1 36 4 36 36 4 4 4 4 4 
4 4 4 4 4 4 4 4 4 5 5 4 4 6 36 6 4 6 4 -1 
33 33 5 5 33 2 -1 8 -1 -1 2 2 2 -1 2 4 4 -1 4 33 
33 -1 33 33 33 8 33 8 -1 -1 2 8 4 4 4 4 -1 -1 -1 33 
-1 -1 33 33 -1 33 8 8 8 8 2 8 8 -1 -1 -1 33 6 33 33 
2 -1 33 -1 1 33 -1 8 8 8 8 2 2 8 -1 -1 6 33 6 2 
2 -1 1 1 1 33 -1 8 41 41 2 -1 8 8 4 -1 -1 6 -1 2 
2 -1 1 -1 2 2 2 41 2 41 2 6 8 6 4 -1 6 2 2 2 
2 3 -1 1 1 2 41 41 2 2 41 6 8 6 2 2 2 2 2 2 
2 2 3 41 1 41 -1 41 -1 -1 -1 6 -1 -1 2 2 -1 2 2 2 
2 2 2 -1 2 2 41 41 41 41 41 6 6 2 2 2 2 2 2 -1 
-1 2 -1 2 6 41 2 -1 -1 41 -1 6 2 -1 2 4 2 2 2 2 
2 -1 2 2 2 -1 2 2 2 2 2 2 6 2 2 4 2 2 2 -1 
2 2 2 2 2 -1 2 2 2 2 2 2 2 -1 -1 2 2 2 -1 2 
-1 -1 -1 2 2 2 -1 -1 2 -1 2 2 2 6 -1 2 -1 2 -1 2 
-1 4 4 2 2 2 -1 8 8 8 2 2 6 6 6 2 -1 -1 2 -1 
4 2 -1 2 2 -1 8 8 8 2 8 8 6 6 6 2 -1 2 -1 2 
2 6 2 2 -1 -1 2 2 -1 8 2 6 2 2 -1 -1 2 -1 2 2 
33 2 33 2 4 -1 4 2 -1 -1 2 2 6 2 -1 -1 2 -1 2 2 
6 33 33 33 33 -1 -1 4 4 2 2 2 4 2 -1 2 2 -1 2 -1 
33 6 33 33 -1 2 2 4 -1 4 4 2 2 2 -1 2 -1 2 33 2 
2 5 5 -1 -1 -1 2 2 -1 4 4 2 2 2 2 -1 2 2 2 2 
-1 6 -1 32 -1 1 -1 8 8 8 -1 -1 -1 6 2 -1 6 6 -1 -1 
-1 -1 6 -1 -1 6 1 8 -1 8 -1 -1 -1 6 6 2 -1 -1 -1 -1 
-1 -1 6 3 3 -1 6 8 8 -1 -1 -1 4 -1 2 -1 6 6 -1 -1 
-1 6 3 6 6 6 8 8 -1 8 4 4 4 4 -1 -1 6 -1 2 -1 
6 2 6 -1 6 6 8 8 8 6 6 4 4 4 3 2 2 2 2 2 
2 -1 -1 6 -1 6 6 -1 6 6 6 6 6 6 6 6 3 2 2 3 
2 2 -1 -1 -1 -1 -1 6 -1 6 6 6 6 -1 2 3 -1 32 2 2 
2 2 -1 -1 2 2 6 -1 -1 -1 6 6 -1 6 6 2 6 32 2 6 
6 6 2 6 6 6 6 -1 6 6 -1 6 6 6 6 -1 -1 6 6 2 
6 4 4 2 6 6 -1 32 -1 6 6 6 6 6 6 2 2 2 32 -1 
6 6 2 6 6 6 -1 -1 32 32 6 6 6 6 33 -1 2 2 2 2 
-1 -1 6 -1 6 -1 -1 -1 6 6 6 6 -1 6 6 33 2 2 2 6 
6 -1 -1 -1 -1 -1 -1 -1 32 6 6 33 33 33 33 2 2 2 2 2 
-1 -1 -1 -1 -1 2 2 32 6 -1 -1 33 -1 -1 33 2 2 2 -1 2 
-1 2 2 2 -1 2 6 6 6 -1 -1 -1 -1 33 2 33 2 -1 -1 -1 
-1 2 2 2 2 6 6 6 -1 -1 -1 4 -1 -1 2 2 33 2 2 -1 
2 2 2 2 -1 2 6 6 -1 -1 -1 4 2 2 2 2 6 2 2 2 
6 2 2 4 2 6 6 6 6 -1 4 4 -1 2 2 -1 -1 6 2 2 
2 -1 4 1 1 -1 -1 -1 4 4 4 4 6 6 -1 -1 6 6 -1 6 
2 -1 4 32 32 1 1 -1 -1 8 8 -1 -1 6 2 2 2 6 6 2 
6 6 9 2 -1 -1 2 -1 4 4 4 6 4 -1 4 6 4 4 6 6 
6 6 32 -1 2 2 2 4 2 4 6 4 -1 4 -1 4 6 6 6 3 
3 6 -1 33 33 -1 8 -1 2 -1 32 32 32 -1 4 1 -1 2 2 3 
6 3 -1 33 8 8 4 8 -1 -1 4 4 4 -1 1 6 2 -1 -1 6 
33 33 -1 -1 -1 8 4 4 4 4 -1 32 -1 -1 -1 2 6 -1 6 6 
33 2 -1 2 4 4 4 4 4 4 4 -1 -1 -1 2 6 6 6 6 6 
-1 33 2 -1 5 4 4 4 4 4 2 4 4 4 6 -1 6 6 6 6 
6 6 5 -1 -1 4 4 -1 2 2 4 4 4 4 4 -1 -1 -1 6 6 
6 6 6 4 4 6 4 2 2 -1 2 4 4 4 -1 -1 -1 6 6 6 
6 2 6 6 -1 4 6 4 -1 34 7 4 4 4 4 -1 -1 2 6 6 
6 -1 6 -1 -1 4 4 4 -1 4 -1 4 -1 2 4 -1 2 6 -1 2 
-1 2 33 33 -1 4 4 -1 4 4 34 -1 -1 2 2 2 2 2 2 6 
2 -1 33 6 6 5 5 4 4 4 -1 6 2 2 2 -1 5 2 4 -1 
4 6 -1 6 4 -1 -1 4 4 4 -1 -1 6 2 6 -1 -1 4 4 2 
-1 2 4 2 6 -1 4 4 4 4 -1 -1 6 6 -1 -1 -1 7 4 2 
2 2 2 4 4 6 6 4 4 4 4 -1 -1 6 -1 -1 -1 4 4 4 
4 -1 2 2 4 4 4 4 -1 4 -1 4 6 6 4 6 4 4 -1 4 
4 -1 2 2 -1 4 -1 4 2 -1 2 4 4 6 4 -1 4 -1 40 40 
9 32 -1 2 9 4 -1 2 4 2 4 4 6 6 -1 -1 6 6 40 40 
9 32 32 9 2 -1 4 4 -1 4 4 4 -1 -1 4 -1 -1 4 40 -1 
-1 9 -1 2 2 -1 2 -1 4 -1 -1 -1 -1 8 -1 3 3 3 -1 -1 
-1 -1 9 2 2 2 -1 -1 -1 -1 -1 -1 -1 -1 -1 -1 -1 -1 -1 -1 
-1 -1 -1 2 2 -1 -1 -1 -1 -1 1 -1 -1 -1 -1 -1 -1 -1 -1 -1 
-1 -1 -1 2 2 2 8 -1 -1 8 -1 3 8 8 -1 -1 -1 -1 -1 -1 
-1 -1 -1 -1 -1 -1 2 8 8 8 33 3 3 -1 -1 -1 -1 -1 -1 1 
-1 -1 -1 9 -1 -1 8 8 8 33 33 -1 8 -1 -1 -1 -1 -1 1 1 
9 9 9 -1 -1 -1 -1 8 -1 8 8 -1 8 8 8 -1 -1 -1 -1 9 
9 9 9 -1 -1 -1 -1 -1 -1 8 -1 8 8 -1 -1 -1 -1 -1 9 -1 
9 9 9 -1 33 -1 8 -1 -1 8 8 -1 8 -1 -1 -1 -1 -1 9 9 
9 9 33 33 -1 33 8 -1 8 -1 -1 8 8 8 -1 -1 -1 -1 -1 9 
9 -1 33 -1 33 -1 4 -1 -1 -1 8 8 8 -1 -1 -1 -1 -1 -1 9 
-1 9 -1 33 1 -1 -1 4 -1 8 8 8 -1 -1 -1 -1 -1 -1 -1 9 
8 8 -1 33 -1 -1 -1 4 8 -1 8 -1 8 8 8 -1 4 4 -1 -1 
8 -1 -1 -1 -1 -1 -1 -1 -1 3 8 8 8 8 8 8 4 -1 -1 -1 
8 -1 -1 -1 -1 -1 -1 -1 3 -1 8 -1 8 8 8 8 8 -1 -1 -1 
-1 -1 -1 -1 -1 -1 -1 3 3 8 8 -1 8 8 8 8 -1 32 -1 -1 
-1 -1 -1 -1 -1 -1 -1 -1 3 9 -1 8 8 8 8 8 8 32 -1 -1 
-1 -1 -1 -1 -1 -1 -1 -1 -1 9 9 -1 -1 -1 8 8 3 -1 -1 -1 
-1 -1 2 2 4 -1 -1 -1 8 -1 4 -1 -1 -1 -1 3 3 3 -1 -1 
-1 -1 6 2 4 2 -1 4 4 4 4 -1 -1 8 3 3 3 -1 -1 -1 
8 -1 -1 -1 -1 -1 -1 -1 -1 4 4 4 9 4 6 -1 -1 -1 -1 -1 
-1 -1 -1 -1 -1 -1 -1 -1 -1 9 -1 9 4 9 9 -1 -1 -1 -1 -1 
-1 -1 -1 -1 -1 -1 -1 -1 -1 -1 9 9 9 9 -1 -1 -1 -1 -1 -1 
-1 -1 -1 -1 -1 -1 -1 -1 -1 9 -1 9 -1 -1 -1 -1 -1 -1 -1 -1 
-1 -1 -1 -1 -1 -1 -1 -1 -1 -1 9 9 -1 -1 -1 -1 -1 -1 -1 -1 
-1 -1 -1 -1 -1 -1 -1 -1 -1 -1 -1 -1 -1 -1 -1 -1 -1 -1 -1 -1 
-1 -1 -1 -1 -1 -1 -1 -1 -1 -1 -1 11 -1 -1 1 -1 -1 -1 -1 -1 
-1 -1 -1 -1 -1 -1 -1 -1 -1 -1 -1 11 -1 1 1 -1 -1 -1 -1 9 
9 -1 -1 -1 -1 -1 -1 -1 -1 -1 -1 11 11 11 -1 4 -1 -1 -1 9 
-1 9 9 -1 -1 -1 -1 -1 -1 -1 -1 -1 11 -1 4 4 4 -1 -1 -1 
-1 -1 -1 9 -1 -1 -1 -1 -1 -1 -1 11 -1 -1 4 4 4 4 -1 -1 
-1 -1 -1 -1 9 -1 -1 -1 -1 -1 -1 -1 -1 -1 4 4 -1 -1 -1 -1 
-1 -1 -1 -1 -1 -1 -1 -1 -1 -1 -1 -1 -1 -1 -1 -1 8 8 8 -1 
-1 -1 -1 -1 -1 -1 -1 -1 -1 -1 -1 -1 -1 -1 -1 -1 -1 -1 8 8 
-1 -1 8 -1 -1 -1 -1 -1 -1 -1 -1 -1 -1 -1 -1 -1 -1 9 8 8 
8 8 8 -1 -1 -1 -1 -1 -1 -1 -1 -1 -1 -1 -1 -1 8 8 9 8 
8 8 -1 -1 -1 -1 -1 -1 -1 -1 -1 -1 -1 -1 -1 -1 -1 9 8 8 
8 -1 -1 -1 -1 -1 4 6 6 -1 -1 -1 -1 -1 -1 -1 9 -1 -1 8 
8 -1 -1 -1 -1 -1 4 -1 6 4 -1 -1 4 -1 -1 -1 -1 -1 8 8 
8 8 8 -1 -1 -1 -1 -1 -1 -1 4 4 4 -1 6 -1 -1 -1 -1 8 
-1 -1 9 8 -1 -1 8 -1 4 4 -1 4 -1 8 -1 -1 8 -1 -1 8 
-1 -1 8 9 4 -1 8 8 4 4 -1 8 8 -1 4 4 4 4 4 32 
8 8 -1 -1 -1 -1 -1 -1 6 9 9 9 9 -1 4 4 4 4 4 8 
4 4 4 4 4 4 -1 4 6 -1 9 9 9 -1 -1 4 4 4 4 4 
4 4 4 4 4 4 4 -1 -1 -1 -1 -1 -1 9 -1 -1 -1 -1 -1 4 
4 8 -1 -1 4 4 4 -1 -1 -1 6 6 -1 -1 -1 -1 -1 4 4 -1 
9 9 8 -1 4 4 -1 -1 6 6 -1 6 -1 -1 4 4 4 -1 -1 9 
9 -1 9 8 -1 4 4 -1 -1 -1 6 -1 6 -1 4 4 4 -1 -1 9 
9 9 9 -1 9 9 9 2 6 6 6 4 -1 4 4 4 -1 4 9 9 
8 9 9 9 9 9 -1 4 6 6 6 -1 4 4 -1 4 4 9 9 8 
8 9 9 8 4 -1 8 4 -1 6 8 -1 -1 -1 -1 8 8 -1 9 9 
9 -1 8 4 8 8 8 -1 6 8 8 8 -1 4 4 -1 8 8 9 9 
9 9 -1 8 8 8 8 8 8 8 8 4 4 4 9 -1 -1 -1 8 9 
9 9 9 9 8 8 8 8 -1 8 8 4 8 4 4 4 -1 -1 -1 -1 
9 4 9 4 9 9 9 9 8 4 8 -1 8 -1 4 4 8 8 -1 -1 
4 4 4 9 4 -1 8 9 8 8 8 1 -1 -1 -1 8 4 -1 -1 -1 
4 4 4 -1 -1 8 8 -1 8 8 1 1 1 -1 8 8 1 1 -1 -1 
-1 -1 32 -1 8 8 8 8 8 -1 8 1 1 4 4 8 -1 1 -1 32 
32 32 9 9 8 8 8 8 8 4 1 1 4 8 4 8 8 2 2 8 
8 9 9 -1 8 -1 8 4 8 8 4 1 8 4 4 8 -1 -1 -1 8 
-1 4 -1 8 8 -1 -1 6 4 -1 4 4 4 4 4 4 4 4 4 -1 
-1 4 -1 8 -1 6 6 6 4 4 6 -1 4 -1 -1 2 4 -1 4 -1 
-1 -1 4 8 -1 2 4 4 4 6 6 4 4 4 -1 4 -1 4 -1 4 
8 -1 4 8 8 -1 4 4 4 4 6 4 4 4 4 4 4 -1 8 9 
-1 4 4 -1 4 4 4 4 4 4 4 4 4 -1 4 -1 -1 -1 3 8 
-1 -1 -1 4 4 -1 4 4 6 4 -1 -1 4 3 4 -1 3 3 -1 8 
4 -1 -1 4 4 4 -1 4 6 -1 -1 -1 4 4 3 3 3 3 3 3 
-1 -1 4 4 -1 -1 4 -1 4 4 -1 1 4 1 3 3 -1 3 3 4 
-1 -1 -1 -1 4 -1 2 4 4 4 1 1 1 8 3 3 3 3 -1 -1 
1 -1 -1 4 -1 2 -1 -1 4 4 1 1 -1 4 3 -1 32 32 4 1 
4 -1 -1 3 4 3 -1 4 4 4 4 1 1 1 1 8 -1 32 -1 -1 
-1 4 -1 4 3 -1 -1 -1 4 4 4 4 4 1 8 8 -1 -1 -1 -1 
4 4 4 4 -1 -1 4 4 -1 4 4 4 4 4 8 8 8 -1 -1 4 
4 -1 -1 4 -1 -1 4 5 5 5 -1 4 4 4 4 8 4 -1 -1 -1 
8 -1 -1 -1 -1 -1 -1 2 2 4 4 2 -1 4 4 4 -1 8 -1 -1 
8 -1 -1 40 -1 -1 2 2 4 2 4 4 4 4 -1 4 4 8 -1 -1 
8 -1 -1 -1 40 40 -1 4 4 4 4 4 4 4 4 4 8 -1 9 9 
-1 -1 -1 -1 2 -1 -1 -1 4 -1 4 -1 4 4 8 8 8 9 -1 -1 
-1 -1 -1 -1 8 8 -1 -1 6 4 4 4 4 8 -1 8 -1 -1 -1 -1 
-1 -1 -1 -1 8 -1 -1 6 6 4 4 4 -1 4 -1 4 4 -1 -1 -1 
4 4 4 -1 -1 -1 -1 2 2 2 4 -1 4 4 4 4 -1 4 -1 4 
4 4 -1 -1 -1 -1 2 2 2 2 -1 4 4 4 4 4 4 8 4 4 
4 -1 4 -1 4 4 -1 -1 -1 4 2 4 -1 -1 -1 9 -1 8 -1 4 
8 -1 1 4 4 4 -1 -1 -1 -1 4 2 2 -1 -1 9 2 8 8 8 
-1 -1 4 4 -1 -1 -1 2 -1 6 2 2 -1 8 9 -1 -1 2 -1 1 
-1 -1 4 -1 -1 8 8 2 4 6 8 -1 -1 -1 8 -1 8 9 1 4 
-1 -1 4 4 8 4 8 4 4 9 9 8 -1 -1 4 8 4 4 4 -1 
-1 -1 -1 4 4 8 4 4 4 4 9 9 9 -1 4 4 4 4 4 -1 
4 4 -1 -1 -1 8 4 4 4 4 4 -1 -1 -1 4 4 -1 4 4 4 
6 -1 -1 8 8 -1 4 4 4 -1 9 -1 2 9 9 4 4 4 4 4 
4 4 4 8 4 4 -1 4 4 4 2 2 2 -1 4 4 4 4 4 4 
4 -1 -1 4 4 4 4 4 4 4 4 -1 2 8 4 4 4 4 4 4 
4 4 -1 -1 4 -1 -1 -1 4 4 4 4 2 2 -1 4 4 4 -1 -1 
4 4 4 4 4 -1 2 2 4 4 4 -1 4 4 4 4 4 4 -1 4 
4 4 -1 4 2 2 -1 2 4 4 4 -1 -1 4 4 4 -1 -1 4 4 
4 -1 2 -1 4 2 4 4 4 4 4 4 -1 4 -1 -1 4 4 4 4 
4 -1 4 4 4 -1 4 -1 4 4 4 4 4 -1 4 -1 4 4 -1 4 
4 4 4 4 -1 4 4 4 4 4 4 4 4 4 4 4 4 4 4 4 
4 4 4 4 4 -1 4 4 4 4 4 4 4 4 4 4 -1 4 4 4 
4 4 4 4 -1 -1 4 -1 4 -1 4 4 4 -1 4 4 4 4 4 4 
-1 4 4 4 4 4 4 6 4 4 -1 6 -1 4 1 1 1 -1 4 4 
-1 -1 -1 4 4 4 4 4 4 6 -1 8 4 4 4 4 -1 -1 9 -1 
-1 4 4 4 4 -1 4 -1 4 4 -1 4 6 6 4 4 4 4 9 4 
4 4 4 4 4 -1 33 33 9 9 4 4 4 4 4 -1 4 4 4 4 
4 4 -1 4 4 -1 33 -1 9 4 -1 4 4 4 4 -1 4 4 4 4 
4 4 4 4 4 33 33 33 -1 -1 4 4 4 4 4 4 4 -1 1 4 
4 4 4 4 4 4 33 -1 -1 4 4 4 4 -1 -1 4 4 4 4 4 
4 6 4 4 4 4 4 -1 -1 -1 -1 4 2 4 4 4 -1 4 4 4 
4 4 4 4 4 4 4 41 41 41 -1 4 -1 4 4 -1 4 4 4 4 
4 4 4 4 4 4 4 4 41 4 4 4 -1 4 4 4 -1 -1 4 4 
4 4 -1 4 4 4 4 4 4 4 4 4 4 6 4 4 4 4 4 4 
4 9 -1 4 4 4 4 4 2 4 4 4 4 6 4 4 4 4 4 -1 
4 9 8 -1 -1 4 -1 4 -1 -1 4 6 6 4 6 4 4 -1 4 4 
4 9 -1 -1 4 33 4 -1 -1 -1 6 6 33 33 4 4 4 4 4 4 
4 8 4 4 -1 4 -1 -1 -1 4 4 -1 33 4 4 4 4 6 6 4 
4 -1 4 4 33 33 4 33 4 4 4 4 4 -1 4 4 4 6 4 -1 
4 4 4 -1 4 4 -1 33 4 33 4 33 4 -1 4 4 4 4 4 4 
4 4 4 4 6 6 4 4 33 4 -1 33 4 4 -1 4 -1 -1 4 -1 
4 4 4 4 4 4 4 4 4 -1 4 4 4 4 -1 -1 4 -1 -1 4 
4 -1 -1 4 4 4 4 6 4 4 4 9 4 4 2 1 1 4 4 4 
-1 4 4 -1 -1 10 10 -1 -1 -1 -1 4 4 4 4 4 4 -1 5 4 
-1 -1 -1 4 -1 -1 10 -1 10 -1 -1 4 4 4 -1 -1 4 4 5 5 
5 4 34 4 4 -1 1 1 2 10 5 10 10 3 -1 5 -1 5 4 -1 
-1 -1 -1 -1 4 10 -1 -1 10 2 4 5 -1 5 3 5 -1 4 4 4 
4 4 4 4 4 9 10 4 -1 10 -1 -1 5 -1 5 5 4 4 -1 -1 
2 -1 4 4 10 10 4 4 10 -1 4 4 4 4 4 4 -1 4 4 4 
4 4 -1 4 4 4 4 -1 4 4 33 4 4 4 5 4 -1 4 4 2 
4 4 4 4 4 4 4 -1 33 33 33 4 -1 4 34 -1 -1 -1 33 4 
-1 4 4 4 4 4 4 5 5 33 33 33 33 33 4 4 5 5 -1 4 
4 4 4 33 -1 5 -1 5 33 33 33 33 33 4 6 6 4 5 5 5 
-1 -1 -1 4 5 5 4 5 -1 33 4 33 4 -1 4 4 4 5 -1 4 
33 33 4 4 -1 4 4 4 33 33 4 33 4 4 4 4 4 5 4 4 
5 -1 -1 -1 4 4 4 33 5 9 4 4 -1 4 -1 4 4 4 -1 5 
2 33 4 -1 4 -1 4 4 5 4 4 -1 4 4 -1 -1 4 4 4 4 
33 4 2 4 4 4 4 4 4 4 -1 4 4 -1 4 4 -1 4 4 4 
2 2 -1 -1 -1 4 -1 -1 4 -1 -1 4 4 4 -1 1 1 -1 4 7 
7 2 4 4 4 4 4 4 4 -1 -1 8 4 -1 -1 1 -1 5 5 2 
33 33 4 4 4 4 -1 4 -1 4 4 4 4 -1 5 5 5 5 -1 2 
4 4 4 4 -1 -1 -1 4 4 4 -1 8 4 4 5 5 -1 -1 2 2 
-1 4 4 4 -1 -1 -1 4 -1 -1 -1 4 -1 5 5 5 -1 -1 4 -1 
1 33 9 9 33 34 33 1 -1 5 5 6 5 -1 -1 -1 9 9 9 9 
9 33 33 33 33 4 34 33 4 4 5 5 5 5 -1 33 34 34 9 -1 
-1 -1 33 33 -1 1 33 -1 4 33 5 5 5 5 33 34 34 5 -1 -1 
-1 -1 33 -1 1 9 1 4 6 33 33 5 5 -1 34 33 34 -1 -1 -1 
-1 -1 -1 1 1 -1 1 4 4 4 -1 5 -1 5 -1 34 34 34 -1 -1 
9 9 1 1 -1 1 1 4 4 4 4 4 4 -1 33 34 -1 -1 -1 -1 
9 -1 -1 33 9 9 4 4 6 4 4 4 -1 33 32 33 -1 -1 5 9 
5 -1 1 1 33 4 33 -1 -1 6 5 -1 32 32 -1 -1 3 -1 5 5 
5 5 5 34 1 33 4 4 4 5 5 5 5 32 4 4 3 3 3 5 
5 34 34 33 33 33 -1 4 4 4 5 5 5 4 4 -1 5 5 3 3 
34 33 34 33 33 -1 -1 4 4 4 5 5 3 5 -1 4 5 5 5 34 
10 33 33 5 -1 33 33 33 33 5 5 5 5 3 3 5 5 5 -1 34 
-1 33 33 5 4 4 -1 33 5 5 33 -1 5 5 5 5 5 -1 34 34 
33 5 33 4 4 33 33 33 33 5 -1 5 5 -1 5 5 5 6 -1 34 
6 5 5 4 34 33 -1 4 4 -1 5 -1 -1 4 4 6 -1 6 6 -1 
6 6 -1 4 4 34 -1 -1 4 5 -1 -1 -1 -1 4 4 6 4 6 33 
5 5 -1 4 34 4 4 -1 4 4 -1 -1 4 4 33 -1 6 6 4 5 
34 34 34 34 34 4 -1 33 4 5 41 4 34 6 33 33 -1 6 -1 5 
34 34 9 34 4 4 33 4 41 41 41 6 6 6 33 -1 33 -1 -1 5 
1 34 9 9 34 -1 1 6 5 41 6 6 6 6 6 33 9 9 -1 34 
4 4 -1 9 -1 1 4 4 4 6 -1 -1 -1 6 6 6 6 -1 6 6 
-1 -1 -1 9 -1 4 5 4 4 6 -1 6 6 6 6 -1 6 6 -1 6 
4 -1 -1 -1 -1 -1 5 6 6 4 6 -1 6 6 5 6 6 -1 6 4 
-1 -1 -1 -1 -1 -1 -1 6 5 -1 6 6 6 -1 -1 6 6 6 -1 -1 
4 -1 -1 -1 -1 -1 6 5 -1 -1 -1 -1 -1 -1 -1 6 6 -1 -1 6 
-1 4 -1 -1 6 -1 6 6 -1 6 6 6 -1 -1 6 6 -1 33 -1 6 
-1 -1 4 4 -1 6 6 6 6 5 5 6 6 6 -1 -1 -1 -1 -1 -1 
-1 4 4 4 6 5 6 6 6 6 5 5 6 6 6 6 6 6 6 -1 
6 4 6 4 5 6 6 6 6 6 6 5 6 6 -1 6 6 -1 6 6 
6 2 4 -1 5 5 5 6 5 6 5 6 4 3 3 3 6 6 6 -1 
6 2 6 6 6 5 5 -1 -1 -1 6 6 -1 4 2 2 34 6 6 6 
6 -1 6 -1 6 6 -1 -1 -1 5 -1 6 4 4 3 34 34 -1 6 6 
6 -1 -1 -1 -1 -1 -1 5 5 -1 -1 4 4 6 -1 6 -1 -1 6 6 
6 -1 4 4 -1 -1 -1 5 5 6 5 5 6 6 6 6 6 -1 -1 6 
-1 6 2 6 4 6 5 1 1 6 -1 -1 6 6 6 6 6 -1 6 6 
5 6 2 4 -1 5 4 -1 1 6 6 -1 -1 6 6 6 6 6 6 6 
6 6 6 4 4 5 6 6 4 -1 6 -1 6 6 6 -1 6 6 -1 5 
4 4 4 -1 -1 4 6 6 33 -1 6 3 6 -1 6 6 6 6 6 6 
4 6 4 -1 6 -1 4 6 6 9 6 6 6 6 6 6 6 -1 6 4 
4 -1 6 -1 6 9 6 4 9 9 6 6 6 6 6 6 6 6 6 -1 
2 -1 -1 2 3 3 1 -1 -1 3 -1 -1 -1 -1 -1 4 2 2 -1 2 
-1 5 5 -1 3 3 1 -1 -1 -1 -1 -1 -1 -1 -1 -1 -1 2 -1 -1 
-1 5 -1 -1 4 4 -1 5 -1 -1 -1 6 -1 -1 -1 6 6 -1 -1 -1 
-1 -1 -1 4 4 4 2 4 -1 -1 -1 -1 6 -1 6 6 6 6 -1 -1 
6 -1 -1 -1 4 4 4 4 -1 -1 -1 -1 -1 -1 6 6 6 6 6 6 
6 -1 -1 -1 -1 4 4 4 2 -1 -1 -1 -1 -1 -1 6 6 -1 6 6 
3 -1 4 -1 -1 6 4 2 2 -1 -1 -1 -1 -1 -1 6 5 -1 6 3 
-1 3 -1 -1 -1 4 4 4 4 4 -1 -1 -1 -1 -1 6 6 4 4 -1 
-1 3 -1 -1 4 4 4 -1 -1 4 4 -1 1 -1 -1 -1 4 5 4 -1 
4 -1 32 -1 -1 -1 -1 -1 4 2 2 -1 -1 1 1 -1 6 5 4 4 
4 -1 4 32 -1 -1 -1 -1 4 -1 -1 -1 -1 1 1 1 6 6 4 4 
4 4 4 -1 32 32 -1 4 -1 6 6 -1 -1 -1 1 1 6 6 4 4 
-1 4 42 2 -1 -1 -1 4 4 6 6 4 -1 1 1 4 4 1 4 4 
-1 -1 -1 2 2 4 -1 -1 6 6 6 3 4 1 1 4 1 4 4 -1 
-1 4 -1 3 3 -1 6 6 -1 6 6 3 2 2 -1 4 2 4 -1 -1 
4 -1 -1 3 3 -1 3 4 6 4 6 6 2 2 2 2 4 -1 -1 4 
4 4 -1 3 3 3 -1 4 4 4 4 6 6 -1 2 -1 -1 4 -1 4 
4 4 8 3 3 3 -1 4 4 4 4 3 -1 2 2 -1 2 4 -1 -1 
2 4 -1 2 2 3 3 -1 -1 -1 2 -1 -1 2 2 2 2 -1 2 2 
2 -1 2 2 2 3 3 3 2 -1 3 2 -1 4 4 4 2 2 2 -1 
-1 40 -1 -1 -1 -1 4 -1 5 4 4 4 2 2 8 2 1 2 2 4 
-1 -1 32 32 5 5 4 6 -1 4 4 4 2 -1 -1 -1 2 -1 2 2 
2 -1 -1 5 -1 4 5 -1 6 4 4 4 -1 -1 -1 -1 2 2 -1 2 
4 5 5 5 5 -1 5 4 -1 4 4 4 -1 -1 -1 -1 -1 -1 2 2 
-1 -1 5 4 4 4 5 -1 -1 6 -1 -1 -1 -1 -1 -1 -1 -1 -1 -1 
-1 -1 -1 5 5 4 -1 6 6 6 4 -1 -1 -1 -1 -1 -1 -1 -1 -1 
-1 -1 -1 -1 4 -1 4 6 6 6 4 4 4 -1 -1 -1 -1 4 -1 -1 
1 5 1 -1 -1 5 -1 6 -1 -1 36 36 4 -1 -1 -1 4 4 4 1 
1 1 -1 -1 5 -1 10 6 36 36 -1 36 36 -1 36 -1 4 3 -1 -1 
4 -1 4 5 -1 42 10 6 36 -1 36 -1 36 1 36 4 4 4 -1 -1 
6 4 -1 4 4 5 42 -1 36 36 -1 36 1 36 -1 -1 4 -1 -1 4 
-1 -1 1 1 4 -1 -1 4 36 36 -1 -1 36 -1 36 36 4 -1 -1 6 
-1 -1 4 -1 4 4 4 -1 4 36 36 36 36 4 4 36 -1 1 1 -1 
-1 -1 -1 -1 -1 4 4 4 6 -1 4 6 5 36 4 -1 1 1 1 1 
-1 -1 -1 -1 -1 -1 -1 4 4 -1 4 5 6 5 -1 1 -1 -1 4 4 
6 4 4 -1 -1 -1 4 4 -1 -1 6 -1 5 6 -1 -1 1 -1 1 4 
1 -1 1 6 6 -1 4 6 6 6 -1 6 -1 6 1 1 -1 6 -1 -1 
1 1 6 6 -1 4 4 6 6 4 -1 -1 8 -1 1 1 1 1 1 6 
1 4 4 6 -1 4 -1 -1 4 4 -1 -1 -1 -1 -1 -1 1 1 -1 2 
4 4 -1 -1 6 -1 -1 4 4 -1 -1 2 -1 8 -1 -1 -1 1 2 -1 
6 6 6 6 6 6 6 6 4 5 36 36 36 36 -1 -1 -1 -1 5 4 
4 4 6 -1 6 6 6 6 5 -1 -1 2 36 9 9 4 6 6 6 4 
6 6 -1 6 6 6 5 5 5 -1 -1 5 -1 -1 5 4 6 6 6 -1 
-1 6 5 6 -1 6 5 4 -1 -1 5 -1 4 -1 5 6 6 6 6 5 
5 5 6 6 6 6 5 5 5 5 5 -1 5 5 6 6 6 -1 8 6 
-1 -1 6 -1 -1 6 5 5 5 -1 -1 5 5 5 -1 -1 5 5 5 5 
-1 6 -1 6 2 5 6 5 5 -1 -1 5 5 5 5 5 6 5 5 5 
5 5 -1 6 2 6 6 5 5 5 5 5 5 5 5 5 6 6 5 6 
5 5 5 2 2 6 6 5 -1 4 5 5 5 5 5 6 10 6 5 6 
5 6 6 2 2 4 6 5 5 5 5 5 5 5 -1 5 10 10 10 5 
6 6 6 6 -1 4 4 5 5 5 5 -1 5 -1 6 5 6 5 5 5 
-1 6 6 -1 -1 4 4 4 -1 4 6 6 6 6 6 6 -1 6 5 5 
6 6 6 -1 -1 -1 4 4 6 6 6 6 6 4 6 6 6 -1 6 6 
-1 6 6 -1 -1 6 6 6 4 4 6 6 -1 6 -1 -1 -1 -1 6 6 
6 6 6 6 6 6 6 6 4 4 8 -1 -1 -1 -1 -1 4 6 6 6 
6 6 -1 6 6 6 5 6 6 -1 6 6 4 -1 -1 -1 4 4 6 6 
6 6 6 -1 6 -1 -1 5 -1 6 6 6 4 -1 6 4 4 4 4 4 
6 6 6 -1 42 -1 -1 -1 -1 -1 36 36 36 4 6 4 6 4 4 4 
6 6 -1 6 6 42 -1 6 6 -1 -1 36 4 36 4 4 6 -1 4 -1 
6 -1 6 -1 6 42 -1 6 4 6 -1 36 36 4 4 -1 -1 4 5 4 
4 33 33 33 5 5 6 6 4 4 4 4 3 -1 -1 4 -1 -1 -1 -1 
33 33 33 5 5 5 5 6 4 4 -1 -1 4 -1 6 5 5 -1 33 4 
-1 33 33 5 5 5 5 -1 -1 -1 4 4 -1 6 5 4 -1 33 4 4 
7 33 3 5 5 5 5 5 -1 5 -1 4 4 -1 6 4 4 4 -1 3 
35 7 33 5 5 5 5 33 5 33 5 4 -1 2 2 -1 6 4 3 35 
5 35 5 5 5 5 4 -1 33 5 4 -1 2 2 4 -1 -1 -1 35 -1 
5 -1 5 5 5 5 -1 4 -1 5 5 4 5 2 4 6 -1 -1 -1 5 
-1 7 -1 5 40 -1 5 4 5 2 -1 5 6 -1 6 6 -1 5 5 -1 
-1 -1 6 40 40 40 2 -1 5 -1 6 -1 6 -1 4 6 7 5 -1 7 
7 -1 5 6 40 36 2 6 4 6 6 -1 -1 -1 6 7 7 2 7 34 
5 -1 -1 -1 4 2 36 36 -1 6 -1 4 6 6 6 6 2 2 34 34 
6 6 -1 2 2 8 36 36 6 6 4 4 6 6 -1 -1 2 36 36 36 
2 -1 6 -1 8 8 -1 6 6 4 6 -1 6 -1 -1 2 2 36 36 36 
36 6 6 6 8 8 8 6 -1 -1 4 -1 2 6 -1 2 2 36 36 6 
-1 -1 6 6 -1 8 36 6 6 -1 4 2 2 2 2 2 2 2 2 -1 
36 -1 -1 -1 36 36 6 6 6 2 2 2 2 2 2 2 -1 2 36 6 
36 36 2 -1 36 36 6 -1 2 2 2 -1 2 2 -1 -1 -1 2 -1 36 
-1 -1 2 2 36 36 -1 36 2 2 -1 4 5 5 2 -1 -1 33 33 36 
36 -1 2 36 2 6 6 6 36 -1 4 -1 -1 5 4 8 -1 33 4 33 
33 4 2 2 36 6 4 4 4 4 4 3 3 -1 4 4 -1 -1 4 33 
2 -1 2 9 6 6 -1 -1 2 4 4 -1 6 6 6 6 2 6 6 6 
2 -1 -1 6 -1 6 -1 -1 -1 4 4 34 34 -1 -1 2 2 6 6 41 
6 2 6 6 6 6 6 -1 4 4 5 -1 -1 -1 35 6 2 6 6 6 
6 6 2 6 6 6 -1 4 4 -1 4 5 35 35 6 40 -1 6 6 6 
34 -1 6 6 2 6 34 35 4 4 35 35 34 35 36 6 6 6 2 6 
34 6 2 2 -1 2 6 9 4 35 35 34 35 35 35 35 6 -1 34 34 
2 10 2 2 2 2 -1 9 9 34 35 35 7 35 35 35 6 6 2 34 
2 10 10 2 2 2 6 1 9 34 35 7 11 34 34 6 6 35 2 2 
5 -1 2 2 9 -1 6 1 -1 10 -1 35 35 35 35 34 6 6 2 2 
-1 -1 2 -1 2 1 1 6 10 -1 35 -1 35 34 35 34 -1 6 4 4 
-1 -1 -1 2 6 6 9 6 35 35 34 35 34 6 6 6 6 6 6 6 
6 6 -1 6 6 9 6 9 34 34 35 8 6 35 6 6 6 6 4 6 
6 6 6 -1 6 6 6 -1 35 35 35 8 10 2 -1 2 6 4 6 6 
-1 -1 6 6 6 6 6 2 35 -1 8 2 6 10 3 2 6 -1 6 9 
6 -1 6 6 6 6 2 35 5 35 -1 2 -1 3 9 2 -1 6 -1 6 
2 6 2 6 35 6 6 35 5 -1 2 2 3 -1 2 2 -1 -1 6 6 
6 2 9 9 9 9 6 6 6 2 2 2 2 2 -1 -1 -1 2 -1 2 
2 2 9 9 9 6 2 6 6 6 6 9 3 6 -1 3 -1 2 -1 -1 
2 2 9 9 6 2 -1 6 2 6 -1 6 3 6 3 3 3 3 2 -1 
2 9 9 2 6 6 -1 2 2 2 35 6 6 6 6 2 -1 2 6 2 
6 6 6 34 34 6 6 6 6 2 6 -1 2 6 6 6 6 6 -1 -1 
6 6 6 2 2 2 -1 6 6 2 2 2 2 2 2 -1 6 6 -1 6 
-1 6 34 2 34 6 6 10 6 9 2 2 2 6 6 6 2 -1 6 6 
6 34 6 6 2 -1 42 9 9 -1 2 -1 2 6 -1 -1 2 6 9 9 
9 -1 6 6 34 -1 3 3 -1 -1 -1 2 -1 -1 -1 34 -1 -1 6 -1 
6 6 9 -1 -1 42 3 -1 3 3 -1 9 2 9 -1 34 -1 9 6 6 
6 9 6 6 2 6 41 3 -1 41 9 -1 9 -1 9 9 9 9 6 -1 
9 9 9 9 2 2 3 41 41 9 9 34 34 -1 34 2 -1 9 9 6 
9 9 9 -1 2 -1 10 -1 -1 34 9 9 9 34 34 2 9 9 9 -1 
-1 9 9 9 2 10 6 6 -1 34 34 9 9 -1 -1 9 9 9 9 -1 
9 9 -1 -1 9 9 6 6 34 6 6 3 9 3 -1 -1 9 9 9 -1 
9 9 9 9 -1 6 6 6 6 9 6 9 3 -1 9 -1 -1 9 9 9 
6 9 -1 9 2 6 6 6 6 -1 9 9 9 9 9 9 9 9 -1 9 
6 2 6 6 9 9 6 4 6 2 4 9 6 9 6 6 9 9 6 9 
9 2 2 6 6 6 6 6 6 3 2 -1 9 9 9 6 6 6 6 9 
-1 6 -1 6 6 6 6 6 -1 -1 1 6 6 6 6 6 6 6 6 6 
-1 6 6 -1 6 6 5 6 -1 6 34 6 6 6 6 6 6 6 -1 -1 
6 6 6 6 6 -1 5 -1 6 34 34 6 6 -1 6 6 6 6 6 6 
-1 6 6 34 6 6 5 6 6 6 6 6 6 6 -1 6 6 6 6 6 
6 6 -1 34 34 34 -1 -1 6 6 6 6 2 -1 6 6 6 6 6 -1 
6 9 9 2 6 6 2 -1 6 34 6 34 34 34 34 34 -1 -1 -1 6 
-1 9 2 6 6 6 6 6 34 34 34 34 34 34 4 34 34 -1 -1 9 
9 -1 6 6 6 6 6 6 6 6 34 34 1 1 34 34 34 -1 2 2 
6 6 6 6 3 -1 6 6 6 6 6 34 -1 1 -1 -1 34 2 -1 2 
2 6 -1 3 6 6 6 6 34 6 34 6 5 34 5 5 -1 -1 2 2 
6 6 3 6 6 6 6 6 34 34 -1 5 34 -1 5 3 -1 2 2 -1 
-1 -1 3 6 6 -1 6 34 34 -1 5 5 5 34 3 3 -1 2 6 2 
-1 -1 6 3 -1 -1 34 34 -1 34 -1 5 -1 34 32 3 3 -1 6 6 
2 -1 6 2 6 6 34 6 6 -1 6 -1 -1 5 2 2 3 -1 -1 -1 
2 2 2 2 7 7 34 34 6 6 6 6 2 2 2 -1 -1 3 -1 1 
3 2 7 3 7 3 3 6 6 6 6 6 2 3 2 3 34 34 1 2 
6 3 3 -1 3 3 6 3 6 6 6 2 6 -1 3 3 3 3 3 -1 
6 3 2 34 3 3 -1 42 6 6 6 2 6 6 3 -1 3 -1 2 -1 
3 3 3 3 -1 42 6 42 6 6 6 -1 34 34 3 3 34 -1 2 3 
3 3 3 3 -1 42 42 6 6 -1 -1 3 3 34 -1 -1 6 6 34 6 
3 6 3 2 2 2 -1 6 -1 -1 -1 3 3 -1 6 6 34 34 6 3 
6 -1 -1 6 6 -1 -1 4 4 4 -1 -1 -1 6 -1 6 34 34 34 6 
-1 -1 -1 6 -1 6 6 2 4 4 4 6 6 6 6 34 34 6 6 6 
6 -1 -1 6 -1 6 6 -1 2 -1 34 34 34 34 34 34 34 34 6 6 
6 6 -1 6 2 6 6 6 6 6 34 34 34 34 34 10 34 -1 6 6 
6 -1 6 3 3 3 3 -1 3 2 -1 6 4 4 4 4 4 4 4 -1 
-1 7 3 3 -1 3 4 3 4 -1 -1 2 6 -1 6 4 4 4 2 2 
4 7 3 2 2 4 4 4 4 -1 -1 -1 2 6 6 6 4 9 4 4 
2 4 4 2 3 2 -1 -1 4 4 -1 6 -1 6 6 6 4 9 4 4 
2 -1 -1 8 2 -1 -1 4 4 4 2 4 6 6 6 6 6 4 9 2 
6 33 33 8 8 8 8 3 4 4 4 4 4 33 6 -1 33 -1 33 2 
-1 -1 33 -1 8 -1 3 -1 4 4 4 7 7 6 4 4 33 33 33 -1 
5 3 -1 3 8 3 3 -1 4 -1 4 4 4 4 -1 33 33 5 6 33 
6 1 3 -1 -1 3 3 4 -1 4 4 4 4 4 33 33 33 33 5 6 
1 3 3 3 3 3 3 3 1 -1 4 4 4 4 32 33 33 33 5 5 
1 3 3 3 3 3 -1 1 1 1 4 4 4 4 4 -1 33 4 4 4 
-1 -1 -1 3 3 3 -1 4 1 -1 4 4 4 33 4 33 32 33 -1 5 
-1 -1 -1 3 3 3 3 4 1 3 4 4 4 4 4 -1 -1 32 33 6 
3 3 3 3 3 4 4 3 -1 4 4 4 4 -1 4 4 4 4 6 6 
-1 -1 2 3 -1 3 3 -1 -1 -1 4 4 6 4 4 -1 4 4 -1 3 
2 2 -1 2 5 3 5 5 -1 4 4 4 -1 4 4 4 6 4 -1 4 
8 8 -1 2 3 3 2 -1 5 4 4 4 4 4 4 4 6 6 4 8 
6 6 6 -1 -1 2 34 4 4 4 -1 4 -1 4 4 6 6 -1 8 6 
6 3 -1 3 3 4 34 4 4 4 2 4 4 4 4 4 6 8 -1 6 
6 7 3 -1 3 3 34 34 -1 2 2 -1 -1 4 4 6 4 -1 5 6 
4 6 4 4 -1 4 4 33 33 4 4 4 -1 4 4 33 33 -1 -1 4 
4 4 6 6 4 4 4 4 33 4 4 33 33 4 4 33 -1 -1 4 4 
4 4 -1 -1 2 4 4 4 6 4 -1 33 33 4 33 -1 -1 5 4 2 
4 4 4 2 4 6 -1 -1 6 6 -1 5 33 4 4 -1 5 5 -1 -1 
6 4 4 4 -1 6 6 6 -1 6 -1 -1 33 33 33 4 5 -1 5 6 
6 2 2 6 6 4 4 6 -1 3 3 40 1 33 33 5 5 2 -1 -1 
4 2 6 6 -1 4 4 3 2 3 3 40 40 1 6 1 5 33 33 -1 
4 -1 6 2 4 4 4 -1 40 3 -1 9 3 1 33 -1 -1 -1 33 4 
4 -1 -1 33 -1 -1 33 40 3 3 3 8 1 1 -1 33 33 -1 33 -1 
4 4 4 33 -1 33 -1 40 -1 32 32 32 1 33 -1 33 33 6 -1 4 
4 4 -1 33 33 33 -1 40 32 32 32 33 33 -1 -1 -1 -1 33 6 4 
6 -1 4 4 -1 -1 40 -1 -1 -1 -1 33 33 33 33 33 33 -1 -1 5 
-1 6 33 -1 4 32 32 32 40 -1 40 -1 -1 33 33 33 33 33 33 5 
2 2 33 40 32 4 4 4 4 33 40 -1 -1 4 33 33 33 -1 33 4 
33 -1 34 34 32 4 4 4 4 -1 33 -1 32 4 33 33 -1 33 33 33 
33 -1 -1 34 34 -1 4 6 6 4 33 33 -1 -1 33 33 33 34 33 33 
34 34 34 -1 34 4 2 33 6 4 33 33 33 -1 33 33 -1 34 34 -1 
6 34 6 6 -1 4 33 33 4 33 33 33 33 33 33 33 33 -1 34 -1 
4 6 4 6 -1 4 33 4 33 33 33 -1 -1 33 33 33 33 -1 34 6 
4 -1 4 4 4 4 -1 33 33 4 33 -1 4 -1 -1 33 33 33 6 6 
5 -1 -1 33 33 -1 33 -1 33 4 6 -1 4 6 -1 5 5 5 5 -1 
33 33 33 33 -1 33 33 33 33 4 4 4 6 6 6 5 5 5 5 33 
4 33 5 4 33 33 33 33 -1 33 33 6 6 4 5 5 5 5 33 -1 
4 33 -1 4 -1 6 -1 -1 4 -1 33 33 4 5 5 6 5 5 5 5 
-1 4 4 6 6 4 6 4 -1 -1 33 -1 4 5 5 5 5 -1 5 5 
4 -1 4 -1 -1 4 -1 40 33 33 -1 4 4 5 5 5 5 -1 5 -1 
-1 -1 -1 -1 4 4 4 -1 40 33 40 40 4 -1 5 5 5 5 5 5 
5 -1 4 4 4 4 -1 32 -1 40 40 40 40 5 4 5 4 4 4 5 
4 -1 4 4 4 5 32 40 40 40 40 40 40 40 40 4 4 -1 -1 5 
5 4 7 7 4 4 -1 -1 40 40 40 -1 40 -1 32 -1 -1 -1 4 4 
2 -1 4 7 7 -1 -1 -1 40 40 -1 40 40 40 32 6 32 32 32 2 
-1 7 -1 7 7 7 40 40 -1 -1 40 -1 -1 -1 6 6 40 32 -1 -1 
7 7 5 -1 -1 5 40 -1 4 4 -1 4 -1 5 4 -1 -1 40 32 -1 
4 4 5 5 5 5 5 -1 5 -1 4 -1 4 4 -1 -1 4 4 4 4 
4 5 5 5 5 5 5 5 5 3 -1 4 32 -1 -1 -1 4 4 4 4 
-1 5 -1 5 4 5 -1 5 5 3 5 4 4 32 -1 -1 -1 -1 -1 -1 
-1 1 1 1 5 7 4 5 3 5 -1 4 4 2 2 -1 -1 -1 -1 6 
6 1 1 -1 7 7 7 4 4 4 4 4 2 -1 2 5 5 5 6 -1 
1 -1 -1 -1 -1 33 33 33 4 4 -1 -1 4 4 4 6 5 6 -1 -1 
-1 1 -1 -1 -1 33 33 33 4 6 -1 4 4 -1 -1 6 6 5 5 5 
-1 -1 2 -1 32 32 32 -1 -1 -1 -1 4 2 2 33 -1 -1 6 6 -1 
-1 2 2 -1 -1 -1 -1 -1 40 7 7 5 2 2 -1 4 6 4 4 4 
-1 2 2 -1 40 40 32 32 32 5 7 4 2 -1 -1 4 -1 -1 4 4 
4 5 -1 -1 40 -1 40 40 2 -1 5 4 4 2 2 -1 -1 -1 5 -1 
5 -1 5 5 -1 40 41 40 -1 -1 -1 -1 4 5 2 -1 -1 5 -1 5 
-1 4 5 5 -1 -1 -1 41 41 5 5 -1 2 5 7 -1 -1 7 5 5 
4 4 -1 -1 4 4 -1 41 41 -1 -1 5 2 4 -1 7 6 7 33 4 
4 5 5 5 4 4 4 -1 41 -1 -1 -1 1 41 1 7 6 1 5 5 
7 5 5 5 4 4 -1 4 -1 41 -1 1 3 1 41 6 6 5 5 -1 
5 5 5 -1 4 4 4 -1 41 41 7 5 3 3 7 7 6 3 -1 7 
4 4 5 4 4 -1 -1 41 3 -1 -1 7 6 -1 -1 3 3 3 -1 4 
4 4 4 4 4 3 3 3 6 -1 -1 7 -1 4 4 3 3 4 -1 -1 
4 32 4 4 4 3 3 5 6 6 5 5 5 4 4 4 4 4 3 5 
32 4 4 4 4 3 41 41 5 6 4 5 5 -1 -1 4 4 4 5 4 
4 32 -1 4 41 41 41 -1 -1 -1 4 5 5 5 4 4 -1 4 4 4 
5 33 5 41 40 -1 -1 5 6 -1 5 4 5 5 -1 -1 4 -1 4 -1 
2 -1 -1 33 -1 41 -1 6 6 6 5 5 -1 -1 -1 33 4 4 4 -1 
2 -1 32 5 33 -1 6 6 -1 5 -1 -1 -1 -1 -1 -1 4 5 6 2 
6 -1 -1 5 5 5 6 -1 -1 4 -1 -1 4 -1 -1 -1 4 6 6 6 
-1 -1 -1 2 -1 32 -1 -1 -1 -1 4 4 6 2 -1 33 -1 6 4 6 
4 4 4 4 4 4 4 -1 -1 -1 -1 6 4 4 2 2 4 4 1 4 
4 4 4 4 4 4 4 41 32 -1 -1 4 4 4 -1 -1 5 4 4 -1 
4 4 4 -1 -1 4 4 41 32 41 6 -1 4 4 4 4 5 5 4 4 
4 4 4 4 4 -1 41 41 41 41 6 -1 -1 -1 4 4 5 5 5 4 
-1 -1 4 4 4 4 -1 4 41 -1 -1 4 5 4 4 4 5 -1 4 4 
4 4 4 4 4 4 4 41 41 41 4 4 4 4 4 4 4 4 -1 4 
4 4 -1 4 4 -1 41 41 41 4 4 4 4 -1 4 4 4 33 33 4 
4 4 -1 4 4 4 41 41 41 -1 4 4 4 4 -1 -1 4 -1 4 4 
4 4 -1 4 4 -1 4 4 -1 -1 1 -1 4 -1 -1 2 4 4 4 4 
4 4 -1 -1 4 -1 4 4 4 -1 1 4 4 4 -1 -1 2 32 4 4 
4 -1 -1 -1 -1 -1 -1 4 1 1 1 1 4 4 -1 2 32 2 32 4 
4 -1 4 4 4 4 -1 3 3 1 1 4 4 4 4 2 2 40 -1 4 
4 4 4 4 -1 4 3 3 4 4 1 4 40 4 4 2 41 40 41 4 
-1 40 -1 4 4 -1 4 3 -1 4 1 2 40 4 -1 40 40 41 41 4 
40 40 4 4 3 3 4 3 4 -1 -1 2 2 2 3 3 2 2 40 4 
40 4 -1 4 4 4 4 -1 -1 -1 7 5 3 3 -1 6 -1 3 -1 -1 
-1 40 4 -1 4 7 6 2 2 -1 2 6 7 6 6 7 6 6 4 -1 
4 4 -1 -1 4 4 4 2 2 2 -1 -1 -1 7 3 3 -1 4 4 4 
33 33 4 -1 4 4 4 4 -1 2 -1 2 2 3 3 -1 3 4 4 4 
33 4 32 4 4 4 4 4 2 -1 -1 6 2 4 2 -1 4 4 4 4 
-1 4 4 -1 1 1 -1 -1 -1 1 1 1 -1 4 -1 -1 4 4 -1 -1 
4 4 4 4 4 4 4 4 4 1 1 -1 4 6 6 6 4 -1 2 4 
4 -1 4 4 4 2 4 2 4 4 1 -1 -1 -1 4 4 -1 2 2 4 
2 -1 -1 4 -1 -1 2 4 4 1 4 -1 -1 4 -1 -1 4 -1 4 -1 
2 2 2 -1 2 -1 4 -1 -1 -1 6 -1 4 4 -1 4 32 4 4 2 
2 2 -1 2 -1 2 -1 1 -1 -1 6 6 4 4 4 32 4 2 -1 2 
2 2 2 2 2 2 2 -1 1 -1 -1 4 -1 4 4 32 4 3 4 2 
4 -1 2 4 2 2 2 -1 -1 4 -1 6 -1 4 2 2 2 4 2 4 
2 -1 2 2 4 4 -1 -1 4 -1 -1 6 -1 4 2 2 2 6 4 -1 
2 4 -1 4 4 4 4 4 4 6 -1 -1 4 -1 4 4 2 4 -1 -1 
4 4 -1 -1 4 4 4 4 4 4 4 4 4 -1 4 2 6 4 -1 4 
4 -1 4 8 -1 4 4 -1 4 4 4 4 -1 4 4 6 6 4 4 -1 
4 4 4 4 4 -1 6 4 4 4 4 4 -1 4 4 4 4 -1 8 4 
4 4 4 4 4 4 6 6 4 -1 4 4 4 4 4 4 4 -1 4 4 
4 4 4 4 -1 4 6 -1 -1 4 -1 -1 4 -1 4 4 4 4 8 4 
-1 4 -1 4 4 4 4 -1 6 4 6 4 4 -1 -1 4 2 4 4 -1 
4 4 4 -1 4 4 4 1 1 1 6 4 -1 4 -1 -1 -1 -1 4 -1 
4 4 4 -1 4 -1 1 1 1 1 -1 -1 4 4 -1 -1 -1 4 4 4 
4 -1 8 4 1 4 1 1 1 -1 1 4 2 4 -1 4 4 4 4 4 
-1 4 4 8 1 1 -1 1 1 1 -1 -1 4 2 4 4 4 4 4 4 
-1 4 -1 -1 4 4 1 1 -1 -1 -1 4 4 2 -1 -1 -1 -1 6 6 
-1 -1 4 4 4 1 1 6 -1 -1 6 -1 2 2 6 6 -1 -1 -1 -1 
-1 4 4 4 4 -1 6 -1 4 6 6 6 6 2 6 6 6 6 -1 -1 
6 6 4 -1 -1 -1 6 6 4 4 6 -1 2 6 -1 6 6 6 -1 6 
6 6 6 -1 4 4 1 -1 6 1 4 -1 6 6 6 6 6 6 -1 -1 
4 8 6 -1 4 6 1 1 1 -1 -1 6 6 -1 -1 6 6 6 4 4 
8 4 -1 1 -1 9 1 9 -1 -1 6 6 6 6 -1 1 -1 -1 -1 4 
6 6 4 1 4 1 9 9 1 -1 -1 6 4 6 4 4 4 -1 6 8 
6 4 4 4 5 5 9 9 -1 1 -1 -1 6 4 4 4 4 5 6 6 
6 4 4 -1 5 5 4 4 -1 1 4 6 6 6 6 4 4 5 6 6 
4 4 -1 5 -1 5 5 -1 5 1 6 4 4 6 6 -1 5 4 -1 -1 
4 4 4 4 4 4 -1 5 5 32 4 4 6 4 6 6 5 4 4 4 
4 4 4 1 4 4 5 -1 32 32 -1 4 4 1 4 5 5 1 4 -1 
4 -1 4 -1 1 4 4 4 4 4 32 -1 4 4 4 4 4 1 4 -1 
2 2 4 4 4 4 4 32 4 4 32 -1 4 -1 4 -1 4 4 4 4 
4 4 -1 4 4 1 4 -1 4 5 4 4 4 4 4 -1 -1 -1 4 4 
4 4 4 1 1 1 1 4 4 -1 5 4 -1 -1 -1 1 4 5 -1 1 
4 4 1 -1 4 -1 4 4 -1 1 5 -1 4 4 1 1 5 1 -1 1 
4 4 -1 1 1 4 1 1 1 -1 5 3 4 4 4 4 1 4 -1 -1 
-1 -1 4 -1 4 4 1 1 -1 -1 3 3 4 4 1 1 4 -1 6 6 
3 -1 2 34 -1 9 9 9 4 -1 4 34 6 3 -1 2 -1 4 4 3 
3 34 -1 34 4 9 9 9 4 4 4 4 4 -1 3 3 3 3 6 6 
-1 6 34 34 4 34 34 -1 4 4 4 4 -1 -1 3 3 3 6 3 3 
6 6 6 -1 -1 34 34 4 4 4 4 4 3 3 6 3 3 3 6 6 
-1 -1 -1 6 42 42 34 4 4 4 -1 -1 3 3 3 -1 3 3 6 4 
-1 -1 6 42 42 -1 -1 42 -1 -1 4 -1 -1 3 3 -1 3 3 4 6 
-1 -1 42 6 34 42 4 4 42 6 -1 3 3 -1 -1 3 3 4 4 6 
6 -1 4 4 42 34 4 4 4 -1 10 3 -1 -1 -1 3 3 4 -1 34 
6 -1 42 42 42 4 4 4 4 10 6 10 10 -1 4 6 -1 -1 -1 34 
4 4 4 -1 4 -1 4 4 4 4 6 -1 6 6 6 4 -1 -1 4 4 
-1 -1 -1 4 -1 4 4 4 34 -1 35 -1 -1 6 4 4 6 6 4 4 
4 6 1 6 -1 -1 4 34 34 -1 35 34 6 6 6 -1 6 4 7 4 
7 1 1 1 6 4 35 34 -1 35 34 35 6 6 40 6 -1 4 4 7 
4 6 6 6 6 6 6 35 35 -1 35 -1 6 6 4 4 -1 4 -1 4 
-1 6 -1 6 6 4 6 2 6 2 6 6 6 6 6 4 4 -1 4 -1 
5 -1 6 6 2 2 2 6 4 6 2 4 -1 -1 2 2 4 4 4 5 
5 5 6 5 6 -1 -1 -1 6 4 4 -1 4 -1 2 2 34 34 4 5 
4 5 5 5 6 6 6 4 -1 4 -1 4 4 4 -1 42 5 5 -1 4 
4 2 5 2 2 6 6 -1 4 4 4 4 4 4 -1 34 4 5 5 4 
-1 4 2 2 2 2 6 6 4 -1 4 34 4 -1 3 4 -1 4 3 4 
4 -1 34 34 6 42 6 6 4 4 4 4 4 4 4 -1 4 6 4 4 
34 4 34 -1 34 34 34 6 4 4 4 4 4 4 -1 4 -1 6 -1 4 
34 4 -1 6 6 6 6 6 34 34 4 -1 4 -1 4 -1 6 6 34 4 
34 34 -1 10 -1 -1 34 6 4 4 4 4 -1 -1 -1 -1 4 6 -1 -1 
4 -1 10 10 -1 6 34 4 33 33 -1 33 -1 -1 -1 -1 6 -1 6 -1 
10 10 10 10 2 2 6 33 33 33 33 -1 33 -1 4 -1 6 6 6 10 
34 34 10 34 -1 6 6 33 33 4 33 33 6 4 33 4 4 6 6 10 
34 2 10 34 34 -1 -1 6 33 -1 4 4 4 -1 33 4 6 6 10 10 
6 -1 2 34 -1 6 -1 -1 -1 6 6 6 4 33 33 33 -1 6 6 -1 
-1 6 6 -1 5 6 -1 -1 -1 6 4 -1 4 -1 -1 33 33 6 6 6 
2 2 2 2 5 -1 -1 -1 4 4 4 4 4 -1 -1 2 33 6 6 2 
2 2 2 -1 5 -1 -1 -1 -1 4 -1 4 4 -1 -1 -1 2 6 6 2 
2 2 2 6 -1 -1 -1 -1 -1 -1 4 4 -1 4 -1 -1 6 2 2 -1 
-1 2 2 2 2 5 5 4 -1 -1 4 -1 4 2 -1 4 2 2 -1 2 
2 6 6 2 2 33 4 4 4 4 4 4 2 2 4 4 4 4 4 -1 
6 6 33 33 33 6 6 6 4 4 4 4 2 2 4 -1 4 6 -1 4 
6 2 -1 2 6 6 6 6 4 4 -1 -1 2 2 4 4 4 34 34 34 
4 2 2 -1 6 -1 6 -1 6 -1 4 4 2 -1 -1 4 4 34 4 2 
-1 2 2 2 6 6 6 6 4 4 -1 4 -1 -1 -1 -1 -1 4 3 4 
4 4 2 2 4 42 42 6 6 4 4 4 4 -1 -1 -1 4 4 -1 4 
6 -1 6 33 33 34 1 4 34 4 4 4 4 2 9 5 -1 -1 -1 34 
6 6 -1 -1 33 33 4 42 4 34 5 -1 2 5 5 5 5 5 34 -1 
6 -1 -1 34 33 33 34 6 6 -1 -1 5 -1 -1 1 5 5 5 6 6 
6 -1 4 34 34 34 42 42 -1 4 5 4 -1 4 33 6 6 6 6 6 
-1 4 -1 4 34 34 34 34 5 4 5 -1 4 2 6 6 6 -1 6 6 
6 34 4 4 34 -1 6 6 5 5 5 5 5 5 5 2 2 2 6 6 
6 34 34 34 34 -1 6 6 -1 2 2 -1 2 5 -1 2 2 2 6 6 
2 34 34 34 -1 -1 6 2 -1 2 2 2 6 2 2 2 2 -1 6 6 
-1 7 34 -1 -1 -1 -1 6 2 2 2 2 2 2 6 -1 -1 6 -1 2 
6 6 7 6 -1 -1 6 6 -1 2 2 -1 6 6 -1 -1 -1 -1 2 6 
6 7 6 6 6 6 6 6 -1 -1 -1 -1 6 6 -1 2 4 4 6 6 
6 6 6 6 6 6 6 6 6 -1 6 6 -1 6 -1 -1 4 4 -1 6 
4 -1 6 -1 33 33 -1 33 6 -1 -1 6 -1 6 6 6 6 6 6 6 
6 34 -1 -1 6 33 33 33 -1 6 6 -1 -1 6 6 6 -1 6 -1 6 
4 -1 34 6 -1 33 33 -1 -1 -1 -1 -1 6 -1 -1 -1 6 6 6 6 
-1 -1 6 -1 6 33 -1 -1 -1 -1 -1 -1 -1 -1 -1 -1 -1 -1 6 6 
6 -1 6 6 -1 6 -1 -1 -1 -1 -1 -1 -1 -1 -1 6 6 6 6 6 
-1 6 6 -1 -1 6 6 -1 -1 -1 -1 -1 -1 -1 -1 -1 6 6 6 6 
6 6 6 6 -1 6 6 34 -1 4 4 -1 -1 -1 -1 6 6 6 34 -1 
6 6 6 6 1 1 34 34 42 2 2 4 4 -1 -1 9 5 -1 34 -1 
34 34 32 -1 -1 -1 6 6 -1 4 2 4 -1 -1 -1 4 4 4 4 34 
34 34 6 -1 64 -1 -1 6 6 4 4 4 -1 4 -1 4 4 -1 34 34 
4 34 6 -1 -1 -1 -1 6 6 34 4 4 4 -1 4 4 -1 4 4 4 
4 34 34 -1 4 4 -1 4 34 34 34 4 4 4 4 4 4 4 4 4 
1 6 -1 4 4 -1 4 -1 -1 -1 -1 4 4 4 4 4 -1 4 4 -1 
-1 4 4 4 4 4 -1 -1 4 -1 -1 4 4 -1 -1 4 4 1 1 -1 
6 6 4 4 4 4 4 4 4 4 4 4 4 4 -1 4 4 4 6 6 
6 4 -1 4 4 6 4 -1 -1 4 4 6 4 4 4 4 4 -1 -1 4 
-1 4 4 6 -1 6 4 4 -1 4 6 4 -1 4 4 -1 4 4 -1 6 
6 4 4 6 4 4 6 4 4 -1 6 2 4 4 4 4 4 4 4 6 
6 -1 6 -1 6 4 4 6 4 4 6 4 2 4 -1 4 6 6 -1 6 
6 4 6 4 4 4 4 4 4 4 4 2 2 3 2 4 -1 6 -1 -1 
6 6 -1 4 -1 6 6 6 4 4 4 -1 2 2 7 4 6 6 -1 1 
1 1 -1 -1 -1 4 6 6 4 4 4 4 4 4 4 4 -1 6 6 6 
6 1 1 -1 4 4 -1 4 9 4 4 4 4 4 4 4 6 2 -1 6 
-1 6 -1 -1 4 4 4 4 6 4 4 4 4 4 4 -1 4 6 2 2 
-1 -1 -1 -1 1 -1 4 -1 4 4 4 4 4 4 -1 4 4 2 2 4 
4 4 32 1 1 4 4 6 6 4 4 4 4 4 4 4 4 6 4 4 
4 4 32 32 1 4 4 6 -1 6 -1 4 4 4 4 4 6 6 4 -1 
4 -1 -1 32 -1 6 4 6 6 2 4 4 4 -1 -1 4 4 6 6 4 
4 -1 -1 -1 4 4 -1 -1 -1 4 -1 4 -1 2 2 -1 2 -1 4 4 
4 6 4 4 4 4 4 -1 4 4 4 4 2 2 4 2 2 2 4 4 
4 4 8 4 4 4 4 4 4 6 6 4 6 4 2 2 -1 2 2 4 
-1 -1 9 8 4 -1 4 4 4 4 6 6 -1 4 2 2 -1 4 4 -1 
-1 2 -1 9 -1 -1 4 -1 -1 4 -1 4 -1 -1 -1 -1 -1 -1 2 2 
-1 2 -1 4 -1 -1 -1 4 -1 4 -1 4 -1 -1 -1 -1 4 4 -1 2 
2 2 -1 -1 -1 6 -1 6 -1 -1 6 6 -1 6 -1 6 4 2 2 2 
2 -1 2 6 6 4 6 6 -1 -1 4 6 4 -1 6 6 4 2 2 2 
1 1 -1 -1 6 6 6 -1 -1 4 -1 6 6 -1 -1 -1 4 4 4 2 
1 1 -1 1 6 4 4 6 4 4 4 4 4 6 -1 2 -1 4 -1 -1 
-1 -1 4 6 6 4 4 4 4 -1 -1 -1 -1 6 4 -1 2 2 4 4 
-1 1 4 6 4 4 4 -1 4 4 -1 -1 1 6 -1 -1 2 2 4 1 
-1 1 6 4 -1 6 -1 -1 -1 -1 4 -1 1 -1 -1 -1 -1 2 6 -1 
-1 -1 1 4 -1 -1 -1 -1 -1 4 4 -1 1 1 -1 -1 2 6 1 1 
6 1 1 6 6 -1 -1 4 4 4 4 -1 1 1 -1 2 4 1 1 6 
1 -1 1 1 6 6 4 -1 4 4 -1 -1 2 -1 2 2 4 1 1 1 
4 4 1 6 9 4 -1 -1 -1 4 -1 4 -1 2 2 2 2 4 4 1 
1 1 1 6 4 -1 -1 32 32 -1 4 1 4 -1 3 2 4 4 4 -1 
-1 4 1 4 6 -1 -1 4 4 4 1 4 4 2 2 4 -1 4 2 -1 
-1 4 4 -1 4 6 6 4 4 4 -1 2 2 2 -1 -1 -1 4 -1 -1 
-1 -1 -1 -1 -1 -1 2 -1 -1 6 6 6 6 -1 6 -1 4 4 4 -1 
-1 -1 -1 -1 2 2 2 2 6 6 -1 6 -1 -1 4 6 -1 4 -1 4 
-1 4 -1 -1 4 2 2 4 2 -1 6 6 6 6 6 -1 4 4 4 4 
4 4 4 4 -1 4 4 2 4 4 6 6 6 6 6 4 4 4 4 -1 
4 4 4 4 -1 4 4 4 -1 6 6 6 -1 -1 6 -1 4 4 4 4 
4 4 4 -1 4 4 4 -1 -1 -1 -1 -1 -1 -1 4 6 3 -1 4 4 
4 4 -1 6 4 4 4 4 -1 -1 32 32 -1 32 -1 6 3 4 4 -1 
-1 -1 4 -1 4 4 4 4 4 4 4 32 32 5 5 4 3 4 4 4 
-1 6 6 6 -1 -1 -1 32 4 4 4 -1 5 5 4 5 -1 4 4 2 
2 6 6 6 -1 -1 -1 -1 4 2 6 4 -1 4 -1 -1 32 32 -1 5 
5 4 4 4 4 4 -1 -1 4 -1 2 -1 -1 4 4 4 4 32 4 2 
-1 5 4 4 -1 -1 -1 -1 -1 -1 -1 -1 4 4 4 4 4 4 4 -1 
5 -1 -1 4 4 -1 -1 4 -1 -1 4 4 -1 4 4 -1 33 4 -1 -1 
5 -1 -1 4 4 4 4 4 -1 4 4 4 -1 -1 4 33 4 4 4 4 
4 5 -1 -1 -1 3 4 4 -1 4 -1 4 -1 4 32 33 2 2 4 -1 
4 2 -1 -1 -1 4 4 -1 -1 4 2 -1 32 32 4 4 2 -1 4 4 
4 -1 2 2 2 -1 -1 -1 4 -1 4 -1 4 4 4 4 4 4 4 4 
-1 2 -1 2 -1 4 4 4 -1 -1 4 4 -1 4 4 6 4 4 4 4 
4 -1 -1 4 -1 -1 2 -1 -1 4 -1 -1 -1 4 6 4 4 4 4 -1 
-1 4 4 -1 -1 -1 2 4 4 4 -1 6 6 6 6 6 6 4 -1 4 
6 6 6 6 -1 -1 3 5 -1 3 -1 3 6 4 -1 4 5 4 6 6 
6 6 6 -1 3 -1 -1 3 3 4 -1 6 4 -1 -1 5 5 6 -1 6 
6 6 6 5 5 4 -1 3 4 6 -1 6 6 5 5 5 -1 6 6 6 
6 -1 4 5 5 3 -1 3 -1 -1 6 -1 6 6 5 -1 -1 6 6 6 
-1 5 4 4 5 3 -1 -1 4 6 6 -1 -1 6 6 -1 -1 -1 6 6 
5 -1 4 4 4 -1 4 4 4 4 6 6 6 -1 6 -1 -1 6 6 6 
6 5 5 4 4 4 4 4 4 4 6 6 6 -1 -1 6 5 6 -1 -1 
-1 6 6 4 3 3 4 4 -1 -1 -1 -1 12 6 -1 5 5 -1 4 -1 
-1 6 -1 -1 -1 3 4 4 3 3 3 12 6 12 -1 3 5 -1 -1 -1 
-1 -1 6 -1 3 3 -1 -1 3 3 6 6 12 6 3 6 -1 5 5 -1 
4 -1 -1 6 -1 -1 -1 3 3 3 6 6 6 6 3 6 6 6 -1 -1 
4 -1 6 -1 -1 3 -1 -1 3 3 -1 3 -1 6 6 6 6 -1 6 4 
-1 -1 -1 -1 4 4 3 3 3 3 -1 3 2 6 -1 6 6 6 6 -1 
4 -1 -1 -1 4 -1 6 -1 3 3 3 -1 6 6 -1 -1 6 6 -1 -1 
-1 -1 -1 -1 -1 4 4 4 -1 -1 -1 -1 -1 -1 6 -1 -1 -1 -1 -1 
32 -1 -1 -1 -1 6 4 4 4 -1 5 -1 -1 -1 3 3 -1 -1 32 32 
4 32 4 -1 6 6 6 4 -1 -1 -1 -1 4 4 -1 4 -1 -1 -1 6 
6 4 6 -1 6 6 -1 5 4 -1 -1 4 5 -1 -1 4 5 -1 6 6 
-1 6 -1 -1 -1 5 5 -1 -1 -1 5 -1 5 -1 -1 6 -1 -1 6 -1 
6 6 6 -1 -1 -1 4 4 4 -1 3 -1 5 6 -1 6 6 4 4 -1 
5 5 5 5 4 -1 -1 -1 7 3 5 5 -1 6 6 6 -1 5 6 5 
5 4 5 -1 4 5 -1 -1 -1 3 6 -1 5 -1 -1 -1 -1 5 -1 5 
4 4 5 -1 5 -1 4 4 6 6 6 6 6 -1 6 6 -1 -1 5 5 
4 4 -1 3 3 6 4 6 -1 6 6 -1 6 6 6 6 -1 5 5 4 
4 4 4 -1 3 5 6 4 3 -1 6 6 -1 6 6 -1 6 4 -1 -1 
-1 4 4 3 6 4 6 6 6 3 6 6 6 6 6 6 5 4 -1 -1 
-1 -1 3 4 -1 6 6 6 6 4 6 6 6 6 6 -1 4 -1 5 5 
4 -1 4 3 4 4 6 6 -1 -1 6 6 6 6 6 -1 5 -1 -1 -1 
9 3 3 6 6 6 -1 -1 -1 6 6 6 6 6 -1 4 4 4 1 -1 
-1 3 4 6 4 2 4 3 -1 -1 4 4 6 -1 4 4 -1 -1 1 1 
1 3 3 3 4 4 2 3 -1 -1 -1 6 4 4 4 -1 -1 -1 -1 1 
-1 1 -1 6 2 2 -1 -1 -1 -1 6 4 -1 4 4 -1 -1 -1 1 1 
-1 -1 1 -1 6 6 -1 -1 -1 -1 6 6 -1 -1 -1 4 -1 -1 1 1 
-1 -1 -1 6 6 -1 -1 -1 -1 4 6 -1 6 4 4 -1 -1 -1 1 1 
-1 -1 -1 -1 6 6 -1 -1 -1 6 6 -1 4 6 -1 -1 -1 -1 1 -1 
-1 6 6 -1 6 7 6 6 6 -1 -1 -1 6 -1 6 -1 -1 6 4 40 
-1 -1 -1 -1 4 6 -1 4 6 6 -1 -1 -1 -1 -1 -1 6 6 6 4 
-1 -1 5 -1 -1 5 4 7 -1 4 -1 -1 -1 -1 -1 3 3 6 6 -1 
-1 4 5 -1 5 5 7 -1 -1 -1 4 5 6 -1 6 -1 3 3 -1 -1 
4 -1 5 5 -1 -1 5 7 -1 7 5 5 5 6 -1 6 -1 6 6 6 
7 -1 4 6 6 -1 -1 3 4 4 4 4 4 3 3 4 7 7 7 7 
-1 6 4 -1 -1 -1 -1 3 4 -1 5 7 4 4 4 4 4 4 7 7 
4 4 6 4 5 6 6 6 -1 4 4 7 4 7 -1 4 -1 4 -1 7 
6 6 6 5 -1 -1 6 -1 6 4 4 4 7 7 4 4 4 4 4 4 
6 6 -1 6 6 6 6 6 4 4 -1 4 7 7 4 4 4 4 4 6 
-1 4 6 6 6 6 6 -1 6 -1 -1 7 7 4 7 4 -1 1 4 4 
4 4 -1 -1 4 4 4 4 4 -1 -1 4 4 4 7 4 1 1 1 -1 
6 4 4 4 4 4 4 4 4 4 4 7 7 6 -1 4 4 -1 1 6 
6 4 4 4 4 4 4 4 4 -1 4 7 7 7 4 4 4 6 6 5 
-1 6 4 4 4 4 4 4 -1 4 4 4 6 6 -1 -1 -1 1 6 5 
4 4 4 2 2 -1 4 4 -1 4 4 6 4 6 -1 -1 1 -1 1 4 
6 4 2 2 2 -1 2 4 4 4 4 4 6 4 6 6 -1 1 4 4 
6 6 4 4 2 2 4 4 4 4 4 4 6 6 6 6 1 -1 -1 6 
6 6 6 2 4 4 2 -1 -1 4 4 4 -1 6 6 6 6 4 6 -1 
4 6 2 6 4 -1 -1 6 6 4 4 4 6 -1 6 -1 -1 6 4 6 
6 6 6 6 6 6 3 6 -1 -1 4 4 4 6 6 6 -1 -1 6 6 
6 -1 6 6 6 6 6 6 -1 -1 4 4 6 6 6 -1 -1 -1 6 -1 
6 6 6 6 6 6 6 -1 6 -1 4 -1 -1 6 6 4 -1 7 6 4 
6 4 6 4 -1 -1 6 6 4 32 -1 4 3 3 4 4 -1 6 7 -1 
7 7 4 6 4 -1 -1 -1 32 32 6 -1 4 -1 3 4 4 6 6 7 
-1 -1 4 4 4 -1 4 -1 4 4 1 5 6 5 6 -1 -1 6 -1 6 
6 4 6 4 4 4 4 4 32 32 5 5 5 6 5 6 6 6 6 -1 
4 6 4 -1 4 4 4 -1 4 6 6 6 -1 -1 6 -1 6 -1 6 4 
-1 6 4 6 4 4 -1 4 6 2 4 4 4 4 6 6 6 4 4 -1 
-1 6 6 -1 4 -1 -1 -1 2 -1 -1 6 4 4 6 4 1 4 -1 6 
6 6 6 -1 -1 6 -1 -1 33 5 5 -1 -1 -1 6 4 4 4 -1 6 
6 6 6 4 -1 5 6 3 5 33 -1 -1 -1 6 -1 6 -1 4 -1 6 
6 6 5 6 5 6 5 5 5 -1 -1 5 5 6 6 -1 4 6 6 6 
6 6 6 5 -1 6 5 5 3 6 4 4 6 3 6 6 -1 -1 6 6 
6 6 -1 -1 5 -1 2 2 -1 -1 -1 4 -1 3 6 -1 6 6 6 2 
5 5 4 5 -1 2 2 2 2 -1 6 4 3 -1 -1 6 6 6 2 2 
5 4 4 -1 32 2 2 2 -1 2 -1 3 1 6 6 6 6 3 2 -1 
5 4 4 32 -1 -1 -1 -1 6 2 6 6 5 6 6 6 6 5 6 5 
4 5 5 -1 32 -1 2 9 6 6 -1 -1 6 5 5 -1 6 5 5 5 
5 5 -1 32 32 32 9 -1 -1 5 6 6 -1 5 5 5 5 5 5 5 
5 5 32 6 6 4 5 -1 5 5 6 6 6 -1 5 5 -1 5 5 32 
5 32 -1 -1 6 5 -1 4 4 -1 6 -1 6 6 5 5 32 32 32 5 
-1 -1 -1 -1 6 6 4 -1 4 5 1 -1 -1 6 6 32 -1 -1 -1 6 
6 4 -1 -1 1 6 6 6 5 4 5 1 -1 6 6 -1 32 -1 -1 6 
6 6 4 -1 4 1 5 4 -1 4 5 1 5 6 -1 -1 -1 -1 6 -1 
6 6 -1 5 5 1 1 1 6 -1 6 6 -1 -1 6 6 6 6 -1 -1 
1 6 6 5 5 -1 -1 -1 1 -1 6 6 -1 6 6 6 6 4 6 -1 
-1 -1 4 5 -1 5 -1 6 -1 6 -1 4 -1 -1 6 6 -1 6 4 4 
-1 5 5 4 5 -1 6 6 6 6 -1 6 -1 6 6 -1 5 6 6 6 
5 4 4 5 5 4 6 6 6 6 -1 6 6 6 -1 5 5 -1 -1 4 
5 4 4 4 4 6 6 6 6 6 6 -1 6 6 -1 -1 -1 4 -1 4 
4 -1 4 -1 4 4 6 5 -1 6 6 5 5 5 -1 -1 4 6 6 4 
4 4 4 -1 4 -1 -1 5 6 -1 6 5 5 3 -1 -1 4 4 -1 6 
-1 4 -1 4 5 5 -1 -1 -1 6 5 6 3 3 -1 4 4 4 -1 4 
4 4 4 4 4 4 -1 5 -1 -1 5 5 5 5 -1 4 1 4 4 4 
4 4 4 4 -1 4 4 5 5 -1 5 4 5 -1 -1 4 1 4 -1 4 
4 4 4 -1 -1 4 5 2 2 -1 -1 5 5 5 5 -1 4 -1 4 4 
4 4 -1 -1 -1 -1 5 5 2 2 2 4 5 -1 -1 4 -1 -1 -1 4 
4 4 4 -1 -1 -1 5 2 2 2 2 5 5 -1 -1 -1 -1 -1 4 4 
4 4 4 4 4 -1 -1 5 5 2 -1 5 5 -1 -1 4 -1 -1 4 4 
4 4 4 -1 4 -1 -1 5 5 2 -1 5 5 4 4 4 -1 -1 4 4 
6 6 4 -1 6 6 6 6 6 2 2 5 5 -1 4 -1 -1 -1 -1 -1 
6 6 6 6 4 6 4 6 -1 -1 6 6 5 -1 4 -1 6 -1 -1 6 
4 6 6 6 6 6 6 6 4 6 6 6 -1 -1 6 6 6 -1 -1 6 
6 6 4 6 6 2 1 1 4 6 6 -1 -1 -1 6 5 6 6 6 6 
4 6 -1 -1 6 1 4 4 4 4 4 5 -1 6 6 6 -1 -1 -1 1 
6 -1 6 6 1 4 4 6 4 -1 4 4 6 6 6 -1 4 4 1 6 
6 -1 4 2 1 -1 2 6 4 -1 4 -1 6 -1 6 6 3 4 1 -1 
-1 -1 -1 1 -1 -1 2 2 2 -1 -1 6 32 -1 6 6 6 6 1 1 
1 1 -1 -1 -1 4 2 2 2 -1 -1 32 1 32 -1 6 6 6 1 -1 
1 -1 -1 -1 -1 1 4 2 2 1 1 32 -1 4 32 -1 6 6 -1 1 
1 -1 -1 -1 -1 -1 1 2 1 1 1 1 -1 -1 32 4 6 6 -1 1 
-1 -1 -1 -1 1 2 -1 -1 2 1 1 1 -1 4 -1 4 6 6 1 -1 
-1 1 2 -1 2 1 2 4 4 -1 2 1 1 1 4 -1 6 4 -1 -1 
1 1 -1 2 2 2 2 2 4 -1 1 1 1 -1 -1 4 4 6 -1 -1 
1 1 1 2 2 2 -1 4 4 -1 5 1 1 -1 4 4 4 -1 4 1 
1 1 1 4 4 4 4 -1 -1 -1 -1 -1 4 4 4 4 4 4 -1 9 
9 1 1 -1 4 4 4 4 -1 -1 -1 -1 -1 -1 4 -1 4 4 4 4 
9 9 -1 -1 -1 -1 4 4 -1 -1 8 -1 6 -1 -1 -1 -1 4 -1 2 
9 3 3 -1 -1 -1 4 -1 4 8 -1 -1 -1 2 6 4 -1 4 2 -1 
-1 -1 -1 -1 4 -1 -1 4 8 -1 4 -1 -1 4 6 -1 4 4 -1 -1 
-1 -1 -1 -1 -1 4 4 -1 -1 4 -1 4 -1 4 -1 -1 2 2 2 40 
40 -1 -1 -1 -1 -1 4 4 -1 1 1 4 -1 -1 -1 2 2 -1 2 -1 
1 4 -1 -1 -1 -1 4 -1 6 1 4 1 1 -1 -1 -1 -1 -1 4 -1 
4 -1 -1 -1 6 4 4 4 4 4 4 -1 1 6 6 2 -1 -1 4 4 
-1 -1 6 32 32 2 2 2 2 -1 -1 -1 -1 -1 6 6 6 -1 -1 4 
6 6 32 6 32 2 2 2 2 -1 -1 -1 -1 -1 -1 -1 6 -1 4 4 
6 -1 4 -1 2 32 2 -1 2 2 -1 -1 4 4 2 2 -1 -1 4 4 
-1 -1 -1 4 32 -1 2 -1 -1 -1 -1 -1 -1 4 1 -1 6 6 6 4 
4 4 4 4 6 -1 2 6 -1 -1 -1 -1 2 -1 6 1 6 6 -1 -1 
4 4 4 4 -1 6 -1 4 6 -1 -1 4 -1 4 6 -1 -1 2 2 4 
4 4 4 -1 -1 -1 6 6 32 4 4 4 4 2 4 6 -1 -1 -1 4 
4 6 4 -1 6 6 6 6 32 32 -1 4 -1 4 2 2 -1 -1 -1 6 
6 6 -1 6 6 6 6 32 32 1 4 4 -1 -1 2 2 2 2 -1 -1 
1 -1 6 6 6 6 6 32 4 4 1 1 2 -1 4 2 2 -1 2 6 
6 6 4 6 -1 6 32 6 6 4 1 2 4 4 4 2 4 2 1 1 
6 6 6 4 -1 -1 -1 -1 -1 -1 1 4 4 -1 4 4 4 1 1 1 
1 6 6 6 -1 2 2 2 4 4 4 4 4 4 4 4 4 4 1 6 
6 6 6 -1 4 2 4 4 1 -1 4 4 4 -1 -1 4 4 1 4 6 
1 1 2 -1 4 2 -1 1 1 -1 1 4 1 4 4 5 -1 5 4 1 
2 2 2 -1 2 2 -1 4 -1 1 1 1 -1 2 2 4 5 5 5 -1 
-1 4 2 -1 2 -1 -1 4 -1 1 1 1 2 2 -1 5 4 32 5 6 
32 4 32 32 32 -1 -1 -1 2 2 1 1 2 2 -1 4 -1 4 32 6 
32 32 6 32 2 -1 2 2 2 2 10 10 2 -1 5 32 5 6 32 32 
32 32 32 6 -1 2 2 2 2 2 -1 10 -1 -1 -1 5 6 6 -1 -1 
2 2 2 2 2 2 2 8 8 2 2 2 4 2 1 2 -1 -1 2 -1 
2 2 2 -1 -1 4 8 8 2 -1 1 4 4 2 -1 8 2 2 2 2 
2 33 2 2 2 8 4 8 1 1 4 4 2 1 8 -1 2 2 2 2 
2 2 2 2 2 2 8 4 -1 1 4 1 1 4 -1 -1 2 2 2 2 
2 2 -1 2 4 -1 2 2 2 -1 1 -1 1 1 -1 -1 -1 2 2 2 
2 -1 4 2 4 4 2 6 2 -1 2 2 -1 -1 -1 -1 2 2 2 2 
2 2 4 2 4 4 5 2 -1 -1 2 -1 2 2 2 2 2 2 -1 4 
-1 -1 4 2 4 -1 2 2 2 2 -1 2 2 2 2 2 2 2 4 4 
2 2 4 6 4 6 2 -1 2 2 2 -1 2 2 2 2 2 -1 -1 2 
2 2 2 2 6 6 2 2 2 2 2 2 -1 -1 2 2 -1 -1 6 2 
2 2 2 6 6 2 2 2 2 2 2 2 2 -1 -1 2 2 6 2 2 
2 2 4 2 2 -1 6 -1 2 2 2 2 2 2 2 2 -1 2 6 2 
-1 -1 2 2 -1 -1 -1 -1 2 2 2 -1 2 -1 2 2 2 2 2 2 
2 2 2 2 2 2 2 2 2 2 2 2 2 2 -1 2 -1 2 2 2 
2 2 2 2 2 2 4 4 2 2 2 2 2 -1 2 2 2 2 2 2 
4 2 2 2 2 -1 -1 -1 2 2 2 2 -1 2 -1 -1 2 2 2 2 
-1 2 2 2 2 2 -1 4 2 2 2 -1 2 4 2 2 -1 2 2 4 
2 2 2 2 2 2 4 4 8 4 2 2 4 2 4 4 2 2 2 2 
-1 2 -1 2 2 2 4 4 4 8 2 -1 2 -1 -1 2 2 2 2 2 
2 -1 2 2 2 2 4 2 8 2 4 2 2 2 2 2 2 2 -1 2 
-1 -1 -1 2 6 33 33 2 2 2 2 2 -1 2 4 -1 6 6 33 6 
6 33 2 33 -1 33 33 -1 2 -1 2 -1 -1 -1 2 6 -1 6 6 33 
33 -1 33 6 33 33 2 2 2 2 2 2 2 2 2 6 -1 2 6 2 
33 33 33 33 33 2 2 2 2 2 2 2 2 2 2 2 2 2 2 33 
33 33 33 33 2 33 33 2 -1 2 2 2 2 2 2 2 2 -1 33 33 
2 33 33 33 -1 2 -1 2 2 2 2 2 -1 -1 2 2 -1 2 -1 -1 
-1 -1 33 2 -1 2 2 2 2 -1 2 2 -1 8 -1 8 8 2 -1 2 
2 33 33 2 2 2 2 2 2 2 -1 2 8 8 8 8 2 2 -1 2 
33 33 -1 2 -1 33 33 1 1 4 2 2 -1 8 -1 8 8 8 2 33 
2 2 2 33 33 -1 -1 2 33 4 -1 2 8 -1 -1 2 8 -1 -1 2 
2 33 33 33 2 4 -1 33 2 33 2 2 2 2 8 8 4 -1 33 33 
2 33 33 2 2 -1 4 4 33 2 1 2 1 2 2 4 2 2 2 2 
-1 33 2 33 -1 4 4 -1 2 1 1 2 2 2 2 2 2 2 -1 33 
33 33 33 33 -1 -1 -1 -1 2 2 1 1 -1 2 2 2 2 2 2 33 
33 2 2 2 2 2 -1 2 2 2 1 2 2 2 2 2 -1 2 33 33 
-1 -1 2 2 3 6 -1 2 2 2 2 2 2 -1 -1 -1 33 33 -1 33 
2 2 3 6 2 3 2 2 2 2 -1 2 2 2 -1 8 33 -1 33 33 
6 6 6 3 2 3 2 2 2 -1 2 2 2 2 8 33 -1 -1 -1 6 
2 -1 2 3 -1 3 3 2 2 2 2 -1 2 2 2 33 33 33 -1 2 
6 -1 -1 2 3 2 2 -1 2 2 2 -1 -1 -1 2 33 2 6 6 6 
33 33 33 -1 4 4 -1 -1 2 -1 2 2 2 2 2 2 -1 33 -1 33 
33 33 33 33 33 4 -1 2 2 2 32 -1 2 2 32 2 2 -1 33 -1 
33 33 9 33 4 33 33 -1 2 32 32 32 2 2 2 2 33 33 33 33 
2 33 33 33 9 4 4 -1 -1 2 32 2 32 2 2 2 4 4 -1 33 
2 2 33 33 33 33 4 -1 -1 2 32 32 -1 2 2 4 4 -1 -1 2 
2 2 -1 33 -1 33 33 33 -1 2 2 2 2 2 2 -1 -1 -1 2 4 
2 -1 33 2 33 33 33 33 -1 2 2 2 2 2 2 -1 -1 2 2 -1 
-1 -1 2 2 33 2 -1 -1 -1 2 2 -1 -1 2 2 2 2 -1 -1 2 
2 2 -1 -1 -1 -1 2 4 -1 2 -1 2 2 2 2 2 2 2 2 2 
2 -1 2 2 2 2 -1 2 2 -1 -1 2 2 -1 -1 2 -1 -1 -1 2 
2 2 2 2 2 -1 4 2 4 -1 2 33 2 2 2 -1 -1 -1 -1 -1 
2 4 2 -1 2 -1 -1 4 2 4 33 2 33 -1 2 2 -1 -1 1 2 
2 2 4 2 -1 2 -1 2 2 33 2 2 -1 2 2 2 -1 1 1 1 
2 2 -1 33 2 -1 2 -1 2 -1 -1 2 2 2 2 2 2 1 -1 2 
2 1 2 33 3 2 2 2 -1 2 -1 2 2 -1 2 2 2 1 1 1 
2 -1 2 2 2 2 -1 2 2 2 2 2 2 2 2 -1 2 2 2 2 
-1 2 2 2 2 2 2 -1 33 2 2 2 2 2 2 2 2 -1 4 -1 
2 2 -1 2 2 2 2 2 33 2 -1 2 -1 2 2 -1 2 4 -1 2 
33 33 2 2 2 2 2 33 33 -1 2 -1 2 -1 2 2 -1 -1 2 2 
33 33 -1 2 2 2 33 -1 -1 33 2 -1 2 -1 2 32 -1 -1 -1 33 
2 33 2 2 2 2 -1 -1 -1 -1 33 2 33 -1 2 2 2 -1 2 2 
2 33 -1 2 2 2 2 -1 33 33 33 33 33 33 2 -1 33 2 2 33 
2 2 -1 33 3 2 2 33 33 33 33 33 33 33 33 5 33 2 33 2 
2 -1 33 -1 -1 2 2 -1 -1 33 33 33 33 33 -1 5 2 2 33 2 
-1 -1 -1 33 -1 -1 2 2 -1 -1 33 33 33 3 5 -1 33 2 2 2 
4 -1 -1 -1 -1 33 2 2 -1 33 2 33 33 3 2 5 -1 33 2 -1 
-1 -1 33 4 33 -1 2 2 2 2 -1 33 -1 -1 2 2 -1 2 2 4 
-1 -1 33 2 4 33 2 2 2 2 -1 -1 -1 2 2 2 40 -1 -1 -1 
-1 33 -1 2 33 2 2 33 2 2 2 -1 -1 2 6 40 -1 4 -1 -1 
33 33 -1 33 2 2 2 2 2 2 2 2 33 2 4 -1 4 4 4 33 
4 33 -1 2 33 2 2 2 2 2 2 -1 2 2 -1 4 4 4 4 33 
4 4 -1 33 2 2 2 2 2 2 -1 2 2 2 -1 2 2 2 4 4 
-1 -1 -1 4 -1 -1 10 2 -1 -1 2 2 2 -1 -1 2 2 4 -1 -1 
-1 4 4 -1 -1 2 -1 2 2 2 -1 -1 -1 2 2 2 2 2 -1 -1 
4 4 -1 -1 2 6 2 2 2 2 2 -1 2 -1 2 -1 2 2 -1 4 
-1 -1 -1 -1 -1 6 2 2 2 2 2 2 2 2 2 33 33 -1 4 -1 
2 -1 -1 -1 -1 2 2 2 2 2 2 2 2 2 2 33 2 4 4 2 
-1 -1 -1 -1 -1 2 2 2 2 2 2 2 2 2 2 -1 33 4 2 -1 
2 -1 -1 -1 -1 4 4 2 2 2 -1 2 33 2 2 -1 2 -1 4 -1 
-1 2 2 2 -1 4 -1 -1 -1 2 33 2 33 33 -1 2 2 4 -1 -1 
2 2 -1 8 -1 -1 2 5 5 33 33 -1 -1 -1 -1 2 2 2 33 33 
33 -1 8 8 -1 -1 2 5 5 -1 33 2 2 -1 2 2 2 33 33 33 
33 33 -1 8 33 -1 2 8 8 33 8 -1 2 2 -1 2 -1 33 2 33 
33 33 33 33 33 -1 2 8 8 -1 8 2 2 2 2 -1 2 2 -1 -1 
33 33 -1 33 -1 -1 2 2 33 4 -1 33 2 -1 -1 -1 2 2 4 -1 
-1 -1 33 -1 8 8 2 2 33 2 2 4 33 2 2 -1 -1 4 4 33 
-1 33 -1 33 8 8 -1 -1 2 4 2 2 2 -1 2 2 2 4 4 -1 
8 8 2 8 8 8 -1 -1 4 4 2 -1 -1 2 2 2 2 2 2 -1 
8 8 -1 2 2 8 8 -1 -1 2 2 2 2 2 33 -1 2 -1 2 8 
4 8 2 -1 -1 -1 -1 -1 -1 2 2 -1 2 2 2 2 2 2 -1 2 
-1 4 -1 -1 -1 -1 -1 -1 -1 2 2 2 -1 2 2 -1 2 2 4 2 
2 -1 -1 33 33 -1 -1 -1 -1 2 2 -1 2 2 2 -1 2 -1 4 2 
2 2 33 33 33 -1 -1 -1 -1 6 33 33 -1 2 2 2 -1 2 2 2 
-1 -1 -1 33 33 -1 -1 -1 -1 6 33 33 2 2 33 -1 -1 -1 -1 2 
-1 -1 -1 4 4 -1 -1 -1 33 33 -1 -1 33 33 33 33 4 -1 -1 -1 
4 -1 -1 4 4 2 2 -1 -1 33 33 33 33 33 4 33 4 4 -1 4 
4 8 -1 8 4 -1 2 -1 -1 33 33 33 33 33 33 4 4 4 4 -1 
4 8 8 8 -1 8 5 2 2 5 33 33 33 2 -1 33 4 2 4 4 
4 -1 -1 8 8 -1 5 5 5 33 33 33 33 2 2 2 -1 2 4 4 
2 -1 -1 8 8 -1 -1 5 -1 -1 2 -1 -1 -1 -1 2 2 2 -1 -1 
-1 2 2 -1 41 41 -1 -1 -1 2 -1 2 -1 4 2 2 2 2 2 2 
-1 -1 41 2 2 -1 5 5 -1 -1 -1 -1 33 33 -1 -1 2 -1 2 -1 
-1 41 41 -1 -1 -1 4 -1 5 -1 2 2 2 2 6 8 -1 -1 -1 -1 
-1 41 41 -1 -1 5 -1 5 5 -1 -1 2 2 2 6 8 8 -1 41 41 
-1 4 6 -1 -1 -1 4 4 32 6 2 -1 2 -1 -1 -1 -1 41 2 -1 
4 6 6 -1 4 5 -1 4 32 2 -1 -1 33 33 -1 -1 -1 -1 -1 -1 
-1 -1 6 4 -1 6 6 4 4 -1 32 33 33 33 33 -1 -1 -1 2 -1 
-1 -1 6 6 6 6 6 4 4 32 -1 32 33 -1 33 33 4 -1 2 -1 
-1 -1 -1 6 -1 -1 6 33 33 33 33 -1 33 33 33 33 4 4 4 4 
-1 -1 -1 -1 -1 -1 -1 33 33 33 33 33 -1 33 33 33 2 33 -1 -1 
-1 -1 -1 -1 -1 -1 33 33 -1 2 2 2 33 -1 33 2 33 -1 4 -1 
2 -1 6 -1 -1 -1 -1 -1 -1 2 2 33 2 2 2 -1 -1 -1 4 2 
2 -1 -1 4 -1 41 41 -1 2 2 2 2 33 1 -1 2 -1 -1 -1 2 
-1 -1 4 -1 4 41 -1 -1 2 2 2 2 1 4 4 2 2 2 2 2 
-1 -1 41 41 41 41 41 -1 -1 -1 2 2 -1 4 2 2 2 2 2 2 
1 1 -1 41 41 41 41 41 -1 -1 2 2 2 -1 2 2 -1 -1 2 2 
1 1 -1 -1 41 41 41 -1 -1 -1 2 2 2 2 2 2 2 -1 2 1 
1 -1 -1 -1 -1 41 -1 -1 4 -1 -1 2 4 2 10 -1 2 2 2 2 
2 2 -1 41 41 32 32 4 2 2 2 2 2 -1 2 4 2 2 2 2 
2 -1 -1 -1 -1 41 32 32 -1 2 2 2 -1 2 4 -1 2 -1 2 2 
4 4 6 -1 -1 -1 -1 -1 -1 -1 -1 32 -1 -1 -1 4 4 4 41 -1 
-1 -1 -1 -1 32 33 33 33 33 33 -1 -1 -1 -1 -1 4 4 4 4 4 
4 -1 41 32 -1 4 4 -1 33 -1 -1 2 2 4 4 2 41 4 4 4 
-1 41 4 4 -1 4 -1 -1 -1 -1 -1 -1 4 2 4 2 -1 41 7 4 
41 -1 4 41 4 -1 2 4 -1 -1 -1 4 2 4 -1 -1 2 -1 7 -1 
-1 4 41 41 -1 4 4 4 4 -1 -1 4 -1 4 -1 4 -1 2 -1 4 
4 4 -1 4 4 4 4 -1 4 -1 -1 -1 4 4 4 4 4 4 4 4 
4 4 -1 -1 4 4 -1 -1 -1 -1 -1 4 4 4 4 4 4 -1 4 4 
4 -1 4 4 4 -1 -1 33 -1 -1 4 4 -1 -1 -1 -1 4 4 4 4 
-1 -1 33 33 -1 -1 33 -1 2 -1 -1 -1 4 -1 -1 -1 4 -1 4 4 
33 -1 33 33 33 33 33 33 33 33 33 -1 4 -1 -1 -1 4 4 41 41 
41 33 33 33 33 33 -1 -1 33 33 -1 -1 -1 -1 -1 -1 4 4 2 41 
2 2 33 33 33 -1 33 -1 33 9 -1 -1 -1 -1 -1 -1 -1 5 2 41 
2 2 33 33 33 -1 33 2 33 33 -1 -1 -1 -1 -1 -1 -1 -1 -1 2 
4 4 33 33 33 -1 5 6 33 33 -1 41 -1 -1 -1 -1 -1 -1 -1 2 
2 4 33 -1 33 33 6 33 33 33 41 -1 -1 2 2 -1 -1 -1 1 41 
41 41 4 33 5 33 6 -1 -1 -1 2 2 2 2 4 -1 4 4 41 -1 
41 41 4 4 5 5 -1 -1 -1 -1 -1 2 -1 2 -1 4 4 4 -1 41 
41 4 6 6 -1 -1 5 -1 -1 -1 -1 -1 32 32 -1 4 4 41 41 -1 
-1 -1 -1 6 -1 -1 -1 -1 -1 -1 32 32 32 -1 -1 4 4 -1 41 41 
-1 4 4 -1 32 32 36 4 4 -1 -1 4 4 4 -1 2 -1 -1 -1 -1 
-1 -1 4 -1 32 -1 -1 4 4 -1 -1 4 4 4 2 -1 -1 -1 33 1 
-1 -1 33 33 4 33 4 4 4 -1 -1 -1 4 1 1 -1 -1 -1 33 1 
41 -1 4 4 33 4 -1 1 1 -1 -1 -1 4 4 -1 1 1 -1 1 -1 
4 -1 4 -1 4 -1 -1 1 -1 1 -1 4 4 4 1 -1 1 1 1 33 
4 -1 4 -1 -1 -1 -1 1 4 1 4 4 1 -1 4 1 -1 1 -1 4 
-1 4 -1 4 -1 -1 -1 4 1 4 1 1 1 1 4 -1 -1 -1 1 4 
4 32 4 -1 -1 2 -1 -1 -1 1 1 -1 1 32 4 4 4 -1 -1 -1 
4 4 -1 -1 2 2 4 -1 -1 1 -1 1 32 1 2 2 -1 2 -1 -1 
4 4 -1 2 4 4 4 -1 -1 -1 -1 32 1 2 2 2 2 -1 -1 2 
-1 -1 4 4 -1 -1 4 4 -1 -1 1 1 32 1 -1 2 2 2 2 2 
-1 -1 -1 2 -1 -1 4 4 -1 -1 -1 1 1 1 -1 2 2 2 2 2 
-1 -1 -1 2 -1 -1 -1 -1 -1 -1 -1 1 1 1 2 2 -1 2 2 1 
2 4 -1 -1 -1 -1 -1 -1 -1 -1 -1 -1 1 1 -1 -1 2 2 -1 -1 
2 4 -1 -1 -1 32 32 -1 -1 -1 -1 -1 -1 40 -1 2 2 33 2 2 
2 -1 -1 -1 32 32 32 -1 -1 -1 -1 -1 -1 40 40 -1 2 2 33 2 
-1 1 32 32 32 32 32 -1 -1 -1 -1 8 -1 -1 9 9 -1 2 33 2 
32 -1 32 32 32 32 32 6 6 -1 8 8 -1 9 -1 2 2 -1 33 -1 
-1 32 9 32 4 4 4 4 4 6 6 8 8 -1 2 2 2 33 32 33 
4 -1 32 32 4 36 -1 4 6 6 -1 8 8 8 8 2 2 33 -1 -1 
8 -1 8 8 8 2 8 8 8 5 -1 8 8 2 -1 1 1 1 8 1 
1 2 8 40 8 8 8 -1 8 -1 8 2 2 -1 -1 1 1 8 1 8 
8 8 8 8 8 8 -1 8 9 -1 8 2 2 -1 -1 1 1 1 -1 1 
2 8 -1 8 8 8 8 8 8 9 2 -1 2 2 4 1 -1 1 -1 -1 
8 -1 -1 -1 8 8 -1 -1 2 8 9 2 2 8 2 3 -1 1 -1 2 
-1 -1 -1 -1 8 8 8 -1 2 2 2 2 -1 8 4 4 1 -1 2 2 
-1 -1 -1 -1 4 -1 4 -1 -1 -1 -1 -1 -1 -1 2 -1 1 4 4 2 
4 4 -1 4 4 4 -1 -1 -1 2 -1 -1 -1 2 3 -1 3 4 4 4 
4 4 4 4 4 4 -1 2 2 2 32 -1 -1 2 2 3 4 4 4 4 
4 4 33 33 6 40 -1 -1 2 32 2 -1 32 2 -1 6 6 4 -1 4 
-1 1 33 -1 -1 -1 -1 -1 2 -1 32 32 -1 1 2 -1 -1 4 -1 33 
33 -1 33 33 -1 4 -1 -1 -1 -1 -1 -1 -1 2 1 2 -1 4 1 1 
6 6 33 33 33 -1 -1 8 -1 -1 -1 -1 -1 8 2 -1 4 -1 33 1 
33 33 1 33 -1 -1 8 -1 -1 -1 -1 -1 8 -1 4 4 4 4 -1 8 
6 6 33 1 -1 8 8 -1 -1 -1 -1 -1 -1 8 8 -1 8 -1 -1 8 
6 8 8 -1 -1 8 -1 8 5 -1 -1 -1 -1 8 8 8 41 -1 -1 6 
8 -1 8 -1 -1 8 8 8 8 5 -1 8 8 -1 1 -1 41 41 4 8 
8 8 8 -1 8 8 8 1 5 5 5 -1 4 1 -1 -1 41 41 4 8 
8 -1 8 -1 8 8 8 8 5 5 5 -1 1 1 -1 1 41 -1 -1 8 
8 -1 8 8 8 -1 32 8 8 5 -1 5 1 -1 2 1 41 -1 8 8 
3 3 3 -1 5 -1 5 5 5 5 -1 4 4 4 -1 41 3 5 -1 5 
3 3 3 3 9 5 5 5 5 5 -1 -1 -1 -1 -1 -1 -1 3 -1 -1 
-1 3 5 8 8 9 -1 -1 5 5 6 -1 -1 -1 2 -1 3 3 -1 -1 
-1 3 41 8 5 5 5 5 -1 6 5 6 6 6 2 3 -1 3 -1 -1 
2 -1 3 41 5 41 5 5 5 -1 1 -1 6 9 9 9 -1 -1 -1 -1 
2 2 -1 41 41 5 5 5 5 -1 1 1 9 41 9 9 -1 -1 14 2 
2 2 41 -1 41 -1 5 5 5 5 41 41 1 -1 -1 -1 33 33 -1 2 
-1 2 41 -1 -1 5 -1 5 5 5 -1 -1 -1 9 -1 -1 -1 -1 2 2 
-1 41 -1 40 40 40 -1 9 9 9 -1 -1 9 -1 9 -1 -1 -1 -1 -1 
-1 4 40 40 40 9 9 9 -1 9 5 -1 -1 9 -1 9 40 -1 -1 -1 
-1 -1 -1 40 40 -1 9 -1 9 9 -1 -1 -1 -1 -1 -1 -1 40 -1 -1 
-1 -1 -1 33 -1 9 9 -1 -1 -1 -1 -1 -1 -1 -1 -1 -1 -1 8 -1 
-1 41 33 41 -1 5 -1 -1 -1 -1 -1 -1 -1 4 -1 -1 -1 -1 4 8 
41 41 41 -1 -1 5 5 -1 -1 -1 -1 -1 -1 4 -1 41 -1 4 -1 4 
2 41 9 5 -1 5 5 5 6 6 -1 -1 -1 4 -1 41 33 2 -1 4 
2 -1 5 5 -1 -1 -1 6 5 6 -1 4 6 4 -1 -1 33 41 -1 41 
5 2 -1 -1 -1 -1 6 -1 -1 -1 4 6 4 4 -1 -1 41 41 41 2 
9 3 5 -1 -1 -1 -1 -1 -1 4 -1 6 -1 -1 41 41 -1 41 5 -1 
9 9 3 3 -1 -1 -1 -1 -1 4 -1 -1 -1 -1 -1 41 41 41 5 -1 
5 3 3 3 3 -1 -1 5 -1 5 4 4 -1 4 4 41 41 -1 5 -1 
2 2 -1 4 2 6 5 6 -1 -1 2 2 -1 -1 5 -1 2 -1 2 2 
2 -1 2 2 -1 6 6 14 2 2 2 2 -1 4 -1 -1 2 2 -1 2 
1 2 -1 2 2 6 6 6 6 2 -1 2 4 -1 -1 -1 -1 2 2 -1 
-1 1 -1 2 4 2 6 2 -1 14 2 -1 4 -1 -1 1 -1 -1 -1 1 
1 -1 2 -1 2 4 2 6 -1 6 41 -1 -1 -1 -1 1 1 2 2 1 
1 2 2 2 2 2 2 2 6 -1 6 -1 -1 -1 -1 -1 2 2 2 2 
2 2 2 2 2 2 2 2 6 6 6 6 -1 -1 -1 6 2 -1 -1 2 
-1 2 2 2 2 -1 -1 2 -1 6 6 6 6 1 6 -1 6 -1 2 -1 
2 2 4 2 2 6 -1 6 -1 6 6 4 -1 6 6 1 41 -1 9 2 
-1 5 5 -1 5 -1 6 6 9 6 4 6 6 -1 1 -1 6 6 9 2 
-1 5 -1 5 5 41 -1 5 6 5 -1 6 -1 6 4 9 3 6 41 41 
-1 5 5 5 5 5 41 5 5 -1 6 6 6 6 6 6 9 3 41 33 
33 5 5 5 -1 5 -1 5 -1 1 1 -1 6 6 6 6 9 3 -1 33 
33 5 5 5 -1 -1 5 5 -1 1 -1 6 -1 -1 6 6 -1 -1 -1 33 
33 5 5 5 5 -1 5 5 -1 1 -1 -1 -1 6 6 -1 -1 -1 33 33 
-1 33 33 5 5 -1 -1 5 -1 41 41 41 5 -1 -1 -1 -1 2 2 33 
33 33 6 -1 5 5 4 4 41 4 41 41 5 -1 -1 -1 2 2 2 -1 
4 33 5 2 4 4 4 4 -1 -1 4 5 -1 5 1 -1 2 2 2 4 
4 2 2 5 4 4 -1 5 5 -1 5 -1 5 2 2 1 -1 -1 2 2 
2 4 4 2 4 6 -1 5 6 5 -1 -1 2 5 2 2 2 2 2 -1 
2 4 -1 2 2 4 2 4 4 4 -1 4 -1 4 -1 4 -1 4 4 4 
2 2 -1 2 2 2 2 4 4 -1 4 4 4 -1 4 4 4 -1 4 2 
2 -1 5 -1 -1 2 6 2 4 4 4 4 -1 4 4 4 4 4 4 2 
-1 6 5 5 5 2 -1 6 4 4 4 5 4 4 4 4 4 4 -1 -1 
-1 5 6 6 -1 2 -1 4 2 5 -1 5 -1 4 -1 6 4 4 -1 6 
6 6 -1 -1 5 5 -1 2 2 -1 5 5 4 4 -1 6 6 4 6 -1 
6 6 1 -1 5 5 5 -1 5 4 4 4 5 4 4 6 4 4 4 4 
6 1 6 4 5 4 4 4 5 5 32 4 4 5 -1 6 6 6 6 2 
-1 -1 -1 -1 4 5 -1 4 -1 5 5 4 5 4 -1 -1 6 6 2 -1 
2 -1 4 4 5 4 4 -1 5 4 5 5 4 4 -1 -1 6 2 -1 2 
-1 5 5 4 4 4 4 -1 4 4 -1 5 5 6 6 6 6 2 2 2 
-1 5 -1 -1 4 -1 4 4 4 5 5 4 6 6 6 6 6 6 6 2 
-1 -1 5 1 6 4 -1 4 -1 -1 4 4 5 6 6 6 2 6 6 4 
6 -1 1 6 6 -1 4 4 4 2 -1 5 5 -1 -1 6 2 6 4 4 
-1 6 6 6 6 2 2 6 4 33 2 -1 5 2 -1 -1 6 6 6 6 
-1 -1 6 6 6 6 6 -1 -1 -1 33 33 4 4 2 4 4 -1 -1 -1 
-1 -1 6 6 4 4 6 -1 4 2 -1 -1 33 2 2 4 -1 -1 5 36 
36 -1 -1 -1 4 4 6 4 4 -1 2 4 4 4 4 4 4 4 5 4 
36 4 2 2 2 -1 4 6 4 4 33 -1 4 4 4 4 4 4 4 36 
-1 4 4 2 2 2 4 4 4 4 -1 4 4 4 4 4 4 4 4 4 
-1 4 4 4 4 4 6 6 6 6 -1 -1 4 -1 41 -1 6 6 2 2 
4 4 -1 4 4 -1 6 6 4 -1 6 -1 -1 41 -1 41 -1 2 -1 -1 
4 6 6 4 4 4 4 6 4 4 -1 41 41 41 41 40 -1 -1 -1 4 
6 6 4 6 4 -1 4 4 4 40 -1 -1 41 41 41 40 -1 4 -1 -1 
6 4 6 4 4 4 -1 -1 6 4 41 -1 41 41 41 41 -1 -1 -1 4 
6 6 4 6 4 6 -1 4 6 41 41 4 41 41 41 41 -1 -1 -1 2 
6 4 4 -1 -1 -1 -1 -1 4 -1 4 -1 41 -1 41 41 -1 2 2 -1 
-1 -1 6 6 6 41 4 -1 33 40 -1 4 -1 40 -1 -1 41 2 2 2 
2 2 6 6 6 41 40 -1 33 4 4 -1 -1 40 4 -1 2 2 2 2 
1 2 2 6 6 -1 41 33 -1 41 4 6 4 -1 2 2 2 2 1 1 
-1 -1 6 6 -1 -1 41 -1 -1 4 4 6 4 4 -1 2 -1 1 2 2 
2 -1 -1 -1 4 2 2 40 -1 -1 6 6 4 4 -1 2 1 -1 1 -1 
2 6 -1 4 2 2 2 -1 9 6 6 -1 4 2 6 -1 2 -1 2 2 
6 6 -1 2 2 6 2 6 8 6 6 6 2 2 -1 6 2 2 -1 2 
6 6 -1 -1 4 6 6 -1 -1 8 6 -1 6 2 2 2 2 2 4 4 
4 -1 -1 -1 -1 4 6 -1 -1 -1 6 6 -1 2 2 -1 -1 6 2 -1 
2 -1 6 6 -1 4 4 4 4 -1 6 6 2 2 -1 4 4 -1 6 2 
-1 2 -1 -1 6 6 4 6 -1 -1 4 6 6 2 4 4 4 4 2 -1 
2 -1 4 -1 6 4 -1 -1 6 -1 4 4 6 4 4 2 -1 2 -1 2 
2 2 4 4 4 4 -1 6 1 1 5 5 4 4 4 2 2 6 2 2 
4 4 4 6 -1 4 4 4 4 4 6 4 -1 -1 4 6 6 4 4 -1 
-1 4 -1 -1 4 -1 4 4 4 6 6 -1 4 2 2 2 -1 -1 -1 -1 
4 6 -1 -1 -1 4 -1 4 6 4 6 -1 4 4 -1 2 2 -1 -1 -1 
-1 4 4 -1 -1 -1 -1 6 4 6 -1 4 4 4 4 6 6 6 -1 4 
6 4 4 -1 -1 -1 -1 6 4 4 -1 4 4 -1 4 6 6 6 -1 6 
4 -1 6 -1 -1 -1 4 4 -1 -1 6 4 -1 4 4 -1 4 6 6 81 
4 4 -1 6 6 6 6 6 6 6 -1 6 4 4 4 4 4 4 4 4 
4 4 4 4 6 6 4 -1 6 6 6 6 4 -1 -1 4 4 4 4 4 
81 4 -1 -1 6 4 -1 -1 6 6 6 6 6 4 4 4 4 4 -1 4 
4 -1 6 6 -1 -1 6 -1 -1 6 6 5 6 5 4 4 -1 -1 6 4 
4 6 -1 6 4 4 6 -1 -1 6 6 5 5 -1 4 6 6 4 6 4 
4 6 41 4 6 6 6 4 4 6 6 6 6 -1 6 6 -1 -1 4 6 
6 6 6 6 6 6 4 4 2 2 4 -1 -1 6 6 6 -1 -1 4 4 
4 6 6 6 -1 4 -1 4 6 4 -1 6 6 -1 4 4 4 -1 4 4 
4 6 -1 6 -1 4 -1 -1 6 6 4 6 6 4 4 4 -1 -1 -1 -1 
4 4 4 6 6 4 6 6 6 -1 4 4 -1 4 4 4 -1 -1 4 4 
4 6 -1 4 4 6 6 6 -1 -1 4 4 4 4 4 4 4 -1 4 4 
4 -1 2 -1 -1 4 6 -1 6 4 -1 4 4 4 4 4 4 4 -1 4 
4 4 2 6 6 -1 -1 6 6 4 4 -1 4 -1 -1 4 4 4 4 4 
4 3 6 2 2 6 -1 4 -1 4 6 6 -1 -1 -1 4 4 4 4 4 
4 6 -1 4 6 4 6 -1 -1 -1 4 6 6 6 -1 -1 -1 6 32 32 
32 32 32 -1 6 4 4 -1 -1 4 4 -1 4 4 -1 -1 4 6 32 32 
4 4 6 4 6 4 4 -1 -1 4 -1 4 4 4 4 4 4 4 4 4 
4 6 6 6 4 4 4 4 -1 -1 4 4 4 4 -1 4 4 4 5 4 
6 4 6 40 6 4 4 4 -1 4 -1 3 3 -1 3 6 4 4 5 4 
-1 -1 40 40 4 6 4 -1 -1 3 3 3 3 -1 3 6 -1 -1 4 4 
-1 -1 4 4 4 4 4 4 4 -1 3 4 3 2 2 -1 -1 6 4 4 
-1 -1 4 4 4 4 4 4 -1 4 4 6 -1 3 3 -1 4 -1 6 6 
4 4 -1 4 6 4 -1 -1 4 5 4 6 6 40 3 6 -1 4 4 6 
6 6 4 4 4 -1 4 3 -1 4 2 6 6 -1 40 40 40 -1 4 -1 
-1 6 -1 4 4 4 4 3 4 -1 2 4 4 4 -1 6 40 4 -1 4 
4 6 4 -1 5 5 4 1 4 6 6 5 4 4 4 -1 -1 -1 4 4 
4 4 4 4 -1 4 4 -1 -1 -1 6 6 5 4 4 -1 -1 6 -1 4 
4 4 4 4 4 4 4 -1 4 -1 -1 3 -1 6 6 6 -1 -1 6 -1 
-1 4 4 4 6 4 -1 4 4 4 3 3 -1 -1 -1 4 4 4 4 6 
-1 4 4 6 4 4 4 -1 4 4 3 3 4 4 4 4 4 4 -1 4 
4 4 4 4 6 6 -1 -1 -1 3 3 2 -1 -1 4 4 5 -1 4 4 
4 4 6 6 6 6 -1 -1 3 3 2 2 4 4 -1 4 5 5 4 4 
4 4 4 6 6 6 6 6 -1 3 2 -1 4 4 -1 -1 4 -1 5 4 
6 32 6 6 4 6 -1 6 6 4 4 4 1 1 -1 -1 -1 4 4 5 
1 -1 -1 5 6 5 5 4 4 6 4 5 4 4 6 4 2 6 -1 -1 
-1 -1 5 5 6 5 5 -1 -1 4 4 4 -1 6 4 6 33 -1 -1 -1 
1 5 5 -1 5 -1 4 5 5 5 6 -1 -1 4 6 6 33 1 -1 -1 
1 5 5 5 -1 4 4 5 -1 5 -1 6 4 4 4 4 -1 -1 1 1 
1 -1 5 6 4 4 5 5 5 5 -1 1 4 4 -1 4 6 -1 1 1 
5 -1 -1 -1 6 6 5 5 32 5 -1 -1 4 4 4 6 4 4 1 1 
5 -1 -1 -1 -1 -1 -1 5 32 4 4 4 -1 6 4 4 1 4 4 5 
-1 4 4 6 4 4 4 32 32 4 -1 4 -1 6 6 -1 -1 4 4 4 
4 6 6 4 4 4 -1 32 6 4 6 4 4 6 4 4 4 8 -1 -1 
6 6 6 -1 4 1 5 -1 4 6 -1 6 6 4 6 4 -1 8 4 4 
-1 6 6 6 6 -1 -1 1 7 4 4 -1 4 6 6 4 8 8 4 -1 
6 6 6 6 4 -1 4 1 7 1 5 -1 -1 6 6 4 5 5 5 5 
5 4 6 4 4 4 4 -1 6 5 4 6 -1 -1 4 5 5 5 5 4 
-1 5 -1 4 4 -1 7 1 6 -1 6 1 32 1 -1 4 4 1 5 4 
5 -1 5 -1 -1 -1 7 1 1 1 1 32 -1 32 1 5 5 5 -1 5 
-1 -1 5 -1 4 5 5 7 7 1 -1 4 32 4 6 4 5 2 2 2 
1 -1 -1 5 5 5 5 7 -1 -1 -1 4 4 4 4 6 5 -1 2 -1 
-1 1 -1 4 4 -1 5 2 2 2 -1 4 4 4 4 -1 4 4 2 -1 
-1 -1 1 5 4 4 -1 5 -1 5 4 -1 -1 4 5 4 1 1 -1 -1 
-1 1 1 5 5 4 4 4 5 5 5 5 4 32 6 5 1 -1 -1 -1 
6 6 6 -1 6 1 1 1 1 -1 2 -1 4 6 -1 5 1 5 -1 6 
6 6 6 6 6 6 8 8 1 -1 -1 6 6 4 -1 5 5 1 5 6 
6 6 6 6 6 6 -1 8 -1 -1 6 6 6 6 6 5 5 5 10 6 
6 6 -1 6 -1 -1 8 -1 -1 2 -1 -1 -1 4 -1 5 4 4 5 10 
6 6 2 8 -1 -1 32 8 8 8 -1 -1 4 4 -1 4 5 4 4 6 
32 6 4 8 -1 32 -1 8 4 8 4 -1 8 4 4 4 -1 4 4 -1 
-1 4 8 32 4 4 -1 8 8 4 8 8 4 4 4 4 4 -1 -1 32 
-1 4 32 4 32 4 4 -1 4 8 2 8 4 4 -1 4 2 4 -1 -1 
4 4 -1 32 8 8 4 4 4 4 8 -1 8 4 4 4 -1 4 4 6 
-1 -1 4 -1 8 4 -1 4 4 4 4 -1 4 4 4 4 -1 -1 4 4 
-1 4 -1 2 2 8 4 4 2 2 4 -1 32 -1 -1 -1 -1 -1 4 4 
1 4 4 -1 2 -1 4 2 2 2 -1 32 32 32 -1 -1 -1 -1 1 1 
1 -1 -1 -1 32 8 4 4 4 4 4 -1 32 32 -1 32 4 -1 1 1 
1 -1 4 -1 -1 8 6 4 4 -1 32 -1 32 32 32 4 6 1 1 1 
-1 -1 32 6 6 6 -1 4 32 -1 32 32 32 -1 -1 -1 4 6 6 6 
6 6 6 6 6 6 -1 -1 32 32 -1 32 32 32 -1 6 -1 6 6 4 
4 6 6 6 6 32 6 32 -1 2 -1 -1 32 32 32 32 6 6 6 6 
4 4 6 6 6 32 32 32 2 -1 6 -1 -1 5 32 6 4 6 -1 6 
6 6 6 6 6 6 32 2 1 2 6 2 -1 32 5 4 6 -1 6 -1 
6 6 2 6 8 32 6 1 1 -1 2 6 -1 -1 4 5 -1 -1 6 6 
4 -1 1 -1 1 1 1 1 6 6 -1 -1 -1 -1 33 41 -1 2 4 4 
4 4 1 1 -1 1 -1 -1 40 6 -1 -1 -1 41 41 -1 41 2 8 4 
8 8 1 8 -1 4 4 -1 -1 40 40 -1 -1 33 41 -1 2 -1 2 8 
8 4 8 -1 8 4 4 4 -1 -1 -1 -1 -1 -1 33 33 -1 -1 8 8 
8 4 8 4 -1 -1 -1 4 -1 1 -1 -1 -1 -1 -1 -1 4 -1 4 8 
8 8 3 1 6 6 6 4 1 1 -1 -1 -1 -1 4 4 4 4 8 8 
8 8 8 3 6 -1 6 -1 1 1 -1 -1 -1 32 -1 4 -1 4 -1 -1 
8 8 4 4 -1 6 6 1 -1 1 -1 -1 -1 -1 32 4 4 -1 4 4 
-1 8 32 4 4 -1 4 4 4 -1 -1 -1 -1 4 -1 4 4 -1 6 4 
-1 32 -1 4 32 32 4 4 1 -1 4 -1 -1 4 4 4 -1 6 4 4 
4 4 -1 5 5 4 -1 2 4 2 2 4 4 4 4 4 6 6 6 4 
4 4 -1 5 32 -1 4 4 2 2 2 32 4 4 -1 6 4 -1 -1 5 
-1 -1 5 -1 32 -1 -1 4 -1 32 32 32 -1 4 -1 -1 4 4 -1 5 
1 5 -1 -1 9 9 1 -1 -1 32 32 8 -1 4 -1 4 4 4 -1 -1 
9 8 8 9 9 -1 1 -1 -1 -1 32 8 8 2 -1 2 -1 -1 -1 1 
-1 9 9 9 1 9 1 6 -1 6 4 -1 32 2 2 2 2 1 2 4 
-1 9 9 9 6 1 6 6 6 6 -1 -1 -1 32 2 2 -1 2 -1 4 
-1 -1 9 -1 -1 6 1 -1 4 4 4 4 4 -1 2 2 2 -1 4 -1 
4 -1 8 1 4 1 -1 -1 -1 -1 4 -1 2 33 33 2 33 -1 4 4 
-1 8 1 -1 1 1 1 1 -1 -1 -1 4 -1 2 41 33 2 2 -1 4 
6 6 4 5 5 4 4 -1 4 4 4 4 -1 6 2 2 2 6 6 4 
6 5 -1 4 4 4 4 -1 -1 4 4 4 4 2 -1 2 6 -1 6 6 
-1 -1 5 -1 5 4 -1 4 4 4 4 -1 2 2 -1 -1 6 6 6 6 
-1 -1 5 5 4 -1 4 -1 4 4 4 -1 -1 2 2 2 6 6 6 6 
-1 -1 5 4 5 4 6 -1 4 4 -1 2 2 6 2 6 -1 6 6 -1 
-1 4 4 4 -1 4 4 4 4 4 4 4 -1 -1 6 6 4 6 6 -1 
4 4 2 -1 5 5 4 6 4 -1 4 4 -1 -1 1 6 4 -1 -1 4 
1 5 5 5 5 -1 4 4 2 -1 4 4 4 1 1 -1 -1 4 4 5 
-1 1 -1 5 5 4 2 2 2 -1 -1 4 1 1 -1 -1 -1 4 -1 -1 
4 1 4 -1 5 4 5 2 4 4 6 4 -1 -1 1 -1 -1 4 4 4 
1 4 1 4 4 5 4 2 4 4 4 2 2 2 1 1 4 6 4 1 
4 4 4 4 5 4 4 -1 2 4 2 2 2 2 4 4 6 -1 4 4 
-1 4 4 -1 4 4 -1 -1 -1 2 -1 -1 2 2 4 4 4 6 8 8 
-1 4 4 4 4 4 4 2 2 2 -1 4 -1 4 -1 1 4 4 8 4 
4 4 4 1 4 4 -1 2 -1 2 2 4 4 -1 4 -1 1 1 -1 8 
8 4 1 4 4 4 4 2 -1 -1 -1 4 4 4 4 4 4 1 1 8 
-1 -1 1 -1 4 -1 4 -1 4 4 -1 -1 4 4 6 4 4 4 8 -1 
-1 -1 4 4 4 4 4 4 4 -1 4 4 2 6 4 4 -1 -1 4 -1 
4 4 4 4 4 4 4 4 4 4 -1 -1 6 2 4 4 4 -1 -1 -1 
4 4 4 -1 4 4 4 4 4 4 4 4 4 6 6 6 -1 6 -1 -1 
4 4 4 5 5 5 5 -1 4 5 5 5 2 -1 4 4 4 -1 2 4 
4 4 5 -1 5 5 5 -1 5 5 5 2 2 4 4 -1 4 2 4 4 
4 4 -1 -1 5 -1 -1 4 4 5 4 4 2 -1 4 -1 4 4 4 4 
-1 4 4 5 -1 33 4 -1 4 4 4 4 4 4 4 40 4 4 4 -1 
4 4 4 5 -1 4 4 4 -1 4 4 6 4 8 -1 -1 40 -1 4 4 
4 4 4 4 -1 -1 4 -1 -1 2 2 4 -1 40 40 40 -1 4 4 4 
4 -1 -1 -1 4 4 4 -1 2 2 -1 -1 -1 -1 2 40 1 -1 4 -1 
4 6 4 4 4 4 4 -1 2 -1 5 5 -1 4 4 4 4 4 -1 4 
4 4 4 4 4 4 -1 4 -1 2 5 6 4 4 4 4 -1 1 1 4 
4 1 4 4 1 1 4 4 4 4 2 32 32 4 -1 -1 -1 -1 1 1 
-1 1 1 1 1 -1 4 4 4 32 32 32 32 4 -1 4 1 -1 1 -1 
1 1 4 1 -1 4 4 4 -1 4 32 6 4 4 4 -1 1 1 -1 -1 
-1 4 4 -1 -1 4 4 4 4 4 -1 -1 32 4 4 4 -1 1 1 6 
6 -1 4 4 -1 -1 -1 4 4 4 -1 4 4 32 4 -1 1 1 1 -1 
1 6 6 2 2 2 4 4 4 4 4 4 32 4 -1 -1 1 1 1 1 
-1 1 -1 -1 2 2 4 4 4 4 4 -1 -1 4 -1 -1 1 1 1 1 
1 -1 1 6 -1 4 4 4 4 4 1 -1 4 6 4 4 1 1 1 1 
5 -1 -1 -1 5 5 -1 5 4 4 4 5 6 -1 4 6 6 1 1 1 
4 4 -1 5 5 5 -1 -1 -1 -1 5 5 4 4 4 6 1 6 4 -1 
4 4 5 5 5 5 5 -1 5 5 -1 5 -1 -1 4 4 6 4 6 4 
-1 2 -1 4 4 9 -1 6 6 6 6 6 4 4 4 4 4 6 6 5 
5 2 5 8 4 9 9 1 6 6 4 6 4 -1 -1 4 4 4 9 5 
-1 4 -1 5 -1 4 9 1 6 -1 4 4 6 6 4 -1 4 4 4 -1 
-1 4 4 -1 -1 -1 1 9 -1 4 4 4 4 4 4 4 4 4 -1 -1 
-1 4 4 4 4 4 9 8 8 -1 4 6 6 4 4 4 -1 4 -1 -1 
4 -1 4 -1 4 4 4 8 8 4 4 4 4 -1 4 4 -1 -1 -1 -1 
-1 -1 -1 4 -1 4 4 -1 4 -1 4 4 4 -1 -1 6 6 -1 -1 -1 
-1 -1 1 -1 32 32 32 4 -1 4 -1 4 4 4 -1 6 6 4 4 9 
-1 1 5 -1 -1 32 -1 32 -1 -1 4 -1 -1 -1 6 34 -1 6 4 4 
5 5 5 -1 32 5 5 4 32 32 4 -1 -1 6 6 6 34 4 -1 4 
1 -1 -1 32 4 -1 5 6 32 -1 -1 32 -1 8 8 6 6 -1 8 5 
4 5 -1 32 -1 -1 6 6 -1 32 32 -1 8 8 8 6 -1 -1 8 1 
8 -1 5 -1 32 -1 6 -1 6 8 8 9 8 8 6 4 8 8 8 4 
8 8 -1 -1 32 32 4 4 -1 8 -1 40 9 40 -1 4 8 8 4 4 
8 8 8 4 -1 4 4 4 4 8 -1 -1 40 -1 -1 8 8 8 2 8 
8 8 8 8 -1 -1 4 6 6 -1 40 8 8 8 8 8 4 2 8 8 
-1 8 8 4 -1 4 4 -1 -1 6 40 4 4 4 9 2 2 8 6 4 
6 6 5 -1 4 -1 -1 -1 6 6 6 4 4 -1 4 4 -1 -1 6 7 
6 6 5 5 4 5 -1 -1 4 6 6 4 4 4 4 4 -1 -1 -1 -1 
2 5 -1 -1 -1 -1 5 6 6 4 4 -1 -1 4 4 4 4 -1 9 6 
6 6 4 -1 2 2 2 6 -1 -1 1 1 -1 1 1 1 34 -1 34 34 
-1 6 6 4 2 2 -1 6 6 -1 6 6 1 -1 1 1 1 42 42 6 
4 -1 4 4 4 -1 4 -1 6 -1 6 6 -1 1 1 1 4 1 34 34 
4 -1 4 4 4 4 4 4 6 6 -1 -1 -1 1 1 1 -1 4 34 4 
4 4 -1 4 4 4 4 4 -1 6 4 1 4 1 1 -1 -1 -1 4 4 
4 4 -1 4 4 4 4 4 -1 4 34 1 4 1 1 1 1 4 4 4 
4 -1 -1 -1 4 4 4 4 34 34 34 42 1 -1 -1 -1 4 1 -1 4 
4 4 4 4 4 4 4 4 4 -1 34 34 4 1 -1 4 -1 4 4 4 
2 4 -1 4 4 -1 -1 4 -1 -1 -1 4 4 4 4 2 -1 6 6 6 
6 2 4 4 4 4 2 -1 4 4 4 -1 4 -1 2 2 -1 -1 -1 6 
-1 2 4 -1 4 4 4 4 4 4 4 2 -1 -1 -1 2 -1 -1 6 -1 
4 -1 -1 4 4 4 -1 4 2 4 4 6 2 2 -1 -1 2 -1 6 6 
4 4 4 2 -1 -1 -1 -1 -1 1 4 4 6 2 2 2 2 6 6 34 
-1 -1 -1 2 2 -1 -1 -1 1 4 -1 4 2 -1 6 2 2 2 6 34 
4 -1 -1 -1 9 -1 1 -1 -1 4 -1 -1 -1 2 2 6 6 6 34 34 
2 2 -1 8 8 9 1 1 -1 -1 4 -1 -1 2 6 6 6 -1 6 34 
2 2 -1 -1 -1 2 1 -1 1 -1 4 -1 -1 -1 2 6 6 6 2 34 
-1 2 -1 -1 2 2 -1 2 4 4 -1 -1 -1 -1 6 6 6 6 -1 2 
6 6 4 4 2 2 2 4 4 -1 -1 1 1 1 -1 -1 6 6 4 6 
6 6 4 2 2 2 -1 -1 -1 -1 -1 -1 1 1 -1 1 34 34 6 4 
4 4 4 4 4 6 2 6 6 -1 4 -1 4 4 5 4 4 4 6 6 
-1 4 4 4 6 -1 2 2 6 5 4 -1 4 4 4 -1 -1 4 -1 4 
4 -1 -1 4 4 -1 2 6 5 -1 -1 4 -1 4 -1 4 3 6 4 4 
4 4 4 4 -1 4 2 6 4 2 -1 2 -1 6 6 6 -1 6 6 -1 
4 4 4 4 4 -1 2 2 3 2 2 2 2 2 4 4 -1 -1 4 4 
-1 -1 -1 -1 4 -1 -1 3 3 3 2 2 2 4 4 4 -1 4 2 4 
-1 3 -1 6 2 2 -1 3 3 3 3 2 2 -1 4 4 4 3 4 3 
2 3 2 -1 -1 -1 -1 3 3 -1 -1 -1 4 2 2 -1 4 4 3 -1 
3 3 -1 2 -1 3 -1 3 3 3 -1 -1 2 4 -1 -1 4 4 -1 3 
1 -1 4 -1 3 3 3 3 3 3 -1 3 3 4 4 4 4 4 -1 -1 
-1 -1 4 1 -1 3 3 3 -1 -1 -1 -1 3 -1 -1 4 -1 -1 4 1 
1 -1 1 1 4 3 3 -1 3 1 1 1 4 3 -1 -1 -1 -1 6 -1 
1 1 1 1 4 2 1 -1 3 3 1 4 3 3 -1 -1 -1 -1 -1 1 
-1 4 1 1 2 6 6 6 3 3 1 3 3 -1 3 4 -1 1 1 1 
4 -1 1 4 4 4 6 6 6 3 3 3 -1 3 -1 -1 -1 4 1 4 
-1 1 1 4 4 6 6 4 6 6 6 3 3 3 3 -1 4 4 4 4 
4 -1 -1 4 4 -1 6 6 6 6 6 -1 3 3 4 4 4 4 4 4 
6 4 -1 4 4 6 -1 -1 4 6 6 -1 3 3 3 4 4 4 3 4 
-1 34 -1 4 4 6 6 4 4 -1 6 5 5 3 5 5 4 4 4 6 
-1 34 4 4 -1 6 2 6 -1 -1 3 6 5 4 5 4 4 4 -1 6 
-1 -1 -1 -1 2 -1 -1 -1 -1 -1 6 6 -1 -1 6 6 6 6 4 6 
6 -1 2 -1 2 -1 -1 6 -1 6 6 6 -1 -1 6 6 6 -1 -1 6 
-1 2 -1 4 4 -1 4 6 6 -1 6 6 6 6 6 6 -1 -1 6 -1 
-1 -1 2 -1 4 4 -1 -1 6 6 -1 6 -1 6 6 -1 4 4 6 -1 
4 2 2 -1 33 -1 -1 -1 6 -1 6 6 6 6 6 6 4 4 -1 4 
-1 -1 6 6 40 -1 4 4 2 2 6 6 6 6 -1 4 4 4 4 6 
6 6 32 32 40 40 6 6 2 6 -1 -1 6 -1 6 4 2 4 -1 -1 
4 6 32 40 40 40 6 6 6 -1 6 6 6 6 -1 4 6 2 4 4 
6 4 -1 40 40 2 2 6 6 6 6 6 6 6 4 -1 4 6 6 6 
6 33 6 -1 6 -1 6 -1 6 6 6 4 6 -1 6 4 6 6 6 -1 
-1 6 6 2 3 6 6 4 6 6 6 6 4 4 4 -1 -1 -1 -1 -1 
-1 2 2 6 6 34 6 6 4 -1 6 6 6 6 6 4 4 -1 -1 2 
2 2 -1 4 34 34 6 4 -1 4 6 6 6 4 -1 4 4 2 2 -1 
2 -1 4 4 34 34 4 -1 -1 6 33 1 4 -1 2 2 -1 2 2 6 
-1 2 6 -1 -1 4 4 4 -1 -1 -1 -1 -1 4 4 -1 2 2 6 2 
2 6 -1 6 6 -1 -1 -1 33 -1 2 2 -1 4 4 2 2 -1 2 6 
6 -1 2 2 -1 -1 -1 -1 33 33 -1 -1 -1 -1 4 4 4 2 2 2 
2 -1 2 -1 2 -1 -1 33 -1 -1 -1 -1 6 6 4 4 4 6 6 6 
2 6 6 2 2 -1 -1 -1 33 -1 -1 -1 -1 4 -1 2 -1 6 6 6 
6 -1 -1 6 -1 -1 -1 -1 33 6 -1 -1 4 -1 -1 6 6 4 6 6 
-1 -1 -1 1 4 -1 4 4 4 4 2 2 -1 4 -1 -1 -1 -1 -1 -1 
-1 -1 -1 1 -1 4 -1 4 4 4 2 4 4 6 6 -1 -1 -1 -1 -1 
4 -1 -1 -1 4 3 -1 -1 6 -1 -1 -1 6 6 6 -1 -1 4 -1 4 
4 4 4 4 4 -1 4 6 -1 6 -1 -1 8 4 4 -1 4 4 4 4 
4 4 -1 4 -1 4 4 4 6 -1 -1 6 -1 4 2 -1 2 4 4 4 
2 4 4 4 4 4 4 4 6 -1 -1 -1 6 6 6 2 2 2 2 4 
4 2 4 4 4 4 4 4 6 6 -1 6 6 6 6 6 2 -1 2 4 
4 4 2 -1 4 4 4 4 4 6 6 6 6 6 6 -1 2 -1 4 -1 
4 4 2 1 4 -1 4 6 -1 -1 6 -1 6 6 6 2 4 4 -1 5 
5 -1 1 4 4 -1 4 6 6 -1 -1 -1 6 2 2 2 4 4 4 -1 
-1 -1 4 4 -1 -1 -1 6 4 4 -1 -1 2 6 2 2 -1 4 4 4 
-1 -1 4 -1 -1 1 -1 -1 4 4 -1 -1 33 2 6 6 4 4 4 4 
4 1 1 4 1 1 -1 4 -1 -1 -1 33 -1 -1 6 -1 4 -1 4 -1 
-1 -1 1 1 1 1 1 4 -1 -1 33 -1 33 33 -1 -1 -1 4 4 4 
-1 -1 -1 1 1 1 1 4 6 4 4 -1 -1 -1 -1 -1 1 1 4 -1 
6 -1 -1 6 -1 1 4 4 4 4 33 33 33 33 1 1 1 1 4 -1 
6 1 1 -1 6 -1 4 4 4 4 4 33 33 -1 4 1 -1 -1 -1 -1 
-1 -1 -1 2 2 6 4 -1 -1 6 -1 33 6 -1 -1 4 -1 -1 -1 -1 
-1 4 4 -1 6 4 4 -1 -1 -1 6 6 -1 -1 6 2 -1 -1 -1 -1 
-1 -1 -1 -1 -1 4 4 4 -1 4 -1 -1 2 2 2 -1 -1 -1 -1 -1 
-1 3 3 -1 -1 -1 -1 -1 -1 4 4 2 4 4 2 4 1 4 -1 4 
3 3 3 -1 -1 -1 -1 -1 4 3 1 1 4 4 4 1 1 4 4 4 
4 -1 3 -1 -1 3 -1 -1 3 1 -1 4 -1 4 1 1 -1 -1 4 -1 
-1 3 -1 -1 3 -1 3 3 -1 4 -1 -1 -1 -1 1 1 1 4 -1 4 
3 4 -1 3 3 3 3 3 3 4 4 -1 -1 -1 1 1 1 -1 -1 4 
4 -1 -1 3 3 3 -1 -1 4 4 -1 -1 -1 -1 -1 1 -1 4 4 -1 
-1 4 -1 4 3 -1 -1 3 4 4 4 4 4 -1 6 1 -1 4 4 4 
4 4 -1 4 -1 3 3 3 4 -1 4 4 -1 4 4 -1 1 4 4 4 
4 4 6 3 3 -1 -1 3 3 4 4 4 4 -1 8 -1 -1 -1 -1 2 
2 3 2 6 6 6 3 3 4 1 -1 -1 -1 -1 8 -1 -1 -1 2 -1 
2 2 -1 -1 3 6 3 3 3 1 1 -1 -1 -1 1 4 -1 -1 -1 2 
2 -1 -1 2 3 -1 2 6 -1 -1 1 4 -1 -1 -1 1 1 -1 -1 2 
2 2 -1 2 -1 -1 -1 2 -1 1 -1 1 6 4 -1 1 -1 1 -1 -1 
-1 -1 -1 4 2 2 2 -1 1 1 6 1 6 -1 -1 -1 -1 -1 -1 2 
-1 3 4 4 4 2 2 -1 -1 1 6 6 -1 -1 -1 -1 -1 -1 -1 4 
-1 3 -1 3 -1 -1 -1 -1 -1 6 1 6 6 -1 -1 -1 -1 -1 -1 -1 
4 3 3 -1 -1 -1 4 4 6 6 6 -1 -1 -1 -1 4 -1 4 4 4 
4 3 3 3 4 -1 4 -1 -1 6 6 6 -1 -1 4 -1 -1 -1 4 4 
3 3 3 4 -1 4 4 5 4 -1 -1 -1 -1 4 -1 6 -1 -1 -1 4 
4 3 -1 6 -1 4 -1 4 4 -1 -1 -1 4 -1 -1 -1 6 -1 -1 -1 
3 3 3 3 8 8 8 3 -1 -1 1 1 1 4 1 3 1 1 1 1 
3 3 4 4 -1 4 2 4 -1 8 -1 1 -1 3 1 4 4 4 8 33 
-1 -1 4 2 -1 2 -1 2 4 -1 8 -1 -1 4 4 -1 -1 8 8 8 
8 -1 -1 2 2 2 2 2 2 4 8 -1 -1 -1 4 4 4 4 8 8 
33 33 2 2 -1 2 2 2 -1 -1 -1 -1 -1 2 -1 -1 4 8 8 33 
33 33 33 -1 -1 -1 -1 2 2 -1 -1 2 4 2 2 4 -1 -1 8 8 
-1 -1 -1 -1 -1 -1 2 2 2 2 -1 2 2 2 -1 10 4 -1 8 8 
-1 1 1 2 -1 2 -1 2 2 2 2 2 2 2 2 1 4 4 8 8 
1 1 1 2 2 2 2 2 2 2 2 2 2 2 -1 1 1 1 -1 1 
1 1 1 1 -1 2 2 2 2 2 2 2 2 2 3 1 1 -1 1 1 
1 1 -1 -1 1 2 8 8 2 2 2 1 1 2 1 1 1 1 -1 1 
1 1 3 1 -1 3 -1 3 3 3 -1 1 1 1 1 -1 1 -1 1 -1 
-1 3 -1 -1 -1 3 3 3 3 1 1 1 1 1 1 1 -1 -1 -1 1 
1 1 3 -1 -1 -1 -1 -1 3 -1 1 2 2 1 1 1 -1 -1 -1 1 
1 3 3 3 3 3 3 3 2 -1 2 2 2 1 1 1 1 -1 1 1 
1 -1 1 3 -1 3 3 2 -1 -1 4 -1 -1 1 -1 3 1 -1 1 1 
1 1 3 1 3 2 3 -1 -1 4 4 4 1 1 1 3 3 4 -1 1 
1 3 -1 1 3 3 3 3 -1 3 3 4 4 1 1 4 3 4 3 1 
3 3 3 3 3 3 3 8 3 3 1 4 -1 -1 1 -1 4 3 1 3 
3 3 3 3 -1 8 3 3 -1 -1 1 1 1 4 1 1 3 1 3 33 
1 1 1 1 -1 -1 -1 -1 -1 -1 -1 -1 8 8 -1 1 1 1 1 1 
-1 1 1 1 1 -1 -1 -1 -1 -1 -1 -1 -1 1 1 8 8 8 8 1 
1 1 1 -1 -1 -1 8 -1 8 -1 -1 8 1 8 -1 8 8 -1 -1 1 
1 1 8 1 8 8 8 8 1 1 8 8 8 -1 8 8 8 1 1 1 
8 8 8 1 1 -1 -1 -1 -1 1 -1 -1 8 8 -1 8 -1 8 8 8 
8 8 8 8 8 8 8 8 8 8 8 8 8 8 8 -1 8 8 -1 8 
-1 8 8 -1 8 8 8 -1 8 8 8 -1 1 8 -1 8 8 8 8 8 
-1 8 -1 9 9 8 8 8 8 2 -1 1 -1 8 8 8 -1 -1 8 8 
8 -1 -1 -1 9 -1 -1 8 2 2 2 -1 -1 9 8 8 9 8 8 8 
8 -1 -1 -1 -1 2 -1 -1 8 8 8 9 9 9 -1 8 -1 9 8 8 
-1 -1 2 2 -1 2 8 -1 8 -1 9 -1 9 8 9 8 8 8 8 -1 
8 2 -1 2 2 3 -1 -1 -1 8 9 8 8 9 8 9 -1 8 -1 8 
2 -1 2 2 2 2 3 -1 -1 -1 9 8 9 9 8 8 8 8 -1 8 
2 2 -1 2 3 2 1 8 -1 -1 8 9 9 -1 -1 8 3 -1 8 -1 
2 2 -1 3 -1 -1 8 1 8 -1 8 -1 -1 -1 1 3 3 3 9 -1 
8 1 1 3 -1 8 8 8 -1 -1 8 8 1 1 1 1 3 3 3 3 
-1 1 3 1 8 1 -1 8 1 1 -1 1 1 8 -1 1 -1 3 3 3 
1 1 -1 1 1 -1 3 3 1 8 1 1 8 8 -1 3 3 3 1 -1 
-1 9 9 -1 1 -1 8 1 -1 -1 8 1 8 8 -1 -1 3 1 -1 1 
1 9 9 8 -1 8 -1 -1 -1 -1 8 8 -1 8 -1 1 1 1 1 1 
-1 3 3 9 9 -1 8 8 8 -1 9 -1 -1 9 -1 -1 9 2 -1 3 
-1 3 3 8 -1 9 8 8 -1 -1 4 4 9 8 -1 8 8 -1 2 3 
8 -1 8 -1 9 1 8 -1 8 -1 4 4 9 8 8 -1 -1 2 2 -1 
-1 -1 8 1 1 8 1 8 -1 4 4 -1 8 -1 -1 -1 8 3 2 8 
-1 8 -1 8 8 -1 -1 -1 -1 -1 8 8 -1 -1 -1 8 -1 8 -1 -1 
-1 -1 -1 1 1 -1 1 1 1 4 8 -1 -1 9 -1 9 8 8 8 -1 
-1 -1 8 3 -1 -1 9 -1 9 9 9 -1 9 -1 -1 9 9 -1 8 -1 
-1 8 3 3 8 8 9 9 -1 -1 9 9 9 9 9 9 -1 8 8 -1 
8 8 3 -1 8 8 9 8 8 9 8 8 9 -1 8 8 8 8 8 -1 
8 8 3 9 -1 8 8 8 -1 -1 8 9 9 -1 -1 8 8 8 8 8 
-1 3 9 -1 1 8 8 -1 8 8 1 8 9 -1 -1 -1 8 8 8 8 
-1 8 -1 -1 9 1 8 8 8 8 8 -1 -1 8 8 8 8 -1 -1 8 
8 8 8 9 8 8 8 -1 -1 -1 8 -1 8 8 8 8 8 8 8 2 
8 8 -1 -1 -1 8 -1 9 -1 8 -1 8 -1 8 8 8 9 -1 8 8 
8 8 -1 4 -1 9 8 -1 9 8 8 9 -1 -1 8 -1 -1 8 8 8 
8 8 9 -1 8 1 1 8 3 3 8 -1 8 1 -1 9 -1 -1 8 8 
8 3 8 -1 -1 8 -1 1 9 -1 9 -1 -1 1 -1 9 9 8 8 8 
8 8 3 8 -1 8 8 9 1 9 9 1 -1 1 1 9 9 9 -1 -1 
-1 3 3 9 8 8 -1 -1 1 1 1 1 -1 9 -1 -1 9 8 2 -1 
8 3 9 9 8 -1 8 8 -1 -1 -1 1 9 9 9 -1 -1 9 9 9 
-1 1 1 3 3 1 8 8 8 8 8 8 8 8 -1 -1 -1 9 9 -1 
-1 -1 -1 -1 3 -1 -1 8 -1 8 8 8 8 8 9 9 9 9 9 9 
9 -1 -1 -1 -1 1 8 8 9 -1 8 8 8 9 9 9 9 9 9 -1 
9 -1 -1 -1 9 8 9 1 1 -1 8 -1 9 8 9 -1 9 9 9 8 
-1 9 1 1 9 9 -1 1 1 -1 -1 9 9 9 -1 -1 8 9 -1 9 
8 -1 1 1 1 9 9 9 9 9 -1 8 1 -1 9 8 -1 -1 -1 8 
-1 -1 8 8 -1 1 -1 -1 -1 8 8 1 1 8 8 8 -1 4 4 -1 
-1 8 -1 -1 9 9 1 8 8 8 8 -1 8 -1 8 8 8 4 4 -1 
8 -1 -1 -1 -1 -1 9 8 9 8 8 8 -1 8 -1 -1 -1 9 4 4 
-1 -1 -1 -1 -1 9 -1 -1 9 9 8 8 8 8 9 9 8 8 4 -1 
8 8 -1 8 9 -1 -1 -1 9 9 -1 9 8 -1 9 9 8 8 8 8 
-1 -1 8 8 9 9 -1 -1 9 9 -1 -1 8 8 -1 -1 -1 8 4 -1 
8 8 -1 -1 -1 9 9 -1 -1 -1 9 9 8 8 8 8 -1 8 -1 -1 
-1 -1 -1 -1 -1 -1 -1 -1 9 9 8 9 8 8 8 8 6 -1 -1 -1 
9 1 -1 -1 -1 40 9 -1 4 -1 9 8 -1 6 -1 1 1 9 9 -1 
-1 1 1 1 -1 9 40 -1 -1 -1 9 9 -1 -1 -1 1 1 9 9 9 
1 1 -1 1 -1 -1 9 40 40 9 9 9 8 8 1 1 8 9 9 -1 
-1 9 -1 1 -1 9 9 9 9 -1 -1 -1 8 8 1 -1 -1 8 -1 -1 
9 -1 -1 9 9 -1 8 9 -1 8 -1 9 -1 8 -1 -1 -1 -1 -1 9 
-1 -1 3 8 -1 1 -1 8 8 8 -1 8 8 -1 -1 -1 -1 -1 -1 -1 
-1 -1 8 8 8 -1 8 -1 8 9 9 8 8 8 8 8 1 1 -1 -1 
8 -1 -1 8 8 8 -1 -1 9 9 -1 9 -1 -1 8 8 8 -1 8 8 
-1 8 8 8 8 1 8 8 8 1 -1 -1 9 9 -1 -1 8 8 -1 -1 
8 8 8 8 8 8 1 -1 -1 1 1 8 8 8 8 -1 8 -1 -1 8 
8 8 8 8 8 8 8 8 -1 -1 8 8 8 -1 8 8 8 8 8 8 
-1 8 8 8 -1 -1 8 8 8 8 8 8 8 4 -1 8 8 8 9 9 
8 -1 8 8 8 8 8 8 8 8 8 4 4 4 4 8 -1 8 8 -1 
8 8 8 3 8 8 8 8 -1 8 4 4 4 4 9 -1 8 3 -1 -1 
8 8 3 8 8 3 -1 3 8 -1 4 4 -1 4 4 -1 -1 -1 3 8 
8 8 8 -1 -1 3 3 -1 -1 -1 4 -1 4 4 -1 4 4 4 4 8 
8 8 8 -1 -1 -1 -1 -1 4 -1 4 4 4 -1 4 4 -1 8 4 8 
4 8 8 -1 -1 -1 -1 -1 -1 4 3 4 -1 -1 -1 -1 4 4 -1 4 
8 8 -1 -1 9 -1 -1 -1 3 4 -1 4 -1 -1 -1 -1 4 4 4 8 
8 8 8 -1 -1 9 -1 -1 3 8 8 4 8 -1 -1 4 4 4 2 4 
-1 8 8 -1 -1 8 8 6 8 8 8 8 8 8 -1 4 4 -1 2 -1 
8 8 8 8 8 8 -1 6 6 6 8 8 8 8 8 4 4 -1 -1 8 
8 8 -1 -1 8 8 -1 8 8 8 8 8 9 -1 -1 4 4 4 -1 8 
8 8 8 8 8 8 -1 -1 8 -1 8 9 8 -1 -1 8 -1 4 8 8 
8 8 8 -1 8 8 8 8 -1 -1 8 8 -1 8 -1 8 -1 -1 1 8 
8 -1 -1 8 8 -1 -1 -1 8 8 9 8 8 -1 8 -1 8 9 -1 8 
8 -1 -1 9 9 9 9 9 -1 9 9 -1 8 -1 -1 -1 8 8 8 8 
-1 2 -1 9 9 9 9 -1 9 9 8 8 -1 8 8 8 3 -1 -1 8 
-1 2 2 -1 9 9 9 -1 -1 8 8 -1 8 -1 -1 -1 3 3 2 -1 
-1 -1 -1 -1 9 -1 -1 -1 8 8 8 8 8 -1 -1 8 3 -1 3 -1 
-1 -1 -1 4 9 8 -1 -1 -1 8 8 -1 8 8 8 8 -1 3 -1 -1 
-1 -1 8 -1 -1 -1 8 -1 -1 8 8 8 8 8 8 -1 -1 3 -1 -1 
1 -1 8 8 -1 -1 -1 -1 -1 8 -1 -1 8 8 8 8 3 1 -1 -1 
1 -1 -1 6 9 9 -1 -1 -1 -1 8 8 8 8 9 8 8 -1 1 -1 
-1 -1 -1 6 9 -1 -1 -1 -1 -1 -1 -1 1 1 8 8 -1 8 1 1 
-1 -1 6 -1 6 -1 6 -1 -1 1 -1 -1 8 1 8 8 -1 -1 1 -1 
9 9 6 6 6 6 -1 -1 -1 -1 1 -1 1 8 8 8 8 8 -1 -1 
9 -1 6 2 -1 -1 -1 -1 -1 -1 8 8 2 2 8 -1 -1 8 -1 9 
6 -1 3 -1 -1 9 -1 1 1 1 1 8 8 3 -1 -1 -1 -1 -1 9 
6 -1 3 9 9 -1 9 -1 -1 1 3 -1 9 8 -1 -1 -1 -1 -1 -1 
6 3 9 4 -1 9 9 9 9 3 1 1 9 -1 8 -1 -1 -1 -1 -1 
8 4 3 9 -1 8 4 -1 -1 -1 1 1 -1 8 -1 -1 -1 -1 -1 6 
6 4 4 -1 -1 8 8 8 -1 -1 1 1 1 -1 -1 -1 4 -1 -1 6 
4 -1 4 -1 -1 8 8 8 8 -1 8 8 8 -1 4 4 -1 4 4 4 
-1 8 -1 4 9 8 8 -1 -1 -1 4 8 8 -1 4 4 9 9 9 4 
8 8 8 -1 -1 9 -1 -1 -1 9 8 8 8 8 -1 -1 -1 8 9 -1 
-1 -1 5 4 8 8 8 -1 -1 6 3 3 3 -1 -1 2 8 5 5 5 
4 5 4 -1 8 -1 4 4 4 6 6 2 2 3 -1 -1 2 8 8 5 
-1 8 4 1 -1 4 8 4 4 6 -1 3 2 -1 -1 3 3 8 5 -1 
-1 8 -1 -1 -1 -1 8 -1 -1 -1 -1 -1 4 4 -1 -1 3 8 4 -1 
-1 -1 -1 -1 9 8 8 -1 9 -1 -1 -1 4 8 8 9 4 4 -1 4 
-1 -1 -1 -1 -1 8 -1 9 -1 9 -1 -1 8 8 9 4 4 4 4 -1 
3 3 -1 -1 8 4 8 -1 1 -1 -1 4 8 4 4 9 4 4 -1 -1 
-1 -1 -1 2 -1 -1 4 4 4 2 2 -1 4 4 -1 4 4 2 2 3 
-1 -1 2 -1 -1 -1 -1 -1 4 2 6 2 2 4 4 9 9 3 -1 -1 
-1 9 9 -1 -1 4 4 4 4 4 4 6 2 2 -1 -1 9 3 4 4 
3 9 -1 4 9 4 4 -1 4 4 2 2 2 -1 -1 -1 -1 9 4 4 
9 3 4 4 -1 4 4 6 4 4 2 4 2 -1 -1 4 -1 -1 4 4 
9 4 3 4 4 -1 4 6 4 4 4 4 4 -1 4 -1 -1 4 4 1 
-1 -1 4 -1 -1 4 4 4 -1 4 4 4 4 2 -1 4 4 4 -1 -1 
-1 -1 3 3 4 4 4 4 -1 4 4 4 4 2 2 -1 4 4 -1 -1 
1 -1 -1 3 4 4 4 4 4 -1 4 4 4 -1 2 -1 4 4 4 1 
1 1 -1 -1 -1 4 4 -1 -1 4 -1 4 4 2 -1 2 -1 4 -1 1 
-1 -1 5 5 4 6 -1 3 9 -1 4 4 2 2 2 2 2 5 5 -1 
5 2 5 4 -1 4 3 3 -1 4 -1 4 2 2 -1 -1 2 2 5 -1 
-1 2 4 5 5 8 -1 -1 -1 -1 3 3 -1 -1 2 5 5 2 5 5 
-1 -1 -1 6 -1 -1 6 4 4 4 4 4 4 5 4 4 4 4 -1 4 
-1 -1 -1 -1 -1 6 2 6 4 4 4 4 5 -1 -1 -1 4 4 4 1 
-1 -1 -1 -1 6 6 -1 2 4 4 4 4 2 4 4 4 4 4 4 -1 
-1 1 4 6 6 6 6 6 7 4 -1 4 4 4 4 4 4 4 -1 4 
1 4 4 6 6 6 6 -1 4 7 4 -1 -1 -1 4 4 4 -1 -1 -1 
-1 3 6 4 6 6 6 4 4 -1 4 -1 -1 4 4 4 -1 -1 -1 -1 
3 -1 -1 6 4 4 3 1 -1 -1 3 1 4 -1 4 4 3 3 3 -1 
3 -1 -1 -1 -1 -1 3 3 1 -1 -1 6 6 4 -1 3 3 -1 -1 3 
1 -1 -1 -1 -1 -1 3 3 3 1 1 4 -1 -1 3 3 4 4 1 1 
1 -1 3 3 3 6 -1 -1 -1 4 4 6 4 3 -1 4 4 1 1 -1 
1 -1 3 3 3 -1 -1 -1 4 4 -1 4 3 4 -1 4 1 4 4 1 
-1 4 -1 3 3 -1 -1 -1 -1 4 4 4 4 4 -1 4 1 4 1 -1 
-1 -1 -1 4 4 4 -1 1 1 -1 4 -1 4 -1 4 4 4 4 4 1 
-1 -1 4 4 4 4 1 -1 1 4 4 4 -1 4 4 4 4 4 4 1 
-1 -1 1 4 -1 -1 -1 1 4 -1 4 32 32 32 4 4 4 4 4 4 
-1 -1 1 1 4 4 2 1 32 8 8 32 32 4 4 4 4 4 1 -1 
-1 1 1 4 4 4 2 4 -1 4 8 -1 4 -1 4 4 4 1 1 1 
6 -1 1 -1 4 4 4 -1 4 4 4 4 4 4 -1 4 2 1 2 3 
3 3 -1 4 4 4 4 4 4 4 4 4 4 4 4 4 -1 2 2 2 
2 3 6 -1 4 6 4 4 4 4 4 4 4 -1 4 4 2 4 2 2 
6 6 1 2 -1 -1 -1 2 -1 -1 -1 1 -1 -1 1 -1 4 -1 -1 6 
6 6 1 6 6 -1 -1 4 4 6 1 1 -1 -1 -1 1 1 6 6 6 
4 6 6 6 6 -1 -1 -1 -1 -1 1 -1 -1 -1 1 1 1 -1 6 4 
6 6 6 6 6 -1 6 -1 6 1 1 1 1 -1 -1 4 1 1 4 6 
-1 6 1 -1 6 6 -1 6 -1 4 -1 6 1 1 -1 -1 -1 4 6 -1 
2 1 1 1 2 2 6 6 6 6 4 -1 4 -1 1 -1 -1 6 1 1 
-1 2 2 2 2 2 6 4 6 4 4 4 4 -1 1 -1 1 -1 4 -1 
6 2 2 2 2 4 4 -1 6 4 4 4 4 1 4 1 -1 -1 1 4 
6 2 2 -1 4 6 4 -1 -1 -1 4 4 4 4 4 4 4 1 1 -1 
2 8 2 2 -1 -1 4 4 4 4 4 4 4 1 1 4 1 -1 -1 -1 
8 8 -1 -1 -1 2 -1 4 4 4 -1 1 4 -1 4 4 -1 -1 -1 2 
2 -1 -1 2 2 2 2 4 -1 -1 -1 4 4 4 4 4 4 -1 2 8 
8 2 -1 2 2 2 -1 4 -1 -1 -1 -1 -1 -1 -1 -1 -1 8 8 8 
8 8 -1 2 2 -1 -1 2 2 1 -1 -1 -1 1 1 -1 -1 -1 8 8 
2 8 2 2 2 -1 -1 -1 1 2 1 -1 8 8 -1 8 -1 8 -1 8 
2 2 -1 2 2 2 -1 -1 2 1 -1 1 8 8 8 -1 -1 8 -1 -1 
8 8 -1 2 6 -1 2 2 2 2 1 -1 4 1 -1 -1 8 -1 8 8 
-1 2 2 2 -1 -1 2 -1 1 1 1 -1 -1 1 1 1 1 8 8 4 
4 6 2 2 -1 -1 2 2 2 1 1 -1 -1 1 1 -1 4 4 4 8 
6 6 6 2 -1 2 2 6 6 -1 -1 1 -1 -1 -1 4 -1 4 -1 4 
4 4 1 6 -1 1 6 -1 4 4 -1 -1 6 6 4 4 -1 -1 4 4 
-1 4 6 1 6 6 6 4 4 4 -1 6 6 -1 4 4 6 6 4 4 
6 6 6 6 6 6 6 -1 -1 -1 4 4 6 6 4 6 4 -1 6 6 
-1 6 4 4 6 6 6 -1 -1 -1 6 6 -1 6 6 6 4 6 6 6 
-1 6 -1 4 -1 6 6 6 -1 -1 6 6 6 6 -1 -1 4 4 6 6 
6 6 6 1 6 6 -1 -1 6 -1 -1 6 6 6 -1 4 4 4 4 4 
4 4 6 1 6 -1 -1 4 4 -1 6 -1 6 -1 -1 -1 -1 -1 -1 4 
-1 6 1 6 6 6 6 -1 -1 -1 -1 6 1 4 -1 4 -1 4 -1 -1 
4 -1 -1 1 6 6 6 4 -1 -1 -1 -1 -1 1 4 4 -1 4 4 -1 
4 4 4 6 6 -1 4 -1 -1 2 -1 -1 1 1 1 4 -1 4 4 4 
4 4 4 -1 -1 4 2 -1 -1 1 -1 -1 -1 4 4 1 4 -1 -1 4 
4 4 6 4 6 2 -1 -1 -1 -1 1 1 4 4 -1 -1 4 4 4 4 
-1 -1 -1 4 6 -1 1 -1 1 1 1 1 -1 4 4 2 4 4 4 4 
-1 -1 4 6 6 6 6 -1 -1 1 1 1 4 4 4 4 2 4 4 -1 
-1 -1 4 4 -1 1 -1 6 -1 32 32 -1 32 4 2 2 4 4 -1 -1 
-1 -1 -1 4 1 1 -1 6 1 1 1 -1 32 32 32 32 -1 4 4 4 
4 4 -1 1 -1 -1 -1 1 1 2 -1 4 4 32 32 -1 4 4 -1 4 
4 4 1 -1 -1 -1 -1 -1 2 2 4 32 32 32 -1 4 4 4 4 4 
-1 -1 -1 1 1 -1 -1 -1 -1 1 4 4 32 4 4 4 6 -1 -1 -1 
-1 -1 6 1 6 1 -1 -1 -1 4 -1 32 6 -1 -1 6 -1 -1 -1 -1 
-1 -1 5 4 4 4 4 4 41 4 4 -1 4 4 32 6 -1 1 -1 4 
4 -1 -1 4 4 4 4 4 4 4 4 4 4 4 32 6 6 4 -1 41 
4 3 3 -1 4 4 41 41 4 4 4 4 6 6 6 6 6 6 4 41 
41 -1 3 4 3 41 4 41 41 4 4 -1 6 6 6 6 6 4 4 4 
4 4 2 3 4 -1 41 41 4 4 -1 4 -1 4 6 4 6 -1 41 41 
41 -1 3 3 -1 33 33 41 41 41 -1 4 4 35 4 6 -1 -1 41 4 
32 -1 3 3 4 4 -1 41 41 41 4 4 35 41 -1 -1 6 -1 -1 4 
41 32 2 4 4 3 4 4 41 41 41 -1 41 41 -1 -1 6 6 -1 41 
32 32 4 4 2 4 4 4 4 41 41 -1 -1 -1 -1 -1 6 41 -1 41 
41 32 4 4 -1 4 4 4 4 41 41 41 -1 -1 -1 6 -1 -1 -1 2 
41 41 3 4 3 4 3 -1 -1 41 -1 41 41 6 6 6 6 6 2 41 
-1 3 -1 4 3 3 -1 4 -1 3 3 3 4 -1 6 6 6 33 -1 4 
3 3 3 3 2 32 3 -1 2 3 3 -1 4 3 -1 2 33 33 -1 -1 
4 4 3 4 3 -1 32 3 3 3 4 4 -1 2 2 4 -1 33 33 4 
4 4 -1 -1 3 3 -1 -1 3 3 3 4 -1 -1 4 4 2 33 -1 33 
-1 6 4 6 -1 -1 -1 -1 4 4 4 -1 2 2 2 2 2 -1 -1 2 
6 6 -1 -1 6 -1 4 6 6 -1 4 -1 -1 2 2 3 2 2 -1 -1 
4 -1 4 6 6 -1 6 6 -1 4 6 4 4 2 -1 3 2 -1 2 2 
2 -1 6 6 6 6 6 4 4 -1 4 -1 2 4 -1 -1 4 -1 2 4 
4 -1 -1 -1 -1 6 4 4 4 4 -1 -1 4 4 32 32 -1 1 4 4 
6 -1 -1 -1 4 42 42 42 42 4 4 42 4 6 32 4 4 2 2 -1 
-1 4 4 -1 32 32 42 42 -1 4 4 4 4 4 6 4 4 4 2 2 
-1 -1 -1 4 9 32 -1 42 -1 4 4 4 4 4 -1 6 4 6 2 2 
2 -1 -1 -1 32 2 -1 2 2 2 2 4 4 4 4 6 6 -1 4 3 
-1 3 -1 2 2 2 2 -1 2 2 2 -1 4 4 -1 6 4 4 3 3 
-1 3 4 3 -1 2 2 -1 4 4 2 4 4 4 -1 4 4 4 -1 3 
3 -1 4 4 4 -1 2 2 -1 4 -1 4 4 4 -1 -1 4 4 3 -1 
-1 3 4 4 -1 4 2 2 2 -1 41 -1 -1 4 4 -1 -1 -1 -1 1 
4 -1 4 4 4 4 -1 4 2 4 41 41 41 4 4 32 4 4 -1 1 
4 -1 -1 4 4 4 4 -1 4 41 41 41 -1 32 4 32 4 4 4 4 
4 -1 -1 4 4 4 4 4 4 -1 4 4 4 32 4 -1 4 4 -1 -1 
4 4 4 4 4 -1 -1 4 4 4 -1 4 4 4 32 -1 -1 4 -1 4 
4 4 4 4 -1 4 4 4 4 4 -1 -1 4 4 4 -1 -1 -1 -1 4 
4 4 4 4 4 4 4 4 4 4 4 -1 4 4 -1 -1 -1 2 -1 4 
4 4 4 4 -1 -1 4 -1 4 -1 -1 4 4 4 2 2 2 -1 4 4 
4 4 4 -1 4 -1 4 -1 4 -1 4 -1 4 -1 4 4 4 -1 4 4 
4 4 4 4 -1 4 -1 42 -1 42 -1 -1 4 -1 4 4 4 4 4 4 
4 -1 4 4 4 -1 42 4 42 -1 -1 -1 4 4 4 4 4 4 4 4 
4 4 -1 4 4 42 42 42 42 42 42 4 4 -1 4 4 -1 4 4 -1 
4 6 -1 4 -1 42 42 42 42 42 42 -1 6 4 4 6 4 -1 2 4 
-1 2 2 -1 2 -1 4 4 -1 -1 5 4 4 4 4 4 4 2 2 -1 
2 2 2 2 4 2 5 5 5 5 4 -1 4 4 4 4 4 2 -1 2 
-1 4 4 4 2 2 4 4 5 5 -1 4 -1 4 4 2 2 4 4 4 
4 -1 4 4 4 4 -1 5 5 -1 4 -1 4 -1 4 4 4 -1 4 4 
-1 4 4 4 1 4 4 5 4 4 4 4 4 4 4 -1 4 4 4 4 
4 6 4 4 4 -1 4 4 4 -1 4 4 4 4 4 -1 4 4 4 4 
4 4 -1 4 -1 -1 1 4 4 4 -1 4 4 6 4 4 4 4 4 4 
4 4 4 4 4 1 4 4 4 4 4 4 4 4 6 4 4 -1 4 4 
4 -1 -1 4 -1 4 4 4 4 1 4 4 4 4 -1 4 4 -1 4 4 
-1 4 -1 2 2 -1 4 4 4 4 4 4 4 4 4 4 4 4 -1 -1 
4 4 4 4 4 4 4 4 4 4 4 4 4 -1 4 4 4 4 4 -1 
-1 4 4 4 4 4 -1 -1 4 -1 4 4 4 4 -1 4 4 -1 4 4 
4 4 4 4 4 4 4 -1 4 4 32 4 4 4 4 4 4 4 2 4 
2 4 4 4 4 4 1 1 4 4 4 4 4 4 4 4 4 4 4 2 
2 4 4 6 6 4 1 1 4 4 4 4 4 4 4 4 6 -1 4 4 
2 -1 4 4 4 4 4 4 4 4 4 4 4 4 4 4 4 -1 -1 4 
4 4 4 4 4 4 4 4 2 4 4 4 -1 4 4 4 -1 4 4 4 
2 -1 4 4 4 4 4 4 2 2 4 4 4 -1 4 4 2 2 4 2 
4 2 4 -1 4 -1 4 -1 4 4 -1 4 4 4 4 4 2 2 2 2 
-1 -1 -1 -1 -1 4 4 4 -1 4 4 4 4 -1 -1 4 2 2 2 10 
-1 2 2 3 4 4 -1 4 4 2 2 2 4 -1 -1 4 -1 4 4 4 
3 2 4 4 3 4 2 4 4 4 2 6 4 4 -1 -1 -1 -1 4 2 
3 -1 3 3 3 3 3 4 -1 2 4 4 4 4 3 3 4 3 -1 2 
3 -1 3 3 3 2 2 4 4 4 4 4 4 4 4 4 4 3 -1 3 
-1 -1 -1 3 3 3 4 4 4 4 4 4 4 4 4 4 4 -1 -1 -1 
-1 36 -1 -1 -1 2 2 4 4 4 -1 3 4 3 4 4 3 4 3 -1 
-1 -1 36 2 2 2 2 -1 -1 4 3 3 3 4 4 4 4 3 3 3 
3 4 4 4 4 2 4 -1 4 -1 -1 4 4 4 4 4 4 4 4 3 
-1 4 -1 -1 4 4 4 -1 -1 4 4 -1 4 4 -1 -1 4 -1 4 4 
-1 -1 4 4 -1 4 -1 4 -1 4 4 4 4 4 4 4 -1 4 -1 6 
-1 4 4 4 -1 -1 -1 4 4 -1 -1 4 -1 4 4 -1 -1 4 -1 6 
4 4 4 4 -1 4 4 -1 -1 4 4 -1 -1 -1 4 -1 4 4 4 4 
6 -1 6 4 4 4 4 4 4 4 4 4 -1 -1 4 4 -1 -1 -1 4 
6 6 6 6 1 4 4 4 4 4 4 4 -1 2 4 4 4 4 -1 6 
4 6 -1 1 -1 4 -1 4 4 4 -1 4 4 -1 2 4 4 4 4 2 
4 -1 4 4 4 4 4 4 4 -1 4 -1 4 4 4 4 4 4 4 4 
4 4 4 4 4 4 4 4 4 4 4 4 4 4 4 -1 4 4 4 4 
4 -1 -1 4 -1 -1 2 4 4 4 4 2 4 -1 4 4 4 4 4 -1 
4 4 -1 -1 6 6 -1 2 2 4 4 -1 4 -1 4 4 4 -1 -1 4 
-1 2 3 3 6 6 -1 -1 4 2 2 4 4 4 4 4 4 -1 -1 -1 
4 4 6 4 -1 4 4 4 4 4 4 -1 4 3 3 4 4 4 4 4 
4 4 4 4 4 4 4 4 4 4 4 4 -1 3 4 3 4 -1 4 4 
4 4 -1 -1 4 4 4 4 4 4 4 4 -1 -1 -1 3 4 3 4 4 
-1 4 4 4 4 4 4 4 4 4 4 4 4 -1 4 -1 3 -1 -1 4 
4 4 4 4 4 4 4 4 4 4 4 4 4 4 4 -1 4 -1 4 -1 
6 4 4 4 4 4 -1 3 -1 4 -1 4 4 4 4 4 4 -1 -1 -1 
6 4 4 4 4 4 4 3 4 4 4 4 4 -1 4 4 -1 4 4 6 
4 4 4 4 4 4 4 4 4 4 4 4 4 -1 -1 4 4 4 4 -1 
4 4 4 4 4 -1 -1 4 4 4 4 2 2 4 4 4 4 4 4 -1 
4 4 -1 4 4 4 6 4 4 4 4 -1 4 2 -1 4 4 4 4 4 
4 -1 4 -1 -1 4 -1 4 4 4 4 4 2 4 4 4 4 4 4 4 
4 4 33 4 4 -1 4 4 -1 4 4 4 -1 4 4 4 4 4 4 4 
4 6 4 33 -1 4 4 4 -1 4 4 4 4 4 4 4 4 4 -1 4 
4 4 4 4 4 4 -1 4 4 -1 4 4 4 -1 4 6 -1 4 4 4 
4 4 4 4 4 4 4 -1 4 4 -1 -1 -1 4 4 -1 6 4 4 4 
-1 4 4 4 4 4 4 4 4 -1 6 -1 -1 4 4 -1 6 6 4 4 
4 4 4 4 4 4 4 4 4 6 6 1 -1 3 4 3 6 4 4 4 
4 4 -1 4 4 4 4 4 1 6 6 1 4 4 3 -1 3 4 4 4 
4 4 6 4 4 4 3 4 4 1 1 1 2 -1 -1 3 -1 3 3 4 
4 -1 4 -1 6 4 4 4 -1 1 4 4 2 4 3 -1 -1 3 -1 4 
4 4 -1 4 -1 4 4 4 4 4 4 3 3 4 3 -1 1 -1 4 -1 
4 3 4 3 4 -1 -1 4 4 4 3 4 3 -1 3 3 1 1 4 4 
3 -1 3 3 3 3 4 -1 4 4 4 41 3 -1 2 3 1 1 4 -1 
4 3 -1 4 3 3 4 -1 4 -1 -1 4 1 3 1 3 2 2 1 3 
-1 4 4 -1 4 4 3 4 3 -1 4 4 3 1 3 1 -1 3 3 -1 
-1 -1 3 3 3 3 3 3 -1 -1 2 -1 41 1 3 -1 -1 4 4 3 
3 3 -1 3 3 3 3 3 3 -1 -1 2 2 2 -1 -1 4 4 4 3 
3 -1 3 -1 3 3 -1 3 -1 3 3 2 2 -1 -1 -1 -1 4 3 11 
3 3 3 -1 3 -1 -1 2 2 3 3 -1 -1 3 3 3 4 3 -1 11 
3 3 -1 -1 3 3 4 2 2 -1 3 3 3 3 3 -1 3 11 11 -1 
3 3 3 4 4 -1 6 4 -1 4 -1 3 3 3 3 -1 11 11 3 3 
3 3 -1 -1 4 4 6 4 4 -1 3 3 3 3 3 3 -1 3 3 3 
3 3 -1 -1 -1 4 4 4 2 2 3 3 -1 -1 -1 -1 3 4 4 3 
4 4 -1 -1 -1 -1 4 2 3 3 3 3 -1 -1 4 4 4 4 4 4 
-1 4 -1 -1 -1 4 3 3 3 -1 -1 4 3 4 4 3 3 3 -1 4 
4 -1 4 4 -1 4 3 3 3 3 4 1 -1 -1 3 3 3 3 -1 4 
3 -1 6 4 4 6 4 3 3 3 3 3 2 -1 6 -1 3 -1 3 3 
-1 4 4 -1 6 4 3 4 3 32 3 -1 -1 4 4 6 3 -1 -1 3 
-1 4 4 4 4 6 4 4 4 4 4 3 -1 4 4 3 3 -1 -1 3 
4 -1 4 4 4 4 4 -1 4 4 -1 4 3 -1 3 3 3 -1 4 4 
10 -1 3 3 4 3 4 3 -1 3 3 3 3 3 4 4 4 3 4 3 
-1 3 3 3 3 -1 3 3 3 3 3 3 3 -1 4 4 4 4 -1 3 
3 3 3 3 3 3 3 3 3 3 3 -1 3 3 4 4 4 4 -1 3 
4 3 3 3 3 3 3 3 3 3 -1 -1 -1 -1 4 4 4 3 3 -1 
4 3 3 -1 3 3 3 3 3 3 -1 -1 -1 -1 4 4 4 -1 4 2 
3 3 3 -1 3 3 3 3 -1 3 4 3 3 3 4 -1 4 4 2 2 
3 -1 -1 3 3 3 3 3 3 4 -1 4 3 4 4 4 4 4 4 3 
3 3 -1 3 3 3 3 3 3 3 -1 3 3 3 -1 3 4 4 -1 -1 
3 -1 -1 3 3 3 3 3 9 3 3 -1 3 3 3 -1 4 -1 -1 -1 
-1 3 -1 3 3 3 3 3 1 9 -1 -1 3 3 3 -1 3 3 3 3 
3 3 3 3 3 3 -1 1 2 2 3 3 3 3 -1 3 -1 -1 3 -1 
3 3 3 3 -1 3 -1 -1 3 -1 3 -1 3 -1 3 3 -1 3 -1 3 
3 3 3 3 3 3 3 -1 3 3 3 3 -1 3 3 3 3 -1 3 3 
-1 3 3 3 3 3 3 3 3 3 -1 -1 3 3 -1 3 3 3 3 3 
3 -1 3 3 3 3 3 3 3 3 3 -1 3 3 -1 3 3 3 3 3 
3 3 3 -1 3 -1 3 3 3 3 3 3 3 3 -1 3 3 3 3 3 
3 3 -1 -1 3 3 -1 3 3 3 3 3 3 -1 3 -1 3 3 3 3 
-1 -1 -1 3 -1 3 -1 -1 3 3 3 3 3 3 3 3 3 3 3 3 
3 3 3 -1 -1 3 4 -1 -1 -1 3 4 -1 -1 3 -1 32 -1 -1 3 
3 -1 3 4 4 4 3 4 3 3 -1 4 4 4 3 4 4 -1 3 3 
-1 3 -1 -1 4 3 3 3 3 3 3 3 3 -1 -1 3 3 3 6 3 
3 3 3 4 32 3 3 3 3 -1 3 3 3 -1 -1 -1 3 -1 6 6 
6 3 4 4 4 3 3 4 4 -1 3 3 -1 -1 -1 -1 3 6 6 -1 
4 3 -1 3 3 4 4 -1 -1 4 4 -1 -1 -1 -1 3 3 -1 -1 -1 
-1 4 4 3 3 3 4 4 4 3 12 -1 -1 -1 3 3 3 3 -1 -1 
-1 -1 3 -1 4 4 3 3 3 -1 -1 12 3 3 3 3 3 3 3 -1 
3 3 4 3 -1 3 -1 -1 3 5 -1 -1 -1 3 3 -1 -1 3 3 -1 
-1 -1 2 4 4 -1 -1 -1 5 -1 -1 -1 3 3 -1 3 3 3 3 3 
3 2 2 4 4 4 4 -1 -1 3 -1 5 3 5 4 4 3 3 3 3 
3 3 3 2 2 4 3 4 3 4 5 5 5 5 5 5 3 3 3 3 
3 3 2 4 2 -1 4 4 4 4 5 5 3 5 5 5 3 3 3 1 
3 3 1 4 4 4 -1 -1 3 -1 3 5 3 3 10 10 5 -1 -1 4 
3 1 1 4 4 -1 4 3 3 3 3 -1 3 3 -1 10 10 -1 -1 -1 
4 1 3 3 -1 -1 3 3 3 3 3 3 -1 3 3 -1 3 -1 -1 4 
-1 1 1 -1 3 3 3 -1 3 3 3 3 3 -1 5 3 3 -1 -1 4 
4 1 -1 3 3 -1 -1 3 3 3 -1 3 5 5 5 3 3 3 3 3 
3 4 3 3 -1 3 -1 3 3 3 -1 -1 5 4 4 -1 3 -1 3 3 
3 3 3 3 3 3 3 3 3 3 3 -1 -1 -1 5 3 3 3 3 3 
3 -1 3 3 3 3 3 3 -1 -1 3 3 3 3 4 4 3 3 3 -1 
-1 3 -1 4 4 3 3 3 4 3 3 3 3 -1 4 4 3 3 3 3 
4 -1 -1 -1 -1 -1 -1 4 4 4 5 4 4 4 4 -1 5 5 4 4 
-1 3 4 5 1 -1 -1 -1 -1 4 4 -1 4 -1 4 -1 3 36 36 36 
3 3 4 -1 5 1 1 5 -1 5 5 -1 -1 4 3 3 36 36 36 36 
-1 3 3 5 3 1 -1 5 5 5 5 -1 4 -1 4 3 4 38 36 3 
3 3 -1 3 -1 1 1 -1 5 33 4 -1 4 4 4 3 3 -1 3 3 
3 -1 3 3 1 1 -1 -1 -1 -1 -1 4 4 -1 4 3 34 -1 3 36 
3 3 -1 3 9 1 1 1 1 -1 -1 -1 -1 -1 -1 4 34 34 34 3 
3 3 3 3 9 9 1 1 7 1 4 4 4 34 34 -1 34 34 34 34 
4 3 3 -1 -1 9 1 1 7 4 32 4 -1 4 34 34 34 34 -1 34 
3 4 -1 -1 -1 1 4 4 1 32 32 -1 -1 4 34 -1 34 34 34 4 
4 -1 1 1 -1 -1 4 4 4 -1 32 32 -1 34 -1 34 34 34 34 34 
-1 -1 1 1 -1 -1 4 4 -1 -1 -1 -1 -1 34 1 1 1 -1 34 4 
1 1 -1 1 32 -1 -1 -1 -1 -1 4 4 4 -1 34 1 33 1 34 34 
1 1 1 1 -1 32 -1 4 -1 4 -1 4 4 -1 4 1 33 -1 34 34 
-1 1 1 -1 32 -1 -1 4 3 -1 4 4 4 4 4 1 33 1 34 33 
4 -1 1 -1 -1 -1 -1 -1 4 -1 4 -1 -1 4 4 1 1 33 33 -1 
13 -1 -1 32 -1 -1 4 4 4 4 -1 -1 4 -1 -1 -1 33 33 41 41 
41 13 -1 -1 -1 4 4 4 -1 -1 -1 5 -1 4 4 -1 33 4 4 41 
-1 13 13 -1 -1 -1 4 4 -1 4 4 5 4 4 -1 -1 -1 4 -1 -1 
4 4 13 13 -1 -1 4 4 4 -1 5 -1 4 4 -1 5 5 5 4 4 
5 13 12 4 4 5 4 7 -1 32 32 32 32 32 32 6 32 -1 -1 4 
5 5 13 -1 4 4 4 7 7 -1 6 32 32 32 6 32 -1 -1 4 4 
13 13 13 -1 -1 -1 -1 7 5 6 6 32 6 4 32 4 4 -1 -1 13 
13 7 -1 32 -1 -1 -1 6 -1 5 5 6 -1 6 -1 -1 -1 -1 -1 -1 
7 13 32 4 32 -1 4 -1 -1 4 4 7 6 4 -1 -1 7 -1 -1 5 
7 32 13 13 4 4 32 -1 4 7 7 -1 4 4 6 32 7 32 4 5 
-1 7 13 -1 5 32 4 4 4 5 4 -1 -1 4 32 32 32 32 32 7 
32 13 7 -1 4 4 -1 4 4 4 5 5 5 1 40 32 32 -1 32 5 
4 32 5 4 4 32 4 4 4 4 5 5 -1 5 -1 40 4 4 4 32 
-1 4 1 -1 5 5 3 -1 4 4 5 -1 36 5 -1 4 4 -1 5 4 
4 4 -1 5 4 3 -1 5 5 5 1 -1 36 -1 4 36 4 4 4 4 
4 4 -1 5 5 4 4 5 36 4 36 36 36 4 36 36 4 4 4 4 
4 -1 32 4 -1 4 4 4 -1 36 -1 36 36 36 36 4 -1 -1 4 4 
4 32 4 4 4 -1 4 5 -1 5 5 36 36 36 36 4 -1 -1 32 4 
32 4 4 -1 4 -1 -1 5 6 5 4 1 36 36 36 36 4 32 32 32 
4 32 -1 1 -1 -1 -1 5 7 4 1 1 32 1 32 36 32 -1 4 4 
4 4 -1 4 1 5 -1 7 -1 6 7 1 1 32 8 32 36 32 36 32 
4 4 -1 -1 -1 5 40 6 7 6 7 -1 -1 -1 32 8 4 4 36 -1 
4 4 4 -1 32 32 6 6 7 7 7 7 -1 -1 8 32 -1 4 -1 5 
5 -1 12 4 4 -1 7 7 6 7 32 32 32 32 32 32 32 -1 -1 -1 
5 5 5 32 32 32 32 6 32 -1 32 6 7 7 2 2 2 32 4 32 
-1 -1 5 5 4 40 40 32 6 -1 6 6 6 7 -1 2 2 4 -1 -1 
-1 1 -1 4 4 40 -1 6 -1 -1 6 6 6 6 6 4 4 -1 -1 33 
33 -1 1 -1 -1 -1 40 -1 -1 -1 4 40 5 6 6 4 4 -1 -1 33 
33 -1 4 -1 2 -1 2 2 -1 5 5 5 40 40 -1 4 4 4 -1 33 
4 33 4 4 -1 2 2 -1 2 2 -1 6 40 40 -1 -1 4 4 -1 33 
-1 4 -1 -1 -1 -1 -1 -1 -1 5 6 6 32 32 4 32 32 4 40 5 
32 2 2 2 -1 -1 -1 -1 -1 5 5 5 -1 4 4 40 40 40 40 -1 
4 5 2 2 2 -1 -1 -1 6 -1 5 -1 -1 7 -1 -1 40 5 5 1 
32 4 2 2 2 -1 -1 -1 6 7 4 7 6 6 4 5 5 5 4 40 
32 -1 -1 -1 2 2 7 7 7 7 -1 4 -1 6 4 5 5 -1 40 32 
40 -1 -1 -1 -1 7 40 -1 7 7 5 4 7 -1 5 32 4 4 5 40 
40 -1 -1 40 2 40 2 -1 32 5 32 7 -1 7 32 5 -1 -1 4 -1 
40 -1 32 32 40 40 2 32 -1 32 32 32 7 32 32 40 5 40 4 -1 
-1 -1 -1 32 -1 40 32 40 40 -1 32 32 32 32 32 33 40 5 5 4 
4 6 -1 -1 33 40 32 32 32 32 32 32 32 32 33 32 -1 -1 3 -1 
-1 -1 5 -1 32 32 -1 32 32 32 32 32 6 -1 32 32 32 -1 4 3 
-1 4 -1 40 -1 32 32 32 1 32 32 6 -1 7 7 32 32 4 4 3 
5 -1 4 -1 -1 32 32 32 1 1 32 6 6 6 6 32 32 -1 5 5 
-1 5 -1 -1 32 40 32 32 32 32 6 -1 6 7 6 32 32 32 32 -1 
6 6 6 -1 33 4 -1 -1 -1 -1 -1 -1 -1 -1 6 32 32 6 4 6 
4 6 6 6 -1 5 5 4 4 5 4 -1 32 32 4 32 7 -1 4 4 
-1 -1 6 6 -1 5 5 6 -1 6 5 6 4 4 32 4 -1 6 6 6 
-1 6 6 6 6 4 -1 2 -1 -1 6 6 1 4 4 32 -1 32 6 6 
1 1 2 -1 2 2 2 -1 -1 -1 6 1 -1 4 32 4 7 32 32 1 
1 1 -1 2 2 2 2 -1 4 -1 6 -1 -1 32 4 32 7 32 32 1 
-1 -1 2 2 2 9 2 -1 4 4 4 4 5 6 -1 7 32 32 32 32 
32 2 2 2 2 2 9 2 6 6 7 6 6 5 -1 7 4 6 6 32 
-1 2 2 5 5 -1 5 5 4 6 6 6 4 6 6 6 4 32 6 6 
2 2 2 -1 -1 -1 5 5 4 -1 6 4 -1 6 6 6 6 6 -1 -1 
2 2 2 -1 -1 5 -1 -1 5 2 6 2 6 4 5 7 6 -1 -1 -1 
2 2 2 2 -1 -1 5 -1 2 5 2 2 4 5 5 7 6 -1 -1 2 
2 -1 2 -1 -1 -1 -1 7 5 2 2 2 5 6 4 -1 6 -1 -1 6 
5 2 -1 -1 -1 -1 7 -1 -1 32 5 5 6 4 4 6 6 -1 -1 6 
-1 5 5 -1 -1 32 -1 7 6 -1 -1 7 6 6 7 6 6 4 -1 -1 
4 4 -1 -1 -1 32 -1 40 4 6 4 7 6 6 6 6 -1 4 5 -1 
-1 5 2 -1 32 32 40 32 2 6 7 7 -1 -1 7 4 6 -1 4 4 
-1 2 -1 4 40 -1 32 40 3 -1 6 6 6 6 6 6 -1 6 4 4 
4 4 2 -1 -1 32 -1 -1 3 -1 6 4 -1 32 6 6 6 -1 5 5 
6 2 -1 -1 33 33 -1 -1 -1 -1 4 4 4 32 32 6 32 -1 6 6 
