-1 -1 -1 2 -1 9 9 9 -1 9 -1 -1 36 -1 6 6 -1 36 -1 -1 
-1 -1 2 -1 3 -1 9 9 9 1 -1 9 -1 -1 -1 -1 6 6 -1 -1 
2 -1 -1 3 -1 3 9 3 9 9 36 -1 -1 -1 6 6 6 2 -1 -1 
2 2 3 -1 3 3 3 9 33 -1 36 -1 -1 6 -1 7 2 2 2 2 
-1 3 -1 -1 -1 3 -1 -1 33 -1 -1 -1 -1 7 7 -1 -1 7 42 -1 
3 3 -1 -1 3 -1 3 -1 3 4 4 -1 -1 7 7 7 7 42 -1 -1 
3 -1 -1 42 42 42 3 3 -1 -1 4 -1 7 -1 5 7 -1 7 7 42 
-1 42 -1 42 33 42 -1 6 -1 6 -1 6 -1 5 5 5 41 41 42 42 
-1 42 -1 4 -1 42 -1 -1 6 -1 -1 6 4 4 5 3 3 -1 42 -1 
42 42 42 4 -1 4 4 6 6 6 6 4 4 4 5 6 3 3 42 42 
-1 42 42 42 42 4 4 4 6 6 4 6 4 36 4 32 4 -1 42 42 
9 42 4 42 42 -1 4 42 4 4 6 6 -1 4 42 36 32 6 -1 -1 
9 42 42 42 42 4 2 42 -1 6 6 -1 -1 1 1 32 32 32 6 9 
9 -1 -1 42 4 4 4 4 -1 4 -1 -1 -1 -1 -1 -1 6 9 -1 9 
2 6 4 4 6 4 -1 4 -1 -1 4 6 -1 -1 -1 6 32 9 9 9 
6 6 7 6 6 7 9 9 -1 9 6 9 6 4 6 9 9 9 -1 -1 
6 6 6 6 -1 -1 7 4 9 9 9 38 6 6 4 6 9 9 -1 -1 
6 6 7 7 -1 -1 9 9 9 -1 -1 38 -1 -1 -1 -1 -1 -1 -1 -1 
-1 -1 5 9 9 9 9 9 9 36 36 36 -1 -1 -1 -1 -1 -1 -1 -1 
-1 -1 -1 5 9 9 9 9 9 9 9 36 36 36 -1 6 -1 -1 -1 -1 
2 42 42 6 1 -1 -1 3 6 4 -1 -1 4 -1 4 -1 4 4 2 33 
2 2 42 42 1 -1 -1 -1 4 3 2 3 3 4 -1 -1 2 -1 33 2 
2 2 33 -1 4 3 3 3 -1 3 2 3 -1 3 -1 2 2 -1 3 33 
1 4 4 4 3 3 -1 3 3 2 2 -1 3 3 3 -1 -1 -1 3 3 
3 4 -1 4 3 -1 -1 3 3 3 3 3 3 5 -1 -1 -1 4 3 3 
5 4 3 3 3 -1 -1 -1 3 3 1 3 -1 -1 5 -1 5 4 4 3 
3 3 3 -1 4 4 4 4 1 1 1 3 3 5 -1 -1 5 5 4 4 
-1 3 3 -1 4 4 4 4 -1 -1 3 2 -1 5 -1 -1 5 -1 4 4 
4 4 4 4 4 4 4 4 4 3 2 3 2 -1 3 3 2 5 3 3 
4 3 -1 4 4 4 4 -1 3 2 2 -1 2 -1 2 3 -1 2 5 3 
4 -1 -1 4 -1 4 4 -1 3 2 2 5 5 3 3 2 3 3 3 3 
-1 -1 -1 4 4 -1 2 -1 4 -1 2 2 2 2 2 -1 3 3 3 1 
-1 -1 3 -1 -1 4 -1 -1 4 4 4 2 -1 2 2 3 1 1 1 -1 
1 4 3 -1 4 3 -1 4 4 4 -1 4 2 2 -1 2 3 1 1 -1 
1 4 4 3 6 3 -1 4 4 4 4 -1 4 4 6 3 -1 -1 1 -1 
1 4 4 6 4 -1 3 -1 4 -1 2 4 4 4 2 6 1 1 1 -1 
2 -1 4 6 4 4 3 3 3 9 -1 4 -1 4 4 2 2 1 -1 1 
-1 6 6 4 -1 4 -1 -1 9 -1 -1 4 4 4 4 2 4 2 1 2 
-1 -1 4 6 -1 -1 2 -1 9 9 -1 4 4 4 4 4 4 2 1 -1 
2 42 6 6 -1 -1 -1 9 3 6 -1 4 4 -1 -1 4 -1 2 4 2 
-1 33 -1 2 33 33 6 6 -1 -1 4 4 -1 4 4 -1 3 -1 3 -1 
33 1 8 2 33 -1 -1 -1 6 33 33 33 -1 -1 -1 -1 3 -1 -1 -1 
-1 1 8 33 33 -1 -1 33 33 -1 33 -1 33 -1 -1 -1 -1 -1 -1 -1 
-1 4 -1 -1 33 33 33 -1 33 -1 4 4 -1 -1 -1 -1 -1 -1 -1 -1 
4 4 4 4 33 33 33 33 -1 -1 2 4 4 4 4 -1 -1 -1 2 -1 
-1 -1 -1 4 -1 -1 6 4 2 4 -1 -1 4 4 -1 -1 2 -1 2 2 
-1 4 4 4 4 -1 4 4 -1 2 -1 41 -1 4 -1 2 2 2 -1 -1 
-1 -1 2 4 2 4 4 2 2 9 9 4 41 -1 4 -1 2 2 1 1 
-1 -1 2 2 2 -1 -1 4 2 9 -1 4 41 4 -1 4 2 1 2 -1 
4 4 -1 2 -1 -1 -1 4 4 9 41 8 -1 -1 -1 -1 4 3 4 -1 
4 -1 2 2 -1 -1 -1 4 4 -1 -1 41 8 -1 -1 -1 -1 -1 3 4 
33 33 4 2 2 -1 -1 -1 -1 -1 41 41 8 8 -1 33 33 33 3 3 
-1 -1 4 -1 2 2 -1 -1 9 -1 4 8 -1 -1 33 33 6 -1 33 33 
-1 4 2 -1 2 41 -1 9 9 41 -1 4 1 -1 -1 33 6 6 33 4 
4 -1 2 4 4 4 41 41 4 -1 41 -1 4 4 4 -1 6 33 4 4 
-1 2 2 4 4 -1 -1 9 9 -1 4 4 4 -1 -1 4 4 4 4 4 
4 4 4 2 -1 4 2 -1 -1 2 2 -1 -1 4 4 -1 -1 4 4 -1 
33 -1 2 33 -1 2 4 4 3 -1 -1 -1 6 4 -1 4 -1 -1 -1 4 
33 -1 -1 33 -1 -1 4 4 4 -1 -1 -1 6 4 4 -1 -1 -1 -1 2 
-1 33 33 33 33 -1 4 4 4 4 -1 4 4 4 -1 3 -1 3 -1 -1 
4 4 -1 -1 -1 -1 4 4 4 4 -1 2 2 2 2 -1 1 -1 2 2 
4 4 -1 -1 -1 4 4 -1 4 -1 2 -1 3 3 2 1 -1 1 -1 3 
-1 2 -1 10 -1 -1 2 2 2 -1 -1 2 6 6 2 -1 2 1 3 3 
2 -1 2 2 -1 2 2 -1 2 2 -1 2 6 6 -1 2 2 3 -1 2 
33 33 2 2 4 -1 6 2 2 2 1 -1 2 2 -1 6 3 2 -1 2 
33 4 2 4 -1 6 2 2 2 6 -1 2 6 -1 2 3 2 2 2 33 
33 33 2 4 4 2 2 -1 -1 6 2 6 2 6 -1 -1 -1 -1 -1 -1 
4 33 -1 33 -1 2 2 2 2 2 -1 1 2 2 6 -1 -1 -1 -1 33 
33 33 -1 -1 -1 -1 -1 2 2 2 -1 1 1 2 6 6 -1 -1 -1 4 
4 33 2 3 3 -1 -1 -1 2 33 2 2 2 1 6 6 -1 -1 4 4 
2 33 -1 2 3 3 3 -1 33 33 33 6 2 6 -1 6 2 4 4 4 
33 2 1 1 1 33 33 -1 33 -1 2 2 2 2 -1 33 2 33 4 4 
-1 -1 2 -1 1 33 -1 -1 -1 -1 2 2 6 6 6 2 33 33 33 4 
-1 2 -1 3 2 -1 -1 2 -1 10 3 6 10 2 2 33 2 2 3 -1 
3 3 -1 -1 2 2 2 2 2 3 10 -1 -1 -1 3 33 33 2 33 -1 
3 33 -1 3 3 2 2 2 -1 -1 -1 2 2 -1 3 2 33 -1 2 3 
33 3 3 2 -1 2 2 2 2 -1 -1 2 2 -1 3 -1 2 7 2 2 
3 -1 3 3 2 2 2 2 2 2 2 2 2 -1 -1 3 3 -1 3 3 
3 -1 3 -1 -1 -1 2 2 2 2 2 4 -1 -1 3 3 -1 3 3 3 
3 4 -1 -1 -1 2 2 -1 -1 2 4 4 2 -1 3 -1 3 3 3 3 
6 -1 4 4 6 10 -1 -1 2 6 -1 -1 -1 5 5 6 -1 5 2 2 
2 6 4 4 10 6 -1 -1 45 44 6 6 6 -1 2 -1 -1 2 2 -1 
-1 -1 6 -1 4 10 3 3 -1 3 3 6 3 6 -1 2 4 4 -1 2 
-1 4 4 6 6 10 10 3 -1 3 -1 3 2 2 2 -1 -1 4 4 4 
4 2 4 44 4 4 10 -1 3 3 3 2 6 2 2 -1 33 4 4 4 
2 2 2 -1 45 44 -1 4 -1 4 4 6 2 -1 -1 33 41 33 41 41 
2 41 41 41 44 45 45 -1 45 4 3 3 -1 2 2 41 33 41 33 -1 
41 41 -1 -1 -1 -1 -1 45 -1 45 3 -1 -1 -1 -1 2 41 33 41 41 
-1 -1 -1 4 4 4 -1 45 45 -1 2 -1 -1 -1 -1 -1 33 33 33 41 
-1 -1 4 4 -1 45 -1 -1 -1 4 2 -1 2 -1 -1 -1 -1 -1 41 -1 
2 2 -1 6 -1 40 40 45 45 -1 4 4 3 4 -1 -1 -1 -1 -1 -1 
2 2 6 6 45 45 40 9 -1 -1 4 -1 -1 -1 4 -1 -1 -1 -1 -1 
-1 2 -1 -1 4 9 9 45 9 3 -1 -1 -1 -1 -1 -1 -1 10 -1 -1 
-1 -1 -1 2 4 4 9 45 9 2 -1 9 -1 -1 -1 -1 -1 -1 10 10 
2 -1 4 -1 4 -1 -1 2 -1 2 -1 9 4 33 33 -1 10 10 10 2 
2 2 2 2 2 -1 40 40 2 2 -1 -1 33 10 5 10 10 -1 10 10 
-1 2 2 2 2 2 -1 2 -1 -1 -1 -1 9 9 10 10 -1 10 10 10 
-1 -1 2 -1 -1 -1 2 -1 2 2 2 4 -1 9 4 10 -1 5 10 -1 
2 2 -1 2 -1 -1 -1 -1 3 2 2 5 4 5 -1 -1 5 10 10 10 
-1 2 2 -1 -1 -1 -1 -1 6 2 4 4 5 4 5 4 5 5 10 -1 
-1 5 5 -1 -1 4 -1 4 -1 4 -1 -1 -1 -1 7 7 2 4 -1 -1 
-1 -1 -1 -1 4 4 4 4 4 -1 -1 4 4 4 2 2 2 -1 -1 -1 
4 3 -1 3 4 4 4 -1 -1 10 -1 10 4 -1 2 11 2 2 2 3 
3 6 3 -1 3 4 4 -1 -1 44 10 -1 10 -1 11 2 2 2 3 4 
3 3 3 3 3 3 -1 -1 44 -1 4 4 10 2 2 2 2 2 4 4 
-1 3 3 3 1 3 6 6 6 -1 4 4 -1 -1 2 2 2 38 2 4 
4 -1 -1 -1 3 -1 -1 6 7 -1 4 4 -1 -1 2 -1 -1 2 -1 -1 
-1 -1 6 6 3 -1 6 -1 44 4 4 4 4 6 6 -1 -1 -1 -1 6 
6 6 6 6 3 3 -1 -1 4 4 4 4 4 4 4 4 2 -1 -1 -1 
6 6 6 3 -1 -1 -1 -1 -1 4 4 -1 -1 4 4 -1 6 3 -1 -1 
3 3 -1 3 3 2 3 -1 4 4 6 44 -1 -1 -1 -1 -1 -1 3 3 
-1 3 3 3 3 4 4 4 4 4 6 44 44 -1 -1 -1 -1 -1 -1 -1 
3 3 3 3 3 3 1 3 4 4 4 44 -1 -1 -1 -1 2 -1 -1 -1 
3 3 3 3 3 4 1 4 4 4 -1 -1 -1 -1 6 3 -1 3 3 3 
3 3 3 -1 -1 6 -1 4 4 4 6 -1 -1 4 -1 3 3 3 3 3 
-1 3 3 4 6 4 -1 4 4 -1 -1 6 6 6 3 3 -1 3 -1 -1 
-1 3 6 2 4 4 4 -1 -1 4 -1 -1 6 -1 4 4 4 -1 -1 -1 
36 37 2 2 2 4 4 4 4 4 -1 -1 6 -1 4 4 7 -1 -1 -1 
36 37 37 2 4 4 4 4 4 8 4 4 4 4 7 -1 7 4 -1 36 
36 37 -1 4 4 -1 4 4 4 8 41 4 4 -1 7 7 4 4 4 -1 
4 2 -1 -1 4 4 4 4 4 6 6 4 4 4 -1 2 4 4 2 2 
4 -1 -1 -1 -1 4 35 4 4 -1 4 6 4 4 4 2 4 4 2 -1 
-1 -1 -1 -1 -1 35 -1 4 -1 4 2 4 3 4 -1 2 -1 3 -1 6 
6 6 -1 4 4 -1 35 2 34 34 4 2 34 3 34 3 3 3 3 -1 
1 1 6 6 4 -1 -1 -1 2 6 2 34 34 34 4 -1 4 3 3 3 
1 -1 4 4 4 1 -1 2 6 2 34 4 4 34 3 4 3 3 -1 -1 
1 -1 4 4 4 1 1 34 34 34 34 2 4 -1 3 3 3 3 3 1 
3 -1 4 2 1 1 1 1 1 34 34 34 34 4 3 3 38 3 1 1 
-1 4 2 4 1 -1 4 34 -1 34 -1 34 2 3 3 3 -1 3 -1 3 
1 44 -1 4 4 4 4 4 34 34 -1 34 4 2 -1 -1 3 -1 3 3 
1 1 44 4 4 2 4 -1 -1 -1 1 2 2 2 -1 2 -1 3 3 3 
45 45 4 4 2 2 4 4 -1 -1 -1 2 -1 2 -1 2 2 -1 38 1 
-1 45 45 -1 -1 4 4 -1 4 -1 3 -1 2 -1 -1 -1 3 -1 38 -1 
-1 45 2 4 4 -1 4 4 4 38 -1 3 2 4 -1 3 4 2 -1 2 
2 2 2 45 3 -1 -1 4 -1 3 3 3 3 6 4 -1 6 6 2 2 
2 2 45 2 4 4 -1 4 4 4 3 3 3 6 -1 4 6 -1 2 2 
2 2 2 -1 4 4 4 4 -1 -1 2 -1 6 -1 -1 6 6 2 4 -1 
-1 -1 -1 4 -1 -1 4 -1 2 2 2 2 -1 4 6 6 6 2 6 4 
2 -1 -1 -1 4 4 4 4 4 4 2 4 4 4 4 -1 2 2 2 -1 
2 2 2 -1 -1 4 4 4 4 2 4 4 4 4 -1 4 -1 4 2 2 
4 4 1 1 4 4 4 38 38 -1 4 3 4 3 -1 3 4 3 4 4 
4 4 1 4 4 4 4 -1 38 38 4 4 -1 3 3 -1 34 3 -1 4 
4 4 4 4 4 4 -1 38 3 4 4 3 3 -1 -1 -1 3 -1 3 -1 
4 1 1 4 1 4 4 4 4 -1 -1 4 -1 3 4 4 4 -1 4 4 
4 4 4 1 4 -1 -1 4 4 4 4 4 -1 4 4 -1 4 4 4 4 
4 -1 4 4 4 -1 4 -1 4 4 4 6 4 4 4 -1 4 4 -1 4 
-1 4 4 -1 4 4 4 -1 4 4 4 6 6 6 6 6 4 4 4 4 
4 -1 -1 4 -1 4 4 6 6 6 4 -1 -1 6 6 -1 4 4 5 38 
4 -1 -1 -1 4 4 4 4 -1 4 4 4 4 6 6 4 4 4 38 38 
-1 -1 -1 6 -1 4 4 4 4 -1 -1 4 1 2 -1 -1 4 38 -1 -1 
-1 -1 6 6 6 -1 -1 -1 -1 -1 -1 4 4 -1 2 -1 4 4 -1 -1 
6 6 6 6 -1 -1 -1 -1 -1 5 5 4 4 3 -1 4 -1 -1 -1 6 
6 6 1 4 4 4 -1 -1 5 5 5 4 3 4 4 -1 -1 -1 -1 -1 
4 6 6 -1 3 6 6 5 5 33 4 3 4 4 4 -1 -1 4 4 6 
4 4 4 6 3 -1 6 5 5 5 33 5 -1 4 4 -1 4 -1 4 4 
-1 4 -1 2 -1 -1 -1 6 -1 5 5 4 5 -1 4 4 4 4 -1 -1 
-1 -1 6 4 2 3 3 34 3 2 5 5 4 4 -1 -1 4 4 -1 1 
-1 -1 6 1 4 3 3 3 3 5 5 5 5 -1 4 4 -1 -1 4 1 
-1 1 2 1 3 -1 3 3 -1 4 5 4 5 5 4 4 4 -1 4 4 
4 1 2 2 1 -1 -1 3 -1 38 4 5 4 3 3 4 -1 3 4 4 
4 4 4 36 36 36 -1 -1 4 5 5 5 5 5 1 1 1 4 4 4 
4 4 4 4 4 36 36 -1 4 4 -1 5 5 5 1 1 1 4 4 4 
4 4 4 4 36 -1 -1 -1 -1 4 4 5 5 5 5 1 -1 -1 -1 4 
4 4 4 4 36 5 -1 6 -1 5 5 5 5 5 5 -1 -1 4 4 4 
-1 4 4 4 36 4 5 6 5 5 5 3 5 5 41 41 4 -1 6 4 
4 4 4 4 4 5 4 -1 -1 6 4 3 -1 3 3 7 -1 -1 -1 4 
4 4 -1 4 4 4 4 4 5 -1 6 6 -1 3 3 7 -1 -1 -1 4 
32 4 -1 -1 -1 4 4 5 -1 -1 -1 6 -1 3 3 3 -1 -1 4 4 
33 -1 4 4 4 4 4 4 6 -1 -1 -1 6 6 3 6 4 4 -1 33 
-1 -1 4 4 4 -1 4 4 4 6 6 -1 -1 -1 -1 6 4 4 -1 4 
-1 4 4 4 4 4 4 4 6 6 -1 -1 -1 -1 3 -1 -1 -1 4 -1 
-1 -1 4 4 -1 4 4 33 33 -1 -1 -1 -1 3 3 -1 -1 -1 -1 -1 
-1 -1 -1 4 4 -1 4 4 33 33 -1 33 -1 -1 7 6 -1 -1 -1 4 
4 4 4 -1 -1 -1 4 4 33 33 33 33 33 7 6 -1 6 -1 4 4 
4 4 -1 4 -1 4 -1 4 4 33 33 33 1 33 6 -1 4 4 4 -1 
-1 4 -1 -1 4 -1 4 4 4 33 33 -1 6 33 33 6 4 -1 -1 4 
4 4 4 -1 -1 -1 4 4 -1 4 4 6 4 33 6 33 -1 33 -1 4 
4 4 4 4 -1 -1 4 4 4 4 -1 33 33 -1 -1 33 33 -1 4 4 
4 -1 -1 36 -1 4 3 5 -1 -1 -1 33 33 -1 5 5 4 4 4 4 
4 4 -1 36 3 3 -1 3 5 -1 33 -1 -1 5 5 1 -1 -1 4 -1 
4 -1 6 -1 -1 4 4 -1 4 4 -1 -1 4 4 -1 4 4 6 6 6 
4 4 6 -1 4 4 4 4 4 6 -1 4 4 -1 -1 4 6 6 6 6 
4 4 -1 -1 4 4 -1 -1 -1 4 -1 4 4 -1 -1 -1 -1 6 6 6 
4 4 4 -1 6 6 6 -1 4 4 -1 4 -1 -1 -1 -1 6 6 -1 -1 
4 5 5 5 -1 6 6 -1 -1 4 -1 4 -1 -1 -1 -1 5 -1 -1 -1 
-1 5 5 5 5 -1 6 3 3 3 4 -1 4 4 4 -1 5 5 5 4 
5 5 5 36 4 4 -1 3 3 4 3 4 -1 4 4 4 4 4 5 5 
5 5 5 36 4 -1 3 3 3 4 4 4 4 4 4 -1 4 4 4 -1 
5 5 5 5 4 3 1 4 3 -1 4 4 -1 4 -1 4 4 4 -1 4 
4 4 4 -1 3 4 4 4 4 4 -1 -1 -1 4 4 -1 4 4 -1 4 
4 4 4 -1 -1 4 4 -1 -1 -1 -1 -1 -1 4 -1 4 4 4 -1 4 
32 4 -1 4 -1 4 -1 -1 -1 -1 -1 4 4 -1 4 -1 4 4 4 32 
4 4 4 4 4 4 4 -1 4 2 4 -1 4 4 4 -1 4 -1 4 -1 
4 4 4 4 4 -1 6 11 4 4 -1 4 -1 4 4 4 -1 4 4 -1 
4 4 4 4 4 4 -1 4 4 4 -1 -1 -1 -1 5 4 -1 4 -1 -1 
4 4 4 4 4 -1 4 -1 -1 -1 4 4 -1 5 5 -1 4 -1 4 -1 
-1 -1 4 4 4 4 -1 -1 4 -1 -1 5 5 5 -1 4 4 -1 4 -1 
-1 -1 4 -1 -1 4 4 4 4 -1 -1 5 4 4 4 4 4 4 4 4 
-1 -1 4 -1 -1 4 4 4 -1 4 -1 4 4 -1 4 4 -1 -1 4 4 
4 41 -1 4 -1 4 4 4 4 4 4 -1 4 -1 5 4 4 -1 6 4 
-1 4 -1 4 -1 5 5 5 1 2 10 2 2 2 2 6 4 6 -1 -1 
-1 5 36 4 4 4 6 -1 1 2 2 10 2 2 6 6 6 6 -1 -1 
36 36 5 5 5 4 6 2 -1 2 2 2 -1 2 -1 -1 6 -1 -1 5 
-1 -1 -1 -1 -1 4 6 4 2 2 2 2 4 2 2 5 5 -1 5 -1 
5 -1 -1 36 2 -1 4 4 4 -1 2 4 2 2 2 5 5 -1 -1 -1 
5 36 36 2 36 -1 4 4 4 2 2 2 2 2 2 2 2 -1 2 5 
36 36 2 2 2 -1 -1 4 4 -1 2 2 2 2 2 2 2 2 5 5 
5 6 6 6 -1 -1 4 4 4 -1 2 2 2 2 -1 6 5 4 5 5 
6 6 6 -1 4 4 4 -1 -1 4 2 3 3 6 4 6 6 5 5 5 
6 -1 2 4 -1 4 4 -1 2 4 2 4 3 4 6 6 6 4 -1 6 
6 -1 -1 4 4 -1 4 4 4 2 2 4 3 4 4 4 -1 -1 6 6 
2 2 10 4 4 4 4 -1 3 -1 -1 -1 4 -1 4 4 -1 -1 6 -1 
-1 10 4 4 4 -1 4 4 4 3 4 -1 -1 -1 4 -1 -1 6 6 -1 
2 10 -1 4 4 4 4 4 3 4 4 4 4 4 4 -1 -1 4 -1 10 
2 2 2 2 -1 4 3 4 3 4 -1 4 4 -1 -1 -1 4 -1 -1 2 
3 6 34 8 8 8 8 3 3 4 4 11 4 4 6 -1 6 6 2 10 
6 34 -1 6 8 8 4 -1 3 4 3 4 4 3 10 6 3 3 3 3 
34 6 6 8 8 -1 4 -1 4 4 4 3 3 3 4 3 4 3 3 6 
6 6 -1 8 8 8 4 4 10 -1 4 3 3 4 4 4 4 11 3 6 
6 4 -1 8 4 8 4 8 1 -1 4 2 3 3 4 -1 11 4 6 6 
34 34 6 6 33 2 3 8 8 8 6 6 10 10 -1 10 6 6 9 6 
3 6 6 6 3 3 2 6 8 6 -1 6 34 10 4 6 10 6 -1 34 
2 2 -1 3 -1 -1 2 2 -1 8 -1 8 -1 34 4 6 6 6 4 4 
6 6 6 3 -1 2 -1 6 -1 -1 6 -1 34 4 6 6 4 6 4 4 
6 3 3 -1 6 7 2 3 3 6 -1 -1 -1 -1 4 -1 4 4 -1 3 
3 3 3 -1 7 6 2 2 6 -1 6 -1 4 -1 -1 -1 4 4 -1 -1 
-1 3 3 -1 -1 -1 6 6 2 6 6 4 10 -1 -1 6 6 6 3 -1 
3 3 3 3 5 -1 6 6 6 2 -1 -1 10 -1 -1 4 3 3 6 3 
6 3 3 3 5 5 2 -1 6 -1 10 10 6 6 -1 3 4 6 6 6 
6 6 3 -1 2 2 2 2 10 10 10 10 10 4 6 3 3 6 3 -1 
3 3 -1 3 -1 -1 2 2 10 10 10 10 10 4 4 10 -1 3 3 3 
3 3 3 6 -1 -1 -1 -1 -1 10 10 10 3 10 10 10 3 6 -1 3 
34 3 6 -1 -1 -1 -1 2 3 10 10 10 3 3 10 10 9 41 6 3 
3 34 3 3 3 -1 3 2 2 10 3 10 10 10 10 3 10 10 3 3 
6 3 -1 4 6 3 2 3 -1 10 3 3 -1 3 -1 10 3 10 2 3 
3 3 -1 4 -1 3 3 -1 3 3 3 10 10 3 10 3 3 3 2 3 
3 3 3 2 2 3 5 5 -1 3 3 10 -1 7 -1 -1 2 9 2 2 
2 3 3 5 3 5 8 8 3 3 10 6 10 -1 -1 9 9 9 -1 2 
2 6 5 5 33 33 33 3 8 10 8 6 6 6 10 -1 9 9 9 2 
6 6 33 33 -1 6 2 8 -1 8 10 10 6 6 -1 10 9 9 -1 -1 
7 5 -1 -1 5 4 4 -1 5 5 -1 2 2 -1 -1 -1 2 -1 6 -1 
5 4 -1 4 4 -1 -1 3 3 -1 -1 -1 -1 8 -1 -1 2 2 -1 5 
5 4 4 4 -1 4 4 5 3 -1 -1 3 8 8 8 -1 -1 5 5 5 
5 5 4 -1 4 -1 -1 6 -1 -1 -1 3 -1 8 -1 -1 2 -1 -1 -1 
2 -1 5 4 -1 5 6 5 -1 -1 3 2 -1 -1 8 -1 2 -1 -1 2 
4 -1 5 4 -1 5 6 6 6 -1 -1 2 2 33 -1 -1 -1 2 2 5 
4 -1 5 -1 6 6 -1 6 5 -1 -1 -1 2 33 33 33 2 2 -1 -1 
4 4 -1 4 6 4 4 6 -1 -1 -1 -1 -1 -1 33 33 33 2 4 4 
4 4 4 -1 -1 6 6 4 -1 5 5 -1 4 4 4 4 -1 4 4 -1 
4 -1 -1 4 4 4 -1 4 4 -1 -1 -1 -1 4 4 4 36 -1 4 -1 
-1 -1 4 -1 4 4 5 4 -1 -1 -1 -1 -1 -1 4 36 4 -1 -1 4 
-1 -1 -1 4 -1 4 -1 5 -1 -1 -1 3 -1 -1 -1 4 4 3 3 -1 
-1 4 4 4 4 -1 -1 -1 -1 -1 3 3 3 -1 -1 4 3 3 3 -1 
-1 5 4 4 5 -1 5 5 3 3 3 3 3 -1 -1 -1 3 3 3 3 
-1 5 4 4 -1 5 5 3 6 3 3 -1 3 -1 3 3 -1 3 -1 -1 
5 -1 5 4 5 5 3 6 3 3 -1 -1 -1 -1 4 -1 3 -1 -1 -1 
5 -1 -1 4 4 4 7 7 7 3 -1 2 2 4 -1 -1 6 -1 -1 6 
7 5 -1 4 5 -1 5 -1 -1 3 2 2 2 4 4 6 6 6 -1 5 
5 7 5 5 5 -1 5 5 -1 -1 2 -1 2 -1 4 4 6 6 7 -1 
7 6 5 5 4 5 -1 5 5 6 -1 2 2 -1 4 6 -1 6 -1 34 
3 33 33 -1 33 -1 -1 3 2 -1 -1 3 3 3 3 5 3 33 33 33 
3 3 33 33 33 -1 -1 2 2 2 4 -1 3 3 3 3 3 1 33 3 
3 3 -1 33 9 -1 -1 2 1 2 4 3 -1 -1 3 3 3 33 -1 33 
-1 33 -1 33 9 -1 2 2 2 1 2 3 3 3 3 3 3 -1 3 3 
5 -1 33 -1 -1 -1 2 2 1 10 1 -1 3 -1 3 -1 -1 -1 3 5 
5 33 -1 2 2 -1 -1 10 10 1 -1 -1 6 6 2 -1 -1 3 3 5 
-1 5 5 -1 2 2 -1 -1 -1 2 -1 -1 2 1 2 2 5 5 3 5 
-1 -1 5 -1 3 2 -1 2 2 2 2 2 2 2 2 3 2 3 3 -1 
9 5 -1 -1 -1 3 2 2 2 2 2 2 2 -1 3 2 3 3 3 5 
-1 -1 -1 3 3 3 -1 -1 -1 2 2 2 2 2 -1 2 3 3 3 9 
3 3 3 -1 -1 -1 3 -1 9 2 -1 2 3 2 -1 2 2 9 -1 3 
3 3 -1 -1 -1 2 -1 3 -1 2 2 2 3 3 -1 3 2 9 3 3 
3 -1 -1 2 2 -1 3 3 -1 2 -1 -1 3 2 3 3 3 3 9 3 
1 3 2 -1 2 2 -1 2 -1 -1 3 -1 3 -1 2 3 3 3 3 -1 
-1 -1 3 -1 -1 2 2 2 -1 2 3 2 -1 -1 3 3 3 3 3 -1 
3 -1 -1 2 -1 2 2 -1 2 2 2 -1 3 3 3 3 3 3 -1 3 
3 3 3 -1 -1 -1 2 -1 -1 2 2 -1 3 3 3 3 4 3 3 3 
1 1 3 3 -1 -1 -1 -1 -1 -1 3 3 3 3 3 3 3 3 3 3 
1 -1 2 2 33 -1 -1 -1 -1 3 -1 3 2 6 6 1 -1 3 3 3 
-1 3 -1 33 33 33 -1 -1 -1 2 2 -1 3 3 3 3 3 3 3 3 
3 3 3 3 3 3 3 -1 3 3 -1 -1 4 33 33 33 8 3 3 3 
1 3 -1 3 3 3 -1 3 3 -1 3 4 4 4 4 -1 8 3 3 1 
3 3 -1 3 3 3 3 -1 3 3 3 3 4 -1 4 -1 -1 -1 3 3 
3 3 3 3 3 3 -1 3 3 3 3 3 -1 4 3 -1 -1 -1 3 3 
3 3 3 -1 3 3 3 3 3 3 3 3 3 3 5 -1 -1 -1 3 3 
3 3 3 3 3 3 3 3 3 3 3 3 3 -1 5 -1 3 -1 3 3 
3 3 3 -1 3 3 3 -1 3 3 -1 3 -1 5 3 3 -1 -1 3 3 
3 3 3 -1 3 3 3 -1 -1 3 3 -1 -1 3 5 5 3 3 3 3 
3 -1 3 3 3 3 -1 3 3 3 3 3 3 3 -1 3 3 -1 3 3 
3 -1 3 3 3 3 3 3 3 3 -1 9 -1 -1 3 3 3 3 3 3 
-1 3 3 -1 9 3 3 -1 3 -1 3 -1 3 3 3 3 3 4 3 3 
3 3 -1 -1 9 3 3 -1 3 3 3 3 -1 3 3 3 3 3 40 -1 
3 3 -1 9 -1 2 5 3 3 3 3 3 3 3 3 3 3 3 -1 -1 
3 3 3 3 3 5 5 3 3 3 3 3 -1 3 3 3 -1 -1 3 3 
3 3 3 3 3 5 5 5 -1 -1 1 1 -1 3 3 -1 3 3 3 3 
3 -1 3 3 3 5 5 5 -1 1 -1 -1 -1 -1 -1 -1 3 -1 3 3 
3 3 3 3 3 3 -1 3 1 -1 3 33 1 -1 -1 -1 3 -1 3 3 
3 -1 3 3 3 3 3 -1 1 1 1 1 33 33 33 -1 1 -1 2 3 
3 2 3 3 3 2 2 1 -1 -1 1 1 -1 -1 33 -1 -1 1 -1 3 
3 3 3 3 3 3 3 -1 1 1 -1 1 4 -1 33 -1 -1 3 3 3 
3 3 3 -1 -1 2 3 3 2 2 2 8 3 3 -1 -1 3 3 3 3 
-1 3 -1 -1 -1 2 3 6 5 -1 -1 2 -1 9 -1 -1 -1 3 3 3 
-1 4 3 -1 3 2 -1 3 3 5 3 -1 3 3 -1 -1 -1 3 3 3 
-1 2 2 6 6 -1 3 3 -1 3 3 3 3 3 -1 9 3 3 3 3 
3 2 -1 6 2 3 3 3 3 -1 3 3 3 3 -1 9 3 3 3 3 
3 -1 -1 3 3 2 3 -1 3 3 3 3 -1 3 3 -1 -1 3 3 3 
-1 3 -1 3 3 -1 -1 3 -1 3 -1 3 3 3 -1 -1 33 33 -1 3 
3 3 3 3 3 3 3 5 3 3 3 1 3 3 -1 3 3 3 3 3 
3 3 3 3 3 -1 3 3 3 1 1 3 1 3 3 -1 3 3 3 4 
-1 -1 -1 3 3 3 3 -1 1 1 3 1 3 3 -1 3 -1 4 4 4 
-1 6 -1 -1 3 3 3 -1 3 -1 8 -1 3 -1 3 3 8 5 5 5 
6 3 -1 -1 3 3 -1 3 3 5 8 8 8 -1 -1 8 8 8 3 6 
6 3 6 9 3 3 -1 3 5 3 8 8 -1 8 3 8 -1 8 8 3 
2 3 9 9 -1 -1 3 -1 3 -1 8 8 -1 3 3 -1 8 8 3 6 
6 6 3 3 3 3 -1 -1 -1 3 -1 3 8 -1 -1 -1 6 8 3 6 
-1 -1 6 3 3 3 3 -1 -1 3 3 3 -1 8 8 8 8 8 3 6 
2 -1 3 3 3 3 -1 3 3 2 3 3 -1 -1 8 8 3 -1 8 6 
3 3 -1 3 1 3 3 3 3 2 3 8 -1 8 -1 8 3 3 8 3 
3 -1 3 3 1 3 3 2 -1 2 -1 8 3 3 8 -1 -1 3 -1 3 
3 2 3 3 3 3 3 -1 2 2 2 3 3 3 3 3 -1 3 3 3 
3 -1 -1 3 3 2 2 -1 2 -1 40 3 3 3 -1 5 9 3 8 -1 
3 -1 -1 3 3 -1 -1 2 2 40 40 40 9 -1 9 3 8 4 8 3 
3 3 -1 -1 3 3 2 -1 40 40 3 9 40 9 3 9 -1 4 -1 3 
3 3 3 3 3 3 -1 2 2 3 40 9 9 40 9 9 -1 8 3 3 
3 3 3 3 3 3 -1 5 3 -1 -1 9 2 9 40 -1 8 4 3 3 
-1 3 -1 3 3 3 3 3 -1 3 3 -1 -1 9 6 -1 -1 5 5 -1 
3 3 -1 3 3 3 3 3 3 -1 3 -1 -1 -1 2 2 3 -1 5 5 
3 3 10 10 3 3 3 3 3 3 3 3 3 3 3 2 3 3 5 -1 
2 3 10 -1 3 3 3 3 3 3 3 3 3 3 3 -1 3 5 3 2 
3 3 10 3 3 3 1 3 3 3 3 3 3 3 -1 -1 3 3 3 -1 
3 11 3 11 3 -1 -1 3 10 -1 3 3 3 5 3 -1 -1 -1 3 3 
3 3 11 2 2 -1 -1 10 3 3 1 -1 5 5 3 3 -1 1 3 4 
3 3 -1 2 2 3 -1 10 -1 1 3 -1 5 5 3 5 -1 1 4 4 
3 11 -1 2 2 2 2 3 3 5 3 3 -1 5 5 3 -1 5 6 3 
3 -1 3 -1 -1 3 3 3 3 3 3 3 3 -1 3 3 3 6 6 3 
-1 -1 3 3 -1 3 3 -1 5 5 -1 -1 3 3 3 3 5 5 6 3 
4 3 -1 3 3 3 3 -1 5 3 3 3 3 3 3 3 3 3 3 6 
3 4 4 -1 -1 -1 -1 -1 3 2 6 3 3 3 3 3 3 3 4 6 
3 3 1 1 -1 -1 -1 8 2 2 3 3 -1 3 3 -1 3 3 4 3 
-1 3 3 3 3 2 2 8 8 2 3 3 -1 3 3 3 3 8 3 -1 
-1 -1 3 3 -1 3 3 2 2 4 4 4 -1 2 -1 -1 -1 -1 4 -1 
3 3 3 3 3 -1 2 2 2 2 4 -1 -1 2 -1 -1 -1 -1 -1 -1 
-1 -1 2 3 -1 -1 2 -1 2 2 4 4 4 -1 -1 -1 -1 -1 6 6 
6 6 -1 2 2 -1 2 -1 -1 2 2 2 2 -1 -1 -1 -1 -1 2 6 
4 6 -1 2 2 2 -1 6 6 2 2 2 -1 4 4 -1 -1 3 1 6 
4 3 2 3 2 -1 2 2 6 6 2 -1 -1 4 -1 4 3 1 3 6 
6 3 3 -1 -1 2 2 2 2 2 -1 -1 -1 -1 4 3 3 3 6 6 
3 6 3 -1 -1 -1 -1 -1 3 -1 -1 3 -1 -1 3 3 3 3 6 6 
3 3 -1 3 -1 -1 -1 3 -1 3 3 3 2 -1 3 2 -1 -1 -1 6 
-1 -1 -1 -1 3 3 -1 3 3 3 -1 -1 2 2 2 -1 1 1 -1 -1 
3 3 4 3 2 -1 3 3 3 5 6 6 2 2 2 2 1 -1 3 3 
3 3 3 3 2 2 3 3 5 -1 5 -1 2 -1 2 2 -1 2 3 3 
3 3 3 3 3 3 3 -1 5 3 2 2 2 2 -1 -1 2 -1 3 -1 
3 3 3 3 3 3 5 5 3 3 3 2 3 3 3 2 2 2 -1 3 
2 3 3 3 -1 5 3 -1 -1 3 3 2 -1 3 3 2 -1 8 2 2 
2 2 3 3 3 3 3 3 3 3 -1 -1 2 2 3 2 8 8 8 2 
4 3 3 3 3 3 3 3 3 3 -1 4 -1 2 4 -1 3 3 -1 2 
3 2 -1 3 3 -1 3 3 3 -1 4 4 2 4 2 -1 3 -1 4 4 
4 -1 -1 -1 3 3 3 3 3 3 4 2 4 2 2 2 -1 -1 4 -1 
-1 4 -1 -1 2 3 3 3 -1 4 4 4 4 -1 2 -1 -1 4 4 -1 
4 4 4 4 -1 -1 -1 1 6 -1 -1 1 -1 -1 4 32 32 4 4 4 
-1 -1 4 4 -1 -1 8 4 4 6 -1 -1 -1 4 -1 4 4 32 32 32 
-1 -1 -1 -1 -1 -1 8 8 4 6 6 -1 -1 -1 4 -1 4 32 32 32 
32 -1 4 1 1 1 -1 8 -1 -1 4 4 -1 6 -1 -1 32 32 32 32 
32 4 4 1 -1 -1 -1 -1 -1 -1 -1 6 6 6 32 4 32 10 32 32 
32 1 4 1 -1 -1 3 -1 -1 -1 6 3 3 6 -1 32 10 -1 -1 32 
-1 -1 1 -1 1 -1 -1 32 32 -1 -1 -1 3 -1 6 10 10 -1 32 4 
4 -1 4 1 5 -1 32 32 -1 32 -1 4 4 3 3 3 32 32 32 32 
-1 -1 5 5 5 36 -1 32 32 -1 4 4 4 4 3 3 3 -1 32 32 
32 -1 5 4 -1 5 32 5 -1 32 4 -1 4 4 3 3 -1 3 32 -1 
4 4 -1 4 5 -1 5 -1 32 4 -1 4 2 -1 3 3 3 2 2 32 
4 4 4 -1 -1 5 -1 5 32 -1 2 2 -1 6 6 -1 -1 2 2 -1 
-1 4 4 4 -1 -1 -1 4 -1 2 -1 2 2 3 3 -1 -1 4 4 -1 
-1 -1 4 -1 4 -1 -1 4 2 -1 2 4 1 4 -1 3 4 4 4 4 
-1 4 4 4 -1 4 4 -1 32 -1 1 4 4 1 -1 4 -1 4 4 2 
4 -1 4 4 4 -1 -1 32 -1 -1 -1 9 1 4 1 4 -1 -1 2 -1 
-1 4 4 -1 6 -1 -1 -1 -1 -1 -1 -1 9 9 4 -1 -1 -1 2 4 
4 -1 -1 6 4 4 -1 1 -1 1 -1 9 6 -1 -1 -1 -1 -1 4 2 
2 -1 -1 -1 -1 -1 1 -1 1 1 -1 9 6 6 -1 4 4 4 -1 -1 
-1 -1 -1 -1 -1 -1 1 1 -1 -1 1 -1 4 4 -1 4 4 4 4 -1 
3 3 3 3 4 4 -1 -1 4 4 4 6 4 -1 -1 -1 2 2 -1 2 
3 3 3 6 3 3 4 4 -1 6 4 4 4 -1 -1 2 2 2 2 3 
3 3 3 3 3 4 4 -1 4 4 6 -1 4 -1 2 2 2 2 -1 3 
-1 3 3 3 -1 6 6 6 -1 4 6 -1 -1 4 -1 4 2 4 2 6 
3 3 3 -1 3 6 6 4 -1 6 4 4 4 4 4 -1 2 2 6 4 
4 3 3 -1 4 6 6 4 4 4 3 4 -1 4 4 4 -1 2 -1 6 
1 3 3 3 -1 4 4 4 4 -1 3 2 4 4 2 2 6 6 6 6 
3 -1 -1 3 4 2 -1 -1 4 4 4 2 2 2 2 2 6 6 6 1 
3 -1 3 2 -1 2 2 -1 4 -1 4 2 2 2 2 6 6 6 6 -1 
6 6 -1 -1 2 2 2 8 -1 -1 4 2 -1 2 6 4 6 6 -1 3 
6 6 6 -1 4 4 -1 8 -1 -1 4 4 2 2 6 4 6 -1 -1 4 
6 6 4 6 4 4 8 -1 -1 -1 4 2 2 2 4 2 6 6 4 -1 
-1 6 4 4 4 4 4 -1 4 4 -1 2 -1 2 8 -1 2 6 6 6 
6 6 -1 4 -1 -1 -1 4 4 4 -1 4 4 2 8 -1 8 8 -1 -1 
6 4 6 6 -1 -1 4 4 4 4 -1 4 4 -1 2 2 4 4 6 -1 
4 4 4 6 6 4 4 4 3 -1 -1 -1 6 2 4 2 4 4 4 6 
3 3 4 6 4 4 4 3 3 -1 2 2 2 6 -1 4 4 -1 4 -1 
6 -1 -1 4 4 4 3 3 4 4 2 2 2 -1 -1 4 1 3 4 -1 
3 6 -1 -1 -1 4 3 4 4 -1 4 6 6 6 -1 -1 3 3 3 3 
-1 -1 -1 -1 4 4 4 4 4 4 4 6 4 4 -1 -1 3 3 3 3 
4 4 -1 4 -1 4 -1 -1 -1 -1 4 4 -1 -1 -1 4 4 4 4 -1 
4 -1 -1 -1 4 4 -1 -1 -1 4 6 6 6 -1 2 -1 4 4 -1 -1 
4 4 4 -1 4 4 4 4 6 6 6 6 6 4 -1 -1 -1 -1 -1 -1 
4 4 -1 4 -1 4 4 -1 6 6 6 6 6 4 4 2 4 -1 4 4 
4 4 4 4 -1 4 -1 -1 -1 6 6 6 4 2 2 4 -1 4 4 -1 
4 4 -1 4 4 4 4 -1 -1 -1 4 2 -1 -1 2 2 -1 -1 4 4 
4 4 4 -1 4 4 4 -1 -1 -1 4 4 2 -1 -1 2 -1 -1 -1 4 
-1 4 4 4 -1 4 -1 -1 4 4 -1 4 2 -1 6 -1 -1 -1 -1 -1 
-1 2 4 4 2 -1 32 32 32 4 -1 -1 6 6 -1 4 4 -1 4 -1 
-1 2 2 4 4 5 5 5 4 4 4 4 6 -1 4 -1 4 4 4 4 
-1 -1 2 2 4 5 5 -1 -1 4 4 4 4 4 4 4 4 -1 4 4 
4 2 4 4 4 4 5 5 5 4 4 4 4 -1 4 4 -1 1 1 4 
4 4 4 4 4 4 4 5 -1 33 -1 4 4 4 4 4 -1 1 1 4 
4 4 -1 4 -1 4 4 4 4 5 4 4 4 4 4 4 4 4 4 4 
4 4 4 4 4 -1 4 4 4 -1 4 4 4 4 4 4 4 4 4 4 
4 4 4 8 4 4 4 -1 4 4 4 4 4 -1 4 4 4 -1 4 4 
4 2 2 -1 4 4 4 4 2 2 4 -1 4 4 4 4 -1 -1 -1 -1 
4 4 4 4 4 4 -1 4 2 -1 2 -1 4 4 -1 4 4 -1 -1 -1 
4 -1 4 4 4 -1 -1 2 -1 -1 4 -1 -1 4 4 4 4 -1 -1 -1 
4 4 4 4 4 -1 -1 2 -1 -1 -1 4 4 -1 4 4 4 4 4 4 
-1 4 6 -1 -1 -1 4 4 4 4 4 4 4 -1 33 33 33 -1 4 4 
4 4 6 -1 -1 4 4 4 4 4 -1 4 4 33 33 33 33 -1 4 4 
6 6 -1 -1 3 -1 -1 4 4 4 4 4 -1 33 33 -1 -1 33 4 -1 
4 6 -1 3 3 -1 4 -1 4 4 4 6 6 -1 -1 -1 33 33 -1 -1 
4 4 -1 -1 3 -1 4 -1 -1 -1 -1 6 2 2 2 -1 -1 -1 -1 33 
2 4 -1 -1 3 -1 4 4 4 4 4 -1 33 2 33 33 -1 -1 33 33 
2 2 -1 -1 -1 -1 4 4 2 2 33 33 33 33 -1 -1 4 41 -1 33 
2 2 4 -1 -1 4 1 -1 2 2 33 33 33 33 4 4 4 4 41 -1 
4 4 -1 4 4 4 -1 1 -1 -1 33 33 -1 4 4 4 4 -1 1 4 
3 4 6 4 4 4 4 1 1 -1 33 33 4 4 -1 4 4 4 4 4 
3 4 -1 4 4 4 -1 1 1 41 33 33 4 -1 -1 4 33 2 -1 1 
-1 -1 -1 -1 4 4 2 -1 41 -1 33 33 41 41 41 33 33 -1 2 1 
1 -1 41 41 4 -1 -1 -1 -1 -1 33 9 4 9 -1 41 4 -1 2 -1 
3 -1 -1 41 -1 33 -1 -1 -1 -1 33 -1 9 -1 9 4 4 -1 -1 1 
3 -1 -1 41 33 33 33 -1 -1 33 33 -1 33 33 33 4 4 1 1 3 
3 -1 4 41 -1 33 33 33 -1 -1 33 -1 33 33 4 4 -1 1 1 3 
4 3 -1 4 4 -1 4 4 4 -1 -1 -1 -1 1 4 -1 -1 -1 3 4 
1 -1 -1 1 4 4 -1 4 4 -1 -1 1 1 33 1 1 4 -1 32 1 
1 1 1 34 -1 -1 4 4 4 4 -1 -1 -1 -1 4 1 4 32 32 -1 
1 1 -1 34 34 -1 4 4 4 4 4 -1 -1 -1 33 1 33 -1 4 4 
7 7 7 7 -1 -1 1 1 -1 -1 10 10 10 32 4 -1 4 4 -1 7 
7 4 4 7 7 1 1 1 1 41 -1 1 10 10 -1 4 4 4 -1 1 
1 4 -1 -1 -1 7 -1 41 41 1 1 -1 41 10 10 -1 4 4 1 1 
4 4 4 -1 7 7 41 41 41 41 41 41 41 4 4 10 -1 4 4 1 
33 4 4 4 -1 -1 -1 -1 41 41 41 -1 -1 -1 4 -1 -1 38 38 -1 
33 33 -1 -1 4 -1 -1 -1 -1 41 -1 41 -1 10 10 -1 -1 33 33 4 
-1 -1 -1 -1 -1 -1 -1 -1 41 41 -1 41 -1 10 10 -1 -1 33 -1 -1 
-1 -1 -1 10 10 -1 -1 41 41 41 38 -1 -1 10 -1 -1 2 2 2 2 
2 -1 -1 -1 10 -1 -1 41 41 41 -1 38 -1 -1 -1 2 2 4 -1 -1 
33 -1 -1 -1 10 -1 -1 -1 41 -1 -1 2 2 4 4 4 4 2 2 -1 
-1 -1 -1 -1 41 -1 -1 -1 -1 -1 -1 1 -1 4 4 33 4 2 2 -1 
-1 -1 1 -1 -1 -1 -1 41 41 -1 -1 1 1 -1 -1 33 33 -1 -1 -1 
-1 -1 33 1 -1 -1 41 41 -1 -1 1 1 3 3 -1 33 -1 -1 -1 -1 
-1 -1 5 5 -1 41 41 -1 4 4 4 4 1 -1 -1 -1 33 -1 4 4 
4 -1 -1 5 4 4 4 -1 -1 4 4 -1 4 1 -1 -1 6 6 6 4 
4 4 -1 -1 -1 -1 4 10 -1 4 4 4 1 1 -1 -1 5 4 4 4 
4 -1 4 4 4 -1 -1 10 10 41 41 1 -1 1 -1 4 4 4 -1 4 
4 4 4 4 4 4 -1 4 10 41 41 -1 1 32 1 1 5 -1 4 4 
4 4 4 -1 -1 -1 4 -1 -1 -1 10 33 10 -1 32 32 -1 4 4 4 
-1 7 -1 -1 -1 -1 -1 -1 -1 10 -1 10 33 32 32 32 -1 4 4 4 
41 41 41 1 -1 -1 6 -1 -1 -1 -1 -1 -1 41 6 6 34 -1 -1 -1 
41 -1 41 41 1 -1 2 -1 -1 -1 -1 -1 -1 -1 7 7 34 34 -1 -1 
-1 -1 1 2 2 2 -1 -1 -1 -1 -1 -1 -1 -1 -1 -1 -1 34 -1 1 
41 41 -1 2 2 1 1 -1 -1 -1 -1 -1 -1 33 33 34 -1 -1 -1 -1 
1 1 2 -1 -1 1 1 9 -1 -1 -1 -1 -1 -1 -1 34 34 34 1 1 
33 1 41 -1 -1 1 -1 1 -1 34 -1 34 34 -1 -1 34 -1 41 41 1 
-1 -1 -1 -1 -1 1 -1 -1 -1 34 -1 34 34 4 41 4 41 -1 32 33 
41 -1 -1 1 1 -1 1 -1 5 5 34 34 34 34 41 4 4 4 4 -1 
33 4 1 -1 1 1 1 1 -1 5 5 34 34 34 -1 -1 -1 -1 -1 -1 
33 -1 1 1 1 1 1 -1 -1 4 5 -1 -1 -1 -1 4 -1 3 1 -1 
33 4 1 4 -1 -1 1 -1 -1 4 -1 -1 5 34 3 -1 3 1 1 33 
4 4 4 -1 -1 -1 38 -1 -1 -1 4 -1 5 -1 3 3 -1 33 -1 -1 
-1 4 -1 4 -1 38 38 -1 -1 -1 -1 4 5 5 3 -1 -1 34 34 33 
-1 33 38 -1 38 6 -1 -1 -1 -1 -1 38 38 5 3 34 34 33 33 33 
38 -1 33 -1 -1 6 6 -1 -1 -1 -1 38 38 -1 34 34 -1 -1 33 33 
38 33 33 38 -1 6 38 6 -1 -1 -1 -1 9 34 34 -1 33 33 4 38 
38 38 -1 38 38 -1 6 4 1 6 -1 38 -1 3 33 33 33 41 33 38 
-1 38 38 38 -1 -1 6 1 -1 6 6 -1 9 33 3 2 -1 -1 41 41 
38 41 38 -1 -1 -1 -1 5 7 5 5 6 -1 9 41 2 2 41 41 41 
41 41 41 41 -1 -1 -1 -1 5 7 6 -1 3 41 41 2 41 1 -1 -1 
32 32 34 6 6 6 6 3 3 3 3 2 6 6 6 -1 -1 34 33 32 
-1 -1 -1 6 6 6 6 3 3 2 3 -1 6 6 6 34 34 34 34 7 
-1 6 6 -1 6 6 6 6 6 6 -1 7 6 7 -1 -1 34 6 -1 7 
-1 6 6 -1 -1 3 6 -1 6 -1 -1 5 4 6 7 34 34 6 -1 6 
7 7 -1 -1 -1 3 3 -1 6 6 6 5 5 5 6 6 6 -1 6 -1 
4 4 7 -1 3 3 6 6 6 6 6 -1 5 -1 5 6 6 6 4 6 
4 4 -1 3 3 3 6 10 -1 6 6 6 5 -1 6 34 34 4 4 4 
6 6 4 3 3 3 -1 10 -1 -1 -1 6 -1 -1 9 -1 -1 4 4 4 
4 -1 3 3 3 34 10 10 5 5 -1 -1 34 9 9 -1 -1 -1 -1 6 
-1 3 3 3 3 3 10 5 5 -1 -1 -1 9 9 -1 -1 -1 -1 6 -1 
3 -1 -1 3 3 3 -1 5 -1 5 -1 -1 -1 -1 -1 -1 6 6 6 6 
6 -1 38 -1 3 3 5 5 -1 5 -1 -1 33 -1 -1 33 -1 6 -1 -1 
6 6 6 3 3 3 -1 -1 3 -1 5 -1 -1 33 33 33 -1 33 -1 -1 
-1 6 3 3 3 3 3 5 5 3 6 6 33 -1 33 33 33 -1 -1 -1 
1 6 3 3 -1 7 7 7 3 3 33 33 3 3 -1 33 -1 -1 -1 1 
1 7 3 7 7 -1 7 3 3 3 3 3 34 -1 -1 33 6 6 1 1 
34 -1 7 7 34 7 34 3 -1 3 -1 34 4 -1 -1 -1 33 6 33 34 
1 1 -1 34 -1 34 -1 -1 3 -1 38 -1 33 4 33 6 6 34 -1 -1 
33 1 -1 -1 1 -1 -1 -1 3 -1 3 -1 4 33 6 -1 -1 6 34 34 
34 -1 -1 -1 6 1 -1 6 3 3 3 -1 -1 -1 -1 -1 -1 40 40 33 
5 5 5 5 6 6 6 5 5 2 -1 -1 3 5 5 5 1 5 -1 -1 
5 5 -1 5 5 6 6 5 42 42 -1 10 10 5 5 5 -1 5 5 5 
-1 6 5 6 6 42 -1 42 42 10 10 10 -1 -1 5 5 5 5 5 3 
3 5 5 5 -1 -1 42 6 6 42 10 -1 -1 -1 -1 -1 -1 5 5 -1 
3 5 5 5 6 6 6 6 -1 6 42 -1 -1 -1 -1 -1 -1 36 3 3 
5 1 -1 1 6 6 10 42 42 42 42 -1 6 -1 6 -1 -1 3 3 3 
1 5 6 1 5 6 10 42 4 4 5 5 6 6 1 6 -1 -1 3 5 
-1 1 1 6 -1 5 5 5 4 5 -1 -1 5 6 6 1 -1 -1 5 1 
1 6 6 -1 -1 5 -1 5 5 -1 6 5 6 6 6 5 -1 5 -1 3 
2 1 6 -1 -1 5 -1 5 5 6 6 -1 6 6 6 5 -1 -1 5 3 
3 4 2 6 5 5 -1 5 6 6 -1 5 5 5 5 5 -1 -1 3 3 
-1 2 4 5 6 -1 5 -1 6 6 -1 6 5 5 5 -1 -1 6 6 5 
5 5 6 5 5 -1 5 6 6 6 6 6 -1 5 5 5 -1 6 -1 -1 
6 6 5 5 5 6 5 6 6 6 6 7 -1 3 3 3 6 5 -1 -1 
6 6 5 5 -1 5 6 6 6 6 -1 7 -1 3 3 5 6 6 5 6 
6 6 6 5 5 5 5 5 6 -1 5 5 3 3 5 -1 5 5 5 5 
-1 6 -1 5 5 6 5 5 5 6 5 6 3 5 -1 6 -1 -1 5 5 
-1 6 5 5 -1 -1 6 6 6 -1 5 3 5 -1 3 3 -1 -1 -1 -1 
5 -1 5 5 -1 -1 6 6 6 6 -1 -1 3 3 5 3 -1 -1 5 -1 
5 5 5 5 -1 6 6 6 2 -1 -1 -1 3 5 5 5 1 5 5 5 
1 -1 5 5 1 4 4 3 -1 1 1 1 -1 5 -1 5 5 1 1 1 
-1 5 -1 -1 1 1 4 5 5 1 1 1 1 5 5 3 3 1 1 6 
1 5 5 1 -1 -1 5 4 4 5 -1 5 5 3 3 3 3 1 1 1 
3 -1 5 -1 -1 -1 -1 -1 5 -1 5 -1 5 -1 3 3 -1 -1 3 3 
1 1 5 5 5 5 5 -1 5 -1 5 5 5 5 -1 3 -1 -1 3 3 
-1 -1 -1 5 5 5 5 1 5 5 5 5 5 5 3 3 -1 3 5 3 
-1 3 -1 5 5 5 -1 7 5 -1 3 3 5 -1 -1 5 -1 -1 3 3 
-1 -1 5 -1 5 -1 3 5 5 5 5 5 5 -1 5 5 -1 -1 -1 -1 
-1 -1 -1 5 3 3 -1 3 3 3 5 5 5 5 5 -1 -1 -1 -1 -1 
5 -1 -1 -1 -1 3 3 3 3 -1 5 3 5 4 5 5 5 11 -1 5 
5 5 -1 -1 -1 -1 3 6 3 -1 -1 -1 5 -1 4 4 11 11 -1 -1 
-1 -1 -1 -1 -1 -1 6 -1 -1 3 5 5 -1 3 6 6 11 11 5 -1 
-1 -1 -1 -1 -1 -1 -1 6 3 3 5 -1 -1 -1 6 6 11 11 11 5 
-1 5 -1 -1 5 5 10 6 6 6 -1 5 5 -1 5 11 11 11 11 -1 
5 5 5 5 5 -1 10 -1 6 7 -1 5 1 1 5 11 5 11 11 11 
5 5 5 5 -1 5 -1 -1 7 1 -1 -1 1 1 1 -1 -1 5 5 -1 
5 5 5 -1 5 5 -1 5 5 1 -1 1 1 1 1 -1 -1 5 -1 5 
5 5 5 -1 5 5 -1 5 5 1 1 1 -1 1 1 5 5 5 -1 36 
-1 -1 -1 5 -1 5 5 -1 1 5 -1 -1 1 -1 1 5 5 5 36 1 
-1 -1 5 -1 1 1 3 5 1 5 -1 1 -1 -1 5 -1 1 1 1 -1 
-1 -1 -1 -1 -1 -1 -1 -1 5 1 1 -1 1 1 -1 -1 -1 -1 -1 -1 
-1 -1 -1 -1 -1 -1 -1 -1 -1 1 1 1 1 -1 -1 -1 -1 -1 3 -1 
-1 6 5 -1 -1 -1 6 -1 -1 1 1 1 3 -1 5 34 -1 4 3 -1 
6 6 5 6 5 6 6 6 -1 -1 -1 3 11 5 5 5 3 3 -1 5 
6 -1 5 5 6 6 6 -1 -1 -1 6 -1 5 5 5 5 5 -1 5 3 
1 6 6 5 6 6 6 -1 -1 5 6 11 11 6 5 5 1 1 3 6 
6 1 4 5 5 -1 6 -1 5 5 5 6 6 -1 5 5 3 3 6 -1 
3 3 3 5 -1 -1 -1 -1 5 5 -1 5 -1 6 -1 5 6 3 3 5 
3 4 3 -1 -1 -1 6 5 5 -1 5 -1 6 1 -1 6 6 -1 5 -1 
3 3 -1 2 2 6 -1 5 5 5 6 6 -1 38 1 -1 -1 6 6 -1 
3 3 1 -1 1 36 -1 5 3 1 1 6 -1 6 38 -1 36 6 6 36 
-1 -1 3 1 3 1 36 3 -1 1 1 -1 6 -1 38 36 36 36 -1 36 
3 3 3 -1 -1 3 36 6 6 -1 -1 6 -1 38 36 36 36 36 36 36 
33 33 3 -1 -1 3 6 6 2 6 6 6 38 -1 36 36 -1 36 36 36 
1 1 33 3 -1 -1 2 2 6 6 6 6 6 36 36 -1 36 -1 -1 -1 
33 33 3 -1 3 -1 -1 -1 6 6 6 6 36 36 36 36 -1 -1 -1 1 
-1 3 3 3 3 4 3 6 6 6 6 36 4 -1 -1 -1 -1 -1 -1 33 
3 3 3 -1 4 3 5 -1 6 -1 1 36 -1 4 -1 33 4 -1 -1 -1 
-1 -1 -1 4 4 -1 5 5 -1 1 1 -1 -1 -1 -1 33 4 -1 -1 3 
-1 -1 -1 -1 -1 -1 -1 -1 1 5 -1 -1 -1 -1 1 -1 33 33 -1 -1 
38 34 3 3 -1 42 10 34 3 3 -1 10 10 -1 6 6 6 36 38 38 
34 38 -1 -1 38 42 42 3 3 3 42 10 10 10 10 10 10 10 -1 34 
-1 38 38 -1 -1 6 34 34 -1 42 42 -1 -1 6 10 10 10 38 38 -1 
-1 38 38 36 -1 3 6 34 34 -1 10 10 -1 10 8 -1 -1 38 38 -1 
-1 -1 -1 3 36 36 3 3 34 1 -1 10 10 10 10 6 8 38 -1 38 
-1 36 -1 -1 3 3 3 -1 3 -1 1 10 6 10 6 8 8 -1 38 -1 
36 36 36 -1 -1 -1 3 3 3 3 1 3 10 6 6 6 -1 -1 43 -1 
32 36 6 -1 -1 -1 3 -1 3 1 3 3 3 1 6 6 6 42 42 36 
32 -1 6 6 6 -1 3 6 -1 3 3 3 1 1 -1 -1 1 -1 36 3 
3 6 6 6 4 6 6 -1 42 -1 3 32 1 -1 1 -1 -1 1 -1 -1 
6 6 6 6 6 6 42 42 -1 -1 32 32 1 1 -1 1 -1 1 -1 2 
2 6 6 6 6 -1 -1 3 3 32 32 32 -1 -1 1 1 1 -1 2 6 
2 6 6 6 4 4 4 -1 3 -1 -1 -1 32 -1 32 6 -1 2 6 2 
-1 -1 42 -1 -1 -1 -1 -1 3 1 -1 6 32 32 6 6 6 -1 2 2 
-1 2 2 42 -1 42 42 1 1 33 -1 6 6 6 6 6 6 2 -1 6 
6 6 6 6 -1 -1 4 -1 1 1 6 -1 6 6 6 6 6 6 6 -1 
6 -1 6 6 34 34 4 1 1 34 6 6 6 6 6 -1 6 6 38 38 
6 -1 6 34 34 -1 34 34 -1 1 1 6 1 6 6 6 -1 6 38 38 
38 34 34 34 34 34 -1 6 3 -1 -1 1 6 6 6 6 -1 -1 38 6 
38 34 -1 34 34 34 34 3 3 3 10 10 6 6 6 6 6 -1 36 38 
-1 -1 -1 -1 34 -1 -1 -1 38 6 6 42 42 6 6 6 42 42 -1 6 
-1 6 6 34 38 38 38 38 6 6 -1 6 6 42 6 6 -1 42 6 6 
6 6 6 6 38 38 38 6 38 6 38 6 42 -1 6 42 42 6 -1 6 
6 -1 6 6 6 6 40 38 6 38 38 6 6 6 -1 6 42 6 6 6 
6 6 42 6 40 38 38 6 6 42 42 -1 6 6 6 -1 6 6 -1 6 
6 6 6 6 2 6 6 6 6 6 42 -1 6 6 -1 6 6 2 6 6 
6 6 -1 6 6 -1 6 6 6 6 6 6 6 6 -1 6 -1 -1 2 6 
6 6 -1 6 6 6 -1 6 6 6 6 6 6 6 6 6 2 34 34 6 
34 3 -1 3 3 6 34 6 -1 6 6 6 6 6 6 6 -1 -1 -1 34 
3 6 6 6 6 6 34 34 34 34 34 -1 6 6 6 2 6 3 5 -1 
3 6 6 6 6 -1 34 34 34 34 34 6 -1 6 6 6 2 3 5 6 
-1 -1 6 6 -1 6 -1 6 6 34 34 6 6 6 6 -1 3 3 6 5 
6 6 6 6 6 6 -1 6 34 -1 34 6 6 6 6 6 -1 -1 3 6 
6 6 10 10 6 6 6 34 6 34 34 6 6 -1 -1 6 -1 6 -1 6 
6 6 6 10 10 6 6 6 6 34 34 34 6 6 6 -1 6 6 3 -1 
6 6 3 3 10 -1 6 6 6 34 34 6 4 4 6 6 -1 3 6 3 
6 -1 6 3 6 3 3 3 6 34 34 -1 42 6 6 6 6 3 6 -1 
3 3 6 6 6 6 6 -1 -1 6 6 6 42 6 34 34 3 6 6 3 
3 3 3 6 6 3 6 6 -1 6 -1 6 6 34 34 34 34 6 34 6 
6 3 3 6 6 -1 -1 -1 6 6 6 6 6 6 6 6 6 -1 6 -1 
6 42 -1 -1 6 6 -1 2 6 6 6 6 -1 4 6 6 6 -1 6 6 
6 34 34 6 6 6 6 6 6 6 -1 6 -1 6 4 6 2 2 38 38 
38 -1 6 -1 6 6 -1 6 6 6 6 35 34 34 34 6 2 2 38 -1 
6 6 6 6 6 6 -1 6 6 -1 6 -1 6 34 6 2 2 3 3 6 
-1 -1 -1 6 6 -1 6 6 6 6 -1 6 34 6 6 6 -1 6 6 6 
6 6 -1 6 6 6 6 6 6 42 42 34 34 34 6 6 6 34 6 -1 
-1 -1 -1 34 6 6 6 6 6 42 6 6 34 6 6 6 34 6 6 6 
-1 6 -1 -1 6 6 6 -1 6 6 42 6 34 6 6 6 6 6 6 6 
6 6 6 6 6 6 6 -1 6 6 6 6 34 34 6 6 -1 6 6 6 
2 6 6 6 6 6 6 6 6 6 6 6 6 6 6 6 6 6 6 2 
2 6 6 6 6 6 6 6 6 6 6 6 -1 6 6 6 6 6 6 6 
-1 2 2 -1 6 6 -1 2 -1 6 6 6 2 2 6 6 6 6 6 -1 
6 2 2 -1 -1 6 -1 6 6 6 6 6 6 6 6 6 6 6 -1 6 
6 2 2 6 -1 6 6 6 6 -1 6 6 42 6 6 6 6 6 6 6 
6 6 6 6 6 -1 6 6 6 -1 6 6 42 42 6 6 6 6 6 6 
10 6 6 6 2 6 6 6 -1 6 6 6 6 6 6 -1 6 6 6 10 
10 10 10 6 6 34 34 6 6 6 6 6 6 6 6 6 6 6 6 6 
10 10 10 -1 6 6 34 6 6 6 6 6 34 -1 42 6 6 6 6 10 
10 34 34 2 6 2 34 6 6 6 6 6 6 42 -1 -1 -1 2 6 10 
34 42 2 34 34 2 2 34 -1 6 6 6 42 6 2 -1 -1 6 6 6 
6 2 2 6 7 7 6 6 6 6 6 6 6 3 3 3 2 2 2 2 
2 6 -1 6 6 38 6 6 6 6 6 -1 -1 -1 3 -1 10 2 2 2 
6 -1 6 -1 6 34 38 6 -1 10 -1 10 10 10 10 6 10 2 2 -1 
6 2 6 6 34 34 7 38 38 6 10 6 10 10 -1 6 10 2 2 2 
6 2 6 34 34 34 -1 34 38 38 6 6 10 10 2 -1 2 2 -1 2 
6 6 6 34 -1 6 34 34 34 38 38 6 6 10 2 2 6 -1 2 6 
6 6 -1 38 38 34 -1 -1 38 38 38 -1 -1 -1 10 10 2 2 2 6 
6 -1 38 46 38 34 34 38 38 38 -1 -1 35 6 6 -1 2 2 2 -1 
34 6 46 38 38 34 38 38 -1 -1 35 -1 6 6 2 2 34 2 6 34 
34 6 46 38 -1 38 -1 -1 -1 6 6 35 6 6 -1 2 2 34 6 34 
-1 6 46 46 38 2 -1 34 6 34 34 6 6 42 34 2 34 34 -1 2 
2 -1 -1 38 34 38 34 34 6 40 6 6 6 6 42 34 6 6 2 2 
-1 -1 -1 -1 34 38 34 34 40 6 6 6 -1 6 6 6 -1 6 2 2 
6 6 -1 38 38 38 2 6 6 6 6 42 6 6 6 6 6 2 2 2 
2 2 -1 -1 6 -1 -1 2 34 6 34 34 6 -1 6 6 6 -1 6 2 
-1 6 6 -1 34 6 6 -1 42 6 6 2 34 6 6 6 -1 6 2 2 
2 6 6 -1 6 6 34 34 6 6 6 34 6 6 6 6 6 6 -1 -1 
6 6 -1 -1 -1 34 34 34 -1 6 6 6 6 6 2 6 -1 -1 6 6 
6 2 6 6 -1 -1 2 6 6 6 6 6 6 6 6 2 6 6 6 6 
6 6 2 6 34 6 6 6 6 6 6 6 6 6 6 -1 2 6 2 2 
10 6 34 34 2 2 2 34 2 6 6 -1 6 -1 6 2 6 4 4 -1 
10 34 2 34 -1 2 2 2 2 2 2 6 6 -1 10 2 4 4 2 10 
10 2 2 -1 -1 2 2 2 2 2 6 6 -1 10 10 10 -1 10 2 10 
10 2 2 2 2 -1 2 2 2 6 6 4 6 6 6 2 2 2 2 -1 
10 2 -1 2 2 -1 2 2 2 -1 6 6 4 6 6 2 2 10 2 10 
-1 -1 2 2 2 6 2 -1 -1 -1 -1 4 6 -1 2 2 2 10 38 38 
10 10 -1 2 3 2 6 6 -1 7 7 4 6 2 -1 2 4 2 38 38 
2 10 2 -1 2 -1 -1 6 6 7 7 7 7 6 6 -1 2 4 6 6 
6 2 2 2 2 6 6 -1 6 7 7 7 6 7 6 6 6 6 -1 -1 
6 2 2 2 6 6 3 6 -1 2 6 6 -1 6 6 7 6 -1 -1 6 
-1 2 2 2 -1 6 6 6 2 2 3 6 3 -1 6 6 6 6 6 -1 
2 2 2 2 -1 -1 3 3 3 3 -1 3 3 7 6 6 6 -1 -1 -1 
-1 2 2 6 6 6 3 7 3 -1 3 3 3 -1 7 6 -1 6 -1 -1 
2 2 2 2 6 6 -1 6 6 6 6 -1 6 7 -1 -1 -1 7 -1 -1 
2 2 34 34 3 6 -1 -1 6 7 -1 7 -1 6 6 6 4 -1 6 6 
6 2 3 34 3 -1 38 -1 -1 7 7 7 -1 3 6 6 4 6 6 6 
6 3 3 3 38 38 38 38 -1 7 7 7 7 10 6 -1 6 6 6 -1 
6 6 6 6 3 34 34 6 6 6 6 -1 7 7 6 6 -1 6 6 -1 
6 6 34 34 6 34 34 34 -1 34 6 6 6 6 7 6 6 6 10 6 
6 2 34 34 6 7 7 7 34 6 6 6 6 34 34 6 6 6 -1 -1 
36 -1 -1 4 6 6 6 6 -1 9 -1 -1 9 4 -1 6 6 -1 -1 7 
-1 36 -1 4 6 -1 -1 33 9 9 -1 9 -1 9 6 4 6 -1 -1 7 
36 36 -1 36 4 -1 34 -1 33 9 9 9 9 6 -1 -1 -1 -1 -1 2 
2 36 36 36 -1 34 33 33 9 9 -1 9 1 2 -1 -1 -1 -1 7 2 
32 36 36 34 2 -1 33 1 33 9 9 9 2 2 -1 -1 2 2 7 2 
36 36 -1 36 2 2 2 -1 -1 9 -1 -1 2 9 -1 -1 36 36 3 -1 
36 36 36 2 3 -1 2 2 2 2 9 9 2 2 2 -1 36 2 36 36 
36 36 36 36 2 3 2 2 -1 -1 -1 4 -1 2 2 2 -1 3 -1 -1 
2 36 36 36 -1 -1 -1 2 2 -1 4 -1 43 -1 2 2 -1 2 2 3 
3 2 2 -1 36 -1 2 2 2 43 6 43 43 2 2 2 2 2 2 -1 
2 3 2 -1 36 36 2 2 2 43 3 3 6 6 2 2 2 -1 2 2 
2 -1 2 36 36 36 36 36 2 2 2 43 6 6 6 2 2 2 2 2 
6 2 4 2 -1 36 2 2 2 -1 43 2 6 6 -1 2 2 2 2 2 
6 2 4 4 2 2 2 2 6 2 2 1 2 -1 2 -1 2 2 2 6 
2 -1 -1 -1 2 36 2 6 2 -1 -1 7 1 4 4 2 -1 2 6 6 
2 -1 -1 -1 36 -1 6 6 6 -1 7 9 4 -1 2 2 2 6 6 2 
10 2 -1 36 2 32 -1 34 34 -1 7 33 9 4 4 2 2 6 10 2 
4 4 2 2 36 32 6 6 6 9 9 9 -1 -1 -1 6 6 6 -1 2 
7 4 4 36 -1 -1 6 32 9 9 33 33 -1 -1 -1 -1 6 6 -1 2 
-1 -1 4 4 6 -1 2 -1 9 9 9 33 -1 4 -1 6 -1 6 -1 6 
3 5 -1 2 2 2 -1 33 -1 2 46 46 2 5 5 2 1 1 -1 -1 
3 3 -1 2 2 -1 -1 -1 2 -1 46 46 5 5 -1 5 2 1 3 2 
2 -1 33 2 -1 -1 3 2 2 4 46 1 -1 5 3 -1 -1 1 3 2 
3 -1 -1 -1 -1 3 6 6 6 6 1 1 -1 3 -1 -1 -1 3 -1 3 
-1 3 -1 -1 -1 -1 6 38 6 -1 9 9 9 9 4 -1 -1 -1 3 3 
-1 3 3 3 -1 -1 38 9 6 9 9 9 9 9 9 4 4 -1 -1 -1 
33 3 2 3 -1 34 9 9 9 9 9 9 9 9 -1 6 -1 -1 -1 32 
33 32 3 3 34 34 9 -1 9 -1 -1 9 5 9 9 -1 6 6 6 33 
-1 6 -1 -1 34 2 -1 38 9 38 38 2 -1 4 4 4 4 33 6 33 
-1 -1 6 -1 2 2 2 9 38 38 38 -1 4 -1 -1 -1 33 6 6 -1 
-1 6 4 -1 2 5 5 38 38 -1 2 -1 9 2 -1 -1 -1 4 4 -1 
5 4 4 -1 2 2 5 38 5 -1 -1 2 -1 -1 9 -1 33 5 2 5 
-1 -1 -1 -1 -1 5 2 10 10 -1 2 2 -1 9 -1 33 33 33 2 5 
-1 -1 -1 6 -1 5 2 10 10 38 -1 -1 9 -1 2 33 2 -1 2 -1 
-1 2 38 38 6 -1 5 10 38 -1 9 9 9 -1 -1 2 2 2 2 -1 
2 2 2 38 -1 5 -1 2 38 38 38 -1 -1 9 2 2 2 2 2 -1 
-1 32 2 -1 32 32 2 38 2 38 38 -1 -1 6 2 2 -1 2 5 -1 
-1 -1 5 32 32 -1 32 4 38 46 -1 33 33 38 6 2 -1 -1 -1 5 
-1 5 32 32 32 -1 -1 33 38 -1 46 46 46 6 2 2 5 5 -1 5 
-1 5 -1 -1 5 32 2 33 33 2 -1 46 38 2 2 -1 -1 5 5 5 
2 2 2 32 32 32 -1 -1 32 32 1 1 2 65 65 4 -1 32 32 32 
32 2 -1 -1 32 32 32 4 32 -1 1 2 65 65 65 65 4 32 32 -1 
-1 32 2 -1 -1 32 4 4 32 2 2 2 65 65 65 -1 65 32 32 32 
32 32 32 2 32 -1 32 6 6 -1 -1 1 65 65 65 -1 65 65 -1 -1 
-1 32 2 -1 32 32 6 6 6 -1 3 1 65 2 -1 65 65 65 -1 -1 
32 -1 -1 4 9 6 -1 -1 -1 1 1 -1 4 1 4 65 65 65 4 -1 
-1 32 4 -1 9 32 6 9 1 -1 1 1 1 4 4 4 -1 4 -1 32 
32 -1 4 -1 10 10 4 4 4 4 -1 1 2 2 4 -1 4 4 4 4 
4 9 9 9 9 9 4 4 -1 2 -1 2 2 4 4 4 4 38 4 4 
4 4 -1 9 -1 -1 9 4 2 -1 2 6 6 4 4 4 4 38 4 -1 
36 9 -1 -1 4 -1 -1 4 4 -1 2 2 -1 6 4 -1 4 -1 4 9 
36 9 9 -1 4 4 4 4 -1 4 4 4 2 2 6 4 4 -1 36 4 
6 -1 9 4 4 4 4 4 4 4 4 4 2 6 4 6 -1 -1 4 4 
-1 9 -1 4 36 4 -1 4 -1 -1 4 4 -1 6 -1 4 6 -1 -1 6 
32 32 9 32 4 4 6 6 4 6 4 4 6 4 65 6 6 36 32 32 
-1 32 32 -1 -1 -1 6 4 6 6 6 4 6 -1 4 65 65 2 36 32 
-1 32 -1 -1 4 4 -1 -1 -1 -1 6 6 -1 65 -1 2 2 36 -1 32 
32 -1 -1 -1 4 4 -1 6 6 41 1 -1 6 65 65 -1 32 -1 -1 32 
32 32 4 4 -1 4 6 4 6 41 1 -1 6 65 65 -1 32 1 -1 32 
32 32 32 32 32 32 4 4 1 1 1 1 -1 65 65 32 32 -1 32 32 
-1 4 4 4 4 4 4 -1 -1 4 4 4 -1 4 4 -1 4 -1 4 4 
-1 4 4 4 -1 4 4 -1 -1 4 -1 -1 2 4 -1 4 4 4 -1 4 
6 4 4 -1 -1 4 4 -1 -1 4 -1 4 4 2 4 -1 4 4 6 4 
4 4 4 -1 -1 -1 -1 4 4 4 4 4 4 4 2 -1 4 4 6 6 
4 4 -1 -1 -1 4 4 4 -1 4 -1 4 4 4 -1 2 6 4 4 -1 
4 -1 -1 4 6 4 -1 4 4 4 4 -1 4 4 4 4 4 4 4 -1 
-1 -1 -1 6 4 4 4 4 4 4 -1 6 -1 6 4 4 4 4 -1 4 
-1 4 4 4 4 4 4 -1 2 4 4 -1 6 4 4 -1 4 4 4 4 
4 4 4 -1 4 4 4 -1 2 4 2 2 2 -1 -1 -1 2 2 4 -1 
-1 4 4 4 4 4 -1 4 2 2 -1 2 2 2 2 2 -1 2 4 -1 
4 4 4 4 4 36 36 -1 -1 2 -1 2 2 2 2 -1 2 4 2 -1 
4 4 -1 4 4 4 36 -1 36 -1 2 2 2 -1 2 4 4 2 2 4 
3 4 4 -1 4 36 36 36 2 2 2 2 2 2 4 4 4 2 2 -1 
6 6 6 4 -1 -1 4 4 4 2 2 2 2 -1 -1 4 4 -1 2 4 
6 6 2 2 -1 4 4 4 4 -1 -1 2 2 4 4 -1 4 -1 4 4 
6 6 2 2 36 4 4 4 4 4 -1 4 4 4 4 -1 -1 4 -1 4 
4 4 4 2 2 36 -1 4 4 4 -1 4 4 4 4 -1 -1 4 -1 4 
4 4 4 4 -1 2 -1 2 -1 -1 4 4 4 4 4 4 4 4 4 4 
-1 4 4 4 4 -1 2 -1 2 -1 -1 4 4 4 4 -1 -1 4 4 4 
-1 32 32 4 -1 4 2 4 -1 2 -1 4 -1 4 4 4 -1 -1 4 4 
4 4 4 1 -1 -1 1 -1 -1 4 4 4 4 4 4 2 2 2 -1 2 
4 4 4 4 1 5 -1 -1 -1 4 1 -1 4 4 4 -1 -1 2 2 -1 
4 -1 4 4 5 -1 1 2 1 1 4 4 4 4 4 4 4 4 4 4 
4 4 4 5 5 -1 5 1 5 4 4 -1 -1 4 4 4 -1 5 4 4 
4 -1 5 -1 5 5 5 5 1 4 4 4 -1 -1 4 -1 -1 -1 5 4 
-1 -1 5 5 -1 5 5 -1 3 -1 4 4 -1 5 -1 5 -1 -1 5 5 
-1 -1 -1 5 -1 5 2 3 3 4 4 4 4 -1 2 -1 2 -1 5 4 
5 5 5 3 5 4 5 5 4 8 3 -1 -1 4 4 2 2 5 -1 3 
5 4 3 3 3 4 4 4 -1 3 3 -1 -1 -1 -1 -1 -1 -1 -1 5 
-1 4 4 2 -1 4 4 -1 3 3 3 3 -1 -1 1 1 1 2 -1 -1 
4 4 3 4 4 4 4 -1 2 3 3 2 2 2 1 1 2 -1 1 4 
-1 4 -1 -1 4 4 -1 -1 3 2 2 2 -1 1 2 2 -1 4 1 -1 
-1 -1 -1 4 4 4 3 3 3 2 2 2 1 1 -1 -1 2 4 4 1 
-1 1 -1 4 1 4 3 3 3 2 4 -1 -1 6 -1 -1 4 4 1 1 
-1 1 4 -1 1 1 1 3 3 1 2 4 6 6 -1 4 4 4 -1 -1 
-1 -1 -1 1 1 1 1 1 1 1 2 32 6 6 6 4 4 -1 2 -1 
-1 -1 1 1 1 1 1 1 1 4 4 4 2 4 -1 4 2 2 2 2 
2 -1 1 1 1 1 1 -1 -1 -1 -1 6 4 2 2 -1 -1 2 2 2 
-1 -1 1 1 1 -1 1 -1 1 4 6 4 6 -1 2 -1 -1 2 2 2 
-1 1 1 1 -1 -1 -1 1 -1 32 4 4 4 2 2 2 2 2 2 -1 
40 4 4 4 34 4 1 1 1 -1 6 1 1 2 34 4 -1 33 41 -1 
-1 4 -1 4 4 1 4 -1 1 6 4 -1 1 1 -1 34 33 33 -1 32 
2 34 1 -1 4 4 -1 1 1 -1 4 2 -1 -1 34 34 33 32 32 2 
2 34 -1 1 2 -1 7 4 -1 4 -1 -1 2 34 34 34 33 33 34 2 
2 -1 -1 2 7 7 -1 4 4 -1 1 2 2 34 34 2 2 2 34 34 
2 34 -1 2 2 2 1 -1 -1 -1 -1 2 2 34 -1 -1 -1 2 34 -1 
-1 -1 2 2 1 -1 1 1 -1 -1 1 2 -1 34 4 -1 -1 2 2 34 
34 4 4 -1 -1 1 -1 1 6 6 6 1 1 1 -1 -1 1 -1 -1 -1 
2 -1 -1 -1 4 4 -1 6 6 6 6 1 1 1 -1 1 1 -1 -1 2 
2 2 4 1 4 4 6 4 4 4 6 6 1 1 1 3 4 4 4 -1 
1 -1 4 4 1 4 4 -1 1 1 -1 6 -1 4 1 4 4 -1 -1 4 
5 1 1 -1 1 4 4 4 -1 -1 -1 1 1 4 -1 4 4 4 4 5 
-1 1 -1 -1 4 -1 4 4 -1 -1 1 1 -1 -1 4 4 4 4 4 4 
-1 5 1 1 -1 5 4 4 6 1 6 1 -1 4 -1 4 4 4 5 5 
5 1 1 1 4 4 4 4 4 6 6 6 1 -1 -1 4 4 4 -1 -1 
4 1 4 4 -1 -1 4 2 2 4 6 6 -1 4 4 4 4 -1 4 8 
4 4 4 4 4 4 -1 4 -1 6 4 6 4 4 1 4 4 41 -1 4 
4 4 4 4 4 6 4 -1 -1 4 6 6 6 1 4 4 41 4 3 3 
4 4 2 2 4 6 4 4 -1 -1 6 6 6 -1 1 -1 40 41 4 4 
4 40 4 4 4 4 4 1 6 6 -1 2 2 2 4 4 -1 40 41 41 
6 2 6 -1 1 6 -1 34 -1 34 34 1 2 2 2 42 7 6 8 6 
6 4 -1 6 4 -1 -1 5 34 34 34 10 -1 -1 42 2 6 6 6 6 
6 4 -1 6 4 4 5 5 5 34 10 10 -1 2 -1 -1 6 6 6 6 
34 -1 -1 -1 -1 5 -1 -1 5 10 34 10 -1 35 2 -1 6 34 6 34 
34 6 -1 -1 -1 -1 5 -1 10 10 10 10 10 -1 35 34 34 -1 6 6 
34 6 -1 -1 -1 -1 5 5 10 10 10 10 42 2 4 6 -1 -1 -1 -1 
6 -1 6 -1 2 -1 5 5 42 42 42 42 42 42 42 42 6 -1 -1 -1 
6 -1 6 2 -1 6 -1 6 -1 42 42 42 4 42 42 6 6 6 6 -1 
6 6 6 6 -1 6 6 6 -1 6 42 35 4 6 4 6 6 6 6 6 
-1 10 10 6 6 -1 -1 -1 6 4 42 34 4 42 6 6 4 6 -1 6 
10 -1 34 6 -1 35 -1 6 6 4 34 34 6 6 6 -1 3 3 3 3 
3 34 4 -1 6 35 34 6 4 34 34 34 35 35 6 3 -1 3 4 4 
4 -1 4 4 4 -1 4 -1 -1 34 34 34 34 35 6 3 -1 42 -1 3 
6 4 4 -1 4 4 4 4 4 4 4 -1 4 35 6 1 1 2 1 -1 
2 -1 -1 4 34 34 4 4 4 4 4 4 -1 4 4 -1 1 2 6 2 
2 -1 4 4 4 4 34 4 4 4 4 4 4 4 4 4 4 1 3 6 
2 2 4 7 4 4 4 4 4 4 4 4 2 4 4 4 -1 -1 -1 2 
2 41 7 41 -1 4 -1 34 6 4 2 2 2 2 -1 6 6 6 6 2 
2 6 7 -1 4 4 -1 -1 34 4 -1 2 -1 2 2 -1 6 6 -1 2 
2 6 6 -1 4 4 4 34 4 -1 2 -1 4 2 2 -1 -1 6 -1 -1 
2 2 -1 -1 34 35 -1 3 -1 2 -1 -1 34 34 34 2 5 2 2 -1 
-1 2 4 4 -1 -1 34 3 3 2 3 -1 -1 -1 2 2 4 2 2 2 
-1 6 -1 -1 6 -1 -1 4 4 3 34 2 2 2 2 2 4 2 2 -1 
2 4 6 6 6 4 4 4 34 34 34 34 2 -1 -1 2 -1 -1 2 2 
4 -1 6 6 4 4 34 34 34 34 34 5 2 2 2 7 2 -1 2 2 
-1 4 4 4 6 6 2 34 34 34 34 2 5 -1 2 -1 10 10 -1 -1 
-1 -1 -1 6 6 2 2 2 34 34 34 34 2 2 34 34 -1 10 6 6 
10 -1 -1 6 2 2 6 -1 2 2 34 10 -1 34 7 -1 -1 11 6 6 
-1 -1 2 2 2 6 6 34 -1 2 7 7 -1 34 7 34 11 6 6 10 
-1 -1 6 6 -1 6 34 34 -1 -1 2 7 7 7 7 7 11 6 6 -1 
6 6 -1 6 6 -1 -1 -1 10 7 7 2 7 -1 7 7 -1 -1 6 -1 
2 6 6 6 6 -1 -1 10 10 10 2 10 2 7 7 2 2 -1 -1 7 
2 2 6 6 6 6 6 6 10 10 10 10 10 10 10 -1 2 -1 2 7 
2 2 -1 -1 3 6 6 6 6 10 10 10 -1 -1 10 -1 6 2 2 2 
4 2 4 6 10 10 10 6 -1 -1 10 10 10 -1 34 34 6 2 2 2 
-1 -1 4 2 2 -1 10 -1 -1 4 -1 10 10 34 34 34 34 6 2 6 
6 2 2 6 2 -1 10 10 -1 4 -1 10 10 34 -1 34 7 2 34 -1 
6 -1 2 2 6 6 10 -1 -1 2 5 6 -1 10 -1 -1 6 6 7 6 
2 6 -1 -1 2 2 2 2 2 5 5 5 6 6 10 6 -1 -1 2 6 
2 2 -1 35 35 35 2 2 5 34 34 -1 -1 6 2 6 2 2 2 2 
7 4 -1 -1 -1 -1 -1 33 6 4 34 1 1 10 10 10 10 10 10 10 
-1 -1 -1 6 6 6 33 -1 -1 -1 4 10 10 10 10 6 10 10 7 -1 
-1 -1 6 6 -1 6 6 6 -1 -1 4 1 1 -1 10 -1 -1 -1 7 -1 
34 -1 -1 6 -1 6 34 -1 -1 4 4 -1 -1 34 10 -1 -1 34 7 34 
-1 -1 -1 6 34 34 34 34 -1 -1 -1 34 -1 34 34 -1 34 7 7 34 
34 -1 6 34 34 6 -1 34 34 -1 34 34 34 -1 34 34 -1 34 34 34 
-1 -1 -1 -1 -1 6 6 6 -1 34 34 -1 -1 34 34 34 -1 34 -1 34 
-1 -1 34 34 34 34 34 6 6 34 34 -1 34 34 34 34 -1 34 34 34 
2 2 -1 34 34 34 34 34 6 -1 34 34 34 -1 -1 4 4 34 34 34 
-1 2 2 -1 -1 -1 34 -1 -1 34 34 34 -1 -1 6 -1 34 34 34 34 
34 2 -1 -1 6 34 34 1 34 34 -1 34 34 4 6 34 34 34 34 -1 
2 34 7 6 34 34 34 34 34 34 -1 -1 -1 4 -1 34 34 34 -1 34 
-1 -1 7 34 7 6 34 34 34 34 -1 -1 2 7 2 34 4 4 34 4 
34 34 34 7 6 34 34 -1 34 -1 -1 -1 -1 -1 2 2 2 4 4 4 
34 34 -1 6 7 34 34 5 -1 -1 10 10 10 -1 -1 2 2 -1 -1 -1 
-1 34 -1 6 6 -1 6 6 5 -1 10 -1 10 10 -1 10 -1 -1 -1 -1 
10 -1 10 6 6 6 6 -1 -1 5 5 10 -1 10 6 10 10 -1 -1 -1 
10 10 2 5 5 5 6 -1 7 5 5 5 -1 10 10 10 -1 -1 -1 10 
10 10 10 2 5 5 -1 -1 -1 -1 -1 2 2 10 10 10 -1 10 7 7 
2 10 10 -1 -1 -1 -1 -1 33 -1 -1 -1 1 10 10 10 -1 7 7 7 
4 4 -1 -1 -1 -1 4 -1 -1 6 2 2 -1 4 -1 -1 4 -1 4 -1 
34 4 4 -1 4 4 4 -1 6 -1 4 4 2 4 -1 4 4 -1 34 34 
-1 5 -1 4 4 6 4 4 -1 6 6 6 -1 -1 -1 4 4 4 34 34 
5 -1 -1 2 6 4 4 4 4 6 6 -1 2 1 6 6 4 6 34 34 
34 2 2 5 4 4 4 -1 4 6 6 2 2 6 1 4 -1 -1 -1 -1 
34 -1 2 34 4 4 1 4 4 -1 6 -1 6 -1 -1 4 4 -1 34 34 
34 34 34 34 34 34 4 1 4 1 4 6 -1 7 7 4 4 4 34 -1 
10 34 -1 34 34 34 -1 -1 34 4 4 6 6 7 4 4 -1 34 2 4 
4 10 6 -1 6 34 4 -1 34 7 34 34 6 -1 -1 -1 34 2 4 -1 
10 10 4 6 6 4 34 34 -1 4 7 4 2 2 -1 -1 34 4 2 4 
10 6 4 -1 4 6 6 6 -1 4 4 4 -1 -1 2 2 2 2 4 4 
4 4 6 -1 6 6 6 6 -1 -1 4 4 -1 -1 -1 2 2 4 4 -1 
-1 -1 -1 4 4 -1 -1 6 -1 -1 -1 -1 -1 -1 6 6 1 4 2 2 
-1 4 4 4 4 -1 6 4 4 4 -1 -1 4 -1 6 -1 1 -1 4 2 
-1 6 4 4 -1 -1 -1 4 4 6 -1 4 4 1 1 1 4 2 2 3 
3 6 -1 4 -1 2 -1 4 4 4 -1 34 -1 4 1 1 4 -1 4 -1 
4 3 3 -1 2 2 -1 -1 4 2 4 34 -1 4 4 4 -1 -1 -1 -1 
-1 3 -1 4 2 2 2 4 -1 4 34 -1 34 34 -1 4 -1 1 -1 4 
3 -1 -1 -1 2 -1 2 -1 4 4 4 4 34 -1 -1 4 -1 4 4 4 
4 4 -1 -1 -1 2 4 -1 4 4 4 4 4 4 -1 4 4 4 -1 4 
3 -1 11 11 11 11 11 11 -1 32 6 32 -1 -1 6 -1 5 4 6 -1 
-1 -1 -1 3 11 -1 11 11 11 11 32 32 32 6 5 5 6 6 4 -1 
-1 11 11 11 11 11 11 11 11 4 4 -1 6 5 -1 4 5 5 6 6 
11 11 11 4 11 11 4 -1 -1 4 4 -1 -1 6 4 4 -1 4 6 6 
4 11 4 2 3 4 4 4 4 3 -1 3 6 6 6 -1 4 4 4 5 
4 4 1 1 -1 4 -1 4 3 -1 3 1 -1 6 -1 6 4 -1 6 4 
11 1 1 1 1 -1 4 3 3 -1 -1 1 -1 6 6 6 -1 -1 -1 6 
3 1 -1 1 4 4 -1 -1 -1 -1 -1 -1 6 -1 -1 -1 4 -1 -1 4 
4 3 -1 4 1 -1 4 -1 -1 -1 6 -1 3 2 -1 4 4 -1 4 3 
3 3 11 -1 11 11 -1 4 -1 3 3 3 3 -1 -1 4 11 3 -1 3 
4 4 11 11 11 11 -1 -1 -1 3 6 6 -1 -1 -1 -1 4 3 -1 4 
4 11 -1 11 11 11 11 -1 -1 3 3 3 -1 -1 -1 4 4 4 -1 4 
3 -1 -1 -1 11 -1 2 -1 3 3 6 3 3 3 3 6 -1 -1 -1 3 
3 3 4 -1 -1 -1 4 4 3 3 6 3 3 3 -1 1 1 -1 3 3 
3 4 -1 -1 -1 4 4 4 -1 6 6 -1 3 3 4 6 6 6 3 -1 
4 4 -1 -1 -1 -1 -1 -1 3 6 6 6 4 3 -1 6 6 -1 2 2 
-1 -1 -1 3 3 -1 4 3 3 -1 6 6 4 -1 4 4 -1 11 11 -1 
3 3 3 3 3 3 -1 3 -1 6 6 4 -1 -1 -1 -1 6 11 11 11 
1 3 3 3 3 11 3 6 6 -1 4 6 4 -1 -1 -1 -1 6 4 4 
-1 3 -1 3 3 11 11 3 6 -1 -1 -1 -1 -1 -1 -1 -1 4 4 1 
4 4 4 4 4 4 2 2 2 34 34 2 -1 4 2 -1 -1 -1 -1 -1 
2 4 4 -1 4 6 6 2 -1 34 2 2 2 -1 2 -1 -1 -1 -1 -1 
2 4 -1 -1 4 6 4 6 4 -1 2 2 -1 2 -1 -1 -1 2 2 2 
-1 4 6 -1 6 -1 -1 41 41 -1 -1 2 2 2 2 4 2 2 2 2 
4 6 -1 4 -1 -1 -1 4 -1 -1 -1 2 -1 -1 4 2 -1 2 2 2 
4 4 6 6 -1 5 4 5 2 -1 -1 2 2 2 4 4 2 -1 2 4 
4 4 4 -1 5 -1 5 2 4 2 32 4 4 -1 4 4 -1 2 32 32 
-1 4 -1 4 4 -1 2 4 4 32 32 4 4 -1 2 2 -1 -1 32 32 
-1 4 -1 -1 4 2 4 4 4 32 32 4 2 2 2 4 2 2 4 -1 
32 4 4 6 -1 4 4 4 4 -1 4 4 -1 4 4 -1 6 4 4 4 
4 32 -1 -1 4 -1 4 4 -1 -1 4 -1 4 4 -1 6 -1 6 4 6 
-1 4 -1 -1 6 4 4 -1 -1 -1 -1 4 -1 -1 4 2 6 6 6 -1 
4 -1 1 -1 -1 6 -1 -1 4 4 -1 -1 -1 -1 32 2 2 6 6 4 
4 1 1 1 6 2 2 2 2 4 -1 -1 -1 -1 11 6 6 -1 4 4 
1 1 3 -1 1 -1 2 2 2 2 2 -1 -1 4 6 6 6 4 -1 6 
1 -1 3 1 4 1 2 -1 2 2 2 2 4 4 -1 -1 4 4 -1 6 
-1 6 1 1 1 4 2 2 2 2 2 -1 -1 4 -1 4 6 6 4 6 
-1 -1 1 1 -1 2 2 4 2 2 2 8 34 -1 4 4 4 -1 6 6 
1 1 1 2 2 2 4 2 2 2 34 -1 34 4 4 4 -1 -1 -1 6 
4 1 4 1 -1 2 4 4 34 2 34 34 4 4 4 -1 -1 -1 -1 -1 
1 1 -1 4 4 4 4 32 -1 6 4 6 6 -1 -1 1 1 1 -1 1 
-1 4 4 4 4 4 4 6 6 4 4 -1 4 4 1 4 1 1 1 1 
4 6 4 4 6 6 -1 6 -1 4 4 -1 2 -1 4 4 1 4 6 6 
6 4 4 -1 5 6 6 -1 4 40 40 -1 2 2 -1 -1 -1 4 6 7 
4 -1 -1 2 5 5 4 6 40 4 -1 2 6 4 4 -1 4 4 4 4 
4 4 -1 4 4 4 4 41 -1 41 41 2 2 -1 -1 6 4 6 6 4 
4 4 4 4 4 5 5 -1 41 41 4 2 6 5 6 4 -1 -1 6 4 
-1 4 6 4 -1 -1 -1 5 41 2 4 5 5 6 6 6 6 4 4 4 
-1 4 -1 4 4 -1 5 5 4 4 2 5 6 2 6 -1 6 6 6 4 
4 -1 4 4 5 5 5 2 2 4 4 5 2 6 6 -1 -1 6 6 6 
4 -1 4 4 4 6 6 4 4 4 4 11 11 2 6 -1 6 6 -1 2 
4 4 4 4 -1 -1 6 4 4 4 4 11 11 11 -1 2 2 -1 2 2 
-1 -1 -1 -1 -1 -1 6 4 2 4 11 11 11 11 2 2 2 2 2 4 
4 -1 -1 4 -1 -1 4 4 -1 5 11 5 11 -1 11 -1 2 2 -1 4 
4 -1 4 -1 -1 -1 -1 -1 -1 11 4 -1 11 -1 11 2 4 4 4 4 
-1 1 1 1 1 1 1 -1 -1 4 -1 -1 11 11 -1 4 4 4 -1 -1 
-1 1 1 1 4 4 1 -1 4 1 -1 -1 -1 11 -1 4 4 4 -1 -1 
-1 -1 -1 1 4 1 4 -1 1 1 -1 4 -1 6 11 4 4 4 4 -1 
-1 -1 41 1 -1 -1 4 1 4 4 -1 4 4 4 4 -1 -1 -1 1 -1 
1 4 1 1 1 4 4 32 4 -1 4 4 6 4 4 4 4 -1 1 1 
2 2 -1 4 4 4 4 4 -1 -1 -1 4 -1 -1 -1 -1 6 6 5 -1 
2 2 4 4 4 4 4 -1 -1 -1 -1 -1 2 -1 2 6 6 -1 5 -1 
-1 -1 4 -1 2 4 4 -1 -1 -1 2 2 -1 2 2 2 2 2 -1 -1 
4 2 4 4 2 -1 -1 -1 -1 -1 -1 2 2 4 2 2 2 -1 -1 -1 
4 4 4 6 4 2 2 2 2 -1 6 2 2 4 4 2 2 -1 -1 -1 
-1 4 4 6 5 2 -1 2 2 -1 -1 4 4 4 4 4 4 2 -1 -1 
-1 4 4 5 -1 5 2 2 2 32 -1 4 4 -1 4 -1 4 4 4 -1 
4 4 4 4 5 -1 -1 2 32 -1 4 4 4 4 4 -1 4 4 4 4 
4 4 4 4 5 -1 5 -1 32 32 4 -1 -1 4 -1 -1 -1 4 4 4 
4 4 5 -1 5 5 -1 5 -1 32 4 2 -1 -1 -1 -1 -1 2 4 4 
4 4 4 4 32 5 4 -1 32 32 -1 -1 2 2 -1 2 2 -1 -1 4 
4 4 -1 4 5 4 -1 4 32 32 32 4 2 -1 -1 3 2 -1 -1 4 
4 4 4 4 4 4 -1 4 -1 4 4 6 4 4 -1 4 -1 4 4 4 
4 4 4 -1 4 4 4 4 -1 -1 4 4 -1 6 4 4 4 4 -1 4 
4 4 4 4 4 4 4 4 -1 -1 4 4 6 6 4 4 -1 -1 -1 -1 
-1 4 -1 4 6 4 4 4 4 4 4 6 -1 -1 4 4 4 4 4 4 
41 4 -1 4 4 4 4 4 4 4 4 4 4 4 4 4 4 4 4 41 
4 4 -1 4 4 4 4 4 -1 -1 4 -1 -1 4 4 6 6 6 40 41 
5 4 4 4 4 4 4 -1 -1 -1 4 -1 -1 4 4 5 6 6 6 40 
-1 2 4 4 4 4 4 4 4 4 4 -1 -1 -1 6 -1 5 6 6 -1 
-1 4 -1 -1 6 6 6 6 4 4 -1 -1 6 6 -1 -1 4 -1 -1 -1 
2 2 2 6 6 2 6 -1 4 -1 4 -1 -1 -1 -1 4 2 4 4 4 
2 -1 2 -1 -1 2 -1 2 -1 4 2 -1 -1 -1 4 6 -1 4 4 4 
2 2 2 2 2 2 -1 -1 4 4 4 4 -1 4 6 4 4 4 4 4 
2 2 2 2 2 2 2 2 2 4 4 2 -1 -1 4 4 4 4 -1 4 
4 2 2 2 -1 2 -1 2 -1 -1 4 -1 -1 4 4 4 -1 4 4 -1 
4 2 2 2 2 2 -1 -1 2 -1 -1 4 4 4 4 6 -1 -1 4 6 
6 4 2 4 2 2 -1 -1 4 -1 -1 -1 4 4 4 6 -1 -1 2 12 
-1 6 2 2 2 -1 2 -1 4 2 2 -1 4 4 -1 4 -1 -1 4 12 
-1 -1 4 4 2 2 -1 2 9 2 -1 -1 4 -1 6 4 4 4 -1 4 
4 4 4 -1 5 2 2 -1 -1 9 -1 -1 -1 -1 6 4 4 6 4 4 
4 4 4 6 2 2 2 9 -1 9 -1 -1 -1 4 4 -1 4 4 6 4 
4 4 -1 -1 6 4 -1 2 9 9 -1 32 32 4 4 -1 -1 4 4 4 
-1 -1 7 -1 -1 -1 2 2 2 -1 1 -1 -1 -1 -1 -1 4 4 -1 4 
-1 2 2 -1 -1 4 2 2 2 1 4 4 -1 -1 -1 2 4 4 4 -1 
4 2 2 -1 4 -1 2 -1 2 -1 4 4 4 -1 -1 -1 2 4 4 2 
4 2 -1 -1 4 2 -1 2 2 2 2 4 4 -1 -1 2 4 -1 4 4 
-1 -1 2 -1 -1 2 2 2 2 2 4 -1 -1 4 4 4 4 4 4 4 
4 -1 4 -1 -1 2 -1 2 6 -1 4 4 6 1 1 4 4 4 4 4 
4 4 4 4 2 6 6 -1 4 6 -1 -1 6 6 6 6 4 4 -1 -1 
-1 4 -1 4 4 7 -1 32 32 4 4 -1 -1 1 4 4 4 4 4 5 
4 -1 4 4 4 7 -1 4 32 4 -1 4 5 -1 4 4 4 -1 4 4 
4 4 6 -1 -1 4 4 -1 4 4 -1 5 4 5 4 -1 4 4 4 -1 
4 6 4 6 -1 -1 -1 -1 4 4 4 4 4 4 2 4 4 4 4 4 
-1 4 6 4 4 4 -1 -1 4 4 4 4 4 4 2 2 2 4 -1 4 
4 -1 4 4 -1 -1 4 -1 4 -1 4 2 2 -1 -1 2 4 4 4 -1 
4 4 4 4 4 -1 -1 4 -1 4 2 2 2 -1 -1 -1 4 4 4 4 
4 4 -1 4 4 4 -1 -1 7 7 -1 -1 4 -1 -1 4 4 -1 -1 4 
4 -1 4 4 4 4 -1 -1 4 7 6 6 4 4 6 -1 -1 4 4 4 
4 -1 4 4 4 4 6 4 4 -1 1 -1 -1 6 -1 6 2 4 4 4 
-1 6 4 4 6 35 35 35 4 -1 35 -1 -1 -1 6 2 6 4 4 4 
-1 6 6 4 2 35 2 35 -1 4 6 6 6 -1 32 6 6 -1 6 4 
4 6 6 2 2 2 35 4 4 -1 6 -1 4 6 6 32 6 6 6 6 
6 6 6 -1 2 35 34 34 4 4 4 4 -1 4 6 6 32 6 6 6 
6 6 4 6 7 7 34 34 34 4 4 4 4 4 4 -1 6 6 6 6 
6 4 2 2 2 7 7 -1 4 4 4 4 4 4 -1 6 -1 6 2 2 
-1 6 2 2 7 5 7 -1 -1 4 4 4 4 -1 4 4 6 6 6 4 
6 -1 -1 7 5 7 7 7 4 -1 4 4 4 -1 4 4 4 -1 -1 6 
-1 -1 4 -1 7 7 32 -1 4 4 32 -1 -1 -1 1 1 -1 5 4 -1 
-1 -1 4 4 7 4 7 32 4 4 32 -1 -1 1 -1 -1 5 -1 5 4 
-1 -1 -1 -1 5 5 5 5 5 6 -1 4 6 6 -1 -1 -1 3 32 32 
32 -1 -1 -1 7 5 -1 -1 -1 -1 -1 6 4 6 -1 -1 32 32 32 32 
-1 -1 -1 4 -1 7 5 4 -1 -1 6 6 6 -1 6 3 -1 32 32 32 
-1 -1 4 4 5 5 4 -1 -1 -1 6 -1 -1 3 32 32 32 32 32 -1 
-1 4 4 5 5 5 -1 -1 -1 3 3 3 3 -1 -1 32 32 32 -1 32 
32 5 -1 5 5 5 -1 4 4 3 -1 3 3 -1 -1 3 3 -1 32 32 
5 5 5 -1 -1 4 4 4 5 -1 3 3 3 3 3 3 3 7 32 -1 
-1 5 5 5 5 -1 5 5 4 5 -1 3 3 7 -1 5 7 7 7 -1 
-1 -1 5 5 5 5 5 5 11 5 3 7 7 5 -1 5 3 5 5 7 
7 35 35 5 -1 5 5 5 11 11 11 11 5 -1 5 3 5 3 5 1 
1 -1 5 -1 -1 5 5 5 11 11 5 5 3 5 3 5 3 5 5 5 
5 5 5 5 5 5 5 5 11 -1 5 3 5 5 5 3 7 5 5 -1 
5 5 5 5 5 5 5 11 3 1 3 3 3 4 3 3 -1 -1 1 1 
5 5 5 5 5 5 5 5 5 5 3 3 4 3 3 -1 5 5 -1 5 
5 5 -1 7 5 5 5 5 5 5 5 -1 4 3 3 6 5 5 5 -1 
5 5 5 4 4 5 -1 -1 -1 5 5 -1 6 -1 6 5 5 -1 -1 -1 
5 5 5 5 5 5 5 -1 4 5 5 5 6 6 4 -1 5 5 5 -1 
5 5 5 5 5 5 -1 -1 4 -1 -1 6 -1 6 6 4 6 5 5 -1 
5 5 -1 5 4 5 5 3 3 4 7 -1 -1 -1 6 6 -1 32 5 5 
5 -1 -1 5 5 5 -1 5 -1 7 4 -1 -1 -1 -1 -1 -1 -1 32 32 
11 32 32 3 3 5 7 7 4 5 -1 5 1 -1 -1 3 3 11 -1 1 
11 -1 11 3 11 -1 4 -1 -1 -1 7 7 7 1 -1 6 3 -1 3 11 
3 -1 3 -1 11 2 4 4 4 4 5 5 1 1 -1 3 3 3 7 7 
3 -1 -1 -1 11 7 3 4 4 5 5 5 -1 -1 -1 11 11 7 7 -1 
3 7 7 11 -1 7 4 4 4 -1 1 1 7 -1 11 11 -1 -1 -1 -1 
3 3 5 2 -1 -1 -1 4 4 4 1 11 -1 11 11 3 11 3 11 -1 
3 2 2 -1 -1 -1 4 8 8 -1 1 11 11 11 1 3 11 11 11 11 
3 3 2 11 4 4 -1 -1 8 11 -1 -1 -1 11 11 3 3 -1 11 11 
-1 -1 2 -1 -1 4 4 11 11 11 11 11 -1 -1 -1 -1 -1 3 11 -1 
2 11 11 11 -1 4 4 4 33 -1 7 7 3 -1 11 -1 -1 -1 -1 2 
11 11 11 11 6 6 4 33 4 41 -1 7 7 3 11 11 11 11 11 5 
5 11 6 6 6 4 33 -1 -1 11 -1 3 -1 7 11 11 11 -1 11 11 
11 11 11 11 11 -1 -1 -1 33 -1 11 -1 3 11 11 11 11 -1 11 11 
11 -1 11 11 -1 -1 -1 41 41 33 33 41 11 11 11 11 11 11 -1 11 
11 -1 3 11 -1 33 5 7 -1 33 41 5 3 11 11 -1 11 11 11 11 
-1 3 3 3 -1 33 5 7 5 -1 5 5 5 11 11 11 11 11 -1 1 
3 3 11 11 -1 5 5 5 -1 5 -1 5 5 11 11 -1 3 11 11 -1 
-1 -1 -1 3 3 5 7 7 7 5 7 -1 7 -1 11 3 -1 11 -1 -1 
-1 1 3 3 7 5 5 7 5 7 5 7 7 3 3 3 11 -1 3 -1 
1 11 -1 -1 3 7 7 7 -1 5 5 7 -1 3 3 3 11 3 -1 3 
-1 7 6 -1 7 6 6 6 5 7 5 7 7 7 1 1 1 -1 5 7 
7 7 6 -1 -1 6 6 6 5 5 5 5 7 -1 1 -1 1 1 7 7 
-1 7 6 -1 7 -1 6 6 6 7 7 7 7 1 1 1 1 1 -1 7 
-1 2 3 6 7 6 7 6 7 7 5 5 1 -1 2 -1 1 1 11 -1 
5 3 2 -1 6 7 6 11 6 5 5 5 5 5 7 5 7 7 1 -1 
2 5 2 4 4 7 5 6 5 5 5 5 5 7 5 7 5 7 7 5 
5 2 2 11 7 5 5 -1 5 -1 3 5 5 7 -1 5 -1 5 7 7 
6 6 -1 11 5 4 -1 5 -1 2 3 -1 7 5 7 7 5 -1 7 7 
6 6 6 11 42 42 5 5 -1 3 2 2 7 7 5 7 8 8 42 -1 
42 6 6 11 -1 -1 -1 5 -1 2 2 -1 7 -1 -1 8 7 7 7 -1 
42 -1 11 -1 42 7 3 3 3 -1 8 8 -1 11 8 8 -1 43 -1 7 
43 42 -1 42 6 6 6 6 3 2 -1 3 3 11 -1 6 6 -1 -1 7 
-1 6 6 6 7 6 6 6 2 4 6 8 8 8 11 6 6 2 2 43 
7 7 -1 -1 7 6 6 3 3 4 3 -1 8 3 11 11 43 43 11 11 
7 6 6 6 6 6 3 7 7 -1 1 1 -1 -1 10 11 3 35 6 7 
-1 7 6 7 7 6 5 5 -1 5 5 8 -1 -1 1 1 3 43 6 -1 
6 6 6 6 7 7 5 5 5 5 5 8 5 -1 6 -1 -1 43 -1 6 
6 6 6 7 7 7 -1 -1 7 5 5 4 -1 -1 1 1 -1 -1 -1 6 
-1 6 6 7 7 6 3 5 5 7 7 5 4 1 1 1 -1 3 -1 6 
6 6 -1 6 6 3 6 -1 7 7 5 4 7 1 1 -1 1 3 6 6 
5 -1 5 5 5 3 3 3 3 4 -1 2 -1 3 3 -1 -1 2 2 -1 
5 5 5 -1 5 5 3 3 -1 -1 4 6 -1 3 3 2 2 2 -1 -1 
5 5 2 2 5 5 3 -1 3 -1 6 -1 3 -1 3 3 2 -1 5 5 
5 5 2 5 2 3 3 3 -1 -1 1 3 -1 3 3 -1 3 5 -1 -1 
5 5 -1 2 5 5 3 3 1 3 2 1 1 -1 3 2 3 5 3 5 
5 5 5 5 5 -1 6 1 6 1 -1 2 1 2 -1 2 2 2 5 2 
5 -1 -1 2 5 3 -1 6 1 6 1 1 2 2 -1 2 3 2 2 5 
5 -1 5 -1 -1 -1 3 -1 -1 -1 -1 2 2 3 -1 3 -1 -1 2 5 
-1 -1 -1 -1 2 2 -1 3 2 -1 -1 -1 7 -1 1 3 3 3 3 5 
-1 -1 6 8 4 2 2 1 -1 2 -1 7 5 2 3 3 -1 3 3 9 
9 -1 8 -1 8 4 1 1 2 2 2 -1 -1 2 2 3 -1 3 9 3 
2 -1 -1 -1 -1 4 4 1 2 -1 2 4 2 2 -1 2 9 2 2 9 
-1 -1 -1 -1 -1 4 1 -1 2 2 4 4 4 -1 -1 2 2 9 2 9 
-1 7 -1 -1 -1 4 2 2 32 2 9 4 4 4 3 2 2 2 3 9 
7 -1 4 4 4 -1 -1 32 2 9 3 2 4 3 3 2 2 3 2 9 
7 6 4 -1 -1 -1 4 -1 3 2 2 2 3 3 -1 3 2 2 2 7 
-1 5 6 3 -1 -1 4 3 2 -1 3 2 3 3 1 1 3 3 -1 -1 
6 6 -1 3 -1 3 3 3 3 3 2 3 -1 3 1 1 -1 2 5 5 
-1 6 5 -1 3 -1 1 3 3 4 2 -1 3 -1 3 -1 -1 -1 -1 5 
5 5 5 3 5 -1 1 4 4 -1 4 4 3 3 3 -1 3 -1 -1 6 
-1 4 2 2 2 32 2 2 2 2 -1 2 2 2 2 2 6 6 4 4 
-1 4 2 32 32 -1 -1 -1 -1 2 -1 -1 2 2 2 2 2 6 -1 4 
4 4 4 2 32 32 -1 3 -1 3 2 -1 2 2 2 2 6 2 6 2 
4 4 4 2 32 -1 9 -1 3 3 -1 -1 2 -1 -1 2 2 4 4 2 
4 -1 2 32 -1 -1 9 9 3 -1 -1 2 -1 -1 2 2 2 2 4 4 
4 2 -1 2 32 5 5 -1 3 2 -1 -1 2 2 2 2 2 6 2 -1 
9 4 2 2 -1 9 5 -1 2 2 -1 -1 2 2 2 2 2 2 6 6 
9 6 6 1 9 5 4 -1 -1 -1 -1 -1 2 2 2 2 -1 6 3 3 
6 9 -1 6 -1 33 4 -1 4 -1 2 2 2 -1 -1 2 6 -1 6 3 
-1 -1 6 6 6 33 33 4 4 4 2 -1 2 2 -1 -1 6 6 -1 6 
6 6 -1 6 32 6 33 4 4 4 2 -1 6 2 2 6 6 6 6 6 
6 6 6 33 32 4 4 4 -1 2 4 -1 -1 6 6 6 -1 2 6 6 
2 6 3 -1 2 32 2 33 33 33 33 4 4 6 6 -1 6 6 -1 2 
6 6 6 2 2 2 32 32 4 2 2 2 -1 -1 6 -1 -1 6 6 6 
4 6 2 -1 -1 32 32 -1 -1 4 -1 -1 2 6 -1 -1 6 6 6 6 
4 6 2 2 2 2 -1 32 6 -1 -1 -1 2 2 -1 -1 2 -1 6 4 
2 2 -1 2 -1 2 3 32 -1 -1 2 2 2 2 -1 -1 -1 2 -1 4 
4 -1 -1 2 2 -1 32 2 -1 -1 2 2 2 2 6 -1 2 2 4 -1 
4 -1 4 4 2 -1 2 2 2 2 2 -1 2 2 6 6 2 4 4 4 
4 4 -1 4 2 2 -1 2 -1 2 2 2 6 -1 2 2 6 4 4 -1 
6 2 6 9 2 2 2 -1 2 2 2 2 2 -1 2 2 2 2 2 2 
2 6 6 1 9 -1 2 -1 2 2 -1 2 2 2 -1 2 2 6 2 3 
2 3 1 1 -1 2 -1 2 2 2 6 6 3 2 -1 2 -1 6 3 -1 
-1 2 2 1 -1 2 2 -1 2 2 2 6 3 2 -1 -1 -1 -1 4 2 
2 2 2 2 -1 2 2 2 2 2 2 2 2 2 2 2 2 6 6 4 
2 2 2 -1 2 2 2 2 -1 -1 -1 2 2 2 2 -1 2 2 6 -1 
4 4 2 2 2 2 2 -1 -1 2 -1 2 2 -1 2 2 2 2 -1 -1 
-1 -1 4 2 2 -1 -1 2 2 2 -1 2 2 2 2 2 2 -1 -1 -1 
-1 -1 2 2 -1 -1 -1 2 6 2 2 2 -1 -1 -1 2 2 2 -1 -1 
2 2 2 2 2 37 2 37 -1 -1 2 2 -1 2 -1 2 2 2 2 -1 
4 2 2 2 2 2 2 2 2 2 2 2 -1 2 2 2 2 2 2 2 
2 2 2 2 -1 2 2 2 -1 -1 2 2 2 2 -1 2 -1 -1 4 2 
2 2 -1 -1 -1 -1 2 2 2 2 6 2 2 3 -1 -1 2 4 4 2 
-1 -1 -1 2 2 33 -1 2 -1 -1 3 3 4 -1 4 6 -1 2 4 4 
2 -1 2 2 2 33 2 6 6 6 2 6 4 4 6 6 -1 -1 4 -1 
-1 2 -1 -1 2 2 2 -1 6 6 6 -1 2 4 -1 6 6 4 4 -1 
-1 2 2 2 33 2 2 2 6 -1 6 2 2 4 4 -1 4 -1 -1 -1 
2 2 2 2 2 10 10 2 2 -1 2 6 2 2 4 4 4 4 -1 2 
2 2 -1 2 2 2 10 2 2 2 2 -1 -1 -1 2 4 4 4 2 -1 
2 2 -1 2 -1 2 2 2 2 6 2 2 6 2 -1 2 2 -1 2 6 
3 3 3 3 -1 -1 3 -1 3 3 3 3 2 4 3 3 2 -1 3 3 
2 4 -1 3 3 -1 4 -1 3 3 3 3 2 4 4 2 2 -1 3 3 
10 -1 -1 -1 4 4 6 11 4 3 6 -1 -1 2 3 -1 3 -1 -1 2 
2 -1 4 4 41 4 3 11 3 -1 3 -1 6 3 2 2 -1 3 10 10 
-1 4 -1 -1 -1 4 -1 3 -1 -1 -1 6 2 6 3 3 3 2 10 2 
-1 4 4 -1 33 -1 33 -1 3 3 2 2 2 2 2 2 3 -1 -1 2 
4 4 3 33 33 33 -1 2 3 3 3 2 -1 2 2 2 33 1 4 2 
4 4 3 3 33 41 -1 -1 10 2 2 3 3 3 2 2 33 -1 -1 3 
2 -1 -1 33 33 41 -1 -1 3 3 3 3 6 3 -1 33 33 33 33 4 
33 -1 33 33 33 33 2 2 -1 2 2 2 6 6 6 33 33 2 2 33 
6 6 33 3 10 10 2 2 2 2 3 -1 6 6 6 34 34 2 -1 2 
6 6 33 -1 10 6 6 3 2 4 -1 2 -1 -1 3 34 -1 -1 2 6 
6 -1 6 3 2 2 6 2 3 3 4 2 2 -1 3 3 -1 -1 3 3 
6 -1 10 -1 34 -1 2 2 2 -1 3 4 7 6 6 3 3 34 -1 -1 
-1 -1 10 34 34 6 2 6 3 3 3 6 6 6 33 6 6 34 -1 -1 
6 6 6 6 34 6 34 2 2 3 3 2 6 -1 3 33 3 3 -1 -1 
2 6 2 -1 6 2 34 -1 2 2 7 2 2 3 -1 -1 6 -1 33 10 
10 2 6 2 -1 2 2 3 3 7 4 4 2 -1 -1 6 3 9 9 10 
2 2 -1 2 6 6 2 3 3 -1 7 4 3 -1 -1 3 2 -1 4 -1 
3 3 3 3 2 -1 3 3 2 3 4 3 -1 6 2 2 3 2 3 3 
3 3 3 3 3 3 2 3 3 32 3 2 2 -1 -1 33 -1 3 9 3 
-1 3 3 3 3 -1 -1 3 3 3 -1 2 2 -1 33 41 41 9 -1 -1 
3 3 3 2 3 3 3 2 3 -1 2 2 -1 -1 41 -1 41 9 3 -1 
3 3 2 2 3 -1 2 3 3 2 2 2 2 -1 -1 -1 41 3 -1 3 
3 3 3 3 -1 3 -1 2 3 2 2 2 2 2 -1 -1 -1 3 3 3 
-1 3 3 3 -1 -1 2 2 2 3 -1 2 2 2 -1 2 3 3 3 3 
3 3 3 -1 3 -1 2 3 3 2 2 2 2 2 2 3 3 -1 -1 3 
3 3 -1 3 -1 2 -1 9 -1 2 -1 2 2 2 3 3 -1 3 3 3 
3 3 9 9 3 -1 3 3 9 9 9 2 2 6 3 3 -1 6 3 3 
3 3 3 9 9 3 3 9 -1 9 2 -1 2 -1 -1 3 3 3 3 3 
3 -1 -1 3 -1 3 3 -1 -1 -1 -1 2 2 -1 -1 3 -1 3 3 3 
3 2 2 3 -1 2 -1 2 1 -1 1 -1 -1 -1 -1 3 3 3 5 5 
-1 3 3 2 -1 3 -1 -1 2 1 2 -1 4 -1 3 -1 3 -1 -1 -1 
2 3 3 3 3 -1 3 -1 -1 2 2 4 -1 4 2 6 -1 -1 -1 -1 
-1 -1 3 3 3 3 3 3 2 4 4 4 4 2 -1 41 2 3 3 -1 
-1 3 3 3 3 -1 3 3 3 2 -1 2 -1 -1 -1 41 6 3 3 3 
3 3 3 3 3 3 3 3 3 -1 -1 32 41 41 41 6 3 -1 3 -1 
3 3 3 3 3 3 3 3 3 -1 -1 32 2 41 41 33 33 3 3 3 
-1 3 3 3 -1 3 3 3 32 -1 32 32 33 4 41 33 -1 3 3 3 
3 3 3 -1 3 3 2 -1 3 32 2 33 4 -1 41 33 -1 -1 3 3 
-1 -1 2 2 -1 9 33 4 2 4 2 -1 -1 -1 2 3 3 -1 3 -1 
-1 -1 2 33 9 9 9 33 4 2 2 -1 -1 3 3 3 2 -1 3 3 
-1 -1 2 9 33 -1 4 4 4 4 -1 -1 3 3 3 3 3 6 3 -1 
-1 -1 2 -1 9 33 -1 4 4 -1 3 3 3 3 3 3 -1 6 -1 -1 
2 2 -1 -1 33 33 -1 -1 3 3 3 3 3 33 3 -1 -1 3 3 -1 
-1 -1 -1 2 9 6 6 -1 -1 -1 -1 33 33 3 3 3 -1 2 3 2 
4 4 -1 2 2 6 2 -1 -1 2 -1 33 -1 33 -1 2 -1 2 3 2 
4 4 2 2 -1 4 4 2 2 -1 -1 2 33 -1 33 33 2 2 2 4 
4 2 2 -1 -1 -1 4 -1 2 3 2 -1 33 -1 33 33 2 2 32 -1 
32 32 -1 3 3 -1 -1 -1 1 3 -1 2 2 33 33 33 -1 -1 -1 32 
-1 32 3 -1 3 -1 33 33 3 1 4 -1 2 -1 -1 33 -1 -1 -1 32 
32 3 -1 -1 1 3 -1 -1 4 2 2 -1 -1 -1 -1 33 5 -1 -1 -1 
-1 3 1 33 3 1 -1 4 4 4 4 -1 1 -1 -1 32 -1 33 3 -1 
3 1 1 3 33 11 -1 3 4 4 3 -1 3 1 32 32 6 33 3 3 
3 -1 1 1 33 33 -1 3 3 -1 3 5 5 2 6 6 -1 6 4 3 
3 3 -1 -1 33 -1 33 33 3 33 1 -1 2 2 6 6 6 6 4 4 
-1 -1 -1 33 3 -1 -1 33 33 4 -1 1 2 6 -1 6 4 6 3 -1 
3 3 1 33 3 3 33 -1 33 33 2 2 2 6 6 2 2 6 3 3 
3 40 2 1 3 -1 33 33 -1 2 2 2 2 2 6 -1 2 3 3 3 
40 -1 -1 2 9 2 9 4 4 2 2 -1 -1 -1 -1 2 3 3 3 -1 
33 33 33 41 2 2 2 2 2 4 33 -1 33 -1 -1 -1 6 -1 33 -1 
33 33 33 2 41 2 -1 2 -1 2 33 33 33 33 65 6 6 6 -1 -1 
-1 33 -1 41 -1 2 -1 2 2 -1 -1 -1 33 65 65 -1 6 -1 33 -1 
33 -1 -1 -1 2 -1 2 -1 -1 -1 -1 -1 -1 33 6 6 -1 9 33 33 
33 33 -1 -1 -1 2 -1 -1 -1 -1 -1 4 -1 -1 4 4 9 -1 33 33 
-1 -1 -1 -1 -1 -1 41 41 -1 -1 -1 4 -1 -1 -1 4 -1 6 9 9 
1 -1 -1 -1 -1 -1 41 41 41 -1 4 65 -1 4 4 6 6 4 9 9 
9 -1 -1 -1 -1 33 33 33 41 65 -1 65 4 65 -1 -1 6 -1 -1 1 
6 -1 -1 -1 -1 33 33 33 33 4 65 65 -1 65 -1 4 9 -1 1 3 
3 6 -1 -1 -1 33 33 33 2 2 65 -1 65 5 5 4 9 9 65 1 
-1 3 -1 -1 33 2 2 2 2 65 65 65 65 33 5 5 65 -1 65 65 
9 9 -1 -1 -1 2 2 2 2 -1 -1 6 33 33 65 65 2 65 65 -1 
9 9 9 -1 -1 -1 2 2 2 -1 -1 2 33 65 65 65 33 -1 65 9 
6 6 6 6 4 4 6 2 2 -1 33 6 33 -1 33 33 33 65 65 6 
33 6 6 9 4 33 4 4 4 4 4 4 33 33 33 33 6 33 33 65 
33 6 2 9 9 -1 33 33 4 33 4 6 -1 6 6 33 33 33 33 -1 
33 33 33 4 2 1 1 36 33 -1 33 -1 6 -1 6 -1 -1 33 65 33 
33 33 33 33 9 2 33 4 6 -1 -1 4 4 6 -1 6 4 65 65 65 
33 33 33 33 2 41 6 6 6 2 6 4 -1 65 6 -1 65 65 33 33 
-1 33 33 -1 41 2 2 2 2 2 4 6 -1 33 -1 -1 65 65 -1 33 
65 2 2 2 65 2 65 2 65 -1 -1 2 65 65 65 65 65 41 4 34 
65 65 2 2 2 2 65 65 -1 -1 65 1 1 -1 65 65 65 41 65 65 
65 65 -1 2 2 -1 65 65 2 65 -1 65 1 -1 65 65 65 65 65 65 
65 2 -1 -1 -1 -1 65 2 65 65 65 65 -1 73 4 65 65 65 65 65 
65 2 65 65 2 -1 65 65 65 65 65 -1 65 73 65 65 65 65 65 65 
65 65 2 2 -1 -1 65 65 65 65 -1 73 -1 73 73 73 65 -1 65 9 
65 65 2 33 33 33 65 65 -1 -1 -1 73 73 73 9 9 65 65 9 65 
9 9 9 33 2 2 -1 65 65 -1 -1 73 -1 -1 9 9 9 65 9 9 
9 2 2 2 -1 -1 -1 65 -1 4 4 4 -1 9 -1 9 9 9 9 9 
-1 2 2 2 -1 -1 2 65 33 65 4 9 65 -1 9 9 9 9 9 33 
2 -1 2 2 2 2 2 33 -1 65 9 9 65 65 -1 9 -1 -1 -1 33 
4 -1 -1 2 2 -1 2 2 9 65 9 9 65 41 41 -1 9 33 33 5 
33 33 -1 -1 2 2 -1 2 -1 9 65 65 65 -1 41 33 33 33 33 33 
33 -1 -1 2 2 -1 2 -1 2 65 -1 33 33 -1 -1 33 33 33 33 33 
33 33 -1 2 2 2 2 2 -1 2 33 -1 33 -1 33 33 33 33 33 -1 
33 -1 2 -1 -1 2 2 -1 2 -1 33 33 6 -1 33 33 33 33 33 33 
33 2 -1 2 5 2 -1 -1 2 2 6 -1 73 6 4 6 2 2 2 33 
2 2 2 2 2 5 -1 2 2 2 65 2 2 2 65 65 2 2 2 65 
65 2 2 2 2 6 2 2 2 -1 2 65 2 65 65 65 4 4 -1 4 
6 2 -1 2 2 2 6 2 -1 65 2 -1 2 65 65 65 6 4 2 34 
1 -1 33 33 73 73 4 33 65 -1 65 8 8 8 8 8 8 -1 -1 -1 
2 2 33 33 4 33 -1 33 11 -1 11 8 8 8 -1 -1 8 8 -1 -1 
-1 33 -1 10 10 11 33 -1 11 2 11 11 11 8 8 -1 -1 33 2 2 
-1 33 33 10 11 11 11 -1 11 2 11 33 33 33 8 -1 65 2 2 33 
33 33 5 2 33 33 11 33 2 11 -1 2 -1 -1 33 65 4 2 2 2 
33 41 -1 33 -1 11 33 -1 2 2 11 -1 -1 2 33 4 2 2 2 2 
41 41 41 33 2 33 33 2 2 2 65 -1 2 33 33 33 2 5 -1 2 
33 41 -1 -1 33 33 41 -1 2 -1 -1 65 2 2 2 2 2 2 4 33 
2 2 2 33 33 33 -1 -1 2 -1 65 33 65 65 2 2 -1 2 4 -1 
-1 33 33 33 -1 33 -1 -1 -1 -1 33 65 65 65 2 65 65 -1 2 2 
-1 -1 -1 -1 -1 -1 -1 -1 1 33 33 -1 65 65 2 2 65 33 -1 2 
-1 -1 -1 -1 -1 -1 4 4 1 1 33 33 65 1 65 1 1 2 2 33 
-1 -1 -1 4 4 4 4 4 1 1 1 33 -1 -1 1 1 2 33 33 -1 
-1 -1 -1 -1 -1 8 -1 -1 1 1 1 1 65 65 1 -1 2 2 -1 33 
-1 -1 5 -1 -1 8 -1 -1 1 1 1 1 33 -1 33 33 33 33 -1 -1 
33 -1 5 -1 -1 -1 -1 -1 2 -1 1 2 33 7 7 33 33 33 33 33 
33 33 33 5 -1 4 6 -1 -1 2 1 -1 -1 -1 7 6 33 33 3 33 
-1 33 -1 4 4 6 6 -1 -1 2 2 -1 2 32 6 -1 -1 8 8 3 
33 -1 -1 4 -1 6 6 -1 2 2 2 2 -1 -1 -1 -1 -1 -1 -1 8 
-1 -1 -1 33 73 73 4 2 65 65 2 -1 -1 8 -1 -1 -1 -1 -1 33 
-1 5 1 -1 3 -1 5 -1 2 2 3 2 -1 2 2 2 -1 -1 2 -1 
2 -1 3 3 2 8 5 5 2 4 2 3 2 -1 2 2 5 2 -1 -1 
2 2 1 2 2 2 4 3 -1 3 -1 2 2 2 2 5 5 -1 -1 2 
-1 2 2 2 2 2 3 -1 3 -1 3 3 -1 5 -1 5 -1 -1 2 2 
2 33 2 -1 2 2 2 3 -1 5 5 5 -1 5 5 5 5 -1 -1 2 
-1 33 2 5 -1 33 33 33 5 -1 5 5 5 5 5 -1 5 -1 -1 -1 
2 2 -1 41 33 33 41 -1 -1 4 -1 5 -1 -1 41 41 41 41 -1 -1 
2 2 41 2 33 33 -1 5 4 5 -1 5 -1 -1 5 41 41 -1 -1 2 
-1 -1 2 1 33 33 -1 4 4 -1 -1 -1 2 41 41 5 -1 -1 -1 -1 
-1 2 -1 33 -1 4 -1 5 4 2 4 -1 -1 41 9 9 -1 -1 -1 -1 
2 -1 33 33 2 -1 4 5 5 4 2 2 33 9 2 33 9 -1 1 -1 
3 -1 33 4 2 4 -1 9 -1 2 2 4 33 2 2 -1 33 1 1 1 
-1 33 4 -1 2 -1 1 9 -1 -1 2 -1 4 2 2 33 41 41 -1 5 
4 -1 2 -1 2 2 2 1 -1 3 8 4 -1 -1 -1 -1 33 41 -1 -1 
2 -1 -1 2 2 8 9 9 1 8 9 4 41 -1 41 41 41 -1 -1 4 
-1 -1 3 3 -1 8 9 3 9 9 -1 4 4 41 33 41 -1 2 2 2 
-1 3 3 3 8 -1 -1 8 3 9 -1 -1 -1 33 33 -1 2 -1 -1 2 
-1 3 1 3 -1 3 3 3 -1 3 3 2 2 33 2 2 2 -1 2 2 
2 3 5 5 3 9 -1 -1 2 3 3 3 2 2 2 -1 2 2 -1 2 
2 5 -1 3 -1 -1 -1 -1 2 -1 2 3 -1 2 -1 2 2 -1 2 2 
1 1 5 2 -1 4 -1 -1 -1 -1 2 -1 -1 2 -1 1 1 -1 1 -1 
-1 1 5 -1 -1 -1 -1 -1 -1 -1 -1 -1 -1 -1 1 1 1 1 1 1 
-1 4 1 4 -1 4 -1 -1 -1 1 1 -1 -1 1 1 1 1 -1 -1 -1 
4 41 1 4 -1 -1 -1 -1 -1 1 -1 1 1 -1 2 1 1 -1 -1 -1 
-1 4 41 4 41 -1 4 4 -1 9 -1 1 1 1 2 3 3 -1 3 -1 
-1 -1 4 41 41 41 -1 5 5 -1 4 1 -1 2 -1 3 3 3 3 -1 
33 1 41 41 -1 -1 41 5 5 -1 2 2 2 2 3 -1 3 33 4 -1 
1 -1 1 1 33 5 5 4 5 2 -1 2 2 3 3 3 -1 4 -1 33 
4 4 4 -1 4 33 5 5 4 4 -1 2 3 -1 -1 3 4 4 -1 -1 
4 4 4 4 4 5 -1 5 4 -1 2 2 2 -1 -1 -1 4 4 3 4 
4 5 4 4 4 -1 5 4 -1 2 -1 -1 2 2 4 -1 4 5 5 4 
-1 5 4 2 4 -1 4 5 5 2 2 -1 -1 -1 -1 5 4 5 5 5 
3 2 2 4 2 2 5 5 -1 5 -1 4 -1 -1 4 4 3 3 5 4 
4 -1 4 5 4 -1 2 5 4 5 4 -1 -1 -1 -1 -1 3 1 3 -1 
-1 3 -1 5 5 4 5 5 -1 5 4 4 6 -1 -1 -1 -1 1 3 3 
3 3 3 5 5 5 5 -1 -1 -1 4 6 -1 -1 -1 -1 1 1 3 3 
5 3 5 3 3 -1 -1 33 33 -1 33 33 -1 2 -1 1 1 -1 2 5 
3 -1 3 3 3 3 -1 33 33 33 5 -1 5 5 1 -1 -1 2 3 4 
4 -1 3 3 3 5 4 33 -1 4 -1 5 2 2 1 1 -1 -1 1 4 
-1 -1 -1 3 -1 -1 -1 4 -1 -1 2 4 4 2 1 -1 1 1 1 -1 
4 -1 4 4 4 6 -1 6 2 6 -1 -1 -1 -1 -1 2 4 40 4 4 
4 4 4 4 4 4 -1 -1 4 -1 6 -1 -1 -1 6 4 40 40 4 4 
-1 4 4 4 4 4 -1 4 -1 -1 -1 6 6 -1 4 4 4 -1 4 -1 
-1 37 4 4 4 -1 5 5 -1 5 -1 6 6 5 4 4 6 -1 4 4 
4 37 36 4 4 -1 -1 4 5 5 -1 -1 6 5 -1 -1 4 -1 -1 -1 
4 36 4 4 4 -1 4 5 -1 -1 -1 -1 1 41 5 5 -1 4 -1 -1 
-1 4 4 -1 -1 4 4 5 -1 -1 -1 6 41 1 -1 5 4 4 4 4 
-1 -1 4 -1 4 4 4 4 5 -1 9 9 6 -1 -1 5 4 45 4 4 
4 4 -1 4 -1 5 5 -1 -1 5 4 6 5 5 -1 -1 4 -1 5 4 
4 6 -1 5 -1 -1 5 5 4 4 4 -1 5 -1 -1 3 4 -1 -1 4 
4 6 -1 4 4 -1 -1 -1 4 4 4 6 -1 -1 -1 3 3 4 4 4 
-1 -1 6 5 -1 -1 -1 -1 -1 -1 4 4 4 4 3 3 3 -1 4 3 
4 4 4 4 -1 -1 -1 -1 -1 -1 -1 -1 1 1 3 3 3 3 3 4 
3 -1 4 4 -1 -1 -1 -1 -1 -1 -1 -1 4 4 3 3 3 3 -1 3 
4 -1 -1 4 -1 4 -1 -1 -1 -1 -1 -1 4 4 3 3 3 -1 3 4 
4 4 4 -1 10 10 -1 -1 2 -1 2 -1 2 4 4 3 3 -1 4 4 
5 5 10 10 10 10 4 4 2 2 -1 2 1 1 -1 8 1 4 1 1 
4 4 -1 10 -1 4 4 -1 -1 -1 2 -1 1 1 8 1 -1 4 -1 -1 
4 4 -1 10 -1 -1 -1 6 -1 2 6 -1 2 1 4 -1 -1 4 -1 4 
4 -1 4 -1 -1 6 6 6 2 6 6 6 1 1 -1 -1 4 4 4 4 
4 4 4 4 4 6 4 -1 6 6 6 5 -1 5 4 5 4 6 -1 4 
4 -1 4 4 4 6 6 6 6 6 5 6 -1 -1 5 4 5 4 -1 4 
4 4 4 6 4 6 -1 -1 6 6 5 4 4 5 -1 -1 5 -1 -1 4 
4 -1 6 6 4 6 6 -1 -1 4 6 4 4 5 5 -1 4 4 -1 4 
-1 -1 -1 6 4 6 6 5 6 4 -1 -1 5 -1 -1 5 5 -1 -1 -1 
-1 -1 -1 6 -1 6 6 4 5 5 -1 5 5 -1 -1 4 5 4 -1 -1 
-1 -1 6 -1 5 5 4 -1 -1 -1 5 5 -1 4 4 4 5 4 4 -1 
-1 -1 -1 -1 4 4 5 -1 -1 -1 4 4 4 4 4 4 4 -1 4 4 
-1 -1 -1 4 4 4 4 4 4 -1 4 4 4 -1 -1 4 -1 4 4 -1 
-1 -1 4 4 -1 4 4 4 4 4 4 4 4 4 -1 -1 4 4 4 4 
-1 -1 5 5 -1 4 -1 4 4 4 -1 -1 4 4 4 9 -1 4 4 4 
-1 -1 -1 5 -1 -1 4 4 -1 4 -1 4 -1 -1 4 4 9 9 4 -1 
5 -1 -1 -1 4 -1 4 4 -1 -1 4 4 -1 -1 4 9 4 9 4 -1 
-1 5 5 4 -1 4 -1 -1 4 -1 4 4 4 4 4 4 9 9 -1 4 
4 -1 5 4 -1 -1 4 -1 4 -1 4 4 4 4 -1 -1 -1 5 -1 5 
5 4 5 -1 4 4 4 4 4 4 4 4 4 6 -1 -1 5 -1 4 5 
4 5 -1 4 -1 4 4 -1 4 4 6 -1 6 -1 -1 -1 -1 5 9 9 
5 5 4 -1 4 4 4 4 6 6 6 6 5 5 -1 -1 9 9 9 -1 
-1 4 4 4 4 4 -1 6 6 6 6 6 5 5 -1 9 -1 6 -1 -1 
4 4 4 -1 -1 4 4 4 -1 6 6 5 6 5 5 9 5 6 9 -1 
-1 -1 -1 6 6 6 2 -1 -1 4 4 -1 4 -1 6 6 6 6 -1 -1 
-1 6 6 6 -1 -1 -1 -1 -1 4 -1 -1 -1 -1 6 6 6 6 4 -1 
6 6 6 -1 -1 -1 -1 -1 -1 -1 4 -1 -1 -1 6 6 6 -1 -1 4 
4 6 6 3 3 -1 4 -1 -1 6 4 4 4 4 6 -1 6 4 6 6 
6 4 -1 3 3 -1 4 -1 -1 4 2 2 4 4 4 6 -1 4 -1 6 
4 4 3 3 3 -1 4 4 6 4 4 4 4 4 4 -1 -1 -1 4 4 
4 4 3 3 3 -1 4 4 4 4 4 4 4 4 4 4 4 4 4 4 
4 4 3 3 3 -1 -1 4 4 4 9 -1 4 4 4 4 4 4 4 -1 
4 4 4 4 4 3 -1 4 -1 -1 4 -1 6 -1 4 4 -1 -1 4 4 
4 -1 -1 4 3 -1 3 4 4 -1 6 6 4 4 -1 4 4 4 4 4 
4 -1 4 4 4 -1 -1 4 4 4 6 5 -1 -1 -1 -1 4 4 4 4 
-1 4 4 -1 -1 4 4 4 5 5 -1 -1 4 -1 2 4 4 -1 4 4 
4 -1 -1 -1 4 4 4 -1 5 5 -1 -1 2 2 4 -1 -1 4 4 4 
4 4 -1 6 -1 4 -1 4 5 -1 -1 2 4 -1 -1 4 -1 -1 4 4 
-1 -1 -1 -1 6 -1 4 4 4 4 5 4 4 4 -1 -1 -1 -1 4 4 
3 -1 4 4 4 -1 6 6 4 4 5 4 4 4 -1 6 -1 -1 4 3 
3 -1 4 6 6 -1 6 4 6 -1 4 4 4 -1 -1 6 6 6 6 6 
6 6 -1 -1 6 6 6 6 6 4 -1 4 4 -1 -1 -1 6 6 6 6 
-1 -1 6 6 6 6 -1 6 6 4 4 -1 4 4 6 -1 6 6 -1 -1 
-1 -1 -1 6 6 6 6 6 4 4 4 4 4 4 6 6 6 2 6 -1 
10 -1 -1 6 -1 6 6 3 -1 6 6 6 -1 2 6 6 -1 -1 4 -1 
6 6 6 6 6 4 -1 -1 -1 -1 -1 -1 -1 6 6 36 36 36 -1 -1 
4 -1 2 6 4 4 -1 -1 2 2 4 6 2 2 -1 36 36 -1 -1 -1 
2 2 2 6 2 6 -1 6 2 6 2 6 2 -1 -1 -1 2 4 2 2 
-1 -1 2 2 6 2 2 2 2 2 6 -1 4 2 2 2 4 2 2 2 
-1 -1 10 -1 2 2 6 2 2 2 2 2 -1 2 2 2 2 2 2 -1 
2 2 10 2 2 2 3 2 2 2 2 2 2 2 4 -1 4 4 2 -1 
-1 3 3 -1 2 2 2 3 2 1 1 2 2 4 -1 4 4 4 -1 2 
3 3 -1 2 -1 -1 2 -1 1 1 3 -1 4 4 -1 -1 4 -1 -1 -1 
2 3 2 2 2 2 2 1 1 2 3 4 4 4 4 4 4 6 3 3 
3 2 2 3 -1 -1 -1 2 2 2 -1 5 -1 6 3 3 6 -1 3 3 
3 3 3 3 2 3 2 3 2 3 6 4 3 3 3 3 3 -1 3 3 
3 3 3 3 2 3 3 -1 -1 -1 3 4 3 6 6 -1 3 3 3 3 
3 -1 3 3 3 3 3 -1 3 3 6 3 6 3 6 6 -1 3 3 6 
3 3 3 3 3 3 3 3 3 3 3 3 -1 3 3 3 6 6 3 3 
-1 3 -1 3 6 3 4 3 3 4 3 6 3 6 3 6 -1 6 3 4 
3 3 4 3 3 3 3 4 -1 4 6 6 6 6 6 -1 6 6 4 3 
3 -1 4 6 3 -1 3 3 -1 6 6 6 6 -1 -1 4 4 6 6 6 
6 4 -1 4 6 -1 -1 -1 3 6 6 6 6 6 -1 6 6 6 6 -1 
10 4 6 6 3 6 6 6 3 6 6 6 6 6 6 6 6 36 36 4 
-1 -1 4 4 38 4 6 -1 6 4 -1 4 4 4 6 6 6 3 2 4 
-1 4 6 6 4 4 4 -1 4 6 4 4 4 -1 6 6 6 2 4 4 
-1 6 6 6 6 2 6 6 -1 -1 6 -1 4 6 6 -1 2 6 4 6 
6 -1 4 6 5 6 -1 6 4 4 -1 6 4 6 -1 -1 -1 4 6 6 
6 4 4 5 6 6 6 6 6 6 -1 -1 6 6 6 6 6 4 4 6 
6 6 6 4 6 6 -1 32 4 34 34 32 4 4 2 2 6 4 6 4 
2 6 4 4 4 -1 6 6 32 34 34 34 34 6 6 2 6 6 4 1 
6 -1 36 -1 4 6 -1 32 -1 32 32 6 36 36 -1 -1 2 36 -1 6 
6 36 36 36 6 6 6 32 -1 -1 32 6 6 6 -1 -1 38 38 6 6 
36 36 36 6 6 6 4 32 32 6 32 6 4 6 6 38 38 36 -1 6 
4 36 36 38 -1 6 6 6 32 32 6 6 6 4 6 6 38 -1 6 -1 
6 -1 36 36 6 -1 32 32 6 4 4 6 6 4 38 38 38 -1 6 -1 
-1 6 3 3 -1 -1 -1 6 -1 4 4 6 6 38 4 6 6 6 -1 6 
36 -1 3 6 6 6 -1 -1 6 6 6 -1 -1 4 4 6 6 6 6 -1 
4 36 36 -1 36 36 36 6 6 6 4 -1 -1 -1 3 3 6 6 3 4 
4 36 36 -1 36 -1 36 6 -1 -1 36 4 4 -1 3 4 4 3 3 4 
-1 36 36 -1 -1 36 36 -1 -1 36 4 -1 4 4 -1 4 4 3 4 4 
36 38 36 36 -1 36 36 -1 -1 4 6 4 6 4 4 4 4 4 4 -1 
-1 36 38 36 -1 -1 -1 -1 -1 -1 4 6 4 -1 -1 4 4 4 4 6 
-1 -1 36 38 36 4 4 -1 -1 -1 -1 6 4 4 6 -1 4 2 4 3 
6 6 -1 4 6 6 7 40 2 6 40 6 -1 -1 6 6 4 -1 5 3 
3 6 6 6 5 6 6 6 40 -1 -1 6 -1 -1 -1 6 6 5 3 3 
-1 -1 4 6 6 6 6 6 6 -1 40 -1 2 2 -1 4 -1 6 4 5 
5 4 2 6 6 -1 6 6 6 6 33 2 2 2 2 2 2 -1 4 4 
4 4 2 4 4 -1 6 6 6 33 2 -1 2 2 2 2 2 -1 4 5 
4 4 4 4 4 6 6 6 6 -1 2 2 -1 2 34 2 -1 41 5 5 
4 6 4 6 6 6 -1 3 6 3 3 3 2 5 5 6 -1 -1 41 4 
5 33 6 6 6 6 4 6 3 3 3 3 2 -1 5 -1 6 6 4 5 
4 5 33 6 6 4 -1 3 3 3 3 3 -1 5 6 6 6 6 5 4 
6 1 6 6 -1 -1 4 4 -1 -1 -1 -1 -1 6 -1 6 6 6 6 4 
4 6 6 4 4 6 6 4 -1 32 -1 -1 -1 -1 6 6 -1 6 -1 4 
-1 6 6 4 6 6 6 4 4 -1 32 -1 36 -1 6 40 -1 -1 -1 6 
2 6 2 -1 -1 6 6 -1 -1 40 40 40 -1 6 6 6 40 40 6 6 
2 -1 2 3 7 4 4 4 40 40 40 -1 6 6 6 41 6 6 40 6 
2 4 4 6 7 7 6 40 40 40 40 40 6 6 6 6 6 4 -1 -1 
-1 -1 4 6 3 3 -1 6 -1 40 40 40 1 7 6 6 6 6 6 -1 
-1 6 6 -1 42 -1 6 -1 -1 40 40 1 6 7 40 41 6 6 6 6 
6 6 7 7 -1 -1 -1 6 -1 -1 40 32 6 2 -1 40 41 6 6 6 
-1 6 6 7 7 7 7 6 40 40 2 40 2 -1 40 6 5 6 6 6 
-1 6 6 6 7 7 6 7 40 2 40 40 6 2 4 6 4 5 4 6 
33 33 33 2 33 -1 -1 2 4 2 4 4 4 4 4 -1 3 3 32 33 
33 -1 2 33 2 -1 2 6 -1 -1 4 1 4 -1 7 1 3 3 -1 33 
33 33 33 2 2 2 -1 4 6 1 -1 4 4 -1 1 7 7 5 -1 33 
4 6 -1 2 2 2 4 6 -1 1 1 1 4 -1 1 7 7 -1 5 4 
4 6 -1 2 -1 2 2 2 1 -1 1 -1 -1 -1 -1 5 -1 2 5 -1 
6 6 -1 -1 2 2 2 2 -1 1 1 -1 42 -1 2 2 2 2 2 2 
-1 -1 6 5 -1 -1 6 6 1 1 -1 -1 1 2 -1 -1 2 -1 -1 -1 
-1 -1 5 6 -1 6 -1 6 -1 -1 2 1 2 2 5 2 -1 -1 -1 -1 
-1 4 6 -1 8 8 6 2 -1 2 2 1 1 2 4 41 41 9 -1 -1 
9 4 6 6 -1 6 2 2 2 2 1 1 2 2 5 -1 41 -1 9 9 
9 7 6 -1 5 2 6 4 2 -1 2 1 2 2 2 41 41 -1 9 41 
-1 6 6 7 7 -1 2 -1 2 -1 -1 5 -1 2 6 41 41 41 41 -1 
9 6 -1 6 7 -1 2 -1 2 -1 -1 2 6 2 -1 2 41 33 -1 -1 
7 9 4 6 7 4 4 2 2 4 4 -1 6 -1 -1 2 2 -1 33 -1 
7 4 5 -1 -1 2 2 2 4 2 4 6 -1 2 2 -1 32 -1 -1 4 
5 32 5 -1 -1 -1 4 4 4 4 4 6 -1 32 32 32 -1 32 -1 5 
32 -1 2 5 -1 -1 -1 4 4 6 -1 4 -1 -1 -1 3 32 32 -1 -1 
-1 2 -1 -1 33 -1 -1 33 4 6 4 4 4 4 -1 3 32 -1 -1 32 
-1 -1 1 -1 33 33 33 33 4 4 -1 6 -1 -1 -1 33 3 3 3 2 
33 -1 33 1 33 33 -1 33 33 4 -1 -1 -1 33 33 4 3 3 32 6 
4 -1 42 42 -1 2 2 2 2 2 -1 2 2 2 -1 4 -1 -1 4 -1 
4 -1 42 42 42 42 42 -1 1 1 1 1 2 2 -1 -1 -1 4 4 4 
-1 42 42 42 42 42 42 -1 1 1 1 -1 -1 1 -1 1 4 4 4 4 
-1 42 42 -1 42 42 -1 -1 -1 1 -1 -1 2 1 1 4 4 4 4 -1 
-1 42 42 -1 42 42 42 -1 1 -1 -1 -1 2 1 1 4 1 4 -1 -1 
1 1 42 42 -1 42 42 4 -1 -1 4 -1 1 1 -1 -1 -1 -1 -1 -1 
4 1 4 6 6 42 -1 -1 -1 -1 8 8 -1 -1 -1 -1 1 1 1 1 
1 4 6 4 6 6 -1 -1 -1 -1 8 -1 -1 -1 -1 1 -1 1 1 -1 
4 4 -1 4 6 6 2 3 4 1 -1 -1 4 -1 -1 -1 -1 -1 1 1 
4 4 32 32 6 -1 -1 4 4 4 -1 -1 -1 6 6 6 -1 -1 9 -1 
4 4 4 -1 -1 -1 2 4 4 4 2 6 -1 6 4 -1 6 -1 4 9 
9 9 4 -1 2 2 2 1 2 4 2 6 -1 -1 4 6 6 4 4 6 
-1 9 9 -1 -1 2 -1 -1 2 2 -1 6 4 -1 -1 6 6 4 6 -1 
4 -1 -1 -1 4 2 2 2 2 -1 6 4 -1 6 -1 6 -1 6 6 4 
-1 -1 -1 -1 4 2 -1 -1 -1 -1 6 6 6 4 6 6 2 6 4 4 
4 4 -1 4 4 4 2 -1 2 6 6 4 6 4 2 2 -1 6 4 -1 
4 4 4 4 -1 2 2 2 2 2 2 4 2 6 -1 2 2 -1 4 4 
4 4 4 -1 -1 2 2 2 2 2 2 2 -1 -1 -1 1 -1 1 -1 4 
4 -1 4 4 -1 2 2 2 -1 -1 2 -1 -1 -1 1 1 4 4 4 4 
4 4 4 4 2 2 2 2 2 -1 -1 1 2 -1 -1 4 4 -1 -1 4 
2 2 -1 2 2 4 2 2 -1 3 3 3 2 2 2 -1 4 4 4 4 
2 2 2 6 2 2 1 1 -1 1 5 3 3 3 3 -1 4 4 4 4 
2 2 -1 6 2 -1 1 -1 -1 -1 5 -1 -1 -1 -1 -1 4 -1 -1 -1 
2 2 2 6 6 3 -1 1 -1 5 -1 -1 -1 -1 -1 4 -1 4 -1 2 
2 2 2 6 6 6 6 1 1 -1 5 -1 -1 -1 -1 -1 -1 6 6 2 
-1 2 2 -1 -1 6 4 4 -1 5 -1 -1 -1 -1 1 -1 -1 6 4 4 
-1 -1 -1 -1 -1 6 -1 4 -1 4 1 -1 -1 1 1 1 4 4 -1 -1 
-1 6 6 6 6 -1 6 -1 -1 1 4 1 1 -1 1 -1 10 -1 -1 -1 
4 -1 4 6 -1 6 -1 -1 1 1 -1 4 -1 -1 10 10 -1 -1 -1 4 
4 4 4 -1 6 -1 -1 -1 -1 1 -1 4 4 4 -1 10 -1 4 4 4 
-1 10 10 10 -1 10 10 -1 -1 -1 4 4 4 4 -1 -1 4 -1 4 6 
6 -1 10 10 10 10 -1 -1 -1 4 4 4 4 34 4 4 4 4 -1 4 
4 10 3 1 10 3 5 5 5 5 4 -1 4 4 4 4 4 4 6 6 
6 3 34 6 3 -1 -1 5 5 3 4 -1 -1 4 -1 -1 -1 -1 -1 6 
34 34 34 6 6 6 3 5 -1 3 4 -1 4 4 4 -1 -1 -1 6 1 
2 34 34 -1 3 6 3 5 -1 4 -1 4 4 4 4 4 -1 6 -1 1 
2 -1 -1 6 -1 3 3 -1 3 -1 -1 2 2 -1 3 -1 -1 -1 -1 -1 
-1 -1 -1 6 6 6 6 1 -1 3 -1 -1 2 3 -1 4 -1 -1 -1 -1 
-1 -1 -1 2 6 -1 6 -1 34 1 1 2 -1 2 3 2 -1 -1 -1 -1 
4 -1 -1 2 2 4 1 -1 34 3 -1 3 2 2 2 -1 -1 -1 4 4 
-1 6 6 8 5 -1 5 6 6 6 -1 2 42 -1 10 5 35 5 5 34 
34 -1 6 6 -1 5 -1 6 2 2 2 2 2 -1 10 7 7 34 5 -1 
5 34 -1 6 5 -1 5 5 2 2 2 2 2 -1 35 5 -1 34 34 34 
1 1 1 5 -1 -1 5 2 2 2 2 -1 2 2 2 35 34 2 35 1 
1 -1 2 -1 2 5 2 2 2 -1 2 2 -1 -1 2 35 6 35 -1 1 
1 5 38 2 -1 5 5 2 2 -1 2 -1 2 6 2 6 2 35 2 35 
-1 3 38 -1 38 -1 2 2 2 2 -1 9 2 2 6 2 -1 2 2 35 
35 3 -1 2 38 38 -1 4 4 4 2 9 -1 2 6 -1 -1 6 2 34 
3 3 3 38 2 -1 2 -1 6 -1 2 -1 9 -1 5 -1 -1 -1 34 35 
-1 -1 35 3 2 37 -1 38 2 2 2 9 -1 -1 5 -1 -1 34 34 35 
-1 2 2 2 2 2 37 -1 38 2 -1 -1 -1 -1 -1 -1 -1 -1 35 -1 
2 2 2 -1 2 2 38 38 4 5 4 -1 -1 -1 -1 -1 -1 2 -1 2 
2 2 2 3 -1 38 2 38 4 5 -1 5 5 -1 4 -1 4 4 -1 2 
2 2 38 2 38 38 38 5 5 5 -1 -1 4 5 4 4 2 -1 2 2 
2 2 2 38 38 42 6 6 4 5 -1 5 4 5 2 5 2 -1 -1 2 
-1 2 2 -1 42 6 42 -1 5 10 -1 5 6 4 5 -1 -1 -1 2 2 
2 -1 6 -1 -1 42 42 42 10 10 10 6 -1 4 5 10 10 -1 -1 -1 
2 2 6 -1 -1 42 6 6 -1 -1 2 10 4 4 4 34 2 35 2 2 
2 6 2 2 2 2 6 6 6 2 6 2 -1 -1 34 34 34 35 35 34 
2 2 8 -1 2 5 5 -1 6 -1 -1 2 2 42 -1 35 -1 34 34 34 
5 5 4 5 4 4 4 -1 34 9 34 34 3 3 3 3 6 6 -1 -1 
-1 5 5 4 5 34 7 34 34 34 34 34 34 3 -1 3 -1 34 2 -1 
-1 2 4 4 2 5 34 6 -1 34 34 34 35 34 5 3 5 5 6 -1 
3 2 2 4 4 7 6 7 -1 34 -1 -1 -1 35 3 3 3 5 3 3 
3 5 2 -1 5 5 5 4 -1 35 34 2 5 5 -1 34 34 5 -1 3 
5 3 5 5 -1 4 4 2 34 34 10 2 2 35 35 33 33 33 34 4 
5 -1 34 5 4 -1 2 6 2 34 10 35 2 2 -1 1 -1 33 -1 4 
4 -1 34 4 4 2 2 2 10 11 10 2 34 5 5 5 1 5 5 -1 
5 4 -1 5 4 4 10 2 -1 -1 10 34 5 5 35 5 5 5 5 5 
4 5 4 5 4 4 -1 10 10 10 10 35 34 5 -1 35 1 5 5 4 
4 -1 5 4 4 4 7 6 10 -1 3 5 5 5 5 5 5 5 -1 -1 
5 5 5 5 4 7 6 7 6 -1 3 -1 5 5 5 -1 5 -1 5 -1 
5 5 5 4 5 5 7 6 6 -1 5 5 5 5 2 1 33 33 33 33 
-1 4 5 5 5 2 7 7 6 2 2 2 -1 2 2 -1 -1 33 -1 -1 
-1 -1 -1 -1 5 2 7 6 3 3 3 3 3 2 2 2 -1 5 5 5 
5 5 5 5 5 5 -1 3 -1 3 3 2 2 2 -1 2 5 5 -1 5 
5 5 5 5 -1 5 2 -1 3 3 3 -1 2 2 6 6 3 -1 3 5 
5 5 5 5 5 4 2 -1 3 4 -1 5 -1 3 3 6 3 3 5 5 
5 -1 4 5 -1 4 -1 -1 3 5 5 3 34 3 3 3 3 6 6 5 
-1 -1 4 4 4 -1 34 5 5 5 9 34 -1 3 3 3 6 6 3 5 
-1 34 5 5 5 -1 5 5 5 5 6 -1 6 6 3 3 -1 3 3 3 
-1 -1 4 6 -1 5 5 5 5 5 5 6 6 -1 3 -1 3 3 -1 -1 
-1 4 5 5 5 5 5 5 5 5 5 -1 2 -1 2 -1 -1 3 -1 -1 
4 5 5 -1 5 5 5 5 4 5 5 7 2 2 2 2 -1 7 7 -1 
4 7 5 4 4 5 5 4 -1 5 5 2 2 -1 2 -1 7 -1 7 4 
-1 7 7 4 4 4 4 4 5 2 2 -1 2 2 2 7 7 6 7 5 
-1 7 7 4 -1 4 4 6 5 2 6 6 2 2 6 7 7 7 7 5 
-1 2 4 4 4 4 4 4 6 6 6 2 2 2 6 7 7 7 -1 5 
-1 2 -1 -1 4 -1 4 5 5 6 2 6 2 2 41 41 7 -1 44 44 
6 -1 4 4 4 4 4 5 2 2 3 2 2 -1 40 40 -1 -1 -1 5 
4 4 -1 4 -1 2 4 4 5 -1 3 6 -1 2 -1 5 5 5 5 4 
-1 4 4 -1 2 4 4 4 5 5 5 3 2 -1 -1 -1 5 5 5 5 
5 4 -1 -1 4 6 4 -1 -1 5 -1 -1 -1 -1 -1 -1 5 41 -1 6 
6 6 4 4 4 -1 5 5 5 5 5 -1 -1 -1 -1 -1 -1 6 5 6 
6 6 6 4 4 5 5 5 -1 3 -1 3 3 -1 -1 3 6 5 -1 6 
4 4 10 4 4 5 7 -1 -1 6 6 6 3 -1 6 6 6 5 6 6 
4 4 4 4 5 -1 -1 -1 6 6 -1 3 6 6 6 3 6 6 6 4 
-1 6 4 5 5 -1 5 6 6 6 -1 5 1 -1 6 -1 6 6 6 -1 
6 41 4 5 5 5 2 5 6 5 5 -1 -1 -1 -1 -1 -1 6 -1 6 
2 4 34 5 5 5 5 2 5 5 5 -1 -1 -1 3 -1 -1 -1 2 6 
6 6 6 -1 6 6 9 -1 6 6 6 6 6 41 -1 6 -1 -1 6 -1 
6 6 -1 6 6 6 -1 9 6 6 -1 6 -1 -1 2 6 -1 7 7 6 
6 6 -1 4 6 -1 9 6 -1 -1 -1 -1 6 6 2 -1 7 4 -1 7 
6 6 6 6 4 -1 9 9 -1 9 -1 6 -1 4 6 6 4 6 4 7 
6 6 6 6 4 4 9 9 9 9 -1 -1 6 6 -1 6 7 6 6 2 
6 6 -1 6 6 4 40 9 9 -1 -1 44 -1 -1 -1 6 -1 4 4 2 
6 -1 6 6 6 6 40 41 -1 41 41 44 44 -1 6 44 -1 4 4 -1 
-1 -1 6 6 -1 6 6 40 41 41 1 44 -1 44 -1 36 44 6 -1 -1 
-1 6 6 -1 6 6 4 41 40 41 -1 6 44 44 -1 36 -1 4 6 6 
6 6 6 6 -1 4 -1 41 41 40 41 44 44 -1 -1 -1 -1 4 4 4 
6 -1 -1 -1 4 2 2 2 -1 41 -1 -1 2 44 2 44 -1 -1 6 44 
44 44 6 6 -1 2 2 -1 -1 -1 -1 4 2 2 44 -1 6 6 44 -1 
-1 -1 6 2 -1 2 2 -1 -1 -1 4 44 -1 2 44 44 -1 44 44 44 
-1 2 2 2 2 4 4 4 -1 -1 6 6 -1 41 44 -1 44 44 -1 44 
6 2 2 2 4 7 4 3 3 -1 6 6 -1 41 44 44 44 44 44 -1 
-1 -1 4 4 4 6 7 7 -1 -1 1 -1 5 6 -1 6 -1 44 44 -1 
-1 -1 -1 4 7 -1 7 -1 -1 1 1 -1 -1 5 6 6 -1 6 6 6 
6 6 7 -1 4 7 6 7 -1 -1 -1 6 6 6 -1 -1 -1 -1 6 6 
7 6 6 -1 -1 -1 7 -1 -1 6 6 6 41 -1 6 41 6 6 6 6 
7 -1 7 -1 -1 6 6 6 6 6 6 -1 41 41 41 6 6 6 6 6 
6 6 4 4 4 4 4 1 1 -1 4 4 1 6 2 3 4 -1 4 4 
4 -1 4 4 4 1 4 1 -1 -1 -1 1 -1 4 2 2 -1 4 4 4 
4 4 4 4 1 -1 41 41 -1 -1 4 -1 3 3 4 4 -1 4 4 41 
41 40 -1 4 -1 1 1 41 -1 4 4 4 -1 6 6 6 6 4 41 -1 
-1 -1 4 4 4 3 41 7 -1 -1 4 4 6 2 6 6 -1 -1 41 -1 
-1 -1 -1 4 3 3 3 41 -1 5 -1 4 6 6 3 3 3 3 -1 40 
40 41 40 1 -1 3 3 41 5 5 -1 -1 6 6 6 3 3 4 2 40 
41 40 41 -1 6 3 -1 -1 5 5 -1 6 6 6 6 4 4 2 -1 -1 
40 41 -1 -1 3 41 -1 5 5 -1 -1 -1 6 -1 -1 -1 4 -1 2 41 
41 -1 6 6 6 -1 -1 5 -1 2 -1 2 2 6 -1 -1 -1 6 -1 41 
-1 41 6 6 6 -1 -1 -1 -1 2 -1 2 6 6 6 6 -1 -1 7 -1 
-1 41 7 6 6 4 6 1 2 -1 -1 -1 2 2 6 -1 -1 6 6 7 
7 6 6 6 -1 4 -1 1 1 1 2 2 2 6 2 6 -1 -1 6 6 
6 -1 6 -1 4 -1 -1 1 1 1 -1 2 2 6 6 2 6 6 6 6 
4 6 -1 6 6 6 1 1 1 1 1 2 1 1 1 6 2 -1 -1 6 
4 -1 6 6 -1 -1 1 -1 5 1 -1 1 1 2 1 4 4 6 6 6 
4 6 -1 4 -1 1 -1 5 -1 -1 1 2 1 2 2 1 -1 -1 4 4 
4 4 4 4 2 -1 4 5 6 -1 1 1 1 2 2 2 4 4 4 4 
-1 4 4 4 -1 4 -1 1 5 1 4 1 4 2 -1 2 2 2 -1 4 
6 -1 -1 -1 4 4 4 4 1 1 4 4 4 6 6 2 4 -1 -1 4 
3 3 3 -1 -1 -1 -1 -1 -1 3 3 3 4 4 6 4 4 4 4 3 
3 -1 -1 2 2 -1 -1 -1 -1 -1 3 3 -1 4 -1 4 -1 4 4 -1 
4 -1 -1 -1 -1 2 -1 3 3 -1 3 3 -1 -1 4 -1 3 3 -1 4 
-1 -1 -1 -1 -1 -1 4 3 3 3 3 3 -1 4 4 -1 4 3 4 4 
4 -1 -1 -1 4 4 4 -1 3 3 3 -1 -1 -1 3 4 -1 3 -1 4 
-1 -1 -1 -1 4 4 4 -1 -1 3 3 4 -1 3 -1 -1 -1 3 3 3 
-1 -1 -1 4 4 4 4 -1 -1 -1 4 -1 4 -1 3 3 3 7 3 3 
-1 -1 -1 -1 -1 -1 -1 -1 -1 -1 4 -1 6 -1 3 7 7 -1 3 3 
3 3 3 -1 3 3 -1 -1 -1 4 4 -1 4 6 6 6 -1 -1 3 3 
3 -1 -1 3 3 3 3 -1 4 4 4 4 -1 8 6 6 -1 -1 3 3 
-1 -1 3 3 -1 3 3 4 4 4 1 1 6 -1 6 -1 -1 -1 -1 -1 
3 3 3 3 -1 -1 -1 -1 -1 -1 1 -1 6 6 6 -1 -1 -1 3 3 
-1 -1 3 3 -1 -1 -1 3 -1 1 -1 1 1 1 1 -1 -1 -1 -1 -1 
3 3 3 -1 -1 -1 3 3 -1 -1 -1 -1 4 -1 -1 -1 -1 -1 -1 -1 
-1 -1 -1 -1 -1 -1 3 3 4 4 -1 4 4 6 -1 -1 -1 4 -1 3 
3 3 -1 -1 -1 3 3 -1 -1 -1 -1 -1 -1 6 -1 -1 -1 4 4 3 
3 3 -1 2 2 -1 3 -1 -1 -1 -1 4 4 6 6 -1 -1 3 3 -1 
3 3 3 -1 2 2 -1 -1 -1 -1 -1 4 6 4 6 4 -1 -1 2 -1 
-1 3 3 -1 -1 -1 2 -1 3 -1 -1 -1 5 4 4 4 -1 -1 -1 3 
-1 3 -1 6 -1 2 -1 -1 3 3 -1 -1 4 4 -1 6 -1 -1 4 -1 
-1 3 3 3 3 -1 1 1 4 1 4 -1 3 3 3 3 3 -1 -1 3 
3 4 3 3 3 1 1 -1 1 1 3 -1 3 3 3 3 3 -1 -1 3 
-1 3 3 3 3 1 1 -1 1 1 -1 3 4 -1 3 -1 -1 -1 3 3 
-1 3 3 3 3 1 3 3 -1 4 6 4 -1 4 -1 3 3 -1 3 3 
-1 -1 3 3 3 -1 3 7 -1 4 4 -1 -1 5 -1 3 3 3 -1 -1 
-1 3 3 -1 8 -1 -1 -1 4 -1 -1 -1 -1 -1 5 -1 -1 -1 -1 -1 
4 4 3 -1 -1 -1 -1 5 -1 -1 -1 -1 -1 -1 -1 -1 -1 -1 -1 -1 
4 3 -1 3 -1 5 7 5 -1 -1 -1 5 5 -1 -1 5 5 -1 -1 4 
4 4 3 -1 -1 5 -1 -1 5 13 7 5 7 7 -1 5 4 4 4 -1 
3 4 4 6 6 6 6 5 7 7 7 -1 -1 7 -1 -1 4 -1 4 1 
6 3 4 -1 6 6 -1 7 5 7 3 -1 -1 6 6 -1 -1 4 1 -1 
4 6 -1 -1 6 -1 -1 -1 3 7 -1 -1 -1 6 6 -1 4 4 1 -1 
4 -1 -1 -1 4 -1 -1 3 3 3 3 2 2 6 3 6 4 4 1 4 
-1 4 3 3 4 4 3 3 3 6 -1 2 2 4 4 4 4 4 4 -1 
3 -1 4 -1 3 3 4 -1 -1 6 6 -1 4 4 4 4 4 4 -1 -1 
4 3 -1 -1 -1 -1 3 -1 6 -1 6 4 4 4 4 4 4 4 -1 -1 
4 3 3 3 -1 -1 3 6 -1 -1 4 4 6 -1 4 -1 3 4 -1 4 
4 3 3 3 3 -1 -1 -1 -1 4 -1 4 4 6 4 3 3 4 4 4 
4 3 3 3 2 1 1 -1 -1 -1 -1 -1 4 4 3 3 -1 3 2 4 
4 3 3 3 -1 1 1 1 4 4 4 -1 -1 3 3 3 3 2 3 3 
3 3 1 1 1 -1 -1 -1 -1 8 3 -1 -1 -1 -1 -1 3 3 -1 3 
-1 -1 -1 1 -1 -1 -1 -1 8 3 3 -1 -1 -1 -1 -1 -1 -1 -1 -1 
-1 -1 -1 3 3 8 8 8 4 -1 -1 -1 -1 -1 -1 3 -1 3 3 -1 
3 -1 -1 3 -1 -1 8 4 -1 4 5 5 -1 -1 -1 3 3 3 3 -1 
3 -1 3 -1 3 -1 -1 4 4 5 4 -1 1 -1 -1 3 3 -1 5 -1 
3 -1 3 3 3 4 4 4 4 4 4 1 8 -1 -1 -1 3 3 1 1 
3 3 -1 -1 3 2 -1 4 4 4 -1 8 8 -1 3 -1 3 3 1 3 
3 -1 6 2 2 2 -1 4 -1 -1 8 -1 -1 5 5 3 3 -1 -1 3 
3 6 -1 2 2 2 4 4 3 3 -1 -1 -1 3 3 3 -1 -1 -1 4 
4 4 -1 -1 -1 -1 3 -1 4 3 3 3 -1 3 3 -1 -1 -1 3 4 
4 -1 4 -1 -1 -1 3 -1 3 4 -1 3 3 3 -1 -1 -1 -1 4 -1 
-1 4 -1 3 3 -1 3 -1 3 -1 4 8 8 3 -1 3 -1 -1 -1 4 
-1 3 3 3 -1 3 4 4 4 3 4 8 8 -1 3 3 -1 -1 -1 3 
3 -1 3 3 5 3 4 4 4 -1 -1 8 3 -1 3 6 3 3 3 -1 
3 3 3 3 3 -1 4 4 4 -1 -1 3 3 3 3 3 6 6 -1 -1 
3 3 3 3 7 3 4 2 -1 3 3 3 3 3 -1 6 3 3 -1 3 
-1 3 1 7 7 3 -1 -1 4 3 3 3 3 -1 6 3 3 -1 -1 -1 
3 3 3 7 8 8 8 -1 4 3 3 6 6 6 -1 -1 -1 -1 -1 -1 
-1 -1 -1 1 8 8 -1 3 3 -1 3 3 3 3 -1 -1 -1 -1 -1 -1 
-1 -1 1 1 -1 8 -1 -1 -1 3 -1 -1 -1 -1 -1 -1 -1 -1 3 -1 
3 3 9 3 -1 8 -1 8 9 -1 9 9 9 9 -1 -1 3 1 3 3 
2 -1 6 9 -1 -1 8 4 1 1 2 2 2 -1 9 -1 32 3 3 2 
-1 6 8 4 -1 -1 4 4 4 2 -1 -1 2 -1 -1 9 32 32 3 2 
2 -1 6 8 -1 4 4 -1 2 2 2 2 -1 9 -1 9 32 32 -1 -1 
-1 4 4 6 4 -1 6 -1 3 2 2 2 9 8 -1 8 32 -1 32 -1 
4 -1 6 -1 -1 6 6 3 -1 2 2 -1 -1 -1 8 8 -1 -1 8 6 
-1 6 -1 -1 -1 3 3 -1 3 -1 -1 -1 8 -1 8 -1 -1 -1 -1 6 
4 4 2 -1 -1 3 3 3 3 3 8 8 8 8 -1 -1 -1 -1 -1 -1 
4 4 2 2 -1 -1 -1 -1 4 8 3 4 8 8 8 -1 -1 2 2 4 
4 4 2 3 3 8 8 3 3 4 3 8 2 8 -1 -1 2 -1 3 3 
4 -1 -1 -1 -1 -1 8 8 -1 4 3 3 3 -1 -1 -1 -1 -1 3 -1 
-1 -1 -1 -1 8 8 4 8 -1 -1 3 3 5 -1 -1 4 1 -1 -1 -1 
-1 8 8 8 -1 -1 8 -1 8 -1 3 -1 -1 5 -1 -1 4 -1 -1 -1 
4 4 8 8 8 -1 8 -1 3 3 4 4 5 4 1 4 -1 -1 4 4 
3 3 8 3 8 8 -1 -1 -1 8 8 4 4 1 4 4 -1 -1 4 4 
6 6 3 8 -1 3 8 3 3 -1 3 3 4 4 4 -1 -1 -1 1 6 
-1 -1 3 3 4 3 3 -1 3 3 8 8 4 4 -1 1 -1 4 1 6 
1 -1 -1 4 -1 -1 3 -1 3 3 8 3 3 -1 1 4 4 -1 -1 -1 
-1 -1 4 -1 -1 -1 8 3 3 -1 3 3 -1 4 -1 1 -1 3 3 3 
3 -1 -1 4 -1 8 8 3 3 3 -1 -1 9 4 -1 -1 3 3 3 -1 
4 4 4 -1 9 9 2 9 9 34 6 3 3 3 34 34 35 -1 2 4 
6 -1 4 2 -1 -1 -1 6 -1 34 -1 6 6 3 34 1 34 1 1 6 
6 4 -1 2 -1 -1 6 6 2 2 3 -1 3 -1 3 -1 1 1 1 6 
-1 4 4 -1 -1 -1 6 6 2 2 -1 3 3 3 3 1 -1 1 -1 1 
-1 1 -1 9 9 8 2 36 -1 2 2 -1 2 -1 3 -1 -1 -1 -1 -1 
-1 8 9 9 9 2 -1 36 2 2 2 2 -1 -1 -1 3 8 -1 -1 -1 
8 8 -1 -1 -1 8 36 38 -1 2 2 2 6 -1 -1 8 8 8 8 8 
4 8 3 -1 3 8 9 38 -1 4 -1 4 6 -1 -1 8 -1 8 -1 4 
4 -1 3 3 -1 -1 -1 9 9 -1 4 4 4 -1 4 -1 8 8 8 4 
32 32 3 -1 2 -1 -1 9 -1 4 6 4 4 4 -1 -1 -1 8 4 -1 
32 -1 3 2 -1 -1 2 -1 2 2 4 6 4 6 -1 -1 2 4 -1 32 
32 32 2 -1 -1 -1 2 2 -1 -1 6 -1 6 4 4 4 2 2 4 -1 
32 32 2 -1 -1 -1 6 -1 -1 6 6 6 6 4 4 6 2 2 4 -1 
2 4 2 2 -1 -1 6 6 2 6 2 6 -1 4 4 -1 2 2 2 -1 
-1 -1 2 2 2 -1 9 -1 -1 6 6 -1 4 -1 2 2 2 2 2 2 
-1 -1 6 6 -1 4 9 -1 6 -1 4 4 4 4 -1 2 2 2 -1 -1 
2 6 6 2 4 -1 4 4 4 4 -1 4 4 4 4 -1 2 2 2 2 
2 2 2 -1 2 8 4 4 -1 4 4 4 4 3 4 3 2 -1 43 -1 
-1 2 -1 -1 8 9 4 9 -1 4 3 6 -1 4 3 -1 35 43 2 8 
8 4 -1 8 9 2 2 4 9 3 6 8 6 3 -1 35 35 35 -1 2 
2 -1 4 -1 3 4 -1 3 3 2 -1 -1 8 -1 -1 4 4 -1 -1 4 
8 4 4 -1 3 3 4 4 2 4 4 -1 8 8 4 4 4 -1 -1 2 
4 4 4 -1 -1 3 4 4 4 4 4 -1 -1 8 8 4 4 4 4 4 
4 4 4 4 4 -1 4 4 4 4 4 4 2 8 8 4 4 4 4 4 
4 4 4 4 4 4 4 4 4 4 4 2 8 -1 -1 4 -1 -1 4 4 
4 4 4 4 3 3 4 -1 4 2 4 4 4 4 -1 4 4 -1 4 4 
4 4 4 3 3 -1 4 4 2 -1 4 4 4 -1 -1 -1 4 4 4 4 
4 4 4 4 4 4 -1 4 4 -1 4 4 -1 -1 -1 -1 -1 4 4 4 
4 4 -1 4 4 4 4 4 4 -1 -1 -1 -1 -1 -1 -1 -1 4 4 4 
4 4 -1 4 4 4 4 4 4 4 4 4 -1 8 -1 -1 4 -1 4 4 
4 4 -1 -1 -1 -1 4 4 4 4 4 4 4 3 -1 -1 -1 4 -1 -1 
-1 4 -1 -1 -1 4 4 4 4 4 -1 4 -1 8 3 3 -1 -1 4 -1 
4 -1 -1 4 4 4 4 -1 8 4 -1 4 8 -1 -1 -1 -1 -1 -1 4 
-1 -1 8 8 4 -1 -1 -1 8 -1 1 4 8 8 -1 -1 -1 4 4 4 
-1 8 -1 -1 4 4 -1 4 -1 -1 -1 8 4 -1 -1 -1 -1 -1 4 4 
4 4 -1 4 4 4 4 4 4 4 4 8 4 4 -1 -1 4 4 4 4 
4 4 4 4 4 4 4 4 4 4 8 -1 4 8 -1 4 -1 4 -1 4 
-1 4 4 4 1 3 -1 1 1 8 1 8 8 8 -1 -1 -1 -1 -1 -1 
-1 -1 3 -1 3 1 -1 1 2 1 1 1 1 8 -1 -1 4 -1 -1 -1 
4 2 -1 3 3 3 3 3 4 2 1 8 8 -1 -1 6 4 4 -1 -1 
4 4 4 4 4 4 4 4 -1 4 4 4 4 -1 -1 4 4 -1 4 4 
-1 4 4 4 4 4 4 4 4 4 4 4 4 4 4 4 4 -1 4 -1 
-1 -1 4 4 -1 4 4 4 4 4 -1 -1 4 -1 4 4 -1 4 -1 4 
4 4 4 4 -1 -1 2 -1 -1 -1 4 -1 4 -1 -1 4 4 -1 4 -1 
4 -1 -1 4 1 3 -1 -1 -1 4 4 4 -1 4 4 -1 -1 4 4 4 
-1 -1 4 1 3 4 -1 -1 4 3 4 4 -1 4 4 -1 -1 4 4 4 
4 4 4 3 2 2 2 3 3 3 4 3 -1 4 4 6 -1 -1 4 -1 
-1 4 1 4 4 3 -1 3 -1 3 3 3 -1 4 3 6 -1 4 4 4 
4 1 1 1 3 4 3 3 3 3 3 3 -1 -1 3 -1 6 1 -1 4 
4 1 1 1 1 -1 -1 3 3 3 3 -1 -1 -1 6 3 1 1 1 4 
1 1 1 1 1 -1 -1 1 3 3 3 -1 -1 6 4 1 3 1 1 4 
3 -1 1 3 3 3 3 3 3 -1 4 -1 -1 -1 -1 4 4 1 4 1 
-1 3 -1 1 3 3 -1 3 -1 -1 4 4 4 4 4 4 3 4 1 -1 
-1 -1 -1 -1 -1 3 -1 -1 3 2 2 4 -1 4 -1 4 3 3 4 -1 
-1 3 -1 -1 -1 -1 -1 4 4 -1 4 4 -1 4 4 4 4 3 4 2 
2 3 -1 4 4 -1 4 4 4 4 4 4 -1 4 -1 4 4 3 4 4 
4 4 4 4 4 1 4 4 4 4 4 4 4 -1 4 -1 3 4 4 3 
-1 32 4 4 4 1 1 4 4 4 -1 -1 4 -1 -1 -1 -1 4 4 4 
4 4 4 4 4 -1 4 4 4 -1 4 4 4 -1 -1 -1 4 4 4 4 
4 4 4 4 4 4 4 4 4 4 4 4 -1 -1 -1 4 -1 4 4 4 
4 4 4 4 2 2 4 4 4 -1 4 4 4 4 4 4 -1 4 -1 -1 
4 4 32 2 -1 -1 -1 4 -1 2 -1 4 -1 4 4 4 -1 4 4 4 
4 -1 4 -1 -1 1 4 -1 2 4 4 4 -1 -1 -1 -1 4 4 4 -1 
4 -1 4 4 -1 4 4 4 4 4 -1 -1 4 4 4 4 6 4 -1 -1 
4 -1 -1 4 4 4 4 4 4 4 2 4 4 4 6 6 6 -1 -1 4 
4 -1 -1 4 6 -1 -1 -1 -1 2 4 4 4 4 -1 6 -1 4 -1 4 
4 -1 4 -1 6 6 -1 -1 4 4 -1 4 -1 4 4 -1 -1 -1 4 -1 
4 4 6 6 6 4 6 -1 -1 4 4 4 4 4 -1 6 -1 -1 -1 4 
4 -1 4 4 4 4 4 -1 -1 -1 2 2 32 -1 6 32 6 -1 4 4 
4 -1 -1 1 -1 4 6 4 -1 -1 2 2 4 32 6 4 32 32 4 4 
4 -1 1 4 -1 4 4 4 6 4 4 2 2 4 4 32 32 -1 32 4 
-1 -1 -1 -1 2 -1 4 4 4 4 -1 -1 4 4 4 4 -1 4 3 4 
-1 5 5 -1 -1 2 -1 4 4 4 4 4 4 4 4 4 -1 4 -1 4 
4 5 2 5 -1 2 -1 -1 -1 -1 4 4 4 2 -1 4 -1 -1 4 4 
4 5 2 2 2 2 4 4 4 -1 4 4 2 2 -1 -1 2 -1 2 2 
2 2 2 3 2 2 4 4 4 -1 -1 4 -1 2 2 -1 2 2 -1 4 
2 2 3 2 2 -1 -1 4 4 -1 4 -1 4 -1 2 2 2 2 2 4 
4 1 3 2 3 3 4 4 4 -1 4 4 -1 4 2 2 2 2 -1 4 
4 4 1 2 2 3 4 4 4 -1 -1 4 4 4 2 2 2 4 -1 4 
4 2 2 2 4 -1 4 -1 4 4 -1 4 4 4 4 2 4 4 4 4 
4 1 4 4 4 2 4 4 4 4 32 32 32 32 32 32 4 4 4 -1 
-1 4 -1 -1 2 -1 2 4 4 4 32 32 -1 32 8 6 4 -1 -1 4 
-1 -1 -1 -1 -1 2 -1 -1 -1 4 4 4 4 4 32 4 -1 -1 -1 -1 
-1 -1 -1 -1 2 4 -1 2 -1 4 4 4 4 2 32 32 32 4 4 4 
-1 -1 2 -1 -1 4 4 2 2 2 2 4 2 32 2 32 32 -1 2 -1 
-1 3 2 -1 4 4 -1 2 2 -1 4 2 4 2 2 2 2 2 4 3 
3 -1 3 3 4 4 4 -1 -1 2 4 2 4 4 2 2 2 2 4 2 
3 3 3 4 -1 -1 4 4 2 2 2 -1 -1 -1 -1 4 2 2 4 4 
4 2 4 -1 -1 4 -1 2 -1 2 2 -1 2 2 2 32 2 2 2 2 
2 -1 3 -1 4 2 4 -1 -1 2 2 2 2 2 2 2 2 2 2 -1 
8 -1 -1 -1 -1 2 2 2 2 2 -1 4 1 -1 -1 2 2 -1 2 2 
2 -1 -1 -1 -1 2 2 4 4 2 2 1 1 -1 -1 -1 2 -1 2 2 
2 2 -1 -1 -1 2 4 4 4 1 2 1 1 4 -1 1 -1 2 2 2 
2 2 -1 -1 -1 4 -1 4 4 2 -1 1 -1 4 2 2 2 -1 2 2 
2 2 -1 -1 2 4 4 -1 1 1 1 -1 -1 -1 4 -1 2 2 -1 2 
2 -1 -1 -1 -1 -1 4 4 1 1 1 -1 -1 32 -1 -1 2 2 -1 2 
4 2 1 -1 -1 -1 4 1 -1 4 4 4 4 4 4 -1 2 -1 2 4 
4 4 -1 -1 4 -1 4 4 4 -1 4 4 4 32 32 4 -1 6 -1 -1 
1 4 4 -1 -1 4 4 4 4 -1 4 4 32 32 32 4 4 2 4 4 
1 4 4 4 4 4 4 4 4 4 4 32 32 32 32 32 4 -1 4 4 
2 2 -1 33 -1 -1 32 32 32 32 -1 -1 -1 -1 6 2 2 6 6 2 
2 2 33 -1 -1 32 32 32 -1 40 32 -1 6 6 4 2 -1 2 2 6 
-1 2 2 -1 -1 32 32 32 32 -1 40 4 4 6 4 4 2 -1 1 2 
6 2 2 6 -1 32 32 -1 -1 -1 8 8 8 6 6 6 -1 4 2 6 
6 6 6 4 4 32 4 4 -1 4 4 4 -1 6 -1 4 -1 2 2 6 
6 -1 6 7 4 4 4 4 -1 4 4 4 -1 -1 4 4 -1 6 2 6 
6 6 7 -1 4 4 4 -1 -1 4 4 -1 -1 -1 -1 -1 -1 6 6 6 
1 6 7 7 4 4 4 4 4 4 2 2 2 4 4 4 4 4 6 6 
6 6 7 4 4 4 4 -1 4 4 32 2 2 2 4 4 4 -1 6 4 
6 -1 4 4 -1 4 4 4 4 -1 32 2 2 2 -1 4 -1 -1 1 4 
-1 4 4 4 4 -1 4 4 4 32 40 2 -1 -1 2 4 4 4 4 4 
8 -1 4 4 -1 4 4 4 4 32 -1 40 32 32 2 2 4 -1 4 -1 
8 4 4 -1 4 4 4 4 4 32 -1 -1 4 -1 2 4 -1 10 2 -1 
-1 4 -1 4 6 4 32 4 -1 32 -1 4 -1 4 -1 -1 10 10 8 2 
-1 -1 8 -1 6 6 4 -1 32 32 4 32 -1 -1 4 10 2 -1 8 -1 
-1 -1 -1 6 6 6 4 4 32 32 4 32 4 4 -1 2 10 10 8 8 
8 -1 -1 2 6 6 -1 2 -1 -1 4 4 32 8 8 8 2 2 8 8 
-1 8 8 6 6 32 6 -1 4 32 32 4 -1 4 -1 8 -1 2 2 8 
2 2 2 33 33 32 4 4 32 32 32 4 4 4 -1 6 2 -1 8 2 
2 2 33 -1 33 32 4 4 -1 32 32 -1 -1 4 6 1 -1 8 -1 -1 
6 6 -1 4 2 4 -1 4 -1 4 4 -1 -1 -1 4 6 -1 32 4 -1 
-1 6 6 -1 2 6 4 -1 -1 -1 4 -1 -1 -1 4 -1 -1 -1 -1 6 
6 6 4 -1 2 6 -1 -1 -1 4 -1 4 4 -1 -1 -1 -1 -1 -1 6 
6 6 6 4 -1 -1 -1 -1 4 4 4 4 4 -1 -1 -1 6 6 6 6 
6 6 6 -1 -1 -1 -1 4 4 4 4 4 -1 -1 -1 -1 6 4 -1 6 
-1 -1 6 4 4 4 4 -1 4 -1 4 4 4 -1 4 4 -1 4 -1 6 
4 -1 -1 6 4 4 4 -1 -1 -1 -1 4 -1 6 -1 6 4 4 4 4 
4 -1 4 4 6 3 -1 4 -1 -1 -1 4 -1 -1 4 6 4 4 4 4 
4 4 4 -1 3 3 3 3 -1 -1 4 -1 4 4 4 -1 4 4 4 4 
4 4 3 3 3 6 3 4 4 4 4 4 -1 4 -1 4 4 4 4 4 
4 -1 -1 6 3 3 6 -1 -1 4 4 -1 -1 4 -1 4 4 4 4 4 
6 6 -1 6 -1 -1 -1 -1 4 4 4 -1 4 4 4 4 4 -1 4 -1 
32 32 32 32 -1 -1 1 4 4 4 4 4 4 4 4 4 4 -1 -1 -1 
32 -1 32 32 33 -1 1 1 4 4 -1 -1 4 4 4 4 4 -1 -1 32 
32 32 32 33 -1 1 4 1 -1 4 4 4 4 4 -1 4 -1 4 32 32 
32 32 -1 4 4 4 1 4 -1 -1 4 4 4 4 4 4 4 4 4 -1 
6 32 32 4 4 4 4 6 4 -1 4 4 4 4 4 4 4 4 32 32 
6 6 -1 32 4 -1 4 6 -1 -1 4 4 4 4 4 4 4 -1 -1 6 
6 6 6 -1 -1 4 4 6 -1 -1 -1 -1 -1 4 -1 -1 32 32 -1 6 
6 6 -1 4 4 4 -1 4 4 4 4 -1 -1 -1 -1 -1 6 32 32 4 
4 -1 2 2 2 6 6 5 5 -1 4 -1 2 4 4 5 -1 2 4 4 
4 -1 -1 -1 -1 5 6 5 4 -1 -1 4 2 4 4 2 2 2 2 6 
4 4 -1 4 3 5 4 4 -1 4 4 4 4 4 -1 2 2 2 2 2 
2 3 -1 2 4 3 -1 -1 4 -1 4 4 4 4 2 2 4 2 -1 2 
-1 3 3 -1 -1 -1 1 1 1 4 4 4 -1 4 2 4 -1 2 2 -1 
3 -1 -1 -1 -1 -1 1 1 1 -1 -1 -1 8 4 4 -1 4 1 1 2 
3 -1 -1 -1 -1 -1 1 1 1 -1 -1 3 3 4 4 2 4 4 1 33 
3 3 -1 -1 33 1 -1 1 4 4 4 3 4 3 3 2 2 5 33 3 
33 -1 -1 33 33 3 4 1 8 4 -1 8 3 3 3 3 2 33 4 2 
-1 33 33 -1 33 4 -1 -1 4 8 8 4 3 -1 3 2 2 -1 33 -1 
33 3 3 33 33 -1 2 4 8 8 8 -1 3 3 3 3 3 -1 -1 -1 
-1 3 3 -1 33 8 2 2 -1 3 -1 -1 -1 3 32 -1 -1 -1 -1 -1 
3 4 3 -1 8 -1 -1 2 8 8 8 -1 2 2 5 32 2 -1 -1 -1 
8 4 2 2 -1 -1 -1 -1 -1 8 -1 2 2 5 32 32 32 2 4 2 
2 8 2 2 -1 2 -1 3 4 2 2 2 2 2 32 2 2 -1 2 6 
2 10 8 3 3 2 3 2 4 2 2 2 2 2 2 2 6 2 4 6 
6 2 -1 3 3 3 -1 -1 2 -1 2 2 -1 2 4 6 2 6 4 6 
-1 6 -1 3 3 3 3 -1 2 -1 -1 2 2 4 5 6 6 4 -1 -1 
-1 -1 -1 2 -1 3 4 -1 4 4 -1 -1 4 -1 -1 5 5 6 4 -1 
6 -1 2 2 2 4 4 4 5 -1 -1 4 -1 -1 -1 5 5 2 -1 4 
-1 4 -1 4 1 4 -1 1 -1 -1 6 6 4 3 4 6 6 6 4 -1 
-1 -1 4 -1 2 2 1 -1 -1 3 6 4 3 -1 4 4 4 4 4 4 
-1 4 2 2 2 2 2 2 2 -1 3 4 3 3 3 3 -1 -1 2 -1 
4 2 2 2 2 2 2 4 2 4 4 3 4 3 3 3 -1 33 2 2 
4 2 2 2 2 2 2 4 4 2 -1 1 -1 -1 -1 3 33 33 2 4 
2 2 2 2 2 2 4 -1 -1 -1 3 3 -1 -1 3 3 3 33 -1 -1 
4 -1 2 2 2 2 -1 -1 4 -1 3 3 3 3 3 33 33 33 33 33 
4 -1 2 2 1 -1 -1 2 2 4 4 3 3 3 3 33 33 33 -1 -1 
2 4 -1 2 1 1 2 2 2 2 4 -1 2 3 33 3 -1 2 2 2 
2 2 2 -1 1 1 1 2 2 4 -1 2 -1 3 3 -1 -1 -1 2 2 
-1 2 2 -1 1 1 1 2 -1 -1 4 4 2 3 3 -1 -1 -1 2 4 
4 2 3 2 1 1 1 1 1 -1 1 1 2 6 32 32 -1 -1 -1 -1 
-1 -1 2 2 1 1 1 1 1 1 4 4 -1 6 -1 -1 32 32 4 -1 
-1 6 2 2 -1 -1 -1 -1 1 6 41 -1 -1 -1 4 4 -1 4 4 4 
6 -1 2 2 2 2 -1 4 6 -1 41 41 -1 -1 -1 -1 -1 4 4 6 
2 2 2 2 2 2 -1 4 4 1 -1 -1 1 4 -1 -1 -1 4 4 2 
2 2 2 -1 2 2 -1 6 -1 1 -1 1 4 4 4 4 4 4 4 4 
-1 2 2 1 2 -1 -1 6 1 1 3 1 1 4 4 4 4 4 4 2 
-1 2 4 -1 1 -1 -1 1 6 -1 1 3 3 -1 4 4 4 -1 -1 -1 
4 4 2 2 4 1 1 -1 -1 4 3 3 4 4 6 -1 4 4 -1 4 
4 -1 -1 9 4 4 4 2 4 2 3 -1 -1 2 2 2 4 2 -1 -1 
4 4 9 -1 4 4 2 2 4 4 -1 6 -1 -1 2 -1 -1 4 4 4 
4 9 2 2 -1 2 2 -1 4 -1 -1 6 4 -1 -1 2 -1 2 4 4 
4 4 9 2 -1 2 2 -1 4 4 4 4 -1 -1 -1 4 4 6 4 4 
-1 4 4 4 4 4 4 -1 -1 4 4 4 6 -1 -1 4 -1 -1 6 6 
4 4 4 4 4 4 4 4 -1 -1 -1 6 6 4 4 -1 -1 4 4 4 
4 4 4 4 -1 -1 -1 4 4 -1 -1 6 4 4 4 -1 4 4 4 4 
4 4 4 4 4 11 11 4 4 -1 -1 -1 -1 4 6 4 4 4 4 4 
4 4 -1 4 -1 11 11 10 10 -1 -1 4 -1 4 4 4 4 4 4 4 
4 4 6 -1 -1 4 -1 11 11 -1 -1 -1 4 4 4 -1 -1 -1 4 4 
4 4 4 4 6 4 11 11 10 10 10 4 -1 4 4 4 4 4 4 4 
4 4 4 -1 6 6 4 4 10 4 4 -1 4 -1 4 4 4 -1 -1 4 
4 4 4 4 -1 4 4 -1 -1 -1 4 -1 4 -1 4 4 4 4 4 -1 
4 -1 4 -1 4 4 4 4 4 -1 -1 -1 4 4 4 4 4 4 4 4 
-1 4 4 4 4 4 4 4 4 2 -1 4 4 4 4 4 4 4 4 4 
-1 4 4 4 -1 -1 4 -1 -1 4 2 2 -1 4 4 2 4 4 -1 -1 
-1 4 8 4 4 4 4 4 4 -1 -1 2 -1 2 4 -1 3 -1 4 4 
4 4 8 -1 4 4 4 4 4 -1 2 4 2 2 4 2 2 2 4 4 
4 -1 4 -1 4 4 4 2 -1 4 4 2 2 4 4 4 4 2 -1 4 
-1 -1 9 -1 4 4 4 2 2 4 4 2 -1 2 2 4 4 -1 -1 -1 
7 7 6 4 4 4 4 -1 4 -1 -1 -1 -1 32 32 4 2 -1 -1 4 
7 7 -1 4 4 2 4 4 2 10 -1 6 6 6 6 4 -1 3 5 -1 
4 4 4 -1 4 2 2 4 2 10 6 6 4 4 4 6 3 5 5 2 
-1 4 4 4 -1 -1 4 4 6 -1 6 6 6 6 4 6 6 3 2 -1 
7 6 7 6 4 -1 4 4 6 6 6 5 -1 6 6 6 -1 2 3 -1 
4 -1 6 6 6 4 -1 4 6 4 6 5 5 -1 -1 -1 -1 -1 -1 4 
4 4 6 6 6 6 6 6 6 4 2 -1 4 -1 4 -1 1 1 4 4 
-1 -1 6 6 10 -1 -1 2 4 -1 -1 2 4 4 4 1 6 6 4 -1 
-1 -1 6 4 10 10 10 -1 4 4 2 -1 2 4 4 4 4 4 4 4 
4 4 4 10 -1 10 10 -1 -1 2 2 2 -1 -1 -1 -1 -1 -1 -1 -1 
4 -1 4 10 10 -1 -1 11 -1 -1 2 4 2 2 -1 -1 -1 4 4 4 
-1 4 -1 -1 10 10 -1 11 11 2 -1 -1 -1 4 -1 -1 -1 4 4 4 
4 -1 4 -1 -1 10 10 2 2 2 -1 4 4 4 -1 -1 -1 -1 5 4 
4 4 4 -1 -1 2 2 2 2 2 2 -1 4 6 4 4 6 5 4 4 
-1 11 -1 -1 11 4 2 2 4 2 -1 4 4 4 6 6 5 5 6 6 
6 -1 4 -1 11 11 4 4 4 -1 -1 4 4 -1 6 -1 5 6 6 -1 
-1 -1 4 11 -1 4 4 4 4 -1 4 4 -1 -1 5 -1 6 6 -1 -1 
4 4 11 4 4 4 4 4 4 4 4 6 6 6 5 5 5 4 -1 4 
4 4 -1 4 4 4 4 -1 2 4 4 2 6 5 -1 5 4 4 4 4 
4 6 4 -1 -1 -1 4 4 4 2 2 2 -1 32 5 -1 2 4 4 4 
1 1 7 7 2 -1 -1 -1 4 4 -1 -1 4 -1 4 4 4 4 4 -1 
-1 -1 -1 -1 7 2 -1 7 7 4 4 4 4 4 4 -1 -1 4 4 -1 
-1 -1 -1 6 7 6 2 5 5 7 4 4 4 4 4 4 1 -1 1 4 
-1 4 -1 6 6 7 -1 5 -1 -1 4 4 -1 -1 4 1 1 1 -1 -1 
4 6 6 6 -1 6 4 5 -1 4 1 -1 1 1 -1 1 1 -1 -1 6 
6 3 2 -1 6 6 4 1 5 1 4 -1 -1 4 1 1 1 1 -1 -1 
-1 -1 2 2 4 4 1 4 4 4 4 4 4 4 4 4 1 1 6 4 
6 6 -1 2 4 4 4 4 -1 4 1 4 5 4 -1 4 4 4 4 6 
2 2 2 1 -1 4 4 4 -1 1 6 4 -1 5 4 -1 -1 -1 4 6 
-1 2 1 1 -1 -1 1 1 1 -1 -1 -1 -1 5 6 6 6 6 2 6 
-1 -1 1 1 1 1 1 1 -1 -1 -1 1 1 -1 6 6 4 6 2 -1 
-1 -1 4 1 -1 1 -1 -1 -1 -1 -1 -1 1 1 -1 6 6 4 4 4 
4 4 4 1 1 -1 -1 4 4 -1 -1 -1 1 1 -1 4 6 4 1 4 
4 4 4 1 1 -1 -1 4 -1 4 4 -1 -1 1 -1 6 4 4 1 4 
4 4 4 4 4 -1 4 -1 4 4 4 4 4 4 4 -1 -1 1 4 4 
4 4 4 4 4 4 -1 -1 4 4 4 -1 -1 4 4 4 4 1 1 1 
1 4 4 -1 4 4 4 4 4 4 4 4 4 4 4 4 1 -1 1 1 
4 4 4 -1 -1 4 4 4 4 -1 -1 4 4 4 4 4 4 -1 4 1 
4 4 -1 -1 4 4 -1 -1 -1 -1 4 4 4 4 4 4 4 4 4 -1 
4 4 7 7 -1 -1 -1 4 -1 -1 -1 4 -1 -1 4 4 -1 -1 -1 4 
4 4 4 -1 4 4 4 4 4 1 4 1 -1 4 -1 -1 4 4 4 -1 
4 4 4 -1 -1 -1 -1 4 4 -1 4 4 1 -1 4 -1 1 4 -1 4 
3 -1 4 4 4 -1 4 4 2 4 -1 4 4 1 4 4 1 4 4 -1 
3 3 4 4 1 4 4 4 4 2 4 4 4 -1 4 4 1 4 4 4 
3 3 1 -1 4 -1 4 4 4 -1 -1 4 -1 4 4 4 5 -1 1 1 
1 3 4 4 4 4 4 5 -1 -1 1 -1 1 1 1 -1 5 5 1 1 
4 4 4 -1 4 4 4 -1 -1 1 -1 1 1 1 1 -1 5 5 3 1 
-1 4 4 -1 4 4 1 -1 4 4 1 1 -1 -1 1 -1 3 3 4 1 
-1 4 -1 4 4 -1 6 1 -1 1 1 1 -1 -1 4 -1 3 4 4 4 
4 4 4 -1 6 6 6 -1 1 1 4 4 1 1 -1 4 -1 -1 4 4 
-1 4 4 7 -1 6 6 -1 1 -1 -1 4 1 -1 3 4 3 -1 4 4 
4 4 -1 -1 1 1 6 4 6 6 6 6 6 4 4 3 3 3 3 4 
4 6 4 4 4 6 1 6 6 2 -1 -1 -1 -1 -1 6 6 4 4 5 
5 6 1 4 -1 6 6 -1 2 6 2 -1 6 6 4 6 6 3 3 5 
5 4 4 4 4 6 6 2 6 6 -1 -1 4 4 6 6 3 3 3 4 
4 4 4 4 4 -1 6 6 2 2 2 -1 4 4 -1 5 3 4 4 4 
-1 4 4 2 4 4 6 2 6 -1 2 -1 4 -1 5 5 5 -1 5 4 
4 4 2 4 4 6 2 4 6 4 -1 -1 4 4 -1 5 -1 4 -1 5 
4 4 4 -1 -1 4 4 -1 4 6 -1 -1 -1 -1 4 -1 -1 5 5 4 
4 4 4 4 -1 4 4 4 1 4 1 -1 -1 -1 -1 4 4 4 4 4 
6 -1 4 4 4 4 -1 -1 1 4 -1 4 2 2 6 4 -1 -1 -1 4 
4 4 6 -1 4 4 4 4 1 1 -1 6 2 2 6 4 6 6 -1 4 
6 6 -1 6 4 4 -1 -1 -1 3 2 -1 -1 6 2 -1 -1 4 6 -1 
3 -1 6 4 -1 -1 4 4 4 4 1 1 6 -1 2 3 -1 -1 6 4 
6 6 4 3 -1 -1 4 4 4 4 -1 1 6 -1 4 -1 -1 -1 4 -1 
6 3 -1 4 3 -1 3 3 3 -1 -1 -1 -1 3 -1 4 -1 4 6 6 
3 -1 -1 -1 3 -1 -1 3 -1 3 -1 -1 4 2 2 3 6 6 6 6 
-1 -1 -1 6 6 6 6 -1 -1 -1 -1 4 6 6 3 4 -1 40 6 6 
4 -1 6 6 3 3 2 6 3 -1 3 3 3 6 6 -1 4 40 6 4 
3 3 3 6 6 2 -1 3 3 -1 3 -1 6 4 6 6 -1 6 6 3 
3 3 3 6 3 3 3 -1 -1 3 3 4 4 -1 2 2 6 2 3 6 
-1 -1 3 3 3 3 3 -1 3 3 -1 -1 -1 6 -1 -1 2 2 -1 3 
-1 3 3 3 4 3 3 -1 6 6 -1 6 6 6 2 2 -1 2 4 4 
4 3 3 3 -1 4 4 4 -1 6 6 2 6 6 6 2 -1 4 4 -1 
6 4 4 4 -1 4 4 4 2 6 2 2 -1 2 -1 -1 2 4 6 -1 
4 -1 4 4 6 6 6 4 2 2 -1 -1 -1 -1 2 -1 4 6 4 6 
6 4 4 6 4 -1 3 4 4 6 -1 -1 -1 6 -1 4 6 6 4 6 
6 -1 4 4 4 -1 -1 -1 -1 -1 -1 -1 6 -1 4 4 6 -1 -1 6 
6 -1 4 4 4 -1 -1 -1 -1 -1 -1 4 -1 6 4 4 4 -1 -1 -1 
-1 6 -1 4 4 4 1 1 1 4 4 4 -1 4 4 -1 -1 -1 -1 6 
4 38 -1 -1 -1 -1 -1 -1 6 6 6 2 44 6 -1 -1 6 38 4 2 
38 5 5 38 38 38 -1 3 -1 6 6 -1 -1 2 2 1 -1 2 2 -1 
4 -1 -1 38 -1 3 3 3 3 3 6 6 6 2 6 -1 1 3 4 4 
-1 -1 -1 -1 -1 -1 3 3 3 6 6 6 6 6 2 2 36 3 -1 -1 
-1 -1 -1 -1 -1 -1 -1 -1 3 6 6 2 2 2 2 36 3 36 -1 -1 
-1 -1 -1 3 -1 -1 -1 -1 6 6 6 6 6 6 6 6 36 36 -1 -1 
6 6 6 7 3 3 3 -1 3 -1 6 2 6 -1 -1 -1 3 36 4 6 
-1 -1 7 7 -1 3 3 3 6 6 6 6 2 -1 -1 36 -1 2 -1 -1 
-1 7 3 -1 6 7 -1 3 3 6 -1 2 6 -1 6 36 2 2 -1 -1 
-1 7 3 3 7 6 -1 3 3 -1 -1 3 -1 6 6 6 2 2 6 -1 
6 7 -1 7 3 -1 -1 3 -1 -1 1 3 -1 2 -1 6 2 2 -1 -1 
3 3 3 -1 6 6 -1 -1 3 1 -1 -1 3 3 2 -1 2 -1 2 -1 
6 3 4 6 2 2 6 3 -1 3 -1 6 -1 6 3 2 -1 6 -1 2 
2 4 -1 4 4 -1 3 3 3 3 -1 -1 6 6 5 5 4 -1 -1 4 
4 4 4 -1 4 -1 3 -1 -1 -1 3 6 2 2 -1 4 5 5 4 4 
4 4 4 -1 -1 4 3 6 -1 -1 3 3 3 36 -1 -1 -1 -1 4 4 
-1 38 4 -1 -1 -1 3 6 3 3 3 -1 2 -1 -1 -1 4 2 2 6 
38 38 -1 -1 -1 -1 -1 3 3 -1 -1 38 38 38 6 -1 -1 6 6 6 
38 38 -1 2 3 -1 3 3 -1 -1 6 -1 -1 2 -1 6 6 6 4 -1 
38 38 2 -1 2 3 -1 3 -1 -1 2 6 2 2 -1 6 2 6 2 2 
38 -1 -1 36 6 44 4 -1 4 36 36 36 38 -1 36 38 38 36 38 36 
36 36 36 36 6 4 4 4 -1 36 36 36 36 38 38 38 38 -1 36 36 
36 6 6 6 -1 6 4 4 36 4 4 6 38 -1 38 -1 -1 -1 36 -1 
36 6 6 4 4 4 4 -1 -1 36 2 -1 38 38 -1 38 -1 36 36 -1 
-1 -1 -1 4 -1 -1 4 -1 3 2 38 38 38 36 36 6 36 36 36 36 
-1 -1 4 8 36 -1 -1 -1 -1 6 38 38 38 36 38 36 6 -1 36 -1 
-1 -1 8 -1 8 36 36 36 36 -1 36 38 -1 36 36 38 6 36 -1 -1 
36 8 -1 -1 8 36 36 -1 -1 36 5 -1 36 36 36 -1 -1 6 -1 36 
36 36 8 -1 8 36 36 36 36 36 36 36 36 38 38 36 36 36 -1 36 
36 8 36 -1 -1 36 36 36 36 36 4 36 38 38 38 36 36 36 8 -1 
-1 -1 -1 36 36 36 36 -1 8 36 36 5 38 36 -1 36 36 -1 36 -1 
-1 36 -1 36 -1 36 -1 2 2 36 4 -1 5 36 -1 36 36 -1 4 36 
36 36 36 36 -1 36 2 36 36 4 -1 -1 -1 36 36 38 38 6 4 -1 
-1 36 36 -1 36 36 36 36 36 -1 38 36 36 36 32 32 38 4 6 36 
-1 -1 36 5 5 36 36 -1 36 36 36 -1 36 -1 38 38 38 38 4 -1 
4 -1 5 5 5 -1 36 36 -1 36 38 38 38 36 -1 38 38 38 38 -1 
-1 4 5 6 -1 -1 36 38 38 38 38 38 36 36 -1 -1 38 4 -1 4 
38 5 4 6 6 36 36 38 38 38 38 38 38 38 -1 -1 38 38 -1 -1 
-1 5 -1 44 44 36 38 -1 -1 34 38 38 38 38 -1 38 38 36 38 38 
38 -1 36 36 44 6 44 -1 34 4 -1 38 36 36 -1 38 38 38 36 38 
4 4 4 4 4 36 38 38 6 36 36 6 36 36 -1 36 36 36 38 36 
4 4 -1 4 -1 38 38 6 6 -1 36 38 6 36 -1 6 6 36 36 4 
6 36 36 4 -1 -1 -1 -1 6 6 38 38 38 36 36 38 38 36 -1 36 
36 -1 4 4 4 -1 4 4 -1 6 38 36 36 36 36 36 38 -1 4 4 
-1 -1 4 4 4 4 6 4 38 38 36 -1 38 36 36 -1 36 -1 4 5 
4 4 4 -1 38 -1 38 6 6 6 36 36 -1 36 36 36 4 -1 -1 5 
4 36 38 38 38 -1 6 4 6 6 36 6 -1 38 5 -1 4 -1 -1 36 
36 5 36 6 6 38 -1 6 34 34 6 -1 -1 4 5 5 5 5 36 36 
-1 -1 -1 6 38 -1 -1 4 4 4 34 4 4 4 -1 6 5 5 -1 36 
-1 36 -1 36 -1 -1 36 36 4 4 4 4 4 6 6 -1 -1 6 6 -1 
4 36 36 6 -1 36 -1 4 -1 -1 -1 -1 -1 4 4 4 -1 4 6 -1 
36 -1 36 6 -1 36 4 38 38 -1 -1 4 4 4 4 4 4 -1 -1 6 
6 36 6 -1 4 -1 -1 -1 38 4 4 4 4 4 4 4 4 -1 4 -1 
4 4 4 4 6 -1 -1 -1 4 4 4 -1 6 -1 4 36 4 4 -1 4 
4 2 6 6 2 -1 -1 -1 -1 4 36 -1 -1 6 4 36 36 36 36 4 
4 6 6 2 4 6 -1 36 36 36 36 36 36 -1 36 36 36 -1 36 -1 
4 -1 4 2 6 6 36 36 4 36 36 36 36 -1 -1 -1 36 36 4 4 
-1 4 4 4 2 4 4 38 36 36 36 -1 36 36 36 36 36 -1 4 4 
-1 4 4 4 -1 4 38 4 4 36 36 36 36 36 36 38 38 36 36 -1 
4 -1 4 4 36 4 4 38 4 -1 -1 36 -1 36 -1 -1 36 36 -1 36 
-1 -1 6 -1 -1 2 2 -1 -1 5 6 -1 -1 6 7 3 9 9 9 9 
-1 -1 6 -1 -1 -1 -1 36 6 6 6 6 6 6 3 7 9 -1 4 -1 
-1 -1 -1 4 -1 9 -1 -1 4 6 -1 6 6 9 9 -1 9 1 6 4 
-1 -1 -1 -1 -1 4 6 4 -1 45 -1 6 6 6 9 9 9 4 6 -1 
6 -1 -1 -1 -1 6 2 36 36 -1 -1 34 6 6 9 9 -1 4 6 6 
6 6 36 -1 4 4 6 2 36 36 34 34 34 6 6 -1 6 36 -1 6 
-1 6 36 36 6 4 38 -1 -1 -1 34 34 34 34 34 6 36 -1 36 -1 
36 6 4 36 38 38 6 38 -1 -1 34 34 36 38 34 36 6 -1 36 36 
36 36 36 4 6 6 38 6 40 9 34 34 34 38 34 36 36 36 5 36 
-1 5 -1 -1 -1 -1 -1 40 9 -1 9 9 34 34 -1 34 36 36 5 36 
4 36 36 -1 -1 -1 -1 1 1 -1 -1 9 34 34 -1 36 36 -1 7 36 
36 36 36 -1 -1 -1 -1 -1 -1 -1 -1 34 36 -1 36 -1 5 36 36 4 
36 -1 -1 6 6 6 36 -1 3 -1 -1 -1 36 36 -1 5 5 36 36 36 
36 36 -1 6 36 36 36 36 36 7 -1 36 36 36 36 5 -1 5 7 36 
36 36 -1 -1 39 38 36 36 36 -1 7 -1 -1 36 -1 36 -1 -1 7 36 
36 -1 36 3 38 38 36 36 -1 -1 7 6 -1 7 7 7 2 -1 7 -1 
7 38 -1 4 1 38 1 3 3 -1 7 -1 7 6 7 7 1 6 7 7 
4 -1 38 1 4 1 2 3 3 -1 -1 6 2 -1 7 -1 -1 7 6 4 
4 4 1 -1 4 3 2 2 -1 2 2 2 6 -1 -1 6 9 6 9 4 
4 4 6 4 -1 -1 2 2 3 2 2 2 -1 -1 6 6 6 -1 9 9 
-1 2 -1 -1 6 6 4 -1 2 3 2 7 -1 36 36 -1 36 33 33 6 
-1 -1 6 6 6 36 4 6 -1 3 -1 -1 36 6 9 36 -1 36 36 6 
-1 4 6 6 -1 6 2 -1 -1 32 32 32 32 6 32 9 -1 -1 7 3 
-1 36 6 6 6 6 2 2 -1 3 32 -1 32 -1 4 5 -1 2 2 7 
-1 -1 36 36 6 6 3 3 2 2 2 3 3 -1 -1 4 3 3 3 -1 
-1 36 36 -1 6 6 2 3 2 3 -1 3 2 -1 -1 -1 -1 -1 -1 -1 
-1 38 36 36 6 6 3 2 -1 3 2 3 -1 2 -1 4 -1 2 -1 -1 
38 38 -1 6 6 -1 5 3 3 38 2 -1 3 -1 7 3 4 3 2 6 
6 38 -1 -1 -1 5 -1 3 37 -1 38 -1 5 3 -1 -1 -1 2 -1 6 
7 -1 -1 3 -1 -1 -1 5 37 -1 38 3 2 5 15 -1 -1 -1 -1 6 
7 -1 3 -1 6 5 5 5 37 5 -1 -1 2 5 -1 2 -1 -1 6 5 
3 3 3 -1 -1 6 -1 5 4 5 -1 3 3 36 2 3 3 -1 5 4 
3 3 -1 -1 -1 -1 5 5 5 -1 -1 -1 -1 6 2 -1 6 -1 6 -1 
-1 -1 -1 -1 -1 6 6 5 -1 6 6 6 -1 6 -1 6 6 6 -1 -1 
6 6 -1 -1 -1 -1 3 2 -1 6 6 -1 -1 -1 6 36 -1 -1 6 6 
6 -1 5 6 6 3 2 2 -1 -1 6 6 6 6 6 36 36 -1 -1 6 
-1 -1 -1 -1 -1 -1 2 5 5 -1 -1 6 6 6 9 36 -1 36 6 36 
36 36 6 6 41 6 -1 2 -1 -1 -1 -1 6 7 -1 9 6 36 36 6 
36 6 6 6 6 -1 -1 3 3 -1 3 7 7 6 9 9 36 36 6 -1 
6 6 6 -1 6 6 -1 4 2 2 3 7 36 36 36 36 36 36 -1 -1 
