# Avida Host Tasks data
# Sat Aug 29 12:07:24 2020
# First column gives the current update, next columns give the number
# of Hosts that have the particular task
#  1: Update
#  2: Not
#  3: Nand
#  4: And
#  5: OrNot
#  6: Or
#  7: AndNot
#  8: Nor
#  9: Xor
# 10: Equals

0 0 0 0 0 0 0 0 0 0 
100 187 0 0 0 0 0 0 0 0 
200 535 0 0 0 0 0 0 0 0 
300 824 0 0 0 0 0 0 0 0 
400 1654 0 0 0 0 0 0 0 0 
500 2404 0 0 0 0 0 0 0 0 
600 3741 0 0 0 0 0 0 0 0 
700 5266 0 0 0 0 0 0 0 0 
800 6293 0 0 0 0 0 0 0 0 
900 8070 0 0 0 0 0 0 0 0 
1000 9275 0 0 0 0 0 0 0 0 
1100 10864 0 0 0 0 0 0 0 0 
1200 12395 0 0 0 0 0 0 0 0 
1300 13702 0 0 0 0 0 0 0 0 
1400 15360 0 0 0 0 0 0 0 0 
1500 16724 0 0 0 0 0 0 0 0 
1600 18141 0 0 0 0 0 0 0 0 
1700 19530 0 0 0 0 0 0 0 0 
1800 20690 0 0 0 0 0 0 0 0 
1900 22038 0 0 0 0 0 0 0 0 
2000 23255 0 0 0 0 0 0 0 0 
2100 24156 0 0 0 0 0 0 0 0 
2200 25149 0 0 0 0 0 0 0 0 
2300 25874 0 0 0 0 0 0 0 0 
2400 26610 0 0 0 0 0 0 0 0 
2500 27271 0 0 0 0 0 0 0 0 
2600 27646 0 0 0 0 0 0 0 0 
2700 28071 0 0 0 0 0 0 0 0 
2800 28323 0 0 0 0 0 0 0 0 
2900 28663 0 0 0 0 0 0 0 0 
3000 28864 0 0 0 0 0 0 0 0 
3100 29012 0 0 0 0 0 0 0 0 
3200 29074 0 0 0 0 0 0 0 0 
3300 29127 0 0 0 0 0 0 0 0 
3400 28897 0 0 0 0 0 0 0 0 
3500 28420 0 0 0 0 0 0 0 0 
3600 27685 0 0 0 0 0 0 0 0 
3700 26634 0 0 0 0 0 0 0 0 
3800 25061 0 0 0 0 0 0 0 0 
3900 23080 0 0 0 0 0 0 0 0 
4000 20989 0 0 0 0 0 0 0 0 
4100 19065 0 0 0 0 0 0 0 0 
4200 18123 0 0 0 0 0 0 0 0 
4300 18450 0 0 0 0 0 0 0 0 
4400 19348 0 0 0 0 0 0 0 0 
4500 20146 0 0 0 0 0 0 0 0 
4600 20503 0 0 0 0 0 0 0 0 
4700 20297 0 0 0 0 0 0 0 0 
4800 19722 0 0 0 0 0 0 0 0 
4900 19329 0 0 0 0 0 0 0 0 
5000 19196 0 0 0 0 0 0 0 0 
5100 19470 0 0 0 0 0 0 0 0 
5200 19658 0 0 0 0 0 0 0 0 
5300 19605 0 0 0 0 0 0 0 0 
5400 19353 0 0 0 0 0 0 0 0 
5500 19011 0 0 0 0 0 0 0 0 
5600 18875 0 0 0 0 0 0 0 0 
5700 18755 0 0 0 0 0 0 0 0 
5800 18589 0 0 0 0 0 0 0 0 
5900 18457 0 0 0 0 0 0 0 0 
6000 18253 0 0 0 0 0 0 0 0 
6100 18007 0 0 0 0 0 0 0 0 
6200 17775 0 0 0 0 0 0 0 0 
6300 17547 0 0 0 0 0 0 0 0 
6400 17281 0 0 0 0 0 0 0 0 
6500 17085 0 0 0 0 0 0 0 0 
6600 16869 0 0 0 0 0 0 0 0 
6700 16561 0 0 0 0 0 0 0 0 
6800 16274 0 0 0 0 0 0 0 0 
6900 16160 0 0 0 0 0 0 0 0 
7000 15983 0 0 0 0 0 0 0 0 
7100 15852 0 0 0 0 0 0 0 0 
7200 15565 0 0 0 0 0 0 0 0 
7300 15288 0 0 0 0 0 0 0 0 
7400 15117 0 0 0 0 0 0 0 0 
7500 14947 0 0 0 0 0 0 0 0 
7600 14906 0 0 0 0 0 0 0 0 
7700 14880 0 0 0 0 0 0 0 0 
7800 14817 0 0 0 0 0 0 0 0 
7900 14814 0 0 0 0 0 0 0 0 
8000 14666 0 0 0 0 0 0 0 0 
8100 14312 0 0 0 0 0 0 0 0 
8200 14255 0 0 0 0 0 0 0 0 
8300 14243 0 0 0 0 0 0 0 0 
8400 14372 0 0 0 0 0 0 0 0 
8500 14495 0 0 0 0 0 0 0 0 
8600 14770 0 0 0 0 0 0 0 0 
8700 14816 0 0 0 0 0 0 0 0 
8800 14576 0 0 0 0 0 0 0 0 
8900 14281 0 0 0 0 0 0 0 0 
9000 13694 0 0 0 0 0 0 0 0 
9100 13147 0 0 0 0 0 0 0 0 
9200 12783 0 0 0 0 0 0 0 0 
9300 12741 0 0 0 0 0 0 0 0 
9400 12856 0 0 0 0 0 0 0 0 
9500 13169 0 0 0 0 0 0 0 0 
9600 13521 0 0 0 0 0 0 0 0 
9700 13672 0 0 0 0 0 0 0 0 
9800 13857 0 0 0 0 0 0 0 0 
9900 13795 0 0 0 0 0 0 0 0 
10000 13715 0 0 0 0 0 0 0 0 
10100 13542 0 0 0 0 0 0 0 0 
10200 13448 0 0 0 0 0 0 0 0 
10300 13245 0 0 0 0 0 0 0 0 
10400 13144 0 0 0 0 0 0 0 0 
10500 13040 0 0 0 0 0 0 0 0 
10600 13067 0 0 0 0 0 0 0 0 
10700 13115 0 0 0 0 0 0 0 0 
10800 13259 0 0 0 0 0 0 0 0 
10900 13375 0 0 0 0 0 0 0 0 
11000 13490 0 0 0 0 0 0 0 0 
11100 13581 0 0 0 0 0 0 0 0 
11200 13503 0 0 0 0 0 0 0 0 
11300 13481 0 0 0 0 0 0 0 0 
11400 13426 0 0 0 0 0 0 0 0 
11500 13182 0 0 0 0 0 0 0 0 
11600 13093 0 0 0 0 0 0 0 0 
11700 12938 0 0 0 0 0 0 0 0 
11800 12828 0 0 0 0 0 0 0 0 
11900 12841 0 0 0 0 0 0 0 0 
12000 12747 0 0 0 0 0 0 0 0 
12100 12678 0 0 0 0 0 0 0 0 
12200 12774 0 0 0 0 0 0 0 0 
12300 12737 0 0 0 0 0 0 0 0 
12400 12918 0 0 0 0 0 0 0 0 
12500 13012 0 0 0 0 0 0 0 0 
12600 13147 0 0 0 0 0 0 0 0 
12700 13210 0 0 0 0 0 0 0 0 
12800 13296 0 0 0 0 0 0 0 0 
12900 13232 0 0 0 0 0 0 0 0 
13000 13204 0 0 0 0 0 0 0 0 
13100 13226 0 0 0 0 0 0 0 0 
13200 13061 0 0 0 0 0 0 0 0 
13300 12877 0 0 0 0 0 0 0 0 
13400 12611 0 0 0 0 0 0 0 0 
13500 12533 0 0 0 0 0 0 0 0 
13600 12456 0 0 0 0 0 0 0 0 
13700 12480 0 0 0 0 0 0 0 0 
13800 12478 0 0 0 0 0 0 0 0 
13900 12541 0 0 0 0 0 0 0 0 
14000 12577 0 0 0 0 0 0 0 0 
14100 12565 0 0 0 0 0 0 0 0 
14200 12653 0 0 0 0 0 0 0 0 
14300 12704 0 0 0 0 0 0 0 0 
14400 12452 0 0 0 0 0 0 0 0 
14500 12481 0 0 0 0 0 0 0 0 
14600 12544 0 0 0 0 0 0 0 0 
14700 12673 0 0 0 0 0 0 0 0 
14800 12817 0 0 0 0 0 0 0 0 
14900 12805 0 0 0 0 0 0 0 0 
15000 12914 0 0 0 0 0 0 0 0 
15100 12859 0 0 0 0 0 0 0 0 
15200 12861 0 0 0 0 0 0 0 0 
15300 12962 0 0 0 0 0 0 0 0 
15400 13199 0 0 0 0 0 0 0 0 
15500 13220 0 0 0 0 0 0 0 0 
15600 13202 0 0 0 0 0 0 0 0 
15700 13043 0 0 0 0 0 0 0 0 
15800 13024 0 0 0 0 0 0 0 0 
15900 12993 0 0 0 0 0 0 0 0 
16000 13037 0 0 0 0 0 0 0 0 
16100 13030 0 0 0 0 0 0 0 0 
16200 12851 0 0 0 0 0 0 0 0 
16300 12641 0 0 0 0 0 0 0 0 
16400 12424 0 0 0 0 0 0 0 0 
16500 12363 0 0 0 0 0 0 0 0 
16600 12413 0 0 0 0 0 0 0 0 
16700 12369 0 0 0 0 0 0 0 0 
16800 12326 0 0 0 0 0 0 0 0 
16900 12145 0 0 0 0 0 0 0 0 
17000 12193 0 0 0 0 0 0 0 0 
17100 12368 0 0 0 0 0 0 0 0 
17200 12530 0 0 0 0 0 0 0 0 
17300 12857 0 0 0 0 0 0 0 0 
17400 12834 0 0 0 0 0 0 0 0 
17500 12617 0 0 0 0 0 0 0 0 
17600 12642 0 0 0 0 0 0 0 0 
17700 12631 0 0 0 0 0 0 0 0 
17800 12625 0 0 0 0 0 0 0 0 
17900 12753 0 0 0 0 0 0 0 0 
18000 12933 0 0 0 0 0 0 0 0 
18100 12924 0 0 0 0 0 0 0 0 
18200 12885 0 0 0 0 0 0 0 0 
18300 12745 0 0 0 0 0 0 0 0 
18400 12649 0 0 0 0 0 0 0 0 
18500 12663 0 0 0 0 0 0 0 0 
18600 12553 0 0 0 0 0 0 0 0 
18700 12478 0 0 0 0 0 0 0 0 
18800 12583 0 0 0 0 0 0 0 0 
18900 12729 0 0 0 0 0 0 0 0 
19000 12870 0 0 0 0 0 0 0 0 
19100 12977 0 0 0 0 0 0 0 0 
19200 13236 0 0 0 0 0 0 0 0 
19300 13198 0 0 0 0 0 0 0 0 
19400 13273 0 0 0 0 0 0 0 0 
19500 13226 0 0 0 0 0 0 0 0 
19600 13158 0 0 0 0 0 0 0 0 
19700 12987 0 0 0 0 0 0 0 0 
19800 12753 0 0 0 0 0 0 0 0 
19900 12510 0 0 0 0 0 0 0 0 
20000 12321 0 0 0 0 0 0 0 0 
20100 12175 0 0 0 0 0 0 0 0 
20200 12036 0 0 0 0 0 0 0 0 
20300 12083 0 0 0 0 0 0 0 0 
20400 12170 0 0 0 0 0 0 0 0 
20500 12371 0 0 0 0 0 0 0 0 
20600 12595 0 0 0 0 0 0 0 0 
20700 12791 0 0 0 0 0 0 0 0 
20800 13072 0 0 0 0 0 0 0 0 
20900 13183 0 0 0 0 0 0 0 0 
21000 13199 0 0 0 0 0 0 0 0 
21100 13028 0 0 0 0 0 0 0 0 
21200 12926 0 0 0 0 0 0 0 0 
21300 12815 0 0 0 0 0 0 0 0 
21400 12935 0 0 0 0 0 0 0 0 
21500 13061 0 0 0 0 0 0 0 0 
21600 13155 0 0 0 0 0 0 0 0 
21700 13088 0 0 0 0 0 0 0 0 
21800 12997 0 0 0 0 0 0 0 0 
21900 12965 0 0 0 0 0 0 0 0 
22000 13107 0 0 0 0 0 0 0 0 
22100 13172 0 0 0 0 0 0 0 0 
22200 13161 0 0 0 0 0 0 0 0 
22300 13204 0 0 0 0 0 0 0 0 
22400 13074 0 0 0 0 0 0 0 0 
22500 13139 0 0 0 0 0 0 0 0 
22600 13133 0 0 0 0 0 0 0 0 
22700 13045 0 0 0 0 0 0 0 0 
22800 13144 0 0 0 0 0 0 0 0 
22900 13048 0 0 0 0 0 0 0 0 
23000 13053 0 0 0 0 0 0 0 0 
23100 12887 0 0 0 0 0 0 0 0 
23200 12654 0 0 0 0 0 0 0 0 
23300 12590 0 0 0 0 0 0 0 0 
23400 12410 0 0 0 0 0 0 0 0 
23500 12371 0 0 0 0 0 0 0 0 
23600 12398 0 0 0 0 0 0 0 0 
23700 12334 0 0 0 0 0 0 0 0 
23800 12451 0 0 0 0 0 0 0 0 
23900 12382 0 0 0 0 0 0 0 0 
24000 12428 0 0 0 0 0 0 0 0 
24100 12402 0 0 0 0 0 0 0 0 
24200 12492 0 0 0 0 0 0 0 0 
24300 12732 0 0 0 0 0 0 0 0 
24400 12683 0 0 0 0 0 0 0 0 
24500 12584 0 0 0 0 0 0 0 0 
24600 12567 0 0 0 0 0 0 0 0 
24700 12611 0 0 0 0 0 0 0 0 
24800 12670 0 0 0 0 0 0 0 0 
24900 12694 0 0 0 0 0 0 0 0 
25000 12647 0 0 0 0 0 0 0 0 
25100 12738 0 0 0 0 0 0 0 0 
25200 12803 0 0 0 0 0 0 0 0 
25300 12853 0 0 0 0 0 0 0 0 
25400 12834 0 0 0 0 0 0 0 0 
25500 12777 0 0 0 0 0 0 0 0 
25600 12699 0 0 0 0 0 0 0 0 
25700 12661 0 0 0 0 0 0 0 0 
25800 12542 0 0 0 0 0 0 0 0 
25900 12670 0 0 0 0 0 0 0 0 
26000 12541 0 0 0 0 0 0 0 0 
26100 12489 0 0 0 0 0 0 0 0 
26200 12415 0 0 0 0 0 0 0 0 
26300 12268 0 0 0 0 0 0 0 0 
26400 12235 0 0 0 0 0 0 0 0 
26500 12226 0 0 0 0 0 0 0 0 
26600 12318 0 0 0 0 0 0 0 0 
26700 12490 0 0 0 0 0 0 0 0 
26800 12704 0 0 0 0 0 0 0 0 
26900 12799 0 0 0 0 0 0 0 0 
27000 12837 0 0 0 0 0 0 0 0 
27100 12715 0 0 0 0 0 0 0 0 
27200 12809 0 0 0 0 0 0 0 0 
27300 12801 0 0 0 0 0 0 0 0 
27400 12920 0 0 0 0 0 0 0 0 
27500 12970 0 0 0 0 0 0 0 0 
27600 12857 0 0 0 0 0 0 0 0 
27700 12850 0 0 0 0 0 0 0 0 
27800 12731 0 0 0 0 0 0 0 0 
27900 12713 0 0 0 0 0 0 0 0 
28000 12696 0 0 0 0 0 0 0 0 
28100 12592 0 0 0 0 0 0 0 0 
28200 12656 0 0 0 0 0 0 0 0 
28300 12723 0 0 0 0 0 0 0 0 
28400 12904 0 0 0 0 0 0 0 0 
28500 13070 0 0 0 0 0 0 0 0 
28600 13221 0 0 0 0 0 0 0 0 
28700 13289 0 0 0 0 0 0 0 0 
28800 13263 0 0 0 0 0 0 0 0 
28900 13218 0 0 0 0 0 0 0 0 
29000 13241 0 0 0 0 0 0 0 0 
29100 13041 0 0 0 0 0 0 0 0 
29200 13013 0 0 0 0 0 0 0 0 
29300 13098 0 0 0 0 0 0 0 0 
29400 12926 0 0 0 0 0 0 0 0 
29500 12754 0 0 0 0 0 0 0 0 
29600 12491 0 0 0 0 0 0 0 0 
29700 12453 0 0 0 0 0 0 0 0 
29800 12604 0 0 0 0 0 0 0 0 
29900 12705 0 0 0 0 0 0 0 0 
30000 12968 0 0 0 0 0 0 0 0 
30100 13122 0 0 0 0 0 0 0 0 
30200 13218 0 0 0 0 0 0 0 0 
30300 13234 0 0 0 0 0 0 0 0 
30400 13320 0 0 0 0 0 0 0 0 
30500 13276 0 0 0 0 0 0 0 0 
30600 13110 0 0 0 0 0 0 0 0 
30700 12759 0 0 0 0 0 0 0 0 
30800 12526 0 0 0 0 0 0 0 0 
30900 12247 0 0 0 0 0 0 0 0 
31000 12050 0 0 0 0 0 0 0 0 
31100 12061 0 0 0 0 0 0 0 0 
31200 12192 0 0 0 0 0 0 0 0 
31300 12560 0 0 0 0 0 0 0 0 
31400 12923 0 0 0 0 0 0 0 0 
31500 13319 0 0 0 0 0 0 0 0 
31600 13590 0 0 0 0 0 0 0 0 
31700 13616 0 0 0 0 0 0 0 0 
31800 13493 0 0 0 0 0 0 0 0 
31900 13205 0 0 0 0 0 0 0 0 
32000 12846 0 0 0 0 0 0 0 0 
32100 12665 0 0 0 0 0 0 0 0 
32200 12420 0 0 0 0 0 0 0 0 
32300 12416 0 0 0 0 0 0 0 0 
32400 12418 0 0 0 0 0 0 0 0 
32500 12421 0 0 0 0 0 0 0 0 
32600 12575 0 0 0 0 0 0 0 0 
32700 12785 0 0 0 0 0 0 0 0 
32800 12941 0 0 0 0 0 0 0 0 
32900 13256 0 0 0 0 0 0 0 0 
33000 13328 0 0 0 0 0 0 0 0 
33100 13376 0 0 0 0 0 0 0 0 
33200 13252 0 0 0 0 0 0 0 0 
33300 13029 0 0 0 0 0 0 0 0 
33400 12891 0 0 0 0 0 0 0 0 
33500 12750 0 0 0 0 0 0 0 0 
33600 12775 0 0 0 0 0 0 0 0 
33700 12948 0 0 0 0 0 0 0 0 
33800 13240 0 0 0 0 0 0 0 0 
33900 13426 0 0 0 0 0 0 0 0 
34000 13593 0 0 0 0 0 0 0 0 
34100 13631 0 0 0 0 0 0 0 0 
34200 13463 0 0 0 0 0 0 0 0 
34300 13307 0 0 0 0 0 0 0 0 
34400 13098 0 0 0 0 0 0 0 0 
34500 12833 0 0 0 0 0 0 0 0 
34600 12502 0 0 0 0 0 0 0 0 
34700 12302 0 0 0 0 0 0 0 0 
34800 12242 0 0 0 0 0 0 0 0 
34900 12311 0 0 0 0 0 0 0 0 
35000 12519 0 0 0 0 0 0 0 0 
35100 12804 0 0 0 0 0 0 0 0 
35200 12956 0 0 0 0 0 0 0 0 
35300 13264 0 0 0 0 0 0 0 0 
35400 13545 0 0 0 0 0 0 0 0 
35500 13805 0 0 0 0 0 0 0 0 
35600 13815 0 0 0 0 0 0 0 0 
35700 13622 0 0 0 0 0 0 0 0 
35800 13341 0 0 0 0 0 0 0 0 
35900 12891 0 0 0 0 0 0 0 0 
36000 12829 0 0 0 0 0 0 0 0 
36100 12604 0 0 0 0 0 0 0 0 
36200 12481 0 0 0 0 0 0 0 0 
36300 12642 0 0 0 0 0 0 0 0 
36400 12758 0 0 0 0 0 0 0 0 
36500 12982 0 0 0 0 0 0 0 0 
36600 13197 0 0 0 0 0 0 0 0 
36700 13417 0 0 0 0 0 0 0 0 
36800 13698 0 0 0 0 0 0 0 0 
36900 13701 0 0 0 0 0 0 0 0 
37000 13567 0 0 0 0 0 0 0 0 
37100 13278 0 0 0 0 0 0 0 0 
37200 12922 0 0 0 0 0 0 0 0 
37300 12633 0 0 0 0 0 0 0 0 
37400 12479 0 0 0 0 0 0 0 0 
37500 12542 0 0 0 0 0 0 0 0 
37600 12577 0 0 0 0 0 0 0 0 
37700 12821 0 0 0 0 0 0 0 0 
37800 13055 0 0 0 0 0 0 0 0 
37900 13008 0 0 0 0 0 0 0 0 
38000 12958 0 0 0 0 0 0 0 0 
38100 12961 0 0 0 0 0 0 0 0 
38200 12917 0 0 0 0 0 0 0 0 
38300 12892 0 0 0 0 0 0 0 0 
38400 12812 0 0 0 0 0 0 0 0 
38500 12764 0 0 0 0 0 0 0 0 
38600 12720 0 0 0 0 0 0 0 0 
38700 12704 0 0 0 0 0 0 0 0 
38800 12764 0 0 0 0 0 0 0 0 
38900 12851 0 0 0 0 0 0 0 0 
39000 12811 0 0 0 0 0 0 0 0 
39100 12754 0 0 0 0 0 0 0 0 
39200 12619 0 0 0 0 0 0 0 0 
39300 12617 0 0 0 0 0 0 0 0 
39400 12568 0 0 0 0 0 0 0 0 
39500 12660 0 0 0 0 0 0 0 0 
39600 12754 0 0 0 0 0 0 0 0 
39700 12907 0 0 0 0 0 0 0 0 
39800 12966 0 0 0 0 0 0 0 0 
39900 13103 0 0 0 0 0 0 0 0 
40000 13344 0 0 0 0 0 0 0 0 
40100 13350 0 0 0 0 0 0 0 0 
40200 13210 0 0 0 0 0 0 0 0 
40300 13122 0 0 0 0 0 0 0 0 
40400 12893 0 0 0 0 0 0 0 0 
40500 12962 0 0 0 0 0 0 0 0 
40600 13073 0 0 0 0 0 0 0 0 
40700 13161 0 0 0 0 0 0 0 0 
40800 13351 0 0 0 0 0 0 0 0 
40900 13342 0 0 0 0 0 0 0 0 
41000 13431 0 0 0 0 0 0 0 0 
41100 13372 0 0 0 0 0 0 0 0 
41200 13102 0 0 0 0 0 0 0 0 
41300 12944 0 0 0 0 0 0 0 0 
41400 12662 0 0 0 0 0 0 0 0 
41500 12409 0 0 0 0 0 0 0 0 
41600 12286 0 0 0 0 0 0 0 0 
41700 12346 0 0 0 0 0 0 0 0 
41800 12604 0 0 0 0 0 0 0 0 
41900 12906 0 0 0 0 0 0 0 0 
42000 13158 0 0 0 0 0 0 0 0 
42100 13158 0 0 0 0 0 0 0 0 
42200 13138 0 0 0 0 0 0 0 0 
42300 13104 0 0 0 0 0 0 0 0 
42400 12884 0 0 0 0 0 0 0 0 
42500 12739 0 0 0 0 0 0 0 0 
42600 12679 0 0 0 0 0 0 0 0 
42700 12679 0 0 0 0 0 0 0 0 
42800 12918 0 0 0 0 0 0 0 0 
42900 13165 0 0 0 0 0 0 0 0 
43000 13202 0 0 0 0 0 0 0 0 
43100 13280 0 0 0 0 0 0 0 0 
43200 13244 0 0 0 0 0 0 0 0 
43300 13199 0 0 0 0 0 0 0 0 
43400 13061 0 0 0 0 0 0 0 0 
43500 12966 0 0 0 0 0 0 0 0 
43600 13065 0 0 0 0 0 0 0 0 
43700 13070 0 0 0 0 0 0 0 0 
43800 13003 0 0 0 0 0 0 0 0 
43900 12880 0 0 0 0 0 0 0 0 
44000 12879 0 0 0 0 0 0 0 0 
44100 12783 0 0 0 0 0 0 0 0 
44200 12782 0 0 0 0 0 0 0 0 
44300 12818 0 0 0 0 0 0 0 0 
44400 12775 0 0 0 0 0 0 0 0 
44500 12849 0 0 0 0 0 0 0 0 
44600 12639 0 0 0 0 0 0 0 0 
44700 12662 0 0 0 0 0 0 0 0 
44800 12661 0 0 0 0 0 0 0 0 
44900 12558 0 0 0 0 0 0 0 0 
45000 12723 0 0 0 0 0 0 0 0 
45100 12628 0 0 0 0 0 0 0 0 
45200 12711 0 0 0 0 0 0 0 0 
45300 12648 0 0 0 0 0 0 0 0 
45400 12808 0 0 0 0 0 0 0 0 
45500 12966 0 0 0 0 0 0 0 0 
45600 13165 0 0 0 0 0 0 0 0 
45700 13366 0 0 0 0 0 0 0 0 
45800 13355 0 0 0 0 0 0 0 0 
45900 13194 0 0 0 0 0 0 0 0 
46000 13148 0 0 0 0 0 0 0 0 
46100 12893 0 0 0 0 0 0 0 0 
46200 12627 0 0 0 0 0 0 0 0 
46300 12533 0 0 0 0 0 0 0 0 
46400 12540 0 0 0 0 0 0 0 0 
46500 12418 0 0 0 0 0 0 0 0 
46600 12525 0 0 0 0 0 0 0 0 
46700 12790 0 0 0 0 0 0 0 0 
46800 12991 0 0 0 0 0 0 0 0 
46900 13331 0 0 0 0 0 0 0 0 
47000 13529 0 0 0 0 0 0 0 0 
47100 13557 0 0 0 0 0 0 0 0 
47200 13364 0 0 0 0 0 0 0 0 
47300 12943 0 0 0 0 0 0 0 0 
47400 12538 0 0 0 0 0 0 0 0 
47500 12257 0 0 0 0 0 0 0 0 
47600 12128 0 0 0 0 0 0 0 0 
47700 12115 0 0 0 0 0 0 0 0 
47800 12244 0 0 0 0 0 0 0 0 
47900 12505 0 0 0 0 0 0 0 0 
48000 12635 0 0 0 0 0 0 0 0 
48100 12848 0 0 0 0 0 0 0 0 
48200 13078 0 0 0 0 0 0 0 0 
48300 13163 0 0 0 0 0 0 0 0 
48400 13211 0 0 0 0 0 0 0 0 
48500 12929 0 0 0 0 0 0 0 0 
48600 12653 0 0 0 0 0 0 0 0 
48700 12396 0 0 0 0 0 0 0 0 
48800 12230 0 0 0 0 0 0 0 0 
48900 12075 0 0 0 0 0 0 0 0 
49000 12202 0 0 0 0 0 0 0 0 
49100 12502 0 0 0 0 0 0 0 0 
49200 12905 0 0 0 0 0 0 0 0 
49300 13470 0 0 0 0 0 0 0 0 
49400 14065 0 0 0 0 0 0 0 0 
49500 14184 0 0 0 0 0 0 0 0 
49600 14113 0 0 0 0 0 0 0 0 
49700 13775 0 0 0 0 0 0 0 0 
49800 13117 0 0 0 0 0 0 0 0 
49900 12560 0 0 0 0 0 0 0 0 
50000 12114 0 0 0 0 0 0 0 0 
50100 12037 0 0 0 0 0 0 0 0 
50200 12112 0 0 0 0 0 0 0 0 
50300 12428 0 0 0 0 0 0 0 0 
50400 12907 0 0 0 0 0 0 0 0 
50500 13299 0 0 0 0 0 0 0 0 
50600 13807 0 0 0 0 0 0 0 0 
50700 14093 0 0 0 0 0 0 0 0 
50800 14247 0 0 0 0 0 0 0 0 
50900 14165 0 0 0 0 0 0 0 0 
51000 13885 0 0 0 0 0 0 0 0 
51100 13558 0 0 0 0 0 0 0 0 
51200 13155 0 0 0 0 0 0 0 0 
51300 12761 0 0 0 0 0 0 0 0 
51400 12474 0 0 0 0 0 0 0 0 
51500 12360 0 0 0 0 0 0 0 0 
51600 12252 0 0 0 0 0 0 0 0 
51700 12497 0 0 0 0 0 0 0 0 
51800 12630 0 0 0 0 0 0 0 0 
51900 12866 0 0 0 0 0 0 0 0 
52000 13040 0 0 0 0 0 0 0 0 
52100 13076 0 0 0 0 0 0 0 0 
52200 13086 0 0 0 0 0 0 0 0 
52300 13003 0 0 0 0 0 0 0 0 
52400 13059 0 0 0 0 0 0 0 0 
52500 13042 0 0 0 0 0 0 0 0 
52600 12817 0 0 0 0 0 0 0 0 
52700 12702 0 0 0 0 0 0 0 0 
52800 12622 0 0 0 0 0 0 0 0 
52900 12729 0 0 0 0 0 0 0 0 
53000 12943 0 0 0 0 0 0 0 0 
53100 13010 0 0 0 0 0 0 0 0 
53200 12993 0 0 0 0 0 0 0 0 
53300 12967 0 0 0 0 0 0 0 0 
53400 13012 0 0 0 0 0 0 0 0 
53500 13034 0 0 0 0 0 0 0 0 
53600 12899 0 0 0 0 0 0 0 0 
53700 12665 0 0 0 0 0 0 0 0 
53800 12355 0 0 0 0 0 0 0 0 
53900 12039 0 0 0 0 0 0 0 0 
54000 11939 0 0 0 0 0 0 0 0 
54100 11857 0 0 0 0 0 0 0 0 
54200 12284 0 0 0 0 0 0 0 0 
54300 12773 0 0 0 0 0 0 0 0 
54400 13325 0 0 0 0 0 0 0 0 
54500 13795 0 0 0 0 0 0 0 0 
54600 14053 0 0 0 0 0 0 0 0 
54700 13934 0 0 0 0 0 0 0 0 
54800 13613 0 0 0 0 0 0 0 0 
54900 13049 0 0 0 0 0 0 0 0 
55000 12432 0 0 0 0 0 0 0 0 
55100 11907 0 0 0 0 0 0 0 0 
55200 11586 0 0 0 0 0 0 0 0 
55300 11561 0 0 0 0 0 0 0 0 
55400 11699 0 0 0 0 0 0 0 0 
55500 12069 0 0 0 0 0 0 0 0 
55600 12293 0 0 0 0 0 0 0 0 
55700 12692 0 0 0 0 0 0 0 0 
55800 12871 0 0 0 0 0 0 0 0 
55900 13022 0 0 0 0 0 0 0 0 
56000 13243 0 0 0 0 0 0 0 0 
56100 13415 0 0 0 0 0 0 0 0 
56200 13448 0 0 0 0 0 0 0 0 
56300 13388 0 0 0 0 0 0 0 0 
56400 13176 0 0 0 0 0 0 0 0 
56500 12843 0 0 0 0 0 0 0 0 
56600 12503 0 0 0 0 0 0 0 0 
56700 12282 0 0 0 0 0 0 0 0 
56800 12094 0 0 0 0 0 0 0 0 
56900 12078 0 0 0 0 0 0 0 0 
57000 12324 0 0 0 0 0 0 0 0 
57100 12342 0 0 0 0 0 0 0 0 
57200 12477 0 0 0 0 0 0 0 0 
57300 12611 0 0 0 0 0 0 0 0 
57400 12611 0 0 0 0 0 0 0 0 
57500 12657 0 0 0 0 0 0 0 0 
57600 12773 0 0 0 0 0 0 0 0 
57700 12946 0 0 0 0 0 0 0 0 
57800 13023 0 0 0 0 0 0 0 0 
57900 13026 0 0 0 0 0 0 0 0 
58000 12968 0 0 0 0 0 0 0 0 
58100 12719 0 0 0 0 0 0 0 0 
58200 12499 0 0 0 0 0 0 0 0 
58300 12350 0 0 0 0 0 0 0 0 
58400 12029 0 0 0 0 0 0 0 0 
58500 12064 0 0 0 0 0 0 0 0 
58600 11965 0 0 0 0 0 0 0 0 
58700 12003 0 0 0 0 0 0 0 0 
58800 12259 0 0 0 0 0 0 0 0 
58900 12520 0 0 0 0 0 0 0 0 
59000 12903 0 0 0 0 0 0 0 0 
59100 13124 0 0 0 0 0 0 0 0 
59200 13391 0 0 0 0 0 0 0 0 
59300 13482 0 0 0 0 0 0 0 0 
59400 13438 0 0 0 0 0 0 0 0 
59500 13250 0 0 0 0 0 0 0 0 
59600 12909 0 0 0 0 0 0 0 0 
59700 12458 0 0 0 0 0 0 0 0 
59800 12123 0 0 0 0 0 0 0 0 
59900 11937 0 0 0 0 0 0 0 0 
60000 12084 0 0 0 0 0 0 0 0 
60100 12327 0 0 0 0 0 0 0 0 
60200 12684 0 0 0 0 0 0 0 0 
60300 12883 0 0 0 0 0 0 0 0 
60400 12966 0 0 0 0 0 0 0 0 
60500 13177 0 0 0 0 0 0 0 0 
60600 13143 0 0 0 0 0 0 0 0 
60700 13070 0 0 0 0 0 0 0 0 
60800 12854 0 0 0 0 0 0 0 0 
60900 12582 0 0 0 0 0 0 0 0 
61000 12583 0 0 0 0 0 0 0 0 
61100 12525 0 0 0 0 0 0 0 0 
61200 12538 0 0 0 0 0 0 0 0 
61300 12531 0 0 0 0 0 0 0 0 
61400 12707 0 0 0 0 0 0 0 0 
61500 12800 0 0 0 0 0 0 0 0 
61600 12841 0 0 0 0 0 0 0 0 
61700 13180 0 0 0 0 0 0 0 0 
61800 13262 0 0 0 0 0 0 0 0 
61900 13437 0 0 0 0 0 0 0 0 
62000 13432 0 0 0 0 0 0 0 0 
62100 13393 0 0 0 0 0 0 0 0 
62200 13444 0 0 0 0 0 0 0 0 
62300 13397 0 0 0 0 0 0 0 0 
62400 13332 0 0 0 0 0 0 0 0 
62500 13286 0 0 0 0 0 0 0 0 
62600 13097 0 0 0 0 0 0 0 0 
62700 12845 0 0 0 0 0 0 0 0 
62800 12683 0 0 0 0 0 0 0 0 
62900 12482 0 0 0 0 0 0 0 0 
63000 12529 0 0 0 0 0 0 0 0 
63100 12734 0 0 0 0 0 0 0 0 
63200 13049 0 0 0 0 0 0 0 0 
63300 13119 0 0 0 0 0 0 0 0 
63400 13083 0 0 0 0 0 0 0 0 
63500 12959 0 0 0 0 0 0 0 0 
63600 12788 0 0 0 0 0 0 0 0 
63700 12474 0 0 0 0 0 0 0 0 
63800 12299 0 0 0 0 0 0 0 0 
63900 12274 0 0 0 0 0 0 0 0 
64000 12240 0 0 0 0 0 0 0 0 
64100 12327 0 0 0 0 0 0 0 0 
64200 12607 0 0 0 0 0 0 0 0 
64300 12688 0 0 0 0 0 0 0 0 
64400 12864 0 0 0 0 0 0 0 0 
64500 13072 0 0 0 0 0 0 0 0 
64600 13074 0 0 0 0 0 0 0 0 
64700 13242 0 0 0 0 0 0 0 0 
64800 13344 0 0 0 0 0 0 0 0 
64900 13437 0 0 0 0 0 0 0 0 
65000 13463 0 0 0 0 0 0 0 0 
65100 13261 0 0 0 0 0 0 0 0 
65200 13209 0 0 0 0 0 0 0 0 
65300 13110 0 0 0 0 0 0 0 0 
65400 13056 0 0 0 0 0 0 0 0 
65500 13041 0 0 0 0 0 0 0 0 
65600 13031 0 0 0 0 0 0 0 0 
65700 13115 0 0 0 0 0 0 0 0 
65800 13092 0 0 0 0 0 0 0 0 
65900 13110 0 0 0 0 0 0 0 0 
66000 12979 0 0 0 0 0 0 0 0 
66100 12811 0 0 0 0 0 0 0 0 
66200 12548 0 0 0 0 0 0 0 0 
66300 12416 0 0 0 0 0 0 0 0 
66400 12328 0 0 0 0 0 0 0 0 
66500 12272 0 0 0 0 0 0 0 0 
66600 12399 0 0 0 0 0 0 0 0 
66700 12698 0 0 0 0 0 0 0 0 
66800 12797 0 0 0 0 0 0 0 0 
66900 12811 0 0 0 0 0 0 0 0 
67000 12840 0 0 0 0 0 0 0 0 
67100 12731 0 0 0 0 0 0 0 0 
67200 12715 0 0 0 0 0 0 0 0 
67300 12707 0 0 0 0 0 0 0 0 
67400 12832 0 0 0 0 0 0 0 0 
67500 12867 0 0 0 0 0 0 0 0 
67600 12953 0 0 0 0 0 0 0 0 
67700 13182 0 0 0 0 0 0 0 0 
67800 13257 0 0 0 0 0 0 0 0 
67900 13252 0 0 0 0 0 0 0 0 
68000 13262 0 0 0 0 0 0 0 0 
68100 13171 0 0 0 0 0 0 0 0 
68200 13038 0 0 0 0 0 0 0 0 
68300 13014 0 0 0 0 0 0 0 0 
68400 12989 0 0 0 0 0 0 0 0 
68500 12754 0 0 0 0 0 0 0 0 
68600 12690 0 0 0 0 0 0 0 0 
68700 12495 0 0 0 0 0 0 0 0 
68800 12581 0 0 0 0 0 0 0 0 
68900 12684 0 0 0 0 0 0 0 0 
69000 12862 0 0 0 0 0 0 0 0 
69100 12912 0 0 0 0 0 0 0 0 
69200 13120 0 0 0 0 0 0 0 0 
69300 13391 0 0 0 0 0 0 0 0 
69400 13363 0 0 0 0 0 0 0 0 
69500 13498 0 0 0 0 0 0 0 0 
69600 13597 0 0 0 0 0 0 0 0 
69700 13655 0 0 0 0 0 0 0 0 
69800 13499 0 0 0 0 0 0 0 0 
69900 13280 0 0 0 0 0 0 0 0 
70000 13109 0 0 0 0 0 0 0 0 
70100 12825 0 0 0 0 0 0 0 0 
70200 12748 0 0 0 0 0 0 0 0 
70300 12779 0 0 0 0 0 0 0 0 
70400 12593 0 0 0 0 0 0 0 0 
70500 12646 0 0 0 0 0 0 0 0 
70600 12778 0 0 0 0 0 0 0 0 
70700 12837 0 0 0 0 0 0 0 0 
70800 12806 0 0 0 0 0 0 0 0 
70900 12838 0 0 0 0 0 0 0 0 
71000 12869 0 0 0 0 0 0 0 0 
71100 13090 0 0 0 0 0 0 0 0 
71200 13299 0 0 0 0 0 0 0 0 
71300 13282 0 0 0 0 0 0 0 0 
71400 13194 0 0 0 0 0 0 0 0 
71500 12947 0 0 0 0 0 0 0 0 
71600 12652 0 0 0 0 0 0 0 0 
71700 12560 0 0 0 0 0 0 0 0 
71800 12647 0 0 0 0 0 0 0 0 
71900 12870 0 0 0 0 0 0 0 0 
72000 12853 0 0 0 0 0 0 0 0 
72100 12856 0 0 0 0 0 0 0 0 
72200 12820 0 0 0 0 0 0 0 0 
72300 12772 0 0 0 0 0 0 0 0 
72400 12762 0 0 0 0 0 0 0 0 
72500 12881 0 0 0 0 0 0 0 0 
72600 13081 0 0 0 0 0 0 0 0 
72700 13071 0 0 0 0 0 0 0 0 
72800 12923 0 0 0 0 0 0 0 0 
72900 12990 0 0 0 0 0 0 0 0 
73000 12918 0 0 0 0 0 0 0 0 
73100 12952 0 0 0 0 0 0 0 0 
73200 12941 0 0 0 0 0 0 0 0 
73300 12814 0 0 0 0 0 0 0 0 
73400 12697 0 0 0 0 0 0 0 0 
73500 12580 0 0 0 0 0 0 0 0 
73600 12332 0 0 0 0 0 0 0 0 
73700 11966 0 0 0 0 0 0 0 0 
73800 11794 0 0 0 0 0 0 0 0 
73900 11833 0 0 0 0 0 0 0 0 
74000 11874 0 0 0 0 0 0 0 0 
74100 12154 0 0 0 0 0 0 0 0 
74200 12461 0 0 0 0 0 0 0 0 
74300 12840 0 0 0 0 0 0 0 0 
74400 13188 0 0 0 0 0 0 0 0 
74500 13356 0 0 0 0 0 0 0 0 
74600 13492 0 0 0 0 0 0 0 0 
74700 13333 0 0 0 0 0 0 0 0 
74800 12912 0 0 0 0 0 0 0 0 
74900 12608 0 0 0 0 0 0 0 0 
75000 12138 0 0 0 0 0 0 0 0 
