2 2 -1 1 1 1 1 1 1 2 2 2 2 2 2 -1 2 2 2 -1 
2 2 2 1 1 1 1 1 1 2 2 2 -1 2 2 -1 -1 -1 -1 2 
2 2 -1 1 -1 2 1 -1 2 2 2 8 -1 -1 -1 -1 -1 -1 2 2 
2 1 2 1 1 1 1 2 2 2 -1 2 8 -1 -1 -1 -1 -1 2 2 
2 2 1 1 1 1 2 1 2 2 -1 2 2 2 -1 -1 -1 -1 2 2 
2 2 1 1 1 2 2 2 2 2 2 1 2 2 2 1 -1 2 2 2 
2 2 1 1 2 2 2 2 2 2 2 2 1 2 2 2 2 -1 2 2 
2 2 2 2 2 2 2 -1 2 2 -1 1 2 2 2 -1 2 -1 2 2 
2 2 2 2 -1 2 2 -1 -1 2 2 2 2 2 -1 2 2 2 2 2 
2 2 2 1 -1 2 2 2 2 2 2 2 2 2 2 -1 2 -1 2 -1 
2 2 2 1 1 2 2 2 1 1 2 1 2 -1 2 2 2 2 1 2 
2 2 1 2 1 2 -1 2 1 2 1 2 1 1 2 2 2 1 -1 2 
-1 2 1 1 2 2 2 2 2 2 -1 1 2 2 2 2 2 2 1 1 
-1 -1 2 2 2 2 2 2 2 2 2 2 1 1 2 2 2 1 1 1 
1 -1 -1 2 2 2 2 2 2 2 1 2 1 -1 2 -1 1 1 1 1 
1 1 -1 2 2 2 2 2 2 2 2 2 2 2 2 1 1 1 1 1 
-1 -1 2 2 2 2 2 2 1 1 2 2 2 2 -1 2 2 1 1 1 
2 2 2 2 2 2 2 2 -1 1 2 2 -1 2 2 2 1 2 1 1 
-1 2 2 1 2 2 2 2 1 2 -1 2 2 2 2 1 1 -1 -1 2 
-1 2 2 1 1 1 1 2 2 1 2 2 2 2 -1 2 -1 2 2 2 
2 2 2 2 -1 1 2 2 1 1 2 2 2 1 2 2 2 2 2 2 
2 2 2 1 2 -1 2 1 1 2 2 2 2 2 -1 2 2 2 2 2 
2 1 2 1 1 -1 1 1 1 2 2 2 -1 2 2 2 2 2 2 2 
2 1 2 -1 1 1 1 2 2 2 2 2 2 2 2 2 1 1 2 2 
2 2 2 1 -1 2 1 -1 2 2 2 2 2 2 2 -1 -1 1 1 1 
1 2 -1 2 -1 -1 2 -1 2 2 2 2 2 -1 -1 -1 1 1 1 1 
-1 -1 2 4 4 -1 -1 2 -1 2 2 2 2 2 -1 1 -1 1 1 1 
-1 1 -1 4 4 4 4 2 2 2 2 2 2 2 1 1 1 -1 1 -1 
-1 1 1 1 -1 -1 -1 -1 2 2 2 2 -1 2 1 1 1 1 -1 -1 
1 1 1 -1 -1 -1 -1 -1 -1 2 -1 2 -1 -1 -1 1 1 -1 1 1 
1 1 -1 -1 -1 -1 -1 2 -1 2 2 -1 2 -1 -1 -1 -1 -1 -1 1 
1 1 -1 -1 -1 2 2 -1 2 1 1 2 2 -1 -1 -1 -1 1 -1 -1 
-1 1 1 2 -1 -1 1 2 -1 2 -1 2 -1 2 -1 -1 1 -1 -1 -1 
-1 1 2 2 -1 -1 2 2 2 2 -1 2 -1 -1 -1 -1 1 1 -1 -1 
-1 1 1 2 2 2 2 2 2 2 1 -1 2 -1 2 2 -1 1 -1 -1 
-1 1 -1 2 -1 -1 2 2 2 -1 2 2 2 -1 -1 1 -1 -1 -1 -1 
-1 -1 -1 -1 1 -1 2 1 2 2 2 2 2 1 -1 -1 1 1 1 1 
1 1 -1 -1 1 1 2 1 1 2 2 2 1 1 -1 2 1 -1 1 1 
-1 2 2 -1 1 1 1 1 -1 2 2 2 1 -1 2 2 2 2 1 1 
-1 2 2 2 1 1 2 2 1 1 2 2 2 1 2 2 2 2 -1 2 
1 1 -1 1 1 -1 -1 -1 -1 1 1 -1 -1 2 -1 -1 1 1 -1 1 
1 -1 1 2 1 2 -1 -1 -1 1 -1 -1 1 -1 -1 -1 1 1 1 1 
1 1 2 1 1 2 2 -1 1 1 1 1 1 1 1 1 -1 -1 1 -1 
1 -1 2 2 1 -1 -1 1 4 1 -1 1 1 1 1 1 -1 -1 -1 1 
-1 2 -1 2 2 32 -1 4 4 4 -1 -1 1 1 -1 -1 -1 -1 -1 -1 
-1 -1 4 -1 32 -1 -1 -1 -1 -1 4 -1 -1 -1 -1 -1 -1 -1 -1 -1 
-1 4 -1 1 -1 -1 -1 -1 -1 -1 -1 32 1 -1 -1 -1 -1 4 -1 4 
-1 1 1 1 -1 1 1 1 -1 -1 -1 1 32 2 -1 1 1 4 4 -1 
-1 -1 1 1 1 1 1 2 -1 32 32 -1 32 -1 1 1 1 -1 -1 -1 
-1 -1 -1 -1 2 -1 2 2 2 -1 32 32 1 1 1 1 1 2 2 -1 
-1 -1 -1 -1 -1 2 2 2 -1 2 -1 1 4 1 1 1 2 2 2 2 
2 -1 -1 2 2 -1 2 2 -1 2 1 1 1 1 1 1 2 2 2 2 
2 -1 -1 2 -1 2 2 2 2 2 -1 1 1 1 1 2 2 2 2 -1 
-1 -1 -1 -1 -1 2 -1 2 2 2 -1 1 1 2 -1 -1 2 2 2 -1 
-1 -1 -1 -1 -1 -1 2 -1 2 2 1 1 1 2 -1 -1 2 2 -1 -1 
4 -1 -1 -1 -1 -1 2 2 -1 1 1 1 -1 -1 2 1 2 1 1 4 
4 4 -1 -1 -1 4 2 -1 2 2 1 1 2 2 2 -1 1 -1 1 4 
-1 4 -1 -1 -1 -1 -1 -1 -1 -1 1 2 -1 2 2 2 2 1 2 -1 
4 4 4 4 -1 -1 -1 -1 -1 -1 1 -1 2 2 -1 -1 -1 -1 1 4 
-1 -1 -1 -1 -1 -1 -1 1 1 1 1 -1 -1 2 -1 1 1 1 4 1 
1 1 4 2 1 2 2 2 2 4 -1 1 4 4 4 4 4 4 -1 -1 
1 4 4 -1 -1 2 2 1 2 -1 1 1 4 -1 -1 -1 -1 -1 1 -1 
1 1 -1 1 4 -1 2 2 2 -1 4 1 1 4 5 1 4 1 1 1 
1 -1 1 1 -1 4 -1 -1 2 4 -1 1 1 4 4 1 1 1 1 1 
1 1 -1 1 -1 1 1 -1 2 1 1 4 4 4 4 -1 1 1 1 1 
1 1 -1 32 -1 -1 1 -1 -1 32 -1 1 1 -1 -1 -1 -1 1 1 1 
-1 -1 -1 32 32 2 -1 2 32 32 1 -1 1 1 1 -1 1 1 -1 -1 
-1 -1 -1 -1 32 32 2 -1 32 32 1 1 -1 1 1 -1 4 4 1 -1 
-1 -1 -1 -1 32 -1 -1 32 32 32 4 1 1 1 1 1 1 4 4 -1 
-1 -1 -1 -1 -1 -1 -1 32 32 32 1 4 1 1 1 -1 4 4 4 -1 
4 -1 -1 -1 -1 -1 32 32 -1 1 -1 4 1 -1 -1 4 4 4 4 4 
4 -1 -1 -1 -1 -1 -1 4 4 1 1 -1 -1 4 4 4 4 4 4 4 
4 4 4 -1 -1 -1 -1 1 32 4 1 4 4 4 4 4 4 4 4 -1 
4 4 -1 -1 4 -1 1 -1 4 4 4 4 4 4 4 4 4 4 4 4 
1 1 -1 -1 4 4 4 2 2 4 4 4 4 4 6 4 4 4 4 4 
4 4 4 4 4 -1 4 2 2 4 4 4 4 4 4 4 4 4 4 4 
4 4 1 1 1 4 2 2 2 2 -1 4 4 4 4 4 1 4 4 4 
-1 -1 1 1 1 1 4 2 2 2 -1 -1 4 2 4 4 4 4 4 4 
-1 1 1 1 2 2 1 2 2 2 -1 -1 4 4 4 4 4 4 4 1 
1 -1 1 1 2 1 1 1 2 2 -1 6 6 4 4 2 4 4 4 1 
1 1 1 1 -1 -1 1 1 1 1 -1 -1 -1 -1 4 5 1 -1 1 1 
1 -1 1 4 4 -1 1 1 1 1 4 4 4 4 1 1 5 1 1 1 
4 -1 4 1 4 1 4 1 1 1 -1 4 4 4 1 1 4 1 4 4 
-1 -1 1 1 -1 4 4 4 1 6 4 4 4 4 4 1 4 4 4 4 
4 4 4 1 1 -1 4 1 -1 -1 4 4 4 4 1 1 1 4 4 -1 
4 4 -1 -1 1 1 4 1 1 1 6 4 4 4 1 -1 4 4 4 4 
4 4 -1 4 -1 4 1 1 4 6 -1 -1 4 4 1 4 4 4 4 4 
4 4 4 4 4 1 1 -1 4 4 4 4 4 4 1 4 4 4 4 4 
4 4 4 4 4 4 4 4 4 4 -1 4 4 4 4 4 4 4 4 4 
4 4 4 4 4 4 4 4 4 4 4 4 4 1 1 4 4 4 4 4 
4 4 4 4 4 4 4 1 4 1 4 4 -1 4 1 1 4 4 4 4 
4 4 4 4 4 4 4 4 1 4 4 4 4 -1 4 1 4 4 4 4 
4 4 4 4 4 4 4 4 4 1 1 4 4 4 4 1 4 4 4 4 
4 4 -1 4 4 4 4 1 1 1 1 1 -1 1 4 4 4 4 4 4 
4 4 4 4 4 4 1 1 1 1 1 1 1 4 4 4 4 4 6 4 
4 4 4 4 4 4 1 1 1 1 1 1 4 4 4 4 4 6 -1 4 
4 4 -1 6 4 6 4 6 1 1 1 1 1 4 4 4 4 4 4 6 
4 -1 -1 1 4 4 4 6 1 1 4 1 -1 1 -1 4 -1 4 6 4 
4 -1 1 -1 1 -1 4 4 1 1 1 1 1 1 1 -1 -1 6 4 4 
4 -1 1 1 1 -1 -1 -1 -1 1 4 1 -1 1 -1 1 -1 -1 1 4 
1 1 1 4 1 -1 -1 1 1 4 4 4 4 1 4 4 4 1 1 4 
4 1 1 4 -1 1 1 1 1 1 1 -1 -1 4 4 4 4 4 4 4 
4 1 4 4 4 -1 -1 1 4 4 1 1 1 4 4 4 -1 -1 -1 4 
4 -1 4 4 4 4 1 1 4 4 1 4 1 4 4 -1 4 -1 -1 4 
1 4 1 4 4 1 2 2 4 4 4 4 4 1 4 4 4 4 -1 4 
4 1 4 4 4 1 1 4 4 4 4 1 1 1 4 4 4 4 4 4 
4 4 4 4 1 1 4 1 1 1 4 4 4 4 4 4 4 4 4 4 
4 4 4 4 1 1 4 4 1 1 1 4 4 4 4 4 4 4 4 4 
4 4 4 1 1 1 4 1 1 4 4 4 4 4 4 4 4 4 4 -1 
4 4 4 4 4 4 1 4 1 1 4 4 4 4 4 4 4 4 4 -1 
4 4 4 2 4 -1 4 -1 1 1 1 -1 4 -1 4 4 4 4 4 4 
4 2 2 4 2 4 4 4 4 4 4 4 4 -1 4 4 4 4 -1 4 
4 4 4 4 4 1 1 4 4 4 4 -1 4 4 4 4 4 4 4 4 
4 2 2 4 4 4 1 1 4 4 -1 4 4 -1 4 4 4 4 4 4 
4 4 4 4 4 1 4 4 1 4 5 4 4 4 4 4 4 4 4 4 
4 4 4 4 4 4 1 4 1 1 1 1 4 4 -1 -1 4 -1 4 4 
4 4 4 4 4 4 1 1 4 -1 1 1 4 4 -1 4 4 -1 4 4 
1 1 4 4 4 4 4 1 4 1 1 1 1 1 -1 -1 4 4 1 4 
1 1 4 -1 4 4 4 4 4 4 4 -1 -1 4 4 -1 -1 4 1 1 
1 -1 4 1 1 4 -1 4 -1 1 4 4 4 1 4 1 1 1 4 1 
1 1 1 1 1 1 1 1 4 4 4 4 4 4 -1 4 4 -1 1 1 
1 1 -1 1 1 1 1 1 1 1 4 4 -1 4 4 32 4 4 4 4 
-1 -1 1 1 1 1 1 1 1 1 1 4 4 4 4 4 4 4 4 4 
4 4 4 4 1 1 1 1 1 1 -1 1 4 4 4 4 4 4 4 4 
4 4 4 4 1 -1 1 1 -1 1 1 -1 4 4 4 4 4 4 4 4 
4 4 1 4 4 1 1 1 1 -1 -1 -1 4 4 4 4 4 4 4 4 
4 4 4 4 4 4 1 1 -1 1 1 4 -1 4 4 4 4 4 4 4 
1 4 1 4 1 1 1 1 1 -1 4 1 -1 -1 4 4 4 4 4 4 
4 1 4 1 1 1 1 1 1 1 -1 1 -1 4 4 4 4 -1 -1 4 
1 1 1 1 1 1 1 1 1 1 1 -1 -1 4 4 1 4 -1 -1 1 
1 1 1 4 2 1 1 1 1 1 1 1 1 1 1 1 -1 4 1 1 
1 4 4 4 4 4 4 1 1 1 1 4 4 1 1 4 1 1 -1 1 
1 4 4 4 4 4 1 -1 1 1 4 4 4 4 -1 4 4 1 1 1 
1 4 4 -1 4 1 4 1 4 4 4 4 -1 -1 4 4 4 1 1 1 
4 4 4 4 4 4 1 1 4 4 4 4 4 4 4 4 -1 4 -1 -1 
4 4 -1 4 4 4 -1 -1 -1 4 4 4 4 4 1 1 4 4 4 -1 
-1 -1 4 4 4 1 1 1 4 4 4 4 -1 -1 1 1 4 4 -1 4 
-1 -1 -1 -1 1 1 1 1 4 -1 4 4 4 1 1 1 1 4 4 4 
-1 -1 -1 1 1 1 -1 4 4 -1 4 4 4 1 4 1 1 4 4 4 
-1 -1 -1 1 1 1 1 4 4 4 -1 4 4 4 4 -1 4 1 1 4 
1 4 4 -1 4 4 4 1 1 1 1 4 4 4 4 4 1 1 1 1 
-1 4 4 -1 4 4 4 4 1 1 1 4 4 4 4 1 4 -1 -1 1 
-1 -1 -1 -1 4 4 4 4 1 4 4 -1 4 4 4 4 4 4 4 -1 
-1 4 4 4 1 1 4 4 1 4 4 4 2 4 4 4 4 -1 4 -1 
4 4 1 1 4 1 2 4 4 4 4 4 2 4 1 4 4 4 -1 -1 
4 4 4 4 4 1 4 4 4 4 4 4 4 4 2 4 4 4 4 -1 
4 4 4 4 1 4 1 4 1 1 4 -1 4 -1 1 1 4 4 4 4 
4 4 4 4 4 1 1 4 4 1 1 1 1 1 -1 1 4 4 -1 4 
4 4 1 4 4 -1 1 1 4 1 1 1 -1 -1 1 2 1 4 4 4 
4 4 1 1 -1 1 1 1 1 4 -1 1 -1 2 2 -1 -1 1 4 4 
4 1 1 1 1 1 1 1 1 4 1 4 2 2 2 2 -1 4 -1 4 
4 -1 -1 1 1 1 1 1 1 4 1 4 -1 -1 2 2 1 1 1 4 
-1 -1 -1 1 -1 1 1 -1 4 -1 4 4 -1 -1 2 2 2 1 1 1 
1 -1 -1 4 4 -1 -1 -1 4 4 -1 4 -1 2 2 2 4 4 1 -1 
1 -1 -1 -1 -1 -1 -1 -1 4 4 1 2 4 2 2 1 4 1 1 1 
1 1 -1 -1 -1 -1 4 4 4 -1 1 2 2 2 1 1 -1 1 1 1 
1 -1 -1 1 1 1 2 4 4 -1 1 1 1 1 1 1 1 1 1 1 
-1 -1 -1 -1 1 4 1 1 1 1 -1 -1 -1 1 1 -1 -1 1 1 1 
-1 1 -1 -1 -1 4 4 4 1 1 -1 -1 -1 1 -1 -1 -1 1 -1 1 
1 4 -1 4 4 4 4 -1 -1 1 -1 -1 -1 -1 -1 -1 1 1 1 1 
5 4 4 4 -1 4 4 4 -1 2 2 2 2 1 2 5 5 5 5 5 
5 -1 4 2 4 -1 4 -1 2 2 4 4 5 1 5 5 5 5 4 5 
5 4 4 4 4 4 4 4 2 6 4 -1 -1 1 1 4 5 4 5 5 
5 2 2 4 4 4 4 4 4 4 4 4 5 1 1 5 5 -1 4 4 
5 2 2 2 2 4 4 4 4 4 1 5 5 1 1 -1 5 -1 4 4 
4 2 2 2 2 2 2 4 4 -1 1 1 -1 4 1 1 4 4 4 4 
4 2 2 2 2 2 2 4 4 1 1 1 1 1 -1 2 -1 4 4 2 
2 4 2 2 2 2 -1 4 4 4 1 1 -1 1 4 2 2 2 2 4 
2 2 4 4 2 2 4 4 4 1 1 1 2 2 1 4 2 2 2 4 
4 2 2 2 2 4 4 4 2 2 -1 1 2 2 4 2 4 4 4 2 
2 2 2 2 2 2 4 2 2 2 2 2 2 1 2 -1 4 4 2 4 
-1 -1 2 -1 -1 2 2 1 2 2 2 2 2 1 2 2 2 2 4 4 
-1 -1 -1 -1 -1 2 2 2 2 2 2 2 2 2 2 2 2 2 -1 4 
-1 -1 -1 2 2 2 2 2 2 2 2 2 2 -1 2 -1 -1 -1 -1 4 
-1 -1 -1 2 2 2 -1 2 2 2 2 2 2 2 -1 -1 -1 -1 2 4 
-1 -1 4 -1 2 2 2 2 2 2 2 2 2 2 4 2 4 1 2 2 
-1 4 4 5 2 2 4 2 2 2 2 2 2 2 4 2 4 -1 4 4 
-1 4 4 4 4 4 4 2 2 2 2 2 2 2 2 4 4 -1 4 4 
1 5 5 4 4 4 4 4 2 2 2 5 5 5 2 4 5 4 4 4 
4 4 5 4 4 4 -1 4 2 2 2 2 2 5 2 5 5 5 5 5 
-1 2 2 2 6 6 4 2 2 2 -1 2 2 2 2 2 2 2 -1 2 
2 2 -1 2 4 4 4 2 2 1 2 2 2 2 2 2 2 2 2 2 
2 2 2 2 2 4 4 2 2 1 2 2 2 2 2 2 -1 2 2 2 
2 2 2 4 2 2 4 4 1 6 2 2 2 2 2 2 2 2 2 2 
2 2 2 2 2 4 4 4 2 -1 2 2 2 2 2 2 2 2 2 2 
2 2 2 2 5 -1 -1 4 -1 2 2 2 2 2 2 2 2 2 2 2 
2 2 2 2 2 -1 -1 -1 -1 2 2 2 2 2 2 2 2 -1 2 2 
2 2 2 2 -1 -1 2 -1 -1 -1 4 2 2 2 2 2 2 -1 2 2 
2 2 2 2 2 2 2 2 -1 -1 -1 2 2 2 2 2 2 2 2 2 
2 2 2 2 2 2 2 2 -1 -1 2 2 2 2 2 2 -1 2 2 2 
2 2 2 2 2 2 2 2 -1 -1 2 2 2 2 -1 -1 2 2 2 2 
4 2 2 2 2 2 2 2 2 -1 2 2 2 2 -1 2 2 2 -1 2 
2 4 2 2 2 2 2 4 -1 -1 -1 2 2 2 -1 2 2 -1 2 2 
2 2 2 2 2 2 4 -1 2 -1 -1 -1 2 2 2 2 2 2 2 -1 
2 2 2 2 2 4 2 -1 -1 2 6 2 2 2 2 2 2 2 2 2 
2 2 4 2 2 2 -1 2 -1 6 2 2 2 2 2 1 -1 2 2 2 
2 2 2 4 4 -1 2 4 6 6 1 1 -1 2 1 -1 1 2 2 2 
2 2 2 4 2 -1 4 2 6 6 1 1 2 2 -1 2 2 -1 2 2 
2 2 2 4 2 2 2 4 6 2 1 2 2 2 2 2 2 2 2 2 
2 2 2 2 2 2 2 6 2 2 2 2 2 2 2 2 2 2 2 -1 
2 -1 -1 -1 1 -1 -1 2 1 2 2 2 1 2 2 2 2 2 2 2 
-1 -1 2 2 -1 -1 -1 -1 2 2 -1 2 2 2 2 2 2 2 2 2 
6 2 2 2 2 -1 -1 -1 2 2 2 2 2 2 2 2 4 4 -1 6 
2 2 2 2 2 2 1 -1 2 -1 2 2 2 2 2 2 4 6 6 2 
2 2 2 2 2 2 2 2 6 2 2 2 2 4 -1 -1 6 4 -1 2 
2 2 2 2 2 2 2 2 2 2 -1 6 -1 4 3 2 3 2 1 2 
2 2 2 2 2 2 2 2 6 6 -1 -1 2 3 2 3 2 2 2 2 
2 2 2 2 2 2 -1 2 2 -1 2 2 2 2 3 -1 2 2 2 2 
2 2 2 2 2 2 2 -1 2 2 2 6 6 -1 6 2 2 2 -1 2 
2 2 2 2 2 -1 2 -1 6 2 -1 6 -1 6 6 -1 2 -1 2 2 
2 2 2 2 2 6 6 6 4 4 -1 6 6 6 6 6 -1 2 2 -1 
2 2 2 2 2 4 4 6 6 4 -1 6 6 6 6 -1 -1 -1 2 2 
2 -1 2 -1 2 4 4 4 -1 -1 2 6 6 6 -1 -1 -1 2 40 2 
2 2 2 -1 2 4 2 1 -1 6 6 6 40 6 6 -1 40 40 2 4 
4 2 4 4 4 2 1 -1 -1 1 6 6 6 40 6 40 40 2 2 2 
2 4 4 4 4 -1 1 -1 -1 6 40 4 6 6 40 6 40 2 2 -1 
4 3 6 6 4 4 -1 -1 -1 2 2 40 3 40 1 6 6 2 6 6 
2 6 1 4 4 4 4 4 -1 2 2 2 1 1 1 2 2 6 6 6 
6 1 2 6 -1 4 2 2 2 2 2 1 2 2 2 -1 2 2 2 -1 
-1 6 -1 -1 -1 -1 4 2 1 2 2 2 1 2 2 2 2 2 2 -1 
-1 -1 -1 -1 6 40 40 2 1 6 6 6 6 6 1 1 6 6 -1 6 
-1 -1 -1 -1 -1 6 6 6 1 1 1 6 6 6 3 6 6 -1 -1 1 
-1 -1 -1 -1 6 2 2 -1 6 6 6 6 6 6 3 6 -1 1 1 -1 
-1 -1 -1 40 -1 -1 8 6 -1 6 1 -1 40 -1 6 6 6 1 -1 -1 
-1 -1 -1 -1 40 8 9 -1 6 6 40 1 6 40 6 6 6 -1 -1 -1 
2 2 -1 6 -1 9 1 8 -1 6 40 6 6 6 6 6 1 6 -1 -1 
2 -1 6 40 1 40 1 1 1 6 40 6 40 6 40 6 6 6 6 2 
-1 -1 -1 -1 40 40 40 1 1 6 -1 6 6 6 6 6 6 6 6 -1 
2 -1 -1 1 40 40 40 40 1 1 6 2 6 -1 6 6 6 6 -1 2 
2 -1 -1 -1 40 40 -1 -1 3 6 6 2 6 6 -1 6 6 6 3 2 
3 -1 -1 -1 -1 -1 -1 -1 3 3 3 6 6 -1 6 6 2 2 1 3 
3 2 -1 -1 -1 -1 -1 6 -1 3 6 6 -1 6 -1 6 3 3 6 6 
2 3 2 2 -1 2 6 2 6 2 2 2 6 2 6 -1 3 3 3 2 
2 -1 3 -1 2 2 6 6 6 6 -1 2 -1 6 6 6 6 2 2 -1 
-1 6 6 3 3 2 -1 2 6 2 6 6 6 6 6 -1 6 6 -1 -1 
6 6 6 6 3 6 1 -1 -1 6 6 6 6 6 1 6 6 6 40 -1 
6 6 6 -1 6 1 -1 6 2 6 6 6 6 40 40 -1 6 2 40 6 
6 -1 -1 6 5 5 1 1 6 -1 6 6 6 1 40 1 -1 40 -1 6 
-1 -1 -1 6 6 6 1 2 2 -1 6 6 1 6 1 6 1 -1 6 6 
-1 -1 2 2 6 6 6 6 1 -1 6 6 1 1 6 1 6 6 6 6 
2 2 6 2 -1 2 2 -1 1 1 1 1 1 1 1 -1 4 -1 2 2 
2 2 -1 2 2 2 2 1 -1 1 1 1 1 1 -1 5 5 1 2 2 
1 6 6 6 -1 2 2 2 2 1 -1 -1 2 1 1 5 1 2 5 2 
-1 2 1 2 6 -1 2 2 2 2 2 2 -1 -1 -1 1 6 2 5 5 
-1 1 2 2 2 2 2 2 2 1 2 -1 -1 -1 -1 -1 -1 -1 2 5 
1 1 -1 -1 -1 2 -1 -1 -1 2 -1 6 -1 -1 -1 9 -1 -1 -1 5 
5 -1 1 1 -1 -1 -1 2 -1 2 2 -1 6 -1 6 9 -1 -1 -1 1 
-1 1 1 2 -1 -1 -1 -1 -1 -1 2 -1 6 6 6 9 9 9 9 1 
1 1 1 1 -1 -1 -1 -1 2 2 2 2 -1 1 6 9 8 9 1 1 
1 1 1 1 -1 -1 -1 -1 -1 -1 -1 -1 1 1 1 8 8 9 9 1 
1 1 1 1 1 1 -1 -1 -1 -1 -1 -1 -1 -1 9 -1 -1 -1 1 9 
1 1 1 1 1 1 -1 2 -1 -1 -1 -1 3 -1 3 -1 6 6 1 1 
1 1 1 -1 1 1 -1 -1 2 -1 -1 -1 -1 3 3 -1 -1 1 -1 -1 
-1 -1 1 1 1 -1 -1 1 1 2 2 2 -1 3 3 -1 3 -1 -1 -1 
1 -1 -1 1 2 2 1 1 -1 2 3 3 3 3 3 3 -1 3 -1 1 
1 2 1 -1 -1 -1 2 2 2 2 3 1 3 3 40 3 -1 -1 -1 1 
-1 1 2 2 2 -1 2 2 2 -1 1 1 1 40 -1 40 -1 -1 -1 1 
2 2 2 2 2 2 2 2 2 1 1 1 1 1 40 40 4 -1 2 -1 
2 -1 2 2 2 2 2 2 1 1 1 1 1 4 40 4 4 40 2 2 
2 2 2 2 2 2 -1 -1 1 1 1 1 1 4 40 40 -1 40 1 2 
-1 -1 -1 -1 2 1 1 4 1 2 -1 -1 -1 1 2 2 -1 2 -1 -1 
-1 -1 -1 -1 1 1 -1 4 4 2 -1 -1 -1 2 2 2 2 -1 -1 -1 
-1 -1 -1 -1 -1 -1 -1 -1 4 -1 -1 -1 -1 -1 2 2 2 -1 -1 -1 
-1 2 -1 -1 1 -1 -1 -1 1 -1 -1 -1 -1 -1 -1 2 2 -1 1 -1 
2 2 1 -1 -1 1 -1 -1 1 -1 -1 -1 -1 -1 -1 -1 -1 -1 -1 1 
-1 -1 -1 -1 -1 -1 -1 -1 1 -1 -1 -1 -1 -1 -1 -1 -1 -1 1 1 
-1 -1 -1 1 -1 -1 -1 -1 -1 3 -1 -1 2 -1 -1 -1 -1 -1 -1 1 
-1 -1 1 -1 -1 -1 -1 1 -1 -1 3 3 2 -1 2 2 2 -1 -1 -1 
-1 1 1 1 -1 1 -1 1 -1 -1 2 2 2 2 2 -1 2 2 -1 -1 
1 -1 1 1 1 -1 -1 1 -1 -1 2 2 2 2 2 2 -1 -1 -1 -1 
1 1 1 -1 1 -1 -1 1 -1 -1 -1 2 2 -1 2 -1 -1 -1 -1 -1 
-1 1 1 1 -1 -1 -1 -1 -1 -1 -1 -1 2 -1 -1 -1 2 2 -1 1 
-1 1 1 -1 8 -1 -1 -1 -1 -1 -1 -1 2 -1 -1 -1 -1 2 2 -1 
1 1 1 1 8 9 9 -1 -1 -1 -1 -1 -1 -1 -1 5 -1 2 -1 -1 
-1 1 -1 -1 9 9 9 9 -1 -1 -1 -1 -1 1 -1 5 5 1 -1 -1 
-1 -1 -1 -1 9 1 9 9 9 -1 -1 -1 1 -1 -1 -1 1 1 1 2 
2 2 -1 1 9 9 9 -1 -1 -1 -1 -1 1 -1 -1 -1 1 2 1 2 
-1 -1 2 2 1 1 1 -1 -1 -1 4 -1 -1 -1 -1 -1 -1 -1 -1 -1 
-1 -1 -1 -1 1 1 1 -1 -1 -1 -1 -1 -1 2 -1 -1 -1 -1 -1 -1 
-1 -1 -1 -1 2 1 1 1 -1 -1 -1 -1 -1 2 1 -1 -1 -1 -1 -1 
1 1 1 1 1 -1 1 1 1 -1 1 1 -1 -1 1 1 -1 -1 2 5 
-1 1 1 1 1 1 1 1 1 -1 1 1 1 1 1 1 2 1 2 1 
-1 1 1 -1 1 1 -1 -1 1 1 1 1 1 -1 1 -1 1 2 -1 -1 
-1 1 1 1 1 1 -1 -1 -1 1 1 1 1 -1 -1 -1 -1 -1 -1 -1 
1 1 1 1 1 1 -1 -1 -1 -1 -1 1 -1 -1 -1 -1 -1 -1 1 1 
-1 1 1 1 1 1 -1 1 1 1 -1 1 1 -1 -1 -1 -1 1 -1 1 
1 1 1 1 1 -1 -1 -1 -1 1 -1 -1 -1 1 -1 -1 -1 -1 -1 -1 
-1 -1 -1 -1 -1 1 1 -1 -1 -1 -1 -1 -1 1 -1 -1 -1 1 -1 -1 
-1 -1 -1 -1 1 -1 -1 -1 -1 -1 -1 -1 1 1 1 -1 1 1 -1 -1 
-1 -1 -1 -1 1 1 1 -1 -1 -1 -1 1 1 1 1 1 1 -1 -1 -1 
-1 1 1 1 -1 -1 -1 -1 -1 -1 -1 -1 1 -1 1 1 -1 -1 -1 -1 
-1 1 1 1 -1 -1 -1 -1 -1 -1 -1 -1 -1 -1 1 1 1 1 -1 -1 
1 1 1 1 -1 -1 -1 -1 -1 -1 1 1 -1 -1 1 1 1 1 -1 1 
1 -1 -1 -1 -1 -1 -1 -1 -1 -1 -1 1 -1 -1 1 1 1 1 1 -1 
1 1 -1 -1 -1 -1 -1 -1 -1 -1 -1 -1 -1 -1 1 1 -1 1 -1 1 
-1 -1 -1 -1 -1 -1 -1 -1 -1 -1 -1 -1 -1 -1 -1 -1 1 -1 1 1 
1 1 -1 -1 -1 1 1 -1 -1 -1 -1 -1 -1 -1 -1 -1 -1 -1 -1 1 
1 1 1 -1 -1 1 2 1 1 -1 -1 -1 1 1 1 -1 -1 1 1 -1 
1 1 1 1 1 1 1 1 1 -1 -1 -1 1 1 1 -1 1 1 5 5 
1 9 1 1 1 1 -1 1 -1 1 1 -1 -1 1 -1 -1 -1 4 5 2 
-1 -1 -1 -1 -1 -1 -1 1 1 1 1 1 1 1 1 -1 -1 -1 -1 -1 
-1 -1 -1 -1 -1 -1 -1 -1 1 1 1 1 -1 -1 -1 -1 -1 -1 -1 -1 
-1 -1 -1 -1 -1 -1 -1 -1 -1 1 1 -1 -1 -1 -1 -1 -1 -1 -1 -1 
-1 -1 -1 -1 -1 -1 -1 -1 -1 1 1 1 -1 -1 -1 -1 -1 -1 -1 -1 
-1 -1 -1 -1 -1 -1 -1 -1 -1 -1 -1 -1 -1 -1 -1 -1 -1 -1 1 -1 
-1 -1 -1 -1 -1 -1 -1 -1 -1 -1 -1 -1 -1 -1 -1 -1 -1 -1 1 1 
-1 -1 -1 -1 -1 -1 -1 -1 -1 -1 -1 -1 -1 5 -1 -1 -1 -1 1 -1 
-1 -1 -1 -1 -1 -1 -1 -1 -1 -1 -1 -1 5 -1 -1 -1 -1 -1 -1 -1 
-1 -1 -1 -1 -1 -1 -1 -1 -1 -1 -1 -1 -1 5 5 -1 -1 -1 -1 -1 
-1 -1 -1 -1 -1 -1 -1 -1 -1 -1 -1 -1 5 5 5 -1 -1 -1 -1 -1 
-1 -1 -1 1 -1 -1 -1 -1 -1 -1 -1 -1 -1 1 -1 -1 -1 -1 -1 -1 
-1 1 1 -1 1 -1 -1 -1 -1 -1 -1 -1 -1 -1 -1 -1 -1 -1 1 1 
1 1 1 1 -1 -1 -1 -1 -1 1 1 -1 -1 -1 -1 -1 -1 -1 1 1 
1 1 1 -1 -1 -1 -1 -1 1 -1 1 -1 -1 -1 -1 -1 -1 -1 1 1 
-1 1 1 1 1 -1 1 -1 -1 1 -1 1 1 -1 -1 -1 -1 -1 1 1 
-1 1 1 -1 1 1 -1 -1 1 1 1 1 -1 -1 -1 -1 -1 -1 -1 -1 
-1 1 1 -1 1 -1 -1 -1 -1 1 -1 -1 -1 -1 -1 -1 -1 -1 -1 -1 
-1 -1 -1 1 -1 -1 1 1 1 1 1 -1 -1 -1 -1 -1 -1 -1 -1 -1 
-1 -1 1 -1 -1 -1 -1 1 1 1 1 1 -1 -1 -1 -1 -1 -1 -1 -1 
-1 -1 -1 -1 -1 -1 1 -1 1 1 1 1 1 1 -1 -1 -1 -1 -1 -1 
-1 1 -1 -1 1 1 -1 1 1 -1 1 -1 -1 1 -1 -1 -1 -1 -1 -1 
-1 -1 -1 -1 -1 1 1 -1 -1 -1 -1 -1 -1 1 1 -1 -1 -1 -1 -1 
-1 -1 -1 -1 -1 -1 1 -1 -1 -1 -1 -1 -1 -1 -1 -1 -1 -1 -1 -1 
-1 -1 -1 -1 1 -1 -1 1 -1 -1 -1 -1 -1 -1 -1 -1 -1 -1 -1 -1 
1 1 -1 -1 1 -1 1 1 1 -1 -1 -1 -1 -1 -1 -1 -1 -1 1 1 
1 1 -1 -1 -1 1 1 1 1 -1 -1 -1 -1 -1 -1 -1 -1 -1 -1 -1 
-1 1 1 -1 1 1 1 1 1 -1 -1 -1 -1 -1 -1 1 -1 1 1 -1 
-1 1 -1 1 -1 1 1 -1 -1 -1 -1 -1 -1 -1 -1 -1 1 -1 -1 -1 
-1 -1 -1 -1 1 1 1 1 1 -1 -1 -1 -1 -1 -1 -1 -1 -1 -1 -1 
-1 -1 -1 -1 1 -1 -1 1 1 -1 -1 -1 -1 -1 -1 -1 -1 -1 -1 -1 
-1 -1 -1 -1 -1 -1 -1 1 1 -1 -1 -1 -1 -1 -1 -1 -1 -1 -1 -1 
-1 -1 -1 -1 -1 -1 1 -1 -1 1 -1 -1 1 -1 -1 -1 -1 -1 -1 -1 
-1 -1 -1 -1 -1 -1 -1 -1 -1 -1 -1 -1 -1 -1 -1 -1 -1 -1 -1 -1 
1 -1 1 1 -1 -1 -1 -1 -1 -1 -1 -1 -1 -1 -1 -1 -1 -1 -1 -1 
1 1 1 1 -1 -1 -1 -1 -1 -1 -1 -1 -1 -1 -1 -1 -1 -1 -1 1 
1 1 1 1 -1 -1 -1 -1 -1 -1 -1 -1 -1 -1 -1 -1 -1 -1 -1 1 
1 -1 -1 -1 1 1 1 -1 -1 -1 -1 -1 -1 -1 -1 -1 -1 -1 -1 -1 
1 1 1 1 1 1 1 1 1 1 1 1 -1 -1 -1 -1 -1 -1 -1 -1 
-1 1 -1 1 1 1 1 1 1 1 1 1 1 1 -1 -1 -1 -1 -1 -1 
1 1 1 1 5 1 1 1 -1 1 1 1 1 -1 -1 -1 -1 -1 -1 -1 
-1 -1 1 -1 -1 -1 -1 -1 1 -1 1 -1 -1 -1 -1 -1 -1 -1 -1 1 
-1 1 1 1 1 -1 -1 -1 1 -1 1 -1 -1 -1 -1 -1 -1 -1 -1 1 
1 1 1 1 1 1 -1 1 1 -1 -1 -1 -1 1 1 1 -1 -1 -1 -1 
1 1 -1 1 -1 1 -1 -1 -1 -1 -1 1 1 1 1 -1 -1 -1 -1 -1 
-1 -1 -1 -1 -1 -1 -1 -1 -1 -1 -1 1 1 1 1 -1 1 -1 -1 -1 
1 -1 -1 -1 -1 -1 -1 -1 -1 -1 -1 1 1 1 1 1 -1 -1 -1 1 
-1 -1 -1 -1 -1 -1 -1 -1 -1 -1 -1 -1 -1 1 1 1 1 -1 1 1 
-1 -1 -1 -1 -1 -1 -1 -1 -1 -1 -1 -1 1 1 1 1 1 1 1 -1 
-1 -1 -1 -1 -1 -1 -1 -1 -1 -1 -1 -1 1 1 1 1 1 1 -1 -1 
1 1 -1 -1 -1 1 -1 -1 -1 -1 -1 -1 -1 1 -1 1 1 1 1 1 
1 1 -1 -1 1 1 -1 -1 -1 -1 -1 -1 -1 -1 1 1 1 1 1 -1 
1 1 -1 1 1 1 1 -1 -1 -1 -1 -1 -1 -1 -1 -1 1 1 1 -1 
-1 -1 -1 -1 -1 1 -1 -1 -1 -1 -1 -1 -1 -1 -1 -1 1 1 1 1 
-1 -1 -1 -1 1 1 -1 -1 -1 -1 -1 -1 -1 -1 -1 -1 1 1 1 1 
-1 -1 -1 1 1 1 -1 -1 -1 -1 1 -1 -1 -1 -1 1 1 1 1 -1 
1 -1 -1 1 1 1 -1 -1 -1 1 1 -1 -1 -1 1 1 1 1 1 -1 
1 -1 1 1 1 1 -1 -1 -1 -1 -1 -1 -1 -1 -1 -1 1 1 -1 1 
-1 -1 1 1 -1 1 1 -1 -1 1 -1 -1 -1 -1 -1 -1 -1 1 1 -1 
1 -1 1 1 1 1 1 -1 1 1 1 -1 1 -1 -1 -1 -1 1 -1 1 
-1 -1 1 -1 -1 -1 -1 -1 -1 1 1 1 -1 -1 -1 -1 1 -1 -1 1 
1 1 -1 -1 -1 -1 -1 -1 -1 1 1 1 1 -1 1 -1 1 -1 -1 1 
1 1 1 -1 -1 -1 -1 -1 -1 -1 1 -1 -1 1 -1 -1 -1 -1 1 1 
1 1 -1 -1 -1 -1 -1 -1 -1 -1 -1 -1 1 -1 -1 -1 -1 1 1 1 
1 1 -1 1 -1 1 -1 -1 -1 -1 -1 -1 -1 -1 -1 -1 1 1 -1 -1 
-1 -1 -1 1 1 1 1 -1 -1 1 1 -1 -1 -1 -1 -1 -1 -1 1 1 
-1 -1 -1 -1 1 1 -1 2 1 -1 1 1 1 -1 -1 -1 -1 1 -1 1 
-1 -1 -1 1 1 1 -1 -1 2 -1 1 1 1 -1 -1 -1 -1 -1 1 -1 
-1 -1 -1 1 1 -1 -1 -1 1 1 1 1 1 -1 1 -1 -1 -1 -1 -1 
-1 -1 -1 -1 -1 -1 -1 -1 1 1 1 1 1 1 -1 1 -1 -1 -1 -1 
-1 -1 1 1 1 -1 -1 -1 -1 -1 -1 -1 1 1 1 1 1 -1 -1 -1 
-1 -1 1 1 1 1 -1 -1 -1 1 1 -1 1 1 1 1 -1 -1 -1 -1 
-1 1 1 1 1 1 -1 1 -1 -1 -1 -1 -1 1 1 1 -1 -1 -1 -1 
1 1 1 1 1 -1 1 -1 -1 -1 -1 -1 -1 -1 1 -1 -1 -1 -1 1 
1 1 1 -1 1 1 -1 -1 1 1 -1 -1 -1 1 -1 -1 -1 -1 -1 1 
1 1 -1 1 1 -1 -1 -1 1 1 1 1 1 1 -1 -1 -1 -1 -1 -1 
1 -1 -1 -1 -1 -1 -1 -1 -1 1 1 -1 1 -1 -1 -1 -1 -1 -1 -1 
-1 -1 -1 -1 -1 -1 -1 -1 -1 -1 1 -1 -1 -1 -1 -1 -1 1 -1 -1 
-1 1 -1 -1 -1 -1 -1 -1 -1 -1 -1 -1 -1 -1 -1 1 1 1 -1 1 
1 -1 -1 -1 -1 -1 -1 -1 -1 -1 -1 -1 -1 -1 -1 1 1 1 1 1 
1 -1 -1 -1 -1 -1 -1 -1 -1 -1 1 -1 1 1 -1 1 1 -1 1 1 
-1 -1 -1 -1 -1 -1 -1 1 -1 1 1 1 1 2 2 2 1 1 2 1 
-1 -1 -1 -1 -1 -1 -1 -1 1 1 1 1 1 2 2 2 1 2 2 2 
-1 -1 1 1 -1 -1 -1 -1 1 -1 -1 1 1 2 1 1 2 2 2 -1 
-1 -1 1 1 -1 -1 -1 -1 1 -1 -1 1 -1 -1 2 1 2 2 -1 -1 
-1 1 1 1 -1 1 1 -1 -1 -1 -1 -1 -1 -1 -1 -1 2 2 2 2 
-1 2 -1 1 -1 1 1 1 1 -1 -1 -1 -1 -1 -1 -1 2 2 2 -1 
2 2 1 -1 -1 -1 1 1 -1 1 1 1 -1 -1 -1 -1 2 -1 2 2 
2 2 1 -1 -1 -1 1 -1 -1 -1 1 -1 2 -1 2 2 -1 2 -1 2 
2 2 -1 1 -1 -1 -1 -1 -1 1 1 2 -1 -1 2 2 -1 -1 2 2 
1 1 1 -1 -1 -1 -1 -1 -1 1 -1 1 2 2 -1 2 -1 -1 2 1 
1 1 1 -1 -1 -1 -1 -1 1 1 1 -1 2 2 2 -1 1 1 1 1 
-1 -1 -1 -1 -1 -1 -1 -1 -1 -1 -1 -1 2 2 -1 1 1 1 -1 1 
1 -1 -1 -1 -1 -1 -1 -1 -1 -1 1 1 -1 1 1 1 1 1 1 1 
1 1 1 -1 -1 -1 -1 -1 -1 -1 1 1 1 1 1 -1 -1 -1 -1 1 
1 1 1 1 -1 -1 -1 -1 -1 1 1 -1 1 1 1 -1 -1 -1 -1 -1 
-1 1 1 1 1 -1 -1 1 1 -1 -1 1 1 1 -1 -1 -1 1 -1 -1 
-1 -1 1 1 1 1 -1 -1 1 1 1 1 1 2 2 -1 -1 1 1 -1 
-1 -1 -1 1 -1 -1 -1 -1 -1 1 1 1 2 2 1 -1 1 1 1 -1 
-1 -1 -1 -1 -1 -1 -1 -1 -1 -1 1 -1 1 2 2 1 1 1 1 1 
-1 -1 -1 -1 -1 -1 -1 -1 1 -1 1 1 -1 1 2 1 2 1 2 2 
-1 -1 -1 2 -1 -1 2 2 2 -1 2 1 -1 2 -1 1 1 2 2 2 
2 2 2 2 2 2 2 2 2 2 2 2 4 -1 2 2 1 -1 -1 2 
-1 2 2 2 2 2 2 2 2 2 2 1 4 2 2 2 -1 -1 -1 -1 
-1 2 -1 -1 2 -1 2 2 2 2 2 1 2 2 2 2 -1 -1 -1 2 
2 -1 2 -1 -1 2 -1 2 2 2 -1 2 1 2 2 2 2 2 2 -1 
1 2 2 -1 -1 -1 2 2 2 2 2 1 1 2 2 2 2 2 -1 -1 
1 -1 2 1 -1 2 2 1 2 2 2 1 2 2 1 1 -1 2 -1 -1 
-1 1 -1 1 1 1 -1 -1 2 2 1 4 1 1 1 1 -1 -1 -1 -1 
1 1 1 1 1 1 -1 2 2 2 2 2 1 2 2 2 -1 -1 -1 -1 
1 1 1 1 1 1 2 -1 2 2 2 -1 -1 2 2 2 -1 1 -1 -1 
1 1 2 1 1 2 2 2 2 2 2 2 2 2 2 2 2 1 2 1 
1 1 2 -1 1 2 2 -1 8 2 2 8 8 8 2 2 2 2 2 1 
2 1 2 -1 2 2 -1 2 2 2 8 8 2 2 2 2 2 2 2 2 
2 2 2 2 2 2 2 2 8 8 8 -1 2 2 2 2 -1 -1 2 2 
2 2 2 2 2 2 -1 2 2 2 1 -1 2 2 2 2 2 -1 -1 2 
2 -1 2 2 2 2 -1 2 2 2 8 1 2 2 -1 2 2 2 2 2 
2 2 2 1 1 -1 2 -1 2 2 1 1 -1 2 2 2 2 2 2 2 
2 2 2 1 -1 2 -1 -1 -1 2 -1 1 1 -1 2 2 -1 2 2 -1 
2 2 2 2 2 2 2 -1 -1 -1 2 1 1 2 2 2 1 2 2 2 
2 -1 2 -1 2 2 -1 -1 -1 -1 -1 -1 -1 -1 2 1 2 2 2 2 
-1 2 2 -1 2 -1 2 2 2 -1 2 2 -1 -1 -1 1 -1 -1 -1 -1 
2 -1 2 2 2 2 2 2 2 -1 2 2 2 -1 1 1 -1 8 8 2 
2 2 2 2 2 2 2 2 2 -1 2 2 2 2 -1 1 8 8 -1 -1 
-1 2 2 2 2 2 2 2 -1 2 2 -1 2 2 -1 1 -1 -1 -1 -1 
-1 2 2 2 2 2 2 1 -1 2 1 1 1 1 -1 1 -1 1 -1 -1 
1 2 -1 -1 2 2 2 2 -1 2 2 1 2 2 1 2 1 2 2 -1 
-1 2 -1 2 2 2 2 2 -1 2 1 2 1 1 1 8 1 2 2 1 
2 -1 2 2 2 -1 2 -1 2 2 1 1 1 1 8 2 2 2 2 2 
-1 2 -1 1 2 2 2 2 2 2 2 2 8 8 8 8 2 2 2 2 
2 2 -1 1 1 2 2 2 2 2 2 2 -1 2 2 2 8 2 2 2 
2 2 -1 -1 -1 2 2 2 2 2 2 2 2 2 2 2 2 2 2 2 
2 2 2 -1 2 2 2 2 2 2 2 2 -1 2 2 2 2 2 2 2 
2 2 2 2 2 2 2 2 -1 2 2 2 2 2 -1 2 2 2 2 2 
1 2 2 1 2 2 2 2 -1 4 2 2 2 2 2 2 -1 2 2 1 
2 2 1 2 1 2 2 2 2 2 -1 2 -1 2 2 1 1 -1 -1 2 
2 2 2 2 1 1 2 2 2 -1 -1 -1 -1 2 2 2 2 -1 -1 1 
1 2 -1 2 2 2 2 2 2 -1 2 -1 -1 2 2 2 -1 2 -1 1 
2 2 2 2 2 4 4 2 2 -1 2 -1 2 -1 2 2 2 2 1 2 
2 2 2 2 2 2 2 4 2 -1 2 2 -1 -1 2 1 2 2 -1 -1 
-1 2 2 2 -1 2 2 2 2 2 2 2 2 2 2 2 2 -1 2 2 
2 -1 -1 2 2 2 2 1 1 2 -1 2 2 -1 -1 2 2 2 2 2 
-1 -1 -1 -1 2 2 1 1 1 -1 -1 -1 -1 2 -1 -1 2 2 2 -1 
-1 -1 -1 -1 2 -1 -1 -1 -1 -1 -1 -1 2 -1 -1 -1 -1 -1 -1 -1 
-1 -1 -1 -1 1 -1 1 1 -1 -1 -1 -1 -1 -1 -1 -1 -1 -1 -1 -1 
-1 2 -1 -1 1 1 -1 -1 1 -1 -1 -1 -1 -1 -1 -1 -1 -1 -1 -1 
2 -1 -1 1 1 -1 -1 -1 1 -1 -1 -1 -1 1 -1 -1 -1 -1 -1 -1 
-1 -1 2 -1 1 2 1 1 -1 -1 -1 -1 1 2 2 -1 -1 -1 -1 2 
-1 2 2 2 2 2 1 -1 -1 -1 1 1 -1 2 -1 -1 -1 -1 2 2 
2 2 2 -1 1 1 1 -1 -1 1 -1 -1 1 2 2 8 2 2 8 -1 
8 2 2 2 2 -1 -1 -1 -1 -1 -1 -1 2 -1 8 8 8 8 2 8 
8 -1 -1 -1 -1 1 1 -1 -1 -1 2 2 -1 2 2 8 8 8 8 8 
-1 -1 -1 -1 -1 1 1 -1 1 2 2 2 2 8 8 8 8 2 -1 8 
-1 -1 -1 2 1 1 1 1 -1 -1 2 -1 2 -1 8 -1 2 8 8 -1 
-1 -1 2 1 1 1 1 -1 -1 2 1 1 1 2 2 2 -1 -1 -1 8 
-1 -1 2 2 1 1 1 -1 2 2 2 2 2 -1 2 2 2 -1 -1 -1 
-1 -1 -1 1 1 1 1 -1 2 -1 2 2 2 2 2 2 2 2 -1 -1 
-1 -1 -1 1 1 1 2 2 2 2 2 2 2 2 2 -1 2 2 -1 -1 
-1 1 1 2 1 1 2 2 2 -1 2 2 2 2 -1 2 2 2 -1 2 
2 2 2 2 2 2 2 2 2 2 2 2 1 2 2 -1 2 2 -1 2 
2 2 2 2 1 2 2 2 -1 -1 2 2 2 1 2 2 2 2 2 2 
-1 -1 -1 2 -1 2 2 -1 2 -1 2 2 2 2 1 1 -1 -1 -1 -1 
-1 -1 -1 2 2 2 -1 -1 -1 2 -1 -1 2 2 1 1 -1 -1 -1 -1 
-1 -1 2 2 2 2 2 2 2 2 2 2 2 -1 -1 1 -1 1 1 -1 
-1 -1 2 2 2 2 2 -1 2 2 2 2 2 -1 -1 1 -1 -1 2 2 
2 2 2 1 2 2 2 2 2 2 2 -1 2 -1 -1 -1 -1 -1 2 2 
2 2 2 2 1 2 2 2 -1 1 2 2 1 -1 2 1 -1 2 2 2 
2 1 2 1 2 -1 2 2 2 1 2 2 2 1 1 1 1 -1 -1 2 
2 -1 1 2 2 2 2 -1 1 1 2 1 2 1 1 2 1 2 -1 1 
1 2 2 2 2 2 2 1 -1 -1 -1 1 2 2 2 2 2 -1 1 1 
-1 1 2 2 2 -1 2 -1 -1 1 1 1 2 2 2 2 2 -1 1 2 
2 2 -1 1 1 1 1 -1 1 1 2 1 1 1 1 2 -1 2 2 2 
2 2 2 -1 1 1 -1 1 -1 1 1 -1 -1 2 1 1 2 2 2 2 
2 1 -1 -1 1 1 1 1 1 1 1 -1 2 -1 -1 2 2 2 2 2 
-1 1 -1 -1 -1 1 2 -1 1 1 1 -1 -1 2 -1 2 2 2 2 -1 
-1 -1 -1 1 2 2 1 1 2 1 1 1 1 2 2 1 2 -1 -1 -1 
-1 -1 -1 -1 2 2 2 1 1 1 1 1 1 1 1 2 -1 2 -1 -1 
-1 -1 -1 2 2 2 2 2 1 1 1 1 1 1 1 1 -1 -1 -1 -1 
1 1 -1 -1 -1 2 1 1 1 1 1 1 2 2 -1 -1 1 -1 -1 -1 
-1 1 -1 1 -1 2 4 2 1 1 -1 1 2 -1 1 1 1 -1 -1 1 
1 1 1 1 2 2 2 2 2 -1 2 2 2 2 2 -1 1 -1 -1 -1 
2 2 2 2 -1 2 2 1 1 1 2 2 -1 2 2 2 2 -1 2 2 
2 2 2 2 -1 2 2 2 1 1 1 2 2 2 2 2 2 2 2 2 
2 2 2 -1 2 2 2 -1 2 1 -1 2 2 2 2 2 2 2 2 2 
-1 2 2 2 -1 1 2 2 2 2 2 2 2 2 2 2 2 2 2 -1 
2 -1 2 2 2 2 1 -1 2 2 2 2 2 2 2 -1 -1 2 -1 2 
2 2 2 2 2 2 2 2 2 2 2 2 2 -1 -1 2 -1 2 2 2 
2 2 2 2 2 2 2 2 2 2 2 -1 -1 2 2 2 2 2 2 2 
1 -1 1 2 2 -1 2 2 2 2 2 2 2 2 2 -1 2 2 2 2 
2 -1 1 1 2 1 2 2 2 2 2 2 2 -1 2 2 2 2 2 2 
1 2 2 2 2 -1 2 2 -1 2 2 2 2 2 2 2 2 2 2 2 
-1 1 2 2 2 2 2 2 2 2 2 2 2 2 -1 2 2 2 2 2 
1 2 1 -1 2 2 2 2 2 -1 -1 2 2 2 2 2 2 2 2 2 
1 2 1 2 1 2 -1 2 2 2 2 2 2 2 2 2 2 2 1 -1 
1 2 -1 1 1 2 2 2 2 2 2 -1 2 2 -1 2 2 2 2 1 
1 2 1 1 1 1 8 2 2 2 2 1 2 2 2 2 2 -1 1 1 
1 1 2 1 2 8 -1 -1 -1 1 1 2 2 2 -1 2 -1 2 -1 1 
1 1 1 2 8 1 1 1 -1 1 1 2 1 2 1 2 -1 -1 -1 -1 
2 -1 2 2 1 -1 1 -1 1 1 1 -1 1 1 2 -1 2 2 2 -1 
2 2 2 -1 2 2 1 1 1 1 -1 -1 2 2 2 2 2 2 2 2 
2 2 -1 2 2 2 1 -1 2 1 -1 1 2 2 2 2 2 2 2 2 
1 1 1 1 1 1 2 -1 1 1 1 1 1 1 -1 2 2 2 1 1 
1 2 2 1 1 1 -1 2 -1 2 1 1 1 -1 -1 -1 2 2 -1 1 
1 2 2 2 1 1 1 2 1 2 2 2 2 -1 -1 2 2 2 2 2 
2 2 2 2 2 1 1 2 2 2 2 2 2 2 2 2 2 2 1 1 
1 2 2 2 2 1 1 1 1 2 2 2 2 2 1 2 2 1 2 1 
2 2 2 2 1 1 1 1 1 1 1 1 2 2 1 1 2 2 2 2 
2 2 2 2 1 2 2 1 1 2 1 2 2 2 2 1 2 2 2 2 
-1 2 1 1 4 2 2 2 2 2 2 2 2 2 2 2 2 2 2 2 
2 2 2 2 1 2 2 2 2 2 2 -1 -1 -1 -1 2 2 -1 2 2 
2 2 1 1 2 2 2 2 2 1 1 2 2 -1 -1 2 4 2 1 2 
2 2 2 1 2 2 2 2 2 1 -1 2 2 2 -1 2 2 4 2 1 
2 2 2 2 2 2 1 1 -1 1 2 1 2 2 2 2 -1 -1 2 1 
2 2 -1 2 2 2 2 -1 1 1 1 1 2 1 2 -1 2 -1 2 2 
2 2 2 2 2 2 -1 1 1 1 1 1 1 2 2 2 -1 2 1 2 
1 2 2 2 2 2 2 2 -1 -1 -1 -1 1 1 1 2 2 1 1 2 
2 -1 2 2 -1 -1 -1 -1 -1 -1 1 2 2 2 2 2 2 1 1 2 
2 2 1 1 1 -1 -1 -1 -1 -1 -1 1 1 -1 2 1 1 1 2 2 
1 2 1 1 -1 1 -1 -1 -1 -1 1 2 -1 1 -1 -1 1 1 1 1 
1 1 2 1 1 1 1 -1 -1 -1 -1 2 1 1 2 1 2 -1 1 1 
1 1 2 2 1 1 1 2 -1 1 1 1 1 2 1 2 2 2 -1 1 
-1 1 1 2 2 2 2 2 2 2 2 2 2 -1 1 1 -1 1 1 2 
2 1 1 -1 2 2 2 2 2 2 -1 2 1 1 1 -1 1 1 1 1 
-1 2 2 2 2 2 2 2 2 2 -1 -1 1 1 1 -1 -1 1 2 1 
1 1 2 2 2 2 2 2 2 2 2 1 1 2 1 -1 -1 2 2 2 
1 2 2 2 2 2 2 2 2 2 2 -1 1 1 -1 -1 -1 2 1 1 
1 1 2 2 2 -1 2 2 2 2 1 -1 -1 -1 1 -1 1 -1 1 1 
1 2 1 1 2 2 2 2 2 2 1 1 -1 1 -1 1 1 1 1 1 
1 -1 -1 1 2 2 1 2 2 2 2 1 1 -1 -1 1 1 1 1 1 
-1 1 1 1 2 2 1 2 2 -1 2 2 -1 -1 2 2 1 1 1 1 
1 1 1 1 2 1 2 2 1 2 1 1 -1 -1 -1 2 2 1 1 -1 
1 -1 1 2 2 1 1 2 2 1 2 -1 -1 -1 -1 2 2 1 -1 1 
1 -1 1 1 -1 -1 2 1 1 1 1 1 -1 -1 2 1 1 2 1 1 
1 1 -1 -1 -1 -1 -1 4 4 -1 1 1 -1 -1 -1 2 2 1 1 -1 
1 1 -1 -1 -1 -1 -1 2 2 4 1 1 -1 -1 2 2 2 2 2 2 
2 -1 1 -1 -1 -1 -1 -1 2 2 2 2 2 2 2 2 2 2 2 2 
2 2 -1 1 1 -1 -1 -1 2 2 2 2 2 2 2 2 1 2 2 2 
2 2 -1 1 -1 1 -1 2 1 2 -1 -1 2 2 2 1 2 1 1 2 
1 2 2 -1 2 -1 1 1 -1 -1 3 3 -1 2 1 1 1 1 2 1 
2 2 2 2 2 2 2 -1 -1 2 2 2 2 2 1 -1 1 1 1 -1 
2 2 2 2 2 2 2 2 2 -1 2 2 2 -1 -1 1 -1 1 2 -1 
2 2 2 -1 1 -1 -1 -1 -1 -1 1 -1 -1 1 -1 -1 -1 -1 -1 2 
2 -1 -1 1 -1 -1 -1 -1 -1 1 -1 1 -1 1 1 -1 -1 2 -1 -1 
-1 -1 -1 -1 -1 -1 -1 2 -1 1 1 1 1 1 1 -1 -1 -1 -1 -1 
-1 -1 -1 -1 -1 2 2 2 2 -1 -1 -1 1 1 2 -1 -1 1 1 -1 
-1 -1 -1 -1 -1 2 2 2 -1 -1 2 -1 1 2 2 -1 -1 -1 1 1 
-1 -1 -1 -1 -1 2 2 2 2 -1 -1 2 2 -1 -1 -1 -1 -1 1 1 
-1 -1 -1 -1 -1 2 2 1 -1 1 -1 -1 -1 -1 -1 -1 -1 1 -1 -1 
1 1 -1 -1 -1 1 1 -1 1 -1 -1 -1 -1 -1 -1 -1 -1 2 1 1 
1 -1 -1 -1 -1 -1 1 -1 1 1 1 -1 -1 -1 -1 -1 2 2 1 1 
1 -1 -1 2 2 -1 1 1 1 1 1 1 1 1 -1 -1 2 1 1 -1 
-1 1 1 2 -1 2 2 1 -1 -1 1 1 1 1 1 1 -1 -1 1 -1 
1 2 2 2 2 2 2 -1 -1 -1 1 1 1 1 1 1 1 -1 1 -1 
1 1 2 2 2 2 2 -1 -1 1 1 1 1 1 1 -1 1 1 -1 1 
2 2 -1 2 2 2 2 2 2 -1 -1 -1 1 1 1 1 2 -1 1 2 
2 2 2 2 2 2 2 2 1 -1 -1 -1 -1 -1 -1 2 -1 -1 1 -1 
-1 2 2 2 -1 2 2 2 2 2 -1 -1 -1 -1 -1 1 -1 -1 1 2 
1 2 2 2 -1 2 2 2 2 -1 -1 -1 -1 1 1 -1 -1 -1 -1 -1 
2 2 -1 -1 -1 -1 -1 -1 -1 -1 -1 1 1 1 1 -1 -1 -1 -1 2 
2 2 -1 -1 -1 -1 -1 -1 -1 -1 -1 -1 1 1 -1 -1 -1 -1 -1 2 
2 2 -1 -1 -1 -1 -1 -1 -1 -1 -1 -1 -1 -1 -1 -1 -1 -1 -1 2 
-1 -1 1 -1 -1 -1 -1 2 -1 2 2 2 1 1 1 2 2 -1 -1 -1 
-1 -1 -1 1 -1 -1 -1 -1 2 -1 -1 1 1 2 1 2 2 2 -1 -1 
-1 -1 1 -1 -1 -1 -1 -1 -1 -1 1 1 -1 2 2 -1 -1 -1 -1 -1 
-1 -1 2 -1 -1 -1 -1 -1 -1 -1 -1 1 -1 -1 1 2 2 -1 -1 -1 
-1 -1 -1 -1 -1 -1 -1 1 1 -1 -1 -1 -1 -1 2 2 2 2 -1 -1 
-1 -1 1 -1 -1 -1 -1 -1 -1 -1 -1 -1 -1 -1 -1 2 -1 -1 -1 -1 
-1 -1 1 1 -1 -1 -1 -1 -1 -1 -1 2 2 -1 -1 2 1 -1 -1 1 
1 1 -1 -1 -1 -1 -1 -1 -1 2 1 2 -1 -1 -1 -1 -1 -1 1 -1 
1 1 1 6 4 -1 -1 -1 -1 1 2 2 -1 -1 -1 -1 -1 -1 -1 1 
1 1 1 1 1 1 -1 -1 1 -1 2 -1 -1 -1 -1 -1 1 -1 1 -1 
1 1 1 4 1 -1 -1 1 1 -1 -1 -1 -1 -1 -1 -1 -1 1 1 5 
5 1 1 1 1 -1 -1 -1 -1 -1 -1 -1 -1 -1 -1 -1 -1 -1 -1 1 
1 5 5 4 -1 -1 5 -1 -1 -1 -1 -1 -1 -1 -1 1 -1 -1 -1 1 
1 1 33 4 5 5 -1 -1 -1 -1 -1 -1 -1 -1 -1 1 -1 -1 -1 1 
5 4 33 5 5 -1 1 1 1 -1 -1 -1 -1 -1 -1 -1 -1 -1 1 -1 
4 4 -1 5 4 -1 1 -1 -1 -1 -1 -1 1 -1 -1 -1 -1 1 1 1 
1 4 5 5 -1 -1 -1 -1 -1 -1 -1 -1 -1 1 1 1 -1 -1 1 -1 
1 -1 4 1 1 -1 -1 -1 -1 -1 -1 -1 -1 1 1 1 1 1 1 1 
-1 -1 1 1 -1 -1 -1 -1 -1 -1 -1 -1 -1 -1 1 1 1 -1 -1 -1 
-1 -1 1 -1 -1 -1 -1 -1 -1 -1 2 -1 2 1 2 1 -1 1 -1 -1 
1 1 2 1 1 1 3 2 1 1 1 -1 -1 -1 -1 1 1 1 -1 1 
2 -1 2 1 1 1 2 2 1 1 1 2 2 -1 -1 1 1 1 -1 1 
2 -1 -1 1 1 2 1 -1 1 1 2 2 2 -1 -1 -1 2 1 2 2 
2 -1 -1 -1 1 1 1 1 1 2 -1 -1 -1 -1 2 2 1 1 2 2 
2 -1 -1 -1 1 1 1 1 1 -1 -1 -1 -1 -1 2 2 2 2 2 2 
2 2 2 -1 -1 1 1 1 -1 -1 -1 -1 -1 -1 -1 2 2 2 -1 2 
-1 2 -1 -1 -1 -1 1 -1 -1 -1 1 -1 1 -1 -1 2 2 2 2 2 
2 2 -1 -1 -1 2 2 -1 -1 -1 1 -1 1 -1 2 2 2 2 2 2 
1 2 -1 -1 2 2 2 -1 -1 2 1 -1 1 2 -1 2 2 2 1 2 
1 -1 2 2 2 2 2 -1 2 2 1 1 -1 1 -1 1 2 -1 1 1 
2 1 -1 2 2 -1 2 2 2 1 1 1 1 -1 1 1 -1 1 1 2 
2 2 1 -1 -1 -1 2 2 2 1 1 1 1 1 1 -1 -1 2 2 2 
1 1 1 1 -1 1 2 2 2 2 1 1 1 -1 1 1 -1 -1 2 1 
2 1 1 1 1 -1 2 -1 2 1 1 1 2 -1 1 1 1 -1 1 -1 
-1 2 1 2 2 2 2 2 -1 1 1 2 2 -1 1 -1 1 1 1 2 
2 1 1 1 2 2 2 -1 2 -1 -1 2 -1 1 -1 -1 -1 1 1 2 
2 1 1 -1 2 -1 -1 -1 5 -1 -1 2 8 -1 1 2 -1 1 -1 2 
1 -1 1 -1 1 -1 3 -1 1 -1 2 2 2 1 2 -1 -1 -1 1 -1 
1 1 1 1 1 3 3 3 -1 1 -1 2 2 2 2 -1 5 -1 1 1 
-1 1 -1 -1 1 3 3 3 1 1 1 2 1 2 -1 -1 5 1 1 -1 
1 2 1 1 2 2 2 4 4 -1 -1 1 1 1 1 1 1 1 2 -1 
2 1 2 4 2 2 -1 -1 4 -1 1 1 1 1 1 1 1 1 5 2 
5 5 5 1 4 1 1 -1 4 4 1 -1 1 1 1 1 1 5 5 5 
1 5 2 -1 4 -1 -1 -1 1 1 1 -1 1 -1 1 1 2 5 5 5 
5 2 2 2 1 -1 1 1 1 -1 1 -1 1 -1 1 1 2 5 -1 -1 
5 -1 2 1 1 1 1 1 -1 1 1 1 1 1 2 2 -1 2 -1 5 
5 2 2 2 -1 1 -1 1 1 1 1 1 2 2 2 2 2 -1 -1 8 
8 2 -1 2 2 -1 -1 1 1 1 1 1 2 2 2 2 2 2 2 -1 
-1 2 2 2 -1 -1 -1 2 1 1 -1 2 2 2 -1 2 2 -1 -1 -1 
-1 -1 -1 -1 -1 2 2 2 1 1 2 2 2 -1 -1 -1 -1 -1 -1 -1 
-1 -1 -1 -1 -1 2 2 -1 1 1 -1 -1 -1 -1 -1 -1 -1 -1 -1 -1 
-1 -1 -1 1 -1 2 2 2 1 2 2 2 1 1 -1 -1 -1 1 1 1 
2 -1 2 -1 2 1 2 2 2 2 2 1 1 1 -1 -1 -1 1 1 2 
2 -1 2 2 1 1 -1 -1 2 2 2 2 1 1 -1 -1 1 -1 1 2 
-1 2 -1 2 2 2 2 -1 1 1 2 -1 1 1 1 1 1 2 2 1 
2 2 2 -1 -1 2 2 2 2 2 2 2 1 1 1 1 1 -1 1 2 
2 2 2 2 2 2 2 -1 -1 2 2 2 1 1 1 1 2 2 1 2 
4 2 2 2 -1 2 2 1 2 2 2 2 1 -1 1 -1 1 2 1 1 
2 4 2 4 2 2 2 -1 1 2 2 1 1 1 -1 2 2 5 5 4 
4 2 1 4 2 2 2 2 -1 2 2 -1 1 1 1 1 1 1 5 2 
-1 -1 -1 -1 -1 -1 -1 -1 2 2 -1 -1 -1 -1 -1 -1 -1 1 1 1 
2 2 -1 -1 -1 -1 -1 -1 -1 3 -1 2 -1 -1 -1 -1 -1 -1 1 1 
2 -1 -1 -1 -1 -1 -1 -1 -1 -1 3 -1 2 -1 -1 -1 -1 -1 -1 2 
2 -1 -1 -1 -1 -1 2 -1 -1 -1 -1 2 -1 -1 -1 2 -1 2 -1 2 
-1 -1 -1 -1 2 2 2 1 -1 -1 -1 2 -1 -1 -1 -1 2 -1 -1 -1 
-1 -1 2 1 -1 2 2 1 1 -1 1 2 -1 -1 2 2 2 -1 -1 -1 
-1 2 2 1 2 -1 1 2 -1 -1 1 2 -1 -1 2 2 2 2 1 1 
1 2 1 2 2 2 2 -1 -1 -1 2 2 -1 -1 2 2 -1 2 1 1 
2 1 1 1 2 -1 2 -1 -1 -1 2 2 2 -1 2 2 2 1 1 -1 
-1 1 1 2 2 2 2 2 -1 2 2 2 2 2 2 -1 -1 2 -1 2 
-1 -1 -1 3 1 1 2 3 2 2 2 2 2 1 -1 -1 -1 -1 -1 -1 
-1 -1 1 1 1 2 2 2 3 3 -1 2 2 1 1 -1 -1 1 1 1 
-1 -1 -1 -1 1 2 2 3 3 3 3 2 1 1 -1 1 -1 1 -1 -1 
-1 -1 -1 -1 1 -1 3 3 2 2 3 3 -1 -1 -1 -1 1 1 -1 -1 
-1 -1 -1 -1 -1 2 2 2 2 2 3 -1 3 -1 -1 -1 -1 -1 1 -1 
-1 1 1 -1 2 2 2 2 3 3 3 -1 2 2 -1 -1 -1 -1 1 -1 
1 1 1 -1 -1 2 2 2 3 -1 2 -1 -1 -1 2 -1 1 1 1 1 
1 -1 1 -1 -1 2 2 3 2 2 -1 -1 -1 -1 -1 -1 1 1 -1 1 
-1 -1 1 1 -1 -1 -1 -1 2 1 2 -1 -1 -1 -1 -1 -1 1 1 1 
1 -1 1 -1 -1 -1 -1 -1 -1 2 -1 -1 -1 -1 -1 -1 -1 1 1 1 
-1 -1 -1 -1 2 2 2 3 3 3 1 1 -1 -1 1 -1 1 -1 2 2 
-1 -1 -1 -1 3 2 2 2 2 3 1 1 1 1 1 1 1 -1 2 2 
2 -1 -1 -1 1 3 2 2 2 2 1 1 -1 1 1 1 -1 2 2 2 
2 -1 -1 -1 1 3 2 2 3 -1 1 -1 -1 1 1 -1 -1 -1 2 2 
-1 -1 -1 -1 1 -1 1 3 1 -1 -1 -1 -1 -1 -1 -1 -1 -1 -1 -1 
2 -1 1 1 2 1 1 1 2 1 2 -1 -1 -1 -1 -1 -1 -1 -1 -1 
2 2 2 2 2 -1 1 -1 -1 -1 2 -1 -1 -1 -1 -1 -1 -1 -1 2 
2 2 -1 2 1 2 1 1 -1 -1 2 -1 2 -1 -1 -1 -1 -1 -1 2 
2 -1 2 1 1 1 -1 -1 -1 -1 -1 2 -1 -1 -1 -1 -1 -1 2 2 
-1 -1 1 2 -1 1 1 -1 -1 -1 -1 -1 -1 -1 -1 -1 -1 -1 2 -1 
-1 -1 1 3 1 -1 -1 1 -1 -1 -1 -1 -1 3 2 -1 -1 -1 -1 3 
2 3 2 3 3 3 -1 -1 -1 -1 -1 -1 -1 2 -1 -1 3 -1 3 2 
2 2 2 1 3 -1 -1 -1 1 -1 1 2 2 2 -1 -1 3 2 2 2 
1 2 1 2 1 -1 -1 -1 -1 1 1 2 2 2 2 -1 -1 2 2 2 
1 1 2 1 -1 -1 -1 -1 1 1 1 2 2 2 2 -1 -1 -1 2 2 
2 2 1 1 1 -1 3 1 -1 3 2 2 2 -1 2 2 -1 3 3 2 
2 1 2 1 1 1 3 2 1 2 2 1 -1 2 -1 2 2 -1 2 2 
1 1 2 -1 1 2 1 2 2 3 3 -1 -1 1 2 -1 1 2 2 2 
2 2 2 -1 1 1 1 3 2 3 -1 2 1 1 2 1 1 -1 2 -1 
2 -1 -1 -1 1 1 3 1 2 1 1 -1 1 1 1 1 1 -1 -1 -1 
2 2 2 2 2 -1 -1 -1 -1 -1 -1 -1 -1 -1 -1 -1 1 1 2 2 
2 2 2 -1 2 -1 -1 2 -1 -1 -1 -1 -1 -1 -1 -1 1 1 2 -1 
-1 2 2 -1 2 2 -1 -1 -1 -1 -1 -1 -1 -1 -1 -1 -1 1 1 -1 
2 2 2 2 2 2 2 2 -1 -1 -1 -1 -1 -1 -1 -1 -1 1 1 1 
2 1 2 1 2 2 2 2 -1 2 -1 -1 -1 -1 -1 -1 1 1 1 1 
2 -1 2 1 2 -1 -1 2 2 -1 -1 -1 -1 -1 -1 -1 -1 1 2 2 
2 2 -1 2 2 2 -1 1 -1 1 -1 -1 -1 1 -1 1 1 1 1 2 
2 2 2 -1 2 -1 2 -1 1 1 1 1 1 1 1 1 1 1 1 -1 
-1 2 2 1 1 1 1 1 1 -1 -1 1 1 1 1 1 1 1 1 1 
-1 2 2 1 1 1 1 1 1 -1 -1 1 1 1 1 1 1 1 1 -1 
-1 2 2 1 1 1 -1 1 1 1 1 1 -1 1 1 1 1 1 1 1 
-1 -1 2 2 2 1 1 1 1 1 1 -1 -1 -1 1 1 1 2 2 1 
-1 2 2 2 8 1 1 8 -1 -1 1 1 -1 1 1 1 -1 2 2 2 
-1 -1 2 -1 8 8 8 8 -1 8 -1 -1 1 1 1 -1 -1 -1 -1 -1 
-1 -1 -1 -1 -1 8 8 8 8 8 8 1 -1 1 -1 -1 -1 -1 -1 -1 
2 -1 -1 2 -1 -1 8 8 8 8 -1 1 -1 -1 -1 -1 1 -1 -1 -1 
2 1 2 2 -1 -1 8 8 8 -1 -1 1 -1 -1 -1 -1 1 1 -1 -1 
3 2 2 2 -1 -1 8 8 8 -1 -1 -1 -1 -1 -1 1 1 1 -1 2 
3 2 2 -1 2 -1 8 -1 -1 -1 -1 -1 -1 -1 -1 1 1 1 2 2 
2 2 2 2 -1 2 -1 -1 -1 -1 -1 -1 -1 -1 1 1 2 2 -1 3 
2 2 2 2 2 2 2 1 1 1 1 1 -1 -1 1 1 2 2 -1 2 
1 2 2 2 2 2 2 1 1 1 1 1 2 -1 2 2 2 2 2 1 
2 2 2 2 2 2 2 1 -1 1 1 1 2 2 2 1 -1 2 2 -1 
2 2 2 2 2 1 1 -1 1 1 1 2 2 2 2 2 2 2 2 2 
2 2 2 1 2 1 1 -1 1 -1 1 1 2 2 2 -1 2 2 2 2 
2 2 2 1 1 1 -1 -1 1 1 2 1 2 2 2 2 2 2 -1 -1 
2 2 2 1 1 1 1 2 2 1 1 1 2 -1 2 2 2 2 2 2 
2 -1 2 1 1 1 1 2 -1 1 1 1 1 -1 2 2 -1 2 -1 2 
2 2 1 2 2 -1 1 -1 1 1 1 1 1 2 2 -1 2 2 -1 -1 
2 2 2 2 2 -1 -1 1 -1 1 1 1 -1 1 2 -1 1 2 2 2 
2 -1 2 2 2 2 2 -1 1 1 1 -1 2 -1 1 -1 1 1 2 1 
1 2 2 -1 1 1 -1 -1 1 1 1 1 1 1 1 1 2 2 -1 1 
-1 -1 2 1 -1 -1 -1 -1 -1 1 2 1 1 1 -1 2 2 1 1 -1 
-1 1 1 -1 1 1 -1 -1 -1 2 -1 1 1 1 -1 -1 -1 1 -1 -1 
1 1 2 2 1 1 1 -1 -1 -1 -1 -1 -1 1 -1 -1 -1 -1 1 -1 
-1 2 2 2 1 1 2 -1 -1 -1 -1 -1 -1 -1 -1 -1 -1 -1 -1 -1 
1 2 2 1 2 2 -1 -1 -1 -1 2 -1 -1 -1 -1 2 2 2 -1 -1 
2 2 -1 1 2 2 2 -1 -1 2 2 3 -1 3 3 2 2 -1 2 2 
2 2 2 2 2 2 2 2 2 2 3 3 3 2 3 2 2 2 2 2 
2 2 2 2 -1 2 2 -1 2 2 -1 -1 1 -1 2 2 2 -1 2 2 
-1 -1 -1 -1 2 2 2 -1 -1 2 2 2 2 1 1 2 2 2 -1 -1 
-1 -1 -1 2 2 2 -1 2 2 -1 -1 -1 -1 -1 3 3 2 2 -1 -1 
-1 -1 -1 -1 -1 2 2 -1 2 2 2 2 -1 3 -1 -1 2 -1 -1 -1 
-1 -1 -1 -1 -1 -1 -1 2 2 3 2 -1 -1 -1 3 2 -1 3 -1 -1 
-1 -1 -1 -1 1 1 -1 -1 3 2 -1 -1 -1 -1 -1 3 -1 -1 -1 -1 
4 2 2 2 2 2 1 2 3 2 2 2 -1 -1 -1 -1 -1 -1 -1 2 
2 2 2 2 2 2 1 1 4 3 -1 -1 -1 -1 -1 -1 -1 -1 2 2 
2 2 2 4 -1 4 1 2 1 -1 -1 -1 -1 -1 2 2 2 2 2 2 
-1 -1 2 4 4 1 2 -1 1 1 2 2 2 -1 2 -1 2 2 2 2 
-1 2 2 4 1 2 2 1 2 -1 1 2 3 -1 2 2 2 2 2 1 
-1 2 2 4 2 2 2 -1 2 1 1 2 2 2 2 -1 2 2 -1 1 
2 2 2 2 2 2 -1 2 1 1 1 -1 3 2 2 -1 2 1 1 1 
2 2 2 -1 2 4 2 2 1 1 3 2 2 3 1 2 -1 1 1 2 
1 2 2 2 2 2 2 2 2 -1 -1 1 1 2 2 2 1 1 2 -1 
1 1 2 2 2 2 2 2 2 2 -1 2 2 2 -1 1 -1 1 1 2 
2 2 2 2 2 2 -1 2 2 2 2 2 2 2 2 -1 1 1 1 1 
-1 2 2 2 2 -1 2 2 2 2 2 2 2 2 2 -1 1 1 1 -1 
-1 2 2 2 -1 -1 2 -1 2 2 2 2 2 -1 -1 2 2 -1 -1 -1 
-1 -1 2 2 2 2 -1 -1 2 2 2 2 2 2 2 2 2 2 -1 -1 
-1 -1 -1 2 2 2 -1 -1 2 2 2 2 2 1 1 2 2 1 1 -1 
2 -1 2 2 2 2 -1 2 2 2 2 1 1 2 1 1 2 2 2 2 
2 2 2 2 2 -1 2 2 2 2 2 1 2 1 1 1 2 2 2 2 
2 -1 2 2 2 2 11 -1 2 2 -1 1 1 2 1 1 2 2 -1 2 
-1 -1 2 2 2 11 11 2 2 2 11 11 1 1 1 1 1 2 -1 2 
-1 -1 2 2 2 2 2 2 2 2 1 1 1 1 1 1 1 -1 -1 -1 
-1 -1 2 2 2 2 2 2 11 2 2 1 1 1 -1 1 1 -1 2 -1 
-1 -1 2 2 1 1 1 2 2 2 2 1 -1 1 -1 1 -1 2 2 2 
-1 1 1 -1 1 1 1 -1 2 2 -1 2 1 1 1 -1 2 2 2 -1 
-1 1 1 1 1 1 -1 1 1 2 2 -1 1 1 -1 -1 2 2 -1 -1 
-1 -1 1 1 1 2 1 1 1 2 -1 2 2 -1 -1 2 2 2 -1 -1 
-1 1 -1 1 2 1 2 2 2 -1 2 -1 -1 -1 2 2 2 -1 2 2 
-1 1 1 -1 -1 2 2 2 2 1 -1 2 -1 -1 -1 2 -1 -1 -1 -1 
-1 1 1 -1 2 -1 2 2 2 2 -1 -1 -1 -1 -1 -1 2 2 -1 -1 
-1 -1 1 -1 -1 2 -1 2 2 -1 2 2 -1 -1 2 -1 2 2 2 -1 
-1 -1 -1 -1 1 -1 -1 2 2 2 -1 2 2 2 2 2 2 2 -1 2 
2 -1 2 -1 1 2 2 2 2 2 1 2 2 2 2 2 2 2 2 2 
-1 -1 -1 2 2 2 2 2 2 2 2 2 2 2 2 2 2 2 2 2 
2 -1 -1 2 2 -1 2 2 2 2 2 2 2 2 2 2 2 2 2 2 
2 -1 -1 2 2 -1 2 2 2 2 2 2 2 1 2 2 2 -1 2 2 
-1 2 2 -1 2 2 2 2 2 2 2 2 1 2 2 2 2 2 2 2 
2 -1 2 2 -1 -1 2 2 -1 2 1 1 1 -1 1 2 1 1 2 2 
2 2 2 1 1 1 2 2 2 1 1 2 2 -1 -1 2 2 2 2 2 
2 2 1 1 1 -1 1 1 2 1 1 2 2 2 2 2 2 2 -1 2 
1 2 1 2 1 1 2 2 2 1 2 2 2 2 2 2 2 2 2 -1 
2 1 -1 1 1 2 1 2 2 -1 1 2 2 2 2 2 2 2 2 1 
1 -1 1 2 1 1 2 2 2 1 1 2 2 2 2 2 -1 2 2 2 
-1 1 1 1 1 2 1 2 2 2 -1 -1 2 2 2 2 2 2 2 2 
-1 -1 -1 1 -1 1 2 -1 -1 2 -1 -1 2 -1 2 -1 -1 2 2 2 
-1 -1 -1 1 -1 1 1 -1 -1 -1 -1 -1 -1 -1 -1 -1 2 2 -1 2 
-1 -1 -1 -1 1 1 1 -1 -1 -1 -1 -1 -1 -1 -1 -1 -1 -1 -1 -1 
-1 2 -1 -1 -1 1 -1 -1 -1 -1 -1 -1 -1 -1 -1 -1 -1 -1 1 1 
-1 2 -1 2 -1 1 -1 -1 -1 -1 -1 -1 -1 -1 -1 -1 -1 -1 1 -1 
-1 -1 2 2 -1 -1 -1 -1 -1 -1 -1 -1 -1 -1 -1 -1 -1 -1 -1 -1 
-1 -1 2 2 -1 1 2 -1 2 2 2 8 2 -1 -1 -1 -1 -1 -1 2 
2 2 -1 -1 2 2 -1 2 2 2 8 2 2 2 2 -1 -1 -1 -1 2 
2 2 2 2 2 2 2 2 2 2 2 8 2 -1 -1 -1 2 2 2 2 
2 -1 2 2 2 2 2 1 2 2 2 2 2 -1 -1 -1 1 2 2 2 
2 2 2 -1 2 2 1 2 2 2 2 2 1 1 2 -1 2 1 2 2 
2 -1 -1 2 -1 2 1 2 2 2 2 2 1 2 2 1 -1 2 -1 2 
2 2 2 2 2 2 2 -1 -1 -1 2 2 1 2 1 1 1 2 1 -1 
1 1 1 1 1 -1 -1 2 2 -1 -1 -1 -1 4 1 1 -1 1 1 1 
1 1 1 1 -1 2 -1 2 1 1 1 -1 -1 4 4 5 -1 -1 -1 1 
1 1 1 1 1 1 2 -1 1 1 -1 -1 5 4 4 5 4 -1 5 1 
1 1 1 1 1 1 1 -1 1 1 -1 -1 4 5 5 4 -1 5 -1 1 
1 1 1 1 1 1 1 1 1 -1 1 5 -1 5 5 5 5 -1 -1 -1 
1 1 1 1 1 1 1 1 1 -1 -1 4 4 4 5 5 -1 -1 1 1 
1 1 1 1 1 1 1 1 1 -1 1 -1 5 4 -1 4 -1 1 1 1 
1 -1 1 1 1 1 1 1 -1 2 1 1 5 4 1 -1 4 1 1 1 
1 1 1 1 1 1 1 1 1 1 1 1 1 1 1 1 -1 2 1 1 
1 1 1 1 1 1 1 1 1 1 1 1 1 1 1 1 2 2 1 1 
1 1 1 1 1 1 1 9 1 1 1 2 1 -1 2 2 -1 2 1 1 
1 2 1 1 1 1 1 9 1 1 2 1 1 2 2 -1 2 2 -1 1 
2 1 1 -1 1 1 1 1 -1 -1 -1 2 1 2 -1 2 -1 2 2 2 
2 2 -1 -1 1 1 1 2 -1 -1 -1 -1 -1 2 2 2 2 2 2 2 
2 -1 2 2 1 1 2 2 2 -1 -1 2 1 -1 2 2 2 2 2 1 
1 1 1 1 2 2 -1 1 -1 2 2 2 2 4 4 2 -1 2 2 1 
1 1 1 -1 -1 2 2 -1 -1 -1 2 -1 1 1 4 -1 -1 1 1 1 
1 1 1 1 1 -1 -1 -1 -1 -1 -1 1 1 1 -1 1 1 1 -1 1 
1 1 1 1 1 1 -1 -1 -1 -1 -1 -1 1 1 -1 1 1 1 1 -1 
1 1 1 1 1 1 -1 2 -1 -1 -1 -1 -1 -1 1 1 1 1 1 1 
4 1 1 -1 1 -1 1 -1 -1 -1 -1 1 1 -1 4 4 4 4 4 4 
4 1 4 1 1 1 -1 -1 -1 -1 -1 1 1 1 4 4 4 4 4 4 
4 1 1 1 1 1 1 -1 -1 -1 1 -1 -1 -1 4 4 4 4 4 -1 
1 1 1 1 1 1 -1 -1 -1 -1 -1 1 -1 -1 -1 4 4 4 4 -1 
-1 2 1 2 1 -1 -1 -1 -1 1 -1 -1 -1 1 1 1 4 4 4 2 
2 2 2 2 -1 -1 -1 -1 -1 -1 -1 -1 1 1 1 1 -1 -1 2 2 
2 2 -1 -1 1 1 -1 -1 -1 -1 -1 -1 1 1 1 2 2 -1 -1 2 
2 1 1 1 -1 -1 -1 4 4 -1 -1 -1 4 4 4 2 2 -1 -1 2 
2 1 1 1 -1 -1 4 4 4 1 1 4 4 4 1 1 2 1 1 2 
5 2 2 1 1 -1 -1 -1 1 1 4 4 4 4 4 1 2 -1 1 4 
2 1 1 -1 -1 -1 1 1 1 1 1 4 4 4 1 1 -1 -1 -1 5 
1 1 -1 -1 -1 1 1 1 1 1 4 4 4 4 4 1 1 -1 5 4 
5 -1 1 -1 1 1 1 1 4 4 1 4 -1 4 4 4 4 4 5 1 
5 4 4 1 1 1 1 4 4 1 1 1 4 -1 4 4 4 4 5 1 
4 4 -1 -1 1 1 1 1 4 4 -1 1 1 1 1 4 4 4 4 4 
4 4 4 1 1 1 1 -1 1 1 1 1 4 1 4 4 4 -1 2 4 
4 4 4 4 1 -1 1 1 1 -1 -1 -1 1 4 4 4 4 4 4 4 
-1 4 4 -1 1 1 1 -1 1 -1 1 1 1 1 4 4 4 4 4 4 
-1 4 -1 1 1 1 -1 -1 -1 -1 1 1 -1 4 4 -1 4 -1 4 4 
-1 -1 -1 1 -1 1 1 -1 -1 5 1 1 1 4 4 4 4 4 4 4 
4 1 -1 4 1 1 1 1 -1 -1 -1 1 -1 1 1 1 1 2 1 1 
4 4 -1 -1 1 1 -1 -1 1 1 1 1 1 1 -1 1 1 4 5 5 
5 5 -1 1 1 1 -1 -1 1 1 1 1 1 -1 -1 1 -1 4 5 5 
5 -1 -1 2 2 -1 -1 -1 1 1 1 1 2 -1 -1 1 5 5 -1 1 
-1 -1 2 1 1 -1 -1 1 1 2 2 2 -1 -1 2 -1 -1 5 -1 -1 
-1 -1 -1 2 1 1 -1 1 1 2 2 2 2 2 2 -1 -1 -1 5 -1 
-1 -1 -1 1 1 4 -1 1 -1 -1 2 2 2 2 1 1 -1 -1 -1 -1 
-1 -1 -1 -1 1 4 4 -1 -1 2 -1 2 2 1 1 1 6 -1 -1 -1 
-1 -1 -1 -1 4 4 -1 -1 -1 2 -1 2 2 -1 -1 6 -1 6 -1 -1 
-1 -1 2 2 -1 4 1 1 1 1 1 -1 2 -1 -1 -1 1 -1 -1 -1 
2 2 -1 -1 2 -1 1 1 1 1 -1 -1 2 -1 1 1 1 -1 -1 -1 
-1 2 -1 -1 2 1 1 1 1 -1 -1 1 -1 -1 -1 1 -1 -1 -1 -1 
-1 -1 -1 1 1 2 2 1 1 1 1 1 1 1 1 -1 -1 -1 -1 -1 
-1 5 5 5 1 -1 2 3 1 1 1 1 1 1 -1 -1 -1 -1 -1 -1 
4 -1 5 5 5 1 -1 -1 3 1 1 1 1 -1 -1 -1 -1 -1 -1 -1 
-1 4 5 5 5 1 1 1 1 1 -1 1 -1 -1 -1 -1 -1 1 1 1 
-1 1 5 5 5 5 -1 5 -1 -1 1 1 1 1 -1 -1 -1 -1 1 1 
1 1 3 3 5 -1 1 -1 5 1 -1 1 1 -1 -1 -1 -1 -1 -1 1 
-1 1 1 5 -1 -1 -1 -1 -1 1 -1 -1 -1 -1 -1 -1 1 1 -1 4 
4 1 1 1 4 -1 1 -1 -1 -1 -1 -1 -1 -1 1 1 1 1 2 4 
2 2 2 2 2 1 1 2 2 -1 -1 -1 -1 -1 -1 6 -1 1 1 2 
2 2 2 2 1 1 1 1 -1 -1 -1 -1 -1 -1 -1 -1 -1 -1 2 2 
2 -1 -1 2 -1 1 -1 1 -1 -1 -1 -1 -1 -1 -1 -1 2 2 2 2 
2 -1 2 -1 1 2 2 1 1 1 -1 -1 -1 -1 -1 -1 -1 2 2 2 
2 2 -1 2 2 2 2 -1 1 -1 6 6 -1 1 -1 -1 -1 2 2 2 
2 2 2 2 2 -1 -1 2 2 2 2 1 -1 -1 -1 2 2 2 2 2 
2 -1 2 2 -1 -1 2 -1 -1 6 -1 -1 1 -1 -1 1 -1 2 2 2 
-1 -1 -1 -1 -1 -1 -1 -1 -1 -1 -1 -1 -1 1 1 1 1 1 2 2 
-1 2 -1 -1 -1 -1 -1 -1 6 -1 1 -1 -1 -1 -1 1 1 1 1 2 
-1 -1 2 -1 -1 -1 -1 1 1 1 1 -1 -1 -1 -1 -1 -1 1 1 1 
-1 -1 -1 -1 -1 -1 -1 1 1 1 1 6 -1 -1 -1 1 1 1 2 2 
1 -1 -1 -1 6 -1 -1 -1 -1 1 -1 -1 -1 -1 -1 -1 1 -1 1 2 
1 1 -1 -1 -1 -1 6 -1 -1 -1 -1 -1 -1 -1 -1 -1 -1 1 6 6 
-1 -1 -1 -1 -1 -1 -1 -1 -1 -1 -1 -1 -1 -1 -1 -1 -1 -1 1 1 
1 1 -1 -1 -1 -1 -1 -1 -1 -1 -1 -1 -1 -1 -1 -1 -1 -1 1 1 
1 -1 1 -1 -1 -1 -1 -1 -1 -1 -1 -1 -1 -1 -1 1 1 1 1 1 
1 1 1 -1 -1 -1 -1 -1 -1 -1 -1 -1 -1 -1 -1 -1 1 1 1 1 
1 2 -1 -1 -1 -1 -1 -1 1 1 1 -1 -1 -1 -1 -1 40 1 1 1 
1 2 -1 2 -1 -1 -1 -1 1 1 1 -1 -1 -1 -1 -1 -1 1 1 1 
2 2 2 2 6 -1 -1 -1 1 3 -1 -1 -1 -1 -1 -1 -1 1 5 2 
-1 -1 40 -1 -1 -1 -1 -1 6 -1 -1 -1 -1 6 6 6 40 40 -1 2 
-1 -1 -1 -1 -1 -1 -1 6 -1 -1 -1 -1 6 -1 -1 -1 40 40 -1 -1 
-1 -1 -1 -1 -1 -1 1 -1 -1 -1 -1 -1 -1 6 -1 -1 -1 -1 -1 -1 
-1 6 1 -1 -1 1 1 -1 -1 -1 -1 -1 -1 -1 -1 -1 -1 -1 -1 -1 
6 -1 -1 6 -1 6 6 -1 -1 -1 -1 6 1 1 6 -1 6 -1 -1 6 
-1 6 6 6 6 6 6 -1 -1 6 6 -1 1 -1 -1 6 -1 -1 -1 -1 
-1 6 6 6 6 6 -1 2 6 6 6 -1 -1 -1 -1 -1 -1 -1 -1 -1 
6 6 6 6 40 6 6 6 2 -1 6 6 -1 -1 -1 -1 6 2 6 -1 
-1 -1 2 2 6 6 6 6 -1 -1 -1 -1 -1 -1 -1 -1 6 2 6 6 
-1 -1 6 -1 2 6 6 6 -1 -1 -1 -1 -1 1 -1 -1 6 -1 6 -1 
-1 1 -1 -1 -1 6 -1 6 -1 -1 -1 -1 2 1 1 -1 -1 6 -1 -1 
-1 1 1 -1 6 6 6 -1 -1 -1 -1 -1 2 2 1 -1 -1 -1 -1 -1 
-1 1 1 6 -1 -1 -1 -1 -1 -1 2 2 2 2 1 -1 -1 -1 -1 -1 
-1 -1 -1 -1 -1 -1 -1 -1 -1 -1 2 40 40 40 3 -1 1 -1 -1 -1 
-1 -1 -1 -1 -1 -1 -1 6 6 -1 40 40 40 -1 -1 1 1 -1 -1 -1 
-1 -1 -1 -1 -1 -1 -1 -1 -1 6 6 -1 40 -1 -1 1 8 40 -1 -1 
40 -1 -1 -1 -1 -1 -1 -1 -1 -1 -1 6 -1 -1 -1 -1 40 8 40 -1 
40 40 -1 -1 -1 -1 -1 -1 -1 -1 -1 -1 -1 -1 40 40 40 40 40 1 
40 -1 -1 -1 -1 -1 -1 -1 -1 -1 -1 6 6 1 -1 40 1 1 40 -1 
40 40 40 40 -1 -1 -1 -1 -1 -1 -1 -1 -1 6 1 -1 -1 1 6 2 
-1 3 40 -1 -1 1 -1 -1 -1 -1 -1 -1 -1 -1 -1 -1 40 40 -1 -1 
3 -1 -1 -1 1 1 -1 6 6 6 -1 -1 -1 1 -1 40 40 40 -1 -1 
3 3 1 1 1 -1 6 1 6 -1 -1 -1 1 -1 -1 -1 6 -1 1 3 
3 3 1 1 1 -1 6 1 1 -1 -1 -1 -1 -1 -1 -1 6 -1 -1 1 
-1 1 -1 1 1 1 1 1 1 -1 -1 -1 -1 -1 -1 -1 6 -1 -1 1 
-1 -1 1 2 1 -1 1 1 -1 1 1 -1 -1 -1 -1 -1 -1 -1 1 -1 
-1 -1 -1 1 1 -1 -1 -1 1 1 1 1 -1 -1 -1 -1 -1 -1 -1 -1 
-1 -1 -1 -1 1 -1 -1 -1 -1 1 1 1 -1 -1 -1 -1 -1 -1 -1 -1 
-1 -1 -1 -1 -1 1 -1 -1 -1 -1 -1 -1 -1 -1 -1 -1 -1 -1 6 -1 
-1 -1 -1 -1 1 -1 -1 -1 -1 -1 -1 -1 -1 6 6 6 -1 6 6 6 
-1 -1 -1 -1 1 -1 -1 -1 -1 -1 4 -1 -1 -1 -1 -1 3 6 6 6 
6 -1 -1 1 1 1 -1 -1 -1 4 4 -1 -1 -1 -1 6 3 6 6 6 
-1 1 1 -1 1 -1 1 -1 2 4 4 -1 -1 6 6 6 6 1 -1 6 
-1 1 1 1 1 1 -1 2 1 4 4 -1 6 -1 6 -1 -1 -1 1 1 
-1 1 1 -1 1 1 2 1 1 -1 -1 -1 -1 5 -1 6 -1 -1 1 -1 
1 1 1 1 1 2 2 -1 -1 1 -1 -1 -1 6 5 5 -1 -1 1 1 
1 1 5 -1 -1 -1 -1 -1 1 -1 -1 -1 -1 1 6 -1 -1 -1 1 40 
40 40 40 1 -1 -1 -1 -1 -1 -1 1 -1 1 1 1 -1 -1 -1 -1 40 
40 40 1 1 -1 -1 -1 -1 -1 -1 1 1 6 1 1 -1 -1 1 40 40 
-1 1 40 -1 1 -1 -1 -1 -1 -1 -1 6 -1 1 -1 -1 -1 1 -1 -1 
-1 -1 -1 -1 -1 6 -1 -1 -1 1 1 1 -1 -1 -1 6 -1 -1 -1 -1 
-1 3 -1 -1 6 2 -1 -1 -1 -1 -1 1 -1 -1 -1 -1 6 -1 -1 -1 
3 3 6 6 -1 6 6 -1 -1 6 -1 3 3 -1 -1 -1 -1 6 -1 -1 
3 6 1 6 6 6 -1 4 6 2 3 3 3 -1 -1 -1 -1 -1 -1 3 
1 1 1 6 6 6 6 -1 4 2 1 -1 -1 -1 40 40 -1 -1 3 3 
1 6 6 6 6 6 6 -1 4 1 1 3 -1 -1 40 40 40 1 -1 -1 
6 6 -1 -1 6 6 1 -1 4 -1 5 -1 3 1 40 40 1 40 1 -1 
-1 -1 -1 6 6 1 -1 -1 -1 1 -1 1 -1 -1 1 1 1 1 40 -1 
-1 -1 1 6 6 6 6 -1 1 1 5 1 1 4 4 5 1 1 -1 -1 
-1 -1 1 6 6 6 6 6 1 5 1 5 5 1 1 1 5 -1 1 -1 
-1 -1 -1 2 2 6 6 6 5 5 5 1 5 1 1 -1 -1 -1 -1 -1 
-1 2 1 1 1 6 6 -1 1 5 4 1 1 5 5 1 -1 1 -1 1 
1 -1 1 1 6 6 6 6 1 4 5 5 1 1 1 1 -1 1 1 -1 
-1 1 1 1 6 6 6 6 -1 5 1 1 1 5 -1 -1 -1 6 6 1 
-1 -1 1 6 1 6 6 -1 5 1 1 5 5 5 1 1 1 -1 1 -1 
-1 -1 -1 1 1 6 6 -1 5 -1 -1 5 1 1 1 1 1 -1 1 -1 
-1 -1 -1 1 1 1 -1 6 -1 -1 1 1 -1 1 1 1 -1 1 -1 -1 
-1 -1 1 -1 -1 -1 -1 -1 1 1 -1 1 1 1 1 6 -1 -1 -1 -1 
-1 -1 -1 -1 -1 -1 -1 -1 1 1 1 1 1 -1 1 6 6 -1 -1 6 
-1 -1 -1 -1 -1 -1 -1 -1 1 1 1 1 -1 -1 -1 6 6 -1 -1 -1 
-1 -1 -1 6 1 6 -1 2 -1 1 1 -1 -1 1 -1 -1 1 1 1 -1 
-1 6 6 6 6 1 1 1 -1 1 -1 1 1 1 1 1 1 1 1 1 
-1 -1 6 6 1 -1 1 -1 1 -1 -1 1 1 1 1 1 1 -1 -1 -1 
6 6 6 6 1 1 -1 -1 1 1 -1 6 1 1 -1 6 -1 -1 6 -1 
-1 -1 -1 6 1 -1 -1 -1 1 1 1 1 1 1 6 6 6 6 -1 6 
1 1 -1 -1 -1 -1 -1 1 -1 -1 1 1 6 6 1 1 6 -1 -1 1 
6 -1 1 1 1 -1 -1 -1 1 -1 -1 1 6 6 1 1 1 -1 6 -1 
6 6 1 3 6 1 1 1 1 -1 -1 -1 1 1 1 1 1 -1 6 6 
-1 1 -1 -1 -1 1 -1 -1 6 -1 -1 -1 -1 -1 1 1 1 1 6 6 
-1 -1 -1 1 1 -1 1 -1 -1 6 -1 -1 1 1 1 1 -1 -1 1 1 
-1 -1 -1 1 1 1 1 -1 -1 1 -1 -1 1 1 -1 1 -1 -1 -1 -1 
-1 -1 6 1 1 -1 1 -1 1 -1 1 1 1 -1 -1 1 -1 -1 -1 -1 
-1 -1 -1 -1 -1 -1 1 -1 -1 1 1 6 -1 1 1 1 1 -1 -1 -1 
-1 -1 -1 -1 -1 -1 -1 -1 -1 1 6 6 -1 1 1 1 1 -1 -1 -1 
-1 -1 -1 -1 -1 -1 -1 -1 1 6 -1 6 6 6 2 6 6 -1 -1 -1 
6 -1 -1 -1 1 -1 -1 -1 1 -1 6 6 1 1 6 6 -1 6 -1 -1 
6 6 -1 1 -1 1 -1 6 -1 -1 6 1 1 1 -1 6 -1 -1 1 1 
6 1 -1 -1 -1 -1 -1 6 6 -1 -1 6 1 -1 1 -1 1 -1 1 -1 
1 -1 -1 1 1 1 -1 2 2 -1 -1 1 1 -1 -1 -1 -1 1 -1 -1 
-1 -1 -1 -1 1 1 -1 -1 1 -1 -1 -1 1 -1 -1 -1 -1 -1 -1 -1 
1 1 -1 2 2 1 3 1 -1 -1 -1 -1 -1 -1 -1 1 -1 1 1 -1 
1 1 1 1 1 2 3 3 -1 -1 -1 -1 -1 3 3 1 -1 1 1 1 
1 1 1 1 3 1 3 -1 -1 -1 -1 -1 3 1 1 1 1 1 1 1 
1 1 1 1 2 3 -1 3 -1 -1 -1 2 2 1 1 1 1 1 1 1 
1 -1 -1 1 2 1 2 1 -1 -1 -1 -1 3 1 1 1 1 -1 1 1 
-1 2 2 2 2 2 -1 1 -1 -1 -1 -1 -1 1 -1 1 -1 -1 1 1 
2 2 2 2 2 1 1 -1 -1 -1 -1 -1 1 1 -1 -1 -1 1 1 -1 
-1 2 2 2 2 2 -1 -1 -1 -1 -1 -1 1 -1 -1 -1 -1 1 1 -1 
-1 -1 2 -1 2 -1 -1 2 -1 -1 -1 -1 -1 -1 -1 1 1 1 1 -1 
1 -1 -1 -1 2 -1 2 2 2 2 -1 -1 1 -1 1 1 2 1 1 1 
1 -1 -1 -1 -1 2 2 2 2 -1 -1 -1 -1 1 -1 1 1 1 1 1 
-1 -1 -1 -1 -1 1 2 2 2 -1 -1 -1 -1 1 1 1 -1 1 1 1 
-1 -1 -1 1 1 -1 -1 2 -1 -1 1 -1 -1 -1 1 1 -1 1 -1 -1 
-1 1 1 1 1 1 2 -1 -1 -1 -1 -1 -1 -1 1 1 1 -1 1 1 
1 -1 1 -1 1 1 1 2 1 -1 -1 -1 -1 -1 1 1 1 1 1 2 
1 1 -1 1 1 -1 1 1 1 -1 -1 -1 -1 -1 -1 1 -1 1 1 1 
-1 1 -1 -1 -1 -1 -1 2 -1 1 -1 -1 -1 -1 -1 1 -1 -1 -1 1 
1 -1 -1 -1 -1 2 2 -1 2 2 2 -1 -1 -1 -1 -1 -1 -1 -1 -1 
1 1 1 -1 2 2 2 2 2 -1 -1 -1 -1 -1 -1 -1 -1 -1 -1 -1 
-1 1 2 1 2 2 2 2 2 -1 1 -1 -1 -1 -1 -1 1 -1 -1 -1 
2 2 2 2 2 2 -1 1 2 1 1 -1 -1 1 1 1 2 2 -1 -1 
2 2 2 2 3 2 1 1 1 -1 -1 1 1 1 1 -1 1 1 -1 3 
3 2 2 2 2 2 2 1 1 2 2 1 1 1 1 -1 -1 -1 -1 3 
2 2 2 2 2 2 2 2 2 1 3 2 1 -1 -1 -1 -1 -1 2 -1 
2 2 2 -1 -1 2 2 3 2 -1 1 1 -1 -1 1 -1 -1 -1 -1 2 
2 2 2 -1 2 1 1 1 1 2 -1 -1 -1 1 1 -1 -1 -1 1 2 
1 -1 -1 1 1 1 1 1 1 1 1 1 -1 -1 -1 -1 -1 -1 1 2 
2 -1 2 2 -1 1 1 -1 1 2 2 2 -1 -1 -1 -1 -1 1 2 1 
3 -1 1 1 -1 -1 3 1 2 2 2 -1 -1 -1 -1 -1 2 2 -1 2 
2 -1 2 2 2 -1 -1 2 -1 -1 2 -1 -1 1 -1 2 2 2 2 3 
-1 2 2 2 -1 -1 1 -1 -1 -1 -1 -1 -1 -1 1 1 2 2 2 -1 
2 -1 1 1 -1 -1 -1 1 -1 -1 -1 -1 -1 -1 2 2 1 2 2 2 
2 -1 -1 1 -1 -1 -1 2 2 2 -1 9 -1 -1 2 2 2 2 2 2 
2 2 2 1 2 -1 -1 -1 -1 1 1 9 2 8 -1 -1 2 2 2 -1 
-1 -1 2 2 2 2 2 2 1 2 2 2 8 2 2 2 -1 2 2 2 
1 2 2 -1 2 2 -1 -1 2 1 2 2 2 2 2 2 2 2 -1 -1 
2 -1 -1 2 2 -1 2 -1 2 1 2 1 9 -1 -1 1 2 2 2 2 
-1 -1 -1 -1 -1 2 -1 1 2 2 8 1 8 1 -1 1 1 1 2 -1 
-1 -1 2 -1 -1 1 2 1 1 3 8 -1 -1 1 -1 1 1 2 2 -1 
-1 2 2 2 2 1 1 1 3 1 3 -1 1 -1 1 1 2 2 2 -1 
9 9 1 -1 1 2 -1 -1 -1 -1 -1 -1 -1 -1 -1 -1 2 -1 -1 -1 
2 2 -1 -1 2 -1 -1 -1 -1 -1 -1 -1 -1 -1 -1 -1 -1 -1 -1 2 
2 2 2 2 -1 -1 -1 -1 -1 -1 -1 -1 -1 -1 -1 -1 -1 2 -1 -1 
2 2 -1 2 1 -1 -1 -1 -1 -1 1 -1 -1 -1 -1 -1 -1 -1 -1 2 
5 1 2 1 -1 2 2 -1 -1 1 1 1 -1 -1 -1 -1 -1 -1 -1 -1 
1 3 1 2 2 2 -1 -1 -1 2 1 -1 1 -1 -1 -1 -1 -1 2 2 
2 2 3 -1 -1 2 -1 1 1 1 1 1 1 -1 -1 -1 -1 -1 -1 2 
2 -1 2 3 -1 1 -1 -1 1 1 1 1 1 -1 -1 -1 -1 3 2 3 
3 -1 -1 -1 -1 1 1 -1 -1 -1 1 2 -1 1 -1 1 1 -1 2 -1 
3 -1 -1 -1 -1 1 1 1 -1 2 2 -1 -1 -1 -1 -1 1 2 3 2 
-1 2 2 2 2 1 1 1 -1 1 2 -1 -1 -1 8 -1 8 2 -1 3 
-1 2 -1 -1 -1 2 1 1 1 1 1 1 -1 9 9 8 2 -1 -1 -1 
-1 -1 -1 2 -1 1 -1 -1 1 1 1 1 -1 1 8 -1 -1 -1 -1 -1 
-1 -1 -1 -1 2 -1 -1 -1 -1 -1 2 1 1 1 8 -1 -1 -1 -1 -1 
-1 -1 -1 -1 -1 -1 -1 -1 -1 -1 1 1 1 1 8 -1 -1 -1 -1 -1 
-1 1 1 -1 -1 -1 2 2 -1 -1 1 -1 1 -1 1 -1 -1 -1 -1 -1 
-1 1 -1 1 1 1 2 -1 2 -1 -1 1 2 -1 -1 -1 -1 -1 -1 -1 
1 1 1 1 2 2 3 -1 2 -1 -1 1 1 -1 -1 -1 2 -1 -1 -1 
2 -1 3 3 2 -1 -1 3 2 -1 -1 -1 1 -1 -1 -1 2 -1 2 -1 
9 1 -1 -1 2 -1 -1 -1 -1 -1 -1 -1 1 -1 -1 2 2 -1 -1 9 
1 1 -1 -1 -1 -1 -1 2 -1 2 2 1 1 1 2 1 -1 1 -1 2 
-1 -1 -1 -1 -1 -1 2 -1 -1 -1 1 2 1 1 1 1 1 1 1 -1 
-1 2 -1 -1 -1 -1 2 -1 -1 2 1 1 2 1 1 1 1 1 1 1 
2 -1 -1 -1 -1 -1 1 1 -1 2 1 1 1 1 -1 -1 1 2 -1 -1 
1 2 2 -1 -1 1 1 1 1 1 2 1 1 1 1 1 -1 -1 -1 -1 
-1 1 2 2 -1 8 1 1 1 1 1 1 1 1 2 1 1 -1 -1 -1 
-1 -1 8 8 -1 2 2 1 1 -1 2 1 -1 1 1 1 1 -1 -1 -1 
-1 8 8 2 8 8 2 8 -1 2 2 -1 -1 1 1 -1 1 -1 -1 -1 
-1 -1 8 8 8 8 8 -1 -1 -1 -1 -1 -1 -1 2 2 -1 -1 -1 -1 
-1 1 8 8 8 8 8 -1 -1 -1 1 1 -1 -1 -1 2 2 -1 -1 -1 
1 1 -1 8 -1 2 2 8 -1 1 1 1 2 2 -1 2 -1 2 -1 -1 
1 1 8 8 -1 2 2 2 -1 -1 1 1 2 2 2 -1 2 -1 1 1 
1 -1 1 -1 2 1 -1 1 -1 -1 2 1 -1 5 2 2 2 1 1 1 
1 1 -1 3 1 -1 1 -1 -1 -1 -1 2 2 2 2 2 2 1 1 -1 
1 -1 2 -1 -1 -1 1 1 -1 -1 2 2 3 2 -1 2 2 1 2 1 
1 -1 2 -1 -1 -1 -1 2 -1 -1 -1 -1 -1 3 1 1 1 2 1 -1 
1 1 2 -1 -1 -1 -1 -1 1 1 -1 -1 -1 -1 3 -1 1 1 1 1 
-1 1 -1 -1 -1 -1 -1 1 -1 1 1 -1 -1 -1 1 3 1 1 1 1 
-1 3 -1 -1 -1 -1 2 -1 -1 -1 -1 -1 -1 1 -1 1 1 1 1 1 
1 1 3 -1 -1 -1 -1 -1 -1 -1 2 1 -1 1 1 1 1 1 2 -1 
1 -1 -1 2 2 -1 2 2 -1 2 2 -1 1 -1 1 2 -1 -1 -1 1 
-1 -1 -1 2 2 2 2 2 2 2 -1 2 1 1 1 3 2 2 -1 1 
1 2 2 2 2 -1 2 2 2 2 1 2 2 2 2 2 -1 2 1 1 
1 2 2 1 1 2 1 3 3 -1 2 2 2 -1 2 -1 2 1 1 1 
1 2 1 1 1 1 1 -1 2 -1 1 -1 2 2 2 2 1 1 -1 1 
1 1 2 2 1 1 2 -1 -1 1 -1 -1 2 2 2 2 2 1 1 2 
1 -1 -1 -1 -1 2 -1 1 6 -1 -1 2 2 2 2 -1 2 1 1 1 
2 -1 -1 -1 2 -1 1 2 6 -1 2 2 -1 -1 -1 -1 2 2 1 4 
4 -1 -1 3 -1 2 2 1 1 -1 2 -1 -1 -1 -1 -1 -1 1 1 4 
-1 4 -1 -1 -1 -1 1 1 1 -1 -1 6 -1 -1 -1 -1 -1 -1 -1 -1 
-1 -1 -1 -1 -1 -1 1 1 5 1 1 -1 6 -1 -1 2 1 1 4 -1 
1 -1 -1 -1 1 1 1 4 5 5 2 2 2 -1 -1 -1 -1 1 1 1 
1 -1 2 -1 1 1 4 4 5 2 2 -1 2 2 -1 1 1 1 1 1 
1 2 2 -1 1 1 4 4 4 2 1 -1 -1 -1 -1 1 1 1 1 1 
1 -1 -1 2 2 2 4 5 2 1 1 -1 -1 -1 -1 1 -1 1 1 1 
1 -1 1 1 1 2 2 4 5 1 2 -1 -1 1 1 1 1 1 1 -1 
-1 1 1 1 1 2 4 3 1 1 1 -1 -1 -1 1 1 1 1 2 2 
-1 1 -1 -1 -1 -1 -1 -1 1 1 1 -1 -1 -1 1 1 1 1 1 1 
1 -1 1 2 2 2 2 -1 -1 2 -1 -1 -1 2 1 1 -1 1 1 1 
-1 1 -1 -1 2 -1 2 -1 -1 2 2 -1 2 1 1 -1 1 -1 1 1 
1 2 2 -1 1 1 1 1 2 2 2 2 2 2 2 2 -1 2 2 1 
2 2 1 2 1 1 1 2 2 2 2 2 2 -1 2 2 2 2 2 2 
2 1 -1 2 2 2 1 2 -1 -1 -1 2 2 2 3 2 2 2 2 2 
2 6 6 6 2 2 -1 2 -1 -1 -1 3 2 3 3 2 2 -1 3 2 
6 6 2 6 2 -1 2 2 -1 -1 -1 3 3 3 3 1 1 1 1 2 
6 -1 1 2 2 2 2 2 2 -1 -1 3 3 3 1 1 3 1 1 1 
3 -1 1 2 2 2 2 1 2 -1 -1 -1 3 2 3 2 1 1 3 3 
2 -1 1 2 1 2 2 1 2 -1 -1 9 9 2 1 2 2 2 -1 2 
2 2 -1 2 2 9 1 2 -1 1 -1 2 9 2 2 2 2 2 2 2 
2 2 1 1 2 8 2 1 2 2 2 2 1 -1 3 3 3 -1 -1 -1 
2 -1 2 1 2 8 1 2 1 2 2 2 1 -1 3 -1 1 1 2 2 
-1 3 -1 2 1 2 2 2 2 2 -1 3 3 2 -1 1 -1 -1 -1 2 
2 3 -1 1 2 -1 2 2 3 2 -1 2 3 2 -1 -1 -1 -1 -1 1 
-1 -1 1 2 -1 -1 2 2 -1 2 2 -1 2 3 2 3 1 1 1 2 
-1 -1 -1 -1 -1 2 -1 1 -1 3 3 -1 -1 2 1 1 1 1 1 -1 
-1 -1 -1 -1 -1 -1 1 -1 1 1 -1 -1 4 -1 4 1 1 1 1 1 
-1 -1 -1 -1 -1 2 1 1 1 1 -1 -1 -1 4 2 1 1 1 1 -1 
-1 -1 -1 -1 2 2 1 1 1 1 1 -1 -1 -1 2 2 2 1 1 -1 
1 2 -1 -1 2 1 1 1 1 -1 -1 -1 3 -1 2 2 2 2 -1 -1 
2 2 -1 -1 1 1 1 1 1 -1 2 2 -1 2 -1 -1 2 2 2 2 
-1 -1 3 1 2 2 3 2 2 2 1 3 3 3 2 -1 -1 -1 -1 -1 
-1 1 1 3 2 -1 -1 1 1 1 1 2 3 3 2 2 -1 -1 -1 -1 
-1 1 -1 2 2 3 3 2 2 2 2 3 2 3 3 2 -1 -1 2 -1 
-1 -1 2 2 2 3 -1 -1 2 2 2 2 2 2 2 -1 2 2 2 2 
-1 2 1 3 2 2 -1 -1 3 2 3 2 3 1 3 2 2 2 2 2 
2 1 -1 -1 2 2 2 3 2 2 2 2 2 2 2 2 2 -1 1 1 
1 2 2 2 2 2 2 2 2 3 2 -1 -1 2 2 2 3 -1 1 1 
2 1 2 2 2 -1 -1 2 2 3 -1 2 1 2 2 3 -1 1 1 1 
1 -1 2 2 2 -1 3 2 2 3 2 1 2 2 1 -1 1 1 1 1 
2 2 -1 -1 3 3 2 3 -1 2 2 1 -1 1 1 2 1 1 1 2 
2 8 -1 -1 8 3 -1 2 -1 2 3 1 1 1 1 1 1 1 1 1 
1 8 9 -1 9 -1 2 2 3 3 1 1 1 1 1 1 2 1 1 1 
1 1 9 9 9 -1 2 2 1 1 2 2 1 1 1 1 1 1 1 2 
8 8 8 2 9 2 2 2 8 1 1 1 1 1 1 -1 1 1 2 1 
9 8 8 2 2 2 2 1 1 1 1 -1 1 1 1 1 2 2 1 2 
3 8 8 8 2 9 2 1 1 1 1 1 -1 2 2 2 2 2 2 2 
3 8 8 8 8 8 8 1 1 2 2 1 -1 -1 -1 2 2 1 8 8 
3 3 -1 -1 -1 2 8 1 2 2 2 -1 -1 3 -1 2 2 1 1 8 
-1 -1 -1 -1 -1 2 8 2 3 2 2 2 2 3 2 -1 -1 2 -1 8 
-1 -1 -1 -1 -1 2 8 2 2 1 2 2 2 2 3 3 -1 -1 -1 -1 
1 1 2 1 2 2 1 2 1 2 8 2 2 2 2 1 1 1 2 1 
-1 1 2 2 2 2 2 2 2 2 2 -1 -1 2 1 1 -1 -1 1 1 
1 1 2 2 2 2 2 2 2 2 2 2 2 2 -1 1 1 -1 1 1 
1 1 2 2 2 2 2 2 2 -1 -1 2 2 2 -1 2 -1 -1 -1 1 
1 1 1 2 -1 2 2 2 -1 -1 -1 2 2 2 2 2 -1 -1 1 -1 
2 1 1 1 2 2 2 2 2 2 -1 -1 -1 -1 -1 2 2 -1 2 2 
1 -1 -1 -1 1 1 2 2 2 2 -1 -1 -1 -1 -1 2 2 -1 2 2 
-1 -1 -1 -1 -1 1 1 2 2 2 2 -1 2 -1 2 2 2 2 1 1 
-1 -1 -1 2 2 2 1 2 1 -1 2 2 2 -1 -1 2 2 2 2 2 
2 2 2 2 2 2 2 1 -1 2 2 2 -1 2 2 2 2 2 2 2 
2 2 2 2 -1 -1 2 2 2 2 2 2 2 2 2 2 2 2 -1 2 
2 -1 2 -1 2 2 2 1 2 2 2 2 2 2 2 2 2 -1 -1 -1 
-1 2 2 -1 2 2 1 2 2 2 2 -1 3 2 2 2 2 -1 -1 -1 
-1 -1 -1 2 2 2 2 1 -1 -1 -1 2 2 2 2 1 -1 -1 -1 -1 
-1 -1 2 2 2 2 1 1 2 2 -1 2 2 2 2 1 1 1 2 2 
1 1 -1 2 2 2 2 1 1 -1 3 3 2 2 1 1 1 1 1 1 
-1 1 -1 -1 -1 2 2 1 2 2 2 1 1 2 2 1 1 1 2 1 
1 -1 2 -1 2 2 1 1 2 2 1 1 1 2 2 2 1 1 1 2 
2 2 2 2 1 2 1 1 1 1 1 1 1 2 -1 2 2 1 -1 1 
1 2 2 1 2 -1 2 1 1 1 1 2 1 -1 2 2 1 1 2 2 
2 1 1 1 2 2 2 2 2 1 1 1 1 1 1 1 2 2 2 2 
2 1 -1 1 2 2 2 2 2 2 1 1 1 1 1 2 2 2 2 2 
2 1 1 2 2 2 2 1 2 2 1 1 1 1 -1 2 -1 2 2 2 
1 1 1 1 2 1 2 -1 2 2 -1 2 1 1 -1 -1 -1 2 -1 2 
1 1 1 1 1 1 2 2 2 -1 2 -1 -1 2 -1 -1 -1 1 1 1 
1 1 1 1 1 2 1 1 2 2 -1 2 2 2 -1 -1 -1 2 2 1 
1 1 1 2 -1 1 2 2 -1 2 -1 -1 2 -1 -1 2 2 2 2 2 
2 1 1 2 2 -1 2 2 2 8 2 2 2 2 3 -1 2 2 2 -1 
1 1 1 1 1 2 -1 -1 8 2 2 2 2 2 2 2 -1 2 2 2 
2 1 1 2 1 1 -1 -1 2 2 2 2 -1 2 2 -1 2 2 2 1 
1 1 2 2 1 1 -1 1 -1 2 2 -1 2 2 2 2 2 2 1 1 
1 1 1 1 1 1 1 1 -1 2 2 2 2 2 2 2 1 1 1 1 
1 1 -1 1 1 1 1 1 2 2 2 2 2 -1 2 1 1 1 1 1 
1 1 1 1 1 1 1 1 2 2 -1 -1 -1 2 2 1 1 1 -1 -1 
1 1 -1 1 1 1 1 1 2 2 -1 -1 2 2 2 2 1 -1 2 1 
1 -1 -1 1 1 1 1 1 2 2 1 -1 -1 1 1 2 1 1 1 1 
1 -1 -1 2 1 1 1 2 2 2 1 1 1 1 -1 2 1 1 1 1 
2 2 1 2 1 1 1 1 1 1 1 1 1 2 1 1 1 2 2 1 
2 2 1 2 -1 -1 1 1 1 1 1 1 2 1 1 2 -1 2 2 2 
2 -1 1 1 1 2 2 1 2 2 1 1 1 2 2 1 2 2 2 2 
-1 -1 -1 2 1 -1 2 2 2 2 2 1 1 1 1 1 -1 -1 1 -1 
-1 -1 -1 2 -1 2 2 2 -1 2 2 1 1 1 1 -1 -1 1 1 -1 
2 -1 -1 -1 -1 -1 -1 -1 -1 2 2 2 3 1 1 3 3 1 -1 -1 
-1 2 2 -1 -1 -1 -1 2 2 2 2 3 1 1 3 1 3 1 1 -1 
2 2 2 2 -1 2 2 2 2 2 3 3 1 2 3 3 3 1 1 3 
2 2 2 2 2 2 2 -1 -1 2 -1 3 -1 1 3 3 3 3 3 2 
2 -1 2 2 2 2 2 2 -1 2 2 3 3 2 3 2 3 3 3 3 
2 2 2 -1 2 2 -1 -1 2 2 2 2 2 1 2 2 3 2 2 -1 
2 2 2 2 2 -1 2 2 2 2 1 1 1 3 2 2 2 3 3 2 
2 2 2 2 2 2 2 2 2 1 1 1 1 1 1 2 2 2 3 3 
2 -1 2 2 -1 2 2 2 2 1 1 3 2 3 2 2 -1 2 2 2 
2 2 2 1 2 2 2 2 -1 1 2 1 1 3 3 3 2 2 2 2 
2 -1 -1 -1 -1 2 2 2 2 2 1 1 1 1 1 1 2 2 2 2 
2 1 1 1 -1 2 2 2 2 1 -1 2 1 1 1 1 2 2 2 2 
1 1 1 -1 -1 -1 2 2 2 -1 -1 -1 1 1 1 1 2 2 2 2 
1 1 1 1 -1 2 3 2 2 2 -1 -1 -1 -1 1 1 -1 -1 2 2 
-1 1 1 3 2 2 2 2 -1 2 -1 -1 1 1 -1 -1 1 2 2 2 
1 1 1 1 3 2 2 2 2 1 2 1 1 -1 -1 -1 -1 -1 1 -1 
1 1 1 1 -1 2 2 2 2 2 2 2 1 1 -1 -1 -1 -1 -1 -1 
-1 -1 -1 1 -1 2 2 2 2 2 2 1 1 1 -1 -1 1 -1 -1 -1 
3 2 2 2 -1 -1 -1 -1 -1 -1 -1 2 2 2 2 2 2 -1 -1 -1 
3 -1 3 1 -1 1 -1 2 -1 -1 1 1 2 1 2 2 2 -1 3 3 
2 3 3 3 1 2 -1 1 -1 1 1 1 1 1 1 2 2 2 -1 2 
2 3 3 3 2 -1 1 -1 1 1 1 1 1 1 2 2 2 2 -1 -1 
3 3 3 3 2 2 1 -1 1 1 1 1 1 -1 -1 2 2 2 3 3 
-1 -1 -1 -1 -1 -1 -1 1 1 1 1 1 1 2 2 2 -1 -1 3 3 
3 -1 -1 -1 -1 1 1 1 1 1 1 1 1 2 1 2 2 3 3 3 
-1 -1 -1 -1 -1 -1 1 -1 1 1 1 1 1 1 1 2 2 -1 2 2 
2 -1 -1 -1 -1 1 -1 -1 -1 2 1 2 1 -1 1 -1 2 2 2 2 
-1 -1 -1 -1 -1 -1 -1 -1 2 1 1 1 2 2 1 -1 2 2 2 2 
-1 -1 -1 -1 -1 -1 -1 -1 2 2 2 2 2 2 2 2 2 2 2 -1 
-1 -1 -1 -1 -1 -1 -1 -1 -1 -1 2 2 2 2 2 2 2 2 2 -1 
-1 2 2 2 -1 -1 -1 -1 -1 -1 -1 -1 2 2 2 -1 2 -1 -1 -1 
-1 2 2 -1 -1 -1 -1 -1 -1 -1 -1 2 -1 2 2 2 2 2 2 2 
2 2 -1 -1 -1 -1 -1 -1 -1 2 2 2 2 2 2 2 2 -1 2 2 
2 2 2 2 -1 -1 -1 -1 1 -1 2 2 2 2 2 2 2 2 2 2 
2 2 2 2 2 -1 -1 -1 -1 -1 -1 2 2 2 2 2 2 2 2 2 
-1 2 2 2 1 -1 -1 -1 -1 -1 -1 -1 2 2 2 2 -1 -1 2 -1 
2 2 2 2 1 -1 -1 -1 -1 -1 -1 2 2 2 2 2 -1 1 2 -1 
3 2 2 -1 -1 -1 -1 -1 -1 -1 2 2 2 2 2 2 2 2 -1 3 
-1 -1 -1 -1 -1 -1 -1 -1 2 2 2 2 2 2 2 2 -1 2 -1 -1 
-1 -1 -1 -1 -1 -1 1 1 2 2 2 -1 2 -1 2 -1 2 -1 -1 -1 
-1 1 -1 -1 -1 1 1 1 2 -1 -1 2 -1 -1 -1 -1 -1 2 -1 2 
-1 -1 1 -1 -1 -1 1 -1 -1 -1 -1 2 2 -1 -1 -1 -1 -1 1 2 
1 1 1 1 2 -1 1 -1 -1 1 1 2 -1 1 -1 -1 -1 -1 1 1 
-1 1 1 -1 -1 -1 -1 -1 -1 -1 -1 -1 -1 1 -1 -1 -1 -1 -1 1 
1 1 1 -1 -1 -1 -1 -1 -1 -1 -1 -1 -1 -1 -1 -1 -1 -1 -1 -1 
-1 -1 -1 1 -1 -1 -1 -1 -1 -1 -1 -1 -1 -1 -1 -1 -1 -1 -1 -1 
1 1 -1 -1 1 -1 -1 -1 -1 -1 -1 -1 -1 -1 -1 -1 -1 -1 -1 -1 
2 2 2 -1 1 -1 -1 -1 -1 -1 -1 -1 -1 -1 -1 2 2 2 2 2 
2 2 2 2 1 1 -1 -1 -1 -1 -1 -1 -1 -1 -1 -1 -1 2 2 2 
-1 -1 2 1 1 -1 1 -1 -1 -1 -1 -1 -1 -1 -1 -1 -1 -1 -1 2 
-1 -1 -1 -1 1 -1 -1 -1 -1 -1 -1 -1 -1 2 2 -1 -1 -1 -1 -1 
1 -1 -1 -1 -1 -1 -1 -1 -1 -1 -1 -1 2 2 2 2 -1 2 2 -1 
1 1 -1 1 -1 -1 -1 2 -1 -1 -1 -1 2 2 2 2 2 2 2 1 
1 1 1 1 -1 -1 -1 -1 2 2 2 2 2 2 2 2 2 2 -1 1 
-1 -1 1 -1 1 -1 -1 -1 -1 -1 2 2 2 2 2 2 -1 2 -1 -1 
-1 -1 -1 -1 -1 -1 1 -1 -1 -1 2 2 2 -1 2 2 -1 1 1 -1 
-1 -1 -1 -1 -1 -1 1 1 -1 2 2 2 2 2 2 2 1 1 -1 -1 
-1 -1 -1 -1 -1 1 -1 -1 -1 2 2 2 2 2 2 2 2 -1 -1 -1 
-1 -1 -1 1 1 -1 -1 -1 -1 1 1 -1 -1 -1 -1 -1 -1 -1 -1 -1 
-1 -1 -1 -1 -1 -1 -1 -1 1 1 1 1 -1 -1 -1 -1 -1 -1 -1 -1 
-1 -1 -1 -1 -1 -1 -1 -1 -1 1 1 1 -1 -1 -1 -1 -1 -1 -1 -1 
-1 -1 -1 -1 -1 -1 -1 -1 -1 -1 -1 1 -1 -1 -1 -1 -1 -1 -1 -1 
-1 -1 -1 -1 -1 -1 -1 -1 1 -1 -1 -1 -1 -1 -1 -1 -1 -1 -1 -1 
-1 -1 -1 -1 -1 -1 -1 -1 -1 1 -1 -1 2 -1 -1 -1 1 -1 -1 -1 
-1 -1 -1 -1 -1 -1 -1 -1 -1 -1 -1 2 2 2 2 -1 1 -1 -1 -1 
-1 -1 -1 -1 -1 -1 -1 2 2 2 -1 2 2 2 -1 2 -1 1 -1 -1 
-1 -1 -1 -1 -1 -1 1 2 2 -1 2 1 -1 2 2 -1 -1 -1 -1 -1 
-1 -1 -1 -1 -1 -1 -1 1 1 2 1 2 -1 1 -1 -1 1 -1 -1 -1 
-1 -1 -1 -1 -1 -1 1 1 2 2 1 1 1 -1 -1 -1 1 1 -1 -1 
-1 -1 -1 -1 -1 -1 -1 -1 1 1 1 -1 -1 -1 -1 -1 -1 1 1 -1 
-1 -1 -1 -1 -1 -1 -1 1 1 1 -1 -1 -1 -1 -1 1 1 1 1 -1 
-1 -1 1 -1 1 -1 -1 1 -1 -1 1 -1 -1 -1 1 -1 -1 1 1 -1 
-1 -1 -1 1 -1 -1 1 -1 -1 -1 -1 -1 1 -1 1 -1 1 1 1 -1 
-1 1 1 -1 1 -1 1 1 -1 -1 -1 -1 -1 1 -1 -1 1 1 -1 1 
-1 -1 -1 1 -1 -1 1 1 -1 -1 -1 -1 -1 -1 1 -1 -1 -1 -1 -1 
-1 -1 -1 1 1 -1 -1 -1 -1 -1 -1 -1 -1 -1 -1 -1 -1 -1 -1 -1 
-1 -1 1 1 -1 -1 -1 -1 -1 -1 -1 -1 -1 -1 -1 -1 -1 -1 -1 -1 
-1 1 -1 1 1 -1 -1 -1 -1 -1 -1 -1 -1 -1 -1 -1 -1 -1 -1 -1 
-1 -1 -1 -1 -1 -1 -1 1 1 1 1 -1 -1 -1 -1 -1 -1 -1 -1 1 
-1 -1 -1 -1 -1 -1 -1 -1 1 1 1 -1 1 -1 -1 -1 -1 -1 1 1 
1 -1 -1 -1 -1 -1 -1 -1 -1 1 1 1 -1 -1 -1 -1 -1 1 -1 1 
-1 -1 -1 -1 -1 -1 -1 -1 -1 -1 1 -1 -1 -1 -1 -1 -1 -1 -1 -1 
-1 -1 -1 -1 -1 -1 -1 -1 -1 -1 -1 -1 -1 -1 -1 -1 -1 -1 -1 -1 
-1 -1 -1 -1 -1 -1 -1 -1 -1 -1 -1 1 1 1 -1 -1 -1 -1 -1 -1 
-1 -1 -1 -1 -1 -1 -1 -1 -1 -1 -1 1 1 1 1 1 -1 -1 1 -1 
-1 -1 -1 -1 -1 -1 -1 -1 -1 -1 1 1 1 1 1 1 1 1 -1 -1 
-1 -1 -1 -1 -1 -1 -1 -1 -1 1 1 1 1 1 1 1 -1 -1 -1 -1 
-1 -1 -1 -1 -1 -1 -1 -1 -1 -1 -1 -1 1 1 1 -1 -1 -1 -1 -1 
-1 -1 -1 -1 -1 -1 -1 -1 -1 1 1 -1 1 1 1 1 -1 -1 -1 -1 
-1 -1 -1 -1 -1 -1 -1 -1 -1 1 1 1 1 1 1 -1 -1 -1 -1 -1 
1 1 1 1 1 -1 -1 -1 -1 1 1 1 1 -1 -1 -1 -1 1 -1 1 
1 1 1 1 -1 1 -1 -1 -1 -1 -1 1 1 -1 -1 -1 -1 1 1 1 
1 1 1 1 1 1 -1 -1 -1 1 1 1 1 -1 -1 -1 -1 -1 1 1 
-1 1 1 1 -1 -1 -1 -1 -1 -1 1 1 -1 -1 -1 -1 -1 1 1 -1 
-1 -1 -1 -1 -1 -1 -1 -1 -1 1 -1 1 -1 -1 -1 -1 -1 -1 -1 -1 
-1 -1 -1 -1 -1 -1 -1 -1 -1 1 1 -1 -1 -1 -1 -1 -1 -1 -1 -1 
-1 -1 -1 -1 -1 -1 -1 -1 -1 -1 1 -1 -1 -1 -1 -1 -1 -1 -1 -1 
-1 -1 -1 -1 -1 -1 -1 1 -1 -1 -1 1 -1 -1 -1 -1 -1 -1 -1 -1 
-1 1 1 1 -1 -1 -1 -1 -1 -1 -1 -1 -1 -1 -1 -1 -1 -1 -1 -1 
-1 -1 -1 2 -1 -1 -1 -1 -1 -1 -1 -1 -1 -1 -1 -1 -1 1 -1 -1 
-1 -1 -1 2 2 2 3 -1 -1 -1 -1 -1 -1 -1 -1 -1 1 1 -1 -1 
-1 -1 2 2 3 2 3 -1 -1 -1 1 1 -1 -1 -1 1 1 1 1 -1 
-1 -1 -1 2 2 3 2 -1 -1 -1 1 1 1 -1 -1 -1 -1 -1 -1 -1 
-1 -1 1 2 2 2 -1 1 1 -1 -1 1 1 1 -1 -1 -1 -1 -1 -1 
-1 1 1 1 -1 1 1 1 1 -1 -1 -1 -1 -1 -1 -1 -1 -1 -1 -1 
-1 1 1 1 1 1 1 1 1 -1 -1 -1 -1 -1 -1 -1 -1 -1 -1 -1 
-1 -1 1 1 1 -1 -1 -1 -1 -1 -1 -1 -1 -1 -1 -1 -1 -1 -1 -1 
-1 -1 1 1 -1 -1 -1 -1 -1 -1 -1 -1 -1 -1 -1 -1 -1 -1 -1 -1 
-1 -1 -1 1 -1 -1 1 1 -1 -1 -1 -1 -1 -1 -1 -1 -1 -1 -1 -1 
-1 -1 -1 1 -1 -1 1 1 1 -1 -1 -1 -1 -1 -1 -1 -1 -1 -1 -1 
-1 -1 -1 -1 -1 -1 1 1 -1 -1 -1 -1 -1 -1 -1 -1 -1 -1 -1 -1 
-1 -1 -1 -1 -1 1 1 1 1 -1 -1 -1 -1 -1 -1 -1 -1 -1 -1 -1 
-1 -1 -1 -1 -1 -1 -1 1 -1 -1 -1 -1 -1 -1 -1 -1 -1 -1 -1 1 
1 1 -1 -1 -1 -1 1 -1 -1 -1 -1 -1 -1 -1 -1 1 -1 -1 -1 -1 
1 -1 -1 -1 -1 -1 -1 -1 -1 -1 -1 -1 -1 -1 -1 -1 -1 -1 -1 1 
1 -1 -1 -1 -1 -1 -1 -1 -1 -1 -1 -1 -1 -1 -1 -1 -1 -1 -1 -1 
-1 1 -1 1 1 1 -1 -1 -1 -1 -1 -1 -1 -1 -1 -1 -1 -1 -1 -1 
-1 -1 1 1 -1 -1 1 -1 -1 -1 -1 -1 -1 -1 -1 -1 -1 -1 -1 -1 
-1 -1 -1 -1 -1 -1 -1 1 -1 -1 -1 -1 -1 -1 -1 -1 -1 -1 -1 -1 
-1 -1 -1 -1 -1 -1 -1 -1 1 -1 -1 -1 -1 -1 -1 -1 -1 -1 -1 -1 
-1 -1 -1 -1 -1 -1 -1 1 -1 1 8 -1 -1 -1 -1 -1 -1 -1 -1 -1 
-1 -1 -1 -1 -1 -1 -1 -1 1 8 8 -1 -1 -1 -1 -1 -1 -1 -1 -1 
-1 -1 -1 -1 -1 -1 -1 -1 1 8 -1 -1 -1 -1 -1 -1 -1 -1 -1 -1 
-1 -1 -1 -1 -1 -1 -1 -1 -1 -1 -1 -1 -1 -1 -1 -1 -1 -1 -1 -1 
-1 -1 -1 -1 -1 -1 -1 -1 -1 -1 1 1 -1 -1 -1 -1 -1 -1 -1 -1 
-1 -1 -1 -1 -1 -1 -1 -1 1 1 1 1 1 -1 -1 -1 -1 -1 -1 -1 
-1 -1 -1 -1 -1 -1 -1 -1 -1 1 1 1 -1 -1 -1 -1 -1 -1 -1 -1 
-1 -1 -1 -1 -1 -1 -1 -1 -1 -1 1 -1 1 -1 2 -1 -1 -1 -1 -1 
-1 -1 -1 -1 -1 -1 -1 -1 -1 -1 -1 1 1 2 2 -1 -1 -1 -1 -1 
-1 -1 -1 -1 -1 1 -1 -1 -1 -1 2 2 2 2 2 -1 -1 -1 -1 -1 
-1 -1 -1 -1 -1 -1 -1 -1 -1 -1 -1 -1 2 2 2 -1 -1 -1 -1 -1 
-1 -1 -1 -1 -1 -1 -1 -1 -1 -1 -1 -1 2 2 2 -1 -1 -1 -1 -1 
-1 -1 -1 -1 -1 -1 -1 -1 -1 -1 -1 -1 -1 2 2 2 2 -1 -1 -1 
-1 -1 -1 -1 -1 -1 -1 -1 -1 -1 -1 -1 -1 2 2 2 -1 -1 -1 -1 
-1 -1 -1 -1 -1 -1 -1 -1 -1 -1 -1 -1 -1 -1 -1 8 -1 -1 -1 -1 
-1 -1 -1 -1 -1 -1 -1 -1 -1 -1 -1 -1 -1 -1 8 8 8 -1 -1 -1 
-1 -1 -1 -1 -1 -1 -1 -1 -1 -1 -1 -1 -1 8 -1 8 -1 -1 -1 -1 
-1 -1 -1 -1 -1 -1 -1 -1 -1 -1 -1 -1 -1 -1 8 -1 8 8 -1 -1 
1 1 -1 -1 2 -1 -1 -1 -1 -1 -1 -1 8 -1 -1 1 8 8 1 1 
-1 -1 1 1 1 1 1 -1 -1 -1 -1 -1 -1 -1 -1 -1 8 -1 2 2 
-1 -1 -1 -1 -1 1 1 -1 -1 -1 -1 -1 -1 -1 -1 -1 -1 -1 1 2 
2 -1 -1 -1 1 -1 1 1 -1 -1 -1 -1 -1 -1 -1 -1 -1 1 1 1 
-1 -1 -1 -1 -1 1 1 -1 -1 -1 -1 -1 -1 -1 -1 -1 1 1 1 1 
1 -1 -1 -1 4 -1 -1 -1 -1 -1 -1 -1 -1 -1 -1 -1 1 1 1 1 
5 5 -1 5 4 4 -1 8 -1 -1 -1 -1 -1 -1 -1 -1 1 1 -1 1 
5 5 5 5 -1 -1 8 8 -1 -1 -1 -1 -1 -1 -1 -1 1 1 5 5 
5 5 5 -1 -1 8 -1 -1 -1 -1 -1 -1 -1 -1 -1 1 1 5 5 5 
1 5 1 1 8 8 2 -1 8 -1 -1 -1 -1 -1 -1 -1 -1 -1 -1 -1 
-1 -1 8 8 8 8 8 2 8 -1 -1 -1 -1 -1 -1 -1 -1 -1 -1 -1 
-1 -1 -1 8 8 2 2 2 -1 2 -1 -1 -1 -1 -1 -1 -1 -1 -1 -1 
-1 -1 -1 -1 8 8 2 2 2 2 2 -1 -1 -1 -1 -1 -1 8 8 -1 
8 -1 -1 -1 8 8 8 2 2 2 2 -1 -1 -1 -1 1 1 8 8 -1 
-1 -1 -1 -1 2 8 2 2 -1 2 -1 2 -1 -1 -1 1 8 8 -1 8 
8 8 -1 -1 -1 2 2 2 2 1 1 1 8 8 8 8 2 -1 8 -1 
8 -1 8 -1 -1 2 -1 1 1 1 1 1 1 8 8 8 8 -1 8 -1 
8 -1 -1 -1 2 -1 -1 -1 -1 1 1 1 1 1 -1 1 8 8 8 8 
-1 1 -1 -1 2 -1 2 -1 -1 -1 8 1 1 1 1 1 1 1 8 8 
1 1 1 -1 -1 2 -1 -1 -1 -1 -1 8 -1 1 1 1 1 -1 8 8 
-1 2 -1 8 8 8 -1 1 -1 1 1 1 1 1 1 4 1 1 1 -1 
-1 2 -1 8 8 8 -1 8 1 2 -1 1 1 1 -1 -1 1 1 4 1 
2 2 2 -1 8 8 8 -1 -1 -1 2 4 1 4 4 5 1 1 1 -1 
8 -1 2 1 8 8 8 -1 -1 -1 2 1 4 4 4 4 1 4 1 1 
8 8 8 1 1 8 8 8 -1 -1 2 4 4 4 4 4 4 5 4 8 
8 8 8 1 8 8 1 1 -1 1 -1 4 4 4 4 4 5 1 5 1 
8 8 8 8 8 8 -1 1 -1 1 1 4 4 4 4 4 -1 8 8 1 
8 8 8 8 8 8 2 1 1 -1 -1 1 4 4 8 4 4 8 8 8 
8 8 8 -1 8 -1 -1 1 -1 1 1 -1 -1 4 -1 8 8 8 8 8 
8 8 8 -1 8 8 -1 -1 -1 -1 1 1 -1 -1 -1 -1 8 8 8 8 
8 8 -1 8 8 -1 -1 -1 -1 1 -1 -1 -1 2 -1 -1 2 8 2 8 
8 2 8 -1 -1 1 1 -1 1 -1 1 1 -1 -1 -1 -1 2 2 1 1 
8 2 -1 -1 1 1 1 1 1 1 1 1 -1 1 1 2 2 2 1 2 
2 2 2 1 1 1 1 1 1 -1 4 -1 1 1 -1 2 1 1 2 2 
2 2 2 1 2 1 1 -1 -1 -1 4 4 -1 1 1 2 2 2 1 2 
2 2 2 2 2 2 1 -1 -1 1 -1 2 1 1 -1 2 4 2 2 2 
2 1 2 2 2 2 2 -1 1 -1 4 -1 -1 -1 1 4 -1 1 2 2 
1 2 2 1 2 2 2 -1 -1 1 4 1 1 -1 1 1 1 1 2 2 
-1 1 2 -1 2 2 1 1 -1 1 4 1 1 -1 1 1 1 1 1 1 
-1 -1 -1 2 8 2 1 -1 1 -1 1 1 -1 1 1 4 1 1 1 1 
2 2 -1 -1 -1 -1 -1 -1 1 -1 -1 -1 2 2 2 1 2 1 2 -1 
-1 2 2 2 2 1 -1 -1 1 -1 -1 -1 2 2 2 2 2 8 2 2 
2 2 2 2 1 1 -1 -1 -1 2 -1 2 -1 2 2 2 8 2 2 2 
2 2 2 1 1 1 -1 2 2 2 2 2 2 -1 2 2 2 2 2 2 
2 2 2 1 1 1 -1 -1 2 2 2 2 2 2 2 -1 2 8 2 2 
2 1 1 1 2 1 1 -1 -1 2 2 2 2 2 2 1 2 2 8 2 
1 1 1 1 1 2 2 2 2 2 2 2 2 2 2 2 1 2 8 2 
1 1 1 1 2 -1 2 2 2 2 2 2 2 2 2 2 1 2 1 2 
2 1 1 1 1 2 2 2 2 2 2 2 2 2 2 2 2 2 2 2 
2 8 8 1 8 1 2 2 -1 2 2 2 2 2 2 2 2 2 2 2 
2 8 8 8 2 2 2 2 2 2 2 2 2 2 2 2 2 1 1 2 
2 4 8 2 2 2 2 2 1 2 2 4 4 2 2 2 2 1 2 2 
2 8 2 2 2 4 -1 2 1 2 2 2 4 4 4 1 1 -1 -1 2 
2 2 4 2 4 2 1 1 2 2 2 4 4 4 2 2 1 1 -1 2 
2 4 4 4 4 4 1 2 1 2 2 4 2 -1 2 -1 1 1 -1 2 
1 2 4 4 1 4 2 2 2 1 1 2 -1 2 2 1 1 1 1 1 
2 2 2 -1 1 1 4 4 2 2 2 -1 2 2 -1 1 1 1 1 2 
2 2 -1 -1 1 1 -1 -1 -1 2 2 -1 -1 -1 -1 1 2 -1 1 1 
2 2 -1 1 1 -1 -1 -1 2 -1 2 -1 -1 -1 -1 1 1 1 1 1 
2 2 2 -1 1 -1 -1 -1 -1 -1 -1 -1 -1 2 -1 2 1 1 2 2 
2 2 1 -1 2 2 1 1 1 -1 2 -1 -1 2 2 2 2 1 2 2 
1 2 2 1 -1 1 1 1 -1 -1 -1 -1 2 2 2 2 -1 2 2 2 
2 2 -1 2 1 1 1 1 1 1 -1 2 2 2 2 2 2 2 2 2 
2 2 2 -1 1 1 1 1 1 1 2 2 -1 2 2 2 1 2 2 2 
-1 2 2 1 1 2 1 2 1 2 2 2 2 2 -1 2 -1 1 2 2 
-1 2 2 2 1 1 2 1 2 2 2 2 2 2 2 2 1 1 1 1 
1 2 2 2 1 -1 2 1 2 2 2 2 2 2 2 1 1 1 1 -1 
1 2 1 1 1 1 2 2 2 2 2 2 2 2 2 2 1 1 -1 1 
1 -1 1 1 1 1 2 2 1 2 2 2 2 2 2 2 1 2 1 -1 
1 1 1 -1 2 2 2 2 2 2 2 2 -1 2 1 2 2 1 2 -1 
1 2 2 2 -1 2 2 2 1 4 2 2 2 2 2 2 2 2 2 2 
-1 2 2 2 2 -1 -1 2 4 1 2 2 1 2 1 -1 2 2 2 -1 
-1 2 2 -1 2 -1 -1 -1 1 1 1 1 1 2 2 -1 1 2 2 2 
2 2 2 2 2 2 2 2 1 1 1 1 2 2 -1 2 1 2 2 2 
2 2 2 -1 2 2 2 2 4 1 1 2 2 2 2 2 2 2 2 2 
2 2 2 4 4 2 2 2 1 4 1 1 2 2 2 2 1 2 2 2 
2 1 4 1 2 2 2 2 2 1 -1 -1 -1 2 2 2 1 1 1 2 
1 2 1 1 2 -1 -1 2 2 2 1 1 2 2 2 2 1 2 2 -1 
1 2 2 2 2 -1 1 1 1 -1 1 1 2 2 2 1 2 1 -1 1 
2 2 2 1 1 2 1 2 -1 2 -1 2 2 2 2 2 2 2 1 1 
1 1 -1 1 1 1 1 1 1 1 3 -1 2 2 2 -1 1 1 1 1 
1 1 1 1 1 1 1 1 1 -1 1 3 2 2 2 1 -1 1 1 1 
1 -1 1 1 -1 1 1 1 1 1 -1 2 2 2 2 1 -1 -1 1 1 
1 -1 -1 2 2 -1 1 1 1 2 2 2 2 1 2 -1 -1 -1 -1 -1 
1 1 1 -1 1 1 1 1 1 -1 2 -1 2 2 2 1 -1 1 -1 1 
-1 1 -1 1 1 1 1 1 -1 2 2 2 2 2 1 -1 1 -1 -1 1 
1 1 -1 1 1 1 1 1 1 -1 2 2 2 2 -1 1 -1 -1 1 1 
1 1 1 1 1 2 1 1 -1 2 -1 2 1 -1 2 -1 2 1 -1 3 
1 1 1 1 1 1 1 -1 2 2 2 2 2 2 1 1 2 2 3 1 
1 1 1 1 1 1 1 1 1 1 2 2 -1 2 2 2 -1 3 2 1 
2 1 1 1 1 1 1 1 -1 -1 -1 2 2 2 2 3 2 3 1 2 
-1 1 1 2 1 1 1 1 -1 -1 -1 -1 2 2 2 1 1 3 3 2 
1 2 -1 1 2 -1 1 -1 -1 -1 -1 -1 2 2 1 1 1 1 3 1 
2 2 2 1 1 1 -1 -1 -1 -1 -1 2 -1 1 2 2 1 1 -1 1 
2 2 2 1 1 1 -1 1 -1 -1 2 2 2 2 1 1 1 1 2 2 
1 2 2 2 1 1 1 1 1 1 1 2 2 -1 1 1 1 1 2 2 
2 1 1 1 2 1 1 1 2 2 1 -1 -1 -1 -1 1 2 2 -1 -1 
-1 -1 1 1 2 1 1 1 1 1 1 2 2 -1 -1 2 2 2 -1 -1 
-1 -1 -1 -1 1 -1 -1 -1 1 1 2 2 2 2 -1 2 2 1 1 1 
1 1 1 -1 -1 -1 1 1 1 1 -1 2 2 2 2 2 2 1 1 1 
2 2 2 1 1 1 1 1 -1 -1 -1 -1 2 1 3 3 3 2 -1 2 
1 1 1 1 1 1 1 1 -1 -1 3 2 3 1 1 3 1 2 -1 1 
1 2 1 2 1 1 1 -1 1 3 -1 3 3 1 3 3 1 1 1 1 
1 1 1 2 -1 1 1 -1 2 1 -1 2 -1 3 2 -1 1 1 1 1 
1 1 1 1 1 1 1 -1 2 1 1 1 2 -1 2 2 1 1 1 1 
1 1 -1 1 1 1 1 2 1 1 1 1 2 2 2 2 1 1 1 -1 
1 1 1 1 1 1 1 1 1 1 1 1 1 2 -1 -1 1 1 1 1 
1 1 1 -1 1 1 2 2 1 1 1 1 2 -1 -1 1 1 1 1 1 
1 1 -1 -1 1 1 1 1 1 2 1 2 -1 2 2 -1 -1 1 1 1 
1 -1 -1 -1 1 1 1 1 1 1 -1 2 2 2 2 1 1 1 1 1 
1 1 1 1 -1 1 2 1 1 1 1 2 2 2 2 1 -1 1 1 1 
1 1 -1 1 1 1 1 2 1 1 2 1 2 2 1 1 2 2 -1 1 
1 1 1 -1 -1 1 1 1 1 2 1 1 2 2 2 2 2 2 2 2 
1 1 1 1 1 1 -1 2 2 1 1 2 3 1 2 -1 2 2 2 1 
1 -1 1 1 1 1 1 2 1 2 2 1 3 3 3 2 2 2 2 2 
1 1 1 1 1 1 1 1 1 1 1 3 2 3 3 2 2 2 2 2 
2 1 1 1 1 1 1 1 3 3 3 1 2 2 2 2 2 2 2 2 
2 2 1 1 1 1 1 1 -1 -1 3 -1 2 2 2 2 2 2 -1 2 
-1 -1 1 -1 1 1 1 1 1 3 2 -1 2 -1 -1 2 2 2 2 -1 
2 2 1 1 1 1 1 1 -1 3 1 2 -1 1 -1 2 2 -1 2 -1 
1 -1 -1 1 -1 -1 2 2 1 2 2 2 2 2 2 -1 -1 -1 2 2 
2 -1 -1 1 1 1 2 1 -1 2 2 2 2 2 -1 -1 -1 -1 -1 2 
-1 -1 2 -1 2 1 1 -1 -1 2 2 2 -1 2 2 2 2 2 2 -1 
2 2 2 -1 -1 1 1 -1 2 2 2 2 2 2 2 -1 2 2 2 -1 
2 2 2 2 3 2 2 2 2 2 2 2 2 2 -1 2 2 2 1 2 
2 -1 2 1 1 2 2 2 2 2 2 2 2 2 2 2 1 2 1 -1 
-1 -1 2 2 2 2 2 2 2 2 2 2 2 2 1 -1 1 1 -1 -1 
-1 1 2 -1 2 2 2 2 2 2 2 2 2 -1 -1 -1 1 1 -1 -1 
-1 1 1 1 2 2 2 2 -1 1 2 2 2 -1 -1 -1 -1 1 1 -1 
-1 -1 -1 2 2 2 2 2 1 -1 1 2 -1 -1 -1 -1 -1 -1 -1 -1 
-1 -1 -1 -1 -1 2 2 -1 1 1 1 1 -1 1 1 -1 -1 -1 -1 -1 
-1 -1 -1 -1 -1 -1 2 -1 1 1 1 -1 -1 1 -1 -1 -1 -1 -1 -1 
-1 -1 -1 -1 -1 2 -1 1 -1 1 1 1 -1 -1 1 -1 -1 -1 -1 -1 
-1 -1 -1 -1 -1 -1 1 1 1 1 1 1 -1 1 -1 -1 -1 -1 -1 1 
-1 -1 1 -1 -1 -1 1 1 1 1 1 1 1 -1 -1 -1 -1 1 1 -1 
-1 -1 1 -1 -1 1 1 1 -1 1 1 1 1 -1 -1 4 -1 1 1 1 
1 1 -1 -1 -1 1 -1 -1 1 1 1 1 -1 -1 2 4 1 -1 1 1 
1 1 1 -1 -1 -1 2 -1 -1 1 1 1 -1 -1 2 2 -1 1 -1 1 
1 -1 -1 -1 -1 -1 2 2 -1 -1 -1 -1 -1 2 -1 -1 -1 2 -1 -1 
1 1 -1 -1 -1 -1 2 -1 2 2 -1 1 1 2 2 -1 -1 -1 2 -1 
1 1 1 -1 -1 1 1 1 1 -1 -1 -1 -1 -1 -1 -1 -1 -1 -1 1 
1 1 1 -1 -1 -1 -1 -1 -1 -1 -1 -1 -1 -1 -1 -1 -1 -1 -1 -1 
-1 2 2 -1 -1 -1 -1 -1 1 1 -1 -1 -1 -1 -1 -1 -1 1 -1 -1 
1 -1 -1 -1 -1 -1 1 1 1 1 -1 -1 -1 -1 -1 -1 -1 -1 1 1 
1 -1 -1 -1 -1 2 -1 1 -1 1 1 -1 -1 -1 -1 -1 -1 1 -1 1 
1 1 -1 -1 -1 -1 -1 -1 1 1 1 -1 -1 -1 -1 -1 -1 -1 -1 -1 
1 -1 -1 -1 -1 -1 -1 1 1 1 -1 -1 -1 -1 -1 -1 -1 -1 -1 1 
-1 -1 -1 -1 -1 -1 1 -1 1 -1 -1 -1 -1 -1 -1 -1 1 -1 1 1 
-1 3 -1 -1 -1 -1 -1 1 -1 -1 -1 -1 -1 -1 -1 -1 -1 1 -1 -1 
3 -1 -1 -1 -1 -1 -1 1 -1 2 -1 -1 -1 -1 2 -1 -1 -1 2 -1 
3 3 -1 -1 -1 -1 -1 -1 1 -1 -1 -1 -1 2 -1 -1 -1 3 -1 3 
2 3 -1 -1 -1 2 -1 -1 1 -1 -1 2 2 -1 -1 3 3 1 3 -1 
2 2 2 -1 -1 2 2 1 2 1 -1 -1 1 2 -1 3 3 1 3 3 
2 -1 3 -1 2 2 2 2 1 2 -1 -1 1 3 1 1 1 1 3 3 
3 3 -1 -1 2 2 2 2 2 1 -1 -1 -1 3 2 1 2 3 3 3 
2 1 1 1 -1 2 2 -1 2 2 2 2 3 3 3 2 2 2 -1 3 
2 1 1 1 2 1 2 2 2 2 2 2 3 3 3 2 2 2 2 -1 
1 1 1 1 1 1 1 2 2 1 2 -1 -1 -1 2 2 2 2 -1 1 
1 1 1 1 1 1 1 1 1 1 -1 1 -1 -1 2 3 3 -1 3 1 
1 1 1 1 1 1 1 1 1 -1 1 -1 -1 -1 3 2 -1 -1 1 1 
-1 -1 -1 -1 -1 -1 -1 -1 -1 -1 -1 1 1 1 1 1 1 1 1 -1 
-1 -1 -1 -1 3 -1 -1 -1 -1 -1 -1 -1 1 1 1 1 1 1 1 -1 
-1 -1 2 2 -1 -1 2 2 1 -1 -1 -1 -1 1 1 1 1 1 -1 -1 
-1 -1 2 2 -1 2 2 2 2 -1 -1 -1 -1 1 1 1 1 -1 -1 -1 
-1 2 2 2 2 2 -1 2 -1 -1 -1 -1 -1 -1 -1 -1 -1 -1 -1 -1 
-1 2 2 2 2 2 2 -1 -1 -1 -1 -1 -1 -1 -1 -1 -1 -1 -1 -1 
-1 2 -1 2 2 2 2 2 2 -1 -1 -1 -1 -1 -1 -1 -1 -1 -1 -1 
-1 -1 2 2 2 3 3 2 2 2 3 3 -1 -1 -1 -1 -1 -1 -1 3 
3 2 3 3 3 2 2 2 3 3 2 -1 -1 -1 -1 -1 -1 -1 -1 -1 
3 3 3 3 3 3 2 2 2 -1 -1 -1 -1 -1 -1 -1 -1 -1 3 3 
3 3 3 1 3 3 -1 2 2 -1 -1 -1 -1 -1 -1 -1 -1 -1 3 3 
3 1 -1 2 1 3 -1 -1 2 2 -1 -1 -1 -1 -1 -1 -1 -1 -1 3 
-1 -1 1 -1 1 1 1 -1 2 2 -1 -1 -1 -1 -1 -1 -1 -1 -1 -1 
-1 1 -1 1 1 2 -1 -1 -1 -1 -1 2 -1 -1 -1 -1 -1 -1 -1 1 
1 1 1 1 -1 -1 -1 -1 -1 -1 -1 -1 -1 -1 -1 -1 -1 -1 -1 -1 
-1 1 1 1 -1 -1 1 -1 -1 -1 -1 -1 -1 -1 -1 -1 -1 -1 1 -1 
1 1 1 -1 1 1 -1 -1 -1 -1 -1 -1 -1 -1 1 1 -1 1 1 -1 
-1 1 1 1 1 1 1 -1 -1 -1 -1 -1 -1 -1 1 1 1 -1 1 -1 
-1 -1 1 -1 -1 -1 -1 -1 -1 -1 -1 -1 -1 -1 1 1 1 1 1 1 
-1 -1 -1 -1 -1 -1 -1 -1 -1 -1 -1 -1 1 1 1 1 1 1 1 1 
3 3 -1 -1 -1 -1 -1 -1 -1 1 3 1 2 2 3 3 3 3 3 9 
-1 3 3 -1 -1 -1 -1 1 1 3 3 1 3 3 3 3 3 3 3 3 
3 3 -1 -1 -1 -1 -1 1 1 1 3 1 1 -1 1 -1 3 3 3 -1 
-1 3 -1 -1 -1 -1 -1 1 1 1 1 1 1 1 3 3 3 3 3 3 
3 -1 -1 -1 -1 -1 -1 1 1 1 1 1 3 -1 3 3 3 3 -1 -1 
-1 -1 -1 -1 -1 -1 -1 1 2 1 3 3 -1 -1 3 -1 3 3 -1 -1 
-1 -1 -1 -1 -1 -1 -1 1 1 2 3 3 -1 -1 -1 -1 -1 -1 -1 -1 
-1 2 -1 -1 -1 2 1 1 1 2 -1 -1 -1 -1 -1 -1 -1 -1 -1 -1 
2 2 2 -1 -1 2 -1 -1 3 3 -1 -1 -1 -1 -1 -1 -1 -1 -1 -1 
-1 2 2 -1 2 2 3 -1 -1 -1 -1 -1 -1 -1 -1 -1 -1 -1 -1 2 
2 2 2 2 2 2 -1 3 -1 -1 -1 -1 -1 -1 -1 -1 -1 -1 2 2 
2 2 -1 3 2 3 2 -1 -1 -1 -1 -1 -1 -1 -1 -1 -1 -1 -1 2 
-1 2 2 2 2 2 2 -1 -1 -1 -1 -1 -1 -1 2 -1 -1 2 2 2 
2 2 -1 -1 1 2 1 1 1 1 -1 1 1 -1 -1 -1 2 2 2 2 
2 2 -1 -1 -1 1 -1 1 1 1 1 1 3 3 -1 -1 3 2 -1 3 
2 2 2 -1 1 -1 1 1 1 1 3 3 3 1 -1 3 -1 -1 3 3 
3 3 3 -1 -1 1 1 1 1 1 -1 3 3 3 2 2 3 3 3 3 
3 -1 3 -1 1 1 1 1 -1 1 1 1 3 3 2 3 3 3 3 3 
3 -1 3 1 1 1 -1 -1 1 -1 -1 2 3 -1 3 3 3 3 3 3 
3 3 3 -1 -1 -1 -1 -1 -1 -1 -1 1 2 3 3 -1 3 3 3 9 
-1 -1 -1 -1 -1 1 -1 -1 -1 -1 -1 -1 -1 -1 -1 -1 -1 -1 -1 -1 
-1 -1 -1 -1 -1 -1 1 -1 -1 -1 -1 -1 -1 -1 -1 -1 -1 -1 -1 -1 
-1 -1 -1 -1 -1 -1 -1 -1 -1 -1 -1 1 -1 -1 -1 -1 -1 -1 -1 -1 
-1 -1 -1 -1 -1 -1 -1 -1 -1 -1 -1 1 1 -1 -1 -1 -1 -1 -1 -1 
-1 -1 -1 -1 -1 -1 -1 1 -1 -1 1 1 1 -1 -1 -1 -1 -1 -1 -1 
-1 -1 1 -1 -1 -1 -1 -1 1 -1 -1 1 1 -1 -1 -1 -1 -1 -1 -1 
-1 -1 -1 1 -1 -1 -1 -1 -1 -1 1 -1 1 -1 -1 -1 -1 -1 -1 -1 
-1 -1 1 -1 -1 -1 -1 -1 -1 -1 -1 -1 1 -1 -1 -1 -1 1 -1 -1 
-1 -1 -1 -1 -1 -1 -1 -1 -1 -1 -1 -1 -1 -1 -1 -1 1 -1 -1 -1 
-1 -1 -1 -1 -1 -1 -1 -1 -1 -1 -1 -1 -1 -1 -1 -1 -1 -1 -1 -1 
-1 -1 -1 -1 -1 -1 -1 -1 -1 -1 -1 -1 -1 -1 -1 -1 -1 -1 -1 -1 
-1 -1 -1 -1 -1 -1 -1 -1 -1 -1 -1 -1 -1 -1 -1 -1 -1 -1 -1 -1 
-1 -1 -1 -1 -1 -1 -1 -1 -1 -1 -1 -1 -1 -1 -1 -1 -1 -1 -1 -1 
-1 -1 -1 -1 -1 -1 -1 -1 -1 -1 -1 -1 -1 -1 -1 -1 -1 -1 -1 -1 
-1 -1 -1 -1 -1 -1 -1 -1 -1 -1 -1 -1 -1 -1 -1 -1 -1 -1 -1 -1 
-1 -1 -1 -1 -1 -1 -1 -1 -1 -1 -1 -1 -1 -1 -1 -1 -1 -1 1 -1 
-1 -1 -1 -1 -1 -1 2 2 -1 -1 -1 -1 -1 -1 -1 -1 -1 -1 -1 -1 
-1 -1 -1 -1 -1 2 1 1 -1 -1 -1 -1 -1 -1 -1 -1 -1 -1 -1 -1 
-1 -1 -1 -1 -1 2 2 -1 -1 -1 -1 -1 -1 -1 -1 -1 -1 -1 -1 -1 
-1 -1 -1 -1 -1 -1 -1 -1 -1 -1 -1 -1 -1 -1 -1 -1 -1 -1 -1 -1 
-1 -1 -1 -1 -1 -1 2 -1 -1 -1 -1 -1 -1 -1 -1 1 1 1 -1 -1 
-1 -1 -1 -1 -1 2 -1 -1 -1 -1 -1 -1 -1 -1 -1 1 -1 -1 -1 -1 
-1 -1 -1 -1 2 -1 -1 -1 -1 -1 -1 -1 -1 -1 -1 1 -1 -1 -1 -1 
-1 -1 -1 -1 -1 2 -1 -1 -1 -1 -1 -1 -1 -1 -1 -1 -1 -1 -1 -1 
-1 -1 -1 -1 2 -1 2 -1 2 -1 -1 -1 -1 -1 -1 -1 -1 -1 -1 -1 
-1 -1 -1 -1 -1 2 -1 2 2 -1 -1 -1 -1 -1 -1 -1 -1 -1 -1 -1 
2 2 -1 -1 2 2 2 -1 -1 -1 -1 -1 -1 -1 -1 -1 -1 -1 -1 -1 
-1 2 2 -1 -1 2 2 -1 -1 -1 -1 -1 -1 -1 -1 -1 -1 -1 -1 -1 
-1 -1 -1 -1 -1 -1 -1 -1 -1 -1 -1 -1 -1 -1 -1 -1 1 1 -1 -1 
-1 -1 -1 -1 -1 -1 -1 -1 -1 -1 -1 -1 -1 -1 -1 -1 1 1 1 -1 
2 -1 -1 -1 -1 -1 -1 -1 -1 -1 -1 -1 -1 -1 -1 1 1 1 1 -1 
-1 -1 -1 -1 -1 -1 -1 -1 -1 -1 -1 -1 -1 -1 1 1 1 1 1 1 
-1 -1 -1 -1 -1 -1 -1 -1 -1 -1 -1 -1 1 -1 1 1 1 1 1 1 
-1 -1 -1 -1 -1 -1 -1 -1 -1 -1 -1 -1 -1 1 1 1 1 1 1 -1 
-1 -1 -1 -1 -1 -1 -1 -1 -1 -1 -1 -1 -1 -1 1 1 1 1 1 1 
-1 -1 -1 -1 -1 -1 -1 -1 -1 -1 -1 -1 -1 1 1 1 1 1 -1 1 
-1 -1 -1 -1 -1 -1 -1 -1 -1 -1 -1 -1 -1 -1 -1 1 1 -1 1 -1 
-1 -1 -1 -1 -1 -1 -1 -1 -1 -1 -1 -1 -1 -1 1 -1 -1 -1 -1 -1 
-1 -1 -1 -1 -1 -1 -1 -1 -1 -1 -1 -1 -1 -1 1 -1 -1 1 -1 -1 
-1 -1 -1 -1 -1 -1 -1 -1 -1 1 -1 -1 -1 -1 1 -1 1 1 -1 -1 
2 -1 -1 -1 1 -1 1 -1 -1 1 1 1 1 2 3 3 1 2 2 2 
2 -1 -1 -1 1 1 -1 1 1 1 1 1 1 -1 1 2 -1 2 -1 2 
2 -1 -1 -1 -1 1 1 1 1 1 1 1 1 -1 2 1 3 3 3 2 
-1 -1 -1 -1 -1 1 1 1 1 1 1 1 1 1 2 2 2 2 -1 2 
2 -1 -1 -1 -1 -1 -1 2 1 1 1 1 1 1 1 1 2 2 3 -1 
-1 -1 -1 -1 -1 2 2 -1 2 -1 -1 1 1 1 2 2 -1 -1 -1 -1 
-1 2 2 2 -1 2 2 2 -1 -1 2 2 1 2 1 1 -1 -1 -1 -1 
-1 -1 2 2 -1 2 -1 1 2 -1 2 2 2 2 2 3 -1 -1 -1 -1 
1 1 2 2 -1 -1 -1 -1 -1 2 2 3 3 3 2 1 1 -1 -1 -1 
1 1 2 -1 -1 -1 -1 -1 -1 -1 -1 2 3 3 2 1 1 1 -1 -1 
-1 1 1 1 1 -1 -1 -1 -1 -1 -1 -1 2 3 2 1 -1 1 -1 -1 
1 1 1 1 -1 1 -1 -1 -1 -1 -1 2 2 2 2 -1 -1 -1 -1 -1 
1 1 1 1 1 1 -1 -1 -1 -1 -1 -1 -1 -1 2 2 -1 -1 -1 1 
1 1 1 1 1 1 -1 -1 -1 -1 -1 -1 -1 -1 2 -1 2 -1 -1 1 
1 1 1 1 1 -1 -1 -1 -1 -1 -1 1 -1 -1 -1 -1 -1 2 1 1 
1 -1 1 -1 -1 -1 -1 -1 -1 -1 -1 1 -1 -1 -1 -1 3 -1 1 -1 
-1 1 1 -1 -1 -1 -1 -1 -1 -1 -1 -1 1 1 1 3 1 3 2 3 
-1 2 -1 -1 -1 -1 -1 -1 -1 -1 1 -1 -1 1 1 1 1 1 3 2 
2 2 2 -1 -1 -1 -1 -1 1 -1 -1 1 -1 1 3 1 1 3 2 2 
-1 -1 -1 -1 -1 -1 -1 -1 1 -1 1 1 1 -1 1 1 1 3 3 3 
-1 8 8 1 -1 2 -1 -1 -1 -1 -1 -1 1 -1 -1 2 1 1 2 1 
8 8 1 -1 2 -1 -1 1 1 1 -1 1 1 1 -1 1 1 2 2 2 
-1 -1 -1 -1 -1 -1 -1 -1 1 -1 -1 -1 1 1 1 1 1 1 2 2 
-1 -1 -1 -1 -1 -1 -1 -1 -1 -1 -1 -1 1 1 1 1 1 2 2 2 
-1 -1 -1 -1 -1 -1 -1 -1 -1 1 1 -1 -1 -1 1 1 2 2 2 2 
2 -1 -1 -1 -1 -1 -1 -1 -1 1 1 2 -1 2 1 1 2 2 2 -1 
2 2 2 2 -1 -1 -1 -1 1 -1 2 2 2 2 -1 2 2 2 2 2 
2 2 -1 -1 -1 -1 -1 -1 -1 2 2 2 2 2 2 2 2 -1 -1 2 
-1 1 -1 -1 -1 -1 -1 3 -1 2 2 2 2 2 2 -1 -1 -1 2 2 
1 1 1 -1 -1 -1 -1 -1 -1 -1 -1 2 2 2 2 -1 -1 -1 -1 2 
1 1 -1 1 -1 -1 -1 -1 -1 -1 2 -1 2 2 2 -1 -1 -1 1 -1 
1 1 1 -1 -1 -1 -1 -1 1 1 2 1 1 1 2 -1 -1 1 -1 1 
1 1 1 -1 -1 -1 -1 -1 -1 1 1 -1 -1 1 1 1 -1 2 1 1 
1 1 -1 -1 -1 -1 2 -1 1 1 -1 1 1 1 1 1 1 1 2 -1 
-1 -1 2 -1 1 1 -1 1 1 1 1 1 1 1 -1 1 2 1 1 2 
1 2 2 -1 1 1 1 2 1 2 1 -1 -1 1 2 2 1 1 1 1 
1 1 2 2 1 -1 -1 1 1 1 1 -1 -1 1 -1 2 2 2 1 1 
1 -1 2 2 2 -1 -1 1 -1 1 1 -1 -1 1 1 -1 2 2 1 1 
2 2 2 1 2 2 -1 -1 1 -1 1 1 1 1 -1 2 2 2 1 1 
8 8 1 8 2 -1 2 -1 -1 -1 1 1 1 -1 1 2 2 1 1 8 
-1 -1 -1 1 1 2 1 1 1 1 1 1 -1 -1 1 1 1 1 -1 -1 
-1 -1 -1 -1 -1 -1 1 1 1 1 -1 1 1 -1 1 -1 1 1 -1 -1 
-1 -1 -1 1 -1 -1 1 1 1 1 -1 1 1 1 1 1 -1 1 1 -1 
1 -1 1 1 -1 -1 -1 1 1 -1 1 1 1 1 1 1 1 -1 1 1 
-1 -1 1 -1 -1 -1 1 -1 -1 1 -1 1 1 1 1 1 1 1 1 1 
-1 -1 -1 -1 -1 -1 -1 -1 -1 -1 1 1 1 1 1 1 1 1 -1 -1 
-1 -1 -1 -1 -1 -1 -1 1 -1 1 -1 1 1 1 1 1 1 -1 1 1 
1 -1 -1 -1 -1 2 2 2 1 1 -1 -1 -1 1 1 1 1 1 -1 1 
-1 1 3 -1 -1 -1 2 1 -1 1 1 1 1 -1 1 1 1 1 1 1 
2 1 1 -1 -1 -1 -1 -1 1 -1 -1 -1 1 1 1 1 -1 -1 1 2 
-1 2 2 -1 -1 -1 -1 -1 -1 -1 -1 1 1 1 1 1 1 1 -1 -1 
2 2 -1 -1 -1 1 -1 -1 -1 -1 2 1 1 1 1 -1 1 1 1 -1 
-1 2 -1 -1 -1 -1 1 1 -1 -1 1 1 1 1 1 1 -1 1 1 -1 
1 -1 2 1 -1 -1 1 -1 -1 1 1 1 1 1 1 1 1 1 1 1 
2 1 1 -1 -1 1 1 5 5 1 1 1 1 1 -1 1 1 1 1 1 
-1 2 -1 -1 -1 1 5 5 5 1 1 1 1 1 1 1 1 1 1 1 
1 -1 2 1 1 -1 1 5 5 1 1 1 1 1 1 1 1 1 1 -1 
-1 -1 1 -1 -1 1 1 5 1 1 1 1 1 1 1 1 1 1 1 1 
1 1 -1 -1 1 -1 1 1 1 1 1 1 1 1 1 1 1 1 1 1 
1 -1 -1 -1 -1 -1 3 1 1 1 1 1 1 1 1 1 1 1 1 -1 
3 3 3 3 3 3 3 3 -1 3 3 -1 -1 -1 1 -1 -1 3 3 3 
3 3 3 3 3 3 3 3 3 -1 -1 -1 -1 -1 -1 -1 1 1 1 3 
3 3 3 3 3 3 8 2 -1 -1 -1 -1 -1 -1 -1 -1 1 1 -1 -1 
3 3 3 3 3 1 -1 2 -1 -1 -1 -1 -1 -1 -1 -1 1 1 -1 -1 
-1 3 1 1 -1 1 1 -1 -1 1 -1 -1 -1 -1 -1 1 1 1 -1 -1 
-1 -1 1 -1 -1 1 1 -1 1 -1 -1 -1 -1 -1 -1 1 -1 1 -1 -1 
-1 -1 -1 -1 1 -1 1 -1 -1 1 -1 -1 -1 -1 -1 1 1 1 -1 1 
-1 -1 -1 -1 1 1 1 1 1 1 -1 -1 1 1 -1 1 1 2 1 1 
-1 -1 -1 1 1 -1 1 -1 1 1 -1 -1 -1 -1 1 1 -1 1 1 -1 
3 3 1 -1 1 1 1 1 -1 -1 -1 -1 -1 -1 1 -1 -1 -1 -1 1 
1 3 -1 -1 3 3 3 -1 1 1 -1 -1 -1 -1 1 1 -1 -1 1 3 
3 -1 -1 3 3 3 -1 -1 -1 3 -1 -1 -1 1 1 1 -1 -1 -1 1 
3 -1 -1 3 3 3 3 -1 3 1 3 -1 -1 -1 -1 1 -1 -1 1 1 
3 -1 3 -1 -1 3 3 3 1 1 3 -1 -1 -1 -1 -1 1 1 1 3 
3 3 -1 -1 3 3 -1 -1 1 -1 1 3 3 3 -1 -1 1 -1 -1 3 
1 -1 -1 -1 1 1 3 1 1 -1 -1 -1 3 -1 -1 1 -1 3 3 3 
3 3 -1 -1 1 3 1 1 1 -1 -1 -1 -1 -1 -1 3 1 2 2 1 
3 3 1 1 1 3 1 -1 1 -1 -1 -1 1 -1 -1 3 3 3 3 2 
3 3 1 1 2 3 -1 3 3 -1 -1 -1 -1 -1 -1 3 3 1 3 -1 
3 3 3 3 3 2 2 -1 3 3 3 3 -1 -1 1 3 -1 3 -1 3 
1 1 1 -1 -1 -1 -1 -1 1 1 1 -1 1 1 1 1 1 1 1 1 
1 1 1 -1 -1 -1 -1 -1 -1 -1 1 1 1 1 1 1 1 1 -1 1 
-1 -1 -1 -1 -1 -1 -1 -1 -1 -1 -1 -1 -1 1 1 -1 1 1 1 1 
1 -1 -1 -1 -1 -1 -1 -1 -1 -1 -1 1 1 1 -1 1 1 1 1 1 
-1 -1 -1 -1 -1 -1 -1 -1 -1 -1 -1 1 1 1 1 1 1 1 1 1 
-1 -1 -1 -1 -1 -1 -1 -1 -1 -1 -1 -1 -1 -1 1 1 1 1 1 1 
-1 -1 -1 -1 -1 -1 -1 -1 -1 -1 -1 -1 -1 -1 -1 1 1 1 1 3 
-1 -1 -1 -1 -1 -1 -1 -1 3 -1 -1 -1 -1 -1 3 1 1 3 -1 -1 
-1 -1 -1 -1 -1 -1 -1 3 -1 3 3 -1 -1 -1 -1 3 1 -1 -1 -1 
-1 -1 -1 3 -1 -1 -1 -1 1 -1 3 -1 -1 -1 1 3 -1 -1 -1 -1 
1 -1 -1 -1 3 -1 1 1 -1 -1 -1 1 -1 -1 -1 1 -1 -1 -1 1 
1 1 1 1 -1 1 1 1 1 -1 -1 -1 -1 -1 -1 -1 1 -1 1 -1 
-1 1 1 1 1 1 1 1 1 1 -1 -1 1 -1 -1 -1 1 1 1 -1 
-1 1 1 1 1 -1 1 1 1 1 1 -1 1 -1 -1 -1 1 1 1 1 
1 -1 -1 1 1 1 1 1 1 1 1 -1 -1 1 -1 1 -1 1 -1 1 
1 1 1 -1 -1 1 1 1 1 1 1 1 1 1 1 1 1 -1 1 1 
1 -1 1 1 -1 1 1 1 1 1 1 -1 1 1 1 1 1 1 1 1 
1 1 1 -1 -1 1 1 -1 -1 1 1 -1 -1 1 1 1 1 1 1 1 
1 1 1 -1 -1 -1 -1 -1 1 1 1 1 -1 -1 1 1 1 1 1 -1 
-1 -1 -1 -1 -1 -1 -1 -1 1 -1 1 -1 1 1 -1 -1 1 -1 1 1 
-1 -1 -1 -1 1 -1 -1 -1 -1 -1 -1 1 -1 -1 -1 1 -1 -1 -1 -1 
-1 -1 -1 -1 -1 -1 -1 -1 -1 -1 -1 -1 -1 -1 3 1 1 -1 -1 -1 
-1 -1 -1 -1 -1 -1 -1 -1 -1 -1 -1 -1 -1 -1 -1 -1 -1 1 -1 -1 
-1 -1 -1 -1 -1 1 -1 1 -1 -1 -1 -1 -1 -1 -1 -1 -1 -1 -1 -1 
-1 -1 -1 -1 -1 1 1 -1 1 -1 -1 -1 -1 -1 -1 -1 -1 -1 -1 -1 
-1 1 1 1 1 -1 -1 -1 -1 1 1 -1 -1 -1 -1 -1 -1 -1 -1 1 
1 1 1 1 1 1 -1 -1 1 -1 -1 1 1 -1 -1 -1 -1 -1 -1 -1 
1 1 -1 1 1 1 1 1 1 1 1 1 -1 -1 -1 -1 1 1 -1 -1 
-1 1 1 -1 1 1 1 1 1 1 1 1 -1 -1 -1 -1 -1 1 1 1 
1 -1 -1 -1 -1 -1 -1 1 1 1 1 1 1 -1 -1 -1 1 1 -1 1 
1 1 1 1 -1 -1 1 1 1 1 1 -1 1 -1 -1 -1 -1 -1 -1 1 
-1 1 -1 1 1 -1 1 1 1 1 1 1 1 1 1 -1 1 -1 -1 1 
-1 1 -1 1 -1 -1 1 1 1 1 1 1 1 1 -1 -1 1 1 -1 1 
1 -1 1 1 -1 1 1 1 1 1 1 1 1 -1 1 1 1 -1 -1 1 
-1 -1 -1 1 -1 1 -1 1 -1 -1 1 -1 1 -1 -1 1 1 -1 -1 1 
1 1 -1 -1 -1 1 1 1 1 1 1 1 -1 -1 -1 -1 -1 -1 -1 -1 
1 1 -1 -1 -1 -1 1 -1 1 1 1 1 -1 -1 -1 -1 -1 -1 -1 -1 
-1 1 1 1 -1 -1 -1 -1 1 -1 1 -1 1 1 -1 -1 -1 -1 -1 -1 
-1 1 1 -1 -1 -1 -1 -1 1 1 -1 1 1 1 -1 -1 -1 -1 -1 -1 
-1 1 1 1 1 -1 -1 -1 1 1 1 1 -1 -1 -1 -1 -1 -1 -1 -1 
-1 -1 -1 -1 -1 -1 -1 -1 1 -1 1 -1 -1 -1 -1 -1 -1 -1 -1 -1 
-1 -1 -1 -1 -1 -1 -1 -1 -1 1 1 1 1 -1 -1 -1 -1 -1 -1 -1 
-1 -1 -1 -1 -1 -1 -1 -1 1 -1 1 -1 -1 -1 -1 -1 -1 -1 -1 1 
-1 -1 -1 -1 -1 -1 -1 -1 1 1 1 1 -1 -1 -1 -1 -1 -1 -1 -1 
-1 -1 -1 -1 -1 -1 -1 -1 -1 1 1 -1 -1 -1 -1 -1 -1 -1 -1 -1 
-1 -1 -1 -1 1 1 -1 -1 -1 -1 -1 -1 -1 -1 -1 -1 -1 -1 -1 -1 
-1 -1 -1 1 1 1 -1 -1 1 -1 -1 -1 -1 -1 -1 -1 1 -1 -1 1 
-1 -1 -1 -1 1 1 1 1 1 -1 1 1 -1 -1 -1 1 -1 1 1 -1 
1 -1 1 -1 -1 -1 1 1 1 -1 -1 1 1 -1 -1 -1 -1 1 1 -1 
1 -1 -1 1 -1 -1 1 -1 1 1 -1 1 -1 -1 1 -1 1 -1 -1 1 
-1 -1 -1 -1 -1 -1 -1 -1 1 1 1 1 -1 1 -1 -1 1 -1 -1 1 
-1 -1 -1 -1 -1 -1 1 1 1 1 1 -1 1 1 -1 -1 -1 1 -1 -1 
-1 -1 -1 -1 -1 -1 -1 -1 -1 -1 -1 -1 1 -1 -1 -1 -1 -1 -1 -1 
-1 -1 -1 -1 -1 -1 -1 -1 -1 -1 -1 1 -1 -1 -1 -1 -1 -1 -1 -1 
1 1 -1 -1 -1 -1 -1 -1 -1 -1 -1 -1 -1 -1 -1 -1 -1 -1 -1 -1 
1 -1 -1 -1 -1 -1 -1 -1 -1 -1 -1 -1 -1 -1 -1 -1 -1 -1 -1 -1 
1 1 -1 -1 -1 -1 -1 -1 -1 -1 -1 -1 -1 -1 -1 -1 -1 -1 -1 -1 
1 1 -1 -1 -1 -1 -1 -1 -1 -1 -1 -1 -1 -1 -1 1 -1 1 -1 -1 
-1 -1 -1 -1 -1 -1 -1 -1 -1 -1 -1 1 -1 -1 -1 1 1 1 -1 -1 
-1 -1 -1 -1 -1 -1 -1 -1 -1 -1 1 1 -1 1 -1 -1 1 -1 -1 -1 
-1 -1 -1 -1 -1 -1 -1 -1 -1 -1 -1 -1 -1 -1 -1 -1 -1 1 -1 -1 
-1 -1 -1 -1 -1 -1 -1 -1 -1 -1 -1 -1 -1 -1 1 1 1 -1 -1 -1 
1 -1 -1 -1 -1 -1 -1 -1 -1 -1 -1 -1 -1 -1 1 1 1 1 -1 -1 
1 -1 -1 -1 -1 -1 -1 -1 -1 -1 -1 -1 -1 1 1 -1 -1 -1 1 1 
-1 -1 -1 -1 -1 -1 -1 -1 -1 -1 -1 -1 -1 -1 -1 -1 -1 1 1 1 
1 -1 -1 -1 -1 -1 -1 -1 -1 -1 -1 -1 -1 -1 -1 -1 -1 1 1 1 
1 -1 -1 -1 -1 -1 -1 -1 -1 -1 -1 -1 -1 -1 -1 -1 -1 1 1 -1 
-1 1 1 -1 -1 -1 -1 -1 -1 -1 -1 -1 -1 -1 -1 -1 -1 -1 1 -1 
-1 -1 -1 -1 -1 -1 -1 -1 -1 -1 -1 -1 -1 -1 -1 -1 -1 -1 -1 1 
-1 -1 -1 -1 -1 -1 -1 -1 1 1 -1 -1 -1 -1 -1 -1 1 1 -1 -1 
-1 -1 -1 -1 1 1 -1 -1 -1 -1 1 -1 1 -1 -1 -1 -1 -1 -1 -1 
-1 -1 -1 1 1 -1 -1 -1 -1 -1 1 -1 1 -1 -1 -1 -1 -1 -1 -1 
-1 -1 -1 -1 1 -1 1 1 -1 -1 -1 -1 -1 -1 -1 -1 1 1 -1 -1 
1 1 1 1 -1 1 1 -1 -1 -1 -1 -1 -1 -1 -1 -1 1 1 1 -1 
1 -1 -1 -1 1 1 1 -1 -1 -1 -1 -1 -1 -1 -1 1 1 1 -1 1 
1 -1 -1 -1 1 -1 -1 -1 -1 -1 -1 -1 -1 -1 -1 -1 -1 1 -1 -1 
-1 -1 -1 -1 -1 -1 -1 -1 -1 -1 -1 -1 -1 -1 -1 -1 -1 -1 -1 -1 
-1 -1 -1 -1 -1 -1 -1 -1 -1 -1 -1 -1 -1 -1 -1 -1 -1 -1 -1 -1 
-1 -1 -1 -1 -1 -1 -1 -1 -1 -1 -1 -1 -1 -1 -1 -1 -1 -1 -1 -1 
-1 -1 -1 -1 -1 -1 -1 -1 -1 -1 -1 -1 -1 -1 -1 -1 -1 -1 -1 -1 
-1 1 -1 1 1 -1 -1 -1 -1 -1 -1 -1 -1 -1 -1 -1 -1 1 -1 -1 
-1 -1 -1 1 -1 -1 -1 -1 -1 -1 -1 -1 -1 -1 -1 -1 1 -1 -1 -1 
-1 -1 -1 -1 -1 -1 -1 -1 -1 -1 -1 -1 -1 -1 -1 -1 -1 -1 -1 -1 
-1 -1 -1 -1 -1 -1 -1 -1 -1 -1 -1 -1 -1 -1 -1 -1 -1 -1 -1 -1 
-1 -1 -1 -1 -1 -1 -1 -1 -1 -1 -1 -1 -1 -1 -1 -1 -1 -1 -1 -1 
-1 -1 -1 -1 -1 -1 -1 -1 -1 -1 1 -1 -1 -1 -1 -1 -1 -1 -1 -1 
-1 -1 -1 -1 -1 -1 -1 -1 -1 -1 -1 -1 -1 -1 -1 -1 -1 -1 -1 -1 
-1 -1 -1 -1 -1 -1 -1 -1 -1 -1 -1 -1 -1 -1 -1 -1 -1 -1 -1 -1 
-1 -1 -1 -1 -1 -1 -1 -1 -1 -1 -1 -1 -1 -1 -1 -1 -1 -1 -1 -1 
-1 -1 -1 -1 -1 -1 -1 -1 -1 -1 -1 -1 -1 -1 -1 -1 -1 -1 -1 -1 
-1 -1 -1 -1 -1 -1 -1 -1 -1 -1 -1 -1 -1 -1 -1 -1 1 -1 -1 -1 
1 -1 -1 -1 1 1 -1 1 -1 1 -1 1 1 -1 -1 1 -1 1 -1 -1 
-1 -1 -1 -1 -1 1 -1 -1 1 1 -1 -1 1 -1 -1 -1 -1 1 -1 -1 
-1 -1 -1 -1 -1 1 1 1 -1 -1 -1 -1 -1 1 -1 1 1 1 -1 -1 
-1 -1 -1 -1 -1 -1 1 -1 -1 -1 -1 -1 -1 -1 -1 -1 1 1 1 -1 
-1 -1 -1 -1 -1 -1 -1 -1 -1 -1 -1 -1 -1 -1 -1 -1 -1 1 1 1 
1 -1 -1 -1 -1 -1 -1 -1 -1 -1 -1 -1 -1 -1 -1 -1 -1 -1 -1 -1 
-1 -1 -1 -1 -1 -1 -1 -1 -1 -1 -1 -1 -1 -1 -1 -1 -1 -1 -1 -1 
-1 -1 -1 -1 -1 -1 -1 1 -1 -1 -1 -1 -1 -1 -1 -1 -1 -1 -1 -1 
-1 -1 -1 1 -1 -1 1 -1 -1 -1 -1 -1 -1 -1 -1 -1 -1 -1 -1 -1 
-1 -1 -1 -1 -1 -1 -1 -1 -1 -1 -1 -1 -1 -1 -1 -1 -1 -1 -1 -1 
-1 -1 -1 -1 -1 -1 -1 -1 -1 -1 -1 -1 -1 -1 -1 -1 -1 -1 -1 -1 
-1 -1 -1 -1 -1 -1 -1 -1 -1 -1 -1 -1 -1 -1 -1 -1 -1 -1 -1 -1 
-1 -1 -1 -1 -1 -1 -1 -1 -1 -1 -1 -1 -1 -1 -1 -1 -1 -1 -1 -1 
-1 -1 -1 -1 -1 -1 -1 -1 -1 -1 -1 -1 -1 -1 -1 -1 -1 -1 -1 -1 
-1 -1 -1 -1 -1 -1 -1 -1 -1 -1 -1 -1 -1 -1 -1 -1 -1 -1 -1 -1 
-1 -1 -1 -1 -1 -1 -1 -1 -1 -1 -1 -1 -1 -1 -1 -1 -1 -1 -1 -1 
-1 -1 -1 -1 -1 -1 -1 -1 -1 -1 -1 -1 -1 -1 -1 -1 -1 -1 -1 -1 
-1 -1 -1 -1 -1 -1 -1 -1 -1 -1 -1 -1 2 -1 -1 -1 -1 -1 -1 -1 
-1 -1 -1 -1 -1 -1 -1 -1 -1 -1 -1 2 2 -1 -1 -1 -1 -1 -1 -1 
-1 -1 -1 -1 -1 -1 -1 -1 -1 -1 -1 -1 -1 -1 -1 -1 -1 -1 -1 -1 
-1 -1 -1 -1 -1 -1 -1 -1 -1 -1 -1 -1 -1 -1 -1 -1 -1 -1 -1 -1 
-1 -1 -1 -1 -1 -1 -1 -1 -1 -1 -1 -1 -1 -1 -1 2 -1 -1 -1 -1 
-1 -1 -1 -1 -1 -1 -1 -1 -1 -1 -1 -1 -1 -1 -1 -1 -1 -1 -1 -1 
-1 -1 -1 -1 -1 -1 -1 -1 -1 -1 -1 -1 -1 -1 -1 -1 -1 -1 -1 -1 
-1 -1 -1 -1 -1 -1 -1 -1 -1 -1 -1 -1 -1 -1 -1 -1 -1 -1 -1 -1 
-1 -1 -1 -1 -1 -1 -1 -1 -1 -1 -1 -1 -1 -1 -1 -1 -1 -1 -1 -1 
-1 1 -1 -1 -1 -1 -1 -1 -1 -1 -1 -1 -1 -1 -1 -1 -1 -1 -1 -1 
1 -1 -1 -1 -1 -1 -1 -1 -1 -1 -1 -1 -1 -1 -1 -1 -1 -1 -1 -1 
-1 -1 -1 -1 -1 -1 -1 -1 -1 -1 -1 -1 -1 -1 -1 -1 -1 -1 -1 -1 
-1 -1 -1 -1 2 2 2 -1 -1 -1 -1 -1 -1 -1 -1 2 -1 2 2 -1 
-1 -1 -1 -1 -1 -1 -1 -1 -1 -1 -1 -1 -1 -1 2 -1 -1 -1 -1 -1 
-1 -1 -1 -1 -1 -1 -1 -1 -1 -1 -1 -1 -1 -1 -1 -1 -1 -1 -1 -1 
-1 -1 -1 -1 -1 2 -1 -1 2 -1 -1 2 -1 -1 -1 -1 -1 -1 -1 -1 
-1 -1 -1 2 -1 -1 2 -1 2 -1 -1 -1 -1 -1 -1 -1 -1 -1 -1 -1 
-1 -1 -1 -1 2 -1 2 2 2 2 -1 -1 -1 -1 -1 -1 -1 -1 -1 -1 
-1 2 -1 2 2 2 -1 2 -1 2 2 -1 -1 -1 -1 -1 -1 -1 -1 -1 
-1 2 2 -1 2 2 1 -1 2 2 2 -1 -1 -1 -1 -1 -1 -1 2 -1 
2 2 -1 2 1 2 1 1 -1 2 -1 -1 -1 -1 -1 2 2 -1 2 2 
2 2 2 1 1 1 1 2 2 -1 2 -1 -1 -1 -1 -1 2 2 2 2 
2 2 2 1 1 1 1 2 -1 -1 -1 -1 -1 -1 -1 -1 -1 -1 -1 -1 
2 2 2 2 -1 1 -1 -1 -1 -1 -1 -1 -1 -1 -1 -1 -1 -1 -1 -1 
-1 2 2 -1 -1 -1 -1 -1 -1 -1 -1 -1 -1 -1 -1 -1 -1 -1 -1 -1 
-1 -1 2 -1 -1 -1 -1 -1 -1 -1 -1 -1 -1 -1 -1 2 -1 -1 -1 -1 
-1 -1 -1 -1 -1 -1 -1 -1 -1 -1 1 1 1 -1 -1 -1 2 -1 -1 -1 
-1 -1 -1 -1 -1 -1 -1 -1 1 1 1 1 1 -1 -1 -1 -1 -1 1 -1 
-1 -1 -1 -1 -1 -1 -1 -1 -1 1 -1 1 -1 2 -1 1 1 1 1 1 
1 -1 -1 -1 -1 -1 -1 -1 -1 -1 1 -1 -1 -1 -1 -1 1 1 1 1 
-1 -1 -1 -1 -1 -1 -1 -1 -1 -1 -1 -1 -1 -1 -1 -1 1 2 2 2 
-1 -1 -1 -1 -1 2 -1 -1 -1 -1 -1 -1 -1 -1 2 2 2 2 2 2 
2 2 -1 -1 -1 -1 -1 -1 -1 -1 2 2 -1 -1 -1 -1 -1 -1 -1 2 
-1 2 -1 -1 -1 -1 -1 -1 -1 2 2 -1 -1 -1 -1 -1 -1 2 -1 -1 
-1 -1 -1 -1 -1 -1 -1 -1 2 2 2 2 -1 -1 -1 -1 2 -1 -1 -1 
-1 -1 -1 -1 -1 -1 -1 2 2 2 2 2 -1 2 -1 2 2 -1 -1 -1 
-1 -1 -1 -1 -1 -1 -1 -1 2 2 2 -1 -1 -1 2 2 2 2 2 -1 
-1 -1 -1 -1 -1 -1 -1 2 2 2 2 2 -1 2 2 2 -1 2 -1 -1 
2 -1 -1 -1 -1 -1 -1 2 -1 2 -1 2 2 -1 2 -1 -1 2 2 2 
2 -1 -1 -1 -1 -1 -1 -1 -1 2 -1 -1 -1 2 2 -1 2 2 -1 1 
2 2 2 -1 -1 -1 -1 -1 -1 2 -1 -1 2 -1 2 2 2 2 2 2 
-1 -1 2 -1 -1 -1 -1 -1 2 2 -1 -1 -1 -1 -1 2 2 2 2 -1 
-1 -1 -1 -1 -1 -1 -1 2 -1 -1 -1 -1 -1 -1 2 2 2 2 -1 -1 
-1 -1 -1 -1 -1 -1 -1 -1 -1 -1 -1 -1 -1 -1 -1 2 2 -1 -1 -1 
-1 -1 -1 -1 -1 -1 -1 -1 -1 -1 -1 -1 -1 -1 -1 2 2 -1 -1 -1 
-1 -1 -1 -1 -1 -1 2 -1 -1 2 2 -1 -1 -1 -1 2 2 2 2 2 
2 -1 -1 -1 -1 -1 -1 2 2 2 2 -1 2 2 2 2 -1 2 2 2 
2 -1 -1 -1 -1 -1 -1 -1 2 2 2 2 2 2 2 -1 2 -1 2 2 
-1 -1 -1 2 -1 -1 -1 -1 2 2 2 2 2 -1 2 2 -1 -1 2 2 
-1 -1 -1 -1 -1 -1 -1 -1 -1 2 2 -1 2 -1 2 2 -1 -1 -1 -1 
2 -1 -1 -1 -1 -1 -1 -1 2 2 2 2 -1 -1 -1 -1 -1 -1 2 2 
-1 2 -1 -1 -1 -1 -1 -1 -1 -1 2 2 2 2 -1 -1 -1 -1 -1 2 
2 2 2 -1 1 -1 1 2 -1 1 2 10 10 2 2 2 1 1 -1 2 
2 2 -1 2 -1 1 1 1 1 2 2 2 -1 2 2 2 2 1 2 2 
-1 -1 -1 2 2 -1 1 -1 -1 2 -1 -1 2 2 2 -1 2 1 1 1 
2 2 -1 2 2 2 1 1 1 2 2 -1 2 2 -1 2 -1 2 1 2 
2 2 2 2 2 -1 1 1 2 -1 -1 -1 -1 2 -1 -1 -1 1 1 2 
-1 2 2 -1 2 1 2 2 2 2 -1 -1 -1 -1 2 2 -1 -1 -1 2 
-1 -1 -1 2 2 1 2 2 2 -1 -1 2 2 2 2 2 2 -1 -1 -1 
-1 -1 -1 2 -1 1 2 2 2 -1 -1 -1 -1 -1 -1 2 2 -1 -1 -1 
-1 -1 -1 -1 2 2 1 2 -1 2 -1 -1 -1 -1 2 1 1 2 2 -1 
-1 -1 -1 -1 2 2 2 -1 2 -1 2 -1 -1 2 2 1 1 1 1 -1 
-1 -1 -1 -1 -1 2 2 2 2 2 2 -1 -1 1 -1 1 1 1 1 -1 
-1 -1 -1 -1 -1 -1 2 2 2 2 2 -1 -1 -1 1 -1 1 -1 -1 -1 
-1 -1 -1 -1 -1 2 2 2 2 -1 2 2 -1 -1 -1 -1 -1 -1 -1 -1 
-1 -1 -1 -1 -1 2 -1 2 -1 -1 -1 -1 2 -1 -1 -1 -1 -1 -1 -1 
-1 -1 -1 -1 -1 -1 -1 2 2 -1 -1 -1 -1 -1 -1 -1 -1 -1 -1 -1 
-1 -1 -1 -1 -1 -1 2 2 -1 2 1 -1 -1 -1 -1 -1 -1 -1 -1 -1 
-1 -1 2 2 2 2 2 2 2 1 1 -1 -1 -1 -1 -1 2 2 -1 -1 
-1 2 -1 -1 -1 -1 -1 -1 2 1 -1 -1 -1 2 -1 10 -1 -1 -1 2 
2 2 2 -1 -1 -1 -1 -1 2 1 10 10 -1 -1 2 2 2 2 -1 2 
-1 2 2 -1 -1 -1 -1 2 -1 -1 2 2 -1 -1 2 2 2 2 -1 -1 
-1 -1 -1 -1 1 1 2 1 -1 1 1 -1 1 2 2 -1 1 -1 2 2 
-1 -1 1 1 -1 -1 2 -1 2 1 2 2 2 -1 2 -1 -1 -1 2 -1 
-1 -1 2 2 -1 2 -1 1 1 1 1 2 -1 2 -1 -1 -1 -1 -1 -1 
-1 -1 2 2 2 -1 2 1 1 1 1 -1 2 1 -1 1 1 -1 -1 -1 
-1 2 -1 -1 2 -1 1 1 1 1 2 1 2 2 1 -1 -1 -1 -1 -1 
-1 -1 -1 -1 2 1 -1 1 1 1 1 2 2 3 1 2 1 -1 -1 -1 
2 -1 1 -1 -1 -1 2 1 1 1 -1 1 1 1 2 -1 -1 1 1 -1 
-1 -1 -1 1 1 -1 2 1 1 -1 -1 1 1 1 2 2 1 1 2 1 
-1 -1 -1 -1 -1 1 2 2 -1 -1 2 2 3 3 2 -1 1 2 2 -1 
-1 -1 -1 -1 -1 1 1 2 -1 -1 -1 -1 3 -1 2 2 2 2 -1 -1 
-1 -1 2 -1 2 -1 2 2 2 2 2 -1 2 -1 2 2 2 2 2 -1 
-1 2 2 -1 -1 2 -1 2 -1 2 2 -1 -1 2 2 2 -1 2 2 -1 
-1 2 9 2 -1 2 2 2 2 2 -1 -1 -1 2 2 2 -1 -1 -1 -1 
-1 2 2 -1 -1 2 2 -1 2 -1 2 -1 -1 -1 2 2 -1 -1 -1 -1 
-1 9 -1 9 -1 2 -1 -1 2 2 -1 2 -1 2 -1 -1 -1 -1 -1 -1 
-1 -1 9 -1 -1 -1 2 2 -1 2 2 2 2 -1 1 -1 -1 -1 -1 -1 
-1 -1 -1 -1 -1 2 -1 2 -1 2 2 2 1 1 -1 -1 -1 -1 -1 -1 
-1 -1 -1 -1 2 -1 -1 2 -1 -1 2 -1 -1 -1 1 -1 -1 -1 -1 -1 
-1 -1 2 2 2 2 2 -1 -1 -1 -1 2 -1 1 1 1 1 -1 -1 -1 
-1 -1 -1 -1 -1 2 2 1 2 2 -1 1 1 -1 -1 1 -1 -1 -1 -1 
-1 9 9 9 9 -1 -1 -1 -1 -1 -1 -1 -1 -1 2 2 2 2 1 1 
1 1 9 -1 -1 3 -1 2 -1 -1 -1 -1 -1 -1 -1 -1 -1 -1 -1 1 
-1 -1 -1 -1 -1 2 -1 2 -1 -1 -1 -1 -1 -1 -1 -1 -1 -1 -1 1 
1 -1 1 -1 2 2 2 2 2 -1 -1 -1 -1 2 -1 -1 -1 -1 -1 1 
-1 1 -1 -1 -1 -1 2 2 -1 -1 -1 -1 -1 -1 2 2 -1 -1 -1 -1 
9 1 -1 1 1 -1 -1 -1 2 -1 -1 -1 1 2 1 -1 -1 -1 -1 -1 
1 9 1 1 1 -1 -1 -1 -1 -1 -1 1 1 2 2 -1 -1 -1 -1 -1 
-1 1 1 1 1 1 -1 -1 -1 -1 -1 -1 1 -1 -1 -1 -1 -1 -1 -1 
-1 1 1 -1 9 -1 9 9 -1 -1 1 -1 -1 -1 3 3 -1 -1 -1 -1 
-1 -1 -1 -1 -1 9 9 9 9 1 1 -1 2 1 3 3 -1 9 -1 -1 
-1 -1 -1 -1 1 -1 9 -1 1 1 1 1 1 9 9 3 9 -1 -1 -1 
-1 -1 -1 1 1 9 9 1 1 -1 1 1 1 3 9 9 9 9 -1 -1 
-1 -1 -1 -1 1 1 1 1 1 1 1 1 2 3 3 2 2 -1 -1 -1 
-1 -1 -1 -1 -1 -1 -1 1 1 1 1 3 2 3 3 2 -1 2 -1 -1 
-1 -1 -1 -1 -1 -1 -1 1 -1 -1 -1 1 -1 -1 3 2 2 2 2 -1 
2 2 -1 -1 -1 -1 -1 1 -1 -1 -1 -1 -1 2 2 2 2 2 -1 2 
-1 -1 -1 -1 -1 -1 -1 -1 -1 -1 -1 -1 -1 -1 -1 2 2 2 2 -1 
1 -1 1 9 1 1 -1 -1 -1 -1 9 -1 -1 -1 2 2 -1 -1 -1 -1 
-1 9 9 9 1 -1 -1 -1 -1 -1 -1 -1 -1 -1 -1 2 -1 -1 -1 -1 
-1 9 9 9 -1 -1 -1 -1 -1 -1 -1 -1 -1 -1 2 2 2 -1 1 1 
-1 -1 -1 -1 -1 -1 -1 1 1 1 1 1 1 -1 -1 -1 -1 -1 -1 -1 
1 1 -1 -1 -1 -1 -1 1 1 -1 -1 1 1 -1 -1 -1 -1 -1 1 1 
1 -1 1 -1 -1 -1 -1 1 -1 -1 -1 -1 -1 -1 -1 -1 1 1 1 9 
9 -1 -1 -1 -1 2 -1 -1 1 1 -1 -1 -1 -1 -1 -1 1 1 1 9 
9 9 9 2 2 -1 -1 1 -1 1 -1 -1 -1 -1 -1 -1 -1 -1 1 9 
-1 9 9 2 2 2 -1 1 1 -1 -1 -1 -1 -1 2 -1 -1 9 9 9 
-1 -1 9 2 2 -1 -1 -1 -1 9 -1 -1 -1 -1 -1 -1 -1 -1 9 -1 
-1 2 9 2 2 9 -1 9 9 -1 -1 -1 -1 -1 -1 -1 -1 -1 -1 9 
2 -1 2 -1 -1 9 9 -1 9 9 -1 -1 -1 -1 -1 -1 -1 -1 -1 -1 
2 -1 34 2 9 9 9 9 -1 -1 2 2 -1 -1 -1 -1 -1 -1 -1 2 
2 34 34 -1 9 9 9 9 2 9 2 2 -1 -1 -1 -1 2 -1 2 -1 
2 2 -1 34 9 9 9 9 9 9 2 -1 -1 -1 -1 -1 -1 2 2 2 
-1 2 -1 9 9 9 9 -1 9 -1 -1 -1 -1 -1 -1 -1 -1 2 -1 -1 
-1 2 -1 9 -1 9 -1 -1 9 -1 -1 -1 -1 -1 -1 -1 -1 -1 -1 -1 
-1 -1 -1 -1 9 -1 9 -1 -1 1 1 6 6 1 -1 -1 -1 -1 9 -1 
-1 -1 2 -1 -1 9 -1 -1 -1 -1 1 6 -1 1 -1 -1 -1 -1 -1 9 
-1 -1 -1 -1 -1 -1 9 -1 -1 -1 6 1 1 1 -1 -1 -1 -1 -1 -1 
-1 -1 -1 -1 -1 -1 -1 -1 -1 -1 1 1 1 1 -1 1 1 -1 -1 -1 
-1 -1 -1 -1 -1 -1 -1 -1 1 1 -1 1 1 1 1 1 1 -1 -1 -1 
-1 -1 -1 -1 -1 -1 -1 -1 1 1 -1 1 -1 1 -1 -1 -1 -1 -1 -1 
-1 -1 -1 2 2 2 1 1 1 1 1 -1 -1 -1 1 -1 -1 -1 -1 -1 
-1 -1 2 2 2 1 1 6 1 6 1 -1 1 -1 -1 1 -1 -1 -1 -1 
-1 2 -1 2 2 2 1 6 6 6 1 1 -1 -1 -1 -1 -1 -1 -1 -1 
-1 1 2 3 2 2 6 6 6 6 6 1 6 1 -1 1 -1 -1 -1 -1 
-1 -1 1 1 2 2 6 6 6 6 6 1 6 6 1 -1 -1 -1 -1 -1 
2 2 -1 2 2 3 2 6 6 6 1 6 6 6 6 6 -1 -1 -1 -1 
-1 2 1 1 1 2 6 6 6 6 6 6 6 6 6 6 -1 -1 -1 2 
-1 -1 -1 2 2 2 2 6 6 6 2 6 6 6 6 2 2 -1 -1 -1 
-1 -1 2 -1 2 2 2 1 6 6 6 2 6 2 2 -1 6 -1 -1 -1 
-1 8 8 -1 2 6 2 -1 2 2 2 2 6 2 -1 2 2 6 -1 -1 
-1 -1 -1 -1 -1 2 2 2 2 2 2 2 2 2 2 2 2 -1 -1 -1 
-1 -1 1 1 2 2 2 2 -1 2 2 2 -1 2 2 -1 -1 -1 -1 -1 
-1 9 -1 2 -1 2 2 2 2 2 2 2 2 3 2 -1 2 -1 -1 -1 
9 9 1 -1 -1 2 2 2 2 3 3 2 2 2 3 2 -1 -1 9 9 
9 3 2 2 2 2 2 2 2 2 2 -1 2 2 2 -1 -1 9 -1 -1 
3 3 9 3 2 2 3 2 2 2 2 2 2 2 -1 -1 -1 -1 -1 -1 
-1 2 2 9 2 2 3 2 2 2 2 3 2 3 -1 2 2 -1 -1 -1 
-1 2 2 -1 2 3 3 2 -1 2 1 3 3 3 -1 2 2 2 -1 -1 
-1 -1 2 2 2 3 2 1 1 -1 1 1 -1 -1 2 -1 -1 -1 -1 -1 
-1 -1 -1 2 2 -1 -1 1 1 1 1 1 -1 -1 -1 -1 -1 -1 -1 -1 
2 4 2 3 3 3 3 3 3 2 2 2 8 1 1 2 2 2 -1 2 
-1 4 4 2 3 3 3 2 3 2 2 8 2 -1 2 -1 2 -1 -1 -1 
2 -1 2 8 8 3 3 2 2 2 8 8 -1 2 2 -1 -1 3 -1 2 
2 2 8 8 3 3 3 2 3 2 2 8 2 2 2 2 -1 3 3 2 
-1 2 2 2 2 8 3 2 2 -1 2 8 2 2 -1 3 3 3 3 2 
2 2 8 8 3 2 2 2 2 2 2 -1 2 2 2 2 2 8 8 8 
2 2 2 3 2 2 3 2 2 3 2 2 2 2 2 2 -1 8 8 3 
3 3 3 3 3 2 3 3 3 -1 8 2 2 -1 2 2 2 8 -1 2 
2 2 2 2 2 3 3 8 -1 2 8 2 2 2 -1 2 2 2 2 2 
2 2 2 2 2 3 3 8 -1 2 2 2 -1 2 2 2 2 2 2 2 
2 2 -1 2 1 3 -1 2 2 2 2 -1 2 2 2 2 2 -1 2 2 
2 2 2 2 2 1 -1 2 2 2 2 2 2 2 1 -1 2 2 2 1 
1 -1 2 -1 2 -1 -1 -1 1 2 1 -1 2 2 1 2 2 2 1 2 
2 -1 -1 -1 -1 -1 -1 -1 -1 1 1 8 8 2 2 2 2 2 2 2 
1 -1 -1 -1 -1 -1 -1 -1 -1 1 8 8 -1 1 1 2 2 2 2 2 
1 1 -1 2 -1 -1 1 1 -1 -1 8 -1 2 2 2 -1 2 2 2 -1 
1 1 2 2 2 -1 8 8 -1 -1 8 8 2 2 2 2 1 1 1 2 
2 -1 2 2 2 1 1 1 8 8 8 8 2 2 2 2 3 1 3 -1 
-1 -1 -1 -1 3 -1 1 8 8 8 8 -1 2 3 2 2 2 3 2 -1 
2 2 3 2 3 2 3 3 8 8 8 8 2 2 2 2 2 -1 3 -1 
3 3 2 2 2 -1 2 -1 -1 1 1 1 1 1 1 1 -1 2 -1 -1 
3 3 3 2 -1 2 -1 -1 -1 1 1 1 1 1 1 1 1 1 2 -1 
-1 3 2 8 8 -1 -1 1 -1 -1 1 2 -1 1 1 1 2 2 -1 2 
-1 -1 8 8 8 8 1 -1 1 2 1 -1 1 1 1 2 1 2 2 -1 
3 -1 8 8 8 8 1 1 1 1 2 1 1 1 1 1 2 2 2 3 
-1 3 -1 8 8 8 1 1 1 1 1 -1 1 1 2 1 2 3 3 3 
2 -1 -1 8 2 -1 -1 1 8 8 8 1 9 1 1 1 -1 2 3 -1 
2 -1 -1 -1 -1 -1 -1 1 8 -1 1 9 8 1 1 2 -1 -1 -1 -1 
-1 -1 -1 -1 -1 -1 8 -1 -1 8 8 8 8 1 1 2 2 -1 1 2 
-1 -1 -1 -1 -1 -1 -1 -1 -1 8 8 8 8 1 8 8 8 8 -1 -1 
-1 -1 -1 -1 1 8 8 8 -1 2 8 8 -1 -1 1 8 8 -1 8 -1 
-1 -1 -1 -1 1 -1 8 8 8 8 2 8 -1 -1 1 8 -1 8 8 -1 
-1 -1 -1 -1 -1 -1 -1 8 8 2 8 2 8 -1 1 1 8 -1 -1 -1 
-1 -1 -1 -1 -1 -1 -1 -1 2 8 -1 8 -1 -1 1 -1 -1 -1 -1 -1 
-1 -1 -1 -1 -1 -1 -1 -1 -1 -1 -1 -1 -1 1 -1 8 8 -1 8 -1 
-1 -1 -1 -1 -1 -1 -1 2 2 -1 -1 -1 -1 8 8 8 8 8 8 -1 
2 -1 1 -1 -1 -1 -1 2 2 1 -1 -1 -1 8 8 8 8 -1 -1 2 
-1 -1 -1 1 -1 -1 1 1 -1 1 -1 -1 2 -1 8 8 -1 -1 2 -1 
-1 -1 1 -1 -1 2 -1 -1 1 1 1 2 2 3 -1 8 2 2 -1 -1 
-1 3 2 -1 -1 2 2 -1 1 1 2 1 1 -1 -1 -1 2 2 -1 -1 
-1 -1 -1 -1 -1 1 1 -1 -1 1 2 3 -1 2 -1 -1 1 -1 -1 -1 
-1 -1 -1 -1 -1 -1 1 1 1 -1 3 -1 2 2 2 1 -1 -1 -1 -1 
-1 -1 -1 -1 -1 -1 -1 1 2 -1 -1 3 2 2 2 1 2 -1 1 -1 
-1 -1 -1 -1 -1 -1 -1 -1 -1 2 -1 2 2 -1 2 2 -1 1 -1 -1 
-1 -1 -1 -1 2 -1 2 -1 -1 2 2 2 1 2 -1 -1 1 -1 -1 -1 
-1 -1 2 -1 -1 2 -1 -1 -1 1 1 1 2 1 2 2 -1 -1 -1 -1 
-1 -1 2 -1 -1 -1 -1 -1 -1 1 1 2 -1 -1 -1 2 -1 -1 -1 -1 
-1 2 -1 1 1 1 1 1 -1 -1 -1 -1 2 -1 2 -1 -1 -1 2 2 
2 2 2 1 -1 1 -1 -1 -1 -1 -1 -1 -1 2 -1 -1 -1 -1 2 2 
2 2 2 2 2 -1 1 -1 -1 2 -1 -1 -1 -1 -1 -1 -1 -1 -1 2 
2 2 2 2 -1 2 -1 -1 -1 -1 -1 -1 -1 -1 -1 1 1 2 2 2 
2 2 2 2 -1 2 -1 -1 -1 -1 -1 -1 -1 1 1 -1 1 2 -1 -1 
2 -1 2 2 -1 -1 1 -1 -1 -1 -1 1 1 1 -1 1 1 -1 -1 -1 
-1 1 1 -1 2 1 -1 -1 -1 -1 -1 1 2 1 1 1 -1 -1 -1 -1 
-1 1 -1 1 -1 -1 -1 -1 2 2 1 2 -1 1 1 1 1 1 -1 -1 
-1 -1 -1 -1 1 2 2 2 2 2 2 -1 2 1 1 -1 1 -1 -1 -1 
1 -1 -1 -1 -1 -1 -1 -1 2 2 2 -1 -1 -1 -1 -1 1 -1 -1 1 
1 1 -1 -1 -1 -1 -1 -1 2 2 2 2 -1 -1 -1 1 -1 -1 1 1 
1 -1 -1 -1 -1 -1 -1 -1 -1 2 -1 -1 2 -1 -1 -1 1 -1 -1 1 
-1 -1 -1 -1 -1 -1 1 -1 1 -1 2 3 -1 -1 -1 -1 2 1 -1 -1 
-1 -1 1 1 1 1 1 1 1 1 1 1 1 2 2 2 -1 -1 -1 -1 
-1 -1 2 2 1 1 -1 -1 -1 -1 -1 1 8 -1 2 -1 -1 -1 -1 -1 
-1 -1 -1 -1 1 1 -1 -1 -1 -1 -1 -1 -1 -1 -1 -1 -1 -1 -1 -1 
1 -1 -1 1 1 1 1 -1 -1 -1 -1 -1 -1 -1 -1 -1 -1 -1 1 -1 
-1 1 -1 -1 1 1 2 2 -1 2 -1 -1 -1 -1 -1 -1 -1 -1 1 1 
1 1 -1 1 1 2 2 2 2 -1 -1 -1 -1 -1 -1 -1 -1 -1 -1 1 
1 1 1 2 1 2 -1 2 2 1 2 2 -1 -1 -1 -1 -1 2 2 1 
1 1 -1 1 2 2 2 2 2 -1 2 2 -1 -1 -1 -1 2 2 1 -1 
2 2 -1 1 1 2 2 2 -1 2 2 8 -1 8 2 2 2 -1 2 2 
-1 -1 2 1 -1 2 2 2 -1 -1 2 8 8 -1 8 2 1 2 2 2 
2 2 1 -1 1 2 -1 -1 1 2 2 2 1 2 1 1 1 2 2 1 
1 2 -1 -1 -1 2 2 2 1 1 1 1 1 1 2 1 2 1 2 -1 
2 2 2 -1 -1 -1 -1 -1 -1 1 1 1 1 -1 -1 2 2 2 2 2 
-1 2 -1 1 -1 2 2 -1 -1 1 -1 1 1 -1 2 -1 -1 -1 -1 2 
-1 -1 1 4 1 1 -1 1 -1 -1 -1 1 1 -1 -1 -1 -1 -1 -1 -1 
2 2 2 1 4 1 1 -1 1 -1 1 1 -1 -1 -1 -1 -1 -1 1 2 
-1 2 -1 4 1 1 1 1 -1 1 1 1 1 1 -1 -1 -1 -1 -1 2 
2 2 -1 2 1 1 1 -1 1 -1 1 2 1 2 2 -1 -1 -1 -1 2 
2 -1 -1 -1 1 1 1 1 1 -1 -1 -1 2 -1 2 2 -1 -1 -1 -1 
1 2 -1 1 1 1 1 1 1 1 -1 -1 1 2 2 2 -1 -1 -1 -1 
2 -1 2 1 -1 1 1 1 2 -1 -1 -1 -1 -1 -1 2 -1 -1 2 2 
-1 2 1 1 1 -1 1 1 -1 -1 -1 -1 -1 -1 -1 -1 2 -1 2 2 
2 -1 1 -1 1 1 1 1 1 -1 1 1 1 1 -1 2 -1 2 2 -1 
-1 -1 1 1 -1 -1 1 1 -1 1 1 1 1 1 1 2 1 1 -1 -1 
-1 -1 1 -1 -1 -1 -1 -1 1 1 1 -1 1 1 -1 2 -1 -1 -1 -1 
-1 -1 -1 -1 -1 1 1 -1 -1 1 1 1 1 1 1 1 -1 -1 -1 -1 
-1 -1 -1 -1 1 1 -1 -1 -1 1 1 1 1 2 8 -1 -1 -1 -1 -1 
1 -1 -1 -1 1 -1 8 1 1 1 1 1 2 8 8 -1 -1 -1 -1 1 
1 -1 1 1 -1 2 1 1 1 8 8 8 -1 -1 8 -1 -1 -1 1 1 
1 1 1 1 1 1 2 1 8 1 2 8 8 -1 -1 8 -1 -1 -1 -1 
1 1 -1 -1 1 1 -1 2 -1 8 -1 -1 -1 8 1 1 8 -1 2 1 
1 1 1 1 1 -1 1 8 -1 8 8 8 1 1 -1 8 8 1 -1 1 
1 8 1 1 1 1 8 8 8 8 1 8 8 1 1 8 8 1 1 1 
1 -1 8 1 1 -1 8 8 8 1 1 1 8 1 8 8 8 1 1 -1 
8 1 1 1 1 8 8 8 8 1 1 1 1 8 8 8 -1 8 1 -1 
1 8 1 8 8 -1 8 8 1 -1 1 1 1 8 1 8 8 1 -1 1 
-1 8 -1 8 -1 -1 2 -1 1 1 -1 -1 -1 1 8 -1 -1 2 1 -1 
-1 -1 1 -1 -1 2 -1 1 1 -1 -1 -1 -1 1 1 8 8 -1 -1 -1 
-1 -1 -1 1 -1 2 -1 -1 -1 -1 -1 -1 1 1 1 2 2 2 2 2 
-1 -1 1 1 -1 2 2 2 2 -1 -1 -1 -1 -1 -1 2 -1 -1 2 2 
1 1 1 -1 1 1 1 1 -1 -1 1 -1 2 1 -1 -1 -1 -1 1 1 
1 1 1 -1 1 -1 -1 -1 -1 1 -1 -1 1 -1 1 -1 -1 1 1 -1 
-1 1 1 1 -1 -1 -1 -1 -1 -1 -1 -1 -1 -1 -1 -1 -1 -1 1 -1 
3 3 1 -1 -1 -1 -1 -1 -1 -1 -1 -1 1 -1 -1 -1 -1 1 3 1 
3 3 -1 -1 -1 -1 -1 -1 -1 -1 -1 1 1 -1 -1 -1 -1 -1 3 3 
3 3 -1 8 -1 -1 -1 -1 -1 -1 -1 1 1 1 -1 -1 -1 1 3 3 
3 -1 -1 -1 1 1 1 -1 1 1 -1 1 -1 -1 -1 -1 -1 1 2 3 
3 3 -1 1 -1 -1 -1 -1 -1 -1 -1 1 -1 -1 -1 -1 2 2 -1 -1 
3 2 1 -1 -1 -1 -1 -1 -1 -1 2 1 1 -1 1 -1 -1 2 3 3 
2 2 2 8 8 8 -1 -1 2 2 2 -1 1 -1 1 -1 -1 -1 3 2 
2 2 2 1 8 8 2 2 2 2 2 1 2 2 1 1 1 -1 3 -1 
2 8 8 8 2 -1 2 1 1 1 2 2 -1 -1 1 1 -1 -1 -1 2 
8 2 2 2 8 2 -1 -1 2 1 1 2 1 1 1 -1 -1 -1 -1 2 
2 8 2 2 2 2 1 2 1 2 -1 2 1 1 1 -1 -1 -1 -1 2 
2 -1 2 2 2 2 -1 2 2 1 2 2 -1 1 1 2 -1 -1 -1 -1 
2 2 1 2 2 -1 2 2 2 2 2 -1 -1 1 -1 2 -1 -1 -1 2 
-1 1 1 1 2 2 2 2 2 2 2 1 1 1 1 -1 -1 -1 -1 -1 
1 2 2 2 2 2 2 -1 2 2 2 -1 1 1 1 -1 1 1 1 1 
1 1 2 1 2 -1 1 -1 2 2 -1 2 2 -1 -1 1 -1 1 1 1 
-1 -1 2 1 1 1 -1 -1 -1 2 2 -1 2 1 -1 -1 -1 1 1 1 
-1 -1 -1 -1 3 3 1 -1 1 1 1 1 1 -1 1 1 1 -1 -1 -1 
-1 1 -1 -1 -1 3 1 1 1 -1 1 -1 1 1 1 -1 -1 -1 -1 -1 
1 1 -1 1 1 3 3 1 1 2 1 1 1 1 1 -1 -1 -1 -1 -1 
-1 1 2 1 1 1 -1 1 1 1 2 -1 -1 1 -1 -1 -1 -1 -1 -1 
-1 1 1 -1 1 1 1 1 1 2 -1 -1 -1 -1 -1 -1 -1 -1 -1 -1 
-1 1 -1 2 2 1 2 2 2 2 2 2 -1 -1 -1 -1 -1 -1 -1 -1 
-1 1 1 -1 -1 1 2 2 2 1 2 -1 -1 -1 -1 -1 -1 -1 -1 -1 
1 -1 -1 1 -1 -1 2 2 1 1 1 -1 1 -1 -1 -1 -1 -1 1 1 
1 -1 -1 -1 2 2 2 2 1 1 1 1 1 1 -1 -1 -1 -1 1 1 
-1 -1 -1 2 2 2 2 2 1 2 1 -1 -1 1 -1 -1 -1 -1 -1 1 
-1 -1 2 2 -1 2 2 2 1 -1 2 1 -1 -1 -1 -1 -1 -1 -1 -1 
-1 -1 2 2 2 -1 1 1 1 1 -1 2 -1 -1 -1 -1 -1 -1 -1 -1 
-1 -1 1 2 2 2 2 1 -1 -1 -1 -1 -1 -1 2 -1 -1 -1 -1 -1 
-1 1 1 1 2 2 1 1 1 -1 -1 -1 -1 -1 -1 2 -1 -1 -1 -1 
-1 1 -1 -1 -1 -1 -1 1 1 -1 -1 -1 -1 2 2 2 -1 -1 -1 -1 
-1 -1 -1 -1 -1 -1 -1 -1 -1 1 -1 -1 -1 2 2 2 2 2 -1 -1 
-1 -1 -1 -1 -1 -1 -1 -1 -1 -1 -1 -1 -1 2 2 2 2 -1 -1 -1 
-1 -1 -1 -1 -1 -1 1 -1 -1 -1 1 -1 -1 -1 2 2 2 2 -1 -1 
-1 -1 -1 -1 -1 1 -1 -1 -1 -1 1 -1 -1 1 -1 1 -1 1 -1 -1 
-1 -1 -1 -1 -1 3 -1 1 -1 -1 1 -1 -1 1 1 1 1 1 1 -1 
2 2 2 2 2 2 2 2 2 2 6 -1 -1 1 -1 -1 -1 1 -1 -1 
-1 2 2 2 2 2 2 2 2 2 2 -1 -1 -1 1 1 1 -1 -1 2 
2 2 2 2 2 2 2 2 2 2 6 2 -1 1 -1 -1 -1 -1 -1 -1 
2 2 2 2 2 2 2 2 2 2 6 -1 2 -1 -1 -1 -1 -1 -1 2 
2 2 -1 2 2 2 2 2 -1 2 2 2 2 -1 -1 -1 -1 1 -1 2 
2 2 2 2 2 2 2 2 2 2 2 2 -1 -1 -1 -1 -1 2 -1 -1 
-1 2 -1 2 2 2 2 2 2 1 -1 -1 -1 -1 -1 -1 -1 -1 2 -1 
2 2 -1 1 2 2 2 1 1 -1 1 1 -1 -1 1 -1 -1 -1 -1 -1 
-1 2 2 -1 2 2 1 2 1 1 -1 1 -1 -1 1 1 -1 -1 -1 2 
2 2 2 2 2 2 2 1 2 -1 1 -1 -1 -1 1 -1 -1 -1 -1 2 
2 -1 -1 2 2 2 2 2 2 1 -1 -1 -1 -1 -1 -1 1 -1 2 2 
2 1 1 2 2 2 2 -1 1 1 -1 -1 -1 -1 -1 1 -1 -1 -1 2 
1 1 1 1 -1 1 2 -1 1 -1 2 2 -1 -1 -1 -1 -1 -1 -1 2 
1 1 1 1 1 1 1 -1 -1 -1 -1 -1 -1 -1 -1 -1 -1 -1 1 -1 
-1 1 2 2 1 1 1 -1 -1 -1 -1 2 1 1 -1 1 1 -1 2 1 
2 -1 1 2 2 1 1 -1 2 2 2 2 1 -1 -1 2 1 2 1 -1 
2 2 2 2 2 -1 2 -1 2 1 1 2 2 -1 -1 -1 2 -1 -1 2 
2 2 2 2 2 2 2 2 -1 2 1 1 2 1 -1 1 -1 -1 1 2 
2 1 2 2 2 2 2 2 2 1 1 -1 1 1 1 1 1 1 2 1 
-1 2 2 2 2 2 2 -1 2 2 6 -1 -1 1 1 1 1 2 1 2 
2 2 2 2 2 2 1 1 1 2 1 2 2 2 -1 2 2 2 2 2 
2 2 2 2 2 2 1 1 2 2 1 2 2 2 2 2 2 -1 2 2 
2 2 2 2 -1 -1 -1 1 2 2 2 2 2 2 2 2 -1 -1 2 2 
2 2 2 2 -1 -1 2 1 1 2 2 2 2 2 -1 2 -1 1 2 -1 
-1 2 2 2 2 2 2 2 2 2 2 2 2 -1 2 2 2 2 -1 -1 
2 2 1 2 2 2 2 2 2 2 2 2 -1 2 2 2 2 -1 -1 2 
2 1 -1 2 2 2 2 2 2 2 2 -1 2 2 2 -1 2 2 -1 -1 
-1 2 2 2 2 2 2 -1 2 2 2 -1 -1 -1 -1 -1 -1 -1 1 -1 
1 1 1 1 2 2 2 2 2 2 2 -1 -1 2 -1 1 -1 1 2 1 
-1 2 1 2 2 2 2 2 2 2 -1 2 2 2 -1 1 1 2 2 -1 
2 2 2 2 -1 2 2 2 2 2 2 2 2 2 -1 -1 1 1 1 2 
-1 -1 2 2 2 1 2 2 2 2 2 2 2 -1 -1 -1 1 1 1 2 
-1 -1 -1 2 -1 1 1 1 2 2 2 2 2 1 2 -1 2 2 2 1 
2 1 2 -1 -1 -1 1 1 2 2 2 -1 1 1 -1 2 -1 2 2 -1 
2 8 1 2 1 -1 1 2 2 2 2 2 1 1 1 2 2 -1 2 2 
2 8 1 -1 1 -1 -1 -1 2 2 2 -1 2 2 1 2 2 2 -1 2 
2 2 -1 1 1 -1 1 1 2 2 2 2 2 -1 -1 -1 1 2 2 2 
2 -1 -1 1 -1 2 -1 1 2 2 -1 2 1 -1 -1 1 -1 2 2 2 
2 2 2 -1 2 2 -1 1 2 2 2 2 2 1 1 1 2 -1 2 2 
2 2 2 2 2 2 2 1 1 1 2 2 2 2 2 -1 2 2 2 2 
