-1 1 1 2 9 9 2 -1 2 2 -1 -1 2 -1 -1 2 2 6 -1 -1 
-1 2 -1 2 2 8 8 2 2 2 1 2 -1 1 -1 -1 6 4 -1 -1 
2 2 2 2 2 8 2 -1 2 1 2 2 1 -1 2 2 -1 4 -1 2 
2 2 2 2 2 -1 8 2 1 1 1 1 -1 -1 -1 -1 -1 4 2 2 
-1 4 -1 4 -1 -1 1 1 1 1 1 1 2 1 2 -1 8 2 4 4 
8 -1 4 8 8 8 1 -1 1 1 1 2 -1 2 2 8 -1 2 2 4 
2 2 -1 8 8 8 1 -1 -1 1 1 1 1 2 -1 -1 2 9 9 -1 
2 9 2 -1 8 8 8 1 -1 -1 -1 1 -1 2 2 2 -1 2 2 9 
2 2 -1 2 2 2 1 1 1 -1 -1 -1 2 -1 -1 1 2 2 2 2 
2 2 2 2 2 8 1 1 -1 -1 2 2 -1 -1 -1 1 -1 -1 2 2 
2 2 2 2 2 1 8 1 -1 -1 2 2 2 -1 -1 -1 2 2 -1 2 
2 2 -1 2 -1 2 2 2 -1 -1 2 2 2 1 1 2 2 2 2 2 
-1 -1 2 2 -1 -1 2 -1 -1 2 -1 2 2 1 2 2 2 2 2 -1 
-1 2 2 -1 2 2 2 2 2 -1 2 8 -1 2 2 2 1 2 -1 -1 
3 1 2 8 -1 2 2 2 2 2 -1 8 8 2 2 1 -1 2 2 3 
1 2 8 2 -1 -1 2 2 2 -1 8 8 8 2 -1 1 2 -1 2 3 
2 -1 1 -1 2 2 2 2 2 8 8 -1 2 2 -1 -1 -1 -1 3 2 
2 2 2 2 2 2 2 2 2 2 3 2 2 2 1 2 2 2 2 2 
1 1 2 2 2 2 2 2 2 2 8 2 2 2 1 1 4 -1 2 -1 
1 1 1 2 2 -1 -1 2 2 2 -1 2 2 -1 1 2 2 2 2 -1 
2 2 4 4 6 2 2 2 2 2 2 1 -1 1 2 2 2 4 4 4 
6 6 4 2 2 2 2 -1 2 2 2 2 1 2 2 4 4 4 4 4 
6 4 2 2 2 2 -1 2 2 2 2 2 2 1 2 8 4 4 -1 6 
6 6 2 2 2 -1 2 2 2 2 2 2 -1 2 2 4 8 -1 -1 -1 
6 -1 -1 4 2 2 -1 2 2 1 2 -1 2 -1 -1 -1 2 2 -1 4 
4 1 -1 4 4 -1 4 2 1 2 2 2 2 2 2 4 4 8 -1 6 
1 -1 -1 4 4 2 4 1 2 2 2 1 2 2 8 8 8 2 2 1 
-1 1 -1 4 4 4 -1 2 4 2 -1 2 2 2 2 -1 2 8 4 4 
8 8 4 4 -1 4 4 2 4 2 -1 2 2 2 2 2 -1 2 4 4 
8 8 -1 4 -1 -1 2 4 4 4 2 2 2 2 2 2 -1 8 8 -1 
8 8 4 8 2 2 2 4 4 4 4 4 4 1 1 -1 2 8 8 8 
8 8 8 8 2 -1 4 4 -1 4 4 4 -1 4 -1 2 -1 -1 8 8 
8 -1 8 2 6 -1 4 -1 -1 -1 -1 2 2 2 2 4 -1 -1 -1 -1 
-1 8 -1 2 6 4 2 4 2 2 2 2 2 4 4 -1 -1 -1 -1 2 
-1 8 8 8 -1 -1 -1 -1 2 2 2 2 2 4 4 -1 -1 -1 2 -1 
6 1 8 -1 -1 -1 -1 -1 -1 2 2 1 1 1 -1 -1 -1 -1 -1 -1 
6 -1 -1 -1 -1 -1 -1 1 -1 -1 -1 8 1 1 1 -1 2 -1 -1 -1 
-1 4 -1 4 -1 -1 2 2 2 -1 1 1 8 -1 -1 2 8 -1 -1 6 
4 6 6 6 -1 2 2 1 2 1 1 -1 8 8 2 8 8 -1 -1 4 
-1 6 2 -1 -1 2 2 -1 2 2 2 -1 8 2 2 2 8 -1 4 8 
4 4 4 4 -1 -1 -1 4 4 4 4 -1 4 -1 4 4 2 5 4 4 
4 -1 2 4 2 -1 -1 4 4 4 4 4 6 -1 4 4 2 2 4 4 
4 -1 4 2 4 -1 -1 6 4 4 4 4 4 6 4 4 4 4 4 4 
-1 -1 -1 4 -1 4 -1 -1 6 4 8 8 -1 -1 6 4 -1 -1 4 4 
-1 -1 4 4 -1 -1 4 4 2 2 -1 4 8 -1 -1 4 4 -1 4 4 
2 -1 -1 4 -1 2 -1 4 2 4 4 -1 -1 1 -1 -1 -1 4 4 4 
4 2 2 -1 2 2 -1 -1 2 2 2 4 -1 2 4 4 1 4 4 4 
4 2 2 2 -1 2 4 2 -1 4 -1 4 4 4 4 1 1 -1 4 4 
6 4 -1 9 9 8 2 4 4 4 4 4 4 4 1 -1 4 4 4 1 
-1 6 6 -1 9 8 8 8 4 4 4 -1 4 4 4 4 4 4 4 4 
4 6 6 -1 -1 8 8 8 4 4 4 4 4 4 4 4 -1 4 4 4 
4 4 4 -1 -1 -1 4 4 4 4 -1 2 2 4 4 -1 4 1 32 32 
-1 4 4 4 -1 4 4 4 4 -1 4 2 2 2 4 4 1 4 1 1 
4 4 4 -1 -1 -1 -1 4 4 -1 -1 2 2 2 2 -1 2 1 1 4 
4 4 -1 -1 -1 -1 8 -1 -1 4 4 4 2 4 2 -1 -1 -1 4 -1 
4 4 4 4 -1 -1 -1 8 2 4 4 4 4 2 -1 4 4 4 4 4 
1 4 -1 4 4 -1 1 -1 8 8 4 4 4 2 -1 4 4 4 4 1 
1 1 1 -1 4 4 -1 4 4 4 8 4 -1 4 4 -1 4 4 5 1 
1 1 1 4 -1 4 4 4 4 4 4 4 -1 4 4 2 4 5 5 5 
4 1 4 2 -1 -1 4 4 4 4 4 -1 4 4 4 2 5 2 5 4 
32 -1 4 -1 -1 -1 -1 -1 -1 -1 -1 -1 4 4 4 4 4 4 4 32 
4 -1 -1 -1 -1 -1 -1 -1 4 -1 -1 1 4 -1 4 4 4 -1 -1 4 
4 4 4 -1 -1 -1 -1 -1 4 4 4 -1 4 4 4 4 4 -1 -1 4 
4 -1 4 4 4 -1 4 4 4 -1 -1 4 -1 4 4 4 4 4 5 5 
5 4 4 4 4 -1 -1 -1 4 4 4 2 -1 -1 4 4 4 4 4 4 
4 5 2 4 4 2 -1 -1 4 4 2 2 -1 4 4 4 4 4 4 4 
2 2 2 4 4 2 4 -1 -1 2 2 -1 -1 4 4 4 -1 4 4 4 
4 -1 4 -1 2 4 4 -1 -1 -1 4 4 1 4 4 4 4 4 -1 4 
-1 4 -1 2 -1 2 -1 -1 8 -1 -1 4 4 4 4 4 4 4 -1 -1 
4 4 4 -1 2 2 2 -1 -1 8 -1 4 4 4 4 4 4 4 -1 -1 
-1 4 -1 2 2 2 2 -1 8 -1 -1 4 4 4 4 4 4 4 4 1 
-1 -1 1 1 1 2 -1 2 -1 2 -1 -1 4 4 4 -1 4 4 4 1 
1 1 1 1 1 1 4 -1 2 -1 -1 -1 4 4 -1 -1 4 4 1 1 
1 1 1 1 -1 8 1 4 -1 -1 -1 -1 4 4 4 4 4 4 -1 1 
1 -1 1 1 8 8 2 2 -1 -1 -1 4 4 4 4 4 1 1 1 1 
1 1 1 1 1 1 4 2 -1 -1 -1 -1 -1 4 4 4 1 -1 -1 1 
1 1 1 -1 -1 4 -1 1 1 -1 -1 1 -1 4 4 4 4 1 1 1 
1 -1 1 3 -1 -1 -1 -1 1 -1 -1 -1 -1 -1 4 4 4 4 1 1 
32 1 1 2 1 1 -1 -1 -1 -1 4 4 -1 -1 4 -1 4 4 1 1 
1 32 2 4 1 -1 -1 -1 -1 -1 4 -1 4 4 4 4 4 4 -1 1 
2 4 -1 2 4 4 -1 4 -1 5 2 2 -1 4 4 2 1 2 4 4 
4 5 6 4 2 2 2 2 -1 5 2 2 4 2 2 2 -1 2 2 2 
6 4 5 -1 4 2 2 -1 -1 -1 4 -1 -1 2 2 2 2 2 2 2 
4 6 6 -1 2 2 2 4 4 -1 4 -1 2 2 -1 2 1 -1 -1 1 
-1 -1 -1 -1 2 2 2 -1 -1 4 1 -1 -1 2 2 2 2 1 6 1 
-1 -1 -1 -1 -1 -1 2 -1 4 -1 -1 -1 8 -1 2 1 1 4 1 -1 
-1 4 4 -1 -1 -1 -1 -1 -1 -1 -1 -1 8 8 2 2 1 1 4 -1 
4 4 4 4 1 -1 -1 -1 -1 4 -1 -1 8 8 8 -1 -1 1 4 1 
1 4 4 4 1 1 -1 6 6 2 -1 -1 2 8 -1 8 8 4 1 1 
1 4 4 4 1 1 1 8 8 2 2 -1 2 2 2 8 8 8 8 6 
6 -1 1 2 -1 8 8 8 2 2 -1 8 8 2 8 -1 -1 -1 -1 1 
6 2 1 2 8 1 8 -1 2 -1 -1 4 1 2 2 -1 1 -1 -1 -1 
6 6 2 8 1 8 -1 8 8 4 1 1 1 2 2 -1 4 -1 4 8 
8 6 2 8 4 8 8 -1 -1 -1 1 1 1 1 -1 -1 -1 4 4 4 
6 8 8 8 8 8 8 8 -1 -1 8 8 1 1 -1 3 -1 4 4 4 
8 -1 8 8 8 8 8 8 4 4 -1 -1 1 4 3 3 4 4 4 -1 
8 4 2 4 8 8 1 1 8 4 -1 -1 1 1 4 4 4 4 2 2 
4 4 4 8 4 -1 1 -1 9 -1 4 1 1 1 1 -1 4 4 -1 2 
2 4 2 -1 4 -1 1 4 8 9 4 -1 4 1 -1 4 4 -1 2 2 
4 4 4 2 4 4 4 -1 8 8 2 4 -1 4 1 1 2 -1 4 4 
8 8 8 8 4 8 -1 4 1 1 6 6 1 -1 -1 -1 -1 8 -1 8 
8 -1 8 8 4 4 -1 1 4 1 6 1 4 -1 -1 -1 -1 -1 8 8 
4 8 4 4 4 6 2 1 4 1 6 1 6 2 -1 -1 -1 8 8 8 
4 4 4 4 4 -1 -1 4 -1 6 6 1 2 6 -1 4 8 8 4 4 
4 4 4 4 4 -1 -1 -1 4 4 6 6 -1 6 2 4 4 1 -1 4 
4 4 4 4 4 4 -1 2 -1 4 -1 -1 4 4 4 2 -1 -1 1 4 
1 1 1 4 4 4 -1 -1 -1 -1 -1 -1 4 6 -1 4 4 -1 -1 1 
1 1 4 -1 -1 4 -1 -1 -1 -1 -1 -1 -1 6 4 -1 4 4 -1 -1 
-1 -1 1 8 4 1 -1 4 4 4 -1 -1 -1 -1 -1 -1 6 -1 -1 -1 
-1 -1 -1 -1 1 -1 8 4 4 4 4 -1 6 -1 -1 3 3 2 2 2 
-1 -1 -1 -1 -1 4 4 8 4 4 4 4 2 6 -1 2 2 2 2 -1 
4 -1 -1 1 -1 -1 32 4 4 4 4 4 4 2 6 2 3 2 2 -1 
4 4 1 1 1 -1 4 -1 4 4 4 1 6 6 2 6 -1 -1 8 -1 
4 4 1 1 -1 4 -1 4 4 2 1 4 2 3 3 -1 -1 -1 8 2 
4 -1 4 -1 -1 -1 -1 4 2 2 2 -1 6 2 3 3 4 4 4 4 
8 8 8 4 4 4 -1 1 1 2 6 6 4 2 3 4 4 -1 4 4 
4 4 8 -1 4 -1 -1 1 1 6 6 6 6 -1 4 4 -1 4 4 4 
-1 2 2 4 -1 -1 4 -1 -1 1 6 -1 -1 -1 -1 -1 -1 -1 4 4 
-1 2 4 4 4 -1 -1 1 1 1 1 1 2 -1 -1 -1 -1 8 8 8 
-1 -1 8 4 8 -1 -1 1 1 1 1 1 2 -1 -1 -1 8 8 8 8 
4 4 4 4 4 4 4 4 4 4 1 4 4 4 4 4 4 4 -1 4 
-1 6 4 4 4 4 1 4 -1 4 1 4 4 4 4 4 -1 -1 4 4 
8 6 4 4 4 4 4 4 4 4 4 4 4 4 2 4 4 4 4 -1 
8 2 4 8 8 4 4 4 4 -1 4 4 6 -1 6 -1 4 4 -1 2 
2 8 2 2 8 8 4 -1 4 4 -1 4 4 4 4 -1 -1 4 -1 2 
2 2 4 4 8 -1 -1 4 8 6 6 1 6 4 -1 -1 -1 4 2 2 
2 1 -1 -1 4 8 8 8 4 4 2 4 -1 6 -1 -1 -1 2 -1 2 
-1 -1 -1 -1 8 4 4 -1 4 4 4 8 4 4 -1 -1 -1 4 4 4 
-1 2 -1 1 8 8 4 4 4 8 -1 8 6 6 6 -1 -1 -1 4 4 
4 2 -1 8 8 8 8 4 8 8 8 10 8 6 -1 -1 -1 -1 4 2 
2 -1 8 1 8 8 8 1 1 8 4 10 8 -1 -1 8 -1 -1 2 4 
-1 -1 4 4 8 4 4 1 8 8 10 4 8 4 8 8 -1 -1 -1 4 
2 4 4 4 6 4 3 4 4 8 8 4 8 8 8 8 -1 -1 2 4 
2 2 4 4 4 4 4 4 4 8 4 1 8 8 -1 -1 2 2 -1 2 
-1 4 4 4 4 2 4 4 8 8 4 1 1 1 -1 -1 -1 2 -1 4 
4 4 4 4 4 4 4 6 4 4 4 1 1 -1 -1 1 -1 -1 4 4 
4 4 4 4 4 4 4 4 6 4 4 4 1 -1 1 -1 4 4 4 4 
4 4 4 8 4 4 4 4 4 4 4 1 1 1 1 -1 4 4 4 4 
4 4 4 4 4 4 4 1 1 4 4 -1 4 4 4 -1 -1 4 4 4 
4 4 4 4 4 4 4 4 1 4 6 4 4 4 4 -1 -1 4 4 4 
-1 9 8 -1 -1 3 4 4 -1 -1 8 8 8 4 8 4 -1 -1 8 8 
8 8 3 -1 3 -1 4 -1 4 -1 8 8 -1 8 8 8 4 8 9 8 
8 4 1 3 -1 -1 4 4 4 8 8 -1 4 8 8 -1 8 8 8 8 
8 4 4 2 2 4 4 32 32 32 32 -1 4 8 -1 8 8 8 4 4 
4 4 -1 8 4 32 32 32 1 32 32 32 4 4 -1 4 2 4 -1 4 
-1 -1 8 4 33 -1 4 4 4 4 32 4 2 2 2 4 4 4 4 -1 
8 4 8 5 4 4 -1 4 4 32 32 32 32 2 4 4 4 4 4 4 
8 8 33 5 4 5 4 4 4 4 32 32 4 4 4 -1 4 4 4 4 
4 -1 4 33 5 -1 4 4 4 -1 4 4 4 4 4 4 4 4 4 4 
4 4 4 4 4 4 4 4 4 4 4 4 -1 4 4 4 4 4 4 4 
4 4 4 4 4 4 4 4 4 4 8 4 4 4 4 4 4 4 4 4 
4 4 4 4 4 4 4 4 4 8 4 4 4 4 4 4 4 4 4 4 
4 4 4 4 4 4 4 4 4 4 4 4 4 4 4 4 -1 4 4 4 
4 4 4 4 4 4 4 8 8 -1 4 4 -1 4 4 4 -1 4 4 4 
4 8 4 4 4 -1 -1 8 8 8 4 4 4 8 4 4 4 4 4 4 
-1 8 8 8 -1 -1 8 8 8 8 8 4 4 8 4 4 4 4 4 4 
4 8 6 8 4 4 4 -1 8 4 4 9 8 -1 4 4 4 4 4 8 
1 1 8 8 8 8 8 8 8 4 4 8 9 8 4 -1 4 4 8 -1 
1 8 8 8 8 8 4 8 8 -1 4 8 9 8 8 4 4 4 4 8 
8 32 8 8 -1 8 4 8 4 2 8 4 8 8 4 4 4 -1 -1 8 
2 4 4 -1 1 1 -1 6 4 6 -1 2 4 4 6 6 4 2 4 2 
4 1 4 4 1 1 6 1 1 4 4 4 4 4 4 -1 4 4 2 2 
4 1 4 1 1 -1 8 8 4 6 4 4 4 4 4 4 4 4 4 4 
-1 4 1 8 9 32 33 8 4 6 4 4 4 4 4 4 4 4 4 4 
4 8 8 8 9 32 33 1 1 1 6 6 4 4 4 4 4 4 4 4 
8 8 8 8 9 8 1 1 32 6 6 6 4 4 -1 -1 4 4 4 1 
8 32 32 32 32 8 8 1 32 1 32 6 6 4 4 4 4 -1 4 8 
8 32 -1 32 -1 4 -1 1 8 1 32 6 6 1 1 4 4 4 4 4 
-1 4 32 -1 -1 32 32 8 32 4 32 1 1 1 1 8 4 -1 4 4 
4 -1 32 32 32 32 32 -1 8 4 2 2 2 1 4 4 8 4 -1 4 
32 32 32 32 32 4 4 8 4 -1 2 2 2 4 4 4 4 8 4 32 
32 4 32 32 2 8 32 4 32 4 4 4 4 4 4 4 4 4 -1 4 
4 4 -1 32 32 2 4 2 4 4 4 4 4 6 6 4 4 -1 4 4 
32 32 32 32 4 -1 40 40 40 4 4 4 4 4 4 6 4 4 4 4 
32 32 32 4 32 40 4 5 4 5 4 4 4 4 32 4 4 4 4 4 
4 4 4 32 4 4 4 4 5 4 4 4 4 4 4 4 4 -1 -1 4 
4 4 4 32 32 4 4 4 4 4 1 4 4 4 4 4 4 -1 4 4 
8 8 32 -1 40 40 2 32 32 4 1 4 2 4 4 4 4 4 8 4 
-1 8 4 4 -1 2 32 2 6 6 4 4 4 2 -1 4 4 2 2 8 
4 2 4 -1 1 32 32 32 4 6 4 4 2 4 4 6 2 2 2 4 
4 9 9 4 4 1 4 6 -1 -1 -1 -1 1 1 4 10 10 4 4 4 
4 4 4 8 4 4 -1 1 4 -1 -1 -1 1 1 4 4 10 10 -1 4 
4 4 4 4 6 4 4 4 8 1 1 1 -1 -1 4 4 -1 4 -1 -1 
4 4 6 8 -1 -1 -1 -1 8 1 1 1 1 6 -1 1 4 32 32 32 
4 6 32 32 8 6 6 -1 1 4 1 4 8 6 8 1 8 8 32 4 
4 4 -1 32 32 6 1 8 1 8 4 -1 1 1 1 8 1 4 4 4 
32 -1 8 32 8 32 1 1 1 8 8 -1 1 1 1 1 4 1 1 4 
1 1 32 8 32 32 8 8 1 -1 8 8 1 10 1 32 32 1 1 1 
1 1 8 32 32 32 8 8 10 -1 10 10 10 10 4 32 32 1 1 1 
-1 8 1 -1 32 8 8 8 8 -1 10 10 32 4 1 32 1 1 -1 1 
1 1 8 1 1 8 1 1 8 9 9 32 9 4 32 -1 4 4 1 1 
1 1 1 1 1 4 1 1 1 1 8 9 4 4 32 4 4 1 1 1 
32 1 1 1 10 10 10 -1 1 8 -1 1 8 4 -1 4 4 4 1 1 
1 1 -1 10 10 10 10 4 9 -1 -1 4 4 9 4 4 4 32 4 1 
8 32 8 -1 -1 10 -1 4 1 9 -1 9 4 4 4 4 -1 4 32 4 
4 8 32 10 10 10 10 10 8 -1 -1 -1 -1 4 -1 4 4 -1 4 4 
1 32 10 10 10 32 32 1 10 8 4 4 4 4 4 4 4 4 4 -1 
4 1 4 4 10 32 32 6 6 8 2 4 4 4 4 4 10 4 4 1 
4 4 4 10 10 10 6 6 6 2 2 4 4 4 10 4 4 4 4 4 
4 4 4 -1 4 6 6 -1 -1 2 -1 -1 1 4 4 10 4 4 -1 4 
32 32 32 32 10 10 10 4 10 4 4 4 -1 2 4 -1 6 32 32 32 
32 32 32 32 10 10 10 10 4 10 4 -1 4 -1 2 32 -1 32 32 32 
32 4 32 32 4 4 4 14 8 4 4 4 -1 4 4 4 -1 -1 32 32 
32 -1 -1 32 4 4 4 14 14 4 4 -1 -1 6 2 2 2 -1 -1 -1 
32 -1 32 -1 4 4 -1 -1 -1 -1 -1 -1 -1 4 -1 -1 -1 6 -1 1 
1 -1 14 4 14 14 14 14 14 -1 1 1 6 -1 -1 -1 8 -1 -1 1 
14 14 14 14 14 4 4 14 1 1 1 -1 -1 -1 -1 -1 -1 8 1 1 
14 14 14 -1 4 4 -1 1 14 1 2 -1 -1 -1 -1 -1 8 8 1 -1 
1 14 14 -1 4 -1 14 14 32 14 -1 10 -1 -1 -1 -1 1 -1 1 1 
1 1 -1 -1 -1 14 32 14 32 -1 -1 10 -1 -1 -1 -1 1 4 -1 -1 
1 1 -1 -1 -1 14 14 8 8 8 8 1 10 -1 -1 4 4 1 1 1 
-1 -1 -1 -1 -1 -1 -1 32 1 4 4 4 4 1 -1 4 4 1 1 4 
4 1 2 -1 10 10 -1 -1 -1 4 4 1 1 1 1 4 4 1 4 4 
4 -1 -1 10 10 10 10 10 10 10 8 1 1 8 -1 8 8 1 4 4 
2 -1 32 -1 10 10 10 -1 10 10 10 4 -1 -1 8 8 1 1 4 -1 
2 4 2 32 32 10 10 10 10 10 4 -1 8 -1 8 8 -1 1 2 8 
4 2 2 32 10 10 10 10 10 10 10 8 8 8 2 8 2 2 8 2 
32 -1 1 10 10 10 10 10 10 10 8 -1 8 -1 8 2 2 2 2 -1 
32 1 10 32 10 10 10 10 10 10 -1 -1 8 8 2 2 2 32 32 32 
-1 1 32 1 10 10 10 10 10 -1 -1 -1 -1 -1 4 6 2 2 32 -1 
8 8 -1 1 1 1 1 -1 -1 14 -1 -1 1 -1 4 4 8 -1 -1 8 
8 8 1 8 1 1 -1 -1 -1 -1 32 32 32 32 8 10 -1 10 -1 8 
14 8 8 1 8 1 -1 -1 -1 -1 32 32 32 32 32 8 10 10 8 8 
-1 6 8 8 8 8 8 -1 -1 -1 32 32 32 32 32 32 -1 10 8 8 
8 8 8 6 8 8 -1 -1 8 -1 -1 8 32 32 32 -1 1 10 -1 8 
8 8 6 -1 -1 -1 8 1 8 -1 -1 -1 8 32 1 1 -1 -1 -1 -1 
-1 -1 6 6 8 -1 -1 8 8 8 -1 -1 8 -1 32 1 1 -1 1 6 
10 10 -1 8 8 -1 8 8 8 -1 8 8 -1 32 32 1 -1 1 -1 -1 
10 2 2 2 2 8 -1 2 32 8 8 32 32 32 -1 -1 14 -1 -1 10 
-1 -1 2 2 2 -1 -1 -1 -1 32 -1 32 32 32 -1 -1 14 -1 -1 -1 
-1 2 2 2 2 -1 -1 4 -1 4 1 1 -1 -1 -1 14 14 14 -1 -1 
2 2 -1 -1 -1 2 -1 4 4 4 8 -1 1 14 1 14 14 14 14 -1 
-1 2 -1 -1 -1 2 2 -1 4 4 1 -1 1 1 14 14 1 14 -1 -1 
-1 -1 -1 -1 -1 -1 1 1 4 1 1 -1 1 -1 -1 14 14 14 14 -1 
-1 -1 -1 -1 1 1 4 4 -1 1 1 -1 -1 -1 -1 -1 14 14 8 -1 
1 -1 -1 -1 1 -1 -1 -1 1 -1 1 1 -1 -1 -1 8 1 1 8 -1 
8 1 1 1 14 14 -1 14 14 14 1 1 10 8 -1 8 8 1 1 8 
8 8 1 1 14 1 14 1 14 2 14 10 10 -1 8 8 8 8 1 8 
8 8 8 1 14 1 1 -1 -1 2 2 2 -1 1 1 8 8 1 1 -1 
8 8 -1 1 14 -1 1 14 14 -1 14 -1 -1 1 8 -1 8 8 -1 8 
8 8 -1 -1 -1 -1 -1 -1 -1 -1 -1 -1 -1 -1 -1 -1 -1 -1 -1 8 
1 8 2 -1 -1 -1 -1 -1 -1 -1 -1 -1 -1 -1 -1 8 -1 -1 2 -1 
1 8 2 2 2 -1 -1 -1 -1 -1 -1 -1 -1 -1 8 8 8 8 2 1 
1 1 2 2 -1 -1 8 -1 8 -1 -1 8 -1 8 8 2 8 8 2 2 
1 2 2 -1 -1 8 8 -1 8 -1 8 8 8 8 8 8 2 2 8 8 
2 -1 -1 2 1 -1 8 8 -1 8 8 8 8 8 8 2 2 -1 4 2 
-1 -1 -1 6 1 1 8 8 8 8 -1 8 8 8 8 8 8 -1 2 2 
1 -1 -1 -1 -1 1 1 1 3 8 -1 8 8 8 8 8 8 8 -1 -1 
1 -1 -1 -1 -1 1 1 1 -1 2 -1 8 8 8 8 8 1 1 -1 -1 
1 1 1 -1 8 8 1 1 -1 2 -1 8 8 -1 8 1 1 -1 -1 -1 
1 1 1 8 8 8 -1 1 6 8 2 2 2 8 1 -1 -1 -1 -1 1 
1 1 1 8 -1 1 1 1 -1 -1 -1 2 8 1 1 -1 -1 -1 -1 1 
-1 1 1 40 40 1 -1 -1 1 -1 -1 2 2 1 -1 -1 -1 -1 -1 -1 
-1 1 8 1 40 -1 -1 1 8 8 -1 -1 2 -1 2 2 -1 -1 -1 -1 
1 -1 1 40 -1 -1 1 1 8 8 8 -1 8 -1 8 8 -1 -1 -1 -1 
-1 -1 1 1 1 1 -1 8 1 1 2 8 -1 8 8 1 1 -1 -1 -1 
-1 -1 1 1 1 1 8 1 1 -1 -1 8 8 -1 -1 -1 1 40 4 -1 
-1 -1 1 8 1 -1 1 8 -1 -1 8 -1 -1 -1 -1 -1 40 40 40 4 
1 1 -1 9 -1 1 -1 -1 -1 8 8 -1 -1 -1 -1 -1 -1 -1 -1 -1 
8 1 -1 -1 -1 -1 -1 -1 -1 -1 -1 -1 -1 -1 -1 -1 -1 -1 -1 8 
-1 40 -1 -1 1 1 8 2 -1 8 -1 8 8 -1 8 8 8 -1 -1 -1 
-1 8 -1 1 1 8 2 2 -1 8 8 -1 8 8 -1 8 -1 -1 -1 -1 
2 -1 8 -1 -1 1 8 2 -1 8 8 8 -1 -1 -1 2 2 -1 -1 -1 
-1 2 2 2 1 8 -1 -1 2 8 -1 8 -1 -1 -1 -1 -1 -1 -1 -1 
2 2 2 -1 1 1 1 -1 2 8 1 8 -1 8 -1 -1 -1 8 8 -1 
2 2 -1 -1 -1 1 -1 -1 -1 -1 1 -1 8 -1 -1 -1 -1 8 8 -1 
8 -1 -1 4 4 4 -1 -1 -1 1 -1 -1 -1 -1 -1 -1 8 1 -1 6 
8 -1 -1 4 4 8 -1 -1 -1 -1 -1 -1 -1 -1 8 2 -1 8 -1 8 
-1 -1 -1 4 -1 8 -1 -1 8 8 2 -1 -1 -1 2 2 4 4 8 -1 
4 -1 -1 4 8 -1 8 8 8 2 -1 2 2 2 2 2 4 4 4 -1 
4 -1 4 -1 -1 8 8 8 8 -1 2 2 2 2 2 2 2 4 4 4 
-1 4 -1 -1 -1 -1 8 8 8 8 2 2 2 -1 2 4 -1 4 4 -1 
8 -1 -1 -1 -1 -1 -1 -1 -1 -1 -1 -1 2 2 -1 3 -1 -1 -1 1 
8 -1 -1 -1 -1 -1 -1 -1 -1 -1 -1 -1 -1 8 8 3 3 -1 -1 8 
8 4 4 -1 -1 -1 -1 -1 -1 40 -1 -1 8 -1 2 1 -1 8 -1 -1 
4 4 4 -1 -1 -1 40 40 40 -1 -1 -1 -1 8 -1 1 8 -1 8 -1 
-1 -1 4 -1 -1 40 40 40 -1 -1 -1 -1 8 8 8 8 -1 8 8 -1 
-1 4 -1 -1 1 40 40 40 40 -1 -1 -1 8 -1 -1 8 -1 -1 8 -1 
-1 9 -1 40 1 8 -1 6 40 40 40 -1 -1 -1 -1 8 8 -1 -1 -1 
-1 -1 40 40 1 8 6 8 40 1 40 -1 -1 -1 8 8 -1 -1 -1 -1 
-1 -1 -1 -1 1 9 9 -1 -1 -1 -1 -1 -1 -1 -1 -1 -1 -1 -1 -1 
-1 -1 9 1 1 9 9 1 -1 -1 -1 -1 -1 -1 -1 -1 -1 -1 -1 -1 
-1 9 9 1 -1 1 1 -1 -1 -1 -1 -1 1 -1 -1 -1 -1 1 1 -1 
9 2 1 1 -1 1 1 1 -1 -1 -1 -1 1 -1 -1 1 1 9 1 -1 
1 1 1 1 1 1 1 1 1 -1 8 -1 -1 -1 1 -1 -1 1 1 9 
-1 1 -1 -1 1 -1 -1 -1 -1 8 8 2 -1 2 -1 -1 -1 1 1 -1 
2 -1 -1 -1 -1 -1 -1 -1 -1 -1 2 -1 2 -1 2 2 1 1 1 -1 
2 -1 -1 -1 -1 -1 -1 -1 -1 2 2 -1 2 -1 -1 2 -1 -1 1 1 
-1 -1 -1 -1 -1 -1 -1 -1 2 -1 2 2 2 -1 -1 2 3 1 -1 -1 
-1 -1 -1 -1 -1 -1 -1 -1 -1 -1 -1 -1 -1 -1 -1 2 3 -1 1 -1 
-1 -1 -1 -1 -1 -1 -1 -1 2 -1 -1 -1 -1 -1 -1 -1 -1 2 2 -1 
-1 -1 -1 -1 -1 -1 -1 -1 -1 2 2 -1 -1 -1 -1 -1 2 2 2 2 
2 2 -1 -1 -1 -1 -1 1 2 2 -1 3 -1 -1 -1 2 -1 -1 2 2 
2 2 2 1 -1 -1 9 9 1 2 3 3 -1 -1 -1 3 3 2 2 2 
2 1 -1 2 9 -1 9 -1 1 -1 3 3 3 3 -1 3 2 2 2 2 
-1 -1 1 9 -1 9 9 -1 -1 1 3 -1 2 3 -1 2 2 2 2 2 
-1 1 -1 -1 -1 -1 -1 2 -1 -1 -1 -1 2 2 -1 -1 2 2 2 -1 
1 -1 -1 -1 -1 1 2 2 2 -1 -1 -1 -1 2 2 2 2 2 8 -1 
-1 -1 -1 -1 -1 -1 -1 2 2 -1 -1 -1 -1 -1 2 2 -1 2 8 -1 
-1 -1 -1 -1 1 -1 9 -1 2 -1 -1 -1 -1 -1 2 2 -1 -1 -1 -1 
-1 -1 -1 -1 -1 -1 -1 -1 -1 -1 9 -1 -1 2 2 2 -1 -1 1 -1 
-1 -1 -1 -1 -1 -1 -1 -1 -1 -1 -1 9 -1 2 -1 -1 1 -1 8 -1 
-1 -1 -1 -1 -1 -1 -1 -1 -1 -1 9 9 9 -1 9 2 2 1 8 1 
-1 -1 -1 -1 -1 -1 -1 -1 -1 9 1 9 9 1 2 2 2 1 1 -1 
-1 -1 -1 -1 -1 -1 -1 -1 -1 -1 9 9 8 -1 1 8 2 2 1 1 
1 -1 -1 -1 -1 -1 -1 -1 -1 -1 -1 -1 -1 -1 -1 8 -1 2 1 -1 
-1 -1 -1 -1 -1 -1 -1 -1 -1 -1 -1 -1 -1 -1 8 8 -1 -1 -1 1 
-1 -1 -1 8 8 -1 -1 -1 -1 -1 -1 -1 -1 -1 -1 8 -1 1 -1 1 
-1 -1 -1 -1 -1 -1 1 -1 -1 -1 -1 -1 -1 -1 -1 8 8 -1 1 -1 
-1 -1 -1 -1 -1 1 1 -1 -1 -1 -1 -1 -1 -1 2 9 9 2 -1 -1 
-1 -1 -1 -1 -1 1 8 1 -1 9 -1 9 -1 -1 9 -1 -1 -1 -1 -1 
-1 -1 -1 -1 8 1 1 8 -1 -1 9 -1 9 -1 9 -1 -1 -1 -1 -1 
-1 -1 -1 -1 -1 8 8 8 -1 -1 -1 -1 -1 9 9 -1 -1 -1 -1 -1 
-1 1 -1 -1 -1 1 8 -1 -1 -1 8 -1 -1 9 9 -1 -1 -1 -1 -1 
1 -1 -1 -1 -1 8 8 8 8 8 8 -1 -1 9 9 9 -1 -1 -1 -1 
-1 8 8 1 8 8 -1 8 8 8 -1 8 1 -1 9 9 -1 -1 -1 -1 
-1 -1 8 8 8 8 -1 8 8 -1 -1 -1 -1 1 9 -1 -1 -1 -1 -1 
-1 8 8 8 8 8 8 8 -1 -1 -1 -1 -1 -1 9 -1 -1 -1 -1 -1 
-1 -1 -1 -1 8 -1 8 -1 -1 -1 -1 -1 -1 -1 -1 -1 -1 -1 -1 1 
-1 -1 -1 -1 8 8 -1 -1 -1 -1 -1 -1 -1 -1 -1 -1 -1 -1 -1 1 
-1 -1 -1 -1 1 1 -1 -1 2 -1 8 -1 8 8 8 8 -1 8 -1 -1 
-1 1 1 1 -1 1 -1 -1 -1 2 -1 8 -1 -1 8 -1 -1 -1 -1 -1 
-1 1 1 -1 -1 -1 -1 2 2 2 -1 -1 8 8 8 8 -1 -1 -1 -1 
10 9 -1 -1 -1 -1 2 2 2 2 2 8 8 8 8 8 -1 -1 -1 9 
9 9 -1 -1 -1 -1 -1 2 2 2 2 2 2 8 -1 -1 -1 -1 -1 -1 
-1 -1 9 -1 -1 -1 -1 -1 -1 -1 -1 2 -1 -1 -1 -1 -1 -1 -1 -1 
-1 -1 -1 1 1 1 1 -1 -1 -1 2 2 -1 -1 -1 -1 2 2 -1 -1 
-1 -1 -1 -1 1 1 1 8 8 -1 -1 -1 -1 -1 -1 -1 2 2 2 2 
9 -1 -1 1 1 -1 8 -1 8 -1 -1 -1 -1 -1 -1 2 2 2 2 -1 
-1 9 -1 -1 -1 1 8 8 -1 -1 -1 -1 -1 -1 -1 -1 2 2 2 1 
-1 -1 -1 -1 1 -1 -1 -1 2 2 -1 -1 -1 -1 -1 -1 -1 2 2 2 
-1 -1 1 1 -1 -1 -1 8 -1 -1 2 2 2 -1 -1 -1 -1 -1 2 -1 
-1 1 1 1 1 1 -1 8 -1 -1 -1 -1 2 -1 -1 -1 -1 -1 -1 -1 
-1 -1 -1 -1 -1 -1 -1 -1 9 9 -1 -1 -1 2 -1 -1 -1 -1 -1 -1 
-1 -1 -1 -1 -1 -1 2 2 -1 -1 9 2 -1 -1 -1 -1 1 -1 -1 -1 
-1 -1 -1 -1 -1 2 2 2 9 -1 2 -1 2 -1 -1 1 -1 -1 -1 -1 
-1 -1 -1 -1 2 2 2 2 9 2 2 1 -1 -1 3 3 -1 -1 -1 -1 
-1 -1 -1 -1 2 2 2 2 9 2 2 2 1 -1 3 -1 -1 -1 -1 -1 
-1 -1 -1 -1 2 2 2 2 -1 -1 -1 -1 3 -1 -1 -1 -1 -1 -1 -1 
-1 -1 -1 -1 1 2 2 -1 2 8 8 -1 8 8 -1 8 8 -1 -1 -1 
-1 -1 -1 -1 -1 -1 -1 -1 -1 -1 -1 -1 -1 2 -1 -1 -1 -1 -1 -1 
-1 -1 -1 -1 -1 8 -1 -1 -1 2 -1 2 2 2 2 -1 -1 -1 -1 -1 
8 8 -1 -1 -1 8 -1 8 -1 -1 2 2 -1 2 2 2 2 -1 -1 -1 
8 -1 -1 2 2 8 8 -1 -1 2 2 2 -1 -1 -1 2 2 -1 -1 8 
-1 -1 2 -1 8 8 8 8 8 2 -1 2 -1 -1 -1 2 -1 -1 -1 -1 
-1 2 8 8 8 8 8 8 -1 2 -1 -1 -1 2 2 2 -1 -1 -1 8 
8 8 8 8 8 2 8 2 -1 9 9 2 2 2 2 2 2 8 8 2 
-1 -1 8 8 2 8 8 2 9 9 9 2 2 2 2 2 2 2 2 8 
-1 1 2 2 2 2 2 9 9 -1 3 2 -1 2 -1 2 2 2 2 -1 
-1 1 2 2 2 2 2 2 -1 -1 9 -1 -1 -1 -1 -1 2 2 -1 2 
1 1 2 2 2 2 2 2 2 9 -1 9 -1 -1 -1 -1 2 2 -1 2 
-1 1 -1 -1 -1 2 2 2 9 9 9 -1 -1 -1 -1 -1 -1 2 -1 -1 
2 -1 -1 -1 -1 2 2 2 2 9 -1 -1 -1 -1 -1 -1 -1 -1 1 1 
-1 2 -1 -1 -1 2 2 2 2 2 -1 -1 -1 -1 -1 -1 -1 -1 -1 1 
-1 -1 -1 -1 -1 2 -1 2 2 2 2 -1 -1 -1 -1 -1 -1 -1 -1 -1 
-1 2 -1 -1 2 -1 -1 2 2 2 2 2 -1 -1 -1 -1 -1 2 -1 -1 
2 -1 -1 -1 -1 -1 -1 -1 2 2 -1 -1 2 2 1 2 2 2 2 2 
-1 2 -1 -1 -1 -1 -1 -1 -1 2 -1 -1 1 1 1 1 2 2 2 -1 
-1 -1 -1 -1 -1 -1 -1 -1 -1 -1 -1 -1 -1 1 -1 -1 2 2 -1 -1 
-1 -1 -1 -1 -1 -1 -1 -1 -1 -1 -1 -1 -1 1 2 -1 -1 -1 -1 -1 
2 2 2 2 -1 2 9 2 2 2 3 3 -1 2 2 -1 2 2 2 2 
2 1 2 -1 2 2 2 2 2 2 -1 -1 3 -1 -1 -1 2 2 2 2 
2 2 -1 -1 -1 -1 2 1 1 1 -1 3 -1 -1 2 2 2 2 2 3 
2 -1 -1 -1 -1 -1 2 2 1 -1 -1 -1 -1 -1 -1 2 -1 3 9 2 
2 -1 -1 -1 -1 -1 -1 -1 -1 -1 -1 -1 -1 9 9 9 2 3 9 2 
-1 -1 -1 -1 -1 -1 -1 -1 -1 -1 -1 -1 -1 -1 9 9 9 9 9 10 
10 -1 -1 2 -1 -1 -1 -1 -1 -1 -1 -1 -1 -1 -1 -1 9 9 10 -1 
-1 -1 -1 -1 -1 -1 -1 -1 -1 -1 -1 -1 -1 -1 -1 -1 -1 -1 8 10 
10 -1 -1 -1 -1 -1 -1 -1 -1 2 -1 -1 -1 -1 9 -1 -1 -1 -1 8 
1 10 -1 -1 -1 -1 -1 -1 1 2 -1 -1 -1 9 2 9 -1 -1 8 1 
1 1 -1 -1 -1 -1 -1 -1 -1 -1 2 -1 9 2 -1 2 -1 -1 1 1 
1 1 1 2 -1 2 2 -1 -1 2 2 9 -1 -1 -1 2 2 1 1 1 
-1 -1 -1 4 2 2 -1 2 -1 2 2 -1 2 -1 -1 2 2 2 -1 -1 
-1 -1 4 -1 -1 2 -1 2 -1 -1 -1 2 2 2 2 -1 -1 2 -1 -1 
-1 4 4 -1 -1 -1 -1 -1 -1 -1 -1 -1 2 -1 -1 2 2 2 -1 -1 
11 -1 2 2 -1 -1 2 -1 -1 -1 -1 -1 -1 -1 2 -1 -1 -1 11 -1 
2 2 2 -1 2 -1 -1 2 -1 -1 -1 2 -1 2 2 2 11 11 3 11 
2 2 2 2 2 -1 2 2 -1 -1 2 -1 -1 2 2 -1 -1 3 3 11 
2 2 2 2 2 2 2 2 2 -1 2 -1 -1 2 2 2 2 -1 3 11 
2 2 2 -1 2 -1 2 -1 2 -1 -1 -1 -1 -1 2 2 2 -1 3 2 
-1 2 2 -1 1 -1 10 -1 -1 -1 -1 2 -1 -1 -1 1 2 -1 2 -1 
-1 -1 -1 -1 -1 -1 -1 -1 -1 -1 -1 2 2 2 -1 2 2 -1 2 2 
2 2 -1 -1 -1 -1 -1 -1 -1 -1 2 2 -1 2 1 2 2 2 2 -1 
-1 2 -1 -1 -1 -1 -1 -1 -1 2 10 -1 -1 -1 2 2 2 2 2 -1 
2 -1 2 -1 -1 -1 -1 -1 2 10 -1 -1 -1 -1 2 2 2 -1 -1 -1 
2 2 2 2 -1 -1 -1 10 10 10 -1 -1 -1 -1 2 2 2 -1 2 2 
2 -1 2 2 -1 -1 2 10 10 10 10 -1 -1 -1 2 2 9 2 9 2 
2 2 2 -1 -1 2 2 2 10 -1 2 -1 -1 2 2 2 9 9 9 9 
2 2 2 -1 -1 2 2 2 2 2 -1 -1 2 -1 -1 9 9 9 -1 2 
2 -1 2 -1 2 2 2 2 2 2 -1 -1 -1 -1 -1 9 9 9 2 2 
-1 2 2 2 3 3 2 -1 2 2 -1 -1 -1 -1 -1 -1 -1 -1 -1 2 
2 2 2 2 2 -1 -1 2 2 -1 -1 -1 -1 -1 -1 -1 -1 2 2 2 
2 2 2 -1 -1 -1 -1 2 -1 -1 -1 -1 -1 -1 1 -1 1 -1 2 2 
-1 2 2 -1 -1 -1 -1 2 2 -1 -1 -1 -1 -1 1 -1 -1 -1 -1 -1 
-1 -1 2 -1 -1 -1 -1 -1 2 -1 -1 -1 -1 -1 -1 -1 -1 1 1 -1 
-1 -1 -1 -1 -1 -1 -1 -1 -1 -1 -1 -1 -1 -1 -1 -1 -1 1 1 1 
1 1 -1 -1 -1 -1 -1 -1 -1 -1 -1 -1 -1 -1 -1 -1 -1 1 -1 -1 
1 1 1 -1 -1 10 10 10 -1 -1 -1 -1 -1 -1 -1 -1 -1 -1 1 1 
-1 1 1 -1 -1 -1 1 1 -1 -1 -1 -1 -1 -1 -1 -1 -1 -1 -1 1 
-1 2 1 1 -1 10 10 -1 1 -1 -1 -1 -1 -1 1 1 -1 -1 1 1 
4 2 2 -1 -1 -1 -1 3 1 1 1 1 -1 -1 -1 -1 -1 -1 -1 5 
-1 2 -1 2 -1 -1 -1 -1 -1 -1 10 10 -1 2 -1 -1 -1 -1 2 4 
-1 2 2 1 2 -1 -1 10 -1 -1 10 10 2 -1 -1 5 5 4 -1 4 
2 2 2 1 -1 -1 10 10 10 -1 10 2 -1 -1 -1 5 5 -1 5 -1 
2 2 2 2 -1 -1 -1 10 10 -1 2 -1 -1 -1 -1 40 -1 -1 -1 2 
2 1 2 2 -1 -1 -1 -1 -1 -1 -1 -1 -1 -1 -1 -1 -1 -1 -1 -1 
1 1 1 2 -1 -1 -1 -1 -1 -1 -1 -1 -1 -1 -1 -1 -1 -1 -1 -1 
1 1 2 -1 -1 -1 -1 -1 10 10 -1 -1 -1 -1 -1 -1 -1 -1 -1 1 
-1 -1 1 -1 -1 -1 -1 -1 10 -1 10 10 -1 -1 -1 -1 -1 -1 -1 -1 
6 -1 -1 -1 -1 -1 -1 -1 2 10 10 10 -1 -1 -1 -1 -1 -1 -1 -1 
-1 -1 -1 -1 -1 -1 -1 -1 -1 10 -1 -1 -1 -1 -1 -1 -1 -1 -1 6 
10 -1 -1 -1 -1 -1 -1 -1 -1 -1 -1 -1 -1 -1 -1 -1 -1 -1 6 6 
-1 -1 -1 8 -1 -1 -1 10 -1 -1 -1 -1 -1 -1 -1 -1 -1 -1 6 6 
-1 -1 -1 8 8 -1 10 9 -1 -1 -1 -1 -1 -1 -1 -1 -1 -1 -1 -1 
-1 -1 2 -1 40 -1 9 10 10 -1 -1 -1 -1 -1 -1 -1 -1 -1 -1 -1 
-1 2 -1 -1 -1 1 -1 1 9 -1 -1 -1 -1 -1 -1 -1 -1 -1 -1 -1 
-1 2 -1 -1 -1 1 1 1 -1 9 -1 -1 -1 -1 -1 -1 -1 -1 -1 -1 
-1 -1 -1 -1 2 2 -1 3 -1 8 9 9 -1 -1 -1 -1 -1 -1 -1 -1 
2 -1 -1 -1 2 2 2 -1 1 9 8 -1 -1 -1 -1 -1 -1 5 -1 -1 
4 2 2 2 -1 -1 -1 1 3 3 -1 -1 -1 -1 -1 -1 -1 -1 -1 -1 
8 9 -1 -1 -1 9 9 9 2 -1 9 -1 -1 2 -1 -1 6 -1 -1 -1 
9 9 9 6 6 9 9 9 2 2 2 2 2 2 -1 -1 -1 -1 -1 1 
8 -1 9 6 -1 -1 -1 -1 9 2 -1 -1 2 2 -1 -1 -1 -1 8 1 
40 40 6 6 -1 -1 9 9 -1 2 2 -1 -1 9 -1 -1 9 8 8 40 
40 40 6 -1 -1 -1 9 -1 -1 -1 2 2 2 -1 9 -1 1 1 -1 8 
40 9 -1 -1 2 2 2 -1 -1 -1 -1 -1 -1 9 9 8 -1 1 -1 -1 
9 8 40 40 2 2 2 2 2 2 -1 -1 -1 -1 8 9 1 1 1 -1 
8 40 40 40 2 2 -1 -1 2 2 2 -1 -1 8 8 -1 9 9 1 8 
40 2 2 2 2 -1 -1 2 -1 2 2 -1 -1 8 8 9 -1 1 8 1 
40 40 2 2 -1 2 2 -1 2 2 2 -1 2 2 -1 9 1 -1 1 40 
40 40 2 2 2 -1 2 2 -1 -1 -1 2 -1 2 2 9 -1 -1 -1 40 
2 8 -1 -1 -1 -1 2 -1 -1 -1 -1 2 2 -1 -1 10 -1 -1 40 40 
-1 -1 -1 -1 -1 2 2 2 -1 -1 2 2 2 -1 40 -1 10 10 2 40 
10 -1 -1 -1 -1 -1 2 -1 2 2 -1 2 -1 2 -1 -1 8 10 -1 -1 
-1 -1 -1 -1 -1 -1 1 2 2 2 2 2 -1 -1 -1 40 -1 8 -1 -1 
1 1 1 -1 -1 -1 1 -1 -1 2 2 2 -1 -1 -1 40 8 10 10 -1 
1 1 -1 6 1 1 1 -1 -1 -1 2 2 2 -1 -1 40 -1 -1 -1 1 
9 -1 1 1 6 -1 -1 9 9 2 2 -1 2 -1 -1 -1 -1 -1 -1 1 
-1 9 -1 1 -1 6 9 -1 -1 -1 -1 2 -1 2 -1 -1 -1 -1 -1 -1 
9 -1 -1 1 -1 6 -1 9 9 9 -1 -1 -1 -1 -1 40 -1 -1 -1 -1 
40 -1 -1 -1 40 40 3 3 3 -1 -1 7 3 3 2 2 9 8 8 40 
-1 40 -1 -1 -1 -1 -1 -1 3 3 7 -1 3 40 3 2 2 9 40 2 
8 40 -1 -1 2 -1 8 -1 7 -1 8 3 -1 8 -1 8 8 9 2 1 
8 -1 8 9 2 9 -1 -1 -1 7 -1 9 9 -1 -1 2 2 8 40 40 
8 8 8 9 2 8 -1 -1 9 -1 -1 9 -1 2 2 2 8 8 8 10 
10 8 9 9 -1 9 8 9 9 -1 -1 -1 8 -1 2 2 6 2 6 10 
-1 -1 -1 -1 9 9 9 8 9 -1 -1 -1 -1 2 -1 2 2 6 10 -1 
-1 2 -1 9 9 -1 8 1 -1 -1 -1 1 2 2 2 2 2 6 10 -1 
2 2 -1 2 8 8 1 2 2 40 1 9 -1 2 2 6 2 6 10 10 
2 2 2 -1 2 9 2 -1 2 2 -1 9 2 -1 40 2 2 10 9 -1 
2 -1 -1 2 -1 40 -1 40 8 -1 40 6 -1 6 40 3 40 6 8 9 
40 -1 40 40 8 8 -1 40 40 40 40 40 6 40 2 3 40 2 -1 2 
40 40 -1 40 2 40 -1 40 40 8 40 40 1 -1 -1 40 2 40 2 40 
40 -1 8 9 2 2 -1 40 40 8 1 1 -1 2 6 2 40 3 -1 -1 
40 40 8 40 8 -1 2 8 8 1 40 1 2 6 1 2 40 40 40 -1 
40 8 8 8 40 -1 -1 -1 1 40 1 40 6 40 6 40 40 -1 40 -1 
40 40 8 40 8 1 40 -1 -1 1 40 40 40 6 -1 6 40 40 40 40 
40 40 1 40 8 40 1 -1 -1 1 -1 40 -1 -1 6 2 8 -1 40 8 
40 40 40 -1 1 1 -1 7 -1 -1 -1 -1 -1 40 6 2 2 40 9 8 
40 40 -1 -1 1 40 40 7 -1 -1 -1 -1 7 2 40 8 8 8 8 -1 
8 8 9 9 9 8 10 8 8 40 40 -1 -1 40 40 40 8 40 40 8 
1 1 8 -1 8 8 8 8 40 40 40 -1 9 40 40 8 8 8 40 9 
1 1 1 8 8 8 8 10 40 10 40 10 9 9 8 40 40 -1 1 -1 
1 1 8 -1 -1 8 8 -1 10 40 10 10 10 9 8 40 40 1 -1 -1 
40 8 1 8 40 8 8 40 10 10 10 40 10 40 -1 40 40 1 1 40 
8 8 8 40 40 8 40 40 9 10 10 10 8 40 9 8 40 8 8 -1 
8 8 40 40 40 8 8 9 9 9 -1 8 8 9 6 9 40 40 1 1 
-1 8 40 8 40 8 9 8 9 9 9 9 9 9 8 -1 9 -1 1 1 
-1 -1 8 40 40 40 8 8 8 1 9 8 9 9 1 6 -1 -1 1 10 
-1 3 -1 40 40 40 3 8 -1 8 40 9 9 9 2 6 6 9 1 8 
8 8 3 40 40 40 8 40 40 40 8 10 9 40 9 2 40 1 1 9 
8 8 3 8 40 40 40 -1 40 40 40 10 9 9 9 8 8 1 40 40 
-1 8 3 8 8 40 -1 4 4 -1 -1 40 9 40 40 -1 1 9 8 8 
8 8 8 8 9 8 40 1 40 9 9 1 40 40 9 9 8 1 8 40 
-1 -1 40 9 8 9 8 9 40 40 40 40 1 9 9 9 40 10 40 8 
-1 -1 -1 -1 9 9 9 1 8 9 40 1 1 1 9 9 40 40 -1 -1 
-1 -1 -1 -1 -1 -1 8 8 8 40 9 40 8 40 40 40 -1 40 -1 -1 
-1 -1 -1 -1 2 -1 -1 -1 -1 40 8 8 40 40 8 -1 40 9 9 9 
9 10 8 -1 2 10 -1 -1 40 8 40 8 8 40 40 8 40 9 9 40 
8 40 10 -1 10 10 2 2 8 40 40 -1 40 40 40 40 40 9 40 9 
40 -1 40 40 40 40 40 10 40 -1 40 -1 -1 -1 40 40 40 40 8 8 
8 -1 40 40 40 8 -1 40 40 8 8 40 8 8 40 40 40 40 8 8 
-1 40 8 8 10 10 40 40 8 8 6 40 40 8 40 40 1 1 40 8 
8 40 8 8 40 10 40 8 -1 8 6 6 40 -1 40 40 1 40 8 8 
40 -1 8 9 40 10 8 8 40 8 40 6 8 9 -1 8 1 8 2 8 
40 8 40 -1 8 10 8 -1 8 8 8 -1 -1 -1 8 8 8 1 2 40 
8 8 8 40 8 10 40 -1 8 -1 -1 1 1 -1 -1 8 40 40 -1 40 
8 8 8 8 8 -1 8 40 9 -1 -1 1 -1 1 8 9 8 8 40 8 
-1 8 -1 40 40 40 8 9 9 9 1 -1 1 -1 9 8 8 9 8 8 
40 40 8 40 40 9 9 8 -1 -1 1 -1 -1 9 9 8 8 9 8 40 
8 -1 -1 40 -1 9 9 9 8 8 -1 -1 9 9 40 40 40 8 9 40 
40 40 40 40 8 2 9 8 9 9 40 8 40 40 40 40 40 9 40 40 
40 40 40 8 2 8 9 8 9 40 8 8 8 40 40 40 40 -1 8 40 
40 40 40 1 2 2 40 9 9 9 40 8 40 40 40 40 40 40 40 8 
40 40 -1 9 -1 40 40 8 40 8 40 40 8 40 8 -1 -1 40 40 40 
40 9 9 1 2 2 40 8 8 8 8 40 40 6 9 8 8 40 -1 -1 
40 40 8 1 2 2 8 40 40 40 40 40 40 6 8 8 8 -1 10 -1 
10 -1 1 8 -1 8 8 9 40 -1 40 8 40 40 9 8 8 40 40 10 
10 1 40 9 8 40 40 9 40 40 40 8 8 9 40 8 8 40 8 10 
40 40 -1 40 40 40 -1 40 9 40 8 40 40 40 40 8 -1 40 8 40 
2 3 9 8 -1 -1 9 8 8 8 9 40 40 6 6 8 40 9 1 3 
3 8 9 8 8 9 8 -1 8 40 8 40 40 -1 9 40 8 40 2 2 
2 2 9 8 9 8 9 40 40 40 8 40 -1 9 9 8 40 40 9 2 
8 9 8 9 9 9 8 -1 -1 8 8 8 -1 9 9 9 9 8 9 2 
9 8 8 8 8 8 9 -1 8 8 8 9 40 -1 9 9 8 9 8 9 
3 8 8 8 40 8 8 8 8 -1 8 8 40 9 -1 8 8 8 9 9 
-1 -1 8 9 8 40 8 8 -1 2 2 2 9 8 8 8 9 9 9 3 
9 8 8 8 40 40 40 8 -1 -1 2 8 9 8 8 8 9 9 9 -1 
9 8 8 40 40 40 7 8 40 2 8 9 8 9 8 8 8 8 9 8 
9 9 9 -1 40 -1 40 -1 40 40 8 -1 -1 -1 9 8 8 8 9 8 
9 9 9 9 40 40 -1 8 40 9 -1 -1 8 8 40 8 9 9 9 9 
9 9 -1 9 40 -1 -1 8 8 -1 -1 10 8 8 9 9 9 9 9 9 
40 -1 40 -1 -1 -1 8 8 8 8 10 10 9 8 9 9 9 9 40 40 
9 40 8 -1 -1 2 8 40 2 10 8 8 8 3 8 9 8 40 40 40 
9 8 -1 -1 -1 3 2 2 40 10 -1 -1 8 3 -1 8 9 40 40 9 
9 8 8 40 8 8 -1 2 40 8 8 9 -1 -1 3 40 9 40 9 9 
8 8 9 8 8 8 2 2 -1 8 8 8 -1 2 -1 40 40 9 9 -1 
-1 9 9 8 8 -1 2 40 40 8 9 -1 2 40 40 40 9 9 9 9 
8 9 9 8 8 -1 -1 8 8 8 -1 8 40 40 40 6 9 9 9 8 
8 8 8 -1 -1 -1 8 -1 8 -1 8 8 8 40 6 40 9 9 9 9 
-1 -1 40 40 -1 -1 8 10 10 8 -1 -1 40 -1 -1 8 9 10 -1 -1 
10 10 -1 -1 -1 1 -1 10 10 10 10 8 -1 -1 8 -1 10 40 -1 -1 
10 -1 -1 -1 6 -1 -1 10 10 8 8 10 -1 -1 10 10 40 40 40 25 
25 -1 -1 -1 -1 6 -1 10 2 9 9 9 9 -1 10 10 8 40 -1 25 
25 -1 2 2 9 9 -1 -1 2 2 9 9 9 8 8 9 8 8 9 25 
-1 8 8 9 9 9 -1 3 -1 9 9 9 9 8 8 9 2 2 9 40 
8 -1 6 -1 9 40 40 3 3 2 -1 9 -1 -1 -1 9 9 2 -1 -1 
-1 -1 40 6 40 8 8 40 8 9 2 9 -1 8 9 2 2 9 -1 -1 
-1 -1 -1 40 40 40 40 9 40 9 9 -1 8 9 -1 9 2 9 3 2 
2 2 2 2 40 -1 9 40 40 40 -1 -1 8 8 -1 -1 9 2 3 2 
40 -1 2 2 2 2 9 40 8 40 -1 -1 40 8 -1 -1 9 -1 -1 2 
8 2 2 2 -1 2 40 40 40 40 9 9 8 -1 -1 -1 -1 9 -1 -1 
2 8 -1 2 9 9 9 8 40 8 40 8 9 40 40 40 -1 -1 -1 8 
40 8 -1 8 -1 9 9 -1 -1 40 8 8 40 1 8 8 -1 -1 -1 40 
40 40 8 -1 40 40 40 -1 40 40 8 8 8 1 1 40 40 40 40 40 
40 40 9 40 9 -1 40 40 -1 8 -1 40 9 -1 8 40 40 40 40 40 
8 9 9 40 9 9 -1 8 3 -1 -1 40 -1 8 40 40 9 8 40 8 
9 8 8 40 40 9 9 3 -1 9 8 -1 8 40 -1 9 40 9 8 9 
-1 9 40 40 8 40 9 2 9 9 40 8 8 8 40 40 -1 8 9 10 
-1 -1 40 40 40 8 10 10 10 10 8 40 40 40 40 8 9 9 10 10 
40 40 40 40 40 -1 -1 -1 40 1 1 -1 -1 3 -1 40 -1 -1 40 40 
-1 40 40 9 40 8 1 -1 1 -1 40 -1 -1 -1 -1 -1 40 40 40 8 
-1 40 8 40 9 1 -1 -1 1 40 1 -1 40 -1 -1 -1 8 -1 40 40 
40 40 1 8 -1 40 1 1 1 1 -1 -1 2 40 -1 -1 -1 8 40 40 
40 6 1 1 40 9 40 1 9 9 -1 -1 -1 40 40 -1 -1 -1 9 40 
40 -1 1 8 40 1 9 1 1 9 -1 -1 40 -1 40 -1 -1 9 9 9 
40 8 40 -1 8 -1 1 8 9 -1 -1 -1 8 40 8 40 -1 8 8 8 
-1 -1 -1 8 8 1 1 9 9 -1 -1 8 8 8 8 9 8 8 9 40 
-1 -1 -1 2 2 8 8 9 8 -1 9 9 9 -1 -1 9 8 8 8 8 
8 10 10 8 8 8 -1 -1 8 9 -1 9 -1 8 -1 9 -1 40 40 40 
10 -1 -1 8 8 9 8 40 8 8 -1 -1 -1 -1 8 -1 -1 -1 8 8 
-1 -1 -1 -1 9 9 9 -1 40 2 2 -1 -1 9 -1 40 40 40 -1 40 
-1 -1 -1 -1 8 9 -1 40 40 2 2 40 2 -1 9 40 40 -1 40 8 
40 40 1 1 8 -1 -1 -1 40 2 2 2 40 -1 9 8 40 -1 -1 -1 
40 -1 40 -1 -1 -1 -1 -1 2 2 2 -1 8 40 40 8 8 40 40 -1 
40 8 -1 -1 -1 -1 -1 -1 -1 40 -1 -1 40 8 40 40 40 1 -1 -1 
-1 40 -1 -1 -1 -1 -1 -1 -1 40 9 40 1 1 40 40 1 -1 -1 -1 
-1 -1 8 8 8 -1 -1 -1 -1 -1 -1 40 -1 40 40 40 40 40 -1 -1 
8 40 40 40 8 -1 -1 -1 -1 -1 9 40 -1 40 -1 -1 8 8 40 -1 
8 -1 -1 40 40 40 -1 40 1 -1 9 1 -1 40 3 40 9 40 40 40 
3 -1 -1 -1 4 4 4 -1 -1 -1 -1 -1 8 40 40 8 9 -1 9 8 
9 8 8 -1 4 -1 -1 4 -1 -1 -1 -1 8 40 8 40 8 8 8 8 
8 8 8 8 -1 -1 4 -1 4 4 -1 -1 40 8 8 8 40 9 1 8 
8 8 8 8 -1 -1 -1 4 4 -1 4 -1 -1 8 8 -1 -1 -1 8 9 
8 -1 -1 8 -1 -1 -1 4 -1 -1 -1 -1 40 8 -1 -1 -1 -1 2 9 
-1 -1 -1 8 -1 -1 -1 -1 -1 -1 -1 -1 9 40 -1 9 2 2 -1 -1 
-1 -1 -1 -1 -1 -1 -1 -1 -1 -1 -1 -1 -1 -1 2 2 2 -1 -1 -1 
-1 -1 -1 -1 -1 -1 -1 -1 -1 -1 -1 -1 -1 1 1 -1 2 2 -1 -1 
40 -1 -1 -1 -1 -1 -1 -1 -1 -1 -1 6 -1 -1 1 -1 2 -1 -1 -1 
40 -1 -1 -1 -1 -1 -1 -1 -1 -1 -1 6 -1 -1 1 -1 -1 2 -1 -1 
40 -1 -1 -1 -1 -1 -1 -1 -1 -1 -1 5 -1 -1 1 1 2 1 2 2 
-1 40 8 -1 -1 -1 -1 -1 -1 -1 5 5 -1 1 1 1 1 2 2 40 
8 -1 8 -1 -1 -1 -1 -1 -1 5 5 -1 5 8 1 1 40 40 40 40 
8 -1 -1 -1 -1 -1 -1 -1 -1 5 8 5 8 8 1 1 40 40 40 40 
8 -1 -1 -1 -1 -1 -1 -1 -1 1 -1 -1 -1 8 8 8 -1 40 2 40 
3 3 -1 -1 -1 -1 -1 -1 -1 1 40 40 1 8 -1 -1 8 40 8 2 
3 -1 3 -1 -1 -1 -1 -1 -1 -1 9 40 40 -1 9 -1 9 -1 40 2 
-1 3 -1 -1 -1 -1 -1 -1 -1 40 9 8 40 40 -1 9 9 -1 -1 3 
-1 -1 -1 -1 -1 4 4 -1 -1 40 8 40 -1 -1 40 8 9 9 -1 2 
2 3 -1 4 4 4 5 -1 -1 -1 8 40 40 40 40 40 9 -1 -1 9 
2 -1 -1 -1 -1 -1 4 4 4 -1 4 -1 -1 -1 2 2 2 -1 -1 -1 
-1 -1 4 4 -1 -1 4 -1 -1 4 4 -1 -1 -1 -1 2 2 2 -1 -1 
-1 -1 -1 4 4 4 2 2 -1 -1 -1 -1 -1 8 -1 -1 2 -1 8 -1 
-1 -1 -1 4 4 -1 -1 2 -1 -1 -1 -1 -1 -1 4 -1 4 8 8 -1 
-1 -1 4 4 2 2 2 2 -1 2 4 -1 -1 -1 4 4 -1 8 4 4 
-1 4 8 -1 8 8 2 2 2 2 -1 4 4 -1 4 -1 4 4 8 4 
4 8 8 8 2 2 2 2 -1 -1 2 2 4 4 8 4 4 4 8 2 
8 8 8 8 8 2 2 -1 2 4 -1 -1 4 4 -1 8 8 8 8 2 
-1 8 8 8 8 2 2 4 4 4 4 4 4 4 4 8 8 8 8 8 
8 8 8 8 8 8 2 2 4 4 4 4 4 8 8 8 8 8 8 -1 
4 8 8 8 8 -1 2 -1 -1 -1 4 -1 4 4 4 4 8 8 -1 2 
2 4 -1 8 4 2 4 4 -1 4 4 4 -1 -1 4 4 4 8 8 4 
4 -1 8 4 4 -1 4 4 4 4 4 4 4 -1 4 8 8 8 4 4 
4 4 -1 4 -1 4 4 4 4 4 1 4 6 6 4 4 4 -1 8 -1 
4 -1 -1 4 -1 4 4 40 4 4 4 4 4 -1 4 4 4 -1 9 8 
-1 -1 -1 4 4 -1 4 4 4 4 4 4 4 2 2 -1 -1 8 8 8 
8 -1 -1 -1 -1 -1 -1 4 4 4 4 -1 2 2 2 2 8 8 2 8 
8 -1 -1 4 -1 4 4 4 4 4 4 4 2 2 2 2 8 8 2 2 
-1 4 -1 -1 4 4 4 -1 4 4 4 4 2 2 2 2 2 -1 2 2 
2 4 -1 -1 -1 4 -1 4 -1 4 4 4 -1 2 2 2 2 -1 2 2 
-1 -1 -1 -1 -1 4 4 4 -1 4 4 4 4 5 5 5 4 4 4 -1 
4 -1 4 1 4 4 4 4 4 -1 4 4 4 5 5 5 4 4 4 -1 
-1 4 4 8 8 -1 4 4 4 4 4 -1 4 5 5 5 2 4 -1 4 
5 5 4 8 -1 1 4 4 4 -1 4 4 -1 5 4 4 5 -1 4 5 
-1 5 4 8 4 4 4 4 4 4 -1 4 -1 4 4 5 4 4 4 5 
4 -1 4 -1 4 2 2 2 2 2 -1 -1 -1 -1 4 4 5 -1 5 5 
4 4 -1 4 1 1 2 2 -1 2 -1 5 5 -1 -1 4 5 4 4 4 
4 2 4 4 1 4 4 2 2 -1 -1 -1 -1 4 -1 5 4 4 4 4 
-1 4 2 4 4 4 -1 -1 2 2 -1 -1 -1 -1 4 -1 4 4 4 4 
4 2 4 4 4 -1 -1 1 2 -1 -1 -1 -1 -1 -1 4 -1 4 4 -1 
-1 4 4 4 -1 4 4 -1 -1 -1 -1 -1 -1 -1 -1 4 1 4 4 4 
-1 -1 -1 -1 4 4 -1 -1 -1 -1 -1 -1 -1 -1 -1 4 1 1 5 5 
-1 -1 -1 -1 -1 -1 -1 -1 -1 -1 -1 -1 -1 -1 4 -1 1 1 1 5 
-1 -1 -1 8 4 8 -1 -1 -1 -1 -1 -1 -1 -1 -1 -1 -1 1 5 -1 
-1 -1 -1 -1 8 4 8 8 8 4 -1 -1 4 -1 -1 -1 -1 -1 -1 4 
4 -1 -1 8 8 8 8 8 8 8 4 4 -1 -1 -1 -1 -1 -1 4 4 
-1 4 8 4 -1 8 8 8 8 4 8 -1 4 4 2 -1 2 -1 4 4 
-1 2 4 -1 4 8 8 4 8 8 8 8 4 4 2 2 2 2 -1 4 
4 4 4 -1 4 4 4 8 -1 -1 8 -1 4 -1 4 2 2 4 4 4 
-1 4 4 4 4 -1 4 4 4 4 4 -1 4 1 -1 2 2 4 4 -1 
-1 -1 -1 4 -1 4 4 2 2 1 4 4 8 -1 1 2 -1 -1 2 2 
-1 -1 4 -1 4 4 2 1 1 2 4 4 8 1 8 8 2 2 2 2 
2 -1 -1 4 4 4 2 -1 4 4 1 8 1 -1 8 2 2 -1 2 2 
2 2 -1 4 4 4 -1 -1 4 1 -1 1 8 -1 8 8 8 8 8 2 
2 2 2 4 4 4 4 4 8 8 8 4 1 8 8 8 8 8 8 2 
8 -1 6 -1 4 4 4 4 -1 8 1 1 -1 8 8 -1 8 8 -1 8 
8 8 6 6 4 4 4 4 -1 -1 1 1 8 8 -1 8 8 -1 8 8 
8 2 6 6 6 6 4 4 -1 2 2 2 2 8 1 -1 8 1 8 8 
8 -1 2 6 6 2 6 2 -1 2 2 8 2 1 -1 2 1 1 8 8 
8 4 2 4 2 2 4 2 2 8 8 -1 1 2 -1 2 -1 2 8 2 
4 8 2 2 2 2 2 2 2 8 8 8 -1 8 8 2 2 1 2 2 
4 -1 2 2 4 2 -1 -1 2 8 8 8 8 8 8 -1 1 -1 8 8 
8 -1 8 -1 4 4 -1 -1 -1 4 8 8 8 -1 8 -1 -1 -1 -1 8 
-1 8 -1 4 4 1 -1 -1 1 -1 8 -1 4 8 -1 -1 -1 -1 -1 8 
4 4 4 4 -1 -1 1 -1 2 1 -1 4 -1 -1 -1 -1 1 1 4 4 
4 4 8 4 2 2 -1 2 1 3 1 4 -1 -1 -1 1 -1 4 8 8 
8 8 8 -1 -1 2 8 1 -1 -1 1 -1 -1 -1 1 -1 -1 -1 4 8 
4 8 8 -1 8 8 2 -1 1 1 3 3 -1 -1 1 1 -1 8 8 4 
4 8 8 -1 8 4 8 2 1 1 3 3 1 1 1 1 -1 -1 8 8 
8 4 1 4 4 4 4 2 2 1 1 8 3 1 1 -1 -1 -1 8 8 
-1 1 1 1 1 2 2 -1 -1 -1 -1 -1 2 2 -1 -1 -1 4 -1 -1 
1 -1 1 1 -1 2 -1 2 2 -1 -1 2 2 2 -1 -1 -1 -1 -1 -1 
8 8 1 1 1 2 2 -1 -1 2 2 2 -1 -1 -1 -1 2 2 1 -1 
8 1 8 -1 -1 -1 2 1 2 2 2 -1 -1 -1 -1 -1 -1 2 1 8 
1 8 8 8 -1 2 2 1 1 -1 -1 -1 -1 -1 -1 -1 2 1 1 1 
1 -1 8 -1 8 -1 2 -1 -1 -1 -1 -1 -1 -1 -1 -1 -1 2 1 1 
1 8 -1 -1 -1 -1 2 2 2 -1 -1 -1 -1 -1 -1 -1 -1 -1 -1 1 
-1 2 8 -1 2 -1 2 2 2 2 -1 -1 -1 -1 -1 -1 -1 -1 -1 1 
2 8 8 8 2 2 -1 2 2 2 -1 -1 -1 -1 -1 -1 -1 -1 8 8 
8 8 2 2 2 -1 -1 -1 2 2 40 -1 -1 -1 -1 -1 2 2 -1 -1 
-1 8 2 -1 -1 -1 -1 2 2 2 2 -1 -1 -1 -1 -1 -1 2 2 2 
2 2 8 2 -1 -1 -1 2 2 -1 2 -1 -1 -1 -1 -1 -1 2 2 2 
2 -1 -1 -1 -1 -1 -1 -1 -1 -1 -1 -1 -1 -1 -1 -1 -1 2 2 -1 
-1 -1 1 -1 -1 -1 -1 -1 -1 -1 -1 -1 -1 -1 2 2 -1 -1 2 2 
1 1 -1 -1 -1 -1 2 2 2 -1 -1 2 -1 -1 -1 2 1 1 2 -1 
-1 -1 -1 -1 -1 -1 2 2 2 -1 3 3 -1 -1 -1 2 33 -1 -1 1 
-1 -1 -1 -1 -1 -1 -1 2 -1 -1 -1 33 33 -1 2 33 -1 33 -1 -1 
-1 -1 -1 -1 -1 -1 -1 -1 -1 -1 -1 -1 33 33 -1 2 33 33 -1 -1 
-1 -1 -1 -1 -1 -1 -1 -1 -1 -1 -1 -1 -1 -1 2 2 2 33 -1 -1 
1 1 -1 -1 1 2 -1 -1 -1 -1 -1 -1 -1 2 2 2 33 -1 32 -1 
33 32 33 -1 2 2 -1 -1 -1 2 -1 2 2 -1 -1 -1 -1 -1 33 33 
33 32 -1 2 2 -1 -1 -1 -1 -1 2 -1 2 2 -1 40 -1 33 33 33 
32 -1 2 2 -1 -1 -1 -1 -1 -1 2 2 -1 2 1 40 40 40 40 33 
33 -1 2 -1 40 -1 -1 -1 -1 2 2 2 2 -1 1 1 1 40 40 32 
-1 33 -1 -1 -1 40 -1 -1 -1 -1 2 -1 1 1 1 1 1 -1 -1 -1 
2 -1 2 -1 -1 -1 -1 -1 1 1 1 1 1 -1 1 1 -1 2 2 2 
2 2 2 2 -1 -1 -1 1 1 1 1 1 1 -1 1 1 -1 2 2 2 
2 2 2 2 -1 -1 -1 1 1 -1 -1 1 2 1 -1 1 -1 -1 2 -1 
2 2 2 32 -1 -1 40 2 -1 1 1 1 1 1 1 1 2 2 2 2 
2 1 -1 1 33 40 33 33 2 2 2 -1 2 1 1 1 2 -1 2 2 
2 1 1 1 33 32 40 2 2 33 33 2 2 2 1 2 1 2 -1 2 
2 -1 -1 -1 1 32 -1 40 -1 33 33 2 2 1 -1 1 1 2 2 -1 
3 -1 -1 1 1 -1 32 -1 -1 33 33 2 2 2 2 -1 -1 2 -1 3 
-1 -1 -1 -1 2 -1 32 -1 -1 6 33 2 2 -1 2 3 -1 -1 3 3 
2 4 -1 -1 -1 32 -1 1 2 6 3 2 3 2 3 32 -1 3 2 -1 
3 4 -1 -1 2 2 2 1 3 3 2 3 3 3 32 -1 3 3 3 3 
-1 3 -1 -1 2 2 2 3 2 33 2 2 2 -1 32 32 6 6 -1 -1 
-1 -1 -1 2 2 2 2 2 2 2 2 2 3 3 2 -1 6 6 -1 -1 
2 2 -1 2 3 2 2 2 4 2 3 3 2 2 -1 -1 -1 -1 -1 -1 
-1 2 2 2 2 2 -1 3 2 2 -1 3 2 2 -1 -1 -1 -1 -1 2 
1 -1 1 2 -1 -1 -1 -1 1 1 1 -1 40 2 40 -1 -1 -1 -1 -1 
-1 2 2 2 -1 -1 -1 -1 1 1 1 1 2 2 2 -1 -1 -1 -1 -1 
33 2 32 -1 -1 -1 -1 -1 1 1 5 1 1 2 40 2 -1 2 33 33 
-1 32 -1 -1 5 1 1 -1 1 1 -1 5 2 2 40 40 2 2 -1 -1 
-1 2 -1 -1 -1 5 5 5 -1 5 1 32 -1 2 2 2 2 2 32 -1 
2 -1 -1 -1 -1 4 4 -1 2 -1 33 33 32 -1 2 2 2 2 2 2 
2 -1 -1 -1 -1 5 2 2 2 2 32 5 33 2 2 -1 -1 2 2 2 
2 2 -1 -1 -1 2 2 2 2 2 40 32 32 33 33 -1 2 2 2 2 
2 -1 -1 -1 2 2 -1 2 2 2 2 40 33 -1 -1 -1 40 -1 2 2 
2 2 2 -1 -1 2 2 2 2 40 40 2 -1 -1 40 -1 40 2 2 2 
2 2 -1 2 2 2 2 2 2 -1 40 1 40 -1 40 2 2 2 2 2 
2 2 2 -1 -1 2 2 2 -1 2 40 40 40 40 -1 40 40 2 2 2 
2 2 -1 -1 2 2 2 -1 -1 -1 -1 40 40 40 2 40 2 2 -1 2 
2 2 -1 -1 1 1 -1 -1 40 40 40 40 40 40 40 40 -1 2 -1 2 
2 2 2 2 2 -1 4 -1 40 40 40 -1 40 40 40 40 7 40 2 -1 
-1 1 2 2 2 -1 2 4 40 40 8 -1 40 40 40 7 7 -1 -1 2 
2 -1 2 2 2 2 2 1 -1 40 40 40 40 40 40 40 40 40 2 -1 
2 2 1 2 1 2 1 1 -1 40 -1 40 40 40 40 40 40 8 8 8 
2 1 1 1 1 1 1 1 -1 -1 40 40 40 40 -1 40 -1 -1 8 8 
1 -1 1 1 1 1 1 -1 -1 1 1 -1 -1 40 -1 -1 -1 -1 -1 1 
-1 1 -1 1 1 1 1 1 -1 40 40 5 5 2 2 -1 1 1 1 1 
1 1 1 1 1 1 1 40 -1 -1 -1 5 5 -1 2 -1 1 1 1 1 
-1 1 1 1 1 1 -1 40 40 40 40 4 5 5 2 -1 -1 -1 1 1 
1 1 1 1 1 1 40 40 40 40 5 4 5 -1 40 -1 -1 -1 1 1 
1 -1 1 -1 -1 5 4 40 -1 4 5 -1 -1 5 -1 -1 -1 -1 1 1 
-1 -1 -1 -1 1 5 4 -1 -1 -1 -1 5 5 -1 -1 -1 -1 -1 -1 1 
-1 -1 -1 -1 -1 -1 -1 2 -1 -1 -1 -1 -1 -1 -1 -1 -1 -1 -1 -1 
-1 -1 -1 -1 -1 -1 -1 -1 2 2 -1 -1 1 -1 1 1 1 1 -1 -1 
-1 -1 -1 -1 -1 -1 -1 -1 2 -1 -1 -1 -1 1 1 1 1 1 -1 -1 
-1 -1 -1 -1 2 -1 -1 2 2 2 -1 -1 -1 -1 1 1 -1 -1 -1 -1 
-1 -1 -1 -1 2 -1 40 2 2 2 -1 -1 -1 1 -1 -1 -1 -1 -1 -1 
-1 -1 5 4 2 2 -1 -1 40 2 -1 -1 -1 -1 1 -1 -1 -1 -1 2 
-1 -1 -1 2 5 2 -1 2 2 2 2 -1 2 2 2 -1 -1 -1 2 -1 
-1 -1 -1 4 -1 -1 2 2 2 -1 2 2 2 2 2 -1 2 2 2 2 
-1 -1 4 -1 2 2 8 -1 -1 2 2 -1 2 2 40 2 2 2 2 2 
-1 -1 1 -1 2 -1 -1 -1 -1 2 -1 40 -1 40 2 2 2 -1 2 2 
-1 -1 -1 1 1 -1 -1 1 1 2 40 40 40 -1 2 2 -1 1 2 -1 
1 -1 -1 1 -1 -1 1 1 -1 -1 40 -1 -1 -1 2 2 2 2 1 1 
-1 -1 -1 1 1 1 1 1 41 41 -1 41 -1 -1 2 2 2 2 1 1 
1 -1 1 1 1 1 1 41 41 4 41 5 5 2 2 2 -1 2 1 -1 
1 1 -1 -1 1 -1 6 4 40 40 2 4 1 1 1 1 1 1 32 -1 
1 1 -1 1 -1 1 1 -1 -1 2 40 1 1 32 2 2 -1 -1 32 1 
1 1 1 1 1 6 -1 -1 2 2 1 -1 1 32 4 2 -1 32 -1 1 
8 1 1 -1 1 2 -1 6 4 -1 1 1 -1 -1 1 4 2 32 32 1 
1 -1 1 -1 -1 -1 2 -1 2 -1 -1 -1 -1 -1 -1 1 2 2 1 1 
1 -1 -1 -1 -1 -1 -1 2 2 2 2 -1 -1 -1 6 6 1 1 -1 -1 
-1 -1 -1 1 1 -1 -1 -1 2 2 2 -1 -1 -1 6 6 -1 -1 2 -1 
1 -1 1 1 1 -1 -1 -1 2 -1 -1 -1 -1 40 40 6 -1 2 -1 -1 
1 1 -1 1 -1 -1 -1 2 3 1 1 1 1 -1 -1 -1 -1 -1 1 -1 
1 -1 -1 -1 -1 -1 -1 3 3 1 1 1 1 -1 -1 -1 -1 1 1 1 
1 -1 -1 -1 -1 -1 1 2 2 2 2 1 1 -1 -1 -1 -1 -1 1 1 
1 -1 -1 -1 -1 2 2 1 2 1 1 2 -1 -1 -1 -1 -1 -1 1 -1 
-1 -1 -1 -1 2 2 2 2 2 2 -1 1 1 -1 -1 -1 -1 1 -1 1 
-1 -1 -1 -1 2 2 2 2 2 2 1 1 -1 -1 -1 -1 -1 -1 -1 -1 
-1 2 2 2 2 2 2 2 2 -1 1 -1 -1 -1 2 2 -1 -1 -1 -1 
-1 2 -1 -1 -1 2 -1 -1 1 1 2 2 4 2 2 2 4 -1 4 4 
-1 -1 -1 -1 6 -1 4 1 1 -1 -1 -1 2 4 4 4 4 4 4 4 
-1 -1 -1 -1 6 6 6 4 6 -1 4 -1 -1 2 4 4 -1 4 4 4 
-1 1 1 -1 -1 -1 6 6 9 1 1 -1 1 4 1 -1 4 1 -1 -1 
-1 -1 1 -1 -1 -1 4 -1 40 1 -1 -1 1 1 1 1 -1 32 1 1 
32 -1 1 32 -1 40 2 -1 2 1 6 4 6 4 4 4 4 -1 -1 -1 
-1 32 32 -1 40 40 32 2 2 2 6 6 4 6 4 4 -1 -1 -1 -1 
-1 -1 -1 -1 32 4 40 -1 4 6 1 4 1 -1 4 4 -1 32 32 32 
32 -1 -1 -1 2 4 4 4 4 1 1 4 1 -1 -1 -1 -1 -1 -1 -1 
-1 32 2 2 2 4 4 6 -1 1 -1 -1 1 1 -1 -1 -1 -1 -1 -1 
-1 32 -1 4 -1 -1 4 1 -1 -1 1 1 -1 1 1 1 -1 -1 -1 -1 
1 1 1 4 -1 4 -1 -1 1 -1 1 1 -1 1 1 1 1 1 1 1 
1 -1 4 1 -1 -1 -1 -1 -1 6 -1 -1 -1 -1 -1 1 1 1 -1 1 
4 4 -1 4 -1 -1 -1 -1 1 -1 6 -1 -1 -1 -1 -1 1 1 1 -1 
-1 4 -1 -1 -1 -1 -1 -1 -1 1 -1 -1 -1 -1 2 2 -1 1 -1 -1 
-1 -1 4 -1 -1 -1 -1 -1 -1 -1 1 1 1 2 2 2 -1 1 1 -1 
-1 -1 4 4 -1 -1 -1 -1 -1 1 1 1 -1 -1 2 2 2 1 -1 1 
-1 -1 -1 -1 -1 -1 -1 -1 1 1 -1 -1 -1 -1 -1 2 -1 -1 1 -1 
1 -1 -1 -1 -1 -1 -1 -1 -1 -1 -1 -1 4 1 1 2 -1 1 -1 -1 
1 -1 -1 4 -1 -1 -1 -1 1 1 1 -1 1 4 1 1 1 -1 -1 1 
-1 -1 -1 4 -1 -1 -1 -1 1 1 -1 -1 -1 -1 1 1 1 1 -1 -1 
-1 -1 4 1 1 1 1 1 1 1 -1 1 -1 1 -1 1 -1 -1 -1 -1 
-1 -1 32 -1 1 1 1 1 1 1 1 1 6 1 6 1 -1 -1 -1 -1 
-1 -1 32 1 1 -1 1 -1 1 -1 1 6 -1 4 6 -1 -1 -1 -1 -1 
-1 32 1 32 32 2 -1 -1 -1 1 1 6 4 4 6 4 -1 -1 -1 -1 
-1 1 -1 -1 2 2 -1 -1 1 -1 1 1 -1 6 6 -1 6 6 -1 -1 
-1 1 2 2 -1 -1 -1 -1 -1 -1 -1 -1 -1 -1 6 -1 6 -1 6 1 
-1 2 2 2 1 -1 -1 -1 -1 -1 -1 -1 -1 6 6 4 4 6 1 6 
2 2 2 2 2 -1 -1 -1 -1 -1 -1 -1 -1 -1 4 -1 4 1 1 1 
-1 2 2 2 -1 -1 -1 -1 1 -1 6 4 6 4 6 6 6 4 -1 1 
1 1 2 1 1 1 1 -1 1 1 1 4 4 6 -1 4 4 -1 4 1 
1 4 -1 -1 4 4 4 4 4 1 4 1 4 6 6 4 4 4 3 3 
-1 4 4 4 4 4 4 1 4 4 4 4 -1 6 6 4 4 4 -1 3 
-1 -1 4 -1 -1 4 4 -1 4 1 4 4 -1 -1 -1 1 -1 4 4 -1 
4 4 4 4 4 4 -1 4 4 4 1 1 1 -1 -1 1 4 4 4 6 
6 4 -1 4 -1 4 -1 -1 4 4 -1 1 1 1 32 4 -1 -1 -1 6 
6 -1 -1 -1 4 -1 -1 4 -1 -1 1 1 1 4 1 -1 1 1 6 4 
4 -1 -1 4 -1 -1 -1 4 4 4 1 1 4 1 -1 -1 1 -1 1 -1 
-1 -1 1 -1 4 -1 1 1 1 4 1 4 1 4 1 -1 -1 -1 -1 -1 
1 1 1 4 -1 -1 -1 1 1 1 1 1 -1 4 -1 -1 6 -1 4 -1 
1 1 1 2 -1 -1 2 1 2 1 1 -1 4 4 4 -1 -1 6 4 1 
1 1 -1 2 2 2 1 -1 4 1 1 -1 -1 -1 4 -1 4 4 4 1 
1 -1 1 1 -1 2 2 4 -1 1 -1 1 -1 -1 -1 -1 -1 4 1 1 
-1 -1 1 1 2 2 2 2 1 1 -1 -1 -1 -1 -1 -1 -1 6 6 2 
-1 -1 -1 -1 -1 -1 2 -1 -1 1 1 -1 6 6 4 4 6 6 6 6 
1 1 -1 4 -1 2 6 -1 -1 4 4 -1 -1 -1 -1 -1 -1 -1 4 4 
1 1 1 1 -1 -1 6 1 1 4 4 4 -1 -1 -1 -1 -1 -1 -1 1 
1 1 1 1 1 -1 -1 1 -1 -1 -1 -1 -1 -1 -1 -1 -1 -1 4 4 
1 1 1 1 -1 -1 4 4 -1 -1 1 -1 -1 -1 -1 -1 -1 -1 -1 1 
-1 1 1 1 -1 4 4 2 4 1 -1 -1 -1 -1 -1 -1 -1 -1 6 4 
1 -1 -1 1 1 -1 4 2 2 4 1 -1 1 -1 -1 -1 -1 -1 6 4 
-1 -1 -1 4 1 1 -1 1 2 1 1 1 -1 -1 -1 -1 -1 -1 -1 -1 
-1 -1 4 4 1 4 -1 1 -1 1 1 -1 -1 -1 -1 -1 -1 -1 -1 -1 
-1 -1 4 4 4 -1 -1 -1 -1 -1 -1 -1 -1 -1 -1 -1 -1 -1 4 -1 
-1 -1 -1 -1 4 -1 4 -1 -1 -1 4 -1 -1 -1 -1 -1 -1 -1 4 4 
-1 -1 4 4 4 4 -1 4 4 4 4 -1 -1 -1 -1 -1 -1 -1 4 -1 
4 -1 -1 -1 4 4 4 4 -1 4 4 4 -1 -1 -1 -1 -1 4 4 4 
4 -1 2 -1 -1 -1 -1 -1 -1 -1 -1 -1 -1 -1 -1 -1 -1 -1 -1 4 
1 -1 2 2 -1 -1 -1 -1 -1 -1 -1 -1 -1 -1 -1 1 -1 -1 -1 1 
-1 2 2 2 -1 -1 -1 -1 -1 -1 -1 -1 -1 -1 -1 6 -1 -1 1 -1 
-1 -1 -1 2 -1 -1 -1 -1 -1 -1 -1 -1 -1 -1 -1 -1 -1 -1 -1 -1 
2 2 -1 -1 -1 -1 -1 6 -1 -1 -1 4 4 4 -1 -1 4 -1 -1 -1 
-1 4 4 -1 -1 6 -1 6 4 -1 -1 -1 -1 4 -1 -1 -1 4 4 4 
4 -1 -1 4 -1 -1 6 6 4 4 -1 -1 -1 -1 -1 -1 -1 4 4 4 
1 -1 -1 -1 4 2 -1 6 -1 4 4 4 -1 -1 -1 -1 -1 4 4 1 
2 -1 -1 -1 -1 -1 -1 -1 -1 -1 -1 -1 -1 -1 2 -1 2 -1 -1 2 
-1 -1 1 -1 -1 -1 -1 -1 -1 -1 1 1 -1 1 -1 -1 -1 -1 2 1 
1 1 -1 -1 -1 -1 -1 -1 -1 4 1 1 1 1 -1 -1 -1 -1 -1 -1 
1 1 1 -1 -1 -1 -1 -1 -1 1 1 -1 -1 -1 -1 -1 -1 -1 -1 -1 
-1 1 -1 -1 -1 -1 -1 -1 1 -1 -1 -1 -1 -1 -1 -1 -1 -1 -1 -1 
1 1 1 1 -1 -1 -1 4 -1 -1 -1 -1 -1 -1 -1 -1 -1 -1 -1 -1 
-1 -1 1 1 -1 -1 -1 -1 -1 -1 -1 -1 -1 1 -1 -1 -1 -1 1 -1 
-1 -1 -1 -1 -1 -1 -1 -1 -1 -1 -1 -1 -1 -1 1 1 -1 -1 -1 1 
-1 -1 1 -1 -1 -1 -1 1 1 1 -1 1 -1 1 1 1 -1 -1 -1 -1 
-1 -1 1 -1 -1 -1 1 1 1 1 1 1 -1 1 1 1 -1 -1 -1 -1 
-1 -1 1 1 1 -1 -1 1 -1 1 1 1 1 -1 1 -1 -1 -1 -1 -1 
1 1 1 1 -1 -1 1 -1 -1 1 1 1 1 4 1 -1 -1 -1 -1 -1 
1 1 1 -1 -1 -1 1 1 1 1 1 1 1 1 -1 -1 -1 -1 -1 -1 
-1 -1 -1 1 -1 1 -1 1 1 1 -1 1 1 1 -1 1 1 -1 -1 1 
-1 -1 -1 -1 1 1 1 1 1 1 1 1 1 1 -1 -1 1 -1 -1 -1 
-1 -1 1 1 1 1 1 1 -1 -1 -1 1 1 -1 -1 -1 -1 -1 -1 -1 
-1 -1 1 -1 1 1 1 -1 -1 -1 -1 -1 -1 -1 -1 2 -1 -1 -1 -1 
-1 -1 -1 1 -1 1 1 -1 -1 -1 -1 -1 -1 -1 -1 -1 2 -1 -1 -1 
-1 -1 -1 -1 -1 1 4 -1 -1 -1 -1 -1 -1 -1 -1 -1 2 -1 -1 -1 
-1 -1 -1 -1 -1 -1 -1 -1 -1 -1 1 -1 -1 -1 -1 2 2 -1 -1 2 
1 1 1 1 1 6 6 6 -1 -1 -1 1 -1 1 -1 -1 8 -1 1 1 
1 1 -1 -1 -1 6 6 6 -1 -1 1 -1 1 1 1 1 1 1 -1 -1 
-1 -1 2 1 1 -1 -1 -1 6 1 1 1 1 -1 1 1 1 1 -1 1 
-1 2 -1 -1 1 -1 6 6 6 1 1 1 1 -1 -1 1 1 1 1 -1 
-1 -1 -1 1 1 1 -1 6 6 1 1 1 -1 -1 1 1 1 1 -1 1 
-1 -1 -1 -1 -1 1 -1 1 -1 -1 1 1 1 1 -1 1 -1 -1 1 -1 
-1 -1 -1 1 1 1 1 1 1 -1 1 -1 -1 -1 -1 -1 -1 -1 -1 -1 
-1 -1 -1 2 1 1 -1 1 -1 1 1 1 1 1 1 -1 -1 -1 -1 -1 
-1 -1 2 -1 1 1 1 1 1 1 1 8 8 -1 -1 -1 -1 -1 -1 -1 
-1 8 8 2 2 2 -1 1 1 1 1 -1 -1 -1 1 1 -1 -1 -1 -1 
-1 -1 -1 2 2 2 -1 1 2 -1 -1 -1 -1 -1 1 1 -1 -1 -1 -1 
2 -1 2 2 2 2 -1 -1 -1 -1 -1 -1 -1 -1 8 1 -1 -1 -1 -1 
-1 2 2 -1 2 2 -1 -1 1 -1 -1 -1 -1 1 1 8 8 -1 -1 -1 
-1 2 2 -1 -1 -1 -1 1 -1 1 1 -1 1 -1 1 1 -1 -1 -1 -1 
-1 2 2 -1 -1 -1 -1 1 1 1 1 1 -1 1 1 8 8 8 -1 -1 
-1 -1 -1 -1 -1 1 1 1 1 -1 1 -1 -1 -1 8 8 8 8 -1 -1 
-1 1 1 -1 -1 1 2 1 -1 -1 -1 -1 -1 -1 -1 8 -1 8 -1 -1 
1 1 -1 -1 -1 -1 1 1 1 -1 -1 -1 -1 -1 -1 -1 8 -1 1 1 
1 1 1 -1 6 1 1 2 2 -1 -1 1 1 -1 1 1 8 -1 -1 1 
1 1 1 1 1 6 1 6 2 1 1 1 -1 -1 -1 1 -1 -1 1 1 
1 -1 -1 2 2 2 -1 -1 -1 -1 -1 1 1 1 1 1 -1 1 1 1 
2 -1 -1 -1 2 2 2 -1 -1 -1 -1 1 -1 1 1 1 1 1 1 -1 
-1 2 -1 -1 -1 -1 -1 2 -1 -1 1 1 1 1 1 -1 -1 1 1 -1 
2 2 2 -1 -1 -1 -1 -1 -1 1 -1 1 1 -1 1 1 1 1 -1 -1 
-1 1 1 -1 -1 -1 1 -1 1 -1 -1 -1 -1 -1 -1 -1 1 1 -1 -1 
-1 2 1 -1 1 1 -1 1 1 -1 -1 -1 -1 -1 -1 -1 1 -1 -1 -1 
2 1 -1 1 1 1 1 -1 -1 1 -1 -1 -1 1 -1 1 -1 -1 -1 -1 
6 -1 1 1 -1 -1 -1 -1 1 1 1 -1 1 1 1 -1 -1 -1 -1 2 
-1 6 2 2 -1 -1 -1 -1 -1 -1 1 -1 -1 1 -1 2 2 -1 -1 2 
-1 1 6 1 1 -1 4 -1 -1 -1 8 -1 -1 1 1 2 2 2 -1 2 
-1 -1 1 -1 1 4 4 -1 8 -1 8 -1 -1 -1 1 1 2 2 2 -1 
-1 -1 -1 1 -1 -1 -1 -1 -1 8 8 1 1 -1 1 1 2 2 2 2 
2 -1 -1 -1 -1 -1 2 -1 -1 1 1 1 1 1 -1 1 1 1 2 -1 
-1 -1 -1 -1 -1 -1 -1 2 -1 1 1 1 1 1 1 1 -1 -1 1 -1 
2 2 2 2 -1 -1 2 -1 -1 2 1 1 1 -1 -1 1 8 1 1 8 
2 2 2 2 2 -1 2 2 2 2 1 -1 -1 -1 -1 -1 1 -1 8 -1 
-1 -1 2 2 2 2 2 2 2 2 1 -1 2 -1 2 -1 -1 1 -1 -1 
-1 -1 -1 2 -1 -1 2 2 2 2 2 2 2 2 2 -1 -1 -1 -1 -1 
2 2 2 -1 -1 2 -1 -1 2 2 1 -1 1 -1 1 -1 -1 -1 -1 -1 
-1 2 -1 -1 2 -1 -1 -1 2 -1 -1 1 -1 1 -1 1 -1 1 -1 2 
-1 2 -1 2 2 2 2 2 -1 2 -1 4 4 2 -1 -1 -1 -1 -1 -1 
-1 -1 2 2 2 1 1 -1 2 1 1 1 4 2 2 -1 4 2 2 -1 
-1 -1 -1 2 2 -1 1 1 2 1 2 1 2 2 2 -1 2 2 -1 -1 
-1 2 2 2 2 -1 1 2 2 2 2 2 2 2 -1 -1 2 -1 2 -1 
2 -1 2 2 2 1 -1 -1 2 -1 2 2 -1 -1 -1 -1 2 2 -1 2 
-1 -1 2 2 1 -1 1 1 1 2 1 1 -1 -1 -1 -1 -1 2 2 2 
2 -1 2 2 2 1 1 1 1 1 -1 -1 1 -1 -1 -1 -1 -1 8 2 
2 2 2 2 -1 1 1 1 1 1 1 2 1 -1 -1 -1 -1 8 2 2 
2 4 2 -1 -1 -1 1 1 -1 -1 2 -1 1 -1 -1 6 -1 6 1 -1 
4 4 2 -1 4 1 1 1 -1 1 1 1 1 -1 6 -1 6 4 4 1 
-1 4 4 4 1 1 4 1 1 1 1 -1 -1 1 1 6 1 1 1 4 
4 4 4 4 4 4 1 -1 1 1 1 -1 1 1 1 1 1 1 1 -1 
4 4 4 4 4 4 4 4 1 1 -1 -1 1 1 1 1 4 -1 -1 4 
4 4 -1 4 -1 -1 -1 4 4 -1 -1 -1 4 4 -1 1 4 -1 1 4 
2 -1 4 -1 -1 -1 6 6 4 4 4 -1 4 4 4 -1 1 1 4 4 
-1 2 -1 2 -1 -1 6 4 4 4 4 2 4 4 4 4 -1 -1 4 4 
2 1 1 -1 2 -1 -1 4 4 4 -1 4 4 4 4 4 -1 -1 -1 -1 
-1 1 1 -1 -1 2 -1 -1 -1 4 4 4 4 2 4 4 -1 -1 -1 -1 
-1 -1 -1 -1 2 -1 2 4 -1 -1 4 4 4 4 4 -1 4 2 2 2 
-1 -1 2 -1 2 2 2 2 -1 -1 4 4 4 -1 -1 -1 -1 2 -1 -1 
1 1 8 4 4 8 4 4 4 4 4 1 -1 -1 2 -1 -1 1 1 1 
1 4 8 4 8 -1 4 6 6 4 4 -1 -1 -1 2 -1 8 1 4 1 
1 8 4 -1 4 4 6 -1 4 -1 4 4 -1 -1 2 8 8 4 4 -1 
-1 4 2 2 4 4 -1 6 1 1 -1 1 1 -1 2 2 -1 2 2 2 
-1 -1 4 2 -1 4 4 2 2 -1 1 -1 -1 1 -1 4 8 -1 2 2 
-1 -1 4 2 4 4 -1 4 2 6 6 -1 1 -1 4 8 8 8 2 -1 
-1 2 2 4 4 4 -1 2 2 2 6 -1 -1 -1 1 8 8 1 2 -1 
2 -1 2 2 2 4 4 4 2 6 -1 -1 4 -1 4 1 4 1 2 2 
2 -1 -1 2 4 4 4 2 1 -1 4 4 4 1 4 4 1 2 -1 2 
2 2 2 2 2 4 4 4 4 -1 4 4 1 1 1 -1 2 2 2 2 
2 2 2 2 2 4 2 4 4 4 4 2 -1 -1 -1 -1 -1 2 2 2 
2 2 2 2 2 -1 -1 4 4 4 4 6 2 -1 -1 -1 -1 -1 -1 -1 
2 2 4 -1 2 -1 -1 4 -1 4 4 6 6 6 -1 6 -1 4 4 2 
4 -1 -1 -1 -1 4 4 4 4 6 4 6 6 6 6 6 -1 -1 4 4 
4 4 -1 4 4 4 4 6 -1 6 6 -1 -1 6 6 4 4 4 4 4 
-1 4 4 4 4 4 4 -1 6 4 -1 -1 6 6 6 2 4 -1 4 4 
4 4 4 4 4 -1 6 4 4 4 4 4 -1 4 2 4 2 2 4 -1 
4 4 4 4 4 6 4 1 4 4 4 -1 4 4 4 2 2 2 2 2 
4 4 8 4 4 4 4 4 4 4 4 2 4 4 4 2 4 2 4 4 
1 8 8 4 4 4 4 4 4 4 4 4 1 -1 -1 -1 -1 4 2 1 
4 2 4 2 4 4 6 4 4 4 4 1 1 2 -1 2 4 -1 8 8 
8 4 8 8 2 4 4 2 4 4 1 -1 2 2 2 2 4 4 8 8 
8 8 8 2 -1 4 4 2 4 1 1 1 1 1 2 2 4 2 2 2 
8 8 -1 4 4 -1 -1 2 4 4 4 1 4 4 2 2 2 2 2 8 
8 1 -1 9 4 8 -1 2 2 4 4 1 4 4 -1 2 -1 2 4 -1 
8 1 -1 8 8 -1 8 4 -1 8 8 4 1 4 4 4 4 4 2 -1 
8 8 8 8 8 8 4 8 4 4 8 4 4 4 4 4 4 4 -1 4 
8 8 8 8 8 9 8 8 4 4 4 1 4 4 4 4 4 4 4 4 
4 8 8 8 4 4 9 8 8 4 4 4 4 4 4 2 4 4 2 4 
2 -1 8 -1 4 9 -1 8 8 4 4 4 4 4 4 4 2 4 4 2 
8 8 -1 4 4 4 9 9 8 2 8 -1 4 6 4 -1 2 8 4 4 
4 4 4 2 4 4 9 -1 9 1 4 4 4 4 4 4 -1 4 2 4 
4 4 4 8 6 8 8 9 9 4 4 1 -1 2 4 4 4 4 -1 -1 
4 4 4 4 4 4 2 2 4 1 2 -1 -1 2 4 4 4 -1 4 4 
4 4 4 4 4 4 4 8 2 2 2 4 4 -1 4 4 4 4 4 -1 
4 4 4 4 4 4 4 2 2 -1 4 2 1 4 4 4 4 4 4 1 
4 4 -1 4 4 4 -1 4 6 6 4 4 1 4 4 4 4 4 4 -1 
4 -1 4 4 4 -1 4 4 4 6 4 4 1 4 4 -1 4 4 -1 4 
2 2 2 4 8 8 4 4 -1 4 4 -1 1 1 1 -1 4 4 2 4 
2 4 2 2 4 4 4 4 4 4 4 1 1 4 4 4 2 2 2 2 
-1 4 4 6 -1 4 4 6 4 6 6 6 4 -1 4 4 4 4 -1 4 
4 4 4 4 4 4 4 4 4 4 4 4 4 4 4 4 4 -1 4 4 
4 -1 6 4 4 4 4 4 4 4 4 4 8 2 2 4 -1 -1 4 4 
4 4 4 6 1 6 6 -1 4 6 6 1 2 2 2 2 4 4 4 4 
4 -1 6 6 4 6 6 4 4 4 6 6 2 2 2 -1 -1 4 -1 4 
4 -1 8 8 8 8 4 -1 4 4 4 4 4 6 6 4 4 4 4 4 
4 8 8 8 8 8 8 4 4 4 4 4 4 2 4 6 4 6 4 4 
4 6 -1 -1 6 4 4 4 4 -1 4 4 4 4 2 6 6 4 4 4 
-1 -1 6 6 6 4 4 4 4 2 2 -1 4 4 4 4 4 4 4 4 
4 8 4 8 1 8 4 4 4 4 -1 -1 -1 2 6 -1 4 6 4 4 
4 4 4 4 1 8 4 4 2 4 4 4 4 -1 4 4 4 4 4 4 
4 4 4 4 4 4 4 -1 2 8 4 4 -1 4 4 4 4 4 4 4 
4 4 4 4 4 4 4 -1 4 4 4 4 4 -1 2 2 4 4 4 4 
4 4 4 4 4 4 4 4 4 4 4 4 -1 -1 2 2 2 4 2 4 
4 4 4 -1 4 4 4 -1 4 4 -1 -1 4 4 4 2 2 4 4 2 
2 4 4 4 4 4 4 4 4 4 6 4 4 4 4 4 4 4 4 -1 
2 4 4 4 4 4 4 4 6 6 -1 4 4 4 4 4 4 4 4 2 
2 4 4 4 -1 4 4 4 6 4 4 4 4 4 4 4 4 2 4 2 
4 4 2 4 4 4 4 4 4 6 6 4 4 4 4 4 36 36 36 4 
4 4 4 4 4 4 6 4 4 6 6 6 4 4 -1 4 -1 36 2 -1 
2 4 8 -1 4 4 4 4 2 2 4 -1 4 -1 8 8 8 2 2 2 
-1 2 2 2 4 4 4 4 2 4 1 1 -1 2 8 2 4 8 2 2 
2 8 8 2 2 4 4 1 4 1 4 1 -1 2 2 2 -1 4 2 8 
2 4 4 2 2 2 2 4 6 6 4 1 1 2 -1 2 4 2 -1 2 
4 4 4 4 -1 4 2 -1 4 4 -1 1 1 1 2 -1 4 2 2 -1 
4 4 4 4 4 4 1 4 -1 4 4 1 1 -1 2 4 4 2 -1 4 
4 4 4 4 4 4 2 4 4 4 4 2 4 2 4 4 -1 4 -1 2 
2 4 4 4 4 4 4 4 4 4 2 4 4 1 4 4 4 2 2 2 
-1 8 4 4 4 4 4 4 4 2 2 1 1 4 4 4 4 4 2 2 
8 4 4 4 4 4 4 4 4 2 -1 1 4 4 4 4 4 2 2 -1 
8 8 4 4 4 4 4 4 4 4 4 1 1 4 -1 4 4 4 -1 8 
8 8 4 4 4 -1 1 4 4 4 1 1 4 4 4 4 4 4 -1 8 
8 8 4 4 4 4 1 4 6 4 6 1 4 4 4 4 4 4 4 4 
-1 -1 4 4 -1 4 6 1 1 6 4 6 1 4 4 4 4 4 4 4 
1 8 8 8 8 6 6 4 1 4 4 6 4 1 4 4 4 4 4 4 
1 8 8 8 8 8 4 4 8 4 4 6 4 4 1 4 8 4 1 1 
8 1 8 -1 -1 8 8 8 8 6 4 4 6 4 4 1 1 4 1 1 
1 -1 8 8 8 8 8 6 6 -1 4 8 8 6 8 8 4 4 4 1 
1 1 8 8 8 8 8 8 4 -1 4 8 6 6 6 8 4 4 8 -1 
2 2 4 8 8 4 4 4 4 4 -1 -1 -1 6 8 8 4 4 2 8 
8 8 1 1 8 2 8 4 4 6 4 2 4 4 4 4 8 8 4 4 
8 1 1 8 8 2 2 2 8 4 6 4 4 4 4 4 4 4 4 4 
1 8 8 8 8 2 8 2 4 8 4 4 -1 4 6 -1 4 4 4 4 
4 4 8 8 8 8 8 8 -1 4 4 4 4 4 4 4 4 4 -1 -1 
4 -1 8 8 8 8 8 8 8 8 4 8 8 8 -1 4 -1 4 4 4 
4 8 8 8 -1 8 8 8 8 8 8 8 8 8 8 8 -1 -1 4 4 
-1 8 8 8 8 8 -1 8 -1 -1 8 8 8 8 8 8 -1 -1 -1 4 
2 2 8 8 8 8 -1 -1 8 8 8 2 8 8 8 8 8 8 -1 -1 
2 2 8 8 4 -1 8 -1 8 2 2 8 8 8 8 2 8 8 -1 -1 
2 8 8 4 -1 8 8 8 8 4 8 8 8 2 2 -1 4 -1 4 -1 
2 4 4 4 4 8 8 8 4 4 4 2 -1 1 -1 4 4 8 4 -1 
2 4 -1 -1 4 4 -1 8 4 4 4 2 2 1 1 4 8 8 4 2 
4 2 -1 6 -1 4 4 -1 4 4 4 2 8 8 8 8 -1 8 -1 4 
-1 2 6 1 4 4 8 4 4 -1 8 2 8 8 1 1 -1 -1 -1 -1 
-1 -1 -1 4 4 8 8 -1 4 -1 8 8 8 -1 1 -1 1 -1 -1 -1 
-1 -1 -1 8 8 8 8 8 8 8 -1 8 -1 -1 -1 -1 -1 -1 1 -1 
-1 -1 -1 1 1 1 8 2 -1 8 8 8 -1 -1 4 -1 -1 8 1 -1 
-1 -1 1 1 1 3 2 8 8 8 8 8 4 -1 4 4 4 8 8 8 
4 -1 -1 1 -1 3 3 8 8 9 9 8 1 4 4 4 4 4 8 4 
4 4 8 1 2 8 3 4 6 4 8 -1 1 4 4 4 4 4 4 8 
8 8 -1 3 3 -1 8 8 -1 40 8 8 -1 -1 8 -1 4 8 8 -1 
8 1 3 -1 -1 8 8 8 8 8 40 40 8 8 8 -1 4 -1 8 8 
8 1 1 -1 8 1 8 8 8 1 8 8 -1 -1 -1 -1 4 8 -1 8 
8 8 -1 8 8 -1 8 8 8 -1 8 8 8 8 -1 8 1 1 8 8 
8 -1 -1 8 -1 8 8 8 8 8 8 -1 8 8 1 8 8 8 8 8 
-1 -1 3 8 8 8 8 8 8 8 -1 8 8 8 8 1 -1 -1 4 8 
4 8 8 3 3 8 8 -1 8 8 8 8 8 8 1 8 4 4 4 -1 
4 8 8 8 3 3 -1 8 8 8 8 8 8 8 8 4 8 8 8 4 
-1 8 8 -1 1 1 8 8 8 1 8 8 8 8 -1 4 8 -1 4 -1 
-1 -1 -1 3 8 8 -1 1 -1 1 1 -1 8 -1 8 8 -1 -1 -1 -1 
8 -1 3 2 2 8 8 -1 8 8 8 8 8 8 8 -1 -1 -1 -1 8 
-1 8 2 8 -1 -1 8 8 8 8 8 8 8 8 8 8 8 -1 -1 -1 
-1 2 8 2 2 -1 -1 3 3 8 8 8 8 8 8 8 8 8 -1 8 
2 8 2 2 3 -1 3 3 3 8 8 8 8 -1 4 8 8 -1 8 8 
8 -1 -1 -1 -1 3 3 -1 3 3 8 8 8 8 8 8 8 8 -1 -1 
8 8 -1 -1 3 1 1 8 3 3 3 8 8 -1 8 8 8 -1 8 8 
8 -1 1 -1 -1 -1 1 3 8 8 8 -1 8 -1 -1 8 -1 8 8 8 
8 1 -1 8 -1 -1 -1 8 8 8 8 2 8 4 8 -1 8 -1 8 8 
8 -1 1 -1 -1 -1 8 8 8 8 8 8 -1 -1 -1 8 8 8 8 8 
8 8 8 -1 3 8 8 -1 -1 40 8 -1 -1 -1 -1 8 -1 8 8 8 
-1 2 2 -1 2 2 8 8 2 2 8 1 40 8 8 3 3 -1 -1 2 
2 8 8 8 8 8 8 -1 2 8 8 1 40 8 8 8 3 8 -1 2 
1 8 8 8 8 8 8 8 8 8 8 -1 -1 8 9 8 8 -1 8 8 
8 8 1 8 8 8 8 8 1 1 8 8 -1 8 8 9 8 8 8 1 
1 8 1 1 8 -1 8 8 -1 1 1 1 -1 8 -1 9 8 8 2 1 
1 1 1 8 8 8 8 8 8 1 1 1 1 -1 40 40 8 8 8 2 
1 1 8 8 -1 -1 8 8 8 8 8 8 1 1 1 8 8 8 1 8 
1 8 8 8 -1 8 3 8 8 8 8 8 1 1 40 8 8 8 1 1 
8 3 1 8 8 3 8 8 8 8 8 8 40 40 8 8 8 8 8 8 
3 8 8 3 8 8 8 8 8 -1 8 8 40 9 2 -1 8 8 8 3 
1 1 1 3 3 8 8 8 8 8 8 8 8 8 8 8 8 -1 2 3 
1 3 -1 3 3 8 -1 -1 -1 -1 -1 1 -1 8 8 8 8 2 3 -1 
-1 -1 3 8 -1 8 2 -1 -1 -1 8 -1 9 9 8 8 8 8 8 3 
-1 8 3 3 -1 -1 8 2 -1 8 -1 8 8 8 8 8 8 8 8 -1 
8 -1 2 2 2 -1 -1 2 -1 8 8 8 8 -1 8 -1 3 3 8 -1 
-1 2 2 8 2 -1 -1 2 2 2 2 40 40 -1 -1 40 8 8 3 8 
8 8 8 2 8 8 8 8 2 2 8 40 40 -1 40 8 8 8 8 8 
8 8 -1 -1 -1 4 4 -1 2 2 40 40 40 40 -1 -1 8 -1 -1 8 
8 2 2 2 2 4 2 2 2 2 40 40 40 8 8 -1 -1 -1 -1 8 
2 8 -1 -1 2 2 -1 2 8 2 2 40 40 40 40 3 -1 -1 -1 -1 
8 8 2 8 8 -1 8 8 8 8 8 -1 2 8 8 8 8 2 8 -1 
8 8 8 2 8 8 -1 -1 8 8 8 8 8 8 8 -1 8 8 8 8 
8 8 2 8 8 -1 -1 8 8 8 8 8 -1 8 8 8 8 8 8 8 
8 -1 -1 -1 8 -1 -1 -1 -1 8 8 8 -1 -1 8 8 8 8 8 8 
8 8 -1 -1 -1 8 -1 2 -1 8 8 -1 -1 8 8 8 8 -1 8 3 
3 8 3 8 8 8 8 8 8 8 8 -1 8 8 8 8 2 2 -1 3 
3 3 3 8 8 8 -1 8 8 8 8 -1 8 40 8 -1 8 -1 8 3 
3 3 8 3 3 8 -1 8 8 8 8 8 -1 40 40 8 3 8 3 8 
-1 8 8 8 8 8 -1 -1 8 8 8 8 8 40 8 8 3 3 3 3 
-1 -1 8 -1 8 8 8 2 2 2 2 8 8 40 -1 3 8 -1 3 3 
-1 -1 -1 8 8 8 8 -1 2 2 2 8 2 8 8 3 3 8 3 3 
2 -1 -1 9 8 8 -1 -1 8 8 8 8 2 8 3 3 8 8 8 2 
2 9 9 8 8 8 8 8 8 8 8 8 8 8 8 8 2 2 8 8 
8 8 -1 8 8 8 8 8 8 8 8 8 8 8 2 -1 2 2 2 9 
9 8 8 8 8 -1 8 8 8 8 8 8 8 -1 2 2 2 8 8 2 
8 8 8 8 8 8 8 8 8 -1 -1 2 2 -1 2 2 2 2 2 2 
8 -1 8 8 8 8 8 8 8 8 2 -1 2 -1 2 2 2 8 2 8 
-1 8 -1 8 -1 8 8 8 8 8 8 -1 2 2 8 8 2 8 8 8 
8 8 8 2 8 8 8 8 8 8 8 -1 2 2 2 -1 8 8 2 8 
-1 -1 8 2 8 8 2 8 8 8 8 8 2 2 -1 8 8 2 8 8 
-1 8 8 8 -1 -1 -1 8 3 8 8 9 9 9 8 2 8 8 3 -1 
8 8 8 9 9 -1 -1 -1 8 2 2 8 -1 8 2 8 8 -1 -1 -1 
8 8 8 -1 9 -1 8 2 8 9 2 8 8 2 8 8 8 -1 8 -1 
-1 -1 8 8 9 8 2 8 9 9 9 8 6 -1 2 6 6 6 6 8 
8 8 -1 -1 9 2 9 9 9 9 9 6 -1 2 2 -1 6 8 6 6 
-1 8 -1 8 8 8 9 2 -1 8 -1 -1 8 -1 2 6 6 -1 8 6 
9 8 -1 8 8 9 9 -1 2 -1 8 8 8 8 -1 6 6 -1 6 8 
8 9 8 8 8 9 1 -1 2 2 8 8 8 8 -1 8 6 9 9 9 
8 8 9 9 9 1 1 3 -1 -1 -1 -1 8 8 2 8 2 2 9 2 
2 -1 9 9 -1 3 3 3 3 -1 8 8 8 8 8 2 2 40 40 2 
2 -1 2 9 9 2 2 3 -1 8 8 -1 8 -1 2 -1 2 -1 2 40 
2 -1 -1 2 2 2 3 -1 3 8 8 3 -1 -1 -1 2 -1 2 2 2 
2 8 -1 8 8 2 2 2 2 8 8 3 -1 3 3 -1 2 8 2 -1 
-1 2 8 -1 8 2 2 3 8 2 -1 2 -1 -1 3 2 8 8 8 2 
-1 3 -1 8 8 2 2 3 3 1 -1 2 3 3 8 2 3 8 -1 3 
3 -1 3 8 8 -1 2 3 3 1 8 3 2 2 2 2 -1 -1 8 8 
3 3 3 3 -1 -1 2 3 3 3 3 8 8 2 9 2 8 8 8 8 
3 -1 -1 3 3 3 -1 3 3 3 8 9 8 8 9 8 8 8 8 3 
8 -1 -1 -1 8 3 -1 -1 9 3 9 -1 8 8 8 8 9 8 3 3 
-1 -1 -1 8 -1 8 -1 8 8 8 8 8 9 8 -1 8 3 3 8 3 
2 8 8 -1 8 -1 1 -1 2 2 3 3 -1 -1 -1 -1 -1 8 -1 8 
8 -1 8 8 8 -1 -1 -1 3 -1 -1 3 3 -1 2 2 2 2 8 8 
2 2 8 8 2 2 2 2 3 3 3 3 3 2 2 8 8 -1 -1 2 
2 -1 8 8 8 2 2 -1 3 -1 3 3 3 40 8 8 8 -1 -1 2 
2 2 2 2 -1 -1 -1 -1 -1 3 2 3 3 8 -1 -1 8 2 2 2 
2 1 1 2 1 9 -1 -1 -1 3 2 2 8 8 2 -1 3 2 2 2 
2 -1 1 1 9 -1 -1 9 9 -1 8 2 -1 2 3 2 2 2 2 2 
2 2 1 8 -1 8 8 9 3 3 2 8 2 2 2 3 2 2 2 2 
2 2 8 -1 8 8 3 3 3 2 -1 8 2 2 9 2 2 2 2 2 
-1 8 -1 8 -1 -1 3 8 -1 3 8 2 9 9 9 9 2 -1 2 -1 
-1 8 8 -1 8 -1 8 -1 8 8 -1 8 -1 1 8 2 9 -1 -1 -1 
9 -1 8 8 -1 -1 8 -1 -1 8 8 1 1 1 9 8 9 9 8 8 
8 8 -1 1 -1 -1 -1 8 -1 -1 -1 3 1 8 3 8 9 -1 9 -1 
8 8 9 -1 -1 -1 -1 -1 8 3 -1 -1 3 3 -1 9 -1 -1 -1 8 
-1 9 -1 -1 -1 1 -1 1 8 8 3 3 2 3 -1 8 3 -1 8 -1 
9 9 -1 -1 -1 1 1 -1 2 8 -1 2 8 3 3 3 -1 -1 -1 9 
8 9 8 1 1 1 8 2 6 2 2 3 3 -1 -1 -1 3 -1 -1 8 
9 9 8 8 8 1 1 1 2 2 3 3 3 3 1 1 -1 9 8 8 
-1 -1 9 9 8 8 1 1 2 3 3 -1 3 3 3 -1 9 8 9 1 
1 8 -1 9 8 -1 1 -1 8 -1 2 3 3 3 -1 -1 8 9 8 8 
-1 16 16 -1 16 16 2 2 2 -1 -1 3 -1 2 8 8 8 8 16 8 
16 16 16 16 16 2 -1 -1 -1 -1 3 3 -1 8 8 8 8 -1 -1 -1 
16 16 16 -1 16 -1 2 -1 -1 3 -1 -1 -1 1 8 8 8 8 16 -1 
-1 16 16 16 16 2 2 -1 -1 -1 -1 -1 -1 8 8 8 -1 16 8 8 
8 16 16 16 -1 16 3 -1 -1 -1 -1 -1 -1 -1 1 8 -1 -1 -1 -1 
-1 8 -1 -1 -1 2 2 3 -1 -1 -1 -1 -1 1 1 1 -1 -1 -1 8 
-1 -1 -1 -1 -1 -1 3 3 3 -1 -1 -1 -1 -1 -1 2 -1 -1 8 -1 
9 9 -1 9 -1 -1 3 -1 -1 -1 -1 -1 -1 -1 -1 -1 2 2 -1 -1 
9 9 9 -1 -1 -1 -1 9 -1 -1 -1 -1 -1 -1 -1 -1 2 2 2 9 
-1 9 -1 8 -1 -1 -1 -1 9 -1 -1 -1 -1 -1 -1 -1 -1 -1 8 -1 
-1 9 8 9 9 9 -1 2 8 8 -1 -1 -1 8 -1 -1 8 8 -1 -1 
-1 -1 -1 9 9 9 9 -1 9 8 -1 -1 -1 8 -1 -1 8 -1 8 -1 
8 -1 -1 -1 -1 -1 -1 8 9 8 -1 -1 -1 -1 8 -1 8 -1 -1 -1 
1 -1 -1 -1 -1 -1 8 9 -1 -1 -1 -1 8 -1 -1 8 8 -1 -1 8 
1 -1 -1 -1 -1 -1 8 8 8 -1 -1 8 -1 8 8 8 9 8 -1 1 
-1 1 -1 -1 -1 16 8 8 8 -1 9 -1 -1 -1 8 8 8 8 8 -1 
1 1 1 -1 16 -1 8 -1 -1 8 9 9 8 9 -1 9 8 8 16 16 
-1 16 16 16 2 16 -1 2 -1 9 8 8 -1 -1 8 -1 16 16 16 16 
16 16 16 16 17 2 2 2 2 2 9 -1 -1 8 8 8 8 16 16 16 
16 16 16 -1 16 2 2 2 2 -1 -1 -1 2 2 8 8 8 16 8 16 
3 8 -1 -1 -1 1 8 8 8 16 16 -1 16 8 8 -1 -1 -1 -1 3 
3 2 -1 1 1 1 -1 8 16 8 8 8 17 8 8 -1 -1 8 8 8 
17 -1 2 3 1 -1 -1 -1 8 8 -1 -1 -1 8 8 -1 16 8 8 8 
-1 3 3 3 1 -1 -1 -1 -1 -1 -1 8 8 -1 8 16 3 16 16 17 
3 2 3 3 3 -1 -1 -1 -1 -1 -1 8 8 8 16 -1 16 16 16 -1 
16 3 3 -1 3 3 1 -1 -1 -1 8 -1 3 3 16 16 16 16 16 16 
2 16 -1 2 8 3 -1 1 8 8 8 8 -1 16 16 16 3 3 16 16 
16 6 -1 2 3 8 8 -1 8 -1 -1 8 -1 3 16 3 -1 16 16 2 
6 3 8 -1 -1 3 8 8 8 8 -1 -1 3 3 3 16 16 16 16 6 
3 6 1 8 8 8 8 8 8 -1 8 8 8 3 3 16 16 16 3 2 
-1 3 -1 1 1 8 8 -1 8 8 8 8 3 -1 3 -1 -1 3 3 3 
-1 -1 3 3 1 8 8 -1 -1 8 1 8 -1 3 -1 -1 -1 -1 -1 -1 
-1 1 3 3 3 3 3 8 3 -1 1 -1 8 3 3 -1 -1 -1 -1 -1 
-1 -1 1 3 3 -1 8 8 8 8 -1 -1 3 3 3 -1 -1 -1 3 9 
3 -1 -1 3 9 3 8 3 -1 8 -1 -1 3 3 -1 -1 -1 -1 9 3 
8 8 -1 9 -1 3 3 8 3 17 -1 3 16 3 16 -1 8 -1 -1 3 
1 8 9 -1 -1 -1 8 2 8 -1 17 16 16 16 -1 16 16 -1 -1 3 
1 1 -1 9 -1 -1 -1 2 2 -1 -1 16 16 16 16 17 8 8 -1 -1 
1 1 1 1 -1 -1 -1 2 8 8 -1 16 16 16 16 8 17 -1 -1 1 
1 3 1 1 -1 -1 8 -1 -1 8 -1 16 16 16 8 -1 -1 -1 3 1 
-1 -1 -1 16 3 -1 -1 8 9 -1 -1 3 3 3 3 3 3 3 3 -1 
-1 -1 -1 40 2 -1 8 8 8 -1 -1 -1 -1 3 2 2 -1 3 3 -1 
-1 -1 -1 2 2 -1 2 2 -1 -1 2 -1 -1 3 2 3 3 3 3 3 
3 -1 -1 2 16 40 2 -1 -1 2 2 2 2 3 3 3 3 3 3 3 
-1 -1 3 3 16 2 8 8 2 -1 -1 -1 -1 -1 -1 -1 -1 3 3 3 
-1 3 3 2 3 2 2 16 -1 -1 -1 -1 3 3 -1 3 -1 3 3 -1 
-1 3 3 3 -1 2 2 2 -1 -1 -1 -1 -1 3 3 -1 3 -1 -1 -1 
3 -1 -1 -1 3 3 3 3 3 3 -1 -1 -1 -1 3 -1 -1 -1 3 -1 
3 -1 -1 -1 3 3 -1 3 -1 8 3 -1 -1 -1 -1 3 -1 3 3 3 
3 -1 -1 -1 3 -1 2 -1 -1 -1 -1 -1 -1 3 3 -1 3 3 3 3 
3 -1 -1 -1 3 -1 2 2 -1 -1 3 -1 -1 3 3 3 -1 3 3 3 
-1 -1 -1 -1 -1 1 1 -1 -1 -1 -1 -1 -1 -1 -1 3 8 3 3 -1 
-1 -1 -1 1 1 -1 -1 -1 -1 -1 -1 -1 -1 -1 -1 1 8 8 -1 -1 
-1 3 3 1 1 1 -1 -1 -1 -1 -1 -1 -1 -1 1 -1 3 3 3 -1 
2 2 3 1 1 -1 1 -1 -1 -1 -1 -1 -1 8 -1 -1 1 1 3 3 
8 -1 -1 1 1 -1 -1 -1 2 3 3 -1 2 8 8 3 -1 1 -1 -1 
-1 8 8 -1 -1 -1 -1 2 3 3 3 3 8 2 -1 3 1 2 -1 -1 
-1 -1 8 8 8 -1 -1 2 2 3 -1 3 3 2 3 3 2 -1 -1 -1 
-1 -1 -1 8 -1 2 8 8 2 -1 3 3 3 3 3 3 3 3 -1 -1 
-1 -1 -1 -1 -1 2 -1 9 -1 3 3 3 3 3 3 3 3 3 -1 -1 
3 8 8 8 3 3 3 3 3 3 -1 -1 -1 -1 -1 -1 -1 -1 -1 2 
8 8 1 -1 3 3 3 -1 3 -1 -1 -1 -1 -1 -1 -1 -1 -1 -1 -1 
8 -1 1 8 -1 3 3 -1 -1 3 3 -1 -1 -1 -1 -1 -1 -1 8 8 
-1 8 3 8 3 -1 3 -1 -1 -1 -1 -1 -1 -1 -1 -1 -1 -1 8 -1 
3 1 1 -1 -1 -1 -1 -1 -1 -1 2 2 8 8 8 -1 -1 -1 -1 -1 
3 3 1 1 8 -1 -1 -1 2 2 2 2 2 8 8 8 -1 -1 -1 3 
1 1 1 1 8 8 -1 -1 2 2 2 2 2 2 8 8 -1 -1 2 8 
3 1 8 1 8 1 8 8 8 2 2 -1 2 2 8 -1 -1 -1 2 3 
8 8 8 1 1 -1 8 8 2 -1 2 2 -1 -1 2 -1 -1 -1 3 -1 
2 8 8 8 1 8 8 1 2 -1 -1 -1 -1 -1 -1 -1 -1 -1 -1 -1 
2 8 8 8 -1 1 1 1 1 2 -1 -1 -1 -1 -1 8 -1 2 2 -1 
-1 2 8 -1 -1 -1 1 1 1 -1 -1 -1 -1 -1 2 8 -1 2 -1 2 
-1 -1 2 -1 3 -1 -1 -1 -1 -1 -1 -1 -1 -1 -1 8 8 2 3 3 
2 2 2 2 3 2 -1 -1 -1 -1 -1 -1 -1 -1 -1 2 -1 -1 1 3 
2 2 2 -1 -1 -1 3 -1 -1 -1 -1 -1 -1 3 8 8 2 2 -1 -1 
16 2 2 3 2 -1 3 3 -1 -1 -1 3 3 3 8 3 2 2 1 1 
1 16 3 3 2 -1 3 3 -1 -1 3 3 3 3 3 3 -1 1 -1 2 
-1 -1 3 2 2 3 3 3 3 -1 -1 3 3 3 3 3 3 1 2 1 
1 2 2 1 3 3 3 3 -1 -1 -1 2 2 -1 3 -1 -1 -1 1 1 
2 3 3 3 3 3 3 3 -1 3 -1 -1 -1 -1 3 -1 -1 -1 -1 -1 
-1 1 1 1 2 2 -1 1 1 -1 -1 8 -1 -1 -1 -1 -1 -1 -1 -1 
-1 -1 8 2 1 2 2 2 1 1 8 8 -1 -1 -1 -1 -1 -1 -1 1 
1 1 1 8 2 2 2 2 1 1 1 -1 -1 -1 -1 8 -1 1 -1 -1 
-1 -1 1 8 8 2 -1 1 -1 1 1 -1 -1 -1 -1 -1 8 8 8 -1 
-1 -1 -1 -1 -1 -1 -1 -1 1 2 1 -1 -1 -1 9 -1 -1 8 1 -1 
3 -1 -1 -1 -1 -1 -1 1 1 1 2 9 9 9 9 -1 -1 -1 -1 3 
3 -1 -1 -1 -1 -1 -1 -1 -1 -1 -1 -1 9 9 -1 9 -1 -1 3 -1 
-1 -1 -1 -1 -1 -1 -1 -1 -1 -1 8 -1 -1 -1 -1 -1 1 1 3 1 
-1 -1 3 -1 -1 -1 2 3 3 -1 8 8 -1 -1 -1 -1 -1 3 3 3 
-1 3 3 -1 -1 2 2 -1 2 8 -1 -1 8 -1 -1 -1 -1 -1 -1 3 
-1 -1 -1 -1 -1 -1 2 2 -1 -1 -1 -1 -1 8 -1 -1 -1 -1 1 -1 
-1 -1 -1 -1 -1 2 8 -1 -1 -1 -1 -1 -1 -1 -1 -1 -1 -1 1 -1 
-1 -1 -1 -1 -1 -1 -1 -1 8 8 -1 2 -1 3 -1 -1 -1 -1 -1 2 
-1 -1 -1 -1 -1 -1 -1 -1 8 3 -1 2 3 3 -1 -1 -1 -1 -1 -1 
-1 -1 -1 -1 -1 -1 -1 8 8 -1 3 3 3 -1 -1 -1 -1 -1 -1 -1 
-1 -1 -1 -1 -1 -1 8 8 8 8 9 3 3 3 -1 -1 -1 -1 -1 -1 
-1 -1 -1 -1 -1 -1 8 9 8 9 -1 1 3 3 -1 -1 -1 -1 -1 -1 
-1 -1 -1 -1 -1 -1 8 -1 1 -1 1 1 -1 3 -1 -1 -1 8 -1 -1 
-1 -1 1 1 1 1 1 1 1 1 1 1 8 -1 -1 -1 8 -1 -1 -1 
-1 1 1 1 1 1 1 -1 1 -1 -1 8 8 -1 -1 -1 8 8 -1 -1 
8 -1 9 9 8 -1 -1 1 1 -1 8 1 -1 1 1 1 1 9 8 -1 
8 8 -1 -1 8 -1 -1 1 8 -1 8 -1 1 1 1 -1 1 1 8 8 
8 -1 8 -1 -1 -1 -1 -1 8 8 8 8 1 1 1 1 -1 -1 -1 8 
8 8 -1 8 -1 8 -1 -1 8 8 8 8 -1 1 1 -1 -1 -1 -1 -1 
8 8 -1 -1 -1 8 -1 8 8 2 -1 1 1 1 1 -1 -1 -1 -1 -1 
-1 -1 -1 -1 -1 -1 -1 -1 -1 1 1 8 1 -1 1 -1 -1 -1 -1 -1 
-1 -1 -1 -1 -1 -1 8 -1 8 8 -1 -1 8 1 -1 -1 -1 -1 -1 -1 
-1 -1 -1 -1 -1 -1 1 8 8 -1 -1 -1 8 -1 -1 -1 -1 -1 8 -1 
-1 -1 -1 -1 -1 -1 -1 1 8 -1 8 -1 8 -1 -1 -1 -1 8 -1 -1 
-1 -1 -1 -1 -1 -1 2 8 1 8 8 8 -1 -1 8 8 -1 -1 -1 -1 
-1 -1 -1 -1 2 2 -1 1 -1 8 8 8 8 8 8 -1 -1 2 -1 -1 
-1 -1 -1 2 2 2 9 1 1 -1 8 8 8 1 -1 8 -1 2 3 -1 
-1 -1 -1 -1 2 -1 -1 -1 -1 1 -1 -1 1 1 -1 8 8 2 -1 -1 
-1 -1 -1 -1 -1 2 -1 -1 1 -1 -1 1 -1 8 8 8 8 2 -1 -1 
-1 -1 -1 -1 -1 1 -1 -1 -1 -1 -1 1 1 1 8 -1 8 -1 -1 -1 
-1 3 -1 -1 1 1 1 1 -1 -1 -1 -1 -1 1 1 1 8 8 -1 -1 
-1 3 3 -1 1 -1 -1 -1 1 1 -1 -1 -1 -1 1 1 -1 -1 -1 -1 
-1 3 3 -1 -1 8 8 1 1 -1 1 -1 -1 -1 -1 -1 -1 -1 -1 -1 
-1 3 9 8 8 8 1 1 1 -1 9 1 1 -1 -1 -1 -1 -1 -1 8 
8 8 8 8 8 8 8 1 1 -1 9 -1 1 1 -1 -1 -1 -1 8 8 
-1 -1 -1 -1 8 -1 1 1 1 1 -1 1 -1 -1 -1 -1 -1 -1 -1 1 
-1 -1 -1 8 8 -1 -1 1 1 -1 1 -1 -1 -1 -1 -1 -1 -1 2 -1 
2 -1 -1 -1 -1 -1 -1 -1 -1 -1 1 1 -1 -1 -1 2 2 2 2 -1 
2 -1 -1 -1 -1 -1 -1 -1 -1 -1 2 1 -1 -1 -1 2 2 2 2 2 
-1 -1 -1 -1 -1 1 -1 -1 -1 1 -1 1 -1 -1 1 -1 2 -1 2 2 
1 -1 -1 -1 -1 -1 -1 -1 -1 1 1 -1 -1 1 -1 -1 1 -1 1 1 
2 2 -1 -1 -1 -1 -1 -1 1 1 2 -1 -1 1 -1 -1 -1 1 -1 2 
2 -1 -1 2 -1 40 40 40 40 2 -1 -1 2 -1 -1 -1 2 -1 2 2 
8 2 -1 2 2 40 40 -1 40 1 1 2 2 2 -1 2 2 2 2 2 
2 2 2 -1 -1 -1 40 1 1 1 2 2 2 2 -1 -1 2 2 -1 2 
2 -1 -1 1 -1 40 1 1 1 1 2 2 1 1 2 8 -1 -1 2 2 
8 -1 -1 1 1 -1 1 1 1 2 -1 2 2 2 8 8 8 8 2 2 
-1 8 8 1 8 1 1 1 -1 -1 1 2 2 2 8 8 2 2 -1 8 
8 -1 1 1 1 1 1 1 1 1 1 -1 2 2 8 2 8 2 -1 -1 
8 1 1 1 1 -1 -1 1 1 1 -1 -1 -1 2 -1 -1 1 8 8 -1 
1 1 1 1 2 -1 1 1 1 1 1 1 -1 1 2 2 -1 8 8 -1 
2 8 1 1 8 -1 1 1 1 1 1 -1 1 -1 1 1 -1 -1 8 -1 
8 2 -1 8 2 2 1 2 1 1 1 1 -1 -1 -1 -1 1 -1 -1 8 
1 1 2 8 -1 1 1 -1 1 1 1 -1 -1 -1 -1 -1 -1 -1 1 1 
1 -1 8 8 -1 -1 -1 1 1 1 -1 1 -1 -1 -1 -1 -1 -1 -1 1 
-1 2 2 2 2 2 2 2 -1 -1 -1 -1 -1 -1 -1 -1 -1 -1 -1 -1 
-1 2 2 2 2 2 -1 -1 -1 -1 -1 -1 -1 -1 -1 -1 1 1 2 -1 
-1 2 2 -1 -1 2 -1 -1 -1 -1 -1 -1 -1 -1 -1 -1 1 1 1 2 
2 2 -1 -1 -1 1 -1 -1 -1 -1 1 -1 -1 -1 -1 -1 -1 1 1 -1 
1 2 1 1 1 1 -1 -1 -1 -1 1 4 4 -1 -1 1 1 1 1 1 
1 1 1 1 1 1 1 -1 -1 -1 -1 1 -1 4 -1 1 1 2 1 1 
1 1 1 1 1 1 1 1 -1 -1 -1 -1 -1 -1 -1 -1 1 2 2 2 
-1 1 1 1 1 1 1 1 -1 -1 -1 -1 -1 -1 -1 -1 1 2 2 -1 
-1 -1 8 1 1 -1 1 1 1 -1 1 -1 -1 -1 -1 2 2 2 2 2 
8 -1 8 -1 1 1 1 1 1 1 1 -1 -1 -1 -1 -1 -1 -1 2 -1 
1 1 8 1 -1 1 1 1 1 -1 2 2 2 2 -1 -1 1 -1 1 2 
-1 8 1 1 -1 1 1 1 1 2 2 2 2 2 -1 -1 -1 1 2 -1 
-1 -1 1 -1 -1 -1 1 -1 -1 -1 -1 -1 2 2 -1 -1 1 1 1 -1 
-1 1 -1 8 8 2 1 -1 -1 -1 1 -1 2 -1 2 2 -1 -1 -1 -1 
-1 2 1 1 2 8 8 -1 -1 -1 1 2 -1 -1 -1 -1 -1 2 -1 -1 
2 2 -1 2 -1 8 8 8 -1 -1 -1 -1 -1 -1 -1 -1 -1 -1 2 -1 
2 2 -1 2 2 -1 -1 -1 8 -1 -1 -1 -1 2 2 -1 -1 -1 -1 2 
-1 -1 2 2 2 -1 2 2 -1 -1 -1 -1 -1 2 2 -1 -1 -1 -1 -1 
-1 -1 2 8 2 2 2 2 -1 -1 -1 -1 -1 2 2 -1 -1 -1 -1 -1 
-1 2 2 2 2 2 2 2 2 -1 -1 -1 -1 -1 -1 -1 -1 -1 -1 -1 
1 2 2 -1 -1 1 1 -1 -1 -1 -1 -1 -1 -1 2 2 2 2 8 8 
1 1 -1 -1 1 1 2 -1 -1 -1 -1 -1 -1 -1 -1 -1 -1 2 2 1 
1 1 -1 2 1 2 2 -1 -1 -1 -1 -1 -1 -1 -1 -1 -1 2 2 2 
2 2 2 1 1 1 2 -1 -1 -1 -1 -1 2 -1 2 2 2 2 2 2 
2 2 2 2 1 2 2 -1 -1 -1 1 2 -1 2 2 2 2 -1 2 2 
-1 2 2 2 2 2 2 -1 -1 2 2 1 2 -1 -1 2 2 2 2 2 
-1 -1 2 2 1 2 2 -1 2 1 2 2 -1 -1 2 -1 -1 2 2 -1 
2 2 -1 2 -1 -1 2 2 1 -1 2 -1 -1 -1 -1 -1 -1 2 2 2 
1 -1 1 -1 2 -1 -1 -1 2 -1 2 2 -1 -1 1 1 -1 1 2 1 
1 1 1 2 2 2 2 2 -1 2 2 -1 -1 1 -1 1 1 -1 2 1 
1 1 -1 2 2 -1 2 -1 2 1 -1 -1 -1 -1 -1 1 1 1 1 -1 
1 1 1 2 -1 -1 2 2 1 1 1 -1 -1 -1 -1 -1 1 -1 -1 1 
1 1 2 -1 2 -1 2 1 1 1 1 -1 -1 -1 -1 -1 1 1 -1 1 
1 1 2 1 1 -1 2 -1 2 2 1 -1 -1 -1 -1 -1 1 -1 1 2 
1 1 2 2 1 2 2 -1 -1 -1 1 -1 -1 -1 -1 -1 -1 1 1 1 
2 1 2 -1 2 2 -1 -1 -1 1 -1 -1 -1 -1 -1 -1 -1 -1 -1 1 
1 -1 1 2 -1 -1 2 2 2 1 -1 -1 -1 -1 2 2 -1 -1 -1 2 
1 -1 1 2 2 1 2 -1 -1 -1 -1 -1 -1 2 -1 2 2 2 2 1 
-1 1 2 2 -1 -1 2 -1 -1 -1 -1 -1 1 1 2 2 -1 -1 -1 -1 
-1 2 2 1 -1 -1 1 1 -1 -1 -1 -1 1 -1 -1 2 2 2 8 8 
-1 -1 -1 -1 -1 -1 -1 2 -1 -1 -1 -1 -1 -1 -1 1 -1 -1 -1 -1 
-1 -1 -1 -1 -1 -1 -1 -1 2 -1 -1 -1 -1 -1 -1 1 -1 -1 -1 -1 
-1 -1 -1 -1 -1 -1 -1 -1 -1 -1 -1 -1 2 -1 1 1 -1 1 -1 1 
1 -1 -1 -1 -1 -1 2 2 -1 -1 2 2 -1 1 1 1 1 1 1 -1 
-1 -1 -1 -1 -1 -1 2 2 -1 -1 -1 2 -1 -1 -1 1 -1 1 -1 -1 
-1 -1 -1 -1 -1 -1 2 -1 -1 -1 -1 -1 -1 -1 -1 -1 1 -1 -1 -1 
-1 1 1 1 -1 -1 -1 -1 2 2 -1 -1 -1 -1 -1 -1 -1 -1 -1 -1 
1 1 1 1 -1 -1 -1 1 1 1 1 -1 -1 -1 -1 -1 -1 -1 -1 -1 
1 -1 1 1 1 -1 -1 1 1 1 -1 -1 -1 -1 -1 -1 -1 -1 1 1 
1 1 1 -1 1 1 1 -1 1 1 -1 -1 -1 -1 -1 -1 -1 1 1 1 
1 1 1 1 1 1 1 1 1 1 1 1 -1 -1 -1 -1 -1 1 1 -1 
-1 1 1 -1 1 1 1 -1 -1 -1 2 -1 2 -1 -1 1 1 1 1 1 
1 1 1 1 1 1 1 1 -1 -1 2 2 -1 -1 1 1 1 1 1 1 
1 1 1 1 1 1 1 -1 2 2 -1 -1 -1 -1 -1 -1 1 -1 1 -1 
1 1 1 1 1 -1 -1 -1 -1 -1 -1 -1 -1 -1 -1 -1 -1 1 1 1 
1 1 -1 1 1 -1 -1 -1 2 -1 -1 -1 -1 -1 -1 -1 1 1 1 1 
1 1 1 -1 -1 -1 -1 -1 -1 -1 -1 -1 -1 -1 -1 1 1 1 -1 1 
1 1 1 1 -1 -1 -1 -1 -1 -1 -1 -1 -1 -1 2 2 1 1 -1 -1 
-1 1 1 -1 -1 -1 -1 -1 -1 -1 -1 -1 -1 -1 2 1 -1 -1 -1 -1 
-1 -1 -1 -1 -1 -1 -1 -1 -1 -1 -1 -1 -1 -1 -1 -1 -1 -1 -1 -1 
2 2 2 -1 2 2 -1 -1 -1 -1 2 -1 -1 2 2 -1 -1 -1 -1 -1 
-1 2 -1 -1 -1 -1 -1 -1 -1 -1 -1 -1 -1 2 2 -1 -1 -1 -1 -1 
1 1 1 -1 -1 -1 -1 -1 -1 -1 -1 -1 -1 -1 -1 -1 -1 -1 -1 1 
1 2 2 1 -1 -1 -1 -1 -1 -1 -1 -1 -1 -1 -1 -1 -1 -1 1 -1 
1 -1 1 -1 -1 -1 -1 8 -1 -1 -1 -1 1 -1 -1 -1 -1 -1 -1 1 
1 2 -1 -1 -1 -1 8 8 -1 -1 -1 1 2 -1 -1 -1 -1 -1 -1 -1 
1 2 -1 -1 -1 -1 8 8 -1 -1 -1 2 -1 -1 -1 -1 -1 -1 -1 -1 
2 2 2 -1 -1 -1 -1 1 8 -1 -1 -1 -1 1 -1 1 -1 -1 -1 -1 
2 2 2 -1 2 -1 -1 -1 -1 -1 -1 -1 -1 -1 1 1 1 -1 -1 2 
2 2 2 2 2 2 1 -1 -1 -1 -1 -1 -1 -1 -1 1 1 -1 -1 2 
2 -1 -1 6 2 2 1 1 -1 -1 -1 -1 -1 -1 -1 1 8 8 -1 2 
2 2 2 2 6 2 2 1 -1 -1 -1 -1 -1 -1 -1 1 8 8 2 2 
2 2 2 2 2 2 3 -1 3 -1 -1 3 -1 8 1 1 1 -1 2 2 
2 2 2 2 2 2 3 3 3 3 3 3 -1 -1 -1 1 -1 1 2 2 
-1 2 2 2 2 3 3 3 -1 3 3 2 -1 -1 -1 1 -1 -1 2 -1 
2 2 2 2 2 -1 2 3 3 3 2 2 -1 -1 -1 -1 -1 -1 -1 -1 
2 -1 -1 2 2 2 2 3 3 2 2 -1 -1 2 2 -1 -1 -1 -1 -1 
-1 -1 2 2 -1 2 2 2 -1 2 2 2 2 2 2 -1 2 -1 -1 -1 
-1 2 2 2 -1 -1 3 2 2 2 2 2 2 2 2 2 -1 -1 -1 -1 
-1 -1 -1 2 2 2 -1 -1 -1 2 2 -1 -1 2 2 -1 -1 -1 -1 -1 
1 1 1 1 2 -1 2 2 2 2 -1 -1 -1 -1 -1 -1 -1 -1 1 1 
1 1 1 1 2 2 2 2 2 2 2 2 2 2 -1 -1 -1 -1 1 -1 
-1 1 -1 -1 2 2 -1 2 2 2 2 2 2 2 2 2 -1 -1 -1 1 
1 1 1 2 2 2 2 2 2 2 8 2 2 2 2 -1 -1 -1 -1 -1 
1 1 1 2 2 2 2 2 2 2 2 2 2 2 2 -1 -1 -1 -1 -1 
2 2 -1 2 2 2 2 2 -1 2 2 2 2 2 -1 -1 -1 -1 -1 -1 
-1 2 2 2 2 2 2 2 2 2 2 2 2 2 2 -1 -1 -1 -1 -1 
2 2 2 2 -1 2 2 2 2 2 2 2 2 2 2 -1 -1 -1 -1 -1 
2 2 2 -1 2 2 2 2 2 2 2 2 2 -1 -1 2 -1 -1 -1 2 
2 2 2 -1 8 2 8 8 8 2 2 -1 2 2 -1 -1 -1 -1 -1 -1 
2 2 -1 2 4 8 8 8 2 2 -1 2 2 -1 -1 2 -1 -1 -1 -1 
-1 -1 2 2 8 8 8 -1 2 2 2 2 -1 -1 -1 -1 -1 -1 -1 -1 
-1 -1 2 -1 8 -1 -1 2 2 2 2 -1 -1 -1 -1 -1 -1 -1 -1 8 
-1 8 8 -1 2 -1 8 2 2 2 2 2 -1 -1 -1 -1 -1 -1 2 8 
8 2 -1 8 8 8 8 2 2 1 1 2 2 -1 -1 -1 -1 -1 2 -1 
-1 8 8 8 8 8 8 8 -1 1 2 2 -1 -1 1 -1 -1 1 -1 -1 
-1 2 2 8 8 8 8 -1 -1 -1 -1 2 1 -1 1 -1 -1 8 1 -1 
-1 -1 -1 -1 8 -1 2 -1 -1 -1 -1 1 2 8 1 8 8 1 1 1 
1 1 1 1 -1 -1 2 -1 -1 -1 1 1 1 2 8 8 8 1 1 -1 
1 1 1 -1 -1 2 -1 2 -1 1 1 1 2 -1 -1 8 -1 1 1 1 
-1 -1 -1 -1 -1 8 -1 -1 -1 -1 -1 -1 -1 -1 1 -1 -1 -1 2 2 
1 -1 -1 -1 -1 -1 -1 -1 -1 -1 -1 -1 -1 1 -1 1 -1 1 -1 -1 
-1 -1 -1 -1 -1 -1 -1 -1 -1 -1 -1 -1 -1 -1 2 -1 1 1 -1 1 
-1 -1 -1 -1 -1 -1 -1 -1 -1 -1 -1 -1 -1 -1 1 2 1 -1 -1 1 
1 -1 -1 -1 -1 -1 -1 -1 -1 -1 -1 -1 -1 1 -1 1 -1 1 -1 -1 
-1 -1 -1 -1 -1 -1 -1 -1 -1 -1 -1 2 -1 -1 1 -1 2 1 -1 -1 
-1 -1 -1 -1 -1 -1 -1 -1 -1 -1 -1 -1 2 -1 1 1 2 2 -1 -1 
-1 -1 -1 -1 -1 -1 -1 -1 1 -1 -1 -1 2 -1 -1 -1 1 2 -1 2 
-1 -1 -1 -1 -1 -1 -1 1 1 1 1 -1 1 -1 -1 1 2 1 2 -1 
-1 -1 -1 -1 -1 -1 1 1 1 1 1 -1 1 1 -1 2 2 2 8 8 
8 -1 -1 -1 -1 -1 -1 1 1 -1 1 -1 2 2 2 -1 2 -1 8 2 
-1 -1 -1 -1 -1 -1 -1 1 1 1 -1 2 2 2 -1 -1 -1 -1 8 8 
-1 -1 -1 -1 -1 -1 1 1 -1 -1 2 2 2 2 -1 -1 8 8 8 -1 
-1 -1 -1 -1 -1 -1 -1 -1 1 -1 8 8 2 8 -1 1 8 8 8 8 
-1 -1 -1 2 -1 -1 -1 -1 -1 -1 8 8 -1 8 1 -1 8 8 8 8 
-1 -1 2 -1 -1 -1 -1 -1 2 8 -1 -1 -1 -1 -1 1 -1 -1 -1 8 
-1 -1 -1 -1 -1 -1 -1 -1 -1 8 -1 -1 -1 -1 1 1 -1 -1 -1 -1 
-1 -1 -1 -1 -1 -1 -1 -1 8 8 8 -1 -1 -1 1 1 1 -1 -1 -1 
-1 -1 -1 -1 -1 -1 -1 -1 -1 -1 1 1 1 -1 1 1 1 1 -1 -1 
-1 -1 -1 -1 -1 8 -1 -1 -1 -1 -1 -1 1 -1 1 1 1 -1 -1 -1 
-1 2 -1 2 6 -1 2 -1 1 -1 -1 -1 1 2 -1 -1 -1 2 -1 -1 
2 -1 6 6 -1 6 2 -1 -1 7 -1 -1 -1 2 2 -1 2 -1 -1 2 
2 2 -1 7 7 7 7 2 7 -1 -1 -1 -1 -1 2 2 -1 -1 2 -1 
-1 -1 -1 -1 7 7 7 7 7 -1 -1 -1 -1 -1 -1 2 2 -1 2 -1 
6 -1 2 7 7 7 7 7 2 2 -1 -1 -1 -1 2 -1 -1 2 -1 6 
6 -1 -1 7 -1 -1 -1 2 -1 2 -1 -1 -1 -1 -1 -1 -1 6 6 6 
-1 -1 -1 -1 -1 -1 -1 -1 -1 -1 -1 -1 -1 -1 -1 6 6 6 6 6 
6 6 -1 -1 -1 -1 -1 -1 -1 -1 -1 -1 -1 -1 -1 -1 6 6 6 6 
6 -1 -1 -1 -1 -1 -1 -1 -1 -1 -1 -1 -1 -1 -1 -1 -1 -1 6 -1 
6 6 8 -1 -1 -1 -1 -1 -1 -1 -1 -1 -1 -1 -1 -1 2 -1 -1 6 
6 6 6 -1 -1 -1 -1 -1 -1 -1 -1 -1 -1 -1 -1 2 1 1 -1 -1 
-1 6 6 -1 -1 -1 1 1 1 -1 -1 -1 -1 -1 -1 -1 1 6 -1 6 
-1 6 6 -1 -1 -1 -1 -1 -1 -1 -1 -1 -1 -1 -1 -1 -1 -1 6 -1 
-1 -1 -1 -1 -1 -1 -1 -1 -1 -1 -1 -1 -1 -1 -1 -1 -1 -1 6 -1 
-1 1 -1 -1 -1 -1 -1 -1 -1 -1 -1 -1 -1 -1 -1 -1 -1 -1 6 -1 
-1 1 1 -1 -1 -1 -1 -1 -1 -1 -1 -1 -1 -1 -1 -1 -1 -1 -1 -1 
-1 1 -1 -1 -1 -1 -1 -1 -1 -1 -1 -1 -1 -1 -1 -1 6 -1 -1 -1 
-1 1 -1 -1 -1 -1 -1 -1 -1 -1 -1 -1 -1 2 -1 2 -1 -1 -1 -1 
-1 -1 -1 -1 -1 -1 -1 -1 -1 -1 -1 -1 -1 2 2 -1 2 -1 -1 -1 
-1 -1 2 6 6 -1 -1 1 1 1 -1 -1 -1 2 2 2 -1 2 -1 -1 
6 -1 6 -1 -1 -1 -1 7 2 7 7 7 7 7 7 7 -1 -1 -1 -1 
-1 6 -1 6 -1 -1 -1 2 7 2 -1 2 -1 -1 4 4 4 -1 -1 -1 
-1 -1 -1 -1 -1 -1 -1 2 -1 -1 -1 2 4 -1 -1 7 -1 -1 -1 -1 
-1 -1 -1 -1 -1 -1 -1 -1 -1 -1 4 -1 4 4 -1 -1 -1 -1 -1 -1 
-1 40 40 -1 -1 -1 -1 -1 -1 -1 -1 -1 -1 4 -1 -1 -1 -1 -1 -1 
40 40 -1 -1 -1 -1 -1 -1 -1 -1 -1 -1 4 -1 -1 -1 -1 2 -1 -1 
-1 1 -1 -1 -1 -1 -1 -1 -1 6 -1 -1 -1 -1 -1 -1 -1 2 -1 -1 
1 1 1 -1 -1 -1 -1 -1 6 6 6 6 6 4 -1 1 1 -1 -1 40 
-1 1 1 -1 -1 -1 -1 1 1 6 6 6 4 4 -1 1 1 -1 -1 40 
-1 -1 -1 -1 -1 6 6 -1 -1 6 6 4 -1 1 1 1 1 -1 -1 -1 
-1 -1 -1 -1 -1 -1 6 6 6 6 6 6 -1 1 -1 1 -1 -1 -1 -1 
-1 -1 -1 -1 -1 -1 6 6 6 6 6 6 6 1 1 -1 -1 -1 -1 -1 
-1 -1 -1 -1 6 6 6 6 6 6 6 6 -1 -1 1 1 1 6 -1 -1 
-1 -1 -1 1 6 6 6 6 6 6 6 6 1 1 1 1 1 -1 -1 -1 
-1 -1 -1 1 -1 6 6 6 6 6 7 1 6 6 1 -1 1 -1 -1 -1 
-1 -1 -1 1 -1 -1 -1 6 -1 6 7 -1 -1 -1 -1 1 1 1 -1 -1 
-1 -1 -1 -1 1 -1 6 -1 6 6 -1 7 7 -1 -1 -1 -1 -1 -1 -1 
-1 -1 -1 1 1 -1 -1 -1 7 7 7 7 6 6 -1 -1 -1 -1 -1 -1 
-1 -1 -1 -1 1 1 -1 7 -1 7 7 -1 -1 4 -1 -1 -1 -1 -1 -1 
-1 -1 -1 6 -1 -1 -1 -1 7 -1 -1 7 -1 7 7 7 -1 -1 -1 -1 
2 -1 7 7 7 40 -1 8 40 -1 1 1 1 2 2 2 -1 2 2 -1 
-1 6 6 7 7 40 40 40 40 -1 -1 -1 -1 1 2 2 -1 -1 2 2 
-1 7 7 7 40 7 -1 40 -1 -1 -1 6 1 -1 -1 -1 -1 -1 -1 2 
2 2 2 2 -1 -1 -1 -1 -1 -1 -1 6 -1 -1 -1 -1 1 -1 2 2 
2 2 2 2 8 8 -1 -1 -1 8 8 8 -1 -1 -1 -1 1 2 2 2 
2 2 2 2 -1 8 8 -1 -1 -1 8 2 2 -1 -1 6 -1 2 2 2 
8 8 -1 -1 -1 8 8 8 -1 8 8 8 2 2 -1 6 6 -1 2 8 
8 -1 -1 -1 -1 4 -1 -1 8 4 4 6 -1 -1 -1 6 6 -1 2 2 
-1 8 -1 -1 -1 -1 4 8 -1 4 -1 6 -1 6 -1 6 1 2 2 2 
2 -1 -1 -1 -1 -1 -1 -1 4 4 4 6 6 6 6 2 2 -1 -1 2 
-1 -1 -1 -1 -1 -1 -1 4 4 -1 6 -1 -1 -1 6 1 -1 2 2 2 
-1 -1 -1 -1 2 4 4 4 4 -1 -1 -1 -1 -1 1 1 -1 -1 -1 -1 
-1 -1 -1 2 2 -1 -1 -1 4 -1 -1 -1 -1 -1 -1 -1 -1 -1 -1 -1 
-1 -1 -1 -1 2 2 -1 -1 4 -1 -1 -1 -1 -1 -1 -1 -1 -1 -1 -1 
-1 -1 -1 -1 4 -1 -1 -1 -1 -1 1 -1 -1 -1 -1 -1 -1 -1 -1 -1 
-1 -1 -1 4 -1 -1 -1 -1 -1 -1 -1 1 -1 -1 -1 -1 -1 -1 -1 -1 
-1 -1 4 4 4 40 -1 -1 -1 -1 -1 -1 6 6 6 2 -1 -1 -1 -1 
-1 -1 -1 -1 -1 -1 -1 -1 -1 2 -1 6 -1 6 2 4 -1 -1 -1 -1 
-1 -1 -1 7 -1 -1 -1 -1 8 6 6 -1 1 -1 6 2 -1 -1 -1 -1 
-1 -1 -1 7 -1 40 8 8 40 -1 2 2 2 1 2 2 -1 -1 2 -1 
2 -1 2 -1 3 -1 2 -1 -1 -1 -1 -1 4 2 2 -1 -1 -1 -1 -1 
2 -1 2 2 3 3 -1 -1 -1 7 -1 -1 4 2 2 -1 -1 -1 -1 2 
2 2 -1 -1 4 4 -1 -1 7 3 -1 -1 -1 2 -1 4 -1 -1 -1 2 
-1 2 2 -1 4 4 -1 7 7 -1 3 3 -1 2 -1 -1 -1 -1 -1 1 
4 4 2 -1 8 -1 4 -1 4 7 -1 -1 -1 -1 -1 -1 -1 -1 1 1 
-1 4 -1 -1 8 8 -1 4 -1 7 -1 -1 -1 -1 -1 1 -1 -1 1 1 
4 -1 -1 -1 -1 -1 8 4 -1 -1 -1 -1 -1 -1 2 1 1 7 7 4 
4 -1 4 4 4 8 8 -1 -1 -1 -1 -1 -1 2 4 1 -1 7 4 -1 
-1 4 4 7 7 -1 -1 -1 1 -1 -1 -1 -1 1 1 4 -1 4 -1 -1 
-1 -1 -1 7 7 -1 -1 -1 -1 1 1 -1 -1 1 1 4 -1 4 4 4 
-1 -1 -1 7 -1 -1 -1 -1 -1 1 -1 -1 -1 1 -1 4 4 4 4 4 
-1 -1 -1 -1 -1 -1 -1 -1 -1 -1 -1 -1 -1 -1 -1 -1 4 4 4 4 
-1 -1 -1 -1 -1 -1 7 7 -1 -1 -1 -1 -1 -1 -1 -1 -1 -1 4 -1 
-1 -1 -1 -1 -1 7 7 7 7 -1 -1 -1 -1 -1 -1 -1 -1 -1 -1 -1 
-1 -1 -1 -1 -1 -1 7 7 7 7 -1 -1 -1 -1 -1 -1 2 -1 -1 -1 
-1 -1 1 -1 -1 -1 7 7 1 -1 7 -1 -1 -1 -1 -1 -1 2 2 2 
1 1 9 1 -1 -1 -1 9 -1 1 -1 -1 -1 -1 -1 -1 -1 2 2 2 
-1 -1 9 -1 9 -1 -1 -1 -1 2 -1 -1 -1 -1 -1 -1 -1 -1 -1 -1 
-1 -1 -1 9 9 -1 -1 -1 2 -1 -1 4 4 4 -1 -1 -1 -1 -1 -1 
-1 -1 -1 9 -1 -1 -1 2 2 -1 -1 -1 4 2 -1 -1 -1 -1 -1 -1 
4 2 2 -1 1 -1 1 1 1 1 1 -1 4 -1 -1 1 3 -1 3 3 
3 4 2 2 2 4 4 -1 1 1 -1 4 4 1 1 -1 -1 -1 -1 4 
4 -1 2 -1 -1 4 4 2 1 1 -1 4 -1 1 1 1 -1 -1 -1 2 
2 -1 -1 -1 -1 2 2 3 2 -1 -1 -1 -1 1 -1 1 1 -1 -1 4 
-1 -1 -1 -1 -1 -1 2 2 -1 4 -1 -1 -1 1 1 1 1 -1 4 -1 
8 -1 -1 -1 -1 -1 9 9 -1 4 -1 -1 1 1 1 1 1 2 2 8 
8 -1 3 -1 -1 -1 9 9 -1 4 -1 -1 1 -1 -1 -1 2 -1 2 8 
8 8 -1 -1 -1 -1 -1 4 -1 4 -1 -1 1 -1 -1 -1 -1 2 2 -1 
8 3 2 -1 -1 -1 -1 -1 4 4 4 -1 -1 -1 -1 -1 2 2 2 -1 
-1 2 -1 3 -1 -1 -1 4 -1 4 4 -1 4 -1 -1 -1 -1 8 -1 -1 
2 2 2 -1 -1 -1 4 -1 -1 4 -1 -1 4 4 -1 -1 8 2 8 2 
2 2 2 4 4 2 -1 -1 4 -1 -1 -1 4 4 8 8 -1 2 2 2 
2 2 2 4 -1 -1 -1 -1 -1 4 -1 -1 -1 -1 8 8 -1 -1 -1 2 
-1 2 4 -1 8 -1 -1 -1 7 -1 -1 -1 -1 -1 8 -1 -1 -1 -1 2 
-1 4 -1 -1 8 8 8 8 -1 7 -1 -1 -1 -1 2 2 8 8 -1 2 
-1 -1 8 8 8 8 8 8 -1 -1 -1 -1 -1 -1 2 2 8 -1 2 -1 
-1 2 8 8 1 -1 -1 1 1 -1 1 2 -1 -1 -1 -1 -1 -1 2 -1 
2 1 -1 -1 -1 1 -1 -1 1 1 -1 -1 -1 -1 -1 -1 -1 -1 2 -1 
2 2 -1 -1 -1 -1 1 1 -1 1 1 1 -1 4 -1 2 -1 2 2 -1 
3 2 -1 1 -1 -1 -1 1 -1 1 1 4 4 -1 -1 2 3 2 3 -1 
8 8 -1 -1 2 2 4 -1 -1 1 1 1 1 4 -1 -1 2 2 2 -1 
8 8 8 -1 2 -1 -1 4 -1 -1 1 1 1 1 4 2 -1 2 -1 8 
2 8 8 2 2 5 -1 -1 4 -1 -1 1 1 -1 -1 2 2 2 2 2 
8 8 8 2 2 5 -1 -1 -1 1 -1 -1 1 1 -1 -1 2 2 2 8 
8 8 8 2 2 -1 -1 -1 -1 -1 1 -1 -1 2 -1 8 8 2 8 -1 
2 8 8 8 2 2 -1 -1 -1 -1 -1 -1 2 2 -1 8 8 8 -1 8 
-1 2 2 8 8 10 -1 -1 -1 -1 -1 -1 -1 2 2 -1 8 8 8 2 
8 2 2 2 8 -1 -1 -1 2 2 -1 -1 -1 -1 8 -1 8 8 8 2 
-1 5 -1 -1 -1 -1 -1 -1 2 2 2 2 -1 -1 8 -1 -1 8 -1 8 
5 -1 -1 -1 -1 -1 -1 2 2 2 2 2 -1 -1 8 8 8 -1 -1 -1 
-1 -1 -1 -1 -1 -1 -1 2 2 2 -1 -1 2 8 8 8 8 8 8 -1 
-1 -1 -1 2 -1 -1 -1 -1 2 -1 -1 -1 -1 2 8 8 -1 8 8 -1 
-1 5 2 -1 -1 -1 -1 8 8 2 -1 1 2 2 8 8 8 -1 8 8 
-1 2 5 5 4 -1 2 8 1 1 1 2 2 2 2 -1 8 8 8 8 
8 5 5 2 2 4 2 1 1 1 1 1 2 2 4 -1 1 8 8 8 
-1 8 8 8 8 -1 8 -1 2 1 1 1 1 1 -1 1 2 9 8 8 
8 8 8 -1 -1 8 2 2 1 1 1 1 1 1 8 -1 -1 8 2 8 
-1 -1 8 2 -1 2 2 8 8 1 1 1 1 1 -1 -1 -1 -1 8 8 
8 8 2 2 2 2 -1 1 1 -1 1 1 1 1 -1 2 -1 -1 8 8 
8 8 8 2 2 2 -1 -1 1 1 1 1 1 1 -1 2 -1 -1 -1 8 
8 8 8 1 1 1 -1 2 2 2 4 4 -1 1 8 8 40 4 4 -1 
8 8 8 1 8 2 2 -1 -1 2 2 1 1 1 1 8 4 4 9 8 
8 8 -1 8 2 8 -1 -1 -1 2 4 1 1 40 1 4 -1 40 40 9 
-1 8 -1 4 8 -1 -1 9 2 2 2 9 8 40 -1 8 8 40 4 40 
4 4 8 -1 1 1 9 8 -1 2 8 8 40 8 8 8 8 8 4 8 
8 -1 -1 9 9 8 9 8 2 -1 9 9 -1 -1 8 8 8 8 8 8 
-1 8 4 -1 9 9 9 9 -1 -1 4 4 -1 8 -1 8 8 -1 -1 8 
8 8 -1 4 9 9 9 -1 -1 -1 4 -1 4 -1 -1 2 -1 8 8 8 
8 8 4 -1 9 9 8 -1 -1 -1 -1 -1 4 2 2 -1 -1 8 8 8 
4 8 -1 2 8 -1 -1 -1 -1 8 -1 -1 -1 -1 -1 -1 -1 8 4 4 
8 8 2 2 4 -1 -1 -1 -1 8 8 -1 -1 4 -1 -1 4 -1 40 8 
-1 8 8 9 9 4 -1 8 8 8 -1 8 8 4 4 4 -1 8 8 40 
8 8 8 8 -1 -1 8 8 -1 8 8 8 16 -1 4 4 4 8 -1 -1 
8 8 8 8 8 8 -1 8 8 8 -1 -1 16 -1 8 -1 4 8 8 6 
6 8 8 8 2 8 8 8 8 2 8 8 -1 16 16 8 4 8 8 40 
6 6 8 8 -1 2 8 2 -1 2 8 -1 8 16 8 8 8 4 40 40 
1 6 8 8 8 -1 2 2 2 2 8 8 8 8 8 8 40 8 4 1 
6 8 8 -1 1 1 2 -1 2 2 -1 8 -1 8 8 8 8 8 40 1 
1 -1 8 1 1 1 2 2 -1 8 4 -1 8 8 -1 -1 8 8 40 40 
40 8 8 1 1 -1 1 4 4 4 4 4 -1 8 8 8 8 40 1 40 
8 8 -1 -1 -1 -1 -1 -1 8 8 2 8 -1 8 1 1 -1 1 8 8 
8 8 8 2 2 2 -1 -1 8 2 2 2 -1 8 1 8 8 8 8 8 
8 8 -1 2 2 -1 -1 -1 -1 -1 2 4 4 8 -1 1 8 -1 8 8 
4 8 1 2 -1 -1 -1 2 -1 2 2 2 4 4 4 4 8 -1 8 4 
4 1 1 -1 2 -1 -1 2 2 2 2 2 2 4 8 8 8 4 4 4 
1 1 -1 4 2 -1 -1 -1 2 -1 4 4 -1 4 4 -1 8 4 4 -1 
1 1 4 -1 2 -1 -1 -1 -1 -1 4 4 -1 4 4 4 -1 9 4 4 
4 4 -1 -1 -1 -1 -1 -1 -1 4 4 4 4 4 4 4 4 9 4 4 
-1 4 2 5 5 -1 -1 -1 -1 -1 -1 -1 -1 -1 4 4 4 4 -1 4 
4 -1 -1 2 4 4 4 4 -1 4 -1 -1 4 2 4 4 4 4 4 -1 
-1 -1 -1 4 2 4 -1 4 4 4 4 2 4 -1 2 -1 4 1 1 -1 
-1 -1 -1 -1 4 1 4 4 4 4 2 4 2 2 2 1 1 -1 -1 -1 
4 -1 -1 4 1 4 4 4 4 4 2 4 4 1 1 1 1 -1 -1 -1 
-1 4 -1 4 4 4 4 4 4 -1 3 4 4 1 -1 1 1 1 -1 -1 
4 -1 -1 -1 -1 4 4 4 4 4 4 4 4 -1 -1 1 1 -1 8 -1 
1 1 -1 -1 -1 -1 -1 -1 -1 4 -1 8 8 4 -1 -1 -1 8 8 8 
8 1 -1 -1 2 -1 -1 -1 2 -1 8 8 4 4 -1 8 8 8 8 8 
-1 -1 2 2 2 -1 -1 2 2 8 -1 -1 8 8 8 8 8 -1 1 8 
-1 -1 -1 -1 -1 -1 -1 2 2 2 8 8 8 8 8 8 8 -1 8 8 
8 -1 -1 -1 -1 -1 -1 8 2 8 8 8 -1 8 8 8 1 -1 8 8 
-1 1 1 1 2 2 -1 -1 2 2 2 -1 -1 -1 -1 -1 4 4 4 4 
8 4 -1 -1 -1 -1 -1 -1 -1 -1 -1 1 -1 -1 -1 -1 -1 4 8 8 
8 -1 4 -1 8 -1 -1 -1 -1 -1 -1 -1 1 1 -1 -1 1 -1 8 8 
-1 4 -1 8 -1 5 -1 -1 -1 32 32 -1 1 1 -1 -1 -1 -1 -1 -1 
4 -1 4 8 5 -1 -1 -1 -1 32 -1 -1 9 -1 -1 1 1 -1 -1 1 
-1 4 -1 4 5 -1 -1 -1 -1 -1 -1 9 9 -1 -1 1 -1 1 4 1 
1 -1 -1 -1 4 -1 -1 -1 -1 1 -1 8 -1 -1 -1 4 1 -1 4 1 
-1 -1 -1 4 -1 4 -1 -1 -1 1 -1 1 -1 4 4 -1 -1 -1 1 1 
4 -1 -1 -1 -1 -1 -1 -1 1 1 1 1 4 1 1 1 -1 1 4 4 
-1 -1 -1 -1 -1 -1 -1 -1 1 1 1 -1 1 1 1 1 -1 -1 4 -1 
-1 -1 -1 -1 -1 -1 -1 1 -1 1 1 1 -1 -1 1 1 -1 4 -1 -1 
8 -1 -1 -1 -1 -1 -1 1 1 1 1 1 1 1 1 8 -1 -1 4 -1 
-1 8 8 8 8 8 8 8 -1 -1 1 1 1 1 -1 1 8 -1 1 8 
8 -1 8 8 8 8 8 8 8 1 4 1 1 1 -1 -1 4 1 -1 -1 
4 -1 8 8 8 8 8 8 1 8 4 4 1 -1 -1 -1 -1 4 4 4 
-1 4 8 8 8 8 -1 8 8 8 8 1 1 1 -1 1 -1 1 4 4 
4 8 8 8 8 -1 -1 8 8 8 8 8 1 1 1 -1 1 1 4 4 
4 8 8 8 -1 -1 -1 8 8 2 8 2 2 2 -1 -1 1 -1 4 8 
8 8 1 8 -1 -1 -1 -1 -1 2 2 -1 2 -1 -1 -1 -1 4 4 4 
4 -1 1 1 2 -1 -1 -1 -1 2 2 2 -1 -1 -1 -1 4 4 4 4 
8 8 8 -1 -1 -1 1 -1 9 8 9 1 1 -1 1 -1 -1 8 8 2 
2 2 -1 8 -1 -1 -1 1 8 9 9 1 1 1 -1 1 8 8 8 8 
2 2 2 -1 8 2 -1 8 -1 9 9 9 -1 -1 1 -1 -1 -1 8 -1 
2 -1 -1 -1 -1 2 2 -1 -1 -1 -1 -1 -1 -1 -1 -1 -1 -1 8 -1 
-1 -1 -1 2 2 -1 -1 -1 -1 -1 -1 -1 -1 -1 -1 -1 -1 -1 -1 2 
2 -1 2 -1 2 2 -1 -1 -1 -1 -1 8 -1 -1 -1 -1 -1 -1 8 2 
-1 -1 -1 -1 2 2 -1 -1 -1 1 8 8 8 -1 -1 -1 -1 8 -1 1 
1 -1 -1 -1 -1 -1 -1 -1 1 1 8 -1 -1 8 -1 -1 -1 -1 -1 1 
2 1 1 2 2 2 -1 2 2 1 1 1 -1 -1 -1 -1 -1 -1 -1 -1 
-1 -1 4 1 2 2 2 -1 -1 1 1 -1 -1 -1 -1 -1 -1 -1 -1 1 
1 1 2 2 2 2 -1 8 8 8 1 -1 -1 2 9 -1 -1 -1 1 1 
1 1 -1 8 8 8 8 8 8 8 1 2 2 2 1 1 9 -1 1 9 
1 -1 -1 8 8 8 8 8 8 8 -1 -1 8 2 2 2 8 8 9 9 
8 -1 8 8 8 -1 -1 8 -1 -1 8 -1 2 2 2 2 8 1 8 9 
8 8 8 8 8 8 8 -1 -1 2 -1 2 2 -1 9 -1 8 8 8 8 
1 8 8 8 8 8 8 8 -1 -1 2 2 2 2 8 8 -1 8 8 1 
1 8 8 8 8 8 8 -1 8 2 8 8 8 2 8 1 8 1 1 1 
-1 1 8 -1 8 8 -1 8 2 8 8 8 8 8 1 8 8 8 8 1 
8 1 8 8 2 1 1 2 9 9 9 9 8 8 8 8 8 8 -1 8 
8 -1 8 8 2 2 1 9 -1 9 9 9 8 1 8 -1 8 8 -1 8 
-1 2 8 8 -1 2 2 2 2 2 2 2 2 2 2 -1 -1 11 -1 11 
10 10 10 -1 2 2 2 -1 2 2 2 2 2 2 2 2 -1 -1 11 11 
11 10 -1 -1 -1 2 2 2 -1 2 -1 2 2 2 -1 -1 -1 -1 -1 11 
10 10 10 10 10 10 -1 2 2 2 2 -1 2 2 -1 -1 2 2 2 -1 
10 10 10 10 3 10 10 2 2 2 2 2 2 -1 2 2 -1 2 2 -1 
-1 10 10 8 10 1 10 2 2 -1 -1 2 -1 2 2 -1 2 2 2 2 
-1 8 8 1 1 8 1 1 1 1 -1 -1 -1 -1 2 -1 -1 -1 -1 2 
-1 2 8 -1 1 8 1 8 1 -1 -1 1 -1 -1 1 2 2 -1 8 -1 
2 2 -1 10 8 1 10 8 -1 1 1 1 1 1 2 2 2 8 -1 -1 
-1 -1 10 2 -1 10 -1 -1 1 1 1 1 1 2 1 2 2 2 -1 -1 
-1 -1 10 -1 10 10 -1 -1 1 1 1 1 1 1 1 2 2 2 -1 -1 
-1 -1 -1 10 10 10 10 -1 -1 1 1 1 2 2 4 1 2 -1 2 -1 
3 5 -1 -1 -1 10 -1 10 2 2 2 1 2 2 2 2 1 5 -1 -1 
5 5 5 -1 -1 -1 -1 -1 2 2 -1 1 -1 2 2 4 5 5 5 5 
-1 4 4 8 -1 -1 -1 2 2 2 2 -1 2 -1 2 2 1 5 5 5 
5 5 8 8 8 -1 -1 2 2 2 2 -1 2 5 2 5 8 8 8 5 
5 8 8 8 8 2 2 2 2 2 2 2 5 2 -1 2 8 8 8 8 
8 -1 8 2 -1 2 2 2 2 -1 2 -1 2 5 2 -1 -1 -1 8 8 
-1 8 -1 -1 2 2 2 2 2 -1 -1 2 2 2 -1 -1 -1 -1 -1 8 
8 8 8 2 2 2 2 2 2 2 2 2 2 -1 -1 2 -1 -1 -1 11 
-1 8 8 -1 1 -1 8 8 -1 -1 8 -1 -1 -1 -1 -1 2 2 2 -1 
-1 -1 8 8 -1 8 -1 8 8 -1 -1 -1 2 2 -1 -1 2 2 2 2 
-1 -1 -1 -1 -1 -1 8 8 8 -1 2 2 2 2 2 8 2 2 2 -1 
-1 -1 -1 -1 -1 -1 8 8 1 2 2 2 2 2 2 -1 -1 8 -1 -1 
-1 8 8 -1 -1 -1 -1 -1 1 1 2 2 8 8 8 -1 2 2 8 -1 
-1 8 8 -1 -1 -1 -1 -1 -1 1 -1 8 8 8 8 8 2 8 8 -1 
-1 8 8 8 -1 -1 -1 -1 -1 -1 2 -1 8 8 8 -1 8 8 2 -1 
8 -1 8 -1 -1 -1 1 1 -1 2 8 8 -1 8 -1 8 -1 2 2 2 
8 -1 -1 2 2 -1 2 2 2 -1 2 8 -1 -1 8 -1 2 2 8 8 
8 8 8 2 2 2 2 2 -1 2 -1 -1 8 8 8 8 -1 2 8 8 
8 8 8 -1 8 2 9 -1 -1 8 -1 8 8 8 8 8 8 8 -1 8 
8 8 -1 -1 -1 -1 2 1 1 8 8 8 8 -1 -1 8 8 -1 8 8 
8 -1 8 -1 -1 -1 8 8 8 8 8 8 -1 -1 8 -1 8 8 8 -1 
8 -1 8 8 8 8 -1 8 8 8 8 8 -1 8 8 -1 -1 8 8 8 
-1 8 8 8 8 -1 8 8 8 8 8 8 3 8 8 2 8 -1 8 8 
-1 8 8 8 -1 8 8 8 8 8 8 4 4 2 4 4 2 8 2 2 
-1 -1 -1 8 8 1 8 -1 -1 -1 4 8 4 4 4 2 2 8 -1 -1 
-1 8 10 8 8 1 1 -1 8 8 8 8 -1 -1 1 2 2 8 8 -1 
8 8 -1 8 1 1 1 8 -1 8 8 8 -1 -1 -1 -1 8 -1 -1 8 
8 8 1 4 1 1 1 8 8 -1 8 -1 -1 -1 -1 -1 -1 -1 2 -1 
-1 -1 -1 -1 -1 -1 -1 -1 2 2 2 2 2 8 2 1 1 -1 -1 2 
-1 -1 2 2 -1 -1 -1 -1 -1 2 2 2 8 40 40 2 -1 -1 1 -1 
1 -1 2 -1 -1 -1 2 -1 -1 2 40 2 8 2 40 -1 -1 -1 -1 -1 
1 -1 -1 -1 -1 1 2 2 -1 -1 2 40 -1 40 2 -1 -1 -1 -1 -1 
-1 -1 -1 -1 2 2 1 -1 2 2 2 8 40 40 -1 -1 -1 -1 -1 -1 
-1 -1 -1 -1 -1 1 -1 -1 -1 -1 2 2 40 -1 -1 -1 -1 -1 -1 -1 
1 1 1 -1 -1 -1 -1 -1 2 2 -1 -1 2 2 -1 1 1 -1 -1 -1 
1 -1 -1 -1 -1 -1 -1 -1 2 -1 -1 -1 1 2 1 1 2 -1 -1 -1 
-1 -1 -1 -1 -1 -1 -1 2 2 2 2 2 1 1 1 1 2 2 1 1 
1 -1 -1 -1 -1 -1 -1 -1 2 2 2 2 2 2 1 1 1 -1 2 1 
8 -1 -1 -1 8 8 8 8 -1 2 2 2 -1 1 -1 1 1 1 -1 -1 
8 8 8 -1 -1 8 8 2 2 2 2 2 2 2 2 1 1 1 1 8 
-1 -1 1 1 1 8 -1 8 2 2 2 2 -1 2 2 1 -1 1 8 8 
8 8 8 1 1 1 1 8 1 2 2 -1 2 1 1 -1 2 2 2 8 
8 8 8 1 8 1 1 1 1 1 2 1 1 1 2 1 8 8 2 8 
8 8 8 8 8 1 1 1 1 1 -1 1 1 2 1 -1 1 8 8 8 
-1 8 8 8 2 2 -1 1 1 1 1 1 1 1 2 8 8 2 -1 -1 
-1 -1 8 8 2 2 -1 1 1 -1 -1 1 1 1 -1 8 8 8 2 6 
2 2 2 2 -1 -1 -1 2 1 2 1 -1 1 1 2 2 8 2 2 2 
-1 -1 2 -1 -1 -1 2 2 2 1 2 2 1 2 1 2 1 1 2 2 
2 2 -1 -1 2 8 8 40 8 8 -1 1 -1 1 2 2 2 1 -1 -1 
-1 -1 -1 2 2 8 -1 -1 -1 -1 1 1 -1 2 -1 2 1 8 -1 -1 
-1 2 2 2 2 -1 -1 -1 -1 8 -1 2 2 -1 2 1 -1 8 -1 -1 
2 2 2 -1 -1 -1 -1 -1 -1 -1 8 8 -1 1 1 1 -1 8 -1 -1 
-1 -1 2 8 1 1 -1 -1 8 8 -1 8 2 2 1 1 1 8 -1 -1 
-1 -1 2 -1 1 -1 -1 8 1 8 8 -1 -1 2 1 1 1 1 -1 -1 
-1 -1 2 1 -1 -1 -1 -1 -1 8 2 2 8 2 2 -1 -1 -1 -1 -1 
-1 -1 -1 8 8 -1 -1 -1 -1 8 2 8 8 2 -1 2 1 -1 -1 -1 
1 1 1 -1 8 8 8 8 8 8 8 2 2 2 2 2 2 -1 -1 1 
1 1 -1 8 -1 -1 8 8 8 8 1 2 2 2 2 2 1 1 1 1 
-1 1 -1 40 8 8 8 8 8 1 2 2 2 1 2 2 2 1 -1 -1 
8 1 40 40 8 2 8 -1 1 1 1 8 1 1 3 -1 -1 -1 8 2 
2 8 40 -1 8 2 8 1 1 1 8 1 1 1 1 -1 -1 -1 -1 2 
8 8 8 -1 -1 8 1 1 1 1 1 1 1 -1 -1 -1 -1 1 1 2 
2 8 -1 8 -1 8 8 8 8 1 -1 1 -1 -1 1 1 1 1 1 1 
1 -1 8 8 8 -1 8 8 8 1 1 2 -1 -1 -1 -1 1 1 2 2 
2 -1 -1 8 8 8 8 8 2 -1 2 4 1 1 1 -1 1 1 2 2 
2 2 -1 8 2 8 8 8 8 2 2 1 2 2 2 1 1 -1 -1 2 
2 -1 2 2 8 -1 8 8 8 8 2 40 2 1 2 1 1 1 -1 2 
2 2 2 -1 -1 8 8 8 40 8 8 2 1 1 -1 2 2 2 -1 -1 
40 2 2 1 3 3 40 8 8 -1 -1 -1 40 40 -1 -1 40 6 40 8 
40 2 2 -1 -1 -1 -1 8 -1 -1 40 40 -1 -1 9 40 9 -1 6 40 
-1 2 -1 -1 -1 -1 -1 -1 3 -1 -1 40 40 -1 9 40 7 9 40 40 
2 2 -1 -1 -1 -1 -1 3 -1 -1 40 40 -1 -1 40 2 7 3 7 2 
3 9 3 -1 -1 -1 -1 3 2 -1 40 -1 -1 2 2 2 -1 40 7 4 
9 -1 9 -1 -1 -1 -1 3 3 2 -1 2 4 2 2 2 -1 -1 4 3 
-1 9 -1 -1 -1 -1 -1 -1 8 3 2 2 4 2 2 2 -1 2 -1 3 
-1 9 -1 -1 1 -1 -1 -1 -1 -1 3 3 3 1 2 2 2 -1 -1 -1 
-1 -1 -1 -1 1 1 1 1 -1 -1 -1 -1 -1 2 -1 2 1 1 1 -1 
-1 2 2 2 2 1 1 1 2 2 2 -1 2 2 1 1 2 1 -1 -1 
2 -1 2 6 2 -1 -1 -1 2 2 -1 -1 2 2 2 1 1 2 1 2 
2 2 2 2 -1 2 -1 2 2 -1 -1 -1 -1 2 2 2 1 2 2 -1 
2 2 -1 -1 2 -1 2 2 -1 -1 -1 -1 -1 2 2 1 -1 40 2 2 
2 -1 2 -1 2 -1 2 -1 -1 -1 -1 2 -1 2 2 2 2 2 2 2 
2 2 -1 2 -1 4 -1 2 2 2 2 2 2 40 -1 2 2 2 2 2 
40 2 2 -1 -1 4 9 -1 2 2 2 2 2 8 8 -1 -1 2 -1 2 
2 -1 2 -1 -1 9 4 2 8 40 2 2 8 2 -1 -1 -1 40 40 40 
2 -1 -1 8 8 9 1 9 8 8 2 2 -1 -1 -1 -1 -1 9 -1 -1 
40 2 -1 8 8 -1 -1 1 40 40 -1 -1 -1 -1 8 40 9 40 -1 40 
40 2 2 2 -1 1 40 1 40 -1 -1 -1 40 8 -1 -1 40 40 40 8 
-1 -1 -1 -1 -1 1 -1 -1 -1 -1 2 1 2 2 2 -1 -1 -1 -1 -1 
-1 -1 -1 -1 -1 1 1 1 -1 -1 1 2 1 2 1 -1 -1 -1 -1 -1 
-1 -1 -1 -1 -1 -1 -1 1 1 1 -1 2 2 -1 -1 1 1 -1 -1 -1 
1 -1 -1 -1 -1 -1 -1 2 1 -1 1 1 1 -1 2 1 9 1 1 -1 
-1 1 -1 -1 -1 -1 -1 -1 1 -1 1 1 2 2 2 2 9 1 1 -1 
40 8 40 2 -1 -1 -1 3 3 -1 -1 1 1 2 -1 1 1 -1 -1 40 
40 8 8 8 -1 -1 2 -1 3 -1 -1 -1 1 1 1 -1 1 40 1 -1 
8 8 40 -1 -1 2 2 3 -1 3 -1 1 1 1 -1 -1 -1 -1 8 40 
8 8 -1 -1 2 2 2 -1 -1 -1 1 2 1 1 -1 -1 -1 40 40 8 
40 -1 8 -1 -1 -1 9 -1 -1 1 1 1 1 1 1 -1 -1 8 40 40 
40 -1 -1 -1 -1 9 8 8 9 1 9 1 -1 -1 1 -1 -1 -1 8 -1 
-1 -1 -1 -1 -1 8 8 -1 9 9 9 -1 -1 1 -1 -1 -1 8 -1 -1 
9 -1 -1 9 8 8 -1 9 -1 -1 -1 -1 -1 -1 -1 -1 -1 -1 -1 -1 
-1 -1 -1 9 -1 8 9 2 2 -1 -1 -1 -1 -1 -1 -1 -1 -1 -1 -1 
-1 -1 -1 -1 9 -1 9 2 2 -1 -1 -1 -1 -1 1 -1 -1 -1 -1 -1 
-1 -1 -1 -1 9 -1 -1 -1 -1 -1 -1 -1 -1 -1 1 1 -1 -1 8 -1 
-1 -1 -1 -1 -1 -1 -1 -1 -1 -1 -1 -1 -1 1 -1 1 2 -1 -1 8 
-1 -1 -1 -1 -1 -1 -1 -1 -1 -1 -1 -1 2 -1 2 2 -1 -1 8 8 
-1 -1 -1 -1 -1 1 1 -1 -1 -1 2 -1 -1 2 2 2 2 -1 -1 8 
-1 -1 -1 -1 1 -1 1 -1 -1 -1 2 2 2 2 2 2 -1 -1 -1 -1 
2 2 2 2 2 2 1 1 -1 2 -1 2 -1 -1 4 -1 -1 2 2 2 
-1 2 2 -1 2 2 1 -1 2 -1 2 -1 -1 -1 -1 -1 -1 -1 2 -1 
-1 -1 -1 2 -1 -1 -1 -1 -1 -1 -1 -1 -1 -1 -1 -1 -1 -1 2 -1 
-1 -1 -1 -1 -1 1 -1 -1 -1 -1 -1 -1 -1 -1 -1 -1 -1 -1 -1 -1 
-1 -1 -1 -1 -1 1 1 1 1 1 1 -1 -1 -1 -1 -1 -1 -1 -1 -1 
-1 -1 -1 -1 -1 -1 1 1 -1 1 1 -1 -1 -1 -1 -1 -1 -1 -1 -1 
4 -1 -1 -1 -1 -1 -1 -1 -1 -1 2 -1 -1 -1 -1 -1 -1 2 2 1 
4 2 1 1 1 -1 -1 -1 2 2 2 -1 -1 -1 -1 -1 -1 2 1 -1 
2 -1 2 2 -1 -1 -1 -1 2 2 2 -1 -1 -1 -1 -1 -1 -1 -1 -1 
2 -1 1 2 1 -1 -1 -1 2 2 2 2 -1 -1 -1 -1 -1 -1 -1 -1 
-1 -1 -1 -1 -1 -1 -1 -1 -1 -1 2 2 -1 2 -1 -1 -1 -1 -1 -1 
-1 -1 1 -1 -1 -1 -1 -1 -1 -1 -1 -1 2 2 -1 -1 -1 -1 -1 -1 
-1 -1 -1 -1 -1 -1 -1 -1 -1 -1 -1 -1 -1 -1 -1 -1 -1 -1 -1 -1 
-1 -1 -1 -1 -1 -1 -1 -1 -1 -1 -1 -1 -1 -1 -1 -1 -1 -1 -1 -1 
-1 -1 -1 -1 -1 -1 -1 -1 -1 -1 -1 -1 -1 -1 -1 -1 -1 -1 -1 -1 
-1 -1 -1 -1 -1 2 -1 8 8 -1 1 1 1 -1 1 1 1 -1 -1 -1 
-1 2 2 -1 -1 2 2 2 2 -1 2 2 -1 -1 1 -1 -1 1 -1 -1 
2 2 2 2 2 2 2 2 2 -1 2 2 2 1 -1 -1 -1 -1 -1 2 
2 2 2 2 2 2 2 1 1 2 -1 2 2 -1 -1 -1 -1 -1 2 2 
2 2 2 2 2 2 2 1 1 1 2 2 -1 -1 -1 -1 -1 -1 2 2 
8 8 8 -1 -1 2 2 2 -1 -1 -1 -1 -1 -1 -1 -1 -1 -1 -1 -1 
-1 8 8 8 -1 2 2 -1 -1 -1 -1 -1 -1 -1 -1 -1 -1 -1 -1 8 
-1 8 -1 2 8 2 2 2 -1 -1 -1 -1 -1 -1 -1 1 -1 -1 -1 -1 
-1 -1 2 8 -1 1 -1 2 2 2 -1 2 2 -1 -1 -1 1 -1 -1 -1 
1 2 2 1 1 1 1 1 -1 2 2 2 2 -1 -1 -1 -1 1 -1 -1 
4 -1 4 -1 1 1 1 1 2 2 -1 2 -1 -1 -1 -1 1 1 1 1 
4 4 2 -1 -1 1 1 1 2 2 -1 2 8 -1 -1 1 1 1 1 4 
4 2 -1 -1 -1 1 1 -1 1 -1 -1 2 1 -1 -1 8 1 1 1 4 
2 -1 -1 -1 -1 -1 -1 1 -1 -1 -1 -1 1 -1 1 1 2 1 1 -1 
2 -1 1 -1 -1 -1 -1 1 -1 -1 -1 -1 1 1 1 1 2 2 2 2 
1 1 1 -1 -1 -1 8 -1 -1 -1 -1 8 8 1 1 1 1 1 2 2 
-1 1 -1 -1 -1 8 8 1 -1 8 8 2 8 -1 1 1 1 2 2 -1 
-1 -1 1 -1 -1 -1 8 1 8 8 8 2 -1 1 1 1 1 1 2 2 
-1 -1 -1 -1 -1 8 -1 8 8 8 8 8 2 2 -1 1 1 -1 -1 -1 
-1 -1 -1 -1 8 8 8 8 8 8 8 2 2 2 -1 -1 -1 1 -1 -1 
-1 -1 -1 -1 -1 8 -1 8 -1 2 2 2 2 2 -1 -1 -1 -1 -1 -1 
-1 -1 2 1 -1 -1 -1 -1 8 8 8 8 -1 2 2 2 -1 -1 -1 -1 
-1 8 -1 1 1 -1 -1 8 8 8 8 -1 -1 -1 -1 2 2 -1 -1 -1 
8 8 8 -1 -1 -1 -1 -1 -1 8 8 -1 -1 -1 -1 2 -1 -1 -1 -1 
8 8 8 -1 -1 -1 2 2 8 8 8 8 -1 -1 -1 -1 -1 -1 -1 -1 
1 1 1 1 1 1 1 8 -1 4 4 4 -1 4 4 4 8 -1 8 1 
-1 -1 1 1 -1 4 -1 1 1 1 4 -1 -1 8 4 8 8 -1 8 8 
-1 1 2 4 4 -1 2 -1 1 1 1 4 -1 -1 4 8 8 -1 8 8 
1 1 -1 4 4 4 2 1 8 1 1 1 4 4 -1 8 -1 8 -1 -1 
-1 -1 -1 4 -1 -1 -1 1 1 1 1 4 4 4 4 -1 -1 -1 -1 -1 
-1 -1 -1 -1 -1 -1 -1 1 1 4 4 4 4 4 4 -1 -1 -1 -1 -1 
1 -1 -1 2 -1 -1 4 1 8 1 4 4 4 4 4 4 4 -1 -1 -1 
1 1 -1 2 -1 -1 4 4 8 4 4 4 4 4 4 4 4 -1 1 1 
1 -1 1 4 4 4 4 -1 -1 -1 4 4 4 4 4 -1 -1 -1 -1 1 
1 1 1 -1 4 4 -1 -1 4 4 4 -1 4 -1 2 -1 -1 8 -1 -1 
1 1 -1 -1 2 4 4 -1 4 4 4 4 1 2 2 8 8 8 8 8 
8 -1 -1 2 -1 -1 4 4 4 4 4 4 -1 1 8 8 8 8 8 8 
8 -1 -1 -1 2 4 2 4 4 4 4 4 -1 8 -1 8 8 8 8 8 
-1 -1 2 2 2 2 -1 4 8 4 4 4 1 -1 4 4 4 8 -1 -1 
-1 -1 2 8 8 8 4 4 4 8 -1 4 4 4 -1 8 8 8 8 8 
8 8 8 8 8 8 -1 8 4 4 4 8 4 -1 8 8 8 8 8 1 
8 1 1 8 1 -1 -1 -1 4 4 4 8 8 1 8 8 8 8 1 1 
-1 1 1 1 -1 8 8 8 8 4 8 8 4 4 4 8 -1 8 -1 -1 
1 1 -1 8 8 8 8 8 8 4 4 4 4 4 8 -1 8 -1 8 8 
-1 1 1 1 8 8 8 2 8 4 4 4 4 8 8 8 8 -1 8 1 
1 1 1 1 5 -1 4 -1 -1 1 -1 8 1 8 1 1 1 8 8 8 
8 1 1 1 -1 1 1 -1 2 1 1 -1 1 8 1 1 1 8 8 8 
2 1 1 1 1 1 1 1 1 1 1 4 8 1 1 1 1 8 8 1 
1 1 -1 1 1 8 -1 1 2 1 1 4 4 1 1 8 -1 -1 1 1 
1 1 1 1 8 1 -1 2 1 2 1 1 4 4 8 1 1 1 1 1 
-1 -1 4 1 8 2 2 2 1 1 1 1 1 1 -1 -1 1 -1 1 -1 
-1 -1 4 2 1 2 2 2 -1 2 4 1 1 1 -1 -1 -1 1 -1 -1 
-1 4 4 4 4 2 2 -1 4 2 -1 4 1 -1 -1 -1 -1 2 -1 -1 
-1 -1 4 -1 4 2 2 2 4 -1 4 -1 -1 -1 -1 -1 2 -1 8 -1 
-1 4 4 4 4 4 2 2 -1 -1 -1 4 4 -1 -1 2 4 2 -1 -1 
-1 -1 4 -1 4 -1 2 2 -1 4 -1 -1 -1 -1 -1 4 2 -1 -1 -1 
-1 4 1 4 1 -1 2 2 -1 -1 4 -1 -1 -1 -1 -1 -1 -1 -1 -1 
-1 4 4 -1 -1 4 -1 2 2 2 -1 -1 -1 1 -1 -1 -1 -1 -1 -1 
4 1 4 4 4 4 4 2 -1 -1 -1 -1 1 -1 -1 -1 2 -1 -1 1 
1 4 4 4 4 4 4 2 2 4 -1 -1 1 1 -1 -1 -1 2 -1 -1 
4 -1 4 4 -1 4 4 4 4 -1 2 1 -1 1 1 1 -1 8 -1 -1 
4 4 4 4 4 1 4 4 4 4 1 1 1 1 1 8 -1 -1 8 8 
8 -1 1 -1 4 4 1 1 -1 1 4 1 1 8 1 4 1 -1 8 4 
4 4 -1 5 5 1 4 1 4 2 4 1 8 8 1 8 1 1 8 8 
2 1 2 2 1 1 4 4 4 4 4 -1 8 2 1 1 1 1 4 1 
4 4 -1 -1 4 -1 4 4 4 -1 6 6 4 6 6 6 8 4 4 4 
4 4 4 -1 -1 -1 4 4 -1 -1 -1 4 6 6 8 6 8 4 -1 1 
4 4 2 -1 -1 -1 4 4 4 4 4 -1 -1 6 6 8 8 4 1 -1 
-1 4 4 -1 -1 -1 4 4 -1 -1 -1 4 -1 8 6 8 -1 1 1 4 
4 4 1 4 -1 4 4 -1 4 -1 -1 -1 -1 8 8 8 4 4 -1 4 
4 1 -1 1 -1 -1 4 -1 2 -1 -1 -1 -1 -1 8 4 4 4 -1 -1 
1 4 4 2 -1 2 -1 -1 -1 2 -1 -1 -1 8 8 -1 -1 4 4 1 
1 1 4 2 2 -1 -1 -1 -1 -1 2 -1 -1 4 -1 4 -1 4 4 4 
2 4 2 2 -1 -1 -1 -1 2 -1 4 4 -1 -1 4 -1 4 4 -1 4 
2 -1 5 2 2 -1 2 -1 2 -1 4 -1 1 -1 4 4 -1 -1 4 4 
2 2 2 5 2 2 -1 -1 4 4 1 1 1 1 4 -1 4 4 -1 2 
2 2 -1 5 -1 2 -1 4 -1 4 1 1 1 4 4 4 -1 4 4 2 
5 5 5 8 8 2 2 2 4 4 4 1 4 1 4 4 4 -1 2 -1 
5 5 5 -1 8 8 2 4 2 2 4 4 4 -1 4 -1 4 4 2 -1 
2 -1 2 2 1 1 4 2 4 2 2 4 1 1 1 1 4 4 4 2 
2 2 4 4 4 -1 1 4 4 2 2 4 4 -1 -1 1 1 4 -1 2 
2 2 4 -1 -1 1 4 4 4 4 4 -1 4 4 4 4 1 -1 4 2 
4 4 4 -1 4 -1 2 2 4 4 4 4 4 4 4 4 1 1 4 2 
4 4 4 4 4 2 4 4 4 4 4 -1 4 -1 -1 1 1 1 -1 4 
4 4 4 -1 4 4 2 -1 4 4 4 6 1 4 1 6 1 4 1 4 
6 6 8 4 4 -1 4 4 4 4 4 4 2 2 5 4 2 2 2 4 
4 6 6 8 4 4 4 4 4 4 4 4 2 2 4 4 4 4 6 6 
8 8 8 6 4 4 4 4 4 -1 4 4 4 4 4 4 4 4 6 -1 
4 4 -1 4 4 4 -1 4 4 4 8 8 4 4 4 4 4 4 4 -1 
4 4 -1 8 4 2 4 1 1 2 2 2 8 4 4 4 4 4 4 4 
4 4 -1 4 4 4 2 -1 2 4 -1 4 4 4 -1 4 2 4 -1 4 
4 4 4 4 4 4 4 4 4 4 4 4 -1 2 4 2 -1 2 4 -1 
2 -1 4 4 4 4 4 4 4 4 4 -1 2 2 4 4 4 4 4 4 
2 4 4 4 4 4 4 4 4 4 4 4 2 2 2 2 2 -1 2 4 
8 4 4 -1 4 -1 4 4 4 4 4 4 2 2 2 4 4 4 4 2 
8 -1 4 4 4 4 -1 6 4 4 -1 -1 4 -1 -1 4 4 4 4 2 
8 8 4 4 6 6 4 -1 -1 4 4 4 -1 -1 4 4 4 4 4 4 
2 4 4 4 6 6 6 4 4 4 -1 -1 4 -1 -1 4 4 4 -1 8 
4 4 4 4 6 6 6 6 5 4 -1 6 -1 4 8 8 4 4 4 2 
4 4 4 6 6 5 -1 5 4 1 4 4 6 -1 8 4 -1 4 4 4 
4 4 4 4 6 4 4 5 4 4 1 1 -1 -1 5 8 8 8 4 4 
4 4 4 4 4 6 6 4 4 4 4 4 -1 5 5 -1 8 -1 8 4 
4 4 8 4 4 4 4 1 4 4 4 -1 1 1 2 5 5 5 8 4 
8 8 4 -1 4 -1 1 4 4 4 4 4 1 1 2 5 4 4 2 8 
8 8 4 4 4 4 4 4 4 -1 -1 4 -1 2 5 2 5 4 2 8 
1 1 4 4 4 4 4 4 4 -1 4 4 4 4 4 4 4 1 1 4 
1 -1 4 4 6 6 4 4 4 4 4 4 4 -1 1 -1 1 1 1 1 
-1 1 4 1 8 -1 6 4 6 4 4 4 4 4 4 1 4 1 -1 1 
1 -1 1 1 4 4 4 6 4 -1 4 -1 4 4 4 4 1 4 -1 -1 
-1 -1 4 4 1 4 4 -1 6 4 4 4 4 4 4 4 4 4 4 -1 
1 1 -1 1 4 4 -1 8 4 4 4 4 4 4 4 4 1 4 4 -1 
4 4 4 4 4 4 8 4 4 4 4 -1 4 4 4 1 4 1 4 4 
4 4 4 1 1 8 4 -1 4 4 4 4 4 4 1 -1 4 4 4 4 
-1 4 4 4 2 4 -1 4 4 4 4 2 4 4 4 4 4 4 4 4 
4 4 4 4 4 4 -1 -1 4 4 4 2 4 4 4 4 4 4 4 4 
4 4 4 4 4 -1 4 4 4 4 4 4 8 8 4 -1 4 1 4 4 
-1 4 4 4 4 4 4 4 4 4 4 4 6 4 -1 4 4 1 4 4 
4 4 -1 4 4 4 -1 4 4 4 4 4 4 4 4 4 4 4 6 6 
4 4 4 4 -1 -1 32 4 4 4 6 4 4 4 7 4 4 4 -1 4 
4 4 4 -1 -1 32 4 4 4 4 4 4 4 4 6 4 7 7 -1 4 
4 4 4 4 4 4 32 -1 -1 4 4 -1 4 4 4 4 4 7 4 4 
4 -1 4 6 6 4 4 -1 -1 4 -1 -1 4 4 4 4 4 4 4 4 
4 4 4 4 4 4 4 4 -1 4 4 6 4 6 -1 4 4 4 4 4 
4 -1 4 4 4 4 4 4 4 4 4 4 6 4 4 4 4 4 4 1 
-1 -1 -1 4 4 4 4 4 4 -1 4 4 4 4 4 4 4 4 4 1 
4 4 4 4 2 2 4 4 -1 2 4 4 4 4 32 40 4 4 4 4 
4 6 6 2 2 4 4 4 4 4 4 4 4 4 4 4 4 4 4 4 
6 6 6 2 2 4 4 4 4 4 4 4 4 4 4 4 4 4 4 -1 
5 6 6 4 4 4 -1 4 4 4 4 -1 4 4 4 4 -1 4 5 4 
-1 5 6 6 4 4 4 6 4 4 -1 4 4 4 4 5 5 5 -1 5 
4 4 6 4 -1 4 -1 4 4 4 4 -1 -1 -1 4 5 5 5 5 5 
6 6 4 4 4 4 4 4 4 -1 2 4 4 5 3 3 5 6 6 6 
6 6 4 4 4 4 4 4 4 -1 4 4 4 4 -1 3 5 6 6 6 
6 4 4 4 4 -1 4 4 4 4 4 4 4 8 8 3 3 3 6 6 
4 -1 4 4 -1 4 4 4 4 4 4 4 -1 4 8 4 3 -1 6 6 
-1 1 8 4 1 -1 4 4 4 4 32 32 32 4 8 8 4 6 6 4 
4 8 8 8 1 4 -1 4 4 32 32 32 32 32 32 32 4 6 4 1 
4 1 8 -1 8 1 4 4 4 4 4 32 32 32 32 32 4 4 4 6 
4 -1 8 8 8 6 4 4 4 4 32 32 32 32 32 4 4 4 4 4 
4 4 4 8 4 6 4 4 4 42 4 32 32 32 32 32 4 4 4 4 
4 4 4 4 4 8 6 6 4 32 42 42 32 32 32 32 32 4 4 4 
6 6 4 4 4 -1 8 4 32 -1 42 42 2 32 32 2 32 6 6 4 
6 -1 4 4 4 4 -1 4 2 32 2 2 2 32 2 32 4 4 4 6 
-1 4 4 4 4 4 4 4 2 4 -1 4 32 2 32 32 32 4 6 -1 
4 4 6 4 4 2 2 2 4 4 4 1 1 1 4 40 32 4 4 6 
8 8 4 4 32 32 4 4 4 6 6 6 4 4 4 4 4 4 4 4 
8 8 4 6 4 6 4 4 6 -1 6 -1 1 4 4 2 4 4 4 4 
4 8 6 4 4 4 4 4 4 4 4 1 4 4 4 2 -1 4 4 4 
8 4 4 4 6 4 4 4 3 3 1 -1 -1 4 4 4 4 4 4 4 
6 4 4 4 4 6 4 2 -1 2 1 1 4 4 4 4 4 4 4 6 
6 6 4 4 4 6 2 4 2 2 4 4 4 4 4 4 -1 4 4 6 
8 8 4 4 6 4 2 2 6 -1 4 4 4 4 32 32 32 4 -1 1 
1 8 4 4 2 4 4 6 2 2 2 4 4 4 32 32 32 -1 1 1 
4 8 4 2 4 4 4 -1 4 2 2 32 32 4 4 -1 4 4 1 1 
4 4 4 4 4 4 6 -1 4 2 6 32 4 32 32 32 4 1 1 4 
4 4 4 4 4 4 4 6 4 2 -1 4 32 32 32 -1 32 32 32 4 
4 32 4 -1 4 6 6 4 2 -1 4 4 32 4 4 4 32 32 32 4 
32 4 4 4 6 6 6 4 6 6 6 4 4 4 4 4 32 4 32 32 
4 4 4 6 6 4 6 6 4 6 4 -1 4 4 4 4 4 4 4 32 
6 4 -1 6 6 6 6 6 4 4 4 4 4 4 4 4 4 4 -1 4 
4 4 6 4 6 4 6 -1 4 4 5 4 4 -1 -1 4 4 4 4 4 
4 4 4 4 4 6 6 6 5 5 4 4 -1 4 4 4 4 4 4 4 
4 32 4 4 32 32 32 4 5 5 5 5 4 -1 4 -1 4 4 4 -1 
6 4 32 32 32 4 4 -1 5 5 1 -1 4 4 4 4 4 4 4 4 
6 4 4 4 32 32 4 4 5 1 5 6 6 6 4 4 4 -1 4 4 
8 -1 4 4 4 2 4 3 -1 4 4 4 6 4 4 4 4 4 4 8 
4 -1 3 4 2 3 4 3 4 4 4 4 4 4 4 4 4 4 8 4 
3 2 4 3 2 3 4 4 4 4 4 4 4 4 4 -1 4 -1 8 -1 
4 4 4 4 4 4 4 4 4 -1 4 4 4 4 4 4 4 4 4 4 
-1 4 4 -1 6 4 4 4 4 4 4 4 4 4 4 4 4 4 4 4 
-1 6 6 6 4 6 -1 3 4 4 4 4 4 4 4 4 4 4 4 4 
4 6 2 6 6 3 3 3 2 4 4 4 -1 6 6 4 -1 -1 4 4 
4 6 6 6 6 3 4 -1 3 2 4 -1 4 4 6 4 4 4 4 4 
4 -1 6 4 4 4 4 3 2 1 4 4 -1 4 4 4 4 4 4 -1 
4 4 4 4 4 4 4 4 1 1 1 4 -1 4 4 4 4 4 4 4 
4 4 -1 4 4 4 4 -1 -1 1 1 1 -1 -1 4 4 4 -1 4 -1 
-1 4 4 4 4 4 4 4 4 1 1 1 4 -1 4 -1 4 4 4 -1 
4 4 4 -1 4 1 4 4 4 4 1 1 4 5 -1 -1 4 4 4 4 
4 4 4 4 6 4 1 4 4 4 4 4 5 4 4 -1 -1 2 2 -1 
4 4 -1 4 4 4 4 1 4 4 4 4 5 4 4 -1 4 2 4 2 
4 4 4 4 4 4 4 4 4 4 4 4 40 -1 4 4 2 4 4 4 
4 -1 4 -1 4 4 4 4 4 4 4 4 40 40 4 2 40 4 4 4 
-1 4 4 4 4 4 4 4 4 4 4 4 40 4 6 4 2 4 4 4 
4 4 4 -1 4 6 2 4 4 4 6 6 6 4 40 -1 -1 4 -1 -1 
4 4 4 4 4 3 3 -1 4 4 4 6 4 4 40 -1 4 4 8 8 
1 1 1 4 1 2 4 4 -1 6 6 1 8 -1 4 -1 8 8 8 8 
1 1 4 -1 2 6 4 -1 -1 6 6 6 2 8 -1 -1 4 4 1 8 
1 4 6 6 2 6 4 4 -1 4 4 6 2 4 -1 -1 4 4 4 1 
-1 6 6 6 6 -1 4 4 4 4 4 4 4 4 4 4 4 4 4 4 
1 4 4 4 6 4 4 4 2 2 2 2 2 4 4 4 -1 1 1 1 
-1 1 1 6 -1 1 1 4 4 -1 2 2 2 2 4 1 1 -1 4 -1 
4 1 4 -1 4 2 4 -1 -1 -1 2 -1 2 4 4 4 -1 -1 4 -1 
-1 4 1 4 4 4 2 2 -1 4 4 2 2 4 4 1 4 -1 4 4 
4 -1 4 -1 -1 2 2 2 -1 4 4 2 4 4 4 4 4 4 4 1 
-1 1 4 4 -1 2 2 4 4 4 -1 4 1 4 4 1 4 -1 4 1 
4 2 2 4 4 2 2 -1 4 -1 4 4 4 1 1 2 -1 4 4 4 
1 2 4 2 4 4 -1 4 -1 4 -1 4 4 4 1 4 4 4 4 4 
-1 4 4 2 4 4 4 4 4 4 4 4 4 4 -1 8 4 -1 4 4 
-1 -1 4 4 4 4 -1 4 4 4 4 4 1 8 8 8 -1 -1 4 -1 
4 4 4 1 4 -1 4 4 -1 -1 4 -1 1 1 -1 -1 8 -1 4 4 
4 4 4 4 4 4 2 2 -1 -1 -1 8 1 -1 1 -1 -1 -1 1 1 
4 4 -1 -1 4 2 4 4 -1 1 -1 8 8 8 8 8 8 -1 -1 1 
-1 1 4 -1 3 3 4 4 4 1 -1 8 8 8 4 4 4 -1 1 -1 
-1 4 1 32 1 4 4 4 1 -1 1 1 8 8 4 4 -1 8 8 -1 
4 4 1 4 1 4 -1 1 -1 1 -1 -1 8 8 4 4 -1 8 8 -1 
32 4 4 4 4 5 5 6 6 6 2 2 32 32 4 -1 32 4 -1 -1 
-1 1 1 4 4 4 6 6 6 6 6 6 4 32 4 -1 -1 -1 2 2 
2 1 4 4 4 4 4 6 6 6 6 6 6 4 32 8 6 8 2 -1 
2 4 4 4 4 4 6 6 6 6 6 6 4 8 6 6 8 -1 8 2 
-1 32 4 4 4 6 6 4 6 6 6 6 -1 -1 8 8 8 4 8 2 
8 32 32 2 4 -1 8 4 4 6 -1 6 6 8 8 8 8 4 4 -1 
-1 -1 32 4 4 4 6 8 -1 6 -1 4 6 6 8 -1 -1 4 4 32 
4 4 4 4 4 4 8 4 4 6 6 4 4 -1 -1 4 4 32 32 32 
8 4 4 4 4 -1 4 6 4 4 1 2 -1 -1 32 4 4 4 -1 4 
4 8 4 4 -1 3 4 3 4 6 2 2 4 4 4 4 4 1 4 4 
8 8 -1 -1 2 8 4 3 6 6 2 -1 4 -1 4 4 32 4 8 8 
-1 8 -1 4 2 4 4 2 -1 6 6 -1 -1 4 4 32 8 -1 4 8 
-1 -1 8 4 4 4 4 -1 6 -1 6 -1 4 -1 4 4 32 8 8 4 
4 4 -1 4 -1 4 4 4 -1 -1 -1 6 -1 -1 4 -1 4 8 8 4 
4 4 -1 4 4 -1 -1 2 -1 -1 4 -1 4 -1 6 4 4 -1 4 4 
4 4 4 4 4 4 4 -1 4 4 6 1 6 4 6 4 -1 -1 8 4 
-1 -1 4 4 4 4 4 4 4 4 1 6 6 6 4 6 8 8 4 4 
4 -1 5 4 4 4 -1 4 4 4 1 6 6 -1 -1 4 8 8 -1 32 
4 1 4 4 5 1 4 6 4 -1 4 6 6 6 6 4 8 -1 32 32 
1 5 5 1 1 4 5 5 -1 2 6 6 6 6 -1 6 4 4 4 -1 
-1 40 2 2 8 8 8 -1 8 4 8 4 4 4 1 4 1 1 -1 -1 
4 8 8 8 8 8 -1 8 4 4 8 4 4 4 4 1 1 1 4 40 
40 4 4 8 8 8 9 8 4 4 8 -1 4 4 6 1 4 1 4 8 
4 4 -1 40 -1 9 -1 4 2 8 4 -1 -1 6 1 4 1 1 -1 4 
4 4 -1 40 2 -1 4 -1 4 2 4 4 -1 4 4 4 4 4 1 4 
4 4 4 -1 4 2 4 4 2 4 4 4 4 4 4 4 4 4 4 -1 
4 4 4 4 4 -1 4 -1 2 2 2 -1 4 4 4 4 4 -1 4 4 
4 4 4 4 4 4 4 4 4 2 4 4 4 -1 4 -1 4 4 -1 -1 
4 4 4 4 -1 4 -1 4 4 4 4 4 4 4 -1 2 2 4 32 -1 
4 4 4 4 -1 -1 -1 4 4 4 4 4 -1 4 4 4 4 4 32 32 
4 4 4 4 -1 -1 4 -1 4 4 4 4 4 4 4 4 -1 4 4 -1 
-1 4 4 -1 2 2 4 4 4 4 4 -1 4 4 4 -1 4 1 32 4 
4 2 2 2 2 4 4 4 -1 4 -1 4 4 4 -1 4 4 1 1 4 
4 4 2 2 2 2 4 4 -1 -1 -1 4 4 4 4 4 4 -1 1 -1 
4 4 2 2 2 -1 4 4 32 4 4 4 4 4 4 4 4 4 1 1 
-1 -1 2 2 2 4 4 32 4 4 4 4 4 4 4 4 4 1 1 -1 
-1 -1 2 -1 2 1 1 1 -1 4 4 4 4 4 -1 4 1 1 -1 1 
1 2 2 1 4 4 -1 1 1 8 4 2 2 2 -1 1 4 4 1 -1 
40 2 -1 2 2 1 8 1 -1 8 8 -1 4 1 1 1 -1 1 4 4 
40 2 2 2 2 -1 8 8 8 -1 8 8 8 4 4 1 1 1 -1 -1 
6 -1 6 -1 -1 -1 4 4 10 4 4 6 4 4 -1 40 10 8 2 2 
2 6 3 6 6 4 4 10 6 6 4 6 6 4 4 4 40 4 4 6 
6 3 -1 4 4 4 4 4 -1 4 6 6 6 4 4 4 -1 4 4 4 
4 6 4 -1 6 4 4 4 2 2 6 -1 4 4 4 4 8 -1 -1 4 
-1 40 4 6 4 6 4 4 4 -1 -1 -1 -1 -1 4 8 9 9 9 40 
8 6 6 4 8 4 2 2 2 4 4 4 4 4 8 8 4 9 8 40 
8 -1 8 8 2 8 2 2 2 4 4 4 4 4 8 1 1 4 2 40 
-1 8 8 1 1 2 2 2 4 -1 4 -1 8 8 9 -1 1 1 -1 2 
-1 8 8 8 1 -1 8 2 2 -1 -1 4 -1 9 -1 -1 -1 8 8 -1 
8 -1 8 1 8 8 2 2 -1 9 8 -1 -1 -1 -1 40 8 -1 -1 -1 
-1 4 -1 1 8 8 2 8 9 -1 -1 -1 8 8 40 40 -1 9 -1 2 
2 2 2 8 8 -1 8 9 8 -1 -1 8 8 -1 40 40 40 -1 -1 2 
2 4 8 2 8 8 -1 -1 -1 -1 -1 -1 8 8 40 9 9 2 2 2 
2 8 4 2 8 8 -1 8 -1 -1 -1 -1 -1 -1 9 2 9 2 2 2 
2 9 9 8 8 -1 8 40 -1 -1 8 -1 8 -1 9 9 2 2 2 -1 
-1 8 8 4 -1 9 8 -1 4 40 4 8 -1 9 -1 9 10 2 2 -1 
9 9 4 8 4 4 9 8 4 4 4 -1 -1 10 9 4 9 10 -1 2 
2 2 2 2 4 4 -1 4 40 -1 -1 4 1 10 4 4 4 2 2 -1 
2 2 2 2 2 4 4 -1 40 10 4 1 4 4 40 40 4 4 2 1 
1 3 4 4 4 4 10 10 10 4 6 6 4 4 40 40 40 40 2 2 
2 8 40 40 2 2 4 6 10 8 2 2 2 2 10 10 2 2 1 1 
-1 6 -1 9 -1 -1 4 10 -1 4 8 -1 10 2 10 10 8 8 2 2 
9 6 2 -1 10 3 3 4 10 -1 10 10 10 10 2 10 8 -1 9 9 
-1 40 40 2 10 3 -1 -1 2 10 10 10 10 10 10 -1 -1 -1 2 9 
8 -1 2 6 -1 -1 10 10 2 10 -1 10 -1 10 -1 2 2 -1 8 8 
8 8 8 3 40 -1 10 10 10 -1 40 10 -1 -1 -1 2 2 2 8 8 
9 8 3 -1 40 -1 -1 40 10 10 2 40 40 40 -1 8 40 40 2 9 
40 8 -1 40 40 8 -1 40 10 2 2 8 40 40 8 8 2 8 2 2 
9 9 8 8 8 -1 40 10 40 40 -1 8 -1 1 40 40 8 40 8 -1 
9 8 8 8 8 2 2 40 40 -1 40 8 8 2 40 40 40 8 40 9 
-1 9 2 3 2 40 40 40 8 -1 -1 -1 -1 2 2 40 -1 8 9 -1 
8 8 8 2 2 40 8 8 8 9 8 -1 9 9 2 2 4 8 -1 -1 
8 8 9 9 40 2 8 8 9 9 9 9 8 2 2 9 -1 8 40 8 
8 8 8 -1 -1 -1 40 -1 8 9 -1 8 9 2 -1 -1 -1 8 40 40 
-1 9 8 8 8 8 8 8 -1 -1 8 8 9 8 2 8 2 4 6 40 
9 -1 9 9 8 9 8 -1 -1 8 8 9 8 9 8 -1 40 2 40 6 
6 8 9 9 8 8 -1 4 -1 -1 -1 -1 9 2 2 2 2 8 8 -1 
6 -1 8 9 8 8 4 4 4 6 -1 -1 -1 -1 2 2 2 -1 -1 6 
-1 8 -1 2 4 8 -1 4 6 -1 -1 -1 -1 -1 2 2 -1 10 -1 6 
8 8 9 40 40 4 -1 6 6 2 -1 -1 2 2 2 10 -1 2 2 8 
-1 8 9 -1 1 8 -1 8 1 -1 8 8 1 1 8 -1 -1 3 40 -1 
-1 -1 -1 -1 -1 9 8 -1 1 8 1 -1 3 -1 -1 -1 -1 3 40 -1 
-1 -1 -1 -1 9 9 9 -1 -1 -1 1 3 -1 -1 9 -1 -1 -1 2 -1 
-1 -1 9 9 9 9 9 -1 8 8 2 9 8 8 9 1 1 2 -1 2 
-1 -1 -1 9 9 -1 8 8 1 8 1 9 9 8 3 3 1 -1 -1 2 
2 -1 -1 -1 9 9 8 8 -1 1 9 1 9 9 3 3 -1 -1 -1 -1 
-1 -1 -1 -1 9 8 -1 -1 8 -1 9 9 -1 9 -1 3 -1 -1 9 9 
-1 9 -1 8 -1 9 8 8 9 -1 9 9 9 10 1 -1 9 -1 9 9 
-1 9 8 8 8 8 8 9 9 8 40 8 10 1 9 9 9 9 9 9 
-1 8 -1 -1 -1 8 -1 -1 9 8 40 8 8 -1 8 40 9 9 -1 9 
9 8 8 8 -1 8 8 8 -1 8 -1 8 -1 8 40 40 9 -1 9 -1 
-1 8 -1 -1 -1 2 2 8 8 8 6 8 -1 -1 40 9 -1 9 -1 9 
8 8 -1 2 2 2 2 2 8 8 8 6 8 8 40 2 -1 3 3 3 
3 -1 1 1 -1 8 -1 -1 8 8 -1 -1 6 8 2 -1 6 3 -1 3 
-1 -1 -1 1 1 8 8 8 8 8 8 8 8 8 8 -1 2 6 3 -1 
2 -1 2 8 1 -1 8 -1 -1 8 1 8 -1 2 2 2 9 6 6 3 
3 2 8 1 1 -1 8 8 8 1 -1 1 -1 2 -1 2 1 8 6 9 
9 40 1 8 1 -1 8 8 -1 -1 1 1 1 -1 -1 8 2 1 40 -1 
8 -1 40 1 -1 -1 8 8 -1 -1 -1 1 1 8 40 8 8 40 -1 -1 
8 9 9 1 1 8 -1 1 1 8 8 8 1 8 40 40 -1 40 40 40 
9 -1 -1 2 -1 2 8 2 8 1 2 -1 -1 -1 -1 -1 -1 9 9 9 
8 8 9 2 2 2 8 -1 8 2 1 2 -1 -1 -1 -1 -1 8 -1 -1 
-1 8 8 9 -1 8 8 8 8 1 8 1 -1 2 2 -1 8 8 -1 -1 
8 -1 2 -1 9 2 8 8 -1 8 1 1 2 1 -1 -1 -1 -1 -1 -1 
9 2 2 9 -1 2 8 8 -1 8 1 9 8 1 1 2 2 -1 -1 1 
-1 2 2 2 2 -1 -1 2 8 8 1 9 -1 2 2 2 -1 -1 -1 9 
2 -1 -1 2 -1 2 2 -1 -1 -1 -1 8 8 2 2 2 8 2 9 -1 
8 -1 -1 -1 2 2 2 2 -1 8 8 -1 2 2 2 2 2 9 9 2 
2 -1 -1 -1 -1 2 2 2 2 8 -1 -1 -1 2 2 2 2 1 1 2 
2 -1 -1 -1 -1 -1 2 2 -1 -1 -1 -1 -1 -1 2 2 9 1 1 2 
2 -1 -1 -1 -1 2 2 -1 -1 -1 -1 -1 -1 -1 -1 -1 -1 1 1 1 
-1 1 -1 -1 2 -1 -1 -1 -1 -1 -1 8 -1 -1 3 1 1 1 -1 -1 
-1 -1 1 2 1 -1 -1 -1 -1 -1 -1 -1 -1 8 3 -1 3 3 8 -1 
-1 -1 1 1 2 2 9 -1 8 -1 -1 -1 -1 -1 -1 -1 -1 -1 -1 8 
-1 -1 -1 2 2 2 9 8 -1 -1 -1 -1 -1 -1 -1 -1 -1 -1 -1 -1 
-1 -1 9 2 9 9 -1 -1 -1 8 8 8 9 -1 -1 -1 -1 -1 1 -1 
2 2 2 -1 2 9 2 -1 8 8 8 9 8 8 -1 2 -1 1 -1 -1 
2 2 2 -1 -1 2 2 -1 2 8 9 8 -1 8 9 -1 -1 -1 9 2 
8 8 -1 2 -1 9 -1 -1 2 9 -1 9 8 8 9 9 9 9 2 -1 
9 -1 2 -1 -1 -1 2 2 -1 -1 -1 1 -1 -1 -1 -1 8 9 9 9 
