# Fri Sep 25 15:11:09 2020
#  1: Update
#  2: Unique Phenotypes (by task done)
#  3: Shannon Diversity of Phenotypes (by task done)
#  4: Unique Phenotypes (by task count)
#  5: Average Phenotype Shannon Diversity (by task count)
#  6: Average Task Diversity (number of different tasks)

0 1 0 1 0 0 
100 1 0 1 0 0 
200 1 0 1 0 0 
300 1 0 1 0 0 
400 1 0 1 0 0 
500 1 0 1 0 0 
600 1 0 1 0 0 
700 1 0 1 0 0 
800 1 0 1 0 0 
900 1 0 1 0 0 
1000 1 0 1 0 0 
1100 1 0 1 0 0 
1200 1 0 1 0 0 
1300 1 0 1 0 0 
1400 1 0 1 0 0 
1500 1 0 1 0 0 
1600 1 0 1 0 0 
1700 1 0 1 0 0 
1800 1 0 1 0 0 
1900 1 0 1 0 0 
2000 1 0 1 0 0 
2100 1 0 1 0 0 
2200 1 0 1 0 0 
2300 1 0 1 0 0 
2400 1 0 1 0 0 
2500 1 0 1 0 0 
2600 1 0 1 0 0 
2700 1 0 1 0 0 
2800 1 0 1 0 0 
2900 1 0 1 0 0 
3000 1 0 1 0 0 
3100 4 0.076458 4 0 0.00925212 
3200 5 0.11131 5 0 0.014651 
3300 3 0.135676 4 0 0.0188633 
3400 3 0.159999 5 0 0.0232485 
3500 4 0.209019 6 0 0.0325018 
3600 4 0.261899 8 0 0.0435906 
3700 3 0.330911 6 0 0.0604325 
3800 3 0.421319 5 0 0.0851673 
3900 3 0.514731 4 0 0.1142 
4000 4 0.624476 9 0 0.154743 
4100 4 0.741261 10 0 0.20829 
4200 5 0.844064 11 0 0.267766 
4300 5 0.920231 8 0 0.327596 
4400 5 0.977306 12 0 0.392839 
4500 5 1.00302 15 3.54285e-05 0.443513 
4600 5 1.01462 14 0 0.491317 
4700 6 1.01674 15 4.80677e-05 0.517977 
4800 5 1.01275 20 0 0.518833 
4900 4 1.01346 12 0 0.505493 
5000 5 1.01117 15 0 0.478907 
5100 6 1.00878 15 9.10692e-05 0.465959 
5200 4 1.00858 17 0 0.458804 
5300 5 1.00901 14 0 0.449382 
5400 6 1.01373 13 9.77469e-05 0.444455 
5500 6 1.01179 14 0.000146951 0.426647 
5600 7 1.01464 18 4.88711e-05 0.40866 
5700 7 1.00827 15 9.72621e-05 0.390118 
5800 7 0.99772 19 4.85531e-05 0.365945 
5900 5 0.978445 17 9.55977e-05 0.344678 
6000 6 0.963962 10 0.00014241 0.32308 
6100 6 0.956462 17 0.000469947 0.304526 
6200 5 0.941917 10 0.000836742 0.285004 
6300 6 0.922312 14 0.000832254 0.266321 
6400 6 0.902696 17 0.000823459 0.250469 
6500 6 0.875789 14 0.000858447 0.23151 
6600 6 0.849732 11 0.00115896 0.213515 
6700 6 0.833034 12 0.00194338 0.198799 
6800 6 0.829998 11 0.00405954 0.1901 
6900 6 0.858285 13 0.00963424 0.192994 
7000 6 0.879895 12 0.0157378 0.197069 
7100 9 0.915931 18 0.0236185 0.205181 
7200 8 0.930468 16 0.0297666 0.210218 
7300 8 0.954208 14 0.0382618 0.220114 
7400 8 0.977512 12 0.0466473 0.231958 
7500 9 1.03591 14 0.05887 0.257966 
7600 10 1.08997 15 0.0701411 0.283335 
7700 10 1.13893 17 0.0829442 0.310114 
7800 10 1.19536 17 0.09793 0.342029 
7900 12 1.26379 20 0.115941 0.380183 
8000 12 1.30909 20 0.135032 0.414814 
8100 12 1.35529 18 0.148509 0.443586 
8200 11 1.39769 19 0.165472 0.476647 
8300 11 1.42593 17 0.173106 0.491575 
8400 11 1.42388 19 0.174134 0.489642 
8500 10 1.38748 21 0.167439 0.46469 
8600 11 1.36723 19 0.160879 0.442768 
8700 15 1.37978 24 0.161088 0.4369 
8800 14 1.39729 23 0.160689 0.434819 
8900 15 1.40385 27 0.156598 0.426054 
9000 15 1.36272 22 0.149765 0.402047 
9100 16 1.34966 25 0.145567 0.387841 
9200 17 1.33229 29 0.144222 0.378615 
9300 17 1.33477 29 0.140477 0.372369 
9400 15 1.34123 27 0.139593 0.36967 
9500 14 1.34221 26 0.136645 0.36228 
9600 15 1.3341 27 0.13332 0.353497 
9700 15 1.32559 26 0.130521 0.34594 
9800 14 1.32524 23 0.128877 0.343362 
9900 13 1.33033 25 0.129485 0.343044 
10000 13 1.30583 23 0.127159 0.334158 
10100 15 1.28638 26 0.124352 0.326405 
10200 13 1.24619 24 0.117411 0.3099 
10300 14 1.22038 25 0.111312 0.296705 
10400 15 1.21785 27 0.111129 0.293756 
10500 15 1.23409 29 0.113261 0.298009 
10600 15 1.25475 28 0.119935 0.30846 
10700 18 1.29853 30 0.124626 0.32081 
10800 18 1.36006 33 0.133989 0.340764 
10900 21 1.45679 39 0.148306 0.373012 
11000 20 1.51729 38 0.157489 0.395024 
11100 23 1.56844 42 0.16159 0.407903 
11200 23 1.5932 44 0.166418 0.417605 
11300 25 1.60253 45 0.170374 0.421018 
11400 22 1.64209 41 0.177752 0.436952 
11500 24 1.6649 43 0.184327 0.446379 
11600 23 1.69014 44 0.189096 0.454886 
11700 23 1.68696 42 0.188711 0.452294 
11800 24 1.7026 44 0.193015 0.460204 
11900 23 1.71129 44 0.194772 0.46313 
12000 22 1.71453 42 0.198941 0.469537 
12100 21 1.71933 47 0.199307 0.471359 
12200 21 1.75531 45 0.201997 0.482104 
12300 23 1.82582 44 0.209627 0.50468 
12400 23 1.87035 46 0.210834 0.514185 
12500 24 1.85776 49 0.211124 0.510119 
12600 22 1.81641 46 0.20503 0.494164 
12700 23 1.7989 43 0.199749 0.484673 
12800 22 1.78947 40 0.199443 0.483515 
12900 22 1.79167 45 0.199679 0.486022 
13000 23 1.81206 48 0.208047 0.498504 
13100 23 1.81222 45 0.210243 0.504409 
13200 23 1.81211 50 0.21297 0.513921 
13300 23 1.7808 49 0.209717 0.509579 
13400 23 1.79107 45 0.214749 0.517803 
13500 21 1.77063 44 0.212904 0.513756 
13600 20 1.76679 44 0.215824 0.51623 
13700 20 1.77094 44 0.221298 0.521263 
13800 21 1.81278 43 0.233332 0.541713 
13900 21 1.79318 46 0.229436 0.533404 
14000 22 1.76989 49 0.225229 0.523572 
14100 23 1.7828 50 0.226632 0.526997 
14200 23 1.7945 45 0.233978 0.539194 
14300 24 1.80749 45 0.239865 0.548504 
14400 24 1.81734 42 0.24125 0.549654 
14500 24 1.85331 49 0.253225 0.57089 
14600 26 1.8779 47 0.26292 0.585898 
14700 27 1.91548 49 0.275565 0.606933 
14800 25 1.91305 47 0.278349 0.608821 
14900 24 1.9127 47 0.274486 0.603526 
15000 24 1.92186 49 0.271141 0.600019 
15100 25 1.9419 53 0.274653 0.610346 
15200 25 1.94162 50 0.274688 0.611039 
15300 24 1.92432 50 0.268904 0.601233 
15400 24 1.9041 52 0.265537 0.593894 
15500 24 1.88321 51 0.259815 0.582252 
15600 23 1.86815 51 0.255356 0.572589 
15700 24 1.86285 55 0.253588 0.569115 
15800 23 1.83406 55 0.25124 0.561324 
15900 25 1.83481 52 0.253843 0.565661 
16000 25 1.8184 47 0.24982 0.558362 
16100 26 1.80568 55 0.245876 0.549171 
16200 26 1.80103 60 0.242507 0.540967 
16300 26 1.77523 57 0.23399 0.524331 
16400 25 1.7733 56 0.232351 0.520763 
16500 27 1.77933 58 0.230233 0.521506 
16600 28 1.80171 59 0.236646 0.534655 
16700 26 1.8156 60 0.239841 0.54411 
16800 28 1.80316 58 0.240903 0.545024 
16900 27 1.77627 55 0.235199 0.533514 
17000 28 1.82239 57 0.244741 0.551272 
17100 25 1.86171 58 0.254281 0.568747 
17200 25 1.93277 54 0.267029 0.594411 
17300 26 1.96312 59 0.270145 0.6054 
17400 28 1.92655 62 0.263501 0.590631 
17500 30 1.91094 64 0.256626 0.578377 
17600 28 1.9103 58 0.259909 0.583153 
17700 27 1.90401 60 0.261098 0.581914 
17800 28 1.85899 56 0.256481 0.568954 
17900 28 1.79963 58 0.245953 0.545158 
18000 27 1.75658 59 0.240949 0.53143 
18100 25 1.72311 57 0.237003 0.520195 
18200 27 1.72087 59 0.2376 0.518806 
18300 27 1.72663 57 0.239411 0.522319 
18400 27 1.72367 56 0.241059 0.524336 
18500 27 1.74018 57 0.243504 0.528564 
18600 28 1.7627 62 0.247725 0.534843 
18700 29 1.77578 60 0.248827 0.538493 
18800 28 1.80031 60 0.254315 0.549561 
18900 29 1.85013 59 0.269206 0.579298 
19000 25 1.87205 54 0.274698 0.592576 
19100 26 1.89583 55 0.276765 0.600262 
19200 28 1.8767 63 0.275766 0.596006 
19300 28 1.83365 57 0.270676 0.582417 
19400 28 1.80049 59 0.268057 0.573926 
19500 26 1.81249 57 0.266738 0.572673 
19600 26 1.81135 54 0.261347 0.564043 
19700 29 1.82243 66 0.256663 0.558824 
19800 31 1.81277 61 0.254717 0.555605 
19900 31 1.82955 61 0.254838 0.559373 
20000 32 1.78381 65 0.248741 0.545155 
20100 32 1.81646 67 0.254263 0.558414 
20200 30 1.82476 66 0.254965 0.560131 
20300 28 1.82963 65 0.256387 0.561595 
20400 29 1.84822 66 0.257963 0.565795 
20500 30 1.82906 70 0.257245 0.562174 
20600 28 1.85226 73 0.263625 0.574019 
20700 30 1.81471 71 0.25643 0.557872 
20800 30 1.76571 70 0.244262 0.533571 
20900 29 1.71023 71 0.233084 0.510508 
21000 29 1.69684 74 0.234356 0.509221 
21100 29 1.68207 76 0.231959 0.504159 
21200 26 1.66873 66 0.23365 0.505116 
21300 28 1.63982 64 0.224442 0.488371 
21400 30 1.59397 67 0.213588 0.467055 
21500 29 1.5597 65 0.210182 0.457446 
21600 29 1.52376 63 0.204403 0.443976 
21700 28 1.51312 66 0.206978 0.445285 
21800 29 1.48529 72 0.203763 0.435614 
21900 29 1.44692 64 0.20195 0.42773 
22000 29 1.46187 73 0.212132 0.443922 
22100 30 1.50148 74 0.221375 0.462617 
22200 30 1.51954 73 0.224946 0.470986 
22300 29 1.52103 71 0.222165 0.46903 
22400 30 1.47995 73 0.213013 0.451239 
22500 32 1.42335 77 0.202517 0.429839 
22600 31 1.38356 76 0.196194 0.416994 
22700 33 1.40355 79 0.199892 0.424154 
22800 31 1.41793 78 0.204534 0.433077 
22900 30 1.44053 76 0.20882 0.441668 
23000 30 1.46508 75 0.209896 0.445863 
23100 31 1.46049 75 0.207896 0.442681 
23200 33 1.41963 84 0.195316 0.420718 
23300 34 1.37306 96 0.184064 0.397872 
23400 31 1.30205 78 0.165503 0.362071 
23500 30 1.25682 75 0.154861 0.341159 
23600 30 1.23355 75 0.148949 0.330199 
23700 30 1.19685 69 0.14284 0.316709 
23800 28 1.1749 68 0.141437 0.312044 
23900 28 1.16576 65 0.13903 0.306409 
24000 29 1.14029 70 0.137222 0.300437 
24100 28 1.08845 65 0.127904 0.280247 
24200 29 1.0236 63 0.118474 0.25957 
24300 29 0.96367 61 0.111406 0.244466 
24400 27 0.954907 62 0.109909 0.242556 
24500 27 0.960614 62 0.109708 0.242551 
24600 28 0.962311 61 0.109526 0.242949 
24700 28 0.903317 63 0.102346 0.22706 
24800 28 0.873249 64 0.101649 0.222609 
24900 26 0.883307 57 0.104612 0.227988 
25000 28 0.900613 57 0.105912 0.231425 
25100 29 0.910345 61 0.106741 0.23336 
25200 30 0.87074 58 0.0995116 0.219362 
25300 32 0.849055 60 0.0951322 0.211141 
25400 27 0.807577 55 0.0916249 0.202749 
25500 29 0.812971 56 0.0928589 0.205269 
25600 27 0.798399 52 0.0956926 0.207184 
25700 25 0.805017 49 0.0969755 0.20985 
25800 27 0.810824 50 0.0970229 0.211382 
25900 30 0.798793 59 0.0953083 0.208311 
26000 29 0.804066 52 0.0919635 0.205093 
26100 29 0.812874 51 0.0937231 0.208002 
26200 27 0.793396 49 0.0908256 0.200373 
26300 29 0.778419 59 0.0902467 0.197768 
26400 29 0.753106 53 0.0871885 0.191494 
26500 28 0.741951 51 0.0858129 0.188412 
26600 31 0.734487 50 0.0826302 0.182489 
26700 32 0.720101 53 0.0790874 0.176392 
26800 32 0.706888 49 0.0774143 0.171985 
26900 30 0.676419 52 0.0724631 0.161852 
27000 31 0.64734 52 0.06994 0.154054 
27100 30 0.630749 49 0.0677028 0.14915 
27200 32 0.615067 55 0.0653612 0.144127 
27300 25 0.597851 44 0.0627857 0.13944 
27400 26 0.585212 50 0.0603504 0.135002 
27500 27 0.542488 48 0.0541761 0.122437 
27600 26 0.524549 43 0.0543659 0.120082 
27700 23 0.509729 39 0.0553041 0.120127 
27800 26 0.512875 42 0.058153 0.124104 
27900 28 0.53805 47 0.0626387 0.132394 
28000 29 0.577184 43 0.0688168 0.144328 
28100 28 0.614745 44 0.072148 0.151968 
28200 29 0.636203 44 0.074448 0.157133 
28300 27 0.647199 40 0.0765405 0.161978 
28400 31 0.666945 48 0.0800422 0.169026 
28500 33 0.66847 47 0.0799788 0.16884 
28600 32 0.668806 51 0.080549 0.16999 
28700 29 0.67571 49 0.0817546 0.173434 
28800 30 0.667304 51 0.0817211 0.173389 
28900 30 0.636614 50 0.0788777 0.165729 
29000 30 0.625533 57 0.0775017 0.162001 
29100 29 0.592662 50 0.0708002 0.148558 
29200 29 0.583874 50 0.0672418 0.142765 
29300 30 0.579002 50 0.0657789 0.140412 
29400 29 0.554705 47 0.0645448 0.136417 
29500 28 0.522934 44 0.0631713 0.131403 
29600 29 0.512382 46 0.0630649 0.130398 
29700 30 0.508776 48 0.0635422 0.130357 
29800 30 0.538384 48 0.0690335 0.141108 
29900 30 0.566918 50 0.0740755 0.150875 
30000 29 0.629045 47 0.0866607 0.174947 
30100 31 0.679802 50 0.0927528 0.188904 
30200 32 0.716548 59 0.0995613 0.203075 
30300 31 0.720823 57 0.102673 0.207963 
30400 32 0.708313 61 0.0999214 0.202698 
30500 33 0.712688 55 0.0996101 0.202245 
30600 34 0.752757 58 0.104319 0.212164 
30700 32 0.792394 58 0.106405 0.217795 
30800 32 0.810593 55 0.105199 0.217651 
30900 30 0.787217 54 0.101937 0.21051 
31000 31 0.79188 55 0.105305 0.215605 
31100 30 0.803076 51 0.108663 0.221549 
31200 29 0.865812 52 0.118961 0.242923 
31300 30 0.904297 56 0.126904 0.257869 
31400 32 0.950693 53 0.13638 0.276386 
31500 31 0.945951 51 0.138868 0.280439 
31600 34 0.967387 57 0.14574 0.292856 
31700 35 0.9857 60 0.147923 0.298333 
31800 33 1.0038 59 0.147038 0.298466 
31900 34 0.967787 58 0.137978 0.28074 
32000 32 0.916766 59 0.124067 0.255137 
32100 31 0.850946 57 0.113301 0.232954 
32200 31 0.810394 54 0.106964 0.219232 
32300 30 0.812631 54 0.108701 0.2211 
32400 30 0.772406 48 0.103932 0.211072 
32500 29 0.763066 52 0.104736 0.211523 
32600 28 0.742595 54 0.100473 0.203044 
32700 27 0.677111 47 0.0898211 0.181567 
32800 30 0.636051 54 0.0818082 0.166422 
32900 31 0.626045 52 0.0807747 0.16379 
33000 31 0.639888 51 0.0837819 0.168796 
33100 31 0.626134 52 0.0811189 0.163635 
33200 34 0.627361 59 0.0802848 0.162549 
33300 33 0.625093 59 0.07768 0.159394 
33400 35 0.633089 54 0.0772412 0.159766 
33500 35 0.61674 62 0.0755628 0.155755 
33600 30 0.576982 57 0.0714309 0.146699 
33700 31 0.582584 49 0.0742209 0.151106 
33800 31 0.569351 53 0.0736656 0.150064 
33900 31 0.534443 59 0.0694469 0.140925 
34000 30 0.494216 56 0.0640491 0.129547 
34100 30 0.482413 49 0.0620889 0.124977 
34200 29 0.475246 49 0.0620003 0.124034 
34300 29 0.487913 48 0.0637481 0.128181 
34400 28 0.495038 42 0.0635537 0.129301 
34500 25 0.502752 38 0.0658084 0.133597 
34600 27 0.486755 40 0.0655145 0.132179 
34700 27 0.471943 43 0.0633818 0.127621 
34800 27 0.430653 42 0.0566258 0.114327 
34900 29 0.404141 40 0.0515601 0.104404 
35000 29 0.391525 44 0.0497145 0.100447 
35100 24 0.368845 37 0.0458542 0.0929742 
35200 25 0.352282 35 0.0431658 0.0882993 
35300 24 0.35109 35 0.0420499 0.0868762 
35400 24 0.330148 34 0.03949 0.0822256 
35500 22 0.35473 31 0.0440325 0.0917186 
35600 22 0.376275 33 0.0489471 0.100198 
35700 21 0.380969 32 0.0496285 0.101075 
35800 21 0.3869 28 0.0491113 0.100055 
35900 19 0.373412 32 0.0460445 0.0939352 
36000 19 0.362148 36 0.0448878 0.0912937 
36100 21 0.345841 40 0.0420562 0.0859162 
36200 21 0.349953 38 0.0417955 0.0861767 
36300 23 0.353625 36 0.0423081 0.08762 
36400 23 0.341763 38 0.0416465 0.0857717 
36500 23 0.344439 38 0.0453045 0.0909058 
36600 24 0.332401 39 0.043368 0.0866757 
36700 22 0.320118 38 0.041614 0.0832572 
36800 22 0.284219 39 0.0367594 0.0731877 
36900 23 0.265593 40 0.033989 0.0676099 
37000 24 0.24529 38 0.0301543 0.060605 
37100 22 0.244614 33 0.0294331 0.0597741 
37200 25 0.259628 34 0.0320786 0.0652064 
37300 22 0.251311 30 0.0319906 0.0643909 
37400 21 0.262095 32 0.0350454 0.0701684 
37500 19 0.250579 29 0.0354259 0.0701614 
37600 22 0.285064 30 0.0419154 0.0826581 
37700 19 0.303454 29 0.0427307 0.0853013 
37800 19 0.316239 27 0.0429223 0.0865381 
37900 20 0.302692 28 0.0425376 0.0848165 
38000 21 0.300854 26 0.0421678 0.0836201 
38100 21 0.314963 28 0.0419167 0.0836998 
38200 23 0.322728 31 0.0428669 0.0853868 
38300 23 0.317756 31 0.0438352 0.0866818 
38400 24 0.297531 32 0.0412312 0.0815671 
38500 22 0.287786 28 0.0391334 0.0774735 
38600 23 0.290397 29 0.037299 0.0745694 
38700 23 0.282101 29 0.0339025 0.0685297 
38800 23 0.30485 31 0.0371065 0.0755461 
38900 22 0.329383 32 0.0418439 0.0852229 
39000 21 0.354544 29 0.0462068 0.094471 
39100 21 0.370295 28 0.0511848 0.104077 
39200 22 0.386444 29 0.0557565 0.111721 
39300 19 0.422898 26 0.0625665 0.124726 
39400 21 0.439158 29 0.0658455 0.130827 
39500 21 0.462817 29 0.0677678 0.135354 
39600 22 0.492074 32 0.0700338 0.141434 
39700 20 0.499448 27 0.0709613 0.144143 
39800 21 0.504921 32 0.0733597 0.148778 
39900 21 0.510741 33 0.0754155 0.151973 
40000 22 0.502573 33 0.0723299 0.145896 
40100 21 0.48846 34 0.0678468 0.13778 
40200 22 0.470742 36 0.0629984 0.128919 
40300 22 0.46496 32 0.0625206 0.12838 
40400 19 0.453169 34 0.0603774 0.124565 
40500 19 0.428453 32 0.0587839 0.120143 
40600 23 0.409117 34 0.0553897 0.113631 
40700 26 0.395547 37 0.0533739 0.108601 
40800 26 0.389396 41 0.052191 0.106727 
40900 22 0.360029 31 0.0482171 0.0978684 
41000 18 0.340989 27 0.0450583 0.0912279 
41100 19 0.318593 28 0.0419435 0.0850758 
41200 20 0.298986 29 0.03863 0.0786318 
41300 18 0.289533 23 0.0364207 0.0746312 
41400 20 0.298489 25 0.0372708 0.0764476 
41500 19 0.296295 24 0.0374531 0.0761416 
41600 18 0.278815 26 0.035937 0.0721676 
41700 18 0.271452 28 0.0342207 0.0692001 
41800 18 0.254283 26 0.0309882 0.0629613 
41900 20 0.256549 26 0.0304532 0.0621116 
42000 17 0.286868 21 0.0350471 0.0707665 
42100 16 0.296828 21 0.0367843 0.073731 
42200 18 0.282631 22 0.0361797 0.0714834 
42300 21 0.279112 27 0.0346866 0.0690172 
42400 22 0.277053 28 0.0346185 0.069249 
42500 21 0.26467 27 0.0331488 0.066306 
42600 20 0.255749 26 0.0317664 0.0637511 
42700 19 0.234558 27 0.0286816 0.0576305 
42800 18 0.222539 24 0.0270961 0.0549102 
42900 17 0.22376 21 0.0273548 0.0556042 
43000 17 0.230282 21 0.027975 0.0577567 
43100 19 0.234921 21 0.0277815 0.0583267 
43200 19 0.241444 22 0.0281846 0.0594671 
43300 17 0.258632 19 0.0301882 0.0639773 
43400 20 0.284919 23 0.0332231 0.0710249 
43500 16 0.269185 21 0.0330856 0.0698261 
43600 16 0.279955 21 0.0334705 0.0715225 
43700 17 0.278432 22 0.0310439 0.0683592 
43800 17 0.281451 24 0.0310901 0.06832 
43900 17 0.264954 23 0.029783 0.0640189 
44000 17 0.261569 20 0.0293217 0.0626002 
44100 17 0.290247 21 0.032691 0.0699985 
44200 19 0.314737 24 0.0358824 0.0767745 
44300 17 0.330149 23 0.0384651 0.0818544 
44400 17 0.335896 23 0.0403256 0.0852448 
44500 18 0.335885 25 0.0392359 0.084106 
44600 20 0.345555 26 0.0416558 0.0881282 
44700 21 0.349723 32 0.0423741 0.0895775 
44800 21 0.357232 30 0.0448337 0.0940259 
44900 18 0.353305 27 0.0466518 0.0960673 
45000 18 0.361813 29 0.0489805 0.100425 
45100 19 0.377524 32 0.0516477 0.105939 
45200 18 0.402446 28 0.0561519 0.114911 
45300 18 0.424942 29 0.0614485 0.12471 
45400 18 0.475331 29 0.0671107 0.137928 
45500 19 0.467647 32 0.0625477 0.131006 
45600 17 0.446607 33 0.058615 0.123611 
45700 18 0.422068 33 0.0547447 0.115662 
45800 21 0.411952 35 0.0514573 0.109605 
45900 21 0.396922 32 0.0487569 0.104219 
46000 21 0.389824 33 0.0476978 0.101754 
46100 20 0.368335 28 0.0443918 0.0944216 
46200 17 0.350044 25 0.0417601 0.08873 
46300 16 0.349405 27 0.0401215 0.0857502 
46400 18 0.33851 27 0.0370949 0.0802912 
46500 17 0.293972 26 0.0321979 0.0691748 
46600 15 0.26196 25 0.0301213 0.0633604 
46700 16 0.249635 23 0.0302731 0.0624081 
46800 18 0.236963 24 0.0285658 0.0582011 
46900 18 0.207855 24 0.0242237 0.0494461 
47000 16 0.189411 23 0.0215216 0.0439231 
47100 16 0.184483 22 0.0206994 0.0422038 
47200 15 0.184328 21 0.0193937 0.0401147 
47300 16 0.167996 21 0.0168742 0.0353588 
47400 15 0.16162 22 0.0156642 0.0331635 
47500 14 0.155585 20 0.0149974 0.0315972 
47600 17 0.160679 24 0.0148981 0.0318538 
47700 20 0.177455 26 0.0175266 0.0367951 
47800 21 0.205506 27 0.0211897 0.0442424 
47900 20 0.200336 25 0.0205222 0.0429307 
48000 19 0.191383 25 0.0190331 0.0399193 
48100 20 0.184689 27 0.0179195 0.0378633 
48200 18 0.17761 24 0.0175676 0.036771 
48300 17 0.168128 25 0.0172264 0.0359735 
48400 17 0.163363 23 0.0179559 0.0368277 
48500 17 0.150527 23 0.016252 0.0334053 
48600 17 0.150221 23 0.0154397 0.0322756 
48700 17 0.152776 22 0.0153631 0.0324481 
48800 18 0.146517 25 0.0144881 0.030678 
48900 17 0.144763 23 0.0140386 0.0301705 
49000 18 0.160928 25 0.0160348 0.034168 
49100 15 0.171165 21 0.0159869 0.0352217 
49200 15 0.168634 21 0.0150659 0.0336122 
49300 14 0.160757 20 0.0144013 0.0319686 
49400 13 0.174294 17 0.0152945 0.0345868 
49500 14 0.169742 18 0.0147167 0.0333105 
49600 14 0.173961 16 0.0151042 0.0341686 
49700 14 0.163917 16 0.0153628 0.033751 
49800 14 0.166155 15 0.0161957 0.0351932 
49900 12 0.170016 14 0.0169318 0.0365257 
50000 13 0.188328 17 0.0199938 0.0421944 
50100 15 0.204214 20 0.0219837 0.0465116 
50200 14 0.209442 19 0.0216034 0.0464484 
50300 13 0.200542 19 0.0195023 0.0425686 
50400 15 0.19691 19 0.0206046 0.0436249 
50500 14 0.199123 19 0.0231369 0.0477018 
50600 17 0.239852 24 0.0296213 0.0605414 
50700 17 0.26838 26 0.0354186 0.0713689 
50800 15 0.283654 22 0.0384849 0.0768586 
50900 17 0.314795 24 0.0417682 0.0843968 
51000 17 0.355246 25 0.0466013 0.0949978 
51100 18 0.376474 27 0.0508816 0.103323 
51200 21 0.388522 30 0.0543635 0.109546 
51300 19 0.370208 28 0.0530985 0.106953 
51400 19 0.369706 28 0.0555069 0.111271 
51500 21 0.390813 31 0.0588479 0.117892 
51600 22 0.392687 31 0.0589717 0.1184 
51700 19 0.38369 27 0.0584304 0.117193 
51800 17 0.401499 25 0.0643027 0.127969 
51900 19 0.435493 26 0.0709504 0.141863 
52000 21 0.459919 31 0.0749937 0.150313 
52100 20 0.450849 34 0.0717403 0.144256 
52200 19 0.456729 30 0.0743022 0.149573 
52300 18 0.44834 29 0.0714716 0.144559 
52400 19 0.416518 30 0.0655051 0.132242 
52500 20 0.394009 30 0.0611864 0.123079 
52600 19 0.372295 31 0.0575112 0.115421 
52700 19 0.352364 30 0.0541489 0.1076 
52800 19 0.346679 29 0.0521863 0.103522 
52900 17 0.319175 26 0.0475495 0.0941527 
53000 15 0.301149 22 0.0436802 0.0871858 
53100 15 0.288214 22 0.0412139 0.0819617 
53200 14 0.256816 20 0.0353171 0.0703516 
53300 13 0.229687 19 0.0327906 0.0645876 
53400 12 0.202709 20 0.0293475 0.0575143 
53500 17 0.203078 25 0.0272492 0.054218 
53600 17 0.165931 24 0.0200013 0.0404262 
53700 14 0.142458 22 0.0167076 0.0337268 
53800 13 0.111624 18 0.0133919 0.0267593 
53900 12 0.103826 16 0.0122407 0.0247516 
54000 15 0.09447 20 0.0104561 0.0216554 
54100 15 0.0870223 17 0.0101293 0.0206227 
54200 12 0.0868947 15 0.0118067 0.0232751 
54300 11 0.0806851 14 0.0117272 0.0228887 
54400 11 0.0649466 15 0.00946849 0.0183224 
54500 9 0.065039 14 0.00973733 0.0187411 
54600 8 0.0635026 10 0.0100171 0.0192308 
54700 9 0.0571806 13 0.00925913 0.017668 
54800 7 0.0558326 11 0.00837613 0.0161336 
54900 10 0.0485146 11 0.00676339 0.0131979 
55000 11 0.0544163 15 0.00761597 0.0149248 
55100 9 0.0645585 14 0.00982203 0.0189501 
55200 8 0.0651268 10 0.00983831 0.0189198 
55300 9 0.0832426 13 0.0123188 0.0239199 
55400 10 0.0857056 12 0.0122103 0.0240188 
55500 10 0.0918802 14 0.012702 0.0251324 
55600 9 0.0941885 12 0.0135287 0.0268055 
55700 10 0.0986912 13 0.0140489 0.0279713 
55800 10 0.101776 12 0.0152171 0.0300714 
55900 11 0.101734 15 0.0159242 0.0311148 
56000 11 0.108647 15 0.016654 0.0327516 
56100 10 0.093724 15 0.0134307 0.0264546 
56200 12 0.0996763 17 0.0141948 0.0280665 
56300 11 0.111808 15 0.0166707 0.0326999 
56400 12 0.136276 18 0.0212297 0.0414443 
56500 14 0.151012 19 0.0235211 0.0456847 
56600 15 0.163757 20 0.0260082 0.0503222 
56700 12 0.163944 18 0.0258986 0.0502594 
56800 15 0.180571 22 0.0274802 0.0536577 
56900 14 0.192028 21 0.0292481 0.0571336 
57000 16 0.204711 22 0.0311368 0.0609549 
57100 16 0.21637 24 0.0318759 0.0628979 
57200 17 0.235881 25 0.034155 0.067842 
57300 16 0.253652 25 0.0364878 0.0724486 
57400 16 0.269709 24 0.0406567 0.0803397 
57500 20 0.308832 32 0.0480159 0.0950446 
57600 24 0.358915 39 0.0563673 0.112009 
57700 23 0.416454 40 0.066339 0.132148 
57800 22 0.446998 41 0.0688052 0.138137 
57900 20 0.463593 35 0.0703863 0.141653 
58000 19 0.456049 36 0.0688791 0.138162 
58100 20 0.416621 42 0.060545 0.121645 
58200 20 0.375852 43 0.0534894 0.107859 
58300 21 0.352376 40 0.049878 0.10053 
58400 20 0.324893 35 0.0475193 0.0952151 
58500 18 0.302862 29 0.0438272 0.0875278 
58600 16 0.285695 34 0.0401555 0.0803776 
58700 19 0.279745 36 0.0394241 0.0785811 
58800 19 0.279477 37 0.0399562 0.079143 
58900 20 0.281269 34 0.0404668 0.0804897 
59000 18 0.262291 29 0.0381553 0.0762693 
59100 17 0.247784 26 0.0355513 0.0708823 
59200 18 0.251643 30 0.0372085 0.0742312 
59300 20 0.24127 33 0.0346249 0.0694394 
59400 20 0.219146 33 0.0312842 0.0625274 
59500 23 0.193052 34 0.0278645 0.0551173 
59600 23 0.193951 34 0.0287318 0.0565832 
59700 21 0.196945 30 0.0292372 0.0574255 
59800 19 0.188901 28 0.0283751 0.0554848 
59900 18 0.170692 26 0.0251242 0.049194 
60000 18 0.17238 26 0.0245017 0.0482911 
60100 22 0.165526 32 0.0231433 0.0458043 
60200 17 0.154686 29 0.0214792 0.0425578 
60300 14 0.175795 24 0.0256869 0.0509062 
60400 15 0.203456 26 0.0299023 0.0596024 
60500 17 0.220434 27 0.0338743 0.0672078 
60600 17 0.232488 34 0.0360847 0.071408 
60700 18 0.223499 36 0.0352416 0.0698478 
60800 17 0.204175 33 0.0313677 0.0622522 
60900 17 0.187323 31 0.0285193 0.0563666 
61000 19 0.205503 33 0.0310581 0.0611773 
61100 19 0.246611 37 0.0385194 0.0758114 
61200 18 0.246446 38 0.0373619 0.0738204 
61300 17 0.246745 34 0.0364536 0.0723306 
61400 20 0.240071 35 0.0353299 0.0705228 
61500 20 0.264369 38 0.0392874 0.0787749 
61600 16 0.266768 35 0.0376106 0.0764791 
61700 17 0.264684 34 0.0367437 0.0749431 
61800 16 0.230332 32 0.0326526 0.0657814 
61900 15 0.205145 27 0.0307096 0.0608271 
62000 15 0.196016 21 0.0294116 0.0584131 
62100 15 0.199003 26 0.0307608 0.0608721 
62200 14 0.18848 26 0.0295059 0.058119 
62300 16 0.178291 30 0.0277645 0.0544159 
62400 14 0.16785 24 0.024851 0.0490767 
62500 16 0.16413 26 0.0236051 0.0466645 
62600 13 0.157587 26 0.0220509 0.0437307 
62700 13 0.175481 25 0.0257189 0.0508917 
62800 11 0.173257 20 0.0266068 0.0523513 
62900 15 0.175566 25 0.028121 0.0550308 
63000 14 0.172362 24 0.0265491 0.0520074 
63100 12 0.154676 21 0.022004 0.0434938 
63200 13 0.139906 25 0.0193462 0.0383323 
63300 11 0.118428 23 0.0160024 0.0317682 
63400 12 0.130964 23 0.0175081 0.0350059 
63500 10 0.141582 23 0.0194803 0.0387353 
63600 10 0.134839 23 0.0185914 0.0369947 
63700 14 0.130172 28 0.017725 0.0352108 
63800 12 0.120093 25 0.0162744 0.0323109 
63900 11 0.104656 20 0.0144709 0.0286019 
64000 12 0.0964003 21 0.0130998 0.0257835 
64100 13 0.105959 22 0.0143623 0.0283258 
64200 12 0.104329 20 0.0137075 0.0271147 
64300 11 0.111612 18 0.0151525 0.0296931 
64400 13 0.124204 21 0.0162328 0.0318823 
64500 14 0.132293 23 0.0167999 0.0331594 
64600 13 0.137602 22 0.0172353 0.0342323 
64700 15 0.138597 23 0.0178442 0.035135 
64800 14 0.133737 23 0.0172366 0.03397 
64900 16 0.145643 23 0.0192972 0.0377144 
65000 16 0.145436 25 0.0189407 0.037202 
65100 17 0.140656 26 0.0181515 0.0359504 
65200 15 0.132686 22 0.017451 0.0346878 
65300 11 0.121873 15 0.0158458 0.0314804 
65400 10 0.118304 16 0.0158762 0.0312133 
65500 9 0.1307 16 0.0176777 0.0348418 
65600 13 0.126498 19 0.0175371 0.0345652 
65700 13 0.140393 21 0.0187529 0.0377002 
65800 16 0.150697 23 0.0204948 0.0410569 
65900 14 0.162151 20 0.0231293 0.0459353 
66000 12 0.168152 19 0.0239782 0.0476495 
66100 11 0.179871 18 0.0252054 0.0503328 
66200 15 0.187933 22 0.0269677 0.0536153 
66300 13 0.187369 20 0.0289817 0.056842 
66400 13 0.196958 20 0.0301539 0.0592632 
66500 14 0.226753 22 0.0350506 0.0691808 
66600 14 0.233452 24 0.0361254 0.0716426 
66700 15 0.234739 26 0.0368928 0.0727611 
66800 15 0.240319 26 0.0371023 0.0733804 
66900 17 0.235782 24 0.0345346 0.0687222 
67000 16 0.221396 24 0.0312286 0.0622308 
67100 16 0.206054 26 0.0282435 0.0566249 
67200 15 0.19094 23 0.0254457 0.0511778 
67300 15 0.183231 24 0.0248182 0.0494529 
67400 14 0.187918 22 0.0257816 0.0514337 
67500 15 0.191125 23 0.0262014 0.0521976 
67600 14 0.175196 21 0.0239836 0.0477733 
67700 12 0.159443 18 0.021374 0.0429135 
67800 13 0.136102 24 0.0178896 0.0356541 
67900 12 0.135499 22 0.017129 0.0343183 
68000 12 0.126826 22 0.0153804 0.0309504 
68100 12 0.112576 21 0.0134192 0.0267726 
68200 12 0.102093 17 0.0124578 0.0245136 
68300 12 0.10445 18 0.0121297 0.0241556 
68400 12 0.110374 17 0.0122717 0.0250694 
68500 11 0.119194 15 0.0139715 0.028608 
68600 12 0.111489 15 0.0128632 0.0262793 
68700 12 0.107074 17 0.0123508 0.0254702 
68800 10 0.0888776 15 0.0106811 0.021593 
68900 7 0.0871624 11 0.0103405 0.0207259 
69000 10 0.102941 17 0.0116716 0.0236201 
69100 12 0.0998982 15 0.0117838 0.0235092 
69200 12 0.0918314 15 0.011289 0.0222817 
69300 12 0.0835839 15 0.00970003 0.0193922 
69400 12 0.0880771 16 0.0103875 0.0205848 
69500 13 0.0959599 16 0.0109763 0.021903 
69600 14 0.0931594 19 0.0101378 0.0205443 
69700 12 0.0871207 18 0.0093505 0.0192376 
69800 12 0.0791853 16 0.00928878 0.0184855 
69900 13 0.0764078 16 0.00909336 0.0179878 
70000 15 0.08427 24 0.0102525 0.0202922 
70100 17 0.103706 25 0.0120024 0.0241832 
70200 15 0.119464 23 0.0143237 0.0287367 
70300 13 0.121058 21 0.0140364 0.0285254 
70400 13 0.132507 21 0.0144154 0.0299986 
70500 15 0.146829 26 0.0166854 0.0344989 
70600 14 0.155109 28 0.0184566 0.0379788 
70700 12 0.148455 26 0.0179355 0.0366713 
70800 13 0.132701 26 0.0167152 0.0338253 
70900 13 0.127925 23 0.016217 0.0327136 
71000 12 0.143554 25 0.0182303 0.0369107 
71100 14 0.157986 27 0.0206435 0.0414308 
71200 15 0.177715 31 0.024817 0.0494231 
71300 18 0.184063 34 0.0246682 0.049574 
71400 18 0.181657 31 0.0243438 0.048971 
71500 18 0.1663 31 0.0219 0.0439105 
71600 17 0.167006 31 0.0221301 0.0443511 
71700 16 0.167237 30 0.0220347 0.0444261 
71800 13 0.156644 27 0.0201453 0.0407285 
71900 14 0.147573 28 0.0195438 0.0392171 
72000 13 0.14667 25 0.0202679 0.0403356 
72100 13 0.142995 23 0.0195942 0.0391699 
72200 16 0.14309 28 0.0195807 0.0391932 
72300 17 0.153422 29 0.0217428 0.0433505 
72400 14 0.162513 25 0.0247761 0.0491956 
72500 13 0.190347 22 0.030487 0.0603146 
72600 14 0.212897 26 0.0339275 0.0669148 
72700 14 0.242004 24 0.039767 0.0786396 
72800 18 0.292554 28 0.050653 0.0998959 
72900 18 0.339358 29 0.0599261 0.118525 
73000 23 0.392401 36 0.0730537 0.144836 
73100 23 0.430873 40 0.0826466 0.164389 
73200 22 0.471642 38 0.0928804 0.185094 
73300 20 0.513186 34 0.103403 0.206257 
73400 22 0.588599 40 0.119304 0.237839 
73500 22 0.599603 40 0.123163 0.24659 
73600 25 0.578372 44 0.118275 0.237192 
73700 26 0.535787 44 0.106389 0.213838 
73800 28 0.489908 45 0.0951885 0.190867 
73900 27 0.437549 40 0.0835452 0.167001 
74000 27 0.416774 41 0.0811569 0.161656 
74100 26 0.399341 39 0.0769831 0.153135 
74200 25 0.405979 37 0.0789608 0.156599 
74300 25 0.39713 41 0.0746053 0.14841 
74400 28 0.364449 45 0.0669403 0.132884 
74500 26 0.342467 39 0.0615727 0.122135 
74600 27 0.336776 41 0.0602184 0.119582 
74700 25 0.335089 37 0.0585484 0.116207 
74800 26 0.321014 36 0.0528929 0.105353 
74900 28 0.36256 42 0.0596866 0.118572 
75000 32 0.365584 46 0.0615494 0.122195 
