# Avida Host Tasks data
# Fri Sep 25 15:34:12 2020
# First column gives the current update, next columns give the number
# of Hosts that have the particular task
#  1: Update
#  2: Not
#  3: Nand
#  4: And
#  5: OrNot
#  6: Or
#  7: AndNot
#  8: Nor
#  9: Xor
# 10: Equals

0 0 0 0 0 0 0 0 0 0 
100 189 0 0 0 0 0 0 0 0 
200 527 0 0 0 0 0 0 0 0 
300 778 0 0 0 0 0 0 0 0 
400 1530 0 0 0 0 0 0 0 0 
500 2142 2 0 0 0 0 0 0 0 
600 3385 4 0 0 0 0 0 0 0 
700 4877 14 3 0 0 0 0 0 0 
800 5779 17 4 0 0 0 0 0 0 
900 7561 32 7 2 0 0 0 0 0 
1000 8757 39 8 1 0 0 0 0 0 
1100 10329 51 10 2 0 0 0 0 0 
1200 11869 60 11 3 0 0 0 0 0 
1300 13060 69 12 0 0 0 0 0 0 
1400 14684 88 13 0 0 0 0 0 0 
1500 16037 99 12 0 0 0 0 0 0 
1600 17407 92 14 0 0 0 0 0 0 
1700 18854 106 16 0 0 0 0 0 0 
1800 20065 115 18 0 0 0 0 0 0 
1900 21400 140 26 0 0 0 0 0 0 
2000 22647 143 27 0 0 0 0 0 0 
2100 23639 156 35 2 0 0 0 0 0 
2200 24690 162 33 2 0 0 0 0 0 
2300 25511 169 38 2 0 0 0 0 0 
2400 26124 176 41 3 0 0 0 0 0 
2500 26734 188 42 2 0 0 0 0 0 
2600 27076 216 43 1 0 0 0 0 0 
2700 27342 250 43 0 0 0 0 0 0 
2800 27588 260 44 0 0 0 0 0 0 
2900 27825 289 46 0 0 0 0 0 0 
3000 27953 269 45 4 0 0 0 0 0 
3100 28077 266 55 5 0 0 0 0 0 
3200 28204 276 60 4 0 0 0 0 0 
3300 28165 290 59 6 0 0 0 0 0 
3400 28094 306 63 6 0 0 0 0 0 
3500 27924 328 68 4 0 0 0 0 0 
3600 27576 334 76 4 0 0 0 0 0 
3700 27253 339 78 5 0 0 0 0 0 
3800 26817 343 76 7 0 0 0 0 0 
3900 26270 375 78 9 0 0 0 0 0 
4000 25461 394 78 9 0 0 0 0 0 
4100 24401 418 88 12 0 0 0 0 0 
4200 23203 450 99 16 0 0 0 0 0 
4300 22086 473 131 16 0 0 0 0 0 
4400 21050 551 153 21 0 0 0 0 0 
4500 20143 618 192 27 0 0 0 0 0 
4600 19404 766 226 41 0 0 0 0 0 
4700 19033 896 273 50 0 2 0 0 0 
4800 18862 1088 336 64 0 4 0 0 0 
4900 18674 1399 415 82 0 5 0 0 0 
5000 18441 1652 484 102 0 6 0 0 0 
5100 18194 2012 553 117 0 7 0 0 0 
5200 17771 2341 627 143 0 7 0 0 0 
5300 17306 2748 764 167 0 12 0 0 0 
5400 16594 3266 854 202 0 16 0 0 0 
5500 15926 3706 960 238 0 15 0 0 0 
5600 15178 4326 1057 268 0 17 0 0 0 
5700 14640 4859 1181 307 0 19 0 0 0 
5800 14038 5385 1364 359 0 26 0 0 0 
5900 13433 5989 1516 395 0 30 0 0 0 
6000 12841 6463 1681 430 0 28 0 0 0 
6100 12159 7106 1854 459 0 32 0 0 0 
6200 11579 7536 2077 509 0 44 0 0 0 
6300 11214 7967 2280 556 0 45 0 0 0 
6400 10747 8457 2429 606 0 58 0 0 0 
6500 10444 8735 2548 688 0 64 0 0 0 
6600 9984 9127 2712 725 0 71 0 0 0 
6700 9705 9364 2868 772 0 84 0 0 0 
6800 9337 9530 3064 800 0 90 0 0 0 
6900 9112 9609 3268 881 0 106 0 0 0 
7000 8984 9677 3413 977 0 120 0 0 0 
7100 8812 9692 3602 1031 0 125 0 0 0 
7200 8722 9520 3801 1079 0 137 0 0 0 
7300 8578 9286 3949 1160 0 151 0 0 0 
7400 8387 9186 4117 1222 0 184 0 0 0 
7500 8291 9038 4354 1314 0 200 0 0 0 
7600 8148 8903 4571 1411 0 213 0 0 0 
7700 8161 8675 4779 1517 0 244 0 0 0 
7800 8059 8523 5013 1612 0 274 0 0 0 
7900 7996 8383 5214 1712 0 293 0 0 0 
8000 7932 8094 5357 1815 0 298 0 0 0 
8100 7828 7935 5615 1902 0 306 0 0 0 
8200 7796 7714 5808 2032 0 348 0 0 0 
8300 7661 7454 6039 2187 0 359 0 0 0 
8400 7478 7298 6285 2227 0 373 0 0 0 
8500 7316 7080 6559 2372 0 398 0 0 0 
8600 7281 6967 6800 2474 0 429 0 0 0 
8700 7100 6799 6949 2578 0 442 0 0 0 
8800 7008 6588 7184 2772 0 472 0 0 0 
8900 6776 6484 7454 2883 0 511 0 0 0 
9000 6467 6447 7704 2977 0 532 0 0 0 
9100 6125 6303 8067 3077 0 577 0 0 0 
9200 5878 6138 8303 3185 0 615 0 0 0 
9300 5691 5874 8657 3264 0 660 0 0 0 
9400 5572 5683 8800 3429 0 726 0 0 0 
9500 5564 5648 8855 3561 0 753 2 0 0 
9600 5527 5525 8907 3740 0 766 2 0 0 
9700 5515 5460 8839 3839 0 790 2 0 0 
9800 5659 5330 8815 3890 0 780 2 0 0 
9900 5602 5300 8745 4019 0 787 2 0 0 
10000 5726 5347 8654 4051 0 795 5 0 0 
10100 5691 5310 8625 4085 2 793 7 0 0 
10200 5668 5282 8682 4050 1 791 3 0 0 
10300 5688 5276 8721 3982 2 804 4 0 0 
10400 5597 5313 8722 4063 3 802 6 0 0 
10500 5566 5450 8524 4041 4 832 4 0 0 
10600 5506 5488 8393 4064 5 819 2 0 0 
10700 5517 5485 8178 4066 7 835 3 0 0 
10800 5527 5513 7808 4179 7 883 2 0 0 
10900 5445 5478 7643 4335 8 915 5 0 0 
11000 5350 5501 7606 4419 13 921 2 0 0 
11100 5273 5448 7584 4445 14 985 4 0 0 
11200 5160 5332 7487 4468 24 1059 1 0 0 
11300 5003 5262 7466 4484 27 1084 1 0 0 
11400 4983 5214 7511 4422 29 1149 1 0 0 
11500 4906 4989 7669 4346 33 1205 1 0 0 
11600 4801 4789 7714 4267 37 1367 0 0 0 
11700 4783 4690 7668 4126 45 1504 0 0 0 
11800 4734 4557 7785 4107 42 1608 0 0 0 
11900 4720 4501 7883 3956 50 1725 0 0 0 
12000 4774 4472 7970 3875 52 1835 0 0 0 
12100 4710 4459 8085 3851 51 1936 0 0 0 
12200 4669 4269 8288 3741 63 2073 0 0 0 
12300 4718 4144 8358 3712 75 2186 0 0 0 
12400 4641 4059 8386 3662 76 2280 0 0 0 
12500 4676 4005 8541 3615 90 2459 0 0 0 
12600 4608 4024 8522 3539 92 2582 0 0 0 
12700 4695 4066 8433 3446 113 2691 0 0 0 
12800 4639 4168 8230 3352 137 2856 0 0 0 
12900 4504 4232 7957 3389 157 3011 0 0 0 
13000 4641 4253 7739 3300 183 3196 0 0 0 
13100 4630 4308 7491 3282 208 3383 0 0 0 
13200 4721 4153 7326 3210 234 3568 0 0 0 
13300 4811 4026 7209 3140 257 3817 0 0 0 
13400 4873 3903 7084 3103 278 3986 4 0 0 
13500 4906 3803 7130 3016 315 4247 5 0 0 
13600 4821 3806 7059 2933 343 4453 6 0 0 
13700 4814 3789 6932 2894 360 4634 2 0 0 
13800 4814 3798 6674 2851 392 4822 3 0 0 
13900 4895 3786 6414 2887 423 4938 1 0 0 
14000 5010 3694 6139 2936 454 5047 1 0 0 
14100 5188 3718 5985 2896 469 4913 1 0 0 
14200 5439 3706 5888 2954 522 4839 2 0 0 
14300 5579 3717 5772 2992 568 4681 4 0 0 
14400 5782 3741 5584 3119 608 4501 4 0 0 
14500 5820 3771 5369 3212 651 4328 3 0 0 
14600 5939 3816 5163 3302 660 4138 4 0 0 
14700 5991 3839 4942 3381 688 4154 3 0 0 
14800 6020 3790 4793 3446 720 4131 5 0 0 
14900 6014 3720 4744 3489 752 4067 7 0 0 
15000 5912 3543 4701 3540 796 4144 7 0 0 
15100 5831 3415 4618 3550 840 4264 9 0 0 
15200 5861 3286 4602 3515 892 4345 5 0 0 
15300 5759 3161 4487 3473 959 4520 12 0 0 
15400 5639 3104 4373 3451 972 4601 18 0 0 
15500 5568 3064 4300 3452 1036 4646 22 0 0 
15600 5501 3042 4221 3410 1083 4673 24 0 0 
15700 5508 3007 4265 3378 1138 4650 31 0 0 
15800 5513 2971 4137 3247 1215 4512 42 0 0 
15900 5518 2883 4228 3119 1258 4446 47 0 0 
16000 5609 2818 4223 3068 1329 4387 61 0 0 
16100 5694 2717 4228 3036 1409 4428 59 0 0 
16200 5799 2640 4166 3022 1456 4604 60 0 0 
16300 5770 2564 4078 3013 1569 4797 74 0 0 
16400 5732 2409 3989 2969 1663 4935 81 0 0 
16500 5691 2272 3845 2987 1731 5089 90 0 0 
16600 5659 2229 3796 3100 1825 5126 95 0 0 
16700 5741 2191 3774 3139 1886 5033 114 0 0 
16800 5694 2245 3768 3165 1991 5074 131 0 0 
16900 5651 2275 3719 3233 2096 5057 137 0 0 
17000 5711 2320 3683 3229 2123 5032 158 0 0 
17100 5654 2290 3697 3335 2258 4838 179 0 0 
17200 5654 2299 3554 3387 2341 4769 188 0 0 
17300 5632 2233 3514 3418 2396 4687 215 0 0 
17400 5671 2198 3505 3458 2509 4579 229 0 0 
17500 5697 2128 3568 3447 2570 4598 259 0 0 
17600 5674 2053 3594 3408 2679 4642 314 0 0 
17700 5671 2005 3581 3372 2847 4588 329 0 0 
17800 5644 1981 3673 3340 2917 4585 392 0 0 
17900 5499 1987 3741 3267 3133 4507 450 0 0 
18000 5324 1941 3763 3205 3306 4467 494 0 0 
18100 5173 1885 3882 3243 3460 4401 525 0 0 
18200 5006 1940 3916 3255 3650 4369 567 0 0 
18300 4934 1923 3948 3166 3800 4298 636 0 0 
18400 4726 1890 4015 3101 4044 4106 679 0 0 
18500 4659 1836 4176 2938 4244 4017 753 0 0 
18600 4545 1776 4388 2826 4385 3853 823 0 0 
18700 4304 1810 4433 2698 4629 3732 909 0 0 
18800 4224 1823 4420 2681 4844 3518 1053 0 0 
18900 4051 1918 4404 2679 5088 3344 1137 0 0 
19000 3941 1970 4341 2588 5442 3217 1253 0 0 
19100 3734 2088 4180 2561 5620 3125 1395 0 0 
19200 3534 2144 4029 2570 5954 3065 1497 0 0 
19300 3377 2147 3857 2476 6233 3070 1664 0 0 
19400 3194 2116 3780 2401 6558 3027 1846 0 0 
19500 3030 2061 3739 2278 6909 3022 1995 0 0 
19600 2973 2135 3702 2174 7107 3065 2162 0 0 
19700 3015 2125 3544 2151 7384 3026 2362 0 0 
19800 3057 2167 3460 2127 7621 3015 2516 0 0 
19900 3110 2137 3425 2131 7842 3073 2689 0 0 
20000 3023 2124 3317 2090 8074 3021 2818 0 0 
20100 3085 2081 3251 2065 8251 2985 2957 0 0 
20200 3106 2055 3189 2055 8385 2976 3156 0 0 
20300 3109 2063 3092 2042 8674 2945 3211 0 0 
20400 3202 2136 3111 2067 8819 2827 3372 0 0 
20500 3246 2162 3061 2144 9041 2770 3541 0 0 
20600 3272 2164 3057 2163 9235 2674 3653 0 0 
20700 3307 2112 3052 2172 9313 2561 3753 0 0 
20800 3307 2160 2994 2166 9541 2436 3877 0 0 
20900 3389 2156 2955 2140 9673 2373 3930 0 0 
21000 3418 2186 2880 2212 9765 2365 4013 0 0 
21100 3477 2204 2911 2248 9885 2355 4118 0 0 
21200 3600 2218 2854 2359 10005 2289 4181 0 0 
21300 3606 2323 2859 2332 10010 2346 4273 0 0 
21400 3529 2383 2857 2316 10101 2303 4291 0 0 
21500 3539 2403 2864 2320 10209 2301 4345 0 0 
21600 3593 2452 2856 2329 10267 2292 4398 0 0 
21700 3690 2567 2895 2391 10286 2247 4393 0 0 
21800 3771 2592 2877 2407 10327 2219 4494 0 0 
21900 3777 2695 2911 2427 10307 2230 4553 0 0 
22000 3768 2778 2885 2563 10272 2208 4599 0 0 
22100 3739 2792 2941 2629 10316 2235 4615 0 0 
22200 3841 2777 2930 2744 10347 2191 4663 0 0 
22300 3995 2818 2965 2834 10352 2228 4611 0 0 
22400 4028 2801 2978 2891 10365 2238 4673 0 0 
22500 4088 2764 3081 2967 10436 2218 4734 0 0 
22600 4162 2728 3139 2998 10391 2238 4634 0 0 
22700 4215 2732 3164 3074 10405 2206 4637 0 0 
22800 4258 2713 3196 3181 10406 2188 4626 0 0 
22900 4179 2675 3248 3250 10608 2167 4673 0 0 
23000 4103 2667 3269 3232 10668 2123 4744 0 0 
23100 4070 2600 3373 3244 10806 2096 4683 0 0 
23200 4109 2641 3372 3199 10868 2048 4755 0 0 
23300 4130 2662 3388 3176 10804 2048 4825 0 0 
23400 4174 2752 3486 3188 10854 2077 4739 0 0 
23500 4190 2852 3506 3165 10846 2051 4745 0 0 
23600 4138 2849 3538 3207 10828 2038 4732 0 0 
23700 4148 2882 3544 3149 10839 2021 4647 0 0 
23800 4181 2873 3588 3197 10815 2001 4629 0 0 
23900 4111 2849 3538 3273 10866 2005 4628 0 0 
24000 4245 2834 3583 3322 10856 1978 4616 0 0 
24100 4211 2782 3587 3372 10825 1941 4589 0 0 
24200 4256 2662 3599 3302 10910 1926 4589 0 0 
24300 4292 2589 3580 3274 10917 1889 4721 0 0 
24400 4407 2654 3574 3315 10938 1873 4677 0 0 
24500 4531 2716 3512 3330 10996 1846 4618 0 0 
24600 4613 2775 3455 3340 11048 1821 4570 0 0 
24700 4647 2729 3491 3247 11088 1812 4475 0 0 
24800 4674 2746 3607 3174 10967 1818 4422 0 0 
24900 4658 2775 3639 3157 10949 1870 4393 0 0 
25000 4583 2688 3592 3163 11093 1857 4387 0 0 
25100 4464 2720 3607 3101 11141 1914 4427 0 0 
25200 4402 2641 3547 3089 11295 1982 4424 0 0 
25300 4406 2595 3522 2979 11357 1992 4399 0 0 
25400 4331 2524 3491 2857 11437 2036 4468 0 0 
25500 4278 2502 3446 2771 11590 2126 4455 0 0 
25600 4231 2486 3371 2747 11708 2158 4529 0 0 
25700 4104 2454 3260 2657 11952 2228 4568 0 0 
25800 3963 2488 3191 2657 12080 2325 4617 0 0 
25900 3913 2473 3133 2579 12215 2283 4652 0 0 
26000 3935 2460 3097 2496 12374 2316 4621 0 0 
26100 4025 2440 3050 2406 12531 2320 4654 0 0 
26200 4080 2445 3038 2433 12617 2323 4644 0 0 
26300 4090 2438 3022 2374 12640 2365 4599 0 0 
26400 4249 2459 3004 2408 12719 2423 4583 0 0 
26500 4282 2505 2952 2444 12693 2445 4585 0 0 
26600 4228 2532 2891 2481 12745 2477 4548 0 0 
26700 4213 2519 2861 2512 12816 2468 4486 0 0 
26800 4226 2509 2812 2483 12848 2467 4485 0 0 
26900 4204 2461 2764 2552 12915 2497 4439 0 0 
27000 4254 2409 2746 2567 13029 2494 4479 0 0 
27100 4305 2382 2734 2599 13098 2525 4481 0 0 
27200 4348 2374 2761 2554 13045 2526 4441 0 0 
27300 4365 2350 2698 2546 13115 2619 4412 0 0 
27400 4406 2312 2674 2649 13169 2675 4413 0 0 
27500 4421 2222 2621 2805 13284 2747 4396 0 0 
27600 4523 2262 2592 2809 13436 2799 4404 0 0 
27700 4553 2258 2547 2874 13399 2829 4455 0 0 
27800 4497 2293 2547 2913 13347 2861 4494 0 0 
27900 4356 2279 2588 2837 13293 2868 4528 0 0 
28000 4366 2292 2548 2828 13264 2878 4476 0 0 
28100 4320 2268 2506 2758 13165 2890 4474 0 0 
28200 4321 2256 2470 2758 13238 2907 4517 0 0 
28300 4371 2163 2401 2783 13318 2853 4511 0 0 
28400 4329 2106 2340 2758 13334 2925 4603 0 0 
28500 4340 2118 2304 2754 13589 2955 4519 0 0 
28600 4352 2172 2275 2774 13587 2922 4521 0 0 
28700 4418 2152 2252 2818 13605 2933 4522 0 0 
28800 4458 2193 2218 2873 13625 2977 4491 0 0 
28900 4579 2192 2215 2911 13532 3022 4468 0 0 
29000 4643 2157 2268 2991 13380 3026 4525 0 0 
29100 4664 2210 2322 2998 13389 3029 4432 0 0 
29200 4686 2240 2373 3047 13358 2992 4477 0 0 
29300 4696 2291 2402 3028 13316 2927 4519 0 0 
29400 4697 2344 2438 3015 13431 2788 4579 0 0 
29500 4685 2315 2404 2930 13671 2592 4582 0 0 
29600 4668 2342 2381 2830 13819 2428 4682 0 0 
29700 4643 2326 2335 2777 13962 2321 4701 0 0 
29800 4655 2258 2325 2740 14042 2257 4812 0 0 
29900 4596 2334 2317 2747 14105 2271 4823 0 0 
30000 4587 2321 2356 2789 14306 2195 4861 0 0 
30100 4545 2288 2339 2761 14467 2230 4938 0 0 
30200 4399 2239 2348 2761 14667 2240 5024 0 0 
30300 4298 2169 2342 2776 14786 2187 5112 0 0 
30400 4298 2109 2363 2768 14832 2179 5200 0 0 
30500 4270 2070 2358 2829 14821 2149 5235 0 0 
30600 4315 2099 2328 2848 14885 2115 5322 0 0 
30700 4365 2079 2362 2949 14882 2133 5357 0 0 
30800 4347 2088 2398 3026 14879 2149 5400 0 0 
30900 4413 2108 2427 3064 14877 2161 5408 0 0 
31000 4450 2116 2417 3126 14877 2179 5386 0 0 
31100 4416 2085 2403 3202 14887 2215 5453 0 0 
31200 4459 2100 2409 3229 14809 2322 5510 0 0 
31300 4473 2199 2390 3234 14773 2382 5463 0 0 
31400 4525 2270 2335 3369 14835 2425 5448 0 0 
31500 4497 2323 2318 3431 14703 2483 5467 0 0 
31600 4520 2334 2288 3494 14666 2597 5488 0 0 
31700 4522 2370 2239 3563 14593 2577 5469 0 0 
31800 4580 2443 2273 3579 14578 2665 5468 0 0 
31900 4621 2463 2278 3579 14612 2703 5326 0 0 
32000 4614 2436 2273 3530 14508 2707 5326 0 0 
32100 4604 2448 2278 3472 14555 2754 5315 0 0 
32200 4620 2432 2366 3464 14626 2721 5232 0 0 
32300 4625 2492 2376 3392 14625 2743 5210 0 0 
32400 4627 2497 2400 3364 14515 2823 5186 0 0 
32500 4672 2614 2457 3407 14460 2842 5184 0 0 
32600 4826 2648 2508 3439 14364 2858 5146 0 0 
32700 4896 2696 2584 3412 14277 2933 5094 0 0 
32800 4972 2705 2607 3487 14128 2977 5084 0 0 
32900 4986 2773 2620 3516 14039 2990 5134 0 0 
33000 4932 2760 2681 3525 14006 3021 5110 0 0 
33100 4955 2783 2642 3520 13936 3037 5133 0 0 
33200 4889 2823 2668 3589 13879 3084 5107 0 0 
33300 4896 2934 2665 3646 13769 3144 5166 0 0 
33400 4933 3006 2652 3672 13798 3171 5209 0 0 
33500 4954 3085 2697 3676 13662 3162 5154 0 0 
33600 5054 3138 2799 3774 13603 3153 5170 0 0 
33700 5099 3238 2839 3780 13501 3206 5171 0 0 
33800 5162 3227 2924 3835 13319 3264 5105 0 0 
33900 5180 3349 2992 3824 13200 3293 5076 0 0 
34000 5188 3412 3054 3911 13054 3372 5026 0 0 
34100 5282 3491 3084 3995 12906 3448 5016 0 0 
34200 5264 3582 3141 4127 12761 3499 4983 0 0 
34300 5305 3621 3220 4181 12659 3529 4982 0 0 
34400 5203 3659 3306 4212 12526 3594 4879 0 0 
34500 5228 3743 3328 4196 12446 3604 4941 0 0 
34600 5220 3762 3387 4249 12395 3617 4933 0 0 
34700 5194 3735 3407 4295 12380 3707 4867 0 0 
34800 5053 3793 3448 4204 12337 3731 4840 0 0 
34900 4972 3802 3523 4311 12199 3805 4837 0 0 
35000 4979 3836 3539 4317 12132 3900 4828 0 0 
35100 4975 3847 3543 4277 12034 3899 4814 0 0 
35200 4883 3914 3598 4315 11967 3954 4742 0 0 
35300 4777 3929 3627 4350 11911 3973 4748 0 0 
35400 4706 3975 3595 4352 11841 4099 4670 0 0 
35500 4671 3926 3635 4300 11742 4188 4700 0 0 
35600 4657 3895 3595 4325 11672 4249 4658 0 0 
35700 4489 3895 3532 4369 11750 4312 4719 0 0 
35800 4441 3889 3490 4368 11803 4417 4720 0 0 
35900 4422 3788 3356 4318 11807 4559 4654 0 0 
36000 4315 3697 3193 4410 11730 4719 4692 2 2 
36100 4213 3574 3054 4433 11764 4810 4710 2 2 
36200 4144 3449 2845 4466 11810 4936 4796 1 1 
36300 4052 3452 2681 4444 11955 5015 4859 0 0 
36400 4005 3333 2523 4383 12037 5107 4928 0 0 
36500 3930 3176 2392 4352 12039 5280 4847 0 0 
36600 3836 3046 2201 4242 12184 5439 4851 0 0 
36700 3621 2819 2086 4160 12209 5603 4840 0 0 
36800 3591 2760 1987 4118 12329 5779 4904 0 0 
36900 3510 2746 1983 4027 12381 5893 4854 0 0 
37000 3460 2676 1977 3927 12476 6020 4931 0 0 
37100 3370 2625 1955 3903 12503 6124 4975 0 0 
37200 3323 2590 1936 3844 12540 6281 5056 0 0 
37300 3375 2607 1933 3752 12538 6350 5095 0 0 
37400 3392 2558 1947 3686 12576 6408 5148 0 0 
37500 3411 2501 1932 3640 12551 6513 5224 0 0 
37600 3436 2386 2004 3597 12504 6612 5243 0 0 
37700 3415 2334 2034 3527 12476 6778 5212 0 0 
37800 3439 2279 2039 3492 12400 6924 5267 0 0 
37900 3453 2257 2060 3427 12491 7065 5231 0 0 
38000 3453 2284 2103 3417 12515 7200 5257 0 0 
38100 3488 2241 2113 3329 12520 7334 5354 0 0 
38200 3360 2204 2133 3325 12472 7463 5322 0 0 
38300 3355 2157 2184 3305 12537 7502 5425 0 0 
38400 3343 2123 2235 3177 12457 7485 5425 0 0 
38500 3395 2115 2306 3125 12430 7538 5432 0 0 
38600 3398 2099 2346 3049 12358 7631 5405 0 0 
38700 3412 2132 2399 3019 12382 7636 5442 0 0 
38800 3457 2092 2409 3012 12332 7748 5438 0 0 
38900 3476 2133 2464 2945 12373 7787 5517 0 0 
39000 3513 2082 2454 2872 12377 7824 5448 0 0 
39100 3532 2115 2482 2845 12320 7892 5364 0 0 
39200 3597 2085 2468 2796 12279 7929 5331 0 0 
39300 3638 2046 2476 2774 12226 7995 5310 0 0 
39400 3647 2090 2515 2788 12272 7929 5377 0 0 
39500 3757 2131 2527 2841 12223 8062 5421 0 0 
39600 3769 2159 2558 2849 12163 8111 5326 0 0 
39700 3725 2154 2587 2834 12067 8143 5343 0 0 
39800 3724 2106 2583 2900 11955 8212 5255 0 0 
39900 3791 2106 2629 2939 11845 8358 5258 0 0 
40000 3838 2133 2677 2990 11679 8476 5180 0 0 
40100 3875 2138 2758 3055 11596 8515 5109 0 0 
40200 3877 2120 2793 3043 11511 8605 5063 0 0 
40300 3870 2147 2802 3101 11304 8642 5011 0 0 
40400 3867 2094 2804 3244 11254 8701 4975 0 0 
40500 3914 2077 2812 3277 11229 8736 4973 0 0 
40600 3965 2122 2845 3350 11190 8714 4896 0 0 
40700 3954 2136 2943 3340 11137 8695 4886 0 0 
40800 4049 2205 2957 3344 11173 8626 4847 0 0 
40900 4119 2216 3032 3292 11096 8613 4769 0 0 
41000 4136 2272 3085 3311 11035 8559 4742 0 0 
41100 4293 2386 3164 3256 11033 8435 4704 0 0 
41200 4316 2476 3198 3203 10974 8359 4699 0 0 
41300 4409 2532 3298 3169 10952 8210 4643 0 0 
41400 4529 2604 3308 3115 10786 8221 4659 0 0 
41500 4716 2676 3297 3052 10686 8157 4645 0 0 
41600 4832 2750 3338 2954 10611 8063 4571 0 0 
41700 4819 2891 3302 2917 10548 7881 4500 0 0 
41800 4868 2953 3327 2802 10607 7577 4470 0 0 
41900 4901 2975 3302 2710 10659 7170 4462 0 0 
42000 4896 3068 3384 2600 10580 6608 4484 0 0 
42100 4953 3126 3427 2456 10577 6061 4463 0 0 
42200 4949 3254 3557 2283 10422 5509 4332 0 0 
42300 4875 3318 3690 2186 9748 5365 4103 0 0 
42400 4753 3447 3786 2164 8973 5313 3768 0 0 
42500 4527 3568 3942 2110 8102 5253 3561 0 0 
42600 4128 3667 4057 2154 7129 5449 3433 0 0 
42700 3879 3778 4139 2112 6289 5648 3296 0 0 
42800 3578 3823 4377 2174 5584 5907 3172 0 0 
42900 3246 3822 4529 2218 4929 6133 3141 0 0 
43000 2935 3809 4651 2240 4438 6397 3094 0 0 
43100 2612 3686 5029 2297 4065 6621 3090 0 0 
43200 2365 3706 5329 2403 3871 6831 3088 0 0 
43300 2225 3655 5558 2433 3692 6982 3044 0 0 
43400 2181 3710 5740 2516 3644 7090 2945 0 0 
43500 2018 3712 5832 2616 3644 7202 2962 0 0 
43600 1894 3677 5967 2557 3702 7153 2955 0 0 
43700 1837 3561 6020 2461 3801 7116 2830 0 0 
43800 1799 3388 5919 2288 4046 7099 2804 0 0 
43900 1863 3320 5977 2220 4190 6947 2765 0 0 
44000 1871 3171 5963 2152 4383 7000 2671 0 0 
44100 1893 3021 5962 2030 4498 7008 2572 0 0 
44200 1853 2949 5991 1972 4679 6922 2458 0 0 
44300 1914 2896 5927 1907 4951 6940 2401 0 0 
44400 2006 2907 6014 1851 5068 6961 2359 0 0 
44500 2136 2780 6051 1761 5182 7022 2314 0 0 
44600 2162 2784 5995 1718 5298 7052 2258 0 0 
44700 2177 2752 5887 1682 5376 7082 2247 0 0 
44800 2168 2767 5861 1621 5539 6998 2190 0 0 
44900 2166 2747 5667 1585 5707 7017 2225 0 0 
45000 2225 2805 5499 1540 5929 6846 2281 0 0 
45100 2300 2836 5327 1517 6066 6693 2258 0 0 
45200 2394 2760 5065 1509 6363 6565 2281 0 0 
45300 2442 2674 5015 1440 6601 6359 2266 0 0 
45400 2429 2584 5062 1352 6947 6093 2224 0 0 
45500 2393 2448 5188 1271 7222 5899 2172 0 0 
45600 2352 2356 5295 1261 7479 5697 2144 0 0 
45700 2302 2315 5370 1233 7585 5526 2152 0 0 
45800 2307 2228 5420 1244 7654 5508 2154 0 0 
45900 2357 2192 5582 1254 7518 5465 2114 0 0 
46000 2411 2099 5584 1292 7408 5558 2103 0 0 
46100 2472 2124 5644 1329 7245 5818 2116 0 0 
46200 2472 2104 5669 1348 7018 6043 2094 0 0 
46300 2468 2093 5667 1404 6709 6292 2029 0 0 
46400 2443 2055 5528 1498 6452 6509 2007 0 0 
46500 2377 2030 5529 1572 6200 6691 2056 0 0 
46600 2355 2049 5511 1609 5944 6931 2089 0 0 
46700 2417 2075 5405 1724 5546 7149 2118 0 0 
46800 2479 2112 5380 1750 5264 7385 2178 0 0 
46900 2567 2161 5320 1800 4957 7554 2224 0 0 
47000 2552 2168 5338 1820 4684 7745 2234 0 0 
47100 2483 2083 5221 1753 4521 7825 2270 0 0 
47200 2550 2100 5259 1725 4369 7714 2270 0 0 
47300 2511 2149 5252 1728 4263 7759 2311 0 0 
47400 2501 2200 5302 1765 4246 7680 2371 0 0 
47500 2532 2260 5416 1784 4279 7582 2476 0 0 
47600 2504 2272 5495 1876 4339 7405 2537 0 0 
47700 2460 2300 5660 1854 4430 7143 2642 0 0 
47800 2326 2393 5733 1874 4608 6740 2734 0 0 
47900 2324 2407 5919 1835 4654 6452 2815 0 0 
48000 2263 2401 6062 1832 4775 6176 2801 0 0 
48100 2308 2289 6146 1907 4975 5956 2849 0 0 
48200 2436 2229 6085 1974 5174 5838 2915 0 0 
48300 2490 2134 6015 1929 5340 5788 2862 0 0 
48400 2571 2146 5883 1950 5476 5786 2850 0 0 
48500 2619 2065 5752 2036 5623 5814 2734 0 0 
48600 2771 2050 5551 2067 5830 5791 2621 0 0 
48700 2877 1972 5323 2163 6013 5807 2552 0 0 
48800 2951 1893 5124 2232 6065 5946 2438 0 0 
48900 2941 1836 5070 2176 6164 6150 2314 0 0 
49000 3003 1745 4907 2212 6062 6324 2150 0 0 
49100 3061 1705 4809 2206 6007 6401 2073 0 0 
49200 3035 1679 4711 2229 5913 6626 2005 0 0 
49300 3031 1651 4651 2245 5802 6791 1990 0 0 
49400 2945 1685 4721 2312 5737 7014 1906 0 0 
49500 2902 1716 4743 2385 5696 7165 1894 0 0 
49600 2871 1698 4759 2519 5589 7318 1858 0 0 
49700 2830 1671 4668 2570 5543 7483 1830 0 0 
49800 2819 1666 4693 2705 5422 7592 1810 0 0 
49900 2824 1687 4692 2769 5245 7665 1782 0 0 
50000 2785 1625 4647 2838 5071 7836 1827 0 0 
50100 2719 1611 4746 2808 4968 7841 1798 0 0 
50200 2786 1577 4770 2704 4900 7709 1816 0 0 
50300 2782 1509 4839 2662 4996 7576 1809 0 0 
50400 2797 1454 4942 2614 5060 7224 1801 0 0 
50500 2772 1504 5041 2566 5083 6967 1855 0 0 
50600 2735 1529 5066 2432 5182 6727 1926 0 0 
50700 2614 1523 5105 2318 5272 6552 2045 0 0 
50800 2575 1553 5131 2205 5341 6350 2070 0 0 
50900 2537 1578 5171 2179 5332 6173 2157 0 0 
51000 2509 1568 5204 2174 5319 6021 2235 0 0 
51100 2485 1528 5230 2172 5433 5984 2292 0 0 
51200 2515 1466 5111 2253 5520 5966 2378 0 0 
51300 2501 1454 5056 2199 5588 5825 2582 0 0 
51400 2489 1469 4909 2191 5655 5775 2663 0 0 
51500 2451 1458 4807 2124 5706 5670 2792 0 0 
51600 2394 1482 4680 2084 5798 5585 2884 0 0 
51700 2342 1498 4537 2059 5897 5511 2925 0 0 
51800 2438 1518 4434 2057 5924 5479 3014 0 0 
51900 2444 1522 4400 1985 5942 5396 3103 0 0 
52000 2505 1535 4404 1953 5793 5295 3237 0 0 
52100 2527 1517 4456 1889 5531 5105 3374 0 0 
52200 2599 1511 4515 1825 5233 5003 3501 0 0 
52300 2713 1544 4630 1700 4949 4868 3588 0 0 
52400 2730 1579 4802 1610 4767 4804 3687 0 0 
52500 2726 1617 4990 1428 4559 4708 3828 0 0 
52600 2796 1684 5225 1341 4385 4538 3942 0 0 
52700 2860 1754 5344 1323 4220 4505 4018 0 0 
52800 2942 1824 5506 1250 3969 4421 4091 0 0 
52900 3053 1805 5625 1234 3783 4386 4091 0 0 
53000 3215 1752 5709 1228 3621 4421 3933 0 0 
53100 3299 1711 5714 1243 3564 4495 3772 0 0 
53200 3379 1685 5709 1283 3585 4533 3594 0 0 
53300 3417 1613 5615 1344 3651 4520 3488 0 0 
53400 3439 1567 5437 1366 3707 4612 3591 0 0 
53500 3400 1520 5193 1377 3774 4702 3577 0 0 
53600 3395 1479 4963 1361 3849 4765 3553 0 0 
53700 3315 1463 4788 1348 3926 4932 3628 0 0 
53800 3310 1516 4578 1364 4080 5020 3621 0 0 
53900 3300 1497 4326 1333 4113 5073 3764 0 0 
54000 3375 1500 4176 1346 4046 5041 3887 0 0 
54100 3396 1532 4096 1333 4104 4920 4009 0 0 
54200 3435 1530 4049 1311 3969 4815 4205 0 0 
54300 3458 1496 4038 1223 3868 4667 4499 0 0 
54400 3429 1499 4064 1157 3798 4430 4806 0 0 
54500 3399 1510 4113 1116 3636 4246 5010 0 0 
54600 3436 1449 4124 1083 3410 4078 5209 0 0 
54700 3430 1468 4264 1090 3266 3949 5357 0 0 
54800 3575 1536 4286 1027 3151 3918 5425 0 0 
54900 3674 1573 4336 1012 3056 3891 5561 0 0 
55000 3702 1636 4320 1023 3037 3900 5595 0 0 
55100 3826 1667 4284 978 2987 3923 5519 0 0 
55200 3826 1615 4232 1016 2921 4060 5446 0 0 
55300 3885 1542 4048 1089 2816 4208 5325 2 0 
55400 3925 1488 3913 1125 2806 4293 5302 2 0 
55500 4025 1450 3800 1173 2822 4459 5355 3 0 
55600 4129 1413 3727 1159 2929 4575 5313 5 0 
55700 4208 1309 3614 1135 3002 4780 5164 5 0 
55800 4278 1226 3509 1182 3115 5040 5051 9 0 
55900 4365 1116 3406 1225 3173 5364 4779 13 0 
56000 4459 1047 3261 1251 3248 5663 4601 14 0 
56100 4496 993 3128 1294 3308 5851 4407 20 0 
56200 4622 933 3012 1307 3366 5936 4165 26 0 
56300 4523 903 2971 1329 3374 6042 4113 29 2 
56400 4484 893 2985 1336 3433 6098 4037 35 1 
56500 4321 897 2952 1385 3448 6170 4058 47 0 
56600 4144 905 2942 1370 3453 6171 4199 52 0 
56700 4009 933 2914 1365 3476 6016 4377 62 0 
56800 3916 970 2880 1366 3504 5807 4483 65 0 
56900 3768 995 2963 1236 3473 5523 4640 68 0 
57000 3787 1029 3088 1158 3469 5198 4795 81 2 
57100 3730 1086 3258 1086 3472 4991 4886 95 2 
57200 3539 1124 3509 1075 3460 4832 4988 101 2 
57300 3480 1171 3718 1055 3405 4665 5005 120 0 
57400 3506 1234 3956 1055 3303 4528 5147 126 0 
57500 3508 1270 4155 1062 3166 4444 5157 147 2 
57600 3476 1226 4256 1055 3041 4385 5141 176 6 
57700 3513 1193 4283 1117 2951 4297 5112 196 5 
57800 3483 1178 4270 1163 2888 4224 5057 222 6 
57900 3432 1142 4221 1203 2905 4170 4955 281 13 
58000 3417 1139 4235 1285 2869 4190 4933 318 25 
58100 3365 1129 4176 1352 2844 4147 4826 368 30 
58200 3345 1151 4132 1433 2798 4198 4693 463 40 
58300 3292 1143 4113 1487 2678 4294 4556 511 44 
58400 3325 1137 4095 1580 2629 4456 4381 570 58 
58500 3362 1113 3972 1610 2560 4606 4202 659 64 
58600 3454 1135 3975 1626 2516 4759 4048 696 72 
58700 3528 1124 3969 1677 2477 4887 3982 738 88 
58800 3568 1118 3944 1733 2440 4913 3837 830 116 
58900 3591 1083 3941 1751 2361 4976 3844 874 121 
59000 3619 1079 3812 1778 2339 5010 3745 934 140 
59100 3620 1025 3742 1690 2236 5066 3661 1069 154 
59200 3662 1031 3650 1703 2185 5134 3664 1127 174 
59300 3678 1065 3502 1727 2131 5196 3588 1231 198 
59400 3685 1069 3348 1758 2060 5163 3564 1308 217 
59500 3598 1097 3265 1763 2028 5145 3569 1392 239 
59600 3569 1109 3198 1788 2014 4999 3659 1448 282 
59700 3479 1114 3176 1764 1979 4918 3742 1508 328 
59800 3395 1093 3210 1769 1971 4898 3765 1576 375 
59900 3408 1110 3247 1834 2039 4748 3851 1605 427 
60000 3364 1129 3342 1839 2044 4627 3821 1660 444 
60100 3284 1115 3513 1865 2035 4587 3989 1702 424 
60200 3231 1093 3569 1878 1976 4418 4108 1822 493 
60300 3179 1138 3612 1884 1899 4302 4214 1882 495 
60400 3134 1169 3582 1948 1919 4127 4347 1943 519 
60500 3063 1120 3506 1943 1915 4087 4416 2057 578 
60600 3098 1150 3440 1944 1898 4061 4407 2143 575 
60700 3187 1146 3371 1944 1902 4088 4418 2201 611 
60800 3162 1154 3397 2004 1857 4107 4364 2257 642 
60900 3204 1103 3365 1989 1893 4088 4293 2375 676 
61000 3261 1070 3308 2155 1837 4003 4205 2475 704 
61100 3203 1028 3300 2193 1839 3951 4184 2652 756 
61200 3231 1047 3296 2325 1817 3887 4108 2731 845 
61300 3269 1084 3344 2454 1821 3742 4133 2814 891 
61400 3277 1104 3356 2519 1813 3680 4090 2964 938 
61500 3300 1147 3335 2547 1784 3697 4042 3083 1021 
61600 3284 1161 3301 2485 1756 3744 3965 3183 1048 
61700 3240 1203 3298 2350 1779 3822 3919 3308 1049 
61800 3284 1178 3260 2285 1772 3930 3819 3395 1142 
61900 3279 1148 3237 2175 1788 3930 3721 3523 1182 
62000 3316 1126 3145 2164 1799 3941 3757 3694 1237 
62100 3302 1116 3157 2128 1817 3974 3705 3838 1289 
62200 3443 1052 3064 2095 1827 3999 3670 3985 1324 
62300 3473 1009 2913 2104 1840 3989 3657 4132 1344 
62400 3496 944 2777 2082 1894 4055 3638 4325 1407 
62500 3489 908 2673 2095 1863 4105 3550 4501 1477 
62600 3466 900 2679 2130 1845 4033 3416 4670 1614 
62700 3377 874 2646 2062 1867 4036 3316 4859 1696 
62800 3226 871 2692 2046 1877 4024 3300 5058 1803 
62900 3117 850 2693 2029 1832 3947 3332 5250 1907 
63000 2936 851 2692 2046 1856 3992 3388 5386 1983 
63100 2827 832 2713 2076 1912 3976 3462 5578 2046 
63200 2828 810 2673 2113 1926 3941 3416 5720 2156 
63300 2827 800 2734 2088 1965 3829 3387 5896 2238 
63400 2826 806 2670 2018 1981 3787 3331 6145 2316 
63500 2815 806 2608 1971 2018 3625 3292 6390 2413 
63600 2750 841 2646 1966 2005 3491 3271 6634 2516 
63700 2804 927 2628 1961 1966 3363 3296 6849 2607 
63800 2796 945 2524 2079 1978 3250 3345 7058 2739 
63900 2792 952 2532 2037 1973 3153 3288 7239 2758 
64000 2711 987 2515 2005 1975 2992 3228 7434 2874 
64100 2585 992 2536 1968 1947 2911 3205 7667 3019 
64200 2497 975 2526 1924 1943 2868 3143 7936 3100 
64300 2451 1000 2525 1903 1963 2832 3062 8130 3183 
64400 2355 1001 2523 1881 1932 2898 2951 8367 3345 
64500 2325 1017 2558 1861 1917 2938 2858 8670 3482 
64600 2308 1021 2502 1870 1923 2956 2827 8938 3641 
64700 2311 1001 2465 1873 1961 3010 2788 9283 3819 
64800 2335 959 2324 1833 1969 3031 2700 9623 3941 
64900 2370 935 2169 1794 2021 3046 2552 9946 4067 
65000 2421 861 1960 1852 1992 3162 2447 10240 4218 
65100 2499 860 1923 1877 1975 3219 2412 10441 4338 
65200 2491 858 1901 1899 1843 3263 2363 10668 4399 
65300 2547 826 1880 1904 1821 3288 2325 10912 4569 
65400 2628 817 1828 1933 1801 3325 2326 11066 4698 
65500 2647 813 1836 1919 1747 3378 2367 11329 4815 
65600 2710 831 1798 1907 1773 3353 2357 11555 4888 
65700 2735 834 1763 1865 1697 3330 2290 11814 5030 
65800 2773 840 1772 1823 1655 3265 2281 12046 5135 
65900 2833 847 1757 1805 1605 3280 2225 12320 5146 
66000 2946 833 1787 1794 1627 3293 2222 12499 5232 
66100 2999 831 1796 1803 1663 3305 2193 12715 5310 
66200 3029 866 1793 1762 1659 3315 2191 12878 5483 
66300 3115 880 1774 1756 1693 3277 2218 12926 5501 
66400 3110 890 1784 1830 1723 3313 2264 12978 5532 
66500 3157 897 1755 1853 1769 3296 2257 13098 5623 
66600 3174 890 1765 1826 1803 3314 2302 13101 5626 
66700 3096 904 1768 1775 1823 3277 2359 13223 5643 
66800 3031 923 1733 1747 1921 3245 2441 13390 5751 
66900 2950 989 1757 1700 1938 3103 2487 13487 5808 
67000 2926 1025 1777 1652 1961 3032 2464 13679 5946 
67100 2897 1053 1813 1715 2018 2945 2430 13852 5989 
67200 2880 1070 1793 1696 1978 2840 2419 13943 6040 
67300 2802 1102 1840 1755 2074 2753 2405 14060 6107 
67400 2814 1084 1861 1742 2065 2660 2392 14192 6127 
67500 2830 1083 1931 1747 2035 2651 2388 14192 6118 
67600 2774 1100 1957 1786 2032 2644 2384 14223 6174 
67700 2747 1125 1979 1777 2082 2594 2433 14259 6196 
67800 2667 1107 1964 1810 2076 2594 2443 14291 6165 
67900 2622 1093 1992 1857 2130 2633 2492 14400 6200 
68000 2542 1051 1979 1882 2168 2665 2496 14450 6163 
68100 2536 1068 1949 1961 2227 2686 2508 14417 6120 
68200 2479 1076 1914 1970 2268 2747 2473 14513 6144 
68300 2493 1044 1891 1984 2269 2782 2533 14372 5922 
68400 2472 1015 1877 1996 2283 2792 2539 14226 5634 
68500 2474 978 1856 1956 2273 2826 2604 14156 5409 
68600 2501 963 1815 1985 2314 2836 2640 14038 5171 
68700 2542 935 1778 2018 2353 2824 2629 13952 4913 
68800 2517 983 1715 1994 2382 2836 2761 13814 4649 
68900 2572 947 1692 2047 2467 2838 2783 13873 4447 
69000 2585 904 1640 2034 2542 2850 2800 13821 4258 
69100 2606 892 1595 2042 2604 2886 2798 13900 4124 
69200 2718 848 1555 2037 2674 3017 2789 13964 4014 
69300 2788 866 1540 2026 2776 3064 2755 14018 3997 
69400 2827 890 1518 2047 2870 3098 2764 14189 4015 
69500 2863 851 1456 2024 2927 3162 2691 14302 3916 
69600 2912 809 1435 1980 2940 3275 2723 14249 3833 
69700 2959 782 1399 1985 2915 3329 2724 14301 3818 
69800 2988 801 1387 2023 2831 3358 2717 14335 3716 
69900 3055 768 1374 1950 2897 3415 2735 14300 3648 
70000 3050 786 1347 1929 2925 3370 2740 14406 3565 
70100 3123 792 1319 1889 2964 3320 2723 14450 3514 
70200 3154 764 1330 1800 3096 3298 2670 14588 3567 
70300 3259 742 1296 1756 3152 3257 2646 14663 3595 
70400 3328 752 1259 1815 3185 3333 2600 14765 3653 
70500 3356 757 1217 1765 3242 3381 2540 14889 3680 
70600 3445 796 1196 1784 3350 3421 2528 14859 3747 
70700 3462 786 1160 1803 3349 3483 2491 14938 3733 
70800 3501 779 1104 1817 3423 3498 2487 14947 3806 
70900 3603 782 1118 1851 3423 3455 2480 14892 3826 
71000 3656 776 1075 1859 3490 3527 2449 14992 3959 
71100 3645 765 1031 1841 3538 3546 2368 15080 4023 
71200 3728 770 1024 1927 3636 3551 2321 15062 4149 
71300 3717 753 1015 1938 3623 3565 2281 15184 4243 
71400 3704 809 1045 1970 3685 3524 2261 15197 4332 
71500 3726 850 1095 2033 3723 3627 2223 15121 4306 
71600 3705 886 1109 2117 3698 3652 2216 15168 4375 
71700 3710 851 1106 2155 3760 3633 2254 15168 4462 
71800 3726 893 1123 2222 3758 3653 2298 15044 4473 
71900 3618 901 1116 2317 3720 3665 2283 15202 4599 
72000 3575 926 1152 2314 3743 3723 2239 15135 4644 
72100 3586 947 1178 2363 3681 3763 2223 15153 4598 
72200 3541 968 1233 2363 3671 3762 2215 15182 4647 
72300 3568 981 1236 2403 3698 3846 2192 15053 4673 
72400 3586 1002 1270 2489 3745 3871 2161 15062 4710 
72500 3610 1069 1252 2529 3827 3843 2145 15099 4729 
72600 3641 1100 1288 2586 3883 3798 2189 14948 4786 
72700 3638 1151 1317 2644 3885 3799 2259 14839 4788 
72800 3706 1192 1340 2682 3862 3819 2241 14878 4843 
72900 3696 1242 1343 2732 3844 3825 2273 15003 4870 
73000 3760 1299 1365 2778 3912 3896 2250 14877 4900 
73100 3773 1335 1370 2858 3902 3952 2275 14805 4897 
73200 3799 1327 1393 2937 3947 3914 2246 14778 4919 
73300 3826 1359 1419 2980 3979 3887 2229 14674 4913 
73400 3811 1360 1445 3071 3947 3952 2209 14612 4884 
73500 3806 1401 1523 3130 3930 3979 2212 14436 4933 
73600 3862 1448 1566 3231 3974 3989 2206 14387 4980 
73700 3830 1477 1528 3270 3977 4040 2163 14374 4971 
73800 3895 1588 1547 3334 4004 4042 2095 14294 5014 
73900 3887 1602 1527 3360 4038 4016 2078 14247 5001 
74000 3862 1584 1505 3372 4019 4018 2076 14229 5016 
74100 3926 1646 1532 3460 4024 4009 2063 14098 4978 
74200 3869 1668 1540 3569 4043 4012 2080 13992 5010 
74300 3900 1683 1565 3661 4096 4044 2090 13991 5010 
74400 3932 1679 1566 3714 4163 4080 2055 13954 5069 
74500 4016 1684 1568 3763 4173 4089 2058 13941 5076 
74600 4053 1712 1578 3772 4179 4029 2010 13965 5099 
74700 4135 1773 1619 3789 4198 4012 1947 13937 5097 
74800 4183 1766 1644 3856 4232 4086 1913 13895 5114 
74900 4225 1775 1625 3864 4253 4062 1891 13861 5122 
75000 4254 1798 1620 4003 4280 4129 1901 13716 5070 
