1 1 1 1 1 1 1 1 1 1 -1 -1 -1 -1 1 1 1 1 1 1 
1 1 1 1 -1 1 1 1 1 1 1 -1 -1 -1 -1 1 1 1 1 1 
1 1 1 1 1 1 1 1 1 1 1 1 -1 -1 1 1 1 1 1 1 
1 1 1 1 1 1 1 1 1 1 1 1 1 1 1 1 1 1 1 1 
1 1 1 -1 1 1 -1 1 1 1 1 1 1 1 1 1 1 1 1 1 
1 1 1 1 1 1 1 1 1 1 1 1 1 1 1 -1 1 1 1 1 
1 1 1 1 1 1 1 1 1 1 1 -1 1 1 1 -1 -1 -1 1 1 
-1 -1 1 1 1 1 1 1 -1 1 1 1 1 1 1 1 -1 -1 -1 -1 
-1 1 1 1 1 1 1 1 1 -1 1 -1 1 1 1 1 -1 -1 -1 -1 
-1 -1 1 -1 -1 1 1 1 1 1 -1 1 1 1 1 1 -1 -1 -1 -1 
-1 -1 -1 -1 -1 1 1 1 1 1 1 1 1 1 1 -1 1 1 -1 -1 
-1 -1 -1 -1 -1 1 1 1 1 1 1 1 1 1 1 1 1 -1 -1 -1 
-1 -1 -1 -1 1 -1 1 -1 -1 1 1 -1 1 1 1 1 1 -1 -1 -1 
-1 -1 -1 1 -1 -1 -1 -1 -1 -1 1 1 1 1 1 1 -1 -1 -1 -1 
-1 1 1 -1 -1 -1 -1 -1 -1 -1 -1 1 1 -1 -1 1 1 -1 1 -1 
1 1 -1 -1 1 -1 -1 -1 -1 -1 -1 -1 1 -1 -1 -1 -1 -1 -1 1 
1 1 -1 1 1 -1 1 1 -1 -1 -1 -1 -1 1 -1 -1 1 -1 1 -1 
1 1 1 1 1 1 -1 -1 -1 -1 -1 -1 1 1 1 -1 -1 1 1 1 
1 1 1 1 -1 1 1 1 -1 -1 -1 -1 1 1 1 1 1 1 1 1 
1 1 1 1 1 1 1 -1 -1 1 1 -1 -1 1 1 -1 1 1 1 1 
1 -1 1 -1 1 1 1 1 1 1 -1 -1 -1 1 1 1 1 1 1 1 
-1 1 1 1 1 1 1 -1 1 -1 -1 -1 -1 1 1 1 1 -1 1 1 
1 1 1 1 -1 -1 1 1 -1 -1 -1 -1 -1 -1 1 -1 1 1 1 1 
1 1 1 1 1 -1 -1 1 1 -1 -1 -1 -1 1 -1 -1 1 1 1 1 
-1 1 1 1 1 1 1 -1 -1 -1 -1 -1 -1 -1 1 -1 1 1 1 1 
1 1 1 -1 1 1 1 -1 1 -1 -1 -1 -1 -1 1 1 -1 1 1 -1 
1 1 1 1 1 -1 1 -1 1 1 -1 -1 -1 -1 1 -1 -1 -1 -1 1 
1 -1 1 1 1 1 1 1 1 1 1 1 -1 -1 -1 1 -1 -1 1 1 
1 1 1 1 1 -1 1 1 1 1 1 1 1 1 1 1 1 -1 1 -1 
1 1 1 1 1 1 -1 1 1 1 -1 1 1 1 1 -1 -1 -1 -1 1 
-1 -1 1 1 1 1 1 1 -1 1 -1 1 -1 1 1 1 -1 -1 -1 -1 
-1 -1 -1 1 1 1 1 1 -1 1 -1 1 -1 -1 -1 -1 -1 -1 -1 -1 
-1 -1 -1 -1 1 1 1 1 -1 -1 1 -1 -1 -1 -1 -1 -1 -1 -1 -1 
-1 -1 -1 1 1 -1 1 1 1 -1 -1 -1 -1 -1 -1 -1 -1 -1 -1 -1 
1 -1 1 1 1 1 1 1 -1 -1 -1 -1 -1 -1 -1 1 1 1 -1 1 
-1 1 1 1 1 1 1 1 1 1 1 1 1 -1 -1 1 1 -1 1 1 
1 1 -1 1 1 1 -1 1 1 1 1 1 -1 -1 -1 1 -1 1 1 1 
-1 -1 -1 1 1 1 -1 -1 1 1 -1 1 -1 1 1 1 1 1 1 1 
-1 1 1 1 1 1 1 1 1 1 1 1 -1 1 1 1 1 1 1 1 
-1 1 1 -1 1 1 1 1 1 -1 -1 -1 1 1 1 1 1 1 -1 1 
1 1 1 1 1 1 1 1 1 1 1 1 -1 1 1 1 -1 1 1 1 
1 1 -1 -1 1 1 1 1 1 1 1 1 1 1 1 1 1 1 1 1 
1 1 1 1 1 1 1 1 1 -1 1 1 1 1 1 -1 1 1 1 1 
1 1 1 1 1 1 1 1 1 1 -1 1 1 1 1 -1 -1 1 1 1 
1 1 1 1 1 -1 1 -1 1 1 -1 -1 1 1 1 1 1 1 1 1 
-1 1 1 1 1 1 1 1 1 -1 -1 -1 -1 1 1 1 1 1 1 1 
1 1 1 1 1 1 1 1 1 1 -1 1 -1 -1 1 1 1 1 1 1 
1 1 1 -1 1 1 1 1 1 -1 1 -1 1 -1 1 -1 -1 -1 1 1 
1 1 1 1 1 1 -1 1 1 1 1 1 -1 -1 1 -1 1 1 1 1 
1 1 1 1 1 1 -1 1 -1 1 -1 1 -1 1 1 1 1 1 1 -1 
-1 -1 1 1 1 -1 1 -1 1 -1 1 -1 1 1 1 -1 -1 1 1 1 
1 1 1 1 1 1 1 1 -1 -1 1 1 1 1 1 1 -1 -1 -1 -1 
-1 1 -1 1 -1 1 1 1 -1 1 -1 1 1 1 1 -1 -1 -1 -1 -1 
-1 -1 -1 1 1 1 -1 1 1 1 1 1 -1 1 1 1 -1 -1 -1 -1 
-1 -1 1 1 -1 1 1 1 -1 -1 -1 1 1 1 1 1 -1 -1 1 -1 
1 1 -1 1 1 1 1 1 1 1 1 1 1 1 1 1 -1 1 1 1 
1 1 1 -1 1 1 1 1 1 1 1 1 1 -1 -1 1 1 1 1 -1 
-1 1 -1 -1 1 1 1 1 -1 1 -1 1 -1 1 1 1 1 1 -1 -1 
1 1 1 1 1 1 1 1 -1 -1 -1 -1 1 1 1 1 1 1 -1 -1 
1 1 1 1 1 1 1 1 1 -1 -1 -1 1 1 1 1 1 -1 1 1 
1 1 -1 1 1 -1 -1 -1 -1 -1 -1 -1 1 1 1 1 -1 1 1 1 
1 1 1 1 1 1 -1 -1 -1 -1 -1 -1 -1 -1 1 1 -1 1 -1 1 
1 1 1 1 -1 1 -1 -1 -1 -1 -1 -1 -1 -1 -1 1 1 1 1 -1 
1 1 1 1 -1 -1 -1 -1 -1 -1 -1 -1 -1 -1 -1 -1 1 1 1 1 
1 1 -1 -1 -1 -1 -1 -1 -1 -1 -1 -1 -1 -1 -1 -1 1 1 1 -1 
-1 -1 -1 -1 -1 -1 -1 -1 -1 -1 -1 -1 -1 -1 -1 -1 -1 1 -1 1 
-1 -1 -1 -1 -1 -1 -1 -1 1 -1 -1 -1 -1 -1 -1 -1 1 1 -1 -1 
-1 -1 -1 -1 -1 1 1 1 -1 -1 -1 -1 -1 -1 -1 -1 -1 -1 -1 -1 
-1 -1 -1 -1 -1 1 -1 -1 -1 -1 -1 -1 -1 -1 -1 -1 -1 -1 -1 -1 
-1 -1 -1 -1 -1 1 -1 -1 -1 -1 -1 -1 -1 -1 -1 -1 -1 -1 -1 -1 
-1 -1 -1 -1 -1 -1 1 -1 -1 -1 -1 -1 -1 -1 -1 -1 -1 -1 -1 -1 
1 -1 -1 -1 -1 -1 -1 -1 -1 -1 -1 1 -1 -1 -1 -1 -1 -1 -1 -1 
1 1 1 -1 -1 -1 -1 -1 1 -1 1 -1 -1 -1 -1 -1 -1 -1 -1 -1 
1 1 1 1 1 -1 -1 -1 -1 1 -1 -1 1 -1 1 1 -1 1 -1 1 
1 1 1 1 1 -1 -1 -1 -1 -1 -1 -1 -1 1 -1 1 1 1 1 1 
1 -1 -1 -1 1 -1 -1 -1 -1 1 -1 1 1 -1 1 1 -1 -1 1 1 
1 -1 1 -1 -1 1 1 -1 -1 1 1 1 1 -1 1 1 1 -1 -1 -1 
1 1 1 1 1 1 1 1 -1 1 1 1 -1 1 1 1 -1 -1 1 1 
1 1 1 1 1 -1 1 1 1 -1 -1 -1 1 1 1 1 1 -1 1 1 
1 1 1 1 -1 1 -1 -1 -1 -1 -1 1 1 1 1 -1 -1 1 -1 1 
1 1 1 1 -1 -1 1 -1 -1 -1 -1 -1 1 1 1 1 -1 1 1 1 
1 1 1 1 1 1 -1 -1 -1 -1 1 1 1 1 1 1 -1 -1 1 1 
-1 1 1 1 1 -1 1 1 -1 -1 -1 1 -1 -1 1 1 1 -1 1 -1 
1 1 1 1 1 1 1 -1 -1 -1 -1 -1 1 1 1 1 1 -1 -1 -1 
1 1 1 1 1 1 1 -1 1 -1 -1 -1 1 1 1 -1 1 1 1 1 
1 1 1 1 1 1 1 1 1 -1 -1 -1 -1 1 1 1 1 1 1 1 
1 1 1 1 1 1 1 1 1 -1 -1 -1 -1 -1 1 1 1 1 1 1 
1 1 1 1 1 1 1 1 -1 -1 -1 -1 -1 -1 1 1 1 1 1 1 
1 1 1 1 1 1 1 1 -1 -1 -1 -1 -1 -1 1 1 1 1 1 1 
1 1 1 1 1 1 1 1 1 -1 -1 -1 -1 1 1 1 1 1 1 1 
1 1 1 1 1 -1 1 1 1 1 1 1 1 1 1 1 1 1 1 1 
-1 -1 1 1 -1 1 1 1 -1 1 1 1 1 1 1 1 1 1 1 1 
1 1 1 1 1 1 -1 1 1 1 1 1 1 1 1 1 1 1 1 1 
1 -1 -1 1 -1 1 -1 -1 1 1 -1 1 1 1 1 1 1 1 1 1 
1 -1 -1 -1 1 -1 1 1 1 -1 1 1 1 -1 1 1 1 1 1 1 
1 1 1 1 1 1 1 -1 -1 1 -1 1 1 -1 -1 1 1 1 1 -1 
1 1 -1 1 1 1 1 -1 -1 1 1 1 -1 1 1 1 1 1 1 1 
1 1 1 1 1 -1 1 -1 -1 -1 1 -1 -1 -1 1 -1 -1 1 1 1 
-1 1 -1 1 1 -1 -1 -1 1 1 1 -1 1 -1 1 -1 1 -1 1 1 
1 1 -1 1 1 1 -1 1 1 1 1 1 -1 1 1 1 1 1 1 1 
1 -1 1 1 1 1 1 1 1 1 1 -1 1 1 1 1 1 1 1 1 
1 1 1 1 1 1 1 1 1 1 1 -1 1 1 1 1 1 1 1 1 
1 1 1 1 1 1 1 -1 -1 1 1 1 1 1 1 1 1 1 1 1 
1 -1 1 -1 1 2 2 -1 1 1 -1 -1 -1 -1 1 1 -1 -1 1 1 
1 1 1 1 1 1 2 1 1 -1 -1 -1 -1 1 1 -1 -1 -1 -1 -1 
1 1 1 1 1 1 1 1 1 -1 -1 1 1 -1 1 -1 1 -1 -1 -1 
1 1 1 1 1 1 -1 1 -1 -1 1 1 1 1 1 1 1 1 1 1 
-1 1 1 1 -1 -1 1 -1 -1 -1 1 1 1 1 1 -1 1 1 1 -1 
-1 -1 1 1 -1 -1 1 -1 -1 -1 1 1 1 -1 -1 -1 1 1 1 1 
1 -1 1 1 1 1 1 1 1 1 1 1 1 -1 -1 -1 -1 1 1 1 
1 1 1 1 1 1 1 1 1 1 1 1 1 -1 1 -1 -1 -1 1 -1 
-1 1 1 1 1 1 1 1 1 1 1 1 -1 1 1 -1 -1 -1 -1 -1 
-1 1 1 1 1 1 1 1 1 1 1 -1 -1 -1 1 -1 -1 -1 -1 -1 
-1 1 -1 1 1 1 1 1 1 1 1 1 -1 1 1 1 -1 -1 -1 -1 
-1 1 1 1 1 1 1 1 -1 -1 -1 -1 -1 -1 1 -1 1 1 -1 -1 
1 1 1 1 -1 1 1 1 1 -1 -1 -1 -1 -1 1 1 1 1 -1 1 
1 1 -1 1 1 1 1 1 -1 -1 -1 -1 -1 -1 1 1 1 -1 1 1 
1 1 1 -1 -1 1 1 -1 -1 1 -1 -1 1 1 1 1 1 1 1 1 
1 1 1 -1 1 1 1 1 1 -1 -1 -1 1 1 1 1 1 -1 1 -1 
1 1 -1 1 1 1 -1 1 1 1 -1 -1 -1 1 -1 1 1 1 1 1 
1 1 1 1 1 1 -1 -1 1 1 1 1 1 1 1 -1 2 2 2 1 
-1 1 1 -1 1 -1 1 -1 -1 1 1 1 1 1 -1 2 -1 1 1 1 
1 1 1 1 -1 1 1 -1 1 1 -1 -1 1 1 1 -1 -1 1 1 1 
-1 1 1 1 1 1 -1 1 -1 -1 -1 -1 1 1 1 -1 -1 1 -1 1 
1 1 1 1 1 -1 1 -1 -1 -1 -1 1 1 1 -1 -1 1 1 -1 -1 
-1 1 1 1 -1 -1 -1 -1 -1 -1 -1 -1 1 1 1 1 1 1 -1 -1 
-1 -1 1 -1 1 -1 -1 -1 -1 -1 -1 1 -1 -1 1 1 -1 1 1 -1 
-1 -1 -1 -1 -1 -1 -1 -1 -1 -1 1 1 1 -1 1 1 1 1 1 1 
-1 1 1 1 -1 -1 -1 -1 -1 1 1 -1 1 -1 -1 1 1 1 1 -1 
-1 -1 1 -1 1 -1 -1 -1 1 1 1 -1 1 1 1 1 1 1 -1 -1 
-1 1 -1 1 -1 -1 -1 -1 -1 -1 1 -1 1 1 1 1 1 1 -1 1 
-1 1 1 1 1 1 -1 -1 -1 -1 1 -1 1 1 1 -1 1 1 1 1 
1 -1 1 1 1 -1 1 1 1 1 -1 -1 1 1 1 1 1 1 1 1 
1 1 -1 1 1 1 1 1 1 1 1 1 1 1 -1 1 1 1 1 1 
1 1 1 1 1 1 1 1 1 -1 1 1 1 1 1 1 1 1 1 -1 
1 1 1 1 1 1 1 1 1 1 1 1 2 1 1 1 1 1 -1 -1 
-1 1 1 1 1 1 1 1 -1 1 1 1 1 1 1 1 -1 -1 1 1 
1 1 1 1 1 1 1 -1 -1 1 1 1 1 1 1 2 2 2 1 1 
1 1 1 1 -1 1 1 -1 -1 1 1 1 1 1 1 -1 1 2 1 1 
1 1 1 1 1 1 -1 -1 1 1 1 1 1 1 -1 2 2 1 1 1 
-1 1 -1 1 1 1 -1 1 1 -1 1 1 1 -1 -1 1 1 1 1 1 
1 -1 1 1 1 1 1 1 1 1 -1 1 -1 -1 -1 1 -1 -1 -1 1 
1 1 1 1 1 1 -1 1 1 -1 1 1 -1 1 1 -1 1 -1 1 1 
-1 1 1 -1 1 1 1 -1 1 1 1 1 1 1 1 1 1 1 1 1 
1 1 1 1 1 1 1 1 1 1 1 -1 1 -1 1 -1 1 1 1 1 
1 1 1 1 1 1 -1 1 1 1 1 1 1 1 -1 1 1 1 1 1 
-1 1 1 1 1 1 1 1 -1 1 1 1 1 1 -1 1 1 1 1 -1 
-1 1 -1 1 1 1 -1 -1 1 1 1 1 1 1 1 1 1 1 1 -1 
1 1 -1 1 1 1 -1 -1 1 1 1 1 1 1 -1 1 1 1 1 -1 
1 1 1 -1 -1 -1 1 1 1 1 1 1 1 -1 1 1 1 -1 -1 1 
1 1 1 1 -1 -1 1 1 1 1 1 1 1 -1 -1 1 1 -1 -1 1 
-1 -1 -1 1 1 1 1 1 -1 1 1 1 -1 -1 -1 1 -1 1 -1 -1 
-1 -1 -1 -1 -1 -1 1 1 1 1 1 1 1 -1 -1 -1 1 1 1 -1 
-1 1 -1 1 -1 -1 -1 -1 1 1 -1 -1 1 -1 -1 -1 1 -1 1 -1 
1 -1 1 1 -1 -1 -1 -1 1 1 -1 -1 -1 -1 -1 -1 1 1 1 -1 
-1 1 1 -1 -1 -1 1 -1 1 -1 -1 -1 -1 -1 -1 -1 1 1 1 1 
1 -1 -1 -1 -1 -1 -1 1 -1 -1 -1 -1 -1 -1 -1 -1 -1 -1 1 1 
1 1 1 1 -1 -1 -1 -1 -1 -1 -1 -1 -1 1 -1 -1 -1 1 1 1 
1 1 1 1 1 1 -1 -1 -1 -1 -1 -1 -1 -1 1 1 1 -1 1 1 
1 1 1 1 1 1 1 -1 -1 -1 -1 -1 1 -1 -1 1 1 1 1 1 
1 1 1 1 1 1 1 -1 -1 -1 -1 -1 -1 -1 -1 -1 1 1 1 1 
1 1 1 1 1 1 1 -1 -1 -1 -1 -1 -1 -1 -1 1 1 1 1 1 
1 1 1 1 1 -1 1 1 -1 -1 -1 -1 -1 1 1 1 1 1 1 1 
1 1 1 1 1 1 1 1 -1 -1 -1 -1 1 1 1 1 1 1 1 1 
1 1 1 1 1 1 1 1 -1 -1 -1 -1 -1 -1 1 1 1 1 1 1 
1 1 1 -1 1 1 1 -1 -1 -1 -1 -1 -1 -1 1 -1 -1 -1 1 1 
1 -1 -1 -1 -1 -1 1 1 1 -1 -1 -1 -1 -1 -1 1 -1 -1 1 1 
-1 -1 -1 -1 -1 -1 1 1 1 -1 -1 -1 -1 -1 -1 -1 1 -1 -1 -1 
1 -1 -1 -1 -1 -1 1 1 1 -1 -1 -1 -1 -1 -1 -1 -1 -1 -1 1 
-1 -1 -1 -1 -1 1 -1 1 1 -1 -1 -1 -1 -1 -1 -1 -1 1 1 1 
1 1 -1 1 1 1 -1 1 1 -1 -1 -1 -1 -1 -1 -1 -1 -1 1 1 
1 1 1 1 1 -1 1 -1 -1 -1 -1 -1 -1 -1 -1 -1 1 1 1 -1 
-1 1 1 1 -1 1 -1 1 -1 -1 -1 -1 -1 -1 -1 -1 1 1 -1 -1 
1 1 1 1 1 1 1 -1 -1 -1 -1 -1 -1 -1 -1 -1 1 -1 -1 -1 
1 1 1 1 1 -1 1 -1 -1 -1 -1 -1 -1 1 -1 1 1 -1 1 1 
1 1 1 1 1 -1 -1 1 -1 -1 -1 1 1 -1 1 1 -1 -1 -1 1 
1 1 1 1 -1 1 1 -1 -1 1 -1 -1 1 -1 1 1 1 1 1 1 
1 1 1 1 1 1 1 -1 -1 -1 -1 -1 -1 -1 -1 1 -1 -1 1 1 
1 1 1 1 1 1 1 1 -1 -1 -1 -1 -1 1 1 1 1 1 1 1 
1 1 1 1 1 1 1 1 -1 -1 -1 -1 1 -1 1 1 1 1 1 1 
1 -1 1 -1 1 1 1 -1 1 -1 -1 1 1 1 -1 -1 1 1 1 1 
1 -1 1 1 1 1 1 1 -1 -1 -1 -1 1 -1 -1 1 1 1 1 1 
1 -1 1 1 1 1 1 1 1 -1 -1 -1 1 1 -1 -1 -1 1 -1 1 
-1 1 1 1 1 1 -1 1 -1 -1 -1 -1 -1 -1 1 -1 -1 1 -1 1 
-1 1 1 1 1 1 1 1 -1 -1 1 -1 -1 -1 -1 -1 1 -1 1 -1 
-1 1 1 1 1 1 1 1 1 1 -1 1 -1 1 -1 -1 -1 1 1 -1 
-1 1 1 1 1 1 1 1 1 1 1 1 1 1 1 1 -1 1 1 -1 
-1 1 1 1 1 1 1 1 1 1 1 1 1 1 1 1 -1 1 1 -1 
1 1 1 1 1 1 1 1 1 1 1 1 1 1 1 1 1 1 1 1 
1 1 1 1 1 1 1 1 1 1 1 1 1 1 1 1 1 1 1 1 
1 1 1 1 1 1 1 1 1 1 1 1 -1 -1 1 1 1 1 1 -1 
1 1 -1 1 1 1 1 1 1 1 1 1 1 1 1 1 1 1 1 1 
1 1 1 1 1 1 1 1 -1 1 1 1 1 1 1 1 1 -1 1 1 
1 1 1 1 1 1 1 1 -1 -1 1 1 1 1 1 1 1 1 1 1 
1 1 1 1 1 1 1 1 -1 -1 -1 1 1 1 1 -1 1 1 1 1 
1 1 1 1 1 1 1 -1 1 1 1 -1 1 1 1 1 1 1 1 1 
1 1 1 1 1 1 1 -1 1 1 -1 1 -1 -1 -1 1 1 1 1 1 
1 1 1 1 1 1 -1 1 1 1 -1 -1 -1 1 -1 1 -1 1 -1 1 
1 -1 1 1 1 1 1 1 -1 1 1 1 -1 -1 -1 1 1 1 1 1 
1 1 1 1 1 1 -1 -1 -1 1 1 -1 -1 -1 -1 -1 1 1 1 1 
1 1 1 1 -1 -1 -1 -1 -1 -1 -1 -1 -1 1 -1 1 1 1 1 -1 
1 1 1 1 -1 -1 -1 -1 -1 -1 -1 -1 1 1 -1 -1 1 1 1 1 
1 1 1 -1 -1 -1 -1 -1 -1 -1 -1 -1 -1 -1 1 -1 1 1 -1 1 
1 1 1 -1 -1 -1 -1 -1 -1 -1 -1 -1 -1 -1 -1 -1 -1 -1 -1 1 
1 -1 1 1 1 -1 1 -1 -1 -1 -1 -1 -1 -1 -1 -1 -1 -1 -1 1 
1 1 1 1 1 1 -1 -1 -1 -1 -1 -1 -1 -1 -1 -1 1 1 1 1 
1 1 1 1 1 -1 -1 -1 -1 -1 -1 -1 -1 -1 1 -1 -1 1 1 -1 
1 -1 1 1 1 -1 -1 -1 -1 -1 -1 1 -1 -1 -1 1 1 1 1 1 
-1 -1 -1 -1 -1 -1 -1 -1 -1 -1 -1 1 -1 -1 -1 1 1 1 -1 -1 
-1 -1 -1 -1 -1 -1 -1 -1 -1 -1 -1 -1 -1 -1 -1 1 1 1 -1 -1 
-1 -1 -1 -1 -1 -1 -1 -1 -1 -1 1 -1 -1 -1 -1 1 1 1 -1 -1 
-1 -1 -1 -1 -1 -1 -1 -1 -1 1 -1 -1 -1 -1 -1 -1 -1 -1 -1 -1 
-1 -1 -1 -1 -1 -1 -1 -1 -1 1 1 1 -1 -1 -1 -1 -1 -1 -1 -1 
-1 -1 -1 -1 -1 -1 -1 -1 1 1 1 -1 -1 -1 -1 -1 -1 -1 -1 -1 
-1 1 -1 1 -1 -1 -1 -1 -1 -1 -1 -1 -1 -1 -1 -1 -1 -1 -1 -1 
1 1 -1 -1 -1 -1 -1 -1 -1 -1 -1 -1 -1 -1 -1 -1 -1 -1 -1 -1 
1 -1 -1 -1 -1 -1 -1 -1 -1 -1 -1 -1 -1 -1 -1 -1 -1 -1 -1 -1 
-1 1 -1 -1 -1 1 1 -1 -1 -1 -1 -1 -1 -1 -1 -1 1 -1 -1 1 
1 1 -1 1 -1 -1 -1 -1 -1 -1 -1 -1 -1 -1 1 1 -1 -1 1 -1 
-1 1 1 -1 1 1 -1 -1 -1 -1 -1 -1 -1 1 -1 -1 1 1 1 1 
1 1 1 1 1 1 1 1 1 -1 1 1 1 1 1 1 1 -1 1 1 
1 1 1 1 1 1 1 1 1 1 1 1 -1 1 1 1 -1 1 1 1 
1 1 1 1 1 1 1 1 1 -1 1 1 1 1 1 1 -1 1 1 1 
1 -1 1 1 1 1 1 1 -1 -1 1 1 1 -1 1 1 -1 1 1 1 
1 1 1 1 1 1 1 1 -1 -1 1 -1 -1 1 -1 -1 -1 -1 1 1 
1 1 1 1 1 1 1 1 -1 -1 1 1 1 1 1 1 -1 1 1 1 
1 1 1 1 1 -1 -1 1 1 1 -1 1 1 1 -1 1 1 1 1 1 
1 1 1 1 -1 -1 -1 1 1 1 1 1 1 1 1 -1 1 1 1 1 
1 -1 1 -1 -1 -1 -1 -1 -1 -1 1 1 1 1 1 1 -1 -1 1 1 
-1 1 1 -1 -1 -1 -1 -1 -1 -1 -1 -1 1 1 -1 -1 -1 -1 1 -1 
1 1 -1 1 -1 -1 3 -1 -1 -1 1 -1 -1 1 -1 -1 -1 -1 1 -1 
-1 -1 1 -1 1 1 -1 3 -1 1 -1 1 1 1 -1 -1 -1 -1 1 1 
1 1 1 -1 1 1 1 3 1 1 1 1 1 1 -1 -1 -1 1 1 1 
1 1 1 1 1 -1 4 1 1 1 1 1 1 1 1 1 -1 -1 -1 1 
-1 1 1 1 1 -1 1 4 1 1 1 1 1 1 1 1 1 1 1 -1 
-1 1 1 1 1 1 1 1 1 1 -1 1 1 1 3 1 1 1 1 1 
1 1 1 1 1 1 1 1 1 1 1 1 1 1 3 1 1 1 -1 1 
1 1 1 1 1 -1 1 1 -1 1 1 1 1 3 1 1 1 1 1 -1 
1 1 1 1 1 1 1 1 -1 1 1 1 1 1 1 1 1 1 -1 1 
1 1 1 1 1 1 1 -1 1 1 -1 1 1 -1 -1 1 1 1 1 -1 
1 1 1 1 1 1 1 -1 1 -1 1 1 1 1 1 1 1 1 1 1 
1 -1 -1 1 1 1 1 1 1 1 1 1 1 -1 1 1 1 1 1 1 
1 1 1 1 1 1 1 1 1 1 1 -1 1 1 1 1 1 1 1 1 
1 1 1 1 1 1 1 1 -1 1 1 1 1 1 1 1 1 1 1 1 
1 1 -1 1 1 1 1 1 1 1 -1 -1 1 1 -1 -1 -1 1 1 1 
1 1 1 1 1 1 1 1 1 1 1 1 1 1 -1 -1 1 1 1 1 
1 1 1 1 1 1 1 -1 -1 1 1 1 1 1 1 1 1 1 1 1 
1 1 1 1 1 -1 -1 -1 1 1 1 1 1 1 1 -1 1 1 -1 1 
1 1 1 1 1 -1 -1 -1 1 1 1 1 1 1 1 -1 1 1 1 -1 
-1 1 1 1 1 -1 1 1 1 1 1 1 1 1 -1 1 -1 1 1 1 
-1 -1 1 -1 -1 1 1 1 1 1 1 1 1 1 1 -1 -1 1 -1 -1 
-1 -1 -1 -1 1 -1 1 1 -1 1 1 1 1 1 1 1 -1 1 -1 -1 
-1 1 1 -1 -1 1 1 1 1 1 1 1 1 1 -1 1 1 -1 -1 -1 
-1 -1 1 1 1 1 1 1 -1 1 1 1 -1 1 1 1 1 1 1 1 
-1 -1 1 1 1 1 -1 -1 1 1 1 1 1 -1 1 1 1 1 1 -1 
1 1 1 1 -1 1 1 -1 -1 -1 1 1 -1 -1 1 1 1 -1 -1 1 
1 1 1 1 -1 1 -1 -1 -1 -1 1 1 1 1 -1 -1 -1 1 1 1 
-1 1 -1 1 1 1 -1 -1 -1 1 -1 1 -1 -1 1 1 1 1 1 1 
-1 -1 1 1 1 1 1 -1 -1 -1 1 -1 -1 -1 1 1 -1 1 1 1 
-1 1 1 1 1 1 -1 1 -1 -1 -1 1 -1 1 1 1 1 1 1 -1 
-1 1 -1 1 1 1 1 -1 -1 -1 -1 -1 -1 -1 1 1 1 -1 -1 1 
-1 1 1 1 1 1 1 1 1 -1 -1 -1 -1 -1 1 1 -1 1 -1 -1 
1 -1 1 -1 1 1 -1 -1 -1 -1 -1 -1 1 1 1 1 1 1 -1 1 
1 1 -1 -1 -1 -1 -1 1 -1 -1 -1 -1 -1 -1 1 1 1 1 1 1 
1 1 1 -1 -1 -1 -1 1 -1 -1 -1 -1 -1 -1 1 1 1 1 1 1 
1 1 1 -1 -1 -1 1 1 -1 1 -1 -1 -1 1 1 1 1 1 1 1 
1 1 -1 -1 -1 1 1 1 1 -1 -1 -1 1 1 1 1 -1 -1 -1 1 
1 1 1 -1 -1 -1 -1 -1 1 -1 -1 -1 1 1 1 1 -1 -1 1 -1 
-1 -1 1 -1 -1 -1 -1 -1 -1 -1 -1 1 1 1 1 -1 -1 1 -1 -1 
-1 -1 -1 -1 -1 -1 -1 -1 -1 -1 1 -1 1 -1 1 -1 -1 -1 -1 -1 
-1 1 1 -1 -1 -1 -1 -1 -1 1 1 -1 1 1 -1 -1 -1 -1 -1 -1 
1 -1 1 -1 -1 -1 -1 -1 -1 -1 -1 -1 1 1 -1 -1 -1 1 -1 -1 
-1 -1 1 1 1 1 -1 -1 -1 -1 -1 -1 -1 -1 -1 -1 1 1 1 1 
1 -1 -1 1 1 -1 -1 -1 -1 -1 -1 -1 -1 -1 -1 1 1 1 1 -1 
1 1 1 1 -1 -1 -1 -1 -1 -1 -1 -1 -1 -1 -1 -1 -1 1 -1 1 
1 1 1 1 1 -1 -1 -1 1 -1 -1 1 1 -1 -1 -1 -1 -1 1 -1 
1 1 1 1 -1 -1 -1 1 1 1 -1 -1 1 -1 -1 -1 1 1 -1 1 
1 1 1 1 1 1 1 1 1 -1 -1 -1 -1 -1 -1 -1 1 1 1 1 
1 1 1 1 1 1 1 1 -1 -1 -1 1 1 -1 1 1 1 1 1 1 
1 -1 1 1 1 1 1 -1 -1 -1 -1 -1 -1 1 1 1 1 1 1 1 
1 1 1 1 1 1 1 1 -1 -1 -1 -1 -1 1 1 -1 1 1 1 1 
1 1 -1 1 1 1 1 1 -1 -1 -1 -1 -1 1 1 1 1 1 -1 1 
1 1 -1 1 1 1 1 1 1 -1 1 -1 -1 1 1 1 1 1 1 1 
1 1 -1 -1 1 1 1 -1 1 1 -1 -1 -1 -1 1 1 1 1 1 1 
1 1 1 -1 1 1 1 1 1 1 -1 -1 -1 -1 1 1 1 -1 1 1 
1 1 1 1 1 -1 1 1 1 1 1 -1 -1 -1 -1 -1 -1 1 1 -1 
1 1 1 -1 1 -1 1 -1 1 1 -1 -1 -1 -1 -1 -1 -1 1 1 1 
1 1 -1 1 -1 -1 -1 -1 1 -1 1 1 -1 -1 -1 -1 -1 -1 -1 -1 
1 -1 1 1 -1 -1 -1 -1 -1 -1 -1 1 -1 -1 -1 -1 -1 -1 -1 -1 
-1 1 1 1 -1 -1 -1 -1 1 1 1 -1 -1 -1 -1 -1 -1 1 -1 -1 
-1 1 1 1 1 -1 -1 1 1 1 1 -1 -1 -1 1 1 1 -1 -1 -1 
1 1 1 1 1 1 1 1 1 1 -1 -1 -1 -1 1 -1 1 -1 -1 1 
1 1 1 1 1 1 1 1 1 1 -1 -1 -1 -1 -1 1 1 -1 -1 1 
1 1 1 1 1 1 1 1 1 1 -1 -1 -1 -1 -1 1 -1 -1 1 1 
1 1 1 1 1 1 1 1 1 1 -1 -1 -1 -1 -1 -1 -1 1 1 -1 
1 1 1 1 1 1 1 1 1 1 -1 -1 -1 -1 1 1 -1 1 1 1 
1 1 1 1 1 1 1 1 1 1 1 -1 -1 1 1 1 1 1 -1 -1 
1 1 1 -1 1 1 1 1 1 1 -1 -1 1 -1 1 1 1 1 1 1 
1 1 1 1 1 1 1 1 -1 -1 -1 -1 1 1 1 1 1 1 1 1 
1 1 1 1 1 1 1 1 -1 -1 -1 -1 1 -1 1 1 -1 1 1 1 
1 1 1 1 1 1 1 1 1 1 1 1 1 1 1 1 -1 1 1 1 
1 1 1 1 1 1 1 1 1 1 1 1 1 1 1 1 1 -1 1 1 
1 1 1 1 1 1 1 1 1 1 1 1 1 -1 1 1 1 1 1 1 
-1 -1 1 1 1 1 1 1 1 1 1 1 -1 1 1 1 1 1 1 1 
1 1 1 1 -1 1 1 1 1 1 -1 1 1 -1 1 -1 -1 1 1 1 
1 1 -1 -1 1 1 1 1 1 -1 1 1 -1 1 -1 -1 -1 1 1 1 
1 1 1 1 1 1 1 1 1 -1 -1 -1 -1 -1 -1 -1 1 -1 1 1 
1 1 1 1 1 -1 1 1 1 1 -1 -1 -1 1 -1 -1 1 1 1 1 
1 -1 -1 1 1 1 1 1 -1 -1 -1 -1 1 -1 -1 1 1 1 1 1 
-1 -1 -1 1 1 1 1 1 1 -1 -1 -1 1 1 -1 1 1 1 1 1 
-1 -1 1 -1 1 -1 1 -1 -1 1 -1 -1 1 1 1 1 1 1 -1 -1 
1 -1 -1 -1 1 1 1 1 -1 1 1 1 1 1 1 1 -1 -1 1 -1 
1 -1 1 1 1 1 1 1 1 1 1 1 1 1 1 -1 1 1 1 1 
1 1 1 -1 1 1 1 1 1 1 1 -1 -1 1 -1 1 -1 1 1 1 
-1 1 1 1 1 1 1 1 1 1 1 -1 -1 -1 1 -1 1 1 1 -1 
1 1 1 1 1 1 1 1 1 1 1 1 1 1 -1 -1 1 -1 -1 1 
1 1 1 1 -1 1 1 -1 1 1 1 -1 1 -1 -1 1 1 1 1 -1 
1 1 1 1 1 1 1 1 1 1 1 1 1 1 -1 -1 1 -1 1 1 
1 1 1 1 1 1 1 1 1 1 1 1 1 -1 1 1 1 1 1 1 
1 1 1 1 1 1 1 1 1 1 -1 1 1 -1 1 1 -1 1 1 1 
1 1 1 1 1 1 -1 1 -1 -1 1 1 1 1 1 1 1 -1 1 -1 
1 1 -1 1 1 1 1 -1 -1 -1 -1 -1 1 -1 1 1 -1 1 1 1 
1 1 1 1 1 -1 1 -1 1 -1 -1 -1 -1 -1 -1 -1 -1 1 1 1 
1 1 1 -1 1 -1 -1 1 1 1 1 1 -1 -1 -1 -1 -1 1 1 1 
1 1 1 1 -1 -1 1 1 1 1 1 1 -1 -1 -1 -1 -1 -1 1 1 
1 -1 1 1 -1 1 1 1 -1 1 -1 1 -1 -1 -1 -1 -1 -1 1 1 
-1 -1 -1 1 1 1 1 -1 1 1 1 1 -1 -1 -1 -1 -1 -1 -1 1 
-1 -1 -1 -1 -1 1 1 1 1 1 1 1 -1 -1 1 1 -1 -1 1 1 
1 -1 -1 -1 1 1 1 1 1 1 -1 -1 -1 1 -1 -1 -1 -1 -1 -1 
1 1 1 1 1 1 1 1 1 -1 1 -1 -1 -1 -1 1 -1 1 1 1 
1 -1 1 1 1 1 1 1 1 -1 -1 -1 1 1 -1 1 1 1 1 1 
1 -1 -1 1 1 -1 1 1 -1 1 1 1 -1 1 1 1 1 -1 1 -1 
1 1 -1 1 1 1 -1 -1 -1 1 1 -1 1 1 -1 1 -1 1 1 1 
1 1 1 1 1 1 -1 1 1 1 -1 -1 -1 1 1 1 1 -1 1 1 
1 1 1 1 1 1 1 1 1 1 1 -1 1 1 1 1 1 1 1 1 
1 1 1 1 1 1 1 1 -1 1 1 -1 1 1 1 -1 1 1 1 1 
1 1 1 1 1 1 1 1 1 1 -1 -1 1 1 1 1 1 1 1 1 
1 1 1 1 1 1 -1 1 1 1 -1 -1 1 1 1 1 1 1 1 -1 
1 1 1 1 1 1 1 -1 1 1 1 1 -1 1 1 1 1 1 1 1 
1 1 1 1 1 1 1 1 1 -1 -1 1 1 1 1 1 1 1 1 1 
1 1 -1 -1 -1 1 1 -1 -1 -1 -1 -1 1 1 1 1 1 1 -1 1 
1 1 1 1 1 1 -1 1 -1 -1 -1 1 1 -1 -1 1 1 1 1 1 
1 1 1 1 1 1 1 -1 -1 -1 -1 -1 1 -1 1 1 1 1 1 -1 
1 1 1 1 1 1 1 1 -1 -1 -1 1 -1 -1 1 1 1 1 1 1 
1 1 1 1 -1 1 -1 -1 1 -1 1 -1 -1 1 1 1 1 1 1 1 
1 1 1 1 1 1 1 -1 -1 1 1 1 -1 1 1 1 1 1 1 1 
1 1 1 1 1 1 1 -1 -1 1 -1 1 1 1 1 1 -1 1 1 1 
1 1 1 1 -1 -1 -1 -1 -1 1 1 1 1 1 1 1 1 1 1 1 
1 1 1 1 1 1 -1 1 -1 1 1 1 1 1 1 1 1 1 1 1 
1 -1 1 -1 1 1 1 -1 1 -1 1 1 1 1 1 1 1 1 1 1 
-1 1 1 1 1 -1 -1 1 1 1 1 1 1 1 1 1 1 1 1 -1 
-1 1 1 1 -1 1 1 1 1 1 1 1 1 1 1 1 1 1 1 -1 
-1 1 1 1 -1 -1 1 -1 1 1 1 1 1 1 -1 1 1 1 -1 1 
1 1 1 1 -1 1 -1 -1 1 1 1 1 1 1 1 1 1 1 1 1 
1 1 1 -1 1 -1 -1 1 1 1 -1 1 1 1 -1 1 -1 1 1 1 
1 1 1 1 -1 -1 -1 -1 -1 -1 1 1 1 1 1 1 1 -1 1 1 
1 1 1 1 1 1 1 1 -1 -1 1 1 -1 -1 1 1 1 1 1 1 
1 1 1 1 1 1 1 1 1 -1 -1 -1 -1 1 1 1 1 1 1 1 
1 1 1 1 1 1 1 1 1 1 -1 1 -1 -1 1 -1 -1 1 1 1 
1 1 1 1 -1 1 1 -1 -1 1 -1 1 1 1 -1 -1 1 1 1 1 
1 1 1 1 1 1 1 1 -1 -1 -1 -1 -1 -1 1 1 1 1 1 1 
1 1 1 1 1 1 1 1 -1 -1 -1 -1 -1 1 -1 1 -1 1 1 1 
1 1 -1 1 1 1 1 -1 -1 -1 -1 -1 -1 -1 1 1 1 1 1 -1 
1 -1 1 -1 1 -1 1 -1 -1 -1 -1 -1 -1 -1 1 1 -1 1 1 1 
1 1 -1 1 -1 -1 -1 -1 1 -1 -1 -1 -1 -1 1 1 1 1 -1 -1 
-1 1 1 1 -1 -1 -1 -1 -1 -1 -1 -1 -1 -1 -1 1 1 -1 -1 -1 
-1 1 1 1 1 1 1 1 -1 -1 -1 -1 -1 -1 1 -1 -1 -1 -1 -1 
1 -1 -1 1 1 1 -1 1 1 -1 -1 -1 -1 1 -1 -1 -1 -1 -1 -1 
-1 -1 -1 1 1 1 -1 1 -1 -1 -1 -1 -1 -1 -1 -1 -1 -1 -1 -1 
-1 1 -1 1 1 1 -1 -1 1 -1 -1 -1 -1 -1 -1 -1 -1 -1 -1 -1 
-1 -1 1 1 1 -1 1 1 -1 -1 -1 -1 -1 -1 -1 -1 -1 -1 -1 -1 
-1 -1 1 -1 1 -1 -1 -1 -1 -1 -1 -1 -1 -1 -1 -1 -1 -1 -1 -1 
-1 -1 1 -1 -1 -1 -1 -1 -1 -1 -1 -1 -1 -1 -1 -1 -1 -1 -1 -1 
1 -1 -1 -1 -1 -1 -1 -1 -1 -1 -1 -1 -1 -1 -1 -1 -1 -1 -1 -1 
1 -1 -1 1 -1 -1 -1 -1 -1 -1 -1 -1 -1 -1 -1 -1 -1 -1 -1 -1 
1 -1 1 1 1 -1 -1 -1 -1 -1 -1 -1 -1 -1 1 1 -1 -1 -1 1 
1 1 1 1 -1 -1 -1 -1 -1 -1 -1 -1 -1 -1 1 1 1 1 -1 1 
-1 -1 -1 -1 -1 1 1 1 -1 -1 -1 -1 -1 -1 -1 1 1 1 1 1 
-1 1 1 1 1 1 1 1 -1 -1 -1 -1 -1 -1 -1 -1 1 1 1 1 
1 -1 1 1 1 1 1 1 1 -1 -1 -1 -1 1 -1 1 1 1 1 1 
1 1 1 1 -1 1 1 1 1 1 1 1 1 1 1 1 1 1 1 1 
1 1 1 -1 -1 1 1 1 1 1 1 1 -1 1 1 1 1 1 1 -1 
-1 1 1 1 -1 1 -1 -1 1 1 1 -1 -1 -1 -1 1 1 1 1 1 
1 1 1 -1 -1 1 -1 -1 1 1 1 1 -1 -1 -1 -1 1 1 -1 1 
1 1 1 1 1 1 -1 -1 -1 1 1 1 -1 -1 -1 -1 1 1 -1 1 
1 -1 1 -1 1 1 -1 -1 1 1 -1 1 -1 -1 -1 1 1 -1 1 1 
1 1 1 1 -1 1 1 1 -1 1 -1 -1 -1 -1 -1 1 1 1 1 -1 
1 1 1 -1 -1 1 1 1 1 -1 -1 -1 -1 -1 -1 -1 -1 1 1 1 
1 1 -1 1 1 1 1 -1 1 1 1 1 -1 1 -1 -1 -1 -1 1 1 
-1 1 -1 1 1 -1 -1 1 -1 1 1 1 1 1 -1 -1 -1 -1 1 -1 
-1 -1 -1 1 -1 -1 -1 -1 1 1 -1 1 1 1 1 -1 1 -1 -1 1 
1 -1 -1 -1 -1 1 1 1 1 1 -1 1 1 1 1 1 -1 -1 1 1 
-1 -1 1 -1 -1 1 1 -1 -1 -1 1 1 1 -1 1 1 1 1 1 1 
1 -1 -1 1 -1 -1 -1 1 -1 -1 -1 1 1 1 1 1 1 1 1 1 
1 1 1 1 -1 -1 -1 1 -1 -1 -1 -1 1 1 1 1 1 1 1 1 
1 -1 1 1 -1 -1 1 -1 -1 -1 -1 -1 -1 1 1 1 1 -1 -1 1 
1 1 1 1 -1 -1 1 1 -1 -1 -1 -1 -1 1 1 1 1 1 -1 1 
1 1 1 -1 1 -1 1 -1 -1 -1 -1 1 -1 1 1 1 1 1 1 1 
1 1 1 1 -1 -1 1 1 -1 -1 1 -1 1 1 1 -1 1 1 1 -1 
-1 1 1 1 -1 -1 -1 1 1 -1 1 1 1 1 1 1 1 1 1 1 
-1 -1 -1 1 1 1 -1 -1 -1 1 -1 1 1 1 1 1 1 1 1 1 
1 -1 1 -1 1 -1 -1 -1 1 1 1 1 1 1 1 1 1 1 1 1 
1 1 1 -1 -1 1 -1 -1 1 1 1 1 1 1 1 -1 1 1 1 1 
1 1 1 1 1 1 1 -1 -1 1 -1 1 1 1 1 -1 1 1 1 1 
1 1 1 1 1 1 1 -1 -1 -1 1 1 1 -1 1 1 1 1 1 1 
1 1 1 1 -1 1 1 -1 -1 -1 -1 1 -1 1 -1 1 1 1 1 1 
1 1 1 -1 1 1 -1 -1 1 -1 -1 -1 -1 -1 -1 1 1 -1 1 1 
1 1 -1 -1 1 -1 -1 1 1 1 -1 -1 -1 -1 -1 1 1 1 1 -1 
-1 1 -1 -1 -1 -1 1 1 1 1 1 -1 -1 -1 1 1 1 1 -1 -1 
-1 -1 -1 1 1 1 1 1 1 1 1 1 -1 -1 -1 1 1 -1 -1 -1 
-1 -1 1 1 1 1 1 1 1 -1 -1 1 -1 -1 -1 -1 -1 -1 -1 -1 
-1 1 -1 1 1 1 1 1 1 -1 1 -1 -1 -1 1 -1 -1 -1 1 1 
1 -1 1 1 1 1 1 1 1 1 -1 -1 -1 -1 1 1 1 -1 1 1 
1 -1 1 1 1 1 1 1 1 -1 -1 -1 -1 -1 -1 1 1 1 1 1 
1 -1 1 1 1 1 1 1 1 1 -1 -1 -1 -1 1 1 -1 -1 1 1 
1 1 1 -1 1 1 -1 1 1 1 1 -1 -1 1 1 1 1 -1 1 1 
1 1 1 1 1 1 1 1 1 1 1 -1 1 1 1 1 1 1 1 1 
-1 1 1 -1 -1 -1 1 -1 1 1 1 1 1 1 1 1 -1 1 1 1 
1 1 1 1 1 1 1 -1 -1 -1 1 1 1 1 1 1 1 1 1 1 
1 1 1 1 1 1 -1 -1 1 -1 1 1 1 1 1 1 -1 -1 1 1 
1 1 1 1 1 1 1 1 -1 -1 -1 -1 -1 1 1 1 1 1 1 1 
1 1 1 1 1 1 1 -1 -1 -1 -1 -1 -1 -1 -1 1 1 1 1 1 
1 1 1 1 1 1 -1 -1 -1 -1 -1 -1 -1 1 1 -1 1 1 1 1 
1 1 1 1 1 -1 -1 -1 -1 -1 -1 -1 1 1 1 -1 1 1 1 1 
1 1 -1 1 1 1 -1 -1 1 1 -1 -1 -1 -1 -1 -1 1 1 1 1 
1 1 1 -1 -1 -1 -1 -1 -1 1 -1 -1 -1 -1 1 1 1 1 1 1 
1 1 1 -1 -1 -1 -1 -1 -1 1 -1 -1 -1 1 1 -1 1 -1 1 1 
-1 -1 1 -1 -1 -1 -1 -1 -1 -1 -1 -1 -1 -1 -1 -1 -1 -1 -1 1 
-1 -1 -1 -1 -1 -1 -1 -1 -1 -1 -1 -1 -1 -1 -1 -1 -1 1 1 1 
-1 -1 -1 -1 1 -1 -1 -1 -1 -1 1 -1 -1 -1 1 -1 -1 1 1 1 
1 1 -1 -1 1 1 1 -1 -1 1 -1 1 -1 -1 -1 1 1 1 1 1 
1 -1 1 1 1 1 1 -1 -1 -1 -1 -1 -1 -1 1 1 1 1 1 1 
1 1 -1 -1 1 1 -1 1 1 1 -1 -1 -1 -1 -1 -1 1 1 1 1 
-1 -1 -1 1 1 1 -1 1 1 1 1 -1 -1 -1 -1 -1 -1 1 1 1 
1 1 1 -1 1 1 -1 1 -1 1 -1 -1 -1 -1 1 -1 1 1 1 1 
1 1 -1 1 1 -1 1 -1 -1 -1 -1 -1 -1 -1 1 1 1 1 1 1 
1 1 1 1 1 1 -1 -1 -1 -1 -1 -1 -1 -1 -1 -1 1 1 1 1 
1 1 1 1 -1 -1 -1 -1 -1 -1 -1 -1 -1 1 1 1 1 1 1 1 
1 1 1 1 1 1 -1 -1 -1 -1 -1 -1 -1 1 1 1 1 1 1 1 
1 1 1 1 -1 1 -1 -1 -1 -1 -1 -1 -1 1 1 1 1 1 1 1 
1 1 1 -1 1 1 1 1 1 -1 -1 -1 -1 -1 -1 1 1 1 1 1 
1 1 1 1 1 1 1 1 -1 -1 -1 -1 -1 -1 1 1 1 1 1 1 
1 1 1 1 1 1 -1 1 -1 1 -1 -1 -1 -1 1 1 1 1 1 1 
1 1 1 1 1 -1 1 -1 1 1 1 -1 -1 -1 -1 -1 -1 1 1 1 
1 1 -1 1 1 1 1 1 1 1 -1 -1 1 -1 -1 -1 -1 -1 -1 1 
1 -1 1 -1 -1 1 -1 1 1 1 1 -1 1 1 -1 -1 -1 -1 -1 1 
1 -1 1 1 -1 -1 -1 1 1 1 1 1 1 1 1 -1 -1 -1 1 1 
1 1 1 1 1 -1 -1 1 1 1 1 1 1 1 -1 -1 1 -1 1 1 
1 1 1 1 -1 -1 1 -1 -1 1 1 1 1 1 1 -1 1 -1 1 1 
1 1 1 1 -1 1 -1 1 -1 1 1 -1 -1 1 -1 -1 -1 1 1 1 
1 1 1 -1 -1 -1 -1 -1 1 1 1 -1 -1 -1 1 -1 -1 1 1 1 
1 1 1 1 1 1 -1 -1 1 1 1 -1 -1 -1 -1 -1 1 1 1 1 
1 1 1 1 1 1 1 -1 -1 1 1 -1 -1 -1 1 -1 1 -1 1 1 
1 1 -1 1 1 1 -1 -1 -1 -1 -1 -1 -1 1 1 1 1 1 1 -1 
-1 1 1 1 1 1 1 -1 -1 -1 -1 -1 -1 1 1 1 1 1 -1 -1 
1 1 1 1 1 1 1 1 -1 -1 -1 -1 -1 1 1 1 1 1 1 -1 
1 1 -1 -1 1 1 1 1 1 -1 -1 -1 1 1 -1 1 -1 1 1 1 
1 -1 1 1 1 1 1 1 1 -1 -1 1 1 1 1 1 1 1 1 1 
1 1 1 1 1 1 1 1 1 -1 -1 -1 -1 1 1 1 1 1 1 1 
1 1 1 1 1 1 1 1 1 1 1 -1 -1 1 1 1 1 1 1 1 
1 1 1 1 1 -1 -1 -1 1 1 1 1 1 1 1 1 1 1 1 1 
1 1 1 1 1 -1 -1 1 1 1 1 1 1 1 -1 1 1 1 1 1 
1 1 1 1 1 1 -1 1 1 1 1 1 1 1 1 1 1 1 1 1 
1 1 -1 1 -1 1 1 -1 1 1 1 1 -1 1 -1 -1 -1 1 1 1 
1 1 1 1 1 1 1 1 1 1 1 1 1 1 -1 -1 -1 1 -1 1 
1 1 1 1 1 1 1 1 1 1 1 1 1 -1 -1 -1 -1 1 1 1 
1 1 1 1 1 1 1 -1 -1 1 1 1 -1 -1 -1 -1 -1 1 1 1 
1 1 1 1 1 1 1 -1 1 1 -1 1 1 -1 1 -1 -1 1 1 1 
1 1 1 1 1 -1 -1 1 1 1 1 -1 -1 1 1 -1 -1 1 1 1 
1 1 1 -1 1 1 1 1 1 1 1 -1 -1 -1 -1 -1 -1 -1 1 -1 
1 1 1 1 1 1 1 -1 1 1 -1 -1 -1 -1 -1 1 1 1 1 1 
1 1 1 1 -1 1 1 -1 1 1 -1 -1 1 1 1 1 1 1 1 1 
1 1 1 1 1 1 1 1 -1 -1 -1 1 1 1 1 1 1 1 1 1 
-1 1 -1 1 1 -1 -1 1 -1 -1 -1 1 1 1 1 1 1 1 1 -1 
-1 -1 -1 1 1 -1 -1 -1 -1 1 1 1 1 1 1 -1 1 1 1 -1 
-1 -1 1 1 1 -1 -1 -1 -1 -1 1 1 1 1 1 1 1 1 1 1 
1 -1 1 1 -1 -1 -1 -1 -1 -1 1 -1 1 -1 1 1 1 1 1 1 
1 1 1 1 1 -1 -1 -1 -1 -1 1 -1 -1 1 1 -1 1 1 1 1 
1 1 1 1 1 1 1 1 -1 -1 -1 -1 1 -1 1 -1 -1 1 1 1 
1 1 1 1 -1 1 1 -1 1 1 1 1 1 1 1 1 1 1 1 1 
1 1 1 1 1 1 1 1 -1 1 1 -1 1 -1 1 1 1 -1 1 1 
1 1 1 1 1 1 1 1 1 1 -1 1 -1 -1 1 1 -1 1 1 -1 
1 1 1 1 1 1 1 1 1 1 1 1 -1 1 1 1 1 -1 -1 -1 
1 1 1 1 1 -1 1 1 1 1 1 1 -1 1 -1 1 1 1 1 1 
1 1 1 1 1 1 1 1 1 1 1 -1 -1 -1 -1 -1 1 1 -1 1 
1 1 1 1 1 1 1 1 1 1 -1 -1 1 1 1 1 1 1 1 1 
1 1 1 1 1 1 1 1 1 1 1 -1 1 -1 1 1 1 1 1 1 
-1 1 1 1 1 1 1 1 1 1 1 1 -1 1 1 1 1 1 1 1 
-1 -1 1 1 1 1 1 1 -1 1 -1 -1 1 1 1 1 1 1 1 -1 
-1 -1 1 1 1 -1 -1 -1 1 -1 -1 -1 1 1 1 1 1 1 -1 -1 
-1 -1 1 1 1 1 -1 -1 -1 -1 -1 -1 -1 1 1 1 1 1 1 -1 
-1 -1 -1 1 1 1 -1 1 1 -1 -1 -1 1 -1 1 -1 1 1 -1 -1 
-1 -1 -1 1 1 -1 1 1 -1 -1 -1 -1 -1 1 -1 1 -1 1 -1 -1 
-1 -1 -1 -1 1 1 1 -1 -1 -1 -1 -1 -1 -1 -1 1 -1 -1 -1 -1 
-1 -1 -1 1 1 1 1 1 -1 -1 -1 -1 -1 -1 -1 1 1 -1 -1 -1 
-1 1 1 1 1 -1 1 1 -1 -1 -1 1 1 -1 1 -1 -1 -1 -1 1 
1 1 1 1 -1 -1 1 -1 1 1 -1 1 1 1 -1 -1 -1 -1 -1 1 
-1 -1 1 1 1 1 1 1 1 1 1 -1 -1 1 1 -1 -1 -1 1 1 
1 1 1 1 -1 1 1 1 1 1 1 1 1 -1 -1 1 1 -1 1 1 
-1 1 1 1 1 1 1 -1 -1 1 1 -1 1 1 -1 1 1 1 1 1 
1 1 1 1 -1 1 1 1 -1 1 1 -1 -1 -1 -1 1 1 -1 1 1 
1 1 1 1 1 -1 -1 -1 1 -1 -1 -1 -1 -1 -1 1 -1 1 1 1 
1 1 1 -1 -1 -1 -1 -1 -1 1 -1 -1 -1 -1 -1 1 1 1 1 1 
1 1 1 1 1 -1 -1 -1 1 1 1 -1 -1 -1 -1 1 1 1 1 1 
1 1 1 -1 -1 -1 -1 -1 -1 -1 -1 -1 -1 -1 -1 -1 1 1 1 1 
1 1 -1 -1 1 1 -1 -1 -1 -1 -1 -1 -1 -1 -1 -1 1 1 1 1 
1 1 -1 -1 1 -1 1 -1 -1 1 -1 1 -1 -1 -1 -1 -1 1 1 -1 
-1 1 -1 -1 -1 1 -1 -1 1 1 1 -1 -1 -1 -1 -1 -1 -1 -1 1 
1 -1 1 -1 1 1 1 1 1 -1 1 -1 -1 -1 1 -1 1 -1 -1 -1 
-1 -1 -1 1 -1 1 1 1 -1 -1 -1 -1 -1 -1 1 1 1 -1 -1 -1 
-1 -1 -1 -1 -1 1 1 -1 -1 -1 -1 -1 -1 -1 1 -1 1 1 1 -1 
1 1 1 -1 1 1 -1 -1 -1 -1 -1 1 -1 -1 -1 1 1 1 1 1 
1 1 1 1 -1 1 -1 -1 -1 -1 -1 -1 1 -1 -1 1 1 1 1 1 
1 1 -1 -1 1 -1 1 -1 -1 -1 -1 -1 -1 -1 -1 1 1 1 1 1 
1 1 1 1 1 1 -1 -1 -1 -1 -1 -1 -1 -1 -1 1 1 1 1 1 
1 -1 1 -1 1 -1 1 1 1 -1 -1 -1 1 -1 -1 -1 -1 1 1 1 
1 1 -1 1 1 1 -1 -1 1 -1 1 1 -1 1 -1 -1 1 1 1 1 
1 1 -1 1 1 1 -1 1 -1 1 1 -1 1 -1 1 -1 1 -1 1 1 
1 1 1 1 1 -1 -1 -1 -1 -1 1 -1 -1 1 1 1 1 1 1 1 
1 1 -1 1 1 1 1 1 1 1 -1 -1 1 -1 1 1 1 1 1 1 
1 1 1 1 1 1 1 1 1 1 1 1 1 -1 1 1 1 1 -1 1 
1 1 1 1 1 1 1 1 1 1 -1 1 -1 1 -1 1 1 1 1 1 
1 1 1 1 1 1 1 -1 1 1 -1 -1 -1 -1 -1 1 1 1 1 1 
1 1 1 1 1 1 1 1 1 -1 -1 -1 -1 -1 -1 1 -1 1 1 1 
1 1 1 -1 1 1 1 1 -1 -1 -1 -1 -1 -1 -1 1 1 1 1 1 
1 1 1 1 1 -1 1 -1 -1 -1 -1 -1 -1 -1 1 1 -1 1 1 1 
-1 1 1 -1 -1 1 1 -1 -1 -1 -1 -1 -1 -1 -1 -1 -1 -1 1 1 
-1 -1 -1 -1 -1 -1 -1 -1 -1 -1 -1 -1 -1 -1 -1 -1 -1 -1 -1 -1 
-1 -1 -1 -1 -1 -1 -1 -1 -1 -1 -1 -1 -1 -1 -1 -1 -1 -1 -1 -1 
-1 -1 -1 -1 -1 -1 -1 -1 -1 -1 -1 -1 1 1 1 1 1 -1 -1 -1 
-1 -1 -1 -1 -1 -1 -1 -1 -1 -1 -1 -1 1 1 1 1 -1 -1 -1 -1 
-1 -1 -1 -1 -1 -1 -1 -1 -1 -1 -1 -1 -1 1 1 -1 -1 1 -1 -1 
-1 1 1 1 -1 -1 -1 -1 -1 -1 -1 -1 1 1 1 1 1 -1 1 -1 
-1 -1 1 1 1 -1 -1 -1 -1 -1 -1 -1 -1 -1 1 1 1 -1 -1 -1 
-1 1 1 1 -1 -1 1 -1 -1 -1 -1 -1 -1 1 1 1 -1 -1 -1 1 
-1 1 1 1 1 -1 -1 1 -1 1 -1 -1 -1 -1 1 1 1 1 1 1 
1 1 1 1 1 1 -1 -1 -1 1 1 -1 -1 -1 -1 -1 -1 1 1 1 
1 1 1 1 1 1 1 1 1 -1 1 1 1 -1 -1 1 1 -1 1 1 
1 1 1 1 1 1 1 1 1 -1 1 -1 -1 1 -1 -1 1 1 1 1 
1 1 1 1 1 1 1 1 1 1 -1 1 1 -1 1 1 1 1 1 1 
1 1 1 1 1 1 1 1 1 1 -1 -1 -1 1 1 1 1 1 1 1 
1 1 1 1 -1 1 1 1 1 1 -1 -1 -1 1 1 1 -1 1 1 1 
1 1 -1 -1 1 1 1 1 -1 1 1 -1 1 -1 1 -1 1 1 1 1 
1 1 1 1 -1 1 1 1 -1 -1 1 -1 -1 1 1 1 1 -1 1 -1 
1 -1 1 1 1 -1 1 1 1 -1 -1 -1 1 1 -1 1 1 1 -1 -1 
-1 -1 1 1 -1 -1 1 1 1 1 -1 1 1 -1 -1 1 1 1 -1 -1 
-1 1 1 1 1 1 1 1 1 1 1 -1 1 -1 -1 1 1 1 1 1 
-1 1 -1 1 1 1 1 1 -1 -1 1 1 -1 -1 -1 1 1 1 -1 -1 
1 1 -1 1 1 1 1 -1 -1 -1 1 1 1 1 1 1 -1 -1 -1 -1 
-1 -1 1 -1 1 1 1 -1 -1 1 -1 1 -1 -1 1 1 1 -1 -1 -1 
-1 -1 -1 1 1 -1 -1 -1 -1 -1 1 1 1 1 -1 1 -1 -1 -1 -1 
-1 -1 -1 1 1 -1 -1 1 1 -1 1 1 1 -1 -1 -1 -1 -1 -1 -1 
1 -1 -1 1 1 1 1 1 1 1 -1 -1 1 1 -1 -1 -1 -1 -1 -1 
-1 -1 1 1 1 1 1 1 1 -1 1 -1 1 -1 -1 -1 -1 -1 -1 -1 
-1 1 1 -1 1 1 1 1 1 1 -1 -1 1 -1 -1 -1 1 -1 -1 -1 
-1 1 1 1 -1 -1 1 1 1 1 1 1 -1 -1 -1 -1 -1 1 1 -1 
1 1 1 1 1 1 -1 1 1 1 1 -1 -1 -1 -1 -1 1 1 -1 -1 
1 1 1 1 1 1 1 1 -1 -1 -1 -1 -1 -1 1 -1 1 1 -1 1 
1 1 1 1 -1 1 -1 1 -1 -1 -1 -1 -1 -1 -1 1 1 1 1 1 
1 1 1 1 1 1 1 1 1 -1 -1 -1 1 -1 -1 -1 1 1 1 1 
1 1 1 1 1 1 1 1 -1 -1 1 1 1 1 1 1 1 1 1 1 
1 1 1 1 1 -1 -1 -1 -1 -1 1 1 1 1 1 1 1 1 1 1 
1 -1 -1 1 1 -1 -1 -1 -1 1 1 1 1 1 1 1 1 1 1 1 
1 -1 -1 -1 -1 -1 -1 -1 -1 -1 -1 1 1 -1 1 1 1 1 -1 1 
1 1 -1 -1 -1 -1 -1 -1 -1 -1 1 1 1 1 1 -1 1 1 1 1 
-1 -1 -1 -1 -1 -1 -1 1 -1 -1 1 1 -1 -1 -1 -1 -1 1 1 -1 
-1 -1 -1 -1 -1 -1 -1 -1 1 -1 1 -1 1 -1 -1 -1 -1 -1 -1 -1 
-1 -1 -1 -1 -1 -1 -1 -1 -1 -1 1 -1 1 -1 -1 -1 -1 -1 -1 -1 
1 -1 -1 -1 -1 1 1 -1 -1 -1 -1 -1 -1 -1 -1 -1 -1 -1 -1 1 
1 -1 -1 -1 -1 -1 -1 -1 -1 -1 -1 1 1 -1 -1 -1 -1 1 -1 1 
1 1 1 -1 -1 -1 -1 -1 -1 -1 1 1 -1 -1 -1 -1 -1 -1 1 1 
-1 -1 1 -1 -1 -1 -1 -1 -1 -1 -1 1 -1 -1 1 1 -1 1 1 1 
-1 1 -1 -1 -1 -1 1 1 -1 1 -1 -1 -1 -1 -1 1 1 1 -1 -1 
1 1 1 -1 -1 -1 1 -1 1 1 1 -1 -1 -1 -1 1 1 1 1 -1 
1 1 1 1 -1 -1 -1 1 -1 1 1 -1 -1 -1 -1 1 1 1 1 -1 
-1 1 1 1 -1 1 -1 -1 -1 1 -1 1 1 -1 1 1 1 1 1 1 
1 -1 1 1 1 -1 1 -1 1 -1 -1 1 -1 -1 -1 1 -1 1 1 1 
-1 1 1 1 1 1 1 1 1 -1 1 -1 -1 1 1 1 1 1 1 1 
-1 1 1 1 1 1 1 1 1 -1 1 -1 -1 1 1 1 1 1 1 -1 
1 1 1 1 1 1 1 1 1 1 -1 1 1 1 1 1 1 1 1 1 
1 1 1 1 -1 -1 1 1 1 1 -1 1 -1 1 -1 1 -1 -1 1 1 
1 1 1 -1 -1 1 -1 1 -1 1 1 -1 1 1 1 1 1 1 1 1 
1 1 1 1 -1 1 1 1 1 1 1 -1 1 -1 -1 1 1 1 1 1 
1 -1 1 1 1 1 1 1 1 1 1 1 1 1 1 -1 1 1 1 1 
1 1 -1 1 1 -1 1 -1 -1 1 -1 1 1 -1 1 1 1 1 1 1 
1 1 1 1 1 -1 -1 -1 -1 -1 1 -1 -1 -1 -1 -1 -1 1 1 1 
-1 1 1 1 1 -1 -1 -1 -1 -1 -1 -1 -1 -1 -1 -1 -1 1 1 1 
-1 -1 -1 1 1 -1 -1 -1 -1 -1 -1 -1 -1 -1 -1 -1 -1 1 1 1 
-1 -1 -1 1 -1 -1 -1 -1 -1 -1 -1 -1 -1 -1 -1 -1 -1 1 1 1 
1 1 1 -1 -1 -1 -1 -1 -1 -1 -1 -1 -1 -1 -1 -1 1 1 1 -1 
1 1 1 -1 1 1 1 -1 -1 -1 -1 -1 -1 -1 1 -1 1 -1 -1 -1 
1 -1 1 -1 -1 1 -1 -1 -1 -1 -1 -1 -1 -1 -1 1 1 1 1 3 
1 1 1 1 1 -1 -1 -1 -1 -1 -1 -1 -1 -1 -1 -1 -1 -1 1 1 
-1 1 -1 1 -1 -1 -1 1 -1 -1 -1 1 -1 -1 -1 -1 -1 1 1 -1 
-1 1 1 -1 -1 -1 -1 -1 -1 -1 1 1 -1 -1 -1 -1 -1 1 1 1 
1 1 1 -1 1 -1 -1 -1 -1 1 1 1 1 -1 -1 -1 -1 -1 1 1 
1 -1 1 1 1 -1 -1 -1 1 -1 1 1 1 1 -1 -1 -1 1 1 1 
1 1 1 1 1 -1 1 1 1 1 -1 1 -1 -1 -1 1 -1 1 1 1 
1 1 1 1 1 1 1 1 -1 -1 -1 -1 -1 -1 1 1 -1 1 1 1 
1 1 1 1 1 1 1 1 -1 1 1 -1 1 1 -1 -1 -1 -1 1 1 
1 1 1 1 -1 1 1 -1 -1 -1 -1 -1 -1 -1 -1 1 1 -1 1 1 
1 -1 1 1 -1 1 1 -1 -1 -1 -1 -1 -1 -1 -1 1 -1 1 1 1 
1 1 1 1 1 1 -1 -1 1 1 -1 -1 1 -1 -1 -1 1 1 1 1 
1 -1 -1 -1 1 1 1 1 1 -1 -1 -1 1 -1 -1 1 1 1 -1 -1 
1 1 1 -1 1 1 1 1 -1 -1 -1 1 -1 -1 1 1 1 1 1 1 
1 1 1 1 1 1 1 1 1 -1 -1 -1 1 1 -1 1 1 1 -1 1 
-1 1 1 -1 1 1 -1 1 1 1 -1 1 -1 -1 -1 -1 1 -1 1 1 
1 1 1 1 1 1 1 -1 1 1 1 -1 -1 -1 -1 -1 -1 -1 1 -1 
-1 1 -1 -1 -1 1 1 1 1 1 -1 -1 1 -1 -1 -1 -1 -1 -1 -1 
1 1 -1 -1 1 1 1 -1 -1 -1 1 1 1 1 1 -1 -1 -1 1 1 
-1 1 1 -1 -1 1 -1 -1 -1 -1 -1 -1 1 1 1 -1 -1 1 1 1 
-1 -1 1 -1 1 1 -1 -1 -1 -1 -1 1 1 -1 -1 -1 -1 1 1 -1 
1 1 1 1 1 -1 1 -1 1 -1 -1 1 1 -1 -1 -1 -1 1 -1 1 
1 1 1 1 1 1 1 1 1 -1 -1 -1 1 1 -1 1 1 -1 1 1 
1 1 -1 1 1 1 1 1 -1 -1 -1 -1 1 1 1 1 1 1 1 1 
1 -1 1 1 1 1 1 1 1 -1 -1 -1 -1 1 1 1 1 1 -1 -1 
1 -1 -1 1 -1 -1 -1 1 -1 -1 -1 -1 1 1 -1 1 1 1 -1 1 
1 1 1 -1 1 1 1 -1 -1 -1 -1 1 -1 1 1 1 1 1 1 1 
1 1 1 1 1 1 1 1 1 -1 1 -1 1 -1 -1 -1 1 1 1 1 
1 1 1 -1 1 1 1 1 -1 -1 -1 -1 -1 -1 -1 1 1 1 1 1 
-1 1 1 1 1 1 1 1 1 -1 1 1 1 -1 1 1 1 1 -1 -1 
1 1 -1 1 1 -1 1 1 1 1 -1 1 1 1 -1 -1 -1 1 -1 1 
1 1 -1 1 1 1 -1 1 1 1 1 1 -1 1 1 -1 -1 1 1 1 
1 1 1 1 1 -1 1 1 1 1 1 1 -1 1 1 1 1 1 1 1 
-1 -1 -1 1 -1 1 -1 1 1 1 -1 1 1 1 1 1 1 1 1 1 
1 -1 -1 1 -1 -1 1 1 1 -1 1 1 1 1 1 1 1 1 -1 1 
1 1 -1 -1 -1 1 -1 -1 -1 1 1 1 1 -1 1 1 1 -1 1 1 
1 1 -1 -1 -1 -1 -1 -1 1 -1 1 1 1 1 1 1 -1 1 1 1 
1 -1 -1 -1 -1 -1 -1 -1 1 1 -1 1 1 1 1 1 1 1 1 1 
1 1 1 -1 -1 -1 -1 1 1 1 1 1 1 -1 -1 1 1 1 1 1 
1 1 -1 -1 -1 -1 -1 -1 1 -1 1 1 1 1 -1 1 1 1 1 1 
1 -1 1 -1 -1 -1 -1 1 1 1 1 1 -1 1 1 -1 1 1 -1 1 
-1 -1 -1 -1 -1 1 1 1 1 1 -1 -1 -1 1 1 -1 -1 -1 1 1 
-1 -1 1 -1 1 1 1 -1 -1 -1 -1 -1 -1 1 1 -1 -1 1 1 1 
-1 -1 -1 1 1 1 1 -1 -1 -1 -1 -1 -1 -1 -1 1 1 -1 1 1 
-1 1 1 1 -1 1 1 -1 -1 -1 -1 -1 -1 -1 -1 1 -1 1 1 -1 
1 1 1 -1 1 1 1 1 -1 -1 1 1 1 -1 1 -1 1 1 1 1 
1 1 1 1 1 -1 1 1 1 -1 1 1 1 1 -1 1 -1 1 1 1 
1 1 1 1 1 1 1 -1 -1 1 1 1 1 -1 1 -1 1 1 1 1 
1 1 -1 1 1 1 1 -1 -1 1 -1 1 1 -1 1 1 1 -1 1 1 
1 1 1 1 -1 1 -1 -1 -1 -1 -1 1 1 1 -1 1 1 1 1 1 
1 1 1 1 1 1 -1 -1 -1 -1 -1 -1 -1 -1 -1 -1 -1 1 1 1 
1 1 1 1 1 -1 -1 -1 -1 -1 -1 -1 -1 -1 -1 -1 -1 1 1 1 
-1 1 1 1 -1 -1 -1 -1 -1 -1 -1 -1 -1 -1 -1 -1 -1 -1 -1 1 
1 1 1 1 -1 -1 -1 -1 -1 -1 -1 -1 -1 -1 -1 -1 -1 1 1 1 
-1 -1 1 1 1 -1 -1 -1 -1 -1 1 -1 -1 -1 -1 1 1 -1 1 -1 
-1 1 1 -1 -1 -1 -1 -1 -1 -1 1 -1 -1 -1 -1 1 -1 1 -1 -1 
-1 1 -1 1 -1 -1 1 1 1 1 -1 -1 -1 -1 -1 -1 -1 -1 -1 -1 
-1 -1 -1 -1 -1 -1 1 1 -1 -1 1 1 -1 -1 -1 -1 -1 -1 -1 -1 
1 -1 -1 -1 -1 1 1 1 1 1 -1 -1 -1 -1 -1 -1 -1 1 1 -1 
-1 -1 -1 -1 -1 1 1 1 1 1 1 1 1 -1 -1 -1 -1 1 1 -1 
-1 -1 -1 -1 -1 1 1 -1 1 1 1 1 -1 1 -1 -1 -1 1 -1 -1 
-1 -1 -1 -1 -1 -1 1 -1 -1 -1 1 1 -1 1 1 -1 -1 -1 1 -1 
-1 -1 1 -1 -1 -1 -1 -1 1 1 1 1 1 1 1 -1 -1 -1 -1 -1 
-1 1 1 -1 -1 -1 -1 -1 1 1 1 1 1 1 1 -1 1 1 -1 -1 
1 -1 1 -1 1 1 -1 -1 -1 -1 -1 1 1 -1 -1 1 1 1 1 1 
-1 1 -1 1 1 1 -1 -1 -1 -1 -1 1 1 1 1 1 1 1 1 1 
1 1 -1 1 -1 -1 -1 -1 -1 -1 -1 -1 1 1 1 1 1 1 1 -1 
-1 1 1 -1 1 1 -1 -1 -1 -1 -1 -1 1 1 1 1 1 1 1 1 
1 1 1 1 1 1 -1 -1 -1 -1 1 1 1 1 1 1 1 1 1 1 
1 -1 1 1 1 1 1 1 -1 -1 -1 -1 -1 -1 1 -1 1 1 1 1 
1 1 1 1 1 1 1 -1 -1 -1 -1 -1 -1 1 1 1 -1 1 1 1 
1 -1 1 1 1 1 -1 1 1 -1 -1 -1 -1 -1 1 1 1 -1 1 1 
1 1 1 1 1 1 -1 1 1 -1 -1 -1 -1 -1 1 1 1 1 1 1 
-1 -1 1 1 1 1 1 1 -1 -1 -1 -1 -1 1 1 1 1 -1 1 -1 
-1 -1 -1 1 1 1 1 -1 -1 -1 -1 -1 -1 1 1 1 -1 -1 -1 1 
-1 -1 1 1 1 1 1 -1 -1 -1 -1 -1 -1 -1 -1 -1 1 -1 1 -1 
-1 -1 1 1 1 1 -1 -1 -1 -1 -1 -1 -1 -1 1 1 -1 1 -1 -1 
-1 -1 1 1 -1 1 1 1 -1 -1 -1 1 -1 1 -1 -1 1 1 -1 -1 
1 1 1 -1 -1 -1 1 -1 -1 -1 -1 1 1 -1 -1 1 1 1 1 -1 
-1 1 -1 1 1 1 1 -1 -1 -1 -1 1 1 -1 -1 1 -1 1 -1 -1 
1 -1 -1 -1 1 -1 -1 1 -1 -1 -1 -1 -1 1 1 1 1 -1 -1 -1 
-1 -1 -1 -1 -1 -1 1 -1 -1 -1 -1 -1 -1 1 -1 -1 1 -1 -1 -1 
-1 -1 -1 -1 -1 -1 -1 -1 -1 -1 -1 -1 -1 -1 1 1 -1 -1 1 -1 
-1 1 -1 -1 -1 -1 -1 -1 -1 -1 -1 -1 -1 -1 -1 1 -1 -1 -1 1 
1 1 1 -1 1 1 -1 -1 -1 -1 -1 -1 -1 -1 -1 -1 -1 -1 1 1 
1 1 -1 1 1 -1 1 -1 -1 -1 -1 -1 -1 -1 -1 -1 -1 1 1 1 
1 1 1 1 -1 -1 1 -1 -1 -1 1 -1 -1 1 -1 -1 1 1 1 -1 
1 -1 -1 1 -1 1 1 1 1 1 -1 -1 -1 -1 1 1 1 1 1 1 
1 1 1 1 1 1 1 1 -1 -1 -1 -1 -1 1 -1 1 -1 -1 1 1 
1 -1 1 1 -1 1 1 -1 1 -1 -1 1 -1 -1 -1 -1 -1 1 1 1 
1 1 -1 1 -1 1 1 1 -1 -1 -1 -1 -1 -1 -1 -1 1 1 1 1 
1 1 1 1 1 1 1 -1 1 1 -1 -1 -1 -1 -1 -1 -1 1 1 1 
1 1 1 -1 1 1 1 1 1 1 -1 -1 -1 -1 -1 -1 -1 1 1 1 
1 1 1 1 1 1 1 1 1 1 1 1 -1 -1 -1 -1 1 1 1 1 
1 1 1 1 -1 1 1 1 1 1 1 1 1 -1 -1 -1 -1 1 1 1 
1 1 1 1 1 1 1 1 1 1 1 -1 1 -1 -1 -1 -1 -1 -1 -1 
1 1 -1 1 1 1 1 1 -1 1 1 1 1 1 -1 -1 -1 1 -1 -1 
-1 -1 1 1 1 1 1 1 -1 -1 -1 1 1 1 1 -1 1 -1 1 1 
1 1 1 -1 1 -1 1 -1 -1 1 -1 1 1 -1 1 -1 1 -1 1 1 
1 1 1 1 1 1 1 -1 -1 1 1 1 1 1 -1 1 -1 1 -1 1 
1 1 1 1 -1 1 -1 -1 -1 -1 1 1 1 1 1 1 1 1 1 1 
1 1 1 1 -1 -1 1 -1 -1 -1 -1 1 1 -1 -1 1 -1 -1 1 -1 
1 1 1 1 -1 -1 -1 1 -1 1 1 1 1 -1 -1 -1 1 -1 1 1 
1 -1 -1 1 -1 -1 -1 1 1 1 1 1 -1 -1 -1 -1 1 1 1 1 
-1 -1 -1 -1 -1 1 1 1 1 1 1 -1 -1 -1 -1 -1 1 1 1 1 
1 1 1 1 1 1 1 1 1 1 1 1 -1 -1 1 1 1 1 1 1 
1 1 1 1 1 1 1 1 1 1 1 1 -1 -1 -1 1 -1 1 -1 1 
1 1 1 1 1 1 1 1 1 1 -1 1 -1 -1 1 1 1 1 1 1 
1 1 1 1 1 1 1 1 1 1 1 -1 -1 -1 -1 -1 -1 -1 1 1 
1 1 -1 -1 -1 -1 1 1 1 1 1 1 -1 -1 -1 -1 -1 1 1 1 
-1 1 -1 -1 1 1 1 1 1 1 1 -1 -1 -1 1 1 -1 -1 1 -1 
1 1 1 1 1 1 1 1 -1 -1 -1 -1 -1 -1 -1 1 -1 -1 1 1 
1 1 1 1 1 1 1 1 1 1 -1 -1 -1 -1 -1 -1 1 1 1 1 
1 1 1 1 1 1 -1 1 1 1 -1 -1 -1 -1 -1 -1 1 1 -1 1 
1 1 1 1 1 1 1 -1 -1 1 -1 -1 -1 -1 1 1 1 1 1 -1 
1 1 1 1 1 1 -1 1 1 1 1 -1 -1 -1 1 1 -1 1 1 1 
1 1 1 1 1 1 1 -1 -1 1 1 1 -1 1 -1 1 1 1 1 1 
1 1 1 1 1 1 1 1 -1 1 1 1 -1 -1 1 1 1 1 1 1 
1 1 1 -1 -1 1 1 1 1 1 1 -1 1 1 -1 1 1 1 1 1 
1 1 1 -1 -1 -1 -1 1 1 1 1 1 1 1 1 1 1 1 1 1 
1 -1 1 -1 1 1 -1 -1 -1 -1 -1 -1 1 1 1 1 1 1 1 1 
-1 1 1 1 1 1 1 -1 -1 -1 -1 -1 1 1 1 1 1 1 1 1 
1 1 1 1 1 1 1 1 -1 -1 -1 -1 1 -1 -1 1 1 -1 1 1 
1 1 1 1 1 1 -1 -1 -1 -1 -1 1 -1 -1 1 1 -1 1 1 1 
1 -1 -1 1 1 1 1 -1 -1 -1 -1 -1 1 -1 1 1 1 -1 1 1 
1 1 1 1 1 1 1 1 -1 -1 -1 -1 -1 -1 1 1 1 1 -1 1 
1 1 1 1 1 1 1 1 -1 -1 -1 -1 -1 -1 -1 1 1 1 1 -1 
1 1 1 1 1 1 1 -1 -1 -1 -1 1 -1 -1 1 1 1 -1 1 -1 
1 -1 -1 1 1 -1 1 1 1 1 1 1 -1 -1 -1 -1 1 1 -1 1 
4 5 -1 1 1 1 1 1 1 1 1 -1 -1 -1 1 -1 1 1 1 1 
-1 -1 1 1 1 1 -1 1 1 1 1 1 -1 -1 1 1 1 1 1 1 
1 1 1 1 1 1 1 1 1 1 1 -1 -1 1 1 1 1 1 1 1 
1 1 -1 1 1 1 1 1 1 1 1 -1 -1 -1 1 1 1 1 1 1 
1 1 1 1 1 1 1 1 1 1 1 -1 -1 1 1 1 -1 1 1 1 
1 1 -1 1 -1 -1 1 -1 -1 -1 1 -1 -1 -1 1 1 1 1 1 1 
1 1 1 1 -1 -1 1 -1 -1 -1 1 -1 -1 -1 1 1 1 1 1 1 
1 -1 1 -1 1 1 -1 1 -1 -1 -1 -1 -1 -1 -1 1 1 -1 -1 1 
1 -1 1 -1 -1 -1 -1 1 -1 1 1 -1 -1 -1 -1 1 1 -1 -1 -1 
-1 -1 -1 1 1 1 1 1 -1 -1 1 -1 -1 -1 -1 -1 1 -1 -1 1 
-1 -1 -1 -1 1 -1 1 -1 -1 1 1 1 -1 -1 -1 -1 -1 1 1 -1 
1 1 1 5 -1 1 -1 -1 -1 1 -1 -1 -1 -1 -1 -1 -1 1 1 1 
1 1 5 1 -1 -1 -1 -1 -1 -1 1 -1 -1 -1 -1 -1 1 1 1 1 
1 1 5 5 -1 -1 33 -1 -1 -1 -1 1 1 -1 -1 -1 -1 1 1 1 
1 -1 5 -1 -1 -1 33 33 -1 -1 -1 -1 1 -1 -1 -1 -1 1 -1 1 
1 -1 5 1 33 33 -1 -1 -1 -1 -1 -1 -1 -1 -1 -1 1 1 1 1 
1 5 1 5 5 33 33 -1 -1 -1 -1 -1 1 -1 1 1 1 1 1 1 
1 1 5 5 5 5 -1 33 -1 -1 -1 -1 1 1 -1 -1 1 1 1 1 
-1 1 5 5 1 1 1 1 -1 -1 -1 1 1 1 -1 1 1 1 1 1 
-1 4 5 1 5 1 5 1 1 1 1 1 -1 -1 1 1 1 1 1 1 
1 1 1 2 1 1 1 -1 -1 -1 1 -1 -1 -1 1 1 1 1 1 1 
1 1 1 1 -1 -1 -1 -1 -1 1 -1 -1 -1 -1 1 -1 1 1 1 1 
1 1 1 1 1 -1 -1 -1 -1 1 -1 -1 -1 -1 -1 1 1 1 1 1 
-1 1 1 1 1 1 1 1 1 -1 -1 1 1 1 -1 -1 1 1 1 1 
1 1 1 1 1 1 1 1 1 1 1 1 1 1 1 1 1 1 1 1 
1 1 -1 -1 1 -1 1 1 1 1 1 1 -1 -1 -1 1 1 1 -1 -1 
1 1 1 -1 -1 1 1 1 1 1 1 1 1 1 1 1 1 -1 1 1 
1 1 1 1 1 1 1 -1 1 -1 1 -1 1 -1 1 1 1 1 1 1 
1 1 1 1 1 1 1 -1 -1 -1 -1 1 1 1 1 1 1 -1 1 1 
1 1 1 1 1 1 1 -1 1 -1 1 -1 -1 -1 1 1 1 -1 -1 1 
-1 1 1 1 -1 1 1 1 -1 1 -1 -1 -1 -1 -1 1 1 -1 1 1 
1 1 1 -1 1 1 -1 -1 1 -1 -1 -1 -1 -1 -1 1 1 1 1 1 
-1 1 1 -1 -1 -1 -1 -1 -1 -1 -1 -1 -1 -1 -1 -1 1 1 1 -1 
-1 1 -1 -1 1 -1 1 1 -1 -1 -1 1 -1 -1 -1 1 1 1 -1 -1 
-1 -1 -1 1 1 1 -1 1 1 1 1 1 1 -1 1 1 1 1 -1 -1 
1 1 -1 1 1 1 1 1 -1 1 1 1 1 -1 1 1 1 -1 -1 -1 
1 2 1 1 -1 -1 1 1 1 -1 1 -1 1 1 1 1 -1 -1 -1 2 
1 1 2 1 1 1 -1 1 1 1 1 1 -1 1 1 1 1 -1 -1 1 
1 1 1 2 -1 1 1 1 -1 -1 -1 -1 -1 1 1 1 1 1 -1 1 
1 1 2 -1 -1 1 1 1 1 -1 -1 -1 -1 -1 1 1 1 1 1 1 
1 1 1 1 1 1 -1 -1 1 1 1 1 1 1 1 -1 1 1 1 1 
1 1 -1 1 1 1 1 -1 1 1 1 1 1 1 -1 1 1 1 1 1 
1 1 1 1 -1 1 1 1 -1 1 1 1 1 1 -1 1 -1 1 1 1 
1 1 1 1 1 1 -1 1 1 1 1 1 1 1 1 1 1 1 1 1 
1 1 1 1 1 1 -1 1 1 1 1 1 1 1 1 1 1 -1 1 1 
1 1 1 1 1 -1 1 -1 1 -1 -1 -1 1 1 1 1 1 1 1 1 
-1 1 1 1 1 1 1 1 1 -1 1 1 -1 -1 1 -1 1 1 1 1 
1 -1 1 1 1 1 1 1 1 -1 1 1 -1 -1 1 1 1 1 1 1 
1 1 1 1 1 1 1 -1 -1 1 1 1 1 1 1 1 1 1 1 -1 
1 1 1 1 1 -1 1 -1 1 1 1 1 1 1 -1 1 -1 1 1 1 
1 -1 1 1 1 1 1 1 -1 1 1 1 1 1 1 1 -1 1 -1 1 
1 -1 1 1 1 1 1 1 1 -1 -1 1 2 1 1 1 1 1 1 1 
1 1 1 1 1 1 1 1 1 1 -1 -1 1 -1 1 1 1 1 1 1 
-1 1 1 1 1 1 1 1 1 -1 -1 -1 -1 -1 1 1 1 1 1 1 
1 -1 1 1 1 1 1 1 1 1 1 -1 -1 1 1 1 1 -1 1 1 
1 1 1 1 1 1 1 1 1 1 1 -1 1 1 1 1 1 1 -1 1 
-1 1 1 1 1 1 1 1 1 1 -1 -1 1 1 1 1 1 1 1 1 
1 1 1 1 1 1 1 1 1 -1 1 1 -1 -1 1 1 1 1 1 1 
1 1 1 1 1 1 1 -1 -1 -1 1 1 1 -1 1 1 1 1 1 1 
1 -1 -1 1 1 1 1 -1 1 1 1 1 1 1 -1 1 1 1 1 1 
1 1 1 1 1 1 1 1 1 1 1 -1 1 1 -1 1 1 -1 1 1 
1 1 1 1 1 1 1 1 1 1 1 -1 1 1 1 1 1 -1 -1 1 
1 1 1 1 1 1 1 1 -1 -1 1 1 1 1 1 1 1 -1 1 1 
1 1 1 1 1 1 1 -1 1 1 1 1 1 1 1 1 1 1 1 1 
1 1 1 1 1 1 1 1 1 1 1 1 1 1 -1 1 1 1 1 1 
1 1 1 1 1 1 1 1 -1 1 -1 1 1 1 -1 -1 1 1 1 1 
1 1 1 1 1 1 1 1 1 1 1 1 -1 -1 1 1 1 1 1 1 
1 1 -1 1 -1 1 -1 1 -1 1 1 1 -1 -1 1 -1 1 -1 1 1 
1 -1 -1 -1 -1 -1 -1 -1 -1 -1 -1 -1 -1 1 -1 -1 -1 1 -1 1 
1 -1 -1 -1 -1 -1 -1 -1 -1 -1 -1 1 1 -1 -1 1 -1 -1 -1 -1 
1 1 -1 -1 1 -1 -1 -1 -1 1 1 1 -1 -1 -1 1 1 1 1 1 
-1 -1 -1 1 1 -1 -1 -1 1 1 1 1 1 -1 -1 -1 -1 1 1 -1 
-1 -1 -1 1 -1 -1 -1 -1 -1 1 1 1 1 -1 1 -1 1 1 1 -1 
1 -1 -1 1 -1 1 -1 1 -1 1 1 1 1 1 1 -1 1 1 1 1 
1 1 1 1 1 1 -1 1 1 1 -1 1 1 1 -1 1 -1 1 1 1 
1 1 1 1 1 -1 -1 -1 -1 -1 -1 -1 1 -1 1 1 1 1 1 -1 
-1 1 1 1 1 1 -1 -1 -1 -1 -1 -1 -1 1 1 1 1 1 1 1 
1 1 1 1 1 1 1 -1 -1 -1 -1 1 1 1 1 1 -1 1 1 1 
1 1 1 1 1 1 1 1 -1 -1 -1 1 1 1 1 1 1 1 1 1 
1 1 1 1 1 1 1 -1 -1 1 -1 1 -1 1 1 1 -1 -1 1 1 
1 1 1 1 1 1 1 1 1 1 -1 1 1 -1 1 1 1 1 1 1 
1 1 1 -1 1 1 1 1 1 1 1 1 -1 1 1 1 -1 1 1 1 
1 1 1 1 1 1 1 1 1 1 -1 -1 1 -1 1 1 1 1 -1 1 
1 -1 -1 1 1 1 1 1 -1 1 1 1 1 -1 1 1 1 1 1 1 
1 1 1 1 1 1 1 1 1 1 1 1 -1 -1 -1 1 -1 1 1 1 
1 1 1 1 1 1 1 1 1 1 1 -1 -1 -1 -1 -1 -1 -1 1 1 
1 1 1 1 1 1 1 1 1 1 1 -1 -1 -1 -1 -1 -1 1 1 1 
1 -1 -1 1 1 1 1 1 -1 1 1 -1 -1 -1 -1 -1 -1 1 1 1 
-1 1 1 1 1 1 1 -1 -1 -1 1 -1 -1 -1 -1 -1 1 1 -1 -1 
-1 -1 -1 1 -1 -1 -1 1 -1 -1 1 -1 -1 -1 1 1 1 -1 1 -1 
4 -1 -1 -1 1 1 -1 -1 1 -1 -1 -1 1 1 1 1 1 1 -1 -1 
-1 -1 -1 -1 1 1 -1 1 1 -1 -1 1 1 -1 1 1 1 -1 1 4 
-1 -1 -1 -1 -1 -1 1 1 1 1 1 1 1 1 -1 1 -1 1 1 -1 
1 1 -1 1 -1 1 1 1 1 1 1 1 1 1 1 -1 1 1 1 1 
1 1 1 -1 1 1 1 1 1 1 1 1 1 1 -1 1 -1 -1 1 1 
1 1 1 1 -1 1 1 1 1 1 1 1 1 1 1 1 -1 -1 1 1 
-1 1 1 1 1 1 1 1 1 1 1 1 1 1 1 1 1 1 1 1 
1 1 1 1 1 1 1 1 1 1 1 1 1 1 1 1 1 1 1 1 
1 1 1 1 1 1 1 1 1 1 1 1 1 -1 1 1 1 1 -1 1 
1 1 1 1 1 1 1 1 1 1 1 1 1 1 1 1 1 1 1 1 
1 1 1 1 1 -1 1 -1 1 1 1 1 1 1 1 1 1 1 1 1 
1 1 1 1 1 1 1 1 1 1 1 1 1 1 -1 1 -1 -1 1 1 
1 -1 -1 -1 1 1 1 1 1 1 1 1 1 1 1 1 1 -1 1 -1 
1 -1 -1 1 1 -1 -1 1 1 1 1 1 -1 1 1 1 1 1 1 1 
-1 1 1 1 1 1 -1 1 1 1 -1 -1 1 1 1 1 1 1 1 1 
-1 -1 1 -1 1 1 1 1 -1 1 -1 -1 -1 -1 1 1 1 1 -1 -1 
-1 -1 1 -1 1 1 1 1 -1 -1 1 -1 -1 -1 1 1 -1 -1 1 1 
-1 -1 1 1 -1 1 1 -1 1 1 1 -1 -1 -1 -1 -1 -1 -1 -1 -1 
-1 -1 1 1 1 1 1 1 1 1 1 -1 1 -1 -1 -1 -1 -1 -1 -1 
-1 -1 1 -1 1 1 1 1 -1 1 1 1 1 1 1 1 1 -1 -1 -1 
-1 1 -1 1 1 -1 -1 1 1 1 1 1 1 1 1 1 -1 -1 -1 -1 
-1 -1 -1 1 1 1 1 1 -1 1 -1 1 1 1 1 1 -1 -1 1 1 
-1 -1 -1 1 1 -1 1 1 1 -1 1 1 1 1 1 1 1 1 -1 -1 
-1 -1 -1 1 1 1 1 1 -1 1 1 1 1 1 1 1 1 -1 -1 -1 
-1 -1 1 1 1 -1 -1 -1 1 -1 1 1 1 1 1 1 -1 -1 -1 -1 
1 1 1 1 1 1 1 -1 -1 1 1 1 1 1 1 -1 -1 1 1 1 
1 1 1 1 1 1 1 -1 1 1 1 1 -1 -1 -1 -1 -1 1 1 1 
1 1 1 1 1 1 -1 -1 1 1 1 1 1 -1 -1 -1 -1 1 1 -1 
1 -1 1 1 -1 1 -1 -1 1 1 1 1 -1 -1 -1 -1 -1 1 1 1 
-1 1 -1 1 1 1 -1 -1 1 1 1 1 -1 1 1 -1 -1 1 1 1 
1 1 -1 -1 1 1 1 1 1 1 1 -1 -1 1 -1 -1 1 1 1 1 
1 1 1 -1 -1 -1 1 1 1 1 -1 -1 -1 -1 1 1 1 1 1 1 
1 1 1 -1 1 1 1 -1 1 1 1 -1 -1 -1 1 -1 1 1 1 1 
1 1 1 1 1 1 1 1 -1 1 -1 1 1 -1 1 -1 -1 1 1 1 
1 1 1 1 1 1 1 1 -1 -1 -1 1 1 1 1 1 -1 1 -1 1 
1 1 1 1 1 1 1 -1 1 -1 -1 1 1 1 1 1 1 1 1 -1 
1 1 -1 -1 1 1 1 -1 1 -1 1 1 -1 1 1 1 1 1 1 1 
1 1 1 -1 1 1 1 -1 -1 -1 -1 1 -1 1 1 1 1 1 1 1 
1 1 1 1 1 1 1 1 -1 1 -1 1 1 1 -1 1 1 1 -1 1 
1 1 1 1 1 1 -1 1 -1 1 -1 1 -1 -1 1 1 -1 -1 -1 -1 
-1 1 1 1 -1 1 1 1 1 -1 1 -1 1 -1 1 1 -1 -1 -1 -1 
-1 -1 1 1 1 1 -1 -1 1 -1 -1 1 1 1 1 1 1 1 -1 -1 
1 1 1 1 1 1 -1 -1 -1 -1 -1 1 -1 1 1 1 1 -1 -1 1 
1 1 1 1 1 -1 -1 -1 -1 -1 1 1 1 1 1 -1 1 -1 -1 -1 
1 1 -1 1 -1 -1 -1 -1 -1 -1 -1 1 1 1 1 -1 1 -1 -1 -1 
1 1 1 -1 -1 -1 -1 -1 -1 -1 -1 -1 1 1 1 1 1 1 1 1 
1 1 1 1 1 -1 -1 -1 -1 -1 -1 -1 1 1 1 1 1 -1 -1 1 
1 1 1 1 1 -1 -1 -1 -1 -1 -1 -1 -1 -1 -1 1 1 1 1 1 
1 1 -1 1 1 -1 -1 -1 -1 -1 -1 -1 -1 1 1 -1 1 1 1 -1 
-1 1 1 1 -1 1 -1 -1 -1 -1 -1 -1 1 1 1 -1 1 1 1 1 
-1 -1 1 1 1 1 1 1 1 1 -1 -1 1 -1 1 1 1 1 1 1 
1 1 1 1 1 1 1 1 1 1 -1 1 1 1 1 1 1 1 1 -1 
1 1 1 1 -1 1 1 1 1 1 1 1 1 1 1 1 1 1 1 1 
1 -1 -1 -1 -1 -1 -1 -1 1 -1 1 1 -1 -1 1 1 1 1 1 -1 
1 1 1 -1 -1 -1 -1 1 1 1 1 1 -1 1 1 1 1 1 1 -1 
-1 -1 -1 -1 -1 1 -1 1 1 -1 1 1 2 1 1 -1 -1 1 -1 1 
-1 -1 -1 -1 -1 1 -1 -1 -1 1 1 1 1 -1 1 -1 -1 1 1 -1 
-1 -1 -1 -1 -1 1 1 -1 -1 -1 1 1 -1 -1 1 1 1 1 1 1 
1 -1 -1 -1 -1 -1 1 1 1 -1 -1 1 1 -1 -1 1 -1 -1 -1 1 
1 1 1 -1 -1 1 1 1 1 1 -1 -1 1 -1 1 1 1 -1 1 1 
1 1 1 1 1 1 1 1 -1 1 1 1 1 1 1 1 -1 -1 1 1 
1 1 1 1 1 1 1 1 1 1 1 -1 1 1 1 1 1 1 -1 1 
1 1 1 1 1 1 1 1 1 -1 -1 -1 -1 1 -1 -1 1 1 1 1 
1 1 1 1 1 -1 1 1 1 1 1 1 -1 1 -1 -1 -1 1 1 1 
1 1 1 -1 1 1 1 1 1 -1 1 1 -1 1 -1 -1 -1 1 -1 1 
1 1 1 1 1 1 1 1 -1 1 1 1 1 1 1 -1 -1 1 1 -1 
1 1 1 1 1 1 -1 1 1 1 1 1 1 1 1 -1 1 1 1 -1 
1 1 1 1 1 1 1 1 1 1 1 1 1 1 -1 1 1 1 1 1 
1 1 1 1 1 1 1 1 1 1 1 1 1 1 1 1 1 1 1 1 
1 1 1 1 1 1 1 1 1 1 1 1 1 -1 -1 1 1 -1 1 1 
1 -1 1 1 1 1 1 1 -1 1 -1 1 -1 -1 -1 1 1 1 1 1 
1 1 1 1 1 1 1 -1 -1 -1 -1 -1 -1 -1 -1 1 1 1 1 1 
1 1 1 1 1 1 1 1 1 -1 -1 -1 -1 -1 -1 1 1 1 1 1 
1 1 1 1 1 -1 1 1 -1 -1 -1 -1 -1 -1 -1 -1 1 1 -1 1 
1 1 1 -1 -1 1 1 -1 -1 -1 -1 -1 -1 -1 -1 1 1 1 1 1 
-1 1 -1 -1 -1 1 -1 -1 -1 -1 1 -1 -1 -1 1 1 1 1 1 1 
1 -1 1 -1 -1 -1 -1 -1 -1 -1 -1 -1 -1 -1 -1 1 1 1 -1 1 
1 1 -1 -1 -1 -1 -1 -1 -1 -1 -1 -1 -1 -1 -1 1 1 1 -1 1 
1 -1 -1 -1 -1 -1 -1 -1 -1 -1 -1 -1 -1 -1 1 -1 -1 -1 1 1 
1 -1 -1 -1 -1 -1 -1 -1 1 -1 1 1 -1 -1 1 -1 -1 1 1 1 
-1 -1 -1 1 -1 -1 -1 -1 1 -1 1 -1 -1 -1 1 -1 -1 1 1 1 
1 1 -1 1 1 1 1 1 1 1 -1 1 -1 -1 -1 -1 -1 -1 -1 1 
2 -1 -1 -1 1 1 1 -1 -1 -1 -1 1 -1 -1 -1 -1 -1 -1 -1 -1 
-1 2 2 1 1 1 -1 -1 -1 -1 -1 -1 -1 -1 -1 -1 -1 -1 -1 2 
2 2 2 -1 1 1 1 1 -1 -1 -1 -1 -1 -1 -1 -1 -1 -1 -1 2 
2 2 2 2 1 1 1 1 -1 -1 -1 -1 -1 -1 -1 -1 -1 1 1 1 
-1 2 2 2 1 1 1 1 -1 -1 -1 -1 -1 -1 -1 -1 1 -1 1 -1 
1 2 2 1 1 1 1 1 1 -1 -1 -1 -1 -1 -1 -1 -1 1 1 1 
1 1 1 -1 1 1 1 1 1 -1 -1 -1 -1 -1 -1 -1 -1 1 1 1 
-1 -1 -1 1 1 -1 1 1 -1 -1 1 -1 -1 -1 -1 -1 1 1 1 -1 
1 1 1 1 1 1 1 -1 -1 -1 -1 -1 -1 -1 -1 -1 1 1 1 -1 
1 1 1 1 1 1 1 1 1 1 -1 -1 -1 -1 -1 -1 1 1 1 -1 
1 1 -1 1 2 1 -1 1 -1 -1 -1 -1 -1 -1 -1 -1 1 1 1 1 
-1 1 -1 -1 2 1 1 -1 -1 -1 -1 -1 -1 -1 -1 -1 -1 1 1 1 
1 1 1 1 1 1 -1 -1 1 -1 -1 -1 -1 -1 -1 -1 1 -1 1 1 
1 1 1 1 1 1 1 -1 1 -1 -1 1 1 1 -1 -1 -1 1 1 1 
1 1 1 1 1 1 1 1 1 -1 -1 -1 1 1 -1 -1 -1 -1 -1 1 
1 -1 1 1 1 -1 1 1 1 -1 -1 -1 -1 -1 -1 -1 -1 -1 -1 1 
1 1 1 1 1 1 1 1 1 1 -1 1 -1 -1 -1 -1 -1 -1 1 1 
1 -1 1 1 1 1 -1 1 -1 -1 1 1 -1 -1 -1 -1 -1 -1 -1 1 
-1 1 1 1 1 1 1 1 1 1 -1 1 -1 -1 -1 -1 -1 -1 -1 -1 
-1 1 -1 1 1 1 1 1 -1 1 1 1 1 1 -1 -1 -1 -1 -1 -1 
-1 1 1 1 1 1 1 -1 -1 1 1 1 1 1 -1 -1 -1 -1 -1 -1 
-1 1 1 1 1 -1 1 -1 1 1 1 1 1 1 1 -1 -1 -1 -1 -1 
1 -1 1 1 -1 1 -1 1 1 1 1 -1 1 -1 1 1 1 -1 -1 -1 
-1 -1 1 1 -1 -1 -1 -1 -1 1 1 -1 -1 1 -1 1 -1 -1 -1 -1 
1 1 1 -1 -1 1 1 1 1 -1 -1 1 1 -1 1 1 1 1 1 1 
-1 1 1 1 1 1 1 1 1 1 1 1 -1 1 1 1 1 1 1 1 
1 1 1 -1 1 1 -1 1 1 -1 -1 -1 -1 -1 1 1 1 -1 1 1 
1 -1 1 1 -1 1 1 1 -1 -1 -1 -1 -1 -1 -1 1 -1 1 1 1 
1 1 1 1 -1 1 -1 -1 1 -1 -1 -1 -1 -1 -1 1 1 1 1 1 
1 1 1 -1 1 -1 -1 -1 -1 -1 1 -1 -1 1 1 1 1 1 1 1 
1 1 1 1 1 -1 -1 -1 -1 1 -1 1 1 1 1 -1 1 1 1 1 
1 1 1 1 1 -1 1 -1 -1 -1 1 -1 -1 1 1 1 1 1 1 1 
1 1 -1 1 1 1 1 -1 -1 -1 -1 1 -1 -1 1 1 1 1 1 1 
1 1 1 1 1 1 -1 1 1 1 1 -1 1 1 1 1 1 1 1 1 
1 1 1 1 1 1 1 1 1 1 1 -1 1 2 1 1 1 1 1 -1 
-1 1 1 -1 1 1 1 1 1 1 1 1 2 1 1 1 1 1 1 1 
-1 -1 1 1 -1 1 -1 1 1 1 -1 1 1 1 1 -1 -1 1 1 -1 
-1 1 1 1 1 -1 1 -1 1 1 -1 -1 -1 -1 1 -1 -1 1 -1 -1 
-1 -1 1 1 -1 -1 -1 -1 -1 -1 -1 -1 -1 -1 -1 -1 -1 -1 1 -1 
-1 -1 1 -1 -1 -1 -1 -1 -1 -1 -1 -1 -1 -1 -1 -1 -1 -1 -1 -1 
-1 -1 -1 -1 -1 -1 -1 -1 -1 -1 -1 -1 -1 -1 -1 -1 -1 -1 -1 -1 
-1 -1 -1 -1 -1 -1 -1 -1 -1 -1 -1 -1 -1 -1 -1 -1 -1 -1 -1 -1 
-1 1 -1 1 -1 -1 -1 -1 -1 -1 -1 -1 -1 -1 -1 -1 -1 -1 -1 -1 
-1 1 -1 1 1 1 -1 -1 -1 -1 -1 1 -1 -1 -1 -1 -1 1 1 -1 
1 1 1 1 1 1 -1 -1 1 1 1 -1 1 -1 1 -1 -1 1 1 1 
1 -1 1 1 1 1 -1 -1 -1 -1 -1 -1 -1 1 1 1 1 1 1 1 
1 1 1 1 1 -1 -1 -1 -1 -1 -1 -1 1 1 -1 -1 1 1 1 1 
1 -1 -1 -1 -1 -1 -1 -1 -1 -1 -1 1 -1 -1 -1 -1 1 1 1 1 
1 1 -1 1 1 1 1 1 1 1 1 -1 -1 -1 1 1 1 1 1 1 
1 -1 1 1 -1 1 1 1 1 1 1 -1 -1 -1 -1 1 1 1 1 1 
1 1 1 1 1 1 1 1 1 1 1 1 -1 -1 -1 -1 1 -1 1 1 
1 1 1 1 1 1 1 -1 -1 -1 -1 -1 -1 -1 -1 1 -1 1 1 1 
1 1 1 1 1 1 1 -1 -1 -1 -1 -1 -1 -1 1 1 1 -1 1 -1 
1 1 1 1 1 -1 -1 -1 -1 -1 -1 -1 -1 1 1 1 1 1 1 1 
1 -1 1 1 1 1 -1 1 1 -1 -1 -1 -1 1 1 -1 1 1 -1 -1 
1 1 1 1 1 1 -1 -1 -1 -1 -1 -1 1 1 -1 -1 1 1 1 -1 
1 1 1 1 1 1 1 -1 -1 -1 1 1 -1 1 -1 -1 -1 1 -1 1 
1 1 1 1 -1 1 1 1 -1 -1 -1 -1 -1 -1 -1 -1 -1 1 1 -1 
1 -1 1 1 -1 -1 -1 1 -1 1 -1 -1 -1 -1 -1 -1 -1 -1 1 1 
-1 1 -1 1 1 -1 -1 -1 -1 -1 1 1 -1 -1 -1 -1 -1 -1 -1 -1 
-1 -1 -1 -1 -1 1 1 1 -1 1 1 -1 1 -1 -1 -1 1 -1 -1 -1 
-1 1 -1 -1 -1 -1 -1 1 -1 1 1 -1 -1 -1 1 1 -1 1 -1 -1 
1 1 1 -1 -1 -1 -1 1 1 1 -1 -1 -1 -1 -1 1 1 1 1 1 
1 1 -1 -1 -1 -1 -1 -1 1 -1 -1 -1 -1 -1 -1 -1 1 -1 -1 1 
-1 1 1 1 1 1 1 1 1 1 -1 -1 -1 -1 -1 -1 -1 1 1 1 
1 1 -1 1 1 1 1 1 1 -1 1 -1 -1 1 1 1 1 1 1 -1 
1 1 1 -1 1 1 -1 1 1 1 -1 1 -1 1 1 1 1 1 1 1 
1 1 1 1 1 -1 -1 1 1 1 -1 -1 -1 1 1 -1 1 -1 1 1 
1 1 1 1 1 -1 -1 -1 -1 -1 -1 -1 1 1 1 1 1 1 1 1 
1 1 1 1 1 1 1 1 -1 -1 -1 -1 1 1 1 -1 1 1 1 1 
1 1 1 -1 1 -1 1 -1 1 -1 -1 -1 1 -1 -1 1 1 1 -1 1 
1 1 1 1 1 -1 -1 1 -1 -1 -1 -1 1 1 1 1 1 -1 1 1 
1 1 1 -1 -1 -1 -1 -1 1 1 -1 -1 -1 1 -1 1 -1 1 1 1 
-1 1 1 1 1 -1 -1 1 1 1 1 -1 -1 -1 -1 1 1 1 1 1 
1 1 1 1 1 1 1 1 -1 -1 1 -1 -1 -1 1 -1 1 -1 -1 1 
-1 -1 1 1 -1 -1 -1 -1 -1 1 -1 -1 -1 -1 -1 -1 -1 -1 -1 -1 
-1 -1 -1 -1 -1 -1 -1 1 1 1 -1 -1 -1 -1 -1 -1 -1 -1 -1 -1 
-1 -1 -1 -1 -1 -1 -1 1 1 1 -1 -1 -1 -1 -1 -1 -1 -1 -1 -1 
1 -1 -1 -1 -1 -1 -1 1 -1 -1 -1 -1 -1 -1 -1 -1 -1 -1 -1 1 
1 -1 -1 -1 -1 -1 1 -1 1 1 -1 -1 -1 -1 -1 -1 -1 -1 -1 1 
-1 -1 -1 -1 -1 1 -1 -1 -1 -1 -1 -1 -1 -1 -1 -1 -1 -1 -1 1 
-1 -1 1 1 1 -1 -1 -1 -1 -1 1 -1 -1 -1 -1 -1 -1 -1 1 -1 
-1 1 1 1 -1 -1 -1 -1 -1 -1 -1 -1 -1 -1 -1 -1 -1 1 -1 -1 
1 -1 1 1 1 1 -1 -1 -1 -1 -1 -1 -1 -1 -1 -1 -1 1 -1 -1 
1 1 1 1 1 1 -1 -1 1 -1 -1 -1 -1 1 1 -1 -1 -1 1 1 
1 -1 -1 1 1 -1 1 -1 1 1 -1 -1 -1 -1 -1 1 1 1 -1 -1 
1 1 -1 1 -1 -1 -1 -1 -1 1 1 -1 1 1 1 1 1 1 1 -1 
1 -1 1 1 1 -1 -1 -1 -1 -1 -1 -1 1 1 1 1 1 1 1 1 
1 1 1 1 1 1 1 1 1 -1 1 1 1 1 1 1 1 1 1 1 
1 1 1 1 1 1 1 -1 -1 -1 -1 1 1 1 1 1 1 1 1 1 
1 -1 1 1 1 1 1 1 -1 -1 1 1 1 1 1 1 1 1 1 1 
1 1 -1 1 1 1 1 1 -1 1 1 -1 1 -1 1 1 -1 -1 1 1 
-1 1 1 1 1 1 1 -1 -1 1 1 -1 -1 1 -1 -1 1 -1 -1 1 
1 -1 1 1 1 1 -1 -1 -1 -1 1 1 -1 1 1 1 1 -1 -1 1 
1 1 -1 1 1 1 -1 1 -1 -1 -1 1 1 1 1 1 -1 -1 -1 1 
1 -1 -1 -1 1 1 1 -1 -1 -1 -1 1 -1 -1 -1 -1 -1 -1 -1 1 
-1 -1 -1 -1 -1 1 1 1 1 -1 -1 -1 -1 -1 -1 -1 -1 -1 -1 -1 
-1 -1 -1 -1 -1 -1 -1 1 -1 -1 -1 -1 -1 -1 -1 -1 -1 -1 -1 -1 
-1 -1 -1 -1 -1 -1 1 -1 -1 -1 -1 -1 -1 -1 -1 -1 -1 -1 -1 -1 
-1 -1 -1 -1 -1 -1 -1 -1 -1 -1 -1 -1 -1 -1 -1 -1 -1 -1 -1 -1 
-1 -1 -1 -1 -1 -1 -1 -1 -1 -1 -1 -1 -1 -1 -1 -1 -1 -1 -1 -1 
-1 -1 -1 -1 1 1 -1 -1 1 -1 -1 -1 -1 -1 -1 -1 -1 -1 1 1 
-1 -1 -1 -1 -1 -1 -1 1 -1 -1 -1 -1 -1 -1 -1 -1 -1 1 1 1 
1 1 1 -1 -1 -1 1 -1 -1 -1 -1 -1 -1 -1 -1 -1 -1 -1 1 -1 
-1 1 -1 1 -1 -1 1 -1 -1 -1 -1 -1 -1 1 1 -1 1 1 1 1 
-1 1 1 1 1 -1 -1 -1 -1 -1 -1 -1 -1 -1 1 -1 -1 -1 1 1 
1 -1 1 1 1 -1 -1 -1 -1 -1 -1 -1 -1 1 1 1 1 -1 -1 1 
1 -1 -1 1 1 1 -1 -1 -1 1 -1 -1 1 -1 1 -1 1 1 1 1 
1 1 1 1 1 1 1 -1 -1 1 -1 -1 -1 -1 -1 1 1 1 1 1 
1 -1 1 1 -1 1 1 -1 -1 -1 -1 -1 -1 -1 -1 1 1 1 1 1 
1 1 1 1 1 1 -1 1 -1 -1 -1 -1 -1 -1 -1 -1 1 1 1 1 
1 1 1 1 1 -1 -1 -1 1 -1 -1 -1 -1 -1 1 1 1 1 1 1 
1 1 1 1 -1 -1 1 -1 -1 -1 -1 -1 -1 1 1 1 1 1 1 -1 
1 1 1 -1 -1 -1 -1 -1 1 1 1 -1 -1 -1 1 1 1 -1 -1 1 
1 1 1 1 -1 -1 -1 -1 1 1 -1 1 -1 -1 1 -1 1 -1 1 1 
1 1 1 -1 -1 -1 1 1 1 -1 -1 1 -1 1 -1 -1 -1 1 1 1 
1 -1 -1 -1 -1 1 1 1 1 1 -1 -1 -1 -1 -1 -1 -1 -1 1 -1 
-1 -1 -1 -1 1 1 -1 1 -1 -1 -1 -1 -1 -1 -1 -1 -1 1 -1 -1 
-1 -1 -1 -1 1 -1 1 1 1 -1 -1 -1 -1 -1 -1 -1 -1 1 -1 -1 
1 1 -1 -1 -1 -1 1 1 1 1 -1 -1 -1 -1 -1 -1 -1 -1 -1 -1 
1 1 -1 -1 -1 -1 -1 1 -1 -1 1 -1 -1 -1 -1 -1 -1 -1 -1 -1 
1 -1 1 1 -1 -1 -1 1 1 1 -1 1 -1 -1 -1 -1 -1 -1 -1 1 
1 1 1 -1 -1 -1 -1 1 1 -1 1 -1 -1 -1 -1 1 -1 1 -1 1 
1 1 1 -1 -1 -1 -1 -1 -1 1 1 1 -1 -1 -1 1 1 1 1 1 
1 1 1 -1 1 1 -1 -1 1 -1 1 1 -1 -1 1 1 -1 1 1 -1 
1 1 1 1 -1 1 1 1 -1 1 -1 -1 -1 -1 1 1 1 1 1 1 
-1 1 1 1 1 1 1 1 1 1 1 1 -1 1 1 1 1 1 1 1 
1 -1 -1 1 1 1 1 -1 1 1 1 -1 1 1 1 1 1 1 1 1 
1 1 1 1 1 -1 1 -1 -1 3 3 3 1 3 3 -1 1 1 1 1 
1 1 1 1 -1 1 -1 -1 -1 1 1 3 -1 3 -1 1 1 1 1 1 
1 1 1 1 1 -1 -1 -1 1 1 1 1 -1 1 1 1 -1 -1 1 1 
1 1 1 -1 -1 1 -1 -1 1 1 -1 -1 1 -1 -1 -1 1 1 1 1 
1 1 1 1 -1 -1 -1 -1 -1 1 1 1 -1 -1 -1 1 1 1 1 1 
1 1 1 1 -1 1 -1 -1 -1 -1 1 1 -1 -1 -1 -1 1 1 1 1 
1 -1 -1 1 1 1 -1 -1 1 1 1 1 -1 -1 -1 -1 -1 -1 -1 -1 
-1 -1 1 -1 -1 1 -1 1 1 1 -1 -1 -1 -1 -1 -1 -1 -1 -1 -1 
-1 -1 1 1 -1 -1 -1 1 1 1 1 -1 -1 -1 -1 -1 -1 -1 -1 -1 
-1 -1 -1 -1 -1 -1 -1 -1 1 1 -1 -1 -1 -1 -1 -1 -1 -1 -1 -1 
-1 -1 -1 -1 -1 1 1 1 -1 1 -1 -1 -1 -1 -1 -1 -1 -1 -1 -1 
-1 -1 -1 -1 -1 -1 1 1 -1 1 -1 -1 -1 -1 -1 -1 -1 -1 -1 -1 
-1 1 1 -1 1 1 1 -1 1 -1 1 -1 -1 -1 -1 -1 -1 -1 -1 -1 
1 -1 1 1 -1 1 1 1 -1 -1 1 -1 -1 -1 -1 1 1 -1 -1 -1 
1 1 1 1 1 1 1 1 1 1 -1 1 1 -1 1 1 1 1 1 1 
1 1 1 1 1 1 -1 1 1 1 -1 -1 1 1 1 1 1 1 1 1 
1 -1 1 1 1 1 1 1 -1 -1 1 1 -1 1 1 1 1 1 1 1 
-1 1 1 1 -1 1 -1 -1 1 1 1 1 1 1 1 1 1 1 1 1 
1 1 1 1 -1 1 1 -1 -1 1 1 1 -1 1 1 -1 1 1 1 -1 
1 1 1 1 -1 1 1 -1 -1 1 1 1 1 3 1 1 1 1 1 1 
1 1 1 1 1 1 -1 -1 -1 -1 -1 -1 -1 -1 -1 -1 1 -1 1 1 
1 1 1 1 1 1 1 -1 -1 -1 -1 -1 -1 -1 -1 -1 1 -1 -1 -1 
1 -1 1 1 -1 1 -1 -1 -1 -1 -1 -1 -1 1 1 1 1 1 1 1 
1 1 -1 1 1 1 1 1 -1 -1 -1 -1 -1 -1 1 1 1 1 1 1 
1 1 -1 1 1 1 1 -1 -1 -1 -1 -1 -1 -1 -1 1 1 1 1 1 
1 1 1 1 1 1 1 -1 -1 -1 -1 -1 -1 -1 -1 -1 -1 1 1 1 
1 1 1 1 -1 1 -1 -1 1 -1 -1 -1 -1 -1 -1 -1 -1 1 1 1 
1 1 -1 -1 -1 -1 -1 1 -1 -1 -1 -1 -1 1 1 -1 1 1 1 -1 
-1 -1 -1 -1 -1 -1 -1 -1 -1 -1 -1 1 -1 1 1 1 -1 1 1 1 
-1 -1 -1 -1 -1 -1 -1 -1 -1 -1 -1 -1 1 1 1 -1 1 -1 1 1 
-1 -1 -1 -1 -1 -1 -1 -1 -1 -1 -1 -1 -1 1 1 1 1 1 1 1 
-1 -1 -1 -1 -1 -1 -1 -1 -1 -1 -1 -1 -1 -1 1 1 1 1 1 -1 
-1 -1 -1 -1 -1 -1 -1 -1 -1 -1 -1 -1 -1 -1 -1 -1 1 1 1 -1 
-1 -1 -1 -1 -1 -1 -1 -1 -1 -1 -1 -1 -1 -1 -1 1 1 1 -1 1 
-1 -1 -1 -1 -1 -1 -1 -1 -1 -1 -1 -1 -1 -1 -1 -1 -1 1 1 -1 
-1 -1 -1 -1 -1 -1 -1 -1 -1 -1 -1 -1 -1 -1 -1 -1 -1 1 -1 -1 
-1 1 1 -1 -1 -1 -1 -1 -1 -1 -1 -1 -1 -1 -1 -1 -1 -1 1 1 
1 1 1 -1 1 -1 -1 -1 -1 -1 -1 -1 -1 -1 -1 -1 -1 1 1 -1 
-1 1 1 1 1 -1 -1 -1 -1 -1 -1 -1 -1 -1 -1 -1 1 1 1 1 
-1 1 1 1 1 1 -1 -1 -1 -1 -1 -1 -1 -1 -1 -1 1 1 1 1 
1 1 1 1 1 -1 1 1 -1 1 1 1 -1 -1 -1 -1 -1 1 1 -1 
1 1 1 -1 1 1 1 1 -1 1 1 -1 1 -1 -1 -1 1 1 1 1 
1 1 1 -1 -1 1 1 1 -1 1 1 1 -1 -1 1 1 -1 1 1 1 
1 1 1 1 1 1 1 -1 -1 -1 1 1 1 1 1 1 1 1 1 1 
1 -1 -1 1 -1 1 1 1 -1 1 1 1 1 1 1 1 1 1 1 1 
1 -1 1 1 -1 1 1 1 -1 1 1 -1 1 1 1 1 1 1 1 1 
-1 1 1 1 1 -1 1 1 1 -1 1 1 1 1 1 1 1 1 1 -1 
-1 -1 -1 -1 1 1 1 1 1 -1 1 1 1 1 1 1 1 1 1 -1 
-1 1 -1 -1 -1 1 -1 -1 -1 1 1 -1 1 1 1 1 1 1 1 -1 
1 1 -1 -1 -1 -1 -1 -1 1 1 1 1 1 1 1 1 1 -1 1 1 
1 -1 1 -1 1 -1 -1 -1 1 1 1 1 1 1 1 1 1 1 1 1 
1 1 1 1 -1 -1 -1 -1 1 -1 1 1 1 1 1 1 -1 -1 1 1 
1 1 1 1 1 -1 -1 1 -1 1 1 1 1 1 1 -1 1 1 1 1 
-1 1 1 1 1 -1 -1 -1 -1 1 -1 1 1 1 1 1 1 1 -1 1 
1 1 1 1 1 -1 -1 1 1 -1 -1 1 1 1 1 1 1 -1 1 1 
1 1 1 1 1 -1 1 1 -1 1 1 -1 1 1 1 1 1 1 1 1 
1 1 1 1 -1 1 1 1 1 -1 1 -1 -1 1 1 1 1 1 1 1 
1 1 1 1 1 -1 1 1 1 1 1 1 1 1 1 1 -1 1 1 1 
1 1 1 1 1 -1 1 -1 -1 1 1 1 1 1 1 1 -1 1 1 1 
1 1 -1 1 -1 1 -1 1 1 1 1 1 -1 1 1 -1 1 1 1 1 
1 1 1 1 1 1 -1 1 1 1 -1 -1 -1 1 1 1 1 1 1 1 
1 1 1 1 1 -1 -1 1 1 1 1 1 1 1 1 1 1 1 1 1 
1 1 1 1 1 -1 1 1 1 1 1 1 1 1 1 1 1 1 1 1 
1 1 -1 1 1 1 -1 1 1 1 1 1 1 -1 1 -1 1 -1 -1 1 
-1 1 1 1 1 -1 1 1 1 -1 1 1 1 -1 1 -1 1 -1 1 1 
1 1 1 1 1 1 -1 -1 1 1 -1 1 -1 -1 -1 1 1 1 1 1 
-1 1 1 1 1 1 -1 -1 -1 -1 1 -1 -1 -1 1 1 1 1 1 -1 
1 1 1 1 1 1 1 -1 -1 1 1 -1 -1 1 -1 1 1 1 1 1 
-1 -1 1 1 1 1 1 1 1 -1 -1 -1 -1 -1 1 1 1 -1 -1 1 
-1 -1 1 1 1 1 1 -1 -1 1 -1 -1 -1 -1 -1 -1 -1 1 -1 -1 
1 1 1 1 1 1 -1 -1 -1 -1 -1 -1 -1 -1 -1 -1 -1 -1 -1 -1 
1 1 1 1 1 1 1 -1 -1 -1 -1 -1 -1 -1 -1 -1 -1 -1 -1 1 
1 1 1 -1 -1 -1 -1 -1 -1 -1 -1 -1 -1 1 -1 -1 -1 -1 1 1 
1 1 1 1 -1 1 -1 -1 -1 -1 -1 -1 -1 1 -1 -1 -1 1 1 1 
1 1 1 1 1 -1 -1 -1 -1 -1 -1 -1 1 1 -1 -1 -1 1 1 1 
1 1 1 1 1 -1 -1 -1 -1 -1 -1 -1 -1 -1 -1 -1 -1 1 1 1 
1 1 1 1 -1 -1 1 1 -1 -1 -1 -1 -1 -1 -1 -1 1 1 1 1 
1 1 1 1 1 -1 1 -1 1 1 -1 -1 -1 -1 1 1 -1 1 1 1 
1 1 1 1 1 1 1 -1 -1 -1 -1 -1 -1 -1 -1 1 1 1 1 -1 
1 1 1 1 1 1 1 -1 -1 -1 -1 -1 -1 -1 -1 1 1 1 1 1 
1 1 1 1 1 1 1 -1 -1 -1 -1 -1 -1 -1 1 1 1 1 -1 1 
1 1 1 1 1 1 1 1 -1 1 1 1 -1 -1 -1 -1 1 1 -1 1 
-1 1 1 1 1 1 1 -1 1 1 -1 1 -1 -1 -1 -1 1 1 1 -1 
1 1 1 1 1 1 1 1 1 -1 -1 -1 -1 -1 -1 1 1 1 1 -1 
1 -1 1 1 1 1 1 1 1 1 -1 -1 -1 -1 -1 -1 1 1 1 1 
1 1 1 -1 -1 -1 -1 1 1 1 -1 -1 -1 -1 -1 -1 -1 1 1 1 
1 1 1 1 1 -1 1 1 1 -1 -1 -1 -1 -1 -1 1 1 1 1 1 
1 1 1 1 1 -1 1 1 1 1 -1 -1 -1 -1 -1 1 1 1 1 1 
1 1 1 -1 1 1 1 -1 1 -1 1 1 -1 -1 1 1 -1 1 -1 1 
1 1 -1 -1 -1 -1 1 -1 1 1 -1 -1 -1 -1 -1 1 -1 -1 1 -1 
-1 -1 -1 -1 -1 -1 -1 1 1 1 1 1 -1 -1 -1 -1 -1 1 -1 1 
1 -1 -1 -1 -1 -1 -1 1 -1 -1 1 1 -1 -1 -1 -1 -1 1 1 1 
1 -1 -1 1 1 -1 1 -1 -1 -1 -1 1 -1 -1 -1 -1 1 1 1 1 
1 -1 1 1 1 1 -1 -1 -1 -1 -1 -1 -1 -1 -1 1 1 1 1 1 
-1 1 -1 -1 -1 -1 -1 -1 -1 -1 -1 -1 -1 -1 1 -1 -1 1 1 1 
1 -1 -1 -1 -1 1 1 -1 -1 -1 -1 -1 -1 1 1 -1 -1 1 1 1 
-1 1 -1 -1 -1 -1 -1 -1 -1 -1 -1 -1 -1 -1 1 -1 -1 -1 1 1 
1 -1 1 -1 1 -1 -1 -1 -1 1 -1 1 -1 -1 1 1 -1 -1 -1 1 
-1 1 1 1 1 1 -1 -1 -1 -1 1 1 1 1 1 -1 1 -1 1 1 
1 1 1 1 1 1 1 1 -1 -1 -1 1 -1 -1 -1 -1 1 1 1 1 
1 1 1 -1 -1 1 1 -1 1 1 1 1 1 1 1 1 -1 -1 1 1 
1 -1 1 1 1 1 1 1 1 -1 1 -1 1 1 1 1 1 1 -1 1 
1 1 1 1 1 1 1 -1 -1 1 -1 -1 1 1 1 1 1 1 1 1 
1 -1 1 1 1 1 -1 1 -1 -1 -1 -1 1 1 1 1 1 1 1 1 
1 1 1 1 1 -1 1 1 1 -1 -1 -1 -1 1 1 1 1 1 1 1 
1 1 -1 -1 1 -1 -1 1 1 -1 -1 -1 -1 1 1 1 1 -1 -1 1 
1 -1 -1 1 1 1 1 1 -1 -1 -1 1 -1 -1 -1 -1 1 1 1 -1 
-1 -1 -1 -1 -1 -1 1 -1 1 -1 -1 -1 -1 -1 1 1 1 -1 1 -1 
-1 -1 -1 -1 -1 -1 -1 1 -1 -1 -1 -1 -1 -1 1 1 -1 1 -1 -1 
-1 -1 -1 -1 -1 -1 -1 -1 -1 -1 -1 -1 -1 -1 1 1 -1 -1 -1 -1 
-1 1 -1 -1 -1 -1 -1 -1 -1 -1 -1 1 -1 -1 -1 -1 -1 -1 -1 -1 
-1 1 -1 -1 -1 -1 -1 -1 -1 -1 -1 -1 -1 -1 -1 -1 -1 -1 -1 -1 
1 1 -1 -1 -1 -1 -1 -1 1 1 1 -1 -1 -1 -1 1 -1 -1 1 1 
1 1 -1 -1 -1 1 -1 1 -1 1 1 1 -1 -1 -1 1 1 1 1 1 
-1 1 1 -1 1 1 1 -1 1 1 1 -1 -1 -1 -1 -1 1 1 1 1 
1 1 1 1 1 1 1 1 1 -1 1 1 -1 -1 1 1 1 1 1 1 
1 1 1 1 1 1 1 1 1 -1 1 1 1 -1 1 -1 1 1 1 1 
1 1 1 1 1 1 1 1 -1 1 1 -1 1 1 1 1 1 1 1 1 
1 1 1 1 1 -1 1 1 1 1 -1 -1 -1 1 1 1 1 -1 1 1 
1 1 1 1 1 1 1 1 1 -1 1 -1 1 1 1 1 1 1 1 1 
1 1 1 1 1 -1 1 1 1 -1 1 1 -1 -1 -1 1 1 -1 1 1 
1 1 1 -1 -1 1 1 1 -1 -1 1 1 -1 -1 1 1 1 1 -1 1 
1 -1 -1 1 1 1 1 1 1 1 1 1 -1 -1 1 1 -1 1 1 1 
1 -1 -1 -1 1 1 1 1 -1 1 -1 -1 -1 1 1 1 1 -1 1 1 
1 1 1 -1 1 1 1 1 1 1 -1 -1 -1 1 1 1 1 -1 1 1 
1 1 1 1 1 1 1 -1 -1 1 -1 1 -1 -1 1 1 1 1 -1 -1 
-1 1 1 1 1 -1 -1 -1 -1 -1 1 1 -1 -1 1 -1 1 -1 -1 -1 
-1 1 1 1 1 -1 -1 -1 -1 -1 -1 -1 -1 1 1 -1 -1 -1 -1 1 
-1 -1 1 1 -1 -1 -1 -1 -1 -1 1 -1 -1 -1 -1 1 1 1 -1 1 
-1 -1 -1 -1 1 -1 1 -1 -1 -1 1 -1 1 1 -1 -1 1 -1 -1 -1 
-1 -1 -1 -1 1 1 -1 -1 -1 1 1 1 1 1 -1 1 -1 -1 -1 -1 
-1 -1 -1 -1 1 1 1 1 -1 -1 1 1 -1 -1 -1 -1 -1 -1 -1 -1 
-1 -1 -1 -1 -1 1 1 -1 1 1 1 1 -1 -1 -1 -1 -1 1 -1 -1 
-1 -1 -1 -1 1 1 1 1 -1 1 -1 -1 -1 -1 -1 1 1 1 1 1 
1 1 1 -1 1 1 1 1 1 -1 -1 -1 -1 -1 1 1 1 1 1 -1 
-1 1 1 -1 -1 1 1 1 1 1 1 -1 -1 1 -1 1 1 1 1 1 
1 1 1 1 -1 1 1 1 1 1 1 1 -1 -1 1 1 1 1 1 -1 
-1 -1 1 1 1 1 1 1 -1 1 1 -1 -1 -1 1 1 -1 1 1 1 
1 -1 1 -1 1 1 1 -1 1 1 -1 -1 -1 -1 -1 1 1 -1 1 1 
1 1 -1 1 1 1 1 1 -1 -1 -1 -1 -1 -1 1 1 1 1 1 1 
1 1 1 1 1 1 1 1 -1 -1 1 1 -1 1 1 -1 1 1 1 1 
-1 1 1 1 -1 1 -1 1 1 1 1 1 1 1 1 1 1 1 1 1 
1 1 1 1 1 1 -1 -1 1 1 1 1 -1 1 1 1 1 1 1 1 
1 1 1 -1 1 1 1 1 -1 1 1 1 1 1 1 -1 1 1 1 1 
1 1 -1 1 -1 1 -1 1 -1 1 1 1 1 1 -1 -1 -1 1 1 -1 
-1 1 1 -1 -1 -1 1 1 1 1 1 1 1 1 -1 -1 -1 1 1 1 
1 1 -1 1 -1 -1 1 1 1 1 1 1 -1 1 -1 -1 -1 1 1 1 
-1 1 -1 1 -1 1 1 1 -1 1 1 1 1 -1 -1 -1 -1 1 -1 -1 
1 1 1 1 1 -1 1 1 1 1 1 -1 -1 -1 -1 -1 -1 -1 -1 -1 
-1 1 1 -1 -1 -1 1 1 1 -1 1 1 1 1 -1 -1 -1 -1 -1 -1 
1 -1 -1 -1 -1 1 -1 -1 1 1 -1 1 1 -1 -1 1 1 -1 -1 -1 
-1 -1 1 1 -1 1 1 -1 1 -1 -1 -1 1 -1 -1 1 1 1 -1 1 
1 1 1 1 1 -1 1 -1 -1 -1 -1 -1 1 1 1 1 -1 1 1 1 
1 1 1 1 1 1 1 -1 -1 -1 -1 1 -1 1 1 1 -1 -1 1 -1 
1 1 1 1 1 1 1 -1 -1 -1 -1 -1 1 1 -1 1 1 1 1 1 
1 1 1 1 1 1 -1 -1 -1 -1 -1 -1 -1 -1 -1 -1 1 1 1 1 
1 1 1 1 1 1 -1 -1 -1 -1 -1 -1 -1 -1 -1 -1 -1 -1 1 1 
1 1 1 1 1 1 1 -1 -1 -1 -1 -1 -1 -1 -1 -1 -1 -1 1 1 
-1 1 1 1 1 1 1 1 1 -1 -1 -1 -1 -1 -1 -1 -1 -1 1 1 
1 1 1 1 1 1 1 1 -1 1 1 1 1 -1 1 1 -1 1 1 1 
-1 1 1 -1 1 1 -1 1 1 1 1 1 1 1 1 1 1 1 1 1 
1 1 1 1 1 1 -1 1 1 1 1 1 1 1 1 1 1 1 1 -1 
1 1 1 1 1 -1 1 1 1 1 -1 -1 1 1 1 1 1 1 1 1 
1 1 1 1 1 1 1 1 1 -1 -1 1 -1 1 1 1 1 1 1 1 
1 1 1 1 1 1 1 1 -1 -1 -1 -1 -1 -1 1 1 1 1 1 1 
1 1 1 1 1 1 1 -1 -1 -1 -1 -1 -1 1 1 1 -1 1 1 1 
1 1 1 1 1 1 1 1 1 1 -1 1 1 1 1 1 -1 1 1 1 
1 1 1 1 1 1 1 -1 1 1 -1 1 1 1 1 1 1 -1 1 -1 
1 1 1 1 1 1 1 1 -1 1 1 1 1 1 -1 1 1 1 1 -1 
1 1 1 1 1 1 -1 -1 -1 -1 1 1 -1 1 1 1 1 1 1 1 
1 1 1 1 -1 1 -1 -1 -1 -1 -1 -1 1 1 -1 1 1 1 1 1 
-1 1 1 1 1 -1 -1 -1 1 1 -1 -1 -1 -1 1 -1 1 1 -1 -1 
-1 -1 1 1 -1 -1 -1 -1 -1 1 -1 -1 -1 1 1 1 1 1 -1 -1 
1 1 -1 1 -1 -1 -1 -1 1 -1 -1 -1 1 1 -1 1 -1 -1 -1 -1 
1 1 1 -1 -1 1 1 1 -1 -1 1 1 1 -1 1 -1 -1 -1 -1 1 
1 1 1 1 1 -1 1 1 -1 -1 1 1 1 1 1 -1 -1 1 1 1 
1 -1 1 1 1 -1 -1 -1 1 -1 1 1 1 1 1 -1 1 1 1 1 
1 1 1 1 1 -1 1 1 -1 1 1 1 1 1 1 1 -1 -1 -1 1 
1 1 1 1 1 1 1 1 1 1 1 1 1 1 1 1 1 1 1 1 
1 1 1 1 1 1 1 1 1 1 1 1 1 -1 1 1 1 1 -1 1 
1 1 1 1 1 -1 -1 -1 -1 -1 -1 -1 1 1 1 1 -1 1 1 1 
1 1 1 1 1 -1 -1 -1 -1 -1 -1 -1 -1 1 -1 -1 -1 1 1 1 
1 1 1 -1 -1 1 -1 -1 -1 -1 -1 1 -1 1 -1 -1 1 1 1 1 
1 1 1 -1 -1 -1 -1 -1 -1 -1 -1 -1 1 1 1 1 1 1 1 1 
1 1 1 -1 -1 -1 -1 -1 -1 -1 -1 -1 -1 1 -1 -1 1 1 1 1 
1 -1 -1 -1 -1 -1 -1 -1 -1 -1 -1 -1 -1 -1 1 1 1 1 1 1 
1 -1 -1 -1 -1 -1 1 1 1 -1 -1 -1 -1 -1 1 1 1 1 1 1 
1 1 -1 1 1 -1 -1 -1 1 1 -1 -1 -1 -1 -1 -1 -1 -1 1 1 
-1 -1 -1 1 -1 -1 -1 1 1 -1 -1 -1 -1 -1 -1 -1 -1 1 -1 -1 
-1 -1 -1 1 -1 -1 1 1 -1 -1 -1 -1 -1 -1 -1 -1 1 -1 -1 -1 
-1 -1 -1 1 1 -1 -1 1 -1 -1 -1 -1 -1 -1 -1 -1 1 1 -1 -1 
-1 -1 -1 1 1 1 -1 -1 -1 1 1 1 -1 -1 1 -1 -1 -1 -1 -1 
-1 -1 -1 -1 1 1 -1 -1 -1 1 1 1 1 1 1 -1 -1 -1 -1 -1 
-1 -1 -1 -1 -1 -1 -1 -1 -1 -1 1 1 -1 -1 -1 -1 -1 -1 -1 -1 
-1 -1 -1 -1 -1 -1 -1 -1 -1 -1 -1 -1 -1 -1 -1 -1 -1 -1 -1 -1 
-1 1 -1 1 1 1 -1 -1 -1 -1 -1 -1 -1 -1 -1 -1 -1 1 -1 -1 
1 1 1 1 1 1 1 -1 -1 -1 -1 -1 -1 -1 -1 -1 -1 1 1 1 
1 1 1 1 1 1 1 1 -1 -1 -1 -1 -1 -1 -1 -1 1 1 1 1 
1 1 1 1 1 1 1 1 -1 -1 -1 -1 -1 -1 -1 -1 -1 1 1 1 
1 1 1 1 -1 1 1 -1 -1 -1 -1 -1 -1 -1 -1 -1 1 1 1 1 
1 1 1 1 1 1 1 1 1 -1 1 1 1 1 1 1 1 1 1 1 
1 1 1 1 1 1 1 1 -1 1 1 1 1 1 1 1 1 1 1 1 
1 1 1 1 1 1 1 1 1 1 1 1 1 1 1 1 1 1 1 1 
1 1 1 1 1 1 1 1 -1 1 1 1 1 1 1 1 1 -1 -1 -1 
1 1 1 1 1 1 1 1 1 1 1 1 1 1 1 1 -1 1 1 1 
1 1 1 1 1 1 1 1 1 -1 1 1 1 1 -1 1 1 1 1 1 
-1 -1 1 1 1 1 1 1 -1 1 1 1 1 1 1 1 1 1 1 -1 
-1 -1 -1 1 1 1 1 1 -1 -1 1 1 1 -1 -1 -1 -1 1 1 -1 
-1 -1 -1 -1 1 1 1 -1 1 1 1 1 -1 -1 -1 -1 -1 1 -1 -1 
-1 -1 1 -1 1 1 -1 1 1 1 1 -1 -1 -1 -1 -1 1 -1 -1 -1 
1 1 1 -1 -1 -1 1 1 1 1 -1 -1 -1 -1 1 1 1 -1 -1 1 
1 1 1 1 1 -1 -1 1 1 -1 1 -1 1 1 1 -1 1 1 1 1 
1 1 1 1 1 1 1 -1 -1 -1 1 1 1 1 1 1 1 1 1 1 
1 -1 1 1 1 1 1 -1 -1 -1 1 1 1 -1 1 1 1 1 1 1 
1 1 1 1 1 1 -1 1 -1 -1 1 -1 1 1 1 1 1 1 1 1 
1 1 1 1 1 1 -1 -1 -1 -1 -1 1 1 1 1 1 1 1 1 1 
1 -1 1 1 1 1 1 -1 -1 -1 1 1 1 1 1 1 1 1 1 1 
1 1 1 1 -1 -1 -1 -1 -1 -1 1 1 1 -1 1 1 1 1 1 1 
1 1 1 1 1 1 1 -1 1 -1 -1 1 1 1 1 1 1 1 1 1 
1 1 1 -1 1 1 1 1 1 1 1 1 1 1 1 1 1 1 1 1 
1 1 1 1 1 1 1 -1 1 -1 1 -1 -1 1 1 1 1 1 1 1 
1 1 1 1 1 -1 1 1 -1 1 -1 -1 -1 1 1 1 1 1 1 1 
1 1 1 -1 -1 -1 -1 1 -1 -1 1 -1 -1 -1 1 1 1 1 1 1 
1 1 1 1 1 -1 1 1 -1 -1 -1 -1 -1 -1 1 1 1 1 1 1 
1 1 1 -1 1 1 -1 1 -1 -1 -1 -1 -1 -1 1 1 1 1 1 1 
1 1 1 1 1 1 1 1 -1 1 -1 -1 -1 -1 1 1 1 1 1 1 
1 1 1 1 1 1 1 1 -1 1 1 -1 -1 -1 1 1 1 1 1 1 
1 1 1 -1 1 -1 -1 -1 1 1 1 -1 -1 1 1 1 1 1 1 1 
1 1 1 1 1 -1 1 -1 1 1 -1 -1 -1 1 1 1 1 1 1 1 
-1 1 1 1 -1 -1 -1 1 -1 -1 -1 -1 -1 -1 1 1 1 1 1 1 
1 1 1 1 1 -1 1 -1 -1 -1 -1 -1 -1 1 -1 1 1 1 1 1 
1 1 1 1 1 -1 -1 -1 -1 -1 -1 -1 1 1 1 1 1 1 1 1 
1 1 1 1 1 1 -1 -1 -1 -1 1 -1 1 1 1 1 1 1 1 1 
-1 1 1 1 1 1 -1 -1 -1 -1 -1 1 -1 1 1 -1 1 -1 1 1 
1 1 1 1 -1 -1 -1 1 -1 -1 -1 -1 -1 1 -1 1 1 1 2 1 
1 1 1 -1 1 1 1 1 -1 -1 -1 -1 -1 -1 1 -1 -1 -1 1 1 
1 1 1 1 1 1 1 -1 -1 -1 -1 -1 1 1 1 1 1 1 1 1 
1 1 1 -1 -1 1 1 -1 -1 -1 -1 -1 1 1 1 1 1 1 1 1 
-1 1 1 -1 1 -1 -1 1 1 -1 -1 -1 -1 1 1 1 1 1 1 1 
1 1 1 1 1 1 1 1 -1 1 -1 -1 -1 -1 1 1 1 1 1 1 
1 1 1 1 1 -1 -1 1 1 -1 1 1 1 1 -1 1 1 -1 1 1 
1 1 1 -1 1 -1 1 -1 -1 -1 1 1 1 1 1 1 1 1 1 -1 
1 1 1 1 1 1 1 -1 -1 -1 1 1 -1 1 1 1 1 1 1 1 
1 1 1 1 1 1 1 -1 1 -1 -1 1 1 1 -1 1 1 1 1 1 
1 1 1 1 1 1 1 1 1 1 -1 1 1 1 1 -1 1 1 1 1 
1 1 1 1 1 1 -1 1 1 -1 -1 1 1 -1 1 1 1 1 1 1 
1 1 1 1 1 1 -1 1 1 1 1 1 1 1 -1 -1 -1 -1 -1 1 
-1 1 1 1 1 -1 -1 1 1 -1 1 -1 1 1 -1 -1 -1 -1 -1 -1 
-1 1 -1 -1 -1 1 1 1 1 1 1 -1 -1 1 -1 -1 -1 -1 -1 1 
-1 -1 -1 -1 1 1 1 1 1 1 1 1 1 -1 -1 -1 -1 1 -1 1 
-1 -1 -1 -1 -1 -1 1 1 -1 1 1 1 1 1 1 1 1 1 1 -1 
-1 -1 1 -1 -1 1 2 1 1 1 1 1 1 1 1 1 -1 1 -1 -1 
-1 1 1 1 1 1 2 -1 1 1 1 -1 1 1 1 -1 -1 -1 -1 1 
1 1 1 1 1 1 1 -1 1 1 1 -1 1 1 1 1 -1 1 1 1 
1 -1 -1 1 1 1 1 1 1 1 -1 1 1 1 1 1 1 1 1 1 
1 -1 1 1 1 1 1 1 1 1 -1 1 1 1 1 -1 1 1 1 1 
1 1 1 1 1 2 2 1 -1 -1 1 1 1 1 1 1 1 -1 1 1 
1 1 1 1 1 -1 2 -1 1 1 1 1 1 -1 1 -1 1 1 1 1 
1 1 1 1 1 1 1 1 1 1 1 1 1 1 -1 1 1 1 1 1 
1 1 1 1 1 1 1 1 1 1 1 1 1 1 1 1 1 1 1 1 
1 1 1 1 1 1 1 1 -1 -1 -1 -1 -1 -1 -1 -1 1 1 1 -1 
1 1 1 1 1 1 1 1 -1 -1 -1 -1 -1 -1 -1 1 1 1 1 1 
1 1 1 1 1 1 -1 1 -1 -1 -1 -1 -1 -1 1 -1 1 1 1 1 
1 1 1 1 1 1 1 1 1 -1 -1 -1 1 1 -1 1 1 -1 1 1 
1 1 1 1 1 1 1 1 -1 -1 -1 -1 -1 -1 -1 1 1 -1 -1 1 
1 1 1 1 1 1 1 -1 -1 -1 -1 1 -1 -1 -1 1 -1 -1 1 1 
1 1 1 -1 -1 1 1 1 -1 -1 -1 1 1 -1 -1 -1 1 -1 -1 1 
1 1 1 1 1 -1 1 1 -1 -1 -1 -1 -1 -1 -1 -1 -1 -1 -1 -1 
-1 -1 -1 -1 1 1 1 1 -1 -1 -1 -1 -1 -1 -1 -1 -1 -1 -1 -1 
-1 -1 1 -1 1 1 -1 1 -1 -1 -1 -1 -1 -1 -1 -1 -1 -1 -1 -1 
-1 1 1 -1 1 1 1 1 1 1 -1 -1 -1 -1 1 -1 -1 -1 -1 -1 
1 -1 -1 1 1 1 -1 1 1 -1 -1 -1 -1 -1 -1 1 1 1 -1 1 
1 -1 1 1 -1 1 -1 -1 -1 -1 -1 -1 -1 -1 1 1 1 1 1 1 
1 1 -1 1 -1 -1 -1 -1 -1 -1 -1 -1 -1 1 -1 1 -1 1 1 1 
1 1 1 -1 -1 1 -1 -1 -1 -1 -1 -1 -1 1 -1 -1 1 1 1 1 
1 1 1 1 1 -1 -1 -1 -1 -1 -1 -1 -1 -1 -1 -1 -1 -1 -1 1 
1 1 1 1 1 1 -1 -1 -1 -1 -1 -1 -1 -1 -1 1 1 -1 1 1 
1 1 1 1 1 -1 -1 -1 -1 -1 -1 -1 -1 -1 -1 -1 1 1 1 -1 
1 1 1 -1 1 1 1 1 -1 -1 -1 -1 -1 -1 -1 -1 1 1 1 1 
1 1 -1 -1 1 1 1 1 -1 -1 -1 -1 -1 -1 -1 -1 1 1 1 1 
1 1 1 1 1 1 -1 -1 -1 -1 1 -1 1 1 1 1 -1 1 1 1 
1 1 -1 1 1 1 1 1 1 1 -1 -1 -1 1 1 -1 -1 1 1 1 
-1 1 1 1 1 1 1 -1 1 1 -1 -1 -1 1 1 1 1 1 1 1 
1 1 1 1 1 1 1 1 1 -1 -1 -1 -1 -1 -1 1 1 1 1 1 
1 1 1 1 1 -1 1 1 1 1 1 -1 -1 -1 -1 1 1 1 1 -1 
1 -1 1 1 1 1 1 1 1 1 -1 -1 -1 -1 -1 1 1 -1 1 1 
-1 1 1 -1 1 1 -1 1 1 1 -1 -1 -1 1 -1 1 1 1 1 1 
-1 -1 1 1 -1 1 1 1 1 1 -1 1 -1 -1 1 1 1 1 1 1 
-1 1 -1 1 1 1 1 1 1 1 1 1 1 -1 1 1 1 1 -1 -1 
-1 1 1 -1 -1 1 1 1 1 -1 1 -1 1 1 1 1 1 -1 -1 1 
1 1 -1 -1 -1 1 1 1 1 1 1 -1 1 1 -1 1 -1 -1 1 1 
1 1 -1 -1 -1 1 -1 1 1 1 1 -1 -1 -1 1 1 1 1 -1 1 
1 1 -1 -1 -1 1 1 1 1 -1 -1 -1 -1 -1 -1 1 1 -1 1 1 
1 1 1 -1 1 1 1 -1 -1 -1 -1 -1 -1 -1 -1 -1 -1 1 1 1 
1 1 -1 1 -1 -1 1 -1 -1 -1 -1 -1 -1 -1 -1 1 1 1 -1 1 
1 1 1 1 1 1 -1 1 -1 1 -1 -1 -1 -1 1 1 1 1 1 1 
1 1 1 -1 1 1 1 -1 -1 -1 1 -1 -1 1 -1 -1 -1 1 1 1 
1 1 1 1 -1 -1 -1 -1 -1 1 -1 -1 -1 -1 -1 -1 -1 1 1 1 
1 -1 1 1 1 -1 -1 -1 -1 1 -1 -1 -1 1 -1 1 1 1 1 1 
1 1 1 1 1 -1 -1 -1 -1 -1 -1 1 1 1 1 1 1 1 1 1 
1 1 1 1 1 1 1 1 1 1 1 -1 1 -1 -1 -1 -1 1 1 1 
-1 1 1 1 1 1 -1 1 -1 -1 -1 -1 -1 1 -1 -1 1 1 1 -1 
-1 -1 1 1 1 1 -1 1 -1 -1 -1 -1 -1 -1 1 1 1 1 1 -1 
1 1 1 -1 1 1 1 1 -1 -1 -1 -1 -1 1 -1 1 1 1 1 1 
1 1 1 1 1 1 1 1 1 -1 -1 -1 1 -1 -1 -1 1 1 1 1 
1 1 1 1 1 1 1 -1 -1 -1 -1 -1 -1 -1 -1 -1 -1 1 1 1 
1 1 1 1 1 1 1 -1 -1 -1 -1 -1 -1 -1 -1 1 1 1 1 1 
1 1 1 -1 1 1 -1 -1 -1 -1 -1 -1 -1 -1 1 1 1 1 1 1 
-1 1 1 1 1 1 -1 -1 -1 -1 -1 -1 -1 -1 -1 -1 -1 1 1 1 
1 1 1 1 1 -1 1 -1 1 -1 -1 1 -1 -1 -1 -1 -1 -1 1 1 
1 1 1 1 -1 -1 1 -1 -1 1 -1 1 1 -1 -1 -1 -1 1 -1 1 
1 1 1 -1 -1 -1 1 -1 -1 1 -1 1 -1 -1 -1 -1 -1 -1 1 1 
1 1 -1 -1 -1 -1 1 1 1 1 -1 -1 1 -1 -1 1 -1 -1 1 -1 
1 1 1 -1 -1 1 1 -1 1 -1 -1 -1 1 -1 -1 -1 -1 -1 -1 1 
1 1 3 3 -1 -1 1 1 1 1 -1 -1 -1 -1 -1 -1 -1 -1 -1 2 
3 3 1 3 1 1 1 1 1 1 -1 -1 -1 -1 -1 -1 -1 -1 2 1 
3 3 1 1 1 1 -1 1 1 -1 -1 -1 -1 -1 -1 -1 -1 -1 2 3 
3 3 1 1 1 -1 1 -1 1 1 1 1 -1 -1 -1 2 2 -1 -1 3 
3 1 3 1 1 1 1 1 1 1 1 1 -1 2 2 -1 2 -1 -1 1 
1 1 1 3 1 3 1 1 -1 1 1 1 1 -1 -1 -1 2 -1 1 1 
1 1 1 1 1 -1 -1 1 1 1 -1 -1 -1 -1 -1 -1 -1 1 1 -1 
-1 1 -1 1 1 -1 1 1 -1 1 1 -1 -1 -1 -1 -1 -1 1 1 -1 
1 -1 -1 1 1 -1 -1 -1 -1 1 1 1 1 -1 -1 -1 -1 1 1 1 
1 1 1 1 1 1 -1 -1 -1 1 -1 1 -1 -1 -1 -1 -1 1 1 1 
1 1 1 1 1 1 -1 -1 -1 1 -1 -1 -1 -1 -1 -1 1 -1 1 1 
1 1 -1 -1 -1 -1 -1 -1 -1 -1 -1 -1 -1 -1 -1 -1 -1 -1 -1 1 
-1 1 -1 -1 -1 -1 -1 -1 -1 -1 -1 1 1 -1 -1 -1 -1 -1 -1 1 
-1 -1 -1 -1 -1 -1 -1 -1 -1 -1 -1 1 1 1 1 -1 -1 -1 -1 -1 
-1 -1 -1 -1 -1 -1 -1 -1 -1 -1 1 1 1 1 1 1 -1 -1 -1 -1 
-1 -1 -1 -1 -1 -1 -1 -1 -1 -1 -1 -1 -1 -1 -1 -1 -1 -1 -1 -1 
-1 -1 -1 -1 -1 -1 -1 -1 -1 -1 -1 -1 -1 -1 -1 -1 -1 -1 -1 -1 
-1 -1 -1 -1 -1 -1 1 -1 -1 -1 -1 -1 -1 -1 -1 -1 -1 -1 -1 -1 
-1 -1 -1 -1 -1 -1 -1 -1 -1 -1 -1 -1 -1 -1 -1 -1 -1 -1 -1 3 
3 -1 -1 -1 -1 -1 -1 -1 -1 -1 -1 -1 -1 -1 -1 -1 -1 -1 -1 -1 
-1 3 3 1 1 -1 -1 -1 -1 -1 -1 -1 -1 -1 -1 -1 1 -1 -1 -1 
-1 1 3 3 1 -1 -1 -1 -1 -1 -1 -1 -1 -1 -1 -1 1 1 -1 -1 
3 3 3 1 1 -1 -1 -1 -1 -1 -1 -1 1 1 -1 1 1 -1 -1 -1 
1 -1 -1 -1 1 1 -1 -1 -1 -1 -1 -1 -1 -1 1 1 1 1 1 1 
-1 -1 1 1 -1 1 -1 -1 -1 -1 -1 -1 -1 -1 1 1 1 1 1 1 
1 1 1 1 1 -1 -1 -1 1 -1 -1 -1 -1 1 -1 1 1 1 1 1 
1 1 1 1 1 1 1 1 -1 -1 -1 -1 1 1 1 1 1 1 1 1 
1 1 1 1 -1 1 1 1 -1 -1 -1 -1 -1 1 1 1 1 1 1 1 
1 1 1 1 1 1 1 -1 -1 -1 1 -1 1 1 1 1 1 1 1 1 
1 1 1 1 1 1 -1 -1 -1 -1 -1 1 1 1 -1 1 1 1 1 1 
1 1 1 1 1 1 -1 -1 -1 1 1 1 1 1 1 1 1 1 1 1 
1 1 1 -1 1 -1 1 1 1 -1 1 -1 1 1 1 1 1 1 1 -1 
1 1 1 -1 -1 1 -1 1 1 -1 1 1 1 1 1 1 1 1 1 1 
1 1 1 -1 1 1 1 1 1 1 1 1 1 1 1 -1 1 1 1 1 
-1 1 1 1 1 1 1 1 1 1 1 1 1 1 1 -1 -1 1 1 1 
-1 -1 1 1 1 1 1 1 -1 1 -1 -1 1 1 1 1 1 1 1 1 
1 1 1 1 1 1 1 1 1 -1 1 1 1 1 1 1 1 1 1 -1 
1 1 1 -1 1 -1 1 1 1 1 -1 1 1 1 1 1 1 -1 -1 1 
1 1 1 1 1 1 1 1 1 1 -1 1 1 -1 1 -1 1 -1 1 1 
-1 1 1 1 -1 1 1 -1 1 -1 1 1 1 1 -1 1 1 1 1 1 
1 1 1 1 1 1 1 1 1 1 1 1 1 1 1 -1 1 1 1 -1 
1 1 1 1 -1 1 1 1 1 1 1 1 -1 1 1 -1 1 1 1 1 
1 1 1 1 -1 1 1 -1 1 1 1 -1 -1 -1 -1 -1 1 1 1 1 
1 1 1 1 1 -1 -1 -1 -1 1 1 -1 1 -1 -1 -1 1 1 1 1 
1 1 1 1 1 1 -1 -1 -1 -1 -1 -1 -1 1 -1 -1 1 1 1 1 
1 1 1 1 1 1 1 -1 -1 -1 1 1 -1 1 1 1 1 1 1 1 
1 1 1 -1 -1 -1 -1 -1 -1 -1 -1 1 1 1 1 1 1 1 1 1 
1 1 1 -1 -1 -1 1 -1 -1 -1 -1 -1 1 1 -1 1 1 1 1 1 
1 1 -1 1 1 1 1 1 -1 -1 -1 -1 -1 1 -1 -1 1 1 -1 -1 
1 -1 1 1 1 1 1 1 1 1 -1 -1 -1 -1 -1 -1 -1 -1 1 -1 
1 1 1 1 1 1 1 1 1 1 1 -1 -1 -1 -1 -1 -1 -1 1 -1 
1 1 1 1 1 1 1 1 1 1 -1 -1 -1 -1 -1 -1 -1 1 1 -1 
1 1 1 -1 -1 1 -1 1 1 1 1 1 -1 -1 -1 -1 -1 -1 -1 -1 
1 -1 1 -1 -1 -1 -1 1 1 -1 1 1 -1 -1 -1 -1 1 -1 -1 1 
-1 1 -1 -1 -1 -1 -1 -1 -1 -1 -1 1 1 -1 -1 1 1 1 -1 -1 
1 1 -1 -1 -1 -1 -1 -1 -1 -1 -1 -1 -1 -1 -1 -1 -1 1 -1 -1 
1 1 -1 1 -1 1 1 -1 -1 -1 -1 -1 -1 -1 -1 -1 1 -1 1 -1 
-1 -1 1 -1 -1 1 -1 -1 -1 -1 -1 -1 -1 -1 -1 -1 -1 1 1 1 
-1 1 -1 -1 -1 -1 1 1 -1 -1 -1 -1 -1 -1 -1 -1 -1 1 1 1 
1 1 -1 -1 -1 -1 -1 -1 -1 -1 -1 -1 -1 -1 -1 -1 1 1 1 1 
1 1 1 -1 -1 -1 -1 -1 -1 -1 -1 -1 -1 -1 -1 1 1 1 1 1 
1 1 -1 -1 -1 -1 -1 -1 -1 -1 -1 -1 -1 1 1 1 1 1 1 1 
1 1 -1 1 1 -1 -1 -1 -1 -1 -1 -1 1 1 1 -1 1 1 1 1 
-1 -1 -1 1 1 -1 -1 -1 -1 -1 -1 1 1 1 1 1 1 -1 1 1 
-1 1 1 1 1 -1 -1 -1 1 -1 -1 -1 1 1 1 1 1 1 1 -1 
1 -1 1 1 -1 -1 -1 1 -1 -1 1 1 1 -1 1 1 1 -1 -1 1 
1 1 1 1 -1 1 -1 -1 -1 -1 -1 -1 -1 1 1 1 1 1 1 1 
1 -1 1 1 1 -1 1 -1 -1 -1 -1 -1 -1 1 1 1 1 1 1 1 
-1 1 -1 1 -1 -1 -1 -1 -1 -1 -1 -1 -1 1 -1 1 1 1 -1 1 
-1 -1 1 -1 -1 -1 -1 -1 -1 -1 -1 -1 1 1 1 1 1 1 1 -1 
-1 -1 1 1 -1 -1 -1 -1 -1 -1 -1 -1 1 1 1 1 1 1 1 1 
1 1 1 -1 1 -1 1 -1 -1 -1 -1 -1 1 1 -1 1 1 1 -1 -1 
1 1 -1 -1 -1 -1 1 -1 -1 -1 -1 -1 -1 -1 1 1 1 -1 -1 -1 
1 1 -1 -1 -1 -1 -1 -1 -1 -1 -1 -1 -1 1 1 1 1 -1 -1 1 
1 -1 1 -1 1 -1 -1 -1 -1 -1 -1 -1 -1 1 1 1 1 -1 -1 -1 
-1 -1 -1 1 1 1 -1 -1 -1 -1 -1 -1 -1 1 1 1 1 -1 -1 1 
1 -1 -1 -1 1 -1 -1 -1 1 1 -1 -1 -1 1 1 1 1 1 -1 -1 
1 1 -1 -1 -1 1 1 -1 1 1 -1 -1 -1 -1 -1 1 -1 -1 1 1 
1 -1 1 1 1 -1 1 -1 -1 1 1 -1 -1 1 1 1 1 1 1 1 
1 1 -1 1 1 1 1 1 1 -1 1 1 1 1 1 1 1 1 1 1 
1 1 1 1 1 1 1 1 1 -1 -1 -1 1 1 -1 1 1 1 1 1 
1 1 1 1 1 1 1 1 1 -1 -1 -1 -1 -1 -1 1 1 1 1 -1 
-1 1 1 1 1 1 1 -1 -1 -1 -1 -1 -1 1 1 1 1 1 1 1 
1 1 1 1 1 -1 -1 -1 -1 -1 -1 -1 -1 1 1 1 -1 1 1 1 
1 1 1 1 1 -1 -1 -1 -1 -1 -1 -1 1 1 1 1 1 1 1 1 
1 1 1 -1 -1 1 1 1 -1 -1 -1 -1 1 1 1 1 1 1 1 1 
1 1 1 1 1 -1 1 1 -1 -1 -1 -1 -1 -1 -1 -1 -1 1 1 1 
1 1 1 1 1 1 1 1 1 -1 -1 -1 -1 -1 -1 1 1 1 1 1 
1 1 1 1 1 1 -1 1 -1 1 -1 -1 -1 -1 1 1 1 1 1 1 
1 1 -1 1 1 1 -1 -1 -1 -1 -1 -1 -1 1 1 1 1 1 1 1 
1 1 -1 -1 -1 -1 -1 -1 -1 -1 -1 -1 -1 1 -1 1 1 1 1 1 
1 1 1 1 -1 -1 -1 -1 -1 -1 -1 1 1 1 -1 -1 1 1 1 1 
1 1 1 1 -1 -1 -1 -1 -1 -1 -1 -1 1 1 -1 -1 1 1 1 1 
1 1 1 1 1 -1 -1 -1 -1 -1 -1 -1 -1 -1 1 1 1 1 1 1 
1 1 1 -1 1 -1 -1 -1 -1 -1 -1 -1 -1 -1 1 -1 1 1 1 1 
1 1 -1 1 1 -1 -1 -1 -1 -1 -1 -1 1 -1 -1 -1 -1 1 1 -1 
1 1 1 1 1 1 -1 -1 -1 -1 -1 -1 1 -1 -1 -1 -1 1 1 1 
1 -1 1 -1 -1 1 -1 -1 -1 -1 -1 -1 -1 -1 -1 -1 -1 -1 1 -1 
1 1 1 -1 -1 -1 -1 -1 -1 -1 -1 -1 -1 -1 -1 -1 1 1 -1 1 
1 1 1 -1 -1 -1 -1 -1 -1 -1 -1 -1 -1 1 1 1 1 -1 -1 -1 
1 1 1 -1 -1 -1 1 1 1 -1 -1 -1 -1 1 1 1 -1 -1 -1 1 
1 1 1 1 -1 -1 -1 1 -1 1 -1 -1 -1 -1 -1 1 -1 -1 1 1 
1 1 1 1 1 1 1 -1 1 -1 -1 -1 -1 -1 1 -1 -1 -1 -1 -1 
1 1 1 1 1 1 1 1 1 1 -1 -1 -1 -1 1 -1 -1 -1 -1 1 
1 -1 1 1 1 -1 1 -1 1 -1 -1 -1 -1 -1 -1 -1 -1 1 1 1 
1 -1 1 1 -1 1 -1 1 1 -1 -1 -1 -1 -1 -1 -1 -1 1 -1 1 
1 1 1 1 1 1 1 1 -1 1 -1 -1 -1 1 1 1 1 -1 -1 1 
1 1 1 -1 1 1 1 1 1 -1 -1 1 -1 1 1 1 1 1 1 1 
1 -1 1 1 1 1 1 1 1 1 -1 -1 1 1 1 1 1 1 1 1 
1 1 1 1 1 1 1 1 1 -1 -1 -1 1 1 1 1 1 1 1 1 
-1 1 1 1 1 1 1 -1 -1 1 -1 -1 1 1 1 1 1 1 1 1 
1 1 1 1 1 1 1 1 1 -1 1 1 1 1 -1 1 1 -1 1 1 
1 1 1 -1 -1 1 1 1 1 -1 1 1 1 -1 -1 1 -1 -1 -1 1 
1 1 1 -1 -1 1 1 1 1 1 -1 1 1 1 1 1 -1 -1 -1 -1 
-1 1 1 -1 1 1 1 1 1 1 -1 1 1 1 1 -1 -1 -1 -1 -1 
-1 1 1 -1 1 1 1 -1 1 -1 1 1 1 -1 1 -1 -1 -1 -1 -1 
-1 -1 -1 -1 1 -1 1 -1 -1 1 1 1 1 1 1 1 -1 -1 -1 -1 
-1 -1 1 1 -1 1 1 1 -1 -1 1 1 1 1 1 -1 -1 -1 -1 -1 
-1 1 -1 1 1 1 1 1 1 1 1 1 1 -1 -1 -1 -1 -1 -1 -1 
1 -1 1 1 1 1 1 1 -1 1 1 1 1 -1 -1 -1 1 1 1 -1 
1 -1 1 1 1 1 1 1 1 1 1 -1 -1 -1 -1 -1 1 1 1 1 
1 1 1 1 1 1 1 -1 1 1 -1 1 1 -1 -1 1 1 -1 1 1 
1 1 1 1 -1 1 -1 1 -1 -1 1 1 1 1 1 1 1 1 1 1 
1 1 1 1 -1 1 1 1 -1 -1 -1 1 1 1 1 1 1 1 1 1 
1 1 1 1 1 1 1 1 -1 -1 -1 1 -1 -1 1 1 -1 1 1 1 
1 1 1 1 1 1 1 1 1 1 1 -1 -1 -1 1 1 1 1 1 1 
1 1 1 1 1 -1 -1 1 1 1 -1 -1 -1 1 -1 1 1 1 1 1 
1 1 1 1 1 1 -1 1 -1 1 -1 -1 -1 1 -1 -1 1 1 1 1 
1 -1 1 1 1 1 -1 -1 1 1 -1 -1 -1 -1 1 -1 -1 1 -1 1 
1 1 1 1 1 1 -1 -1 1 1 -1 -1 -1 -1 1 1 1 1 1 1 
1 1 1 1 1 1 -1 -1 -1 1 -1 -1 1 1 1 -1 1 1 1 1 
1 1 1 1 1 1 1 -1 1 -1 -1 -1 -1 1 1 1 1 1 -1 1 
-1 1 1 1 1 1 1 1 1 -1 -1 -1 -1 -1 1 -1 1 1 1 1 
1 -1 1 1 1 1 1 -1 -1 1 -1 -1 -1 -1 -1 -1 1 1 1 1 
-1 1 -1 -1 -1 1 1 -1 -1 -1 -1 -1 -1 -1 -1 -1 -1 1 1 1 
-1 -1 -1 -1 1 1 1 1 -1 -1 -1 -1 -1 -1 -1 -1 1 1 1 1 
1 -1 -1 -1 1 -1 -1 -1 1 -1 -1 -1 -1 -1 -1 -1 1 1 -1 -1 
1 -1 1 1 1 1 -1 -1 -1 -1 -1 -1 -1 -1 -1 1 -1 -1 1 1 
1 1 -1 1 1 1 -1 -1 -1 -1 -1 -1 -1 -1 -1 1 1 1 1 1 
1 1 1 1 1 1 1 -1 -1 -1 -1 1 -1 -1 1 1 -1 -1 1 1 
-1 -1 1 1 1 -1 1 -1 -1 -1 -1 -1 1 -1 1 1 1 1 1 1 
1 1 1 1 1 -1 -1 -1 -1 1 -1 -1 -1 -1 1 -1 1 1 1 1 
1 1 1 1 -1 -1 -1 1 1 -1 -1 -1 -1 -1 1 1 1 -1 1 -1 
1 1 1 -1 1 -1 1 1 -1 1 -1 -1 -1 -1 1 1 1 1 1 1 
1 -1 1 1 1 1 -1 1 -1 -1 -1 -1 -1 1 1 1 1 -1 1 1 
1 1 1 1 1 1 1 -1 1 -1 -1 -1 -1 -1 1 1 -1 1 1 1 
1 1 -1 1 1 1 -1 -1 -1 -1 -1 -1 -1 1 1 1 -1 -1 1 1 
1 1 1 1 1 1 1 -1 -1 -1 -1 -1 -1 1 -1 1 1 1 1 1 
1 -1 1 1 -1 1 -1 -1 -1 -1 -1 -1 1 -1 1 -1 1 1 1 -1 
1 1 1 1 -1 1 -1 -1 -1 -1 -1 1 -1 1 1 1 1 1 1 1 
1 1 1 -1 1 1 -1 1 -1 -1 1 1 -1 -1 -1 1 1 1 1 1 
1 1 1 -1 -1 -1 -1 1 -1 -1 -1 -1 -1 1 1 1 1 1 1 1 
1 1 1 -1 -1 -1 -1 -1 1 -1 -1 -1 -1 1 1 1 1 1 1 1 
1 1 1 -1 -1 -1 -1 -1 -1 -1 -1 -1 -1 -1 -1 -1 1 1 1 1 
1 1 -1 1 -1 -1 1 -1 1 -1 -1 -1 -1 -1 -1 -1 -1 1 1 1 
1 1 -1 -1 1 1 1 1 1 -1 -1 -1 -1 -1 -1 -1 1 -1 1 -1 
-1 1 1 1 1 1 1 -1 -1 -1 -1 -1 -1 -1 -1 -1 -1 1 -1 -1 
-1 -1 -1 1 1 1 1 1 -1 -1 -1 -1 -1 -1 -1 -1 -1 -1 -1 -1 
-1 -1 -1 1 1 1 1 1 1 1 1 -1 -1 -1 -1 -1 -1 -1 1 -1 
1 1 1 -1 1 1 -1 -1 1 -1 1 1 -1 -1 -1 -1 -1 -1 -1 1 
1 1 1 1 1 1 1 1 1 -1 -1 -1 -1 -1 -1 -1 -1 -1 -1 1 
1 1 -1 1 1 -1 -1 1 -1 -1 -1 -1 -1 1 -1 -1 1 -1 1 1 
-1 1 1 1 -1 -1 1 -1 -1 -1 -1 -1 1 1 1 1 1 1 1 1 
1 1 1 1 1 1 -1 -1 -1 -1 -1 -1 1 1 1 1 1 1 1 1 
1 1 1 1 1 1 1 -1 -1 -1 -1 -1 -1 -1 1 1 1 1 1 1 
1 1 1 -1 1 -1 1 -1 -1 -1 -1 -1 -1 1 1 1 1 1 -1 1 
1 1 1 1 1 -1 1 1 1 1 1 -1 -1 -1 1 1 1 1 1 1 
1 1 1 1 1 1 1 -1 -1 1 -1 1 1 -1 1 1 1 1 1 1 
1 1 -1 1 -1 1 -1 1 1 1 -1 1 1 -1 1 1 1 1 1 1 
1 1 1 1 1 1 1 -1 -1 1 -1 1 1 1 1 1 1 -1 1 1 
-1 1 1 1 1 1 -1 -1 -1 1 1 -1 1 1 1 1 1 1 1 -1 
-1 1 1 1 1 1 1 1 1 1 -1 -1 1 1 1 1 1 1 -1 -1 
1 1 1 1 1 1 -1 -1 1 -1 -1 1 1 -1 1 -1 -1 -1 -1 -1 
-1 -1 1 1 -1 1 -1 1 1 1 -1 -1 1 1 1 1 -1 -1 -1 -1 
-1 1 1 1 1 1 1 -1 1 -1 -1 1 1 1 1 1 -1 1 -1 -1 
1 1 1 -1 1 -1 1 1 1 -1 -1 1 1 1 1 1 1 1 1 1 
1 1 1 1 -1 1 1 1 -1 1 1 1 1 1 1 1 1 1 1 1 
1 1 1 -1 -1 1 1 -1 -1 -1 1 1 -1 1 1 1 1 -1 1 1 
1 1 1 -1 1 -1 1 1 -1 -1 1 -1 -1 1 -1 1 1 1 1 1 
1 -1 1 -1 1 1 1 1 -1 -1 -1 1 -1 -1 1 -1 1 1 1 1 
1 -1 -1 1 1 1 1 1 1 -1 1 -1 -1 1 -1 1 1 1 -1 -1 
1 1 1 1 1 1 1 1 1 1 1 1 1 1 1 -1 1 1 -1 1 
1 1 1 1 1 1 1 1 1 -1 1 1 1 1 1 1 1 1 1 1 
1 1 1 1 1 1 1 1 1 1 -1 1 1 1 1 -1 1 1 1 1 
1 1 -1 1 1 1 1 -1 1 1 1 1 1 1 1 1 1 1 1 1 
1 -1 1 -1 -1 1 1 1 1 1 1 1 1 -1 1 1 1 1 1 1 
1 1 1 1 1 1 -1 1 1 1 1 1 1 1 1 -1 1 1 1 1 
1 -1 -1 1 1 1 1 1 1 -1 1 1 1 -1 1 1 1 -1 1 1 
-1 1 1 1 1 1 1 1 -1 1 1 1 1 -1 1 1 1 1 1 1 
1 1 1 1 1 1 1 1 -1 1 1 1 1 -1 -1 1 1 1 1 1 
1 1 1 1 1 -1 1 1 1 1 -1 1 1 1 1 1 1 1 1 1 
-1 1 -1 1 1 1 1 1 1 1 1 -1 1 1 1 1 1 1 1 1 
1 1 -1 1 1 1 1 1 1 1 1 1 1 1 -1 1 1 1 1 1 
-1 1 1 1 1 -1 -1 -1 -1 1 1 1 1 1 1 1 -1 -1 1 1 
-1 1 1 1 1 -1 1 1 1 1 1 1 1 1 1 -1 -1 -1 -1 1 
-1 1 1 -1 1 -1 -1 1 -1 -1 1 -1 1 -1 -1 -1 1 1 1 1 
1 1 1 1 -1 -1 -1 -1 1 1 1 -1 -1 1 1 -1 1 1 1 1 
1 1 1 1 1 -1 1 1 1 1 1 1 1 1 1 1 -1 1 1 1 
1 1 1 -1 1 -1 -1 -1 1 1 1 1 -1 1 1 -1 1 1 1 1 
1 1 -1 -1 1 1 1 -1 -1 1 1 1 1 1 1 1 1 1 1 1 
1 1 1 -1 -1 1 -1 1 -1 1 1 1 1 1 1 1 1 1 1 1 
1 1 1 1 1 1 -1 1 1 1 1 1 1 1 1 1 1 1 1 1 
-1 1 1 -1 1 1 1 1 1 1 1 1 1 1 1 1 1 1 1 1 
1 1 1 1 1 1 1 1 1 1 1 1 1 1 1 1 1 -1 -1 1 
1 1 1 1 1 1 1 1 1 1 1 -1 1 1 1 1 1 1 1 1 
1 1 1 1 1 1 1 1 1 1 1 1 1 1 1 1 1 -1 1 1 
1 1 1 1 1 1 -1 1 1 -1 1 -1 1 1 -1 1 1 -1 1 1 
-1 1 1 1 1 1 1 -1 -1 1 1 1 1 1 1 1 1 1 -1 1 
1 -1 1 1 1 -1 1 1 -1 1 -1 -1 -1 1 1 1 1 1 -1 1 
1 1 1 1 1 1 1 1 1 -1 -1 -1 -1 1 1 1 -1 1 1 1 
1 1 -1 1 1 1 -1 1 1 1 -1 -1 -1 1 -1 1 -1 1 1 1 
1 1 1 1 1 1 1 1 1 1 1 1 1 -1 -1 -1 -1 -1 1 1 
1 1 -1 1 1 1 1 1 1 1 1 1 1 1 -1 1 -1 -1 1 1 
1 1 1 -1 1 1 1 1 1 1 1 1 1 1 -1 -1 1 1 1 1 
1 1 -1 1 1 1 1 1 1 1 1 1 1 -1 1 1 -1 -1 -1 -1 
1 1 1 -1 1 -1 1 1 1 1 1 1 1 1 -1 -1 -1 -1 -1 1 
1 1 1 1 1 1 -1 1 1 1 -1 1 1 -1 -1 -1 1 -1 1 1 
1 -1 -1 1 -1 -1 1 -1 1 1 1 1 1 -1 -1 1 1 1 1 1 
-1 1 1 -1 1 1 1 1 1 1 1 -1 1 -1 -1 -1 -1 1 1 -1 
1 1 1 1 1 1 1 1 1 1 -1 1 -1 -1 1 1 1 -1 1 1 
1 1 -1 -1 1 1 1 1 1 1 1 1 -1 -1 1 1 1 1 1 1 
1 -1 -1 1 1 1 1 1 1 1 1 1 -1 -1 -1 1 1 1 1 1 
1 1 1 1 1 1 1 1 -1 -1 -1 1 1 -1 1 1 1 1 1 1 
1 1 1 1 1 1 1 1 1 -1 1 1 1 1 1 1 1 1 1 -1 
1 1 1 1 1 -1 1 1 -1 1 -1 1 -1 -1 -1 1 1 1 -1 1 
1 1 1 1 1 1 1 1 -1 -1 1 -1 1 1 1 1 1 1 -1 1 
1 -1 -1 1 1 1 1 1 -1 -1 -1 -1 -1 1 1 -1 1 -1 -1 1 
1 1 1 1 1 1 1 -1 1 1 1 -1 -1 1 1 1 1 1 1 1 
1 1 1 1 1 1 -1 1 1 1 1 1 1 -1 1 1 1 1 1 1 
1 1 1 1 1 -1 1 1 -1 -1 -1 1 -1 1 1 1 1 -1 1 -1 
-1 1 1 1 1 1 1 1 1 -1 -1 -1 1 -1 1 -1 1 1 1 1 
-1 1 1 1 1 1 1 -1 1 1 -1 -1 1 -1 1 -1 -1 1 1 1 
1 1 1 -1 1 1 1 1 -1 -1 -1 -1 -1 -1 -1 -1 1 -1 -1 1 
1 1 1 1 1 1 1 1 -1 1 -1 -1 -1 -1 -1 1 1 -1 1 1 
-1 1 1 1 1 1 1 1 -1 -1 1 -1 -1 -1 1 1 1 1 1 -1 
1 1 1 -1 1 1 1 1 1 1 -1 -1 -1 -1 1 1 1 1 1 -1 
1 1 1 1 1 1 1 -1 1 1 -1 -1 -1 -1 1 1 1 1 1 1 
1 1 1 1 1 1 1 -1 -1 -1 -1 -1 -1 1 1 1 1 1 -1 1 
1 1 1 1 1 1 1 1 -1 -1 -1 1 -1 1 -1 1 -1 1 -1 1 
1 1 1 1 1 1 1 -1 -1 -1 -1 -1 1 -1 1 1 -1 1 1 1 
1 1 1 -1 1 -1 -1 1 -1 -1 -1 -1 -1 1 1 1 1 1 1 1 
1 1 1 1 1 -1 -1 1 1 -1 -1 -1 1 -1 1 1 1 1 1 1 
1 1 1 1 1 1 1 -1 -1 1 -1 1 -1 1 -1 1 1 -1 1 1 
1 1 1 1 1 1 1 1 1 -1 -1 1 1 -1 1 1 1 -1 1 1 
1 1 1 1 1 1 1 1 1 -1 -1 1 1 1 -1 1 -1 1 -1 -1 
1 1 1 -1 1 1 1 1 -1 -1 -1 -1 1 1 1 1 1 -1 1 1 
1 1 1 1 -1 1 1 1 1 -1 -1 -1 1 1 1 1 1 1 1 1 
-1 1 1 1 1 1 1 1 1 1 1 -1 -1 1 1 1 1 1 1 1 
1 1 1 -1 1 1 1 1 1 1 1 1 1 1 1 1 1 1 -1 1 
1 1 1 -1 1 -1 1 1 1 1 -1 -1 1 1 1 1 1 1 -1 1 
1 1 1 1 1 -1 -1 1 1 1 1 -1 1 1 1 1 1 1 1 1 
1 1 1 1 1 1 1 1 1 1 -1 1 1 1 1 1 1 1 1 1 
1 1 1 1 1 1 1 1 1 1 1 1 1 1 1 1 1 1 1 1 
1 -1 1 1 1 1 1 1 -1 1 -1 -1 1 1 1 1 1 1 1 1 
1 1 1 1 1 1 -1 -1 -1 -1 1 1 1 1 1 -1 1 1 1 -1 
1 1 1 1 -1 -1 -1 -1 -1 -1 -1 1 1 1 1 -1 1 1 -1 1 
1 -1 1 -1 -1 -1 -1 -1 1 -1 1 1 1 1 1 1 -1 1 1 1 
-1 -1 -1 -1 -1 -1 -1 -1 1 1 -1 -1 1 1 1 1 1 1 1 1 
1 -1 -1 -1 -1 -1 -1 -1 -1 -1 -1 -1 -1 -1 1 1 1 -1 -1 -1 
1 -1 -1 -1 -1 -1 -1 -1 -1 -1 -1 -1 -1 -1 -1 1 -1 -1 -1 1 
1 -1 -1 -1 -1 -1 1 1 1 -1 -1 -1 -1 -1 -1 1 1 1 1 -1 
-1 1 -1 1 1 1 -1 1 1 -1 -1 -1 -1 -1 -1 -1 1 -1 1 1 
1 -1 1 1 1 1 1 1 1 1 -1 -1 -1 -1 1 1 -1 -1 1 1 
1 1 1 1 1 1 1 1 -1 -1 1 -1 -1 -1 -1 1 1 1 2 -1 
1 1 1 1 1 1 1 -1 -1 1 1 -1 1 1 1 1 1 -1 1 2 
1 1 1 1 1 1 1 1 1 -1 1 -1 1 1 1 1 1 1 1 -1 
1 1 1 1 1 1 1 1 1 1 1 1 -1 -1 -1 1 1 1 1 1 
-1 1 -1 1 -1 1 1 1 1 1 1 1 1 -1 1 1 1 1 1 1 
-1 1 -1 1 1 1 1 1 -1 -1 -1 -1 -1 -1 -1 1 -1 -1 1 1 
1 1 1 -1 1 1 1 -1 1 -1 -1 -1 -1 -1 -1 -1 -1 -1 1 1 
1 1 -1 1 1 -1 1 1 -1 -1 -1 -1 1 -1 1 -1 -1 -1 -1 1 
-1 1 1 -1 1 1 1 -1 1 1 1 1 1 1 1 -1 -1 -1 1 -1 
1 1 -1 -1 1 1 1 1 1 1 1 1 1 1 1 -1 -1 -1 -1 -1 
-1 -1 -1 1 1 -1 -1 -1 1 1 1 -1 1 -1 1 1 1 -1 -1 -1 
-1 1 -1 1 1 -1 -1 -1 1 1 -1 -1 1 1 -1 -1 -1 -1 -1 -1 
-1 -1 -1 1 -1 -1 -1 -1 1 1 -1 1 -1 1 -1 -1 -1 -1 -1 -1 
-1 -1 1 1 1 -1 -1 -1 -1 -1 1 1 -1 -1 -1 -1 1 -1 -1 -1 
-1 1 1 1 -1 -1 -1 -1 -1 -1 1 -1 -1 -1 1 1 1 -1 -1 -1 
-1 -1 -1 -1 -1 -1 -1 -1 -1 -1 -1 -1 -1 -1 -1 1 -1 1 -1 -1 
-1 1 -1 -1 -1 -1 -1 -1 -1 -1 -1 -1 -1 -1 1 1 1 1 1 -1 
-1 -1 -1 -1 -1 -1 -1 -1 -1 -1 -1 -1 -1 -1 1 1 1 1 1 -1 
-1 -1 -1 -1 -1 1 -1 1 -1 -1 -1 -1 -1 1 1 1 1 1 1 -1 
-1 -1 -1 1 1 1 1 -1 -1 -1 -1 -1 1 1 1 1 1 1 -1 1 
1 -1 1 1 1 1 1 1 1 -1 1 1 1 1 1 1 1 1 1 1 
1 1 1 1 1 1 1 1 1 1 1 -1 -1 1 -1 1 1 -1 1 1 
1 1 1 -1 1 1 1 1 -1 1 -1 -1 -1 -1 -1 1 1 1 -1 1 
1 1 1 1 -1 1 1 1 1 -1 -1 -1 1 1 1 1 1 1 1 1 
1 1 1 1 -1 1 -1 1 -1 -1 -1 -1 -1 -1 1 1 1 1 1 -1 
1 1 1 -1 -1 -1 1 1 -1 1 -1 -1 -1 -1 -1 1 1 1 1 1 
1 1 1 -1 1 1 1 1 1 -1 -1 -1 -1 -1 -1 1 1 1 -1 1 
-1 -1 -1 1 1 1 1 1 -1 -1 -1 -1 -1 -1 1 -1 1 1 1 1 
1 -1 1 1 1 -1 1 1 1 -1 -1 -1 -1 1 -1 -1 1 -1 1 -1 
1 -1 1 1 -1 1 1 -1 -1 -1 -1 -1 -1 1 -1 -1 1 -1 1 -1 
1 1 -1 -1 -1 1 1 1 -1 -1 -1 -1 -1 -1 1 -1 -1 1 1 1 
1 1 -1 1 -1 -1 -1 1 1 -1 -1 -1 -1 -1 -1 1 1 1 1 1 
1 1 1 1 1 1 1 1 -1 -1 -1 -1 -1 -1 -1 -1 -1 -1 -1 -1 
1 1 1 1 1 1 1 1 -1 1 1 -1 -1 -1 -1 -1 -1 -1 1 1 
1 1 1 1 1 1 1 1 -1 1 1 1 -1 -1 1 1 -1 -1 -1 1 
-1 1 1 -1 1 -1 1 1 1 -1 -1 -1 -1 -1 1 -1 -1 -1 -1 1 
1 1 -1 1 1 -1 -1 -1 1 -1 1 -1 -1 1 -1 1 1 -1 1 -1 
-1 -1 -1 1 1 1 1 1 1 1 1 1 1 1 -1 1 1 1 1 1 
-1 -1 1 1 1 1 1 1 1 -1 1 1 1 -1 1 1 1 1 1 1 
1 -1 1 1 -1 1 1 -1 -1 1 1 1 -1 1 1 1 1 1 1 -1 
1 1 1 1 1 1 -1 -1 1 -1 1 -1 1 1 1 -1 1 -1 1 1 
1 1 -1 1 1 1 1 -1 1 -1 -1 -1 -1 -1 1 1 1 1 1 1 
1 1 1 1 1 1 1 -1 -1 -1 -1 1 -1 -1 1 1 1 1 1 1 
1 1 1 1 -1 -1 1 1 -1 1 1 1 -1 1 -1 1 1 1 1 1 
1 1 1 -1 -1 1 1 1 1 1 1 1 1 1 1 -1 1 -1 1 1 
1 1 1 -1 1 1 1 1 1 1 1 -1 1 1 1 1 -1 1 1 1 
1 1 1 -1 -1 -1 -1 1 -1 1 1 1 -1 -1 1 1 -1 1 1 1 
1 1 1 1 -1 -1 -1 -1 1 1 -1 1 1 1 1 -1 1 1 -1 1 
1 1 1 -1 1 -1 -1 -1 -1 -1 -1 1 1 1 1 1 -1 -1 -1 -1 
-1 -1 1 1 1 -1 -1 -1 -1 -1 1 1 1 1 1 1 1 1 -1 -1 
-1 1 1 -1 -1 -1 -1 1 -1 -1 -1 1 -1 1 1 1 1 1 1 -1 
-1 1 1 -1 -1 -1 -1 1 -1 -1 -1 -1 -1 -1 1 1 1 1 1 1 
1 -1 -1 -1 1 1 -1 1 1 -1 -1 -1 -1 1 1 1 1 -1 1 1 
1 -1 -1 -1 1 1 -1 1 1 1 -1 1 1 1 1 1 -1 -1 1 1 
1 1 -1 1 1 1 1 1 1 1 1 -1 1 1 1 1 1 -1 -1 1 
1 -1 -1 -1 -1 -1 1 1 1 1 -1 1 1 1 1 1 -1 1 1 1 
1 -1 1 -1 -1 -1 1 -1 1 1 1 -1 1 -1 -1 -1 1 1 1 1 
-1 1 -1 1 -1 -1 1 -1 -1 -1 -1 -1 -1 -1 -1 1 1 1 1 1 
1 -1 -1 1 1 1 1 -1 -1 -1 -1 -1 -1 -1 -1 -1 1 -1 1 1 
1 -1 1 1 1 1 1 1 1 1 -1 1 -1 -1 -1 1 1 1 1 1 
1 -1 1 1 -1 1 1 1 1 1 1 -1 -1 -1 -1 -1 1 1 1 1 
1 1 1 1 1 1 1 1 1 1 1 1 1 -1 -1 -1 1 1 1 1 
1 1 1 1 1 1 1 1 1 1 1 -1 1 -1 1 -1 1 1 1 1 
1 1 1 1 -1 -1 1 1 -1 -1 -1 -1 1 1 -1 1 1 1 1 1 
1 1 1 1 1 -1 -1 -1 -1 -1 -1 -1 1 1 1 1 1 1 -1 1 
-1 1 1 1 1 1 1 -1 -1 -1 -1 -1 1 -1 1 -1 -1 1 1 1 
1 1 1 1 1 1 -1 -1 -1 -1 -1 -1 -1 1 -1 -1 -1 1 1 1 
1 1 1 1 1 -1 -1 -1 -1 -1 -1 -1 1 -1 -1 1 1 1 1 1 
1 1 1 1 -1 1 -1 -1 -1 -1 -1 -1 -1 -1 -1 -1 1 1 1 1 
-1 1 1 1 -1 -1 -1 -1 -1 -1 -1 -1 -1 -1 -1 -1 -1 -1 1 1 
-1 1 1 -1 -1 -1 -1 -1 -1 -1 -1 -1 -1 -1 -1 -1 -1 1 -1 1 
-1 1 1 1 1 -1 -1 -1 -1 -1 -1 -1 -1 -1 -1 -1 -1 -1 -1 -1 
1 1 1 1 -1 -1 -1 -1 -1 -1 -1 -1 -1 -1 -1 -1 -1 -1 -1 1 
1 1 1 1 -1 -1 -1 -1 -1 -1 -1 -1 -1 -1 -1 -1 -1 1 1 1 
1 -1 1 1 -1 -1 -1 -1 -1 -1 -1 -1 -1 -1 -1 -1 -1 -1 1 1 
1 -1 -1 1 -1 -1 -1 -1 -1 -1 -1 -1 -1 -1 -1 -1 -1 -1 1 1 
-1 -1 -1 -1 -1 1 -1 -1 -1 -1 -1 -1 -1 -1 -1 -1 -1 -1 1 1 
1 1 -1 -1 -1 1 -1 -1 -1 -1 -1 -1 -1 -1 -1 -1 1 1 -1 1 
-1 -1 -1 1 1 1 1 -1 -1 -1 -1 -1 -1 -1 -1 -1 -1 1 -1 -1 
-1 -1 -1 -1 1 1 1 1 1 -1 -1 -1 -1 -1 -1 1 1 1 1 -1 
1 -1 -1 1 1 1 1 1 1 -1 -1 -1 -1 -1 -1 1 1 1 1 1 
1 -1 -1 1 1 -1 1 1 1 1 -1 -1 -1 -1 -1 1 1 1 2 -1 
1 1 1 1 1 1 1 1 1 1 1 -1 -1 1 -1 1 1 1 1 2 
1 1 1 -1 1 1 1 1 1 1 1 1 1 1 1 1 1 1 -1 1 
1 1 1 1 1 -1 1 1 1 1 1 1 1 1 1 1 1 1 -1 1 
1 1 1 1 -1 -1 1 1 1 -1 -1 1 1 1 1 1 1 1 1 1 
1 1 1 1 1 1 -1 1 -1 1 1 1 1 1 1 1 1 1 1 -1 
1 1 1 1 1 1 -1 -1 -1 -1 1 1 1 1 1 1 1 1 1 1 
1 1 1 1 1 1 -1 -1 -1 -1 -1 1 1 1 1 -1 1 1 1 1 
-1 1 -1 1 1 -1 1 -1 -1 -1 -1 1 -1 -1 -1 1 -1 1 1 -1 
1 -1 1 1 -1 1 1 -1 -1 1 1 1 1 -1 1 1 -1 1 1 1 
1 1 -1 -1 1 -1 -1 -1 1 1 -1 1 1 -1 1 1 1 1 -1 1 
-1 -1 -1 -1 -1 -1 -1 -1 1 -1 1 1 -1 -1 1 1 1 1 1 -1 
-1 -1 -1 -1 -1 -1 -1 -1 1 1 -1 1 1 -1 1 1 1 1 -1 -1 
-1 -1 -1 -1 -1 -1 -1 -1 1 -1 -1 1 1 1 1 -1 -1 -1 -1 -1 
-1 -1 -1 -1 -1 -1 -1 1 1 1 1 1 1 1 1 1 1 -1 1 -1 
-1 1 1 -1 -1 -1 -1 1 1 1 -1 1 1 1 1 1 1 1 -1 -1 
-1 -1 1 -1 -1 1 1 1 1 1 1 -1 1 1 1 1 1 1 -1 -1 
-1 1 1 1 -1 1 1 1 1 1 1 1 -1 1 1 1 -1 -1 -1 -1 
1 1 1 1 1 -1 1 1 1 1 -1 -1 -1 -1 1 1 -1 -1 -1 -1 
-1 1 1 1 1 1 -1 1 1 -1 1 1 1 1 1 1 -1 1 1 -1 
1 1 1 1 -1 1 1 1 -1 1 1 1 1 1 1 1 1 1 1 -1 
1 1 -1 1 -1 1 1 1 1 1 1 1 1 1 1 1 1 -1 1 1 
1 1 1 1 1 1 1 1 1 1 1 1 -1 1 1 -1 1 1 1 1 
1 1 1 -1 1 1 1 1 1 1 1 -1 1 1 1 1 -1 1 1 1 
1 1 1 1 1 1 1 -1 1 1 -1 -1 1 1 1 1 1 1 1 1 
1 1 1 1 1 1 1 1 -1 -1 -1 -1 1 1 1 1 1 1 1 1 
1 1 -1 1 1 1 -1 1 1 -1 -1 -1 1 -1 1 1 1 1 1 1 
1 -1 1 1 1 1 -1 -1 1 -1 1 1 1 1 2 -1 -1 1 1 -1 
1 1 1 1 1 -1 -1 -1 -1 2 2 2 1 2 1 -1 -1 -1 -1 1 
1 1 1 1 1 -1 -1 -1 -1 -1 2 2 1 1 2 -1 -1 -1 -1 1 
1 1 1 -1 1 1 -1 -1 -1 -1 2 -1 -1 1 1 1 -1 -1 -1 -1 
1 1 1 1 -1 1 -1 -1 -1 -1 -1 -1 -1 -1 1 1 -1 -1 -1 1 
1 1 1 1 -1 1 1 1 -1 -1 -1 -1 1 -1 -1 1 1 -1 1 1 
1 1 1 1 1 1 1 1 1 -1 -1 -1 -1 1 -1 1 1 1 1 1 
1 1 1 1 1 1 1 1 1 1 -1 -1 1 1 1 1 1 1 -1 1 
1 1 1 -1 1 1 1 1 1 1 1 1 -1 1 1 -1 -1 1 -1 1 
-1 1 1 1 1 1 1 1 1 1 1 1 -1 -1 1 1 1 1 1 -1 
-1 -1 1 1 1 1 1 1 1 1 1 1 -1 -1 1 1 1 1 -1 -1 
-1 1 1 1 1 1 1 1 1 1 1 1 1 -1 -1 1 1 1 -1 -1 
1 -1 -1 1 1 1 1 1 1 1 1 1 1 -1 1 1 -1 1 1 1 
1 1 1 1 1 1 1 1 1 1 1 1 1 1 1 1 1 -1 1 1 
1 1 1 1 -1 1 1 1 -1 1 1 1 1 1 -1 1 1 1 1 1 
1 1 1 1 1 1 1 1 1 -1 -1 -1 -1 -1 -1 1 1 1 1 1 
1 1 1 1 1 1 1 1 1 -1 -1 -1 -1 -1 1 1 1 1 1 1 
-1 1 1 1 1 1 1 1 1 1 -1 -1 -1 -1 -1 1 -1 1 1 1 
1 1 1 1 1 1 1 1 -1 -1 -1 -1 -1 1 1 1 1 1 1 1 
1 1 1 1 1 1 1 -1 -1 -1 -1 -1 1 -1 1 -1 1 1 1 1 
1 -1 -1 1 1 -1 -1 -1 -1 -1 -1 -1 -1 -1 -1 1 1 1 1 1 
-1 -1 1 1 -1 -1 -1 -1 -1 -1 -1 -1 -1 -1 -1 -1 1 1 -1 1 
-1 -1 -1 -1 -1 -1 -1 -1 -1 -1 -1 -1 -1 -1 -1 -1 1 -1 -1 1 
1 -1 1 -1 -1 -1 -1 -1 -1 -1 -1 -1 -1 -1 -1 -1 -1 -1 -1 -1 
-1 1 -1 -1 -1 -1 -1 -1 -1 -1 -1 -1 -1 -1 -1 -1 -1 -1 -1 -1 
-1 -1 -1 -1 -1 -1 -1 -1 -1 -1 -1 -1 -1 1 1 1 -1 -1 -1 -1 
-1 -1 -1 -1 -1 -1 -1 -1 -1 -1 -1 -1 -1 -1 1 1 -1 -1 -1 -1 
-1 -1 -1 -1 -1 -1 -1 -1 -1 -1 -1 1 1 1 1 -1 -1 -1 -1 -1 
1 -1 1 1 -1 -1 -1 -1 1 -1 1 -1 1 1 -1 -1 -1 1 -1 1 
-1 1 1 -1 -1 1 -1 1 -1 1 1 1 1 1 -1 -1 1 -1 -1 1 
1 -1 1 -1 1 1 -1 -1 1 1 -1 1 -1 1 -1 1 -1 1 -1 -1 
1 -1 -1 1 1 -1 -1 -1 1 -1 -1 -1 -1 -1 1 1 1 1 1 1 
1 -1 1 1 1 1 -1 -1 1 1 -1 -1 -1 -1 -1 -1 1 1 1 1 
1 1 1 1 1 -1 1 1 -1 -1 -1 -1 -1 1 1 1 1 1 1 1 
1 1 1 1 1 1 1 1 1 -1 -1 -1 -1 -1 -1 -1 1 1 1 1 
1 1 -1 1 1 1 1 -1 1 -1 1 1 1 1 1 1 1 1 1 -1 
1 1 1 1 1 1 1 1 -1 -1 1 -1 -1 -1 1 1 -1 1 -1 1 
-1 1 -1 1 1 1 1 -1 -1 -1 -1 -1 -1 -1 1 1 1 1 1 1 
-1 -1 1 1 1 1 1 1 1 -1 -1 -1 -1 -1 1 1 1 1 -1 1 
1 1 1 1 1 1 -1 1 -1 1 -1 -1 -1 1 1 -1 -1 1 -1 1 
1 1 1 1 -1 -1 1 -1 1 1 1 -1 -1 -1 1 1 1 -1 -1 1 
1 -1 1 1 -1 1 1 1 -1 -1 -1 -1 -1 -1 1 1 -1 1 1 1 
1 -1 -1 -1 -1 1 1 1 1 -1 -1 -1 -1 -1 1 -1 -1 -1 -1 -1 
-1 -1 -1 -1 1 -1 1 1 -1 -1 -1 -1 -1 -1 -1 -1 -1 -1 -1 -1 
-1 -1 -1 -1 1 1 1 1 -1 -1 -1 1 -1 -1 -1 1 -1 -1 -1 -1 
-1 -1 -1 -1 1 1 -1 -1 1 1 1 1 -1 -1 -1 -1 1 1 -1 1 
-1 -1 1 1 1 -1 1 1 1 -1 1 1 -1 1 -1 1 1 1 1 1 
-1 -1 -1 1 -1 -1 -1 -1 1 1 1 1 1 -1 -1 1 1 -1 1 1 
1 -1 -1 -1 -1 1 1 1 1 -1 1 1 1 -1 1 -1 1 1 1 -1 
1 1 -1 -1 1 1 1 1 -1 1 1 1 1 1 -1 -1 -1 1 1 1 
1 1 1 1 1 1 1 1 1 1 1 1 1 -1 1 1 1 1 1 1 
1 1 -1 -1 -1 1 1 1 1 1 1 1 1 1 1 1 1 1 -1 1 
-1 1 -1 -1 -1 -1 1 -1 1 1 1 1 1 1 1 -1 -1 1 1 1 
1 -1 1 1 1 1 1 1 1 1 1 1 1 -1 1 -1 -1 1 1 1 
1 -1 -1 1 1 1 1 1 1 1 1 1 1 1 -1 -1 1 1 1 -1 
1 1 1 1 1 -1 -1 1 1 1 1 1 1 1 1 1 1 1 1 1 
1 1 1 1 1 1 1 1 -1 -1 1 1 1 1 1 1 1 1 1 1 
-1 1 1 1 1 1 -1 -1 -1 1 1 1 1 1 1 1 1 1 1 1 
1 -1 1 -1 1 -1 1 -1 -1 1 1 1 1 1 1 1 1 1 1 1 
-1 -1 1 -1 1 1 -1 -1 -1 -1 1 1 1 1 1 1 3 3 -1 1 
-1 -1 -1 1 1 1 -1 1 1 1 -1 1 1 1 1 1 -1 1 1 -1 
-1 -1 -1 -1 1 -1 -1 -1 -1 -1 -1 1 1 1 1 1 1 1 -1 1 
-1 -1 -1 -1 -1 -1 -1 -1 -1 -1 -1 -1 1 1 1 1 1 -1 -1 1 
1 -1 -1 -1 -1 -1 -1 -1 -1 -1 -1 1 1 1 -1 -1 -1 -1 -1 1 
-1 -1 -1 -1 -1 -1 -1 -1 -1 -1 -1 1 1 -1 -1 -1 -1 -1 1 1 
-1 1 -1 -1 -1 -1 -1 -1 -1 -1 -1 -1 -1 -1 -1 -1 -1 -1 -1 -1 
1 -1 1 -1 -1 1 -1 -1 -1 -1 -1 -1 -1 -1 -1 -1 1 1 -1 -1 
1 1 -1 1 -1 1 1 1 -1 -1 -1 -1 -1 -1 -1 -1 -1 1 -1 -1 
1 1 1 1 -1 1 1 1 -1 -1 -1 -1 -1 -1 -1 1 -1 -1 1 1 
1 1 -1 1 1 1 -1 -1 1 -1 -1 -1 -1 -1 1 1 1 1 1 -1 
1 -1 1 1 1 -1 -1 -1 -1 -1 -1 -1 -1 -1 -1 1 -1 1 1 1 
1 1 1 -1 1 -1 -1 -1 1 -1 1 1 -1 -1 -1 1 1 1 1 1 
1 1 1 1 -1 1 -1 -1 1 -1 1 1 1 -1 -1 1 1 1 1 -1 
-1 1 1 1 1 1 -1 1 1 1 1 1 1 -1 1 1 1 1 1 1 
1 1 1 1 1 1 1 1 1 1 1 1 -1 1 1 1 1 1 1 1 
1 1 1 1 1 1 1 -1 -1 -1 -1 1 -1 1 1 1 -1 1 1 1 
1 1 1 1 1 -1 -1 -1 -1 -1 -1 -1 -1 -1 -1 1 -1 1 1 1 
-1 1 1 1 1 -1 -1 -1 -1 -1 -1 1 -1 -1 -1 1 1 1 1 1 
1 -1 1 -1 1 1 -1 -1 -1 -1 1 -1 -1 -1 -1 1 1 -1 1 1 
1 1 1 1 -1 1 -1 -1 -1 1 1 1 -1 -1 1 1 -1 -1 1 1 
1 1 1 1 -1 -1 -1 -1 -1 1 1 1 1 -1 1 1 -1 -1 -1 1 
1 -1 -1 1 1 -1 -1 -1 -1 1 1 1 1 1 1 1 1 -1 -1 -1 
-1 -1 -1 -1 -1 1 -1 -1 1 1 1 1 -1 1 -1 1 1 -1 -1 -1 
-1 -1 -1 -1 -1 -1 -1 -1 1 1 1 1 1 1 -1 -1 -1 -1 -1 -1 
-1 -1 -1 -1 -1 -1 -1 -1 -1 -1 1 1 1 -1 -1 -1 -1 -1 -1 -1 
-1 -1 -1 -1 -1 -1 -1 -1 -1 -1 1 -1 1 -1 -1 -1 -1 -1 -1 -1 
-1 -1 -1 -1 -1 -1 -1 -1 -1 -1 -1 -1 -1 -1 -1 -1 -1 -1 -1 -1 
-1 -1 -1 -1 -1 -1 -1 -1 -1 -1 -1 1 1 -1 -1 -1 -1 -1 -1 -1 
-1 -1 -1 -1 -1 -1 -1 -1 -1 -1 -1 -1 1 1 1 1 -1 -1 -1 1 
1 -1 -1 -1 -1 -1 -1 -1 -1 -1 -1 1 1 1 1 1 -1 -1 1 1 
-1 -1 -1 -1 1 1 -1 -1 -1 -1 -1 1 1 1 1 1 1 -1 -1 1 
1 -1 -1 -1 1 1 1 1 -1 1 1 1 1 -1 -1 1 1 1 -1 1 
1 1 1 1 -1 1 1 1 1 1 1 -1 1 -1 -1 -1 1 -1 1 1 
1 1 1 1 1 1 -1 1 1 1 -1 -1 -1 1 -1 1 -1 1 1 1 
1 1 1 1 1 1 1 1 1 -1 1 -1 1 -1 1 1 1 1 -1 1 
1 1 1 1 1 -1 1 1 1 1 1 1 1 1 1 1 1 1 1 1 
1 1 1 1 1 1 1 1 1 1 -1 1 1 1 1 1 -1 1 1 1 
1 1 1 1 1 1 -1 1 1 -1 -1 -1 -1 -1 1 1 1 1 1 1 
1 1 1 1 -1 1 1 1 -1 -1 -1 -1 -1 -1 -1 1 1 1 1 -1 
1 1 1 1 1 1 -1 1 -1 -1 -1 -1 -1 -1 -1 -1 1 1 1 -1 
-1 -1 -1 1 1 1 -1 -1 -1 -1 -1 -1 -1 -1 -1 1 1 -1 -1 1 
-1 -1 1 -1 -1 1 1 1 -1 -1 -1 -1 -1 -1 -1 -1 -1 -1 -1 -1 
-1 1 -1 -1 -1 -1 1 1 -1 -1 -1 -1 -1 -1 -1 -1 -1 -1 -1 -1 
-1 -1 -1 -1 -1 -1 1 -1 -1 -1 -1 -1 -1 -1 -1 -1 -1 -1 -1 -1 
-1 -1 -1 -1 -1 -1 -1 -1 -1 -1 -1 -1 -1 -1 -1 -1 -1 -1 -1 -1 
-1 -1 -1 -1 -1 -1 -1 -1 4 -1 -1 -1 -1 -1 -1 -1 -1 -1 -1 -1 
-1 -1 -1 -1 -1 -1 4 -1 4 4 -1 -1 -1 -1 -1 -1 -1 -1 -1 -1 
1 -1 -1 -1 -1 -1 -1 4 -1 -1 -1 -1 -1 -1 -1 -1 1 -1 -1 -1 
1 1 -1 -1 -1 -1 -1 -1 -1 -1 -1 -1 -1 -1 -1 1 -1 -1 1 -1 
1 1 1 -1 -1 1 -1 -1 -1 1 1 1 -1 -1 -1 -1 1 1 1 1 
1 1 1 -1 -1 -1 -1 -1 -1 1 1 1 1 -1 1 1 1 1 1 1 
1 1 1 1 1 1 -1 1 -1 1 -1 1 1 -1 1 1 1 1 1 1 
1 1 1 1 1 1 1 -1 -1 1 1 1 1 1 1 1 1 1 1 1 
1 1 1 1 1 1 1 1 -1 -1 -1 1 1 1 1 1 1 1 1 1 
1 1 1 1 -1 -1 1 1 1 -1 1 1 1 1 1 1 1 1 1 1 
1 1 1 1 1 1 1 1 1 1 1 1 1 1 -1 -1 4 1 1 1 
1 1 1 1 1 1 1 1 1 1 -1 -1 1 -1 1 1 1 4 1 1 
1 1 -1 1 1 1 1 1 -1 -1 -1 -1 -1 1 1 1 1 1 4 1 
1 1 1 1 1 1 1 1 -1 -1 -1 -1 -1 1 1 1 1 1 1 1 
1 1 1 -1 1 1 1 1 -1 -1 -1 -1 -1 1 1 1 1 1 1 1 
-1 1 1 1 1 1 1 1 -1 1 -1 -1 1 1 1 1 1 1 -1 1 
1 1 1 1 1 1 -1 -1 1 1 -1 -1 1 -1 1 1 1 1 1 -1 
1 1 1 1 1 1 -1 1 -1 -1 -1 1 -1 1 -1 1 -1 1 1 1 
1 1 1 1 1 -1 -1 -1 -1 -1 -1 1 1 1 1 -1 1 1 1 1 
1 1 -1 1 1 -1 -1 -1 -1 -1 -1 -1 -1 -1 -1 -1 -1 -1 1 1 
1 1 1 1 -1 -1 -1 -1 -1 -1 -1 -1 -1 -1 -1 -1 1 1 1 1 
-1 1 1 1 1 1 -1 -1 -1 -1 -1 -1 -1 -1 -1 -1 -1 1 1 1 
-1 -1 1 -1 -1 -1 -1 -1 -1 -1 -1 -1 -1 -1 -1 -1 -1 -1 -1 1 
1 -1 -1 -1 -1 -1 -1 -1 -1 -1 -1 -1 -1 -1 -1 -1 -1 -1 -1 1 
1 1 -1 1 -1 -1 -1 1 -1 1 1 -1 -1 -1 -1 -1 -1 -1 -1 1 
1 -1 1 1 -1 -1 -1 -1 1 1 1 -1 -1 -1 -1 -1 -1 -1 -1 1 
1 1 1 1 -1 -1 -1 1 1 1 -1 -1 -1 -1 1 -1 -1 -1 -1 1 
1 1 1 1 -1 -1 1 1 1 1 1 1 1 1 -1 -1 -1 -1 1 1 
-1 1 1 1 1 1 1 1 1 1 1 1 -1 1 1 1 -1 1 1 1 
1 1 1 1 1 1 1 1 1 1 1 1 1 -1 1 -1 -1 4 -1 -1 
1 1 1 1 1 1 1 1 1 1 1 1 1 1 1 1 -1 1 1 1 
1 1 1 1 1 1 1 1 1 1 1 1 1 1 1 -1 1 1 1 -1 
1 1 1 1 1 1 -1 1 1 1 1 1 1 -1 1 1 -1 1 1 1 
1 1 1 1 1 1 1 1 1 1 1 1 1 1 1 1 1 1 1 1 
1 1 1 1 -1 1 1 1 1 -1 -1 1 1 -1 1 1 1 1 1 1 
1 1 1 1 1 -1 1 1 -1 -1 1 1 1 1 -1 1 1 1 1 1 
1 -1 1 1 -1 1 1 -1 1 -1 1 1 1 1 1 1 1 -1 1 1 
1 1 1 1 1 -1 -1 1 1 1 1 -1 -1 1 1 1 1 1 1 1 
1 1 1 -1 -1 -1 -1 1 1 1 1 1 1 1 1 1 1 1 1 1 
1 1 -1 -1 -1 -1 -1 1 1 1 1 1 1 1 1 1 1 1 -1 1 
1 -1 -1 -1 -1 -1 1 1 1 1 1 1 1 1 -1 1 1 1 1 -1 
-1 1 -1 -1 -1 1 1 1 1 1 1 1 1 -1 1 1 1 1 -1 -1 
1 -1 1 -1 1 1 1 1 1 1 1 1 1 1 1 1 1 -1 1 1 
1 1 -1 -1 -1 1 1 1 1 1 1 1 1 -1 1 1 1 1 -1 1 
1 1 1 -1 -1 -1 1 1 1 1 1 1 1 -1 1 1 -1 1 1 1 
1 1 -1 1 1 1 -1 1 1 1 1 -1 1 1 1 1 1 1 1 1 
-1 1 1 -1 1 -1 -1 -1 -1 1 1 -1 -1 -1 -1 -1 -1 1 1 1 
1 1 1 1 1 -1 -1 -1 -1 -1 1 1 -1 -1 -1 1 1 1 1 1 
1 1 1 1 1 -1 -1 -1 -1 1 1 1 1 1 -1 -1 -1 1 -1 1 
1 1 1 1 -1 1 -1 1 1 1 1 -1 1 1 1 -1 1 1 1 1 
1 1 1 1 -1 -1 1 1 1 1 1 1 1 -1 -1 1 1 1 1 1 
1 1 1 1 1 1 1 -1 1 1 1 -1 1 -1 -1 1 1 1 1 1 
1 1 1 1 1 1 1 1 1 1 -1 -1 1 -1 -1 1 1 1 1 1 
1 1 1 1 1 1 1 1 1 1 -1 -1 -1 -1 1 1 1 1 1 1 
1 1 1 1 1 1 1 1 1 -1 1 -1 -1 -1 -1 1 1 1 1 1 
1 1 1 1 1 1 1 1 1 1 1 1 -1 -1 -1 -1 1 -1 1 1 
1 1 1 1 -1 -1 -1 1 1 1 -1 1 -1 -1 -1 1 -1 -1 -1 1 
-1 -1 1 1 1 1 1 1 1 1 -1 -1 -1 -1 -1 -1 -1 -1 -1 -1 
-1 -1 -1 -1 -1 1 1 1 1 1 -1 -1 -1 -1 -1 -1 -1 -1 -1 -1 
-1 -1 -1 -1 -1 -1 1 -1 1 1 1 -1 -1 -1 -1 -1 1 -1 -1 -1 
-1 -1 -1 -1 -1 -1 -1 -1 -1 -1 1 -1 -1 -1 -1 -1 -1 1 1 -1 
-1 -1 1 1 1 1 -1 -1 -1 1 -1 -1 -1 -1 -1 -1 -1 1 1 -1 
-1 1 1 1 1 -1 -1 -1 -1 -1 -1 -1 -1 -1 -1 -1 -1 1 1 1 
1 1 1 1 -1 1 -1 -1 -1 -1 -1 -1 -1 -1 -1 -1 -1 -1 -1 1 
1 1 1 1 1 1 1 1 -1 -1 -1 1 -1 1 1 -1 1 1 1 1 
1 1 1 1 1 1 1 -1 -1 -1 -1 1 1 1 1 -1 1 1 1 1 
1 1 1 -1 1 -1 1 1 -1 -1 -1 1 1 -1 1 1 -1 -1 -1 1 
1 1 -1 1 1 -1 1 1 1 1 -1 -1 1 1 -1 -1 1 -1 1 1 
-1 1 -1 1 -1 1 1 1 1 1 1 -1 1 -1 1 1 -1 1 1 1 
1 1 1 1 1 1 1 1 1 1 1 1 -1 1 -1 1 1 1 1 1 
1 -1 1 1 1 -1 -1 -1 -1 -1 -1 -1 -1 1 1 1 1 1 1 1 
1 1 1 1 1 -1 -1 -1 -1 -1 -1 1 -1 -1 -1 1 1 1 1 1 
1 1 1 1 -1 -1 -1 -1 -1 -1 1 1 -1 -1 -1 -1 1 1 -1 1 
1 1 -1 -1 -1 -1 -1 -1 -1 -1 -1 -1 -1 -1 -1 -1 1 1 1 1 
-1 1 1 1 -1 1 1 -1 -1 -1 1 -1 -1 -1 -1 -1 1 1 1 1 
1 -1 1 1 1 -1 -1 1 -1 -1 1 -1 1 1 -1 -1 -1 1 1 1 
1 1 1 1 1 -1 -1 -1 1 -1 -1 1 1 1 -1 -1 -1 1 -1 1 
-1 -1 1 1 1 1 1 1 1 1 1 -1 1 -1 -1 -1 -1 1 -1 1 
1 1 1 1 1 1 1 1 1 1 -1 -1 1 -1 -1 1 1 -1 -1 -1 
1 -1 1 1 -1 -1 1 1 1 -1 -1 -1 -1 -1 -1 -1 -1 -1 -1 -1 
1 -1 1 -1 -1 1 1 -1 -1 -1 -1 -1 -1 -1 -1 -1 -1 1 -1 1 
1 1 1 -1 -1 -1 1 1 -1 -1 1 1 1 1 -1 -1 1 -1 -1 -1 
-1 1 1 1 -1 1 -1 1 1 -1 1 1 1 -1 -1 -1 1 1 -1 1 
1 1 -1 1 1 -1 1 1 -1 1 -1 1 1 1 -1 1 1 1 1 -1 
1 1 1 -1 1 1 1 1 1 -1 -1 1 1 -1 -1 1 1 1 1 1 
1 1 1 1 -1 1 1 1 -1 -1 -1 1 1 1 1 -1 1 1 1 1 
1 1 1 1 1 1 1 -1 1 1 -1 -1 1 1 1 1 1 -1 1 1 
1 1 1 1 1 1 1 1 1 1 1 -1 -1 -1 -1 1 1 1 1 1 
1 1 1 1 1 1 1 1 -1 -1 -1 -1 1 1 -1 1 1 -1 1 1 
1 1 1 1 1 1 1 1 -1 -1 -1 -1 -1 1 1 -1 1 1 1 -1 
1 1 1 1 1 1 1 1 -1 1 1 -1 -1 1 1 1 1 -1 1 1 
1 1 -1 1 1 1 1 -1 1 -1 -1 -1 -1 -1 1 1 -1 1 1 1 
1 1 1 1 1 1 1 1 1 1 -1 1 1 1 -1 1 1 1 1 -1 
1 1 1 1 1 1 1 1 -1 -1 -1 -1 -1 1 1 1 1 1 1 1 
1 1 1 1 1 1 -1 1 -1 1 -1 1 1 1 1 1 1 1 -1 1 
-1 1 1 1 1 1 -1 -1 -1 -1 1 1 1 -1 1 1 1 1 1 1 
-1 1 1 1 1 1 1 1 1 1 1 1 -1 -1 -1 -1 1 1 1 -1 
1 -1 1 1 1 -1 1 1 -1 1 1 1 1 -1 -1 1 1 -1 1 1 
1 -1 1 -1 -1 -1 -1 -1 -1 1 1 -1 1 -1 -1 1 -1 -1 1 1 
1 -1 -1 -1 -1 -1 -1 -1 -1 1 -1 1 -1 -1 -1 1 1 -1 1 1 
1 1 1 -1 -1 -1 1 -1 -1 1 -1 -1 -1 -1 -1 1 -1 1 1 1 
1 1 1 1 1 1 -1 -1 -1 -1 -1 -1 -1 -1 1 -1 1 1 1 -1 
1 1 1 -1 -1 -1 -1 -1 -1 1 -1 -1 -1 -1 -1 -1 1 1 1 1 
1 -1 1 1 1 1 1 1 -1 1 1 1 -1 -1 -1 -1 -1 1 1 1 
1 1 1 1 1 -1 1 -1 1 1 1 1 1 -1 -1 -1 -1 1 1 1 
1 1 1 1 1 1 -1 1 1 1 1 1 1 1 -1 -1 -1 1 1 1 
1 1 1 1 1 1 1 1 -1 -1 1 1 1 1 1 1 1 -1 1 1 
1 -1 1 1 1 1 1 -1 -1 -1 1 1 1 1 1 1 1 1 1 1 
-1 1 1 1 1 1 -1 -1 -1 -1 1 1 1 1 1 1 1 1 1 1 
1 1 1 1 1 1 1 -1 -1 -1 1 1 -1 1 1 1 1 1 1 1 
1 1 1 1 1 -1 1 1 1 1 1 1 -1 -1 -1 -1 -1 1 1 1 
1 1 1 -1 1 1 1 -1 1 1 1 1 -1 -1 -1 -1 -1 1 1 -1 
1 1 1 1 1 1 1 -1 1 1 1 1 -1 -1 -1 1 1 1 1 1 
1 1 1 1 1 1 1 1 1 1 1 1 -1 -1 1 -1 1 1 1 1 
1 1 1 1 1 1 1 1 1 1 1 1 1 1 -1 -1 -1 1 1 1 
1 1 1 1 1 1 1 1 1 1 -1 1 -1 1 -1 -1 -1 -1 1 1 
1 -1 1 -1 1 1 1 1 1 1 1 1 1 -1 -1 -1 -1 1 1 1 
1 1 -1 1 1 1 1 1 1 1 1 -1 1 1 -1 -1 1 -1 1 1 
1 1 -1 -1 1 1 1 1 1 1 -1 1 1 1 -1 -1 1 -1 1 1 
1 1 1 -1 1 -1 1 1 1 1 -1 -1 -1 -1 -1 -1 -1 -1 1 1 
1 1 -1 1 1 -1 -1 1 1 1 -1 -1 -1 -1 -1 1 -1 1 -1 1 
-1 1 1 -1 1 -1 -1 1 1 -1 -1 -1 -1 -1 1 -1 -1 1 1 1 
1 1 1 -1 -1 1 -1 -1 -1 -1 -1 -1 -1 1 1 1 1 -1 1 -1 
1 1 1 1 -1 -1 -1 -1 -1 -1 -1 -1 -1 1 1 1 1 1 -1 1 
1 1 1 1 -1 -1 -1 -1 -1 -1 -1 -1 1 1 1 1 1 -1 -1 1 
1 1 -1 1 1 -1 -1 1 1 -1 -1 -1 -1 1 1 1 2 -1 1 -1 
1 1 1 1 1 1 1 -1 1 1 -1 -1 -1 -1 1 -1 1 1 1 1 
1 1 -1 -1 1 1 1 -1 -1 -1 -1 -1 -1 -1 -1 -1 1 1 1 1 
1 1 1 1 1 1 -1 1 -1 -1 -1 -1 -1 1 1 -1 1 1 1 1 
1 1 1 1 1 1 1 1 1 -1 -1 -1 -1 -1 1 1 1 1 1 1 
1 1 1 1 -1 -1 -1 -1 -1 -1 -1 1 1 1 1 1 1 1 1 1 
1 1 1 -1 -1 -1 -1 -1 -1 -1 1 -1 -1 1 1 1 1 1 1 1 
1 1 -1 -1 -1 -1 -1 -1 -1 -1 -1 1 1 -1 1 1 1 -1 1 1 
1 1 -1 -1 -1 -1 -1 -1 -1 -1 -1 1 1 -1 1 1 1 1 1 1 
-1 -1 1 1 -1 -1 -1 -1 -1 -1 -1 1 -1 -1 1 -1 -1 -1 1 1 
-1 1 1 -1 1 -1 -1 -1 1 -1 -1 -1 -1 -1 -1 -1 -1 1 -1 -1 
-1 -1 1 1 1 1 1 1 -1 -1 -1 -1 -1 -1 -1 1 1 -1 -1 -1 
-1 1 1 1 1 1 1 1 -1 -1 -1 -1 -1 -1 -1 1 -1 -1 -1 -1 
-1 1 1 1 1 1 1 -1 -1 -1 -1 -1 -1 -1 -1 -1 -1 -1 -1 -1 
-1 1 1 1 1 1 1 1 -1 1 -1 -1 -1 -1 -1 -1 -1 -1 -1 -1 
-1 1 1 1 1 1 1 -1 1 -1 -1 -1 -1 -1 -1 -1 -1 -1 -1 -1 
-1 1 1 1 1 1 1 1 -1 -1 -1 -1 -1 -1 -1 -1 -1 -1 -1 -1 
1 1 1 1 1 1 -1 1 -1 -1 -1 -1 -1 -1 -1 -1 -1 -1 1 -1 
1 1 1 1 1 1 -1 -1 -1 -1 -1 -1 -1 -1 -1 -1 1 1 1 -1 
1 1 1 1 1 1 1 -1 -1 -1 -1 -1 -1 1 1 1 1 1 1 1 
1 1 1 1 1 1 1 1 1 1 -1 -1 1 1 1 1 1 1 -1 1 
1 1 1 1 1 1 1 1 1 1 -1 1 1 1 1 1 1 1 1 1 
1 1 1 1 1 1 1 -1 -1 1 -1 1 1 1 1 1 -1 -1 1 1 
-1 1 -1 1 1 1 1 1 1 -1 -1 -1 -1 1 1 -1 1 1 1 -1 
-1 1 1 -1 1 -1 -1 1 -1 -1 -1 -1 1 1 -1 1 1 1 1 1 
1 -1 1 1 -1 1 -1 -1 1 -1 -1 1 1 1 1 1 -1 1 1 1 
1 1 1 1 1 1 -1 1 -1 -1 -1 -1 1 1 1 1 -1 1 1 1 
1 1 1 1 1 1 1 1 1 -1 -1 -1 1 1 -1 -1 1 1 1 1 
1 1 1 1 1 1 1 1 1 1 1 1 -1 -1 -1 -1 1 1 1 1 
1 1 1 1 1 1 -1 1 1 1 1 -1 -1 -1 -1 -1 -1 1 1 1 
1 1 1 1 1 1 -1 1 1 1 1 -1 -1 -1 -1 -1 1 -1 1 1 
-1 1 1 -1 -1 1 -1 -1 -1 1 1 1 1 -1 -1 1 -1 1 1 1 
1 -1 1 1 -1 -1 -1 -1 -1 -1 -1 1 1 -1 -1 -1 1 1 -1 1 
1 -1 -1 -1 -1 -1 -1 -1 -1 -1 -1 -1 -1 -1 -1 -1 -1 -1 1 -1 
-1 -1 -1 -1 -1 1 -1 -1 -1 -1 -1 -1 -1 -1 -1 -1 1 1 1 1 
-1 -1 -1 -1 -1 1 -1 -1 -1 -1 -1 -1 -1 1 1 -1 1 1 -1 1 
1 1 -1 1 1 -1 -1 -1 -1 -1 -1 -1 1 -1 -1 -1 -1 -1 -1 -1 
1 1 1 1 1 -1 -1 1 1 -1 -1 -1 -1 1 -1 -1 -1 -1 1 1 
1 -1 -1 1 -1 -1 -1 -1 -1 -1 -1 1 -1 -1 -1 1 -1 1 1 1 
1 -1 -1 -1 -1 -1 -1 -1 -1 -1 1 -1 1 -1 1 1 1 1 1 -1 
1 1 -1 -1 1 1 -1 -1 -1 -1 1 1 1 1 1 1 1 -1 1 1 
1 1 -1 -1 1 1 1 -1 -1 1 1 1 1 1 1 -1 1 1 1 1 
1 1 1 -1 1 1 1 1 1 -1 -1 -1 1 1 1 1 1 -1 1 -1 
1 -1 1 1 1 1 1 1 1 1 -1 -1 1 1 1 1 1 1 1 1 
1 1 1 1 1 1 1 1 1 1 -1 -1 -1 1 1 1 1 1 1 1 
1 1 1 1 -1 -1 -1 -1 -1 1 1 1 1 1 1 1 1 1 1 1 
1 -1 1 1 1 1 -1 -1 -1 1 1 1 1 1 1 1 1 1 1 1 
1 1 1 1 1 1 1 1 -1 1 -1 -1 1 1 1 1 1 1 1 1 
1 1 1 1 1 -1 1 1 1 -1 -1 1 1 1 1 -1 -1 1 1 1 
1 1 1 1 1 1 1 1 1 1 1 1 1 1 1 1 1 1 1 1 
1 1 1 1 1 1 1 1 1 1 1 1 1 1 1 1 1 1 -1 1 
1 1 1 1 1 1 1 1 1 1 1 1 1 1 -1 -1 1 -1 1 1 
1 1 1 1 1 1 1 1 1 1 -1 1 1 1 -1 1 -1 1 -1 1 
1 1 1 1 1 1 1 1 1 1 1 -1 1 1 1 -1 -1 -1 1 1 
-1 1 1 1 1 1 1 -1 1 -1 1 1 1 1 1 1 -1 -1 1 1 
1 -1 1 1 1 1 1 1 1 1 1 -1 1 1 -1 -1 -1 1 1 1 
-1 -1 -1 1 1 1 1 -1 1 1 1 1 1 1 1 -1 1 1 1 1 
1 -1 1 1 1 1 1 1 1 -1 1 1 1 -1 -1 -1 -1 -1 1 1 
-1 1 -1 1 1 1 1 1 1 1 1 -1 -1 1 1 1 -1 -1 1 1 
1 1 1 1 1 1 1 1 1 1 1 1 -1 1 1 -1 -1 1 1 -1 
1 1 1 1 1 1 1 1 1 1 1 1 -1 1 -1 -1 -1 -1 1 1 
1 1 1 1 1 1 1 1 1 1 1 1 1 -1 1 1 1 -1 -1 1 
-1 1 1 1 1 1 1 1 1 -1 -1 1 1 1 2 1 1 1 1 1 
1 1 1 1 1 1 1 1 1 1 1 1 1 1 1 2 1 1 -1 1 
1 1 1 1 1 -1 1 1 1 1 1 1 1 1 2 1 1 1 -1 1 
